<<<<<<< HEAD
Wait,DelayCount,DelayCountLastHour,AheadCount,ThoracicCount,PediatricCount,NeuroCount,AbdominalCount,VascularCount,CardiacCount,MSKCount,BeforeSlot,AfterSlot,IsLast,IsFirst,DayOfWeek,Month,DayOfYear,InProgressSize,NumCompletedToday,NumCompletedInLastW1,NumCompletedInLastW2,NumCompletedInLastW3,NumCustomersInLastW1,NumCustomersInLastW2,NumCustomersInLastW3,OutpatientWaitingCount,MalesWaitingCount,NumAddOnsToday,NumAddOnsLastW2,NumScheduledNextSlot,x_ScheduledHour,x_ScheduledMinute
0,15,2,42,4,0,0,1,1,0,1,2,13,1,0,4,7,212,1,35,3,6,10,3,8,12,7,3,4,2,0,17,45
-3,15,3,38,4,0,0,1,1,0,1,8,7,0,0,4,7,212,2,34,3,5,11,3,7,11,6,2,4,1,2,17,15
-25,15,4,40,3,0,0,2,1,0,1,14,1,0,0,4,7,212,3,33,3,6,11,3,6,11,5,1,4,1,1,17,30
36,14,3,35,4,0,0,1,1,0,1,1,14,0,0,4,7,212,2,32,3,5,11,5,6,12,6,3,3,1,2,16,45
-21,14,3,38,4,0,1,1,0,0,1,4,11,0,0,4,7,212,1,31,3,5,10,4,7,13,7,4,3,0,2,17,15
63,14,3,33,4,0,1,2,0,0,0,12,3,0,0,4,7,212,2,30,3,4,9,3,7,12,6,4,3,0,1,16,30
4,13,2,31,3,0,1,2,0,0,0,8,7,0,0,4,7,212,1,30,3,4,9,2,6,13,6,4,3,0,2,16,15
-4,13,2,31,2,0,1,2,0,0,1,3,12,0,0,4,7,212,2,29,2,4,8,2,5,12,5,3,3,0,2,16,15
-41,11,1,36,4,0,1,1,0,0,1,3,12,0,0,4,7,212,2,27,2,6,7,4,6,12,6,3,3,0,2,17,0
4,11,2,40,4,0,1,1,0,0,1,9,6,0,0,4,7,212,1,26,3,5,8,3,7,12,7,2,3,0,1,17,30
-56,11,2,36,3,0,1,1,0,0,1,7,8,0,0,4,7,212,1,26,3,5,8,2,7,11,6,2,3,0,2,17,0
12,11,2,29,3,0,0,1,0,0,1,14,1,0,0,4,7,212,1,26,4,5,8,2,6,10,5,2,3,0,1,15,45
1,11,2,28,4,0,0,2,0,0,1,6,9,0,0,4,7,212,4,23,2,2,6,5,8,10,4,1,3,1,1,15,30
-81,10,1,33,4,0,0,2,0,0,1,7,8,0,0,4,7,212,2,22,1,2,7,6,7,10,6,1,3,1,1,16,30
-84,10,1,30,3,0,0,3,0,0,1,3,12,0,0,4,7,212,3,21,0,1,6,5,6,9,5,1,3,1,2,16,0
25,9,1,26,3,0,0,3,0,0,0,58,2,0,0,4,7,212,2,21,0,2,8,5,5,9,5,1,3,1,1,15,15
-2,9,1,26,2,0,0,3,0,0,0,52,8,0,0,4,7,212,2,21,0,3,8,4,5,10,4,1,3,1,1,15,15
2,9,2,21,1,0,0,3,0,0,0,42,18,0,0,4,7,212,1,21,1,3,9,3,4,11,4,1,3,1,3,14,30
2,9,2,20,0,0,0,3,0,0,0,40,20,0,0,4,7,212,1,21,1,3,9,2,3,10,3,0,3,1,1,14,15
-21,9,2,22,0,0,0,2,0,0,0,29,31,0,0,4,7,212,1,21,2,4,9,1,3,10,2,0,2,1,1,14,45
-39,8,2,22,1,0,0,1,0,0,1,12,3,0,0,4,7,212,2,19,2,6,11,2,4,10,2,0,2,1,1,14,45
-115,7,1,25,1,0,0,1,0,0,1,23,7,0,0,4,7,212,1,18,3,6,10,2,7,11,3,1,2,2,2,15,0
2,7,1,18,2,0,0,1,0,0,0,1,29,0,0,4,7,212,0,17,5,6,11,4,8,13,4,0,1,2,1,13,15
-27,6,0,16,3,0,0,2,0,0,1,0,15,0,0,4,7,212,3,13,1,4,9,6,7,12,4,1,1,1,2,13,0
-15,6,0,14,3,0,0,2,0,0,0,8,7,0,0,4,7,212,2,13,1,5,9,6,6,11,4,1,1,1,2,12,30
-113,6,0,22,3,0,0,1,0,0,0,7,8,0,0,4,7,212,2,13,1,5,9,5,5,10,3,1,1,1,1,14,45
6,6,2,16,3,0,0,1,0,0,0,0,15,0,0,4,7,212,3,12,1,4,9,4,5,9,2,1,1,1,2,13,0
3,6,2,11,3,0,0,0,0,0,0,13,2,0,0,4,7,212,3,12,1,4,9,3,5,8,1,1,0,1,2,12,15
-34,6,2,14,2,0,0,0,0,0,0,2,13,0,0,4,7,212,0,12,3,5,10,2,5,7,3,1,0,0,2,12,30
-10,6,2,10,1,0,0,0,0,0,0,10,5,0,0,4,7,212,0,12,4,5,11,1,5,6,2,1,0,0,3,12,0
-120,4,3,18,3,0,0,0,0,0,1,0,30,0,0,4,7,212,0,8,2,5,7,5,5,6,5,2,0,0,1,13,15
-18,4,3,11,2,0,0,0,0,0,1,0,30,0,0,4,7,212,0,8,2,5,7,4,4,5,4,2,0,0,2,12,15
-14,4,4,8,2,0,0,0,0,0,1,19,11,0,0,4,7,212,1,7,2,5,7,3,3,6,3,2,0,0,1,11,30
35,4,4,6,2,0,0,0,0,0,0,16,14,0,0,4,7,212,1,7,2,5,7,2,2,5,2,2,0,0,1,10,30
5,4,4,7,1,0,0,0,0,0,0,5,25,0,0,4,7,212,0,7,3,6,7,1,2,5,2,1,0,0,1,11,0
4,0,0,5,5,0,0,1,0,0,0,8,7,0,0,4,7,212,1,1,0,1,1,1,4,8,6,3,0,0,1,10,15
25,0,0,4,5,0,0,1,0,0,0,0,4,0,0,4,7,212,1,0,0,0,0,5,5,7,6,3,0,0,1,10,0
-99,0,0,11,4,0,0,1,0,0,0,0,6,0,0,4,7,212,1,0,0,0,0,4,4,6,5,2,0,0,2,12,15
-8,0,0,0,3,0,0,1,0,0,0,0,21,0,1,4,7,212,0,0,0,0,0,3,5,5,5,3,0,0,1,9,0
33,0,0,2,2,0,0,1,0,0,0,0,28,0,0,4,7,212,0,0,0,0,0,2,4,4,4,2,0,0,1,9,30
35,0,0,1,1,0,0,1,0,0,0,0,33,0,0,4,7,212,0,0,0,0,0,1,3,3,3,1,0,0,1,9,15
-121,0,0,9,0,0,0,1,0,0,0,0,70,0,0,4,7,212,0,0,0,0,0,2,2,2,2,1,0,0,1,11,45
-15,0,0,3,0,0,0,0,0,0,0,0,72,0,0,4,7,212,0,0,0,0,0,1,1,1,1,1,0,0,1,9,45
-25,19,0,55,0,0,0,0,0,0,1,0,15,1,0,3,7,211,1,54,4,7,14,2,3,10,1,1,3,2,1,18,0
-11,19,0,52,2,0,0,0,0,0,0,13,2,0,0,3,7,211,2,52,3,6,15,2,5,11,1,0,3,1,1,17,30
-27,19,0,49,3,0,0,1,0,0,0,3,12,0,0,3,7,211,3,49,3,7,15,4,6,12,2,2,2,1,2,17,15
-23,19,0,52,4,0,0,1,0,0,0,13,2,0,0,3,7,211,2,47,3,8,15,3,8,13,4,2,2,0,1,17,30
-31,19,1,47,3,0,0,1,0,0,0,8,7,0,0,3,7,211,1,47,3,8,15,3,8,12,4,2,2,0,3,17,0
-76,19,1,54,2,0,0,1,0,0,0,6,9,0,0,3,7,211,1,47,4,8,15,3,7,12,3,2,2,0,1,17,45
-17,19,4,44,3,0,1,1,0,0,0,12,3,0,0,3,7,211,2,44,5,9,17,5,7,15,4,2,2,0,1,16,30
-20,19,4,47,3,0,1,1,0,0,0,6,9,0,0,3,7,211,2,43,4,9,17,5,7,14,4,2,2,0,3,17,0
-77,19,4,49,3,0,1,1,0,0,0,8,7,0,0,3,7,211,2,42,6,10,16,4,8,14,4,2,2,0,2,17,15
-19,19,5,46,3,0,2,1,0,0,0,4,11,0,0,3,7,211,3,40,5,8,15,3,7,14,4,2,2,0,2,16,45
-16,19,5,41,3,0,1,1,0,0,0,0,15,0,0,3,7,211,3,40,5,8,15,2,6,13,3,1,2,0,1,16,0
-46,18,4,43,3,0,0,2,0,0,0,9,6,0,0,3,7,211,2,39,5,7,14,3,5,12,4,2,2,0,2,16,15
-37,15,1,44,5,0,1,2,0,0,0,13,2,0,0,3,7,211,1,35,3,8,14,4,8,12,8,3,2,0,1,16,30
-38,15,1,41,6,0,1,1,0,0,0,9,6,0,0,3,7,211,1,34,2,7,13,3,8,11,8,2,2,0,1,16,0
-140,15,2,49,6,0,0,2,0,0,0,14,1,0,0,3,7,211,2,33,6,7,12,4,8,10,7,1,2,0,2,17,15
-8,15,2,40,7,0,0,1,0,0,0,8,7,0,0,3,7,211,3,32,5,6,11,4,7,9,6,1,2,0,2,15,45
14,14,3,34,6,0,0,1,0,0,0,8,7,0,0,3,7,211,1,32,6,8,13,5,7,10,7,1,2,0,1,14,45
12,14,3,37,5,0,0,1,0,0,0,3,12,0,0,3,7,211,1,31,6,8,13,5,7,11,6,1,2,0,1,15,15
11,14,4,36,7,0,0,1,0,0,2,43,2,0,0,3,7,211,6,27,1,5,8,4,6,10,5,1,2,0,2,15,0
63,14,4,32,6,0,0,1,0,0,2,32,13,0,0,3,7,211,6,27,2,5,9,4,5,11,4,1,2,0,1,14,15
-45,14,4,37,5,0,0,1,0,0,2,28,17,0,0,3,7,211,5,27,2,6,9,3,4,10,4,1,2,0,1,15,15
-31,13,4,39,4,0,0,2,0,0,2,19,26,0,0,3,7,211,5,26,2,5,8,3,3,12,4,1,2,0,1,15,30
-45,13,4,34,5,0,0,1,0,0,2,4,41,0,0,3,7,211,6,25,3,5,8,2,3,13,3,0,2,0,1,14,45
6,11,4,33,5,0,0,1,0,0,2,4,11,0,0,3,7,211,5,24,3,5,9,1,4,13,4,2,2,1,2,14,30
25,9,3,28,6,0,1,2,0,0,1,6,9,0,0,3,7,211,4,21,2,4,10,6,10,17,7,5,2,1,1,13,0
67,9,3,26,6,0,2,2,0,0,0,1,14,0,0,3,7,211,4,20,2,3,9,5,10,16,7,4,1,2,2,12,45
-7,8,2,26,6,0,1,2,0,0,1,7,8,0,0,3,7,211,4,19,1,3,10,6,10,15,7,4,1,1,2,12,45
60,7,1,24,6,0,1,1,0,0,1,4,11,0,0,3,7,211,3,19,1,4,10,6,9,14,7,3,1,1,2,12,30
52,7,3,18,5,0,1,1,0,0,1,10,5,0,0,3,7,211,3,19,2,5,11,6,8,13,6,2,1,1,2,11,30
22,7,3,21,5,0,0,1,0,0,1,7,8,0,0,3,7,211,3,19,2,7,12,5,7,13,5,2,1,1,2,12,0
18,6,3,28,5,0,0,1,0,0,1,12,3,0,0,3,7,211,3,18,2,6,11,5,8,12,5,3,1,1,1,13,0
-57,6,3,31,4,0,0,1,0,0,1,11,4,0,0,3,7,211,3,18,2,6,11,4,7,11,4,2,1,1,1,13,30
23,6,3,24,4,0,0,0,0,0,1,4,11,0,0,3,7,211,2,18,3,6,11,4,7,10,4,2,1,1,2,12,30
-10,6,3,30,4,0,0,0,0,0,1,11,4,0,0,3,7,211,2,17,3,6,10,3,8,10,4,2,1,1,1,13,15
18,6,3,19,4,0,0,0,0,0,0,4,11,0,0,3,7,211,2,17,5,6,12,3,7,9,3,2,0,1,1,11,45
-20,6,3,22,4,0,0,0,0,0,0,11,4,0,0,3,7,211,2,16,4,7,12,3,6,10,3,2,0,0,2,12,15
-18,4,3,19,5,0,1,1,0,0,0,6,9,0,0,3,7,211,3,12,1,5,11,5,6,9,5,3,0,0,1,11,45
-28,3,2,22,4,0,1,1,0,0,0,13,2,0,0,3,7,211,2,12,3,5,11,4,5,9,5,2,0,0,2,12,15
0,3,2,16,3,0,1,1,0,0,0,8,7,0,0,3,7,211,2,12,3,5,12,3,4,9,4,1,0,0,1,11,15
-9,3,2,14,3,0,0,1,1,0,0,13,2,0,0,3,7,211,1,11,3,4,11,2,4,8,5,2,0,0,2,11,0
-9,3,2,16,2,0,0,1,1,0,0,12,3,0,0,3,7,211,1,11,3,4,11,1,3,7,4,2,0,0,1,11,15
18,1,0,13,5,0,0,0,1,0,0,9,6,0,0,3,7,211,1,8,2,6,8,2,4,13,6,3,0,0,2,10,45
-15,1,1,14,4,0,0,1,1,0,0,2,13,0,0,3,7,211,1,7,3,7,7,3,5,14,6,3,0,0,2,11,0
44,1,1,11,5,0,0,1,1,0,0,3,12,0,0,3,7,211,2,5,4,5,5,2,7,13,6,3,0,0,1,10,30
-5,1,1,11,6,0,0,1,0,0,0,13,2,0,0,3,7,211,3,4,3,4,4,2,7,12,5,3,0,0,1,10,30
28,1,1,6,8,0,0,1,0,0,0,2,13,0,0,3,7,211,3,1,1,1,1,5,10,11,7,4,0,0,1,9,45
0,0,0,9,8,0,0,1,0,0,0,0,4,0,0,3,7,211,2,0,0,0,0,6,10,10,8,5,0,0,2,10,15
-20,0,0,8,8,0,0,0,0,0,0,0,22,0,0,3,7,211,0,0,0,0,0,7,9,9,9,4,0,0,2,10,0
-16,0,0,4,7,0,0,0,0,0,0,0,23,0,0,3,7,211,0,0,0,0,0,6,8,8,8,3,0,0,2,9,30
-13,0,0,9,6,0,0,0,0,0,0,0,24,0,0,3,7,211,0,0,0,0,0,5,7,7,7,3,0,0,2,10,15
-20,0,0,2,5,0,0,0,0,0,0,0,29,0,0,3,7,211,0,0,0,0,0,5,6,6,6,3,0,0,2,9,15
-16,0,0,2,4,0,0,0,0,0,0,0,34,0,0,3,7,211,0,0,0,0,0,5,5,5,5,3,0,0,2,9,15
1,0,0,0,3,0,0,0,0,0,0,0,39,0,1,3,7,211,0,0,0,0,0,4,4,4,4,3,0,0,2,9,0
-16,0,0,0,2,0,0,0,0,0,0,0,44,0,1,3,7,211,0,0,0,0,0,3,3,3,3,2,0,0,2,9,0
-23,0,0,6,1,0,0,0,0,0,0,0,57,0,0,3,7,211,0,0,0,0,0,2,2,2,2,2,0,0,1,9,45
-17,0,0,4,0,0,0,0,0,0,0,0,61,0,0,3,7,211,0,0,0,0,0,1,1,1,1,1,0,0,2,9,30
-1,23,0,53,2,0,0,0,0,0,0,6,39,0,0,2,7,210,0,54,0,3,10,2,3,7,3,1,9,0,1,17,15
9,23,0,53,1,0,0,0,0,0,0,1,44,0,0,2,7,210,0,54,0,4,12,1,2,6,2,1,9,0,1,17,15
42,23,2,50,0,0,0,0,0,0,0,9,6,0,0,2,7,210,0,54,5,8,14,2,4,7,1,0,9,0,1,16,15
-12,23,2,48,1,0,2,0,0,0,0,0,15,0,0,2,7,210,1,50,4,8,15,3,4,12,3,2,9,1,2,16,0
-14,22,1,47,3,0,2,0,0,0,0,2,13,0,0,2,7,210,2,47,2,6,12,2,4,12,4,1,9,1,2,15,45
-70,22,2,52,3,0,1,0,1,0,0,9,6,0,0,2,7,210,3,46,2,5,12,2,3,11,3,1,9,1,2,16,30
38,21,1,41,4,0,0,0,1,0,0,10,5,0,0,2,7,210,1,45,4,7,17,2,7,12,5,2,8,3,1,14,30
-26,21,2,48,4,0,0,1,2,0,0,8,7,0,0,2,7,210,3,42,3,7,15,2,8,14,5,3,8,3,2,16,0
-183,20,4,55,4,0,1,1,2,0,0,25,20,0,0,2,7,210,2,40,5,9,16,7,9,19,7,5,7,3,1,17,45
-11,20,4,39,5,0,0,1,2,0,0,22,23,0,0,2,7,210,3,39,4,9,15,7,8,18,6,4,6,2,2,14,15
-36,20,4,46,4,0,0,1,2,0,0,20,25,0,0,2,7,210,3,39,4,9,16,6,7,17,5,3,6,1,1,15,30
-40,20,5,44,3,0,0,1,2,0,0,19,26,0,0,2,7,210,3,39,4,9,16,5,6,16,4,3,6,1,1,15,0
-102,20,5,50,3,0,0,1,2,0,0,13,32,0,0,2,7,210,3,38,4,8,16,4,6,15,4,3,6,1,1,16,15
76,20,6,33,3,0,0,0,2,0,0,5,40,0,0,2,7,210,2,38,6,10,17,3,7,14,4,3,5,2,1,13,0
36,20,6,43,2,0,0,0,2,0,0,4,41,0,0,2,7,210,2,38,6,10,17,2,6,13,3,2,5,1,1,14,45
-43,19,5,41,1,0,2,0,3,0,0,8,7,0,0,2,7,210,4,35,5,8,17,2,6,14,3,3,5,1,1,14,30
-37,17,4,39,4,0,2,0,2,0,1,1,14,0,0,2,7,210,4,31,3,6,16,4,9,17,6,5,5,2,2,14,15
11,15,2,33,4,0,2,0,2,0,1,1,14,0,0,2,7,210,3,30,4,7,19,4,10,18,7,5,5,2,1,13,0
-280,14,2,56,4,0,1,1,3,0,1,8,7,1,0,2,7,210,3,28,3,7,18,5,9,17,8,6,4,2,2,18,0
2,14,2,37,4,0,1,1,2,0,1,5,10,0,0,2,7,210,3,28,3,7,18,5,8,16,7,5,4,1,1,13,15
59,14,2,28,3,0,1,1,2,0,1,14,1,0,0,2,7,210,3,28,3,8,18,6,9,16,6,5,4,1,2,12,30
20,13,3,28,6,0,1,1,2,0,0,10,5,0,0,2,7,210,3,25,3,10,19,6,10,16,8,4,4,2,2,12,30
-28,13,3,38,6,0,0,1,2,0,0,9,6,0,0,2,7,210,3,25,3,10,19,5,9,15,7,3,4,2,2,13,30
38,13,3,24,5,0,0,1,2,0,0,6,9,0,0,2,7,210,2,25,4,10,19,4,9,14,7,3,4,3,1,12,0
-16,13,4,33,4,0,0,1,2,0,0,1,14,0,0,2,7,210,2,25,4,10,19,4,9,13,6,2,3,3,1,13,0
25,13,4,28,3,0,0,1,2,0,0,14,1,0,0,2,7,210,2,25,5,12,19,4,8,12,5,1,3,2,2,12,30
-33,13,4,31,3,0,0,1,2,0,0,13,2,0,0,2,7,210,3,24,5,11,18,3,7,12,4,1,3,2,4,12,45
68,12,5,18,4,0,0,3,1,0,0,3,12,0,0,2,7,210,3,21,6,11,17,6,8,18,6,2,3,2,2,11,15
-6,12,6,27,3,0,0,3,1,0,0,1,14,0,0,2,7,210,3,21,8,11,18,5,8,17,5,2,3,2,3,12,15
-23,12,7,31,6,0,0,2,1,0,0,4,11,0,0,2,7,210,4,18,7,9,16,5,7,18,6,2,3,2,4,12,45
-21,12,7,22,7,0,0,1,1,0,0,0,15,0,0,2,7,210,5,17,6,10,15,5,6,17,5,2,2,2,3,11,45
28,10,5,13,8,0,0,1,1,0,0,8,7,0,0,2,7,210,4,15,5,9,14,4,6,16,7,4,1,1,2,10,45
-9,9,4,24,7,0,0,1,1,0,0,4,11,0,0,2,7,210,3,15,5,9,15,3,5,15,7,3,1,0,1,12,0
30,8,5,18,9,0,0,1,1,0,0,9,6,0,0,2,7,210,4,12,3,7,12,3,5,15,8,4,1,0,2,11,15
-7,8,5,24,10,0,0,1,0,0,0,1,14,0,0,2,7,210,4,11,2,7,11,2,6,14,8,3,1,1,1,12,0
-94,6,3,33,10,0,0,1,0,0,0,1,14,0,0,2,7,210,2,10,4,7,10,2,10,17,10,4,1,1,1,13,0
31,5,3,9,12,0,0,1,0,0,0,11,4,0,0,2,7,210,3,7,3,6,7,5,11,18,11,5,1,1,2,10,15
15,4,4,16,12,0,0,1,0,0,0,14,1,0,0,2,7,210,1,6,4,6,6,8,11,17,13,5,1,1,2,11,0
-19,3,3,20,13,0,0,1,0,0,0,5,10,0,0,2,7,210,2,4,2,4,4,9,10,17,13,5,0,1,2,11,30
27,3,3,11,12,0,0,1,0,0,0,3,12,0,0,2,7,210,2,4,2,4,4,8,9,17,12,5,0,0,3,10,30
-35,3,3,13,11,0,0,1,0,0,0,13,2,0,0,2,7,210,2,4,2,4,4,7,8,17,11,5,0,0,2,10,45
-20,3,3,11,10,0,0,1,0,0,0,9,6,0,0,2,7,210,1,4,3,4,4,6,7,16,11,5,0,0,3,10,30
3,3,3,8,9,0,0,1,0,0,0,6,9,0,0,2,7,210,1,4,4,4,4,5,6,15,10,5,0,0,2,10,0
52,3,3,4,9,0,0,0,0,0,0,5,10,0,0,2,7,210,1,4,4,4,4,4,6,14,9,4,0,0,2,9,30
19,3,3,13,8,0,0,0,0,0,0,4,11,0,0,2,7,210,1,4,4,4,4,3,6,13,8,3,0,0,2,10,45
-57,3,3,22,8,0,0,0,1,0,0,13,2,0,0,2,7,210,3,2,2,2,2,3,7,12,7,3,0,0,3,11,45
17,3,3,9,7,0,0,0,1,0,0,11,4,0,0,2,7,210,3,2,2,2,2,2,6,11,6,3,0,0,2,10,15
-27,0,0,16,8,0,0,0,1,0,0,1,14,0,0,2,7,210,0,0,0,0,0,5,7,10,10,4,0,0,2,11,0
25,0,0,4,7,0,0,0,1,0,0,0,24,0,0,2,7,210,0,0,0,0,0,6,9,9,9,4,0,0,2,9,30
7,0,0,2,6,0,0,0,1,0,0,0,25,0,0,2,7,210,0,0,0,0,0,5,8,8,8,3,0,0,2,9,15
-74,0,0,20,5,0,0,0,1,0,0,0,27,0,0,2,7,210,0,0,0,0,0,4,7,7,7,3,0,0,2,11,30
2,0,0,0,4,0,0,0,1,0,0,0,28,0,1,2,7,210,0,0,0,0,0,3,6,6,6,2,0,0,2,9,0
-9,0,0,2,3,0,0,0,1,0,0,0,34,0,0,2,7,210,0,0,0,0,0,2,5,5,5,2,0,0,2,9,15
8,0,0,0,3,0,0,0,0,0,0,0,36,0,1,2,7,210,0,0,0,0,0,1,4,4,4,1,0,0,2,9,0
-22,0,0,6,2,0,0,0,0,0,0,0,69,0,0,2,7,210,0,0,0,0,0,3,3,3,3,1,0,0,1,9,45
-258,0,0,45,1,0,0,0,0,0,0,0,70,0,0,2,7,210,0,0,0,0,0,2,2,2,2,1,0,0,1,15,15
-5,0,0,6,0,0,0,0,0,0,0,0,73,0,0,2,7,210,0,0,0,0,0,1,1,1,1,0,0,0,1,9,45
-30,40,5,57,3,0,2,1,0,0,0,9,6,1,0,6,7,207,2,51,4,8,16,3,6,12,5,3,6,2,2,17,45
10,40,5,54,4,0,1,1,0,0,0,6,9,0,0,6,7,207,3,50,3,8,15,2,5,11,4,3,6,1,2,17,15
-40,40,7,55,4,0,2,1,0,0,0,10,5,0,0,6,7,207,3,48,4,7,14,4,5,10,5,4,6,1,1,17,30
-5,38,8,51,5,0,1,2,0,0,0,1,14,0,0,6,7,207,2,46,5,8,15,4,7,12,7,5,5,1,1,16,45
9,38,8,55,4,0,1,2,0,0,0,0,15,0,0,6,7,207,2,46,5,8,15,3,6,11,6,4,5,0,1,17,30
21,38,8,53,4,0,2,1,0,0,0,13,2,0,0,6,7,207,3,45,4,7,14,2,5,10,5,4,5,0,1,17,0
33,35,6,49,4,0,2,1,1,0,1,5,10,0,0,6,7,207,3,42,4,7,12,4,6,13,7,3,5,0,2,16,30
7,33,4,48,3,0,3,1,1,0,1,10,5,0,0,6,7,207,2,41,4,7,11,3,5,13,8,3,5,0,2,16,15
8,32,4,46,2,0,3,2,1,0,1,5,10,0,0,6,7,207,2,40,4,7,10,2,6,13,8,4,5,1,1,16,0
37,31,3,46,1,0,3,2,1,0,1,4,11,0,0,6,7,207,1,40,4,7,10,1,6,12,8,4,5,1,1,16,0
10,30,5,44,2,0,2,5,1,0,1,2,13,0,0,6,7,207,2,36,3,5,11,5,7,13,10,4,5,2,2,15,45
18,29,4,42,2,0,2,6,1,0,0,12,3,0,0,6,7,207,2,35,2,4,10,4,6,12,10,4,5,2,2,15,30
36,28,4,38,3,0,2,7,0,0,0,6,9,0,0,6,7,207,2,33,2,3,10,5,9,12,11,4,5,2,2,15,0
34,28,4,38,3,0,1,7,0,0,0,6,9,0,0,6,7,207,2,33,2,3,10,4,8,11,10,3,4,2,2,15,0
34,28,4,40,3,0,0,7,0,0,0,5,10,0,0,6,7,207,2,33,2,3,10,3,7,10,9,3,4,1,2,15,15
-10,26,4,51,3,0,0,8,0,0,0,39,6,0,0,6,7,207,2,31,1,4,11,5,7,10,10,5,3,2,1,16,45
22,26,5,44,3,0,0,7,0,0,0,38,7,0,0,6,7,207,2,31,1,4,11,5,7,9,9,4,3,1,2,15,45
15,25,5,36,2,0,0,7,0,0,0,26,19,0,0,6,7,207,1,31,2,6,11,5,6,9,9,4,3,1,2,14,45
7,25,5,35,1,0,0,7,0,0,0,26,19,0,0,6,7,207,1,31,2,6,11,4,5,8,8,4,3,1,2,14,30
37,24,5,36,1,0,0,7,0,0,0,16,29,0,0,6,7,207,1,30,3,6,11,3,4,11,8,5,3,1,2,14,45
-9,24,6,40,1,0,0,6,0,0,0,8,37,0,0,6,7,207,1,30,3,7,12,2,4,10,7,5,3,1,2,15,15
-98,23,5,49,1,0,0,5,0,0,0,2,43,0,0,6,7,207,0,30,5,8,12,2,3,10,7,4,2,1,2,16,30
12,22,7,34,2,0,0,6,0,0,0,8,22,0,0,6,7,207,2,27,4,7,13,2,3,11,7,4,2,1,1,14,15
36,19,4,33,3,0,0,6,1,0,0,1,14,0,0,6,7,207,2,24,3,5,13,2,7,14,9,3,2,1,1,13,30
87,17,3,30,4,0,0,7,1,0,0,5,10,0,0,6,7,207,2,21,2,5,14,3,9,16,11,5,1,1,1,13,0
36,15,2,23,4,0,0,7,1,0,0,5,10,0,0,6,7,207,1,20,2,6,15,5,9,17,12,4,1,0,2,12,15
-21,15,4,42,5,0,0,6,1,0,0,5,10,0,0,6,7,207,1,19,3,8,16,7,11,19,12,5,1,1,2,15,30
50,15,4,30,5,0,0,5,1,0,0,4,11,0,0,6,7,207,1,19,3,8,16,6,10,18,11,5,1,1,1,13,0
-57,15,4,30,4,0,0,5,1,0,0,4,11,0,0,6,7,207,1,19,4,8,16,5,9,17,10,4,1,1,1,13,0
38,15,4,25,3,0,0,5,1,0,0,3,12,0,0,6,7,207,1,19,4,8,17,4,8,16,9,3,1,1,3,12,30
46,15,6,21,4,0,0,5,0,0,0,3,12,0,0,6,7,207,1,18,4,9,17,4,7,15,9,3,1,1,2,12,0
30,14,5,27,5,0,0,4,0,0,0,0,15,0,0,6,7,207,1,17,4,8,16,4,7,14,9,2,1,1,3,12,45
63,14,5,25,5,0,0,3,0,0,0,12,3,0,0,6,7,207,1,17,4,8,17,4,6,13,8,1,1,1,3,12,30
69,13,6,15,7,0,0,3,0,0,0,6,9,0,0,6,7,207,2,14,5,9,14,4,9,18,9,2,1,1,2,11,0
15,12,6,23,6,0,1,3,0,0,0,1,14,0,0,6,7,207,2,13,4,9,13,4,9,18,9,2,1,1,2,12,15
17,12,6,27,6,0,1,2,0,0,0,14,1,0,0,6,7,207,2,13,4,9,13,3,8,17,8,2,0,1,3,12,45
18,11,6,21,7,0,1,1,0,0,0,6,9,0,0,6,7,207,1,12,4,8,12,3,9,17,9,4,0,0,2,12,0
2,9,6,15,8,0,1,2,0,0,0,3,12,0,0,6,7,207,2,9,5,8,9,6,8,17,10,5,0,0,2,11,0
-17,8,6,27,8,0,1,2,0,0,0,9,6,0,0,6,7,207,2,8,4,8,8,7,7,18,10,5,0,0,3,12,45
-7,8,6,20,7,0,1,2,0,0,0,5,10,0,0,6,7,207,1,8,5,8,8,6,7,17,10,4,0,0,2,11,45
-6,7,7,17,8,0,1,2,0,0,0,11,4,0,0,6,7,207,2,6,4,6,6,5,8,18,10,4,0,0,1,11,15
2,7,7,19,7,0,1,3,0,0,0,8,7,0,0,6,7,207,2,5,3,5,5,4,9,17,10,3,0,0,1,11,30
26,7,7,13,6,0,2,3,0,0,0,4,11,0,0,6,7,207,3,4,2,4,4,3,9,16,9,3,0,0,2,10,45
21,6,6,12,6,0,1,3,0,0,0,13,2,0,0,6,7,207,2,4,4,4,4,2,9,15,9,3,0,0,2,10,30
23,6,6,10,5,0,1,3,0,0,0,12,3,0,0,6,7,207,2,4,4,4,4,1,8,14,8,2,0,0,1,10,15
-7,2,2,10,7,0,1,3,1,0,0,6,9,0,0,6,7,207,2,0,0,0,0,8,11,13,11,3,0,0,1,10,15
-25,2,2,13,7,0,1,2,1,0,0,4,11,0,0,6,7,207,2,0,0,0,0,7,10,12,10,3,0,0,2,10,45
-19,2,2,17,6,0,1,2,1,0,0,1,14,0,0,6,7,207,2,0,0,0,0,6,9,11,9,3,0,0,1,11,15
60,0,0,6,5,0,1,2,1,0,0,11,4,0,0,6,7,207,0,0,0,0,0,6,10,10,10,2,0,0,2,9,45
17,0,0,4,5,0,0,2,1,0,0,9,6,0,0,6,7,207,0,0,0,0,0,5,9,9,9,2,0,0,2,9,30
20,0,0,2,4,0,0,2,1,0,0,7,8,0,0,6,7,207,0,0,0,0,0,4,8,8,8,1,0,0,2,9,15
16,0,0,6,3,0,0,2,1,0,0,3,12,0,0,6,7,207,0,0,0,0,0,3,7,7,7,1,0,0,2,9,45
13,0,0,0,2,0,0,2,1,0,0,0,3,0,1,6,7,207,0,0,0,0,0,4,6,6,6,1,0,0,2,9,0
26,0,0,8,1,0,0,2,1,0,0,0,18,0,0,6,7,207,0,0,0,0,0,5,5,5,5,1,0,0,2,10,0
15,0,0,0,0,0,0,2,1,0,0,0,28,0,1,6,7,207,0,0,0,0,0,4,4,4,4,1,0,0,2,9,0
15,0,0,8,0,0,0,1,1,0,0,0,30,0,0,6,7,207,0,0,0,0,0,3,3,3,3,1,0,0,2,10,0
17,0,0,2,0,0,0,1,0,0,0,0,45,0,0,6,7,207,0,0,0,0,0,2,2,2,2,1,0,0,2,9,15
21,0,0,4,0,0,0,0,0,0,0,0,45,0,0,6,7,207,0,0,0,0,0,1,1,1,1,1,0,0,2,9,30
30,38,6,53,3,0,1,3,0,0,0,5,10,1,0,5,7,206,3,47,2,6,11,2,3,11,5,3,5,0,2,17,30
12,38,7,53,2,0,1,3,0,0,0,4,11,1,0,5,7,206,3,47,2,6,11,1,2,10,4,2,5,0,2,17,30
31,34,7,51,1,0,1,5,1,0,0,13,2,0,0,5,7,206,2,44,3,7,11,2,5,14,7,3,5,1,2,17,15
37,31,6,50,1,0,1,6,2,0,0,3,12,0,0,5,7,206,2,41,3,5,10,4,8,15,9,3,5,2,2,17,0
22,29,5,43,2,0,1,7,1,0,0,12,3,0,0,5,7,206,2,39,2,5,10,7,8,16,10,4,5,2,2,16,0
32,29,5,48,2,0,1,6,1,0,0,10,5,0,0,5,7,206,2,39,3,5,10,6,7,15,9,3,4,2,1,16,45
35,29,5,46,2,0,0,6,1,0,0,9,6,0,0,5,7,206,2,39,3,5,10,5,6,14,8,3,4,1,2,16,30
33,27,4,44,3,0,0,6,1,0,0,12,3,0,0,5,7,206,2,37,1,4,8,4,9,13,9,4,4,2,2,16,15
15,27,4,48,3,0,0,5,1,0,0,8,7,0,0,5,7,206,2,37,3,4,9,4,8,12,8,3,3,2,1,16,45
9,26,4,51,3,0,0,4,1,0,0,1,14,0,0,5,7,206,1,37,3,5,9,3,7,11,8,2,3,1,2,17,15
5,26,5,44,3,0,0,3,1,0,0,13,2,0,0,5,7,206,1,37,3,5,9,2,8,10,7,2,3,1,2,16,15
22,25,4,41,3,0,0,3,1,0,0,12,3,0,0,5,7,206,1,36,3,5,9,5,8,9,7,3,3,2,1,15,45
20,24,4,36,4,0,0,2,2,0,0,7,8,0,0,5,7,206,2,34,2,5,10,6,8,11,7,4,2,2,2,15,0
9,24,4,46,4,0,0,1,2,0,0,2,13,0,0,5,7,206,2,34,3,5,10,5,7,10,6,3,2,1,2,16,30
30,23,4,39,5,0,0,1,1,0,0,0,15,0,0,5,7,206,2,33,2,4,9,4,6,9,6,3,2,1,2,15,30
31,23,4,37,4,0,0,1,1,0,0,14,1,0,0,5,7,206,2,33,2,4,9,4,5,8,5,2,2,1,2,15,15
4,22,4,41,4,0,1,0,1,0,0,14,1,0,0,5,7,206,2,32,3,4,10,4,4,9,5,3,2,1,1,15,45
148,21,3,23,3,0,1,0,1,0,0,13,2,0,0,5,7,206,1,32,3,4,10,3,3,8,5,2,2,1,2,12,0
-51,21,3,37,3,0,0,1,1,0,0,0,15,0,0,5,7,206,1,31,2,4,10,2,2,8,5,3,1,1,2,15,15
33,21,3,34,3,0,0,1,1,0,0,39,6,0,0,5,7,206,2,30,2,4,9,1,1,8,4,2,1,0,1,14,30
77,18,2,33,5,1,0,1,1,0,0,7,8,0,0,5,7,206,2,26,2,5,14,3,8,14,7,2,1,1,1,14,15
1,18,3,35,4,1,0,1,1,0,0,14,1,0,0,5,7,206,2,26,4,7,15,4,7,14,6,2,1,1,1,14,45
68,18,3,32,4,1,0,1,0,0,0,13,2,0,0,5,7,206,2,26,4,7,15,3,6,13,5,2,1,1,1,13,30
-4,17,4,31,4,1,1,2,0,0,0,6,9,0,0,5,7,206,1,23,3,7,16,5,10,13,8,3,1,1,1,13,15
184,17,5,15,4,1,1,1,0,0,0,1,14,0,0,5,7,206,1,23,4,9,16,4,10,12,7,3,1,1,2,11,0
-156,17,5,39,5,0,2,1,0,0,0,4,11,0,0,5,7,206,3,21,4,9,15,5,9,12,6,2,0,1,2,15,30
86,16,4,25,4,0,2,1,0,0,0,11,4,0,0,5,7,206,1,21,4,9,15,6,8,11,7,3,0,0,1,12,15
-5,16,4,29,3,0,2,1,0,0,0,9,6,0,0,5,7,206,1,21,5,9,16,6,7,10,6,3,0,0,1,13,0
23,15,6,25,3,0,2,2,0,0,0,8,7,0,0,5,7,206,2,19,6,8,16,6,7,11,6,2,0,0,1,12,15
-2,15,6,28,5,0,2,1,0,0,0,5,10,0,0,5,7,206,4,17,5,7,14,5,6,10,5,2,0,0,2,12,45
46,15,6,29,4,0,2,1,0,0,0,4,11,0,0,5,7,206,4,17,5,8,14,4,5,9,4,1,0,0,1,13,0
17,14,6,23,4,0,1,1,0,0,0,12,3,0,0,5,7,206,3,17,5,8,15,3,4,10,4,1,0,0,2,12,0
-12,14,7,27,3,0,1,1,0,0,0,11,4,0,0,5,7,206,3,17,5,8,15,2,4,9,3,1,0,0,1,12,30
46,12,5,17,4,0,0,1,0,0,0,4,11,0,0,5,7,206,2,15,4,9,14,1,3,9,4,2,0,0,2,11,15
22,11,6,17,8,0,0,1,0,0,0,14,1,0,0,5,7,206,4,11,4,8,11,2,4,10,6,3,0,0,2,11,15
-5,7,4,19,8,0,1,1,0,0,0,11,4,0,0,5,7,206,2,9,3,7,9,2,6,14,9,5,0,0,2,11,30
1,6,4,21,9,0,1,0,0,0,1,12,3,0,0,5,7,206,3,7,4,7,7,2,6,15,9,5,0,0,2,11,45
36,5,5,15,10,0,1,1,1,0,1,0,15,0,0,5,7,206,4,3,2,3,3,5,7,18,11,5,0,0,2,11,0
26,4,4,9,10,0,0,1,1,0,1,10,5,0,0,5,7,206,3,3,3,3,3,5,8,17,11,5,0,0,2,10,15
-23,3,3,13,11,0,0,1,1,0,0,14,1,0,0,5,7,206,2,2,2,2,2,5,10,16,12,5,0,0,2,10,45
52,3,3,9,10,0,0,1,1,0,0,13,2,0,0,5,7,206,2,2,2,2,2,4,9,15,11,5,0,0,2,10,15
-21,3,3,21,9,0,0,1,1,0,0,6,9,0,0,5,7,206,2,2,2,2,2,3,8,14,10,5,0,0,2,11,45
16,2,2,11,10,0,0,1,1,0,0,11,4,0,0,5,7,206,3,0,0,0,0,4,9,13,10,5,0,0,2,10,30
33,2,2,7,9,0,0,1,1,0,0,9,6,0,0,5,7,206,3,0,0,0,0,3,9,12,9,5,0,0,2,10,0
58,0,0,7,8,0,0,1,1,0,0,0,3,0,0,5,7,206,1,0,0,0,0,7,11,11,10,4,0,0,2,10,0
29,0,0,2,8,0,0,1,0,0,0,0,4,0,0,5,7,206,1,0,0,0,0,6,10,10,9,3,0,0,2,9,15
18,0,0,6,7,0,0,1,0,0,0,0,6,0,0,5,7,206,1,0,0,0,0,6,9,9,8,2,0,0,2,9,45
14,0,0,13,6,0,0,1,0,0,0,0,8,0,0,5,7,206,0,0,0,0,0,6,8,8,8,3,0,0,2,10,45
-24,0,0,11,5,0,0,1,0,0,0,0,9,0,0,5,7,206,0,0,0,0,0,6,7,7,7,2,0,0,2,10,30
-7,0,0,0,4,0,0,1,0,0,0,0,25,0,1,5,7,206,0,0,0,0,0,6,6,6,6,2,0,0,2,9,0
25,0,0,4,4,0,0,0,0,0,0,0,26,0,0,5,7,206,0,0,0,0,0,5,5,5,5,1,0,0,1,9,30
0,0,0,4,3,0,0,0,0,0,0,0,35,0,0,5,7,206,0,0,0,0,0,4,4,4,4,0,0,0,1,9,30
0,0,0,2,2,0,0,0,0,0,0,0,37,0,0,5,7,206,0,0,0,0,0,3,3,3,3,0,0,0,2,9,15
-106,0,0,19,1,0,0,0,0,0,0,0,38,0,0,5,7,206,0,0,0,0,0,2,2,2,2,0,0,0,2,11,30
13,0,0,0,0,0,0,0,0,0,0,0,49,0,1,5,7,206,0,0,0,0,0,1,1,1,1,0,0,0,2,9,0
26,39,7,57,4,0,1,3,0,0,1,13,2,1,0,4,7,205,1,49,4,10,15,4,6,15,9,7,7,1,2,17,30
-3,39,7,55,5,0,1,4,0,0,0,6,9,0,0,4,7,205,3,47,3,8,13,3,5,14,8,6,7,1,2,17,15
101,39,9,48,5,0,1,3,0,0,0,2,13,0,0,4,7,205,3,47,3,9,14,2,4,14,7,6,6,1,2,16,30
-1,37,7,53,5,0,1,2,1,0,0,5,10,0,0,4,7,205,2,46,6,8,14,3,4,15,8,6,6,0,2,17,0
50,35,6,53,5,0,1,2,1,0,1,2,13,0,0,4,7,205,1,44,6,8,12,2,8,15,10,6,6,2,2,17,0
8,35,7,57,6,0,0,3,1,0,1,13,2,1,0,4,7,205,3,42,4,7,10,1,7,14,9,6,6,2,2,17,30
30,30,5,46,8,0,1,3,1,0,1,7,8,0,0,4,7,205,2,38,3,5,10,6,12,17,13,8,6,3,3,16,15
18,30,5,55,7,0,1,3,1,0,1,2,13,0,0,4,7,205,2,38,4,6,10,6,11,16,12,7,6,3,2,17,15
-16,30,5,51,7,0,1,3,1,0,0,2,13,0,0,4,7,205,2,38,4,6,10,5,10,15,11,6,5,3,2,16,45
39,30,5,51,7,0,1,2,1,0,0,1,14,0,0,4,7,205,2,38,4,6,10,5,9,14,10,6,4,2,2,16,45
38,30,5,48,6,0,1,2,1,0,0,12,3,0,0,4,7,205,2,38,4,6,10,5,8,14,9,5,4,1,2,16,30
3,29,4,48,5,0,1,2,1,0,0,10,5,0,0,4,7,205,0,37,4,6,11,4,7,14,10,5,4,1,2,16,30
15,28,3,42,7,0,1,2,1,0,0,5,10,0,0,4,7,205,2,35,3,4,11,6,8,14,10,5,4,2,2,15,45
63,26,1,38,7,0,1,3,0,0,0,1,14,0,0,4,7,205,1,34,2,3,10,5,8,13,11,6,4,3,2,15,15
23,26,1,46,7,0,1,2,0,0,0,14,1,0,0,4,7,205,1,34,2,3,10,4,7,12,10,5,4,3,3,16,15
24,26,1,42,6,0,2,2,0,0,0,6,9,0,0,4,7,205,2,33,1,3,10,3,8,13,9,5,3,3,2,15,45
30,26,1,34,5,0,2,2,0,0,0,1,14,0,0,4,7,205,2,33,1,4,10,3,7,12,8,4,3,2,2,14,45
36,26,2,38,4,0,2,2,0,0,0,13,2,0,0,4,7,205,2,33,1,4,10,2,6,11,7,4,3,2,2,15,15
-80,25,2,44,5,0,1,2,0,0,0,4,11,0,0,4,7,205,1,32,2,7,10,5,8,13,8,5,3,2,2,16,0
31,25,3,40,6,0,1,1,0,0,0,11,4,0,0,4,7,205,1,31,2,7,11,4,7,12,8,5,2,2,2,15,30
85,25,4,31,6,0,0,1,0,0,0,4,11,0,0,4,7,205,1,31,3,7,11,3,6,12,7,4,1,1,1,14,0
65,25,4,34,5,0,0,2,0,0,0,25,5,0,0,4,7,205,1,30,3,7,13,4,5,13,7,4,1,0,2,14,45
4,25,4,36,4,0,0,2,0,0,0,25,5,0,0,4,7,205,1,30,3,7,13,3,4,12,6,4,1,0,2,15,0
32,24,4,33,5,0,0,2,0,0,0,1,29,0,0,4,7,205,2,28,4,6,14,3,6,14,6,4,1,1,2,14,30
23,23,3,32,5,0,0,1,0,0,0,12,3,0,0,4,7,205,1,28,4,6,14,2,6,13,6,3,1,1,1,14,15
-4,23,3,40,6,0,0,1,0,0,0,6,9,0,0,4,7,205,2,26,3,4,13,3,6,12,6,3,1,1,2,15,30
-103,21,3,44,6,0,0,3,0,0,0,8,7,0,0,4,7,205,2,23,1,6,14,5,8,14,8,5,1,1,2,16,0
-64,21,3,36,5,0,0,3,0,0,0,8,7,0,0,4,7,205,2,23,1,6,14,4,7,13,7,4,0,1,2,15,0
-7,20,5,30,4,0,0,4,0,0,0,1,14,0,0,4,7,205,2,22,3,8,19,5,9,15,7,4,0,0,1,13,30
9,20,6,27,3,0,0,4,0,0,0,0,15,0,0,4,7,205,2,22,4,8,19,4,8,14,6,3,0,0,1,13,0
44,20,6,25,2,0,0,4,0,0,0,10,5,0,0,4,7,205,1,22,5,9,19,4,7,13,6,4,0,0,2,12,45
43,19,8,23,2,0,0,5,0,0,0,6,9,0,0,4,7,205,2,20,5,10,19,5,7,12,6,4,0,0,2,12,30
29,19,8,29,2,0,0,4,0,0,0,3,12,0,0,4,7,205,2,20,6,10,19,5,6,11,5,3,0,0,1,13,15
-2,18,7,27,3,0,0,4,0,0,0,14,1,0,0,4,7,205,2,18,4,8,17,4,7,10,6,4,0,0,1,13,0
-17,16,7,25,5,0,0,3,0,0,0,14,1,0,0,4,7,205,2,16,5,10,16,4,8,12,7,5,0,0,2,12,45
5,16,8,19,4,0,0,3,0,0,0,8,7,0,0,4,7,205,2,16,5,11,16,3,7,12,6,4,0,0,1,11,45
11,15,7,23,5,0,0,2,0,0,0,4,11,0,0,4,7,205,2,14,5,11,15,2,6,11,6,4,0,0,2,12,30
45,12,6,18,9,0,0,1,0,0,0,14,1,0,0,4,7,205,3,11,5,9,11,5,6,14,8,4,0,0,1,11,30
-16,11,7,21,10,0,0,0,0,0,0,1,14,0,0,4,7,205,2,10,7,9,10,5,5,15,9,5,0,0,2,12,15
1,11,8,20,9,0,0,0,0,0,0,1,14,0,0,4,7,205,2,10,7,9,10,4,4,14,8,5,0,0,2,12,0
-63,9,7,21,10,0,0,0,0,0,0,3,12,0,0,4,7,205,2,8,5,8,8,3,5,16,9,6,0,0,2,12,15
34,9,7,16,9,0,0,0,0,0,0,2,13,0,0,4,7,205,2,8,5,8,8,2,4,15,8,6,0,0,1,11,15
16,8,8,16,11,0,0,1,0,0,1,2,13,0,0,4,7,205,6,3,2,3,3,1,5,15,8,5,0,0,1,11,15
52,3,3,10,13,0,0,1,0,0,1,8,7,0,0,4,7,205,4,0,0,0,0,7,11,16,12,8,0,0,2,10,30
35,2,2,14,12,0,0,1,0,0,1,6,9,0,0,4,7,205,3,0,0,0,0,6,11,15,12,9,0,0,2,11,0
7,2,2,14,11,0,0,1,0,0,1,1,14,0,0,4,7,205,3,0,0,0,0,6,11,14,11,8,0,0,2,11,0
81,2,2,6,10,0,0,1,0,0,1,13,2,0,0,4,7,205,3,0,0,0,0,6,10,13,10,7,0,0,2,10,0
56,0,0,4,9,0,0,1,0,0,1,1,14,0,0,4,7,205,1,0,0,0,0,6,10,12,11,6,0,0,2,9,45
39,0,0,8,8,0,0,1,0,0,1,14,1,0,0,4,7,205,1,0,0,0,0,6,10,11,10,6,0,0,2,10,15
6,0,0,12,7,0,0,1,0,0,1,11,4,0,0,4,7,205,1,0,0,0,0,5,9,10,9,5,0,0,2,10,45
0,0,0,10,6,0,0,1,0,0,1,1,14,0,0,4,7,205,1,0,0,0,0,6,8,9,8,4,0,0,2,10,30
3,0,0,2,5,0,0,1,0,0,1,14,1,0,0,4,7,205,0,0,0,0,0,5,7,8,8,3,0,0,2,9,30
28,0,0,4,4,0,0,1,0,0,1,6,9,0,0,4,7,205,0,0,0,0,0,4,6,7,7,3,0,0,2,9,45
11,0,0,8,4,0,0,0,0,0,1,0,1,0,0,4,7,205,0,0,0,0,0,5,5,6,6,2,0,0,2,10,15
46,0,0,1,3,0,0,0,0,0,1,0,9,0,0,4,7,205,0,0,0,0,0,4,5,5,5,1,0,0,2,9,15
14,0,0,6,2,0,0,0,0,0,1,0,12,0,0,4,7,205,0,0,0,0,0,3,4,4,4,1,0,0,2,10,0
21,0,0,2,1,0,0,0,0,0,1,0,25,0,0,4,7,205,0,0,0,0,0,2,3,3,3,1,0,0,2,9,30
37,0,0,0,0,0,0,0,0,0,1,0,30,0,1,4,7,205,0,0,0,0,0,1,2,2,2,0,0,0,1,9,0
-91,0,0,12,0,0,0,0,0,0,0,0,64,0,0,4,7,205,0,0,0,0,0,1,1,1,1,0,0,0,2,10,45
25,24,3,50,2,0,0,1,0,0,0,1,14,0,0,3,7,204,3,50,3,8,14,2,2,10,1,1,7,0,1,17,0
0,23,2,52,1,0,0,1,0,0,0,13,2,0,0,3,7,204,2,50,3,8,14,1,1,10,1,0,7,0,1,17,15
-3,20,4,47,7,0,1,2,0,0,0,4,11,0,0,3,7,204,3,41,3,6,9,7,9,16,8,4,6,4,2,16,45
-14,20,4,47,7,0,0,2,0,0,0,3,12,0,0,3,7,204,2,41,3,6,9,6,9,15,8,4,5,4,2,16,45
-40,20,4,50,7,0,0,2,0,0,0,12,3,0,0,3,7,204,3,40,3,5,8,6,9,14,7,3,5,3,1,17,0
-7,20,4,41,7,0,0,1,0,0,0,8,7,0,0,3,7,204,2,40,3,5,8,5,9,14,7,3,5,3,1,16,0
-29,20,4,53,6,0,0,1,0,0,0,7,8,1,0,3,7,204,2,39,3,5,8,4,8,13,6,2,5,3,1,17,30
26,20,4,43,6,0,0,1,0,0,0,4,11,0,0,3,7,204,3,39,2,4,8,3,7,12,5,1,5,3,3,16,15
2,20,4,44,5,0,0,1,0,0,0,1,14,0,0,3,7,204,2,39,3,5,8,2,6,11,5,2,5,3,3,16,30
-26,18,2,47,6,0,0,0,0,0,1,14,1,0,0,3,7,204,2,37,2,4,7,3,7,12,6,3,4,3,2,16,45
30,16,0,36,5,0,0,1,0,0,1,29,1,0,0,3,7,204,1,36,2,4,7,4,8,12,7,2,3,2,1,15,15
-26,16,0,44,5,0,0,1,0,0,1,19,11,0,0,3,7,204,1,35,2,3,7,4,7,12,7,3,2,1,3,16,30
21,16,0,39,4,0,0,1,0,0,1,13,17,0,0,3,7,204,1,35,2,3,8,4,6,11,6,3,2,0,2,15,45
-13,16,0,41,3,0,0,1,0,0,1,12,18,0,0,3,7,204,1,35,2,3,8,4,5,10,5,3,2,0,1,16,0
8,16,0,36,4,0,0,2,0,0,0,4,11,0,0,3,7,204,2,33,1,3,10,4,7,9,5,2,2,0,1,15,15
2,16,1,38,3,0,0,2,0,0,0,0,15,0,0,3,7,204,2,33,1,3,10,3,6,8,4,2,2,0,2,15,30
-40,16,1,39,3,0,0,1,0,0,0,13,2,0,0,3,7,204,2,33,1,3,10,2,5,7,3,1,2,0,2,15,45
41,16,1,34,2,0,0,1,0,0,0,6,9,0,0,3,7,204,1,33,1,4,11,2,4,7,3,0,2,0,2,14,45
-18,16,3,32,2,0,0,1,0,0,0,24,21,0,0,3,7,204,0,32,3,5,12,3,5,7,4,0,2,0,1,14,15
-8,16,4,34,1,0,0,1,0,0,0,9,36,0,0,3,7,204,1,31,3,6,13,4,4,7,3,0,2,0,2,14,45
-127,16,4,44,1,0,0,1,0,0,0,9,36,0,0,3,7,204,1,31,3,6,13,4,4,7,3,0,2,0,3,16,30
-14,14,3,33,3,0,0,0,0,0,0,3,12,0,0,3,7,204,1,29,3,7,13,2,3,9,3,1,2,0,2,14,30
5,14,3,30,2,0,0,1,0,0,0,10,5,0,0,3,7,204,2,28,3,8,12,1,3,8,2,1,2,1,1,13,15
-16,11,2,26,5,0,1,1,0,0,0,10,5,0,0,3,7,204,2,23,3,6,11,2,6,14,6,4,2,2,1,12,45
7,11,2,26,5,0,0,1,0,0,1,2,13,0,0,3,7,204,2,22,3,6,11,2,6,13,6,4,1,2,1,12,45
33,11,3,29,7,0,0,1,0,0,1,4,11,0,0,3,7,204,2,19,3,5,12,4,8,15,8,5,1,1,1,13,0
-4,10,4,22,8,0,0,1,0,0,0,8,7,0,0,3,7,204,2,18,2,5,12,4,9,16,8,5,1,1,2,12,15
-21,10,4,31,7,0,0,1,0,0,0,7,8,0,0,3,7,204,2,18,2,5,12,4,8,15,7,4,0,1,1,13,30
25,9,3,24,8,0,0,0,0,0,0,12,3,0,0,3,7,204,2,17,2,4,12,5,8,15,7,5,0,0,3,12,30
68,9,3,17,7,0,0,1,0,0,0,3,12,0,0,3,7,204,2,16,2,5,13,4,8,14,7,4,0,0,2,11,30
-7,8,2,24,6,0,0,1,0,0,0,8,7,0,0,3,7,204,1,16,3,7,14,5,7,14,7,3,0,0,3,12,30
-13,8,2,22,5,0,0,1,0,0,0,7,8,0,0,3,7,204,1,16,3,7,14,4,6,13,6,2,0,0,2,12,15
19,8,2,16,4,0,0,1,0,0,0,7,8,0,0,3,7,204,1,16,3,7,14,3,5,12,5,2,0,0,2,11,15
1,7,2,19,4,0,0,3,0,0,0,13,2,0,0,3,7,204,3,13,4,6,13,4,8,15,5,1,0,0,1,11,45
-3,7,2,21,3,0,0,3,0,0,0,12,3,0,0,3,7,204,3,13,4,6,13,3,7,14,4,0,0,0,2,12,0
31,6,3,8,3,0,0,2,0,0,0,13,2,0,0,3,7,204,1,13,5,8,13,4,8,16,5,2,0,0,2,10,15
-10,6,4,17,2,0,0,3,0,0,0,11,4,0,0,3,7,204,1,12,5,7,12,4,7,15,5,2,0,0,2,11,30
11,6,6,14,4,0,1,2,0,0,1,6,9,0,0,3,7,204,3,8,2,6,8,5,7,16,6,3,0,0,1,11,0
39,6,6,7,3,0,1,2,0,0,1,5,10,0,0,3,7,204,3,8,2,6,8,4,7,15,5,3,0,0,2,10,0
-20,6,6,14,3,0,1,1,0,0,1,12,3,0,0,3,7,204,3,8,3,8,8,4,7,15,4,2,0,0,1,11,0
-18,5,5,12,3,0,1,1,0,0,1,3,12,0,0,3,7,204,3,7,4,7,7,3,8,14,4,2,0,0,2,10,45
-14,5,5,10,3,0,1,1,0,0,1,9,6,0,0,3,7,204,3,6,4,6,6,3,7,13,4,2,0,0,2,10,30
-24,4,4,10,3,0,1,1,0,0,0,2,13,0,0,3,7,204,2,6,5,6,6,3,9,12,4,2,0,0,2,10,30
-32,0,0,8,5,0,1,1,0,0,1,9,6,0,0,3,7,204,1,2,2,2,2,5,10,11,8,2,0,0,2,10,15
12,0,0,0,4,0,1,1,0,0,1,6,9,0,1,3,7,204,0,2,2,2,2,6,9,10,8,2,0,0,2,9,0
13,0,0,2,3,0,1,1,0,0,2,0,2,0,0,3,7,204,0,1,1,1,1,6,9,9,8,2,0,0,2,9,15
6,0,0,2,2,0,1,1,0,0,3,0,8,0,0,3,7,204,1,0,0,0,0,5,8,8,7,2,0,0,2,9,15
26,0,0,0,2,0,0,1,0,0,3,0,9,0,1,3,7,204,1,0,0,0,0,5,7,7,6,2,0,0,2,9,0
11,0,0,6,1,0,0,1,0,0,3,0,21,0,0,3,7,204,0,0,0,0,0,5,6,6,6,2,0,0,1,9,45
3,0,0,4,0,0,0,1,0,0,3,0,24,0,0,3,7,204,0,0,0,0,0,4,5,5,5,1,0,0,1,9,30
-115,0,0,12,0,0,0,1,0,0,2,0,28,0,0,3,7,204,0,0,0,0,0,4,4,4,4,1,0,0,2,10,45
-167,0,0,19,0,0,0,1,0,0,1,0,38,0,0,3,7,204,0,0,0,0,0,3,3,3,3,1,0,0,1,11,45
-15,0,0,4,0,0,0,0,0,0,1,0,40,0,0,3,7,204,0,0,0,0,0,2,2,2,2,0,0,0,1,9,30
-219,0,0,26,0,0,0,0,0,0,0,0,56,0,0,3,7,204,0,0,0,0,0,1,1,1,1,0,0,0,1,12,45
91,33,3,49,1,0,0,0,0,0,0,27,0,0,0,2,7,203,1,52,2,3,8,2,2,5,1,1,7,0,2,17,15
19,32,3,53,1,0,0,0,0,0,0,11,0,1,0,2,7,203,1,51,2,3,7,1,1,4,1,0,7,0,2,18,15
47,28,4,51,3,0,0,1,0,0,0,5,10,0,0,2,7,203,2,46,2,4,13,3,3,7,4,1,7,1,1,17,30
53,28,4,51,2,0,0,1,0,0,0,2,13,0,0,2,7,203,2,46,2,4,13,2,2,6,3,1,6,1,1,17,30
36,26,4,48,2,0,0,2,0,0,0,15,15,0,0,2,7,203,2,44,2,6,11,1,1,8,4,1,6,0,2,17,0
5,21,2,44,6,0,1,3,0,0,1,2,13,0,0,2,7,203,3,36,3,5,12,7,11,15,10,6,6,3,2,16,15
18,21,2,46,6,0,1,3,0,0,1,0,15,0,0,2,7,203,4,35,2,4,12,6,10,14,9,6,6,3,1,16,30
4,21,2,49,7,0,1,3,1,0,1,8,7,0,0,2,7,203,5,33,0,2,10,7,9,14,9,6,5,3,2,17,15
82,21,3,38,7,0,1,2,1,0,1,7,8,0,0,2,7,203,5,33,0,2,10,6,8,13,8,6,4,2,2,15,30
10,20,2,40,7,0,0,2,1,0,1,0,15,0,0,2,7,203,4,33,0,3,11,5,9,12,8,5,4,1,2,15,45
13,20,2,44,6,0,0,2,1,0,1,14,1,0,0,2,7,203,4,33,0,3,11,4,8,11,7,5,4,1,2,16,15
-6,20,2,36,6,0,0,1,1,0,1,2,13,0,0,2,7,203,3,33,2,3,12,5,8,10,7,4,4,1,2,15,15
31,19,2,33,5,0,0,1,1,0,1,11,4,0,0,2,7,203,2,33,2,4,13,4,7,10,7,5,4,1,1,14,30
31,19,2,38,4,0,0,1,1,0,1,11,4,0,0,2,7,203,2,33,2,4,13,3,6,9,6,5,4,1,2,15,30
-11,19,2,35,3,0,0,1,1,0,1,13,2,0,0,2,7,203,2,33,3,5,14,4,5,10,5,4,3,1,2,15,0
-37,19,3,42,3,0,0,1,1,0,1,3,12,0,0,2,7,203,2,32,2,8,14,4,5,9,5,5,3,1,2,16,0
31,18,3,32,5,0,0,1,0,0,1,33,12,0,0,2,7,203,2,30,1,8,14,3,5,9,6,6,3,1,1,14,15
-56,18,4,46,4,0,0,1,0,0,1,32,13,0,0,2,7,203,2,30,1,8,14,2,4,8,5,5,3,1,1,16,30
131,18,5,30,3,0,0,1,0,0,1,26,19,0,0,2,7,203,2,30,2,9,15,2,3,8,4,4,3,1,1,13,30
-126,17,5,40,4,0,0,2,0,0,0,12,3,0,0,2,7,203,2,28,7,9,16,2,5,11,5,3,2,2,2,15,45
-65,15,5,36,8,0,0,2,0,0,0,10,5,0,0,2,7,203,5,23,3,7,13,2,4,12,6,4,2,1,2,15,15
-23,13,5,34,8,0,1,2,0,0,0,2,13,0,0,2,7,203,5,21,5,7,12,3,8,14,7,4,1,1,1,14,45
112,13,5,22,7,0,2,2,0,0,0,10,5,0,0,2,7,203,5,20,4,7,11,2,7,15,7,4,1,0,2,12,15
24,13,5,28,6,0,2,2,0,0,0,6,9,0,0,2,7,203,5,20,4,7,11,2,6,14,6,3,1,0,1,13,0
182,10,3,4,9,0,1,2,1,0,0,9,6,0,0,2,7,203,4,16,3,6,10,5,8,16,10,5,1,0,2,9,30
27,8,1,29,8,0,2,2,1,0,0,14,1,0,0,2,7,203,3,15,3,5,10,5,8,15,11,4,1,0,2,13,15
28,8,1,24,8,0,1,2,1,0,0,8,7,0,0,2,7,203,2,15,4,5,12,5,8,16,11,4,1,0,2,12,30
33,8,1,24,7,0,1,2,1,0,0,7,8,0,0,2,7,203,2,15,4,5,12,4,7,15,10,4,1,0,2,12,30
33,8,1,26,8,0,1,1,1,0,0,2,13,0,0,2,7,203,3,14,3,4,11,3,7,14,9,3,1,0,1,12,45
-194,7,2,42,8,0,1,0,2,0,0,16,14,0,0,2,7,203,3,13,3,5,12,4,8,16,9,2,1,0,2,16,0
-6,7,2,19,8,0,0,1,2,0,0,11,19,0,0,2,7,203,3,12,2,4,11,3,8,15,9,2,1,0,2,12,0
-57,7,2,30,8,0,0,1,2,0,0,14,1,0,0,2,7,203,3,11,2,4,10,5,8,17,9,2,1,0,1,13,30
57,7,2,15,8,0,0,1,2,0,0,7,8,0,0,2,7,203,3,10,1,5,10,5,8,16,9,2,1,0,2,11,15
-40,7,3,19,7,0,0,1,2,0,0,10,5,0,0,2,7,203,3,10,2,7,10,5,8,15,8,1,1,0,2,12,0
63,7,3,13,6,0,0,1,2,0,0,3,12,0,0,2,7,203,3,10,3,7,10,5,8,15,7,1,1,0,2,11,0
-2,7,4,22,6,0,0,1,2,0,0,0,15,0,0,2,7,203,4,9,2,7,9,4,7,14,6,1,1,0,2,12,15
37,7,5,17,5,0,0,1,2,0,0,12,3,0,0,2,7,203,4,9,2,8,9,3,7,14,5,1,1,0,3,11,45
-30,5,4,19,6,0,0,1,1,0,0,13,2,0,0,2,7,203,3,8,3,7,8,3,8,16,6,1,1,1,2,12,0
16,5,5,17,5,0,0,1,1,0,1,5,10,0,0,2,7,203,2,7,4,6,7,4,10,15,7,0,1,1,3,11,45
-23,5,5,12,5,0,0,1,1,0,1,10,5,0,0,2,7,203,3,6,5,6,6,4,9,14,6,0,1,1,2,10,45
28,4,4,4,5,0,0,1,1,0,1,12,3,0,0,2,7,203,1,4,4,5,5,5,8,14,8,2,1,1,2,9,30
35,4,4,8,6,0,0,1,1,0,1,8,7,0,0,2,7,203,3,3,2,3,3,5,7,13,7,1,1,1,1,10,0
-4,3,3,15,7,0,0,0,1,0,1,14,1,0,0,2,7,203,3,2,1,2,2,6,7,12,7,2,1,1,2,11,15
-8,1,1,11,7,0,0,0,1,0,1,5,10,0,0,2,7,203,1,1,1,1,1,5,9,11,9,4,1,1,1,10,30
-158,1,1,26,7,0,0,0,1,0,0,2,13,0,0,2,7,203,1,1,1,1,1,4,9,10,8,4,0,1,1,12,45
-1,1,1,6,6,0,0,0,1,0,0,9,6,0,0,2,7,203,1,1,1,1,1,3,8,9,7,4,0,0,2,9,45
22,1,1,10,6,0,0,0,0,0,0,7,8,0,0,2,7,203,1,1,1,1,1,2,7,8,6,3,0,0,1,10,15
34,1,1,13,5,0,0,0,0,0,0,6,9,0,0,2,7,203,1,1,1,1,1,1,6,7,5,3,0,0,2,11,0
-1,0,0,8,4,0,1,0,0,0,0,0,10,0,0,2,7,203,0,0,0,0,0,5,6,6,6,3,0,0,1,10,0
27,0,0,2,3,0,1,0,0,0,0,0,16,0,0,2,7,203,0,0,0,0,0,4,5,5,5,2,0,0,2,9,15
36,0,0,0,2,0,1,0,0,0,0,0,19,0,1,2,7,203,0,0,0,0,0,3,4,4,4,2,0,0,2,9,0
-2,0,0,0,2,0,0,0,0,0,0,0,21,0,1,2,7,203,0,0,0,0,0,2,3,3,3,1,0,0,2,9,0
6,0,0,2,1,0,0,0,0,0,0,0,28,0,0,2,7,203,0,0,0,0,0,2,2,2,2,1,0,0,2,9,15
3,0,0,6,0,0,0,0,0,0,0,0,52,0,0,2,7,203,0,0,0,0,0,1,1,1,1,1,0,0,2,9,45
-14,27,3,46,2,0,0,3,0,0,0,22,8,0,0,6,7,200,2,44,0,3,12,2,4,9,4,4,8,1,1,17,15
-51,27,3,49,1,0,0,3,0,0,0,5,25,1,0,6,7,200,2,44,2,6,13,3,3,9,3,3,7,1,2,17,45
8,26,2,45,1,0,0,3,0,0,0,2,13,0,0,6,7,200,2,43,3,8,13,2,4,9,3,2,7,1,2,17,0
-12,26,4,48,1,0,0,2,0,0,1,6,9,0,0,6,7,200,2,42,4,8,13,1,6,10,3,2,7,2,1,17,30
-15,24,3,43,1,0,1,4,0,0,1,2,13,0,0,6,7,200,2,38,4,7,12,5,6,11,6,2,6,3,1,16,30
8,24,3,41,1,0,1,5,0,0,1,11,4,0,0,6,7,200,3,36,3,5,11,4,5,10,6,2,6,2,2,16,15
-38,23,2,40,3,0,1,4,0,0,1,12,3,0,0,6,7,200,2,34,2,4,9,3,7,11,8,2,6,3,2,16,0
27,22,1,37,3,0,1,4,0,0,0,8,7,0,0,6,7,200,1,34,3,4,9,2,6,10,8,3,5,3,2,15,30
2,22,1,34,2,0,1,4,0,0,0,7,8,0,0,6,7,200,1,34,3,5,9,2,5,9,7,2,5,2,1,15,15
49,22,2,34,3,0,1,3,0,0,2,7,8,0,0,6,7,200,2,31,2,5,8,4,6,9,8,3,4,3,1,15,15
-49,21,2,43,3,0,0,3,0,0,2,10,5,0,0,6,7,200,1,31,3,6,9,4,5,14,8,4,4,2,1,16,30
279,21,3,12,3,0,0,3,0,0,2,1,14,0,0,6,7,200,1,30,4,5,8,4,6,13,8,5,4,2,1,10,30
-34,21,3,34,3,0,0,3,0,0,1,12,3,0,0,6,7,200,1,30,4,5,10,3,5,13,7,4,3,2,1,15,15
-5,21,4,33,4,0,0,3,0,0,1,1,14,0,0,6,7,200,2,28,2,3,9,2,4,13,7,4,3,1,3,15,0
35,20,3,29,5,0,0,3,0,0,0,37,8,0,0,6,7,200,2,27,2,3,10,3,3,13,7,3,2,1,1,14,0
-11,19,2,38,5,0,1,2,1,0,0,9,36,0,0,6,7,200,2,25,1,3,11,2,9,14,8,3,2,2,1,15,45
-24,19,2,32,4,0,1,2,1,0,0,8,37,0,0,6,7,200,2,25,1,3,11,1,8,13,7,3,2,2,1,14,45
-44,17,3,41,6,0,1,1,1,0,0,8,7,0,0,6,7,200,1,23,3,8,12,8,11,17,9,4,2,2,2,16,15
41,17,3,28,5,0,1,1,1,0,0,7,8,0,0,6,7,200,1,23,3,8,12,7,10,16,8,3,2,2,1,13,15
36,17,3,23,5,0,1,1,0,0,0,5,10,0,0,6,7,200,1,23,4,8,13,7,9,15,7,3,2,2,2,12,30
-26,17,4,30,5,0,1,1,0,0,0,2,13,0,0,6,7,200,2,22,3,7,12,6,8,14,6,3,1,2,1,14,15
-191,17,4,46,4,0,1,1,0,0,0,1,14,0,0,6,7,200,2,22,3,7,12,5,7,13,5,3,1,1,1,17,15
21,17,4,27,4,0,0,1,0,0,0,14,1,0,0,6,7,200,2,22,4,8,14,4,6,12,4,3,1,1,1,13,0
-31,17,4,38,4,0,0,0,0,0,0,11,4,0,0,6,7,200,2,22,4,8,14,3,6,12,3,2,0,1,1,15,45
43,16,5,25,5,0,0,0,0,0,0,13,2,0,0,6,7,200,2,20,5,6,15,3,6,11,4,4,0,0,1,12,45
2,15,4,22,4,0,0,0,0,0,0,6,9,0,0,6,7,200,1,20,5,8,16,3,6,10,4,3,0,0,2,12,15
-9,15,4,23,6,0,0,0,0,0,0,7,8,0,0,6,7,200,3,17,3,5,14,3,7,9,4,3,0,0,2,12,30
6,14,3,20,6,0,0,0,0,0,1,11,4,0,0,6,7,200,4,15,2,4,13,4,7,11,4,2,0,0,1,12,0
-2,13,4,25,6,0,0,0,0,0,1,12,3,0,0,6,7,200,3,14,2,6,13,4,7,10,5,4,0,0,1,12,45
4,13,6,19,5,0,0,0,0,0,1,5,10,0,0,6,7,200,3,14,3,8,13,5,6,9,4,3,0,0,2,11,45
-18,11,5,18,4,0,0,1,0,0,1,12,3,0,0,6,7,200,1,13,2,8,13,4,5,10,6,6,0,0,1,11,30
-148,11,7,31,3,0,0,1,1,0,1,12,3,0,0,6,7,200,1,12,4,9,12,4,4,12,6,6,0,0,1,14,30
33,11,8,14,3,0,0,1,1,0,0,11,4,0,0,6,7,200,1,12,4,9,12,3,3,11,5,5,0,0,2,10,45
1,11,8,17,2,0,0,1,1,0,0,6,9,0,0,6,7,200,1,12,6,9,12,2,2,10,4,4,0,0,1,11,15
-1,10,8,15,5,0,0,1,1,0,0,13,2,0,0,6,7,200,4,8,5,7,8,1,4,14,4,3,0,0,1,11,0
23,3,3,8,7,0,1,1,1,0,1,4,11,0,0,6,7,200,1,3,2,3,3,3,8,15,11,5,0,0,2,10,0
-26,3,3,20,6,0,1,1,1,0,1,1,14,0,0,6,7,200,1,3,3,3,3,2,7,14,10,5,0,0,1,12,0
35,3,3,15,5,0,1,1,1,0,1,12,3,0,0,6,7,200,1,3,3,3,3,3,8,13,9,4,0,0,1,11,0
-1,0,0,10,6,0,0,1,3,0,1,0,15,0,0,6,7,200,1,0,0,0,0,6,12,12,11,4,0,0,2,10,15
15,0,0,0,6,0,0,1,2,0,1,14,1,0,1,6,7,200,1,0,0,0,0,5,11,11,10,4,0,0,2,9,0
41,0,0,2,5,0,0,1,2,0,1,11,4,0,0,6,7,200,1,0,0,0,0,6,10,10,9,3,0,0,2,9,15
40,0,0,6,4,0,0,1,2,0,1,9,6,0,0,6,7,200,1,0,0,0,0,6,9,9,8,3,0,0,2,9,45
19,0,0,6,4,0,0,1,2,0,0,1,14,0,0,6,7,200,0,0,0,0,0,6,8,8,8,4,0,0,2,9,45
16,0,0,8,4,0,0,0,2,0,0,0,15,0,0,6,7,200,0,0,0,0,0,7,7,7,7,3,0,0,2,10,0
12,0,0,10,3,0,0,0,2,0,0,0,17,0,0,6,7,200,0,0,0,0,0,6,6,6,6,2,0,0,2,10,15
22,0,0,2,2,0,0,0,2,0,0,0,19,0,0,6,7,200,0,0,0,0,0,5,5,5,5,1,0,0,2,9,15
-25,0,0,4,1,0,0,0,2,0,0,0,21,0,0,6,7,200,0,0,0,0,0,4,4,4,4,1,0,0,2,9,30
5,0,0,12,1,0,0,0,1,0,0,0,23,0,0,6,7,200,0,0,0,0,0,3,3,3,3,0,0,0,1,10,30
16,0,0,0,1,0,0,0,0,0,0,0,38,0,1,6,7,200,0,0,0,0,0,2,2,2,2,0,0,0,2,9,0
37,0,0,4,0,0,0,0,0,0,0,0,41,0,0,6,7,200,0,0,0,0,0,1,1,1,1,0,0,0,2,9,30
51,17,0,53,2,0,0,0,0,0,0,8,7,0,0,5,7,199,1,57,5,9,15,3,5,10,2,1,6,0,1,16,45
-1,17,1,57,4,0,0,1,0,0,0,6,9,0,0,5,7,199,4,53,2,9,13,3,4,9,2,2,6,0,1,17,30
-3,17,2,55,4,0,0,1,0,0,0,11,4,0,0,5,7,199,3,52,4,8,12,3,4,10,3,2,6,0,2,17,15
-40,17,3,57,4,0,0,1,0,0,0,11,4,0,0,5,7,199,3,51,6,9,12,2,4,14,3,2,6,0,1,17,30
-1,17,3,54,5,0,0,2,0,0,0,14,1,0,0,5,7,199,5,48,4,6,10,1,5,13,3,2,6,0,2,17,0
-16,15,2,55,8,0,0,1,0,0,1,13,2,0,0,5,7,199,4,44,2,4,6,4,6,16,7,2,6,1,2,17,15
-68,14,2,59,8,0,0,1,0,0,2,0,15,1,0,5,7,199,4,42,0,3,6,4,8,15,8,2,6,2,2,17,45
-4,14,2,50,7,0,0,1,0,0,2,1,14,0,0,5,7,199,3,42,2,4,8,4,10,14,8,2,6,2,1,16,30
-1,14,2,46,7,0,0,1,0,0,1,0,15,0,0,5,7,199,3,42,2,4,8,3,9,13,7,2,6,2,2,16,0
27,14,2,44,6,0,0,1,0,0,1,10,5,0,0,5,7,199,2,42,2,4,8,3,8,12,7,2,6,2,2,15,45
-17,14,3,50,6,0,1,0,1,0,1,6,9,0,0,5,7,199,3,40,1,2,7,7,11,11,7,2,5,3,1,16,30
-31,13,2,46,6,0,1,0,1,0,0,13,2,0,0,5,7,199,1,40,2,2,7,6,10,12,8,2,5,2,2,16,0
-21,13,2,48,5,0,1,0,1,0,0,9,6,0,0,5,7,199,1,40,2,3,8,5,9,11,7,2,5,2,3,16,15
51,12,1,41,4,0,1,0,1,0,0,2,13,0,0,5,7,199,0,40,2,4,10,6,8,10,7,2,4,2,1,15,15
18,12,1,43,4,0,1,0,1,0,0,14,1,0,0,5,7,199,1,39,1,3,9,6,7,9,6,2,4,1,2,15,30
-64,12,1,48,3,0,1,0,1,0,0,13,2,0,0,5,7,199,1,39,1,3,9,5,6,8,5,1,4,1,3,16,15
-8,12,1,44,2,0,1,0,1,0,0,12,3,0,0,5,7,199,1,39,1,3,10,4,5,7,4,1,4,1,2,15,45
18,12,1,35,3,0,0,0,1,0,0,9,6,0,0,5,7,199,1,38,1,4,13,4,4,10,4,0,3,1,3,14,45
-9,12,1,41,2,0,0,0,1,0,0,7,8,0,0,5,7,199,1,38,2,5,13,3,3,9,3,0,3,0,1,15,15
8,11,0,35,2,0,0,0,0,0,0,1,14,0,0,5,7,199,0,38,2,5,13,2,2,8,3,0,3,0,3,14,45
-29,11,0,38,1,0,0,0,0,0,0,57,3,0,0,5,7,199,0,38,2,5,13,1,1,7,2,0,3,0,2,15,0
-84,10,1,38,5,0,0,0,0,0,0,4,11,0,0,5,7,199,0,33,5,9,17,3,8,13,6,2,3,1,2,15,0
42,10,1,25,4,0,0,0,0,0,0,2,13,0,0,5,7,199,0,33,6,9,17,3,7,13,5,1,3,1,2,12,30
92,10,3,27,6,0,1,0,0,0,0,8,7,0,0,5,7,199,2,29,5,8,16,5,9,14,6,3,3,1,2,12,45
-49,10,3,33,6,0,1,0,0,0,0,3,12,0,0,5,7,199,3,28,4,8,15,5,9,15,5,3,3,1,1,14,15
-50,9,2,34,6,0,1,0,0,0,0,12,3,0,0,5,7,199,2,27,4,8,14,6,9,15,6,4,3,1,3,14,30
-78,9,2,35,5,0,1,0,0,0,0,11,4,0,0,5,7,199,2,27,4,8,14,5,8,14,5,3,2,1,3,14,45
14,9,3,24,6,0,1,0,0,0,0,9,6,0,0,5,7,199,2,25,4,9,15,5,7,14,6,3,2,0,2,12,15
-31,9,3,31,5,0,1,0,1,0,0,5,10,0,0,5,7,199,2,24,4,8,14,4,6,13,6,2,2,0,1,13,15
-42,9,3,29,4,0,1,0,1,0,0,1,14,0,0,5,7,199,2,24,5,8,14,4,6,12,5,1,2,0,2,13,0
-22,9,3,25,3,0,1,0,1,0,0,1,14,0,0,5,7,199,2,24,5,8,15,4,5,11,4,1,2,0,2,12,30
-13,9,3,27,3,0,1,0,1,0,0,11,4,0,0,5,7,199,3,23,4,7,15,3,4,10,3,1,2,0,2,12,45
-32,7,2,31,5,0,0,1,1,0,0,5,10,0,0,5,7,199,3,20,4,7,14,2,6,9,5,3,2,0,1,13,15
-37,7,2,29,4,0,1,1,1,0,0,1,14,0,0,5,7,199,4,19,3,6,14,2,6,8,4,2,2,0,2,13,0
46,6,2,16,4,0,2,2,1,0,0,3,12,0,0,5,7,199,3,16,3,6,16,5,7,15,7,4,2,1,2,11,0
-21,6,2,20,4,0,1,2,1,0,0,11,4,0,0,5,7,199,3,16,4,8,16,5,6,16,6,3,2,1,2,11,30
92,5,3,3,6,0,1,2,0,0,0,12,3,0,0,5,7,199,3,14,3,8,14,5,5,17,7,4,2,1,2,9,15
18,5,3,16,7,0,0,2,0,0,0,6,9,0,0,5,7,199,2,13,3,7,13,4,4,16,8,3,2,1,2,11,0
-35,5,3,18,6,0,0,2,0,0,0,4,11,0,0,5,7,199,2,13,3,7,13,3,3,16,7,2,2,1,1,11,15
-218,5,3,38,5,0,0,2,0,0,0,13,2,0,0,5,7,199,1,13,4,8,13,2,2,16,7,2,1,1,2,15,0
-15,5,3,21,5,0,0,2,0,0,0,10,5,0,0,5,7,199,2,12,4,7,12,1,2,15,6,1,1,1,1,11,45
-289,2,2,50,6,0,1,3,1,0,2,13,2,0,0,5,7,199,2,5,5,5,5,9,14,19,12,6,0,1,1,16,30
-29,1,1,11,7,0,0,3,1,0,2,4,11,0,0,5,7,199,2,4,4,4,4,10,14,18,12,6,0,0,1,10,15
-17,1,1,14,6,0,0,3,1,0,2,3,12,0,0,5,7,199,2,4,4,4,4,9,14,17,11,5,0,0,2,10,45
32,1,1,7,5,0,0,3,1,0,2,3,12,0,0,5,7,199,2,4,4,4,4,8,14,16,10,5,0,0,2,9,45
-35,1,1,18,5,0,0,2,1,0,2,2,13,0,0,5,7,199,2,4,4,4,4,7,13,15,9,4,0,0,1,11,15
0,1,1,21,4,0,0,2,1,0,2,14,1,0,0,5,7,199,1,4,4,4,4,7,12,14,9,5,0,0,1,11,45
24,1,1,0,4,0,0,2,0,0,2,14,1,0,1,5,7,199,1,4,4,4,4,6,11,13,8,5,0,0,2,9,0
-24,1,1,13,4,0,2,2,0,0,1,11,4,0,0,5,7,199,3,2,2,2,2,5,11,12,7,4,0,0,2,10,30
12,0,0,5,5,0,2,2,0,0,1,1,14,0,0,5,7,199,2,0,0,0,0,6,10,11,9,6,0,0,2,9,30
9,0,0,7,4,0,2,2,0,0,1,0,3,0,0,5,7,199,2,0,0,0,0,5,9,10,8,5,0,0,2,9,45
-7,0,0,11,3,0,2,2,0,0,1,0,7,0,0,5,7,199,1,0,0,0,0,4,8,9,8,6,0,0,1,10,15
-68,0,0,14,3,0,2,2,0,0,0,0,15,0,0,5,7,199,0,0,0,0,0,6,7,8,8,5,0,0,2,10,45
-63,0,0,9,3,0,1,2,0,0,0,0,26,0,0,5,7,199,0,0,0,0,0,6,7,7,7,5,0,0,2,10,0
-68,0,0,23,3,0,1,1,0,0,0,0,28,0,0,5,7,199,0,0,0,0,0,5,6,6,6,4,0,0,1,12,0
-9,0,0,0,2,0,1,1,0,0,0,0,37,0,1,5,7,199,0,0,0,0,0,4,5,5,5,4,0,0,2,9,0
-14,0,0,5,2,0,1,0,0,0,0,0,41,0,0,5,7,199,0,0,0,0,0,3,4,4,4,4,0,0,2,9,30
-13,0,0,3,1,0,1,0,0,0,0,0,42,0,0,5,7,199,0,0,0,0,0,2,3,3,3,3,0,0,2,9,15
-53,0,0,9,1,0,0,0,0,0,0,0,47,0,0,5,7,199,0,0,0,0,0,2,2,2,2,2,0,0,2,10,0
4,0,0,0,0,0,0,0,0,0,0,0,75,0,1,5,7,199,0,0,0,0,0,1,1,1,1,1,0,0,2,9,0
14,18,4,55,3,0,0,2,1,0,0,13,2,1,0,4,7,198,2,50,4,8,15,4,8,14,5,4,5,1,3,17,30
68,18,4,53,3,0,0,2,0,0,0,12,3,0,0,4,7,198,2,50,4,9,15,3,7,13,4,3,4,1,2,17,15
-31,18,4,55,4,0,0,1,0,0,0,2,13,1,0,4,7,198,2,49,5,9,14,4,8,12,4,3,4,0,3,17,30
11,17,3,51,3,0,1,1,0,0,0,9,6,0,0,4,7,198,2,48,5,8,14,5,7,11,4,3,4,0,2,17,0
6,16,3,53,4,0,1,1,0,0,0,9,6,0,0,4,7,198,2,46,5,8,12,5,8,13,5,5,4,0,2,17,15
30,16,3,43,4,0,1,1,0,0,0,7,8,0,0,4,7,198,3,45,4,7,11,4,7,13,4,4,4,0,2,16,0
-24,15,3,51,4,0,1,2,0,0,0,12,3,0,0,4,7,198,3,43,3,6,9,4,8,12,5,5,4,1,2,17,0
1,15,3,45,3,0,1,2,0,0,0,10,5,0,0,4,7,198,3,43,3,6,9,3,7,11,4,4,4,1,2,16,15
3,14,2,43,3,0,1,2,1,0,0,11,4,0,0,4,7,198,3,41,3,6,9,2,6,12,5,3,4,1,2,16,0
-13,14,2,47,3,0,0,2,2,0,0,5,10,0,0,4,7,198,2,40,2,5,8,3,5,11,6,3,4,1,2,16,30
-24,13,1,45,4,0,0,2,2,0,0,10,5,0,0,4,7,198,2,38,3,4,8,4,7,12,7,3,4,2,2,16,15
8,13,1,41,3,0,0,2,2,0,0,9,6,0,0,4,7,198,2,38,3,4,8,3,6,11,6,3,4,2,2,15,45
33,13,1,34,3,0,0,2,1,0,0,5,10,0,0,4,7,198,2,38,3,4,9,2,6,10,5,3,4,3,2,14,45
-44,12,0,49,3,0,0,1,1,0,0,14,1,0,0,4,7,198,1,38,3,4,9,1,5,10,5,2,3,3,2,16,45
-1,12,0,38,5,0,0,3,0,0,0,5,10,0,0,4,7,198,2,34,0,3,9,4,7,12,7,3,3,3,1,15,15
-8,12,0,41,4,0,0,3,0,0,0,5,10,0,0,4,7,198,2,34,0,3,9,3,6,11,6,3,3,3,2,15,45
-51,12,0,47,4,0,0,2,0,0,0,44,1,0,0,4,7,198,1,34,2,4,9,4,6,10,6,3,2,3,2,16,30
-35,12,1,38,3,0,0,2,0,0,0,38,7,0,0,4,7,198,1,34,2,5,10,3,5,9,5,2,1,2,1,15,15
-30,12,2,34,3,0,0,1,0,0,0,17,28,0,0,4,7,198,0,34,3,6,13,4,6,13,5,1,1,1,2,14,45
-26,12,2,36,3,0,0,0,0,0,0,16,29,0,0,4,7,198,0,34,3,6,14,3,5,12,4,1,1,1,2,15,0
-107,12,2,49,4,0,0,0,0,0,0,11,4,0,0,4,7,198,2,32,3,6,16,3,5,12,3,1,0,1,2,16,45
-24,12,2,33,3,0,0,1,0,0,0,5,10,0,0,4,7,198,2,31,3,6,15,3,5,12,3,0,0,0,2,14,30
47,11,2,32,4,0,0,1,0,0,0,14,1,0,0,4,7,198,2,29,2,7,15,3,5,16,4,1,0,0,1,14,15
-6,10,2,31,4,0,0,1,0,0,0,6,9,0,0,4,7,198,1,28,3,7,15,3,7,17,5,2,0,0,1,13,30
-141,10,2,40,4,0,0,1,0,0,0,5,10,0,0,4,7,198,2,27,4,10,16,3,7,18,4,2,0,0,2,15,30
22,10,4,25,4,0,0,1,1,0,0,9,6,0,0,4,7,198,2,25,4,9,14,4,8,17,5,3,0,0,2,12,30
-28,9,3,29,4,0,0,1,1,0,1,5,10,0,0,4,7,198,2,23,6,8,14,5,11,18,6,5,0,0,1,13,0
26,9,3,27,5,0,0,0,1,0,1,14,1,0,0,4,7,198,2,22,5,8,14,5,11,17,6,5,0,0,1,12,45
-49,9,3,30,4,0,0,0,1,0,2,11,4,0,0,4,7,198,3,21,5,8,14,4,11,16,5,4,0,0,1,13,15
-30,9,3,25,4,0,0,0,1,0,1,8,7,0,0,4,7,198,3,21,5,8,14,4,11,15,4,3,0,0,2,12,30
-125,8,3,36,3,0,0,0,1,0,1,2,13,0,0,4,7,198,2,21,5,8,14,3,10,15,4,3,0,0,2,15,0
-3,7,3,23,5,0,0,1,0,0,2,0,15,0,0,4,7,198,2,17,3,6,14,7,11,15,7,5,0,0,2,12,15
-19,6,3,21,6,0,0,1,0,0,1,11,4,0,0,4,7,198,2,16,3,5,13,7,10,15,7,4,0,0,2,12,0
-22,6,3,21,5,0,0,1,0,0,1,0,15,0,0,4,7,198,1,16,3,7,15,7,10,16,7,4,0,0,2,12,0
7,6,3,19,4,0,0,1,1,0,1,7,8,0,0,4,7,198,1,15,4,6,14,7,9,17,7,3,0,0,2,11,45
26,6,3,14,4,0,0,1,1,0,0,7,8,0,0,4,7,198,1,15,4,6,14,6,9,16,6,3,0,0,2,11,0
-9,6,3,18,3,0,0,1,1,0,0,6,9,0,0,4,7,198,1,15,4,6,14,6,8,16,5,3,0,0,2,11,30
-60,6,3,23,3,0,0,1,1,0,0,4,11,0,0,4,7,198,2,14,3,5,13,5,7,15,4,2,0,0,2,12,15
21,6,3,19,2,0,0,1,2,0,0,12,3,0,0,4,7,198,3,13,2,6,13,4,6,15,3,2,0,0,2,11,45
-58,6,5,27,1,0,0,1,2,0,0,9,6,0,0,4,7,198,3,13,2,6,13,3,5,14,2,1,0,0,1,12,45
-22,5,4,16,0,0,0,2,2,0,0,14,1,0,0,4,7,198,2,12,3,5,12,3,5,13,3,1,0,0,1,11,15
17,4,3,16,1,0,0,1,2,0,0,6,9,0,0,4,7,198,2,11,2,6,11,3,5,12,3,2,0,0,1,11,15
12,3,3,9,1,0,0,1,2,0,1,2,13,0,0,4,7,198,2,9,2,8,9,3,7,13,4,2,0,0,2,10,15
9,3,3,11,1,0,0,1,1,0,1,7,8,0,0,4,7,198,2,9,4,8,9,3,8,12,3,1,0,0,1,10,30
-12,1,1,9,3,0,0,1,1,0,0,7,8,0,0,4,7,198,1,7,4,7,7,4,9,12,5,1,0,0,2,10,15
9,1,1,5,3,0,0,1,1,0,0,11,4,0,0,4,7,198,1,6,5,6,6,5,8,12,5,2,0,0,2,9,45
-29,1,1,14,6,0,0,0,1,0,0,8,2,0,0,4,7,198,3,3,3,3,3,7,9,11,5,2,0,0,2,11,0
-15,1,1,7,5,0,0,0,1,0,0,4,6,0,0,4,7,198,3,3,3,3,3,6,8,10,4,2,0,0,2,10,0
91,0,0,3,5,0,0,0,0,0,0,0,10,0,0,4,7,198,1,3,3,3,3,5,7,9,5,3,0,0,1,9,20
-13,0,0,5,5,0,0,0,0,0,1,0,5,0,0,4,7,198,3,1,1,1,1,4,6,8,4,3,0,0,2,9,45
-68,0,0,11,4,0,0,0,0,0,1,8,7,0,0,4,7,198,2,1,1,1,1,3,5,7,4,3,0,0,1,10,30
24,0,0,4,3,0,0,0,0,0,1,6,9,0,0,4,7,198,2,1,1,1,1,2,4,6,3,2,0,0,2,9,30
-48,0,0,7,3,0,0,0,0,0,1,0,2,0,0,4,7,198,2,0,0,0,0,3,4,5,3,1,0,0,2,10,0
-102,0,0,13,3,0,0,0,0,0,0,0,30,0,0,4,7,198,0,0,0,0,0,3,4,4,4,2,0,0,2,10,45
-4,0,0,0,2,0,0,0,0,0,0,0,31,0,1,4,7,198,0,0,0,0,0,2,3,3,3,2,0,0,1,9,0
-26,0,0,2,1,0,0,0,0,0,0,0,57,0,0,4,7,198,0,0,0,0,0,2,2,2,2,2,0,0,1,9,15
23,0,0,0,0,0,0,0,0,0,0,0,76,0,1,4,7,198,0,0,0,0,0,1,1,1,1,1,0,0,1,9,0
-4,25,2,57,4,0,1,0,1,0,0,11,4,0,0,3,7,197,3,54,3,6,17,2,5,14,4,2,6,1,1,17,30
10,23,1,51,4,0,1,2,1,0,0,4,11,0,0,3,7,197,3,51,3,8,16,4,7,16,6,3,5,2,2,16,45
-5,23,1,55,4,0,1,2,0,0,0,9,6,0,0,3,7,197,2,51,5,9,16,3,8,16,6,3,5,1,2,17,15
20,23,1,49,4,0,0,3,0,0,0,2,13,0,0,3,7,197,2,50,4,9,16,2,9,17,6,3,5,1,2,16,30
26,23,1,53,3,0,0,3,0,0,1,12,3,0,0,3,7,197,2,49,4,9,16,3,8,17,6,4,5,1,2,17,0
-29,23,3,57,4,0,0,3,0,0,2,1,14,0,0,3,7,197,2,46,5,9,14,7,11,18,8,5,5,3,1,17,30
-2,23,3,51,3,0,0,3,0,0,2,0,15,0,0,3,7,197,2,46,5,9,14,6,10,18,7,4,4,3,2,16,45
-1,23,3,49,3,0,0,2,0,0,3,10,5,0,0,3,7,197,2,45,6,9,13,5,10,18,7,4,4,3,2,16,30
-17,22,2,47,5,0,0,2,0,0,2,0,15,0,0,3,7,197,2,43,5,8,13,6,9,17,8,5,4,3,2,16,15
-4,22,2,43,4,0,0,2,0,0,2,0,15,0,0,3,7,197,2,43,5,8,13,5,8,16,7,5,4,3,2,15,45
-41,22,2,53,5,0,0,1,1,0,2,7,8,0,0,3,7,197,3,41,4,6,11,5,9,16,7,4,4,4,2,17,0
-3,22,2,45,4,0,0,1,1,0,2,6,9,0,0,3,7,197,3,41,4,6,11,5,9,15,6,4,4,4,2,16,0
-45,22,3,47,6,0,0,1,1,0,1,9,6,0,0,3,7,197,3,39,4,6,11,5,10,14,7,5,4,4,2,16,15
-103,22,3,59,6,0,0,0,1,0,1,8,7,0,0,3,7,197,3,39,4,6,11,4,9,13,6,4,3,4,1,17,45
-5,21,2,41,7,0,0,0,1,0,1,9,6,0,0,3,7,197,3,37,2,5,12,4,9,12,7,5,3,3,2,15,30
-104,21,3,60,6,0,0,0,1,0,1,7,8,1,0,3,7,197,3,37,2,5,12,4,8,11,6,5,2,3,2,18,0
9,20,2,41,7,0,0,0,1,0,0,14,1,0,0,3,7,197,3,36,2,4,12,4,8,10,6,5,1,2,2,15,30
-29,20,3,43,6,0,1,0,1,0,0,14,1,0,0,3,7,197,2,35,2,5,12,6,8,11,7,4,0,1,2,15,45
-49,20,4,39,6,0,0,0,1,0,0,8,7,0,0,3,7,197,1,35,3,5,13,5,8,11,7,4,0,0,2,15,15
37,20,4,34,5,0,0,0,1,0,0,7,8,0,0,3,7,197,1,35,3,5,13,4,7,10,6,3,0,0,2,14,30
-12,19,3,35,5,0,0,0,1,0,0,43,2,0,0,3,7,197,1,34,2,6,13,4,6,10,6,3,0,0,2,14,45
-1,19,3,39,4,0,0,0,2,0,0,39,6,0,0,3,7,197,2,33,1,5,13,4,5,9,5,3,0,0,2,15,15
3,19,3,35,3,0,0,0,2,0,0,32,13,0,0,3,7,197,2,33,3,5,14,3,4,12,4,2,0,0,2,14,45
-2,18,3,37,3,0,0,0,2,0,0,15,30,0,0,3,7,197,1,32,4,8,14,3,3,16,5,1,0,0,2,15,0
-20,18,3,37,2,0,0,0,2,0,0,10,35,0,0,3,7,197,1,32,4,8,14,2,2,16,4,0,0,0,2,15,0
3,17,2,33,3,0,0,1,1,0,0,13,2,0,0,3,7,197,2,30,3,7,14,1,3,15,4,0,0,0,1,14,15
38,15,4,31,8,0,0,1,2,0,0,7,8,0,0,3,7,197,2,23,3,5,14,5,14,17,10,4,0,0,1,13,15
-120,15,5,45,7,0,0,1,2,0,0,3,12,0,0,3,7,197,2,23,4,6,15,7,13,16,9,4,0,0,2,16,0
80,15,5,23,7,0,0,1,2,0,0,11,4,0,0,3,7,197,3,22,3,7,15,8,12,16,8,4,0,0,2,12,15
-238,13,3,55,6,0,0,1,2,0,0,4,11,0,0,3,7,197,1,22,4,8,15,9,12,16,9,5,0,0,2,17,15
27,13,4,29,8,0,0,0,2,0,0,8,7,0,0,3,7,197,2,20,2,8,13,10,12,15,9,5,0,0,1,13,0
-7,13,4,29,7,0,0,0,2,0,0,6,9,0,0,3,7,197,2,20,2,8,13,9,11,14,8,5,0,0,1,13,0
69,13,4,19,6,0,0,0,2,0,0,4,11,0,0,3,7,197,1,19,2,8,13,8,10,13,8,5,0,0,2,11,45
-5,13,4,27,6,0,0,0,2,0,0,3,12,0,0,3,7,197,2,19,2,7,12,7,9,12,7,5,0,0,2,12,45
-16,13,4,25,5,0,0,0,2,0,0,0,15,0,0,3,7,197,2,19,3,7,12,6,8,11,6,5,0,0,2,12,30
-7,12,4,27,4,0,0,0,2,0,0,14,1,0,0,3,7,197,1,19,3,7,12,5,7,11,6,4,0,0,2,12,45
25,12,4,21,4,0,0,0,1,0,0,11,4,0,0,3,7,197,1,19,4,7,12,4,6,10,5,3,0,0,2,12,0
6,12,4,23,4,0,0,0,0,0,0,9,6,0,0,3,7,197,1,19,4,7,12,3,5,9,4,2,0,0,2,12,15
-28,12,4,32,4,0,0,0,0,0,0,3,12,0,0,3,7,197,2,18,4,9,11,3,4,9,3,2,0,0,1,13,30
0,11,4,21,3,0,0,0,0,0,0,11,4,0,0,3,7,197,1,18,5,9,13,3,4,10,3,2,0,0,2,12,0
-25,10,5,25,4,0,0,0,1,0,0,8,7,0,0,3,7,197,3,15,3,8,13,2,5,13,3,2,0,0,2,12,30
14,10,5,18,3,0,0,1,1,0,0,1,14,0,0,3,7,197,3,14,5,7,12,1,4,13,3,2,0,0,2,11,30
-27,7,4,19,5,0,0,2,1,0,1,0,15,0,0,3,7,197,3,9,2,3,9,3,5,14,7,4,0,0,2,11,45
45,5,3,12,5,0,1,2,0,0,1,13,2,0,0,3,7,197,2,8,1,4,8,3,6,16,8,4,0,0,1,10,30
6,5,4,12,5,0,1,2,0,0,1,9,6,0,0,3,7,197,3,7,0,5,7,2,8,15,7,4,0,0,1,10,30
34,4,4,15,4,0,1,2,0,0,1,0,15,0,0,3,7,197,1,7,3,6,7,4,9,16,8,6,0,0,1,11,0
-10,4,4,17,4,0,1,1,0,0,1,4,11,0,0,3,7,197,1,7,5,6,7,8,9,15,7,6,0,0,1,11,15
1,3,3,14,6,0,1,0,0,0,1,14,1,0,0,3,7,197,2,5,3,5,5,7,9,14,7,5,0,0,2,10,45
28,3,3,8,5,0,1,0,0,0,1,13,2,0,0,3,7,197,2,5,3,5,5,6,8,13,6,5,0,0,2,10,0
13,2,2,8,6,0,1,0,0,0,0,13,2,0,0,3,7,197,1,4,3,4,4,5,10,12,7,5,0,0,2,10,0
45,2,2,10,5,0,1,0,0,0,0,12,3,0,0,3,7,197,1,4,3,4,4,5,9,11,6,4,0,0,2,10,15
-10,1,1,10,7,0,0,0,0,0,0,9,6,0,0,3,7,197,2,2,1,2,2,4,8,10,6,3,0,0,2,10,15
-11,1,1,15,6,0,0,0,0,0,0,8,7,0,0,3,7,197,2,2,1,2,2,3,8,9,5,2,0,0,1,11,0
49,1,1,0,5,0,0,0,0,0,0,5,10,0,1,3,7,197,2,2,1,2,2,2,7,8,4,1,0,0,2,9,0
-13,0,0,5,5,0,0,0,0,0,0,0,2,0,0,3,7,197,1,1,1,1,1,5,7,7,5,2,0,0,2,9,30
-50,0,0,6,5,0,0,0,0,0,0,0,14,0,0,3,7,197,1,0,0,0,0,5,6,6,5,1,0,0,2,9,45
-17,0,0,6,4,0,0,0,0,0,0,0,20,0,0,3,7,197,0,0,0,0,0,4,5,5,5,2,0,0,2,9,45
11,0,0,3,3,0,0,0,0,0,0,0,21,0,0,3,7,197,0,0,0,0,0,3,4,4,4,1,0,0,1,9,15
13,0,0,0,2,0,0,0,0,0,0,0,24,0,1,3,7,197,0,0,0,0,0,2,3,3,3,1,0,0,2,9,0
19,0,0,3,1,0,0,0,0,0,0,0,36,0,0,3,7,197,0,0,0,0,0,2,2,2,2,1,0,0,1,9,15
-19,0,0,0,0,0,0,0,0,0,0,0,56,0,1,3,7,197,0,0,0,0,0,1,1,1,1,1,0,0,2,9,0
21,30,1,49,4,0,0,1,0,0,0,11,4,0,0,2,7,196,4,48,3,4,13,2,4,8,2,1,1,0,2,17,15
-7,29,2,50,5,0,0,1,0,0,0,1,14,0,0,2,7,196,2,46,1,5,12,2,6,9,5,3,1,1,2,17,30
-38,29,3,52,5,0,0,1,0,0,0,14,1,1,0,2,7,196,2,45,2,7,12,3,5,8,5,2,1,1,3,17,45
-48,29,4,52,5,0,0,1,0,0,0,1,14,1,0,2,7,196,1,44,3,8,12,4,5,9,6,2,1,1,3,17,45
-15,29,4,50,4,0,0,1,0,0,0,7,8,0,0,2,7,196,1,44,4,9,13,3,4,9,5,2,1,1,2,17,30
0,28,6,42,4,0,0,1,0,0,0,6,9,0,0,2,7,196,1,43,6,9,13,3,4,11,5,3,1,1,1,16,15
44,28,6,45,4,0,0,0,0,0,0,6,9,0,0,2,7,196,1,43,6,9,13,2,3,10,4,2,0,1,2,16,45
65,26,6,40,7,0,0,1,0,0,0,11,4,0,0,2,7,196,3,38,4,5,10,2,5,12,6,2,0,0,2,16,0
-21,23,3,47,9,0,0,1,0,0,0,2,13,0,0,2,7,196,2,35,2,4,10,2,6,14,9,4,0,0,1,17,0
-19,22,2,47,9,0,0,1,0,0,0,4,11,0,0,2,7,196,2,34,2,4,10,3,7,13,9,4,0,0,1,17,0
18,20,0,38,9,0,0,1,0,0,0,27,3,0,0,2,7,196,1,33,2,5,11,5,9,14,10,3,0,0,2,15,45
48,20,0,33,8,0,0,1,0,0,0,26,4,0,0,2,7,196,1,33,3,5,11,4,8,13,9,3,0,0,2,15,0
-72,20,1,45,8,0,0,2,0,0,0,8,22,0,0,2,7,196,2,31,2,6,10,5,8,15,9,4,0,0,2,16,45
19,20,1,35,7,0,0,2,0,0,0,4,26,0,0,2,7,196,2,31,3,6,10,5,8,14,8,3,0,0,1,15,15
4,20,2,35,6,0,0,2,0,0,0,2,28,0,0,2,7,196,1,31,3,6,10,5,8,13,8,4,0,0,1,15,15
31,20,2,30,6,0,1,1,0,0,0,38,7,0,0,2,7,196,2,30,2,6,10,4,7,12,7,4,0,0,2,14,15
9,20,3,31,6,0,1,1,0,0,0,24,21,0,0,2,7,196,2,29,4,5,10,4,6,13,7,4,0,0,2,14,45
-46,20,3,44,5,0,1,1,0,0,0,21,24,0,0,2,7,196,2,29,4,6,10,4,5,12,6,4,0,0,2,16,30
-28,20,3,31,5,0,1,1,0,0,0,19,26,0,0,2,7,196,3,28,3,5,10,4,4,11,5,3,0,0,2,14,45
21,19,2,33,4,0,1,1,0,0,0,8,37,0,0,2,7,196,1,28,4,7,11,3,5,10,6,2,0,0,2,15,0
129,19,4,26,5,0,1,1,1,0,0,7,8,0,0,2,7,196,2,25,2,4,11,2,7,12,7,1,0,0,1,13,0
-84,19,4,37,5,0,1,0,1,0,0,4,11,0,0,2,7,196,2,25,2,4,11,1,6,11,6,1,0,0,2,15,30
-102,17,4,42,6,0,1,0,1,0,0,4,11,0,0,2,7,196,1,23,2,5,13,5,7,15,8,2,0,0,1,16,15
53,17,4,25,5,0,1,0,1,0,0,3,12,0,0,2,7,196,1,23,2,5,13,4,6,14,7,1,0,0,2,12,45
-2,16,4,29,6,0,1,0,1,0,0,13,2,0,0,2,7,196,1,21,2,6,14,4,7,14,8,1,0,0,1,13,30
-3,15,3,28,6,0,1,0,0,0,0,10,5,0,0,2,7,196,0,21,2,7,15,3,6,13,8,1,0,0,1,13,15
-123,15,3,38,6,0,0,0,0,0,0,9,6,0,0,2,7,196,0,21,2,7,15,2,5,12,7,0,0,0,2,15,45
-153,15,7,40,6,0,0,0,1,0,0,14,1,0,0,2,7,196,2,19,4,7,16,3,7,13,6,0,0,0,2,16,0
14,14,7,22,5,0,0,0,1,0,0,9,6,0,0,2,7,196,1,19,5,7,17,3,9,13,6,1,0,0,1,12,15
-21,13,8,26,6,0,1,0,1,0,0,3,12,0,0,2,7,196,2,16,4,8,15,4,9,15,7,2,0,0,1,13,0
78,12,7,20,6,0,1,0,1,0,0,13,2,0,0,2,7,196,2,15,3,8,15,4,8,14,7,2,0,0,2,12,0
21,12,7,16,7,0,1,0,0,0,0,8,7,0,0,2,7,196,3,14,3,8,14,6,7,13,6,2,0,0,2,11,30
9,10,7,18,8,0,1,0,0,0,0,9,6,0,0,2,7,196,3,12,4,7,12,6,7,14,7,2,0,0,2,11,45
5,8,6,14,7,0,1,0,0,0,0,1,14,0,0,2,7,196,1,12,4,9,12,5,7,14,8,2,0,0,2,11,15
11,8,6,22,6,0,1,0,0,0,0,12,3,0,0,2,7,196,1,12,5,9,12,4,7,14,7,1,0,0,1,12,15
3,7,5,16,6,0,0,0,0,0,0,11,4,0,0,2,7,196,0,12,6,9,12,3,6,15,7,2,0,0,2,11,30
25,7,5,24,5,0,0,0,0,0,0,10,5,0,0,2,7,196,0,12,6,10,12,2,5,14,6,2,0,0,1,12,30
-27,7,6,20,6,0,0,0,0,0,0,13,2,0,0,2,7,196,2,10,5,8,10,2,5,13,5,2,0,0,2,12,0
5,3,3,12,8,0,0,1,0,0,1,13,2,0,0,2,7,196,1,5,3,5,5,4,8,15,10,5,0,0,2,11,0
-5,2,2,9,8,0,0,1,0,0,1,3,12,0,0,2,7,196,1,4,3,4,4,5,7,14,10,5,0,0,2,10,30
5,2,2,14,7,0,0,1,0,0,2,13,2,0,0,2,7,196,2,3,3,3,3,4,8,13,9,5,0,0,2,11,15
1,1,1,7,7,0,0,1,1,0,1,8,7,0,0,2,7,196,1,2,2,2,2,3,9,12,10,6,0,0,1,10,15
-52,1,1,10,8,0,0,1,1,0,0,7,8,0,0,2,7,196,2,1,1,1,1,4,8,12,9,5,0,0,2,10,45
11,0,0,10,7,0,0,1,1,0,0,3,12,0,0,2,7,196,1,1,1,1,1,3,7,11,9,5,0,0,2,10,45
42,0,0,6,7,0,0,1,1,0,0,5,10,0,0,2,7,196,1,0,0,0,0,6,8,10,9,5,0,0,2,10,0
3,0,0,12,6,0,0,1,1,0,0,1,14,0,0,2,7,196,0,0,0,0,0,5,8,9,9,6,0,0,2,11,0
-28,0,0,4,5,0,0,1,1,0,0,2,13,0,0,2,7,196,0,0,0,0,0,4,7,8,8,6,0,0,1,9,45
36,0,0,0,5,0,0,1,0,0,0,0,1,0,1,2,7,196,0,0,0,0,0,4,6,7,7,5,0,0,1,9,0
39,0,0,1,4,0,0,1,0,0,0,0,3,0,0,2,7,196,0,0,0,0,0,3,5,6,6,4,0,0,2,9,15
19,0,0,7,3,0,0,1,0,0,0,0,3,0,0,2,7,196,0,0,0,0,0,3,4,5,5,4,0,0,1,10,15
44,0,0,2,2,0,0,1,0,0,0,0,31,0,0,2,7,196,0,0,0,0,0,3,4,4,4,3,0,0,2,9,30
34,0,0,2,2,0,0,0,0,0,0,0,33,0,0,2,7,196,0,0,0,0,0,2,3,3,3,3,0,0,2,9,30
-76,0,0,18,1,0,0,0,0,0,0,0,42,0,0,2,7,196,0,0,0,0,0,2,2,2,2,2,0,0,2,11,45
-22,0,0,4,0,0,0,0,0,0,0,0,71,0,0,2,7,196,0,0,0,0,0,1,1,1,1,1,0,0,1,9,45
-20,25,4,53,1,0,1,3,0,0,0,10,5,1,0,6,7,193,1,49,6,10,14,5,8,11,5,3,6,2,1,17,30
-19,25,4,50,2,0,1,3,0,0,0,2,13,0,0,6,7,193,3,47,6,9,13,4,7,11,4,2,6,2,1,17,0
-27,25,4,52,2,0,1,3,0,0,0,5,10,0,0,6,7,193,2,46,7,9,13,6,7,12,5,4,6,3,2,17,15
49,23,2,45,2,0,2,2,0,0,0,0,15,0,0,6,7,193,1,45,6,8,12,5,6,13,6,5,5,3,2,16,10
-1,23,2,49,2,0,2,3,0,0,0,0,5,0,0,6,7,193,2,43,4,7,11,4,5,12,6,4,4,2,2,16,45
-32,21,0,50,3,0,2,3,0,0,1,10,5,0,0,6,7,193,3,40,2,5,9,3,5,13,7,5,4,1,1,17,0
0,21,0,46,3,0,1,3,0,0,1,10,5,0,0,6,7,193,3,40,2,5,9,2,4,12,6,4,4,1,1,16,15
65,21,0,37,2,0,1,3,0,0,1,7,8,0,0,6,7,193,2,40,3,5,10,2,3,11,6,3,4,1,2,15,15
-79,21,1,53,4,0,0,4,0,0,1,9,6,1,0,6,7,193,3,37,2,4,10,2,6,13,7,3,3,1,1,17,30
-8,21,1,43,6,0,0,4,0,0,0,4,11,0,0,6,7,193,2,35,1,4,8,3,7,13,9,4,3,0,1,16,0
70,20,1,35,5,0,0,4,0,0,0,0,15,0,0,6,7,193,0,35,2,6,10,6,9,13,10,5,3,1,2,15,0
-9,20,3,48,5,0,1,3,0,0,0,5,10,0,0,6,7,193,1,34,3,5,11,5,10,14,9,5,3,1,1,16,30
-34,20,3,39,4,0,1,3,0,0,0,1,14,0,0,6,7,193,1,34,3,6,12,4,9,13,8,4,3,1,2,15,30
-40,20,3,46,3,0,1,3,0,0,0,13,2,0,0,6,7,193,0,34,3,7,13,3,8,12,8,3,3,1,1,16,15
-38,20,4,41,2,0,1,4,0,0,0,3,12,0,0,6,7,193,1,33,4,6,14,4,7,11,7,2,3,1,2,15,45
42,20,4,37,1,0,1,4,0,0,0,3,12,0,0,6,7,193,1,33,4,6,14,3,6,10,6,2,3,1,2,15,15
17,19,4,33,1,0,1,4,1,0,0,26,19,0,0,6,7,193,1,31,4,6,13,5,6,11,7,3,3,1,1,14,30
-17,19,4,39,1,0,1,3,1,0,0,25,20,0,0,6,7,193,1,31,4,6,13,4,5,10,6,3,3,1,2,15,30
-30,19,4,35,3,0,0,3,1,0,0,18,27,0,0,6,7,193,3,29,2,4,12,3,5,11,5,2,2,1,2,15,0
-7,19,5,43,3,0,0,2,1,0,0,12,33,0,0,6,7,193,3,29,2,5,14,3,4,11,4,2,2,0,1,16,0
-27,19,5,41,3,0,0,1,1,0,0,11,34,0,0,6,7,193,3,29,2,5,14,2,3,10,3,2,2,0,2,15,45
99,16,3,18,4,0,0,1,1,0,0,0,15,0,0,6,7,193,1,27,2,8,15,2,4,11,6,4,2,0,2,11,45
-16,15,3,32,4,0,1,1,1,0,0,4,11,0,0,6,7,193,2,25,6,8,16,3,6,13,6,4,2,0,1,14,15
26,14,2,31,5,0,1,1,0,0,0,10,5,0,0,6,7,193,2,24,6,9,16,2,7,13,6,3,2,0,1,13,30
-20,14,2,28,5,0,0,1,0,0,0,9,6,0,0,6,7,193,1,24,6,9,16,1,6,12,6,3,2,0,1,13,0
-39,13,5,30,10,0,0,1,0,0,0,0,15,0,0,6,7,193,2,18,4,8,14,5,8,15,10,5,2,1,1,13,15
-22,13,6,26,9,0,0,1,0,0,0,13,2,0,0,6,7,193,2,18,4,8,14,5,9,15,9,4,2,2,2,12,45
68,13,7,24,8,0,0,1,0,0,0,9,6,0,0,6,7,193,1,17,4,8,14,4,8,14,9,4,2,2,2,12,30
43,12,6,24,8,0,0,1,0,0,0,3,12,0,0,6,7,193,1,17,4,8,13,4,7,15,9,4,2,2,2,12,30
38,12,6,28,9,0,0,1,0,0,0,14,1,0,0,6,7,193,3,15,3,7,11,3,7,15,8,3,2,2,1,13,0
16,10,6,20,8,0,0,1,0,0,1,0,15,0,0,6,7,193,2,14,4,7,12,4,7,15,9,4,2,2,2,12,0
-82,9,5,34,7,0,0,1,0,0,1,7,8,0,0,6,7,193,1,14,4,8,13,4,8,15,9,5,1,2,2,14,45
29,8,6,22,11,0,0,0,0,0,1,1,14,0,0,6,7,193,3,10,3,6,10,5,8,17,10,6,1,1,2,12,15
10,8,6,14,11,0,0,0,0,0,0,0,15,0,0,6,7,193,3,10,3,6,10,4,7,16,9,6,0,1,2,11,15
-24,8,6,26,10,0,0,0,0,0,0,14,1,0,0,6,7,193,3,10,3,6,10,3,6,15,8,5,0,0,2,12,45
-5,6,4,22,9,0,0,0,1,0,0,2,13,0,0,6,7,193,2,9,3,5,9,5,8,17,9,5,0,0,2,12,15
-36,6,4,14,8,0,0,1,1,0,0,6,9,0,0,6,7,193,2,8,3,4,8,4,8,17,9,5,0,0,2,11,15
19,4,2,16,8,0,1,1,1,0,0,8,7,0,0,6,7,193,1,6,2,5,6,4,9,16,11,5,0,0,2,11,30
-6,4,2,20,7,0,1,1,1,0,0,8,7,0,0,6,7,193,1,6,2,5,6,3,8,15,10,4,0,0,2,12,0
-2,4,3,10,7,0,0,1,1,0,0,6,9,0,0,6,7,193,1,6,2,5,6,4,8,14,9,4,0,0,1,10,30
-37,2,2,18,6,0,2,1,1,0,0,14,1,0,0,6,7,193,1,4,2,4,4,5,9,15,10,5,0,0,2,11,45
40,2,2,9,5,0,2,1,1,0,0,7,8,0,0,6,7,193,1,4,3,4,4,5,11,14,9,5,0,0,2,10,15
18,2,2,5,5,0,1,1,1,0,0,6,9,0,0,6,7,193,1,4,3,4,4,5,10,13,8,5,0,0,2,9,45
12,2,2,13,4,0,1,1,1,0,0,1,14,0,0,6,7,193,1,4,4,4,4,5,9,12,7,5,0,0,2,11,0
14,2,2,12,4,0,2,1,1,0,0,0,15,0,0,6,7,193,2,2,2,2,2,5,9,11,7,4,0,0,1,10,45
5,2,2,7,3,0,2,1,1,0,0,13,2,0,0,6,7,193,1,2,2,2,2,5,8,10,7,4,0,0,1,10,0
35,2,2,7,4,0,2,1,0,0,0,7,8,0,0,6,7,193,2,1,1,1,1,6,7,9,6,3,0,0,1,10,0
64,1,1,10,3,0,2,1,0,0,0,5,10,0,0,6,7,193,1,1,1,1,1,5,6,8,6,2,0,0,1,10,30
4,0,0,16,3,0,2,1,0,0,0,2,13,0,0,6,7,193,0,0,0,0,0,5,6,7,7,2,0,0,2,11,30
-2,0,0,3,2,0,2,1,0,0,0,0,2,0,0,6,7,193,0,0,0,0,0,4,6,6,6,2,0,0,2,9,30
21,0,0,0,1,0,2,1,0,0,0,0,5,0,1,6,7,193,0,0,0,0,0,3,5,5,5,1,0,0,1,9,0
-3,0,0,5,1,0,1,1,0,0,0,0,7,0,0,6,7,193,0,0,0,0,0,2,4,4,4,1,0,0,2,9,45
-9,0,0,2,1,0,0,1,0,0,0,0,22,0,0,6,7,193,0,0,0,0,0,1,3,3,3,1,0,0,2,9,15
7,0,0,0,0,0,0,1,0,0,0,0,52,0,1,6,7,193,0,0,0,0,0,2,2,2,2,1,0,0,1,9,0
60,0,0,3,0,0,0,0,0,0,0,0,59,0,0,6,7,193,0,0,0,0,0,1,1,1,1,0,0,0,2,9,30
36,26,3,60,3,0,0,0,0,0,0,10,0,1,0,5,7,192,1,57,3,4,12,1,4,6,3,2,6,1,2,17,45
57,24,3,54,5,0,0,0,0,0,0,5,10,0,0,5,7,192,1,54,2,5,14,3,4,8,5,2,6,0,2,17,0
62,24,3,56,4,0,0,0,0,0,0,1,14,0,0,5,7,192,1,54,2,6,14,2,3,8,4,2,6,0,2,17,15
8,23,2,58,4,0,0,0,0,0,0,13,2,0,0,5,7,192,1,53,4,8,16,1,3,9,4,2,6,1,1,17,30
-1,21,3,58,6,0,1,0,0,0,0,10,5,0,0,5,7,192,2,49,4,7,16,2,5,16,6,2,6,1,1,17,30
146,21,3,33,7,0,0,0,0,0,0,0,15,0,0,5,7,192,3,48,4,8,16,2,5,16,5,2,5,1,1,14,0
-27,21,5,50,9,0,1,0,0,0,0,7,8,0,0,5,7,192,4,44,4,7,14,3,8,19,7,3,5,1,2,16,30
-15,19,3,54,9,0,1,0,0,0,0,11,4,0,0,5,7,192,3,43,4,8,14,5,10,19,8,3,5,2,2,17,0
28,19,3,56,8,0,1,0,0,0,0,8,7,0,0,5,7,192,2,43,5,8,15,4,11,18,8,3,5,2,2,17,15
-10,18,2,48,9,1,1,0,0,0,0,3,12,0,0,5,7,192,2,40,3,8,13,6,12,18,10,4,5,2,2,16,15
15,18,2,48,8,1,1,0,0,0,0,12,3,0,0,5,7,192,1,40,4,8,13,7,11,19,10,4,5,2,2,16,15
15,18,2,52,7,1,1,0,0,0,0,12,3,0,0,5,7,192,1,40,5,8,13,6,10,18,9,4,5,2,2,16,45
26,16,0,40,8,2,1,0,0,0,0,8,7,0,0,5,7,192,2,37,4,7,11,8,13,18,10,4,5,2,2,15,15
28,16,0,38,8,2,0,0,0,0,0,7,8,0,0,5,7,192,2,37,4,7,11,7,12,18,9,4,4,2,2,15,0
6,16,0,44,7,2,0,0,0,0,0,6,9,0,0,5,7,192,1,37,4,7,11,6,11,17,9,3,4,1,2,15,45
-11,16,0,42,7,1,0,0,0,0,0,2,13,0,0,5,7,192,1,37,5,8,12,6,10,17,8,2,3,1,2,15,30
-17,16,0,50,7,1,0,0,0,0,0,0,15,0,0,5,7,192,2,36,4,7,11,5,10,16,7,2,3,0,2,16,30
-22,16,0,46,7,1,0,0,0,0,0,9,6,0,0,5,7,192,3,35,4,7,10,4,9,16,6,2,3,0,2,16,0
-17,16,0,44,6,1,0,0,0,0,0,8,7,0,0,5,7,192,3,35,4,7,10,3,8,15,5,2,3,0,2,15,45
-44,16,1,46,5,1,0,0,0,0,0,5,10,0,0,5,7,192,2,35,4,7,11,3,7,14,5,1,3,0,2,16,0
282,16,1,9,5,1,0,1,0,0,0,5,10,0,0,5,7,192,2,33,3,5,10,5,7,13,6,1,3,0,2,10,15
-8,16,3,36,6,0,0,1,0,0,1,7,8,0,0,5,7,192,3,31,3,4,9,5,8,12,6,0,3,1,2,14,45
13,16,3,36,5,0,0,1,0,0,1,3,12,0,0,5,7,192,2,31,3,4,9,4,7,11,6,0,3,1,2,14,45
-12,16,3,34,4,0,0,1,0,0,1,29,1,0,0,5,7,192,2,31,3,4,11,3,7,10,5,0,3,1,1,14,15
-38,16,3,42,3,0,0,1,0,0,1,28,2,0,0,5,7,192,2,31,3,4,11,2,6,9,4,0,3,1,2,15,30
-38,16,3,38,3,0,0,2,0,0,1,15,15,0,0,5,7,192,4,29,2,4,10,4,7,9,3,0,3,1,2,15,0
-93,15,2,40,2,0,0,3,0,0,1,12,3,0,0,5,7,192,2,28,1,5,13,4,7,11,5,2,3,1,2,15,15
-140,15,2,52,2,0,0,3,0,0,1,2,13,0,0,5,7,192,3,27,2,5,14,5,6,13,4,1,2,1,2,16,45
-17,15,3,35,2,0,0,2,0,0,1,0,15,0,0,5,7,192,3,27,2,5,14,4,5,12,3,1,2,0,2,14,30
37,13,1,29,1,0,0,2,0,0,1,1,14,0,0,5,7,192,1,27,3,5,19,4,4,11,4,1,2,0,1,13,0
7,13,2,29,1,0,0,2,0,0,1,7,8,0,0,5,7,192,2,26,3,7,19,3,3,13,3,0,2,0,1,13,0
-2,13,2,32,2,0,0,1,0,0,1,4,11,0,0,5,7,192,3,25,3,6,19,2,3,13,2,0,2,1,1,13,30
26,13,2,27,2,0,0,0,0,0,1,10,5,0,0,5,7,192,3,25,3,8,19,1,2,12,1,0,2,1,2,12,45
-4,11,5,23,6,0,0,0,1,0,1,5,10,0,0,5,7,192,3,19,6,12,17,7,11,16,6,3,1,2,2,12,15
-1,11,6,25,7,0,0,0,1,0,1,7,8,0,0,5,7,192,2,17,9,11,15,6,11,16,8,4,1,1,2,12,30
-8,9,4,20,8,0,0,0,1,0,1,14,1,0,0,5,7,192,2,15,8,11,13,5,12,16,9,4,1,1,1,11,45
-42,9,4,25,7,0,0,0,1,0,1,13,2,0,0,5,7,192,2,15,8,11,13,5,11,15,8,3,1,1,2,12,30
-74,9,4,31,7,0,0,0,1,0,0,10,5,0,0,5,7,192,2,15,8,11,13,4,11,14,7,3,0,1,1,13,15
-15,9,4,27,6,0,0,0,1,0,0,9,6,0,0,5,7,192,2,15,8,11,14,4,10,13,6,3,0,0,2,12,45
1,9,4,22,6,0,0,0,1,0,0,6,9,0,0,5,7,192,3,14,7,10,13,4,9,12,5,3,0,0,2,12,0
1,6,3,23,9,0,1,0,3,0,0,14,1,0,0,5,7,192,6,7,3,4,7,7,9,15,8,5,0,0,2,12,15
18,6,3,14,8,0,1,0,3,0,0,9,6,0,0,5,7,192,6,7,3,4,7,7,8,15,7,4,0,0,2,11,0
3,6,3,18,7,0,1,0,3,0,0,8,7,0,0,5,7,192,6,7,3,5,7,6,7,14,6,3,0,0,2,11,30
-1,6,3,20,6,0,1,0,3,0,0,5,10,0,0,5,7,192,6,7,3,5,7,5,6,13,5,3,0,0,1,11,45
5,5,4,16,5,0,1,1,3,0,0,10,5,0,0,5,7,192,6,6,2,4,6,5,6,15,5,2,0,0,2,11,15
17,5,4,13,5,0,1,1,2,0,0,5,10,0,0,5,7,192,6,6,2,4,6,4,6,14,4,1,0,0,2,10,45
-5,5,4,16,6,0,1,1,2,0,0,1,14,0,0,5,7,192,8,4,1,2,4,3,5,13,3,1,0,0,2,11,15
1,5,4,18,5,0,1,1,2,0,0,12,3,0,0,5,7,192,7,4,1,2,4,2,4,12,3,1,0,0,2,11,30
32,4,4,9,5,0,0,1,2,0,0,12,3,0,0,5,7,192,5,4,2,3,4,2,3,13,4,2,0,0,2,10,15
14,1,1,7,6,0,0,1,2,0,0,1,14,0,0,5,7,192,3,2,1,2,2,2,9,12,7,5,0,0,2,10,0
-7,1,1,11,6,0,0,0,2,0,0,6,9,0,0,5,7,192,3,2,1,2,2,4,9,11,6,5,0,0,1,10,30
-3,0,0,7,6,0,0,0,1,0,1,11,4,0,0,5,7,192,1,1,1,1,1,8,10,10,8,5,0,0,2,10,0
-33,0,0,14,5,0,0,0,1,0,1,8,7,0,0,5,7,192,1,1,1,1,1,7,9,9,7,4,0,0,2,11,0
-14,0,0,3,4,0,0,0,1,0,1,6,9,0,0,5,7,192,0,1,1,1,1,6,8,8,7,3,0,0,2,9,30
18,0,0,3,3,0,0,0,1,0,1,4,11,0,0,5,7,192,0,1,1,1,1,5,7,7,6,3,0,0,2,9,30
20,0,0,5,2,0,1,0,1,0,1,0,3,0,0,5,7,192,1,0,0,0,0,4,6,6,5,2,0,0,2,9,45
-84,0,0,11,2,0,1,0,1,0,0,0,11,0,0,5,7,192,1,0,0,0,0,3,5,5,4,2,0,0,1,10,30
-10,0,0,5,1,0,1,0,1,0,0,0,13,0,0,5,7,192,0,0,0,0,0,2,4,4,4,3,0,0,2,9,45
47,0,0,0,0,0,1,0,1,0,0,0,19,0,1,5,7,192,0,0,0,0,0,3,3,3,3,2,0,0,1,9,0
11,0,0,2,0,0,1,0,0,0,0,0,46,0,0,5,7,192,0,0,0,0,0,2,2,2,2,1,0,0,2,9,15
-11,0,0,0,0,0,0,0,0,0,0,0,47,0,1,5,7,192,0,0,0,0,0,1,1,1,1,1,0,0,1,9,0
20,18,3,49,4,0,0,2,0,0,0,0,15,1,0,4,7,191,1,43,3,7,12,1,3,10,6,5,8,1,2,17,45
25,16,6,47,6,0,0,2,0,0,0,12,3,0,0,4,7,191,2,40,4,7,11,2,8,13,7,6,8,0,1,17,30
16,15,7,45,7,0,0,3,0,0,0,3,12,0,0,4,7,191,3,36,3,6,9,6,8,13,8,5,8,0,2,17,15
70,13,5,40,7,0,0,3,1,0,0,9,6,0,0,4,7,191,3,35,2,4,8,6,9,14,9,6,8,0,2,16,30
14,13,5,44,6,0,0,3,1,0,0,7,8,0,0,4,7,191,3,35,2,4,9,5,8,14,8,5,8,0,2,17,0
25,12,4,45,5,0,0,3,1,0,0,6,9,0,0,4,7,191,2,35,2,5,9,4,7,13,8,4,8,0,2,17,15
51,11,5,31,5,0,0,3,1,0,0,13,2,0,0,4,7,191,2,34,3,4,8,3,6,12,8,3,8,0,2,15,30
26,11,5,47,5,0,0,2,1,0,0,11,4,0,0,4,7,191,2,34,3,4,8,2,5,11,7,3,8,0,1,17,30
52,10,4,37,5,0,0,1,1,0,0,14,1,0,0,4,7,191,1,34,3,4,9,3,5,13,7,4,8,0,2,16,15
14,9,3,35,6,0,0,2,1,0,0,9,6,0,0,4,7,191,3,31,1,3,7,3,6,12,7,4,8,2,3,16,0
28,8,2,35,5,0,0,2,1,0,0,0,15,0,0,4,7,191,2,31,1,3,7,3,6,13,7,5,8,3,3,16,0
14,8,2,37,5,0,0,1,1,0,0,13,2,0,0,4,7,191,2,31,1,3,7,2,6,12,6,4,8,3,2,16,15
19,6,0,33,6,0,0,1,0,0,0,3,12,0,0,4,7,191,1,30,2,5,9,3,7,11,7,5,8,4,2,15,45
3,6,0,42,5,0,0,1,0,0,0,12,3,0,0,4,7,191,0,30,2,5,9,4,8,11,7,4,7,5,1,16,45
52,6,0,26,5,0,1,1,0,0,0,10,5,0,0,4,7,191,2,28,2,4,9,5,7,12,6,4,6,4,2,15,0
-1,6,0,42,4,0,1,1,0,0,0,3,12,0,0,4,7,191,2,28,3,4,9,4,8,11,5,3,5,3,1,16,45
19,6,0,26,3,0,1,1,0,0,0,58,2,0,0,4,7,191,1,28,3,4,10,5,7,10,5,3,5,2,2,15,0
8,6,0,31,5,0,1,0,0,0,0,52,8,0,0,4,7,191,2,26,1,2,9,4,6,10,5,3,4,2,2,15,30
-19,6,1,24,5,0,0,0,0,0,0,40,20,0,0,4,7,191,2,26,2,5,12,3,5,9,4,2,4,1,3,14,45
-44,6,1,29,4,0,0,1,0,0,0,32,28,0,0,4,7,191,2,25,1,4,11,4,4,9,4,1,4,1,2,15,15
5,6,1,29,3,0,0,1,0,0,0,31,29,0,0,4,7,191,1,25,1,4,11,3,3,8,4,2,3,1,2,15,15
-45,6,1,33,2,0,0,1,1,0,0,5,55,0,0,4,7,191,1,24,3,5,12,2,5,12,4,2,3,0,2,15,45
-42,6,1,23,2,0,0,0,1,0,0,3,57,0,0,4,7,191,1,24,3,5,12,1,4,11,3,2,3,0,2,14,30
-44,5,0,24,2,0,0,2,1,0,0,12,3,0,0,4,7,191,1,21,3,7,11,3,7,14,5,2,3,1,3,14,45
73,5,0,13,1,0,0,2,2,0,0,7,8,0,0,4,7,191,2,20,3,7,11,3,8,13,4,1,3,2,1,12,0
-130,5,0,37,0,0,0,2,2,0,0,6,9,0,0,4,7,191,2,20,3,7,11,2,7,12,3,1,3,2,2,16,15
-11,5,0,22,2,0,1,2,1,0,0,7,8,0,0,4,7,191,2,17,4,5,12,6,8,13,5,2,3,3,1,13,30
-28,5,0,21,4,0,1,1,2,0,0,9,6,0,0,4,7,191,3,14,2,3,10,6,9,14,6,2,3,3,1,13,15
-13,5,0,15,3,0,1,1,2,0,0,0,15,0,0,4,7,191,2,14,2,4,11,5,9,14,6,3,3,3,3,12,15
-143,5,0,26,3,0,0,1,2,0,0,13,2,0,0,4,7,191,1,14,2,4,11,5,8,13,6,3,2,3,2,15,0
-15,5,0,16,3,0,0,1,2,0,0,8,7,0,0,4,7,191,2,13,1,4,10,4,7,13,5,3,1,2,1,12,30
-27,5,0,20,3,0,0,1,1,0,0,8,7,0,0,4,7,191,2,13,1,4,10,3,6,12,4,2,1,1,1,13,0
-212,5,0,40,3,0,0,0,1,0,0,14,1,0,0,4,7,191,2,13,2,5,11,2,5,11,3,1,0,1,2,16,30
-31,5,2,16,3,0,0,0,1,0,0,14,1,0,0,4,7,191,2,12,2,6,11,4,6,11,3,2,0,0,1,12,30
-30,5,2,19,2,0,0,0,2,0,0,11,4,0,0,4,7,191,1,11,4,7,11,5,6,11,4,2,0,0,1,12,45
-21,5,2,13,2,0,0,0,1,0,0,10,5,0,0,4,7,191,1,11,4,7,11,4,6,10,3,2,0,0,1,12,0
-62,5,4,16,1,0,0,0,1,0,0,2,13,0,0,4,7,191,0,10,5,8,11,3,5,9,3,2,0,0,1,12,30
-25,5,5,10,3,0,0,0,1,0,0,13,17,0,0,4,7,191,2,8,4,7,8,3,6,9,3,3,0,0,1,11,30
-23,5,5,12,2,0,0,0,1,0,0,13,17,0,0,4,7,191,2,8,4,7,8,2,5,8,2,2,0,0,2,11,45
-42,3,3,9,3,0,1,1,1,0,0,0,15,0,0,4,7,191,2,4,2,4,4,4,6,11,5,4,0,0,2,11,15
-10,3,3,8,2,0,1,1,1,0,0,11,4,0,0,4,7,191,2,4,3,4,4,4,5,10,4,3,0,0,1,11,0
10,1,1,7,3,0,1,1,0,0,0,1,14,0,0,4,7,191,1,3,2,3,3,3,4,9,5,3,0,0,1,10,30
25,1,1,5,2,0,1,1,0,0,0,9,6,0,0,4,7,191,1,3,2,3,3,3,4,8,4,3,0,0,1,10,15
8,0,0,3,3,0,1,1,0,0,0,11,4,0,0,4,7,191,2,1,1,1,1,2,3,7,4,3,0,0,2,10,0
-36,0,0,5,3,0,0,1,0,0,0,0,6,0,0,4,7,191,0,1,1,1,1,2,5,6,5,4,0,0,1,10,15
-50,0,0,3,3,0,0,1,0,0,0,0,31,0,0,4,7,191,0,0,0,0,0,3,5,5,5,3,0,0,2,10,0
-64,0,0,10,2,0,0,1,0,0,0,0,55,0,0,4,7,191,0,0,0,0,0,4,4,4,4,3,0,0,1,11,30
15,0,0,0,1,0,0,1,0,0,0,0,58,0,1,4,7,191,0,0,0,0,0,3,3,3,3,2,0,0,1,9,30
25,0,0,2,1,0,0,0,0,0,0,0,64,0,0,4,7,191,0,0,0,0,0,2,2,2,2,1,0,0,2,9,45
-2,0,0,0,0,0,0,0,0,0,0,0,71,0,1,4,7,191,0,0,0,0,0,1,1,1,1,0,0,0,1,9,30
68,21,3,52,3,0,1,3,0,0,0,8,7,0,0,3,7,190,1,50,4,8,13,4,8,11,7,3,5,1,2,17,15
-35,20,2,54,4,0,2,2,0,0,0,7,8,0,0,3,7,190,1,48,5,6,13,7,7,12,8,4,5,1,2,17,30
34,20,2,54,3,0,2,2,0,0,0,0,15,0,0,3,7,190,1,48,6,6,13,6,7,12,7,3,5,1,2,17,30
-76,20,2,56,4,0,1,2,0,0,0,14,1,1,0,3,7,190,1,47,5,5,12,5,6,11,7,4,4,1,2,17,45
31,20,2,50,5,0,0,2,0,0,0,6,9,0,0,3,7,190,2,46,4,5,13,4,7,14,6,3,4,0,2,17,0
7,19,1,47,4,0,0,2,0,0,0,3,12,0,0,3,7,190,1,46,4,5,13,3,6,13,6,2,4,0,1,16,30
49,19,1,52,4,0,0,1,0,0,1,13,2,0,0,3,7,190,2,45,3,5,13,2,5,13,5,2,4,0,2,17,15
49,18,1,45,4,0,1,0,0,0,1,8,7,0,0,3,7,190,2,44,2,6,12,1,4,12,5,2,4,0,2,16,15
37,18,3,47,4,0,2,0,0,0,1,4,11,0,0,3,7,190,1,42,4,7,12,3,5,14,7,3,4,1,1,16,30
-17,18,3,50,4,0,2,0,0,0,1,9,6,0,0,3,7,190,2,41,4,7,12,2,9,13,6,3,4,1,2,17,0
-8,18,3,45,4,0,2,0,0,0,0,8,7,0,0,3,7,190,2,41,4,8,12,1,8,12,5,2,4,1,2,16,15
-41,15,2,49,7,0,2,0,0,0,0,1,14,0,0,3,7,190,2,37,4,7,13,7,9,15,8,5,3,2,2,16,45
33,15,2,33,7,0,3,0,0,0,0,8,7,0,0,3,7,190,2,35,3,5,11,7,8,16,9,5,3,1,2,14,30
65,15,2,38,6,0,3,0,0,0,0,3,12,0,0,3,7,190,1,35,3,5,12,7,9,15,9,5,3,2,2,15,15
11,15,3,44,5,0,3,0,0,0,0,12,3,0,0,3,7,190,1,35,5,6,12,6,8,15,8,5,3,2,2,16,0
-7,15,3,42,4,0,3,0,0,0,0,10,5,0,0,3,7,190,1,35,5,6,12,5,7,14,7,5,3,2,1,15,45
-21,15,3,36,4,0,2,0,0,0,0,10,5,0,0,3,7,190,1,35,5,6,12,4,6,13,6,4,3,2,2,15,0
-32,15,3,42,3,0,2,0,0,0,0,10,5,0,0,3,7,190,1,35,5,6,12,3,5,12,5,4,3,2,1,15,45
11,14,2,36,4,0,1,0,0,0,1,0,15,0,0,3,7,190,1,33,3,4,11,2,6,11,6,5,2,2,2,15,0
-180,14,2,56,5,0,0,0,0,0,1,34,11,1,0,3,7,190,1,32,2,6,12,3,6,11,6,4,2,1,2,17,45
-30,13,2,34,5,0,1,1,0,0,0,8,37,0,0,3,7,190,2,30,3,6,16,4,8,11,6,4,1,1,2,14,45
1,13,2,32,4,0,1,1,0,0,0,5,40,0,0,3,7,190,2,30,4,7,17,4,7,10,5,3,1,0,1,14,15
-55,12,1,40,3,0,1,2,0,0,0,4,11,0,0,3,7,190,2,29,4,7,17,4,7,14,5,2,1,0,2,15,30
12,12,1,34,2,0,1,2,0,0,0,3,12,0,0,3,7,190,2,29,4,7,17,3,6,13,4,1,1,0,2,14,45
45,12,2,30,3,0,1,2,0,0,0,5,10,0,0,3,7,190,3,27,3,7,17,4,6,14,4,0,1,0,1,13,15
-19,12,2,31,4,0,1,2,0,0,0,8,7,0,0,3,7,190,4,25,2,7,15,4,5,14,4,1,1,0,1,13,30
-146,11,3,40,5,0,1,1,0,0,0,14,1,0,0,3,7,190,4,24,2,9,14,4,5,14,4,1,1,0,2,15,30
-71,11,3,38,4,0,1,1,0,0,0,13,2,0,0,3,7,190,4,24,2,9,14,3,4,13,3,0,1,0,2,15,15
-24,11,4,28,3,0,1,1,1,0,0,14,1,0,0,3,7,190,4,23,4,10,16,2,7,13,3,1,1,0,1,13,0
46,11,6,26,4,0,1,0,1,0,0,0,15,0,0,3,7,190,4,22,6,11,17,2,7,17,3,1,1,0,2,12,45
-9,9,7,25,8,1,2,0,0,0,0,0,15,0,0,3,7,190,3,16,5,6,13,6,10,22,9,2,1,1,2,12,30
1,7,5,26,10,1,2,0,0,0,0,4,11,0,0,3,7,190,3,13,3,5,10,7,10,21,11,2,1,1,2,12,45
-4,7,5,23,9,1,2,0,0,0,0,3,12,0,0,3,7,190,3,13,3,5,10,6,9,20,10,2,1,1,1,12,15
-8,7,5,20,8,1,2,0,0,0,0,2,13,0,0,3,7,190,3,13,3,5,10,5,8,19,9,2,1,1,2,12,0
-52,7,5,28,8,1,1,0,0,0,0,1,14,0,0,3,7,190,3,13,3,6,10,4,7,18,8,2,1,1,1,13,0
14,6,4,20,7,1,2,0,0,0,0,8,7,0,0,3,7,190,2,12,2,6,11,4,7,18,9,4,1,1,2,12,0
29,4,3,14,8,0,3,0,0,0,0,10,5,0,0,3,7,190,2,10,1,5,9,4,10,17,10,4,1,1,2,11,15
6,4,3,16,8,0,2,0,0,0,0,9,6,0,0,3,7,190,2,10,1,5,9,3,9,16,9,3,0,1,2,11,30
-16,2,1,23,7,0,2,0,0,0,0,11,4,0,0,3,7,190,0,10,4,6,10,4,14,15,10,3,0,0,1,12,15
5,2,2,18,6,0,2,0,0,0,0,0,15,0,0,3,7,190,0,10,5,7,10,7,13,14,9,3,0,0,3,11,45
32,2,2,10,8,0,1,0,0,0,0,7,8,0,0,3,7,190,2,8,3,5,8,7,12,15,8,3,0,0,2,10,45
71,2,2,3,9,0,0,0,0,0,0,12,3,0,0,3,7,190,2,7,3,6,7,11,12,14,8,3,0,0,2,9,45
-9,2,2,18,8,0,0,1,0,0,0,8,7,0,0,3,7,190,3,6,3,5,6,10,11,13,7,3,0,0,3,11,45
-15,2,2,20,7,0,0,1,0,0,0,8,7,0,0,3,7,190,3,6,3,5,6,9,10,12,6,3,0,0,2,12,0
-4,2,2,16,6,0,0,1,0,0,0,7,8,0,0,3,7,190,3,6,3,5,6,8,9,12,5,3,0,0,2,11,30
12,2,2,12,6,0,0,1,0,0,0,4,11,0,0,3,7,190,3,5,2,4,5,7,8,11,5,2,0,0,2,11,0
39,1,1,10,5,0,0,1,0,0,0,9,6,0,0,3,7,190,1,5,2,4,5,6,7,10,6,3,0,0,2,10,45
-10,1,1,8,4,0,0,1,0,0,0,6,9,0,0,3,7,190,1,5,2,4,5,5,6,9,5,2,0,0,2,10,30
-33,1,1,12,3,0,0,1,0,0,0,6,9,0,0,3,7,190,1,5,2,5,5,4,5,8,4,2,0,0,2,11,0
-62,1,1,14,3,0,0,0,0,0,0,2,13,0,0,3,7,190,0,5,2,5,5,3,4,8,4,2,0,0,2,11,15
-26,1,1,8,2,0,0,0,0,0,0,1,14,0,0,3,7,190,0,5,3,5,5,2,3,7,3,1,0,0,2,10,30
46,1,1,7,2,0,0,0,0,0,0,13,2,0,0,3,7,190,1,4,3,4,4,2,2,6,2,0,0,0,2,10,15
18,0,0,5,2,0,1,1,0,0,0,14,1,0,0,3,7,190,2,1,1,1,1,1,3,6,3,2,0,0,1,10,0
-5,0,0,0,2,0,1,1,0,0,0,0,30,0,1,3,7,190,0,0,0,0,0,3,4,5,5,3,0,0,1,9,15
-24,0,0,0,2,0,0,1,0,0,0,0,32,0,1,3,7,190,0,0,0,0,0,2,4,4,4,3,0,0,1,9,15
-18,0,0,2,1,0,0,1,0,0,0,0,53,0,0,3,7,190,0,0,0,0,0,2,3,3,3,3,0,0,2,9,30
-23,0,0,5,1,0,0,0,0,0,0,0,71,0,0,3,7,190,0,0,0,0,0,2,2,2,2,2,0,0,1,10,0
2,0,0,3,0,0,0,0,0,0,0,0,90,0,0,3,7,190,0,0,0,0,0,1,1,1,1,1,0,0,2,9,45
-1,16,1,47,0,0,0,0,0,0,0,43,2,1,0,2,7,189,0,47,0,3,9,1,1,5,1,1,2,0,2,18,15
9,15,1,42,1,0,0,1,0,0,0,10,5,0,0,2,7,189,2,44,4,7,12,2,4,10,1,1,2,0,2,17,15
-33,15,1,45,0,0,1,2,0,0,0,18,12,0,0,2,7,189,1,42,4,7,12,3,5,10,3,1,2,0,1,17,30
-27,14,0,42,1,0,0,3,1,0,0,11,4,0,0,2,7,189,2,39,4,5,9,2,8,11,4,3,2,1,2,17,15
-30,14,0,45,1,0,0,3,1,0,0,3,12,0,0,2,7,189,2,38,3,4,9,3,7,10,4,3,2,1,1,17,30
-18,14,1,40,4,0,0,2,1,0,0,6,9,0,0,2,7,189,2,35,1,5,6,6,6,11,6,5,2,1,3,17,0
-12,14,1,38,4,0,0,1,1,0,0,4,11,0,0,2,7,189,2,35,1,5,6,5,6,10,5,4,2,1,2,16,30
-60,14,1,42,5,0,0,1,0,0,0,1,14,0,0,2,7,189,2,34,4,4,6,4,7,10,5,3,1,1,2,17,15
5,14,1,38,4,0,0,1,0,0,0,0,15,0,0,2,7,189,2,34,4,4,6,3,6,9,4,2,1,0,2,16,30
-41,14,1,37,3,0,0,1,0,0,0,14,1,0,0,2,7,189,2,34,4,4,6,2,5,8,3,1,1,0,2,16,15
-53,14,1,40,3,0,0,0,0,0,0,12,3,0,0,2,7,189,2,34,4,4,6,1,4,7,2,1,1,0,3,17,0
-7,13,0,36,5,0,0,1,0,0,0,5,10,0,0,2,7,189,2,30,1,1,7,3,5,7,5,2,1,0,1,16,0
7,13,0,30,4,0,0,1,0,0,0,29,1,0,0,2,7,189,2,30,1,2,8,2,4,7,4,2,1,0,2,15,0
-7,13,0,34,3,0,0,1,0,0,0,23,7,0,0,2,7,189,2,30,1,2,8,1,4,6,3,2,1,0,1,15,30
-17,13,1,32,3,0,0,1,0,0,0,35,10,0,0,2,7,189,2,29,1,5,11,3,3,9,3,2,1,0,1,15,15
-8,13,3,30,3,0,0,0,0,0,0,25,20,0,0,2,7,189,1,29,2,6,12,2,2,8,3,2,1,0,2,15,0
-80,13,3,35,3,0,0,0,0,0,0,11,34,0,0,2,7,189,2,28,4,6,13,1,3,9,2,1,1,0,1,15,45
-47,10,2,29,4,0,0,2,1,0,0,8,7,0,0,2,7,189,2,23,3,6,13,3,6,13,6,3,1,0,2,14,45
11,10,3,24,3,0,0,2,1,0,0,2,13,0,0,2,7,189,2,23,4,7,13,4,7,12,5,3,1,0,1,13,0
-62,9,3,28,4,0,0,3,1,0,0,10,5,0,0,2,7,189,3,20,3,5,12,4,9,15,6,2,1,0,1,14,15
-7,9,3,20,5,0,0,2,1,0,0,5,10,0,0,2,7,189,3,19,2,4,12,5,8,14,6,3,1,0,2,12,30
-14,9,3,27,5,0,0,1,1,0,0,4,11,0,0,2,7,189,3,19,2,4,12,4,7,13,5,2,1,0,1,13,30
0,9,3,24,6,0,0,1,0,0,0,6,9,0,0,2,7,189,3,18,3,5,11,4,6,12,5,1,1,0,1,13,0
-1,7,1,18,5,0,0,2,0,0,0,6,9,0,0,2,7,189,1,17,2,7,11,5,7,12,7,2,1,1,1,12,0
3,7,1,24,4,0,0,2,0,0,0,5,10,0,0,2,7,189,1,17,2,7,11,4,6,12,6,2,1,1,1,13,0
-10,7,2,22,5,0,0,2,0,0,0,9,6,0,0,2,7,189,2,15,1,5,10,3,7,13,6,3,1,1,3,12,45
-28,7,2,22,4,0,0,2,0,0,0,4,11,0,0,2,7,189,2,15,2,6,11,2,6,13,5,3,1,1,3,12,45
34,7,2,14,3,0,0,2,0,0,0,2,13,0,0,2,7,189,2,15,3,6,11,1,5,12,4,3,1,1,2,11,30
-206,6,2,32,5,0,0,2,0,0,0,0,15,0,0,2,7,189,2,12,4,6,11,4,7,14,6,3,0,1,1,15,15
17,6,2,19,4,0,0,2,1,0,0,13,2,0,0,2,7,189,3,11,3,5,10,4,6,13,5,2,0,0,2,12,15
-3,6,2,12,3,0,0,3,1,0,0,1,14,0,0,2,7,189,3,10,3,4,10,4,7,13,5,3,0,0,2,11,15
8,6,2,16,3,0,0,2,1,0,0,14,1,0,0,2,7,189,3,10,3,5,10,3,6,13,4,2,0,0,1,11,45
-17,5,2,11,4,0,0,3,0,0,0,29,1,0,0,2,7,189,3,8,2,4,8,3,8,15,5,2,0,0,2,11,0
-60,5,2,20,4,0,0,2,0,0,0,27,3,0,0,2,7,189,3,8,2,4,8,2,7,14,4,2,0,0,2,12,30
13,4,4,12,3,0,0,2,0,0,1,5,25,0,0,2,7,189,1,7,3,6,7,4,7,14,6,4,0,0,2,11,15
-53,4,4,16,2,0,0,3,0,0,1,6,9,0,0,2,7,189,2,6,4,6,6,5,8,13,5,4,0,0,1,11,45
14,4,4,8,2,0,0,2,0,0,1,3,12,0,0,2,7,189,2,6,4,6,6,4,7,12,4,3,0,0,1,10,30
6,4,4,7,3,0,0,2,0,0,0,13,2,0,0,2,7,189,3,5,4,5,5,3,7,11,3,2,0,0,2,10,0
-23,3,3,10,3,0,0,2,0,0,0,4,11,0,0,2,7,189,3,4,3,4,4,3,9,10,3,2,0,0,1,10,45
-12,3,3,8,3,0,0,1,0,0,0,0,15,0,0,2,7,189,2,4,3,4,4,3,8,9,3,2,0,0,1,10,30
-9,1,1,4,4,0,0,1,1,0,0,12,3,0,0,2,7,189,2,1,1,1,1,4,8,8,5,4,0,0,1,9,30
-117,0,0,14,3,0,0,1,1,0,0,4,11,0,0,2,7,189,0,1,1,1,1,6,7,7,6,5,0,0,2,11,30
12,0,0,2,2,0,0,1,1,0,0,0,3,0,0,2,7,189,0,1,1,1,1,5,6,6,5,4,0,0,2,9,15
4,0,0,2,3,0,0,1,0,0,0,0,15,0,0,2,7,189,1,0,0,0,0,5,5,5,4,3,0,0,2,9,15
10,0,0,4,3,0,0,0,0,0,0,0,20,0,0,2,7,189,0,0,0,0,0,4,4,4,4,2,0,0,1,9,30
-37,0,0,6,2,0,0,0,0,0,0,0,23,0,0,2,7,189,0,0,0,0,0,3,3,3,3,2,0,0,1,9,45
5,0,0,0,1,0,0,0,0,0,0,0,24,0,1,2,7,189,0,0,0,0,0,2,2,2,2,1,0,0,2,9,0
-19,0,0,0,0,0,0,0,0,0,0,0,43,0,1,2,7,189,0,0,0,0,0,1,1,1,1,0,0,0,2,9,0
26,34,2,41,1,0,0,1,0,0,1,32,13,0,0,6,7,186,1,41,2,4,6,3,3,5,3,2,1,0,2,17,0
23,34,3,44,1,0,0,0,0,0,1,18,27,1,0,6,7,186,0,41,2,4,9,2,3,6,3,1,1,0,2,17,30
-2,34,3,42,2,0,0,0,0,0,0,15,30,0,0,6,7,186,1,40,1,3,8,1,2,5,2,1,1,0,1,17,15
1,31,2,40,2,0,0,2,0,0,0,11,4,0,0,6,7,186,1,37,1,2,11,1,4,6,4,2,1,0,1,16,15
-30,29,3,42,1,0,2,2,0,0,0,10,5,0,0,6,7,186,0,35,4,7,15,3,4,7,6,1,1,0,1,17,15
46,29,5,36,1,0,2,1,0,0,0,2,13,0,0,6,7,186,0,35,5,8,15,3,3,9,5,1,1,0,1,15,30
-41,29,5,38,1,0,1,1,0,0,0,29,1,0,0,6,7,186,0,35,5,8,15,2,3,8,4,0,1,0,1,16,0
10,27,4,32,3,0,0,2,1,0,0,2,28,0,0,6,7,186,1,30,4,7,15,1,4,7,6,1,1,0,1,14,45
31,24,6,35,5,0,0,2,2,0,0,16,29,0,0,6,7,186,1,27,3,7,14,3,6,7,9,2,1,0,1,15,15
22,23,5,32,6,0,0,2,2,0,0,9,36,0,0,6,7,186,2,25,3,7,13,2,5,6,9,2,1,0,1,14,45
-68,23,6,37,6,0,0,2,2,0,0,7,8,0,0,6,7,186,2,24,4,7,14,3,4,6,9,3,1,0,2,15,45
39,19,4,30,9,0,0,2,2,0,0,9,6,0,0,6,7,186,2,20,3,5,13,3,4,11,12,7,1,0,1,13,30
85,19,4,21,8,0,0,2,2,0,0,7,8,0,0,6,7,186,2,20,3,5,14,2,3,11,11,6,1,0,3,12,15
85,19,4,28,8,0,0,2,1,0,0,7,8,0,0,6,7,186,2,20,3,5,14,1,2,10,10,6,1,0,1,13,0
3,15,8,31,11,0,0,2,1,0,0,1,14,0,0,6,7,186,1,16,5,9,14,2,7,19,14,6,1,0,2,14,15
66,12,7,26,13,0,0,3,2,0,0,4,11,0,0,6,7,186,3,11,3,7,11,4,12,20,16,8,1,0,1,12,45
42,9,6,23,13,0,0,3,3,0,0,12,3,0,0,6,7,186,2,9,4,7,9,9,15,22,18,10,1,1,2,12,30
36,9,6,29,13,0,0,3,2,0,0,11,4,0,0,6,7,186,2,9,4,7,9,8,14,21,17,9,1,1,1,13,15
31,9,6,26,12,0,0,3,2,0,0,10,5,0,0,6,7,186,2,9,5,7,9,7,13,20,16,9,1,1,1,12,45
-4,7,4,23,12,0,0,3,2,0,0,3,12,0,0,6,7,186,1,8,5,6,8,9,13,20,17,9,1,1,2,12,30
6,7,5,21,12,0,0,3,2,0,0,1,14,0,0,6,7,186,2,7,4,5,7,8,12,19,16,9,1,1,3,12,15
-96,7,5,34,12,0,0,2,2,0,0,13,2,0,0,6,7,186,2,7,4,6,7,7,12,18,15,9,1,1,1,15,0
24,6,4,23,11,0,0,2,2,0,0,9,6,0,0,6,7,186,1,6,4,6,7,6,12,17,15,9,1,1,2,12,30
21,6,5,13,10,0,0,2,2,0,1,5,10,0,0,6,7,186,2,6,3,6,6,6,11,17,14,8,1,1,2,11,0
50,5,4,19,10,0,0,2,2,0,1,13,2,0,0,6,7,186,2,5,3,5,5,6,11,16,14,8,1,1,2,12,0
2,5,5,19,9,0,1,2,2,0,1,8,7,0,0,6,7,186,2,4,2,4,4,6,10,15,14,8,1,1,2,12,0
70,5,5,18,8,0,1,2,2,0,1,6,9,0,0,6,7,186,2,4,2,4,4,6,9,15,13,7,1,1,2,11,45
-109,4,4,38,7,0,1,2,2,0,1,4,11,0,0,6,7,186,1,4,2,4,4,5,8,14,13,7,1,1,1,16,0
94,3,3,13,6,0,1,3,2,0,1,5,10,0,0,6,7,186,1,3,3,3,3,6,8,14,13,8,0,1,2,11,0
34,3,3,15,6,0,1,2,2,0,1,3,12,0,0,6,7,186,1,3,3,3,3,6,7,13,12,8,0,0,1,11,15
20,3,3,17,6,0,2,2,1,0,1,12,3,0,0,6,7,186,2,2,2,2,2,5,8,13,11,7,0,0,1,11,30
53,3,3,11,5,0,2,2,1,0,1,7,8,0,0,6,7,186,2,2,2,2,2,4,7,13,10,6,0,0,2,10,45
103,2,2,4,4,0,2,2,1,0,1,1,14,0,0,6,7,186,1,2,2,2,2,3,7,12,10,6,0,0,2,9,45
19,2,2,15,4,0,2,2,1,0,1,11,4,0,0,6,7,186,2,1,1,1,1,3,6,11,9,5,0,0,1,11,15
38,1,1,9,5,0,2,2,0,0,1,4,11,0,0,6,7,186,2,0,0,0,0,2,6,11,9,6,0,0,2,10,30
54,0,0,8,5,0,2,1,0,0,1,14,1,0,0,6,7,186,1,0,0,0,0,4,6,10,9,5,0,0,2,10,15
4,0,0,9,5,0,1,1,0,0,1,3,12,0,0,6,7,186,1,0,0,0,0,4,6,9,8,5,0,0,2,10,30
48,0,0,1,5,0,0,1,0,0,1,0,15,0,0,6,7,186,1,0,0,0,0,3,5,8,7,4,0,0,2,9,15
56,0,0,6,4,0,0,1,0,0,1,5,10,0,0,6,7,186,0,0,0,0,0,3,6,7,7,5,0,0,1,10,0
42,0,0,0,3,0,0,1,0,0,1,0,8,0,1,6,7,186,0,0,0,0,0,2,6,6,6,4,0,0,1,9,0
-30,0,0,4,2,0,0,1,0,0,1,0,23,0,0,6,7,186,0,0,0,0,0,4,5,5,5,4,0,0,2,9,45
-4,0,0,11,2,0,0,1,0,0,0,0,39,0,0,6,7,186,0,0,0,0,0,4,4,4,4,3,0,0,2,10,45
21,0,0,2,1,0,0,1,0,0,0,0,47,0,0,6,7,186,0,0,0,0,0,3,3,3,3,3,0,0,2,9,30
53,0,0,2,1,0,0,0,0,0,0,0,49,0,0,6,7,186,0,0,0,0,0,2,2,2,2,2,0,0,2,9,30
44,0,0,6,0,0,0,0,0,0,0,0,64,0,0,6,7,186,0,0,0,0,0,1,1,1,1,1,0,0,1,10,0
47,19,3,46,3,0,0,0,0,0,0,10,5,0,0,4,7,184,2,44,2,4,9,1,2,7,2,1,4,0,1,17,30
79,16,0,40,3,0,1,1,1,0,0,3,27,0,0,4,7,184,0,40,0,4,8,3,5,8,7,4,4,1,2,16,30
22,16,0,42,2,0,1,1,1,0,0,7,8,0,0,4,7,184,0,40,1,5,8,2,5,8,6,4,4,2,2,17,0
1,16,0,44,1,0,1,1,1,0,0,3,12,0,0,4,7,184,0,40,1,6,8,1,4,8,5,4,4,2,1,17,15
35,16,1,37,3,0,0,1,1,0,1,12,18,0,0,4,7,184,3,37,4,5,8,3,5,10,4,3,4,2,1,16,0
-20,16,1,42,3,0,0,0,1,0,2,5,25,0,0,4,7,184,2,36,3,4,8,2,4,10,5,3,3,2,2,17,0
-36,16,2,39,3,0,0,0,1,0,1,1,29,0,0,4,7,184,2,36,3,4,8,1,3,9,4,3,2,1,2,16,15
-1,15,1,36,4,0,0,1,1,0,1,12,3,0,0,4,7,184,1,33,1,3,8,2,6,8,7,2,2,1,2,15,30
-51,15,1,47,3,0,0,1,1,0,1,0,15,1,0,4,7,184,0,33,1,4,10,3,6,8,7,3,2,1,1,17,45
-54,14,2,40,3,0,0,1,1,0,1,9,6,0,0,4,7,184,0,32,2,4,12,4,6,7,7,3,2,1,2,16,30
-27,14,2,44,3,0,0,1,0,0,1,6,9,0,0,4,7,184,0,32,2,4,12,3,5,8,6,3,2,1,1,17,15
-1,14,3,35,4,0,0,1,0,0,0,37,8,0,0,4,7,184,1,31,3,4,12,4,4,10,5,2,2,1,1,15,15
-9,14,3,33,4,0,0,1,0,0,0,29,16,0,0,4,7,184,2,30,2,5,11,3,3,11,4,2,1,1,1,15,0
-37,14,4,37,4,0,0,1,0,0,0,17,28,0,0,4,7,184,2,29,1,5,10,2,3,11,4,2,1,0,1,16,0
32,13,4,32,3,0,0,2,0,0,0,8,37,0,0,4,7,184,2,28,1,6,11,1,2,10,4,3,1,0,2,14,45
4,11,3,31,4,0,0,3,0,0,1,6,9,0,0,4,7,184,3,24,4,5,12,3,8,15,6,4,1,1,1,14,30
14,9,1,27,6,0,0,3,0,0,2,8,7,0,0,4,7,184,2,20,1,4,11,7,13,14,10,6,1,1,2,13,15
14,9,1,28,5,0,0,3,0,0,2,7,8,0,0,4,7,184,2,20,1,4,11,6,12,14,9,6,1,1,1,13,30
20,8,0,25,5,0,1,2,0,0,2,0,15,0,0,4,7,184,2,19,1,5,11,6,12,14,9,5,1,1,1,13,0
-115,8,0,33,4,0,1,2,0,0,2,14,1,0,0,4,7,184,2,19,1,5,11,5,11,13,8,4,1,1,1,15,0
-12,8,0,25,4,0,1,2,0,0,1,13,2,0,0,4,7,184,2,19,2,5,11,4,10,12,7,4,0,1,1,13,0
-55,8,0,28,4,0,1,2,0,0,0,2,13,0,0,4,7,184,1,19,3,6,12,5,9,11,7,3,0,0,1,13,30
9,8,0,21,3,0,1,2,0,0,0,1,14,0,0,4,7,184,1,19,3,6,12,4,8,10,6,2,0,0,2,12,30
-21,8,1,30,2,0,1,2,0,0,0,2,13,0,0,4,7,184,1,19,5,7,15,7,7,10,5,1,0,0,1,14,15
3,8,2,19,2,0,1,2,0,0,1,23,7,0,0,4,7,184,2,17,4,6,14,6,6,9,5,0,0,0,2,12,15
-4,8,2,21,1,0,1,2,0,0,1,20,10,0,0,4,7,184,2,17,4,6,14,5,5,8,4,0,0,0,2,12,30
-34,8,3,23,1,0,1,2,0,0,1,13,17,0,0,4,7,184,2,16,3,6,15,4,4,8,4,1,0,0,2,12,45
-44,8,3,19,1,0,0,2,0,0,1,11,19,0,0,4,7,184,2,16,3,7,15,3,3,8,3,1,0,0,2,12,15
6,8,3,23,1,0,0,1,0,0,1,8,22,0,0,4,7,184,2,16,4,7,15,2,2,7,2,0,0,0,2,12,45
-7,8,4,16,2,0,0,2,0,0,0,3,27,0,0,4,7,184,4,14,2,5,13,1,2,8,1,0,0,0,2,11,45
-54,5,5,17,3,0,0,4,1,0,0,7,8,0,0,4,7,184,2,9,4,8,9,3,6,16,7,6,0,0,2,12,0
-67,4,4,17,2,0,0,4,1,0,0,1,14,0,0,4,7,184,1,9,5,8,9,2,6,16,7,6,0,0,2,12,0
14,2,2,11,3,0,1,4,1,0,1,9,6,0,0,4,7,184,2,5,4,4,5,3,11,16,9,6,0,0,1,10,30
-36,1,1,11,5,0,2,4,1,0,1,2,13,0,0,4,7,184,3,1,0,1,1,8,13,15,11,6,0,0,1,10,30
-23,0,0,14,5,0,2,3,1,0,1,12,3,0,0,4,7,184,2,1,0,1,1,9,12,14,11,7,0,0,1,11,15
-3,0,0,14,5,0,2,2,1,0,1,7,8,0,0,4,7,184,1,1,0,1,1,8,11,13,11,6,0,0,1,11,15
14,0,0,13,5,0,2,1,1,0,1,6,9,0,0,4,7,184,1,1,0,1,1,7,11,12,10,5,0,0,2,10,45
8,0,0,7,5,0,2,0,1,0,1,10,5,0,0,4,7,184,0,1,1,1,1,7,11,11,10,4,0,0,2,10,0
-41,0,0,7,4,0,2,0,1,0,1,9,6,0,0,4,7,184,0,1,1,1,1,6,10,10,9,4,0,0,2,10,0
-10,0,0,5,3,0,2,0,1,0,1,6,9,0,0,4,7,184,0,1,1,1,1,6,9,9,8,4,0,0,2,9,45
-32,0,0,9,3,0,2,0,1,0,0,4,11,0,0,4,7,184,0,1,1,1,1,6,8,8,7,4,0,0,2,10,15
14,0,0,9,2,0,2,0,1,0,0,1,14,0,0,4,7,184,0,1,1,1,1,5,7,7,6,3,0,0,2,10,15
34,0,0,5,1,0,2,0,1,0,0,0,1,0,0,4,7,184,0,1,1,1,1,4,6,6,5,2,0,0,2,9,45
28,0,0,2,2,0,1,0,1,0,0,0,11,0,0,4,7,184,1,0,0,0,0,4,5,5,4,1,0,0,2,9,15
-4,0,0,3,1,0,1,0,1,0,0,0,21,0,0,4,7,184,1,0,0,0,0,4,4,4,3,1,0,0,2,9,30
30,0,0,0,1,0,0,0,1,0,0,0,24,0,1,4,7,184,0,0,0,0,0,3,3,3,3,2,0,0,1,9,0
29,0,0,3,1,0,0,0,0,0,0,0,39,0,0,4,7,184,0,0,0,0,0,2,2,2,2,1,0,0,2,9,30
-23,0,0,0,0,0,0,0,0,0,0,0,48,0,1,4,7,184,0,0,0,0,0,1,1,1,1,1,0,0,1,9,0
-7,18,1,51,1,0,1,3,0,0,0,6,9,1,0,3,7,183,2,47,1,4,11,2,5,10,4,2,3,0,2,17,30
-25,18,2,49,2,0,0,3,0,0,0,13,17,0,0,3,7,183,1,46,2,6,12,4,5,10,5,2,3,1,2,17,15
6,18,2,51,2,0,0,2,0,0,0,2,28,1,0,3,7,183,1,46,4,8,12,4,5,13,4,2,3,1,2,17,30
-9,18,3,47,2,0,0,1,0,0,1,4,11,0,0,3,7,183,1,45,5,8,11,3,7,12,4,3,3,1,2,17,0
14,17,2,47,3,0,0,0,0,0,1,1,14,0,0,3,7,183,1,44,4,7,10,2,6,12,4,3,3,1,2,17,0
3,17,3,44,4,0,0,1,0,0,0,4,11,0,0,3,7,183,3,42,4,7,9,2,5,12,3,2,2,1,1,16,15
76,16,3,42,4,0,0,3,0,0,0,24,6,0,0,3,7,183,3,39,3,5,8,4,6,12,5,3,2,0,2,16,0
-6,16,3,40,5,0,0,2,0,0,0,16,14,0,0,3,7,183,3,38,4,4,7,3,8,11,5,4,2,0,2,15,45
-89,16,3,49,5,0,0,1,0,0,0,15,15,0,0,3,7,183,3,38,4,4,7,2,7,10,4,3,2,0,2,17,15
-10,16,3,46,4,0,0,2,0,0,0,11,19,0,0,3,7,183,4,37,3,3,7,2,6,9,3,2,2,0,2,16,30
-24,14,1,42,4,0,1,3,0,0,0,14,1,0,0,3,7,183,4,34,0,1,6,5,7,11,5,1,2,0,2,16,0
12,13,1,40,3,0,1,3,0,0,0,27,3,0,0,3,7,183,2,34,1,3,9,5,7,10,6,2,2,0,2,15,45
-67,13,1,44,3,0,1,2,0,0,0,19,11,0,0,3,7,183,1,34,1,3,9,5,6,10,6,3,2,0,1,16,15
28,13,1,33,2,0,1,2,0,0,0,18,12,0,0,3,7,183,1,34,1,3,10,4,5,9,5,3,2,0,2,14,45
9,13,1,38,1,0,1,2,0,0,0,17,13,0,0,3,7,183,1,34,1,3,10,3,4,9,4,3,2,0,2,15,15
12,13,2,33,1,0,0,2,0,0,0,4,26,0,0,3,7,183,1,34,2,5,12,3,3,8,3,3,2,0,2,14,45
-38,13,2,38,0,0,0,2,1,0,0,38,7,0,0,3,7,183,1,33,2,5,11,2,5,8,3,3,2,1,2,15,15
-1,13,3,33,0,0,0,1,1,0,1,26,19,0,0,3,7,183,2,32,2,5,11,1,4,7,2,2,2,1,2,14,45
-43,11,2,36,2,0,0,0,1,0,1,2,13,0,0,3,7,183,2,29,3,7,13,3,5,11,4,4,1,2,2,15,0
56,11,3,26,2,0,0,0,1,0,0,13,2,0,0,3,7,183,2,29,4,7,13,2,5,12,3,3,1,1,2,12,30
21,11,3,31,2,0,0,0,0,0,0,13,2,0,0,3,7,183,2,29,4,7,14,1,4,11,2,2,1,1,1,13,30
-66,10,4,32,4,0,0,2,0,0,0,6,9,0,0,3,7,183,1,25,3,7,13,3,5,15,6,5,0,1,3,14,15
-89,10,4,36,3,0,0,2,0,0,1,3,12,0,0,3,7,183,2,24,2,7,13,2,5,15,5,5,0,0,2,15,0
46,8,4,24,2,0,0,2,2,0,1,0,15,0,0,3,7,183,2,22,3,6,12,2,6,14,6,5,0,0,1,12,15
16,7,5,22,2,0,0,3,2,0,0,4,11,0,0,3,7,183,2,21,5,8,15,5,9,16,6,5,0,0,2,12,0
-5,6,4,30,2,0,0,4,2,0,0,9,6,0,0,3,7,183,1,19,5,7,14,6,9,15,8,6,0,0,1,13,15
16,6,4,24,1,0,0,5,2,0,0,5,10,0,0,3,7,183,2,18,4,7,14,6,10,14,7,5,0,0,1,12,15
-7,6,4,27,2,0,0,4,2,0,0,2,13,0,0,3,7,183,3,17,3,6,13,5,10,13,6,4,0,0,1,12,45
-18,5,3,29,2,0,0,3,2,0,0,11,4,0,0,3,7,183,2,17,4,7,13,4,9,12,6,3,0,0,1,13,0
-12,4,2,22,2,0,0,4,1,0,0,14,1,0,0,3,7,183,1,16,3,7,14,4,8,12,7,3,0,0,2,12,0
-6,4,2,20,2,0,0,3,1,0,0,14,1,0,0,3,7,183,1,16,3,7,14,3,7,11,6,3,0,0,2,11,45
2,4,3,18,3,0,0,3,1,0,0,9,6,0,0,3,7,183,3,14,2,5,13,4,7,10,5,3,0,0,2,11,30
24,2,2,16,4,0,0,2,1,0,0,6,9,0,0,3,7,183,1,13,3,6,13,5,8,14,7,3,0,0,2,11,15
7,2,2,16,3,0,0,2,1,0,0,13,2,0,0,3,7,183,1,13,4,8,13,4,7,14,6,2,0,0,2,11,15
8,2,2,13,3,0,0,2,1,0,0,9,6,0,0,3,7,183,1,12,3,7,12,4,6,13,6,2,0,0,2,10,45
61,2,2,14,3,0,0,2,0,0,0,7,8,0,0,3,7,183,1,12,4,7,12,4,5,12,5,2,0,0,2,11,0
-29,2,2,18,4,0,0,1,0,0,0,4,11,0,0,3,7,183,2,11,3,7,11,3,4,11,4,1,0,0,2,11,30
-25,2,2,20,5,0,0,1,0,0,0,12,3,0,0,3,7,183,3,9,4,7,9,3,4,13,4,2,0,0,2,11,45
31,1,1,11,4,0,0,1,1,0,0,8,7,0,0,3,7,183,2,8,3,7,8,2,3,12,5,2,0,0,1,10,30
-125,0,0,27,4,0,0,1,1,0,0,10,5,0,0,3,7,183,1,7,3,7,7,1,6,12,6,4,0,0,1,12,45
-41,0,0,11,7,0,0,1,1,0,0,1,14,0,0,3,7,183,2,3,3,3,3,6,9,13,8,3,0,0,1,10,30
-35,0,0,14,8,0,0,1,1,0,0,3,12,0,0,3,7,183,2,1,1,1,1,7,9,12,9,5,0,0,2,11,0
12,0,0,7,7,0,0,1,1,0,0,1,14,0,0,3,7,183,2,1,1,1,1,6,8,11,8,4,0,0,2,10,0
-7,0,0,9,6,0,0,2,1,0,0,0,1,0,0,3,7,183,3,0,0,0,0,6,7,10,7,4,0,0,2,10,15
55,0,0,0,6,0,0,2,0,0,0,0,1,0,1,3,7,183,3,0,0,0,0,5,7,9,6,4,0,0,1,9,0
-12,0,0,5,5,0,0,2,0,0,0,0,8,0,0,3,7,183,1,0,0,0,0,4,7,8,7,5,0,0,2,9,45
-5,0,0,3,4,0,0,2,0,0,0,0,16,0,0,3,7,183,0,0,0,0,0,3,6,7,7,6,0,0,2,9,30
-2,0,0,7,4,0,0,1,0,0,0,0,26,0,0,3,7,183,0,0,0,0,0,3,5,6,6,6,0,0,2,10,0
-63,0,0,9,3,0,0,1,0,0,0,0,29,0,0,3,7,183,0,0,0,0,0,2,5,5,5,5,0,0,2,10,15
-33,0,0,5,2,0,0,1,0,0,0,0,47,0,0,3,7,183,0,0,0,0,0,3,4,4,4,4,0,0,2,9,45
-4,0,0,0,1,0,0,1,0,0,0,0,61,0,1,3,7,183,0,0,0,0,0,3,3,3,3,3,0,0,1,9,0
-43,0,0,3,1,0,0,0,0,0,0,0,66,0,0,3,7,183,0,0,0,0,0,2,2,2,2,2,0,0,2,9,30
-18,0,0,2,0,0,0,0,0,0,0,0,87,0,0,3,7,183,0,0,0,0,0,1,1,1,1,1,0,0,2,9,15
31,34,5,47,4,0,1,2,0,0,0,5,10,0,0,2,7,182,0,47,6,8,12,5,7,11,8,3,5,1,1,16,30
-9,34,5,52,6,0,1,1,0,0,0,12,3,0,0,2,7,182,2,45,4,7,11,5,7,12,7,2,5,2,1,17,15
-23,34,5,52,6,0,1,1,0,0,0,4,11,0,0,2,7,182,3,44,4,6,10,4,9,12,6,1,5,2,1,17,15
2,33,5,49,7,0,0,1,0,0,0,11,4,0,0,2,7,182,2,43,4,5,9,4,8,12,7,2,4,2,2,16,45
-12,33,5,54,7,0,0,1,0,0,0,8,7,1,0,2,7,182,3,42,3,4,8,3,7,12,6,2,4,1,2,17,30
-1,32,5,50,7,0,0,1,0,0,0,4,11,0,0,2,7,182,3,41,2,4,7,2,6,11,6,2,4,1,2,17,0
36,30,4,42,8,0,0,1,0,0,0,12,3,0,0,2,7,182,2,39,1,4,7,5,5,12,8,1,4,1,3,16,0
-3,29,3,44,7,0,0,1,0,0,0,1,14,0,0,2,7,182,1,39,3,4,7,4,5,12,8,1,3,1,2,16,15
10,29,3,47,8,0,0,0,0,0,0,9,6,0,0,2,7,182,2,38,2,4,8,3,6,12,7,1,3,0,1,16,30
0,29,3,44,7,0,0,0,0,0,0,6,9,0,0,2,7,182,2,38,3,4,8,2,5,11,6,1,3,0,2,16,15
6,29,3,42,6,0,0,0,0,0,0,6,9,0,0,2,7,182,2,38,3,4,8,1,4,10,5,0,3,0,3,16,0
-27,26,1,37,7,0,0,1,0,0,0,4,11,0,0,2,7,182,1,35,1,3,13,5,7,13,8,1,3,1,1,15,15
9,26,1,40,7,0,0,1,0,0,0,13,2,0,0,2,7,182,1,34,1,2,14,4,7,12,8,1,3,1,2,15,45
22,26,1,39,6,0,0,1,0,0,0,11,4,0,0,2,7,182,1,34,1,3,14,3,7,11,7,1,3,1,2,15,30
5,26,1,35,5,0,0,1,0,0,0,43,2,0,0,2,7,182,1,34,2,7,17,4,6,13,6,1,2,1,2,15,0
37,26,2,35,4,0,0,1,0,0,0,39,6,0,0,2,7,182,1,34,2,7,17,3,6,14,5,1,2,0,2,15,0
-57,26,6,50,4,0,0,1,0,0,0,16,29,0,0,2,7,182,1,33,5,9,20,4,7,14,5,2,2,1,2,17,0
27,26,7,33,3,0,0,1,0,0,0,14,31,0,0,2,7,182,1,33,6,10,20,3,6,13,4,2,2,1,2,14,45
-104,25,6,44,4,0,0,0,0,0,0,2,43,0,0,2,7,182,0,32,7,12,21,3,6,13,5,3,2,1,2,16,15
5,25,7,33,3,0,0,0,0,0,0,13,2,0,0,2,7,182,0,32,8,12,21,3,5,12,4,3,2,1,2,14,45
-8,25,8,31,7,0,0,0,0,0,0,12,3,0,0,2,7,182,3,27,4,10,17,3,7,14,5,3,2,1,1,14,15
-77,21,7,32,8,0,0,0,1,0,0,13,2,0,0,2,7,182,2,24,4,10,16,3,8,14,8,6,2,1,2,14,30
72,21,7,19,7,0,0,0,1,0,0,12,3,0,0,2,7,182,2,24,4,10,16,2,7,13,7,6,1,1,2,12,0
7,19,7,27,8,0,0,0,1,0,0,7,8,0,0,2,7,182,2,22,5,11,16,6,8,15,8,6,1,0,1,13,0
21,17,8,29,10,0,1,0,1,0,0,0,15,0,0,2,7,182,1,18,5,8,15,6,9,15,12,8,1,0,1,13,15
-12,17,8,30,9,0,1,0,1,0,0,14,1,0,0,2,7,182,1,17,5,8,15,5,8,14,11,7,1,0,1,13,30
17,17,8,23,10,0,1,0,0,0,0,14,1,0,0,2,7,182,2,17,4,7,14,4,7,13,10,7,1,0,2,12,30
-92,17,8,37,9,0,1,0,0,0,0,11,4,0,0,2,7,182,2,17,4,8,14,3,8,13,9,6,1,0,1,15,15
-32,17,8,27,9,0,0,0,0,0,0,9,6,0,0,2,7,182,2,17,5,8,14,3,7,15,8,5,1,0,1,13,0
-12,14,7,23,10,0,1,0,0,0,1,5,10,0,0,2,7,182,3,13,3,5,13,3,9,17,10,7,1,0,2,12,30
16,12,6,25,9,0,1,0,0,0,1,11,4,0,0,2,7,182,1,12,4,6,13,5,8,16,11,8,1,0,2,12,45
16,11,6,19,8,0,1,0,1,0,2,9,6,0,0,2,7,182,2,11,3,7,11,6,8,16,11,7,1,0,2,12,0
62,9,5,13,8,0,1,0,1,0,2,1,14,0,0,2,7,182,1,10,2,7,10,6,7,16,12,8,1,0,1,11,0
16,9,6,21,7,0,1,0,1,0,2,13,2,0,0,2,7,182,1,10,3,7,10,5,6,16,11,7,1,0,2,12,15
0,9,6,25,6,0,1,0,1,0,2,12,3,0,0,2,7,182,1,9,3,7,10,4,6,15,10,6,1,0,2,12,45
15,8,5,18,8,0,0,0,1,0,2,11,4,0,0,2,7,182,2,8,2,7,8,3,10,15,10,7,1,1,2,11,45
37,8,5,16,7,0,0,0,1,0,2,10,5,0,0,2,7,182,2,8,3,7,8,3,10,14,9,6,1,1,1,11,30
45,8,6,21,6,0,0,0,1,0,2,9,6,0,0,2,7,182,2,8,4,8,8,2,9,13,8,6,1,1,2,12,15
50,5,5,11,6,0,1,0,2,0,2,10,5,0,0,2,7,182,2,5,4,5,5,8,9,16,10,5,1,1,2,10,45
48,3,3,9,6,0,1,2,1,0,2,12,3,0,0,2,7,182,2,3,3,3,3,7,10,15,11,7,1,1,2,10,30
48,3,3,13,5,0,1,2,1,0,2,11,4,0,0,2,7,182,2,3,3,3,3,6,9,14,10,7,1,1,1,11,0
65,3,3,7,5,0,1,2,1,0,1,11,4,0,0,2,7,182,2,3,3,3,3,5,8,13,9,6,1,1,2,10,15
-200,3,3,40,4,0,1,2,1,0,1,10,5,0,0,2,7,182,2,3,3,3,3,4,7,12,8,5,0,1,2,15,45
9,3,3,7,4,0,0,2,1,0,1,8,7,0,0,2,7,182,2,3,3,3,3,3,6,11,7,4,0,0,2,10,15
16,3,3,16,5,0,0,2,1,0,1,1,14,0,0,2,7,182,3,1,1,1,1,3,6,11,7,4,0,0,1,11,30
7,3,3,11,4,0,0,2,1,0,1,11,4,0,0,2,7,182,2,1,1,1,1,2,5,10,7,4,0,0,2,10,45
68,0,0,5,4,0,0,2,1,0,1,2,13,0,0,2,7,182,0,0,0,0,0,4,8,9,9,4,0,0,2,10,0
33,0,0,5,4,0,0,2,0,0,1,24,6,0,0,2,7,182,0,0,0,0,0,3,7,8,8,3,0,0,2,10,0
-67,0,0,15,4,0,0,2,0,0,0,13,17,0,0,2,7,182,0,0,0,0,0,4,6,7,7,3,0,0,2,11,15
-34,0,0,9,4,0,0,1,0,0,0,6,24,0,0,2,7,182,0,0,0,0,0,4,6,6,6,2,0,0,2,10,30
10,0,0,4,3,0,0,1,0,0,0,0,9,0,0,2,7,182,0,0,0,0,0,4,5,5,5,1,0,0,2,9,45
43,0,0,0,2,0,0,1,0,0,0,0,15,0,1,2,7,182,0,0,0,0,0,3,4,4,4,1,0,0,2,9,0
39,0,0,0,1,0,0,1,0,0,0,0,21,0,1,2,7,182,0,0,0,0,0,2,3,3,3,1,0,0,2,9,0
44,0,0,2,1,0,0,0,0,0,0,0,27,0,0,2,7,182,0,0,0,0,0,2,2,2,2,1,0,0,1,9,30
74,0,0,2,0,0,0,0,0,0,0,0,53,0,0,2,7,182,0,0,0,0,0,1,1,1,1,0,0,0,1,9,30
1,23,4,52,1,0,2,1,0,0,1,1,14,1,0,6,6,179,0,48,3,8,11,5,7,12,6,2,6,1,2,17,30
-15,23,4,52,1,0,2,1,0,0,0,0,15,1,0,6,6,179,0,48,3,8,11,4,6,11,5,2,6,1,2,17,30
13,23,4,48,1,0,2,1,0,0,0,8,7,0,0,6,6,179,1,47,3,7,10,3,5,11,4,2,6,1,2,17,0
4,22,3,48,1,0,1,1,0,0,0,7,8,0,0,6,6,179,0,47,3,7,10,2,4,10,4,3,6,1,2,17,0
10,22,3,50,1,0,0,1,0,0,0,5,10,0,0,6,6,179,0,47,3,7,10,1,3,9,3,2,6,1,2,17,15
17,20,2,47,4,0,1,0,0,0,1,10,5,0,0,6,6,179,2,42,3,5,8,2,7,9,5,3,5,3,2,16,45
23,19,2,45,3,0,1,0,0,0,1,4,11,0,0,6,6,179,1,42,4,5,10,3,6,8,5,4,5,2,1,16,30
13,19,2,43,4,0,1,2,0,0,1,4,11,0,0,6,6,179,3,38,1,3,8,5,7,10,6,4,5,2,2,16,15
-16,19,2,41,4,0,1,2,0,0,0,4,11,0,0,6,6,179,3,38,1,3,8,4,6,9,5,4,5,2,2,16,0
34,19,2,39,4,0,1,2,0,0,0,14,1,0,0,6,6,179,4,37,0,2,7,3,5,8,4,3,4,2,2,15,45
19,19,2,39,4,0,0,2,0,0,0,9,6,0,0,6,6,179,2,37,0,2,9,3,4,8,5,3,4,1,2,15,45
-40,18,1,50,3,0,0,2,0,0,0,12,3,0,0,6,6,179,1,37,2,3,10,2,3,8,5,2,3,1,2,17,15
-47,17,0,43,2,0,0,2,0,0,0,9,6,0,0,6,6,179,0,37,2,5,12,2,3,8,5,2,3,0,2,16,15
-25,17,0,41,4,0,0,1,0,0,0,6,9,0,0,6,6,179,1,35,2,5,10,1,4,10,5,2,3,1,2,16,0
-43,17,3,32,6,0,0,1,0,0,0,24,21,0,0,6,6,179,2,32,3,7,15,4,6,11,6,3,3,1,2,14,45
-2,17,3,38,6,0,0,1,0,0,0,17,28,0,0,6,6,179,3,31,3,6,14,3,6,10,5,2,2,1,2,15,30
15,17,3,34,5,0,0,1,1,0,0,7,38,0,0,6,6,179,3,30,3,5,15,3,7,10,5,1,2,2,2,15,0
-7,17,3,32,5,0,0,1,1,0,0,24,6,0,0,6,6,179,3,29,3,5,16,3,6,10,5,2,2,2,2,14,45
39,15,2,31,6,0,1,0,1,0,0,13,17,0,0,6,6,179,3,27,2,5,15,4,5,12,6,3,2,2,2,14,30
-62,15,3,36,5,0,1,0,1,0,0,5,25,0,0,6,6,179,2,27,2,6,16,4,4,12,6,2,2,2,1,15,15
-46,14,3,30,7,0,1,0,0,0,0,2,13,0,0,6,6,179,3,25,3,8,17,3,5,15,6,2,2,2,1,14,15
-96,14,3,36,6,0,1,0,0,0,0,0,15,0,0,6,6,179,3,25,3,8,17,2,4,15,5,1,1,2,1,15,15
-107,14,4,34,6,0,0,0,0,0,0,11,4,0,0,6,6,179,2,25,4,10,17,1,4,15,5,2,0,1,2,15,0
-11,12,4,24,9,0,0,0,0,0,0,5,10,0,0,6,6,179,1,20,6,10,15,3,8,17,9,5,0,0,2,12,30
18,12,4,27,10,0,0,0,0,0,0,1,14,0,0,6,6,179,3,19,4,10,13,2,8,16,8,4,0,0,1,13,0
20,11,5,27,10,0,1,1,0,0,0,13,2,0,0,6,6,179,3,16,5,8,12,5,11,18,10,6,0,0,1,13,0
-7,10,5,22,10,0,1,2,0,0,0,1,14,0,0,6,6,179,4,14,5,6,11,6,13,17,10,7,0,0,1,12,15
22,9,4,18,9,0,1,3,0,0,0,9,6,0,0,6,6,179,3,13,5,5,10,7,12,17,11,7,0,0,2,11,45
0,9,4,20,9,0,1,3,0,0,0,7,8,0,0,6,6,179,4,12,4,5,9,6,11,17,10,6,0,0,2,12,0
-16,9,4,22,8,0,1,3,0,0,0,7,8,0,0,6,6,179,4,12,4,5,10,5,10,16,9,5,0,0,1,12,15
-9,8,5,20,8,0,1,3,0,0,0,7,8,0,0,6,6,179,2,11,3,5,11,8,10,17,11,6,0,0,2,12,0
-46,8,5,29,9,0,1,3,0,0,0,3,12,0,0,6,6,179,4,9,1,3,9,8,9,16,10,5,0,0,1,13,30
3,7,5,14,8,0,1,3,0,0,0,0,15,0,0,6,6,179,3,9,1,3,9,7,9,15,10,5,0,0,2,11,15
15,7,5,25,8,0,1,3,0,0,0,11,4,0,0,6,6,179,4,8,0,2,8,6,8,15,9,5,0,0,2,12,45
29,6,4,12,8,0,0,3,0,0,0,4,11,0,0,6,6,179,3,8,1,2,8,5,9,15,9,5,0,0,2,11,0
11,6,4,16,7,0,0,3,0,0,0,0,15,0,0,6,6,179,3,8,2,3,8,5,8,14,8,5,0,0,2,11,30
-4,6,4,25,6,0,0,3,0,0,0,11,4,0,0,6,6,179,3,8,2,4,8,4,7,13,7,4,0,0,2,12,45
64,6,4,14,5,0,0,3,0,0,0,11,4,0,0,6,6,179,3,8,2,4,8,3,6,12,6,4,0,0,2,11,15
0,6,4,12,4,0,0,3,0,0,0,7,8,0,0,6,6,179,3,8,2,4,8,2,5,11,5,4,0,0,2,11,0
-300,4,4,45,5,0,0,3,0,0,0,3,12,0,0,6,6,179,3,6,1,4,6,4,6,12,6,4,0,0,1,16,30
-37,3,3,18,4,0,0,3,0,0,0,1,14,0,0,6,6,179,2,6,2,6,6,3,7,12,6,3,0,0,2,11,45
8,2,2,7,3,0,0,3,0,0,0,11,4,0,0,6,6,179,1,6,3,6,6,3,7,11,6,3,0,0,1,10,0
-19,2,2,16,3,0,0,2,0,0,0,6,9,0,0,6,6,179,1,6,4,6,6,3,7,11,5,3,0,0,2,11,30
6,1,1,9,5,0,0,2,0,0,0,11,4,0,0,6,6,179,2,3,3,3,3,5,7,11,6,4,0,0,1,10,15
33,1,1,7,4,0,0,2,0,0,0,9,6,0,0,6,6,179,2,3,3,3,3,5,6,10,5,3,0,0,1,10,0
24,0,0,10,4,0,0,3,1,0,0,0,15,0,0,6,6,179,3,0,0,0,0,4,7,9,6,4,0,0,1,10,30
-10,0,0,5,3,0,0,3,1,0,0,13,2,0,0,6,6,179,3,0,0,0,0,3,6,8,5,4,0,0,2,9,45
-21,0,0,3,3,0,0,2,1,0,0,0,1,0,0,6,6,179,0,0,0,0,0,2,5,7,7,5,0,0,2,9,30
-15,0,0,1,2,0,0,2,1,0,0,0,6,0,0,6,6,179,0,0,0,0,0,2,4,6,6,5,0,0,2,9,15
16,0,0,5,2,0,0,1,1,0,0,0,34,0,0,6,6,179,0,0,0,0,0,3,5,5,5,4,0,0,2,9,45
23,0,0,0,1,0,0,1,1,0,0,0,36,0,1,6,6,179,0,0,0,0,0,2,4,4,4,3,0,0,2,9,0
-8,0,0,1,1,0,0,1,0,0,0,0,44,0,0,6,6,179,0,0,0,0,0,2,3,3,3,3,0,0,2,9,15
4,0,0,3,0,0,0,1,0,0,0,0,69,0,0,6,6,179,0,0,0,0,0,2,2,2,2,2,0,0,2,9,30
-85,0,0,11,0,0,0,0,0,0,0,0,84,0,0,6,6,179,0,0,0,0,0,1,1,1,1,1,0,0,2,10,45
1,29,5,57,4,0,2,2,1,0,0,7,8,1,0,5,6,178,2,49,3,6,12,5,7,15,8,2,9,2,1,17,45
14,29,5,57,4,0,2,1,1,0,0,0,15,1,0,5,6,178,2,49,4,9,14,4,9,14,7,2,8,2,1,17,45
23,27,3,55,4,0,2,1,1,0,0,9,6,0,0,5,6,178,1,48,4,8,13,3,9,13,8,3,8,2,2,17,30
8,27,3,53,3,0,2,1,1,0,0,6,9,0,0,5,6,178,1,48,4,8,14,2,9,12,7,3,8,2,2,17,15
18,27,4,51,3,0,1,1,1,0,0,2,13,0,0,5,6,178,1,48,4,8,14,2,8,12,6,3,8,2,2,17,0
24,25,4,48,3,0,0,5,1,0,0,2,13,0,0,5,6,178,2,44,4,7,12,7,10,15,8,4,8,3,2,16,30
15,24,3,53,2,0,1,5,1,0,0,13,2,0,0,5,6,178,2,43,3,6,11,6,9,14,8,4,8,3,2,17,15
28,24,3,46,1,0,1,5,1,0,0,4,11,0,0,5,6,178,2,43,4,6,11,5,8,14,7,4,8,3,1,16,15
6,24,3,55,2,0,1,5,0,0,0,3,12,0,0,5,6,178,2,42,3,5,10,5,7,13,7,5,8,3,2,17,30
-25,24,4,49,2,0,2,4,0,0,0,1,14,0,0,5,6,178,3,41,2,5,9,5,6,12,6,4,7,3,2,16,45
57,24,4,43,2,0,2,4,0,0,0,11,4,0,0,5,6,178,4,40,1,5,8,5,5,12,5,4,6,2,2,16,0
12,24,4,51,2,0,2,3,0,0,0,9,6,0,0,5,6,178,3,40,1,5,8,4,4,11,5,4,6,1,2,17,0
31,22,3,43,3,0,2,2,0,0,0,4,11,0,0,5,6,178,2,39,2,7,9,3,7,12,6,4,6,1,2,16,0
-50,22,3,49,3,0,2,1,0,0,0,2,13,0,0,5,6,178,2,39,2,7,9,2,6,11,5,3,5,1,2,16,45
31,21,2,41,3,0,2,0,0,0,0,12,3,0,0,5,6,178,1,39,4,7,9,1,6,11,5,4,5,0,3,15,45
-12,20,2,46,8,0,1,0,0,0,0,5,10,0,0,5,6,178,3,34,2,3,9,5,7,11,7,5,5,1,1,16,15
5,19,1,41,7,0,1,0,0,0,0,0,15,0,0,5,6,178,1,34,2,3,9,4,7,11,8,5,5,1,3,15,45
-3,19,1,38,7,0,1,0,0,0,0,9,6,0,0,5,6,178,2,33,1,3,8,3,7,11,7,5,5,2,1,15,15
-13,19,2,36,7,0,1,0,0,0,0,5,10,0,0,5,6,178,2,32,0,2,9,3,6,10,7,4,5,2,2,15,0
32,19,2,33,6,0,1,0,0,0,0,12,3,0,0,5,6,178,2,32,0,2,9,3,6,9,6,3,5,2,2,14,30
-10,18,2,34,5,0,1,0,0,0,0,38,7,0,0,5,6,178,0,32,2,6,12,4,5,9,7,3,5,2,2,14,45
30,18,2,36,4,0,1,0,0,0,0,29,16,0,0,5,6,178,0,32,2,7,13,3,5,10,6,3,4,2,2,15,0
12,18,4,32,4,0,1,0,0,0,0,20,25,0,0,5,6,178,1,31,4,6,12,3,4,11,5,2,4,1,1,14,15
6,18,4,40,4,0,0,0,0,0,0,14,31,0,0,5,6,178,1,31,4,6,12,2,4,11,4,2,3,1,2,15,30
-101,17,4,43,4,0,0,0,0,0,0,13,2,0,0,5,6,178,1,30,5,7,14,2,4,12,4,2,3,0,2,16,0
-18,16,4,38,6,0,1,0,0,0,0,7,8,0,0,5,6,178,3,26,1,6,14,3,4,11,5,3,3,0,1,15,15
2,14,3,34,5,0,1,1,0,0,0,4,11,0,0,5,6,178,2,25,4,6,14,2,7,14,6,4,3,0,2,14,45
20,14,3,30,4,0,1,1,0,0,0,12,3,0,0,5,6,178,2,25,5,6,16,2,7,14,5,4,3,1,1,13,15
12,12,2,29,5,0,1,2,0,0,1,2,13,0,0,5,6,178,2,21,2,6,16,5,8,17,8,5,3,1,1,13,0
-11,12,2,27,5,0,0,3,0,0,1,7,8,0,0,5,6,178,2,20,2,8,15,6,8,16,8,5,3,1,1,12,45
-1,12,2,23,5,0,0,3,0,0,0,6,9,0,0,5,6,178,2,20,2,8,15,6,7,15,7,4,3,1,2,12,15
-9,11,3,31,4,0,0,4,0,0,0,9,6,0,0,5,6,178,1,19,4,8,15,5,6,17,8,4,3,1,1,13,30
9,11,3,27,3,0,0,4,0,0,0,8,7,0,0,5,6,178,1,19,4,8,15,4,5,16,7,4,3,1,1,12,45
53,11,5,20,2,0,0,4,0,0,0,14,1,0,0,5,6,178,1,19,5,9,15,3,8,16,6,3,2,2,2,12,0
16,11,5,18,2,0,0,3,0,0,0,11,4,0,0,5,6,178,1,19,6,10,15,2,7,15,5,2,2,1,3,11,45
20,10,4,20,2,0,0,3,0,0,0,6,9,0,0,5,6,178,1,18,6,9,14,2,8,14,5,2,2,1,2,12,0
12,10,7,25,8,0,0,2,0,0,0,7,8,0,0,5,6,178,4,12,3,7,11,7,9,16,7,2,2,1,2,12,30
-9,7,6,25,8,0,0,2,0,0,0,7,8,0,0,5,6,178,2,11,5,7,11,8,12,16,9,4,2,2,2,12,30
3,7,6,13,7,0,0,2,0,0,0,5,10,0,0,5,6,178,2,11,5,7,11,7,11,17,8,3,2,2,2,11,0
3,7,6,13,6,0,0,2,0,0,0,4,11,0,0,5,6,178,2,11,5,7,11,6,10,16,7,2,2,2,2,11,0
-10,7,6,23,6,0,0,1,0,0,0,2,13,0,0,5,6,178,2,11,6,7,11,5,9,15,6,2,1,2,2,12,15
-5,6,5,15,6,0,0,2,0,0,0,23,7,0,0,5,6,178,3,9,4,5,9,4,8,15,6,2,1,1,1,11,15
-26,6,5,18,5,0,0,2,0,0,0,22,8,0,0,5,6,178,2,9,4,5,9,3,7,14,6,2,1,1,3,11,45
-3,6,5,15,4,0,0,2,0,0,0,14,16,0,0,5,6,178,2,9,4,6,9,3,7,14,5,2,1,1,1,11,15
7,5,4,17,6,0,1,1,0,0,0,9,21,0,0,5,6,178,4,6,2,3,6,4,6,13,5,3,1,1,2,11,30
1,2,2,11,5,0,1,2,0,0,0,4,11,0,0,5,6,178,1,5,2,4,5,5,8,13,8,4,0,1,2,10,45
83,1,1,4,4,0,1,2,0,0,0,13,2,0,0,5,6,178,0,5,2,5,5,4,7,12,8,3,0,0,2,9,30
0,1,1,9,3,0,1,2,0,0,0,12,3,0,0,5,6,178,0,5,2,5,5,3,6,11,7,2,0,0,2,10,15
63,1,1,2,4,0,0,2,0,0,0,7,8,0,0,5,6,178,1,4,1,4,4,2,5,10,6,2,0,0,1,9,15
-15,1,1,7,4,0,0,2,0,0,0,4,11,0,0,5,6,178,1,3,2,3,3,4,8,10,6,3,0,0,2,10,0
-21,1,1,11,3,0,0,2,0,0,0,5,10,0,0,5,6,178,1,3,3,3,3,5,7,9,5,2,0,0,2,10,45
-82,0,0,20,2,0,0,2,0,0,0,1,14,0,0,5,6,178,0,3,3,3,3,4,7,8,5,3,0,0,2,12,0
11,0,0,9,3,0,1,1,0,0,0,6,9,0,0,5,6,178,2,1,1,1,1,5,6,7,4,3,0,0,2,10,15
-57,0,0,7,3,0,1,1,0,0,0,0,8,0,0,5,6,178,2,0,0,0,0,4,5,6,4,2,0,0,2,10,0
19,0,0,0,2,0,1,1,0,0,0,0,9,0,1,5,6,178,2,0,0,0,0,3,4,5,3,2,0,0,2,9,0
20,0,0,5,1,0,1,1,0,0,0,0,16,0,0,5,6,178,1,0,0,0,0,3,4,4,3,1,0,0,2,9,45
17,0,0,5,1,0,1,0,0,0,0,0,24,0,0,5,6,178,0,0,0,0,0,2,3,3,3,0,0,0,2,9,45
-26,0,0,2,1,0,0,0,0,0,0,0,41,0,0,5,6,178,0,0,0,0,0,2,2,2,2,0,0,0,1,9,15
-19,0,0,0,0,0,0,0,0,0,0,0,70,0,1,5,6,178,0,0,0,0,0,1,1,1,1,0,0,0,2,9,0
12,34,4,53,2,0,0,2,0,0,0,1,14,1,0,4,6,177,3,50,3,6,15,1,3,8,2,1,7,0,2,17,30
1,30,4,49,5,0,0,3,0,0,0,9,6,0,0,4,6,177,2,45,3,10,13,4,6,14,7,3,7,1,2,17,0
1,30,4,51,4,0,0,3,0,0,0,8,7,0,0,4,6,177,2,45,4,10,13,3,5,13,6,2,7,1,2,17,15
-23,30,6,53,3,0,0,5,0,0,0,0,15,1,0,4,6,177,4,43,4,8,12,2,5,13,5,2,7,1,2,17,30
25,30,6,43,2,0,0,5,0,0,0,12,3,0,0,4,6,177,3,43,4,8,13,1,5,13,5,2,6,1,2,16,0
-4,27,6,46,3,0,1,7,0,0,0,2,13,0,0,4,6,177,2,38,3,6,11,6,8,17,10,5,6,2,1,16,15
-8,26,5,49,5,0,1,6,0,0,0,1,14,0,0,4,6,177,3,36,1,4,9,5,7,16,10,5,6,2,2,17,0
3,25,5,41,6,0,0,6,0,0,0,5,10,0,0,4,6,177,3,35,2,3,9,6,8,15,10,5,6,2,3,15,45
5,24,4,51,6,0,0,5,0,0,0,12,3,0,0,4,6,177,2,35,2,4,10,5,9,15,10,5,6,3,2,17,15
-10,24,4,41,5,0,0,5,0,0,0,10,5,0,0,4,6,177,2,35,2,5,10,4,8,14,9,4,6,3,3,15,45
-1,23,4,46,5,0,0,4,0,0,0,2,13,0,0,4,6,177,1,35,3,5,10,3,7,14,9,4,5,3,1,16,15
5,23,4,48,5,0,0,3,0,0,0,14,1,0,0,4,6,177,1,35,3,5,11,3,8,13,8,4,4,2,2,16,30
6,22,3,43,4,0,0,4,0,0,0,10,5,0,0,4,6,177,1,34,2,4,11,2,8,12,8,4,4,1,2,16,0
37,21,3,34,5,0,0,4,0,0,0,14,1,0,0,4,6,177,2,32,2,5,12,6,9,12,8,4,4,2,2,14,45
13,20,2,39,5,0,0,3,0,0,0,9,6,0,0,4,6,177,1,32,2,5,12,6,8,11,8,4,4,2,2,15,30
20,20,2,36,5,0,0,3,0,0,0,2,13,0,0,4,6,177,1,31,3,5,11,6,8,11,8,4,3,2,1,15,0
-6,20,4,43,5,0,0,2,0,0,0,42,3,0,0,4,6,177,1,31,3,6,11,5,7,10,7,3,3,1,2,16,0
126,19,4,21,5,0,0,2,0,0,0,30,15,0,0,4,6,177,1,30,3,5,11,5,7,11,7,3,3,1,2,12,0
3,19,4,36,4,0,0,2,0,0,0,30,15,0,0,4,6,177,1,30,3,6,11,4,6,10,6,3,3,1,1,15,0
42,19,4,32,3,0,0,2,0,0,0,29,16,0,0,4,6,177,1,30,3,6,11,3,5,9,5,3,3,1,1,14,15
2,19,4,39,5,0,0,1,0,0,0,17,28,0,0,4,6,177,3,28,2,5,10,3,5,9,4,3,2,1,2,15,30
-10,19,5,33,4,0,0,1,0,0,0,8,37,0,0,4,6,177,2,28,3,7,11,2,4,9,4,2,2,0,2,14,30
160,18,6,21,6,0,0,0,0,0,0,18,12,0,0,4,6,177,3,26,3,6,10,3,4,11,4,1,2,0,2,12,0
-61,15,3,34,5,0,0,0,0,0,1,4,26,0,0,4,6,177,1,25,5,5,11,2,4,11,6,1,2,0,2,14,45
100,15,3,27,6,0,0,0,0,0,1,8,7,0,0,4,6,177,1,23,3,4,11,2,4,11,7,2,2,0,2,12,45
86,12,0,19,6,0,0,3,0,0,0,9,6,0,0,4,6,177,0,20,1,3,13,3,7,15,10,4,2,1,3,11,45
7,12,1,31,5,0,0,3,0,0,0,6,9,0,0,4,6,177,0,20,3,6,14,4,8,17,9,4,2,1,1,13,30
32,12,1,27,4,0,0,3,0,0,0,4,11,0,0,4,6,177,0,20,3,6,14,3,7,16,8,4,2,1,2,12,45
-141,12,2,38,4,0,0,4,0,0,0,4,11,0,0,4,6,177,2,18,2,6,15,5,8,16,7,3,1,1,2,15,15
-3,12,3,29,4,0,0,4,0,0,0,9,6,0,0,4,6,177,2,17,2,6,14,5,9,18,7,2,1,0,1,13,0
16,12,4,29,3,0,0,4,0,0,0,11,4,0,0,4,6,177,2,17,5,9,15,5,10,19,6,2,1,1,1,13,0
-4,12,4,26,3,0,0,3,0,0,0,10,5,0,0,4,6,177,1,17,5,9,16,4,9,18,6,3,1,1,2,12,30
55,11,4,17,3,0,0,2,0,0,0,5,10,0,0,4,6,177,0,17,5,11,16,3,8,17,6,2,1,1,2,11,30
22,11,5,24,4,0,0,2,0,0,0,11,4,0,0,4,6,177,1,15,4,9,14,5,9,16,6,2,1,1,1,12,15
39,10,5,21,5,0,0,1,0,0,1,12,3,0,0,4,6,177,1,13,4,8,13,5,10,16,7,4,1,1,2,12,0
-1,10,6,15,4,0,0,2,0,0,1,5,10,0,0,4,6,177,2,12,6,8,12,5,9,15,6,4,1,1,2,11,15
-2,9,5,19,3,0,0,2,0,0,1,13,2,0,0,4,6,177,1,12,6,9,12,6,11,14,6,3,1,1,3,11,45
8,9,5,15,2,0,0,2,0,0,1,12,3,0,0,4,6,177,1,12,6,9,12,5,10,13,5,3,1,1,2,11,15
-29,9,7,17,5,0,0,2,0,0,0,4,11,0,0,4,6,177,3,9,3,6,9,5,9,13,5,3,0,1,2,11,30
-50,8,6,24,5,0,0,1,0,0,0,12,3,0,0,4,6,177,1,9,4,7,9,5,9,13,6,3,0,0,1,12,15
18,7,6,11,7,0,1,0,0,0,0,2,13,0,0,4,6,177,2,6,3,5,6,4,9,12,7,4,0,0,1,10,30
61,7,6,8,6,0,1,0,0,0,0,0,15,0,0,4,6,177,2,6,3,5,6,4,8,11,6,4,0,0,1,10,0
-20,5,5,14,5,0,1,0,0,0,0,6,9,0,0,4,6,177,0,6,3,5,6,5,7,11,7,3,0,0,2,11,0
7,5,5,10,5,0,0,0,0,0,0,1,14,0,0,4,6,177,0,6,3,6,6,4,6,10,6,3,0,0,2,10,15
-6,4,4,11,6,0,0,0,1,0,0,0,15,0,0,4,6,177,2,3,2,3,3,5,6,9,6,3,0,0,1,10,30
13,4,4,8,5,0,0,0,1,0,0,14,1,0,0,4,6,177,2,3,2,3,3,4,5,8,5,2,0,0,1,10,0
-16,4,4,13,4,0,0,0,1,0,0,13,2,0,0,4,6,177,2,3,2,3,3,3,4,7,4,2,0,0,1,10,45
51,2,2,0,3,0,0,0,2,0,0,14,1,0,1,4,6,177,1,2,2,2,2,2,4,8,5,3,0,0,2,9,0
44,2,2,6,2,0,0,0,2,0,0,11,4,0,0,4,6,177,1,2,2,2,2,2,4,7,4,2,0,0,2,9,45
25,0,0,6,2,0,0,1,2,0,0,0,1,0,0,4,6,177,1,0,0,0,0,2,4,6,5,3,0,0,2,9,45
5,0,0,2,2,0,0,1,1,0,0,0,25,0,0,4,6,177,0,0,0,0,0,3,5,5,5,4,0,0,2,9,15
9,0,0,4,1,0,0,1,1,0,0,0,32,0,0,4,6,177,0,0,0,0,0,2,4,4,4,4,0,0,2,9,30
7,0,0,0,0,0,0,1,1,0,0,0,47,0,1,4,6,177,0,0,0,0,0,1,3,3,3,3,0,0,2,9,0
-44,0,0,4,0,0,0,0,1,0,0,0,80,0,0,4,6,177,0,0,0,0,0,2,2,2,2,2,0,0,2,9,30
23,0,0,2,0,0,0,0,0,0,0,0,81,0,0,4,6,177,0,0,0,0,0,1,1,1,1,1,0,0,2,9,15
-3,25,1,55,4,0,0,0,0,0,0,26,4,1,0,3,6,176,1,52,2,5,12,2,4,10,4,0,2,0,2,17,30
28,24,1,53,4,0,0,0,0,0,0,2,28,0,0,3,6,176,1,51,3,7,12,2,6,10,4,0,2,0,2,17,15
27,24,1,55,4,0,0,0,0,0,0,25,5,1,0,3,6,176,1,50,3,6,12,2,7,9,4,1,2,0,2,17,30
21,24,4,49,5,0,0,0,0,0,0,13,2,0,0,3,6,176,1,48,4,8,11,5,7,11,5,2,2,0,2,16,30
48,24,4,51,4,0,1,1,0,0,0,6,9,0,0,3,6,176,2,46,3,6,9,6,6,12,5,2,2,0,2,17,0
-22,24,5,49,3,0,1,1,0,0,0,11,4,0,0,3,6,176,1,46,5,7,10,5,5,11,5,3,2,0,2,16,30
-45,23,4,53,3,0,1,1,1,0,0,5,10,0,0,3,6,176,2,44,3,5,9,4,5,10,5,4,2,0,2,17,15
-48,23,4,51,2,0,1,1,1,0,0,2,13,0,0,3,6,176,2,44,3,5,9,3,4,9,4,3,2,0,2,17,0
-6,23,4,47,1,0,1,1,1,0,0,10,5,0,0,3,6,176,2,44,4,6,9,2,3,9,3,2,2,0,2,16,0
-2,23,4,45,2,0,0,1,1,0,0,9,6,0,0,3,6,176,3,43,3,5,8,1,2,8,2,2,2,0,2,15,45
5,19,0,40,3,0,0,2,1,0,1,9,6,0,0,3,6,176,1,39,1,4,10,4,6,10,7,3,2,0,2,15,0
22,19,2,42,3,0,0,2,1,0,1,4,11,0,0,3,6,176,1,38,1,4,13,5,6,11,7,2,2,0,1,15,15
31,19,2,38,3,0,0,2,0,0,1,3,12,0,0,3,6,176,1,38,1,4,13,4,5,10,6,1,2,0,2,14,45
-50,19,3,47,2,0,0,2,0,0,1,57,3,0,0,3,6,176,1,38,2,4,13,3,5,10,5,0,2,0,2,16,0
-45,19,4,45,2,0,0,2,0,0,1,42,18,0,0,3,6,176,1,37,2,5,13,3,5,11,5,1,2,0,2,15,45
21,19,4,40,1,0,0,2,0,0,1,41,19,0,0,3,6,176,1,37,2,6,14,2,4,10,4,1,2,0,2,15,0
-42,18,4,42,2,0,0,2,1,0,0,13,47,0,0,3,6,176,2,35,3,8,15,3,5,12,4,1,2,0,1,15,15
-27,16,4,37,3,0,0,1,1,0,0,13,2,0,0,3,6,176,1,34,5,9,16,2,6,14,5,2,2,0,2,14,30
27,15,3,36,4,0,1,0,1,0,0,5,10,0,0,3,6,176,2,32,4,7,15,2,7,14,5,1,2,0,1,14,15
35,15,4,29,5,0,1,1,1,0,0,13,2,0,0,3,6,176,2,29,4,8,16,4,8,16,7,3,2,0,2,12,30
23,14,4,33,6,0,1,1,1,0,0,0,15,0,0,3,6,176,2,27,3,7,14,5,8,17,8,3,2,0,1,13,0
29,13,4,31,6,0,1,1,1,0,0,7,8,0,0,3,6,176,2,26,4,6,15,5,7,16,8,3,2,0,2,12,45
-14,12,3,33,6,0,1,1,1,0,0,14,1,0,0,3,6,176,2,25,4,7,14,4,9,16,8,3,2,2,1,13,0
-120,12,3,38,6,0,0,1,1,0,0,10,5,0,0,3,6,176,2,25,4,7,14,4,9,15,7,2,2,2,2,14,45
21,12,4,35,5,0,0,1,1,0,0,9,6,0,0,3,6,176,2,25,4,7,15,3,8,14,6,2,2,2,1,13,15
-9,12,5,31,5,0,0,1,2,0,1,9,6,0,0,3,6,176,3,22,2,7,13,3,7,14,7,3,2,2,2,12,45
-157,11,4,44,4,0,0,2,2,0,1,13,2,0,0,3,6,176,3,21,3,8,14,5,9,18,7,4,2,2,2,15,30
18,10,4,24,3,0,0,2,2,0,1,1,14,0,0,3,6,176,2,21,5,8,16,5,10,20,7,3,2,2,3,12,0
-18,9,3,22,3,0,0,2,2,0,1,6,9,0,0,3,6,176,1,20,5,9,17,7,9,19,8,3,2,2,2,11,45
24,9,4,26,3,0,0,1,2,0,1,5,10,0,0,3,6,176,1,19,5,9,17,6,8,18,7,2,1,2,2,12,15
-22,9,4,29,3,0,0,1,2,0,1,1,14,0,0,3,6,176,2,19,4,8,16,5,8,17,6,2,0,1,2,12,30
39,9,5,18,3,0,0,2,2,0,0,11,4,0,0,3,6,176,3,18,5,7,15,4,7,16,5,2,0,0,2,11,15
-20,7,4,26,4,0,1,2,1,0,1,9,6,0,0,3,6,176,3,15,4,6,15,5,7,16,7,3,0,0,2,12,15
10,7,4,20,3,0,1,2,1,0,1,7,8,0,0,3,6,176,2,15,4,8,15,4,8,15,7,3,0,0,2,11,30
15,7,4,18,3,0,1,2,0,0,1,6,9,0,0,3,6,176,2,15,4,8,15,3,9,14,6,3,0,0,2,11,15
-75,6,4,26,3,0,2,1,1,0,1,9,6,0,0,3,6,176,2,13,3,7,13,3,9,16,7,4,0,0,2,12,15
-8,6,4,16,3,0,2,1,1,0,0,3,12,0,0,3,6,176,2,13,4,8,13,3,11,16,6,3,0,0,2,11,0
25,5,3,14,4,0,2,1,1,0,0,3,12,0,0,3,6,176,2,11,4,8,11,6,10,17,7,4,0,0,2,10,45
-13,4,4,14,4,0,1,1,2,0,1,6,9,0,0,3,6,176,3,9,4,7,9,7,9,17,7,3,0,0,2,10,45
3,3,3,16,3,0,1,1,2,0,1,8,7,0,0,3,6,176,1,8,6,9,9,8,9,17,8,3,0,0,2,11,0
25,3,3,11,4,0,0,1,2,0,1,8,7,0,0,3,6,176,2,8,5,8,8,7,8,16,7,3,0,0,1,10,15
-51,3,3,20,4,0,0,1,2,0,1,7,8,0,0,3,6,176,3,7,4,7,7,6,7,15,6,2,0,0,2,11,30
20,3,3,8,4,0,0,1,1,0,1,6,9,0,0,3,6,176,3,7,4,7,7,5,6,14,5,2,0,0,2,10,0
23,3,3,24,3,0,0,1,1,0,1,14,1,0,0,3,6,176,2,7,4,7,7,4,6,13,5,2,0,0,3,12,0
-14,2,2,11,3,0,0,2,2,0,0,6,9,0,0,3,6,176,3,5,3,5,5,3,7,12,5,2,0,0,1,10,15
13,2,2,8,2,0,0,2,2,0,0,5,10,0,0,3,6,176,3,5,4,5,5,2,6,11,4,2,0,0,2,10,0
-11,2,2,8,2,0,0,2,1,0,0,4,11,0,0,3,6,176,2,5,4,5,5,1,5,10,4,2,0,0,2,10,0
13,0,0,4,4,0,0,2,1,0,1,1,14,0,0,3,6,176,2,1,1,1,1,5,8,10,7,4,0,0,2,9,30
20,0,0,6,4,0,0,1,1,0,2,0,12,0,0,3,6,176,1,0,0,0,0,6,8,9,8,6,0,0,3,9,45
-26,0,0,4,3,0,0,1,1,0,2,0,19,0,0,3,6,176,1,0,0,0,0,6,7,8,7,5,0,0,2,9,30
-8,0,0,0,2,0,0,1,1,0,2,0,20,0,1,3,6,176,1,0,0,0,0,5,6,7,6,4,0,0,2,9,0
-187,0,0,22,2,0,0,1,1,0,1,0,27,0,0,3,6,176,0,0,0,0,0,4,5,6,6,3,0,0,2,11,45
-18,0,0,2,1,0,0,1,1,0,1,0,29,0,0,3,6,176,0,0,0,0,0,3,5,5,5,3,0,0,2,9,15
-13,0,0,6,1,0,0,0,1,0,1,0,31,0,0,3,6,176,0,0,0,0,0,2,4,4,4,2,0,0,3,9,45
-56,0,0,13,0,0,0,0,1,0,1,0,49,0,0,3,6,176,0,0,0,0,0,2,3,3,3,1,0,0,2,10,30
2,0,0,2,0,0,0,0,0,0,1,0,64,0,0,3,6,176,0,0,0,0,0,2,2,2,2,1,0,0,2,9,15
12,0,0,0,0,0,0,0,0,0,0,0,87,0,1,3,6,176,0,0,0,0,0,1,1,1,1,0,0,0,2,9,0
7,41,4,59,8,0,0,2,0,0,0,0,15,1,0,2,6,175,3,49,2,6,11,2,6,11,8,2,3,0,2,17,45
25,39,4,57,8,0,0,3,0,0,0,21,9,0,0,2,6,175,3,47,3,6,11,4,7,15,9,3,3,2,1,17,30
52,39,4,57,7,0,0,3,0,0,0,15,15,0,0,2,6,175,3,47,4,6,11,4,7,15,8,3,3,2,1,17,30
48,37,3,55,7,0,0,4,0,0,0,7,23,0,0,2,6,175,3,45,2,4,10,4,6,14,9,4,3,2,2,17,15
49,37,4,55,7,0,0,3,0,0,0,14,1,0,0,2,6,175,3,45,3,6,10,3,5,14,8,4,3,2,2,17,15
42,37,6,53,6,0,1,3,0,0,0,1,14,0,0,2,6,175,3,44,3,6,11,3,6,14,8,4,3,2,2,17,0
55,36,5,51,6,0,1,3,0,0,0,10,5,0,0,2,6,175,3,43,2,6,10,3,6,14,8,4,2,2,2,16,30
68,35,4,44,6,0,1,3,1,0,0,7,8,0,0,2,6,175,3,41,3,5,9,3,9,15,9,3,1,1,2,15,45
33,35,5,53,5,0,1,3,1,0,0,0,15,0,0,2,6,175,3,41,3,5,10,3,9,14,8,2,1,0,2,17,0
27,33,4,44,6,0,1,3,2,0,0,9,6,0,0,2,6,175,4,38,2,3,11,6,10,13,9,2,1,0,2,15,45
-7,32,4,51,6,0,1,2,2,0,0,3,12,0,0,2,6,175,3,38,2,4,12,6,9,14,9,3,1,0,2,16,30
57,31,3,49,5,0,1,3,2,0,0,12,3,0,0,2,6,175,3,37,2,4,12,6,9,14,9,3,1,0,2,16,15
24,31,3,49,4,0,1,3,2,0,0,9,6,0,0,2,6,175,3,37,2,4,12,5,8,13,8,3,1,0,2,16,15
101,31,3,37,3,0,1,3,2,0,0,8,7,0,0,2,6,175,3,37,2,4,12,4,7,12,7,3,1,0,2,15,0
8,31,3,40,3,0,0,4,2,0,0,12,3,0,0,2,6,175,3,36,1,3,12,4,8,13,7,2,1,0,2,15,15
2,31,3,47,2,0,0,4,2,0,0,9,6,0,0,2,6,175,3,36,1,4,12,4,7,12,6,1,1,0,2,16,0
-6,30,2,47,1,0,0,4,2,0,0,2,13,0,0,2,6,175,2,36,3,4,12,3,6,11,6,1,1,0,2,16,0
-18,29,3,40,2,0,0,3,2,0,0,0,15,0,0,2,6,175,2,35,2,7,13,4,5,11,6,2,1,0,2,15,15
7,29,3,42,2,0,0,2,2,0,0,10,5,0,0,2,6,175,2,35,3,8,13,4,4,11,5,2,1,0,3,15,30
18,28,5,37,4,0,0,2,1,0,0,59,1,0,0,2,6,175,2,33,2,8,12,3,6,10,6,3,1,0,2,15,0
3,28,5,35,3,0,0,2,1,0,0,47,13,0,0,2,6,175,2,33,4,8,15,2,7,9,5,2,1,1,3,14,45
11,28,5,42,3,0,0,2,0,0,0,45,15,0,0,2,6,175,2,33,5,8,15,1,6,9,4,2,1,1,3,15,30
-13,25,6,33,8,0,1,1,1,0,0,6,54,0,0,2,6,175,4,26,2,4,13,5,7,16,8,5,1,1,2,14,30
6,25,6,32,7,0,1,1,1,0,0,4,56,0,0,2,6,175,4,26,2,4,13,4,6,15,7,4,1,1,2,14,15
-65,24,5,37,7,0,1,1,1,0,0,1,59,0,0,2,6,175,4,25,1,4,14,3,5,14,7,4,1,1,2,15,0
10,23,5,33,7,0,1,0,1,0,0,7,8,0,0,2,6,175,3,25,2,6,14,3,4,14,7,3,0,1,2,14,30
21,23,5,30,6,0,1,0,1,0,0,4,11,0,0,2,6,175,3,25,2,7,15,2,3,13,6,2,0,0,1,13,15
-55,21,5,35,7,0,1,0,1,0,0,10,5,0,0,2,6,175,3,23,3,7,16,2,6,12,7,2,0,0,3,14,45
15,19,5,28,7,0,1,0,1,0,0,10,5,0,0,2,6,175,2,22,4,9,16,4,10,13,8,2,0,0,2,13,0
19,18,8,23,8,0,1,0,2,0,1,1,14,0,0,2,6,175,4,18,3,9,15,7,10,16,9,3,0,0,1,12,15
29,18,9,23,7,0,1,0,2,0,1,0,15,0,0,2,6,175,4,18,3,9,15,6,9,16,8,3,0,0,1,12,15
40,17,8,28,6,0,1,0,2,0,1,12,3,0,0,2,6,175,3,18,5,10,15,6,8,15,8,4,0,0,2,13,0
7,16,7,30,5,0,1,1,2,0,1,5,10,0,0,2,6,175,3,17,4,9,14,6,7,15,8,3,0,0,1,13,15
38,16,8,21,5,0,1,1,2,0,1,10,5,0,0,2,6,175,2,16,5,9,15,6,6,17,9,4,0,0,2,12,0
14,16,8,19,5,0,1,1,2,0,0,10,5,0,0,2,6,175,2,16,5,9,15,5,5,16,8,3,0,0,2,11,45
28,16,9,25,4,0,1,1,2,0,0,8,7,0,0,2,6,175,2,16,5,9,15,4,4,15,7,2,0,0,2,12,30
25,14,7,19,6,0,0,1,2,0,1,13,2,0,0,2,6,175,3,13,5,7,13,3,5,14,8,3,0,0,2,11,45
33,14,7,26,5,0,0,1,2,0,1,10,5,0,0,2,6,175,3,13,5,7,13,2,4,13,7,2,0,0,2,12,45
-12,13,8,21,5,0,0,1,3,0,1,0,15,0,0,2,6,175,3,11,3,6,11,1,6,13,8,4,0,0,2,12,0
36,7,6,17,6,0,0,1,6,0,1,5,10,0,0,2,6,175,2,6,3,5,6,6,11,19,13,7,0,0,1,11,15
32,7,6,15,5,0,0,1,6,0,1,4,11,0,0,2,6,175,2,6,3,5,6,5,10,18,12,7,0,0,1,11,0
-210,6,6,44,4,0,1,1,6,0,1,8,7,0,0,2,6,175,2,5,2,5,5,5,10,17,12,7,0,0,2,15,45
-61,6,6,26,4,0,1,1,5,0,1,7,8,0,0,2,6,175,2,5,2,5,5,5,9,16,11,7,0,0,2,12,45
-6,6,6,18,4,0,1,1,4,0,1,2,13,0,0,2,6,175,2,5,2,5,5,6,8,16,10,6,0,0,2,11,30
32,4,4,11,4,0,1,1,5,0,1,11,4,0,0,2,6,175,2,3,2,3,3,6,8,16,11,6,0,0,2,10,30
30,4,4,13,4,0,1,1,5,0,0,1,14,0,0,2,6,175,2,3,3,3,3,5,10,15,10,6,0,0,2,10,45
37,3,3,15,4,0,1,0,5,0,0,8,7,0,0,2,6,175,1,3,3,3,3,5,10,14,10,6,0,0,1,11,0
55,3,3,9,3,0,1,0,5,0,0,5,10,0,0,2,6,175,1,3,3,3,3,4,9,13,9,6,0,0,2,10,15
39,3,3,7,3,0,1,0,4,0,0,4,11,0,0,2,6,175,1,3,3,3,3,3,8,12,8,6,0,0,2,10,0
49,2,2,11,3,0,2,0,4,0,0,13,2,0,0,2,6,175,2,1,1,1,1,3,8,11,8,6,0,0,2,10,30
1,0,0,9,4,0,1,0,4,0,0,9,6,0,0,2,6,175,1,0,0,0,0,6,8,10,9,5,0,0,2,10,15
15,0,0,13,4,0,1,0,3,0,0,0,15,0,0,2,6,175,1,0,0,0,0,6,9,9,8,5,0,0,2,10,45
57,0,0,5,4,0,1,0,2,0,0,9,6,0,0,2,6,175,0,0,0,0,0,6,8,8,8,4,0,0,2,9,45
38,0,0,0,4,0,0,0,2,0,0,7,8,0,1,2,6,175,0,0,0,0,0,5,7,7,7,3,0,0,2,9,0
13,0,0,7,3,0,0,0,2,0,0,2,13,0,0,2,6,175,0,0,0,0,0,4,6,6,6,3,0,0,2,10,0
28,0,0,2,3,0,0,0,1,0,0,0,4,0,0,2,6,175,0,0,0,0,0,3,5,5,5,2,0,0,1,9,15
39,0,0,5,3,0,0,0,0,0,0,0,14,0,0,2,6,175,0,0,0,0,0,3,4,4,4,1,0,0,2,9,45
30,0,0,0,2,0,0,0,0,0,0,0,20,0,1,2,6,175,0,0,0,0,0,3,3,3,3,0,0,0,2,9,0
29,0,0,4,1,0,0,0,0,0,0,0,42,0,0,2,6,175,0,0,0,0,0,2,2,2,2,0,0,0,2,9,30
-2,0,0,2,0,0,0,0,0,0,0,0,44,0,0,2,6,175,0,0,0,0,0,1,1,1,1,0,0,0,1,9,15
28,27,4,49,4,0,0,0,0,0,0,13,2,0,0,6,6,172,1,48,3,6,13,2,4,11,4,2,5,0,2,17,15
24,27,5,49,4,0,0,1,0,0,0,7,8,0,0,6,6,172,2,46,3,7,14,3,5,11,4,1,5,1,2,17,15
-10,25,3,51,3,0,0,2,0,0,0,12,3,1,0,6,6,172,1,45,3,7,13,2,5,10,5,1,5,1,2,17,30
0,24,3,51,2,0,1,2,0,0,0,12,3,1,0,6,6,172,1,44,4,6,13,2,7,13,5,2,5,1,2,17,30
5,22,3,45,4,0,0,2,0,0,0,7,8,0,0,6,6,172,1,42,4,7,14,4,7,13,6,3,4,1,2,16,45
31,22,5,47,5,0,1,2,0,0,0,7,8,0,0,6,6,172,3,39,2,7,11,6,7,12,6,2,4,1,2,17,0
1,22,5,43,4,0,1,2,0,0,1,1,14,0,0,6,6,172,2,38,2,6,12,5,6,12,7,3,4,1,2,16,30
-9,22,5,41,3,0,1,2,0,0,1,7,8,0,0,6,6,172,2,38,3,6,12,4,6,12,6,2,4,1,2,16,15
4,22,5,47,3,0,1,1,0,0,1,6,9,0,0,6,6,172,2,38,4,7,12,3,5,11,5,2,4,1,2,17,0
32,21,4,43,2,0,1,1,0,0,1,4,11,0,0,6,6,172,1,38,4,7,12,3,4,10,5,1,4,1,2,16,30
-1,21,5,41,2,0,0,1,0,0,1,10,5,0,0,6,6,172,1,38,5,7,12,2,6,12,4,1,4,3,2,16,15
-40,18,3,45,2,0,1,2,1,0,1,6,9,0,0,6,6,172,2,34,3,6,10,2,6,12,6,1,3,3,2,16,45
27,17,2,40,3,0,2,1,1,0,1,8,7,0,0,6,6,172,1,32,4,6,11,5,7,12,8,2,3,2,2,16,0
9,17,2,36,4,0,2,1,1,0,0,1,14,0,0,6,6,172,2,31,3,5,11,4,7,11,7,2,2,3,2,15,30
-4,17,2,34,3,0,2,1,1,0,0,1,14,0,0,6,6,172,2,31,3,5,11,3,6,10,6,2,2,2,2,15,15
18,17,2,34,3,0,1,1,1,0,0,0,15,0,0,6,6,172,2,31,3,5,11,2,5,9,5,1,1,2,2,15,15
20,16,2,36,2,0,1,3,1,0,0,1,14,0,0,6,6,172,2,29,3,5,10,2,6,9,6,2,1,1,2,15,30
20,15,3,32,2,0,2,3,0,0,0,50,10,0,0,6,6,172,1,28,2,6,10,5,6,9,7,2,1,1,2,15,0
-52,15,3,38,3,0,1,4,0,0,0,41,19,0,0,6,6,172,3,26,2,5,9,5,6,9,6,2,1,1,1,15,45
-12,15,4,29,3,0,0,4,0,0,0,32,28,0,0,6,6,172,2,26,3,6,9,4,5,10,6,1,0,1,1,14,30
-7,15,4,31,3,0,0,3,0,0,0,28,32,0,0,6,6,172,2,26,4,6,10,3,4,10,5,1,0,0,2,14,45
21,15,4,32,2,0,0,3,0,0,0,27,33,0,0,6,6,172,2,26,4,6,10,2,4,9,4,1,0,0,2,15,0
14,14,3,29,3,0,0,3,0,0,0,14,46,0,0,6,6,172,3,24,2,5,9,1,3,8,4,2,0,0,1,14,30
-20,12,2,28,3,0,1,3,1,0,0,13,2,0,0,6,6,172,2,21,2,4,12,2,4,8,7,3,0,0,2,14,15
85,11,1,25,4,0,1,2,1,0,0,13,2,0,0,6,6,172,1,20,2,4,13,1,6,9,8,5,0,0,1,13,0
-27,10,4,27,6,0,0,2,1,0,0,6,9,0,0,6,6,172,1,18,3,9,14,5,6,15,9,5,0,0,1,13,15
23,10,5,20,6,0,0,2,0,0,0,5,10,0,0,6,6,172,1,18,3,9,14,4,5,14,8,4,0,0,2,12,30
54,10,5,20,5,0,0,3,0,0,0,10,5,0,0,6,6,172,2,17,3,8,13,4,5,13,7,3,0,0,2,12,30
48,10,5,23,4,0,0,3,0,0,0,9,6,0,0,6,6,172,2,17,3,9,13,3,4,13,6,3,0,0,2,12,45
-1,10,6,25,4,0,0,2,0,0,0,2,13,0,0,6,6,172,1,17,6,10,14,2,3,12,6,3,0,0,1,13,0
46,8,5,20,6,0,0,2,0,0,0,12,3,0,0,6,6,172,2,14,5,8,12,1,5,13,7,4,0,0,2,12,30
-137,5,4,38,10,0,0,1,1,0,0,10,5,0,0,6,6,172,3,9,4,5,9,5,9,16,10,6,0,0,1,15,45
-15,4,4,23,11,0,0,1,1,0,0,14,1,0,0,6,6,172,3,7,3,5,7,7,9,17,11,7,0,0,2,12,45
3,4,4,16,10,1,0,1,1,0,0,7,8,0,0,6,6,172,4,6,2,4,6,7,8,18,10,7,0,0,1,11,30
29,4,4,12,9,1,0,1,1,0,0,1,14,0,0,6,6,172,4,6,2,4,6,6,9,17,9,6,0,0,2,11,0
5,3,3,12,8,1,0,2,1,0,0,11,4,0,0,6,6,172,3,5,1,4,5,5,8,16,10,6,0,0,2,11,0
6,3,3,19,7,1,0,2,1,0,0,10,5,0,0,6,6,172,3,5,1,4,5,4,7,15,9,6,0,0,3,12,15
0,3,3,14,7,1,0,2,0,0,0,9,6,0,0,6,6,172,3,5,1,4,5,3,6,14,8,6,0,0,1,11,15
51,3,3,9,7,1,0,2,0,0,0,0,15,0,0,6,6,172,4,4,1,3,4,3,6,13,7,5,0,0,1,10,30
-9,2,2,18,7,1,0,1,0,0,0,8,7,0,0,6,6,172,3,4,2,4,4,2,5,12,7,6,0,0,1,12,0
-25,1,1,17,6,1,0,1,0,0,0,9,6,0,0,6,6,172,2,4,3,4,4,3,7,12,7,5,0,0,1,11,45
3,0,0,11,5,1,0,3,0,0,0,1,14,0,0,6,6,172,1,2,2,2,2,4,10,12,9,7,0,0,2,10,45
-2,0,0,9,4,1,0,3,0,0,0,1,14,0,0,6,6,172,1,2,2,2,2,3,9,11,8,6,0,0,1,10,30
-16,0,0,5,5,1,0,2,0,0,0,7,8,0,0,6,6,172,1,1,1,1,1,4,8,10,8,7,0,0,2,10,0
35,0,0,1,4,1,0,2,1,0,0,4,11,0,0,6,6,172,1,0,0,0,0,7,7,9,8,7,0,0,2,9,15
13,0,0,7,3,1,0,2,1,0,0,0,2,0,0,6,6,172,1,0,0,0,0,6,6,8,7,6,0,0,2,10,15
-4,0,0,2,2,1,0,2,1,0,0,0,3,0,0,6,6,172,1,0,0,0,0,5,6,7,6,5,0,0,1,9,30
-39,0,0,7,2,1,0,1,1,0,0,0,9,0,0,6,6,172,0,0,0,0,0,4,5,6,6,5,0,0,2,10,15
1,0,0,5,2,1,0,0,1,0,0,0,11,0,0,6,6,172,0,0,0,0,0,3,4,5,5,4,0,0,2,10,0
-21,0,0,2,1,1,0,0,1,0,0,0,20,0,0,6,6,172,0,0,0,0,0,2,4,4,4,4,0,0,1,9,30
28,0,0,4,1,0,0,0,1,0,0,0,22,0,0,6,6,172,0,0,0,0,0,1,3,3,3,3,0,0,2,9,45
-20,0,0,14,0,0,0,0,1,0,0,0,62,0,0,6,6,172,0,0,0,0,0,2,2,2,2,2,0,0,1,11,15
-4,0,0,0,0,0,0,0,0,0,0,0,73,0,1,6,6,172,0,0,0,0,0,1,1,1,1,1,0,0,1,9,0
-28,33,4,57,4,0,0,2,0,0,1,11,4,1,0,5,6,171,2,51,3,6,12,4,8,15,6,3,5,1,1,17,45
12,33,4,51,4,0,0,2,0,0,1,8,7,0,0,5,6,171,3,50,2,5,11,3,7,14,5,3,5,1,2,17,0
0,32,3,57,3,0,0,2,0,0,1,5,10,1,0,5,6,171,2,50,3,6,11,2,7,13,5,2,5,1,1,17,45
0,31,2,55,3,0,0,2,0,0,1,2,13,0,0,5,6,171,1,49,3,6,10,5,7,13,6,4,5,2,2,17,30
2,30,2,49,4,0,1,2,0,0,0,2,13,0,0,5,6,171,1,47,3,8,10,5,8,13,7,4,4,2,1,16,30
-30,30,2,53,3,0,1,3,0,0,0,14,1,0,0,5,6,171,2,46,3,7,9,4,7,12,6,3,4,1,2,17,15
-68,30,2,55,3,0,0,3,0,0,0,12,3,0,0,5,6,171,2,46,3,7,9,4,7,11,5,2,4,1,2,17,30
22,29,1,51,2,0,0,3,0,0,0,2,13,0,0,5,6,171,0,46,3,7,9,3,7,10,6,2,4,1,2,17,0
-10,29,2,53,2,0,0,3,0,0,0,6,9,0,0,5,6,171,1,45,5,6,10,2,7,11,5,2,4,1,2,17,15
8,29,2,50,3,0,0,3,0,0,0,12,3,0,0,5,6,171,1,43,4,4,8,4,6,10,6,1,3,1,2,16,45
-11,29,2,47,4,0,1,3,0,0,1,3,12,0,0,5,6,171,4,39,0,2,7,5,7,10,6,1,3,1,1,16,15
9,28,1,47,4,0,1,2,0,0,1,2,13,0,0,5,6,171,3,39,0,2,7,4,6,9,6,0,3,1,1,16,15
6,28,1,45,4,0,1,1,0,0,1,14,1,0,0,5,6,171,3,39,0,2,8,3,5,9,5,0,3,1,2,16,0
-3,28,1,44,3,0,1,1,0,0,1,10,5,0,0,5,6,171,3,39,0,2,9,2,4,8,4,0,3,1,2,15,45
-7,28,2,43,2,0,1,1,0,0,1,14,1,0,0,5,6,171,2,39,1,2,11,2,4,8,4,0,3,1,1,15,30
-7,27,1,41,2,0,0,1,0,0,1,9,6,0,0,5,6,171,1,39,2,4,15,2,4,10,4,1,3,1,1,15,15
-8,27,3,37,3,0,0,2,0,0,0,7,8,0,0,5,6,171,2,37,2,5,14,3,4,10,4,1,2,1,2,14,45
-15,26,5,45,3,0,0,1,0,0,0,32,13,0,0,5,6,171,1,37,3,8,17,3,5,10,4,1,2,0,2,16,0
17,26,6,39,4,0,0,1,0,0,0,26,19,0,0,5,6,171,2,35,2,8,15,2,5,9,4,2,2,0,2,15,0
38,25,8,34,3,0,0,1,0,0,0,3,42,0,0,5,6,171,1,34,5,10,18,3,6,12,5,2,2,0,1,13,30
26,23,6,36,5,0,0,1,0,0,0,0,15,0,0,5,6,171,2,31,5,9,19,5,6,13,6,4,2,0,2,14,30
-45,21,5,37,7,0,0,0,0,0,0,4,11,0,0,5,6,171,2,29,5,8,17,4,6,13,7,4,2,0,2,14,45
18,20,5,31,6,0,0,2,0,0,0,12,3,0,0,5,6,171,3,27,4,7,16,3,5,12,7,4,2,0,1,13,0
-81,18,3,39,5,0,0,2,0,0,0,9,6,0,0,5,6,171,1,27,4,7,16,3,4,11,8,4,2,0,2,15,0
11,18,3,33,4,0,0,2,0,0,0,8,7,0,0,5,6,171,1,27,4,7,16,2,3,10,7,4,2,0,1,13,15
36,17,5,27,5,0,0,4,0,0,0,11,4,0,0,5,6,171,3,23,3,8,15,2,6,16,8,5,2,0,2,12,30
45,16,7,25,5,0,0,4,0,0,0,9,6,0,0,5,6,171,1,21,6,10,15,5,8,20,10,6,2,0,2,12,15
34,15,7,31,6,0,0,5,0,0,0,6,9,0,0,5,6,171,3,19,7,8,14,6,7,19,10,6,2,0,1,13,0
-3,14,6,25,6,0,0,5,0,0,0,1,14,0,0,5,6,171,3,18,6,8,14,5,8,18,10,7,2,0,2,12,15
55,13,5,22,5,0,0,5,0,0,0,0,15,0,0,5,6,171,1,18,6,8,14,4,7,18,11,8,2,0,2,12,0
30,13,6,29,5,0,0,5,0,0,0,14,1,0,0,5,6,171,1,18,6,8,14,3,6,17,10,7,2,0,2,12,45
10,11,5,29,8,0,0,4,0,0,0,10,5,0,0,5,6,171,2,15,4,7,13,3,10,17,11,8,2,0,2,12,45
-159,10,4,41,8,0,1,3,0,0,0,8,7,0,0,5,6,171,2,14,3,6,12,2,10,17,11,8,2,0,1,15,15
11,9,5,27,9,0,1,2,0,0,1,11,4,0,0,5,6,171,2,12,2,5,12,4,12,17,12,8,2,2,2,12,30
10,8,5,22,9,0,1,2,0,0,1,5,10,0,0,5,6,171,1,11,3,6,11,8,12,19,13,8,2,2,2,12,0
8,8,5,18,9,0,1,2,0,0,1,2,13,0,0,5,6,171,2,10,2,5,10,8,11,18,12,8,2,2,2,11,30
-15,7,5,22,8,0,1,2,0,0,1,12,3,0,0,5,6,171,1,10,3,7,10,7,11,19,12,8,2,2,2,12,0
-17,7,5,18,8,0,0,2,0,0,1,11,4,0,0,5,6,171,1,10,3,7,10,8,10,18,11,8,2,2,2,11,30
1,7,5,20,7,0,0,2,0,0,1,8,7,0,0,5,6,171,1,10,3,7,10,8,9,18,10,8,2,2,3,11,45
59,7,5,15,6,0,0,2,0,0,1,6,9,0,0,5,6,171,1,10,3,7,10,7,8,18,9,7,2,2,1,11,0
15,7,5,15,6,0,0,3,0,0,1,1,14,0,0,5,6,171,3,8,2,5,8,6,7,17,8,6,2,2,1,11,0
-43,6,5,20,6,0,0,3,0,0,0,8,7,0,0,5,6,171,2,8,3,6,8,5,8,16,8,6,2,2,3,11,45
-114,5,4,35,6,0,0,2,0,0,0,3,12,0,0,5,6,171,1,8,3,8,8,4,8,15,8,6,1,2,1,14,15
35,4,3,17,6,0,0,1,0,0,0,11,4,0,0,5,6,171,1,7,4,7,7,4,7,14,8,5,0,1,2,11,15
5,4,3,10,6,0,0,1,0,0,0,11,4,0,0,5,6,171,1,7,4,7,7,4,7,14,8,5,0,1,1,10,15
40,4,3,13,5,0,0,1,0,0,0,10,5,0,0,5,6,171,1,7,4,7,7,2,5,13,6,3,0,0,2,10,45
39,3,3,13,6,0,0,2,0,0,0,0,15,0,0,5,6,171,2,4,4,4,4,4,7,13,7,3,0,0,2,10,45
-7,2,2,6,6,0,0,2,0,0,1,12,3,0,0,5,6,171,2,2,2,2,2,6,10,12,8,4,0,0,2,9,45
30,1,1,8,5,0,0,2,0,0,1,9,6,0,0,5,6,171,1,2,2,2,2,5,9,11,8,4,0,0,2,10,0
43,1,1,10,5,0,1,2,0,0,1,4,11,0,0,5,6,171,3,0,0,0,0,4,8,10,7,3,0,0,1,10,15
15,1,1,12,4,0,1,2,0,0,1,7,8,0,0,5,6,171,1,0,0,0,0,6,8,9,8,4,0,0,2,10,30
6,0,0,0,3,0,1,2,0,0,1,4,11,0,1,5,6,171,0,0,0,0,0,6,7,8,8,3,0,0,2,9,0
-2,0,0,2,3,0,1,2,0,0,0,2,13,0,0,5,6,171,0,0,0,0,0,5,6,7,7,3,0,0,2,9,15
15,0,0,4,2,0,1,2,0,0,0,0,15,0,0,5,6,171,0,0,0,0,0,4,6,6,6,2,0,0,2,9,30
-3,0,0,8,1,0,1,2,0,0,0,0,18,0,0,5,6,171,0,0,0,0,0,3,5,5,5,2,0,0,2,10,0
-2,0,0,2,1,0,0,2,0,0,0,0,21,0,0,5,6,171,0,0,0,0,0,3,4,4,4,2,0,0,2,9,15
26,0,0,4,1,0,0,1,0,0,0,0,24,0,0,5,6,171,0,0,0,0,0,2,3,3,3,2,0,0,2,9,30
25,0,0,0,0,0,0,1,0,0,0,0,49,0,1,5,6,171,0,0,0,0,0,2,2,2,2,1,0,0,2,9,0
31,0,0,6,0,0,0,0,0,0,0,0,60,0,0,5,6,171,0,0,0,0,0,1,1,1,1,0,0,0,2,9,45
34,47,7,53,2,0,2,1,0,0,0,5,10,1,0,4,6,170,2,49,5,8,15,1,3,8,4,2,1,0,2,17,30
24,41,6,50,3,0,4,1,2,0,0,4,26,0,0,4,6,170,1,43,3,7,13,3,7,13,10,5,1,0,1,17,0
57,41,6,47,3,0,3,2,2,0,0,12,3,0,0,4,6,170,2,42,5,6,13,3,6,13,9,5,1,0,1,16,15
50,40,6,49,4,0,2,2,2,0,0,6,9,0,0,4,6,170,2,41,5,8,13,4,7,12,9,5,1,0,2,16,30
13,39,5,53,4,0,2,2,2,0,0,4,11,1,0,4,6,170,2,40,4,7,12,4,6,11,9,5,1,0,2,17,30
52,38,4,45,5,0,3,2,2,0,0,8,7,0,0,4,6,170,4,37,2,5,10,3,7,11,9,4,1,0,2,16,0
-1,38,4,52,5,0,2,2,2,0,0,4,11,0,0,4,6,170,3,37,3,5,11,2,7,10,9,4,1,0,2,17,15
47,35,3,47,5,0,2,2,2,0,0,5,10,0,0,4,6,170,1,36,3,6,11,3,7,9,11,4,1,0,1,16,15
28,34,5,50,7,0,2,1,2,0,0,3,12,0,0,4,6,170,2,34,2,5,12,5,7,9,11,4,1,0,1,17,0
-8,34,6,45,6,0,2,1,2,0,0,10,5,0,0,4,6,170,2,34,3,6,12,5,6,9,10,3,1,0,2,16,0
49,34,7,38,6,0,2,1,2,0,0,13,2,0,0,4,6,170,3,33,4,5,13,5,6,11,9,2,1,0,2,15,0
66,34,7,40,6,0,1,1,2,0,0,12,3,0,0,4,6,170,3,33,4,5,14,4,5,10,8,2,1,0,1,15,15
61,34,7,43,7,0,1,1,1,0,0,8,7,0,0,4,6,170,4,32,3,5,13,3,4,9,7,1,1,0,2,15,45
55,32,5,37,6,0,1,1,1,0,0,14,1,0,0,4,6,170,2,32,4,6,13,2,3,8,8,2,1,0,2,14,45
21,30,6,43,6,0,3,1,1,0,0,14,1,0,0,4,6,170,3,29,1,5,11,2,3,10,9,3,1,0,2,15,45
40,27,7,38,5,0,3,2,1,0,0,33,12,0,0,4,6,170,1,28,4,7,14,1,3,13,11,5,1,1,2,15,0
51,25,7,36,6,0,2,4,1,0,1,3,42,0,0,4,6,170,3,24,4,6,13,2,8,12,12,5,1,1,1,14,30
63,23,7,31,8,0,1,4,1,0,1,2,13,0,0,4,6,170,3,22,3,5,12,4,9,15,13,7,0,1,1,13,15
40,20,5,40,8,0,1,4,1,0,2,2,13,0,0,4,6,170,2,20,2,6,11,6,10,17,15,7,0,0,1,15,15
70,20,5,42,8,0,1,4,0,0,2,1,14,0,0,4,6,170,2,20,2,6,11,5,9,16,14,7,0,0,2,15,30
16,20,5,35,7,0,1,4,0,0,2,13,2,0,0,4,6,170,2,20,2,7,12,4,8,16,13,6,0,0,1,14,15
124,18,5,28,8,0,1,4,0,0,2,13,2,0,0,4,6,170,2,18,2,5,12,5,7,18,14,8,0,0,1,12,45
42,18,5,30,7,0,1,4,0,0,2,10,5,0,0,4,6,170,2,18,3,5,12,4,6,17,13,7,0,0,3,13,0
38,18,6,28,7,0,1,4,0,0,1,3,12,0,0,4,6,170,2,18,4,6,13,5,5,16,12,7,0,0,1,12,45
78,17,5,31,6,0,1,4,0,0,1,11,4,0,0,4,6,170,1,18,5,7,14,4,6,17,12,6,0,0,1,13,15
127,17,5,11,7,0,1,4,0,0,0,5,10,0,0,4,6,170,2,17,4,6,13,3,6,16,11,5,0,0,3,10,45
75,16,6,34,8,0,1,4,0,0,0,10,5,0,0,4,6,170,3,15,2,6,11,2,8,16,11,4,0,0,1,13,30
16,15,5,31,8,0,1,3,0,0,0,7,8,0,0,4,6,170,2,15,3,6,11,1,7,15,11,5,0,0,1,13,15
94,12,5,26,11,0,1,3,0,0,0,2,13,0,0,4,6,170,3,11,2,6,9,7,11,16,13,6,0,0,2,12,30
194,12,5,13,11,0,0,3,0,0,0,14,1,0,0,4,6,170,3,11,2,7,10,6,11,16,12,6,0,0,2,11,0
100,12,6,22,10,0,0,3,0,0,0,11,4,0,0,4,6,170,3,11,3,7,10,6,11,15,11,5,0,0,2,12,0
50,12,7,24,9,0,0,3,0,0,0,4,11,0,0,4,6,170,3,11,4,7,10,7,10,14,10,5,0,0,2,12,15
58,11,6,18,9,0,0,3,0,0,0,13,2,0,0,4,6,170,3,10,4,6,9,7,9,13,10,4,0,0,2,11,30
34,10,5,20,9,0,0,3,0,0,0,10,5,0,0,4,6,170,3,9,3,5,8,6,9,12,10,4,0,0,2,11,45
38,9,5,18,8,0,0,3,0,0,0,3,12,0,0,4,6,170,2,9,4,5,9,5,8,12,10,4,0,0,2,11,30
36,8,4,26,7,0,0,3,0,0,0,13,2,0,0,4,6,170,1,9,5,5,9,6,7,11,10,3,0,0,2,12,30
61,8,5,24,8,0,0,2,0,0,1,4,11,0,0,4,6,170,3,7,3,4,7,5,6,14,9,3,0,0,2,12,15
48,8,5,22,8,0,0,1,0,0,1,4,11,0,0,4,6,170,3,7,3,4,7,4,6,13,8,3,0,0,2,12,0
39,8,5,16,8,0,0,1,0,0,1,13,2,0,0,4,6,170,4,6,2,3,6,3,6,14,7,2,0,0,2,11,15
-65,7,5,20,10,0,0,1,0,0,0,0,15,0,0,4,6,170,4,4,0,2,4,3,6,16,8,3,0,0,2,11,45
4,7,5,13,9,0,0,1,0,0,0,14,1,0,0,4,6,170,4,4,0,3,4,2,5,15,7,2,0,0,2,11,0
21,5,5,16,9,0,0,0,0,0,0,12,3,0,0,4,6,170,2,4,1,3,4,3,4,14,8,3,0,0,2,11,15
46,3,3,13,8,0,1,0,0,0,0,4,11,0,0,4,6,170,1,3,2,3,3,3,8,13,9,4,0,0,2,11,0
26,3,3,7,7,0,1,0,0,0,0,0,15,0,0,4,6,170,1,3,2,3,3,2,9,12,8,3,0,0,2,10,0
46,2,2,10,6,0,1,0,1,0,0,0,15,0,0,4,6,170,1,2,2,2,2,2,11,11,8,4,0,0,2,10,30
27,0,0,11,6,0,1,0,1,0,0,4,11,0,0,4,6,170,0,1,1,1,1,9,10,10,9,5,0,0,3,10,45
24,0,0,8,6,0,1,0,1,0,0,0,3,0,0,4,6,170,1,0,0,0,0,9,9,9,8,5,0,0,1,10,15
38,0,0,2,5,0,1,0,1,0,0,0,7,0,0,4,6,170,0,0,0,0,0,8,8,8,8,4,0,0,2,9,15
47,0,0,8,4,0,1,0,1,0,0,0,9,0,0,4,6,170,0,0,0,0,0,7,7,7,7,4,0,0,1,10,15
34,0,0,0,4,0,0,0,1,0,0,0,11,0,1,4,6,170,0,0,0,0,0,6,6,6,6,4,0,0,2,9,0
52,0,0,4,3,0,0,0,1,0,0,0,12,0,0,4,6,170,0,0,0,0,0,5,5,5,5,3,0,0,1,9,30
23,0,0,0,3,0,0,0,0,0,0,0,14,0,1,4,6,170,0,0,0,0,0,4,4,4,4,2,0,0,2,9,0
0,0,0,2,2,0,0,0,0,0,0,0,18,0,0,4,6,170,0,0,0,0,0,3,3,3,3,2,0,0,2,9,15
34,0,0,4,1,0,0,0,0,0,0,0,21,0,0,4,6,170,0,0,0,0,0,2,2,2,2,1,0,0,1,9,30
-48,0,0,6,0,0,0,0,0,0,0,0,29,0,0,4,6,170,0,0,0,0,0,1,1,1,1,0,0,0,1,9,45
-26,19,5,48,3,0,0,1,0,0,0,6,9,0,0,3,6,169,1,46,5,8,13,3,5,11,4,1,6,2,1,17,0
-5,19,5,50,3,0,0,1,0,0,1,11,4,1,0,3,6,169,3,44,4,6,12,2,5,11,3,0,6,1,2,17,30
7,18,4,43,4,0,0,2,0,0,0,6,9,0,0,3,6,169,2,42,4,6,12,3,4,12,5,3,6,1,2,16,0
0,16,2,48,6,0,0,1,0,0,1,9,6,0,0,3,6,169,3,39,1,5,9,3,4,11,6,2,6,1,1,17,0
21,15,1,39,6,0,0,0,0,0,1,3,12,0,0,3,6,169,2,39,2,5,10,2,6,10,6,2,5,1,2,15,30
-7,14,0,47,5,0,0,1,0,0,1,4,11,0,0,3,6,169,2,38,2,5,9,1,6,11,6,2,5,0,2,16,30
-18,14,2,45,7,0,0,1,0,0,1,12,3,0,0,3,6,169,2,35,3,5,10,6,8,15,8,3,5,1,1,16,15
1,14,2,41,6,0,0,1,1,0,1,8,7,0,0,3,6,169,3,34,2,4,10,5,7,14,7,2,5,1,2,15,45
-56,14,2,43,6,0,0,1,1,0,0,7,8,0,0,3,6,169,2,34,2,4,10,4,6,13,7,2,5,1,2,16,0
-9,14,2,45,5,0,0,1,1,0,0,4,11,0,0,3,6,169,2,34,2,5,10,3,5,12,6,2,5,1,1,16,15
4,14,2,39,5,0,0,1,1,0,0,8,7,0,0,3,6,169,1,33,3,4,11,4,5,13,7,2,5,2,2,15,30
-8,14,2,34,4,0,0,1,1,0,0,3,12,0,0,3,6,169,1,33,3,4,12,3,5,13,6,2,4,2,3,15,0
-20,14,3,32,3,0,1,1,1,0,0,15,15,0,0,3,6,169,1,32,3,5,13,3,8,13,6,2,4,2,2,14,45
15,14,3,36,3,0,1,1,1,0,0,14,16,0,0,3,6,169,2,31,2,4,12,2,7,12,5,2,4,2,2,15,15
9,12,1,29,5,0,0,1,1,0,0,16,14,0,0,3,6,169,1,29,2,6,14,6,7,16,7,5,3,2,1,13,45
-8,12,2,30,5,0,0,1,0,0,0,7,23,0,0,3,6,169,1,29,3,7,15,5,9,16,6,4,3,1,1,14,15
-14,12,2,32,4,0,0,1,0,0,0,2,28,0,0,3,6,169,1,29,3,8,15,5,8,15,5,3,3,1,2,14,45
-60,12,2,41,4,0,0,0,1,0,0,11,4,0,0,3,6,169,1,28,3,7,15,4,7,15,5,3,2,1,2,15,45
-51,12,2,31,4,0,0,0,1,0,0,7,8,0,0,3,6,169,2,27,3,7,15,3,7,14,4,3,2,0,2,14,30
-23,12,3,34,3,0,0,0,1,0,0,5,10,0,0,3,6,169,2,27,3,8,15,2,6,13,3,2,2,0,3,15,0
47,11,2,26,2,0,0,1,1,0,0,4,11,0,0,3,6,169,1,26,5,8,15,4,6,14,4,4,2,0,1,13,0
33,10,3,22,4,0,0,1,2,0,0,12,3,0,0,3,6,169,3,22,3,8,15,4,10,14,5,4,2,1,2,12,30
-11,10,4,26,4,0,0,1,1,0,0,9,6,0,0,3,6,169,3,22,3,8,15,3,9,13,4,3,2,1,1,13,0
-123,10,4,36,3,0,0,1,1,0,0,8,7,0,0,3,6,169,3,22,3,8,15,2,8,13,3,2,2,1,2,15,15
-33,10,6,24,3,0,0,1,1,0,0,9,6,0,0,3,6,169,1,21,4,8,14,4,8,14,5,4,2,1,2,12,45
15,9,5,19,4,0,0,2,1,0,0,5,10,0,0,3,6,169,1,18,4,7,12,6,9,18,7,5,2,2,2,12,15
-6,9,5,24,5,0,0,1,1,0,0,27,3,0,0,3,6,169,2,17,3,7,12,6,8,17,6,5,2,2,2,12,45
-56,9,5,28,4,0,0,1,1,0,0,25,5,0,0,3,6,169,2,17,4,8,12,5,7,16,5,4,2,2,1,13,15
7,9,7,18,3,0,1,1,1,0,0,22,8,0,0,3,6,169,3,16,4,7,13,4,6,15,4,3,2,2,3,12,0
-9,7,5,22,4,0,1,1,0,0,0,16,14,0,0,3,6,169,2,15,3,6,13,3,5,14,5,2,2,2,2,12,30
-24,7,5,19,4,0,1,1,0,0,0,14,16,0,0,3,6,169,3,14,2,6,12,3,4,13,4,1,1,2,2,12,15
40,6,5,12,4,0,0,1,0,0,0,2,28,0,0,3,6,169,2,14,3,7,12,3,6,13,4,1,1,1,2,10,45
-200,4,3,36,5,0,0,0,0,0,1,1,14,0,0,3,6,169,2,12,4,6,11,2,7,14,5,1,0,1,2,15,15
-46,4,3,16,6,0,0,0,0,0,0,9,6,0,0,3,6,169,1,11,4,5,10,2,8,13,6,2,0,0,1,11,45
38,2,1,6,6,0,0,1,0,0,2,12,3,0,0,3,6,169,3,7,1,5,7,6,9,16,7,3,0,0,2,10,0
53,2,1,4,6,0,0,1,0,0,1,8,7,0,0,3,6,169,2,7,1,5,7,6,8,15,7,3,0,0,2,9,45
-50,2,1,16,5,0,0,1,0,0,1,7,8,0,0,3,6,169,2,7,1,5,7,6,7,14,6,3,0,0,1,11,45
34,1,1,13,4,0,0,1,0,0,1,13,2,0,0,3,6,169,1,7,2,6,7,6,8,13,6,3,0,0,1,11,0
39,1,1,10,3,0,0,2,0,0,1,3,12,0,0,3,6,169,1,6,4,5,6,5,7,13,6,3,0,0,1,10,30
5,1,1,8,3,0,0,2,0,0,0,13,2,0,0,3,6,169,1,6,4,5,6,4,7,12,5,3,0,0,2,10,15
10,1,1,13,2,0,0,2,0,0,0,11,4,0,0,3,6,169,0,6,4,5,6,3,6,11,5,3,0,0,1,11,0
17,1,1,15,1,0,0,2,0,0,0,7,8,0,0,3,6,169,0,6,4,5,6,2,5,10,4,2,0,0,2,11,15
-110,1,1,19,1,0,0,1,0,0,0,5,10,0,0,3,6,169,0,6,4,5,6,2,4,9,3,2,0,0,2,12,15
-18,1,1,10,2,0,0,1,2,0,0,6,9,0,0,3,6,169,2,2,1,2,2,3,7,8,4,3,0,0,1,10,30
-19,1,1,8,2,0,0,0,2,0,0,1,14,0,0,3,6,169,2,2,1,2,2,3,6,7,3,3,0,0,2,10,15
-16,0,0,4,2,0,0,0,2,0,0,3,12,0,0,3,6,169,1,1,1,1,1,5,6,6,4,4,0,0,2,9,45
15,0,0,0,2,0,0,0,1,0,0,0,12,0,1,3,6,169,0,1,1,1,1,4,5,5,4,4,0,0,1,9,0
-20,0,0,2,3,0,0,0,0,0,0,0,24,0,0,3,6,169,1,0,0,0,0,3,4,4,3,3,0,0,1,9,15
-52,0,0,6,2,0,0,0,0,0,0,0,24,0,0,3,6,169,1,0,0,0,0,3,3,3,2,2,0,0,2,10,0
-3,0,0,3,1,0,0,0,0,0,0,0,26,0,0,3,6,169,1,0,0,0,0,2,2,2,1,1,0,0,2,9,30
-29,0,0,0,0,0,0,0,0,0,0,0,54,0,1,3,6,169,0,0,0,0,0,1,1,1,1,1,0,0,1,9,0
-40,30,3,57,5,0,0,0,0,0,1,3,12,1,0,2,6,168,2,52,5,7,15,3,3,9,5,5,10,1,2,17,45
-20,30,3,57,5,0,0,0,0,0,0,1,14,1,0,2,6,168,2,52,5,8,15,2,2,8,4,4,9,1,2,17,45
-27,30,7,53,5,0,0,1,0,0,0,11,4,0,0,2,6,168,3,50,4,9,16,1,4,11,4,4,9,1,2,17,15
-15,25,4,49,8,0,2,2,0,0,0,9,6,0,0,2,6,168,2,43,4,7,12,4,7,17,11,7,8,1,2,16,45
38,25,4,51,7,0,2,2,0,0,0,9,6,0,0,2,6,168,2,43,4,7,12,3,7,16,10,6,8,0,2,17,0
21,23,2,45,8,0,2,2,0,0,0,12,3,0,0,2,6,168,2,41,4,7,11,4,8,17,11,7,8,1,2,16,15
-54,23,2,51,8,0,1,2,0,0,0,6,9,0,0,2,6,168,1,41,4,7,13,3,7,16,11,7,8,1,2,17,0
1,22,2,43,8,0,1,3,0,0,0,4,11,0,0,2,6,168,1,39,4,6,13,4,7,17,12,7,8,1,2,16,0
-17,22,2,55,8,0,1,3,0,0,0,14,1,0,0,2,6,168,2,38,3,5,12,3,6,17,11,6,8,1,2,17,30
36,21,1,47,8,0,1,3,0,0,0,12,3,0,0,2,6,168,1,37,3,6,14,4,9,19,12,7,8,3,2,16,30
27,21,1,43,8,0,1,3,0,0,0,9,6,0,0,2,6,168,2,36,2,5,13,3,10,18,11,6,8,4,2,16,0
38,21,1,39,8,0,1,3,1,0,0,13,2,0,0,2,6,168,2,34,1,4,12,3,11,17,12,6,8,4,2,15,30
-95,21,2,49,8,0,0,3,1,0,0,12,3,0,0,2,6,168,2,34,1,4,12,2,10,16,11,6,7,4,2,16,45
60,20,2,32,9,0,0,2,1,0,0,5,10,0,0,2,6,168,1,33,3,6,15,7,11,16,12,6,7,4,2,14,45
39,20,3,36,8,0,0,2,1,0,0,41,4,0,0,2,6,168,1,33,3,8,17,8,13,16,11,5,7,6,2,15,15
-113,20,3,55,7,0,0,3,1,0,0,40,5,0,0,2,6,168,2,32,2,7,16,7,12,15,10,5,7,6,2,17,30
7,20,3,36,7,0,0,2,1,0,0,37,8,0,0,2,6,168,2,32,3,7,16,6,11,15,9,4,6,6,2,15,15
-13,20,3,47,8,0,0,1,1,0,0,31,14,0,0,2,6,168,3,31,3,6,16,5,11,15,8,4,5,5,2,16,30
-9,20,3,34,7,0,0,1,1,0,0,26,19,0,0,2,6,168,3,31,4,8,17,5,10,16,7,4,4,4,3,15,0
50,20,3,34,6,0,0,1,1,0,0,25,20,0,0,2,6,168,3,31,4,8,17,4,9,15,6,3,4,3,3,15,0
2,20,3,31,6,0,1,1,0,0,0,19,26,0,0,2,6,168,3,30,4,8,16,4,8,15,6,3,4,3,2,14,30
-66,20,3,41,5,0,1,1,0,0,0,15,30,0,0,2,6,168,3,30,4,8,16,4,7,14,5,2,4,3,2,15,45
-40,19,3,39,6,0,1,1,1,0,0,13,2,0,0,2,6,168,4,27,3,8,16,6,6,16,6,4,3,3,2,15,30
21,18,2,32,5,0,1,1,1,0,0,6,9,0,0,2,6,168,3,27,4,9,16,5,6,19,6,4,3,2,2,14,45
13,17,1,28,4,0,1,2,1,0,0,2,13,0,0,2,6,168,3,26,4,8,15,4,5,18,6,4,2,2,1,13,30
-217,17,2,53,4,0,0,2,1,0,0,14,1,0,0,2,6,168,3,26,4,9,15,3,4,17,5,3,1,1,2,17,15
-45,17,3,45,4,0,0,2,1,0,0,11,4,0,0,2,6,168,4,25,3,9,14,2,4,16,4,2,1,0,2,16,15
-67,17,3,30,4,0,0,1,1,0,0,4,11,0,0,2,6,168,3,25,4,10,15,1,4,18,4,2,1,0,1,14,15
-21,16,6,27,5,0,2,2,1,0,1,10,5,0,0,2,6,168,3,19,5,8,13,6,12,18,9,3,1,1,2,13,15
32,14,4,15,6,0,2,2,2,0,0,13,2,0,0,2,6,168,2,17,3,6,13,7,13,18,11,4,1,1,1,11,45
-114,14,5,41,7,0,2,1,2,0,0,7,8,0,0,2,6,168,3,16,2,6,13,6,13,17,10,3,1,1,2,15,45
-4,14,5,23,8,0,1,1,2,0,0,3,12,0,0,2,6,168,4,15,3,5,12,5,14,17,9,2,1,1,2,12,45
19,12,3,25,7,0,1,1,3,0,0,12,3,0,0,2,6,168,3,14,3,4,11,8,13,17,10,4,1,1,1,13,0
-33,12,3,28,6,0,1,1,3,0,0,12,3,0,0,2,6,168,3,14,3,4,11,7,12,16,9,3,1,1,1,13,30
13,12,3,17,5,0,1,1,3,0,0,4,11,0,0,2,6,168,2,14,3,6,11,8,11,16,9,4,1,1,3,12,0
-23,12,5,23,4,0,1,1,3,0,0,0,15,0,0,2,6,168,2,14,3,6,11,7,10,15,8,4,1,1,2,12,45
67,10,3,18,5,0,1,1,2,0,1,16,14,0,0,2,6,168,2,12,2,5,11,9,10,14,9,4,1,1,2,12,15
-23,10,3,18,4,0,1,1,2,0,1,14,16,0,0,2,6,168,2,12,2,5,11,8,9,13,8,4,1,1,2,12,15
-3,10,3,21,4,0,1,1,2,0,0,12,18,0,0,2,6,168,2,11,1,4,10,7,8,12,8,4,0,1,2,12,30
-46,10,3,18,4,0,1,1,2,0,0,12,18,0,0,2,6,168,2,11,1,4,10,7,8,12,8,4,0,1,2,12,15
-14,10,3,25,3,0,1,1,2,0,0,8,22,0,0,2,6,168,2,11,3,5,11,5,7,10,6,3,0,0,1,13,0
3,10,3,21,3,0,1,0,2,0,0,8,22,0,0,2,6,168,2,11,3,5,11,4,6,9,5,3,0,0,2,12,30
18,9,4,15,3,0,1,0,2,0,0,8,7,0,0,2,6,168,1,10,3,7,10,4,5,8,6,4,0,0,1,11,45
19,9,4,14,2,0,1,0,2,0,0,7,8,0,0,2,6,168,1,10,3,7,10,3,4,7,5,3,0,0,2,11,15
106,9,5,9,2,0,1,0,1,0,0,5,10,0,0,2,6,168,1,10,3,7,10,2,3,7,4,3,0,0,1,10,15
-244,7,4,36,3,0,0,1,1,0,0,11,4,0,0,2,6,168,1,8,4,6,8,2,5,10,5,2,0,0,2,15,15
64,7,6,11,5,0,0,1,0,0,0,10,5,0,0,2,6,168,3,6,3,6,6,3,4,10,4,1,0,0,1,10,30
49,4,4,8,5,0,0,1,2,0,0,4,11,0,0,2,6,168,3,3,1,3,3,3,5,11,6,3,0,0,2,10,0
12,4,4,13,4,0,0,1,2,0,0,2,13,0,0,2,6,168,3,3,1,3,3,2,5,10,5,3,0,0,1,11,0
2,4,4,12,3,0,0,1,2,0,0,8,7,0,0,2,6,168,3,3,3,3,3,1,5,10,4,3,0,0,1,10,45
36,0,0,4,5,0,0,1,2,0,0,7,8,0,0,2,6,168,0,0,0,0,0,6,8,9,9,8,0,0,2,9,30
-18,0,0,6,4,0,0,1,2,0,0,5,10,0,0,2,6,168,0,0,0,0,0,5,7,8,8,7,0,0,1,9,45
9,0,0,4,4,0,0,1,1,0,0,3,12,0,0,2,6,168,0,0,0,0,0,4,6,7,7,6,0,0,2,9,30
6,0,0,9,4,0,0,0,1,0,0,0,1,0,0,2,6,168,0,0,0,0,0,3,5,6,6,5,0,0,1,10,15
30,0,0,0,3,0,0,0,1,0,0,0,10,0,1,2,6,168,0,0,0,0,0,2,5,5,5,4,0,0,2,9,0
-1,0,0,2,2,0,0,0,1,0,0,0,19,0,0,2,6,168,0,0,0,0,0,2,4,4,4,3,0,0,2,9,15
15,0,0,0,1,0,0,0,1,0,0,0,44,0,1,2,6,168,0,0,0,0,0,3,3,3,3,2,0,0,2,9,0
28,0,0,2,1,0,0,0,0,0,0,0,53,0,0,2,6,168,0,0,0,0,0,2,2,2,2,1,0,0,2,9,15
30,0,0,6,0,0,0,0,0,0,0,0,64,0,0,2,6,168,0,0,0,0,0,1,1,1,1,1,0,0,1,9,45
-2,25,2,51,1,0,0,0,2,0,0,4,11,0,0,6,6,165,0,50,2,8,14,3,6,8,4,3,4,1,1,17,15
1,25,3,53,2,0,0,0,2,0,0,7,8,1,0,6,6,165,2,48,3,8,13,3,5,7,3,2,4,1,2,17,30
21,25,4,51,1,0,0,0,2,0,0,1,14,0,0,6,6,165,2,48,3,9,13,2,4,6,2,1,4,1,1,17,15
5,24,4,50,2,0,0,0,1,0,0,1,14,0,0,6,6,165,1,47,5,9,12,3,5,8,3,1,4,1,2,17,0
-2,23,5,47,5,0,1,0,1,0,0,9,6,0,0,6,6,165,3,42,4,6,8,4,4,10,5,2,4,1,1,16,30
-7,23,5,49,4,0,1,0,1,0,0,5,10,0,0,6,6,165,3,42,4,6,8,3,3,9,4,2,3,1,1,16,45
-3,21,4,46,5,0,0,2,1,0,0,0,15,0,0,6,6,165,3,39,2,4,6,2,3,11,6,5,3,0,2,16,15
67,21,4,41,5,0,0,2,0,0,0,14,1,0,0,6,6,165,3,39,2,4,6,1,3,10,5,5,3,0,2,15,30
-9,17,0,44,6,0,0,4,0,0,0,0,15,0,0,6,6,165,2,35,1,2,9,5,9,12,9,6,3,1,1,16,0
-4,17,0,39,6,0,0,3,0,0,0,14,1,0,0,6,6,165,2,35,1,2,9,4,8,11,8,5,3,1,1,15,15
12,17,1,44,5,0,0,3,0,0,0,3,12,0,0,6,6,165,2,35,1,3,11,4,8,11,7,5,3,1,1,16,0
24,17,1,39,5,0,0,2,0,0,0,11,4,0,0,6,6,165,1,35,1,3,12,4,7,10,7,5,2,1,1,15,15
18,17,1,42,4,0,0,2,0,0,0,7,8,0,0,6,6,165,1,35,1,3,13,3,6,9,6,5,2,0,2,15,45
46,17,1,37,4,0,0,2,0,0,0,43,2,0,0,6,6,165,2,34,1,5,15,4,5,10,5,4,2,0,2,15,0
20,17,1,37,3,0,0,2,0,0,0,31,14,0,0,6,6,165,1,34,2,5,17,4,6,11,5,3,2,0,2,15,0
10,17,2,35,3,0,0,1,0,0,0,21,24,0,0,6,6,165,1,33,3,6,17,3,5,11,4,3,2,0,2,14,45
-2,17,2,34,3,0,0,1,0,0,0,17,28,0,0,6,6,165,2,33,3,7,17,2,4,11,3,2,2,0,2,14,30
45,17,2,35,3,0,0,0,0,0,0,12,33,0,0,6,6,165,1,33,4,7,17,1,3,11,3,2,2,0,2,14,45
-93,16,4,42,6,0,0,0,0,0,0,3,12,0,0,6,6,165,2,29,5,12,16,3,7,16,5,2,2,1,2,15,45
-48,16,4,33,5,0,0,0,0,0,0,1,14,0,0,6,6,165,2,29,6,12,17,2,6,15,4,2,2,1,1,14,15
-25,15,4,32,4,0,0,1,0,0,2,10,5,0,0,6,6,165,2,26,7,12,18,4,8,16,6,1,2,1,1,13,30
-167,12,3,47,9,0,0,2,0,0,2,0,15,0,0,6,6,165,3,19,3,6,13,6,12,19,11,3,1,2,1,16,30
-15,12,3,31,8,0,0,2,0,0,2,13,2,0,0,6,6,165,3,19,3,6,14,5,12,19,10,2,1,1,1,13,15
67,12,3,19,8,0,0,2,0,0,1,12,3,0,0,6,6,165,3,19,3,6,14,5,11,18,9,2,1,1,2,11,45
-3,12,3,24,7,0,0,2,0,0,1,7,8,0,0,6,6,165,2,19,5,6,14,6,10,17,9,3,1,1,2,12,30
-12,12,3,27,9,0,0,2,0,0,0,14,1,0,0,6,6,165,4,17,3,6,12,6,9,17,8,3,1,1,2,12,45
36,11,3,29,8,0,0,2,0,0,0,4,11,0,0,6,6,165,2,17,3,7,13,7,9,17,9,3,1,1,1,13,0
-9,11,3,27,8,0,1,1,0,0,0,13,2,0,0,6,6,165,3,16,3,8,12,7,9,18,8,3,1,1,2,12,45
16,11,3,20,7,0,1,1,1,0,1,10,5,0,0,6,6,165,4,14,1,6,10,6,8,17,8,3,1,1,2,12,0
-3,10,2,22,6,0,1,1,1,0,1,7,8,0,0,6,6,165,3,14,1,6,11,5,7,16,8,3,1,1,3,12,15
93,10,2,11,6,0,1,0,1,0,1,5,10,0,0,6,6,165,3,14,1,6,11,4,7,15,7,2,1,1,2,10,45
-57,9,4,24,6,0,1,0,1,0,0,7,8,0,0,6,6,165,1,14,4,7,12,4,8,15,8,3,0,1,2,12,30
-36,9,4,24,5,0,1,0,1,0,0,5,10,0,0,6,6,165,1,14,4,8,13,3,7,15,7,2,0,0,2,12,30
9,9,5,17,6,0,0,0,1,0,0,14,1,0,0,6,6,165,2,13,5,7,12,3,8,14,6,2,0,0,1,11,30
-13,9,7,15,7,0,0,1,1,0,0,8,7,0,0,6,6,165,4,10,3,6,10,5,8,13,6,2,0,0,2,11,15
-14,8,7,29,7,0,0,1,1,0,0,1,14,0,0,6,6,165,3,9,3,5,9,5,8,12,7,3,0,0,1,13,0
5,8,7,11,8,0,0,0,1,0,0,6,9,0,0,6,6,165,3,8,3,5,8,5,9,12,7,4,0,0,2,10,45
26,6,5,17,8,0,0,0,1,0,0,3,12,0,0,6,6,165,2,7,2,4,7,5,9,12,8,4,0,0,1,11,30
-11,6,5,13,7,0,0,0,1,0,0,2,13,0,0,6,6,165,2,7,2,5,7,4,8,11,7,3,0,0,2,11,0
7,5,4,22,7,0,0,0,1,0,0,4,11,0,0,6,6,165,2,6,2,5,6,4,8,14,7,4,0,0,3,12,15
-35,4,3,15,6,0,0,0,1,0,0,0,15,0,0,6,6,165,1,6,2,5,6,5,7,13,7,5,0,0,2,11,15
19,3,2,8,6,0,0,0,1,0,0,3,12,0,0,6,6,165,1,5,2,4,5,4,6,13,7,5,0,0,1,10,15
23,2,2,13,7,0,0,0,0,0,0,6,9,0,0,6,6,165,1,4,3,4,4,4,5,12,7,6,0,0,2,11,0
5,1,1,10,6,0,0,0,0,0,0,0,15,0,0,6,6,165,0,4,3,4,4,4,4,11,7,6,0,0,2,10,30
-18,1,1,20,5,0,0,0,0,0,0,0,15,0,0,6,6,165,0,4,3,4,4,3,3,10,6,5,0,0,2,12,0
15,1,1,4,4,0,1,0,0,0,0,3,12,0,0,6,6,165,1,3,2,3,3,2,4,9,5,4,0,0,2,9,45
-42,1,1,8,6,0,0,0,0,0,0,6,9,0,0,6,6,165,2,1,1,1,1,1,7,8,5,4,0,0,1,10,15
51,0,0,1,6,0,0,0,0,0,0,0,22,0,0,6,6,165,0,0,0,0,0,7,7,7,7,4,0,0,2,9,15
37,0,0,4,5,0,0,0,0,0,0,0,24,0,0,6,6,165,0,0,0,0,0,6,6,6,6,3,0,0,2,9,45
17,0,0,2,4,0,0,0,0,0,0,0,32,0,0,6,6,165,0,0,0,0,0,5,5,5,5,2,0,0,2,9,30
-45,0,0,2,3,0,0,0,0,0,0,0,33,0,0,6,6,165,0,0,0,0,0,4,4,4,4,2,0,0,2,9,30
-43,0,0,6,2,0,0,0,0,0,0,0,34,0,0,6,6,165,0,0,0,0,0,3,3,3,3,1,0,0,2,10,0
1,0,0,0,1,0,0,0,0,0,0,0,37,0,1,6,6,165,0,0,0,0,0,2,2,2,2,1,0,0,1,9,0
18,0,0,6,0,0,0,0,0,0,0,0,46,0,0,6,6,165,0,0,0,0,0,1,1,1,1,1,0,0,2,10,0
31,26,4,59,0,0,0,1,0,0,0,11,0,0,0,5,6,164,0,61,3,6,13,1,5,10,2,1,10,1,2,17,45
94,24,3,52,0,0,0,2,0,0,1,2,13,0,0,5,6,164,1,57,2,6,13,4,7,10,4,3,9,3,2,16,45
8,24,3,57,0,0,1,2,0,0,0,9,6,0,0,5,6,164,2,56,1,6,13,4,6,9,3,3,9,2,2,17,30
25,24,3,57,0,0,1,2,0,0,0,9,6,0,0,5,6,164,2,56,1,6,14,3,5,8,2,2,9,2,2,17,30
9,23,3,56,0,0,0,2,0,0,0,4,11,0,0,5,6,164,1,56,2,7,15,3,4,8,2,2,9,2,2,17,15
-61,22,3,61,0,0,0,2,0,0,0,10,5,1,0,5,6,164,0,55,5,9,16,3,5,11,3,3,8,2,1,18,0
-5,22,4,59,0,0,0,1,0,0,0,6,9,0,0,5,6,164,0,54,6,9,16,2,4,12,2,2,7,1,2,17,45
-14,22,5,54,2,0,0,1,0,0,0,11,4,0,0,5,6,164,2,52,4,7,14,3,3,12,2,2,7,0,1,17,0
13,20,4,54,4,0,0,1,0,0,0,2,13,0,0,5,6,164,2,49,3,8,15,2,4,14,4,2,7,1,1,17,0
9,20,4,51,3,0,0,1,0,0,0,14,1,0,0,5,6,164,2,49,3,9,15,1,4,13,3,1,7,1,2,16,30
7,17,2,49,5,0,1,1,1,0,0,6,9,0,0,5,6,164,2,44,4,7,13,4,10,18,7,0,7,3,1,16,15
-67,16,1,52,5,0,2,1,1,0,0,8,7,0,0,5,6,164,1,42,3,7,11,6,11,17,9,1,6,3,2,16,45
28,16,1,38,5,0,2,1,1,0,0,1,14,0,0,5,6,164,1,41,3,7,10,6,10,17,9,2,6,2,2,15,0
-29,16,1,45,6,0,1,1,1,0,0,8,7,0,0,5,6,164,1,40,2,6,11,6,10,17,9,2,5,2,2,15,45
-35,16,1,47,6,0,0,2,1,0,0,4,11,0,0,5,6,164,2,39,3,6,10,6,10,17,8,1,5,1,2,16,0
-97,16,1,61,5,0,0,2,1,0,0,3,12,1,0,5,6,164,2,39,3,6,10,5,9,16,7,0,4,1,1,18,0
-2,15,0,49,5,0,0,1,1,0,0,9,6,0,0,5,6,164,1,39,4,6,11,6,9,15,7,0,4,0,1,16,15
-5,15,0,41,4,0,0,1,1,0,0,6,9,0,0,5,6,164,1,39,5,6,11,5,8,14,6,0,4,0,2,15,15
12,15,0,43,3,0,0,2,1,0,0,11,4,0,0,5,6,164,1,38,4,7,10,5,9,14,6,1,4,2,2,15,30
-29,15,0,47,3,0,0,2,0,0,0,6,9,0,0,5,6,164,0,38,5,7,10,4,9,13,6,2,4,3,2,16,0
-64,15,0,45,5,0,0,1,0,0,0,2,13,0,0,5,6,164,2,36,3,5,9,4,8,12,5,2,4,3,2,15,45
54,15,1,41,5,0,0,1,0,0,0,24,6,0,0,5,6,164,3,35,2,4,9,4,7,11,4,1,4,3,2,15,15
12,15,1,36,5,0,0,1,0,0,0,13,17,0,0,5,6,164,4,34,2,4,9,5,7,10,3,1,4,3,3,14,45
-34,15,1,36,4,0,1,1,0,0,0,6,24,0,0,5,6,164,4,33,2,4,9,5,8,11,3,1,4,3,3,14,45
51,15,2,38,3,0,1,1,0,0,0,13,2,0,0,5,6,164,3,33,2,5,11,4,7,13,3,2,4,3,2,15,0
-39,15,3,43,4,0,1,0,0,0,0,29,1,0,0,5,6,164,2,32,2,4,12,4,6,13,4,2,3,3,2,15,30
-55,15,4,38,3,0,1,0,0,0,0,28,2,0,0,5,6,164,2,32,2,4,12,3,6,12,3,1,2,2,2,15,0
-8,15,4,34,3,0,1,0,0,0,0,23,7,0,0,5,6,164,3,31,2,3,11,3,5,11,2,0,1,1,1,14,0
-43,14,4,35,2,0,1,0,0,0,0,3,27,0,0,5,6,164,1,31,3,6,14,3,4,12,3,2,1,0,2,14,30
-9,14,4,33,3,0,0,1,0,0,0,9,6,0,0,5,6,164,3,29,1,5,12,3,3,11,2,2,1,0,1,13,45
10,14,4,32,2,0,0,1,0,0,0,8,7,0,0,5,6,164,3,29,1,5,13,2,2,10,1,1,1,0,1,13,15
20,12,3,29,1,0,1,1,0,0,0,14,1,0,0,5,6,164,1,28,3,8,15,1,7,12,3,2,1,0,1,12,45
7,10,2,29,2,0,2,1,0,0,1,7,8,0,0,5,6,164,1,24,4,8,18,6,8,15,6,3,1,0,1,12,45
-1,10,2,27,1,0,2,1,0,0,1,6,9,0,0,5,6,164,1,24,5,8,18,6,7,14,5,3,1,0,2,12,30
14,10,2,27,1,0,1,1,0,0,1,6,9,0,0,5,6,164,1,24,5,8,18,5,6,13,4,2,1,0,2,12,30
-4,10,2,25,0,0,1,1,0,0,1,5,10,0,0,5,6,164,1,24,5,8,18,4,6,12,3,2,1,0,2,12,15
36,10,2,20,1,0,1,1,0,0,0,1,14,0,0,5,6,164,1,23,4,7,18,3,6,11,3,2,1,0,3,11,45
-6,10,2,31,2,0,1,0,0,0,0,12,3,0,0,5,6,164,2,22,4,7,17,2,5,11,2,2,1,0,1,13,0
-10,9,4,25,5,0,0,0,0,0,0,7,8,0,0,5,6,164,2,19,3,8,16,2,6,13,4,3,1,1,2,12,15
-23,9,5,22,6,0,0,0,0,0,0,3,12,0,0,5,6,164,2,17,4,9,16,4,7,14,5,2,1,1,2,12,0
21,8,5,18,6,0,0,0,0,0,0,5,10,0,0,5,6,164,1,16,5,10,16,4,7,14,6,1,1,1,2,11,30
-19,8,5,22,5,0,0,0,0,0,0,2,13,0,0,5,6,164,1,16,6,11,16,3,6,13,5,0,1,1,2,12,0
-28,8,5,22,7,0,0,0,0,0,0,6,9,0,0,5,6,164,3,13,5,8,13,4,7,12,5,1,1,1,2,12,0
-10,7,5,18,7,0,0,0,0,0,0,12,3,0,0,5,6,164,2,12,4,9,12,4,6,13,6,2,0,1,2,11,30
-9,5,4,16,7,0,0,1,0,0,0,1,14,0,0,5,6,164,2,10,5,7,10,3,7,16,7,3,0,0,2,11,15
-7,5,4,14,6,0,0,1,0,0,0,12,3,0,0,5,6,164,2,10,5,9,10,3,7,15,6,3,0,0,2,11,0
11,3,2,14,5,0,1,1,0,0,1,13,2,0,0,5,6,164,2,8,5,7,8,3,7,17,7,2,0,0,2,11,0
38,3,3,8,6,0,1,1,0,0,2,14,1,0,0,5,6,164,3,5,3,5,5,4,7,16,8,3,0,0,1,10,0
-28,3,3,16,5,0,1,1,0,0,2,6,9,0,0,5,6,164,3,5,4,5,5,5,6,15,7,3,0,0,2,11,15
15,2,2,11,6,0,1,1,0,0,2,11,4,0,0,5,6,164,3,3,2,3,3,4,7,14,8,3,0,0,1,10,30
-3,2,2,10,6,0,0,1,0,0,2,11,4,0,0,5,6,164,3,3,2,3,3,3,6,13,7,2,0,0,2,10,15
-39,1,1,11,5,0,0,1,1,0,2,13,2,0,0,5,6,164,2,2,2,2,2,3,9,12,8,4,0,0,1,10,30
40,1,1,8,5,0,0,1,1,0,2,12,3,0,0,5,6,164,3,1,1,1,1,2,8,11,7,4,0,0,1,10,0
-14,0,0,6,4,0,0,1,1,0,2,9,6,0,0,5,6,164,2,1,1,1,1,5,10,10,7,3,0,0,2,9,45
-8,0,0,2,5,0,0,1,0,0,2,0,14,0,0,5,6,164,1,0,0,0,0,8,9,9,8,3,0,0,2,9,15
30,0,0,6,5,0,0,0,0,0,2,0,14,0,0,5,6,164,1,0,0,0,0,7,8,8,7,2,0,0,2,9,45
11,0,0,0,4,0,0,0,0,0,2,0,19,0,1,5,6,164,0,0,0,0,0,7,7,7,7,3,0,0,2,9,0
-96,0,0,20,4,0,0,0,0,0,1,0,21,0,0,5,6,164,0,0,0,0,0,6,6,6,6,3,0,0,3,11,45
-121,0,0,13,4,0,0,0,0,0,0,0,26,0,0,5,6,164,0,0,0,0,0,5,5,5,5,2,0,0,2,10,45
37,0,0,0,3,0,0,0,0,0,0,0,28,0,1,5,6,164,0,0,0,0,0,4,4,4,4,1,0,0,2,9,0
-13,0,0,2,2,0,0,0,0,0,0,0,40,0,0,5,6,164,0,0,0,0,0,3,3,3,3,0,0,0,2,9,15
55,0,0,4,1,0,0,0,0,0,0,0,43,0,0,5,6,164,0,0,0,0,0,2,2,2,2,0,0,0,2,9,30
16,0,0,4,0,0,0,0,0,0,0,0,45,0,0,5,6,164,0,0,0,0,0,1,1,1,1,0,0,0,2,9,30
6,22,1,39,2,0,0,0,0,0,0,6,24,1,0,4,6,163,0,37,4,7,12,3,3,8,3,2,3,0,2,17,30
-14,22,1,37,1,0,0,0,0,0,0,5,25,0,0,4,6,163,0,37,4,7,12,2,2,8,2,2,3,0,1,17,0
-20,22,1,38,2,0,0,0,0,0,0,2,13,0,0,4,6,163,2,35,3,7,12,1,2,7,1,1,3,0,1,17,15
-27,21,2,32,6,0,0,2,0,0,0,6,9,0,0,4,6,163,3,28,2,4,10,5,6,10,6,3,3,1,2,16,0
-26,21,2,34,6,0,0,1,0,0,0,12,3,0,0,4,6,163,2,28,2,5,11,4,5,10,6,2,3,1,1,16,15
-16,21,3,31,6,0,0,1,0,0,0,12,3,0,0,4,6,163,2,27,2,5,12,4,5,9,6,2,3,1,2,15,45
22,21,3,30,6,0,0,1,0,0,0,7,8,0,0,4,6,163,3,26,2,5,11,3,5,8,5,2,2,1,1,15,30
-7,21,3,34,5,0,0,1,0,0,0,7,8,0,0,4,6,163,3,26,2,5,12,2,4,8,4,1,2,0,1,16,15
-45,20,4,32,4,0,1,1,0,0,0,6,9,0,0,4,6,163,3,25,3,5,12,1,4,10,4,1,2,0,2,16,0
-3,19,5,25,6,0,0,1,1,0,0,33,12,0,0,4,6,163,3,22,3,7,13,3,5,10,6,1,2,0,2,14,30
-50,18,6,36,6,0,0,1,1,0,0,26,19,0,0,4,6,163,3,21,2,6,13,2,4,12,6,2,2,0,1,16,30
3,17,6,26,6,0,0,1,1,0,0,9,36,0,0,4,6,163,3,20,4,7,12,3,7,14,6,1,2,0,1,14,45
11,15,6,24,7,0,0,1,1,0,0,8,7,0,0,4,6,163,3,18,3,7,10,2,6,14,7,2,2,0,1,14,15
59,15,6,20,6,0,0,1,1,0,0,3,12,0,0,4,6,163,2,18,4,8,11,2,5,14,7,2,2,0,1,13,0
-28,12,6,26,6,0,1,1,1,0,1,7,8,0,0,4,6,163,1,15,4,7,10,4,10,15,10,3,2,0,1,14,45
-9,11,6,23,5,0,1,1,1,0,3,14,1,0,0,4,6,163,2,13,3,5,9,4,9,16,10,3,2,0,1,13,30
-6,11,6,29,4,0,1,1,1,0,3,12,3,0,0,4,6,163,2,13,3,5,9,3,8,15,9,3,2,0,1,15,15
13,11,6,22,3,0,1,1,1,0,3,11,4,0,0,4,6,163,2,13,3,5,9,2,7,14,8,3,2,0,1,13,15
15,9,4,18,5,0,1,1,1,0,3,0,15,0,0,4,6,163,3,10,2,3,8,6,10,14,9,3,2,1,2,12,45
66,6,1,18,6,0,1,1,1,0,3,1,14,0,0,4,6,163,2,8,0,3,8,6,10,14,11,4,2,1,2,12,45
103,6,1,10,6,0,1,0,1,0,3,12,3,0,0,4,6,163,2,8,0,3,8,5,9,13,10,4,2,1,1,11,30
38,6,2,20,5,0,1,0,1,0,3,12,3,0,0,4,6,163,2,8,0,3,8,4,8,12,9,4,2,1,1,13,0
4,6,3,13,4,0,1,0,1,0,3,10,5,0,0,4,6,163,2,8,0,3,8,3,7,12,8,3,2,1,1,12,0
33,6,3,15,4,0,1,0,1,0,2,8,7,0,0,4,6,163,2,8,0,3,8,3,6,11,7,2,2,1,2,12,15
49,5,3,12,4,0,1,0,1,0,1,9,6,0,0,4,6,163,0,8,1,4,8,5,8,10,8,3,2,2,2,11,45
70,5,3,8,4,0,0,0,1,0,1,9,6,0,0,4,6,163,0,8,3,5,8,4,7,9,7,3,2,2,1,11,0
26,5,3,16,5,0,0,0,1,0,0,4,11,0,0,4,6,163,1,7,2,5,7,4,6,8,6,3,1,2,2,12,30
16,5,4,10,4,0,0,0,1,0,0,2,13,0,0,4,6,163,1,7,2,5,7,3,5,7,5,2,1,1,1,11,30
30,5,4,13,4,0,0,0,0,0,0,14,1,0,0,4,6,163,1,7,3,5,7,3,4,6,4,2,1,1,1,12,0
-42,3,3,16,3,0,1,1,0,0,0,21,9,0,0,4,6,163,1,5,3,5,5,3,5,6,5,3,1,1,2,12,30
59,3,3,9,2,0,1,1,0,0,0,16,14,0,0,4,6,163,1,5,3,5,5,2,4,5,4,2,1,1,2,11,15
-113,2,2,28,1,0,2,1,0,0,0,10,20,0,0,4,6,163,1,4,2,4,4,2,3,6,4,1,0,1,1,15,0
-4,1,1,6,3,0,1,1,0,0,0,10,5,0,0,4,6,163,1,2,2,2,2,2,2,7,5,1,0,0,1,10,30
61,0,0,1,5,0,0,1,0,0,0,11,4,0,0,4,6,163,2,0,0,0,0,1,2,7,5,2,0,0,2,9,45
56,0,0,3,5,0,0,0,0,0,0,0,33,0,0,4,6,163,0,0,0,0,0,4,6,6,6,3,0,0,1,10,0
34,0,0,0,4,0,0,0,0,0,0,0,46,0,1,4,6,163,0,0,0,0,0,4,5,5,5,2,0,0,2,9,30
4,0,0,5,3,0,0,0,0,0,0,0,48,0,0,4,6,163,0,0,0,0,0,3,4,4,4,1,0,0,2,10,15
-6,0,0,1,2,0,0,0,0,0,0,0,54,0,0,4,6,163,0,0,0,0,0,2,3,3,3,1,0,0,2,9,45
27,0,0,6,1,0,0,0,0,0,0,0,63,0,0,4,6,163,0,0,0,0,0,2,2,2,2,0,0,0,1,10,30
-5,0,0,3,0,0,0,0,0,0,0,0,89,0,0,4,6,163,0,0,0,0,0,1,1,1,1,0,0,0,1,10,0
1,33,6,55,1,0,3,1,0,0,0,6,9,0,0,3,6,162,4,51,3,5,12,3,5,9,2,1,6,2,1,17,30
9,28,2,52,2,0,2,2,0,0,0,12,3,0,0,3,6,162,1,49,3,7,13,4,6,13,6,4,6,2,1,17,0
-19,28,3,56,3,0,2,1,0,0,0,9,6,1,0,3,6,162,2,48,2,6,12,3,5,13,5,4,5,2,1,17,45
6,27,3,54,3,0,1,2,0,0,0,0,15,0,0,3,6,162,2,46,4,7,11,4,5,13,6,5,5,1,1,17,15
27,27,3,50,3,0,0,2,0,0,0,12,3,0,0,3,6,162,2,46,4,7,11,3,4,13,5,4,4,1,2,16,45
28,27,5,48,3,0,0,2,0,0,0,9,6,0,0,3,6,162,2,45,5,8,11,2,5,14,5,4,4,0,2,16,30
15,26,4,50,3,0,0,1,0,0,1,7,8,0,0,3,6,162,2,44,4,7,10,2,6,13,5,3,4,1,2,16,45
24,24,3,46,4,0,0,3,0,0,1,8,7,0,0,3,6,162,3,40,3,4,8,4,8,12,7,4,4,1,2,16,15
9,24,4,43,4,0,1,3,0,0,0,11,4,0,0,3,6,162,3,39,3,4,9,6,9,12,7,3,4,1,1,15,45
-6,23,3,46,4,0,1,3,0,0,0,12,3,0,0,3,6,162,3,38,2,4,10,6,9,13,7,3,4,1,2,16,15
9,22,2,45,4,0,1,3,0,0,1,8,7,0,0,3,6,162,3,37,1,3,10,5,9,12,7,3,3,1,2,16,0
-12,22,2,52,3,0,1,3,0,0,1,8,7,0,0,3,6,162,3,37,1,3,10,4,8,11,6,3,3,0,1,17,0
16,22,2,42,2,0,1,3,0,0,1,5,10,0,0,3,6,162,3,37,1,4,11,4,7,10,5,2,3,0,2,15,30
30,21,1,35,2,0,1,2,0,0,1,0,15,0,0,3,6,162,2,37,2,4,11,3,6,10,5,2,3,0,2,14,30
-16,21,1,43,2,0,1,2,0,0,1,9,6,0,0,3,6,162,3,36,1,3,10,3,5,10,4,2,3,0,1,15,45
26,20,1,36,2,0,0,2,0,0,1,5,10,0,0,3,6,162,1,36,3,4,12,4,4,10,5,4,3,0,2,14,45
-33,20,2,48,2,0,0,2,0,0,1,13,2,0,0,3,6,162,1,35,2,5,13,3,4,12,5,4,3,1,2,16,30
-54,20,2,40,1,0,0,2,0,0,1,2,13,0,0,3,6,162,0,35,2,7,14,2,5,12,5,3,3,1,1,15,15
-23,20,3,40,1,0,0,2,1,0,0,41,4,0,0,3,6,162,1,34,2,6,13,1,4,11,4,3,3,1,1,15,15
-27,19,4,38,2,0,0,2,1,0,0,4,41,0,0,3,6,162,1,32,6,9,15,3,6,17,5,3,2,2,2,15,0
20,18,5,34,4,0,0,1,1,0,0,10,5,0,0,3,6,162,2,30,4,8,14,4,8,16,5,2,2,1,1,14,15
19,18,5,38,4,0,0,1,1,0,0,5,10,0,0,3,6,162,2,29,3,8,13,3,8,17,5,2,2,1,2,15,0
-53,16,5,36,5,0,1,1,1,0,0,0,15,0,0,3,6,162,2,26,4,6,12,6,11,18,7,3,2,2,2,14,45
-6,16,5,33,4,0,1,1,1,0,0,10,5,0,0,3,6,162,2,26,4,7,12,5,10,17,6,2,2,2,1,13,30
-8,15,5,31,6,0,0,1,1,0,0,6,9,0,0,3,6,162,2,24,3,6,14,7,12,17,7,1,1,2,1,13,15
40,14,5,25,5,0,1,1,1,0,0,2,13,0,0,3,6,162,2,23,2,6,14,7,11,16,7,2,1,1,2,12,30
33,14,5,29,5,0,1,1,1,0,0,1,14,0,0,3,6,162,3,22,2,5,13,7,10,15,6,1,1,1,2,13,0
21,14,5,25,4,0,1,1,1,0,0,0,15,0,0,3,6,162,2,22,2,5,13,6,9,14,6,2,1,1,2,12,30
31,13,4,27,3,0,1,1,1,0,1,6,9,0,0,3,6,162,2,21,3,5,12,6,10,13,6,3,1,1,2,12,45
36,12,3,31,3,0,1,1,0,0,1,7,8,0,0,3,6,162,1,21,3,6,14,7,10,14,6,3,1,1,1,13,15
18,12,3,24,2,0,1,1,0,0,1,6,9,0,0,3,6,162,1,21,3,6,14,6,9,13,5,3,1,1,2,12,15
-15,12,3,27,1,0,1,1,0,0,1,4,11,0,0,3,6,162,1,21,4,7,15,5,9,12,4,2,0,1,2,12,45
26,11,2,22,2,0,0,1,0,0,1,2,13,0,0,3,6,162,1,20,3,6,14,4,8,11,4,2,0,0,1,12,0
-14,11,4,29,2,0,0,0,0,0,2,9,6,0,0,3,6,162,2,19,3,5,13,4,7,11,3,1,0,0,2,13,0
46,10,3,18,1,0,0,0,1,0,2,5,10,0,0,3,6,162,2,18,2,5,13,4,6,10,3,1,0,0,2,11,30
18,10,3,20,1,0,0,0,1,0,1,2,13,0,0,3,6,162,1,18,3,6,13,3,6,9,3,1,0,0,2,11,45
21,9,4,18,2,0,0,1,1,0,0,9,6,0,0,3,6,162,2,16,2,7,13,4,5,12,3,1,0,0,2,11,30
-11,9,4,22,1,0,0,1,1,0,0,9,6,0,0,3,6,162,2,16,2,7,13,3,4,11,2,1,0,0,1,12,0
34,9,5,15,2,0,0,1,0,0,0,11,4,0,0,3,6,162,2,15,3,7,15,3,5,10,2,2,0,0,1,11,0
-23,9,5,20,2,0,0,0,0,0,0,4,11,0,0,3,6,162,2,15,5,9,15,2,4,9,1,1,0,0,2,11,45
13,7,4,12,4,0,0,0,0,0,0,4,11,0,0,3,6,162,3,12,3,7,12,1,4,12,2,1,0,0,2,10,45
20,5,3,8,6,0,0,0,0,0,0,1,14,0,0,3,6,162,1,9,4,7,9,3,7,14,6,3,0,0,2,10,15
17,4,2,12,5,0,0,0,0,0,0,12,3,0,0,3,6,162,0,9,4,7,9,3,6,13,6,2,0,0,2,10,45
-12,4,4,15,7,0,0,0,0,0,0,14,1,0,0,3,6,162,3,6,2,6,6,4,7,14,5,1,0,0,1,11,0
4,2,2,10,7,0,0,0,0,0,0,0,15,0,0,3,6,162,2,5,3,5,5,4,8,13,6,1,0,0,3,10,30
0,2,2,8,7,0,0,0,0,0,0,8,7,0,0,3,6,162,3,4,4,4,4,3,8,12,5,1,0,0,2,10,15
37,2,2,2,6,0,0,0,0,0,0,5,10,0,0,3,6,162,2,4,4,4,4,2,8,11,5,1,0,0,2,9,15
-23,2,2,7,5,0,0,0,0,0,0,12,3,0,0,3,6,162,2,4,4,4,4,4,7,10,4,1,0,0,2,10,0
-35,0,0,17,6,0,1,0,0,0,1,3,12,0,0,3,6,162,1,0,0,0,0,6,8,9,8,3,0,0,2,11,15
-9,0,0,10,5,0,1,0,0,0,1,1,14,0,0,3,6,162,1,0,0,0,0,5,7,8,7,3,0,0,3,10,30
-21,0,0,5,4,0,1,0,0,0,1,0,2,0,0,3,6,162,0,0,0,0,0,4,7,7,7,3,0,0,1,9,45
-12,0,0,3,3,0,1,0,0,0,1,0,4,0,0,3,6,162,0,0,0,0,0,3,6,6,6,3,0,0,2,9,30
17,0,0,3,2,0,1,0,0,0,1,0,16,0,0,3,6,162,0,0,0,0,0,3,5,5,5,3,0,0,2,9,30
-106,0,0,12,2,0,1,0,0,0,0,0,22,0,0,3,6,162,0,0,0,0,0,3,4,4,4,3,0,0,2,10,45
12,0,0,0,1,0,1,0,0,0,0,0,41,0,1,3,6,162,0,0,0,0,0,3,3,3,3,2,0,0,1,9,0
9,0,0,0,1,0,0,0,0,0,0,0,51,0,1,3,6,162,0,0,0,0,0,2,2,2,2,2,0,0,1,9,0
-22,0,0,5,0,0,0,0,0,0,0,0,59,0,0,3,6,162,0,0,0,0,0,1,1,1,1,1,0,0,1,9,45
3,26,3,56,0,0,0,0,0,0,0,8,7,0,0,2,6,161,0,57,3,4,15,2,3,9,1,0,9,1,1,17,30
2,24,3,54,0,0,1,0,0,0,0,11,4,0,0,2,6,161,0,55,2,7,15,2,5,8,2,0,9,1,1,17,15
15,23,2,52,1,0,0,0,0,0,1,2,13,0,0,2,6,161,1,53,5,8,14,4,7,12,2,0,8,3,1,16,45
-43,23,3,54,1,0,0,0,0,0,0,8,7,0,0,2,6,161,0,53,5,11,14,4,6,14,2,0,8,2,1,17,15
12,23,3,51,0,0,0,0,0,0,0,7,8,0,0,2,6,161,0,53,5,11,14,3,5,13,1,0,8,2,1,16,30
-108,22,3,57,2,0,1,0,0,0,0,4,11,1,0,2,6,161,2,49,4,8,11,4,4,13,2,1,8,2,2,18,0
18,21,2,46,3,0,0,0,0,0,0,9,6,0,0,2,6,161,1,48,5,8,11,3,3,13,3,2,7,2,2,16,0
-67,21,2,53,3,0,0,0,0,0,0,14,1,0,0,2,6,161,1,47,5,7,10,2,6,12,3,1,7,2,2,17,0
3,21,2,46,2,0,0,0,0,0,0,13,2,0,0,2,6,161,1,47,5,7,10,1,5,11,2,1,6,2,2,16,0
30,19,1,39,7,0,0,1,0,0,0,8,7,0,0,2,6,161,2,40,1,3,8,8,10,11,7,3,5,2,1,15,0
-9,19,1,42,6,0,0,1,0,0,0,7,8,0,0,2,6,161,1,40,1,3,8,7,9,10,7,4,5,1,2,15,30
-59,19,1,46,5,0,0,1,0,0,0,1,14,0,0,2,6,161,1,40,2,3,9,6,8,9,6,4,5,1,2,16,0
-18,19,1,49,4,0,0,1,0,0,0,0,15,0,0,2,6,161,1,40,2,3,9,5,7,8,5,3,5,1,1,16,15
-20,19,2,41,4,0,0,1,0,0,0,7,8,0,0,2,6,161,1,39,1,3,9,5,6,9,5,3,5,1,2,15,15
-37,18,1,42,4,0,0,0,0,0,0,2,13,0,0,2,6,161,0,39,1,4,11,5,5,8,5,4,4,1,2,15,30
-20,18,1,39,3,0,0,0,0,0,0,14,1,0,0,2,6,161,0,39,2,4,12,4,4,7,4,3,4,0,1,15,0
-31,18,1,44,2,0,0,0,0,0,0,13,2,0,0,2,6,161,0,39,2,4,12,3,3,6,3,2,4,0,3,15,45
23,18,2,38,1,0,0,1,0,0,0,52,8,0,0,2,6,161,1,38,2,5,14,2,3,7,2,1,4,1,2,14,45
5,18,2,37,0,0,0,1,0,0,0,47,13,0,0,2,6,161,1,38,3,5,15,1,2,6,1,1,4,1,1,14,30
-24,16,2,35,2,0,0,1,0,0,0,4,56,0,0,2,6,161,0,35,4,9,18,1,4,12,4,2,3,1,1,14,15
50,15,5,29,4,0,1,1,0,0,0,12,3,0,0,2,6,161,3,30,6,9,20,3,5,16,5,1,3,0,2,12,30
-47,15,5,35,3,0,1,1,0,0,0,10,5,0,0,2,6,161,3,30,6,9,20,3,5,15,4,1,3,0,1,14,15
-2,15,6,32,3,0,1,3,0,0,0,11,4,0,0,2,6,161,4,27,4,9,17,2,6,18,5,2,3,1,1,13,0
8,12,4,30,5,0,0,3,1,0,0,10,5,0,0,2,6,161,4,24,3,9,16,2,8,18,7,5,3,1,2,12,45
44,11,5,32,6,0,0,2,1,0,0,10,5,0,0,2,6,161,3,23,5,9,18,4,9,21,8,6,3,1,1,13,0
-37,10,6,34,6,0,0,3,1,0,0,10,5,0,0,2,6,161,3,21,6,11,17,6,11,22,9,8,3,2,2,13,15
-225,10,6,49,7,0,1,3,1,0,0,6,9,0,0,2,6,161,4,19,4,9,16,5,10,21,9,8,2,2,1,16,15
13,10,6,25,6,0,1,3,1,0,0,0,15,0,0,2,6,161,4,19,5,9,17,5,12,21,8,7,2,2,2,12,0
6,9,5,27,6,0,2,2,1,0,0,9,6,0,0,2,6,161,3,18,4,9,16,5,12,22,9,8,2,2,1,12,15
32,9,5,21,6,0,2,3,0,0,0,5,10,0,0,2,6,161,4,17,5,8,15,5,12,21,8,7,2,2,2,11,30
-55,9,5,30,5,0,2,3,0,0,0,4,11,0,0,2,6,161,4,17,5,8,15,4,11,20,7,6,2,2,2,12,45
30,7,5,17,7,0,1,4,0,0,0,1,14,0,0,2,6,161,4,14,4,7,14,8,10,21,9,6,2,2,2,11,0
-9,6,4,23,6,0,1,4,0,0,0,12,3,0,0,2,6,161,3,14,4,8,14,7,13,20,9,6,2,2,2,11,45
16,6,4,21,6,0,1,3,0,0,1,7,8,0,0,2,6,161,4,13,4,8,13,7,12,20,8,5,2,2,2,11,30
32,5,3,15,8,0,0,3,0,0,1,2,13,0,0,2,6,161,4,11,2,7,11,7,13,19,9,6,1,2,2,10,45
-260,4,2,44,7,0,0,3,0,0,1,12,3,0,0,2,6,161,3,11,3,7,11,6,12,18,9,6,1,1,3,15,45
-30,4,3,23,8,0,0,2,0,0,1,3,12,0,0,2,6,161,3,10,3,8,10,5,12,19,9,6,1,1,2,11,45
-12,4,3,17,7,0,0,2,0,0,1,3,12,0,0,2,6,161,3,10,3,8,10,4,11,18,8,6,1,1,2,11,0
26,4,3,12,7,0,0,2,0,0,0,2,13,0,0,2,6,161,3,10,3,8,10,3,10,17,7,5,0,1,2,10,25
47,4,3,10,6,0,0,2,0,0,0,2,3,0,0,2,6,161,3,10,4,8,10,6,10,17,6,4,0,0,1,10,15
-38,4,4,19,6,0,0,2,0,0,0,5,5,0,0,2,6,161,3,9,5,7,9,5,10,16,6,4,0,0,2,11,15
32,2,2,6,7,0,1,2,0,0,0,0,15,0,0,2,6,161,3,6,4,6,6,8,11,16,8,5,0,0,2,9,45
-1,2,2,25,6,0,1,2,0,0,0,0,15,0,0,2,6,161,3,6,4,6,6,7,10,15,7,4,0,0,2,12,0
12,2,2,13,5,0,1,2,0,0,0,14,1,0,0,2,6,161,3,6,4,6,6,6,9,14,6,4,0,0,2,10,30
2,2,2,27,4,0,1,2,0,0,0,13,2,0,0,2,6,161,3,6,4,6,6,5,8,13,5,3,0,0,1,12,15
-22,2,2,10,6,0,0,2,0,0,0,5,10,0,0,2,6,161,3,4,2,4,4,5,8,13,6,3,0,0,1,10,15
16,2,2,15,6,0,0,1,0,0,0,3,12,0,0,2,6,161,3,4,2,4,4,4,7,12,5,2,0,0,2,10,45
-52,1,1,19,7,0,0,1,0,0,0,5,10,0,0,2,6,161,3,2,2,2,2,4,8,11,6,3,0,0,2,11,15
3,1,1,8,6,0,0,1,0,0,0,0,15,0,0,2,6,161,3,2,2,2,2,4,7,10,5,3,0,0,2,10,0
-8,1,1,8,6,0,0,0,0,0,0,11,4,0,0,2,6,161,3,2,2,2,2,4,7,9,4,3,0,0,2,10,0
-29,0,0,13,5,0,0,0,0,0,0,11,4,0,0,2,6,161,0,2,2,2,2,3,7,8,6,5,0,0,2,10,30
-2,0,0,2,4,0,1,1,0,0,0,1,14,0,0,2,6,161,2,0,0,0,0,4,6,7,5,4,0,0,2,9,15
21,0,0,2,3,0,1,1,0,0,0,0,4,0,0,2,6,161,1,0,0,0,0,4,5,6,5,4,0,0,2,9,15
-13,0,0,0,3,0,0,1,0,0,0,0,22,0,1,2,6,161,0,0,0,0,0,4,5,5,5,4,0,0,2,9,0
-8,0,0,6,2,0,0,1,0,0,0,0,24,0,0,2,6,161,0,0,0,0,0,3,4,4,4,3,0,0,2,9,45
-32,0,0,4,2,0,0,0,0,0,0,0,33,0,0,2,6,161,0,0,0,0,0,2,3,3,3,2,0,0,2,9,30
25,0,0,0,1,0,0,0,0,0,0,0,45,0,1,2,6,161,0,0,0,0,0,2,2,2,2,1,0,0,2,9,0
-10,0,0,4,0,0,0,0,0,0,0,0,70,0,0,2,6,161,0,0,0,0,0,1,1,1,1,1,0,0,2,9,30
-6,21,4,57,4,0,1,2,0,0,0,0,15,1,0,6,6,158,2,50,2,7,13,4,9,13,6,2,7,3,2,18,0
-37,20,4,55,3,0,1,3,0,0,0,6,9,0,0,6,6,158,1,49,3,8,12,7,9,13,7,3,7,2,1,17,30
27,20,4,53,2,0,1,3,1,0,0,14,1,0,0,6,6,158,2,48,3,7,12,6,8,12,6,2,7,2,2,17,15
28,20,4,50,1,0,1,3,1,0,0,9,6,0,0,6,6,158,2,48,4,8,12,5,8,13,5,2,6,3,2,16,45
9,19,4,51,2,0,0,3,1,0,0,14,1,0,0,6,6,158,2,47,4,7,12,5,8,14,5,2,6,2,2,17,0
-8,19,4,55,1,0,0,3,1,0,0,13,2,0,0,6,6,158,2,47,4,7,12,4,7,13,4,2,5,2,1,17,30
7,19,4,53,1,0,0,3,1,0,0,12,3,0,0,6,6,158,2,46,3,6,11,3,6,12,4,1,5,1,2,17,15
22,18,3,44,0,0,0,3,1,0,0,7,8,0,0,6,6,158,1,46,5,7,11,3,6,12,4,1,5,2,2,16,0
-20,18,4,48,0,0,2,3,1,0,0,4,11,0,0,6,6,158,3,43,3,5,11,4,5,13,4,1,5,2,1,16,30
16,17,3,46,0,0,2,3,0,0,0,12,3,0,0,6,6,158,2,43,3,6,12,4,5,12,4,1,5,2,2,16,15
16,16,3,41,1,0,1,4,0,0,0,12,3,0,0,6,6,158,3,41,3,5,13,3,4,11,4,1,4,2,2,15,45
-33,16,3,51,2,0,1,3,0,0,0,8,7,0,0,6,6,158,3,40,2,4,13,2,5,11,4,1,4,2,2,17,0
22,15,2,48,2,0,1,2,0,0,0,12,3,0,0,6,6,158,2,40,3,5,14,2,6,11,4,2,3,2,1,16,30
8,14,1,41,5,0,1,1,0,0,0,0,15,0,0,6,6,158,2,37,2,6,11,5,8,13,6,3,3,1,2,15,45
-21,13,1,44,4,0,2,1,0,0,0,11,4,0,0,6,6,158,1,36,2,8,12,6,7,14,7,3,3,1,2,16,0
8,13,1,39,4,0,2,0,0,0,0,10,5,0,0,6,6,158,1,36,2,8,12,5,6,13,6,3,2,1,3,15,30
-58,13,1,46,3,0,2,0,0,0,0,5,10,0,0,6,6,158,0,36,4,9,12,5,6,12,6,2,2,1,2,16,15
5,13,1,35,2,0,2,0,0,0,0,2,13,0,0,6,6,158,0,36,5,10,13,4,6,11,5,2,2,1,2,15,0
-8,13,2,39,2,0,2,0,0,0,0,12,3,0,0,6,6,158,1,35,4,9,12,3,5,11,4,1,2,1,3,15,30
-17,13,3,37,2,0,2,0,0,0,0,0,15,0,0,6,6,158,1,34,6,8,13,2,5,11,4,1,2,1,2,15,15
-28,13,3,33,2,0,1,0,0,0,0,40,5,0,0,6,6,158,1,34,6,8,14,1,5,12,3,0,2,1,2,14,45
-38,12,3,37,6,0,1,1,0,0,0,9,36,0,0,6,6,158,3,28,2,4,10,4,7,15,6,1,1,2,2,15,15
-63,12,3,35,7,0,1,1,0,0,0,4,41,0,0,6,6,158,4,26,0,3,8,3,6,15,6,1,1,1,2,15,0
-45,11,2,33,6,0,1,1,0,0,0,26,4,0,0,6,6,158,3,26,2,3,9,3,6,15,6,2,1,1,2,14,45
16,10,1,32,5,0,1,1,0,0,0,11,19,0,0,6,6,158,1,26,2,5,9,4,8,15,7,2,1,1,2,14,30
-8,10,2,31,4,0,1,1,0,0,0,1,29,0,0,6,6,158,1,26,3,7,11,3,9,14,6,2,0,1,1,14,15
75,9,1,21,4,0,1,1,0,0,1,4,11,0,0,6,6,158,2,24,2,5,10,4,9,13,6,3,0,0,2,12,15
-10,9,1,29,3,0,1,1,0,0,1,0,15,0,0,6,6,158,2,24,3,6,11,4,9,13,5,2,0,0,1,13,30
43,9,1,27,3,0,1,1,0,0,1,14,1,0,0,6,6,158,1,23,4,6,12,6,9,13,6,2,0,0,2,13,0
67,9,1,18,3,0,1,1,0,0,0,9,6,0,0,6,6,158,1,23,4,6,14,5,9,12,5,2,0,0,1,11,45
-7,9,1,25,4,0,0,1,0,0,1,0,15,0,0,6,6,158,2,21,3,4,13,6,8,11,5,2,0,0,2,12,45
-1,9,1,23,3,0,0,1,0,0,1,12,3,0,0,6,6,158,1,21,3,4,13,5,8,10,5,2,0,0,2,12,30
-30,9,1,25,3,0,0,1,0,0,1,8,7,0,0,6,6,158,2,20,2,4,12,4,7,11,4,2,0,0,2,12,45
50,8,1,23,3,0,0,1,0,0,1,2,13,0,0,6,6,158,2,19,1,4,12,4,6,10,4,3,0,0,2,12,30
-129,8,1,41,2,0,0,1,0,0,1,8,7,0,0,6,6,158,2,19,2,5,13,4,5,9,3,2,0,0,2,15,45
-24,8,2,21,2,0,0,1,0,0,0,2,13,0,0,6,6,158,1,19,2,5,13,3,5,9,3,2,0,0,2,12,15
2,8,3,20,1,0,0,1,0,0,1,20,10,0,0,6,6,158,1,18,3,5,15,3,5,10,3,2,0,0,2,12,0
-69,8,3,29,2,0,0,0,0,0,1,14,16,0,0,6,6,158,2,17,2,6,14,2,4,9,2,1,0,0,1,13,30
-24,8,4,18,2,0,0,0,0,0,0,14,1,0,0,6,6,158,1,17,4,9,15,2,3,10,2,1,0,0,1,11,45
-4,7,5,17,3,0,0,1,0,0,0,4,11,0,0,6,6,158,2,14,5,8,13,2,5,10,3,0,0,0,2,11,15
3,6,4,16,3,0,0,1,0,0,0,13,2,0,0,6,6,158,2,13,5,7,12,1,5,9,3,0,0,0,1,11,0
-73,3,3,27,6,0,1,1,0,0,0,12,3,0,0,6,6,158,3,8,2,6,8,5,7,13,6,2,0,0,2,13,0
4,3,3,14,6,0,1,0,0,0,0,10,5,0,0,6,6,158,2,8,3,6,8,4,6,12,6,3,0,0,1,10,45
2,2,2,8,5,0,1,2,0,0,0,5,10,0,0,6,6,158,2,6,3,5,6,4,6,14,7,5,0,0,2,10,0
-34,2,2,14,5,0,0,2,0,0,0,1,14,0,0,6,6,158,2,6,4,5,6,3,5,14,6,4,0,0,1,10,45
20,2,2,10,4,0,0,2,0,0,0,12,3,0,0,6,6,158,1,6,4,5,6,3,4,13,6,3,0,0,2,10,15
-31,0,0,12,5,0,0,2,0,0,1,6,9,0,0,6,6,158,1,3,2,3,3,3,7,12,8,5,0,0,2,10,30
-8,0,0,12,4,0,0,2,1,0,1,0,15,0,0,6,6,158,2,2,1,2,2,2,7,11,7,4,0,0,2,10,30
28,0,0,8,3,0,0,2,1,0,1,0,4,0,0,6,6,158,0,2,2,2,2,4,7,10,8,5,0,0,2,10,0
8,0,0,4,4,0,0,1,1,0,1,0,19,0,0,6,6,158,0,1,1,1,1,5,9,9,8,6,0,0,2,9,30
-87,0,0,10,3,0,1,1,1,0,1,0,31,0,0,6,6,158,0,0,0,0,0,4,8,8,8,6,0,0,2,10,15
11,0,0,2,2,0,1,1,1,0,1,0,32,0,0,6,6,158,0,0,0,0,0,3,7,7,7,5,0,0,2,9,15
59,0,0,2,1,0,1,1,1,0,1,0,35,0,0,6,6,158,0,0,0,0,0,3,6,6,6,4,0,0,2,9,15
-2,0,0,6,1,0,1,0,1,0,1,0,40,0,0,6,6,158,0,0,0,0,0,4,5,5,5,3,0,0,2,9,45
-2,0,0,0,1,0,1,0,0,0,1,0,63,0,1,6,6,158,0,0,0,0,0,4,4,4,4,3,0,0,2,9,0
-41,0,0,6,1,0,1,0,0,0,0,0,68,0,0,6,6,158,0,0,0,0,0,3,3,3,3,2,0,0,2,9,45
-4,0,0,4,0,0,1,0,0,0,0,0,69,0,0,6,6,158,0,0,0,0,0,2,2,2,2,1,0,0,2,9,30
-26,0,0,0,0,0,0,0,0,0,0,0,71,0,1,6,6,158,0,0,0,0,0,1,1,1,1,0,0,0,2,9,0
0,19,1,53,2,0,0,2,0,0,0,11,4,1,0,5,6,157,1,50,3,6,13,1,5,12,4,1,9,2,2,17,30
-1,19,3,49,3,0,0,3,0,0,0,10,5,0,0,5,6,157,1,47,3,8,11,4,8,16,6,3,9,1,2,17,0
29,19,3,47,2,0,0,3,0,0,0,10,5,0,0,5,6,157,1,47,5,8,11,3,7,15,5,3,8,1,2,16,45
30,19,4,51,2,0,1,3,0,0,0,29,1,0,0,5,6,157,2,45,4,7,9,4,7,14,5,3,8,0,2,17,15
-29,18,4,53,3,0,1,2,0,0,0,12,18,1,0,5,6,157,1,44,5,7,10,5,8,13,6,4,8,1,2,17,30
80,18,4,43,4,0,1,2,0,0,0,6,24,0,0,5,6,157,2,42,3,5,9,4,7,12,6,3,8,1,2,16,0
-9,18,4,45,4,0,0,2,0,0,0,5,25,0,0,5,6,157,2,42,3,5,9,3,7,11,5,3,8,1,2,16,30
-23,17,3,49,5,0,1,1,0,0,0,5,5,0,0,5,6,157,3,40,2,4,8,5,6,11,5,4,8,1,2,17,0
-21,17,3,51,4,0,1,1,0,0,0,4,6,0,0,5,6,157,3,40,2,4,8,4,6,10,4,3,8,2,2,17,15
16,16,2,40,4,0,1,1,0,0,0,0,5,0,0,5,6,157,1,39,2,3,11,4,8,12,6,3,8,4,1,15,45
48,15,1,37,4,0,1,1,0,0,0,8,2,0,0,5,6,157,1,38,1,2,10,3,7,11,6,2,8,4,1,15,30
-1,15,1,42,4,0,0,1,0,0,0,8,2,0,0,5,6,157,1,38,1,2,10,2,6,10,5,1,7,4,2,15,50
-22,14,0,43,3,0,1,1,0,0,0,5,10,0,0,5,6,157,1,37,1,4,14,5,5,12,5,2,7,3,2,16,0
-20,14,0,45,3,0,1,1,0,0,0,10,5,0,0,5,6,157,1,36,0,4,14,4,5,13,5,2,6,3,2,16,30
15,14,0,39,3,0,1,0,0,0,0,7,8,0,0,5,6,157,1,36,0,4,14,3,5,12,4,2,5,3,2,15,35
-110,14,0,47,3,0,0,0,0,0,0,5,10,0,0,5,6,157,1,36,1,4,14,2,5,11,3,2,4,2,2,16,45
165,14,0,22,2,0,0,0,0,0,0,3,12,0,0,5,6,157,1,36,1,5,15,1,4,10,2,1,4,1,2,12,45
14,14,4,31,3,0,1,0,0,0,0,34,11,0,0,5,6,157,1,33,4,10,14,4,7,16,4,2,4,1,3,15,0
-75,14,4,33,4,0,0,0,0,0,0,23,22,0,0,5,6,157,1,32,5,10,14,3,8,15,4,1,3,1,1,15,15
-28,14,4,31,3,0,0,0,0,0,0,22,23,0,0,5,6,157,1,32,5,10,14,2,7,14,3,1,3,0,3,15,0
-21,14,5,29,4,0,0,0,0,0,0,16,29,0,0,5,6,157,3,30,5,9,13,2,6,15,2,0,3,0,1,14,30
-5,12,5,27,7,0,0,0,0,0,0,4,11,0,0,5,6,157,2,26,5,5,14,5,8,16,6,3,3,0,1,13,30
-95,12,5,33,7,0,0,0,0,0,0,13,2,0,0,5,6,157,2,25,4,6,15,5,9,16,6,3,3,1,1,15,15
-9,11,4,28,7,0,0,0,0,0,0,10,5,0,0,5,6,157,2,24,3,5,14,5,8,15,6,4,3,1,1,14,15
21,10,3,24,6,0,0,1,0,0,0,2,13,0,0,5,6,157,2,23,2,4,15,4,9,14,6,4,3,1,1,13,0
-124,10,3,40,5,0,0,1,0,0,0,0,15,0,0,5,6,157,1,23,2,4,16,3,8,13,6,4,3,1,1,15,45
6,9,2,24,6,0,0,1,0,0,0,14,1,0,0,5,6,157,2,21,2,4,14,4,9,14,6,4,3,1,1,13,0
-139,8,1,36,5,0,0,1,0,0,0,11,4,0,0,5,6,157,1,21,2,6,14,4,8,13,6,5,3,1,2,15,20
-91,7,0,30,4,0,0,1,0,0,0,5,10,0,0,5,6,157,0,21,3,9,18,6,9,19,6,6,3,1,2,14,45
64,7,1,12,6,0,0,0,0,0,0,1,14,0,0,5,6,157,2,19,2,7,17,6,9,19,5,5,2,2,3,11,45
14,7,1,19,5,0,0,0,0,0,0,14,1,0,0,5,6,157,2,19,2,8,17,5,8,18,4,4,2,1,2,12,30
17,7,2,26,4,0,0,0,0,0,0,7,8,0,0,5,6,157,1,19,4,10,19,4,7,17,4,3,2,1,1,13,15
56,7,2,17,3,0,0,0,0,0,0,6,9,0,0,5,6,157,1,19,4,10,19,3,6,16,3,2,2,1,3,12,15
-17,7,3,19,3,0,0,0,0,0,0,5,10,0,0,5,6,157,1,18,6,11,18,3,7,16,3,2,2,1,2,12,30
-10,7,3,17,2,0,0,0,0,0,0,4,11,0,0,5,6,157,1,18,6,11,18,3,6,15,2,2,2,1,3,12,15
26,7,4,14,2,0,0,0,0,0,1,6,9,0,0,5,6,157,3,15,6,9,15,3,7,15,2,1,2,1,2,12,0
-59,7,4,22,4,0,0,0,0,0,1,5,10,0,0,5,6,157,3,12,5,9,12,4,11,18,4,2,2,2,2,12,45
-31,6,3,14,4,0,0,0,0,0,0,1,14,0,0,5,6,157,2,12,5,10,12,3,10,18,4,3,1,2,2,12,0
2,5,4,10,7,0,1,0,0,0,0,13,2,0,0,5,6,157,3,7,2,7,7,8,10,17,7,5,1,1,1,11,15
-4,5,5,11,7,0,1,0,0,0,0,8,7,0,0,5,6,157,2,7,4,7,7,8,10,16,7,4,1,1,2,11,30
-74,3,3,19,6,0,1,0,0,0,0,8,7,0,0,5,6,157,0,7,7,7,7,8,10,15,8,5,1,1,2,12,30
8,3,3,8,5,0,1,0,0,0,1,6,9,0,0,5,6,157,1,6,6,6,6,7,9,14,7,5,1,1,1,11,0
-270,3,3,37,5,0,0,0,0,0,1,5,10,0,0,5,6,157,1,6,6,6,6,6,8,13,6,5,0,1,1,15,30
-232,3,3,33,4,0,0,0,0,0,1,5,10,0,0,5,6,157,1,6,6,6,6,5,7,12,5,4,0,0,1,15,15
-5,3,3,8,3,0,0,1,0,0,1,4,11,0,0,5,6,157,2,5,5,5,5,4,6,11,4,3,0,0,1,11,0
-40,3,3,12,2,0,0,1,0,0,1,0,15,0,0,5,6,157,2,5,5,5,5,3,6,10,3,3,0,0,3,11,45
34,3,3,3,1,0,1,1,0,0,1,10,5,0,0,5,6,157,2,4,4,4,4,2,6,9,3,2,0,0,2,10,15
22,3,3,4,2,0,1,1,0,0,1,1,14,0,0,5,6,157,2,2,2,2,2,2,8,8,4,3,0,0,2,10,30
-100,0,0,14,3,0,2,0,0,0,1,10,5,0,0,5,6,157,0,0,0,0,0,4,7,7,7,4,0,0,2,12,0
-9,0,0,4,3,0,1,0,0,0,1,1,14,0,0,5,6,157,0,0,0,0,0,6,6,6,6,3,0,0,2,10,30
-17,0,0,6,3,0,1,0,0,0,0,0,12,0,0,5,6,157,0,0,0,0,0,5,5,5,5,2,0,0,2,10,45
14,0,0,1,2,0,1,0,0,0,0,0,17,0,0,5,6,157,0,0,0,0,0,4,4,4,4,2,0,0,1,10,0
1,0,0,1,2,0,0,0,0,0,0,0,22,0,0,5,6,157,0,0,0,0,0,3,3,3,3,2,0,0,1,10,0
10,0,0,0,1,0,0,0,0,0,0,0,22,0,1,5,6,157,0,0,0,0,0,2,2,2,2,1,0,0,2,9,45
-35,0,0,6,0,0,0,0,0,0,0,0,27,0,0,5,6,157,0,0,0,0,0,1,1,1,1,0,0,0,2,10,45
30,25,2,54,1,0,0,0,0,0,1,5,10,1,0,4,6,156,1,52,2,5,10,2,2,7,2,1,3,0,1,17,30
15,25,2,52,1,0,0,0,0,0,0,0,15,0,0,4,6,156,1,52,2,5,10,1,1,7,1,0,3,0,1,17,15
-4,23,1,48,4,0,0,1,0,0,0,14,1,0,0,4,6,156,1,47,3,5,11,3,6,11,5,4,3,0,2,16,30
-6,23,1,51,4,0,0,1,0,0,0,6,9,0,0,4,6,156,1,46,2,6,11,3,7,11,5,3,3,2,2,17,0
-64,23,1,52,4,0,0,1,0,0,0,2,13,0,0,4,6,156,1,45,3,6,11,3,6,11,5,3,3,2,1,17,15
55,23,2,43,3,0,0,2,0,0,0,9,6,0,0,4,6,156,1,44,3,6,10,5,5,12,5,4,3,2,2,15,45
-6,22,2,44,3,0,1,2,0,0,0,5,10,0,0,4,6,156,2,42,2,6,10,4,7,13,5,4,3,2,2,16,0
-22,22,2,49,2,0,1,2,0,0,0,2,13,0,0,4,6,156,1,42,3,6,11,3,6,12,5,5,3,2,1,16,45
30,22,2,46,2,0,2,1,0,0,0,12,3,0,0,4,6,156,2,41,3,5,11,2,5,11,4,4,2,2,1,16,15
-12,22,2,40,2,0,1,1,0,0,0,9,6,0,0,4,6,156,2,41,3,6,12,1,4,10,3,3,1,1,1,15,30
-20,21,1,44,4,0,1,1,0,0,0,8,7,0,0,4,6,156,2,38,3,4,14,4,7,11,5,2,1,0,2,16,0
0,21,1,40,4,0,1,0,0,0,0,5,10,0,0,4,6,156,2,38,3,5,14,3,6,10,4,1,1,0,1,15,30
-137,20,0,49,4,0,1,0,1,0,0,9,6,0,0,4,6,156,2,36,1,4,13,2,6,10,5,2,1,0,1,16,45
-16,20,2,38,5,0,0,0,1,0,0,38,7,0,0,4,6,156,1,35,1,6,13,4,6,13,6,2,1,0,3,15,15
14,20,3,33,4,0,0,0,1,0,0,21,24,0,0,4,6,156,0,35,3,8,14,5,6,17,6,2,1,0,1,14,15
-42,20,4,35,3,0,0,1,1,0,0,14,31,0,0,4,6,156,1,34,4,8,14,4,6,16,5,1,1,0,1,14,45
-16,20,4,38,2,0,0,1,1,0,0,11,34,0,0,4,6,156,1,34,4,8,14,3,5,15,4,1,1,0,3,15,15
-50,20,6,37,3,0,1,1,0,0,0,10,5,0,0,4,6,156,2,32,4,9,14,3,5,14,4,2,1,0,2,15,0
12,20,6,34,2,0,1,1,0,0,0,8,7,0,0,4,6,156,2,32,5,9,14,2,4,13,3,1,1,0,2,14,30
-28,18,4,35,3,0,1,2,0,0,0,3,12,0,0,4,6,156,2,29,5,7,15,2,9,14,5,1,1,1,1,14,45
-10,16,4,32,4,0,1,2,1,0,0,1,14,0,0,4,6,156,2,26,3,5,13,5,11,16,7,2,1,1,1,13,30
-9,15,4,28,7,0,0,2,1,0,0,13,2,0,0,4,6,156,2,23,2,5,12,7,10,15,9,4,1,1,1,12,45
-151,14,4,40,7,0,0,1,1,0,0,7,8,0,0,4,6,156,1,23,2,6,12,9,9,14,9,4,0,1,1,15,30
15,14,4,30,6,0,0,1,1,0,0,6,9,0,0,4,6,156,1,23,2,7,12,8,8,13,8,4,0,0,1,13,0
27,14,4,26,5,0,0,1,1,0,0,1,14,0,0,4,6,156,0,23,2,7,14,7,7,12,8,4,0,0,2,12,30
55,14,4,24,5,0,0,1,1,0,0,9,6,0,0,4,6,156,1,22,3,6,13,6,7,13,7,3,0,0,2,12,15
16,14,4,26,4,0,0,1,1,0,0,7,8,0,0,4,6,156,1,22,3,6,14,5,6,12,6,3,0,0,2,12,30
-160,14,4,46,4,0,0,0,1,0,0,6,9,0,0,4,6,156,1,22,3,6,14,4,5,11,5,3,0,0,1,16,15
-42,14,5,31,4,0,0,0,1,0,0,12,3,0,0,4,6,156,2,21,3,7,14,3,6,11,4,2,0,0,1,13,15
12,14,5,24,3,0,0,0,1,0,0,11,4,0,0,4,6,156,2,21,3,7,15,2,6,10,3,1,0,0,2,12,15
39,14,5,23,3,0,0,0,0,0,0,8,7,0,0,4,6,156,2,21,3,7,15,1,5,9,2,0,0,0,2,12,0
-29,10,4,28,6,0,1,0,0,0,0,10,5,0,0,4,6,156,1,16,4,7,14,5,7,14,7,1,0,0,1,12,45
21,9,3,18,5,0,1,0,1,0,0,5,10,0,0,4,6,156,1,15,3,7,15,4,6,13,7,2,0,0,2,11,30
21,9,4,18,5,0,1,0,1,0,0,13,2,0,0,4,6,156,2,14,3,7,14,3,6,13,6,2,0,0,2,11,30
-20,9,4,21,5,0,0,0,1,0,0,11,4,0,0,4,6,156,2,14,3,8,14,2,5,12,5,2,0,0,1,11,45
26,9,4,14,4,0,0,0,1,0,0,8,7,0,0,4,6,156,2,14,3,8,14,1,4,12,4,2,0,0,2,11,0
22,6,6,16,6,0,0,0,1,0,1,11,4,0,0,4,6,156,2,9,5,7,9,3,8,16,8,5,0,0,3,11,15
-32,6,6,14,6,0,0,0,1,0,1,11,4,0,0,4,6,156,2,9,5,7,9,3,8,16,8,5,0,0,2,11,0
36,5,5,8,7,0,0,0,0,0,1,14,1,0,0,4,6,156,2,7,6,8,8,3,8,15,7,4,0,0,2,10,15
-7,3,3,12,10,0,0,0,1,0,1,8,7,0,0,4,6,156,4,3,1,3,3,6,9,16,9,5,0,0,2,10,45
-3,2,2,16,9,0,0,0,1,0,1,4,11,0,0,4,6,156,3,3,3,3,3,5,8,15,9,6,0,0,3,11,15
-2,1,1,6,8,0,0,0,2,0,1,7,8,0,0,4,6,156,1,2,2,2,2,6,8,14,11,8,0,0,2,10,0
3,1,1,6,7,0,0,0,2,0,1,3,12,0,0,4,6,156,1,2,2,2,2,6,8,13,10,8,0,0,2,10,0
36,1,1,10,6,0,0,0,2,0,1,14,1,0,0,4,6,156,1,2,2,2,2,5,7,12,9,8,0,0,2,10,30
0,0,0,8,5,0,0,0,2,0,1,10,5,0,0,4,6,156,0,2,2,2,2,4,8,11,9,8,0,0,2,10,15
13,0,0,10,4,0,0,1,2,0,2,3,12,0,0,4,6,156,2,0,0,0,0,3,7,10,8,7,0,0,2,10,30
-3,0,0,3,3,0,0,1,2,0,2,0,6,0,0,4,6,156,1,0,0,0,0,3,7,9,8,7,0,0,1,9,30
17,0,0,2,3,0,0,1,1,0,2,0,8,0,0,4,6,156,1,0,0,0,0,2,7,8,7,7,0,0,2,9,15
-115,0,0,12,3,0,0,1,1,0,1,0,29,0,0,4,6,156,0,0,0,0,0,5,7,7,7,6,0,0,2,10,45
-140,0,0,21,3,0,0,1,1,0,0,0,41,0,0,4,6,156,0,0,0,0,0,5,6,6,6,6,0,0,1,11,45
2,0,0,5,2,0,0,1,1,0,0,0,46,0,0,4,6,156,0,0,0,0,0,5,5,5,5,5,0,0,2,9,45
14,0,0,3,1,0,0,1,1,0,0,0,48,0,0,4,6,156,0,0,0,0,0,4,4,4,4,4,0,0,1,9,30
13,0,0,0,1,0,0,1,0,0,0,0,57,0,1,4,6,156,0,0,0,0,0,3,3,3,3,3,0,0,1,9,0
-150,0,0,18,1,0,0,0,0,0,0,0,66,0,0,4,6,156,0,0,0,0,0,2,2,2,2,2,0,0,2,11,30
36,0,0,0,0,0,0,0,0,0,0,0,74,0,1,4,6,156,0,0,0,0,0,1,1,1,1,1,0,0,1,9,0
16,20,4,50,2,0,1,2,1,0,0,11,4,1,0,3,6,155,1,45,5,8,13,2,5,13,6,3,3,0,2,17,30
19,20,4,46,1,0,1,2,1,0,0,8,7,0,0,3,6,155,1,45,5,8,13,2,5,12,5,3,3,0,2,17,0
-5,19,4,50,4,0,0,3,1,0,1,10,5,1,0,3,6,155,3,40,3,7,9,3,7,14,7,4,3,1,2,17,30
53,18,5,41,5,0,0,3,1,0,1,3,12,0,0,3,6,155,2,38,4,6,8,6,10,16,9,3,3,2,1,16,15
24,17,5,48,6,0,0,2,1,0,1,12,3,0,0,3,6,155,2,37,4,5,7,5,9,15,9,3,3,2,2,17,15
-14,16,4,48,6,0,0,2,0,0,1,8,7,0,0,3,6,155,1,37,4,5,7,4,8,14,9,2,3,2,2,17,15
-13,16,4,44,5,0,0,2,0,0,1,6,9,0,0,3,6,155,1,37,4,5,7,3,7,13,8,1,2,2,2,16,45
14,16,4,41,5,0,0,2,0,0,2,29,1,0,0,3,6,155,3,35,3,4,6,5,6,14,7,0,2,1,1,16,15
-40,16,4,46,5,0,0,2,0,0,1,23,7,0,0,3,6,155,2,35,3,4,6,4,5,14,7,1,2,1,2,17,0
12,14,2,37,5,0,0,3,0,0,1,4,26,0,0,3,6,155,1,33,2,3,5,4,7,14,9,2,2,1,2,15,45
-6,14,2,43,5,0,0,2,1,0,1,3,27,0,0,3,6,155,2,32,1,2,5,3,6,13,8,2,2,1,2,16,30
-3,14,2,44,5,0,0,1,1,0,1,2,28,0,0,3,6,155,2,32,1,2,5,2,5,12,7,2,1,1,2,16,45
71,13,1,32,4,0,0,1,1,0,1,3,12,0,0,3,6,155,1,32,1,2,6,3,7,11,7,3,1,1,1,14,45
-17,12,0,39,4,0,0,1,1,0,1,8,7,0,0,3,6,155,1,31,1,2,8,5,9,11,7,4,1,1,2,16,0
12,12,0,39,3,0,0,1,1,0,1,7,8,0,0,3,6,155,1,31,1,2,8,5,8,10,6,3,1,1,2,16,0
-10,12,1,37,3,0,0,1,1,0,0,10,5,0,0,3,6,155,0,31,1,3,9,4,8,9,6,3,1,1,2,15,45
35,12,2,32,2,0,0,1,1,0,1,41,4,0,0,3,6,155,1,30,1,4,10,6,7,11,5,2,1,1,1,14,45
14,12,2,35,1,0,0,1,1,0,1,41,4,0,0,3,6,155,1,30,1,4,10,5,6,10,4,2,1,1,2,15,15
1,12,2,35,1,0,0,0,1,0,1,37,8,0,0,3,6,155,1,30,1,4,10,4,5,9,3,2,0,1,2,15,15
47,12,4,30,2,0,0,0,0,0,1,17,28,0,0,3,6,155,1,29,2,5,11,4,4,11,3,2,0,0,1,14,15
-27,12,4,31,2,0,0,0,0,0,0,16,29,0,0,3,6,155,1,29,2,5,11,3,3,10,2,1,0,0,2,14,30
-25,12,4,34,1,0,0,0,0,0,0,11,34,0,0,3,6,155,1,29,3,5,12,2,3,10,1,0,0,0,2,15,0
5,11,3,29,0,0,0,0,0,0,0,2,43,0,0,3,6,155,0,29,3,7,13,1,2,10,1,1,0,0,1,13,30
13,8,2,26,2,0,2,0,0,0,0,0,15,0,0,3,6,155,1,24,4,6,14,3,7,11,4,1,0,0,1,13,0
-16,8,2,28,2,0,2,0,1,0,0,8,7,0,0,3,6,155,1,22,4,7,14,6,9,12,5,3,0,0,1,13,15
7,8,3,24,3,0,1,1,1,0,0,1,14,0,0,3,6,155,3,20,2,7,14,5,8,12,4,3,0,0,2,12,45
2,7,2,24,2,0,1,1,1,0,0,12,3,0,0,3,6,155,1,20,3,7,14,4,7,11,5,5,0,0,2,12,45
-6,7,3,22,2,0,0,1,1,0,0,1,14,0,0,3,6,155,1,20,4,8,15,5,6,10,4,4,0,0,2,12,30
-46,7,3,26,3,0,0,1,1,0,0,0,15,0,0,3,6,155,2,18,2,6,14,4,5,10,4,4,0,0,1,13,0
-15,7,3,20,3,0,0,0,1,0,0,9,6,0,0,3,6,155,2,18,3,7,14,4,4,9,3,3,0,0,2,12,15
12,6,4,19,3,0,1,0,0,0,0,12,3,0,0,3,6,155,1,17,4,7,15,3,4,11,4,3,0,0,2,12,0
-27,6,4,20,2,0,1,0,0,0,0,11,4,0,0,3,6,155,1,17,4,7,15,2,3,10,3,2,0,0,2,12,15
-2,6,4,22,2,0,1,0,0,0,0,14,1,0,0,3,6,155,2,16,4,8,15,1,2,12,2,2,0,0,2,12,30
-21,4,3,17,6,0,0,1,0,0,0,7,8,0,0,3,6,155,2,11,3,8,11,3,6,16,6,3,0,0,1,11,45
4,2,2,17,8,0,0,1,0,0,0,12,3,0,0,3,6,155,2,8,4,7,8,4,10,15,8,4,0,0,1,11,45
20,1,1,12,7,0,0,1,0,0,0,9,6,0,0,3,6,155,1,8,4,7,8,4,9,14,8,3,0,0,2,11,0
-17,1,1,16,6,0,0,1,0,0,0,5,10,0,0,3,6,155,0,8,5,7,8,4,8,14,8,3,0,0,2,11,30
-7,1,1,9,7,0,1,2,0,0,0,0,15,0,0,3,6,155,2,4,3,4,4,7,11,15,9,4,0,0,1,10,30
-39,1,1,11,7,0,0,2,0,0,0,9,6,0,0,3,6,155,2,4,3,4,4,6,10,14,8,4,0,0,2,10,45
7,1,1,12,7,0,0,2,0,0,0,5,10,0,0,3,6,155,3,3,2,3,3,5,10,13,7,3,0,0,2,11,0
-15,1,1,14,6,0,0,2,0,0,0,5,10,0,0,3,6,155,3,3,2,3,3,4,9,12,6,3,0,0,1,11,15
17,0,0,9,6,0,0,2,0,0,0,9,6,0,0,3,6,155,2,2,1,2,2,4,8,11,7,2,0,0,1,10,30
-41,0,0,14,5,0,1,2,0,0,0,1,14,0,0,3,6,155,3,1,1,1,1,6,7,10,6,1,0,0,1,11,15
72,0,0,3,4,0,1,2,0,0,0,0,15,0,0,3,6,155,3,1,1,1,1,5,6,9,5,1,0,0,1,9,30
-15,0,0,6,3,0,1,2,0,0,0,4,11,0,0,3,6,155,1,1,1,1,1,5,6,8,6,3,0,0,2,10,0
72,0,0,1,2,0,1,2,0,0,0,9,6,0,0,3,6,155,1,1,1,1,1,4,6,7,5,3,0,0,2,9,15
-6,0,0,7,2,0,1,1,0,0,0,7,8,0,0,3,6,155,0,1,1,1,1,3,5,6,5,4,0,0,2,10,15
39,0,0,0,2,0,1,1,0,0,0,4,11,0,1,3,6,155,1,0,0,0,0,2,5,5,4,3,0,0,2,9,0
-66,0,0,7,1,0,1,1,0,0,0,0,7,0,0,3,6,155,1,0,0,0,0,1,4,4,3,3,0,0,2,10,15
-4,0,0,3,1,0,1,0,0,0,0,0,40,0,0,3,6,155,0,0,0,0,0,3,3,3,3,2,0,0,1,9,30
-23,0,0,5,1,0,0,0,0,0,0,0,43,0,0,3,6,155,0,0,0,0,0,2,2,2,2,1,0,0,1,9,45
-26,0,0,1,0,0,0,0,0,0,0,0,53,0,0,3,6,155,0,0,0,0,0,1,1,1,1,0,0,0,2,9,15
25,19,2,56,1,0,0,0,0,0,0,20,25,0,0,2,6,154,0,56,3,5,15,2,2,8,2,2,5,0,1,17,30
-17,19,3,57,0,0,0,0,0,0,0,12,33,1,0,2,6,154,0,56,3,8,16,1,3,7,1,1,5,0,1,18,15
59,16,3,46,2,0,1,1,0,0,0,1,14,0,0,2,6,154,1,51,4,10,15,3,6,12,4,2,5,1,2,16,15
17,16,3,53,1,0,1,1,0,0,0,0,15,0,0,2,6,154,1,51,4,10,15,2,5,11,3,2,5,1,1,17,0
5,15,2,49,3,0,2,1,0,0,0,5,10,0,0,2,6,154,3,47,6,8,12,4,5,13,4,1,5,2,2,16,30
-11,14,2,51,4,0,1,1,0,0,0,11,4,0,0,2,6,154,3,46,6,7,12,3,5,13,4,2,5,2,2,16,45
-18,14,2,55,4,0,1,1,0,0,1,4,11,0,0,2,6,154,5,44,5,6,10,2,5,12,3,2,5,2,1,17,15
31,14,2,46,4,0,0,1,0,0,1,2,13,0,0,2,6,154,4,44,5,6,10,1,4,12,3,2,4,2,2,16,15
34,13,1,39,7,0,1,1,0,0,1,9,6,0,0,2,6,154,5,39,1,4,8,5,9,14,6,3,3,1,2,15,15
-67,13,1,53,7,0,1,1,0,0,0,12,3,0,0,2,6,154,4,39,3,5,10,5,9,13,6,4,3,1,1,17,0
-26,12,0,49,6,0,1,2,0,0,0,6,9,0,0,2,6,154,4,38,2,4,9,4,8,12,6,5,3,1,2,16,30
42,12,0,41,5,0,1,2,0,0,0,0,15,0,0,2,6,154,2,38,2,4,9,4,8,12,7,5,3,2,1,15,30
-22,12,0,43,5,0,0,2,0,0,0,9,6,0,0,2,6,154,2,38,3,5,9,5,9,11,6,4,3,2,2,15,45
-26,12,0,44,5,0,0,2,0,0,1,1,14,0,0,2,6,154,3,36,1,4,7,4,9,10,6,3,3,2,3,16,0
-27,12,0,37,5,0,0,2,0,0,0,2,13,0,0,2,6,154,1,36,2,4,10,5,8,12,7,3,3,2,2,15,0
-11,12,0,39,5,0,0,1,0,0,0,14,1,0,0,2,6,154,1,36,2,4,10,4,7,12,6,2,3,2,2,15,15
-15,12,0,44,4,0,0,1,0,0,0,14,1,0,0,2,6,154,1,36,2,4,10,4,6,11,5,2,3,2,3,16,0
57,12,1,34,4,0,0,1,0,0,0,1,14,0,0,2,6,154,1,35,3,5,10,5,5,10,5,3,2,2,1,14,15
-27,12,1,41,5,0,0,0,0,0,0,3,12,0,0,2,6,154,2,34,2,5,11,4,5,10,4,2,1,1,1,15,30
-86,12,2,46,4,0,0,0,0,0,0,29,1,0,0,2,6,154,2,34,2,5,12,3,4,9,3,1,1,0,2,16,15
-13,12,2,35,3,0,0,1,0,0,0,26,4,0,0,2,6,154,3,33,2,4,11,2,3,8,2,1,1,0,1,14,30
-18,12,2,37,2,0,0,1,1,0,0,17,13,0,0,2,6,154,3,32,2,3,11,1,2,7,2,0,1,0,2,15,0
-50,11,3,36,3,0,0,2,1,0,0,4,11,0,0,2,6,154,3,29,3,6,13,3,6,15,4,2,1,1,2,14,45
-32,10,3,33,3,0,0,2,0,0,0,1,14,0,0,2,6,154,2,29,4,8,14,4,5,15,4,2,0,1,1,14,0
36,10,3,26,6,0,0,1,0,0,0,7,8,0,0,2,6,154,4,26,3,6,12,4,5,15,4,2,0,0,3,12,45
-45,8,1,32,5,0,0,1,0,0,0,3,12,0,0,2,6,154,2,26,3,6,14,3,4,14,5,4,0,0,1,13,30
3,8,1,25,4,0,0,1,0,0,0,0,15,0,0,2,6,154,2,26,4,6,14,2,5,13,4,3,0,0,2,12,30
-221,8,1,51,5,0,1,1,0,0,0,8,7,0,0,2,6,154,3,23,3,5,14,2,9,12,5,3,0,0,2,16,45
-54,7,2,28,5,0,2,2,0,0,0,11,4,0,0,2,6,154,2,20,2,5,14,8,10,14,8,5,0,0,1,13,0
-57,7,2,31,5,0,2,1,0,0,0,1,14,0,0,2,6,154,0,20,4,8,15,8,10,15,9,6,0,0,1,13,15
-30,7,2,23,4,0,2,1,0,0,0,0,15,0,0,2,6,154,0,20,4,8,15,7,9,14,8,5,0,0,1,12,15
-81,7,2,28,4,0,1,1,0,0,0,12,3,0,0,2,6,154,0,20,4,10,16,6,8,14,7,5,0,0,1,13,0
63,7,3,22,4,0,1,1,0,0,0,4,11,0,0,2,6,154,1,19,4,10,17,6,7,16,6,4,0,0,2,12,0
51,7,3,21,3,0,1,1,0,0,0,2,13,0,0,2,6,154,1,19,4,10,17,5,6,15,5,4,0,0,1,11,45
33,7,3,19,3,0,0,1,0,0,0,1,14,0,0,2,6,154,1,18,4,10,17,4,5,14,4,3,0,0,1,11,30
-27,7,3,26,3,0,0,1,0,0,0,0,15,0,0,2,6,154,2,18,3,9,16,3,4,13,3,2,0,0,3,12,45
-88,7,4,28,4,0,0,1,0,0,0,4,11,0,0,2,6,154,4,16,3,7,16,3,4,14,2,2,0,0,1,13,0
-24,6,3,23,3,0,0,1,0,0,0,8,7,0,0,2,6,154,2,16,6,9,16,2,5,13,3,1,0,0,1,12,15
3,5,2,15,3,0,0,1,1,0,0,8,7,0,0,2,6,154,3,14,5,8,14,1,5,17,3,0,0,0,2,11,0
2,3,3,13,6,0,0,2,1,0,0,5,10,0,0,2,6,154,2,9,3,9,9,4,11,17,8,4,0,0,2,10,45
-13,3,3,11,5,0,0,2,1,0,0,2,13,0,0,2,6,154,2,9,4,9,9,4,10,17,7,4,0,0,2,10,30
-23,3,3,15,5,0,0,2,0,0,0,0,15,0,0,2,6,154,2,9,4,9,9,3,9,16,6,4,0,0,2,11,0
7,3,3,9,5,0,0,2,1,0,1,10,5,0,0,2,6,154,3,6,4,6,6,6,13,16,7,5,0,0,2,10,15
-37,2,2,17,6,0,0,1,1,0,1,2,13,0,0,2,6,154,2,5,5,5,5,7,12,15,8,5,0,0,2,11,15
-13,2,2,17,6,0,0,1,1,0,1,12,3,0,0,2,6,154,3,4,4,4,4,6,11,14,7,4,0,0,2,11,15
-31,2,2,9,7,0,0,1,1,0,0,9,6,0,0,2,6,154,4,3,3,3,3,5,10,13,6,4,0,0,2,10,15
-94,1,1,19,8,0,0,0,1,0,0,6,9,0,0,2,6,154,4,2,2,2,2,5,9,12,6,4,0,0,1,11,30
-6,1,1,11,7,0,0,0,1,0,0,5,10,0,0,2,6,154,4,2,2,2,2,4,8,11,5,3,0,0,2,10,30
-22,0,0,8,8,0,0,0,0,0,0,7,8,0,0,2,6,154,3,1,1,1,1,7,8,10,6,2,0,0,2,10,0
-11,0,0,4,7,0,0,0,0,0,0,5,10,0,0,2,6,154,3,0,1,1,1,6,7,9,5,1,0,0,2,9,30
-105,0,0,13,7,0,0,0,0,0,0,0,7,0,0,2,6,154,1,0,0,0,0,5,8,8,7,4,0,0,2,10,45
10,0,0,0,6,0,0,0,0,0,0,0,10,0,1,2,6,154,1,0,0,0,0,4,7,7,6,3,0,0,2,9,0
20,0,0,6,5,0,0,0,0,0,0,0,13,0,0,2,6,154,1,0,0,0,0,3,6,6,5,3,0,0,1,9,45
8,0,0,2,4,0,0,0,0,0,0,0,18,0,0,2,6,154,0,0,0,0,0,3,5,5,5,4,0,0,2,9,15
5,0,0,4,3,0,0,0,0,0,0,0,19,0,0,2,6,154,0,0,0,0,0,2,4,4,4,3,0,0,2,9,30
-16,0,0,0,2,0,0,0,0,0,0,0,45,0,1,2,6,154,0,0,0,0,0,3,3,3,3,3,0,0,2,9,0
-43,0,0,6,1,0,0,0,0,0,0,0,58,0,0,2,6,154,0,0,0,0,0,2,2,2,2,2,0,0,1,9,45
-14,0,0,2,0,0,0,0,0,0,0,0,64,0,0,2,6,154,0,0,0,0,0,1,1,1,1,1,0,0,2,9,15
-16,21,1,55,3,0,0,1,0,0,0,3,12,1,0,6,5,151,2,52,3,8,13,2,4,10,3,1,6,0,2,17,30
-13,21,1,53,2,0,1,1,0,0,0,4,11,0,0,6,5,151,2,51,4,8,13,1,5,11,3,1,6,0,2,17,15
43,20,2,43,5,0,1,1,0,0,0,2,13,0,0,6,5,151,2,47,4,8,10,5,8,14,6,4,6,1,2,16,0
-65,20,2,55,4,0,2,2,0,0,0,9,6,1,0,6,5,151,2,45,4,6,11,4,7,14,7,3,6,1,2,17,30
-17,20,3,51,4,0,2,2,0,0,0,11,4,0,0,6,5,151,1,44,4,6,11,5,7,14,8,3,6,2,2,17,0
20,20,3,51,4,0,2,2,0,0,0,7,8,0,0,6,5,151,2,43,4,5,10,5,7,15,7,2,6,2,2,17,0
-6,20,3,47,3,0,2,2,0,0,0,3,12,0,0,6,5,151,2,43,4,5,10,4,6,14,6,2,6,2,2,16,30
-2,19,2,45,3,0,1,4,0,0,0,7,8,0,0,6,5,151,3,41,2,3,10,3,6,13,6,2,6,2,2,16,15
-36,18,1,49,4,0,0,4,0,0,0,12,3,0,0,6,5,151,2,40,2,2,10,3,5,13,7,2,5,2,2,16,45
15,18,1,53,3,0,0,4,0,0,0,11,4,0,0,6,5,151,1,40,2,2,11,2,4,12,7,3,5,1,2,17,15
-44,17,0,49,3,0,0,5,0,0,0,0,15,0,0,6,5,151,1,38,0,5,11,3,7,12,8,3,4,2,2,16,45
-20,17,0,47,2,0,0,5,0,0,0,8,7,0,0,6,5,151,1,38,0,5,11,4,9,11,7,2,4,2,2,16,30
-19,17,0,41,1,0,0,5,0,0,0,12,3,0,0,6,5,151,0,38,4,7,12,5,8,11,7,2,4,2,2,15,45
-25,17,0,43,1,0,0,4,0,0,0,10,5,0,0,6,5,151,0,38,5,9,14,5,8,12,6,1,4,2,2,16,0
-42,17,0,39,0,0,0,4,0,0,0,9,6,0,0,6,5,151,0,38,5,9,15,5,7,13,5,1,4,2,2,15,30
28,17,0,37,0,0,0,3,0,0,0,6,9,0,0,6,5,151,0,38,5,9,16,5,7,12,4,1,3,2,2,15,15
15,17,3,34,2,0,1,2,0,0,0,59,1,0,0,6,5,151,2,35,3,7,14,4,6,12,4,1,3,1,2,14,45
-39,17,5,41,3,0,1,1,1,0,0,44,16,0,0,6,5,151,3,33,3,6,13,4,5,12,4,2,3,1,2,15,45
-14,17,5,33,3,0,0,1,1,0,0,39,21,0,0,6,5,151,3,33,4,6,13,3,4,12,3,1,3,1,1,14,30
5,17,5,39,3,0,0,0,1,0,0,38,22,0,0,6,5,151,3,33,4,6,14,2,3,11,2,1,2,1,2,15,30
-74,17,5,37,2,0,0,2,1,0,0,18,42,0,0,6,5,151,3,31,4,6,14,2,5,10,3,3,2,2,2,15,15
-23,17,6,32,4,0,0,2,0,0,0,8,52,0,0,6,5,151,4,29,2,7,14,1,6,12,3,2,2,2,1,14,15
-162,12,3,45,7,0,0,1,0,0,0,14,1,0,0,6,5,151,1,26,5,7,16,6,8,15,8,4,2,2,2,16,15
3,12,4,31,7,0,0,1,0,0,0,8,7,0,0,6,5,151,2,25,4,8,15,5,7,15,7,4,1,2,1,13,15
18,12,4,27,6,0,0,1,0,0,0,7,8,0,0,6,5,151,2,25,4,8,16,4,6,14,6,3,0,1,2,12,45
52,12,5,23,5,0,1,1,0,0,0,10,5,0,0,6,5,151,2,24,4,8,16,5,8,14,6,2,0,0,2,12,15
20,12,5,29,5,0,1,0,0,0,0,10,5,0,0,6,5,151,2,24,4,8,16,4,7,14,5,2,0,0,1,13,0
45,10,3,25,5,0,1,1,0,0,0,5,10,0,0,6,5,151,2,22,3,7,14,3,6,13,6,2,0,0,2,12,30
9,9,4,23,5,0,1,1,0,0,0,0,15,0,0,6,5,151,1,21,4,8,15,5,8,14,7,4,0,0,2,12,15
37,9,5,19,6,0,0,1,0,0,0,11,4,0,0,6,5,151,1,20,3,7,16,4,7,13,7,4,0,0,2,11,45
-6,7,5,29,7,0,0,1,0,0,0,2,13,0,0,6,5,151,1,17,4,8,14,6,9,16,9,4,0,0,1,13,0
-86,7,5,35,7,0,0,1,0,0,0,2,13,0,0,6,5,151,1,17,4,8,14,6,9,16,9,4,0,0,2,15,0
-11,7,5,27,6,0,0,1,0,0,0,2,13,0,0,6,5,151,1,17,4,8,14,4,7,14,7,3,0,0,2,12,45
-170,7,5,35,7,0,0,1,0,0,0,1,14,0,0,6,5,151,2,15,4,8,13,4,7,15,7,3,0,0,2,15,0
-34,7,5,25,7,0,0,0,0,0,0,13,2,0,0,6,5,151,2,15,5,8,13,3,6,15,6,2,0,0,2,12,30
19,6,5,15,6,0,0,0,0,0,0,8,7,0,0,6,5,151,1,14,5,8,13,3,6,15,6,3,0,0,2,11,15
-20,4,4,21,8,0,0,1,0,0,0,3,12,0,0,6,5,151,2,11,4,7,11,4,9,17,8,4,0,0,2,12,0
10,3,3,17,8,0,0,1,0,0,0,10,5,0,0,6,5,151,2,10,3,6,10,4,9,16,8,5,0,0,2,11,30
9,3,3,21,7,0,0,2,0,0,0,5,10,0,0,6,5,151,2,9,2,6,9,3,8,16,8,5,0,0,2,12,0
-26,2,2,15,6,0,1,2,0,0,0,10,5,0,0,6,5,151,2,8,4,5,8,3,8,17,8,5,0,0,2,11,15
-24,1,1,13,6,0,1,2,0,0,0,12,3,0,0,6,5,151,1,7,3,5,7,5,9,17,9,5,0,0,2,11,0
12,1,1,12,6,0,1,1,0,0,0,5,10,0,0,6,5,151,1,7,4,5,7,5,9,16,8,4,0,0,2,10,45
87,0,0,5,8,0,1,1,0,0,0,10,5,0,0,6,5,151,2,4,1,3,4,5,9,15,9,5,0,0,2,9,45
-5,0,0,17,7,0,1,1,0,0,0,6,9,0,0,6,5,151,2,4,1,3,4,5,8,14,8,4,0,0,2,11,30
73,0,0,3,6,0,1,1,0,0,0,5,10,0,0,6,5,151,2,4,1,3,4,4,7,13,7,4,0,0,2,9,30
0,0,0,13,5,0,1,1,0,0,0,10,5,0,0,6,5,151,1,4,2,4,4,4,8,12,7,3,0,0,2,11,0
-13,0,0,7,4,0,1,2,0,0,0,13,2,0,0,6,5,151,1,3,2,3,3,5,9,11,7,4,0,0,1,10,0
58,0,0,2,4,0,0,2,0,0,0,8,7,0,0,6,5,151,1,3,2,3,3,4,9,10,6,4,0,0,2,9,15
4,0,0,10,3,0,0,2,0,0,1,1,14,0,0,6,5,151,2,2,2,2,2,5,9,9,5,4,0,0,1,10,30
-15,0,0,10,3,0,0,1,0,0,1,10,5,0,0,6,5,151,1,2,2,2,2,4,8,8,5,4,0,0,1,10,30
-3,0,0,7,3,0,0,1,0,0,1,2,13,0,0,6,5,151,2,1,1,1,1,4,7,7,4,3,0,0,1,10,0
-16,0,0,5,3,0,0,0,0,0,1,0,10,0,0,6,5,151,0,1,1,1,1,6,6,6,5,3,0,0,2,9,45
-163,0,0,19,3,0,0,0,0,0,1,0,11,0,0,6,5,151,1,0,0,0,0,5,5,5,4,2,0,0,2,11,45
-63,0,0,9,2,0,0,0,0,0,1,0,24,0,0,6,5,151,1,0,0,0,0,4,4,4,3,1,0,0,2,10,15
-1,0,0,0,1,0,0,0,0,0,1,0,30,0,1,6,5,151,0,0,0,0,0,3,3,3,3,1,0,0,1,9,0
28,0,0,3,0,0,0,0,0,0,1,0,34,0,0,6,5,151,0,0,0,0,0,2,2,2,2,1,0,0,2,9,30
-25,0,0,0,0,0,0,0,0,0,0,0,38,0,1,6,5,151,0,0,0,0,0,1,1,1,1,1,0,0,1,9,0
28,32,3,51,2,0,1,1,1,0,2,4,11,0,0,5,5,150,2,47,4,7,13,3,4,14,6,3,9,1,1,17,30
11,32,3,54,2,0,1,1,1,0,1,2,13,1,0,5,5,150,2,46,5,7,14,2,4,13,5,3,9,2,2,18,0
12,32,4,51,1,0,1,2,1,0,1,13,2,0,0,5,5,150,3,46,4,8,13,1,5,12,4,2,9,2,1,17,30
-26,30,7,53,2,0,3,3,1,0,0,4,11,0,0,5,5,150,3,42,5,8,14,4,8,14,7,3,8,4,1,17,45
11,29,6,46,3,0,3,3,1,0,0,3,12,0,0,5,5,150,4,40,5,7,12,4,10,15,7,3,7,4,2,16,45
-2,28,5,47,3,0,3,3,0,0,0,2,13,0,0,5,5,150,2,40,5,7,12,3,9,14,8,4,7,3,2,17,0
32,28,5,47,3,0,3,2,0,0,0,0,15,0,0,5,5,150,2,40,5,7,12,4,8,13,7,4,7,3,2,17,0
-42,27,5,49,6,0,3,1,0,0,0,1,14,0,0,5,5,150,3,37,3,5,10,5,8,13,8,3,6,3,2,17,15
2,25,4,41,7,0,2,1,0,0,1,2,13,0,0,5,5,150,3,35,2,5,9,6,9,13,9,4,5,2,2,16,0
28,24,3,40,7,0,1,1,0,0,1,1,14,0,0,5,5,150,2,35,2,5,9,5,8,12,9,4,5,1,1,15,45
80,23,2,36,7,0,1,1,0,0,1,4,11,0,0,5,5,150,2,34,1,6,8,5,7,11,9,5,5,1,2,15,15
22,23,2,38,7,0,0,1,0,0,1,1,14,0,0,5,5,150,2,34,2,6,9,4,6,11,8,5,4,1,1,15,30
-12,23,2,42,7,0,0,0,0,0,1,11,4,0,0,5,5,150,2,34,3,6,9,3,5,11,7,5,4,0,2,16,15
31,23,2,34,7,0,0,0,0,0,0,9,6,0,0,5,5,150,2,34,4,6,10,4,4,10,6,4,4,0,2,15,0
7,23,2,49,7,0,0,0,0,0,0,11,4,0,0,5,5,150,3,33,4,5,11,3,6,9,5,3,4,1,2,17,15
-38,22,2,44,7,0,0,1,0,0,0,10,5,0,0,5,5,150,4,31,3,4,10,2,6,9,5,2,4,1,1,16,30
9,22,2,38,6,0,0,1,0,0,0,9,6,0,0,5,5,150,4,30,3,4,10,1,5,8,4,2,4,1,1,15,30
5,21,5,32,7,0,1,1,0,0,0,52,8,0,0,5,5,150,4,28,1,5,11,4,6,12,6,3,4,1,1,14,30
7,21,5,36,6,0,1,1,0,0,0,50,10,0,0,5,5,150,4,28,1,5,11,3,5,11,5,3,3,1,2,15,15
-126,21,7,44,6,0,0,1,0,0,0,43,17,0,0,5,5,150,4,28,2,6,12,2,4,10,4,2,3,0,1,16,30
40,20,6,34,6,0,0,1,0,0,0,26,34,0,0,5,5,150,3,27,2,6,13,3,4,11,5,3,3,1,2,15,0
4,18,6,33,6,0,0,2,0,0,0,3,57,0,0,5,5,150,3,25,4,7,11,3,8,12,6,4,3,1,2,14,45
-113,16,4,42,6,0,0,1,0,0,0,11,4,0,0,5,5,150,1,25,4,8,13,2,7,11,7,5,3,1,2,16,15
65,14,5,25,6,0,0,2,0,0,1,5,10,0,0,5,5,150,2,22,3,7,12,6,6,13,8,4,2,1,2,12,45
17,14,5,25,7,0,0,2,0,0,0,6,9,0,0,5,5,150,2,21,4,7,14,5,9,15,8,5,2,1,2,12,45
13,13,5,30,7,0,0,2,0,0,0,11,4,0,0,5,5,150,2,20,5,6,13,4,8,16,8,5,2,1,1,13,15
58,13,5,23,6,0,0,2,0,0,0,10,5,0,0,5,5,150,1,20,5,6,14,3,7,15,8,5,2,1,3,12,30
44,13,5,23,6,0,0,2,0,0,0,7,8,0,0,5,5,150,2,19,4,5,13,2,6,14,7,4,2,1,3,12,30
56,13,5,21,5,0,0,2,0,0,0,6,9,0,0,5,5,150,2,19,4,5,13,1,5,13,6,3,2,1,2,12,15
-17,9,2,28,7,0,0,3,0,0,1,3,12,0,0,5,5,150,3,14,0,4,11,4,7,16,9,5,2,1,1,13,0
-20,9,2,31,6,0,0,3,0,0,1,14,1,0,0,5,5,150,3,14,1,5,11,3,6,15,8,4,1,1,1,14,15
64,9,2,15,5,0,0,3,0,0,1,10,5,0,0,5,5,150,3,14,2,6,12,2,7,14,7,3,1,1,2,11,30
6,9,3,21,4,0,0,3,0,0,1,8,7,0,0,5,5,150,3,14,2,6,12,1,7,13,6,3,1,1,2,12,15
3,8,3,28,5,0,1,3,0,0,1,7,8,0,0,5,5,150,3,11,4,6,10,6,11,16,8,4,1,1,1,13,0
-19,7,4,25,6,0,1,2,0,0,1,6,9,0,0,5,5,150,3,10,4,7,10,7,11,17,8,4,1,1,2,12,45
8,7,4,18,6,0,1,2,0,0,0,6,9,0,0,5,5,150,3,10,4,7,10,6,10,16,7,3,1,1,1,11,45
36,7,4,15,6,0,1,2,0,0,0,13,2,0,0,5,5,150,3,9,4,6,9,5,9,16,7,3,1,1,2,11,30
-21,7,4,15,6,0,0,2,0,0,0,12,3,0,0,5,5,150,3,9,4,7,9,4,8,15,6,2,0,1,2,11,30
26,6,3,8,7,0,0,1,0,0,0,8,7,0,0,5,5,150,3,8,3,6,8,5,7,14,6,2,0,0,2,10,30
6,6,3,20,6,0,0,1,0,0,1,5,10,0,0,5,5,150,4,7,2,5,7,5,6,13,5,2,0,0,2,12,0
-33,6,3,18,6,0,0,0,0,0,1,4,11,0,0,5,5,150,4,7,2,5,7,4,5,13,4,2,0,0,1,11,45
17,5,4,13,6,0,1,0,0,0,1,11,4,0,0,5,5,150,2,5,3,4,5,4,7,12,7,4,0,0,3,11,15
-41,5,4,13,5,0,1,0,0,0,1,9,6,0,0,5,5,150,2,5,3,4,5,3,6,11,6,3,0,0,3,11,15
-23,5,4,10,5,0,1,0,0,0,0,8,7,0,0,5,5,150,2,5,3,4,5,2,5,10,5,3,0,0,1,10,45
-2,4,4,7,6,0,0,0,0,0,0,1,14,0,0,5,5,150,2,4,2,4,4,1,6,11,5,2,0,0,2,10,15
24,2,2,6,6,0,0,0,1,0,0,13,2,0,0,5,5,150,1,2,2,2,2,5,8,10,7,3,0,0,1,10,0
9,2,2,8,5,0,0,0,1,0,0,9,6,0,0,5,5,150,1,2,2,2,2,4,7,9,6,2,0,0,2,10,30
32,1,1,3,5,0,0,0,1,0,0,11,4,0,0,5,5,150,1,1,1,1,1,5,6,8,6,3,0,0,1,9,30
-13,0,0,12,4,0,0,0,1,0,0,7,8,0,0,5,5,150,0,1,1,1,1,4,5,7,6,4,0,0,2,11,0
43,0,0,1,3,0,0,0,1,0,0,5,10,0,0,5,5,150,0,1,1,1,1,4,5,6,5,4,0,0,2,9,15
-1,0,0,5,2,0,0,0,1,0,1,0,8,0,0,5,5,150,0,0,0,0,0,3,5,5,5,4,0,0,1,9,45
5,0,0,1,2,0,0,0,0,0,1,0,13,0,0,5,5,150,0,0,0,0,0,2,4,4,4,3,0,0,2,9,15
3,0,0,3,1,0,0,0,0,0,1,0,25,0,0,5,5,150,0,0,0,0,0,2,3,3,3,2,0,0,1,9,30
-106,0,0,10,1,0,0,0,0,0,0,0,54,0,0,5,5,150,0,0,0,0,0,2,2,2,2,1,0,0,1,10,45
7,0,0,0,0,0,0,0,0,0,0,0,57,0,1,5,5,150,0,0,0,0,0,1,1,1,1,1,0,0,2,9,0
-11,23,5,47,6,0,0,0,0,0,0,18,12,1,0,4,5,149,3,41,4,8,11,3,4,10,4,2,5,0,1,17,30
-7,23,5,45,5,0,0,0,0,0,0,17,13,0,0,4,5,149,3,41,4,8,12,2,3,9,3,1,5,0,1,17,15
-7,23,5,45,6,0,0,0,0,0,0,2,28,0,0,4,5,149,4,39,3,6,10,1,3,12,3,1,5,0,1,17,15
21,20,3,43,6,0,0,1,1,0,0,12,3,0,0,4,5,149,2,36,3,6,10,2,5,13,7,3,5,0,2,17,0
-20,18,2,41,5,0,1,3,1,0,0,12,3,0,0,4,5,149,3,33,1,4,8,1,8,13,8,2,5,1,2,16,30
-9,17,2,41,6,0,1,4,1,0,0,4,11,0,0,4,5,149,2,30,1,3,7,9,11,15,11,2,5,3,2,16,30
-8,17,2,36,6,0,0,4,1,0,0,0,15,0,0,4,5,149,2,30,1,3,7,8,10,14,10,2,5,3,2,15,45
16,17,2,40,5,0,0,4,1,0,0,14,1,0,0,4,5,149,2,30,1,4,8,7,9,13,9,2,5,3,2,16,15
5,16,1,38,5,0,0,4,0,0,0,5,10,0,0,4,5,149,1,30,2,4,9,8,8,13,9,3,5,3,1,16,0
-17,16,2,43,4,0,0,4,0,0,0,4,11,0,0,4,5,149,1,30,2,5,9,7,7,12,8,2,4,3,2,17,0
27,16,2,34,4,0,0,4,0,0,0,1,14,0,0,4,5,149,2,29,1,4,8,6,6,11,7,2,4,2,2,15,30
8,16,2,36,3,0,0,4,0,0,0,1,14,0,0,4,5,149,1,29,2,4,9,5,6,10,7,3,4,2,2,15,45
29,16,2,38,2,0,0,4,0,0,0,25,5,0,0,4,5,149,1,29,2,4,9,4,5,9,6,3,4,2,1,16,0
-6,16,2,32,1,0,0,4,0,0,0,23,7,0,0,4,5,149,1,29,2,4,9,3,4,8,5,3,4,2,2,15,15
-6,16,3,34,1,0,0,3,0,0,0,11,19,0,0,4,5,149,1,29,3,4,10,2,6,7,4,2,3,2,2,15,30
-14,16,3,30,1,0,0,2,0,0,0,9,21,0,0,4,5,149,1,29,3,4,12,1,5,6,3,2,2,1,2,15,0
26,14,2,28,4,0,0,2,0,0,0,16,29,0,0,4,5,149,1,25,0,4,12,4,5,9,6,3,2,0,2,14,45
4,14,4,27,4,0,0,1,0,0,0,0,45,0,0,4,5,149,1,25,2,6,14,3,4,13,5,3,2,0,2,14,15
20,14,4,26,3,0,0,1,0,0,0,14,1,0,0,4,5,149,1,25,3,6,14,2,3,12,4,3,2,0,1,13,30
7,14,4,28,2,0,0,1,0,0,0,13,2,0,0,4,5,149,1,25,3,6,14,1,2,11,3,2,2,0,2,14,45
-72,13,4,32,4,0,0,1,0,0,0,28,2,0,0,4,5,149,3,22,3,7,13,1,4,13,3,1,2,0,2,15,15
-16,10,5,23,7,0,0,1,1,0,0,7,8,0,0,4,5,149,3,17,4,6,11,3,10,16,7,4,2,2,1,13,0
-16,10,5,19,8,0,0,1,0,0,0,13,2,0,0,4,5,149,2,16,4,6,11,4,10,15,8,6,2,2,2,12,30
27,9,4,23,7,0,0,2,0,0,0,0,15,0,0,4,5,149,2,15,4,5,10,7,9,15,8,6,2,2,1,13,0
-10,9,4,19,8,0,0,2,0,0,0,4,11,0,0,4,5,149,2,13,3,4,9,8,9,15,9,6,2,2,2,12,30
21,9,5,15,8,0,0,2,0,0,0,1,14,0,0,4,5,149,3,12,2,3,8,7,8,14,8,5,2,2,1,11,45
3,7,3,19,7,0,0,3,0,0,0,10,5,0,0,4,5,149,2,11,1,3,7,6,9,14,9,5,1,2,2,12,30
-39,7,3,19,6,0,0,3,0,0,0,9,6,0,0,4,5,149,2,11,1,3,7,5,8,13,8,4,1,1,2,12,30
-67,7,3,30,5,0,0,3,0,0,0,3,12,0,0,4,5,149,2,11,1,3,7,4,7,12,7,4,1,1,2,15,0
-20,7,3,25,4,0,0,3,0,0,0,0,15,0,0,4,5,149,2,11,1,3,7,3,6,11,6,4,0,1,1,13,15
14,5,1,13,3,0,0,3,0,0,0,11,4,0,0,4,5,149,0,11,2,4,9,3,7,10,7,4,0,0,2,11,30
40,5,1,18,3,0,0,2,0,0,0,6,9,0,0,4,5,149,0,11,2,5,9,2,6,10,6,4,0,0,4,12,15
-6,5,2,17,5,0,0,1,0,0,0,13,2,0,0,4,5,149,2,9,2,4,9,4,6,11,5,3,0,0,1,12,0
42,4,1,9,5,0,0,1,0,0,0,13,2,0,0,4,5,149,1,8,3,4,8,4,6,10,6,4,0,0,1,10,45
77,4,1,11,4,0,0,1,0,0,0,11,4,0,0,4,5,149,1,8,3,4,8,3,5,10,5,3,0,0,2,11,15
13,4,2,13,3,0,0,2,0,0,0,13,2,0,0,4,5,149,2,7,2,4,7,3,5,9,4,2,0,0,2,11,30
-29,4,2,11,2,0,0,2,0,0,0,11,4,0,0,4,5,149,1,7,2,4,7,2,4,8,4,1,0,0,2,11,15
2,3,3,5,2,0,0,2,0,0,1,32,13,0,0,4,5,149,1,5,1,5,5,3,6,9,5,3,0,0,2,10,15
29,3,3,10,2,0,0,2,0,0,1,20,25,0,0,4,5,149,1,4,2,4,4,3,5,10,5,3,0,0,2,11,0
32,3,3,5,1,0,0,2,0,0,1,11,34,0,0,4,5,149,1,4,2,4,4,3,5,9,4,3,0,0,2,10,15
-19,2,2,7,3,0,0,1,0,0,1,9,6,0,0,4,5,149,2,2,2,2,2,3,4,8,4,3,0,0,1,10,30
-3,1,1,7,3,0,0,0,0,0,1,2,13,0,0,4,5,149,1,2,2,2,2,2,4,7,4,2,0,0,1,10,30
19,0,0,0,2,0,0,0,0,0,1,9,6,0,1,4,5,149,0,1,2,2,2,2,4,6,4,3,0,0,2,9,0
-20,0,0,2,3,0,0,0,0,0,1,0,19,0,0,4,5,149,0,0,0,0,0,3,5,5,5,3,0,0,1,9,15
-113,0,0,15,3,0,0,0,0,0,0,0,37,0,0,4,5,149,0,0,0,0,0,3,4,4,4,3,0,0,1,11,45
11,0,0,4,2,0,0,0,0,0,0,0,46,0,0,4,5,149,0,0,0,0,0,3,3,3,3,2,0,0,2,9,30
-25,0,0,2,1,0,0,0,0,0,0,0,64,0,0,4,5,149,0,0,0,0,0,2,2,2,2,1,0,0,1,9,15
15,0,0,0,0,0,0,0,0,0,0,0,67,0,1,4,5,149,0,0,0,0,0,1,1,1,1,1,0,0,2,9,0
-9,14,3,52,1,0,0,0,1,0,0,14,1,1,0,3,5,148,1,51,3,6,9,2,4,8,2,2,9,1,2,17,30
-14,12,1,50,2,0,1,0,1,0,0,1,14,0,0,3,5,148,1,48,2,4,10,3,6,10,4,2,9,1,2,17,15
7,11,0,47,2,0,0,0,1,0,0,8,7,0,0,3,5,148,0,48,3,4,11,5,6,9,4,2,8,1,2,16,45
8,11,0,48,2,0,1,0,0,0,1,5,10,0,0,3,5,148,1,46,2,4,12,4,5,10,4,2,8,0,2,17,0
3,11,0,52,2,0,1,0,0,0,1,14,1,1,0,3,5,148,1,45,1,3,11,3,4,11,4,2,8,0,2,17,30
-38,11,0,48,2,0,0,0,0,0,1,11,4,0,0,3,5,148,1,45,1,3,11,2,3,10,3,1,8,0,2,17,0
-15,11,0,45,2,0,0,0,0,0,0,10,5,0,0,3,5,148,1,45,1,3,11,1,2,9,2,1,8,0,1,16,30
72,11,0,39,1,0,0,1,0,0,0,10,5,0,0,3,5,148,0,44,2,7,11,1,4,11,3,2,8,1,2,15,30
-3,11,0,43,1,0,0,2,0,0,0,7,8,0,0,3,5,148,0,42,5,8,11,3,7,12,4,3,8,3,1,16,0
-112,11,0,50,1,0,1,2,0,0,0,2,13,0,0,3,5,148,2,40,4,6,9,2,7,12,3,2,7,3,2,17,15
-5,11,0,41,3,0,1,1,0,0,0,6,9,0,0,3,5,148,3,38,4,5,8,3,7,12,3,2,7,2,1,15,45
-33,11,0,39,3,0,1,1,0,0,1,1,14,0,0,3,5,148,2,36,2,3,9,5,7,11,5,4,6,2,2,15,30
-58,11,0,41,3,0,0,1,0,0,1,0,15,0,0,3,5,148,2,36,2,3,10,4,6,10,4,3,5,1,1,15,45
-12,11,0,35,3,0,0,1,1,0,1,3,12,0,0,3,5,148,2,34,1,1,11,4,6,10,5,3,5,0,2,15,0
-72,11,0,45,3,0,0,0,1,0,1,2,13,0,0,3,5,148,2,34,1,2,11,3,5,9,4,2,5,0,1,16,30
-53,11,0,37,3,0,0,0,1,0,0,37,8,0,0,3,5,148,1,34,1,3,13,3,5,10,4,1,5,0,2,15,15
-42,11,0,37,2,0,0,0,1,0,0,27,18,0,0,3,5,148,0,34,1,4,13,2,5,10,4,2,5,0,2,15,15
-23,11,0,32,3,0,0,0,0,0,0,14,31,0,0,3,5,148,1,33,1,5,13,2,5,11,3,2,5,1,2,14,30
-19,11,0,33,2,0,0,0,0,0,0,25,5,0,0,3,5,148,0,33,3,8,17,4,4,11,3,2,5,1,2,14,45
-42,11,0,33,2,0,1,0,0,0,0,8,22,0,0,3,5,148,2,31,3,10,16,3,6,13,2,1,5,2,2,14,45
-34,11,0,30,1,0,1,0,0,0,0,6,24,0,0,3,5,148,2,31,4,10,17,2,5,12,1,0,5,2,1,14,15
-72,11,0,30,2,0,0,0,0,0,0,10,5,0,0,3,5,148,1,30,5,10,18,1,5,12,2,1,4,2,1,14,15
-57,11,2,29,7,0,0,1,0,0,0,3,12,0,0,3,5,148,3,23,3,8,15,5,8,16,6,0,4,2,2,13,30
-15,11,2,27,6,0,0,1,0,0,0,13,2,0,0,3,5,148,1,23,3,8,15,5,9,15,7,2,4,3,1,13,0
-157,11,2,35,6,0,0,1,0,0,1,9,6,0,0,3,5,148,3,21,2,6,13,4,8,14,6,2,3,3,2,15,0
-7,11,4,23,5,0,0,1,0,0,1,0,15,0,0,3,5,148,2,21,3,8,13,4,7,13,6,3,3,2,2,12,30
-190,11,4,44,5,0,0,1,0,0,1,9,6,0,0,3,5,148,2,20,4,8,13,3,7,13,6,4,3,2,2,16,15
-27,11,4,27,4,0,0,1,0,0,1,14,1,0,0,3,5,148,1,20,5,8,14,5,6,13,6,4,3,2,1,13,0
-47,10,5,25,5,0,0,2,0,0,0,2,13,0,0,3,5,148,2,18,4,8,13,4,8,14,6,5,2,2,2,12,45
-8,9,5,22,4,0,0,3,0,0,1,6,9,0,0,3,5,148,2,16,4,7,13,4,8,14,7,5,2,1,2,12,15
-17,9,5,23,3,0,0,4,0,0,1,1,14,0,0,3,5,148,3,15,3,7,13,3,8,16,6,4,2,1,2,12,30
-30,9,5,25,3,0,0,3,0,0,1,0,15,0,0,3,5,148,3,15,3,7,13,2,7,15,5,3,1,1,2,12,45
-17,7,4,18,4,0,0,4,0,0,1,11,4,0,0,3,5,148,2,12,2,5,12,4,7,17,8,5,1,1,1,11,30
14,6,3,17,4,0,0,4,0,0,1,12,3,0,0,3,5,148,2,11,3,6,11,5,8,18,8,5,1,1,1,11,15
-10,5,2,20,3,0,0,4,1,0,1,4,11,0,0,3,5,148,2,10,2,5,10,4,8,17,8,5,1,1,1,12,0
1,5,2,15,3,0,0,4,1,0,0,3,12,0,0,3,5,148,2,10,2,5,10,3,7,16,7,5,1,1,1,11,0
-33,4,3,20,4,0,0,3,1,0,0,6,9,0,0,3,5,148,1,9,2,6,9,4,7,17,8,4,1,1,1,12,0
52,4,3,13,3,0,0,3,1,0,1,4,11,0,0,3,5,148,2,8,1,5,8,3,8,16,7,4,1,1,2,10,45
-36,3,3,19,3,0,0,2,1,0,1,12,3,0,0,3,5,148,0,8,4,8,8,5,10,16,8,4,0,1,2,11,45
1,3,3,15,4,0,0,1,1,0,1,7,8,0,0,3,5,148,1,7,4,7,7,4,11,15,7,4,0,0,1,11,0
54,3,3,4,5,0,0,1,0,0,1,13,2,0,0,3,5,148,2,6,4,6,6,6,10,14,6,3,0,0,2,9,30
60,3,3,0,5,0,0,1,0,0,1,6,9,0,1,3,5,148,2,5,4,5,5,6,10,13,6,3,0,0,1,9,0
-4,3,3,11,4,0,0,1,0,0,1,2,13,0,0,3,5,148,2,5,5,5,5,6,9,12,5,2,0,0,2,10,30
8,1,1,11,6,0,0,0,0,0,1,5,10,0,0,3,5,148,2,3,3,3,3,7,10,11,6,2,0,0,2,10,30
27,1,1,10,5,0,0,0,0,0,1,4,11,0,0,3,5,148,1,3,3,3,3,6,9,10,6,1,0,0,2,10,15
19,0,0,0,4,0,0,0,0,0,1,2,13,0,1,3,5,148,0,3,3,3,3,5,8,9,6,1,0,0,1,9,0
-18,0,0,8,4,0,1,0,0,0,1,11,4,0,0,3,5,148,2,1,1,1,1,5,7,8,5,0,0,0,1,10,0
2,0,0,4,4,0,1,0,0,0,1,3,12,0,0,3,5,148,2,0,0,0,0,4,6,7,5,0,0,0,2,9,30
-45,0,0,6,4,0,0,0,0,0,1,0,3,0,0,3,5,148,0,0,0,0,0,3,6,6,6,1,0,0,2,9,45
-50,0,0,8,3,0,0,0,0,0,1,0,4,0,0,3,5,148,0,0,0,0,0,3,5,5,5,1,0,0,1,10,0
27,0,0,0,2,0,0,0,0,0,1,0,17,0,1,3,5,148,0,0,0,0,0,3,4,4,4,1,0,0,1,9,0
-26,0,0,6,1,0,0,0,0,0,1,0,34,0,0,3,5,148,0,0,0,0,0,3,3,3,3,1,0,0,2,9,45
-45,0,0,13,1,0,0,0,0,0,0,0,38,0,0,3,5,148,0,0,0,0,0,2,2,2,2,1,0,0,2,10,45
-17,0,0,3,0,0,0,0,0,0,0,0,62,0,0,3,5,148,0,0,0,0,0,1,1,1,1,1,0,0,2,9,15
6,20,1,48,3,0,0,0,1,0,1,6,9,0,0,6,5,144,3,46,2,4,10,4,5,7,3,2,5,0,2,17,15
-18,20,1,50,3,0,0,0,1,0,0,2,13,1,0,6,5,144,2,46,2,6,10,3,4,6,3,3,5,0,3,17,30
-5,20,2,48,4,0,0,1,0,0,0,15,15,0,0,6,5,144,3,44,2,5,10,2,4,7,3,2,5,0,2,17,15
-27,20,2,50,3,0,0,1,0,0,0,11,19,1,0,6,5,144,3,44,2,6,11,1,4,7,2,1,5,0,3,17,30
-18,19,3,45,4,0,0,1,0,0,0,10,5,0,0,6,5,144,2,42,4,6,9,3,3,9,4,2,5,0,2,16,30
-36,19,3,46,4,0,0,2,0,0,0,12,3,0,0,6,5,144,3,40,2,5,8,2,3,11,4,2,5,0,2,17,0
-11,18,2,46,5,0,0,2,0,0,0,12,3,0,0,6,5,144,4,38,2,5,7,1,4,11,4,2,5,0,2,17,0
33,16,0,41,5,0,0,3,0,0,0,0,15,0,0,6,5,144,3,36,3,4,11,4,7,14,6,4,5,0,2,16,0
-7,16,0,43,6,0,0,3,0,0,0,2,13,0,0,6,5,144,2,34,1,2,10,4,9,13,8,6,5,2,1,16,15
31,16,0,35,5,0,0,3,0,0,0,14,1,0,0,6,5,144,2,34,1,3,11,3,8,12,7,5,5,2,2,15,15
-4,16,0,31,4,0,0,3,1,0,0,6,9,0,0,6,5,144,2,33,0,2,11,4,7,12,7,4,5,2,2,14,45
8,16,0,37,4,0,0,2,1,0,0,4,11,0,0,6,5,144,1,33,1,5,13,6,7,11,7,5,5,3,2,15,30
-47,16,0,39,3,0,0,2,1,0,0,73,2,0,0,6,5,144,1,33,2,7,14,5,7,10,6,4,5,3,2,15,45
-21,16,1,39,2,0,0,2,1,0,0,67,8,0,0,6,5,144,1,33,2,8,15,4,7,11,5,3,5,3,2,15,45
-24,16,2,31,3,0,0,2,0,0,0,59,16,0,0,6,5,144,2,32,2,7,15,4,7,12,4,2,4,3,2,14,45
10,16,2,35,3,0,0,1,0,0,0,58,17,0,0,6,5,144,2,32,2,7,15,3,6,11,3,1,4,2,2,15,15
-61,16,2,41,3,0,0,0,0,0,0,55,20,0,0,6,5,144,2,32,2,7,15,2,5,10,2,1,3,2,2,16,0
-43,16,5,37,3,0,1,0,0,0,0,32,43,0,0,6,5,144,1,30,5,8,14,3,5,12,4,2,2,1,2,15,30
-176,16,6,43,3,0,1,0,0,0,1,18,57,0,0,6,5,144,1,28,4,8,13,3,4,12,5,3,2,0,1,16,15
-80,15,6,33,3,0,2,0,0,0,1,9,66,0,0,6,5,144,2,26,4,8,12,3,5,12,5,2,2,1,2,15,0
-41,15,6,30,2,0,2,1,0,0,1,2,73,0,0,6,5,144,3,25,3,8,12,2,5,11,4,2,2,1,2,14,30
-39,12,5,29,4,0,1,2,0,0,1,10,5,0,0,6,5,144,3,22,4,6,12,1,6,15,6,2,2,1,1,14,15
17,9,3,22,5,0,2,3,1,0,0,10,5,0,0,6,5,144,2,18,2,4,10,5,9,16,10,5,1,1,2,12,30
-19,9,3,22,4,0,2,3,1,0,0,9,6,0,0,6,5,144,2,18,2,4,10,5,8,15,9,5,1,0,2,12,30
21,9,3,22,5,0,1,3,1,0,0,2,13,0,0,6,5,144,3,17,1,4,10,5,7,14,8,4,1,0,2,12,30
-94,9,3,33,4,0,1,3,1,0,0,1,14,0,0,6,5,144,3,17,1,4,10,4,6,14,7,4,1,0,2,15,0
11,8,2,28,3,0,1,3,1,0,0,10,5,0,0,6,5,144,2,17,2,4,10,3,7,14,7,3,1,0,1,13,0
7,6,2,20,4,0,0,3,1,0,0,25,5,0,0,6,5,144,1,16,2,6,12,4,9,13,8,4,1,1,4,12,15
-13,6,2,26,4,0,0,2,1,0,0,23,7,0,0,6,5,144,1,16,3,6,12,3,8,12,7,3,1,1,1,12,45
41,6,2,14,4,0,0,2,1,0,0,7,23,0,0,6,5,144,1,15,3,7,13,4,8,12,7,4,1,1,2,11,15
33,6,2,18,3,0,0,2,2,0,0,12,3,0,0,6,5,144,1,14,4,6,12,6,8,12,7,5,1,1,2,12,0
-85,6,3,26,2,0,0,2,2,0,1,1,14,0,0,6,5,144,2,13,3,6,12,6,8,13,6,4,1,1,1,12,45
47,6,3,20,2,0,0,1,2,0,1,0,15,0,0,6,5,144,2,13,3,6,12,5,7,12,5,3,1,1,4,12,15
15,5,2,18,3,0,0,1,2,0,1,2,13,0,0,6,5,144,2,11,3,6,11,4,7,12,6,3,1,1,2,12,0
-55,5,3,22,3,0,0,0,2,0,1,2,13,0,0,6,5,144,2,11,3,6,11,3,6,11,5,2,0,1,2,12,30
-52,4,2,16,4,0,0,0,2,0,0,12,3,0,0,6,5,144,2,10,2,6,10,3,5,10,5,1,0,0,2,11,45
9,4,2,16,4,0,0,0,1,0,0,3,12,0,0,6,5,144,1,10,3,7,10,2,4,10,5,1,0,0,2,11,45
-21,4,3,13,4,0,0,1,1,0,0,2,13,0,0,6,5,144,2,8,3,6,8,3,5,13,5,0,0,0,2,11,0
25,3,3,14,3,0,0,1,1,0,1,2,13,0,0,6,5,144,1,7,4,6,7,3,6,13,6,1,0,0,2,11,15
54,3,3,6,3,0,0,1,0,0,1,12,3,0,0,6,5,144,1,7,5,6,7,2,5,12,5,1,0,0,1,10,0
14,2,2,9,3,0,1,3,0,0,1,2,13,0,0,6,5,144,3,3,2,3,3,4,6,12,6,3,0,0,2,10,30
-20,1,1,11,3,0,1,3,0,0,1,6,9,0,0,6,5,144,3,2,2,2,2,4,8,11,6,3,0,0,1,10,45
-29,1,1,8,3,0,2,3,0,0,0,11,4,0,0,6,5,144,2,1,1,1,1,4,8,10,7,3,0,0,2,10,15
13,1,1,2,2,0,2,3,0,0,0,8,7,0,0,6,5,144,2,1,1,1,1,3,7,9,6,2,0,0,2,9,15
17,0,0,3,2,0,2,2,0,0,1,0,5,0,0,6,5,144,2,0,0,0,0,5,8,8,6,3,0,0,1,9,30
-27,0,0,9,2,0,2,1,0,0,1,0,18,0,0,6,5,144,0,0,0,0,0,5,7,7,7,3,0,0,2,10,30
2,0,0,0,2,0,1,1,0,0,1,0,29,0,1,6,5,144,0,0,0,0,0,5,6,6,6,3,0,0,1,9,0
-29,0,0,5,1,0,1,1,0,0,1,0,30,0,0,6,5,144,0,0,0,0,0,4,5,5,5,2,0,0,2,9,45
-7,0,0,0,1,0,0,1,0,0,1,0,35,0,1,6,5,144,0,0,0,0,0,4,4,4,4,2,0,0,1,9,0
-10,0,0,3,1,0,0,0,0,0,1,0,41,0,0,6,5,144,0,0,0,0,0,3,3,3,3,1,0,0,1,9,30
12,0,0,6,0,0,0,0,0,0,1,0,56,0,0,6,5,144,0,0,0,0,0,2,2,2,2,1,0,0,1,10,0
-116,0,0,11,0,0,0,0,0,0,0,0,64,0,0,6,5,144,0,0,0,0,0,1,1,1,1,0,0,0,1,10,45
3,23,0,50,1,0,0,2,0,0,0,5,10,0,0,5,5,143,2,50,2,5,8,2,3,9,2,0,3,0,2,17,15
-26,23,0,52,1,0,0,2,0,0,0,8,7,1,0,5,5,143,2,49,1,4,9,1,4,8,2,0,3,0,2,17,30
17,23,0,48,2,0,0,1,0,0,0,6,9,0,0,5,5,143,1,48,3,6,11,4,5,9,3,1,3,0,2,17,0
-74,23,0,52,2,0,0,3,0,0,0,3,12,1,0,5,5,143,2,45,3,4,10,4,6,10,4,2,3,0,2,17,30
-23,23,0,50,2,0,0,2,0,0,0,9,6,0,0,5,5,143,1,45,3,5,11,3,5,9,4,1,3,0,2,17,15
-16,23,0,48,1,0,0,2,0,0,0,7,8,0,0,5,5,143,1,45,3,5,11,2,4,8,3,0,3,0,2,17,0
-6,23,0,45,2,0,0,1,0,0,0,10,5,0,0,5,5,143,2,44,2,5,12,1,4,9,2,0,3,0,1,16,15
-36,23,0,46,3,0,0,1,0,0,0,8,22,0,0,5,5,143,0,42,3,6,14,3,5,11,5,2,3,0,1,16,30
-28,23,0,43,2,0,0,1,0,0,0,6,24,0,0,5,5,143,0,42,3,6,15,2,5,10,4,2,3,0,1,16,0
-15,23,0,41,3,0,0,1,0,0,0,6,9,0,0,5,5,143,2,40,3,6,15,2,4,9,3,1,3,0,2,15,45
-43,23,1,40,3,0,0,3,0,0,0,12,3,0,0,5,5,143,3,37,2,6,16,3,5,11,4,0,3,1,2,15,30
-27,23,1,41,3,0,0,2,0,0,0,5,10,0,0,5,5,143,3,37,3,7,17,2,6,13,3,0,3,2,2,15,45
-49,23,2,43,2,0,1,2,0,0,0,37,8,0,0,5,5,143,3,36,4,8,19,3,6,13,3,1,3,2,1,16,0
-152,23,5,47,4,0,1,1,0,0,0,16,29,0,0,5,5,143,3,34,5,9,19,4,5,14,4,1,2,2,2,16,45
-14,23,5,36,3,0,1,1,0,0,0,15,30,0,0,5,5,143,3,34,5,9,19,3,4,13,3,0,2,1,2,14,45
-59,22,7,38,6,0,0,1,0,0,0,8,7,0,0,5,5,143,3,31,6,11,17,3,9,13,5,2,2,2,1,15,0
-23,22,9,35,6,0,1,0,0,0,0,6,9,0,0,5,5,143,3,30,5,10,16,2,8,12,5,3,1,2,2,14,30
-1,21,9,33,6,0,2,0,0,0,0,10,5,0,0,5,5,143,3,28,5,10,15,2,8,14,6,3,1,1,1,13,30
-61,18,9,34,9,0,1,0,0,0,0,14,1,0,0,5,5,143,2,25,6,10,16,7,9,15,9,5,1,1,1,14,15
-20,17,9,32,8,0,1,0,1,0,1,6,9,0,0,5,5,143,3,23,6,8,15,7,9,17,9,6,0,1,1,13,15
-60,17,9,36,8,0,1,0,1,0,1,4,11,0,0,5,5,143,4,22,5,7,14,7,8,16,8,5,0,0,2,14,45
-98,15,7,38,7,0,2,0,1,0,2,11,4,0,0,5,5,143,4,20,3,6,12,6,7,16,9,7,0,0,1,15,0
37,15,7,31,6,0,2,0,1,0,2,9,6,0,0,5,5,143,4,20,3,6,12,5,6,15,8,6,0,0,1,13,0
16,15,8,29,6,0,1,0,1,0,2,8,7,0,0,5,5,143,4,20,3,6,13,4,5,14,7,5,0,0,1,12,45
36,13,7,20,6,0,1,0,1,0,1,5,10,0,0,5,5,143,2,20,4,6,13,3,4,13,8,5,0,0,2,11,45
0,11,5,26,8,0,1,1,1,0,0,7,8,0,0,5,5,143,3,17,2,5,11,3,6,14,9,6,0,0,2,12,30
20,11,5,29,7,0,1,1,1,0,0,6,9,0,0,5,5,143,3,17,2,6,11,2,5,13,8,5,0,0,1,12,45
46,8,5,26,6,0,2,1,1,0,1,7,8,0,0,5,5,143,2,15,3,7,13,4,9,14,10,7,0,0,2,12,30
20,6,3,26,7,0,2,1,1,0,1,3,12,0,0,5,5,143,2,13,3,6,13,5,10,18,11,8,0,0,2,12,30
57,6,3,16,6,0,2,1,1,0,1,12,3,0,0,5,5,143,2,13,4,6,13,5,9,18,10,7,0,0,2,11,15
7,6,3,24,5,0,2,1,1,0,1,10,5,0,0,5,5,143,2,13,5,6,13,4,9,17,9,6,0,0,3,12,15
39,5,2,18,6,0,1,2,1,0,1,3,12,0,0,5,5,143,2,11,3,5,11,5,8,17,10,5,0,0,2,11,30
27,5,2,24,6,0,1,2,1,0,1,13,2,0,0,5,5,143,3,10,2,4,10,5,8,16,9,5,0,0,3,12,15
33,4,2,22,7,0,1,2,0,0,1,13,2,0,0,5,5,143,3,9,2,6,9,5,7,15,9,5,0,0,2,12,0
34,3,2,16,7,0,0,3,0,0,1,10,5,0,0,5,5,143,2,8,1,5,8,5,7,16,10,5,0,0,2,11,15
9,3,2,18,7,0,0,3,0,0,0,9,6,0,0,5,5,143,2,8,2,6,8,4,6,15,9,4,0,0,2,11,30
17,3,2,20,6,0,0,3,0,0,0,1,14,0,0,5,5,143,2,8,2,8,8,3,6,14,8,4,0,0,2,11,45
50,3,3,6,5,0,1,3,0,0,0,3,12,0,0,5,5,143,2,7,4,7,7,3,9,15,8,3,0,0,2,10,0
-56,3,3,22,4,0,1,3,0,0,0,10,5,0,0,5,5,143,2,7,4,7,7,3,9,14,7,2,0,0,2,12,0
39,3,3,12,5,0,1,2,0,0,0,13,2,0,0,5,5,143,1,6,6,6,6,3,9,14,8,3,0,0,2,10,45
53,1,1,10,7,0,1,2,0,0,0,12,3,0,0,5,5,143,1,3,3,3,3,7,9,14,10,4,0,0,2,10,30
-24,1,1,12,7,0,1,2,1,0,1,6,9,0,0,5,5,143,4,0,0,0,0,6,9,13,9,3,0,0,2,10,45
-7,1,1,8,7,0,1,1,1,0,1,11,4,0,0,5,5,143,3,0,0,0,0,6,8,12,9,3,0,0,2,10,15
-25,1,1,10,7,0,0,1,1,0,1,9,6,0,0,5,5,143,3,0,0,0,0,5,8,11,8,3,0,0,2,10,30
-8,1,1,6,6,0,0,1,1,0,1,8,7,0,0,5,5,143,3,0,0,0,0,4,7,10,7,2,0,0,2,10,0
27,1,1,8,6,0,0,0,1,0,1,6,9,0,0,5,5,143,3,0,0,0,0,3,7,9,6,2,0,0,2,10,15
20,0,0,4,5,0,0,0,1,0,1,13,2,0,0,5,5,143,2,0,0,0,0,2,6,8,6,1,0,0,1,9,30
28,0,0,2,4,0,0,0,1,0,1,3,12,0,0,5,5,143,2,0,0,0,0,3,5,7,5,1,0,0,1,9,15
-13,0,0,2,4,0,0,0,1,0,0,0,18,0,0,5,5,143,0,0,0,0,0,4,6,6,6,1,0,0,1,9,15
-5,0,0,0,3,0,0,0,1,0,0,0,19,0,1,5,5,143,0,0,0,0,0,3,5,5,5,1,0,0,2,9,0
4,0,0,14,2,0,0,0,1,0,0,0,35,0,0,5,5,143,0,0,0,0,0,3,4,4,4,0,0,0,2,11,0
20,0,0,0,2,0,0,0,0,0,0,0,38,0,1,5,5,143,0,0,0,0,0,3,3,3,3,0,0,0,2,9,0
-13,0,0,5,1,0,0,0,0,0,0,0,57,0,0,5,5,143,0,0,0,0,0,2,2,2,2,0,0,0,2,9,45
-19,0,0,14,0,0,0,0,0,0,0,0,66,0,0,5,5,143,0,0,0,0,0,1,1,1,1,0,0,0,2,11,0
33,25,0,55,2,0,1,1,1,0,0,4,11,0,0,4,5,142,1,52,1,5,10,3,5,8,5,5,7,2,1,17,30
6,25,1,57,3,0,1,0,1,0,0,7,8,1,0,4,5,142,1,51,2,4,10,3,4,9,5,4,6,1,2,18,0
3,25,1,53,3,0,0,0,1,0,0,6,9,0,0,4,5,142,1,51,2,4,10,2,3,8,4,3,6,0,2,17,15
-19,25,1,55,4,0,0,0,0,0,0,1,14,0,0,4,5,142,1,50,3,4,12,2,2,11,4,2,6,0,1,17,30
12,25,1,52,4,0,0,1,0,0,0,1,14,0,0,4,5,142,3,48,1,5,11,1,3,12,3,1,6,0,2,17,0
-10,24,1,51,5,0,0,2,0,0,0,14,1,0,0,4,5,142,2,45,4,7,12,3,10,14,6,1,6,2,1,16,45
-11,24,1,47,4,0,0,2,0,0,0,13,2,0,0,4,5,142,2,45,4,7,12,2,9,13,5,1,6,2,1,16,0
-14,24,1,53,4,0,0,2,0,0,2,5,10,0,0,4,5,142,1,42,2,5,12,7,9,12,8,3,6,2,2,17,15
-9,24,1,49,2,0,0,3,0,0,2,12,3,0,0,4,5,142,2,41,3,5,12,7,8,13,7,3,6,2,1,16,15
-40,24,1,47,2,0,0,3,0,0,2,12,3,0,0,4,5,142,2,41,3,5,12,7,8,13,7,3,6,2,1,16,0
-6,24,1,43,2,0,0,2,0,0,2,5,10,0,0,4,5,142,2,41,4,5,13,6,8,11,5,3,5,2,2,15,30
-4,24,1,45,2,0,0,2,0,0,2,1,14,0,0,4,5,142,2,40,3,5,12,5,7,11,5,4,5,1,2,15,45
-3,24,1,41,2,0,0,2,0,0,1,0,15,0,0,4,5,142,2,40,3,5,12,4,6,10,4,4,5,1,2,15,15
19,24,1,45,2,0,0,1,0,0,1,11,4,0,0,4,5,142,2,40,3,5,12,3,5,9,3,3,5,1,2,15,45
-40,23,1,43,4,0,0,0,0,0,1,1,14,0,0,4,5,142,2,38,1,5,10,2,5,8,4,3,4,1,2,15,30
41,23,1,35,5,0,0,0,0,0,0,5,10,0,0,4,5,142,2,37,1,5,11,3,4,8,4,2,4,0,1,14,0
-12,23,3,37,5,0,0,0,0,0,0,25,5,0,0,4,5,142,1,36,4,8,13,3,5,11,5,2,4,0,2,14,30
-5,23,3,41,4,0,0,0,0,0,0,25,5,0,0,4,5,142,1,36,4,8,13,2,4,10,4,1,4,0,2,15,15
-42,23,5,38,3,0,0,1,0,0,0,11,19,0,0,4,5,142,2,35,4,7,16,1,4,12,3,0,4,0,1,14,45
-24,20,4,40,6,0,0,2,0,0,0,14,1,0,0,4,5,142,2,30,2,7,18,3,8,18,7,2,4,0,2,15,0
-2,20,4,34,6,0,0,2,0,0,0,12,3,0,0,4,5,142,3,29,1,6,18,3,7,18,6,2,4,0,1,13,30
-19,20,6,38,6,0,0,2,0,0,0,4,11,0,0,4,5,142,4,28,2,6,17,2,8,18,5,1,4,0,1,14,45
-40,18,6,36,6,0,0,1,0,0,0,14,1,0,0,4,5,142,2,28,5,11,22,5,10,19,6,3,4,0,1,14,15
28,17,8,29,6,0,0,2,0,0,0,10,5,0,0,4,5,142,2,25,6,12,21,7,12,20,8,4,4,1,2,12,45
4,16,8,29,6,0,0,2,0,0,0,6,9,0,0,4,5,142,2,24,6,11,20,6,11,19,8,4,4,1,2,12,45
-46,16,9,31,6,0,0,1,0,0,0,2,13,0,0,4,5,142,1,24,6,11,20,7,11,20,8,3,4,1,1,13,0
0,16,9,25,5,0,0,1,0,0,0,2,13,0,0,4,5,142,1,24,6,11,20,6,10,20,7,2,4,1,2,12,15
9,16,9,23,5,0,0,1,0,0,0,8,7,0,0,4,5,142,2,23,7,12,19,5,12,20,6,2,4,2,2,12,0
19,15,8,27,5,0,0,1,0,0,0,6,9,0,0,4,5,142,2,22,6,11,18,4,11,19,6,2,4,2,2,12,30
-45,14,7,31,5,0,0,0,0,0,0,4,11,0,0,4,5,142,1,22,6,11,18,4,10,18,6,1,4,2,1,13,0
49,13,7,25,7,0,0,1,0,0,0,4,11,0,0,4,5,142,3,18,5,11,16,5,11,19,7,2,4,2,2,12,15
23,13,7,33,6,0,0,1,0,0,0,2,13,0,0,4,5,142,3,18,5,11,16,5,10,18,6,2,4,2,1,13,15
2,11,5,18,5,0,2,1,0,0,0,6,9,0,0,4,5,142,2,16,5,11,14,7,10,17,8,4,3,3,2,11,30
-20,10,5,23,5,0,2,1,0,0,0,2,13,0,0,4,5,142,2,15,6,10,13,7,9,16,8,4,3,2,2,12,0
7,9,5,21,6,0,2,1,0,0,0,11,4,0,0,4,5,142,3,13,5,9,11,7,8,15,8,3,3,2,2,11,45
20,7,3,18,5,0,2,1,0,0,0,3,12,0,0,4,5,142,1,13,6,9,12,6,10,14,9,4,3,3,2,11,30
-17,7,3,21,5,0,1,1,0,0,0,1,14,0,0,4,5,142,1,13,6,9,13,5,10,13,8,4,2,3,2,11,45
13,7,4,18,4,0,2,1,0,0,0,13,2,0,0,4,5,142,2,12,6,8,12,4,9,12,7,3,2,2,2,11,30
12,7,4,16,4,0,2,1,0,0,0,11,4,0,0,4,5,142,3,11,6,7,11,4,8,11,6,2,2,2,3,11,15
16,7,4,14,3,0,2,1,0,0,0,4,11,0,0,4,5,142,2,11,6,7,11,3,8,11,6,2,2,2,2,11,0
23,7,6,12,5,0,2,0,0,0,1,12,3,0,0,4,5,142,4,8,4,5,8,2,9,11,6,2,2,2,2,10,45
4,6,6,16,7,0,1,1,0,0,1,27,3,0,0,4,5,142,4,5,1,3,5,5,8,13,8,2,1,2,3,11,15
-266,4,4,50,7,0,2,1,0,0,1,10,20,0,0,4,5,142,3,4,1,2,4,7,7,15,9,4,0,1,1,16,30
33,4,4,10,6,0,2,1,0,0,1,6,24,0,0,4,5,142,3,4,2,3,4,6,6,15,8,4,0,0,2,10,30
54,4,4,6,6,0,1,1,0,0,1,3,27,0,0,4,5,142,3,4,2,3,4,5,5,14,7,4,0,0,2,9,45
-96,4,4,27,5,0,1,1,0,0,1,2,28,0,0,4,5,142,3,4,2,4,4,4,4,13,6,4,0,0,2,12,30
-3,3,3,10,4,0,1,1,0,0,1,8,7,0,0,4,5,142,2,4,2,4,4,3,3,12,6,4,0,0,2,10,30
-4,3,3,12,4,0,1,1,0,0,0,3,12,0,0,4,5,142,2,3,2,4,4,2,3,11,5,4,0,0,2,10,45
-11,3,3,14,4,0,1,1,0,0,0,1,14,0,0,4,5,142,3,3,1,3,3,1,3,10,4,3,0,0,2,11,0
15,0,0,8,5,0,2,1,0,0,0,0,8,0,0,4,5,142,0,0,0,0,0,6,9,9,9,9,0,0,2,10,0
19,0,0,8,4,0,2,1,0,0,0,0,12,0,0,4,5,142,0,0,0,0,0,5,8,8,8,8,0,0,2,10,0
-35,0,0,4,4,0,1,1,0,0,0,0,18,0,0,4,5,142,0,0,0,0,0,6,7,7,7,7,0,0,2,9,30
-19,0,0,2,3,0,1,1,0,0,0,0,23,0,0,4,5,142,0,0,0,0,0,6,6,6,6,6,0,0,2,9,15
29,0,0,0,2,0,1,1,0,0,0,0,25,0,1,4,5,142,0,0,0,0,0,5,5,5,5,5,0,0,2,9,0
29,0,0,2,1,0,1,1,0,0,0,0,34,0,0,4,5,142,0,0,0,0,0,4,4,4,4,4,0,0,2,9,15
44,0,0,0,1,0,0,1,0,0,0,0,45,0,1,4,5,142,0,0,0,0,0,3,3,3,3,3,0,0,2,9,0
30,0,0,4,1,0,0,0,0,0,0,0,47,0,0,4,5,142,0,0,0,0,0,2,2,2,2,2,0,0,2,9,30
-24,0,0,6,0,0,0,0,0,0,0,0,52,0,0,4,5,142,0,0,0,0,0,1,1,1,1,1,0,0,2,9,45
21,27,5,56,4,0,1,1,0,0,0,13,2,1,0,3,5,141,2,52,4,6,12,2,3,11,5,4,6,1,2,17,30
25,25,4,56,5,0,1,2,0,0,0,4,11,1,0,3,5,141,3,49,3,5,12,1,3,15,6,3,5,1,2,17,30
-28,22,4,54,4,0,1,4,0,0,1,1,14,0,0,3,5,141,2,46,2,5,12,4,8,18,9,4,5,1,3,17,15
28,21,3,52,3,0,1,5,0,0,2,14,1,0,0,3,5,141,2,44,1,6,11,6,11,20,10,5,5,4,2,17,0
13,21,3,52,3,0,1,4,0,0,2,3,12,0,0,3,5,141,2,44,3,7,11,6,12,19,9,4,5,4,2,17,0
30,21,3,49,2,0,1,4,0,0,2,1,14,0,0,3,5,141,2,44,3,7,11,5,11,18,8,4,5,4,1,16,30
23,21,4,47,2,0,0,4,0,0,2,13,2,0,0,3,5,141,2,44,4,7,11,5,10,17,7,4,5,4,2,16,15
25,21,4,54,1,0,0,4,0,0,2,9,6,0,0,3,5,141,2,44,5,8,11,6,9,16,6,3,4,4,3,17,15
0,20,3,45,1,0,0,4,0,0,1,6,9,0,0,3,5,141,0,43,5,8,12,6,8,15,7,4,4,3,2,16,0
-90,19,2,56,3,0,0,3,0,0,1,6,9,1,0,3,5,141,1,42,5,8,11,6,11,14,7,4,4,3,2,17,30
8,18,1,41,3,0,2,3,0,0,0,13,2,0,0,3,5,141,2,40,3,6,10,6,10,14,7,3,3,3,2,15,30
4,18,1,47,3,0,2,2,0,0,0,13,2,0,0,3,5,141,2,40,3,6,10,5,9,13,6,2,3,2,2,16,15
15,18,1,39,2,0,2,2,0,0,0,12,3,0,0,3,5,141,2,40,3,6,10,4,9,13,5,2,2,2,2,15,15
9,18,1,49,2,0,2,1,0,0,1,7,8,0,0,3,5,141,3,39,3,5,10,3,9,13,4,1,1,1,1,16,30
-5,18,1,38,3,0,2,1,0,0,1,9,6,0,0,3,5,141,1,37,3,4,10,5,9,12,7,1,1,0,2,15,0
28,18,2,51,2,0,2,1,0,0,1,4,11,0,0,3,5,141,1,37,3,4,10,5,8,12,6,1,1,0,2,16,45
-26,17,1,41,2,0,2,1,0,0,1,6,9,0,0,3,5,141,1,36,2,4,11,6,7,11,6,1,1,0,2,15,30
33,17,1,36,1,0,2,1,0,0,1,5,10,0,0,3,5,141,1,36,3,4,11,5,6,10,5,1,1,0,1,14,45
-7,17,1,43,1,0,2,0,0,0,1,4,11,0,0,3,5,141,1,36,3,4,11,4,5,9,4,1,1,0,2,15,45
-38,17,1,43,2,0,1,0,1,0,1,9,6,0,0,3,5,141,2,34,1,3,10,4,4,8,4,0,1,0,2,15,45
-4,17,2,35,2,0,0,0,1,0,1,43,2,0,0,3,5,141,1,34,1,4,12,3,5,8,4,0,1,0,2,14,30
31,17,2,34,1,0,0,0,1,0,1,41,4,0,0,3,5,141,1,34,1,4,12,2,4,7,3,0,1,0,1,14,15
-17,17,2,39,1,0,1,0,1,0,0,33,12,0,0,3,5,141,2,33,1,5,12,1,4,6,2,0,1,0,2,15,15
21,16,3,32,2,0,1,1,0,0,0,6,9,0,0,3,5,141,2,31,4,8,15,3,4,13,3,2,1,0,1,13,30
-142,15,3,45,2,0,1,1,0,0,0,13,2,0,0,3,5,141,2,30,4,8,15,3,4,13,3,2,1,1,2,16,0
-31,15,3,36,1,0,1,1,0,0,0,10,5,0,0,3,5,141,2,30,5,8,15,2,3,12,2,1,1,1,1,14,45
-9,13,1,30,2,0,0,1,2,0,0,4,11,0,0,3,5,141,1,27,4,8,15,1,7,15,5,4,1,1,2,13,15
-25,12,4,32,4,0,0,1,3,0,0,14,1,0,0,3,5,141,1,23,5,8,15,6,10,16,8,6,0,1,1,13,30
35,12,6,23,5,0,0,2,2,0,1,1,14,0,0,3,5,141,2,20,3,7,13,7,9,17,9,7,0,0,2,12,15
20,12,6,25,5,0,0,2,1,0,1,29,1,0,0,3,5,141,2,20,4,7,13,6,9,16,8,6,0,0,2,12,30
18,12,6,21,4,0,0,2,1,0,1,29,1,0,0,3,5,141,2,20,4,7,13,5,8,15,7,5,0,0,2,12,0
-6,12,6,27,3,0,0,2,1,0,1,28,2,0,0,3,5,141,2,20,4,7,13,5,7,14,6,5,0,0,1,12,45
18,12,6,29,3,0,0,1,1,0,1,27,3,0,0,3,5,141,2,20,4,7,13,4,6,13,5,4,0,0,2,13,0
-20,10,5,27,3,0,0,1,3,0,1,7,23,0,0,3,5,141,2,17,2,6,13,4,9,12,7,5,0,0,1,12,45
-27,10,5,25,3,0,0,1,3,0,0,7,23,0,0,3,5,141,2,17,2,6,13,3,8,11,6,4,0,0,2,12,30
-59,10,5,30,2,0,0,1,4,0,0,13,2,0,0,3,5,141,3,16,3,6,14,3,7,14,5,3,0,0,2,13,15
-7,8,4,23,2,0,0,1,3,0,0,4,11,0,0,3,5,141,1,16,4,6,14,5,7,13,6,4,0,0,2,12,15
-7,6,3,21,2,0,1,1,3,0,1,1,14,0,0,3,5,141,2,13,2,6,11,5,8,16,7,4,0,0,2,12,0
10,5,2,16,2,0,1,1,3,0,1,8,7,0,0,3,5,141,2,12,2,5,11,5,7,15,7,5,0,0,3,11,15
16,5,2,18,2,0,1,0,3,0,1,8,7,0,0,3,5,141,2,12,2,5,11,4,6,14,6,5,0,0,2,11,30
9,5,2,18,2,0,1,0,2,0,1,5,10,0,0,3,5,141,2,12,2,5,12,3,5,14,5,4,0,0,2,11,30
12,5,3,16,3,0,1,0,1,0,1,28,2,0,0,3,5,141,2,11,3,6,11,2,4,13,5,4,0,0,3,11,15
10,5,4,12,3,0,1,1,1,0,0,9,21,0,0,3,5,141,2,10,3,8,10,3,7,14,5,3,0,0,2,10,45
-16,4,4,14,5,0,0,1,1,0,0,12,3,0,0,3,5,141,2,8,3,6,8,2,6,13,6,4,0,0,2,11,0
19,3,3,12,5,0,0,2,0,0,0,3,12,0,0,3,5,141,2,7,4,5,7,1,7,14,6,3,0,0,2,10,45
24,2,2,6,6,0,0,3,0,0,1,3,12,0,0,3,5,141,3,3,1,3,3,6,10,14,8,3,0,0,2,9,45
20,2,2,8,5,0,0,3,0,0,1,2,13,0,0,3,5,141,3,3,1,3,3,6,9,13,7,3,0,0,2,10,0
48,2,2,10,3,0,0,3,0,0,1,1,14,0,0,3,5,141,3,3,1,3,3,6,8,12,6,2,0,0,2,10,15
-31,2,2,14,3,0,0,3,0,0,1,1,14,0,0,3,5,141,3,3,1,3,3,6,8,12,6,2,0,0,2,11,0
-20,0,0,8,4,0,0,2,0,0,1,10,5,0,0,3,5,141,1,2,2,2,2,5,7,10,7,2,0,0,2,10,0
5,0,0,2,4,0,0,2,0,0,0,6,9,0,0,3,5,141,0,2,2,2,2,4,7,9,7,2,0,0,2,9,15
0,0,0,4,3,0,0,2,0,0,0,3,12,0,0,3,5,141,0,2,2,2,2,4,7,8,6,2,0,0,2,9,30
-39,0,0,10,2,0,0,2,0,0,0,2,13,0,0,3,5,141,0,2,2,2,2,3,6,7,5,2,0,0,2,10,15
-76,0,0,18,3,0,0,1,0,0,0,0,10,0,0,3,5,141,1,1,1,1,1,3,6,6,4,2,0,0,2,11,30
20,0,0,4,3,0,1,0,0,0,0,0,24,0,0,3,5,141,0,0,0,0,0,3,5,5,5,2,0,0,2,9,30
-1,0,0,2,2,0,1,0,0,0,0,0,30,0,0,3,5,141,0,0,0,0,0,4,4,4,4,2,0,0,2,9,15
-22,0,0,0,2,0,0,0,0,0,0,0,53,0,1,3,5,141,0,0,0,0,0,3,3,3,3,1,0,0,2,9,0
-36,0,0,6,1,0,0,0,0,0,0,0,55,0,0,3,5,141,0,0,0,0,0,2,2,2,2,0,0,0,2,9,45
-12,0,0,0,0,0,0,0,0,0,0,0,60,0,1,3,5,141,0,0,0,0,0,1,1,1,1,0,0,0,2,9,0
-42,36,3,57,2,0,0,2,1,0,0,14,1,1,0,2,5,140,2,52,3,8,16,1,5,11,4,3,7,1,2,17,45
3,34,3,56,3,0,0,2,1,0,1,10,5,0,0,2,5,140,2,49,5,11,14,5,8,16,6,4,7,2,1,17,30
51,34,4,47,2,0,1,2,1,0,1,9,6,0,0,2,5,140,3,48,4,10,13,4,7,15,5,4,6,2,2,16,15
-16,33,5,49,5,0,0,3,1,0,0,0,15,0,0,2,5,140,3,44,4,8,11,5,7,16,8,5,6,1,1,16,30
-58,33,5,54,5,0,0,3,1,0,0,0,15,0,0,2,5,140,3,44,4,8,11,5,7,16,8,5,6,1,1,17,15
-7,33,5,52,5,0,0,3,0,0,0,11,4,0,0,2,5,140,3,44,4,8,11,3,6,14,6,4,6,1,2,17,0
2,32,5,51,7,0,0,2,0,0,0,11,4,0,0,2,5,140,3,42,6,6,11,4,9,14,7,4,5,2,2,16,45
2,31,4,49,7,0,0,2,0,0,0,3,12,0,0,2,5,140,2,41,5,6,10,3,9,14,8,5,5,1,1,16,30
-12,31,4,47,7,0,0,4,0,0,0,10,5,0,0,2,5,140,5,38,2,3,9,3,9,16,7,5,5,1,2,16,15
0,30,3,54,7,0,0,4,0,0,0,4,11,0,0,2,5,140,4,37,1,3,8,6,8,15,8,4,5,1,1,17,15
9,28,2,39,7,0,0,4,0,0,0,14,1,0,0,2,5,140,3,36,1,3,10,6,9,14,9,5,5,1,2,15,15
-71,28,2,52,6,0,0,4,0,0,0,9,6,0,0,2,5,140,2,36,1,3,10,6,8,13,9,6,5,1,2,17,0
6,28,2,45,5,0,0,4,0,0,0,8,7,0,0,2,5,140,2,36,1,4,11,5,7,12,8,6,5,1,2,16,0
25,28,2,41,5,0,0,3,0,0,0,7,8,0,0,2,5,140,2,36,2,4,11,4,6,11,7,6,4,1,2,15,30
-5,28,2,41,4,0,0,3,0,0,0,5,10,0,0,2,5,140,2,36,2,4,11,3,5,10,6,5,4,0,2,15,30
8,27,1,38,4,0,0,3,0,0,0,20,10,0,0,2,5,140,2,35,2,4,13,2,5,9,6,6,4,1,2,15,0
-8,27,1,43,3,0,0,3,0,0,0,12,18,0,0,2,5,140,1,35,2,6,13,3,8,9,6,5,4,3,2,15,45
23,26,2,36,5,0,0,2,0,0,0,2,13,0,0,2,5,140,2,33,2,7,15,4,7,10,6,5,4,3,1,14,45
18,26,2,39,4,0,0,2,0,0,0,2,13,0,0,2,5,140,2,33,2,7,15,3,6,9,5,4,4,3,2,15,15
-12,26,4,34,4,0,0,2,0,0,0,2,13,0,0,2,5,140,2,32,3,7,17,5,5,9,5,4,3,3,1,14,0
23,26,6,33,3,0,0,3,0,0,0,3,12,0,0,2,5,140,2,31,5,9,18,4,4,9,5,4,3,2,1,13,45
-78,26,6,43,3,0,0,3,0,0,0,1,14,0,0,2,5,140,3,30,4,8,17,3,3,8,4,3,2,2,2,15,45
-63,26,6,45,3,0,0,2,0,0,0,14,1,0,0,2,5,140,2,30,4,8,17,2,3,7,4,3,2,1,2,16,0
27,26,6,35,4,0,0,1,0,0,0,12,3,0,0,2,5,140,3,29,3,7,17,1,2,6,3,2,1,1,2,14,15
-4,20,8,31,8,0,0,2,1,0,0,0,15,0,0,2,5,140,3,22,4,9,16,3,5,16,9,8,1,0,1,13,15
12,20,9,26,7,0,0,2,1,0,0,10,5,0,0,2,5,140,2,22,5,10,16,2,5,17,9,7,1,0,2,12,30
-1,19,9,32,7,0,1,2,1,0,0,5,10,0,0,2,5,140,3,20,5,9,14,1,4,17,9,7,1,0,1,13,30
5,15,9,28,8,0,2,3,2,0,0,18,12,0,0,2,5,140,4,15,4,8,12,4,12,19,12,11,1,1,1,12,45
57,12,7,23,10,0,2,3,1,0,0,4,26,0,0,2,5,140,3,13,3,7,11,6,12,21,14,12,1,1,1,12,0
50,11,7,21,9,0,2,4,1,0,0,12,3,0,0,2,5,140,3,12,4,6,10,8,12,20,14,12,1,1,2,11,30
32,10,7,28,9,0,2,4,1,0,0,4,11,0,0,2,5,140,3,11,4,5,9,9,13,20,14,12,1,1,1,12,45
140,10,7,8,9,0,1,4,1,0,0,3,12,0,0,2,5,140,3,11,4,5,9,8,12,19,13,11,0,1,2,10,0
-70,10,7,36,9,0,1,3,1,0,0,1,14,0,0,2,5,140,3,11,4,5,9,7,11,18,12,10,0,0,1,14,45
-1,10,7,26,9,0,1,3,1,0,0,8,7,0,0,2,5,140,4,10,4,4,9,6,13,17,11,9,0,0,2,12,30
19,8,5,25,9,0,1,2,1,0,0,2,13,0,0,2,5,140,2,10,4,4,9,6,12,16,12,10,0,0,2,12,15
34,8,5,13,9,0,1,1,1,0,0,2,13,0,0,2,5,140,2,10,4,4,9,5,11,15,11,9,0,0,2,10,30
41,8,5,19,9,0,0,2,1,0,0,0,15,0,0,2,5,140,3,9,3,3,8,4,10,15,10,9,0,0,2,11,15
24,7,4,19,9,0,0,1,2,0,0,12,3,0,0,2,5,140,3,8,2,2,7,4,9,14,10,8,0,0,2,11,15
63,7,4,17,9,0,0,1,1,0,0,11,4,0,0,2,5,140,3,8,2,2,7,3,8,13,9,7,0,0,2,11,0
43,5,4,15,9,0,0,2,1,0,0,8,7,0,0,2,5,140,3,6,0,4,6,7,10,14,10,7,0,0,2,10,45
4,4,3,17,8,0,0,2,1,0,0,13,2,0,0,2,5,140,2,6,0,4,6,6,9,13,10,7,0,0,2,11,0
95,4,3,5,7,0,0,2,1,0,0,11,4,0,0,2,5,140,2,6,0,4,6,5,9,12,9,6,0,0,3,9,45
6,3,2,23,6,0,0,2,1,0,0,8,7,0,0,2,5,140,1,6,1,4,6,4,8,11,9,6,0,0,1,12,0
10,3,3,15,5,0,0,2,1,0,0,14,1,0,0,2,5,140,1,6,3,4,6,4,7,11,8,5,0,0,2,10,45
45,3,3,11,4,0,0,2,1,0,0,12,3,0,0,2,5,140,1,6,3,5,6,4,6,11,7,5,0,0,2,10,15
78,3,3,13,3,0,0,2,1,0,0,10,5,0,0,2,5,140,1,6,4,5,6,3,5,10,6,5,0,0,2,10,30
8,2,2,30,3,0,1,2,2,0,0,1,14,0,0,2,5,140,3,3,1,3,3,4,5,12,6,6,0,0,1,13,0
27,1,1,11,3,0,1,2,1,0,0,13,2,0,0,2,5,140,2,3,2,3,3,3,5,11,6,6,0,0,2,10,15
13,1,1,21,2,0,1,2,2,0,0,9,6,0,0,2,5,140,3,2,1,2,2,2,5,10,5,5,0,0,2,11,30
41,1,1,5,1,0,1,2,2,0,0,11,4,0,0,2,5,140,2,2,1,2,2,2,4,9,5,4,0,0,3,9,45
-27,0,0,8,2,0,0,2,2,0,0,2,13,0,0,2,5,140,1,1,1,1,1,3,6,8,6,5,0,0,2,10,0
-38,0,0,8,2,0,0,2,2,0,0,0,16,0,0,2,5,140,1,0,0,0,0,3,7,7,6,6,0,0,2,10,0
44,0,0,5,2,0,0,1,2,0,0,0,20,0,0,2,5,140,1,0,0,0,0,3,6,6,5,5,0,0,3,9,45
-23,0,0,0,1,0,0,1,2,0,0,0,39,0,1,2,5,140,0,0,0,0,0,4,5,5,5,5,0,0,2,9,0
29,0,0,2,1,0,0,1,1,0,0,0,47,0,0,2,5,140,0,0,0,0,0,4,4,4,4,4,0,0,1,9,15
4,0,0,2,1,0,0,1,0,0,0,0,57,0,0,2,5,140,0,0,0,0,0,3,3,3,3,3,0,0,1,9,15
25,0,0,4,1,0,0,0,0,0,0,0,69,0,0,2,5,140,0,0,0,0,0,2,2,2,2,2,0,0,3,9,30
-7,0,0,0,0,0,0,0,0,0,0,0,71,0,1,2,5,140,0,0,0,0,0,1,1,1,1,1,0,0,2,9,0
7,37,6,67,3,0,0,2,0,0,0,4,11,0,0,6,5,137,2,64,3,9,18,3,5,13,4,1,11,2,2,17,45
10,37,7,68,3,0,0,2,0,0,0,7,8,1,0,6,5,137,3,63,4,9,19,2,5,12,3,1,10,1,2,18,0
14,35,6,65,3,0,0,3,0,0,0,6,9,0,0,6,5,137,2,61,5,9,18,3,7,11,5,3,10,0,1,17,30
-12,33,6,63,5,0,1,3,0,0,0,1,14,0,0,6,5,137,2,57,4,8,15,3,9,15,8,5,10,1,2,17,15
7,32,6,61,5,0,1,3,0,0,0,10,5,0,0,6,5,137,2,56,4,9,15,3,8,15,8,5,10,1,2,17,0
13,31,5,58,6,0,1,3,0,0,0,13,2,0,0,6,5,137,3,54,2,9,14,5,8,16,8,4,10,2,2,16,45
-11,30,4,61,5,0,1,4,0,0,0,1,14,0,0,6,5,137,3,53,4,9,15,6,7,17,8,3,10,2,2,17,0
36,29,4,58,4,0,1,4,1,0,0,9,6,0,0,6,5,137,3,52,5,8,14,5,6,17,8,2,10,2,2,16,45
9,29,4,55,3,0,1,4,1,0,0,8,7,0,0,6,5,137,3,52,5,8,14,5,5,16,7,1,10,2,3,16,30
24,28,3,63,3,0,1,3,1,0,0,4,11,0,0,6,5,137,2,52,7,9,14,4,5,16,7,1,10,2,2,17,15
22,28,3,52,2,0,1,3,1,0,0,8,7,0,0,6,5,137,2,52,8,9,15,3,7,16,6,1,10,2,1,16,0
7,28,3,58,3,0,1,2,1,0,0,5,10,0,0,6,5,137,3,51,7,8,15,2,6,15,5,1,9,2,2,16,45
10,26,1,55,4,0,1,4,1,0,0,9,6,0,0,6,5,137,5,47,3,6,11,1,7,16,6,3,8,1,3,16,30
-28,25,1,52,7,0,1,4,1,0,0,5,10,0,0,6,5,137,5,43,3,5,13,6,12,16,9,4,8,3,1,16,0
2,25,1,50,7,0,1,4,0,0,0,2,13,0,0,6,5,137,5,43,3,6,13,6,12,15,8,3,8,3,2,15,45
29,25,2,50,6,0,1,4,0,0,0,1,14,0,0,6,5,137,5,43,3,6,13,5,11,15,7,2,8,3,2,15,45
-13,25,2,65,6,0,1,3,0,0,0,0,15,0,0,6,5,137,5,43,3,6,13,4,10,14,6,2,8,3,1,17,30
28,25,3,43,5,0,1,3,0,0,0,4,11,0,0,6,5,137,3,43,4,7,16,4,9,13,7,3,8,3,1,14,45
50,25,3,46,6,0,1,2,0,0,0,1,14,0,0,6,5,137,4,42,4,6,15,5,8,14,6,3,8,3,2,15,15
-36,25,4,48,7,0,0,2,0,0,1,4,11,0,0,6,5,137,5,40,2,4,15,6,9,15,6,3,7,3,2,15,30
-9,25,4,46,7,0,0,1,0,0,1,14,1,0,0,6,5,137,5,40,3,5,15,6,8,15,5,2,7,2,2,15,15
-203,24,3,68,6,0,0,2,0,0,1,4,11,1,0,6,5,137,4,39,3,5,15,5,7,15,6,3,6,2,2,18,0
-5,24,4,45,6,0,0,2,0,0,1,2,13,0,0,6,5,137,5,38,2,4,14,4,6,14,5,3,6,1,2,15,0
11,24,5,48,5,0,0,2,0,0,1,41,4,0,0,6,5,137,4,38,2,6,18,4,5,14,5,4,6,1,2,15,30
-114,24,5,54,5,0,0,2,0,0,0,38,7,0,0,6,5,137,4,38,2,6,18,4,5,15,4,3,5,2,3,16,15
-63,24,5,55,4,0,0,2,0,0,0,34,11,0,0,6,5,137,3,38,2,8,18,3,4,14,4,2,5,1,3,16,30
13,21,6,40,4,0,0,3,0,0,0,15,30,0,0,6,5,137,2,36,4,9,20,2,6,13,6,3,5,1,2,14,15
-26,21,7,41,3,0,0,3,0,0,0,9,36,0,0,6,5,137,2,36,4,10,21,2,7,13,5,2,5,2,2,14,30
-14,19,9,41,6,0,0,2,1,0,0,10,5,0,0,6,5,137,2,32,5,12,18,4,9,20,8,4,4,2,2,14,30
-73,19,10,43,7,0,0,2,1,0,0,1,14,0,0,6,5,137,4,30,5,11,16,6,10,23,7,3,4,1,1,14,45
-6,16,8,33,9,0,0,2,1,0,0,3,12,0,0,6,5,137,3,27,3,10,16,6,9,23,10,3,4,1,1,13,0
46,15,7,33,9,0,0,1,1,0,0,1,14,0,0,6,5,137,2,27,3,11,16,5,8,22,10,3,4,1,1,13,0
-4,14,8,38,9,0,0,1,1,0,0,10,5,0,0,6,5,137,2,26,6,11,16,6,8,21,10,3,3,2,1,13,30
15,14,8,33,8,0,0,1,1,0,0,9,6,0,0,6,5,137,2,26,6,11,16,5,7,20,9,3,3,1,1,13,0
35,13,8,26,7,0,1,1,1,0,0,3,12,0,0,6,5,137,2,25,5,10,16,5,8,19,9,2,3,2,2,12,15
211,13,8,3,7,0,1,1,1,0,0,10,5,0,0,6,5,137,3,24,6,9,16,4,8,19,8,2,3,2,2,9,30
3,10,5,37,8,0,2,1,1,0,0,12,3,0,0,6,5,137,3,21,6,7,15,4,12,19,10,4,3,2,2,13,15
17,10,5,30,8,0,2,1,1,0,0,10,5,0,0,6,5,137,4,20,5,6,14,3,12,18,9,3,3,2,1,12,30
31,10,5,38,7,0,2,1,1,0,0,9,6,0,0,6,5,137,4,20,5,6,14,2,11,17,8,3,3,2,1,13,30
16,7,4,32,11,0,2,1,0,0,0,0,15,0,0,6,5,137,3,16,1,6,12,9,14,20,12,5,2,3,4,12,45
28,6,3,26,10,0,2,2,0,0,0,9,6,0,0,6,5,137,3,15,1,5,11,9,13,20,12,5,2,2,2,12,15
54,5,2,33,10,0,2,1,0,0,0,8,7,0,0,6,5,137,2,15,1,5,12,8,12,19,12,5,1,2,1,13,0
-13,5,2,26,9,0,2,1,0,0,0,14,1,0,0,6,5,137,1,15,2,6,13,11,11,19,12,6,1,1,2,12,15
1,5,3,26,9,0,1,1,0,0,0,8,7,0,0,6,5,137,1,15,3,7,13,10,11,18,11,6,1,1,2,12,15
1,5,3,20,8,0,1,1,0,0,0,4,11,0,0,6,5,137,1,15,4,8,13,9,11,17,10,6,1,1,4,11,45
25,5,3,22,7,0,1,1,0,0,0,4,11,0,0,6,5,137,1,15,4,8,13,8,10,16,9,5,1,1,4,12,0
7,5,3,30,6,0,1,1,0,0,0,3,12,0,0,6,5,137,1,15,4,8,13,7,9,15,8,4,1,1,1,12,30
-9,5,3,20,5,0,1,1,0,0,0,0,15,0,0,6,5,137,1,15,5,9,14,6,8,14,7,4,1,1,4,11,45
25,5,4,18,5,0,1,1,0,0,0,10,5,0,0,6,5,137,2,14,4,8,13,5,7,14,6,3,1,1,2,11,30
12,5,4,22,4,0,1,1,0,0,0,5,10,0,0,6,5,137,1,14,5,8,13,4,6,14,6,2,1,1,4,12,0
28,5,4,16,3,0,1,1,0,0,0,3,12,0,0,6,5,137,1,14,5,8,13,3,5,13,5,1,1,1,2,11,15
8,5,4,22,3,0,0,1,0,0,0,2,13,0,0,6,5,137,1,14,5,8,13,2,4,12,4,1,0,1,4,12,0
-8,4,3,22,2,0,0,1,0,0,0,1,14,0,0,6,5,137,0,14,5,8,13,1,3,11,4,1,0,0,4,12,0
-11,3,3,14,5,0,1,2,0,0,0,10,5,0,0,6,5,137,3,8,3,6,8,4,8,15,6,1,0,0,2,11,0
23,2,2,16,5,0,1,2,0,0,0,7,8,0,0,6,5,137,2,7,2,5,7,4,7,14,7,3,0,0,2,11,15
47,1,1,9,5,0,1,2,0,0,0,0,15,0,0,6,5,137,1,6,4,5,6,6,8,15,8,4,0,0,1,10,15
-24,1,1,18,5,0,1,2,0,0,0,11,4,0,0,6,5,137,1,5,3,5,5,5,8,14,8,4,0,0,2,11,30
-38,1,1,14,4,0,1,2,0,0,0,7,8,0,0,6,5,137,1,5,3,5,5,4,8,13,7,4,0,0,2,11,0
-15,1,1,12,4,0,1,2,0,0,0,2,13,0,0,6,5,137,2,4,2,4,4,3,7,12,6,3,0,0,2,10,45
9,1,1,9,4,0,0,2,0,0,0,12,3,0,0,6,5,137,2,4,3,4,4,2,6,11,5,2,0,0,1,10,15
16,1,1,11,5,0,0,2,0,0,0,5,10,0,0,6,5,137,3,2,1,2,2,3,5,10,5,1,0,0,2,10,30
-3,0,0,7,5,0,0,2,0,0,0,10,5,0,0,6,5,137,1,1,1,1,1,4,8,9,7,4,0,0,2,10,0
-5,0,0,2,4,0,0,2,0,0,0,9,6,0,0,6,5,137,0,1,1,1,1,3,8,8,7,4,0,0,2,9,15
25,0,0,5,3,0,0,2,0,0,0,0,15,0,0,6,5,137,0,1,1,1,1,4,7,7,6,4,0,0,2,9,45
-26,0,0,7,4,0,0,1,0,0,0,0,5,0,0,6,5,137,1,0,0,0,0,4,6,6,5,3,0,0,2,10,0
-10,0,0,5,3,0,0,1,0,0,0,0,26,0,0,6,5,137,0,0,0,0,0,5,5,5,5,3,0,0,2,9,45
-43,0,0,12,3,0,0,0,0,0,0,0,30,0,0,6,5,137,0,0,0,0,0,4,4,4,4,3,0,0,2,10,45
-6,0,0,3,2,0,0,0,0,0,0,0,31,0,0,6,5,137,0,0,0,0,0,3,3,3,3,3,0,0,2,9,30
-12,0,0,0,1,0,0,0,0,0,0,0,38,0,1,6,5,137,0,0,0,0,0,2,2,2,2,2,0,0,1,9,0
26,0,0,0,0,0,0,0,0,0,0,0,51,0,1,6,5,137,0,0,0,0,0,1,1,1,1,1,0,0,1,9,0
29,29,3,61,1,0,0,0,1,0,0,1,0,1,0,5,5,136,1,60,2,5,15,2,4,11,2,1,6,0,2,17,45
31,29,3,59,0,0,0,0,1,0,0,9,6,0,0,5,5,136,1,60,2,7,15,1,5,11,1,1,6,0,2,17,30
-14,28,4,59,1,0,0,0,1,0,0,8,7,0,0,5,5,136,0,58,5,9,16,4,5,11,3,1,6,1,2,17,30
-16,27,3,61,2,0,1,0,0,0,0,12,3,1,0,5,5,136,1,56,5,8,17,3,4,11,3,1,6,1,2,17,45
15,26,2,56,2,0,1,1,0,0,0,14,1,0,0,5,5,136,2,54,3,9,17,2,7,13,3,2,6,2,2,17,0
29,26,2,50,2,0,0,1,0,0,0,12,3,0,0,5,5,136,2,54,4,9,17,1,6,12,2,2,6,2,2,16,30
6,24,1,50,4,0,1,1,0,0,0,10,5,0,0,5,5,136,1,50,5,8,16,6,7,14,6,3,5,3,2,16,30
-24,24,3,54,6,0,0,2,0,0,0,8,7,0,0,5,5,136,2,47,4,8,13,6,9,15,7,4,5,2,1,16,45
8,24,3,54,5,0,0,2,0,0,0,7,8,0,0,5,5,136,2,47,4,8,13,5,8,15,6,3,4,2,1,16,45
-17,24,3,50,5,0,0,2,0,0,0,5,10,0,0,5,5,136,3,46,4,7,12,4,7,14,5,2,4,1,2,16,30
-42,24,3,57,4,0,0,2,0,0,0,4,11,0,0,5,5,136,3,46,4,7,12,3,7,14,4,2,4,1,2,17,15
-4,24,3,46,4,0,0,2,0,0,0,12,3,0,0,5,5,136,3,45,3,8,11,2,6,14,4,2,3,1,1,16,0
-31,24,3,49,5,0,0,1,0,0,1,14,1,0,0,5,5,136,3,43,4,7,11,2,6,15,5,2,3,0,4,16,15
-12,23,2,42,6,0,1,2,0,0,0,4,11,0,0,5,5,136,4,40,3,6,11,4,8,15,6,4,3,1,2,15,30
-10,22,2,44,5,0,2,2,0,0,0,11,4,0,0,5,5,136,4,39,4,5,12,4,8,15,6,3,3,1,3,15,45
22,22,2,46,4,0,2,2,0,0,0,11,4,0,0,5,5,136,3,39,4,5,12,3,7,14,6,4,3,1,1,16,0
-7,21,1,46,3,0,2,2,0,0,0,4,11,0,0,5,5,136,2,39,5,5,12,3,8,13,6,4,3,1,1,16,0
-51,21,1,50,4,0,2,2,0,0,1,0,15,0,0,5,5,136,3,36,2,4,10,4,9,14,7,4,3,1,2,16,30
8,21,2,34,5,0,1,2,0,0,1,10,5,0,0,5,5,136,3,35,1,3,11,4,9,14,7,4,3,1,3,14,45
-30,21,3,40,6,0,0,2,0,0,1,55,5,0,0,5,5,136,3,34,1,5,12,6,9,15,7,4,3,1,2,15,15
-4,21,4,37,6,0,0,1,0,0,1,52,8,0,0,5,5,136,3,34,1,5,12,5,8,14,6,3,2,1,2,15,0
13,20,3,40,5,0,0,1,0,0,1,43,17,0,0,5,5,136,1,34,2,7,14,6,8,14,7,3,2,0,2,15,15
-73,20,4,44,5,0,0,1,0,0,0,37,23,0,0,5,5,136,1,34,3,7,15,5,7,13,6,2,2,0,3,15,45
-16,20,4,34,4,0,0,1,0,0,0,34,26,0,0,5,5,136,1,34,3,7,15,4,6,13,5,2,2,0,3,14,45
-10,20,4,33,3,0,0,1,0,0,0,31,29,0,0,5,5,136,1,34,3,8,15,3,6,12,4,1,2,1,3,14,30
3,20,5,37,4,0,0,1,0,0,0,18,42,0,0,5,5,136,2,32,3,6,16,3,6,12,4,1,2,1,2,15,0
-84,20,5,42,3,0,0,1,0,0,0,15,45,0,0,5,5,136,2,32,4,6,16,3,5,13,3,1,2,1,2,15,30
89,18,5,25,4,0,0,1,0,0,0,11,4,0,0,5,5,136,2,30,4,8,14,3,7,15,4,2,2,1,2,12,30
7,17,4,31,3,0,0,2,0,0,0,2,13,0,0,5,5,136,1,29,3,7,15,3,6,15,5,3,2,1,1,13,15
-115,16,6,37,5,0,0,1,0,0,1,2,13,0,0,5,5,136,3,26,3,7,15,5,7,17,5,2,1,1,2,15,0
26,15,5,29,4,0,0,1,0,0,1,9,6,0,0,5,5,136,2,26,4,9,15,4,6,17,5,1,1,0,1,13,0
-96,15,6,32,5,0,0,1,0,0,0,12,3,0,0,5,5,136,1,25,5,9,15,4,8,16,6,3,1,0,1,14,15
-11,15,6,27,5,0,0,1,0,0,0,8,7,0,0,5,5,136,2,24,5,8,14,3,7,17,5,2,1,0,2,12,45
10,15,6,29,4,0,0,1,0,0,0,7,8,0,0,5,5,136,2,24,5,8,14,2,6,16,4,1,1,0,1,13,0
14,12,5,21,5,0,1,2,0,0,0,14,1,0,0,5,5,136,2,20,4,7,13,5,9,17,7,3,1,0,2,12,0
-68,12,5,34,6,0,1,1,0,0,0,7,8,0,0,5,5,136,3,19,3,8,12,5,10,16,6,3,1,0,3,14,45
62,10,4,14,7,0,1,1,0,0,0,7,8,0,0,5,5,136,2,17,3,6,13,7,11,15,8,5,1,1,2,11,0
12,10,4,27,7,0,1,1,0,0,0,1,14,0,0,5,5,136,3,16,3,6,13,6,10,15,7,4,1,1,2,12,45
15,10,4,21,6,0,1,1,0,0,0,0,15,0,0,5,5,136,3,16,3,6,13,5,9,14,6,4,1,1,2,12,0
25,9,4,23,5,0,1,1,0,0,0,7,8,0,0,5,5,136,1,16,5,6,14,6,10,13,7,5,1,1,2,12,15
-26,9,4,25,5,0,1,0,0,0,0,6,9,0,0,5,5,136,1,16,5,6,14,5,9,12,6,5,1,1,2,12,30
19,8,4,18,4,0,1,0,0,0,0,12,3,0,0,5,5,136,0,16,5,7,14,6,10,13,6,5,1,1,1,11,30
-17,8,4,20,3,0,1,0,0,0,0,10,5,0,0,5,5,136,0,16,5,7,14,5,9,12,5,5,1,1,2,11,45
3,7,4,16,6,0,1,1,0,0,0,10,5,0,0,5,5,136,3,11,1,4,10,5,8,12,6,5,1,1,2,11,15
-36,7,4,23,5,0,1,1,0,0,0,9,6,0,0,5,5,136,3,11,1,4,10,5,7,11,5,4,1,1,2,12,15
92,6,4,7,5,0,0,1,0,0,0,4,11,0,0,5,5,136,2,11,2,4,11,4,6,11,5,3,0,1,2,10,15
14,6,5,16,4,0,0,1,0,0,0,1,14,0,0,5,5,136,2,11,2,5,11,5,5,10,4,2,0,0,2,11,15
-4,5,4,14,4,0,0,1,0,0,0,11,4,0,0,5,5,136,1,10,3,8,10,4,5,14,5,2,0,0,2,11,0
30,5,4,10,3,0,0,1,0,0,0,10,5,0,0,5,5,136,1,10,3,8,10,3,4,13,4,2,0,0,2,10,30
-10,5,4,12,3,0,0,1,0,0,0,2,13,0,0,5,5,136,2,9,3,7,9,2,3,13,3,1,0,0,2,10,45
20,5,4,10,2,0,0,1,0,0,0,1,14,0,0,5,5,136,2,9,3,7,9,1,2,12,2,1,0,0,2,10,30
-42,1,1,7,5,0,1,1,0,0,0,3,12,0,0,5,5,136,2,4,3,4,4,4,8,12,6,4,0,0,2,10,15
-49,1,1,7,7,0,0,1,0,0,0,0,15,0,0,5,5,136,1,2,2,2,2,4,10,11,8,4,0,0,2,10,15
-118,0,0,18,6,0,0,1,0,0,0,12,3,0,0,5,5,136,0,2,2,2,2,5,10,10,8,4,0,0,1,11,30
-27,0,0,4,5,0,0,1,0,0,0,6,9,0,0,5,5,136,0,2,2,2,2,5,9,9,7,4,0,0,1,9,45
29,0,0,6,4,0,1,1,0,0,0,0,7,0,0,5,5,136,0,1,1,1,1,6,8,8,7,4,0,0,3,10,0
59,0,0,2,3,0,1,1,0,0,1,0,15,0,0,5,5,136,1,0,0,0,0,6,7,7,6,3,0,0,1,9,15
48,0,0,0,2,0,1,1,0,0,1,0,18,0,1,5,5,136,1,0,0,0,0,6,6,6,5,2,0,0,1,9,0
-497,0,0,57,2,0,0,1,0,0,1,0,20,0,0,5,5,136,1,0,0,0,0,5,5,5,4,2,0,0,2,17,15
21,0,0,3,1,0,0,1,0,0,1,0,28,0,0,5,5,136,0,0,0,0,0,4,4,4,4,1,0,0,2,9,30
-131,0,0,12,1,0,0,1,0,0,0,0,29,0,0,5,5,136,0,0,0,0,0,3,3,3,3,0,0,0,2,10,45
13,0,0,0,0,0,0,1,0,0,0,0,39,0,1,5,5,136,0,0,0,0,0,2,2,2,2,0,0,0,1,9,0
23,0,0,4,0,0,0,0,0,0,0,0,45,0,0,5,5,136,0,0,0,0,0,1,1,1,1,0,0,0,1,9,45
34,34,7,59,1,0,0,0,0,0,0,19,0,0,0,4,5,135,1,59,3,7,15,2,2,5,1,1,5,2,1,18,0
4,32,7,60,2,0,0,0,0,0,0,8,7,1,0,4,5,135,1,57,4,7,15,1,1,6,2,2,4,1,2,18,15
48,24,4,49,5,0,1,4,0,0,0,12,3,0,0,4,5,135,2,48,5,8,13,3,6,19,9,4,4,0,4,17,0
23,24,4,52,5,0,1,3,0,0,0,11,4,0,0,4,5,135,2,48,5,9,13,2,5,18,8,4,4,0,2,17,15
31,24,4,56,4,0,1,3,0,0,0,8,7,0,0,4,5,135,2,48,5,9,13,2,4,17,7,3,4,0,1,17,30
35,22,3,49,7,0,1,4,0,0,0,10,5,0,0,4,5,135,4,43,4,7,9,3,10,19,9,5,4,1,4,17,0
3,21,3,52,7,0,0,4,0,0,0,14,1,0,0,4,5,135,3,43,4,8,10,3,12,18,9,4,4,1,2,17,15
33,20,3,52,8,0,1,3,0,0,0,3,12,0,0,4,5,135,3,41,4,6,10,4,12,17,10,5,4,1,2,17,15
77,20,3,39,9,0,2,2,0,0,0,3,12,0,0,4,5,135,2,39,3,4,10,10,13,19,12,5,3,1,2,15,45
8,20,3,52,9,0,2,2,0,0,0,8,7,0,0,4,5,135,3,38,3,3,10,9,15,18,11,5,3,0,2,17,15
-43,19,2,47,9,0,2,2,0,0,0,4,11,0,0,4,5,135,3,37,2,2,10,9,14,17,11,5,3,0,3,16,45
27,19,2,39,8,0,2,2,0,0,0,2,13,0,0,4,5,135,3,37,2,2,11,9,13,16,10,5,3,0,2,15,45
-12,19,2,42,7,0,2,2,0,0,0,1,14,0,0,4,5,135,2,37,2,2,11,8,12,15,10,6,3,0,2,16,0
-18,19,2,44,7,0,1,2,0,0,0,1,14,0,0,4,5,135,2,37,2,2,11,7,11,14,9,5,3,0,1,16,15
-27,19,2,46,7,0,1,2,0,0,0,10,5,0,0,4,5,135,3,36,1,2,10,7,10,13,8,5,3,0,2,16,30
22,19,2,35,6,0,1,2,0,0,0,8,7,0,0,4,5,135,3,36,1,2,11,6,9,12,7,4,3,0,2,15,15
69,19,2,37,5,0,1,2,0,0,0,6,9,0,0,4,5,135,3,36,1,2,11,5,8,11,6,4,3,0,3,15,30
-9,19,2,47,5,0,1,1,0,0,0,4,11,0,0,4,5,135,3,36,1,2,11,4,7,10,5,3,3,0,3,16,45
10,17,0,44,5,0,1,1,0,0,0,7,8,0,0,4,5,135,1,35,0,4,12,6,6,9,7,3,3,0,1,16,15
53,17,0,37,4,0,1,1,0,0,0,3,12,0,0,4,5,135,1,35,0,4,12,5,5,8,6,3,3,0,3,15,30
9,17,0,34,3,0,1,1,0,0,0,13,2,0,0,4,5,135,1,35,1,4,12,4,5,7,5,3,3,0,2,15,0
43,17,0,56,2,0,1,1,0,0,0,14,1,0,0,4,5,135,1,35,2,6,13,3,6,8,4,2,3,1,1,17,30
4,17,0,35,1,0,1,1,0,0,0,13,2,0,0,4,5,135,1,35,2,6,13,2,5,7,3,1,3,1,2,15,15
-151,17,1,58,1,0,0,1,0,0,0,10,5,0,0,4,5,135,1,35,3,7,13,1,4,6,2,1,3,1,1,17,45
-13,17,5,39,2,0,1,1,0,0,1,32,13,0,0,4,5,135,4,31,5,8,14,3,3,12,2,1,3,1,2,15,45
-14,17,5,29,4,0,1,1,0,0,0,19,26,0,0,4,5,135,3,29,4,6,13,2,2,12,4,3,3,1,1,14,15
-20,17,6,29,4,0,0,1,0,0,0,19,26,0,0,4,5,135,3,29,4,6,13,1,2,11,3,2,2,1,1,14,15
-25,11,4,32,8,0,1,1,0,0,0,4,11,0,0,4,5,135,1,23,3,7,14,8,10,17,10,6,2,1,1,14,45
25,11,4,27,7,0,1,1,0,0,0,1,14,0,0,4,5,135,1,23,4,8,14,7,9,17,9,6,2,1,1,13,15
-119,11,5,42,6,0,1,1,0,0,1,8,7,0,0,4,5,135,2,22,4,7,14,7,9,17,8,6,2,1,2,16,0
74,11,5,19,6,0,0,1,0,0,1,7,8,0,0,4,5,135,2,22,4,7,14,6,8,16,7,5,1,1,1,12,15
-22,11,5,28,6,0,0,1,0,0,1,14,1,0,0,4,5,135,2,21,4,6,14,5,7,16,7,4,1,0,2,13,30
5,11,5,25,5,0,0,1,0,0,1,13,2,0,0,4,5,135,2,21,4,6,14,4,6,15,6,3,1,0,1,13,0
-51,11,5,31,5,0,0,1,0,0,1,12,3,0,0,4,5,135,3,20,4,5,13,3,5,14,5,3,1,0,2,14,30
28,11,5,23,4,0,0,1,0,0,1,11,4,0,0,4,5,135,2,20,4,5,13,2,4,13,5,2,1,0,2,12,45
28,10,5,25,3,0,0,2,0,0,1,0,15,0,0,4,5,135,2,19,4,6,12,2,4,13,5,2,1,0,1,13,0
-139,8,4,32,4,0,0,3,1,0,0,6,9,0,0,4,5,135,2,16,2,7,12,3,8,14,7,4,1,1,1,14,45
0,6,3,19,4,0,0,3,1,0,0,9,6,0,0,4,5,135,1,15,3,7,13,3,8,13,8,6,1,1,1,12,15
19,6,4,22,3,0,0,3,1,0,0,10,5,0,0,4,5,135,1,15,5,8,14,4,9,14,7,5,1,1,2,12,30
44,5,3,12,6,0,0,3,0,0,0,10,5,0,0,4,5,135,2,12,4,6,12,6,11,15,8,5,1,1,2,11,0
4,5,3,19,5,0,0,3,0,0,0,7,8,0,0,4,5,135,2,12,4,6,12,6,10,14,7,4,1,1,1,12,15
-9,5,3,23,5,0,0,2,0,0,0,4,11,0,0,4,5,135,2,12,5,7,12,5,9,13,6,3,1,1,2,12,45
19,4,3,15,5,0,1,2,0,0,0,10,5,0,0,4,5,135,2,10,3,6,10,5,8,12,7,4,0,1,2,11,30
76,4,3,10,5,0,1,1,0,0,0,8,7,0,0,4,5,135,2,10,3,6,10,5,7,11,6,3,0,0,1,10,45
-3,3,2,18,6,0,1,0,0,0,0,3,12,0,0,4,5,135,2,9,2,6,9,4,6,11,6,2,0,0,3,12,0
-374,3,2,49,5,0,1,0,1,0,0,8,7,0,0,4,5,135,2,8,2,6,8,5,5,11,6,2,0,0,4,17,0
2,3,2,13,4,0,1,0,1,0,1,2,13,0,0,4,5,135,3,7,2,5,7,4,6,11,5,1,0,0,1,11,15
-23,2,2,16,3,0,1,0,1,0,1,9,6,0,0,4,5,135,2,7,3,6,7,3,5,12,5,1,0,0,1,11,45
56,2,2,6,3,0,1,0,1,0,1,12,3,0,0,4,5,135,2,6,4,5,6,2,6,12,5,2,0,0,1,10,0
19,2,2,8,3,0,0,0,1,0,1,12,3,0,0,4,5,135,2,6,4,5,6,1,5,11,4,2,0,0,2,10,30
0,1,1,8,3,0,1,1,2,0,1,7,8,0,0,4,5,135,2,2,2,2,2,4,6,11,7,5,0,0,2,10,30
-50,1,1,16,2,0,1,1,2,0,1,3,12,0,0,4,5,135,2,2,2,2,2,3,6,10,6,5,0,0,1,11,45
-58,0,0,13,3,0,1,1,1,0,1,8,7,0,0,4,5,135,2,1,1,1,1,2,7,9,6,5,0,0,1,11,15
-2,0,0,5,3,0,0,1,1,0,1,6,9,0,0,4,5,135,2,1,1,1,1,2,6,8,5,4,0,0,1,9,45
-52,0,0,10,3,0,0,1,1,0,1,0,8,0,0,4,5,135,1,0,0,0,0,5,7,7,6,6,0,0,1,10,45
-18,0,0,7,3,0,0,1,1,0,0,0,14,0,0,4,5,135,0,0,0,0,0,5,6,6,6,5,0,0,2,10,15
-7,0,0,2,2,0,0,1,1,0,0,0,25,0,0,4,5,135,0,0,0,0,0,4,5,5,5,4,0,0,1,9,15
28,0,0,0,2,0,0,1,0,0,0,0,30,0,1,4,5,135,0,0,0,0,0,4,4,4,4,3,0,0,2,9,0
-9,0,0,0,1,0,0,1,0,0,0,0,32,0,1,4,5,135,0,0,0,0,0,3,3,3,3,2,0,0,2,9,0
-10,0,0,4,1,0,0,0,0,0,0,0,40,0,0,4,5,135,0,0,0,0,0,2,2,2,2,2,0,0,1,9,30
47,0,0,2,0,0,0,0,0,0,0,0,57,0,0,4,5,135,0,0,0,0,0,1,1,1,1,1,0,0,1,9,15
27,22,1,56,1,0,0,1,2,0,0,12,3,0,0,3,5,134,1,56,2,5,12,4,5,8,4,3,7,2,2,17,30
-3,22,2,58,1,0,0,1,1,0,0,2,13,0,0,3,5,134,1,56,2,6,14,3,5,7,3,3,6,2,1,17,45
-28,21,1,60,0,0,0,1,1,0,0,2,13,1,0,3,5,134,0,55,4,9,15,3,4,14,3,2,6,1,2,18,0
30,21,1,56,0,0,1,0,1,0,0,0,15,0,0,3,5,134,1,55,4,8,15,2,3,13,2,1,6,1,2,17,30
-15,21,2,54,2,0,0,0,1,0,0,12,3,0,0,3,5,134,2,53,3,8,15,2,4,12,2,1,5,1,2,17,15
16,21,2,52,4,0,0,0,0,0,0,10,5,0,0,3,5,134,3,50,6,7,15,1,3,14,2,0,5,0,2,17,0
-34,19,2,54,5,0,2,2,0,0,0,7,8,0,0,3,5,134,2,45,1,6,12,2,10,16,8,4,5,2,2,17,15
3,19,2,46,4,0,2,2,0,0,0,4,11,0,0,3,5,134,2,45,3,6,12,1,9,16,7,4,5,2,2,16,15
-106,18,3,58,5,0,2,3,0,0,0,0,15,0,0,3,5,134,2,42,4,7,13,8,11,17,9,7,4,2,1,17,45
23,18,3,40,5,0,1,3,0,0,0,12,3,0,0,3,5,134,1,42,4,7,13,7,10,16,9,8,4,1,2,15,30
-36,18,3,50,5,0,1,2,0,0,0,12,3,0,0,3,5,134,1,42,4,7,13,6,9,15,8,7,3,1,2,16,45
-17,18,3,48,4,0,1,2,0,0,0,10,5,0,0,3,5,134,1,42,4,7,13,5,9,14,7,6,3,0,2,16,30
-29,18,3,48,5,0,1,1,0,0,0,7,8,0,0,3,5,134,2,41,4,7,12,4,9,14,6,6,3,0,2,16,30
-25,18,3,44,4,0,1,1,0,0,0,6,9,0,0,3,5,134,2,41,4,7,12,3,8,13,5,5,3,0,2,16,0
-20,18,3,46,4,0,0,1,0,0,0,5,10,0,0,3,5,134,2,41,4,7,12,2,7,12,4,4,3,0,2,16,15
-25,18,3,44,3,0,0,1,0,0,0,3,12,0,0,3,5,134,1,41,4,7,12,1,6,11,4,4,3,0,2,16,0
-41,16,4,42,5,0,0,2,0,0,1,0,15,0,0,3,5,134,2,36,2,6,12,6,9,13,7,4,3,2,2,15,45
-34,16,4,38,4,0,0,2,0,0,1,13,2,0,0,3,5,134,1,36,2,6,12,5,8,12,7,4,3,2,2,15,15
-32,16,4,42,3,0,0,2,0,0,1,12,3,0,0,3,5,134,1,36,2,6,12,4,7,11,6,4,3,2,2,15,45
20,15,3,37,4,0,0,1,0,0,1,40,5,0,0,3,5,134,1,35,3,6,13,4,6,13,6,3,3,2,2,15,0
-2,15,3,34,4,0,0,1,0,0,1,38,7,0,0,3,5,134,2,34,4,5,12,3,5,12,5,2,3,2,2,14,30
0,15,3,35,4,0,0,1,0,0,0,31,14,0,0,3,5,134,2,34,4,5,12,4,5,11,4,1,3,2,1,14,45
18,13,2,35,4,0,0,1,0,0,0,21,24,0,0,3,5,134,1,33,4,6,15,3,4,10,5,1,3,2,1,14,45
-106,12,2,40,5,0,1,1,0,0,0,5,40,0,0,3,5,134,2,30,1,5,14,3,6,10,6,2,2,2,2,15,30
-132,12,2,50,5,0,1,0,0,0,0,5,40,0,0,3,5,134,2,30,1,5,14,2,5,9,5,1,1,1,2,16,45
3,12,4,33,5,0,1,0,0,0,0,7,8,0,0,3,5,134,1,29,4,7,14,3,7,16,6,2,1,0,1,14,15
74,11,6,27,6,0,1,0,0,0,0,13,2,0,0,3,5,134,2,27,5,9,14,5,6,16,6,2,1,0,2,12,45
41,11,6,29,6,0,1,0,0,0,0,10,5,0,0,3,5,134,3,26,4,9,14,5,6,16,5,2,1,0,1,13,0
-8,10,5,32,6,0,0,1,0,0,0,7,8,0,0,3,5,134,2,25,3,8,13,4,5,15,6,3,1,0,1,13,30
36,9,4,31,7,0,0,1,0,0,0,7,8,0,0,3,5,134,2,23,4,7,13,3,9,16,7,4,1,0,1,13,15
-217,9,4,52,7,0,0,1,0,0,0,5,10,0,0,3,5,134,3,22,4,7,12,2,9,15,6,3,1,0,2,17,0
26,8,3,25,6,0,0,1,0,0,0,13,2,0,0,3,5,134,2,22,4,7,14,1,9,14,6,2,1,0,2,12,30
-34,5,0,29,9,0,0,1,0,0,0,13,2,0,0,3,5,134,2,18,3,5,14,8,10,19,9,3,1,0,1,13,0
35,5,0,20,11,0,0,0,0,0,0,4,11,0,0,3,5,134,2,16,1,5,12,8,11,19,10,4,1,0,1,11,45
32,5,0,22,10,0,0,0,0,0,0,4,11,0,0,3,5,134,2,16,1,5,12,7,10,18,9,4,1,0,2,12,0
67,5,0,15,9,0,0,0,0,0,0,1,14,0,0,3,5,134,2,16,2,5,13,6,9,17,8,3,1,0,1,11,0
9,5,0,25,8,0,0,0,0,0,0,13,2,0,0,3,5,134,2,16,2,5,14,5,8,18,7,3,1,0,2,12,30
-33,5,1,23,7,0,0,0,0,0,0,11,4,0,0,3,5,134,2,16,2,6,14,4,7,17,6,2,1,0,2,12,15
19,5,1,18,6,0,0,1,0,0,0,6,9,0,0,3,5,134,1,15,1,5,13,4,7,16,7,3,1,0,2,11,30
-215,5,2,38,5,0,0,1,0,0,0,1,14,0,0,3,5,134,1,15,2,7,14,3,6,15,6,3,1,0,2,15,15
-7,5,3,27,4,0,0,1,0,0,0,12,3,0,0,3,5,134,1,15,2,7,15,2,5,14,5,2,1,0,2,12,45
-5,5,3,23,4,0,0,1,0,0,0,7,8,0,0,3,5,134,1,14,4,8,14,4,8,16,5,2,1,0,2,12,15
-20,5,3,20,3,0,0,2,0,0,0,12,3,0,0,3,5,134,2,13,5,9,13,3,9,15,4,2,1,0,1,11,45
-5,5,3,18,3,0,0,2,1,0,0,6,9,0,0,3,5,134,3,11,3,7,11,3,9,14,4,2,1,0,2,11,30
-8,4,3,17,4,0,0,1,1,0,0,3,7,0,0,3,5,134,3,10,4,8,10,5,10,15,4,2,1,1,2,11,15
0,2,2,8,4,0,1,1,1,0,0,9,6,0,0,3,5,134,2,8,4,8,8,7,9,16,6,5,1,1,1,10,15
58,2,2,13,3,0,1,2,1,0,0,3,12,0,0,3,5,134,3,7,3,7,7,6,10,15,5,4,1,1,2,10,45
-8,2,2,13,3,0,1,1,1,0,0,0,15,0,0,3,5,134,2,7,5,7,7,6,9,14,5,3,1,1,2,10,45
-29,2,2,11,3,0,0,1,1,0,0,14,1,0,0,3,5,134,2,7,5,7,7,5,8,13,4,3,1,1,2,10,30
-19,2,2,11,3,0,0,2,1,0,0,14,1,0,0,3,5,134,3,5,4,5,5,5,8,12,4,4,1,1,2,10,30
41,2,2,6,4,0,0,2,0,0,0,13,2,0,0,3,5,134,4,4,3,4,4,4,7,11,3,3,1,1,1,9,45
-64,2,2,15,4,0,0,1,0,0,0,11,4,0,0,3,5,134,4,4,4,4,4,3,6,10,2,2,1,1,1,11,0
0,1,1,10,4,0,0,1,1,0,0,1,14,0,0,3,5,134,3,2,2,2,2,4,6,9,4,3,0,1,2,10,20
-28,1,1,7,3,0,0,1,1,0,0,13,2,0,0,3,5,134,3,2,2,2,2,3,6,8,3,2,0,0,2,10,0
33,0,0,0,4,0,0,1,1,0,0,7,8,0,1,3,5,134,2,0,0,0,0,3,7,7,5,4,0,0,2,9,0
0,0,0,2,3,0,0,1,1,0,0,3,12,0,0,3,5,134,1,0,0,0,0,2,6,6,5,5,0,0,2,9,15
-16,0,0,4,2,0,0,1,1,0,0,0,5,0,0,3,5,134,0,0,0,0,0,3,5,5,5,5,0,0,1,9,30
-19,0,0,4,2,0,0,1,0,0,0,0,27,0,0,3,5,134,0,0,0,0,0,4,4,4,4,4,0,0,1,9,30
-9,0,0,2,1,0,0,1,0,0,0,0,30,0,0,3,5,134,0,0,0,0,0,3,3,3,3,3,0,0,2,9,15
-1,0,0,0,0,0,0,1,0,0,0,0,45,0,1,3,5,134,0,0,0,0,0,2,2,2,2,2,0,0,2,9,0
-35,0,0,8,0,0,0,0,0,0,0,0,46,0,0,3,5,134,0,0,0,0,0,1,1,1,1,1,0,0,1,10,15
72,30,0,58,0,0,0,0,0,0,0,68,0,1,0,2,5,133,0,58,0,1,9,1,1,2,1,0,11,0,2,18,0
24,28,3,53,1,0,2,1,0,0,0,4,11,0,0,2,5,133,2,53,4,6,9,2,4,11,3,1,11,3,2,17,30
31,26,1,53,3,0,2,2,0,0,0,5,10,0,0,2,5,133,3,49,2,3,10,3,5,12,5,3,10,4,2,17,30
-5,25,0,51,3,0,2,2,0,0,0,9,6,0,0,2,5,133,2,48,2,3,10,4,9,13,6,4,9,4,3,17,15
-56,25,0,56,3,0,1,3,0,0,0,6,9,0,0,2,5,133,1,47,1,3,9,3,8,13,7,5,8,3,1,17,45
3,25,0,51,3,0,0,3,0,0,0,3,12,0,0,2,5,133,1,47,1,3,9,2,7,12,6,5,8,2,3,17,15
-5,25,0,56,3,0,0,2,0,0,0,2,13,0,0,2,5,133,1,47,1,3,10,1,6,11,5,4,7,2,1,17,45
69,25,0,45,3,0,0,2,0,0,0,14,1,0,0,2,5,133,0,46,3,7,15,6,7,13,6,3,7,2,2,16,15
-54,25,0,53,3,0,0,2,0,0,0,10,5,0,0,2,5,133,1,45,4,6,14,5,6,13,5,2,7,2,2,17,30
2,25,0,50,2,0,0,2,0,0,0,7,8,0,0,2,5,133,1,45,4,6,14,4,5,12,4,1,7,2,2,17,0
-11,25,0,46,1,0,0,2,0,0,0,0,15,0,0,2,5,133,1,45,4,7,17,4,6,11,3,0,7,2,2,16,30
-9,25,0,48,1,0,0,1,0,0,0,12,3,0,0,2,5,133,0,45,4,7,17,3,5,10,3,1,6,2,1,16,45
-29,25,0,46,2,0,0,0,0,0,0,15,15,0,0,2,5,133,1,43,5,7,16,2,6,9,2,1,5,1,2,16,30
-19,25,0,42,3,0,0,1,0,0,0,1,14,0,0,2,5,133,2,41,3,6,15,3,6,9,3,2,5,1,2,15,45
-16,25,1,43,3,0,0,1,0,0,1,6,9,0,0,2,5,133,2,39,4,8,14,5,7,9,4,3,5,2,1,16,0
-36,25,1,43,2,0,0,1,1,0,1,2,13,0,0,2,5,133,3,38,3,9,15,4,6,8,3,2,5,2,1,16,0
-21,25,3,40,1,0,0,1,1,0,1,7,8,0,0,2,5,133,1,38,5,10,15,3,5,9,4,3,5,2,1,15,30
-33,25,4,38,1,0,0,2,1,0,0,1,14,0,0,2,5,133,2,37,5,9,15,3,4,11,3,2,5,2,2,15,15
-38,25,5,37,1,0,0,2,1,0,0,7,8,0,0,2,5,133,1,36,5,10,14,3,4,10,4,4,4,2,2,15,0
-7,25,5,35,3,0,0,4,0,0,0,34,11,0,0,2,5,133,4,32,4,7,13,2,3,11,4,3,4,1,1,14,45
-111,25,6,48,4,0,0,3,0,0,0,28,17,0,0,2,5,133,4,31,3,6,13,1,2,10,4,2,3,1,1,16,45
-50,20,3,38,6,0,0,4,1,0,0,10,5,0,0,2,5,133,3,26,1,4,12,1,7,14,9,4,3,1,2,15,15
40,19,4,28,5,0,0,5,1,0,0,6,9,0,0,2,5,133,2,25,4,7,16,6,9,18,10,5,3,2,2,13,0
-27,18,5,34,5,0,0,6,1,0,0,13,2,0,0,2,5,133,2,23,3,7,17,6,9,20,11,5,3,2,2,14,30
41,18,5,30,4,0,0,6,1,0,0,7,8,0,0,2,5,133,2,23,4,7,17,6,8,20,10,5,2,2,1,13,15
-50,18,5,35,4,0,0,5,1,0,0,6,9,0,0,2,5,133,2,23,4,7,17,5,7,19,9,4,2,1,1,14,45
60,18,5,26,3,0,0,5,1,0,0,4,11,0,0,2,5,133,2,23,4,8,17,4,6,18,8,3,2,1,2,12,45
44,17,5,26,3,0,0,5,1,0,0,2,13,0,0,2,5,133,2,22,3,7,17,3,6,17,8,3,2,1,2,12,45
-6,17,6,33,4,0,0,4,2,0,0,1,14,0,0,2,5,133,3,20,2,8,16,3,8,17,8,4,1,2,1,14,15
78,16,5,23,4,0,0,3,2,0,0,11,4,0,0,2,5,133,2,20,4,9,16,3,8,16,8,5,1,1,1,12,15
64,15,6,22,5,0,0,3,2,0,0,7,8,0,0,2,5,133,2,18,4,9,15,5,10,17,9,6,1,1,2,12,0
3,13,5,25,4,0,0,3,2,0,0,1,14,0,0,2,5,133,0,18,6,11,16,6,10,16,10,7,1,1,2,12,30
34,13,6,23,5,0,0,3,2,0,1,4,11,0,0,2,5,133,3,15,6,9,15,7,12,16,9,7,1,1,1,12,15
-32,12,6,28,5,0,0,2,2,0,1,1,14,0,0,2,5,133,2,15,6,10,15,7,11,15,9,7,1,1,2,13,0
-69,11,5,30,4,0,1,2,2,0,1,12,3,0,0,2,5,133,2,14,5,9,14,6,10,14,9,6,1,1,1,13,15
-165,11,6,40,5,0,1,2,2,0,1,1,14,0,0,2,5,133,2,12,5,8,12,5,10,13,10,5,0,1,1,15,30
38,11,6,19,5,0,1,2,1,0,1,1,14,0,0,2,5,133,2,12,5,8,12,5,9,12,9,5,0,0,2,11,30
45,10,6,13,7,0,1,2,1,0,0,6,9,0,0,2,5,133,2,10,4,6,10,7,10,13,10,7,0,0,2,10,45
-12,10,6,32,8,0,1,1,1,0,0,4,11,0,0,2,5,133,3,9,3,5,9,6,9,12,9,7,0,0,1,13,30
48,10,6,15,7,0,1,1,1,0,0,3,12,0,0,2,5,133,3,9,4,5,9,5,8,12,8,6,0,0,2,11,0
61,8,5,13,9,0,1,1,0,0,0,1,14,0,0,2,5,133,2,7,3,4,7,5,7,15,10,6,0,0,2,10,45
135,8,5,8,9,0,1,1,0,0,0,14,1,0,0,2,5,133,3,6,2,5,6,4,6,14,9,5,0,0,1,10,0
-2,8,5,15,8,0,1,1,0,0,0,14,1,0,0,2,5,133,3,6,2,5,6,3,5,13,8,4,0,0,2,11,0
18,8,5,17,7,0,1,1,0,0,0,10,5,0,0,2,5,133,3,6,2,5,6,2,4,13,7,4,0,0,1,11,15
-24,5,5,20,7,0,1,1,1,0,0,3,12,0,0,2,5,133,2,4,1,4,4,3,4,13,9,6,0,0,1,11,45
16,5,5,11,6,0,1,1,1,0,0,9,6,0,0,2,5,133,2,4,3,4,4,2,4,13,8,6,0,0,2,10,30
-7,5,5,17,5,0,1,1,1,0,0,6,9,0,0,2,5,133,2,4,4,4,4,1,4,13,7,6,0,0,1,11,15
-26,2,2,20,7,0,1,0,3,0,0,5,10,0,0,2,5,133,3,0,0,0,0,3,10,12,9,5,0,0,1,11,45
32,0,0,4,7,0,0,0,3,0,0,11,4,0,0,2,5,133,0,0,0,0,0,7,10,11,11,6,0,0,2,9,30
38,0,0,0,6,0,0,0,3,0,0,8,7,0,1,2,5,133,0,0,0,0,0,7,10,10,10,6,0,0,1,9,0
52,0,0,8,5,0,0,0,3,0,0,3,12,0,0,2,5,133,0,0,0,0,0,7,9,9,9,6,0,0,1,10,0
18,0,0,10,4,0,0,0,3,0,0,1,14,0,0,2,5,133,0,0,0,0,0,6,8,8,8,5,0,0,2,10,15
36,0,0,11,3,0,0,0,3,0,0,0,1,0,0,2,5,133,0,0,0,0,0,5,7,7,7,4,0,0,2,10,30
42,0,0,6,3,0,0,0,2,0,0,0,4,0,0,2,5,133,0,0,0,0,0,4,6,6,6,3,0,0,2,9,45
4,0,0,3,2,0,0,0,2,0,0,0,14,0,0,2,5,133,0,0,0,0,0,3,5,5,5,2,0,0,2,9,15
96,0,0,0,1,0,0,0,2,0,0,0,19,0,1,2,5,133,0,0,0,0,0,3,4,4,4,2,0,0,1,9,0
22,0,0,0,1,0,0,0,1,0,0,0,23,0,1,2,5,133,0,0,0,0,0,3,3,3,3,1,0,0,1,9,0
36,0,0,4,0,0,0,0,1,0,0,0,47,0,0,2,5,133,0,0,0,0,0,2,2,2,2,1,0,0,2,9,30
-11,0,0,6,0,0,0,0,0,0,0,0,52,0,0,2,5,133,0,0,0,0,0,1,1,1,1,1,0,0,2,9,45
15,26,4,58,3,0,1,0,0,0,0,22,8,0,0,6,5,130,1,57,4,7,13,4,6,14,4,0,8,1,2,17,15
-11,26,4,60,3,0,0,0,0,0,0,20,10,1,0,6,5,130,1,57,4,7,13,3,5,13,3,0,8,1,3,17,30
51,25,3,54,2,0,1,0,0,0,0,12,18,0,0,6,5,130,1,56,4,7,13,3,5,12,3,1,8,1,2,16,30
-30,25,3,56,2,0,0,2,0,0,0,14,1,0,0,6,5,130,2,54,3,6,13,3,7,12,3,1,8,3,2,17,0
13,24,3,54,3,0,0,2,0,0,0,1,14,0,0,6,5,130,2,52,3,5,11,2,7,11,4,2,7,3,2,16,30
-47,24,3,56,2,0,0,3,0,0,0,7,8,0,0,6,5,130,2,51,2,5,10,2,7,11,4,2,7,3,2,17,0
-9,22,3,58,1,0,1,3,0,0,1,0,15,0,0,6,5,130,2,49,2,6,9,5,8,12,5,2,7,4,2,17,15
-31,22,4,52,1,0,1,3,0,0,0,6,9,0,0,6,5,130,1,49,3,7,10,5,8,11,5,2,6,5,2,16,15
-73,22,4,60,2,0,1,2,0,0,0,2,13,1,0,6,5,130,2,48,4,6,9,5,7,11,4,2,6,4,3,17,30
34,22,4,46,1,0,1,2,0,0,0,1,14,0,0,6,5,130,2,48,4,6,9,4,6,10,3,1,5,4,2,15,30
7,21,3,45,1,0,0,3,0,0,0,4,11,0,0,6,5,130,2,47,3,6,10,4,5,10,3,1,5,3,2,15,15
16,21,3,48,2,0,0,2,0,0,0,10,5,0,0,6,5,130,1,46,4,5,13,4,4,10,4,3,4,3,2,15,45
-62,21,3,52,2,0,0,1,0,0,0,5,10,0,0,6,5,130,1,46,4,5,13,3,4,9,3,2,3,2,2,16,15
21,20,2,50,3,0,0,1,0,0,0,14,1,0,0,6,5,130,2,44,2,3,12,2,4,8,3,2,3,1,2,16,0
33,19,1,40,3,0,0,2,0,0,0,11,4,0,0,6,5,130,3,42,1,3,12,1,4,9,3,3,2,1,2,14,30
-42,18,3,50,3,0,0,2,0,0,0,40,5,0,0,6,5,130,1,41,2,8,15,3,6,12,5,4,2,0,2,16,0
19,18,3,40,2,0,0,2,0,0,0,32,13,0,0,6,5,130,1,41,2,8,15,3,5,11,4,3,2,0,2,14,30
24,18,5,39,3,0,0,1,0,0,0,24,21,0,0,6,5,130,2,40,3,8,16,2,5,11,3,2,2,0,2,14,15
-79,18,7,46,3,0,0,1,0,0,0,6,39,0,0,6,5,130,2,39,6,9,17,3,5,10,3,2,2,0,2,15,30
-53,16,5,42,4,0,0,1,0,0,0,6,9,0,0,6,5,130,1,37,5,9,16,3,7,11,5,2,2,1,1,14,45
-30,16,6,44,4,0,0,0,0,0,0,3,12,0,0,6,5,130,1,37,5,9,16,3,6,11,4,1,2,1,1,15,0
2,13,4,38,8,0,0,0,0,0,0,9,6,0,0,6,5,130,2,32,4,8,16,5,7,17,7,2,2,1,1,13,30
-72,13,4,42,7,0,0,0,0,0,0,6,9,0,0,6,5,130,2,32,4,8,16,4,6,16,6,1,2,1,1,14,45
0,11,3,35,7,0,0,1,0,0,0,6,9,0,0,6,5,130,2,30,4,8,17,4,5,16,7,3,1,1,1,13,0
-8,11,3,37,6,0,0,1,0,0,0,1,14,0,0,6,5,130,1,30,4,8,17,3,6,15,7,2,1,0,1,13,15
-11,11,3,33,5,0,0,1,0,0,0,0,15,0,0,6,5,130,1,30,4,8,18,2,5,15,6,2,1,0,2,12,45
28,10,3,33,6,0,0,1,1,0,0,13,2,0,0,6,5,130,1,26,3,7,18,2,7,14,8,2,1,0,2,12,45
31,9,4,21,6,0,0,1,1,0,0,13,2,0,0,6,5,130,0,26,4,9,19,3,10,17,9,2,1,0,2,11,30
-17,8,4,30,7,0,0,2,2,0,0,5,10,0,0,6,5,130,2,22,4,9,17,9,11,19,10,2,1,1,2,12,30
32,8,4,19,6,0,0,2,2,0,0,1,14,0,0,6,5,130,2,22,4,9,17,8,10,19,9,2,1,1,3,11,15
-5,8,5,28,6,0,0,2,2,0,0,5,10,0,0,6,5,130,2,21,5,10,19,8,10,19,9,2,1,1,3,12,15
32,8,5,28,5,0,0,2,2,0,0,1,14,0,0,6,5,130,2,21,6,11,19,7,9,18,8,2,1,1,3,12,15
45,7,4,26,4,0,1,2,2,0,0,14,1,0,0,6,5,130,2,20,5,11,19,6,8,17,8,2,1,1,2,12,0
-21,7,4,26,3,0,1,2,2,0,0,13,2,0,0,6,5,130,2,20,5,11,19,5,7,17,7,1,1,1,2,12,0
21,6,4,35,4,0,1,2,2,0,0,8,7,0,0,6,5,130,3,18,4,9,18,5,8,18,7,1,1,1,1,13,0
-20,6,4,24,4,0,1,1,2,0,0,7,8,0,0,6,5,130,3,18,5,9,18,4,8,17,6,1,1,1,2,11,45
28,6,4,30,3,0,1,1,2,0,0,6,9,0,0,6,5,130,2,18,5,10,18,3,7,16,6,2,1,1,2,12,30
-4,5,4,30,5,0,1,0,2,0,0,10,5,0,0,6,5,130,3,16,5,9,16,3,8,17,6,3,0,1,2,12,30
49,4,3,21,6,0,1,0,1,0,0,12,3,0,0,6,5,130,2,15,6,10,15,3,9,18,7,3,0,0,2,11,30
-38,3,2,24,7,0,1,0,1,0,0,1,14,0,0,6,5,130,1,13,6,8,13,5,9,18,9,5,0,0,2,11,45
17,3,3,12,8,0,1,2,1,0,0,12,3,0,0,6,5,130,2,9,3,8,9,7,10,19,11,6,0,0,2,10,30
30,2,2,15,8,0,1,2,0,0,0,9,6,0,0,6,5,130,1,9,4,8,9,6,10,18,11,7,0,0,2,10,45
-10,2,2,15,7,0,1,2,0,0,0,8,7,0,0,6,5,130,1,9,4,9,9,5,10,17,10,6,0,0,2,10,45
45,2,2,10,7,0,1,2,0,0,0,5,10,0,0,6,5,130,2,8,3,8,8,4,9,16,9,5,0,0,3,10,15
12,1,1,17,8,0,0,2,0,0,0,12,3,0,0,6,5,130,2,7,3,7,7,4,10,17,9,5,0,0,2,11,0
16,1,1,10,7,0,0,2,0,0,0,6,9,0,0,6,5,130,2,7,5,7,7,4,9,17,8,5,0,0,3,10,15
-45,1,1,17,6,0,0,3,0,0,0,14,1,0,0,6,5,130,2,6,5,6,6,3,10,16,8,5,0,0,2,11,0
-36,1,1,19,6,0,0,3,0,0,0,2,13,0,0,6,5,130,1,5,5,5,5,5,9,15,9,4,0,0,3,11,15
-15,0,0,8,7,0,0,3,0,0,0,8,7,0,0,6,5,130,1,3,3,3,3,6,10,14,10,5,0,0,2,10,0
3,0,0,8,9,0,0,2,0,0,0,13,2,0,0,6,5,130,2,1,1,1,1,7,10,13,10,4,0,0,2,10,0
-37,0,0,21,8,0,0,2,0,0,0,11,4,0,0,6,5,130,2,1,1,1,1,6,9,12,9,3,0,0,2,11,30
-361,0,0,48,7,0,0,2,0,0,0,9,6,0,0,6,5,130,2,0,1,1,1,5,8,11,8,3,0,0,2,15,45
54,0,0,2,8,0,0,1,0,0,0,0,15,0,0,6,5,130,1,0,0,0,0,5,7,10,9,4,0,0,2,9,15
-10,0,0,12,7,0,0,1,0,0,0,0,1,0,0,6,5,130,1,0,0,0,0,4,7,9,8,3,0,0,2,10,30
-11,0,0,6,6,0,0,1,0,0,0,0,11,0,0,6,5,130,0,0,0,0,0,5,8,8,8,3,0,0,2,9,45
25,0,0,0,5,0,0,1,0,0,0,0,12,0,1,6,5,130,0,0,0,0,0,4,7,7,7,3,0,0,2,9,0
-7,0,0,12,4,0,0,1,0,0,0,0,29,0,0,6,5,130,0,0,0,0,0,3,6,6,6,2,0,0,2,10,30
-4,0,0,4,4,0,0,0,0,0,0,0,32,0,0,6,5,130,0,0,0,0,0,4,5,5,5,2,0,0,2,9,30
-6,0,0,0,3,0,0,0,0,0,0,0,39,0,1,6,5,130,0,0,0,0,0,4,4,4,4,2,0,0,2,9,0
-24,0,0,4,2,0,0,0,0,0,0,0,60,0,0,6,5,130,0,0,0,0,0,3,3,3,3,1,0,0,2,9,30
-25,0,0,6,1,0,0,0,0,0,0,0,62,0,0,6,5,130,0,0,0,0,0,2,2,2,2,0,0,0,2,9,45
-8,0,0,2,0,0,0,0,0,0,0,0,65,0,0,6,5,130,0,0,0,0,0,1,1,1,1,0,0,0,2,9,15
-38,20,2,60,0,0,0,2,0,0,0,14,1,1,0,5,5,129,2,58,4,6,13,2,5,6,1,1,8,4,2,18,15
-51,19,2,58,1,0,0,1,0,0,1,7,8,0,0,5,5,129,2,56,3,5,14,3,4,10,2,2,7,3,1,18,0
-11,19,2,54,2,0,0,2,0,0,0,21,9,0,0,5,5,129,1,54,2,6,14,3,4,9,4,2,6,2,1,17,15
-18,19,2,54,1,0,0,2,0,0,0,17,13,0,0,5,5,129,1,54,2,8,14,2,3,8,3,1,6,1,1,17,15
-64,18,1,58,2,0,0,1,0,0,0,6,24,0,0,5,5,129,1,53,2,8,13,1,2,8,3,2,5,1,1,18,0
20,17,1,53,5,0,0,0,0,0,0,1,14,0,0,5,5,129,2,50,5,8,13,1,6,10,4,3,5,0,3,17,0
-12,17,2,47,6,0,0,3,0,0,1,10,5,0,0,5,5,129,3,44,2,6,10,5,7,15,8,3,5,1,1,15,45
-7,16,1,49,5,0,0,3,0,0,1,1,14,0,0,5,5,129,2,44,4,7,12,5,7,15,8,2,5,1,2,16,0
-3,16,1,52,4,0,0,3,0,0,1,13,2,0,0,5,5,129,2,44,4,7,13,4,6,14,7,2,5,1,1,16,30
1,16,1,50,4,0,0,3,0,0,1,11,4,0,0,5,5,129,3,43,3,6,12,3,5,13,6,2,5,1,1,16,15
-84,16,1,54,4,0,0,3,0,0,1,7,8,0,0,5,5,129,3,42,2,5,11,2,4,12,6,2,5,1,1,17,15
-24,15,1,45,3,0,1,4,0,0,1,1,14,0,0,5,5,129,2,40,3,4,12,2,6,12,8,4,5,2,2,15,30
-33,15,2,50,3,0,1,4,0,0,1,1,14,0,0,5,5,129,1,39,2,3,13,3,9,14,9,4,4,2,1,16,15
104,15,2,42,3,0,1,5,0,0,1,16,14,0,0,5,5,129,2,37,1,5,13,4,9,14,9,5,4,1,2,15,0
-23,15,4,43,3,0,0,5,0,0,1,4,26,0,0,5,5,129,1,37,1,6,15,6,9,16,9,5,4,1,2,15,15
5,14,4,39,2,0,0,5,0,0,1,0,30,0,0,5,5,129,0,37,3,7,15,6,8,16,9,4,4,1,1,14,45
-5,14,4,43,2,0,0,4,0,0,1,24,6,0,0,5,5,129,0,37,3,8,16,6,7,18,8,4,3,1,2,15,15
47,14,5,37,3,0,0,3,0,0,1,14,16,0,0,5,5,129,1,36,5,8,15,5,7,18,7,3,3,1,3,14,30
-29,14,5,39,2,0,0,3,0,0,1,9,21,0,0,5,5,129,1,36,5,9,16,4,6,18,6,3,3,1,1,14,45
-11,14,5,39,2,0,0,3,0,0,0,7,23,0,0,5,5,129,1,36,5,9,16,4,5,18,5,2,3,1,1,14,45
-10,13,4,47,2,0,0,2,0,0,0,1,29,0,0,5,5,129,0,36,6,10,17,3,6,18,5,1,3,1,1,15,45
36,13,4,31,2,0,0,2,0,0,1,10,5,0,0,5,5,129,2,34,5,9,15,2,6,17,4,1,3,1,2,13,0
-11,11,4,37,3,0,1,2,0,0,1,7,8,0,0,5,5,129,2,31,4,8,16,2,7,16,6,4,3,1,3,14,30
-51,9,2,45,5,0,2,1,0,0,1,1,14,0,0,5,5,129,2,28,4,7,15,4,12,19,8,4,2,2,2,15,30
30,9,2,28,6,0,1,1,0,0,2,3,12,0,0,5,5,129,3,26,4,7,17,7,14,18,8,4,2,1,2,12,45
31,9,2,35,6,0,1,0,0,0,2,2,13,0,0,5,5,129,3,26,4,7,17,6,13,17,7,3,2,1,1,13,30
28,9,3,28,6,0,1,0,0,0,2,11,4,0,0,5,5,129,3,25,4,6,16,7,12,16,7,4,2,1,2,12,45
-15,7,1,28,7,0,1,0,0,0,2,12,3,0,0,5,5,129,2,23,2,6,16,8,11,17,9,4,2,1,2,12,45
-12,7,1,33,6,0,1,0,0,0,2,9,6,0,0,5,5,129,2,23,3,6,16,8,10,16,8,3,2,1,1,13,15
32,7,1,24,6,0,0,1,0,0,2,5,10,0,0,5,5,129,3,22,3,7,15,9,9,15,7,2,2,1,2,12,15
-37,7,1,36,6,0,0,1,0,0,1,4,11,0,0,5,5,129,3,22,3,7,15,8,8,14,6,2,1,1,2,14,0
-31,7,1,33,5,0,0,1,0,0,1,13,2,0,0,5,5,129,1,22,3,8,16,7,8,16,7,3,1,0,1,13,15
16,7,1,22,4,0,0,1,0,0,1,12,3,0,0,5,5,129,1,21,3,8,16,6,7,15,6,3,1,0,2,12,0
35,7,1,20,4,0,0,2,0,0,0,10,5,0,0,5,5,129,2,21,3,7,15,5,8,14,5,3,1,1,2,11,45
30,7,1,26,3,0,0,2,0,0,0,7,8,0,0,5,5,129,2,21,3,8,16,4,7,13,4,3,1,1,3,12,30
-35,7,2,31,3,0,0,2,0,0,0,10,5,0,0,5,5,129,2,20,3,8,15,3,7,13,4,3,1,1,2,13,0
-27,7,2,26,2,0,0,2,0,0,0,7,8,0,0,5,5,129,2,20,4,9,16,2,6,12,3,2,1,1,3,12,30
-14,7,2,24,1,0,0,2,1,0,0,6,9,0,0,5,5,129,2,19,4,9,15,1,5,11,3,1,1,1,2,12,15
-13,6,5,22,5,0,1,1,1,0,0,29,1,0,0,5,5,129,3,14,5,8,14,4,9,16,6,3,1,1,2,12,0
2,6,5,18,4,0,1,1,1,0,0,27,3,0,0,5,5,129,3,14,5,8,14,3,8,16,5,3,0,1,2,11,30
-14,6,5,16,3,0,1,1,1,0,0,25,5,0,0,5,5,129,2,14,5,8,14,2,7,15,5,3,0,0,2,11,15
-14,6,5,18,4,0,1,1,0,0,0,17,13,0,0,5,5,129,3,13,4,8,13,3,6,14,4,2,0,0,2,11,30
-19,3,2,16,5,0,1,3,0,0,0,9,6,0,0,5,5,129,3,9,3,5,9,5,9,18,7,2,0,0,2,11,15
-37,3,2,20,4,0,1,3,0,0,0,4,11,0,0,5,5,129,3,9,4,7,9,4,8,17,6,1,0,0,2,11,45
75,2,2,2,4,0,1,4,0,0,0,4,11,0,0,5,5,129,3,7,3,7,7,5,8,17,7,3,0,0,2,9,15
-21,2,2,14,4,0,1,3,0,0,0,2,13,0,0,5,5,129,4,6,2,6,6,6,8,16,6,3,0,0,2,11,0
-354,2,2,57,4,0,1,3,0,0,0,2,13,0,0,5,5,129,4,6,2,6,6,6,8,16,6,3,0,0,2,17,30
30,1,1,4,4,0,1,3,0,0,0,12,3,0,0,5,5,129,2,5,3,5,5,5,9,14,7,4,0,0,2,9,30
-24,1,1,10,4,0,1,3,0,0,0,4,11,0,0,5,5,129,2,4,4,4,4,4,11,13,7,5,0,0,2,10,15
-64,1,1,14,3,0,1,3,0,0,0,3,12,0,0,5,5,129,2,4,4,4,4,3,10,12,6,4,0,0,2,11,0
28,1,1,6,2,0,1,3,0,0,0,2,13,0,0,5,5,129,2,4,4,4,4,3,9,11,5,4,0,0,2,9,45
42,0,0,8,3,0,1,3,0,0,0,0,15,0,0,5,5,129,2,2,2,2,2,4,9,10,6,4,0,0,2,10,0
15,0,0,10,4,0,1,2,0,0,1,2,13,0,0,5,5,129,3,0,0,0,0,7,9,9,6,3,0,0,2,10,15
-26,0,0,12,4,0,1,1,0,0,1,0,15,0,0,5,5,129,3,0,0,0,0,7,8,8,5,3,0,0,2,10,30
-21,0,0,4,3,0,1,1,0,0,1,0,1,0,0,5,5,129,3,0,0,0,0,6,7,7,4,2,0,0,2,9,30
-7,0,0,0,3,0,1,1,0,0,0,0,17,0,1,5,5,129,1,0,0,0,0,5,6,6,5,4,0,0,2,9,0
-74,0,0,12,3,0,1,0,0,0,0,0,19,0,0,5,5,129,1,0,0,0,0,5,5,5,4,3,0,0,2,10,30
-23,0,0,8,2,0,1,0,0,0,0,0,20,0,0,5,5,129,0,0,0,0,0,4,4,4,4,3,0,0,2,10,0
1,0,0,2,2,0,0,0,0,0,0,0,24,0,0,5,5,129,0,0,0,0,0,3,3,3,3,2,0,0,2,9,15
-65,0,0,6,1,0,0,0,0,0,0,0,30,0,0,5,5,129,0,0,0,0,0,2,2,2,2,2,0,0,2,9,45
-10,0,0,0,0,0,0,0,0,0,0,0,48,0,1,5,5,129,0,0,0,0,0,1,1,1,1,1,0,0,2,9,0
10,26,1,50,2,0,1,0,0,0,1,5,10,1,0,4,5,128,2,47,3,7,13,3,5,12,3,0,6,1,2,17,30
18,26,1,49,2,0,1,0,0,0,0,12,3,0,0,4,5,128,2,47,6,8,15,3,4,11,2,0,6,1,2,17,0
12,26,1,47,2,0,2,0,0,0,1,12,3,0,0,4,5,128,3,44,4,7,12,3,6,10,3,1,5,3,1,16,45
-52,26,2,50,1,0,2,0,0,0,1,4,11,1,0,4,5,128,2,44,4,9,12,2,8,12,3,1,5,2,2,17,30
-3,26,4,45,3,0,1,1,0,0,1,10,5,0,0,4,5,128,4,41,2,6,9,2,7,11,3,1,5,2,2,16,30
-13,25,3,47,5,0,0,1,0,0,1,11,4,0,0,4,5,128,2,39,4,7,10,6,7,12,6,3,4,2,1,16,45
10,25,4,40,7,0,0,0,0,0,1,1,14,0,0,4,5,128,3,37,3,5,9,6,6,12,6,3,3,1,2,15,45
-24,25,4,45,7,0,0,0,0,0,0,0,15,0,0,4,5,128,3,37,3,5,10,5,5,11,5,2,3,0,2,16,30
-3,25,4,42,6,0,0,0,0,0,0,9,6,0,0,4,5,128,3,37,3,5,10,4,5,10,4,1,3,0,1,16,0
-5,25,4,44,5,0,0,0,0,0,0,8,7,0,0,4,5,128,3,37,3,5,10,3,4,9,3,1,3,0,2,16,15
-14,25,4,42,4,0,0,0,0,0,0,7,8,0,0,4,5,128,3,37,3,5,10,2,4,8,2,0,3,0,1,16,0
-6,22,1,40,5,0,0,1,0,0,0,2,13,0,0,4,5,128,3,34,2,4,10,1,5,8,4,1,3,0,2,15,45
3,21,2,36,4,0,0,2,1,0,0,10,5,0,0,4,5,128,1,32,2,5,12,5,6,11,7,3,3,0,2,15,15
5,21,2,36,3,0,0,2,1,0,0,7,8,0,0,4,5,128,1,32,3,5,12,4,5,10,6,3,3,0,2,15,15
28,21,2,32,2,0,0,2,1,0,0,6,9,0,0,4,5,128,1,32,3,5,13,3,4,9,5,2,3,0,2,14,45
-7,21,4,34,3,0,0,2,1,0,0,33,12,0,0,4,5,128,2,30,2,6,12,3,4,10,5,2,3,0,2,15,0
-13,21,4,34,3,0,0,1,1,0,0,26,19,0,0,4,5,128,1,30,3,7,12,2,3,10,5,1,3,0,2,15,0
-19,20,5,32,5,0,0,0,1,0,0,6,39,0,0,4,5,128,2,28,4,7,12,2,5,12,5,2,3,0,2,14,45
-33,17,4,31,6,0,0,0,1,0,0,2,13,0,0,4,5,128,1,26,4,7,12,2,5,13,7,2,3,0,2,14,30
-84,16,5,38,6,0,0,1,1,0,1,8,7,0,0,4,5,128,1,23,3,5,12,4,8,16,9,3,3,0,2,15,30
21,15,5,30,6,0,0,2,1,0,1,13,2,0,0,4,5,128,2,21,2,4,11,4,9,18,9,3,3,0,1,14,15
23,15,5,22,6,0,0,2,1,0,0,9,6,0,0,4,5,128,2,21,3,4,12,3,8,17,8,3,3,0,2,12,30
25,15,5,27,5,0,0,2,1,0,0,5,10,0,0,4,5,128,2,21,3,6,12,3,7,16,7,3,3,0,1,13,15
51,13,5,23,6,0,0,2,1,0,0,14,1,0,0,4,5,128,2,19,2,5,13,5,10,16,8,4,3,1,2,12,45
19,12,4,25,5,0,0,3,1,0,0,6,9,0,0,4,5,128,2,18,2,5,13,5,9,15,8,5,3,1,2,13,0
19,11,3,25,4,0,0,3,1,0,0,12,3,0,0,4,5,128,1,18,4,6,16,4,9,15,8,5,3,1,2,13,0
35,11,3,19,4,0,0,3,0,0,0,10,5,0,0,4,5,128,1,18,4,7,16,4,8,15,7,5,3,1,2,12,0
-15,11,3,27,4,0,0,3,0,0,0,4,11,0,0,4,5,128,2,17,3,6,16,4,9,15,6,4,3,1,1,13,15
-26,10,3,29,3,0,0,3,0,0,0,13,2,0,0,4,5,128,0,17,4,7,17,5,10,14,7,5,3,1,1,13,30
-60,9,4,23,5,0,0,3,0,0,0,11,4,0,0,4,5,128,2,14,3,7,14,5,9,17,7,5,3,1,2,12,45
31,8,4,20,5,0,0,2,0,0,0,5,10,0,0,4,5,128,1,14,3,8,14,5,9,16,7,4,2,2,1,12,15
12,8,4,20,5,0,0,1,0,0,0,1,14,0,0,4,5,128,1,14,4,8,14,7,8,15,6,4,2,1,1,12,15
22,8,4,17,4,0,0,1,0,0,0,14,1,0,0,4,5,128,1,14,4,8,14,6,7,14,5,3,2,1,1,11,45
17,8,4,17,4,0,0,1,0,0,0,5,10,0,0,4,5,128,2,13,4,8,13,5,6,15,4,2,2,1,1,11,45
24,8,4,12,4,0,0,2,0,0,0,9,6,0,0,4,5,128,3,11,4,9,11,4,7,14,4,2,2,1,1,11,0
19,8,5,14,3,0,0,2,0,0,0,4,11,0,0,4,5,128,3,11,5,10,11,4,7,13,3,2,2,2,2,11,15
-28,7,4,15,2,0,0,2,0,0,0,4,11,0,0,4,5,128,2,11,5,10,11,3,6,13,3,1,2,2,2,11,30
-42,7,4,15,2,0,0,2,0,0,0,3,12,0,0,4,5,128,2,10,4,9,10,2,5,12,3,1,2,2,2,11,30
49,4,4,12,4,0,1,1,0,0,0,9,6,0,0,4,5,128,2,7,5,7,7,3,8,13,5,2,1,2,1,11,0
21,4,4,6,4,0,1,2,0,0,1,2,13,0,0,4,5,128,2,4,4,4,4,3,9,13,7,3,1,1,2,10,15
25,4,4,4,5,0,1,2,0,0,1,11,4,0,0,4,5,128,3,2,2,2,2,6,8,12,7,2,1,1,2,10,0
-308,3,3,38,5,0,0,2,0,0,1,6,9,0,0,4,5,128,2,2,2,2,2,5,7,11,7,3,0,1,2,15,30
0,0,0,2,5,0,0,2,0,0,2,1,14,0,0,4,5,128,1,0,0,0,0,6,9,10,9,5,0,0,2,9,45
-2,0,0,4,4,0,0,2,0,0,2,1,14,0,0,4,5,128,1,0,0,0,0,5,8,9,8,4,0,0,2,10,0
8,0,0,0,3,0,0,2,0,0,2,0,1,0,1,4,5,128,1,0,0,0,0,4,7,8,7,4,0,0,2,9,30
4,0,0,10,3,0,0,1,0,0,2,0,2,0,0,4,5,128,0,0,0,0,0,3,6,7,7,3,0,0,2,10,45
8,0,0,8,2,0,0,1,0,0,2,0,17,0,0,4,5,128,0,0,0,0,0,3,6,6,6,3,0,0,2,10,30
-12,0,0,6,2,0,0,1,0,0,1,0,20,0,0,4,5,128,0,0,0,0,0,2,5,5,5,2,0,0,2,10,15
-23,0,0,8,1,0,0,1,0,0,1,0,41,0,0,4,5,128,0,0,0,0,0,3,4,4,4,1,0,0,2,10,30
-76,0,0,10,1,0,0,1,0,0,0,0,55,0,0,4,5,128,0,0,0,0,0,3,3,3,3,1,0,0,2,10,45
9,0,0,2,1,0,0,0,0,0,0,0,57,0,0,4,5,128,0,0,0,0,0,2,2,2,2,1,0,0,2,9,45
15,0,0,0,0,0,0,0,0,0,0,0,72,0,1,4,5,128,0,0,0,0,0,1,1,1,1,0,0,0,2,9,30
2,27,3,55,2,0,0,1,0,0,0,8,7,1,0,3,5,127,1,53,4,5,10,2,3,10,3,2,6,0,2,17,30
-7,26,4,55,3,0,0,3,0,0,0,28,2,1,0,3,5,127,3,49,1,2,7,2,3,10,4,3,6,0,2,17,30
32,25,3,53,3,0,0,2,0,0,0,16,14,0,0,3,5,127,2,49,2,2,9,2,3,10,4,4,6,1,2,17,15
-7,24,2,53,2,0,0,3,1,0,0,4,11,0,0,3,5,127,2,47,0,4,11,2,7,10,5,3,6,1,2,17,15
4,22,2,51,2,0,0,2,1,0,0,7,8,0,0,3,5,127,0,47,4,6,13,6,8,12,6,3,5,1,2,17,0
26,22,2,50,4,0,0,1,1,0,0,7,8,0,0,3,5,127,1,45,2,5,12,6,7,11,6,3,5,0,2,16,30
-20,22,2,51,3,0,0,1,1,0,0,7,8,0,0,3,5,127,1,45,3,5,13,5,6,10,5,2,5,0,2,17,0
26,22,2,44,3,0,0,1,0,0,0,4,11,0,0,3,5,127,1,45,3,7,13,4,5,9,4,2,5,0,2,15,45
-37,22,2,48,2,0,0,1,0,0,0,13,2,0,0,3,5,127,1,45,3,7,13,3,4,8,3,1,5,0,1,16,15
8,22,2,46,1,0,0,1,0,0,0,12,3,0,0,3,5,127,1,45,3,7,13,2,3,7,2,0,5,0,2,16,0
25,22,4,46,3,0,0,0,0,0,0,13,2,0,0,3,5,127,2,43,3,9,14,2,3,8,2,0,5,0,2,16,0
-22,22,4,44,3,0,0,1,0,0,0,10,5,0,0,3,5,127,3,41,3,7,13,1,4,7,2,1,5,0,2,15,45
-24,20,3,43,4,0,0,2,0,0,0,10,5,0,0,3,5,127,2,38,4,6,13,3,4,12,5,3,5,0,2,15,30
24,18,2,35,4,0,2,3,0,0,0,27,3,0,0,3,5,127,3,34,1,5,11,3,5,13,7,3,5,1,2,14,30
8,18,2,36,3,0,2,3,0,0,0,20,10,0,0,3,5,127,2,34,2,5,11,2,4,13,7,2,5,1,2,14,45
-27,18,3,38,2,0,2,3,0,0,0,9,21,0,0,3,5,127,2,34,2,6,12,1,3,12,6,2,5,1,3,15,0
60,16,3,31,4,0,1,3,0,0,0,9,21,0,0,3,5,127,1,32,4,7,16,2,8,15,8,3,5,4,1,13,15
82,16,4,28,4,0,2,3,0,0,0,2,28,0,0,3,5,127,2,30,4,7,15,1,9,15,8,3,4,5,2,13,0
-6,13,1,34,6,0,2,4,0,0,0,13,2,0,0,3,5,127,2,26,3,6,14,8,9,18,11,4,4,4,1,14,15
-25,13,1,36,7,0,2,3,0,0,0,9,6,0,0,3,5,127,3,25,2,6,15,7,8,19,10,4,4,4,2,14,45
-36,13,2,31,7,0,1,3,0,0,0,4,11,0,0,3,5,127,2,25,2,7,15,7,9,18,10,4,3,4,1,13,15
24,13,2,28,6,0,1,3,0,0,0,3,12,0,0,3,5,127,2,25,2,7,15,6,8,17,9,4,3,3,2,13,0
-30,13,2,33,6,0,0,3,0,0,0,2,13,0,0,3,5,127,2,25,2,7,15,5,7,16,8,4,2,3,1,13,45
-86,13,2,38,6,0,0,2,0,0,0,10,5,0,0,3,5,127,1,25,3,8,17,4,8,17,8,4,1,2,3,15,0
-34,12,2,40,6,0,1,1,0,0,0,7,8,0,0,3,5,127,1,24,2,9,16,3,7,16,8,4,0,1,1,15,15
77,12,3,24,6,0,1,1,0,0,0,2,13,0,0,3,5,127,2,23,3,8,15,2,7,16,7,3,0,0,2,12,30
-118,12,3,40,5,0,1,1,0,0,0,8,7,0,0,3,5,127,1,23,4,10,17,1,6,16,7,3,0,0,1,15,15
17,12,6,26,7,0,2,1,0,0,0,6,9,0,0,3,5,127,2,19,6,9,17,5,11,19,9,4,0,0,3,12,45
17,11,5,24,7,0,2,0,0,0,0,5,10,0,0,3,5,127,1,19,6,9,17,4,10,18,9,4,0,0,2,12,30
1,11,6,26,8,0,2,0,0,0,0,14,1,0,0,3,5,127,3,17,4,9,15,4,10,18,8,3,0,0,3,12,45
-33,11,6,28,7,0,2,0,0,0,0,13,2,0,0,3,5,127,3,17,4,9,15,3,9,17,7,3,0,0,2,13,0
23,10,5,21,8,0,2,0,0,0,0,6,9,0,0,3,5,127,3,15,3,7,13,5,10,16,8,4,0,0,1,12,0
-3,8,5,21,8,0,2,0,1,0,0,1,14,0,0,3,5,127,2,13,3,8,13,6,11,18,10,4,0,0,1,12,0
-1,8,5,23,8,0,1,0,1,0,0,13,2,0,0,3,5,127,2,13,5,8,13,6,10,17,9,3,0,0,2,12,15
-273,8,5,48,7,0,1,0,1,0,0,10,5,0,0,3,5,127,2,13,5,8,13,6,9,16,8,3,0,0,1,16,15
6,8,5,17,7,0,0,0,1,0,0,10,5,0,0,3,5,127,2,13,5,8,13,5,8,15,7,3,0,0,2,11,30
4,7,5,15,6,0,0,1,1,0,0,11,4,0,0,3,5,127,1,12,5,8,12,5,10,17,8,3,0,0,2,11,15
-4,7,5,19,6,0,0,2,1,0,0,9,6,0,0,3,5,127,3,10,4,7,10,5,9,17,7,3,0,0,2,11,45
23,5,4,13,5,0,0,2,1,0,0,1,14,0,0,3,5,127,1,9,5,8,10,5,9,16,8,3,0,0,2,11,0
-19,5,4,19,4,0,0,2,3,0,0,11,4,0,0,3,5,127,3,8,3,6,8,4,8,15,7,2,0,0,2,11,45
52,5,4,4,4,0,0,1,3,0,0,6,9,0,0,3,5,127,2,8,4,6,8,5,7,14,7,2,0,0,2,9,45
-34,5,4,13,3,0,1,2,3,0,0,10,5,0,0,3,5,127,2,6,3,5,6,5,8,14,8,3,0,0,2,11,0
-13,5,4,17,3,0,1,2,3,0,0,4,11,0,0,3,5,127,3,5,3,5,5,4,8,13,7,3,0,0,2,11,30
4,3,3,11,3,0,1,2,2,0,0,10,5,0,0,3,5,127,1,5,3,5,5,4,7,14,8,4,0,0,2,10,45
20,2,2,11,2,0,1,2,3,0,0,7,8,0,0,3,5,127,1,4,2,4,4,3,6,13,8,4,0,0,2,10,45
2,2,2,6,2,0,0,2,3,0,0,12,3,0,0,3,5,127,1,4,3,4,4,3,8,12,7,3,0,0,2,10,0
-28,1,1,15,2,0,0,3,3,0,0,3,12,0,0,3,5,127,2,2,2,2,2,4,8,11,7,3,0,0,2,11,15
-3,1,1,8,2,0,0,3,2,0,0,4,11,0,0,3,5,127,1,2,2,2,2,4,7,10,7,4,0,0,1,10,15
-15,1,1,10,2,0,0,3,1,0,1,12,3,0,0,3,5,127,1,1,1,1,1,5,7,9,7,3,0,0,2,10,30
20,1,1,8,3,0,0,2,1,0,1,5,10,0,0,3,5,127,2,0,0,0,0,5,6,8,6,2,0,0,1,10,15
22,0,0,3,2,0,0,2,1,0,1,0,8,0,0,3,5,127,0,0,0,0,0,4,7,7,7,3,0,0,2,9,30
2,0,0,6,2,0,0,1,1,0,1,0,12,0,0,3,5,127,0,0,0,0,0,3,6,6,6,3,0,0,2,10,0
23,0,0,1,2,0,0,1,0,0,1,0,13,0,0,3,5,127,0,0,0,0,0,3,5,5,5,2,0,0,1,9,15
-1,0,0,1,1,0,0,1,0,0,1,0,19,0,0,3,5,127,0,0,0,0,0,2,4,4,4,2,0,0,1,9,15
-373,0,0,40,1,0,0,1,0,0,0,0,43,0,0,3,5,127,0,0,0,0,0,3,3,3,3,2,0,0,1,15,15
1,0,0,0,0,0,0,1,0,0,0,0,61,0,1,3,5,127,0,0,0,0,0,2,2,2,2,2,0,0,2,9,0
-19,0,0,4,0,0,0,0,0,0,0,0,61,0,0,3,5,127,0,0,0,0,0,1,1,1,1,1,0,0,2,9,45
14,21,3,59,0,0,0,0,0,0,0,13,0,1,0,2,5,126,0,59,2,6,14,1,1,5,1,0,8,1,1,17,40
21,17,0,51,4,0,1,1,1,0,0,8,7,0,0,2,5,126,2,51,2,9,14,3,6,13,6,4,8,0,2,16,45
4,17,1,55,3,0,1,1,1,0,0,4,11,0,0,2,5,126,1,51,3,10,14,2,5,12,6,3,8,0,2,17,15
-27,17,3,55,4,0,0,1,1,0,0,9,6,0,0,2,5,126,1,50,8,11,16,3,7,15,6,4,8,1,2,17,15
34,17,3,49,4,0,1,1,1,0,0,3,12,0,0,2,5,126,2,48,7,9,14,3,6,14,6,4,8,1,2,16,30
-24,17,4,53,5,0,1,1,1,0,1,1,14,0,0,2,5,126,2,45,6,8,12,5,7,16,8,5,8,2,2,17,0
-8,17,4,57,6,0,2,1,0,0,1,8,7,0,0,2,5,126,4,42,3,5,9,4,8,15,8,5,8,4,1,17,30
-22,16,3,51,5,0,2,3,0,0,1,11,4,0,0,2,5,126,4,40,3,5,7,4,8,15,9,6,7,4,2,16,45
-53,16,3,53,4,0,3,3,0,0,1,2,13,0,0,2,5,126,4,39,2,5,7,4,9,15,9,6,7,4,2,17,0
35,15,2,47,4,0,3,2,0,0,1,1,14,0,0,2,5,126,3,39,2,5,7,3,8,14,9,5,7,4,2,16,15
35,14,2,37,5,0,4,2,0,0,1,14,1,0,0,2,5,126,4,37,2,4,7,5,8,16,9,5,6,4,3,15,0
-1,14,2,43,5,0,4,2,0,0,0,10,5,0,0,2,5,126,4,37,2,4,7,4,9,16,8,4,6,3,2,15,45
-9,13,1,42,5,0,4,1,0,0,0,0,15,0,0,2,5,126,2,37,3,4,9,5,9,15,9,5,5,3,2,15,30
-33,13,1,49,5,0,3,1,0,0,0,12,3,0,0,2,5,126,2,37,3,4,9,4,8,14,8,4,4,2,2,16,30
-17,13,1,47,4,0,3,1,0,0,0,2,13,0,0,2,5,126,1,37,3,4,10,4,7,14,8,3,4,1,2,16,15
-102,13,1,57,4,0,3,1,0,0,1,9,6,0,0,2,5,126,3,35,2,2,9,5,7,13,7,2,4,1,1,17,30
-30,13,1,39,5,0,2,1,0,0,1,2,13,0,0,2,5,126,3,34,1,2,9,5,7,12,7,2,3,2,1,15,15
-29,13,1,45,4,0,2,1,0,0,1,39,6,0,0,2,5,126,3,34,1,2,10,4,6,12,6,1,3,1,2,16,0
24,12,1,35,4,0,2,1,0,0,1,26,19,0,0,2,5,126,2,33,0,3,13,4,9,11,7,0,3,2,2,14,45
17,12,1,37,4,0,2,0,0,0,1,25,20,0,0,2,5,126,2,33,0,3,13,3,8,10,6,0,3,2,3,15,0
-69,12,1,43,4,0,1,0,0,0,1,24,21,0,0,2,5,126,2,33,0,3,13,2,7,9,5,0,3,2,2,15,45
32,12,2,33,3,0,1,0,0,0,1,13,2,0,0,2,5,126,1,33,3,7,15,6,7,13,5,0,3,2,1,14,15
63,12,2,29,3,0,1,0,0,0,1,3,12,0,0,2,5,126,2,32,3,7,17,5,6,13,4,0,2,2,1,13,0
-97,12,2,39,3,0,0,0,0,0,1,8,7,0,0,2,5,126,2,32,4,8,18,5,6,14,3,0,1,1,1,15,15
-10,11,2,34,3,0,0,0,0,0,2,3,12,0,0,2,5,126,3,30,3,8,17,4,5,13,3,0,1,0,2,14,30
20,11,2,27,3,0,0,0,0,0,1,1,14,0,0,2,5,126,3,30,3,8,17,3,4,12,2,0,1,0,2,12,45
-37,11,2,35,2,0,0,0,0,0,1,13,2,0,0,2,5,126,3,30,4,8,17,2,3,11,1,0,1,0,2,14,45
-35,10,3,32,3,0,0,0,1,0,0,9,6,0,0,2,5,126,2,28,4,9,19,2,3,15,3,3,1,0,1,13,30
-40,10,3,31,4,0,0,2,0,0,0,2,13,0,0,2,5,126,1,25,5,10,17,2,7,18,6,5,1,1,1,13,15
12,8,2,18,8,0,0,2,0,0,0,6,9,0,0,2,5,126,2,20,4,8,15,6,9,18,9,6,1,1,2,11,45
18,7,3,24,9,0,0,2,0,0,0,6,9,0,0,2,5,126,2,18,4,9,14,7,13,19,10,5,0,1,2,12,30
-40,7,3,29,9,0,0,1,0,0,0,2,13,0,0,2,5,126,2,18,5,9,16,6,13,18,9,4,0,0,1,13,0
3,7,4,20,8,0,0,1,0,0,0,14,1,0,0,2,5,126,2,18,5,9,16,5,12,17,8,3,0,0,2,12,0
-11,7,4,27,7,0,0,1,0,0,0,13,2,0,0,2,5,126,2,18,5,10,16,4,11,16,7,3,0,0,2,12,45
-146,7,4,39,6,0,0,1,0,0,0,11,4,0,0,2,5,126,2,18,6,10,16,4,11,15,6,3,0,0,1,15,15
-12,7,4,24,8,0,0,0,1,0,0,1,14,0,0,2,5,126,3,15,4,7,15,5,11,15,7,4,0,0,2,12,30
-10,7,4,22,7,0,0,0,1,0,0,1,14,0,0,2,5,126,3,15,5,7,15,5,10,14,6,3,0,0,3,12,15
-17,6,3,22,8,0,1,0,1,0,0,11,4,0,0,2,5,126,2,12,4,6,12,8,9,16,9,5,0,0,3,12,15
42,6,3,13,7,0,1,0,1,0,0,6,9,0,0,2,5,126,2,12,4,7,12,8,9,17,8,5,0,0,2,11,0
-14,6,3,20,6,0,2,0,1,0,0,4,11,0,0,2,5,126,2,11,3,6,11,7,8,16,8,6,0,0,2,12,0
-1,6,3,15,5,0,2,0,1,0,0,1,14,0,0,2,5,126,2,10,3,6,11,6,7,15,7,6,0,0,1,11,15
-85,4,1,24,4,0,2,2,1,0,0,10,5,0,0,2,5,126,2,9,1,5,9,5,8,14,8,5,0,0,2,12,30
-17,4,2,15,4,0,1,2,1,0,0,6,9,0,0,2,5,126,2,9,2,5,9,4,7,14,7,5,0,0,1,11,15
-8,4,2,17,3,0,1,2,1,0,0,5,10,0,0,2,5,126,2,9,2,5,9,3,6,13,6,4,0,0,2,11,30
-20,3,2,18,3,0,1,2,1,0,0,11,4,0,0,2,5,126,2,8,2,6,8,2,5,12,6,3,0,0,2,11,45
10,3,2,13,3,0,1,2,0,0,0,9,6,0,0,2,5,126,2,8,3,6,8,2,4,11,5,2,0,0,2,11,0
0,3,3,12,4,0,1,2,0,0,0,10,5,0,0,2,5,126,2,6,4,6,6,3,8,13,6,2,0,0,2,10,45
-310,3,3,45,4,0,1,2,0,0,0,1,14,0,0,2,5,126,2,5,5,5,5,3,8,12,6,3,0,0,2,16,0
10,3,3,10,4,0,0,2,0,0,0,14,1,0,0,2,5,126,2,5,5,5,5,2,7,12,5,2,0,0,1,10,30
-25,1,1,10,5,0,1,2,2,0,0,4,11,0,0,2,5,126,3,0,0,0,0,6,8,11,8,6,0,0,1,10,30
-8,0,0,8,5,0,1,1,2,0,0,12,3,0,0,2,5,126,2,0,0,0,0,5,7,10,8,6,0,0,2,10,15
0,0,0,3,5,0,0,1,2,0,0,9,6,0,0,2,5,126,2,0,0,0,0,4,6,9,7,5,0,0,2,9,30
15,0,0,8,5,0,0,0,2,0,0,2,13,0,0,2,5,126,1,0,0,0,0,4,6,8,7,5,0,0,2,10,15
-5,0,0,7,4,0,0,0,2,0,0,0,5,0,0,2,5,126,0,0,0,0,0,3,6,7,7,6,0,0,2,10,0
4,0,0,1,3,0,0,0,2,0,0,0,9,0,0,2,5,126,0,0,0,0,0,2,5,6,6,5,0,0,2,9,15
-4,0,0,5,2,0,0,0,2,0,0,0,23,0,0,2,5,126,0,0,0,0,0,3,5,5,5,5,0,0,1,9,45
9,0,0,3,1,0,0,0,2,0,0,0,39,0,0,2,5,126,0,0,0,0,0,3,4,4,4,4,0,0,2,9,30
-21,0,0,5,0,0,0,0,2,0,0,0,53,0,0,2,5,126,0,0,0,0,0,3,3,3,3,3,0,0,1,9,45
-11,0,0,1,0,0,0,0,1,0,0,0,62,0,0,2,5,126,0,0,0,0,0,2,2,2,2,2,0,0,2,9,15
-1,0,0,0,0,0,0,0,0,0,0,0,74,0,1,2,5,126,0,0,0,0,0,1,1,1,1,1,0,0,2,9,0
16,29,2,56,2,0,0,1,0,0,0,5,10,1,0,6,5,123,1,54,2,7,17,2,3,9,3,1,7,0,1,17,30
15,29,6,56,3,0,0,1,0,0,0,7,8,1,0,6,5,123,2,52,4,10,16,2,4,12,3,1,7,0,1,17,30
17,28,8,54,4,0,0,2,0,0,0,1,14,0,0,6,5,123,2,49,5,12,15,3,5,14,5,2,7,1,2,17,15
-12,27,8,52,5,0,0,3,0,0,0,4,11,0,0,6,5,123,3,46,4,9,12,2,6,15,6,4,7,1,2,17,0
-13,26,8,54,5,0,0,2,0,0,0,12,3,0,0,6,5,123,2,46,7,9,13,2,6,14,6,5,7,2,2,17,15
-32,21,4,52,10,0,0,1,2,0,0,13,2,0,0,6,5,123,3,39,2,3,7,5,10,18,11,7,7,3,2,17,0
-8,21,4,51,10,0,0,1,2,0,0,9,6,0,0,6,5,123,4,37,2,3,6,4,9,17,10,6,6,3,2,16,45
4,20,4,48,9,0,0,2,2,0,0,11,4,0,0,6,5,123,4,37,1,3,9,5,10,16,10,6,6,2,2,16,15
59,19,3,39,8,0,0,2,2,0,0,5,10,0,0,6,5,123,3,37,1,3,9,5,10,15,10,6,6,3,2,15,0
14,19,3,43,7,0,0,2,2,0,0,1,14,0,0,6,5,123,3,37,1,3,9,5,9,14,9,6,5,3,2,15,30
2,18,2,49,6,0,0,3,2,0,0,6,9,0,0,6,5,123,3,36,1,4,9,5,8,13,9,6,5,2,1,16,30
17,18,2,43,5,0,0,3,2,0,0,6,9,0,0,6,5,123,3,36,1,4,9,4,7,12,8,5,5,2,2,15,30
5,17,1,47,4,0,0,3,2,0,0,8,7,0,0,6,5,123,2,36,2,4,9,6,8,11,8,6,5,3,1,16,0
8,17,2,45,3,0,0,3,2,0,0,2,13,0,0,6,5,123,2,36,2,4,9,5,8,10,7,6,5,3,1,15,45
35,17,2,45,2,0,0,3,2,0,0,0,15,0,0,6,5,123,2,36,2,4,9,4,8,9,6,6,4,3,1,15,45
9,17,2,41,2,0,0,3,2,0,0,5,10,0,0,6,5,123,2,35,3,3,10,3,8,9,6,6,4,2,2,15,15
-18,16,1,49,3,0,0,2,2,0,0,1,14,0,0,6,5,123,2,34,2,3,9,2,7,8,6,6,4,2,1,16,30
0,16,1,41,3,0,0,2,1,0,0,9,6,0,0,6,5,123,2,34,2,6,10,3,6,7,5,5,3,2,2,15,15
124,16,4,34,5,0,0,2,0,0,0,27,18,0,0,6,5,123,3,32,3,5,11,5,5,11,5,5,3,1,1,13,30
-54,16,4,39,4,0,0,2,0,0,0,25,20,0,0,6,5,123,3,32,4,5,11,4,4,10,4,4,2,1,2,15,0
19,16,5,37,4,0,0,1,0,0,0,21,24,0,0,6,5,123,3,32,4,5,13,3,3,11,3,3,2,0,2,14,45
-5,15,4,37,3,0,0,1,0,0,0,17,28,0,0,6,5,123,2,32,4,5,13,2,2,11,3,2,2,0,2,14,45
1,15,4,36,2,0,0,1,0,0,0,14,31,0,0,6,5,123,2,32,4,5,14,1,1,10,2,1,2,0,2,14,30
-47,11,3,35,5,0,1,2,0,0,0,11,4,0,0,6,5,123,3,26,4,8,15,4,9,16,6,3,2,1,1,14,15
50,10,2,21,7,0,1,2,0,0,0,8,7,0,0,6,5,123,4,23,3,6,13,6,8,17,7,2,2,1,2,11,45
-34,10,2,32,7,0,0,2,0,0,0,0,15,0,0,6,5,123,3,23,5,8,14,7,8,18,7,3,1,1,1,13,15
1,10,3,30,6,0,0,2,0,0,0,12,3,0,0,6,5,123,2,23,5,9,14,6,7,17,7,3,1,0,2,13,0
92,10,4,25,7,0,0,2,0,0,0,2,13,0,0,6,5,123,4,21,4,8,13,5,9,16,6,2,1,0,1,12,15
-38,10,4,30,6,0,0,2,0,0,0,12,3,0,0,6,5,123,3,21,4,9,14,4,8,15,6,2,1,0,2,13,0
7,10,4,32,5,0,0,2,0,0,0,8,7,0,0,6,5,123,3,21,4,9,14,3,7,15,5,1,1,0,1,13,15
54,10,4,23,6,0,0,1,0,0,0,8,7,0,0,6,5,123,4,20,3,8,13,2,6,14,4,0,1,0,2,12,0
43,10,5,27,6,0,0,1,0,0,0,2,13,0,0,6,5,123,4,19,4,7,12,1,6,13,4,1,1,0,2,12,30
-46,8,5,28,8,0,0,1,0,0,1,2,13,0,0,6,5,123,3,15,3,5,12,5,10,14,8,5,1,0,2,12,45
28,7,5,17,7,0,0,2,0,0,1,10,5,0,0,6,5,123,3,14,3,5,11,6,10,14,8,5,1,0,2,11,15
-55,7,5,28,6,0,0,2,0,0,1,7,8,0,0,6,5,123,2,14,3,5,11,5,9,15,8,6,1,0,2,12,45
-10,6,4,21,6,0,0,2,1,0,0,3,12,0,0,6,5,123,2,13,2,5,10,4,8,15,8,6,1,0,2,11,45
15,5,4,16,6,0,0,2,1,0,0,5,10,0,0,6,5,123,2,12,2,5,12,6,8,14,8,5,1,1,2,11,0
-2,5,4,25,5,0,0,2,1,0,0,1,14,0,0,6,5,123,2,12,3,5,12,6,7,13,7,5,1,1,1,12,15
-40,5,4,23,4,0,0,2,1,0,0,0,15,0,0,6,5,123,2,12,3,5,12,5,6,12,6,5,1,1,2,12,0
-4,3,2,19,4,0,0,3,1,0,0,10,5,0,0,6,5,123,2,10,3,6,10,5,6,14,7,5,1,1,2,11,30
16,3,2,19,3,0,0,3,1,0,0,10,5,0,0,6,5,123,2,10,3,6,10,4,5,13,6,4,1,1,2,11,30
-7,3,2,17,2,0,0,3,1,0,0,7,8,0,0,6,5,123,2,10,3,7,10,3,4,12,5,3,1,1,2,11,15
14,2,1,13,2,0,0,3,0,0,0,1,14,0,0,6,5,123,1,9,3,7,10,2,4,16,5,3,1,1,1,10,30
80,1,1,6,4,0,0,3,0,0,0,11,4,0,0,6,5,123,1,7,3,5,7,2,7,15,7,6,0,1,2,9,45
7,1,1,15,3,0,0,4,0,0,0,14,1,0,0,6,5,123,2,6,3,6,6,3,6,14,6,5,0,0,1,10,45
29,1,1,9,3,0,0,5,1,0,0,2,13,0,0,6,5,123,2,3,3,3,3,5,13,13,8,6,0,0,2,10,0
-12,1,1,11,2,0,0,5,1,0,0,0,15,0,0,6,5,123,2,3,3,3,3,4,12,12,7,5,0,0,2,10,15
14,1,1,6,1,0,0,5,1,0,0,10,5,0,0,6,5,123,2,3,3,3,3,4,11,11,6,4,0,0,2,9,45
-5,1,1,6,1,0,0,4,1,0,0,9,6,0,0,6,5,123,1,3,3,3,3,4,10,10,6,3,0,0,2,9,45
-23,0,0,13,1,0,0,3,1,0,0,4,11,0,0,6,5,123,0,3,3,3,3,3,9,9,6,3,0,0,1,10,30
-5,0,0,2,1,0,0,4,1,0,1,0,18,0,0,6,5,123,1,0,0,0,0,8,8,8,7,2,0,0,2,9,15
-35,0,0,11,1,0,0,3,1,0,1,0,20,0,0,6,5,123,0,0,0,0,0,7,7,7,7,3,0,0,2,10,15
47,0,0,4,1,0,0,2,1,0,1,0,27,0,0,6,5,123,0,0,0,0,0,6,6,6,6,3,0,0,3,9,30
-37,0,0,4,1,0,0,1,1,0,1,0,38,0,0,6,5,123,0,0,0,0,0,5,5,5,5,2,0,0,3,9,30
-33,0,0,2,0,0,0,1,1,0,1,0,40,0,0,6,5,123,0,0,0,0,0,4,4,4,4,2,0,0,2,9,15
6,0,0,0,0,0,0,1,0,0,1,0,40,0,1,6,5,123,0,0,0,0,0,3,3,3,3,1,0,0,2,9,0
-14,0,0,0,0,0,0,1,0,0,0,0,43,0,1,6,5,123,0,0,0,0,0,2,2,2,2,1,0,0,2,9,0
-31,0,0,9,0,0,0,0,0,0,0,0,43,0,0,6,5,123,0,0,0,0,0,1,1,1,1,1,0,0,2,10,0
-43,18,4,45,1,0,1,1,0,0,0,9,6,1,0,5,5,122,2,42,4,9,16,2,6,12,2,1,4,1,2,18,0
-28,18,4,42,1,0,0,1,1,0,1,15,15,0,0,5,5,122,2,40,4,7,15,2,7,12,3,0,4,0,1,17,15
-11,17,4,42,2,0,1,0,1,0,2,7,8,0,0,5,5,122,2,37,4,7,12,5,6,14,5,2,4,0,1,17,15
-38,14,1,44,2,0,1,1,1,0,2,6,9,0,0,5,5,122,1,35,3,6,11,5,7,15,7,5,4,1,1,17,30
-6,14,1,39,2,0,1,2,1,0,1,0,15,0,0,5,5,122,1,34,4,8,10,4,7,15,7,6,4,1,2,16,45
0,14,1,35,3,0,0,2,1,0,1,12,3,0,0,5,5,122,2,33,3,7,9,3,6,14,6,5,4,1,2,16,15
2,14,1,37,3,0,0,2,0,0,1,8,7,0,0,5,5,122,2,33,3,7,9,2,6,13,5,4,4,1,1,16,30
-33,14,1,40,3,0,0,2,0,0,0,6,9,0,0,5,5,122,2,33,3,8,9,1,5,12,4,3,4,1,2,17,0
-26,13,1,37,5,0,1,1,0,0,1,12,3,0,0,5,5,122,2,29,4,4,8,6,10,13,7,5,3,3,1,16,30
27,13,1,28,4,0,1,1,0,0,1,9,6,0,0,5,5,122,2,29,4,5,9,6,9,13,6,4,3,2,1,15,0
22,13,1,32,3,0,1,1,0,0,1,4,11,0,0,5,5,122,1,29,4,5,10,5,9,12,6,4,3,2,2,15,45
0,13,1,35,4,0,1,1,0,0,2,11,4,0,0,5,5,122,2,26,1,2,7,5,8,12,7,4,3,2,2,16,15
-7,13,1,30,5,0,0,1,0,0,2,0,15,0,0,5,5,122,3,25,0,2,7,5,7,11,6,3,2,2,1,15,30
-11,13,1,29,5,0,0,1,0,0,1,14,1,0,0,5,5,122,3,25,0,2,7,5,6,10,5,3,2,1,2,15,15
-74,13,1,40,5,0,0,0,0,0,1,11,4,0,0,5,5,122,3,25,1,2,8,4,5,9,4,2,1,1,2,17,0
-33,13,1,30,4,0,0,0,0,0,1,2,13,0,0,5,5,122,2,25,1,2,9,4,5,8,4,2,1,0,1,15,30
-22,12,0,33,3,0,0,0,0,0,1,4,11,0,0,5,5,122,0,25,1,3,11,3,5,9,5,3,1,0,2,16,0
-6,12,1,26,3,0,0,0,0,0,0,0,15,0,0,5,5,122,0,25,2,4,12,2,4,8,4,2,1,0,1,14,45
-54,12,1,33,3,0,0,0,0,0,0,35,10,0,0,5,5,122,1,24,1,5,12,1,4,7,3,2,1,0,2,16,0
-59,12,4,26,3,0,0,0,0,0,0,4,41,0,0,5,5,122,1,23,4,7,14,3,4,11,3,1,1,0,1,14,45
15,12,4,24,2,0,0,0,0,0,0,1,44,0,0,5,5,122,1,23,4,7,14,3,3,10,2,1,1,0,1,14,15
-1,11,4,25,4,0,0,0,0,0,0,9,6,0,0,5,5,122,2,20,3,8,13,2,4,11,3,2,1,0,2,14,30
-5,11,5,23,4,0,0,0,0,0,0,3,12,0,0,5,5,122,3,19,3,7,12,1,3,11,2,1,1,0,1,13,30
17,8,3,20,6,0,0,0,0,0,0,14,1,0,0,5,5,122,2,16,5,8,11,4,7,13,5,3,1,1,1,13,0
-27,8,3,20,5,0,0,0,0,0,0,9,6,0,0,5,5,122,1,16,6,8,11,4,6,13,5,3,1,1,1,13,0
15,6,2,18,6,0,0,2,0,0,0,3,12,0,0,5,5,122,2,12,3,5,11,5,8,13,7,4,1,1,2,12,45
20,5,2,16,6,0,0,2,0,0,0,2,13,0,0,5,5,122,2,11,2,4,10,4,7,12,7,3,0,1,2,12,30
29,5,2,15,5,0,0,2,0,0,0,11,4,0,0,5,5,122,2,11,3,4,10,3,8,12,6,2,0,0,2,12,15
-60,5,2,22,5,0,0,2,0,0,0,4,11,0,0,5,5,122,2,10,2,3,9,2,7,11,6,2,0,0,1,13,15
-20,5,2,18,4,0,0,2,0,0,0,2,13,0,0,5,5,122,2,10,2,3,10,1,6,11,5,1,0,0,2,12,45
5,4,2,13,7,0,0,1,0,0,0,12,18,0,0,5,5,122,2,7,1,4,7,6,7,13,7,4,0,0,1,12,0
-34,4,2,16,6,0,0,1,0,0,0,12,18,0,0,5,5,122,2,7,1,4,7,5,6,12,6,4,0,0,2,12,30
-19,4,3,13,5,0,0,1,0,0,0,4,26,0,0,5,5,122,2,7,2,6,7,4,6,12,5,4,0,0,1,12,0
-21,3,2,11,4,0,0,1,0,0,0,0,30,0,0,5,5,122,1,7,2,6,7,3,5,11,5,3,0,0,2,11,45
32,3,2,9,3,0,0,1,0,0,0,12,3,0,0,5,5,122,1,7,2,6,7,2,5,10,4,2,0,0,2,11,30
35,3,3,11,3,0,0,1,0,0,0,0,15,0,0,5,5,122,1,6,3,6,6,2,5,11,4,3,0,0,2,11,45
32,2,2,4,2,0,0,1,0,0,1,9,6,0,0,5,5,122,0,5,4,5,5,3,5,10,5,4,0,0,2,10,30
11,2,2,3,4,0,0,1,0,0,0,6,9,0,0,5,5,122,2,3,3,3,3,3,7,9,4,4,0,0,2,10,15
-41,1,1,9,6,0,0,0,0,0,0,13,2,0,0,5,5,122,2,1,1,1,1,3,6,8,5,4,0,0,2,11,30
12,0,0,8,5,0,0,0,0,0,0,4,11,0,0,5,5,122,0,1,1,1,1,4,7,7,6,4,0,0,2,11,0
-13,0,0,6,4,0,0,0,0,0,1,0,15,0,0,5,5,122,0,0,0,0,0,4,6,6,6,3,0,0,1,10,45
-7,0,0,1,3,0,0,0,0,0,1,0,21,0,0,5,5,122,0,0,0,0,0,4,5,5,5,2,0,0,1,10,0
-44,0,0,6,2,0,0,0,0,0,1,0,25,0,0,5,5,122,0,0,0,0,0,3,4,4,4,1,0,0,1,10,45
5,0,0,1,1,0,0,0,0,0,1,0,35,0,0,5,5,122,0,0,0,0,0,3,3,3,3,1,0,0,1,10,0
-58,0,0,4,1,0,0,0,0,0,0,0,49,0,0,5,5,122,0,0,0,0,0,2,2,2,2,0,0,0,2,10,30
7,0,0,0,0,0,0,0,0,0,0,0,55,0,1,5,5,122,0,0,0,0,0,1,1,1,1,0,0,0,2,9,45
31,36,3,54,0,0,0,0,0,0,0,28,0,1,0,4,5,121,0,55,2,4,14,1,1,6,1,0,3,0,1,17,30
1,32,3,53,4,0,0,1,1,0,0,1,29,0,0,4,5,121,2,48,6,8,12,5,7,14,5,3,3,2,2,17,15
7,32,3,51,4,0,0,1,0,0,0,13,2,0,0,4,5,121,2,48,7,9,12,4,6,13,4,2,3,2,1,17,0
12,31,2,49,3,0,0,2,0,0,0,10,5,0,0,4,5,121,2,47,7,8,11,3,5,12,4,1,3,2,2,16,30
0,31,3,54,3,0,0,2,0,0,0,6,9,1,0,4,5,121,2,46,6,7,10,2,4,11,4,0,3,2,1,17,30
-5,31,3,51,2,0,0,2,0,0,0,3,12,0,0,4,5,121,2,46,6,7,10,1,3,10,3,0,2,2,1,17,0
-8,29,4,49,5,0,0,3,1,0,0,14,1,0,0,4,5,121,5,40,1,3,8,3,5,12,5,2,1,1,2,16,30
16,29,4,45,4,0,0,3,1,0,0,6,9,0,0,4,5,121,4,40,3,3,9,2,7,12,5,2,1,0,2,16,0
12,28,3,47,4,0,1,2,1,0,0,2,13,0,0,4,5,121,3,39,2,3,10,3,7,12,6,1,1,1,2,16,15
10,26,1,45,6,0,1,1,1,0,0,4,11,0,0,4,5,121,3,37,0,3,9,5,8,11,7,3,1,1,2,16,0
-9,26,1,43,5,0,1,1,1,0,0,4,11,0,0,4,5,121,3,37,0,4,9,4,7,10,6,3,1,1,2,15,45
-4,25,1,43,4,0,1,1,1,0,0,12,3,0,0,4,5,121,2,37,2,5,12,6,7,11,6,4,1,1,2,15,45
-16,25,3,47,3,0,1,1,1,0,0,9,6,0,0,4,5,121,2,37,2,6,13,5,7,10,5,4,1,1,2,16,15
24,25,3,38,2,0,1,1,1,0,0,8,7,0,0,4,5,121,2,37,2,6,14,4,6,9,4,3,1,1,2,15,0
2,25,3,40,2,0,0,1,1,0,0,2,13,0,0,4,5,121,1,37,4,7,15,3,5,8,4,3,0,1,1,15,15
11,25,4,38,2,0,1,1,0,0,0,46,14,0,0,4,5,121,2,36,4,7,16,3,5,10,3,2,0,0,2,15,0
-41,25,4,40,2,0,1,1,0,0,0,45,15,0,0,4,5,121,3,35,3,6,15,2,4,9,2,1,0,0,1,15,15
-32,24,4,36,4,0,1,1,0,0,0,22,38,0,0,4,5,121,3,32,3,4,15,2,5,13,4,2,0,0,2,14,45
-32,23,4,35,3,0,1,1,0,0,0,11,49,0,0,4,5,121,2,32,3,7,17,2,4,13,4,2,0,0,2,14,30
12,21,3,34,4,0,1,2,0,0,0,5,10,0,0,4,5,121,2,29,3,8,17,3,4,14,6,4,0,0,1,13,30
-119,20,5,42,5,0,0,2,0,0,0,14,1,0,0,4,5,121,2,28,6,11,18,2,8,15,6,4,0,0,2,15,30
53,20,5,30,4,0,0,2,0,0,0,14,1,0,0,4,5,121,2,28,6,11,18,1,7,14,5,3,0,0,2,13,0
19,18,8,26,9,0,0,2,0,0,0,10,5,0,0,4,5,121,3,22,5,8,14,7,11,14,9,4,0,0,2,12,30
25,16,7,32,10,0,0,2,0,0,0,4,11,0,0,4,5,121,3,20,4,8,14,7,10,14,10,5,0,0,1,13,15
14,16,7,36,9,0,0,2,0,0,0,1,14,0,0,4,5,121,3,20,5,8,14,7,9,14,9,5,0,0,2,14,45
-6,16,7,28,8,0,0,2,0,0,0,13,2,0,0,4,5,121,3,20,5,8,14,6,8,14,8,4,0,0,2,12,45
-3,15,6,26,10,0,0,2,0,0,0,4,11,0,0,4,5,121,4,17,2,5,12,7,9,15,9,5,0,0,2,12,30
5,15,7,24,9,0,0,2,0,0,0,0,15,0,0,4,5,121,4,17,3,7,13,6,8,14,8,5,0,0,2,12,15
6,14,7,32,8,0,0,2,0,0,0,12,3,0,0,4,5,121,3,17,3,7,13,5,7,15,8,4,0,0,1,13,15
32,14,7,22,7,0,0,2,0,0,0,10,5,0,0,4,5,121,3,17,3,8,14,4,6,14,7,3,0,0,2,12,0
25,13,6,28,8,0,0,1,0,0,0,3,12,0,0,4,5,121,3,16,4,8,13,3,5,13,7,2,0,0,2,12,45
-6,12,6,30,9,0,0,0,0,0,0,11,4,0,0,4,5,121,3,15,3,7,13,2,5,12,7,3,0,0,2,13,0
5,11,5,22,8,0,0,0,0,0,0,5,10,0,0,4,5,121,2,15,3,7,13,3,4,12,7,3,0,0,2,12,0
-11,9,6,19,9,0,0,1,0,0,0,10,5,0,0,4,5,121,2,12,4,7,11,3,7,13,9,3,0,0,2,11,30
7,9,6,20,8,0,0,1,0,0,0,7,8,0,0,4,5,121,2,12,4,7,11,2,6,13,8,2,0,0,2,11,45
42,6,5,17,10,0,0,1,0,0,1,1,14,0,0,4,5,121,2,8,2,6,8,3,8,14,11,5,0,0,1,11,15
3,4,3,13,10,0,0,1,0,0,0,10,5,0,0,4,5,121,0,8,5,6,8,7,9,16,12,5,0,0,2,10,45
-5,4,4,15,11,0,0,1,0,0,0,4,11,0,0,4,5,121,2,6,3,4,6,6,8,16,11,4,0,0,2,11,0
52,3,3,13,10,0,0,1,0,0,0,15,15,0,0,4,5,121,1,6,4,5,6,5,7,16,11,4,0,0,2,10,45
-2,3,3,24,10,0,0,1,0,0,0,10,5,0,0,4,5,121,2,5,3,4,5,4,7,15,10,4,0,0,2,12,15
29,3,3,17,9,0,0,1,0,0,0,4,11,0,0,4,5,121,2,5,3,4,5,4,7,14,9,3,0,0,1,11,15
35,3,3,20,8,0,0,1,0,0,1,14,1,0,0,4,5,121,3,4,2,3,4,4,6,15,8,2,0,0,2,11,45
62,3,3,11,7,0,0,1,0,0,1,13,2,0,0,4,5,121,3,4,2,3,4,3,5,14,7,2,0,0,2,10,30
54,1,1,11,7,0,0,2,0,0,1,8,7,0,0,4,5,121,2,2,1,2,2,4,7,13,9,4,0,0,2,10,30
60,1,1,7,6,0,0,2,0,0,1,3,12,0,0,4,5,121,1,2,1,2,2,3,6,12,9,5,0,0,2,10,0
14,0,0,9,6,0,0,2,0,0,1,13,2,0,0,4,5,121,1,1,1,1,1,4,9,11,9,4,0,0,2,10,15
10,0,0,1,6,0,0,2,0,0,0,9,6,0,0,4,5,121,1,1,1,1,1,4,8,10,8,4,0,0,2,9,15
3,0,0,9,5,0,0,2,0,0,0,0,4,0,0,4,5,121,0,1,1,1,1,5,9,9,8,5,0,0,2,10,15
78,0,0,5,6,0,0,1,0,0,0,0,14,0,0,4,5,121,0,0,0,0,0,5,8,8,8,5,0,0,2,9,45
31,0,0,7,5,0,0,1,0,0,0,0,18,0,0,4,5,121,0,0,0,0,0,5,7,7,7,4,0,0,2,10,0
27,0,0,3,3,0,0,1,0,0,0,0,32,0,0,4,5,121,0,0,0,0,0,6,6,6,6,4,0,0,2,9,30
-13,0,0,0,3,0,0,1,0,0,0,0,32,0,1,4,5,121,0,0,0,0,0,6,6,6,6,4,0,0,2,9,0
-12,0,0,5,2,0,0,1,0,0,0,0,41,0,0,4,5,121,0,0,0,0,0,4,4,4,4,4,0,0,2,9,45
-17,0,0,1,1,0,0,1,0,0,0,0,45,0,0,4,5,121,0,0,0,0,0,3,3,3,3,3,0,0,2,9,15
-64,0,0,15,0,0,0,1,0,0,0,0,59,0,0,4,5,121,0,0,0,0,0,2,2,2,2,2,0,0,2,11,0
16,0,0,3,0,0,0,0,0,0,0,0,59,0,0,4,5,121,0,0,0,0,0,1,1,1,1,1,0,0,2,9,30
17,23,3,56,1,0,1,2,1,0,0,12,3,0,0,3,4,120,1,53,2,5,11,4,6,11,5,3,9,3,1,17,30
27,23,3,52,1,0,0,2,1,0,0,11,4,0,0,3,4,120,1,53,4,7,14,4,7,12,4,2,8,3,2,17,0
-22,23,3,58,1,0,0,1,1,0,0,8,7,1,0,3,4,120,1,53,5,8,14,4,6,11,3,2,7,2,1,18,0
29,22,2,51,2,0,0,1,1,0,0,12,3,0,0,3,4,120,2,51,3,6,13,3,6,11,3,2,6,2,2,16,45
-17,21,2,56,3,0,1,1,0,0,0,0,15,0,0,3,4,120,2,49,3,7,13,4,5,12,4,3,6,1,1,17,30
-21,21,3,52,3,0,1,1,0,0,0,9,6,0,0,3,4,120,3,48,3,6,13,3,4,12,3,3,6,1,2,17,0
4,20,2,49,2,0,1,2,0,0,0,9,6,0,0,3,4,120,2,47,3,5,14,3,5,13,4,3,6,2,1,16,30
-63,20,2,54,1,0,1,2,0,0,0,6,9,0,0,3,4,120,2,47,4,6,16,2,4,12,3,2,6,2,2,17,15
17,20,2,49,2,0,1,2,0,0,0,3,12,0,0,3,4,120,3,45,3,6,15,2,6,12,3,1,5,2,1,16,30
4,18,0,40,3,0,1,1,1,0,1,6,9,0,0,3,4,120,1,42,3,7,14,4,9,14,7,3,5,2,3,15,30
34,18,0,42,3,0,0,1,1,0,1,1,14,0,0,3,4,120,1,42,4,8,15,4,8,13,6,3,4,2,2,15,45
-1,18,1,45,3,0,0,1,1,0,1,1,14,0,0,3,4,120,1,41,5,10,15,5,8,12,6,3,4,1,2,16,0
-27,18,1,47,4,0,0,0,1,0,1,13,2,0,0,3,4,120,1,40,4,9,15,4,7,11,6,3,4,1,2,16,15
-22,18,1,40,4,0,1,0,0,0,1,5,10,0,0,3,4,120,2,39,4,8,15,5,7,12,5,2,4,1,3,15,30
-37,18,2,45,4,0,1,0,0,0,1,11,4,0,0,3,4,120,2,38,5,8,14,4,7,12,5,3,4,1,2,16,0
-33,18,3,47,4,0,1,0,0,0,1,6,9,0,0,3,4,120,2,37,6,8,13,4,6,11,5,3,4,1,2,16,15
10,18,3,38,4,0,1,1,0,0,0,12,3,0,0,3,4,120,2,36,5,7,12,3,7,10,5,2,4,1,2,15,15
-1,18,4,36,4,0,1,1,0,0,0,8,7,0,0,3,4,120,3,35,4,6,11,2,6,9,4,1,3,1,2,15,0
-7,18,5,34,6,0,0,1,0,0,0,40,5,0,0,3,4,120,2,33,3,6,10,3,5,10,6,3,3,0,2,14,45
-24,17,7,34,5,0,1,1,1,0,0,20,25,0,0,3,4,120,2,31,4,7,11,4,6,14,7,4,3,1,2,14,45
-1,16,6,32,4,0,1,1,2,0,0,18,27,0,0,3,4,120,2,30,3,6,10,3,5,13,7,5,3,1,1,14,15
-65,15,6,36,4,0,0,2,2,0,0,14,1,0,0,3,4,120,2,29,4,5,12,2,5,13,7,5,3,1,2,15,0
-61,15,6,42,3,0,0,2,2,0,0,13,2,0,0,3,4,120,2,29,4,5,12,1,4,12,6,5,3,1,2,15,45
-74,11,3,42,5,0,1,2,2,0,0,12,3,0,0,3,4,120,2,25,1,4,11,3,9,16,9,7,2,2,2,15,45
-12,10,2,33,5,0,1,1,3,0,0,6,9,0,0,3,4,120,2,24,0,4,11,2,9,15,9,7,2,1,2,14,30
22,10,2,30,5,0,1,1,2,0,0,14,1,0,0,3,4,120,2,24,1,5,11,3,8,15,8,6,2,1,1,13,15
54,9,3,21,5,0,0,1,2,0,0,5,10,0,0,3,4,120,0,24,4,7,15,7,11,17,9,5,1,2,1,12,0
55,9,3,25,5,0,0,1,1,0,0,3,12,0,0,3,4,120,0,24,4,7,15,6,10,16,8,5,1,1,2,12,30
50,9,3,29,5,0,0,1,1,0,0,9,6,0,0,3,4,120,1,23,5,8,15,6,10,15,7,4,1,1,1,13,0
32,9,3,31,4,0,0,1,1,0,0,8,7,0,0,3,4,120,1,23,5,8,15,5,9,14,6,3,1,1,1,13,30
63,8,2,21,4,0,1,1,1,0,0,0,15,0,0,3,4,120,2,21,4,7,14,4,8,14,6,2,1,1,1,12,0
5,8,2,25,4,0,1,1,0,0,0,13,2,0,0,3,4,120,2,21,4,7,14,3,8,13,5,1,1,1,2,12,30
-2,8,2,27,3,0,1,1,0,0,0,11,4,0,0,3,4,120,1,21,4,7,14,2,7,12,5,2,1,1,1,12,45
-18,7,3,21,4,0,1,1,0,0,0,9,6,0,0,3,4,120,1,19,3,6,13,5,9,14,6,3,1,1,1,12,0
46,6,3,24,5,0,1,1,0,0,0,10,5,0,0,3,4,120,2,17,3,6,13,5,9,18,6,3,1,1,2,12,15
-319,6,3,54,5,0,0,1,0,0,0,8,7,0,0,3,4,120,1,17,3,7,13,4,8,17,6,4,0,1,2,17,15
27,6,3,27,5,0,0,0,0,0,0,7,8,0,0,3,4,120,0,17,4,8,14,3,7,16,6,3,0,0,1,12,45
6,6,3,17,4,0,0,0,0,0,0,29,1,0,0,3,4,120,0,17,4,8,14,3,6,15,5,2,0,0,2,11,30
16,6,5,19,5,0,0,1,0,0,0,14,16,0,0,3,4,120,2,14,3,7,13,5,6,14,5,2,0,0,3,11,45
-22,6,5,19,5,0,0,1,0,0,0,2,28,0,0,3,4,120,3,13,4,6,12,4,6,14,4,2,0,0,3,11,45
-8,5,4,17,4,0,0,1,0,0,0,14,1,0,0,3,4,120,2,13,4,7,12,3,7,13,4,1,0,0,2,11,30
27,4,3,15,3,0,0,1,0,0,0,10,5,0,0,3,4,120,1,13,5,7,13,2,6,12,4,1,0,0,2,11,15
-14,4,3,15,2,0,0,2,0,0,0,9,6,0,0,3,4,120,2,12,4,6,12,1,5,11,3,1,0,0,2,11,15
38,1,1,7,2,0,1,3,2,0,0,4,11,0,0,3,4,120,3,7,1,4,7,6,9,14,6,3,0,0,2,10,0
27,1,1,5,2,0,0,3,2,0,0,10,5,0,0,3,4,120,1,7,3,6,7,8,8,14,7,4,0,0,2,9,45
1,1,1,13,2,0,0,2,3,0,0,0,15,0,0,3,4,120,1,6,3,5,6,7,8,14,7,5,0,0,2,10,45
-37,1,1,11,2,0,0,1,3,0,0,14,1,0,0,3,4,120,1,6,3,5,6,6,7,13,6,5,0,0,2,10,30
12,1,1,7,2,0,0,1,2,0,0,8,7,0,0,3,4,120,1,6,3,6,6,5,6,12,5,4,0,0,2,10,0
-17,1,1,13,2,0,0,0,2,0,0,6,9,0,0,3,4,120,1,6,3,6,6,4,5,11,4,3,0,0,2,10,45
13,1,1,11,1,0,0,0,2,0,0,3,12,0,0,3,4,120,1,6,3,6,6,3,4,10,3,2,0,0,2,10,30
-12,1,1,9,1,0,0,0,1,0,0,3,12,0,0,3,4,120,1,6,3,6,6,2,3,9,2,2,0,0,2,10,15
-13,1,1,9,1,0,0,1,1,0,0,14,1,0,0,3,4,120,2,4,3,4,4,1,2,8,2,2,0,0,2,10,15
-350,0,0,38,1,0,1,2,1,0,0,0,6,0,0,3,4,120,2,1,1,1,1,2,7,7,4,3,0,0,2,15,15
-13,0,0,5,1,0,1,2,0,0,1,0,32,0,0,3,4,120,1,0,0,0,0,4,6,6,5,4,0,0,2,9,45
16,0,0,0,0,0,1,2,0,0,1,0,36,0,1,3,4,120,1,0,0,0,0,5,5,5,4,3,0,0,1,9,0
-36,0,0,2,0,0,0,2,0,0,1,0,38,0,0,3,4,120,1,0,0,0,0,4,4,4,3,2,0,0,2,9,15
-30,0,0,3,0,0,0,1,0,0,1,0,45,0,0,3,4,120,0,0,0,0,0,3,3,3,3,2,0,0,2,9,30
-39,0,0,0,0,0,0,1,0,0,0,0,63,0,1,3,4,120,0,0,0,0,0,2,2,2,2,1,0,0,1,9,0
-48,0,0,3,0,0,0,0,0,0,0,0,65,0,0,3,4,120,0,0,0,0,0,1,1,1,1,1,0,0,2,9,30
17,16,0,49,0,0,0,0,0,0,0,0,0,1,0,2,4,119,0,50,2,4,12,1,2,7,1,0,3,0,2,17,30
-13,16,1,45,2,0,0,1,0,0,0,20,10,0,0,2,4,119,2,46,4,7,14,3,6,11,2,2,3,1,2,17,0
-42,16,2,47,2,0,0,1,0,0,0,9,21,0,0,2,4,119,1,45,4,7,14,2,6,11,3,2,3,1,2,17,15
-56,16,2,49,1,0,1,1,0,0,0,3,27,1,0,2,4,119,2,44,4,8,14,3,5,12,2,1,3,1,2,17,30
-23,16,3,47,3,0,2,0,0,0,0,8,7,0,0,2,4,119,2,41,3,8,13,4,5,12,4,2,3,1,2,17,15
-4,16,3,41,3,0,1,0,0,0,0,7,8,0,0,2,4,119,2,41,4,8,13,3,4,12,3,1,2,1,1,16,15
-48,16,3,45,2,0,1,0,0,0,1,0,15,0,0,2,4,119,2,40,4,8,12,2,6,13,3,1,2,0,2,17,0
-20,14,1,41,3,0,1,0,0,0,1,11,4,0,0,2,4,119,1,38,4,7,11,2,5,12,5,0,2,0,1,16,15
-10,14,2,39,4,0,1,1,1,0,1,13,2,0,0,2,4,119,2,34,3,5,10,4,8,14,7,2,2,1,3,16,0
-7,13,1,37,4,0,1,1,1,0,1,6,9,0,0,2,4,119,2,33,3,5,10,4,8,13,7,2,2,2,2,15,45
44,13,1,31,4,0,0,2,1,0,1,4,11,0,0,2,4,119,3,32,2,4,9,5,7,12,6,2,2,2,1,14,45
26,13,1,34,3,0,0,2,1,0,1,1,14,0,0,2,4,119,3,32,2,4,9,4,6,11,5,2,2,2,1,15,15
-22,13,2,37,3,0,0,2,1,0,1,11,4,0,0,2,4,119,2,31,2,4,10,4,7,11,6,3,2,2,2,15,45
-68,13,2,41,3,0,0,3,0,0,1,5,10,0,0,2,4,119,2,30,2,4,9,4,8,10,6,4,2,2,1,16,15
-56,13,2,39,2,0,0,3,0,0,1,5,10,0,0,2,4,119,2,30,2,4,9,3,8,9,5,3,2,2,3,16,0
4,12,1,28,3,0,0,3,0,0,0,39,6,0,0,2,4,119,1,29,1,3,9,4,7,10,6,2,1,2,1,14,15
-153,12,3,44,4,0,0,2,0,0,0,23,22,0,0,2,4,119,1,28,2,5,9,3,6,10,6,2,0,1,2,16,45
-32,12,3,34,3,0,0,2,0,0,0,16,29,0,0,2,4,119,1,28,2,5,11,5,5,10,5,2,0,0,1,15,15
-15,12,3,28,2,0,0,2,0,0,0,15,30,0,0,2,4,119,1,28,2,6,11,4,4,9,4,1,0,0,1,14,15
27,11,3,30,3,0,0,1,1,0,0,7,8,0,0,2,4,119,2,26,3,5,12,3,4,11,4,1,0,0,2,14,30
-38,11,3,33,2,0,0,1,1,0,0,7,8,0,0,2,4,119,2,26,3,5,12,2,3,10,3,1,0,0,2,15,0
-6,11,3,31,2,0,0,0,1,0,0,5,10,0,0,2,4,119,2,26,3,5,12,1,2,10,2,0,0,0,1,14,45
62,8,3,23,5,0,0,1,1,0,0,12,3,0,0,2,4,119,1,21,2,6,11,3,7,15,7,4,0,0,1,12,30
-30,8,3,27,4,0,0,1,1,0,0,3,12,0,0,2,4,119,1,21,4,7,13,4,8,14,6,4,0,0,2,13,30
-35,7,3,26,3,0,0,1,1,0,0,12,3,0,0,2,4,119,0,21,4,9,13,3,7,14,6,3,0,0,1,13,15
-1,6,2,23,4,0,0,1,1,0,0,8,7,0,0,2,4,119,0,19,5,7,13,5,8,14,7,3,0,0,1,12,30
3,6,3,25,5,0,0,1,0,0,0,5,10,0,0,2,4,119,1,18,4,6,12,5,8,13,6,2,0,0,1,13,0
54,5,3,20,7,0,0,0,1,0,0,2,13,0,0,2,4,119,2,15,3,5,10,4,10,14,7,2,0,0,1,12,0
-6,5,3,20,6,0,0,0,1,0,0,12,3,0,0,2,4,119,2,15,3,5,11,3,9,13,6,2,0,0,1,12,0
-231,5,3,36,5,0,0,0,1,0,0,10,5,0,0,2,4,119,2,15,3,5,11,3,8,12,5,2,0,0,2,15,30
21,5,4,22,4,0,0,0,1,0,1,6,9,0,0,2,4,119,2,14,2,5,10,3,7,12,5,2,0,0,2,12,15
31,4,3,18,3,0,0,0,3,0,1,10,20,0,0,2,4,119,2,12,2,6,11,6,8,16,6,1,0,0,2,11,45
-24,4,3,16,3,0,0,0,3,0,0,9,21,0,0,2,4,119,2,12,2,6,11,5,7,15,5,1,0,0,2,11,30
9,3,2,18,2,0,0,0,3,0,0,5,25,0,0,2,4,119,1,12,4,6,11,4,6,15,5,2,0,0,2,11,45
19,2,1,14,3,0,0,0,3,0,0,10,5,0,0,2,4,119,2,10,2,5,10,4,6,15,5,1,0,0,2,11,15
-8,2,1,16,2,0,0,0,3,0,0,8,7,0,0,2,4,119,2,10,2,5,10,3,5,14,4,1,0,0,2,11,30
1,2,1,14,2,0,0,0,2,0,0,6,9,0,0,2,4,119,2,10,2,5,10,2,5,13,3,1,0,0,2,11,15
6,1,0,12,4,0,0,0,1,0,0,12,3,0,0,2,4,119,2,8,3,6,8,3,6,14,4,2,0,0,2,10,45
-3,1,0,10,3,0,0,0,1,0,0,2,13,0,0,2,4,119,1,8,3,7,8,3,7,13,4,1,0,0,2,10,30
27,1,1,8,4,0,0,0,1,0,1,2,13,0,0,2,4,119,2,5,3,4,5,3,9,12,5,1,0,0,2,10,15
23,1,1,6,3,0,0,0,1,0,1,7,8,0,0,2,4,119,1,5,4,5,5,4,9,11,5,1,0,0,2,10,0
-11,1,1,6,3,0,0,0,1,0,1,24,6,0,0,2,4,119,2,4,3,4,4,6,9,10,4,0,0,0,2,10,0
-6,1,1,8,4,0,0,0,1,0,1,15,15,0,0,2,4,119,2,2,2,2,2,6,8,9,5,2,0,0,2,10,15
-61,1,1,12,5,0,0,0,0,0,1,7,23,0,0,2,4,119,2,1,1,1,1,6,8,8,5,3,0,0,2,10,45
-31,1,1,4,4,0,0,0,0,0,1,2,28,0,0,2,4,119,1,1,1,1,1,5,7,7,5,4,0,0,2,9,45
-23,0,0,4,4,0,0,0,0,0,0,0,1,0,0,2,4,119,0,1,1,1,1,5,6,6,5,4,0,0,2,9,45
-25,0,0,2,3,0,0,0,0,0,0,0,2,0,0,2,4,119,0,1,1,1,1,4,5,5,4,3,0,0,2,9,30
-33,0,0,10,2,0,0,0,0,0,0,0,7,0,0,2,4,119,0,1,1,1,1,3,4,4,3,2,0,0,2,10,30
0,0,0,0,2,0,0,0,0,0,0,0,18,0,1,2,4,119,1,0,0,0,0,3,3,3,2,2,0,0,2,9,0
-12,0,0,2,1,0,0,0,0,0,0,0,28,0,0,2,4,119,0,0,0,0,0,2,2,2,2,1,0,0,2,9,30
-18,0,0,0,0,0,0,0,0,0,0,0,45,0,1,2,4,119,0,0,0,0,0,1,1,1,1,0,0,0,2,9,0
-11,27,2,54,1,0,0,0,0,0,0,18,42,1,0,6,4,116,0,53,2,5,13,1,2,9,2,0,3,0,2,18,30
33,26,3,52,1,0,0,1,0,0,1,6,9,0,0,6,4,116,2,50,4,8,14,2,7,9,2,0,3,0,1,17,30
-20,25,4,50,3,0,0,2,0,0,0,9,6,0,0,6,4,116,2,47,5,9,13,5,7,8,4,1,3,1,2,17,15
2,24,3,48,2,0,0,4,0,0,0,14,1,0,0,6,4,116,2,45,4,7,11,5,6,8,5,0,3,1,2,17,0
-39,24,3,50,1,0,0,5,0,0,0,6,9,0,0,6,4,116,3,44,4,7,11,5,6,10,4,0,3,1,2,17,15
20,23,2,44,0,0,0,5,0,0,0,2,13,0,0,6,4,116,1,44,4,7,11,4,5,10,5,1,3,1,1,16,15
-39,23,2,52,0,0,0,4,0,0,0,1,14,0,0,6,4,116,1,44,4,7,11,3,4,9,4,1,3,1,1,17,30
-42,23,2,48,1,0,0,4,0,0,0,6,9,0,0,6,4,116,3,42,4,6,10,2,3,8,3,1,3,1,2,17,0
25,22,1,47,2,0,0,4,0,0,0,7,8,0,0,6,4,116,3,40,3,5,8,1,2,9,4,3,2,1,2,16,45
-12,21,1,44,4,0,0,4,0,0,0,7,23,0,0,6,4,116,3,37,2,4,8,1,5,13,6,4,2,1,1,16,15
35,20,0,40,5,0,0,4,0,0,1,4,11,0,0,6,4,116,1,34,2,3,10,5,8,14,10,6,2,1,2,15,45
0,20,1,42,5,0,0,4,0,0,1,9,6,0,0,6,4,116,1,33,1,4,10,6,10,14,10,5,2,1,2,16,0
-14,20,1,42,4,0,0,4,0,0,1,9,6,0,0,6,4,116,1,33,1,4,10,5,9,13,9,4,2,1,2,16,0
-31,20,1,40,4,0,0,3,0,0,1,8,7,0,0,6,4,116,1,33,1,4,11,4,9,12,8,4,1,1,2,15,45
19,20,1,32,4,0,0,3,0,0,0,4,11,0,0,6,4,116,1,33,1,4,11,3,8,12,7,4,1,0,1,14,15
-9,20,3,38,4,0,0,3,0,0,0,48,12,0,0,6,4,116,1,32,1,5,12,4,8,12,7,3,1,0,2,15,15
-68,20,3,46,3,0,0,3,0,0,0,45,15,0,0,6,4,116,1,32,2,5,12,3,7,11,6,2,1,0,1,16,30
-8,20,4,37,2,0,0,3,0,0,0,27,33,0,0,6,4,116,0,32,4,6,16,5,7,12,6,3,1,0,2,15,0
77,20,5,34,3,0,0,2,0,0,0,18,42,0,0,6,4,116,1,31,4,7,16,5,6,11,5,3,1,0,2,14,30
-9,19,4,35,4,0,0,1,0,0,0,13,47,0,0,6,4,116,1,30,3,6,15,4,6,11,5,2,1,0,1,14,45
-20,19,4,35,4,0,0,1,0,0,0,12,48,0,0,6,4,116,2,29,2,5,14,3,5,10,4,1,1,0,1,14,45
-3,19,4,32,3,0,0,1,0,0,0,9,51,0,0,6,4,116,2,29,2,7,15,2,4,9,3,1,1,0,1,14,15
-87,18,5,38,2,0,1,1,0,0,0,9,6,0,0,6,4,116,2,28,4,7,17,2,5,11,3,1,1,0,2,15,15
15,17,6,31,3,0,1,1,0,0,0,6,9,0,0,6,4,116,2,26,4,8,15,2,5,12,4,1,1,0,2,13,15
-1,15,6,29,3,0,1,1,0,0,1,3,12,0,0,6,4,116,2,24,4,9,16,3,5,12,5,1,1,0,1,13,0
33,14,7,27,4,0,1,1,0,0,1,5,10,0,0,6,4,116,2,22,4,8,16,3,6,12,6,1,1,0,2,12,45
48,14,8,22,4,0,0,1,0,0,1,0,15,0,0,6,4,116,2,22,4,8,16,3,7,12,5,1,1,0,2,12,0
11,12,7,26,4,0,1,1,1,0,1,14,1,0,0,6,4,116,2,19,4,8,14,3,7,13,7,4,1,0,2,12,30
9,11,7,29,5,0,1,0,1,0,1,3,12,0,0,6,4,116,2,18,4,8,15,5,7,14,7,5,1,0,1,13,0
0,9,6,24,7,0,1,0,1,0,1,2,13,0,0,6,4,116,2,15,4,7,13,4,7,13,9,5,1,0,1,12,15
53,7,7,18,6,0,1,0,2,0,1,6,9,0,0,6,4,116,1,14,3,8,13,5,6,12,10,5,1,0,2,11,30
13,7,7,20,6,0,0,0,2,0,1,4,11,0,0,6,4,116,1,14,4,8,13,4,6,11,9,5,1,0,2,11,45
11,7,7,18,5,0,0,0,2,0,1,3,12,0,0,6,4,116,1,14,4,8,13,3,5,10,8,4,1,0,2,11,30
-16,5,5,27,7,0,0,1,2,0,0,0,15,0,0,6,4,116,2,11,4,6,11,3,7,14,9,5,1,1,2,12,45
8,5,5,22,6,0,0,1,2,0,0,8,7,0,0,6,4,116,2,11,5,8,11,2,7,14,8,5,1,1,2,12,0
-14,4,4,24,5,0,0,2,2,0,0,0,15,0,0,6,4,116,2,10,4,7,10,3,7,15,8,5,1,1,1,12,15
23,0,0,16,6,0,1,3,1,0,1,5,10,0,0,6,4,116,2,6,3,5,6,6,6,18,11,7,1,1,2,11,15
27,0,0,14,5,0,1,3,1,0,1,1,14,0,0,6,4,116,2,6,3,5,6,5,5,17,10,7,1,1,2,11,0
135,0,0,0,5,0,1,3,0,0,1,12,3,0,1,6,4,116,2,6,3,5,6,4,6,17,9,7,0,1,1,9,0
15,0,0,16,4,0,1,3,0,0,1,5,10,0,0,6,4,116,2,6,3,5,6,3,6,16,8,7,0,0,2,11,15
24,0,0,7,4,0,1,4,0,0,2,11,4,0,0,6,4,116,4,3,1,3,3,2,7,15,8,6,0,0,2,10,0
-2,0,0,20,3,0,1,4,0,0,2,5,10,0,0,6,4,116,4,3,2,3,3,1,8,14,7,5,0,0,2,11,45
-26,0,0,9,4,0,1,5,0,0,1,1,14,0,0,6,4,116,2,1,1,1,1,8,12,13,10,5,0,0,2,10,15
93,0,0,3,3,0,1,5,0,0,1,13,2,0,0,6,4,116,2,1,1,1,1,7,11,12,9,5,0,0,2,9,30
45,0,0,5,3,0,0,5,0,0,1,9,6,0,0,6,4,116,1,1,1,1,1,8,11,11,9,5,0,0,2,9,45
-13,0,0,3,3,0,0,4,0,0,1,4,11,0,0,6,4,116,1,1,1,1,1,9,10,10,8,5,0,0,2,9,30
46,0,0,5,3,0,0,3,0,0,1,3,12,0,0,6,4,116,1,1,1,1,1,8,9,9,7,4,0,0,2,9,45
20,0,0,11,2,0,1,3,0,0,1,0,5,0,0,6,4,116,2,0,0,0,0,7,8,8,6,3,0,0,1,10,30
-56,0,0,11,2,0,1,2,0,0,1,0,9,0,0,6,4,116,2,0,0,0,0,6,7,7,5,2,0,0,1,10,30
-61,0,0,13,2,0,1,2,0,0,0,0,13,0,0,6,4,116,1,0,0,0,0,5,6,6,5,2,0,0,2,10,45
-2,0,0,2,1,0,1,2,0,0,0,0,20,0,0,6,4,116,1,0,0,0,0,5,5,5,4,2,0,0,2,9,15
43,0,0,7,1,0,1,1,0,0,0,0,21,0,0,6,4,116,1,0,0,0,0,4,4,4,3,1,0,0,2,10,0
-11,0,0,0,1,0,0,1,0,0,0,0,23,0,1,6,4,116,0,0,0,0,0,3,3,3,3,1,0,0,1,9,0
-11,0,0,9,1,0,0,0,0,0,0,0,26,0,0,6,4,116,0,0,0,0,0,2,2,2,2,1,0,0,2,10,15
-142,0,0,14,0,0,0,0,0,0,0,0,47,0,0,6,4,116,0,0,0,0,0,1,1,1,1,1,0,0,2,11,0
16,23,2,50,2,0,0,0,0,0,0,13,2,1,0,5,4,115,1,49,3,7,11,2,5,8,2,0,4,1,2,17,30
-30,22,2,50,2,0,2,0,0,0,0,24,6,1,0,5,4,115,1,46,2,5,10,4,5,8,4,2,4,2,2,17,30
5,22,2,47,1,0,2,0,0,0,0,13,17,0,0,5,4,115,1,46,4,5,11,3,4,7,3,2,4,2,2,17,15
-6,22,2,44,1,0,1,0,0,0,0,8,22,0,0,5,4,115,1,46,4,5,11,2,5,7,2,2,3,2,3,17,0
36,22,2,42,2,0,1,0,0,0,0,10,5,0,0,5,4,115,2,44,3,5,9,2,4,8,2,2,3,1,3,16,30
-45,20,1,47,3,0,1,1,0,0,0,13,2,0,0,5,4,115,1,41,1,5,10,3,3,11,5,3,2,1,2,17,15
-4,20,1,41,2,0,1,1,0,0,0,12,3,0,0,5,4,115,0,41,3,6,11,2,3,10,5,3,2,0,2,16,15
-13,20,1,39,2,0,0,1,0,0,0,11,4,0,0,5,4,115,0,41,3,6,11,1,2,9,4,2,2,0,1,16,0
33,19,1,37,4,0,1,2,0,0,0,9,6,0,0,5,4,115,2,36,2,5,9,4,8,12,6,4,2,1,2,15,45
-61,19,2,44,5,0,1,1,0,0,0,11,4,0,0,5,4,115,2,35,1,5,10,5,7,11,6,5,2,1,3,17,0
9,18,1,39,4,0,1,1,0,0,0,6,9,0,0,5,4,115,1,35,1,5,11,4,7,10,6,5,2,1,1,16,0
-28,18,1,37,3,0,1,1,0,0,0,11,4,0,0,5,4,115,0,35,4,5,12,5,7,10,6,4,2,1,2,15,45
6,18,1,32,3,0,1,1,0,0,0,2,13,0,0,5,4,115,1,34,3,5,12,4,7,10,5,3,2,1,2,14,30
30,18,2,33,2,0,1,1,0,0,0,43,2,0,0,5,4,115,1,34,4,5,12,3,6,9,4,3,2,1,1,14,45
-113,18,2,44,2,0,0,1,0,0,0,34,11,0,0,5,4,115,0,34,4,7,14,3,5,9,4,2,1,1,3,17,0
-86,18,3,36,1,0,0,1,0,0,0,33,12,0,0,5,4,115,0,34,4,7,14,2,4,9,3,1,1,0,2,15,30
-20,17,2,31,3,0,0,2,0,0,0,9,36,0,0,5,4,115,2,30,2,6,13,3,4,11,4,2,1,0,1,14,15
-10,17,3,35,2,0,0,2,0,0,0,13,2,0,0,5,4,115,1,30,3,7,15,3,4,10,4,2,1,0,1,15,0
-14,17,4,33,2,0,0,1,0,0,0,6,9,0,0,5,4,115,1,30,4,8,15,2,4,9,3,1,1,0,1,14,45
12,15,3,30,2,0,1,1,0,0,1,14,1,0,0,5,4,115,2,27,4,7,14,2,5,9,4,2,1,0,1,13,30
-2,15,7,28,5,0,2,1,0,0,0,5,10,0,0,5,4,115,4,23,3,7,12,3,7,14,5,2,1,0,1,13,0
-226,13,6,47,6,0,2,0,0,0,0,6,9,0,0,5,4,115,3,22,3,7,12,5,6,14,6,4,1,0,2,17,15
-219,12,5,42,6,0,1,0,0,0,0,11,4,0,0,5,4,115,1,22,5,8,15,5,5,15,7,4,1,0,3,16,30
3,12,6,25,6,0,1,0,0,0,0,4,11,0,0,5,4,115,3,20,4,7,13,4,5,17,6,4,1,0,1,12,30
31,12,6,27,5,0,1,0,0,0,0,13,2,0,0,5,4,115,2,20,5,7,14,3,4,16,6,4,1,0,1,12,45
49,11,5,23,4,0,1,0,0,0,0,9,6,0,0,5,4,115,1,20,5,7,14,2,4,15,6,3,1,0,2,12,15
-75,11,5,29,5,0,0,0,0,0,0,6,9,0,0,5,4,115,2,19,4,6,13,1,5,14,5,3,1,0,1,13,15
10,7,3,23,9,0,0,0,0,0,0,9,6,0,0,5,4,115,2,14,2,7,12,7,10,15,9,4,1,1,2,12,15
18,6,4,21,9,0,0,0,0,0,0,13,2,0,0,5,4,115,2,13,3,7,13,7,12,17,9,3,1,1,2,12,0
33,6,4,16,8,0,0,0,0,0,0,8,7,0,0,5,4,115,2,13,3,7,13,6,11,16,8,3,1,1,2,11,15
25,6,4,14,7,0,0,0,0,0,0,6,9,0,0,5,4,115,2,13,3,7,13,5,10,15,7,3,1,1,1,11,0
16,6,4,17,7,0,0,0,0,0,0,4,11,0,0,5,4,115,2,13,4,7,13,4,9,14,6,3,0,1,2,11,30
-13,6,4,25,6,0,0,0,0,0,0,3,12,0,0,5,4,115,2,13,4,7,13,3,8,13,5,2,0,0,1,12,30
7,5,4,17,6,0,0,0,0,0,0,11,4,0,0,5,4,115,2,12,5,8,12,4,7,13,5,2,0,0,2,11,30
12,5,4,19,5,0,1,0,0,0,0,2,13,0,0,5,4,115,2,11,5,7,11,6,6,17,5,2,0,0,2,11,45
37,4,4,10,5,0,1,0,0,0,2,2,13,0,0,5,4,115,3,8,2,4,8,5,6,16,6,3,0,0,2,10,30
-29,4,4,21,5,0,1,0,0,0,2,14,1,0,0,5,4,115,3,7,2,4,7,4,6,15,6,4,0,0,2,12,0
-14,4,4,12,5,0,0,0,0,0,2,8,7,0,0,5,4,115,3,7,3,5,7,3,5,14,5,4,0,0,2,10,45
-20,4,4,14,4,0,0,0,0,0,2,7,8,0,0,5,4,115,3,7,3,5,7,2,4,13,4,3,0,0,1,11,0
15,4,4,10,3,0,0,0,0,0,2,6,9,0,0,5,4,115,3,7,3,5,7,1,4,13,3,2,0,0,2,10,30
26,0,0,7,4,0,0,1,0,0,2,10,5,0,0,5,4,115,0,4,4,4,4,5,11,12,8,5,0,0,1,10,0
3,0,0,7,3,0,1,1,0,0,2,14,1,0,0,5,4,115,1,3,3,3,3,5,10,11,7,5,0,0,1,10,0
-32,0,0,6,4,0,0,1,0,0,2,7,8,0,0,5,4,115,1,2,2,2,2,9,10,10,7,6,0,0,2,9,45
-89,0,0,19,4,0,1,1,0,0,1,5,10,0,0,5,4,115,2,1,1,1,1,8,9,9,6,5,0,0,2,11,45
30,0,0,4,3,0,1,1,0,0,1,1,14,0,0,5,4,115,2,1,1,1,1,7,8,8,5,4,0,0,1,9,30
-57,0,0,12,4,0,1,1,0,0,0,0,15,0,0,5,4,115,0,0,0,0,0,6,7,7,7,5,0,0,2,10,45
30,0,0,2,3,0,1,1,0,0,0,0,20,0,0,5,4,115,0,0,0,0,0,5,6,6,6,4,0,0,2,9,15
-36,0,0,4,3,0,0,1,0,0,0,0,20,0,0,5,4,115,0,0,0,0,0,4,5,5,5,3,0,0,1,9,30
10,0,0,2,2,0,0,1,0,0,0,0,21,0,0,5,4,115,0,0,0,0,0,3,4,4,4,2,0,0,2,9,15
-7,0,0,0,1,0,0,1,0,0,0,0,22,0,1,5,4,115,0,0,0,0,0,2,3,3,3,1,0,0,2,9,0
-15,0,0,0,0,0,0,1,0,0,0,0,22,0,1,5,4,115,0,0,0,0,0,1,2,2,2,1,0,0,2,9,0
-48,0,0,9,0,0,0,0,0,0,0,0,53,0,0,5,4,115,0,0,0,0,0,1,1,1,1,1,0,0,2,10,15
12,32,2,58,5,0,1,0,1,0,0,1,14,1,0,4,4,114,2,52,1,4,11,3,5,11,6,2,4,0,2,17,30
24,32,3,58,4,0,1,0,1,0,0,13,2,1,0,4,4,114,2,52,2,5,11,2,4,10,5,2,4,0,2,17,30
48,32,3,54,3,0,2,0,1,0,0,14,1,0,0,4,4,114,3,51,2,6,11,2,4,12,4,2,4,0,2,17,0
-32,30,2,56,4,0,2,0,1,0,0,6,9,0,0,4,4,114,2,49,2,5,12,3,6,14,6,3,4,2,2,17,15
2,30,3,50,4,0,1,0,1,0,0,10,5,0,0,4,4,114,2,49,4,8,14,5,7,14,5,2,4,2,2,16,30
68,29,2,47,4,0,1,1,1,0,0,12,3,0,0,4,4,114,2,47,2,6,13,4,6,13,6,3,4,2,2,16,15
-38,29,3,52,5,0,0,2,1,0,0,13,2,0,0,4,4,114,3,45,3,5,13,5,8,15,6,4,3,2,2,16,45
-11,29,3,56,4,0,0,2,1,0,0,12,3,0,0,4,4,114,3,45,3,5,13,4,7,14,5,3,3,1,2,17,15
2,29,3,50,4,0,0,2,0,0,0,11,4,0,0,4,4,114,3,45,4,5,14,3,6,13,4,2,2,1,2,16,30
15,28,3,44,4,0,0,2,1,0,0,1,14,0,0,4,4,114,2,43,3,7,15,3,8,13,6,4,2,1,1,15,45
53,27,2,47,4,0,0,2,1,0,0,14,1,0,0,4,4,114,2,42,2,7,14,4,7,12,6,5,2,1,2,16,15
16,27,3,39,4,0,0,3,0,0,0,11,4,0,0,4,4,114,1,40,4,7,17,5,7,15,7,7,2,1,2,15,0
-32,27,3,46,5,0,0,2,0,0,0,1,14,0,0,4,4,114,1,40,4,6,17,5,9,15,7,7,2,1,3,16,0
7,26,3,41,4,0,0,2,0,0,0,0,15,0,0,4,4,114,0,40,5,7,17,4,8,14,7,7,2,1,1,15,15
-55,25,3,44,5,0,0,2,0,0,0,3,12,0,0,4,4,114,1,38,3,7,16,4,8,13,7,6,2,1,1,15,45
-65,25,4,52,6,0,0,1,0,0,0,13,2,0,0,4,4,114,2,37,3,6,15,3,7,13,6,5,1,1,2,16,45
-76,25,4,54,5,0,0,1,0,0,0,8,7,0,0,4,4,114,2,37,3,8,17,3,6,13,5,4,1,0,2,17,0
5,25,6,36,6,0,0,1,0,0,0,40,5,0,0,4,4,114,2,35,4,9,17,4,5,13,6,5,1,0,2,14,30
-45,24,7,39,6,0,0,1,0,0,0,23,22,0,0,4,4,114,1,34,5,11,18,4,8,15,7,6,1,1,2,15,0
-34,24,7,43,5,0,0,1,0,0,0,21,24,0,0,4,4,114,1,34,6,11,19,3,7,14,6,5,1,1,2,15,30
-69,24,7,47,4,0,0,1,0,0,0,20,25,0,0,4,4,114,1,34,6,11,19,2,7,13,5,4,1,1,2,16,15
1,22,5,37,7,0,0,0,0,0,0,10,35,0,0,4,4,114,2,31,5,8,17,2,6,15,6,4,1,1,2,14,45
-45,19,7,37,8,0,1,1,1,0,0,10,5,0,0,4,4,114,3,26,3,8,14,5,8,14,9,5,1,1,2,14,45
43,19,7,32,7,0,1,1,1,0,0,10,5,0,0,4,4,114,3,26,4,8,14,4,7,13,8,4,1,1,2,13,15
-22,19,8,33,8,0,0,1,1,0,0,0,15,0,0,4,4,114,3,25,3,8,13,4,7,12,8,5,0,1,1,13,30
-52,17,6,41,8,0,0,1,1,0,0,11,4,0,0,4,4,114,2,24,3,7,12,3,8,11,9,6,0,0,1,15,15
11,17,7,33,8,0,0,1,1,0,0,5,10,0,0,4,4,114,3,23,3,8,12,3,7,10,8,5,0,0,1,13,30
30,15,6,30,8,0,0,1,1,0,0,1,14,0,0,4,4,114,1,22,5,9,14,3,9,13,10,7,0,0,1,13,0
-10,14,6,30,9,0,0,1,1,0,0,9,6,0,0,4,4,114,2,20,4,7,14,5,8,13,10,7,0,0,1,13,0
-61,13,5,35,10,0,0,0,1,0,0,1,14,0,0,4,4,114,2,19,4,7,13,5,7,14,10,6,0,0,1,14,15
15,11,4,22,11,0,0,0,1,0,0,1,14,0,0,4,4,114,1,17,4,5,13,6,6,14,12,7,0,0,2,12,0
-24,11,4,26,10,0,0,0,1,0,0,13,2,0,0,4,4,114,1,17,4,5,14,5,5,15,11,6,0,0,2,12,30
37,11,4,28,9,0,0,0,1,0,0,12,3,0,0,4,4,114,1,17,4,5,14,4,4,14,10,6,0,0,2,12,45
28,10,3,26,10,0,0,0,1,0,0,5,10,0,0,4,4,114,2,15,3,4,13,3,3,14,10,6,0,0,2,12,30
31,9,2,28,10,0,0,0,1,0,0,13,2,0,0,4,4,114,2,14,2,4,13,2,5,13,10,5,0,0,2,12,45
135,9,2,18,9,0,0,0,1,0,0,12,3,0,0,4,4,114,2,14,2,4,13,1,4,12,9,4,0,0,2,11,30
20,7,6,20,11,0,0,1,1,0,0,1,14,0,0,4,4,114,2,10,4,8,10,7,11,21,12,5,0,0,2,11,45
43,7,6,24,11,0,0,1,0,0,0,14,1,0,0,4,4,114,2,10,4,9,10,6,10,20,11,5,0,0,2,12,15
71,7,6,16,10,0,0,1,0,0,0,14,1,0,0,4,4,114,2,10,4,9,10,5,9,19,10,4,0,0,2,11,15
96,5,5,12,10,0,0,2,0,0,0,2,13,0,0,4,4,114,2,8,4,7,8,4,9,19,11,4,0,0,2,10,45
34,5,5,22,9,0,0,2,0,0,0,1,14,0,0,4,4,114,2,8,4,7,8,4,8,19,10,4,0,0,2,12,0
31,3,3,10,10,0,0,1,0,0,1,6,9,0,0,4,4,114,2,6,4,5,6,5,7,19,11,4,0,0,2,10,30
-9,3,3,16,9,0,0,1,0,0,1,3,12,0,0,4,4,114,2,6,4,5,6,5,7,18,10,4,0,0,2,11,15
46,3,3,14,10,0,0,1,0,0,1,2,13,0,0,4,4,114,2,4,3,3,4,5,10,17,11,4,0,0,2,11,0
-1,2,2,9,10,0,0,1,0,0,1,0,15,0,0,4,4,114,2,3,2,2,3,4,9,16,11,5,0,0,2,10,15
6,2,2,10,9,0,0,1,0,0,1,13,2,0,0,4,4,114,2,3,2,2,3,3,9,15,10,5,0,0,2,10,30
25,1,1,14,8,0,1,1,0,0,1,5,10,0,0,4,4,114,2,2,1,2,2,2,9,14,10,5,0,0,2,11,0
21,0,0,24,7,0,2,1,0,0,1,9,6,0,0,4,4,114,2,1,0,1,1,4,11,13,10,5,0,0,2,12,15
-11,0,0,5,7,0,1,1,0,0,1,5,10,0,0,4,4,114,0,1,1,1,1,8,12,12,11,6,0,0,2,9,45
61,0,0,0,6,0,1,1,0,0,1,10,5,0,1,4,4,114,0,1,1,1,1,9,11,11,10,5,0,0,2,9,0
-8,0,0,5,6,0,0,1,0,0,1,10,5,0,0,4,4,114,0,1,1,1,1,8,10,10,9,4,0,0,2,9,45
37,0,0,7,5,0,0,1,0,0,1,6,9,0,0,4,4,114,0,1,1,1,1,7,9,9,8,3,0,0,1,10,0
-32,0,0,12,5,0,0,1,0,0,0,6,9,0,0,4,4,114,0,1,1,1,1,6,8,8,7,3,0,0,2,10,45
29,0,0,1,4,0,0,1,0,0,0,0,1,0,0,4,4,114,0,1,1,1,1,6,7,7,6,2,0,0,2,9,15
22,0,0,3,3,0,1,1,0,0,0,0,7,0,0,4,4,114,1,0,0,0,0,6,6,6,5,2,0,0,2,9,30
72,0,0,1,2,0,1,1,0,0,0,0,10,0,0,4,4,114,1,0,0,0,0,5,5,5,4,1,0,0,2,9,15
6,0,0,20,1,0,1,1,0,0,0,0,11,0,0,4,4,114,1,0,0,0,0,4,4,4,3,1,0,0,2,11,45
25,0,0,7,1,0,1,0,0,0,0,0,17,0,0,4,4,114,0,0,0,0,0,3,3,3,3,2,0,0,1,10,0
-45,0,0,3,1,0,0,0,0,0,0,0,29,0,0,4,4,114,0,0,0,0,0,2,2,2,2,1,0,0,2,9,30
-9,0,0,18,0,0,0,0,0,0,0,0,32,0,0,4,4,114,0,0,0,0,0,1,1,1,1,0,0,0,2,11,30
48,29,2,57,0,0,1,2,0,0,0,14,1,1,0,3,4,113,1,55,3,8,18,3,5,12,3,1,7,1,1,17,30
82,29,2,44,0,0,0,2,0,0,0,10,5,0,0,3,4,113,1,55,4,8,18,2,4,12,2,1,6,1,2,16,0
35,28,2,55,1,0,0,1,0,0,0,3,12,0,0,3,4,113,1,54,4,7,18,3,5,11,2,1,6,1,2,17,15
-28,27,3,57,2,0,0,2,0,0,0,10,5,1,0,3,4,113,1,51,4,9,17,2,6,12,4,1,6,1,1,17,30
-18,27,3,55,2,0,0,2,0,0,0,9,6,0,0,3,4,113,2,50,3,8,16,1,5,11,3,0,6,1,2,17,15
-23,27,3,51,4,0,0,2,0,0,0,7,8,0,0,3,4,113,2,47,5,10,16,4,8,15,5,2,5,2,2,16,45
4,27,4,53,4,0,0,1,0,0,0,3,12,0,0,3,4,113,2,47,5,11,16,4,7,14,4,1,5,1,2,17,0
13,25,2,49,4,0,1,1,0,0,0,12,3,0,0,3,4,113,2,45,5,9,14,3,6,15,5,1,5,1,2,16,30
1,25,2,44,3,0,1,1,0,0,0,6,9,0,0,3,4,113,2,44,8,9,14,4,5,14,4,1,5,1,2,16,0
-27,24,2,47,5,0,0,2,0,0,0,6,9,0,0,3,4,113,3,42,6,8,12,4,8,13,5,2,5,1,2,16,15
63,24,2,36,6,0,0,3,0,0,0,7,8,0,0,3,4,113,3,39,3,6,11,3,9,12,7,4,4,1,2,15,0
-1,24,2,49,8,0,0,2,0,0,0,6,9,0,0,3,4,113,5,37,1,5,9,2,8,12,6,4,4,0,2,16,30
31,24,2,38,7,0,0,2,0,0,0,13,2,0,0,3,4,113,5,37,3,5,9,3,8,12,5,3,4,0,2,15,15
-48,22,1,53,7,0,0,2,1,0,0,1,14,0,0,3,4,113,4,35,3,5,10,6,9,15,7,3,4,0,2,17,0
-36,22,1,44,7,0,1,1,1,0,0,13,2,0,0,3,4,113,4,34,2,4,9,6,8,14,7,3,4,0,2,16,0
-12,22,1,42,6,0,1,1,1,0,0,9,6,0,0,3,4,113,4,34,3,4,10,5,7,13,6,2,4,0,3,15,45
-81,22,1,51,5,0,1,1,1,0,0,6,9,0,0,3,4,113,3,34,3,4,10,4,6,12,6,1,4,0,2,16,45
-91,22,3,47,4,0,1,1,1,0,0,14,1,0,0,3,4,113,3,34,3,5,11,3,5,11,5,1,4,0,2,16,15
-38,22,3,38,5,0,0,1,1,0,0,8,7,0,0,3,4,113,3,33,2,5,10,4,4,13,5,2,4,0,2,15,15
-23,22,3,40,6,0,0,0,1,0,0,0,15,0,0,3,4,113,3,32,2,4,10,3,5,12,5,3,4,1,2,15,30
36,21,4,33,6,0,0,0,1,0,0,28,17,0,0,3,4,113,2,31,3,5,11,2,6,12,6,3,4,2,1,14,15
-7,21,4,34,5,0,0,0,1,0,0,28,17,0,0,3,4,113,2,31,3,5,11,1,5,11,5,3,4,2,1,14,30
-38,19,4,36,8,0,0,0,0,0,0,7,8,0,0,3,4,113,2,28,3,5,14,4,9,15,7,3,3,2,2,15,0
-102,19,4,42,7,0,0,0,0,0,0,4,11,0,0,3,4,113,2,28,3,6,14,3,8,14,6,2,3,1,3,15,45
21,17,3,35,6,0,1,0,0,0,0,4,11,0,0,3,4,113,1,27,4,6,15,4,8,14,7,3,3,1,2,14,45
-98,17,3,40,5,0,1,0,0,0,0,2,13,0,0,3,4,113,1,27,4,7,15,3,7,14,6,3,2,1,2,15,30
3,16,2,32,4,0,1,0,1,0,1,1,14,0,0,3,4,113,2,25,3,8,15,5,7,13,6,3,2,0,1,13,30
57,16,2,31,3,0,1,0,1,0,1,1,14,0,0,3,4,113,2,25,3,8,15,4,6,12,5,3,2,0,1,13,15
23,15,3,25,4,0,0,0,2,0,1,14,1,0,0,3,4,113,2,23,3,8,15,4,9,14,6,4,2,1,2,12,30
38,15,4,22,4,0,0,0,2,0,0,10,5,0,0,3,4,113,1,23,4,8,16,3,8,13,6,3,2,1,1,12,0
30,15,4,29,3,0,0,0,2,0,0,8,7,0,0,3,4,113,1,23,4,9,16,2,7,12,5,3,2,1,1,13,0
-23,14,4,29,5,0,0,0,1,0,0,5,10,0,0,3,4,113,2,21,6,9,16,5,7,13,5,4,2,1,1,13,0
-20,14,6,27,6,0,0,0,2,0,0,4,11,0,0,3,4,113,2,18,4,8,15,5,7,12,7,4,2,1,2,12,45
-27,14,7,25,6,0,0,0,2,0,1,14,1,0,0,3,4,113,4,16,3,7,13,5,6,11,6,4,2,1,2,12,30
55,14,7,24,5,0,0,0,2,0,1,14,1,0,0,3,4,113,4,16,3,7,13,4,5,10,5,4,2,1,2,12,15
33,14,7,20,5,0,0,0,1,0,1,13,2,0,0,3,4,113,4,16,3,7,13,3,4,9,4,3,2,1,2,11,45
36,12,7,14,6,0,0,0,1,0,0,14,1,0,0,3,4,113,3,15,4,7,14,3,6,11,5,3,1,1,2,11,0
99,11,8,19,7,0,0,0,1,0,0,0,15,0,0,3,4,113,4,13,4,8,13,2,6,13,5,3,1,0,2,11,30
-51,10,7,27,6,0,0,1,1,0,0,2,13,0,0,3,4,113,3,12,4,7,12,4,6,14,6,3,1,1,2,12,45
-10,6,4,22,6,0,0,2,3,0,0,11,4,0,0,3,4,113,3,8,3,5,8,4,5,15,9,4,1,1,1,12,0
13,6,4,17,5,0,0,2,3,0,0,9,6,0,0,3,4,113,3,8,3,7,8,4,4,15,8,4,1,1,1,11,15
37,6,4,14,5,0,0,2,2,0,0,5,10,0,0,3,4,113,3,8,3,7,8,3,4,14,7,4,1,1,2,11,0
23,3,2,13,5,0,0,2,2,0,0,6,9,0,0,3,4,113,1,7,4,7,7,2,5,15,9,4,1,1,3,10,45
-2,3,2,17,4,0,0,3,3,0,0,11,4,0,0,3,4,113,2,5,2,5,5,1,7,14,9,4,0,1,1,11,15
-46,2,2,14,5,0,0,4,3,0,1,5,10,0,0,3,4,113,2,1,1,1,1,6,11,15,12,6,0,0,2,11,0
77,2,2,4,5,0,0,4,2,0,1,3,12,0,0,3,4,113,2,1,1,1,1,7,11,14,11,5,0,0,2,9,30
30,2,2,12,5,0,0,3,2,0,1,0,15,0,0,3,4,113,2,1,1,1,1,6,11,13,10,5,0,0,1,10,30
-11,1,1,8,4,0,0,3,3,0,1,3,12,0,0,3,4,113,1,0,0,0,0,7,10,12,11,6,0,0,2,10,0
43,1,1,8,4,0,0,2,3,0,1,1,14,0,0,3,4,113,1,0,0,0,0,6,9,11,10,5,0,0,2,10,0
44,1,1,10,3,0,0,2,3,0,1,0,15,0,0,3,4,113,1,0,0,0,0,5,8,10,9,4,0,0,1,10,15
48,1,1,6,3,0,0,2,2,0,1,4,11,0,0,3,4,113,1,0,0,0,0,5,7,9,8,4,0,0,2,9,45
55,1,1,4,2,0,0,2,2,0,1,3,12,0,0,3,4,113,1,0,0,0,0,4,6,8,7,3,0,0,2,9,30
-19,0,0,10,2,0,0,1,2,0,1,0,2,0,0,3,4,113,0,0,0,0,0,5,7,7,7,4,0,0,1,10,15
69,0,0,2,1,0,0,1,2,0,1,0,4,0,0,3,4,113,0,0,0,0,0,4,6,6,6,3,0,0,2,9,15
-127,0,0,20,1,0,0,1,2,0,0,0,20,0,0,3,4,113,0,0,0,0,0,3,5,5,5,3,0,0,2,11,45
27,0,0,0,0,0,0,1,2,0,0,0,27,0,1,3,4,113,0,0,0,0,0,2,4,4,4,3,0,0,2,9,0
41,0,0,2,0,0,0,1,1,0,0,0,30,0,0,3,4,113,0,0,0,0,0,2,3,3,3,2,0,0,2,9,15
-24,0,0,6,0,0,0,0,1,0,0,0,59,0,0,3,4,113,0,0,0,0,0,2,2,2,2,2,0,0,2,9,45
3,0,0,0,0,0,0,0,0,0,0,0,62,0,1,3,4,113,0,0,0,0,0,1,1,1,1,1,0,0,2,9,0
30,25,2,54,1,0,1,1,0,0,0,5,10,0,0,2,4,112,2,54,3,6,14,2,5,10,2,0,4,0,2,17,15
-6,24,2,56,2,0,0,1,1,0,0,28,2,1,0,2,4,112,2,52,3,7,15,2,5,12,3,1,4,0,2,17,30
-28,23,5,54,4,0,0,2,0,0,0,1,29,0,0,2,4,112,2,49,4,9,14,4,7,16,5,3,4,0,2,17,15
-27,23,5,56,3,0,0,2,0,0,0,13,2,1,0,2,4,112,2,49,4,9,14,3,6,15,4,2,4,0,2,17,30
38,23,5,48,2,0,0,2,0,0,1,7,8,0,0,2,4,112,3,48,5,8,13,3,6,15,3,2,4,1,2,16,15
4,23,6,52,2,0,1,1,0,0,1,2,13,0,0,2,4,112,4,47,4,7,12,2,5,14,2,2,4,1,2,17,0
-8,22,5,48,5,0,1,1,0,0,1,7,8,0,0,2,4,112,3,43,3,7,9,4,7,14,6,2,4,1,2,16,15
-16,20,3,52,4,0,1,2,0,0,1,0,15,0,0,2,4,112,2,42,3,7,8,3,7,14,7,2,4,1,2,17,0
-14,19,2,50,4,0,1,1,0,0,1,10,5,0,0,2,4,112,1,42,3,7,8,3,7,15,7,1,4,1,2,16,30
17,18,1,42,5,0,0,1,1,0,1,11,4,0,0,2,4,112,2,40,4,5,6,4,10,15,7,0,3,1,2,15,30
-11,17,0,42,6,0,0,1,0,0,1,11,4,0,0,2,4,112,1,39,4,5,7,5,9,14,8,0,3,0,2,15,30
-14,17,0,50,6,0,0,1,0,0,0,7,8,0,0,2,4,112,1,39,4,5,7,5,9,13,7,0,3,1,2,16,30
-6,17,0,47,7,0,0,1,0,0,0,0,15,0,0,2,4,112,1,37,2,3,7,6,8,12,8,2,3,1,2,16,0
16,17,0,45,7,0,0,1,0,0,0,5,10,0,0,2,4,112,1,36,1,2,7,6,7,12,8,3,3,1,1,15,45
36,17,0,36,7,0,0,1,0,0,0,11,4,0,0,2,4,112,1,35,1,1,7,5,7,11,8,3,3,1,2,14,45
-2,17,0,36,6,0,0,1,0,0,0,7,8,0,0,2,4,112,1,35,1,1,8,5,8,11,7,3,3,1,2,14,45
71,17,0,35,5,0,0,1,0,0,0,5,10,0,0,2,4,112,0,35,1,1,8,4,8,10,7,4,3,1,2,14,30
-13,17,0,40,4,0,0,1,0,0,0,2,13,0,0,2,4,112,0,35,1,1,8,3,7,9,6,4,3,1,3,15,15
4,17,0,45,3,0,0,1,0,0,0,11,4,0,0,2,4,112,0,35,1,1,8,2,6,8,5,3,3,1,1,15,45
5,17,0,42,4,0,0,0,0,0,0,39,6,0,0,2,4,112,1,34,0,2,11,4,5,8,4,3,2,1,2,15,30
-8,17,3,38,3,0,0,0,0,0,0,20,25,0,0,2,4,112,0,34,0,5,11,4,5,9,4,4,2,0,2,15,0
-15,17,3,40,2,0,0,0,0,0,0,11,34,0,0,2,4,112,0,34,2,6,12,3,4,8,3,3,2,0,3,15,15
-14,17,3,34,1,0,0,0,0,0,0,10,35,0,0,2,4,112,0,34,2,6,12,2,3,8,2,2,2,0,1,14,15
-24,17,3,38,0,0,0,0,0,0,0,6,39,0,0,2,4,112,0,34,2,7,13,1,3,7,1,1,2,0,2,15,0
-31,15,2,33,1,0,2,0,1,0,0,5,25,0,0,2,4,112,2,29,4,6,16,3,5,12,3,2,2,1,1,13,30
22,14,1,28,3,0,1,0,1,0,0,3,7,0,0,2,4,112,2,27,4,6,16,2,5,11,4,3,2,1,2,12,35
20,13,1,25,4,0,0,0,1,0,0,6,9,0,0,2,4,112,1,26,3,8,16,3,7,12,5,4,1,1,1,12,30
-27,13,2,31,6,0,0,0,1,0,0,6,9,0,0,2,4,112,2,23,2,7,16,3,8,13,6,4,1,0,1,13,15
22,13,3,23,5,0,0,0,1,0,0,12,3,0,0,2,4,112,1,23,3,10,16,4,7,13,6,3,1,0,1,12,0
-22,13,5,25,5,0,0,0,1,0,0,10,5,0,0,2,4,112,1,22,6,11,18,5,7,13,6,4,1,0,1,12,30
-14,12,5,29,5,0,0,0,1,0,0,3,12,0,0,2,4,112,1,21,6,10,17,5,6,13,6,3,1,0,2,12,45
-26,12,5,29,4,0,0,0,1,0,0,1,14,0,0,2,4,112,1,21,7,10,17,4,5,13,5,2,1,0,2,12,45
110,12,5,18,5,0,0,1,0,0,0,7,8,0,0,2,4,112,3,19,6,8,16,4,6,15,4,2,1,0,2,11,15
-43,12,6,25,5,0,0,1,0,0,0,13,2,0,0,2,4,112,2,18,7,9,16,3,6,15,5,2,1,0,1,12,30
23,11,6,14,6,0,0,1,0,0,0,8,7,0,0,2,4,112,1,16,5,7,15,2,5,15,7,3,1,0,2,10,45
-10,10,6,24,7,0,1,1,0,0,0,10,5,0,0,2,4,112,3,13,2,6,13,2,6,16,7,2,1,1,3,12,15
-35,7,5,22,7,0,1,1,1,0,0,11,4,0,0,2,4,112,1,11,4,8,11,5,10,19,10,3,1,1,1,11,45
-5,7,5,16,7,0,0,1,1,0,0,9,6,0,0,2,4,112,1,11,4,8,11,4,10,19,9,3,1,1,2,11,0
-11,6,4,20,6,0,0,3,1,0,0,4,11,0,0,2,4,112,2,9,2,6,9,4,9,18,9,2,1,1,1,11,30
6,5,4,20,5,0,1,3,1,0,0,8,7,0,0,2,4,112,2,8,4,8,8,3,10,17,9,2,0,1,1,11,30
-117,4,4,31,5,0,1,3,1,0,0,0,15,0,0,2,4,112,2,7,3,7,7,4,11,17,9,2,0,0,1,13,15
24,4,4,10,5,0,1,3,0,0,0,9,6,0,0,2,4,112,2,7,4,7,7,6,11,17,8,1,0,0,2,10,15
21,2,2,12,7,0,1,3,0,0,0,7,8,0,0,2,4,112,2,4,4,4,4,7,11,16,10,2,0,0,2,10,30
-53,2,2,14,7,0,0,3,0,0,0,3,12,0,0,2,4,112,2,4,4,4,4,8,12,15,9,2,0,0,2,10,45
15,2,2,12,6,0,0,3,0,0,0,0,15,0,0,2,4,112,2,4,4,4,4,7,11,14,8,1,0,0,2,10,30
1,2,2,6,5,0,0,3,0,0,0,12,3,0,0,2,4,112,2,4,4,4,4,6,10,13,7,1,0,0,2,9,45
5,2,2,10,5,0,0,3,0,0,0,10,5,0,0,2,4,112,2,3,3,3,3,5,10,12,7,2,0,0,2,10,15
-4,2,2,18,6,0,0,2,0,0,0,14,1,0,0,2,4,112,2,2,2,2,2,5,9,11,7,2,0,0,2,11,15
10,1,1,4,5,0,0,2,0,0,0,11,4,0,0,2,4,112,1,2,2,2,2,5,8,10,7,1,0,0,2,9,30
1,0,0,8,6,0,0,1,0,0,0,5,10,0,0,2,4,112,2,0,0,0,0,5,7,9,7,1,0,0,2,10,0
2,0,0,16,6,0,0,1,0,0,0,5,10,0,0,2,4,112,2,0,0,0,0,5,7,9,7,1,0,0,2,11,0
10,0,0,8,6,0,0,0,0,0,0,0,6,0,0,2,4,112,1,0,0,0,0,5,7,7,6,1,0,0,2,10,0
-20,0,0,6,5,0,0,0,0,0,0,0,18,0,0,2,4,112,0,0,0,0,0,4,6,6,6,1,0,0,2,9,45
-20,0,0,2,4,0,0,0,0,0,0,0,24,0,0,2,4,112,0,0,0,0,0,3,5,5,5,0,0,0,2,9,15
6,0,0,0,3,0,0,0,0,0,0,0,26,0,1,2,4,112,0,0,0,0,0,2,4,4,4,0,0,0,2,9,0
-30,0,0,2,2,0,0,0,0,0,0,0,35,0,0,2,4,112,0,0,0,0,0,2,3,3,3,0,0,0,2,9,15
14,0,0,0,1,0,0,0,0,0,0,0,59,0,1,2,4,112,0,0,0,0,0,2,2,2,2,0,0,0,2,9,0
-7,0,0,4,0,0,0,0,0,0,0,0,66,0,0,2,4,112,0,0,0,0,0,1,1,1,1,0,0,0,2,9,30
21,24,6,55,4,0,1,1,0,0,1,4,11,1,0,6,4,109,2,49,4,9,10,3,6,14,6,4,4,0,2,17,30
12,24,6,55,4,0,0,1,0,0,1,29,1,1,0,6,4,109,2,49,4,9,10,2,6,13,5,3,4,0,2,17,30
7,22,4,53,5,0,1,1,0,0,1,10,20,0,0,6,4,109,2,46,4,6,9,4,6,14,7,4,4,0,2,17,15
9,20,2,51,6,0,2,1,0,0,2,3,12,0,0,6,4,109,4,42,2,3,6,4,6,15,8,5,4,0,2,17,0
-33,20,2,53,5,0,2,1,0,0,2,2,13,0,0,6,4,109,4,42,2,3,6,4,5,14,7,4,4,0,2,17,15
32,20,2,51,4,0,2,1,0,0,2,1,14,0,0,6,4,109,4,42,2,3,6,3,4,13,6,4,4,0,2,17,0
58,18,0,41,4,0,3,2,0,0,1,0,15,0,0,6,4,109,3,40,0,1,5,2,8,13,8,6,4,1,2,15,30
60,18,0,39,4,0,2,2,0,0,1,3,12,0,0,6,4,109,2,40,1,3,6,2,8,12,8,5,4,1,2,15,15
26,18,0,45,4,0,1,2,0,0,1,9,6,0,0,6,4,109,0,40,1,4,7,7,9,13,9,4,4,1,2,16,0
34,18,0,47,5,0,1,1,0,0,1,0,15,0,0,6,4,109,1,39,2,3,7,6,9,13,8,3,4,1,2,16,15
-4,18,0,41,4,0,1,1,0,0,1,0,15,0,0,6,4,109,1,39,2,3,7,5,8,12,7,2,4,1,2,15,30
37,18,0,49,4,0,1,1,0,0,0,14,1,0,0,6,4,109,1,39,2,3,7,4,7,11,6,2,4,1,2,16,30
-10,18,0,47,3,0,1,1,0,0,0,13,2,0,0,6,4,109,1,39,2,3,7,4,6,10,5,2,4,1,2,16,15
23,18,0,49,2,0,1,1,0,0,0,4,11,0,0,6,4,109,1,39,3,4,9,3,6,9,4,1,3,1,2,16,30
-12,18,0,45,2,0,0,1,0,0,0,11,4,0,0,6,4,109,1,39,3,4,11,2,5,8,3,0,3,0,2,16,0
19,18,0,43,3,0,0,1,0,0,0,29,1,0,0,6,4,109,2,37,1,3,11,3,5,7,3,0,3,0,2,15,45
-2,18,0,43,4,0,0,0,0,0,0,9,21,0,0,6,4,109,0,36,1,3,11,3,5,9,5,1,3,0,2,15,45
-4,18,0,37,3,0,0,0,0,0,0,7,23,0,0,6,4,109,0,36,2,3,11,2,4,9,4,1,3,0,2,15,0
-50,18,1,39,2,0,1,0,0,0,0,41,4,0,0,6,4,109,1,35,1,4,12,2,4,10,3,1,3,0,2,15,15
-37,18,4,35,3,0,0,0,0,0,0,15,30,0,0,6,4,109,1,34,2,8,15,3,3,9,3,0,3,0,2,14,45
-12,18,5,35,2,0,0,1,0,0,0,3,42,0,0,6,4,109,1,33,4,8,15,2,3,9,3,0,3,0,2,14,45
-23,18,6,37,1,0,0,1,0,0,0,6,9,0,0,6,4,109,1,33,6,8,15,1,5,10,2,0,3,0,2,15,0
-26,13,4,33,5,0,1,2,1,0,0,6,9,0,0,6,4,109,2,25,3,7,12,6,7,14,8,5,3,1,1,13,30
-37,13,5,34,4,0,1,2,1,0,0,0,15,0,0,6,4,109,2,25,3,7,12,5,6,13,7,4,3,1,2,14,15
-4,13,5,30,3,0,1,2,1,0,0,14,1,0,0,6,4,109,2,25,4,7,14,4,5,12,6,4,3,1,1,13,0
3,12,5,32,3,0,1,1,1,0,0,9,6,0,0,6,4,109,1,25,5,7,14,3,5,12,6,3,3,1,1,13,15
1,12,5,30,2,0,2,1,2,0,0,13,2,0,0,6,4,109,3,23,4,6,14,2,6,13,5,2,3,1,1,13,0
5,12,5,28,1,0,2,1,2,0,0,13,2,0,0,6,4,109,3,23,4,6,14,1,5,12,4,2,3,1,2,12,45
10,9,4,28,5,0,1,2,2,0,0,11,4,0,0,6,4,109,3,18,1,5,12,4,8,14,8,4,2,2,2,12,45
35,7,3,18,5,0,1,1,2,0,0,9,6,0,0,6,4,109,1,18,3,7,15,7,8,15,9,4,2,1,1,11,15
11,7,4,26,4,0,1,1,2,0,0,7,8,0,0,6,4,109,1,18,3,7,15,6,7,14,8,4,2,1,2,12,30
-18,7,5,24,3,0,2,1,2,0,0,1,14,0,0,6,4,109,2,17,3,7,14,5,8,13,7,4,2,2,2,12,15
11,6,4,22,3,0,2,1,1,0,0,5,10,0,0,6,4,109,1,17,4,9,15,4,8,14,7,4,2,2,2,12,0
-33,6,4,26,4,0,1,1,1,0,0,3,12,0,0,6,4,109,2,16,3,9,15,3,7,13,6,4,1,2,2,12,30
5,5,3,20,3,0,1,2,1,0,0,10,5,0,0,6,4,109,2,15,4,9,14,3,7,14,6,3,1,1,1,11,30
21,5,3,21,3,0,1,2,0,0,0,9,6,0,0,6,4,109,2,15,4,9,14,2,6,13,5,3,1,1,2,11,45
-14,4,3,16,4,0,1,4,0,0,0,11,4,0,0,6,4,109,3,11,5,8,11,5,8,20,7,3,1,1,2,11,0
12,3,2,18,4,0,1,4,0,0,0,5,10,0,0,6,4,109,3,10,4,7,10,4,7,19,7,3,1,1,1,11,15
-84,2,1,22,4,0,1,3,0,0,0,2,13,0,0,6,4,109,2,10,4,7,10,3,6,18,7,2,0,1,2,12,0
12,2,2,24,5,0,1,2,0,0,0,9,6,0,0,6,4,109,2,9,3,7,9,3,7,17,7,1,0,0,2,12,15
7,2,2,16,5,0,2,2,0,0,0,2,13,0,0,6,4,109,3,7,2,6,7,3,6,16,7,2,0,0,2,11,0
10,1,1,14,6,0,1,2,0,0,0,11,4,0,0,6,4,109,2,6,3,6,6,4,8,16,8,1,0,0,2,10,45
-26,1,1,12,6,0,1,2,0,0,0,4,11,0,0,6,4,109,2,5,4,5,5,4,8,15,8,2,0,0,2,10,30
9,1,1,10,6,0,1,1,0,0,0,0,15,0,0,6,4,109,2,5,4,5,5,3,10,14,7,1,0,0,2,10,15
2,0,0,12,7,0,1,1,0,0,0,12,3,0,0,6,4,109,1,3,3,3,3,5,12,13,9,3,0,0,2,10,30
-1,0,0,10,6,0,1,1,0,0,0,10,5,0,0,6,4,109,1,3,3,3,3,4,11,12,8,3,0,0,2,10,15
-12,0,0,4,7,0,1,1,0,0,0,0,3,0,0,6,4,109,0,1,1,1,1,10,10,11,10,4,0,0,2,9,30
-24,0,0,4,6,0,1,1,0,0,0,0,4,0,0,6,4,109,0,1,1,1,1,9,9,10,9,3,0,0,2,9,30
34,0,0,6,6,0,1,0,0,0,1,0,6,0,0,6,4,109,1,0,0,0,0,8,8,9,8,3,0,0,2,9,45
-8,0,0,8,5,0,1,0,0,0,1,0,20,0,0,6,4,109,1,0,0,0,0,7,8,8,7,3,0,0,2,10,0
-7,0,0,6,4,0,1,0,0,0,1,0,27,0,0,6,4,109,0,0,0,0,0,6,7,7,7,3,0,0,2,9,45
-127,0,0,14,4,0,1,0,0,0,0,0,27,0,0,6,4,109,0,0,0,0,0,5,6,6,6,2,0,0,2,10,45
-16,0,0,2,3,0,1,0,0,0,0,0,29,0,0,6,4,109,0,0,0,0,0,4,5,5,5,2,0,0,2,9,15
30,0,0,2,3,0,0,0,0,0,0,0,30,0,0,6,4,109,0,0,0,0,0,3,4,4,4,1,0,0,2,9,15
-34,0,0,8,2,0,0,0,0,0,0,0,31,0,0,6,4,109,0,0,0,0,0,2,3,3,3,1,0,0,2,10,0
16,0,0,0,1,0,0,0,0,0,0,0,32,0,1,6,4,109,0,0,0,0,0,1,2,2,2,1,0,0,2,9,0
-2,0,0,0,0,0,0,0,0,0,0,0,70,0,1,6,4,109,0,0,0,0,0,1,1,1,1,0,0,0,2,9,0
148,30,1,37,1,0,0,1,0,0,0,30,30,0,0,5,4,108,1,47,1,2,9,3,4,7,2,2,3,0,2,15,0
-12,30,1,48,0,0,0,1,0,0,0,26,34,1,0,5,4,108,1,47,1,2,9,2,3,6,1,1,3,0,2,17,30
-42,30,1,48,1,0,0,0,0,0,0,15,45,1,0,5,4,108,1,46,1,1,10,1,2,5,1,0,3,0,2,17,30
-2,29,2,47,0,0,0,1,0,0,0,2,28,0,0,5,4,108,0,45,3,7,16,1,4,6,2,0,3,1,2,16,30
22,28,5,43,3,0,2,0,0,0,0,0,15,0,0,5,4,108,1,40,4,9,18,4,4,10,5,2,2,1,1,15,45
-27,27,5,46,3,0,1,0,0,0,0,11,4,0,0,5,4,108,0,40,4,9,18,3,3,9,5,3,2,0,1,16,0
35,27,5,35,5,0,0,0,0,0,0,5,10,0,0,5,4,108,2,38,4,8,16,2,3,8,4,3,2,0,2,14,45
-17,25,5,43,4,0,1,1,0,0,0,0,15,0,0,5,4,108,1,36,5,10,15,1,5,9,6,4,2,0,1,15,45
1,22,4,35,7,0,0,4,0,0,0,38,7,0,0,5,4,108,4,30,5,8,13,5,6,13,8,4,2,0,2,14,45
25,22,5,34,7,0,0,4,0,0,0,31,14,0,0,5,4,108,3,29,4,7,13,4,5,15,9,4,2,0,2,14,30
-10,22,5,41,6,0,0,4,0,0,0,29,16,0,0,5,4,108,3,29,4,7,13,3,4,15,8,3,2,0,3,15,30
11,22,5,37,6,0,0,4,0,0,0,27,18,0,0,5,4,108,4,28,4,6,12,2,3,14,7,3,2,0,2,15,0
74,20,4,30,7,0,0,3,1,0,0,13,32,0,0,5,4,108,4,26,4,5,10,2,4,13,8,3,2,1,1,13,15
-29,20,6,39,8,0,0,4,1,0,0,6,9,0,0,5,4,108,5,23,2,4,8,2,6,15,9,2,2,2,2,15,15
-12,16,6,33,8,0,0,4,1,0,1,7,8,0,0,5,4,108,3,21,2,5,10,5,11,16,12,2,2,2,1,14,15
57,16,6,30,8,0,0,3,1,0,1,1,14,0,0,5,4,108,3,21,3,5,10,6,10,15,11,2,1,2,1,13,15
-85,16,6,41,8,0,0,2,1,0,1,10,5,0,0,5,4,108,3,21,4,5,12,5,9,14,10,2,0,1,3,15,30
28,14,5,26,8,0,0,3,1,0,1,14,1,0,0,5,4,108,3,19,3,3,11,8,10,13,11,4,0,0,2,12,45
45,14,6,28,7,0,0,3,1,0,1,9,6,0,0,5,4,108,3,19,3,4,11,7,10,12,10,3,0,0,2,13,0
17,14,6,26,7,0,0,3,1,0,0,5,10,0,0,5,4,108,3,19,3,4,11,6,9,12,9,2,0,0,2,12,45
84,13,5,28,7,0,0,3,1,0,0,2,13,0,0,5,4,108,3,18,2,4,10,5,9,12,9,2,0,0,2,13,0
26,12,6,32,6,0,0,3,1,0,1,7,8,0,0,5,4,108,3,17,1,4,10,5,8,11,9,2,0,0,1,13,30
49,12,6,24,6,0,0,3,1,0,1,4,11,0,0,5,4,108,4,16,0,4,9,5,7,10,8,2,0,0,2,12,30
-99,12,6,39,5,0,0,3,1,0,1,3,12,0,0,5,4,108,4,16,0,4,10,4,6,9,7,2,0,0,2,15,15
-133,12,7,43,4,0,0,3,1,0,1,0,15,0,0,5,4,108,4,16,0,4,10,3,5,9,6,2,0,0,1,15,45
19,10,6,22,4,0,0,3,0,0,1,7,8,0,0,5,4,108,2,16,3,7,12,4,5,13,7,3,0,0,2,12,15
9,10,6,19,4,0,0,3,0,0,0,6,9,0,0,5,4,108,2,16,3,7,12,3,4,13,6,2,0,0,1,11,45
4,9,6,22,4,0,0,3,0,0,0,10,5,0,0,5,4,108,2,15,4,7,12,3,3,14,6,2,0,0,2,12,15
26,8,5,24,4,0,0,2,0,0,0,5,10,0,0,5,4,108,1,15,4,7,13,2,3,13,6,2,0,0,2,12,30
24,5,3,19,7,0,0,2,0,0,0,11,4,0,0,5,4,108,2,11,3,6,11,1,4,14,8,3,0,0,1,11,45
-32,3,2,14,7,0,0,4,0,0,0,8,7,0,0,5,4,108,1,8,3,6,8,5,11,18,11,6,0,0,2,11,0
38,3,2,21,6,0,0,4,0,0,0,3,12,0,0,5,4,108,1,8,3,6,8,5,10,17,10,5,0,0,2,12,0
29,2,2,18,8,0,0,3,0,0,0,0,15,0,0,5,4,108,1,6,2,6,6,8,10,18,11,4,0,0,2,11,30
19,2,2,16,8,0,0,3,0,0,0,10,5,0,0,5,4,108,2,5,2,5,5,7,10,17,10,3,0,0,1,11,15
-14,2,2,10,7,0,0,3,0,0,0,10,5,0,0,5,4,108,2,5,2,5,5,7,10,16,9,3,0,0,1,10,15
16,2,2,13,6,0,0,3,0,0,0,6,9,0,0,5,4,108,2,5,3,5,5,6,9,15,8,3,0,0,2,10,45
24,1,1,14,5,0,0,4,0,0,0,12,3,0,0,5,4,108,1,4,3,4,4,5,9,14,9,4,0,0,2,11,0
99,1,1,3,4,0,0,4,0,0,0,11,4,0,0,5,4,108,1,4,4,4,4,4,8,13,8,4,0,0,2,9,30
29,1,1,10,3,0,0,4,0,0,0,6,9,0,0,5,4,108,1,4,4,4,4,3,9,12,7,4,0,0,1,10,15
-13,1,1,7,2,0,0,4,0,0,0,3,12,0,0,5,4,108,1,4,4,4,4,3,8,11,6,4,0,0,2,10,0
43,1,1,12,2,0,0,4,0,0,0,10,5,0,0,5,4,108,1,3,3,3,3,3,8,10,6,4,0,0,1,10,30
-51,0,0,7,4,0,0,4,0,0,0,3,12,0,0,5,4,108,2,0,0,0,0,6,9,9,7,5,0,0,2,10,0
6,0,0,5,3,0,0,4,0,0,0,0,3,0,0,5,4,108,1,0,0,0,0,5,8,8,7,5,0,0,3,9,45
-5,0,0,0,2,0,0,4,0,0,0,0,5,0,1,5,4,108,0,0,0,0,0,5,7,7,7,4,0,0,1,9,0
0,0,0,2,1,0,0,4,0,0,0,0,15,0,0,5,4,108,0,0,0,0,0,4,6,6,6,4,0,0,2,9,15
-1,0,0,0,0,0,0,4,0,0,0,0,19,0,1,5,4,108,0,0,0,0,0,4,5,5,5,4,0,0,1,9,0
-29,0,0,7,0,0,0,3,0,0,0,0,22,0,0,5,4,108,0,0,0,0,0,3,4,4,4,3,0,0,2,10,0
-22,0,0,16,0,0,0,2,0,0,0,0,33,0,0,5,4,108,0,0,0,0,0,3,3,3,3,2,0,0,1,11,15
24,0,0,5,0,0,0,1,0,0,0,0,49,0,0,5,4,108,0,0,0,0,0,2,2,2,2,1,0,0,3,9,45
60,0,0,3,0,0,0,0,0,0,0,0,53,0,0,5,4,108,0,0,0,0,0,1,1,1,1,1,0,0,2,9,30
-3,33,2,57,1,0,0,1,0,0,1,3,27,1,0,4,4,107,1,54,3,6,11,2,3,7,3,2,5,0,2,18,0
21,33,2,55,0,0,0,1,0,0,1,14,1,0,0,4,4,107,1,54,3,6,12,1,2,7,2,1,5,0,1,17,30
-11,32,3,53,3,0,0,2,0,0,1,18,12,0,0,4,4,107,3,49,3,6,11,3,5,11,4,1,5,0,2,17,15
34,31,2,51,3,0,0,3,0,0,0,12,3,0,0,4,4,107,1,48,3,6,10,3,5,10,6,2,5,0,2,17,0
13,31,3,53,5,0,0,2,0,0,0,5,10,0,0,4,4,107,3,46,2,4,9,3,4,9,5,2,5,0,2,17,15
-14,30,3,51,4,0,0,2,0,0,0,1,14,0,0,4,4,107,2,46,3,7,11,3,5,9,5,2,5,0,2,17,0
-32,30,3,55,5,0,0,2,0,0,0,8,7,0,0,4,4,107,3,44,2,5,10,2,7,9,5,1,5,1,1,17,30
22,29,2,48,5,0,0,2,0,0,0,1,14,0,0,4,4,107,1,43,4,5,13,3,6,12,7,3,5,1,1,16,15
-10,28,1,46,5,0,0,2,0,0,0,3,12,0,0,4,4,107,1,42,4,5,13,5,5,12,7,4,5,1,2,16,0
-19,27,0,48,6,0,0,3,0,0,0,3,12,0,0,4,4,107,3,39,1,4,12,4,5,12,7,4,5,1,1,16,15
3,27,0,46,5,0,0,3,0,0,0,1,14,0,0,4,4,107,3,39,1,4,13,3,4,11,6,4,5,1,2,16,0
-2,27,0,50,5,0,0,2,0,0,0,11,4,0,0,4,4,107,3,39,1,5,13,2,3,11,5,4,4,1,2,16,30
-12,27,0,44,4,0,0,2,0,0,0,9,6,0,0,4,4,107,2,39,1,5,13,1,3,10,5,3,4,1,2,15,45
18,27,5,39,5,0,0,2,0,0,0,43,2,0,0,4,4,107,1,37,4,9,17,4,8,11,7,3,4,1,2,15,0
-71,27,7,43,6,0,1,1,0,0,1,24,21,0,0,4,4,107,3,34,5,8,16,6,8,12,7,4,3,1,2,15,30
-20,27,8,41,5,0,1,1,0,0,1,21,24,0,0,4,4,107,3,34,5,9,16,5,7,11,6,4,3,0,1,15,15
5,27,8,44,4,0,1,1,0,0,1,18,27,0,0,4,4,107,3,34,5,9,16,4,6,10,5,4,3,0,2,15,45
-10,26,8,36,5,0,2,1,0,0,1,9,36,0,0,4,4,107,4,31,4,6,14,4,5,10,6,4,3,0,1,14,15
55,26,8,37,4,0,2,1,0,0,1,8,37,0,0,4,4,107,4,31,4,7,14,3,4,9,5,3,3,0,1,14,30
-45,25,9,39,4,0,2,1,0,0,1,13,2,0,0,4,4,107,4,30,4,7,13,3,4,9,5,3,3,0,2,15,0
-25,22,7,41,4,0,2,1,0,0,1,3,12,0,0,4,4,107,2,29,4,8,12,2,4,9,7,4,3,0,1,15,15
-60,20,6,38,7,0,2,1,0,0,0,0,15,0,0,4,4,107,3,26,2,7,13,2,4,11,8,4,3,0,2,14,45
13,17,7,35,8,0,2,1,0,0,0,3,12,0,0,4,4,107,1,24,4,7,15,2,6,18,11,7,3,0,1,13,30
12,16,6,34,9,0,2,1,0,0,0,9,6,0,0,4,4,107,2,22,4,5,13,3,6,17,11,7,3,0,1,13,15
49,14,4,30,10,0,2,1,0,0,0,3,12,0,0,4,4,107,2,20,3,7,13,4,8,18,12,8,3,0,2,12,45
-16,13,4,32,11,0,1,1,0,0,0,14,1,0,0,4,4,107,2,19,2,6,14,3,7,18,12,7,3,0,1,13,0
36,12,5,30,11,0,1,1,0,0,0,1,14,0,0,4,4,107,2,18,2,7,13,3,11,17,12,6,3,0,2,12,45
22,10,3,24,11,0,1,1,0,0,0,4,11,0,0,4,4,107,0,17,4,8,13,5,12,19,14,7,3,1,2,12,0
48,10,4,26,10,0,1,1,0,0,0,12,3,0,0,4,4,107,0,17,4,8,13,4,12,19,13,7,3,1,2,12,15
10,10,5,28,9,0,1,2,0,0,0,1,14,0,0,4,4,107,1,16,5,8,14,8,12,18,12,7,3,1,2,12,30
-3,10,5,22,10,0,1,2,0,0,0,13,2,0,0,4,4,107,3,14,3,7,12,7,12,17,11,6,3,1,2,11,45
93,10,6,16,9,0,1,3,0,0,0,8,7,0,0,4,4,107,3,13,3,6,11,7,11,16,11,6,3,1,2,11,0
35,9,6,28,8,0,1,3,0,0,0,11,4,0,0,4,4,107,2,13,4,8,13,8,11,16,11,6,3,1,2,12,30
125,8,5,12,8,0,1,3,0,0,0,3,12,0,0,4,4,107,3,11,2,6,11,8,10,16,11,6,3,1,2,10,30
44,8,5,18,8,0,1,3,0,0,0,3,12,0,0,4,4,107,3,11,2,6,11,8,10,16,11,6,3,1,2,11,15
37,8,6,26,7,0,1,3,0,0,0,2,13,0,0,4,4,107,3,11,3,6,11,6,8,14,9,5,3,1,2,12,15
12,8,6,24,6,0,1,3,0,0,0,2,13,0,0,4,4,107,3,11,3,6,11,5,7,13,8,4,3,1,2,12,0
19,7,5,32,7,0,0,3,0,0,0,10,5,0,0,4,4,107,2,10,3,5,10,5,7,14,9,4,2,2,1,13,0
40,7,5,18,6,0,0,3,0,0,0,8,7,0,0,4,4,107,2,10,3,5,10,4,7,13,8,4,2,1,2,11,15
7,7,5,20,5,0,1,3,0,0,0,3,12,0,0,4,4,107,2,9,2,5,9,3,7,13,8,4,2,1,2,11,30
41,5,4,16,5,0,1,2,0,0,0,8,7,0,0,4,4,107,0,9,4,7,9,3,7,14,9,6,2,2,2,11,0
-53,5,4,20,5,0,1,2,0,0,0,0,15,0,0,4,4,107,1,8,3,6,8,2,6,14,8,5,2,2,2,11,30
12,3,3,10,7,0,1,2,0,0,0,14,1,0,0,4,4,107,2,5,1,4,5,5,6,15,9,7,2,2,2,10,15
-33,2,2,22,7,0,1,1,0,0,0,11,4,0,0,4,4,107,0,5,3,5,5,4,8,14,10,7,1,2,2,11,45
11,2,2,8,6,0,1,1,0,0,0,9,6,0,0,4,4,107,0,5,3,5,5,3,7,13,9,6,1,1,2,10,0
19,2,2,12,7,0,1,0,0,0,0,6,9,0,0,4,4,107,1,4,2,4,4,3,6,12,8,5,1,1,2,10,30
89,2,2,4,6,0,1,0,0,0,0,2,13,0,0,4,4,107,1,4,3,4,4,2,6,11,7,4,0,1,2,9,30
-5,1,1,14,7,0,1,0,0,0,0,8,7,0,0,4,4,107,1,2,2,2,2,4,9,11,8,5,0,0,2,10,45
-1,0,0,6,6,0,2,0,0,0,1,0,10,0,0,4,4,107,1,0,0,0,0,6,9,10,9,6,0,0,2,9,45
46,0,0,8,5,0,2,0,0,0,1,0,15,0,0,4,4,107,1,0,0,0,0,6,8,9,8,6,0,0,2,10,0
10,0,0,2,4,0,2,0,0,0,1,0,16,0,0,4,4,107,1,0,0,0,0,5,7,8,7,6,0,0,2,9,15
-1,0,0,2,3,0,2,0,0,0,1,0,26,0,0,4,4,107,0,0,0,0,0,6,6,7,7,7,0,0,2,9,15
15,0,0,6,2,0,2,0,0,0,1,0,35,0,0,4,4,107,0,0,0,0,0,5,5,6,6,6,0,0,2,9,45
7,0,0,0,1,0,2,0,0,0,1,0,36,0,1,4,4,107,0,0,0,0,0,4,4,5,5,5,0,0,2,9,0
17,0,0,4,1,0,1,0,0,0,1,0,43,0,0,4,4,107,0,0,0,0,0,3,4,4,4,4,0,0,2,9,30
-18,0,0,0,1,0,0,0,0,0,1,0,50,0,1,4,4,107,0,0,0,0,0,2,3,3,3,3,0,0,2,9,0
11,0,0,10,0,0,0,0,0,0,1,0,53,0,0,4,4,107,0,0,0,0,0,1,2,2,2,2,0,0,2,10,15
-114,0,0,14,0,0,0,0,0,0,0,0,97,0,0,4,4,107,0,0,0,0,0,1,1,1,1,1,0,0,2,10,45
20,14,5,58,3,0,1,0,0,0,0,6,9,1,0,3,4,106,1,54,4,8,14,3,5,9,4,2,3,2,2,17,45
30,13,5,53,3,0,1,1,0,0,0,4,11,0,0,3,4,106,2,52,3,8,13,3,4,10,4,1,3,1,3,17,15
40,13,5,53,3,0,1,2,0,0,0,27,3,0,0,3,4,106,2,50,3,6,12,2,3,11,5,2,2,1,3,17,15
-27,11,3,55,4,0,0,2,0,0,0,5,25,0,0,3,4,106,1,49,5,8,13,2,5,13,6,2,2,0,1,17,30
-30,9,2,55,4,0,0,4,0,0,0,6,9,0,0,3,4,106,2,46,3,6,10,1,5,13,7,4,2,1,1,17,30
10,8,2,49,4,0,0,5,0,0,1,4,11,0,0,3,4,106,2,43,3,5,10,4,9,15,9,5,2,1,2,16,30
-40,8,2,51,4,0,0,5,0,0,1,3,12,0,0,3,4,106,3,42,2,4,9,3,8,15,8,5,2,1,2,17,0
-5,8,2,55,3,0,0,5,0,0,1,2,13,0,0,3,4,106,3,42,2,4,9,2,7,14,7,4,2,1,1,17,30
5,8,3,51,4,0,0,4,0,0,1,10,5,0,0,3,4,106,3,41,3,5,8,6,9,14,7,4,1,1,2,17,0
19,6,1,49,5,0,0,3,0,0,1,1,14,0,0,3,4,106,2,40,2,6,8,5,8,13,8,6,1,0,2,16,30
18,6,1,47,4,0,0,3,0,0,1,0,15,0,0,3,4,106,2,40,2,6,8,4,7,12,7,6,1,0,2,16,15
-24,6,1,45,4,0,0,4,0,0,0,14,1,0,0,3,4,106,1,39,3,6,8,6,7,13,8,6,1,0,2,16,0
21,6,1,45,4,0,0,3,0,0,0,13,2,0,0,3,4,106,1,39,3,6,8,5,7,12,7,5,1,0,2,16,0
-23,6,1,47,4,0,0,3,0,0,0,12,3,0,0,3,4,106,2,38,2,5,7,4,7,11,6,4,1,1,2,16,15
25,5,0,43,3,0,0,3,0,0,0,11,4,0,0,3,4,106,0,38,4,5,9,3,8,12,7,5,1,1,2,15,45
3,5,0,39,2,0,0,5,0,0,0,7,8,0,0,3,4,106,2,36,2,3,7,3,7,11,6,5,1,1,2,15,15
23,5,0,37,2,0,0,4,0,0,0,2,13,0,0,3,4,106,2,36,3,3,8,2,6,10,5,4,1,1,2,15,0
-38,5,0,43,3,0,0,4,0,0,0,41,4,0,0,3,4,106,2,34,1,2,8,5,6,9,6,5,1,1,2,15,45
-28,5,0,41,3,0,0,4,0,0,0,29,16,0,0,3,4,106,1,33,0,2,9,4,6,9,7,6,1,1,2,15,30
28,5,0,33,3,0,0,3,0,0,0,27,18,0,0,3,4,106,1,33,0,2,9,3,5,8,6,5,0,1,1,14,15
-28,5,0,37,3,0,0,2,0,0,0,18,27,0,0,3,4,106,0,33,1,3,9,2,4,7,6,5,0,0,2,15,0
-2,5,0,35,3,0,0,1,0,0,0,13,32,0,0,3,4,106,0,33,1,3,10,1,4,6,5,4,0,0,2,14,45
-8,5,1,34,4,0,0,0,0,0,0,12,3,0,0,3,4,106,1,32,3,6,14,3,4,10,4,3,0,0,2,14,30
-74,5,2,39,3,0,0,1,0,0,0,6,9,0,0,3,4,106,1,31,2,7,14,3,4,9,4,3,0,0,2,15,15
-57,5,2,35,3,0,0,1,0,0,0,2,13,0,0,3,4,106,2,30,4,7,17,2,3,12,3,3,0,0,2,14,45
-87,5,2,41,3,0,0,1,0,0,0,11,4,0,0,3,4,106,2,29,3,6,16,1,3,13,3,3,0,0,2,15,30
-36,3,0,31,4,0,0,4,0,0,0,7,8,0,0,3,4,106,3,24,2,7,14,3,6,17,6,5,0,0,1,13,15
7,3,1,25,4,0,0,4,0,0,0,11,4,0,0,3,4,106,2,23,5,10,18,5,11,17,7,5,0,0,1,12,15
-1,3,1,28,4,0,0,3,0,0,0,10,5,0,0,3,4,106,2,23,5,10,19,4,10,17,6,4,0,0,1,12,45
-37,3,2,30,6,0,0,4,0,0,0,3,12,0,0,3,4,106,3,19,6,8,16,7,11,18,8,4,0,0,1,13,0
-24,3,3,32,5,0,0,4,0,0,0,1,14,0,0,3,4,106,3,19,6,8,16,6,11,18,7,4,0,0,1,13,30
10,3,3,23,6,0,0,3,0,0,0,13,2,0,0,3,4,106,2,18,5,8,15,5,10,18,8,3,0,0,2,12,0
-14,3,3,21,5,0,0,3,1,0,0,5,10,0,0,3,4,106,2,17,5,7,14,6,11,18,8,2,0,0,2,11,45
-8,3,3,25,5,0,0,3,1,0,0,3,12,0,0,3,4,106,3,16,4,6,13,5,10,17,7,1,0,0,1,12,15
-23,3,3,23,5,0,0,2,1,0,0,12,3,0,0,3,4,106,1,16,4,6,14,4,9,16,8,2,0,0,2,12,0
-4,3,3,17,6,0,0,3,1,0,0,3,12,0,0,3,4,106,3,13,2,8,12,5,9,17,8,3,0,0,2,11,15
-41,2,2,27,6,0,0,2,1,0,0,13,2,0,0,3,4,106,2,13,3,8,13,5,8,17,8,4,0,0,2,12,30
-14,2,2,19,5,0,0,2,1,0,0,12,3,0,0,3,4,106,2,13,3,8,13,4,7,16,7,4,0,0,2,11,30
-29,1,1,21,6,0,0,1,1,0,0,12,3,0,0,3,4,106,1,12,3,8,12,5,8,17,8,6,0,0,2,11,45
-10,1,1,15,6,0,0,1,1,0,0,7,8,0,0,3,4,106,2,11,5,8,11,5,8,18,7,6,0,0,2,11,0
-74,0,0,28,5,0,0,1,1,0,0,2,13,0,0,3,4,106,1,11,6,8,11,4,8,17,7,5,0,0,1,12,45
-1,0,0,15,6,0,0,1,0,0,0,10,5,0,0,3,4,106,1,10,6,7,10,3,9,17,7,6,0,0,2,11,0
-14,0,0,13,5,0,0,1,0,0,0,9,6,0,0,3,4,106,1,10,6,7,10,3,8,16,6,5,0,0,2,10,45
-28,0,0,19,6,0,0,2,0,0,1,8,7,0,0,3,4,106,5,6,2,4,6,4,9,16,5,4,0,0,2,11,30
-38,0,0,11,6,0,0,3,0,0,1,10,5,0,0,3,4,106,4,4,1,4,4,6,10,15,7,6,0,0,2,10,30
-53,0,0,13,6,0,0,3,0,0,0,4,11,0,0,3,4,106,4,4,1,4,4,5,9,14,6,5,0,0,2,10,45
33,0,0,6,5,0,0,3,0,0,0,11,4,0,0,3,4,106,3,4,2,4,4,5,9,13,6,4,0,0,1,9,45
-93,0,0,17,5,0,0,3,0,0,0,3,12,0,0,3,4,106,3,3,2,3,3,5,10,12,6,4,0,0,2,11,15
-18,0,0,11,4,0,0,3,0,0,0,14,1,0,0,3,4,106,3,3,3,3,3,5,9,11,5,3,0,0,2,10,30
-44,0,0,9,3,0,0,3,0,0,0,13,2,0,0,3,4,106,3,3,3,3,3,4,8,10,4,2,0,0,2,10,15
47,0,0,8,2,0,1,3,0,0,0,0,3,0,0,3,4,106,2,2,2,2,2,5,9,9,5,3,0,0,2,10,0
-3,0,0,2,1,0,1,3,0,0,0,0,6,0,0,3,4,106,2,2,2,2,2,5,8,8,4,2,0,0,2,9,15
-8,0,0,4,2,0,1,2,0,0,0,0,13,0,0,3,4,106,3,1,1,1,1,5,7,7,3,2,0,0,2,9,30
14,0,0,9,3,0,1,1,0,0,0,0,19,0,0,3,4,106,2,0,0,0,0,4,6,6,4,3,0,0,2,10,15
-13,0,0,0,2,0,1,1,0,0,0,0,28,0,1,3,4,106,1,0,0,0,0,5,5,5,4,3,0,0,2,9,0
-32,0,0,2,2,0,0,1,0,0,0,0,36,0,0,3,4,106,1,0,0,0,0,4,4,4,3,3,0,0,2,9,15
-22,0,0,0,1,0,0,1,0,0,0,0,37,0,1,3,4,106,1,0,0,0,0,3,3,3,2,2,0,0,2,9,0
-23,0,0,4,1,0,0,0,0,0,0,0,49,0,0,3,4,106,0,0,0,0,0,2,2,2,2,2,0,0,2,9,30
-90,0,0,6,0,0,0,0,0,0,0,0,56,0,0,3,4,106,0,0,0,0,0,1,1,1,1,1,0,0,1,9,45
58,10,2,42,2,0,1,3,0,0,1,13,2,0,0,2,4,105,2,40,2,3,9,3,5,11,6,2,9,2,2,17,0
-7,10,2,44,2,0,1,4,0,0,0,10,5,0,0,2,4,105,1,39,1,4,8,4,6,11,7,3,9,3,2,17,15
-15,10,3,46,2,0,0,4,0,0,0,2,13,1,0,2,4,105,1,39,2,5,10,3,7,12,6,2,8,4,2,17,30
-40,9,3,46,2,0,0,3,0,0,1,2,13,1,0,2,4,105,1,38,2,5,10,4,6,12,6,1,8,3,2,17,30
73,9,3,41,2,0,0,2,0,0,1,13,2,0,0,2,4,105,1,38,3,5,10,3,5,12,5,1,7,3,2,16,45
24,8,3,42,1,0,0,3,0,0,1,5,10,0,0,2,4,105,0,37,4,6,11,4,7,12,6,2,7,2,2,17,0
67,8,3,38,2,0,0,2,0,0,1,3,12,0,0,2,4,105,1,36,3,5,10,3,6,11,5,2,6,2,1,16,15
-34,8,3,44,3,0,0,2,0,0,1,8,7,0,0,2,4,105,3,34,2,3,8,3,6,10,4,2,6,1,2,17,15
0,8,3,40,3,0,0,1,0,0,1,5,10,0,0,2,4,105,3,34,3,4,8,2,6,9,3,1,5,2,1,16,30
3,6,1,33,3,0,0,1,0,0,1,12,3,0,0,2,4,105,2,33,2,5,10,3,7,10,4,2,5,2,2,15,30
15,6,1,34,5,0,0,1,0,0,0,3,12,0,0,2,4,105,3,31,2,3,8,4,7,10,4,1,5,2,2,15,45
-51,5,1,36,4,0,0,1,0,0,0,12,3,0,0,2,4,105,2,31,2,3,9,4,6,11,4,0,5,2,2,16,0
5,5,1,32,3,0,0,1,0,0,0,10,5,0,0,2,4,105,0,31,3,5,12,5,5,11,5,2,5,2,1,15,15
-9,5,1,36,3,0,0,0,0,0,0,7,8,0,0,2,4,105,0,31,3,5,12,4,4,10,4,2,4,2,2,16,0
-7,5,1,30,3,0,0,0,0,0,1,13,2,0,0,2,4,105,1,29,1,4,10,3,3,9,4,2,3,1,1,15,0
-1,5,1,28,2,0,0,1,0,0,1,0,15,0,0,2,4,105,1,28,2,4,11,2,4,8,4,2,3,0,2,14,45
-17,5,1,28,2,0,0,1,0,0,0,40,5,0,0,2,4,105,1,28,2,5,11,1,3,8,3,1,3,0,2,14,45
42,4,2,26,3,0,0,1,0,0,1,12,3,0,0,2,4,105,2,25,3,7,11,5,6,11,4,2,3,1,1,14,15
-71,4,2,30,2,0,0,1,0,0,1,12,3,0,0,2,4,105,2,25,3,7,11,4,5,10,3,2,3,1,1,15,0
-9,3,2,27,3,0,0,1,0,0,1,4,11,0,0,2,4,105,2,23,4,7,11,4,5,11,4,1,3,2,2,14,30
197,2,1,5,2,0,0,1,0,0,1,1,14,0,0,2,4,105,1,23,4,8,11,3,4,11,4,0,3,2,2,9,45
-147,2,1,34,1,0,0,1,0,0,1,28,2,0,0,2,4,105,1,23,4,8,11,2,4,10,3,0,3,2,2,15,45
-200,2,1,38,5,0,0,1,0,0,0,12,18,0,0,2,4,105,4,19,2,4,7,1,5,11,3,0,2,2,1,16,15
47,1,0,23,6,0,0,0,1,0,0,11,4,0,0,2,4,105,1,17,2,5,9,4,7,14,7,3,1,1,1,13,15
-55,1,0,23,5,0,0,2,1,0,0,14,1,0,0,2,4,105,2,15,1,3,9,4,7,14,7,3,1,0,1,13,15
-62,1,0,25,4,0,0,2,1,0,0,6,9,0,0,2,4,105,2,15,2,3,9,4,8,13,6,2,1,1,1,13,30
-19,1,0,21,3,0,0,2,1,0,0,13,2,0,0,2,4,105,1,15,3,3,9,4,7,12,6,1,1,1,2,13,0
37,1,0,19,3,0,0,2,1,0,0,5,10,0,0,2,4,105,1,14,2,3,8,3,9,12,6,2,1,1,2,12,30
13,1,0,15,4,0,0,2,0,0,0,23,7,0,0,2,4,105,2,13,1,4,9,4,8,11,5,2,1,1,2,12,0
-30,1,0,19,3,0,0,2,0,0,0,18,12,0,0,2,4,105,1,13,1,4,9,4,8,11,5,1,1,1,2,12,30
-19,1,0,21,2,0,0,2,0,0,1,4,26,0,0,2,4,105,1,12,1,5,10,6,7,10,5,1,1,1,2,13,0
-63,1,1,15,2,0,0,2,0,0,0,9,6,0,0,2,4,105,0,12,3,6,10,5,7,12,5,2,1,1,2,12,0
-4,1,1,14,2,0,0,1,0,0,0,8,7,0,0,2,4,105,0,12,3,6,10,4,6,11,4,1,0,1,2,11,45
-55,1,1,17,1,0,0,1,0,0,0,12,3,0,0,2,4,105,0,12,3,6,12,4,6,11,3,0,0,0,2,12,15
-31,1,1,17,2,0,0,0,0,0,0,6,9,0,0,2,4,105,1,11,4,5,11,3,5,10,2,0,0,0,2,12,15
-18,1,1,13,1,0,0,0,0,0,0,6,9,0,0,2,4,105,1,11,4,5,11,2,4,9,1,0,0,0,1,11,30
-36,1,1,12,1,0,0,0,0,0,1,6,9,0,0,2,4,105,2,9,3,5,9,2,3,8,1,0,0,0,1,11,0
-37,1,1,11,2,0,0,0,0,0,1,3,12,0,0,2,4,105,1,7,1,5,7,2,3,11,3,1,0,0,1,10,45
-2,0,0,8,2,0,0,0,0,0,1,12,3,0,0,2,4,105,0,6,3,6,6,2,6,10,4,2,0,0,2,10,15
-18,0,0,6,3,0,0,1,0,0,0,4,11,0,0,2,4,105,1,4,2,4,4,5,5,9,4,3,0,0,1,10,0
-20,0,0,9,3,0,0,2,0,0,0,2,13,0,0,2,4,105,0,2,2,2,2,4,8,8,6,3,0,0,1,10,30
-52,0,0,6,3,0,0,1,0,0,0,0,1,0,0,2,4,105,0,2,2,2,2,3,7,7,5,2,0,0,1,10,0
-11,0,0,1,2,0,0,1,0,0,0,0,3,0,0,2,4,105,0,2,2,2,2,2,6,6,4,1,0,0,2,9,15
-86,0,0,9,2,0,0,0,0,0,0,0,10,0,0,2,4,105,0,2,2,2,2,1,5,5,3,1,0,0,1,10,30
-7,0,0,3,3,0,0,0,0,0,0,0,41,0,0,2,4,105,0,0,0,0,0,4,4,4,4,2,0,0,1,9,30
26,0,0,3,2,0,0,0,0,0,0,0,51,0,0,2,4,105,0,0,0,0,0,3,3,3,3,1,0,0,1,9,30
-39,0,0,1,1,0,0,0,0,0,0,0,52,0,0,2,4,105,0,0,0,0,0,2,2,2,2,1,0,0,2,9,15
-32,0,0,0,0,0,0,0,0,0,0,0,53,0,1,2,4,105,0,0,0,0,0,1,1,1,1,0,0,0,2,9,0
21,32,3,65,1,0,0,1,1,0,0,3,12,1,0,6,4,102,1,63,4,10,16,1,4,11,3,2,6,1,1,17,45
21,29,3,63,3,0,2,2,0,0,1,3,12,0,0,6,4,102,1,57,6,9,13,4,10,14,8,5,6,1,2,17,30
-12,29,4,61,3,0,2,3,0,0,0,13,2,0,0,6,4,102,2,56,5,8,12,3,9,14,7,4,6,1,2,17,15
-3,29,4,59,3,0,1,3,0,0,0,9,6,0,0,6,4,102,1,56,5,9,13,4,8,13,7,4,6,1,2,17,0
37,28,4,59,4,0,1,5,0,0,0,13,2,0,0,6,4,102,3,52,3,6,11,4,8,14,8,3,6,1,2,17,0
11,28,4,61,4,0,1,5,0,0,0,13,2,0,0,6,4,102,3,51,3,6,12,6,7,16,8,4,6,1,2,17,15
-54,28,5,63,4,0,0,5,0,0,0,10,5,0,0,6,4,102,3,51,4,6,13,5,6,16,7,3,6,1,2,17,30
-5,28,5,56,4,0,0,5,0,0,0,7,8,0,0,6,4,102,3,50,3,5,12,4,5,15,7,3,5,1,2,16,45
23,27,4,56,5,0,0,5,0,0,0,7,8,0,0,6,4,102,4,48,2,4,12,4,6,14,7,3,5,0,2,16,45
33,26,3,50,4,0,0,5,0,0,0,5,10,0,0,6,4,102,3,48,2,4,13,3,6,13,7,3,5,0,1,16,0
21,26,4,54,3,0,0,5,0,0,0,3,12,0,0,6,4,102,3,48,3,4,13,2,5,12,6,3,5,0,3,16,30
-36,24,2,65,2,0,1,5,0,0,1,0,15,1,0,6,4,102,2,46,2,5,11,2,7,14,8,4,5,0,1,17,45
-7,23,2,54,2,0,1,6,0,0,1,5,10,0,0,6,4,102,2,44,1,6,13,6,10,15,9,5,5,1,3,16,30
-24,23,2,50,2,0,1,6,0,0,0,13,2,0,0,6,4,102,1,44,3,7,13,5,9,14,9,4,5,1,1,16,0
-6,23,3,53,2,0,1,5,0,0,0,6,9,0,0,6,4,102,1,44,5,8,14,5,8,14,8,4,5,1,2,16,15
22,22,2,48,2,0,1,4,0,0,0,13,2,0,0,6,4,102,0,44,5,9,15,5,10,13,8,5,5,1,3,15,45
2,22,2,48,3,0,1,3,0,0,0,8,7,0,0,6,4,102,1,43,5,8,15,6,9,13,7,5,5,1,3,15,45
22,22,2,46,3,0,1,2,0,0,0,7,8,0,0,6,4,102,1,43,5,8,15,5,8,13,6,5,5,1,2,15,30
-41,22,3,44,2,0,2,4,0,0,1,9,6,0,0,6,4,102,4,39,3,5,13,4,8,13,6,5,5,1,2,15,15
-81,22,3,56,2,0,1,4,0,0,1,4,11,0,0,6,4,102,4,39,4,6,13,3,7,13,5,4,4,1,2,16,45
-31,22,4,46,2,0,1,3,0,0,1,28,2,0,0,6,4,102,3,39,4,7,14,5,7,13,5,4,4,0,2,15,30
22,21,3,44,2,0,1,3,0,0,1,26,4,0,0,6,4,102,3,38,3,6,14,4,6,12,5,5,4,0,2,15,15
-27,20,4,40,3,0,1,3,0,0,2,2,28,0,0,6,4,102,3,35,3,6,14,4,6,13,7,6,4,0,2,14,45
-19,20,4,39,3,0,1,3,0,0,1,14,1,0,0,6,4,102,3,35,3,6,14,3,5,12,6,5,4,0,2,14,30
11,20,4,42,3,0,1,2,0,0,1,13,2,0,0,6,4,102,3,35,3,6,14,2,4,11,5,5,4,0,2,15,0
4,19,6,40,2,0,1,2,0,0,1,11,4,0,0,6,4,102,1,35,5,9,17,2,6,14,6,6,4,2,2,14,45
-133,18,6,50,4,0,1,2,0,0,1,13,2,0,0,6,4,102,3,32,3,7,16,2,7,15,6,5,4,2,1,16,0
5,16,4,33,6,0,1,2,0,0,0,11,4,0,0,6,4,102,2,30,4,8,16,4,8,19,8,5,4,2,1,13,0
27,16,6,37,6,0,1,1,0,0,1,11,4,0,0,6,4,102,2,29,5,9,17,5,7,19,8,5,3,2,1,13,45
-114,15,5,42,7,0,0,1,0,0,1,7,8,0,0,6,4,102,2,28,4,8,17,5,7,19,8,4,2,1,2,15,0
26,13,3,36,8,0,0,1,0,0,1,11,4,0,0,6,4,102,2,26,4,8,16,5,9,19,9,4,2,1,1,13,30
-49,13,3,38,7,0,0,1,0,0,1,9,6,0,0,6,4,102,2,26,5,9,17,4,8,18,8,3,2,1,1,14,15
56,13,5,22,7,0,0,1,0,0,0,3,12,0,0,6,4,102,1,26,5,9,18,3,8,18,8,3,2,1,2,11,45
2,12,4,29,7,0,1,1,0,0,0,8,7,0,0,6,4,102,2,24,4,9,17,3,9,19,8,3,2,1,2,12,30
13,12,4,35,7,0,1,0,0,0,0,4,11,0,0,6,4,102,2,24,4,10,18,2,10,18,7,2,2,1,1,13,15
-12,10,3,33,9,0,2,0,0,0,0,11,4,0,0,6,4,102,1,20,5,8,17,7,12,21,11,5,2,1,1,13,0
25,10,4,19,9,0,1,0,0,0,0,3,12,0,0,6,4,102,1,20,6,10,18,8,12,20,10,5,1,2,2,11,30
-11,10,5,26,11,0,0,0,0,0,0,14,1,0,0,6,4,102,2,18,4,8,16,8,11,19,10,5,1,1,2,12,15
31,10,5,31,10,0,0,0,0,0,0,11,4,0,0,6,4,102,1,18,4,8,16,7,11,18,10,5,1,1,2,12,45
87,10,5,19,10,0,0,0,0,0,0,4,11,0,0,6,4,102,2,17,4,8,15,8,11,19,9,5,1,1,2,11,30
-46,8,3,26,9,0,0,0,0,0,0,3,12,0,0,6,4,102,0,17,5,9,15,7,10,18,10,6,1,1,2,12,15
29,8,4,22,8,0,1,1,0,0,0,12,3,0,0,6,4,102,2,15,3,8,13,6,10,17,9,5,1,1,2,11,45
32,8,5,24,8,0,1,1,0,0,0,7,8,0,0,6,4,102,2,14,3,7,12,6,10,17,9,6,1,1,3,12,0
-62,8,5,31,7,0,1,1,0,0,0,4,11,0,0,6,4,102,2,14,4,8,13,5,9,16,8,6,1,1,2,12,45
-8,8,5,29,6,0,1,1,0,0,0,2,13,0,0,6,4,102,2,14,4,8,14,4,8,15,7,5,1,1,2,12,30
-3,8,5,19,5,0,1,1,0,0,0,11,4,0,0,6,4,102,1,14,5,9,14,4,8,14,7,4,1,1,2,11,30
-4,8,5,24,5,0,1,1,0,0,0,8,7,0,0,6,4,102,2,13,4,8,13,3,9,13,6,3,1,1,3,12,0
-67,7,6,26,5,0,1,1,0,0,0,9,6,0,0,6,4,102,2,12,5,9,12,5,9,15,6,2,0,1,2,12,15
-15,5,5,17,5,0,2,1,0,0,0,11,4,0,0,6,4,102,1,10,5,8,10,5,8,16,8,1,0,0,3,11,15
34,5,5,13,5,0,2,1,0,0,0,5,10,0,0,6,4,102,2,9,4,7,9,6,9,15,7,1,0,0,2,10,45
-21,5,5,15,6,0,2,1,0,0,0,1,14,0,0,6,4,102,3,7,3,5,7,5,8,15,7,0,0,0,2,11,0
27,4,4,17,5,0,2,1,0,0,0,11,4,0,0,6,4,102,2,7,4,5,7,5,7,14,7,1,0,0,3,11,15
19,3,3,15,5,0,2,2,0,0,0,14,1,0,0,6,4,102,3,5,3,5,5,4,7,14,7,1,0,0,2,11,0
1,3,3,11,5,0,1,2,0,0,0,10,5,0,0,6,4,102,3,5,3,5,5,4,6,13,6,1,0,0,2,10,30
7,3,3,13,5,0,1,1,0,0,0,9,6,0,0,6,4,102,2,5,3,5,5,3,5,12,6,2,0,0,2,10,45
-11,3,3,11,5,0,1,1,0,0,0,14,1,0,0,6,4,102,2,4,2,4,4,3,7,11,6,3,0,0,2,10,30
15,0,0,8,5,0,1,2,0,0,0,11,4,0,0,6,4,102,1,2,2,2,2,3,8,11,8,5,0,0,1,10,0
48,0,0,6,4,0,1,2,0,0,0,6,9,0,0,6,4,102,1,2,2,2,2,3,7,10,7,4,0,0,2,9,45
38,0,0,4,3,0,1,2,0,0,0,11,4,0,0,6,4,102,0,2,2,2,2,4,7,9,7,4,0,0,2,9,30
26,0,0,0,2,0,3,2,0,0,0,0,7,0,1,6,4,102,1,0,0,0,0,5,7,8,7,4,0,0,2,9,0
27,0,0,2,1,0,3,2,0,0,0,0,12,0,0,6,4,102,1,0,0,0,0,5,6,7,6,4,0,0,2,9,15
-21,0,0,10,1,0,2,2,0,0,0,0,14,0,0,6,4,102,0,0,0,0,0,4,5,6,6,4,0,0,2,10,15
-17,0,0,2,1,0,1,2,0,0,0,0,21,0,0,6,4,102,0,0,0,0,0,3,4,5,5,3,0,0,2,9,15
-13,0,0,0,1,0,0,2,0,0,0,0,32,0,1,6,4,102,0,0,0,0,0,3,4,4,4,3,0,0,2,9,0
-31,0,0,6,1,0,0,1,0,0,0,0,42,0,0,6,4,102,0,0,0,0,0,2,3,3,3,2,0,0,2,9,45
-8,0,0,8,0,0,0,1,0,0,0,0,58,0,0,6,4,102,0,0,0,0,0,2,2,2,2,2,0,0,1,10,0
10,0,0,4,0,0,0,0,0,0,0,0,85,0,0,6,4,102,0,0,0,0,0,1,1,1,1,1,0,0,2,9,30
9,18,3,48,3,0,1,1,0,0,0,6,9,0,0,5,4,101,1,45,3,6,10,2,4,8,5,3,4,1,2,17,15
17,17,2,45,4,0,0,1,0,0,0,0,15,0,0,5,4,101,0,44,3,6,10,2,6,9,6,5,3,1,2,16,45
-18,16,2,49,4,0,1,2,0,0,0,4,11,1,0,5,4,101,2,41,2,4,8,2,6,12,6,5,3,0,2,17,30
-23,16,2,46,4,0,1,1,0,0,0,14,1,0,0,5,4,101,1,41,3,5,10,4,5,13,6,4,3,0,1,17,0
26,15,2,43,4,0,1,2,0,0,0,1,14,0,0,5,4,101,2,39,2,4,9,4,4,12,6,4,3,0,1,16,30
4,15,2,46,3,0,1,2,0,0,0,15,15,0,0,5,4,101,2,39,2,5,9,3,3,12,5,4,3,0,1,17,0
27,15,2,42,2,0,1,3,0,0,0,0,15,0,0,5,4,101,2,38,2,4,9,2,4,13,5,3,3,0,2,16,15
24,14,1,41,2,0,0,4,0,0,0,9,6,0,0,5,4,101,2,37,2,4,9,1,4,12,5,2,3,0,1,16,0
-21,13,3,43,1,0,2,4,0,0,1,17,13,0,0,5,4,101,0,34,2,4,10,8,11,13,9,3,3,1,1,16,30
5,13,3,33,1,0,1,4,0,0,1,16,14,0,0,5,4,101,0,34,3,5,10,7,10,12,8,3,3,1,2,14,45
-31,13,3,39,1,0,1,3,0,0,1,14,16,0,0,5,4,101,0,34,3,5,11,6,9,11,7,2,3,1,1,15,45
-10,13,3,36,2,0,1,3,0,0,0,8,22,0,0,5,4,101,1,33,3,5,10,5,8,10,6,2,3,1,1,15,15
26,13,3,38,2,0,1,2,0,0,0,8,22,0,0,5,4,101,1,33,3,5,10,4,7,9,5,1,3,1,2,15,30
-21,13,3,34,2,0,0,2,0,0,0,7,23,0,0,5,4,101,1,33,3,5,10,3,6,8,4,0,3,1,2,15,0
13,13,4,36,2,0,1,1,0,0,0,0,30,0,0,5,4,101,2,32,2,5,10,3,5,7,3,0,3,1,1,15,15
0,11,2,32,1,0,1,1,0,0,0,35,10,0,0,5,4,101,0,32,2,6,12,4,4,8,4,1,3,1,1,14,15
-1,10,2,39,1,0,1,2,0,0,0,16,29,0,0,5,4,101,1,30,2,6,12,3,4,10,4,1,3,1,1,15,45
70,10,2,28,1,0,0,2,0,0,0,12,33,0,0,5,4,101,1,30,3,6,12,2,3,9,3,1,2,1,1,13,0
-19,10,2,34,1,0,0,1,0,0,0,10,35,0,0,5,4,101,1,30,3,6,12,1,3,8,2,1,2,0,2,15,0
76,9,3,25,3,0,0,2,0,0,0,1,14,0,0,5,4,101,2,26,2,6,12,2,4,11,4,3,2,0,2,12,30
-240,8,4,49,5,0,0,1,0,0,0,10,5,1,0,5,4,101,2,24,3,6,12,1,6,13,5,4,2,0,2,17,30
31,6,4,26,6,0,0,2,0,0,0,10,5,0,0,5,4,101,1,21,3,6,11,5,9,13,8,5,2,1,2,12,45
-5,6,5,30,7,0,0,1,0,0,0,5,10,0,0,5,4,101,2,20,2,6,12,5,8,14,7,5,2,1,1,13,15
49,6,5,20,6,0,0,1,0,0,0,12,3,0,0,5,4,101,1,20,3,7,13,4,7,16,7,5,2,1,3,12,0
-9,6,5,28,6,0,0,1,0,0,0,6,9,0,0,5,4,101,2,19,3,6,14,4,6,15,6,4,2,1,1,13,0
22,6,5,22,5,0,0,1,0,0,0,5,10,0,0,5,4,101,2,19,3,6,14,3,6,14,5,3,2,1,1,12,15
11,4,3,20,4,0,0,1,1,0,0,10,5,0,0,5,4,101,1,18,3,6,13,4,7,14,6,5,2,1,3,12,0
12,2,2,18,4,0,0,1,1,0,0,11,4,0,0,5,4,101,0,17,4,7,12,3,6,16,7,4,2,1,1,11,30
-1,2,2,22,5,0,0,1,1,0,0,14,1,0,0,5,4,101,2,15,2,5,13,4,6,16,6,3,1,1,1,12,15
-17,2,2,26,4,0,0,1,1,0,0,11,4,0,0,5,4,101,2,15,3,5,13,3,5,16,5,2,1,0,2,12,45
15,1,1,16,6,0,0,1,0,0,0,6,9,0,0,5,4,101,2,13,3,8,12,3,9,16,6,2,1,1,1,11,15
5,1,1,19,6,0,0,0,0,0,0,2,13,0,0,5,4,101,1,13,3,8,12,3,8,15,6,3,1,1,2,11,45
-88,1,1,31,6,0,0,0,0,0,0,11,4,0,0,5,4,101,1,12,2,7,12,2,8,16,6,3,1,1,1,13,30
-4,0,0,10,7,0,0,0,0,0,0,4,11,0,0,5,4,101,1,10,5,6,10,6,11,17,7,3,1,1,2,10,30
22,0,0,8,6,0,0,0,0,0,0,10,5,0,0,5,4,101,1,10,5,8,10,6,11,16,6,3,1,1,2,10,15
-25,0,0,16,5,0,0,0,0,0,0,9,6,0,0,5,4,101,1,10,5,8,10,6,10,15,5,2,1,1,1,11,15
42,0,0,12,5,0,1,0,0,0,0,4,11,0,0,5,4,101,2,8,3,6,8,7,9,14,5,1,1,1,2,10,45
-12,0,0,8,5,0,0,0,0,0,0,3,12,0,0,5,4,101,1,8,3,6,8,6,8,13,5,2,1,1,2,10,15
-65,0,0,22,5,0,0,0,0,0,0,1,14,0,0,5,4,101,2,7,2,5,7,5,7,12,4,1,0,1,1,12,15
-18,0,0,14,6,0,0,0,0,0,0,13,2,0,0,5,4,101,2,5,3,5,5,6,9,12,5,1,0,0,2,11,0
7,0,0,14,5,0,0,0,0,0,0,10,5,0,0,5,4,101,1,5,3,5,5,5,8,11,5,1,0,0,2,11,0
-25,0,0,10,4,0,0,0,0,0,0,9,6,0,0,5,4,101,1,5,3,5,5,4,7,10,4,1,0,0,2,10,30
-1,0,0,6,3,0,0,0,0,0,0,8,7,0,0,5,4,101,1,5,3,5,5,3,6,9,3,1,0,0,2,10,0
-15,0,0,6,2,0,1,0,0,0,0,8,7,0,0,5,4,101,1,4,3,4,4,3,7,8,3,2,0,0,2,10,0
-91,0,0,12,2,0,1,1,0,0,0,13,2,0,0,5,4,101,2,2,2,2,2,4,6,7,3,3,0,0,2,10,45
-21,0,0,4,3,0,0,1,0,0,0,0,2,0,0,5,4,101,1,1,1,1,1,4,6,6,4,4,0,0,2,9,45
-28,0,0,2,4,0,0,0,0,0,0,0,14,0,0,5,4,101,2,0,0,0,0,4,5,5,3,3,0,0,2,9,30
-12,0,0,1,3,0,0,0,0,0,0,0,15,0,0,5,4,101,2,0,0,0,0,3,4,4,2,2,0,0,2,9,15
-47,0,0,2,2,0,0,0,0,0,0,0,30,0,0,5,4,101,0,0,0,0,0,3,3,3,3,3,0,0,2,9,30
-27,0,0,0,1,0,0,0,0,0,0,0,37,0,1,5,4,101,0,0,0,0,0,2,2,2,2,2,0,0,1,9,0
-2,0,0,4,0,0,0,0,0,0,0,0,60,0,0,5,4,101,0,0,0,0,0,1,1,1,1,1,0,0,2,9,45
-3,27,2,53,3,0,0,0,0,0,0,9,6,1,0,4,4,100,2,50,2,6,14,1,3,11,2,1,5,1,1,17,30
-26,25,2,51,4,0,0,0,0,0,0,6,9,0,0,4,4,100,1,48,4,10,16,3,7,15,4,2,5,1,1,17,15
14,25,2,47,4,0,0,0,0,0,0,2,13,0,0,4,4,100,1,47,3,9,17,3,7,14,4,1,5,1,2,16,45
30,25,4,49,4,0,0,1,0,0,1,8,7,0,0,4,4,100,2,44,6,8,14,5,8,17,5,1,5,1,2,17,0
67,25,4,38,3,0,0,1,0,0,1,6,9,0,0,4,4,100,2,44,6,8,15,4,7,16,4,1,5,1,1,15,45
-26,24,4,49,5,0,0,1,0,0,1,1,9,0,0,4,4,100,4,41,4,8,13,5,7,16,4,0,5,2,2,17,0
-2,24,4,40,5,0,0,1,0,0,1,2,3,0,0,4,4,100,3,40,4,7,12,5,7,15,5,0,5,2,3,15,50
-28,23,4,47,6,0,0,1,1,0,0,10,5,0,0,4,4,100,3,38,2,6,12,4,7,14,6,2,4,3,2,16,45
-21,23,5,45,5,0,0,1,1,0,0,3,12,0,0,4,4,100,3,38,3,8,13,4,8,14,5,2,4,2,2,16,30
-42,22,4,45,4,0,0,1,1,0,0,11,4,0,0,4,4,100,1,38,4,8,14,3,9,13,6,3,4,2,2,16,30
-20,22,5,41,4,0,0,1,1,0,0,4,11,0,0,4,4,100,2,37,4,7,13,3,9,13,5,3,4,2,1,16,0
165,21,4,22,6,0,0,1,0,0,0,4,11,0,0,4,4,100,2,35,4,6,13,5,9,13,6,3,3,2,2,12,30
14,20,3,38,5,0,0,1,0,0,2,6,9,0,0,4,4,100,2,33,3,5,12,7,9,12,7,3,3,1,1,15,45
16,19,2,36,6,0,0,0,0,0,2,14,1,0,0,4,4,100,2,32,2,4,12,6,8,12,7,4,2,1,2,15,30
14,19,2,35,5,0,0,0,0,0,2,10,5,0,0,4,4,100,1,32,2,6,12,6,7,11,7,4,2,0,2,15,15
-33,19,2,41,4,0,0,0,0,0,2,9,6,0,0,4,4,100,1,32,2,6,12,5,6,10,6,4,2,0,1,16,0
-7,18,1,34,4,0,0,0,1,0,2,0,15,0,0,4,4,100,2,30,2,5,12,4,6,9,6,4,2,0,1,15,0
15,18,2,30,4,0,0,0,1,0,1,12,3,0,0,4,4,100,2,30,2,6,12,3,5,9,5,4,2,0,2,14,30
-95,18,2,44,4,0,0,0,1,0,0,10,5,0,0,4,4,100,2,30,2,6,12,3,4,8,4,3,2,0,2,16,15
-26,17,3,32,3,0,0,0,1,0,0,44,1,0,0,4,4,100,0,30,2,7,13,2,4,8,5,4,2,0,1,14,45
-50,17,5,41,3,0,1,0,1,0,0,27,18,0,0,4,4,100,2,28,4,7,14,2,4,7,4,3,2,0,1,16,0
31,17,6,30,3,0,2,0,1,0,0,5,40,0,0,4,4,100,2,26,4,6,14,3,4,10,5,2,2,0,2,14,30
18,14,6,29,3,0,2,1,1,0,0,5,10,0,0,4,4,100,1,24,3,7,12,2,4,10,7,3,2,1,2,14,15
51,14,7,28,3,0,2,1,1,0,0,10,5,0,0,4,4,100,2,23,3,7,12,2,4,10,6,2,2,1,1,13,30
-58,11,4,32,3,0,2,2,1,0,0,2,13,0,0,4,4,100,1,21,4,7,13,3,5,14,8,4,2,1,1,14,45
-213,10,5,51,5,0,2,2,1,0,0,0,15,0,0,4,4,100,2,18,4,6,13,2,6,14,9,4,1,1,1,17,15
35,8,3,24,5,0,2,2,1,0,0,4,11,0,0,4,4,100,1,17,3,5,13,3,6,15,10,5,1,0,1,12,45
8,7,2,27,5,0,2,4,1,0,0,11,4,0,0,4,4,100,2,14,2,4,11,4,10,19,11,6,1,0,1,13,15
129,7,3,12,5,0,2,4,0,0,0,6,9,0,0,4,4,100,2,14,2,6,12,3,10,18,10,5,1,0,2,11,0
29,7,3,26,5,0,1,4,0,0,0,1,14,0,0,4,4,100,2,14,3,6,13,4,9,17,9,4,1,0,1,13,0
36,5,2,17,4,0,1,5,0,0,0,14,1,0,0,4,4,100,1,13,2,5,12,3,9,16,10,5,1,0,2,11,45
67,5,3,19,5,0,1,4,0,0,0,5,10,0,0,4,4,100,0,12,4,8,11,7,10,18,11,5,1,0,1,12,0
65,5,3,15,5,0,1,3,0,0,0,3,12,0,0,4,4,100,0,12,4,8,11,6,9,17,10,4,1,0,2,11,30
13,5,4,21,5,0,1,3,0,0,0,8,7,0,0,4,4,100,1,11,4,7,11,6,13,17,9,4,1,1,2,12,15
116,5,4,6,5,0,0,3,0,0,0,6,9,0,0,4,4,100,1,11,5,7,11,5,12,17,8,4,1,1,2,10,15
23,5,4,22,4,0,0,3,0,0,0,5,10,0,0,4,4,100,1,11,5,8,11,4,11,16,7,3,1,1,2,12,30
1,5,4,17,4,0,0,3,0,0,0,12,3,0,0,4,4,100,1,10,5,7,10,4,10,16,7,3,1,1,2,11,45
-73,5,4,24,4,0,0,2,0,0,0,8,7,0,0,4,4,100,1,10,6,8,10,3,9,15,6,3,1,1,1,12,45
31,3,2,13,6,0,0,1,0,0,0,0,15,0,0,4,4,100,1,8,4,7,8,4,8,14,7,3,1,1,2,11,15
-172,3,3,36,7,0,0,1,0,0,1,13,2,0,0,4,4,100,2,5,2,4,5,7,9,15,8,2,1,1,2,15,30
-5,2,2,10,7,0,0,1,0,0,1,6,9,0,0,4,4,100,2,4,2,3,4,6,9,14,8,3,1,1,1,10,45
-13,2,2,10,7,0,0,1,0,0,0,1,14,0,0,4,4,100,2,4,3,4,4,5,8,13,7,3,1,1,1,10,45
-2,1,1,19,7,0,0,0,0,0,0,11,4,0,0,4,4,100,1,4,3,4,4,5,7,12,7,4,0,1,1,12,0
-1,1,1,15,6,0,0,0,0,0,0,10,5,0,0,4,4,100,1,4,3,4,4,4,7,11,6,4,0,0,2,11,30
45,1,1,4,5,0,0,0,0,0,0,9,6,0,0,4,4,100,1,4,3,4,4,3,6,10,5,4,0,0,2,10,0
-12,1,1,13,4,0,0,0,0,0,0,8,7,0,0,4,4,100,1,4,3,4,4,2,5,9,4,4,0,0,2,11,15
-22,1,1,8,4,0,1,0,0,0,1,13,2,0,0,4,4,100,2,1,1,1,1,3,6,8,5,3,0,0,2,10,30
21,0,0,8,3,0,1,0,0,0,1,6,9,0,0,4,4,100,1,1,1,1,1,4,6,7,5,3,0,0,2,10,30
21,0,0,4,2,0,1,0,0,0,1,0,9,0,0,4,4,100,0,1,1,1,1,4,6,6,5,2,0,0,2,10,0
27,0,0,2,2,0,1,0,0,0,1,0,19,0,0,4,4,100,1,0,0,0,0,4,5,5,4,1,0,0,2,9,45
7,0,0,0,1,0,1,0,0,0,1,0,23,0,1,4,4,100,1,0,0,0,0,3,4,4,3,0,0,0,2,9,30
-12,0,0,2,1,0,1,0,0,0,0,0,29,0,0,4,4,100,0,0,0,0,0,2,3,3,3,1,0,0,2,9,45
-24,0,0,0,0,0,1,0,0,0,0,0,48,0,1,4,4,100,0,0,0,0,0,2,2,2,2,1,0,0,2,9,30
-25,0,0,6,0,0,0,0,0,0,0,0,62,0,0,4,4,100,0,0,0,0,0,1,1,1,1,0,0,0,2,10,15
-24,27,1,58,1,0,0,2,0,0,0,21,9,0,0,3,4,99,2,55,0,5,12,3,6,12,3,2,10,1,1,17,30
17,27,1,59,0,0,0,2,0,0,0,19,11,1,0,3,4,99,2,55,2,6,12,2,5,11,2,1,10,1,2,17,45
-13,27,1,57,0,0,0,2,0,0,0,4,26,0,0,3,4,99,0,55,2,7,13,2,5,11,3,2,10,1,1,17,15
-1,27,2,52,0,0,0,3,0,0,0,11,4,0,0,3,4,99,1,53,4,9,14,4,8,13,3,3,9,3,1,16,15
-14,26,3,55,1,0,1,2,0,0,0,12,3,0,0,3,4,99,1,51,4,8,13,4,8,14,4,2,9,3,1,17,0
-17,26,3,52,1,0,1,2,0,0,0,7,8,0,0,3,4,99,2,50,4,7,12,3,7,14,3,1,9,3,1,16,15
-24,26,3,55,1,0,1,2,0,0,0,13,2,0,0,3,4,99,1,49,5,7,13,5,7,15,4,1,9,3,1,17,0
-10,26,3,48,2,0,0,2,0,0,0,3,12,0,0,3,4,99,1,48,4,6,13,5,6,14,4,0,9,3,2,16,0
17,25,3,46,5,0,0,2,0,0,0,3,12,0,0,3,4,99,3,44,1,4,11,4,7,13,5,0,8,4,4,15,45
55,25,3,38,4,0,0,2,0,0,0,1,14,0,0,3,4,99,3,44,1,4,12,3,6,12,4,0,8,3,2,14,30
-45,25,3,54,3,0,0,2,0,0,0,14,1,0,0,3,4,99,3,44,1,4,13,2,5,11,3,0,7,3,2,16,30
-23,25,3,48,3,0,0,1,0,0,0,10,5,0,0,3,4,99,3,44,2,5,13,2,5,10,2,0,6,2,2,16,0
22,23,1,39,4,0,0,0,0,0,0,14,1,0,0,3,4,99,1,43,3,7,16,3,8,10,4,1,6,1,1,14,45
-10,23,4,44,3,0,1,1,0,0,0,5,10,0,0,3,4,99,1,40,5,8,16,6,8,12,5,2,5,2,2,15,30
-58,22,3,46,3,0,1,1,0,0,0,4,11,0,0,3,4,99,1,40,4,7,15,6,7,11,5,3,5,1,4,15,45
-46,22,3,44,2,0,1,1,0,0,0,43,2,0,0,3,4,99,1,40,4,9,17,6,6,13,4,3,5,1,2,15,30
4,22,3,36,3,0,0,1,0,0,0,39,6,0,0,3,4,99,2,39,4,8,17,5,5,13,3,2,5,1,1,14,15
5,22,4,41,2,0,0,1,0,0,0,37,8,0,0,3,4,99,2,39,4,8,17,4,4,14,2,1,5,1,2,15,0
-44,22,5,39,2,0,0,1,0,0,0,25,20,0,0,3,4,99,1,38,4,7,18,3,3,13,3,2,5,1,1,14,45
-36,22,6,42,3,0,0,0,1,0,0,19,26,0,0,3,4,99,3,36,3,7,17,2,2,14,2,1,5,1,2,15,15
-69,22,6,42,2,0,0,0,1,0,0,13,32,0,0,3,4,99,2,36,5,9,18,1,2,14,2,0,4,2,2,15,15
-27,16,6,36,4,0,2,1,1,0,1,3,12,0,0,3,4,99,2,29,4,10,18,4,13,22,8,3,3,3,1,14,15
38,15,6,32,5,0,2,1,1,0,1,7,8,0,0,3,4,99,2,27,5,10,17,9,13,22,9,4,3,2,1,13,0
11,15,7,34,4,0,2,2,1,0,1,3,12,0,0,3,4,99,3,26,4,9,16,8,12,21,8,4,3,2,1,13,15
-42,14,6,35,3,0,2,2,1,0,1,6,9,0,0,3,4,99,2,26,6,10,18,8,11,20,8,5,3,2,2,13,30
-185,14,7,48,3,0,2,2,1,0,1,2,13,0,0,3,4,99,3,25,6,9,17,9,11,19,7,4,2,2,2,16,0
73,12,5,25,4,0,2,2,0,0,1,0,15,0,0,3,4,99,2,24,6,9,16,8,11,18,8,4,2,1,3,12,15
18,11,4,30,5,0,2,2,0,0,0,13,2,0,0,3,4,99,2,23,5,8,15,7,11,17,8,3,2,1,2,12,45
38,11,4,23,5,0,1,2,0,0,0,11,4,0,0,3,4,99,2,22,6,9,17,7,10,17,7,3,2,1,2,12,0
0,11,4,27,4,0,2,2,0,0,0,9,6,0,0,3,4,99,3,22,5,8,16,6,9,16,6,3,1,1,2,12,30
7,11,4,32,3,0,2,2,0,0,0,8,7,0,0,3,4,99,3,22,5,8,16,5,8,15,5,2,1,0,1,13,0
2,10,4,25,4,0,2,2,0,0,0,6,9,0,0,3,4,99,2,20,4,8,15,4,12,16,7,3,1,0,3,12,15
4,10,4,30,5,0,2,1,0,0,0,4,11,0,0,3,4,99,3,19,3,7,14,3,11,15,6,2,1,0,2,12,45
64,10,4,15,4,0,2,1,0,0,0,3,12,0,0,3,4,99,3,19,3,7,15,2,10,14,5,1,1,0,2,11,0
30,10,6,21,5,0,1,1,0,0,1,12,3,0,0,3,4,99,4,17,3,7,13,4,10,14,5,2,1,0,2,11,45
-7,7,4,23,5,0,1,1,0,0,1,3,12,0,0,3,4,99,2,16,4,8,14,8,9,16,7,4,1,0,2,12,0
-42,7,4,27,5,0,1,1,0,0,1,1,14,0,0,3,4,99,2,15,4,7,13,7,8,16,7,3,1,0,2,12,30
-36,7,4,27,5,0,0,1,0,0,1,14,1,0,0,3,4,99,2,15,4,7,13,7,7,16,6,2,1,0,2,12,30
59,7,4,17,5,0,0,1,0,0,1,7,8,0,0,3,4,99,2,14,4,8,12,6,7,15,6,2,1,1,2,11,15
-12,7,4,19,4,0,0,1,0,0,1,5,10,0,0,3,4,99,2,14,4,8,12,5,6,14,5,2,1,1,2,11,30
40,6,4,15,5,0,0,1,0,0,1,10,5,0,0,3,4,99,2,12,4,7,11,4,6,14,6,2,1,1,2,11,0
4,6,4,19,5,0,0,1,0,0,0,9,6,0,0,3,4,99,2,12,4,7,11,3,5,13,5,2,1,1,2,11,30
4,6,4,17,4,0,0,1,0,0,0,8,7,0,0,3,4,99,2,12,4,7,11,2,4,12,4,1,1,1,2,11,15
-287,6,4,48,4,0,0,1,0,0,0,0,15,0,0,3,4,99,3,11,3,7,11,1,5,12,3,0,1,1,2,16,0
17,3,2,13,6,0,0,2,0,0,0,13,2,0,0,3,4,99,1,7,3,5,7,4,9,15,8,4,0,1,2,10,45
74,2,2,4,6,0,0,3,0,0,0,14,1,0,0,3,4,99,2,5,2,4,5,4,9,15,8,5,0,0,1,9,30
1,2,2,7,6,0,0,2,0,0,0,7,8,0,0,3,4,99,2,5,2,5,5,5,8,14,7,4,0,0,2,10,0
46,2,2,6,6,0,0,2,0,0,0,2,13,0,0,3,4,99,2,4,2,4,4,4,7,13,7,4,0,0,2,9,45
-48,2,2,21,6,0,0,1,0,0,0,7,8,0,0,3,4,99,1,4,2,4,4,5,8,12,7,3,0,0,2,11,45
-24,1,1,9,6,0,0,1,0,0,0,13,2,0,0,3,4,99,1,3,2,3,3,5,9,11,7,4,0,0,2,10,15
-1,1,1,9,5,0,0,1,0,0,0,12,3,0,0,3,4,99,1,3,2,3,3,4,8,10,6,3,0,0,2,10,15
15,1,1,11,5,0,0,1,0,0,0,1,14,0,0,3,4,99,2,2,2,2,2,3,8,9,5,3,0,0,2,10,30
-16,1,1,13,4,0,0,1,0,0,0,0,15,0,0,3,4,99,1,2,2,2,2,2,7,8,5,3,0,0,2,10,45
-16,0,0,11,3,0,0,1,0,0,0,3,12,0,0,3,4,99,0,2,2,2,2,4,7,7,5,4,0,0,2,10,30
-23,0,0,7,4,0,1,0,0,0,0,0,15,0,0,3,4,99,0,0,0,0,0,5,6,6,6,4,0,0,2,10,0
-28,0,0,2,4,0,0,0,0,0,0,0,18,0,0,3,4,99,0,0,0,0,0,4,5,5,5,4,0,0,2,9,15
-15,0,0,4,3,0,0,0,0,0,0,0,24,0,0,3,4,99,0,0,0,0,0,4,4,4,4,3,0,0,1,9,30
6,0,0,0,2,0,0,0,0,0,0,0,27,0,1,3,4,99,0,0,0,0,0,3,3,3,3,2,0,0,2,9,0
20,0,0,2,1,0,0,0,0,0,0,0,42,0,0,3,4,99,0,0,0,0,0,2,2,2,2,1,0,0,2,9,15
-12,0,0,0,0,0,0,0,0,0,0,0,48,0,1,3,4,99,0,0,0,0,0,1,1,1,1,0,0,0,2,9,0
-5,27,1,53,2,0,0,0,0,0,0,12,3,1,0,2,4,98,1,52,3,6,14,2,3,6,2,1,8,0,2,17,30
-15,26,0,51,3,0,1,0,0,0,0,36,9,0,0,2,4,98,2,49,2,5,13,2,2,11,3,1,8,0,2,17,15
-16,26,2,53,3,0,1,1,0,0,0,7,38,1,0,2,4,98,2,47,3,7,13,1,4,13,4,1,8,0,2,17,30
-20,26,4,49,5,0,1,1,0,0,1,3,12,0,0,2,4,98,3,43,5,7,15,3,9,16,6,2,8,2,2,17,0
-34,26,4,49,5,0,0,1,0,0,1,0,15,0,0,2,4,98,3,43,5,7,15,2,9,15,5,2,8,2,2,17,0
175,25,3,32,5,0,1,1,0,0,1,3,12,0,0,2,4,98,3,41,3,6,13,2,9,15,6,2,8,3,2,14,15
7,22,0,42,6,0,1,3,0,0,0,3,12,0,0,2,4,98,2,38,3,8,12,8,10,18,9,4,8,4,2,15,30
-80,22,0,51,5,0,1,3,0,0,0,1,14,0,0,2,4,98,2,38,3,9,12,7,10,17,8,4,8,4,2,17,15
7,22,0,40,4,0,1,3,0,0,0,1,14,0,0,2,4,98,2,38,3,9,12,6,9,16,7,4,7,4,2,15,15
27,22,0,37,5,0,0,3,0,0,0,10,5,0,0,2,4,98,2,37,2,8,12,6,9,16,7,4,6,4,2,15,0
-3,22,0,46,5,0,0,2,0,0,0,9,6,0,0,2,4,98,2,37,3,8,12,5,9,15,6,3,6,3,2,16,0
-2,22,0,47,4,0,0,3,0,0,0,7,8,0,0,2,4,98,3,36,2,8,12,4,8,14,5,2,6,3,2,16,15
-34,22,0,47,3,0,0,3,0,0,0,0,15,0,0,2,4,98,2,36,2,8,12,3,7,13,5,3,6,3,2,16,15
-39,22,1,42,3,0,0,3,0,0,0,3,12,0,0,2,4,98,2,35,5,7,13,3,7,13,5,3,5,3,2,15,30
-35,22,1,44,2,0,0,3,0,0,0,12,3,0,0,2,4,98,1,35,6,7,13,3,8,12,5,2,5,2,1,15,45
-46,22,3,44,5,0,0,3,0,0,1,33,12,0,0,2,4,98,4,30,2,4,12,5,9,15,6,2,4,2,1,15,45
-14,22,3,35,5,0,0,3,0,0,1,32,13,0,0,2,4,98,5,29,1,3,11,4,8,14,5,1,4,1,3,14,45
13,22,4,37,5,0,0,2,0,0,1,27,18,0,0,2,4,98,4,29,1,4,12,5,8,13,5,2,3,2,2,15,0
-31,22,4,33,5,0,0,2,0,0,0,25,20,0,0,2,4,98,4,29,2,4,12,5,7,12,4,2,3,1,2,14,30
-32,22,5,40,5,0,0,2,0,0,0,13,32,0,0,2,4,98,5,28,1,5,11,4,6,13,3,1,3,1,2,15,15
23,21,6,29,4,0,0,2,0,0,0,14,1,0,0,2,4,98,3,28,3,6,13,4,6,14,4,0,3,1,1,13,15
-26,21,6,35,4,0,0,1,0,0,0,13,2,0,0,2,4,98,3,28,3,6,13,3,5,13,3,0,3,1,3,14,45
-81,21,6,37,4,0,0,1,0,0,0,11,4,0,0,2,4,98,4,27,2,5,12,3,5,12,2,0,3,1,2,15,0
-26,19,6,33,3,0,0,1,0,0,0,8,7,0,0,2,4,98,2,27,5,9,14,2,7,13,3,2,3,1,2,14,30
6,18,6,29,5,0,0,0,0,0,0,13,2,0,0,2,4,98,3,25,3,7,14,2,6,13,3,2,2,1,1,13,15
54,16,5,20,7,0,0,0,0,0,0,4,11,0,0,2,4,98,3,22,4,7,14,5,9,16,5,3,2,1,2,12,0
14,15,5,27,6,0,0,0,0,0,0,11,4,0,0,2,4,98,1,22,5,7,16,4,8,16,6,2,2,1,2,13,0
29,14,4,24,7,0,0,1,0,0,0,1,14,0,0,2,4,98,3,19,2,5,14,3,8,15,6,2,2,1,1,12,30
-44,13,3,31,6,0,0,1,0,0,0,11,4,0,0,2,4,98,2,19,2,6,16,4,8,14,6,2,2,1,1,13,30
10,13,3,24,5,0,0,1,0,0,0,10,5,0,0,2,4,98,2,19,2,6,16,4,7,13,5,1,2,1,1,12,30
11,11,3,20,5,0,1,1,0,0,0,0,15,0,0,2,4,98,1,17,3,9,15,5,10,15,7,2,2,2,2,12,0
34,11,3,16,4,0,1,1,0,0,0,13,2,0,0,2,4,98,0,17,3,9,15,4,10,14,7,2,1,2,2,11,30
-29,11,3,27,3,0,1,1,0,0,0,11,4,0,0,2,4,98,0,17,4,9,15,4,9,13,6,2,1,1,2,13,0
5,11,4,22,2,0,1,1,0,0,0,8,7,0,0,2,4,98,0,17,4,9,15,3,8,13,5,2,1,1,2,12,15
1,10,5,18,4,0,0,1,1,0,0,2,13,0,0,2,4,98,2,14,5,9,14,6,8,14,5,1,1,1,2,11,45
27,10,5,12,4,0,0,1,1,0,0,12,3,0,0,2,4,98,2,13,5,10,13,6,7,14,5,2,1,1,2,11,0
-38,9,5,26,4,0,0,0,1,0,0,7,8,0,0,2,4,98,1,13,5,10,13,5,6,15,5,3,0,1,2,12,45
47,8,4,18,4,0,1,0,1,0,1,10,5,0,0,2,4,98,2,10,4,7,10,5,8,15,6,3,0,0,2,11,45
-32,8,5,22,4,0,1,0,1,0,1,6,9,0,0,2,4,98,3,9,3,6,9,4,7,14,5,3,0,0,2,12,15
12,8,5,11,4,0,1,0,1,0,0,4,11,0,0,2,4,98,2,9,3,6,9,3,6,13,5,4,0,0,2,10,45
-3,8,5,14,4,0,1,0,1,0,0,14,1,0,0,2,4,98,3,8,4,6,8,2,5,14,4,4,0,0,2,11,15
-41,6,4,16,4,0,1,0,2,0,0,13,2,0,0,2,4,98,3,6,3,5,6,4,6,13,5,3,0,0,2,11,30
10,4,4,12,6,0,1,1,1,0,0,3,12,0,0,2,4,98,3,3,1,3,3,4,9,12,7,4,0,0,2,11,0
3,4,4,9,5,0,1,1,1,0,0,1,14,0,0,2,4,98,3,3,1,3,3,4,8,11,6,3,0,0,1,10,30
-18,4,4,14,4,0,1,1,1,0,0,14,1,0,0,2,4,98,2,3,2,3,3,3,7,10,6,4,0,0,2,11,15
55,2,2,5,4,0,1,1,1,0,0,10,5,0,0,2,4,98,0,2,2,2,2,4,9,10,8,5,0,0,2,9,45
-14,2,2,8,3,0,1,1,1,0,0,1,14,0,0,2,4,98,0,2,2,2,2,5,8,9,7,5,0,0,2,10,15
-14,1,1,9,3,0,1,1,1,0,0,12,3,0,0,2,4,98,0,1,1,1,1,5,7,8,7,5,0,0,1,10,30
-19,0,0,6,3,0,1,1,1,0,0,14,1,0,0,2,4,98,0,0,0,0,0,6,6,7,7,4,0,0,1,10,0
57,0,0,3,2,0,1,1,1,0,0,8,7,0,0,2,4,98,0,0,0,0,0,5,5,6,6,4,0,0,1,9,30
11,0,0,6,2,0,1,1,0,0,0,7,8,0,0,2,4,98,0,0,0,0,0,4,4,5,5,4,0,0,1,10,0
21,0,0,3,2,0,1,0,0,0,0,0,1,0,0,2,4,98,0,0,0,0,0,3,4,4,4,3,0,0,1,9,30
26,0,0,2,2,0,0,0,0,0,0,0,12,0,0,2,4,98,0,0,0,0,0,2,3,3,3,2,0,0,2,9,15
27,0,0,0,1,0,0,0,0,0,0,0,13,0,1,2,4,98,0,0,0,0,0,1,2,2,2,1,0,0,1,9,0
21,0,0,0,0,0,0,0,0,0,0,0,61,0,1,2,4,98,0,0,0,0,0,1,1,1,1,0,0,0,1,9,0
62,33,7,59,2,0,0,2,0,0,0,11,4,1,0,6,4,95,2,56,4,7,11,1,4,10,3,1,7,1,2,17,45
47,29,5,57,3,0,2,2,0,0,0,11,4,0,0,6,4,95,2,52,3,5,12,3,6,9,6,1,7,0,2,17,30
18,28,4,53,4,0,1,3,0,0,0,1,14,0,0,6,4,95,2,50,2,4,11,3,5,10,7,3,7,0,2,17,0
3,26,3,59,4,0,1,3,0,0,0,13,2,1,0,6,4,95,1,49,2,4,12,4,7,12,8,2,7,2,2,17,45
-28,26,3,57,4,0,1,3,0,0,0,2,13,0,0,6,4,95,2,48,2,5,14,3,6,11,7,2,7,2,2,17,30
49,24,2,50,4,0,1,3,0,0,0,2,13,0,0,6,4,95,1,47,2,6,13,4,5,11,8,2,7,2,1,16,30
26,24,2,50,3,0,1,3,0,0,0,13,2,0,0,6,4,95,1,47,2,7,13,4,4,11,7,2,7,2,1,16,30
19,23,2,55,3,0,1,3,0,0,0,5,10,0,0,6,4,95,0,46,5,7,13,3,7,15,8,4,6,3,2,17,15
9,23,2,53,2,0,1,3,0,0,0,4,11,0,0,6,4,95,0,46,5,8,13,2,6,14,7,4,6,2,2,17,0
37,23,2,44,2,0,1,3,0,0,0,0,15,0,0,6,4,95,1,45,4,8,12,1,6,13,6,3,5,3,2,15,45
28,22,2,48,6,0,2,3,0,0,0,9,6,0,0,6,4,95,3,39,3,5,9,5,9,16,9,6,5,5,2,16,15
21,21,1,46,6,0,1,3,0,0,0,2,13,0,0,6,4,95,1,39,5,6,10,4,9,15,10,7,5,5,2,16,0
-15,21,1,44,5,0,1,3,0,0,0,0,15,0,0,6,4,95,1,39,5,6,11,3,9,14,9,7,5,5,2,15,45
13,21,1,55,4,0,1,3,0,0,0,7,8,0,0,6,4,95,1,39,5,6,11,2,9,14,8,6,4,5,2,17,15
-86,21,1,52,5,0,1,3,0,0,0,0,15,0,0,6,4,95,2,37,3,4,10,2,8,13,8,6,3,4,2,16,45
-19,20,1,46,7,0,1,2,1,0,0,5,10,0,0,6,4,95,2,34,1,3,12,7,10,14,10,6,3,3,2,16,0
-18,20,1,48,7,0,1,1,1,0,0,44,1,0,0,6,4,95,1,34,1,3,12,6,10,13,10,5,2,3,2,16,15
28,20,1,43,6,0,1,1,1,0,0,40,5,0,0,6,4,95,1,34,1,4,12,5,9,12,9,4,1,2,2,15,30
-15,20,1,38,6,0,0,1,1,0,0,40,5,0,0,6,4,95,1,34,1,4,12,4,8,11,8,3,0,1,2,15,0
6,20,1,41,5,0,0,1,1,0,0,36,9,0,0,6,4,95,1,34,1,4,12,3,7,11,7,3,0,0,1,15,15
24,20,1,34,4,0,0,1,2,0,0,32,13,0,0,6,4,95,1,33,1,4,12,5,6,11,7,3,0,0,1,14,15
-13,20,2,38,4,0,0,0,2,0,0,23,22,0,0,6,4,95,1,33,1,5,12,4,6,10,6,3,0,0,2,15,0
-9,19,3,41,3,0,0,0,2,0,0,6,39,0,0,6,4,95,0,33,3,8,16,4,5,13,6,4,0,0,1,15,15
5,19,3,38,2,0,0,0,2,0,0,4,41,0,0,6,4,95,0,33,4,9,16,3,4,13,5,4,0,0,2,15,0
-25,19,3,35,2,0,0,0,1,0,0,3,42,0,0,6,4,95,0,33,4,9,16,2,4,12,4,3,0,0,2,14,30
-16,19,6,36,2,0,0,1,1,0,0,3,12,0,0,6,4,95,2,31,4,9,17,2,4,12,3,2,0,0,3,14,45
-29,19,6,36,3,0,1,1,1,0,0,0,15,0,0,6,4,95,3,28,4,7,16,2,5,14,4,3,0,0,3,14,45
44,16,4,30,6,0,2,1,0,0,0,4,11,0,0,6,4,95,3,24,3,7,14,4,9,15,7,5,0,0,1,13,0
-14,14,4,33,6,0,2,1,0,0,0,10,5,0,0,6,4,95,2,23,2,8,15,3,8,16,8,4,0,0,1,13,30
-7,13,6,30,7,0,1,1,0,0,0,7,8,0,0,6,4,95,0,22,5,9,15,6,10,16,10,5,0,0,1,13,0
12,13,6,28,7,0,1,0,0,0,0,6,9,0,0,6,4,95,0,22,5,9,16,5,9,15,9,5,0,0,2,12,45
-10,13,7,32,7,0,1,0,0,0,0,7,8,0,0,6,4,95,1,21,6,10,16,5,9,15,8,4,0,0,1,13,15
14,13,7,24,7,0,1,0,0,0,0,6,9,0,0,6,4,95,2,20,6,9,15,4,9,15,7,3,0,0,2,12,15
29,13,7,22,7,0,0,0,0,0,0,5,10,0,0,6,4,95,2,20,6,9,15,4,8,14,6,3,0,0,2,12,0
-12,13,7,26,6,0,0,1,0,0,0,2,13,0,0,6,4,95,2,19,6,8,15,4,7,14,6,3,0,0,2,12,30
11,12,6,26,7,0,0,1,0,0,0,6,9,0,0,6,4,95,2,17,4,7,13,4,7,15,7,4,0,0,2,12,30
22,10,5,24,9,0,0,1,0,0,0,5,10,0,0,6,4,95,3,14,3,6,12,5,9,15,8,4,0,0,2,12,15
-12,9,4,22,8,0,0,1,0,0,0,3,12,0,0,6,4,95,2,14,3,7,13,4,8,14,8,3,0,0,2,12,0
35,7,3,20,7,0,0,1,1,0,0,7,8,0,0,6,4,95,1,13,3,6,13,4,7,15,9,5,0,0,2,11,45
0,7,3,19,7,0,0,1,1,0,0,2,13,0,0,6,4,95,2,12,2,7,12,3,7,14,8,4,0,0,2,11,30
21,6,4,17,8,0,0,0,1,0,0,7,8,0,0,6,4,95,1,11,3,6,11,4,6,15,9,6,0,0,1,11,15
5,6,5,17,8,0,0,0,1,0,0,9,6,0,0,6,4,95,2,10,3,6,10,4,9,15,8,6,0,0,1,11,15
-37,5,4,28,9,0,0,0,1,0,0,11,4,0,0,6,4,95,2,8,3,6,8,4,9,15,9,7,0,0,2,12,45
-23,5,4,15,8,0,0,0,1,0,0,10,5,0,0,6,4,95,2,8,3,6,8,3,8,14,8,6,0,0,2,11,0
-2,5,4,20,7,0,0,0,1,0,0,6,9,0,0,6,4,95,2,8,3,6,8,3,7,14,7,6,0,0,2,11,45
82,4,4,6,8,0,0,1,0,0,0,6,9,0,0,6,4,95,2,6,2,6,6,5,8,15,8,5,0,0,1,9,45
33,2,2,13,8,0,0,1,0,0,0,7,8,0,0,6,4,95,1,5,3,5,5,5,9,15,9,4,0,0,2,10,45
-16,2,2,11,7,0,0,2,0,0,0,2,13,0,0,6,4,95,2,4,3,4,4,4,8,14,8,3,0,0,2,10,30
64,1,1,11,6,0,0,2,0,0,0,11,4,0,0,6,4,95,1,4,4,4,4,5,8,13,8,4,0,0,2,10,30
-6,1,1,15,5,0,0,2,0,0,0,10,5,0,0,6,4,95,1,4,4,4,4,4,7,12,7,4,0,0,2,11,0
43,1,1,9,4,0,0,2,0,0,0,0,15,0,0,6,4,95,0,4,4,4,4,3,7,11,7,3,0,0,2,10,15
18,1,1,9,5,0,0,2,1,0,0,0,15,0,0,6,4,95,2,1,1,1,1,5,7,10,7,2,0,0,2,10,15
61,1,1,2,4,0,0,2,1,0,0,14,1,0,0,6,4,95,2,1,1,1,1,4,6,9,6,1,0,0,2,9,15
0,0,0,8,4,0,0,2,1,0,0,0,2,0,0,6,4,95,1,0,0,0,0,4,7,8,7,2,0,0,2,10,0
-17,0,0,4,3,0,0,2,1,0,0,0,6,0,0,6,4,95,0,0,0,0,0,3,7,7,7,3,0,0,2,9,30
31,0,0,4,2,0,0,2,1,0,0,0,14,0,0,6,4,95,0,0,0,0,0,3,6,6,6,3,0,0,2,9,30
-86,0,0,13,1,0,0,2,1,0,0,0,27,0,0,6,4,95,0,0,0,0,0,4,5,5,5,3,0,0,2,10,45
30,0,0,2,1,0,0,1,1,0,0,0,36,0,0,6,4,95,0,0,0,0,0,4,4,4,4,3,0,0,2,9,15
-13,0,0,6,1,0,0,0,1,0,0,0,50,0,0,6,4,95,0,0,0,0,0,3,3,3,3,2,0,0,1,9,45
9,0,0,0,0,0,0,0,1,0,0,0,50,0,1,6,4,95,0,0,0,0,0,2,2,2,2,2,0,0,2,9,0
-3,0,0,0,0,0,0,0,0,0,0,0,63,0,1,6,4,95,0,0,0,0,0,1,1,1,1,1,0,0,2,9,0
27,20,3,38,2,0,0,3,0,0,0,12,3,0,0,5,4,94,3,37,3,5,12,4,6,11,3,1,6,2,2,17,15
21,20,3,40,2,0,0,3,0,0,0,9,6,0,0,5,4,94,2,36,3,4,11,3,5,10,4,3,6,2,1,17,30
19,20,3,42,2,0,0,2,0,0,0,12,3,1,0,5,4,94,2,36,3,6,13,2,6,9,3,3,5,2,2,17,45
-5,18,3,38,3,0,0,2,0,0,0,14,1,0,0,5,4,94,2,34,2,7,12,3,6,10,4,3,5,1,2,17,15
-18,17,3,40,3,0,0,2,0,0,0,7,8,0,0,5,4,94,0,33,3,7,13,5,6,12,6,3,5,2,1,17,30
-25,17,3,37,3,0,0,1,0,0,0,1,14,0,0,5,4,94,0,33,6,8,13,4,6,12,5,2,4,2,2,17,0
-22,17,3,36,3,0,0,1,0,0,0,24,6,0,0,5,4,94,1,32,6,7,12,3,5,11,4,2,4,1,1,16,45
7,17,4,34,3,0,0,2,0,0,0,12,18,0,0,5,4,94,2,30,4,7,11,2,4,11,4,1,4,1,1,16,30
38,17,4,32,2,0,0,2,0,0,0,8,22,0,0,5,4,94,2,30,4,7,12,2,4,10,3,1,4,2,2,16,15
23,14,1,34,3,0,0,4,0,0,0,10,5,0,0,5,4,94,3,26,3,6,10,3,6,11,5,3,3,2,1,16,30
-12,14,1,32,3,0,0,4,0,0,0,4,11,0,0,5,4,94,4,25,2,5,9,2,7,10,4,2,3,1,2,16,15
48,13,1,24,4,0,0,4,0,0,0,11,4,0,0,5,4,94,4,23,3,4,10,4,7,11,5,4,2,2,2,15,0
6,13,1,24,3,0,1,4,0,0,0,2,13,0,0,5,4,94,4,22,2,4,9,5,6,11,5,3,2,1,2,15,0
0,13,1,30,2,0,1,4,0,0,0,9,6,0,0,5,4,94,2,22,2,5,9,4,5,11,6,2,2,1,2,15,45
-19,13,2,27,3,0,1,4,0,0,0,2,13,0,0,5,4,94,4,20,0,3,8,4,5,11,5,1,2,1,1,15,15
-24,13,2,29,3,0,1,3,0,0,0,7,8,0,0,5,4,94,4,20,2,4,9,3,5,11,4,1,2,1,2,15,30
-5,13,2,22,3,0,0,3,0,0,0,7,8,0,0,5,4,94,4,20,2,4,9,2,4,11,3,0,2,1,3,14,45
14,13,3,27,3,0,0,2,0,0,0,38,7,0,0,5,4,94,2,20,3,6,9,1,4,10,4,2,1,1,1,15,15
-46,11,5,24,3,0,0,3,1,0,0,3,42,0,0,5,4,94,2,17,3,5,11,4,7,11,6,2,1,1,2,15,0
-32,11,5,20,4,0,0,2,1,0,0,14,1,0,0,5,4,94,2,16,3,5,10,3,6,10,6,2,1,1,1,14,15
-63,10,4,30,4,0,0,2,1,0,1,1,14,0,0,5,4,94,3,14,1,3,9,4,7,12,6,3,1,1,2,15,45
-19,9,3,21,4,0,0,1,1,0,1,8,7,0,0,5,4,94,2,14,1,3,9,4,6,12,6,3,0,1,2,14,30
-74,8,2,22,4,0,0,1,1,0,1,4,11,0,0,5,4,94,2,13,2,6,11,5,6,13,6,2,0,0,3,14,45
57,7,1,16,4,0,0,0,1,0,1,2,13,0,0,5,4,94,1,13,2,6,11,4,5,12,6,2,0,0,1,13,0
6,6,0,19,4,0,0,0,0,0,1,8,7,0,0,5,4,94,0,13,2,6,12,3,4,11,6,2,0,0,1,13,30
18,6,2,15,6,0,0,0,0,0,0,8,7,0,0,5,4,94,1,11,3,5,11,3,7,10,6,3,0,0,2,12,45
18,6,2,16,5,0,0,0,0,0,0,7,8,0,0,5,4,94,1,11,4,5,11,2,6,9,5,3,0,0,1,13,0
33,6,3,12,4,0,0,0,0,0,0,0,15,0,0,5,4,94,0,11,5,8,11,2,7,9,5,3,0,0,1,12,15
-14,5,2,11,8,0,0,0,0,0,0,4,11,0,0,5,4,94,2,6,2,5,6,5,7,12,7,2,0,0,2,12,0
-19,4,2,12,7,0,0,0,0,0,0,13,2,0,0,5,4,94,1,6,3,5,6,6,6,11,7,3,0,0,1,12,15
-17,4,3,14,6,0,0,0,0,0,0,11,4,0,0,5,4,94,1,6,3,6,6,5,5,10,6,3,0,0,1,12,30
-47,4,3,18,5,0,0,0,0,0,0,9,6,0,0,5,4,94,1,6,3,6,6,4,4,9,5,2,0,0,1,13,15
83,4,4,10,4,0,0,0,1,0,0,8,7,0,0,5,4,94,2,5,4,5,5,3,4,8,4,1,0,0,1,11,45
89,3,3,7,4,0,0,1,1,0,0,1,14,0,0,5,4,94,3,3,2,3,3,2,3,8,4,2,0,0,1,11,15
21,3,3,7,3,0,0,1,1,0,0,14,1,0,0,5,4,94,3,3,2,3,3,1,2,7,3,2,0,0,1,11,15
1,0,0,9,4,0,0,2,1,0,0,10,5,0,0,5,4,94,0,0,0,0,0,4,5,8,8,4,0,0,1,11,30
-2,0,0,5,4,0,0,1,1,0,0,0,2,0,0,5,4,94,0,0,0,0,0,4,5,7,7,3,0,0,1,10,45
16,0,0,2,4,0,0,0,1,0,0,0,3,0,0,5,4,94,0,0,0,0,0,3,5,6,6,3,0,0,2,10,15
-10,0,0,6,3,0,0,0,1,0,0,0,12,0,0,5,4,94,0,0,0,0,0,2,4,5,5,2,0,0,2,11,0
-7,0,0,3,2,0,0,0,1,0,0,0,20,0,0,5,4,94,0,0,0,0,0,1,3,4,4,1,0,0,1,10,30
27,0,0,0,1,0,0,0,1,0,0,0,52,0,1,5,4,94,0,0,0,0,0,2,3,3,3,1,0,0,1,10,0
33,0,0,3,1,0,0,0,0,0,0,0,63,0,0,5,4,94,0,0,0,0,0,2,2,2,2,1,0,0,1,10,30
19,0,0,0,0,0,0,0,0,0,0,0,86,0,1,5,4,94,0,0,0,0,0,1,1,1,1,0,0,0,1,10,0
12,29,8,50,5,0,1,1,2,0,1,9,6,0,0,4,4,93,2,45,3,7,12,2,9,16,9,4,8,2,2,17,15
45,28,7,52,4,0,1,1,3,0,1,11,4,0,0,4,4,93,2,44,4,7,11,5,10,16,9,4,8,2,2,17,30
36,25,5,47,4,0,2,2,3,0,1,8,7,0,0,4,4,93,2,41,3,7,9,7,10,17,11,6,8,3,2,17,0
49,25,5,47,3,0,2,2,3,0,1,7,8,0,0,4,4,93,2,41,4,7,9,6,9,16,10,5,7,3,2,17,0
18,25,5,50,3,0,2,2,3,0,0,6,9,0,0,4,4,93,2,41,4,7,10,5,8,15,9,5,7,2,2,17,15
30,25,6,46,3,0,2,1,3,0,0,5,10,0,0,4,4,93,2,41,4,7,10,4,8,14,8,5,6,3,3,16,45
26,24,5,42,3,0,2,1,3,0,0,11,4,0,0,4,4,93,2,40,3,6,10,5,9,15,8,6,6,2,2,16,15
8,23,4,52,3,0,1,1,3,0,0,9,6,0,0,4,4,93,1,40,3,7,10,4,8,14,8,5,6,2,2,17,30
71,22,4,33,3,0,2,1,3,0,0,11,4,0,0,4,4,93,1,38,3,5,9,4,8,13,9,5,6,2,2,15,0
-46,21,3,47,4,0,1,1,3,0,0,1,14,0,0,4,4,93,1,37,3,4,8,4,8,12,9,5,6,2,2,17,0
47,21,3,44,3,0,1,1,3,0,0,11,4,0,0,4,4,93,1,37,3,4,8,5,7,11,8,4,6,2,1,16,30
1,21,3,54,4,0,1,1,2,0,0,4,11,1,0,4,4,93,2,36,3,4,7,4,6,12,7,4,5,2,2,17,45
54,19,1,35,5,0,1,1,2,0,0,6,9,0,0,4,4,93,2,34,1,3,7,5,7,11,8,4,4,1,2,15,15
32,19,1,44,5,0,1,1,1,0,0,0,15,0,0,4,4,93,2,34,1,3,7,4,8,12,7,4,4,1,1,16,30
30,19,2,42,5,0,1,1,0,0,0,13,2,0,0,4,4,93,2,34,1,4,7,3,7,11,6,3,4,1,2,16,15
24,18,2,40,6,0,1,0,0,0,0,12,3,0,0,4,4,93,1,33,1,4,7,4,6,10,7,2,4,1,2,16,0
46,18,2,39,5,0,1,0,0,0,0,6,9,0,0,4,4,93,1,33,2,4,8,3,5,9,6,2,4,1,2,15,45
51,18,2,31,5,0,0,1,0,0,0,0,15,0,0,4,4,93,1,32,3,4,7,4,6,11,6,1,4,1,2,14,45
54,18,2,40,4,0,0,1,0,0,0,13,2,0,0,4,4,93,1,32,3,4,8,3,5,10,5,0,4,1,2,16,0
-6,18,2,37,4,0,0,1,0,0,0,4,11,0,0,4,4,93,2,31,2,4,8,2,4,10,4,0,3,1,1,15,30
17,18,2,37,3,0,0,1,0,0,0,2,13,0,0,4,4,93,2,31,2,4,8,1,4,9,3,0,3,0,1,15,30
0,16,1,29,4,0,0,1,0,0,0,26,19,0,0,4,4,93,1,29,2,4,12,4,6,10,5,1,3,1,2,14,30
19,16,1,33,3,0,0,1,0,0,0,25,20,0,0,4,4,93,1,29,2,4,12,3,5,9,4,0,3,1,2,15,0
-23,16,3,35,3,0,0,1,0,0,1,4,41,0,0,4,4,93,2,27,2,4,11,2,6,10,4,1,3,2,2,15,15
10,16,3,28,2,0,0,1,0,0,1,1,44,0,0,4,4,93,2,27,2,5,12,2,5,10,3,1,3,2,2,14,15
-3,15,2,29,3,0,0,1,0,0,1,2,13,0,0,4,4,93,1,25,3,8,14,4,6,10,5,1,2,2,2,14,30
-9,15,3,27,2,0,0,1,0,0,1,1,14,0,0,4,4,93,1,25,3,8,14,3,5,9,4,1,2,1,1,13,30
-258,15,3,54,2,0,0,1,0,0,0,9,6,1,0,4,4,93,0,25,4,8,15,3,4,9,4,1,1,1,2,17,45
-58,13,2,31,3,0,0,1,0,0,0,5,10,0,0,4,4,93,0,23,5,7,15,3,5,10,5,1,1,0,2,14,45
3,13,3,25,5,0,0,0,0,0,0,11,4,0,0,4,4,93,2,21,4,6,13,2,5,10,4,0,1,0,1,13,0
6,13,4,22,4,0,0,0,0,0,0,4,11,0,0,4,4,93,1,21,5,8,13,1,4,10,4,0,1,0,2,12,30
42,12,6,19,6,0,0,1,1,0,0,4,11,0,0,4,4,93,2,16,3,6,11,3,5,11,7,2,1,1,2,12,0
-18,12,6,26,5,0,0,1,1,0,0,12,3,0,0,4,4,93,2,16,3,6,12,3,5,10,6,2,1,1,1,13,15
-19,10,5,20,4,0,0,1,1,0,0,4,11,0,0,4,4,93,0,16,4,8,13,2,5,10,7,4,1,1,1,12,15
16,8,4,17,6,0,0,1,1,0,0,3,12,0,0,4,4,93,1,13,3,5,13,2,6,12,8,5,0,1,1,11,45
18,7,4,13,6,0,0,2,1,0,0,11,4,0,0,4,4,93,2,11,3,5,11,4,7,15,8,5,0,0,1,11,0
-30,6,4,23,6,0,0,2,1,0,0,3,12,0,0,4,4,93,1,10,2,6,10,4,6,14,9,5,0,0,1,12,45
-11,5,4,20,6,0,0,2,2,0,0,5,10,0,0,4,4,93,2,8,2,5,8,4,6,17,9,6,0,0,1,12,15
-54,5,4,17,6,0,0,1,2,0,0,12,3,0,0,4,4,93,2,8,2,6,8,4,7,16,8,6,0,0,1,11,45
69,5,4,7,5,0,0,1,2,0,0,7,8,0,0,4,4,93,2,8,3,8,8,3,6,15,7,5,0,0,1,10,0
19,4,3,15,5,0,0,1,1,0,0,3,12,0,0,4,4,93,1,8,4,8,8,2,6,14,7,4,0,0,1,11,15
9,4,4,16,5,0,0,1,1,0,1,4,11,0,0,4,4,93,3,6,3,6,6,2,7,14,6,3,0,0,2,11,30
-23,1,1,23,6,0,0,2,1,0,1,7,8,0,0,4,4,93,1,3,3,3,3,5,12,14,10,5,0,0,1,12,45
19,1,1,13,6,0,0,1,1,0,1,2,13,0,0,4,4,93,1,3,3,3,3,5,11,13,9,5,0,0,1,11,0
22,1,1,7,6,0,0,2,0,0,1,13,2,0,0,4,4,93,1,2,2,2,2,6,10,12,9,5,0,0,1,10,0
8,1,1,10,7,0,0,2,0,0,1,6,9,0,0,4,4,93,3,0,0,0,0,5,9,11,8,5,0,0,1,10,30
26,0,0,2,6,0,0,2,0,0,1,13,2,0,0,4,4,93,1,0,0,0,0,5,8,10,9,6,0,0,2,9,15
61,0,0,0,5,0,0,2,0,0,1,6,9,0,1,4,4,93,0,0,0,0,0,7,8,9,9,6,0,0,2,9,0
64,0,0,6,4,0,0,2,0,0,1,2,13,0,0,4,4,93,0,0,0,0,0,6,8,8,8,6,0,0,2,9,45
-58,0,0,9,4,0,0,1,0,0,1,0,1,0,0,4,4,93,0,0,0,0,0,5,7,7,7,6,0,0,2,10,15
15,0,0,0,3,0,0,1,0,0,1,0,15,0,1,4,4,93,0,0,0,0,0,4,6,6,6,5,0,0,2,9,0
23,0,0,4,2,0,0,1,0,0,1,0,19,0,0,4,4,93,0,0,0,0,0,3,5,5,5,4,0,0,1,9,30
-54,0,0,12,2,0,0,1,0,0,0,0,19,0,0,4,4,93,0,0,0,0,0,2,4,4,4,3,0,0,2,10,45
-5,0,0,2,1,0,0,1,0,0,0,0,23,0,0,4,4,93,0,0,0,0,0,2,3,3,3,2,0,0,2,9,15
-1,0,0,4,1,0,0,0,0,0,0,0,50,0,0,4,4,93,0,0,0,0,0,2,2,2,2,2,0,0,1,9,30
-50,0,0,10,0,0,0,0,0,0,0,0,57,0,0,4,4,93,0,0,0,0,0,1,1,1,1,1,0,0,1,10,30
24,27,1,46,3,0,0,2,0,0,0,13,2,0,0,3,4,92,3,46,2,4,11,4,5,12,3,1,5,1,2,16,45
19,27,1,49,2,0,0,2,0,0,0,3,12,0,0,3,4,92,1,46,2,6,13,4,5,12,4,1,5,0,2,17,15
-20,27,2,50,2,0,0,1,0,0,0,6,9,1,0,3,4,92,0,46,3,6,15,3,5,12,4,2,5,0,2,17,30
-5,27,2,47,3,0,0,1,0,0,0,0,15,0,0,3,4,92,2,44,2,5,13,2,4,13,3,2,5,0,1,17,0
-45,27,2,50,2,0,0,1,0,0,0,10,5,1,0,3,4,92,2,44,2,5,13,1,6,12,2,1,5,1,2,17,30
-2,26,4,47,3,0,0,0,0,0,1,10,5,0,0,3,4,92,1,41,3,8,16,5,7,12,4,2,5,1,1,17,0
3,25,5,41,5,0,0,0,0,0,0,9,6,0,0,3,4,92,1,40,4,7,14,5,7,12,5,2,5,1,1,16,0
-38,25,5,43,4,0,0,0,1,0,0,13,2,0,0,3,4,92,1,39,4,8,13,5,9,12,5,2,5,1,2,16,15
-7,25,5,44,3,0,0,0,1,0,0,11,4,0,0,3,4,92,1,39,5,8,13,4,8,11,4,2,4,1,1,16,30
-21,25,5,44,2,0,0,0,1,0,0,10,5,0,0,3,4,92,1,39,5,8,13,3,7,10,3,1,4,0,1,16,30
1,25,5,40,2,0,0,0,1,0,0,8,7,0,0,3,4,92,2,38,4,8,12,2,6,9,2,0,4,0,2,15,45
5,23,4,37,3,0,0,0,1,0,0,4,11,0,0,3,4,92,2,36,5,9,11,3,6,10,3,2,4,0,1,15,15
-19,22,5,41,4,0,0,0,1,0,0,8,7,0,0,3,4,92,2,34,4,8,11,4,5,11,4,3,4,0,1,16,0
-3,20,5,35,5,0,0,0,1,0,0,8,7,0,0,3,4,92,2,32,3,6,10,4,5,11,5,3,4,0,2,15,0
29,20,5,33,6,0,0,0,0,0,0,3,12,0,0,3,4,92,2,31,4,5,10,3,5,11,5,2,4,0,2,14,45
0,20,5,35,5,0,0,0,0,0,0,0,15,0,0,3,4,92,2,31,4,5,10,2,4,10,4,1,4,0,2,15,0
15,20,5,32,6,0,0,0,0,0,0,39,6,0,0,3,4,92,2,29,3,3,10,2,5,11,5,1,4,0,2,14,30
-55,17,3,39,6,0,0,1,1,0,0,18,27,0,0,3,4,92,2,26,0,3,11,4,7,11,7,2,4,0,1,15,30
-57,15,3,37,5,0,0,1,1,0,0,4,41,0,0,3,4,92,0,26,1,5,13,3,7,10,8,4,4,1,1,15,15
-18,15,5,33,4,0,0,1,1,0,0,5,10,0,0,3,4,92,0,26,3,6,16,5,8,11,7,3,4,2,2,14,45
31,15,5,31,3,0,0,1,1,0,0,3,12,0,0,3,4,92,0,26,3,7,16,4,7,11,6,3,4,2,1,14,15
39,14,4,30,3,0,0,1,1,0,1,9,6,0,0,3,4,92,1,24,4,8,15,6,7,14,6,3,4,3,1,13,30
44,14,5,28,2,0,0,2,1,0,1,8,7,0,0,3,4,92,2,23,3,7,14,5,6,14,5,2,4,3,1,13,15
40,14,5,26,2,0,0,2,0,0,1,7,8,0,0,3,4,92,2,23,3,7,14,4,5,15,4,2,4,3,2,13,0
13,12,4,21,3,0,0,3,0,0,0,5,10,0,0,3,4,92,2,21,3,8,14,3,4,18,5,1,3,3,2,12,30
3,12,5,26,2,0,0,3,0,0,0,11,4,0,0,3,4,92,2,21,4,8,14,3,4,17,4,1,3,2,2,13,0
43,12,5,28,2,0,0,2,0,0,0,11,4,0,0,3,4,92,2,21,4,8,14,2,3,16,3,1,2,2,1,13,15
-35,10,6,24,5,0,0,2,0,0,0,1,14,0,0,3,4,92,2,17,4,7,11,1,7,15,6,3,1,1,2,12,45
-38,7,4,21,6,0,0,3,1,0,0,13,2,0,0,3,4,92,1,13,4,6,11,7,14,17,10,3,1,1,2,12,30
0,6,3,16,7,0,0,3,1,0,0,5,10,0,0,3,4,92,2,11,2,4,9,9,13,16,10,4,1,1,2,11,45
86,6,3,19,7,0,0,3,1,0,0,3,12,0,0,3,4,92,3,10,1,3,8,9,12,15,9,4,1,1,3,12,15
-47,5,2,21,6,0,0,3,1,0,0,14,1,0,0,3,4,92,1,10,1,3,8,10,11,14,10,4,1,1,2,12,30
24,5,2,17,6,0,0,2,1,0,0,11,4,0,0,3,4,92,1,10,1,3,9,9,10,15,9,4,1,1,2,12,0
0,5,2,12,5,0,0,2,1,0,0,9,6,0,0,3,4,92,1,10,3,3,9,8,9,14,8,3,1,1,2,11,15
30,4,1,19,5,0,0,1,1,0,0,0,15,0,0,3,4,92,0,10,3,5,9,8,8,13,8,3,0,1,3,12,15
55,4,1,8,6,0,0,0,1,0,0,23,7,0,0,3,4,92,1,9,2,4,8,7,7,12,7,3,0,0,2,10,30
24,4,1,14,5,0,0,0,1,0,0,22,8,0,0,3,4,92,1,9,2,4,8,6,6,11,6,2,0,0,1,11,30
22,4,1,17,4,0,0,0,1,0,0,22,8,0,0,3,4,92,1,9,2,4,8,5,5,10,5,1,0,0,2,12,0
-37,4,2,24,3,0,0,0,1,0,0,19,11,0,0,3,4,92,1,9,2,4,8,4,4,9,4,1,0,0,2,12,45
14,4,2,12,3,0,0,0,0,0,0,17,13,0,0,3,4,92,1,9,2,4,8,3,3,8,3,1,0,0,2,11,15
6,4,2,10,2,0,0,0,0,0,0,17,13,0,0,3,4,92,1,9,2,4,8,2,2,7,2,1,0,0,2,11,0
-14,3,1,14,1,0,0,0,2,0,0,8,22,0,0,3,4,92,2,7,0,3,7,1,4,8,2,1,0,0,1,11,30
-19,2,2,8,2,0,1,0,1,0,0,1,14,0,0,3,4,92,1,5,3,4,5,3,5,9,4,3,0,0,2,10,30
43,2,2,6,1,0,1,0,1,0,0,11,4,0,0,3,4,92,1,5,4,5,5,4,5,9,3,3,0,0,1,10,0
-29,2,2,7,1,0,0,0,1,0,0,10,5,0,0,3,4,92,1,5,4,5,5,3,4,8,2,2,0,0,2,10,15
20,0,0,4,3,0,0,0,1,0,0,14,1,0,0,3,4,92,1,2,2,2,2,2,6,7,4,2,0,0,1,9,30
-84,0,0,10,4,0,0,0,0,0,0,12,3,0,0,3,4,92,2,1,1,1,1,2,5,6,3,1,0,0,2,11,0
-40,0,0,5,3,0,1,0,0,0,0,0,16,0,0,3,4,92,1,0,0,0,0,4,4,5,4,0,0,0,1,9,45
-1,0,0,0,2,0,1,0,0,0,0,0,21,0,1,3,4,92,1,0,0,0,0,3,4,4,3,0,0,0,2,9,0
4,0,0,2,1,0,1,0,0,0,0,0,23,0,0,3,4,92,1,0,0,0,0,2,3,3,2,0,0,0,1,9,15
16,0,0,0,0,0,1,0,0,0,0,0,39,0,1,3,4,92,0,0,0,0,0,1,2,2,2,1,0,0,2,9,0
-39,0,0,2,0,0,0,0,0,0,0,0,79,0,0,3,4,92,0,0,0,0,0,1,1,1,1,1,0,0,1,9,15
-15,21,1,57,0,0,0,0,0,0,0,2,43,1,0,2,4,91,0,57,4,9,15,1,3,9,1,0,11,1,2,18,15
-15,20,3,55,2,0,1,1,1,0,0,15,15,0,0,2,4,91,1,51,6,9,12,3,5,15,5,4,11,2,1,17,30
-19,20,3,53,2,0,1,2,1,0,0,8,22,0,0,2,4,91,2,49,5,7,12,2,5,15,5,4,11,2,2,17,15
-12,19,3,51,3,0,1,3,1,0,1,1,14,0,0,2,4,91,2,45,3,4,9,3,10,16,8,6,10,4,2,17,0
-8,17,2,49,4,0,1,3,1,0,2,6,9,0,0,2,4,91,2,42,1,3,9,8,11,17,10,8,10,4,2,16,30
-11,17,2,49,4,0,0,3,1,0,2,5,10,0,0,2,4,91,2,42,1,3,9,7,10,16,9,7,9,4,2,16,30
44,17,2,47,4,0,0,3,0,0,2,10,5,0,0,2,4,91,2,42,1,4,10,8,10,15,8,6,9,3,2,16,15
-2,16,1,47,4,0,0,2,0,0,2,4,11,0,0,2,4,91,0,42,2,5,11,7,10,14,9,7,9,4,2,16,15
-11,16,1,53,3,0,0,2,0,0,2,3,12,0,0,2,4,91,0,42,2,5,11,6,9,13,8,6,9,4,2,17,15
9,16,1,45,3,0,0,2,0,0,2,14,1,0,0,2,4,91,1,41,1,4,10,6,9,12,7,5,9,4,2,16,0
31,16,1,45,2,0,0,2,0,0,2,14,1,0,0,2,4,91,1,41,1,4,10,5,8,11,6,4,9,4,2,16,0
-5,16,1,43,2,0,0,2,0,0,1,6,9,0,0,2,4,91,1,41,2,5,10,4,7,10,5,3,8,4,2,15,45
23,16,1,42,2,0,0,2,0,0,0,4,11,0,0,2,4,91,1,41,2,5,10,4,6,9,4,3,7,3,2,15,30
-46,16,1,55,2,0,0,1,0,0,0,12,3,0,0,2,4,91,0,41,3,6,11,3,7,8,4,3,7,2,1,17,30
-32,16,1,51,3,0,0,0,0,0,0,0,15,0,0,2,4,91,1,40,3,7,11,3,6,10,3,2,6,2,2,17,0
-30,15,0,43,2,0,0,1,0,0,0,4,11,0,0,2,4,91,1,39,3,6,11,3,6,10,3,3,6,1,2,15,45
-1,15,1,36,3,0,0,1,0,0,0,8,7,0,0,2,4,91,2,37,2,6,10,4,5,9,3,2,5,1,2,14,45
23,15,2,40,2,0,0,1,0,0,0,0,15,0,0,2,4,91,2,37,4,6,12,3,4,8,2,2,5,0,1,15,15
-39,15,2,38,3,0,0,0,0,0,0,2,13,0,0,2,4,91,1,36,4,5,12,3,3,9,3,2,5,0,2,15,0
6,15,2,36,2,0,0,1,0,0,0,13,2,0,0,2,4,91,2,35,3,5,12,2,2,9,2,1,5,0,2,14,45
-31,15,3,38,3,0,0,1,0,0,0,24,6,0,0,2,4,91,3,33,2,5,14,1,5,10,2,1,5,1,2,15,0
-7,12,2,34,3,0,0,2,2,0,0,6,9,0,0,2,4,91,2,29,3,7,17,4,7,15,6,4,5,1,1,14,15
-35,12,2,33,2,0,0,2,2,0,0,4,11,0,0,2,4,91,2,29,3,7,17,3,6,15,5,3,4,1,1,14,0
-37,12,3,35,2,0,0,1,2,0,0,2,13,0,0,2,4,91,2,29,4,8,17,2,7,15,4,3,4,0,2,14,30
10,12,3,32,1,0,0,1,2,0,0,13,2,0,0,2,4,91,2,29,4,10,17,1,6,15,3,2,4,0,1,13,30
12,11,7,29,3,0,1,2,2,0,0,8,7,0,0,2,4,91,3,24,5,10,13,5,7,21,6,5,4,0,1,13,0
-23,11,7,31,3,0,1,2,1,0,0,6,9,0,0,2,4,91,2,24,5,11,14,4,6,20,6,5,4,0,1,13,15
-158,10,6,40,4,0,0,2,1,0,0,0,15,0,0,2,4,91,2,23,6,10,14,4,7,19,6,4,4,1,1,15,15
46,10,6,27,6,0,0,1,1,0,0,4,11,0,0,2,4,91,3,21,5,9,14,4,9,18,6,4,4,2,2,12,45
32,10,6,23,6,0,0,1,0,0,0,3,12,0,0,2,4,91,3,21,5,9,14,3,9,17,5,3,4,2,2,12,15
-24,7,3,27,7,0,1,2,0,0,0,0,15,0,0,2,4,91,3,17,4,6,12,2,11,16,8,4,4,3,2,12,45
-23,7,3,29,7,0,1,2,0,0,0,13,2,0,0,2,4,91,3,16,3,5,11,3,12,15,8,4,4,3,1,13,0
-19,4,1,25,7,0,2,2,0,0,1,0,15,0,0,2,4,91,2,13,2,4,12,9,14,16,11,4,4,4,2,12,30
-1,4,1,18,7,0,2,1,0,0,1,0,15,0,0,2,4,91,2,13,2,4,12,9,13,15,10,3,3,4,2,11,45
23,4,1,17,7,0,2,1,0,0,1,10,5,0,0,2,4,91,3,12,1,3,12,9,12,15,9,3,3,3,3,11,30
1,4,1,23,7,0,2,0,0,0,1,9,6,0,0,2,4,91,3,12,1,4,12,8,11,14,8,2,3,3,2,12,15
14,4,1,14,7,0,1,0,0,0,1,5,10,0,0,2,4,91,2,12,1,5,12,8,10,13,8,3,2,3,1,11,15
-21,4,1,18,7,0,0,0,0,0,1,3,12,0,0,2,4,91,1,12,1,5,12,7,9,14,8,2,2,2,2,11,45
-37,4,1,18,7,0,0,0,0,0,0,14,1,0,0,2,4,91,1,12,1,6,12,7,8,13,7,2,1,2,2,11,45
36,4,1,13,6,0,0,0,0,0,0,10,5,0,0,2,4,91,1,12,1,6,12,7,7,12,6,1,1,1,3,11,0
67,4,2,12,5,0,0,0,0,0,0,7,8,0,0,2,4,91,1,12,1,6,12,6,6,11,5,1,1,1,1,10,45
-28,4,2,25,5,0,0,0,0,0,0,0,15,0,0,2,4,91,2,11,2,6,11,5,5,12,4,1,1,1,2,12,30
2,4,2,21,4,0,0,0,0,0,0,13,2,0,0,2,4,91,2,11,2,6,11,4,4,11,3,0,1,1,2,12,0
-36,4,2,14,3,0,0,0,0,0,0,6,9,0,0,2,4,91,1,11,3,8,11,3,4,10,3,1,1,1,1,11,15
98,4,2,8,2,0,0,0,0,0,0,1,14,0,0,2,4,91,1,11,5,9,11,2,3,11,2,0,1,1,1,10,0
-57,4,2,21,1,0,0,0,0,0,0,13,2,0,0,2,4,91,1,11,5,9,11,1,2,10,1,0,0,1,2,12,0
67,2,2,2,6,0,0,1,0,0,0,11,4,0,0,2,4,91,2,4,4,4,4,3,7,12,6,4,0,0,2,9,15
-73,2,2,14,6,0,0,1,1,0,0,7,8,0,0,2,4,91,2,2,2,2,2,4,9,11,7,5,0,0,1,11,15
7,2,2,6,6,0,0,1,1,0,0,0,15,0,0,2,4,91,3,1,1,1,1,5,9,10,6,4,0,0,2,9,45
-4,1,1,6,7,0,0,0,1,0,0,4,11,0,0,2,4,91,2,0,0,0,0,4,9,9,7,5,0,0,2,9,45
-7,1,1,10,6,0,0,0,1,0,0,4,11,0,0,2,4,91,2,0,0,0,0,4,8,8,6,4,0,0,1,10,15
2,0,0,0,5,0,0,0,1,0,0,0,11,0,1,2,4,91,0,0,0,0,0,5,7,7,7,4,0,0,2,9,0
-39,0,0,11,4,0,0,0,1,0,0,0,12,0,0,2,4,91,0,0,0,0,0,4,6,6,6,4,0,0,1,10,30
13,0,0,0,4,0,0,0,0,0,0,0,26,0,1,2,4,91,0,0,0,0,0,5,5,5,5,4,0,0,2,9,0
-20,0,0,8,3,0,0,0,0,0,0,0,27,0,0,2,4,91,0,0,0,0,0,4,4,4,4,3,0,0,1,10,0
-16,0,0,4,2,0,0,0,0,0,0,0,35,0,0,2,4,91,0,0,0,0,0,3,3,3,3,2,0,0,2,9,30
-23,0,0,2,1,0,0,0,0,0,0,0,43,0,0,2,4,91,0,0,0,0,0,2,2,2,2,1,0,0,2,9,15
-1,0,0,4,0,0,0,0,0,0,0,0,51,0,0,2,4,91,0,0,0,0,0,1,1,1,1,1,0,0,2,9,30
16,28,2,55,2,0,1,2,0,0,1,2,13,0,0,6,3,88,5,51,5,6,11,2,3,8,2,1,5,1,1,17,30
13,27,3,55,3,0,4,2,0,0,1,5,10,0,0,6,3,88,7,46,1,3,8,2,5,12,4,2,5,1,1,17,30
-15,26,3,57,3,0,3,2,0,0,1,0,15,1,0,6,3,88,6,46,1,3,8,1,5,12,4,1,4,1,2,17,45
-2,26,5,53,4,0,2,2,0,0,2,14,1,0,0,6,3,88,6,44,1,4,9,4,5,13,5,2,4,1,2,17,15
-16,25,4,53,4,0,1,2,0,0,2,11,4,0,0,6,3,88,5,44,1,4,9,3,4,12,5,2,4,1,2,17,15
7,25,4,51,4,0,1,2,0,0,1,10,5,0,0,6,3,88,5,44,1,4,9,2,3,11,4,2,4,1,2,17,0
12,23,3,46,5,0,1,2,0,0,0,1,14,0,0,6,3,88,3,43,3,5,11,2,8,13,6,3,4,1,3,16,15
-5,22,2,48,6,0,0,2,0,0,0,3,12,0,0,6,3,88,3,42,3,6,10,2,7,13,6,4,3,1,2,16,30
7,21,1,44,6,0,0,2,0,0,1,8,7,0,0,6,3,88,2,40,3,5,11,6,9,13,8,7,3,0,2,16,0
33,21,2,48,6,0,0,3,0,0,1,0,15,0,0,6,3,88,3,38,2,5,9,5,8,14,8,7,3,0,2,16,30
-37,21,2,46,5,0,0,3,0,0,1,13,2,0,0,6,3,88,3,38,2,5,10,4,8,13,7,7,3,0,3,16,15
49,21,2,38,4,0,0,3,0,0,1,9,6,0,0,6,3,88,3,38,2,5,11,3,8,14,6,6,3,0,2,15,15
-65,21,2,48,4,0,0,3,0,0,0,7,8,0,0,6,3,88,3,38,2,5,11,3,7,13,5,5,3,0,2,16,30
-11,21,2,51,3,0,0,3,0,0,0,4,11,0,0,6,3,88,2,38,3,6,12,2,6,12,5,4,3,0,2,17,0
6,20,2,42,5,0,0,2,0,0,0,7,8,0,0,6,3,88,2,36,3,6,14,5,6,14,6,4,3,1,2,15,45
-7,20,2,36,5,0,0,2,0,0,0,1,14,0,0,6,3,88,3,35,3,5,13,4,5,13,5,3,3,1,2,15,0
-55,20,2,44,4,0,0,2,0,0,0,10,5,0,0,6,3,88,2,35,3,5,14,4,5,12,5,3,3,2,2,16,0
-24,19,2,42,4,0,1,2,0,0,0,44,1,0,0,6,3,88,2,33,2,5,14,3,6,14,6,4,3,2,2,15,45
14,19,2,40,3,0,1,2,0,0,0,42,3,0,0,6,3,88,2,33,3,6,17,2,5,13,5,3,3,2,2,15,30
3,18,3,32,3,0,1,2,0,0,0,26,19,0,0,6,3,88,1,32,2,6,18,2,7,14,6,3,2,3,1,14,15
76,18,6,26,4,0,0,3,0,0,0,11,4,0,0,6,3,88,2,30,4,9,17,6,8,16,6,2,1,2,2,12,45
16,17,5,34,4,0,0,3,0,0,0,3,12,0,0,6,3,88,1,29,5,9,18,7,8,18,7,2,1,1,2,14,45
-31,17,5,36,3,0,0,3,0,0,0,1,14,0,0,6,3,88,1,29,7,9,18,6,9,18,6,1,1,1,2,15,0
-25,17,5,34,4,0,0,3,0,0,0,12,3,0,0,6,3,88,3,27,5,11,16,5,8,17,5,1,1,1,2,14,45
-104,16,4,40,3,0,0,3,0,0,0,10,5,0,0,6,3,88,2,27,5,11,16,4,7,16,5,2,0,1,2,15,30
-4,15,4,31,2,0,0,4,0,0,0,13,2,0,0,6,3,88,2,26,4,11,16,3,7,17,5,3,0,0,1,13,30
-27,15,4,33,2,0,0,4,0,0,0,7,8,0,0,6,3,88,2,25,4,11,15,2,7,17,5,3,0,0,2,14,30
11,15,4,28,2,0,0,3,0,0,0,7,8,0,0,6,3,88,2,25,4,11,15,1,6,16,4,3,0,0,1,13,0
29,12,2,24,5,0,0,3,0,0,0,5,10,0,0,6,3,88,2,21,7,9,15,5,9,15,7,3,0,0,2,12,30
-138,12,2,38,5,0,0,3,0,0,0,3,12,0,0,6,3,88,2,20,6,9,14,4,10,14,7,2,0,0,2,15,15
30,12,2,22,4,0,0,3,0,0,0,3,12,0,0,6,3,88,2,20,6,9,14,3,9,13,6,1,0,0,2,12,15
8,12,4,30,9,0,0,2,0,0,0,2,13,0,0,6,3,88,6,15,2,5,12,4,10,13,6,1,0,0,1,13,15
-11,11,3,24,9,0,0,2,0,0,0,12,3,0,0,6,3,88,5,14,1,4,11,4,10,12,7,2,0,0,2,12,30
-48,11,3,28,8,0,0,2,0,0,0,2,13,0,0,6,3,88,5,14,3,4,12,6,10,13,6,2,0,0,1,13,0
68,11,4,18,9,0,0,1,0,0,0,5,10,0,0,6,3,88,5,13,3,3,12,6,9,13,6,2,0,0,1,11,30
44,11,4,16,8,0,0,1,0,0,0,1,14,0,0,6,3,88,5,13,3,5,12,7,8,12,5,2,0,0,1,11,15
-8,10,4,19,8,0,0,1,0,0,0,8,7,0,0,6,3,88,4,12,2,5,11,7,7,11,6,3,0,0,2,11,45
-49,10,4,22,7,0,0,1,0,0,0,4,11,0,0,6,3,88,4,12,2,6,11,6,6,11,5,3,0,0,2,12,15
-18,10,4,26,7,0,0,1,0,0,0,4,11,0,0,6,3,88,5,11,1,5,10,5,5,10,4,2,0,0,2,12,45
30,10,4,20,6,0,0,1,0,0,0,2,13,0,0,6,3,88,5,11,1,5,10,4,4,9,3,1,0,0,2,12,0
-1,9,5,16,5,0,0,1,1,0,0,4,11,0,0,6,3,88,4,10,0,7,10,3,3,10,4,2,0,0,1,11,15
48,8,4,10,5,0,0,1,0,0,0,2,13,0,0,6,3,88,3,10,1,7,10,2,3,11,4,3,0,0,2,10,15
-2,8,4,20,5,0,0,0,0,0,0,10,5,0,0,6,3,88,3,10,2,7,10,1,2,12,3,2,0,0,2,12,0
29,4,3,15,9,0,1,1,0,0,0,4,11,0,0,6,3,88,5,3,2,3,3,4,7,14,7,2,0,0,2,11,0
12,4,4,8,9,0,0,1,0,0,0,7,8,0,0,6,3,88,5,3,2,3,3,3,10,14,6,2,0,0,2,10,0
24,3,3,8,9,0,0,1,0,0,0,3,12,0,0,6,3,88,4,2,1,2,2,3,9,13,7,3,0,0,2,10,0
16,2,2,12,8,0,0,1,1,0,0,5,10,0,0,6,3,88,3,1,1,1,1,4,9,12,8,3,0,0,1,10,30
24,1,1,14,7,0,0,1,1,0,0,5,10,0,0,6,3,88,2,1,1,1,1,7,8,11,8,3,0,0,1,10,45
67,1,1,0,7,0,0,1,1,0,0,8,7,0,1,6,3,88,1,0,0,0,0,7,8,10,9,2,0,0,2,9,0
7,1,1,4,6,0,0,1,1,0,0,8,7,0,0,6,3,88,1,0,0,0,0,6,7,9,8,2,0,0,2,9,30
-8,1,1,10,5,0,0,1,1,0,0,4,11,0,0,6,3,88,1,0,0,0,0,5,7,8,7,2,0,0,2,10,15
1,1,1,4,4,0,0,1,1,0,0,3,12,0,0,6,3,88,1,0,0,0,0,4,6,7,6,1,0,0,2,9,30
-2,1,1,6,3,0,0,1,1,0,0,1,14,0,0,6,3,88,1,0,0,0,0,3,5,6,5,1,0,0,2,9,45
-42,0,0,12,3,0,0,0,1,0,0,0,5,0,0,6,3,88,0,0,0,0,0,2,5,5,5,2,0,0,1,10,30
-2,0,0,2,2,0,0,0,1,0,0,0,15,0,0,6,3,88,0,0,0,0,0,1,4,4,4,1,0,0,2,9,15
-3,0,0,2,2,0,0,0,0,0,0,0,46,0,0,6,3,88,0,0,0,0,0,3,3,3,3,1,0,0,2,9,15
1,0,0,0,1,0,0,0,0,0,0,0,54,0,1,6,3,88,0,0,0,0,0,2,2,2,2,1,0,0,2,9,0
6,0,0,6,0,0,0,0,0,0,0,0,60,0,0,6,3,88,0,0,0,0,0,1,1,1,1,0,0,0,2,9,45
36,29,4,52,1,0,0,0,0,0,0,14,0,1,0,5,3,87,1,51,3,4,11,1,3,7,1,0,5,1,2,17,45
7,25,3,50,4,0,0,0,0,0,0,6,9,0,0,5,3,87,1,47,3,7,14,2,6,12,4,1,5,1,1,17,30
22,25,3,50,3,0,0,0,0,0,0,6,9,0,0,5,3,87,1,47,3,7,14,1,5,11,3,1,5,1,1,17,30
2,23,5,45,5,0,0,0,0,0,0,2,13,0,0,5,3,87,1,44,4,9,12,4,5,14,5,1,4,1,2,16,45
-17,23,6,47,4,0,0,0,0,0,0,13,2,0,0,5,3,87,1,44,4,10,12,3,5,13,4,0,4,0,1,17,0
19,23,6,47,3,0,0,0,0,0,0,8,7,0,0,5,3,87,1,44,5,11,12,2,5,14,3,0,4,0,1,17,0
2,23,6,49,3,0,0,0,0,0,0,1,14,0,0,5,3,87,2,43,5,10,12,2,4,13,2,0,4,0,2,17,15
-35,21,4,45,6,0,1,0,0,0,0,5,10,0,0,5,3,87,3,38,5,5,7,3,8,12,5,2,4,2,2,16,45
24,17,0,44,7,0,1,1,0,0,0,0,15,0,0,5,3,87,2,35,2,3,7,5,9,12,8,2,4,2,2,16,30
87,17,0,31,8,0,1,1,0,0,0,9,6,0,0,5,3,87,4,33,0,1,6,6,10,11,7,2,4,2,1,14,45
1,17,1,38,8,0,0,1,0,0,0,0,15,0,0,5,3,87,2,33,0,2,8,6,9,11,8,4,3,2,2,15,45
28,17,1,34,7,0,0,1,0,0,0,12,3,0,0,5,3,87,2,33,0,2,8,5,8,10,7,4,3,1,2,15,15
2,17,1,36,6,0,0,1,0,0,0,11,4,0,0,5,3,87,2,33,0,2,8,4,7,9,6,4,3,1,2,15,30
-5,17,1,40,5,0,0,1,0,0,0,0,15,0,0,5,3,87,1,33,1,2,8,4,6,9,6,3,3,1,2,16,0
30,17,1,36,4,0,0,1,0,0,0,13,2,0,0,5,3,87,1,33,1,2,8,3,5,8,5,3,2,1,2,15,30
-29,17,1,38,3,0,0,1,0,0,0,3,12,0,0,5,3,87,1,33,2,2,11,4,4,7,4,2,2,0,2,15,45
-59,17,1,40,2,0,0,1,0,0,0,22,8,0,0,5,3,87,1,33,2,3,12,3,3,6,3,1,2,0,2,16,0
33,17,1,33,2,0,0,1,0,0,0,12,18,0,0,5,3,87,2,32,1,4,12,2,3,7,2,1,2,0,2,15,0
-56,17,1,42,2,0,0,0,0,0,0,12,18,0,0,5,3,87,2,32,1,4,12,1,2,6,1,1,2,0,1,16,15
-24,16,5,31,3,0,1,0,0,0,0,4,41,0,0,5,3,87,2,29,4,9,14,2,4,13,3,3,2,0,1,14,45
21,14,4,26,4,0,1,0,0,0,0,1,14,0,0,5,3,87,2,27,5,8,14,2,6,13,4,2,2,0,1,13,0
1,12,3,30,4,0,1,1,0,0,0,1,14,0,0,5,3,87,2,25,5,7,13,2,7,14,5,3,2,1,2,14,15
43,11,4,23,5,0,1,2,0,0,1,6,9,0,0,5,3,87,2,20,2,6,13,5,9,14,8,4,2,1,2,12,30
-24,11,4,28,5,0,1,2,0,0,1,1,14,0,0,5,3,87,3,20,2,5,13,5,9,14,7,3,2,1,1,13,15
44,11,4,19,5,0,1,1,0,0,1,8,7,0,0,5,3,87,2,20,3,6,13,4,9,14,7,3,2,1,2,12,0
-6,10,4,24,5,0,2,1,0,0,0,4,11,0,0,5,3,87,2,19,2,6,12,3,8,14,7,3,2,1,2,12,45
-98,9,4,34,5,0,1,1,0,0,0,7,8,0,0,5,3,87,1,19,4,7,13,5,9,13,7,3,1,1,2,15,15
-31,9,4,29,4,0,2,1,0,0,0,1,14,0,0,5,3,87,2,18,3,6,13,5,8,12,6,2,1,0,1,13,30
18,8,4,24,5,0,2,1,0,0,0,11,4,0,0,5,3,87,2,16,4,7,11,7,8,15,7,3,1,0,2,12,45
64,8,4,21,4,0,2,1,0,0,0,10,5,0,0,5,3,87,2,16,4,7,11,6,7,14,6,3,1,0,1,12,15
21,8,4,19,3,0,2,1,0,0,0,10,5,0,0,5,3,87,2,16,4,7,11,5,6,13,5,3,1,0,2,12,0
25,7,3,17,3,0,1,2,0,0,0,6,9,0,0,5,3,87,2,15,3,7,10,4,5,13,5,3,1,0,2,11,45
-32,7,4,26,2,0,1,2,0,0,0,0,15,0,0,5,3,87,2,15,3,8,12,3,5,12,4,2,1,0,1,13,0
-22,5,3,21,3,0,1,2,0,0,0,14,1,0,0,5,3,87,2,13,4,6,10,3,6,13,5,3,1,1,1,12,15
16,5,3,16,3,0,1,2,0,0,0,12,3,0,0,5,3,87,3,12,3,6,9,2,5,13,4,3,1,1,2,11,30
30,4,2,11,2,0,1,3,0,0,0,11,4,0,0,5,3,87,2,11,4,6,10,3,6,14,5,4,1,1,2,10,45
38,3,2,12,2,0,1,4,1,0,0,1,14,0,0,5,3,87,1,8,3,4,8,3,8,15,8,5,1,1,2,11,0
-22,3,2,14,2,0,1,4,1,0,0,11,4,0,0,5,3,87,2,7,2,4,7,4,8,14,7,5,1,1,1,11,15
-45,3,2,17,2,0,0,4,1,0,0,7,8,0,0,5,3,87,2,7,2,4,7,4,8,13,6,4,0,1,2,11,45
31,2,2,9,4,0,0,3,1,0,0,12,3,0,0,5,3,87,3,5,2,4,5,6,10,14,6,3,0,0,1,10,30
-29,2,2,14,4,0,0,2,1,0,0,12,3,0,0,5,3,87,3,5,2,4,5,5,9,13,5,2,0,0,1,11,15
10,1,1,4,3,0,0,2,1,0,0,7,8,0,0,5,3,87,1,5,2,4,5,5,8,12,6,4,0,0,1,9,45
4,1,1,7,3,0,0,1,1,0,0,6,9,0,0,5,3,87,1,5,2,4,5,4,7,11,5,3,0,0,2,10,15
79,1,1,6,3,0,0,0,1,0,0,23,7,0,0,5,3,87,1,5,2,5,5,5,7,10,4,3,0,0,2,10,0
-24,1,1,12,3,0,0,1,1,0,0,14,16,0,0,5,3,87,3,3,2,3,3,5,7,9,3,2,0,0,2,11,0
3,1,1,9,3,0,0,1,0,0,0,8,22,0,0,5,3,87,2,3,2,3,3,4,6,8,3,1,0,0,1,10,30
-47,0,0,7,2,0,0,1,0,0,0,13,2,0,0,5,3,87,0,3,3,3,3,3,5,7,4,2,0,0,2,10,15
-380,0,0,42,1,0,0,1,0,0,0,9,6,0,0,5,3,87,0,3,3,3,3,2,5,6,3,2,0,0,1,16,15
-29,0,0,4,1,0,1,0,0,0,0,4,11,0,0,5,3,87,1,2,2,2,2,3,5,5,2,1,0,0,1,9,45
-10,0,0,0,1,0,2,0,0,0,0,0,21,0,1,5,3,87,1,0,0,0,0,3,4,4,3,3,0,0,2,9,0
-20,0,0,2,1,0,1,0,0,0,0,0,23,0,0,5,3,87,0,0,0,0,0,3,3,3,3,3,0,0,2,9,15
-21,0,0,0,1,0,0,0,0,0,0,0,50,0,1,5,3,87,0,0,0,0,0,2,2,2,2,2,0,0,2,9,0
5,0,0,2,0,0,0,0,0,0,0,0,52,0,0,5,3,87,0,0,0,0,0,1,1,1,1,1,0,0,2,9,15
-1,31,4,57,2,0,0,0,0,0,0,14,1,1,0,4,3,86,1,56,3,7,16,3,3,9,2,1,10,1,2,17,45
19,31,4,57,2,0,0,0,0,0,0,9,6,1,0,4,3,86,2,55,3,7,15,2,2,8,1,1,9,1,2,17,45
2,30,4,54,2,0,0,0,0,0,0,10,5,0,0,4,3,86,2,54,3,8,15,1,1,9,1,1,9,0,2,17,30
0,26,4,50,6,0,0,3,0,0,0,9,6,0,0,4,3,86,2,46,3,7,11,6,8,16,8,3,8,3,2,17,0
1,26,4,50,5,0,0,3,0,0,0,6,9,0,0,4,3,86,2,46,4,7,12,5,7,15,7,3,8,2,2,17,0
-8,25,4,54,5,0,0,3,0,0,0,10,5,0,0,4,3,86,2,45,5,7,13,4,9,15,7,2,8,3,2,17,30
-16,25,4,54,4,0,0,3,0,0,0,10,5,0,0,4,3,86,2,45,5,7,13,3,8,14,6,2,8,3,2,17,30
-14,24,3,49,4,0,1,3,0,0,0,4,11,0,0,4,3,86,2,43,4,6,11,3,7,13,7,4,8,3,2,16,45
-36,24,4,52,4,0,1,2,0,0,0,9,6,0,0,4,3,86,1,43,4,7,11,3,7,14,7,4,7,4,3,17,15
19,22,4,48,6,0,1,1,0,0,1,7,8,0,0,4,3,86,1,40,2,4,9,5,8,13,9,6,6,3,1,16,30
-11,22,4,46,5,0,1,2,0,0,1,10,5,0,0,4,3,86,2,39,3,4,8,5,9,15,8,5,6,2,1,16,15
-5,22,4,42,5,0,0,2,0,0,1,4,11,0,0,4,3,86,2,39,3,5,9,6,8,14,7,5,6,2,2,15,45
1,22,4,42,5,0,0,2,0,0,0,1,14,0,0,4,3,86,2,39,3,5,9,5,8,13,6,4,5,3,2,15,45
-8,21,3,46,6,0,0,1,0,0,0,12,3,0,0,4,3,86,2,38,2,5,8,4,7,12,6,3,5,2,1,16,15
25,20,2,44,5,0,0,1,1,0,0,3,12,0,0,4,3,86,2,37,1,5,7,4,6,11,6,2,4,2,2,16,0
14,20,3,44,5,0,0,1,1,0,0,9,6,0,0,4,3,86,2,36,1,4,8,4,7,12,6,1,4,1,2,16,0
34,19,2,40,4,0,0,1,1,0,0,5,10,0,0,4,3,86,1,36,2,4,8,3,6,13,6,1,4,1,2,15,30
8,18,1,40,3,0,0,1,1,0,0,6,9,0,0,4,3,86,0,36,4,5,9,3,6,12,6,0,4,1,2,15,30
3,18,1,36,2,0,0,1,1,0,0,1,14,0,0,4,3,86,0,36,4,5,10,2,6,11,5,0,4,1,2,15,0
-14,18,2,38,3,0,0,1,1,0,0,3,12,0,0,4,3,86,2,34,2,4,11,3,6,10,4,0,3,1,2,15,15
5,17,1,34,5,0,0,1,0,0,0,29,16,0,0,4,3,86,2,32,1,2,11,4,6,10,5,1,3,0,2,14,45
14,17,1,36,5,0,0,0,0,0,0,25,20,0,0,4,3,86,1,32,1,3,12,4,5,10,5,2,3,0,2,15,0
-34,17,3,33,4,0,0,0,0,0,1,6,39,0,0,4,3,86,1,31,1,4,12,3,7,12,5,3,3,2,2,14,30
8,17,3,34,3,0,0,0,0,0,1,6,39,0,0,4,3,86,1,31,1,4,12,2,6,11,4,2,3,2,2,14,45
60,17,4,28,2,0,0,0,0,0,1,13,2,0,0,4,3,86,1,31,2,5,13,2,5,13,3,2,3,2,2,13,0
-94,16,5,38,1,0,0,0,0,0,2,14,1,0,0,4,3,86,0,30,4,9,16,4,5,13,4,4,3,2,2,15,15
-2,16,5,32,1,0,0,0,0,0,2,10,5,0,0,4,3,86,1,28,4,9,15,3,5,14,3,3,3,2,1,14,15
5,16,5,29,2,0,0,0,0,0,1,7,8,0,0,4,3,86,2,28,4,8,15,2,4,13,2,2,2,2,1,13,15
-240,16,5,52,2,0,0,0,0,0,0,5,10,0,0,4,3,86,2,28,4,8,15,1,3,12,1,1,1,1,3,17,15
29,12,2,23,5,0,0,1,1,0,0,11,4,0,0,4,3,86,2,22,3,7,14,5,9,14,6,3,1,1,2,12,15
29,11,1,20,5,0,0,1,1,0,0,13,2,0,0,4,3,86,2,21,3,7,15,7,8,15,6,3,1,1,2,11,45
-67,11,3,31,5,0,0,1,1,0,0,5,10,0,0,4,3,86,2,20,2,7,16,7,9,14,6,3,1,1,1,13,30
10,11,3,21,4,0,0,1,1,0,0,3,12,0,0,4,3,86,1,20,4,8,17,6,8,13,6,2,1,1,2,12,0
-14,11,3,25,4,0,0,1,1,0,0,12,3,0,0,4,3,86,2,19,4,8,16,5,7,13,5,2,1,1,1,12,30
-56,11,4,27,3,0,0,1,1,0,0,6,9,0,0,4,3,86,1,19,4,9,16,4,7,13,5,1,0,1,1,12,45
2,11,4,25,2,0,0,1,1,0,0,5,10,0,0,4,3,86,1,19,4,9,16,3,6,13,4,1,0,0,1,12,30
-95,11,4,29,1,0,0,1,1,0,0,4,11,0,0,4,3,86,1,19,4,9,17,2,5,12,3,1,0,0,1,13,15
67,11,5,19,2,0,0,1,0,0,0,9,6,0,0,4,3,86,2,18,4,9,17,3,5,13,2,1,0,0,1,11,30
-20,10,6,23,6,0,0,0,0,0,0,12,3,0,0,4,3,86,2,14,5,8,14,3,7,15,5,1,0,0,2,12,15
-9,10,6,17,5,0,0,0,0,0,0,11,4,0,0,4,3,86,2,14,5,8,14,3,6,14,4,1,0,0,1,11,15
8,8,5,17,6,0,0,0,0,0,1,10,5,0,0,4,3,86,2,11,3,8,11,3,6,15,6,3,0,0,1,11,15
-12,6,5,15,6,0,0,1,0,0,1,12,3,0,0,4,3,86,2,9,3,8,9,4,8,16,7,3,0,0,2,11,0
-40,6,5,21,5,0,0,1,0,0,1,6,9,0,0,4,3,86,2,9,4,8,9,3,8,15,6,3,0,0,2,12,0
10,4,4,13,5,0,0,1,0,0,1,10,5,0,0,4,3,86,1,8,5,7,8,3,8,15,7,3,0,0,2,10,45
21,4,4,11,5,0,0,1,0,0,1,5,10,0,0,4,3,86,2,7,4,7,7,3,7,15,6,2,0,0,2,10,30
-30,3,3,11,5,0,1,1,0,0,3,12,3,0,0,4,3,86,2,3,2,3,3,6,10,14,9,2,0,0,2,10,30
15,3,3,10,5,0,1,1,0,0,2,9,6,0,0,4,3,86,2,3,3,3,3,5,9,13,8,2,0,0,2,10,15
-59,3,3,13,5,0,1,1,0,0,1,5,10,0,0,4,3,86,2,3,3,3,3,4,8,12,7,2,0,0,2,10,45
-2,1,1,15,6,0,1,1,0,0,1,0,15,0,0,4,3,86,2,1,1,1,1,4,8,11,8,2,0,0,2,11,0
32,1,1,6,5,0,1,1,0,0,1,11,4,0,0,4,3,86,2,1,1,1,1,4,8,10,7,2,0,0,2,9,45
-13,1,1,8,4,0,1,1,0,0,1,3,12,0,0,4,3,86,2,1,1,1,1,5,8,9,6,2,0,0,1,10,0
20,0,0,2,4,0,2,1,0,0,0,4,11,0,0,4,3,86,2,0,0,0,0,4,8,8,6,3,0,0,2,9,15
23,0,0,4,3,0,2,1,0,0,0,0,15,0,0,4,3,86,2,0,0,0,0,4,7,7,5,2,0,0,2,9,30
38,0,0,8,2,0,2,1,0,0,0,0,9,0,0,4,3,86,0,0,0,0,0,4,6,6,6,2,0,0,1,10,0
20,0,0,2,2,0,1,1,0,0,0,0,10,0,0,4,3,86,0,0,0,0,0,3,5,5,5,2,0,0,2,9,15
-49,0,0,6,2,0,0,1,0,0,0,0,27,0,0,4,3,86,0,0,0,0,0,4,4,4,4,2,0,0,2,9,45
43,0,0,4,2,0,0,0,0,0,0,0,30,0,0,4,3,86,0,0,0,0,0,3,3,3,3,2,0,0,2,9,30
17,0,0,0,1,0,0,0,0,0,0,0,40,0,1,4,3,86,0,0,0,0,0,2,2,2,2,1,0,0,2,9,0
-5,0,0,0,0,0,0,0,0,0,0,0,53,0,1,4,3,86,0,0,0,0,0,1,1,1,1,0,0,0,2,9,0
14,22,3,48,2,0,1,1,0,0,0,7,8,1,0,3,3,85,2,45,1,5,13,3,6,11,3,1,5,1,2,17,30
-5,22,3,48,2,0,1,0,0,0,0,6,9,1,0,3,3,85,2,45,1,6,13,2,5,10,2,1,5,1,2,17,30
29,20,1,43,1,0,1,1,0,0,0,8,7,0,0,3,3,85,0,44,4,8,15,4,6,15,4,2,4,2,1,16,30
16,20,2,43,2,0,0,1,0,0,0,13,2,0,0,3,3,85,1,43,5,9,14,3,7,14,3,1,4,1,1,16,30
-3,20,2,41,2,0,0,1,0,0,1,1,14,0,0,3,3,85,2,41,5,8,12,4,6,13,3,2,4,1,2,16,15
76,20,2,34,2,0,0,0,0,0,1,1,14,0,0,3,3,85,2,41,5,8,12,3,5,12,2,1,4,1,2,15,15
-47,19,1,45,2,0,0,2,0,0,1,7,8,0,0,3,3,85,1,38,4,8,11,4,6,12,5,3,3,1,1,16,45
27,19,1,36,2,0,0,2,0,0,0,5,10,0,0,3,3,85,1,38,4,8,11,3,6,11,4,2,3,0,1,15,30
-31,19,2,46,2,0,0,3,0,0,0,8,7,0,0,3,3,85,2,36,4,7,11,3,9,10,4,2,3,2,1,17,0
-19,19,2,39,1,0,0,3,0,0,0,7,8,0,0,3,3,85,2,36,4,7,11,2,8,9,3,2,3,2,2,16,0
-21,18,2,36,3,0,0,3,0,0,0,12,3,0,0,3,3,85,1,33,4,4,10,6,7,9,6,5,3,2,1,15,30
-106,18,3,47,3,0,1,2,0,0,0,12,3,0,0,3,3,85,2,32,3,5,10,6,6,9,5,4,3,2,2,17,15
-58,18,3,39,2,0,1,3,0,0,1,6,9,0,0,3,3,85,3,30,1,3,9,5,6,10,5,3,3,2,2,16,0
-36,18,3,41,2,0,1,2,0,0,1,4,11,0,0,3,3,85,3,30,1,3,9,4,5,9,4,2,3,2,2,16,15
-25,18,3,38,2,0,1,1,0,0,1,0,15,0,0,3,3,85,3,30,1,5,11,3,4,8,3,1,2,2,2,15,45
-6,18,3,31,3,0,0,1,0,0,1,12,3,0,0,3,3,85,4,29,0,4,10,2,3,8,2,1,2,1,2,14,45
1,18,3,34,2,0,0,1,0,0,1,9,6,0,0,3,3,85,4,29,1,4,10,1,2,7,1,1,1,1,2,15,15
75,15,3,23,4,0,0,1,0,0,0,11,34,0,0,3,3,85,1,27,2,5,11,1,3,11,5,4,1,0,2,12,45
-15,14,4,30,5,0,1,1,0,0,0,6,9,0,0,3,3,85,1,24,3,7,10,4,8,12,7,4,1,1,1,14,30
-50,12,4,29,6,0,1,1,0,0,0,14,1,0,0,3,3,85,1,22,5,6,11,6,9,16,8,3,1,1,1,14,15
10,12,4,23,6,0,0,1,0,0,0,9,6,0,0,3,3,85,1,21,5,6,11,6,8,15,7,2,0,1,2,12,45
16,11,3,25,5,0,0,2,0,0,0,7,8,0,0,3,3,85,1,21,4,5,10,5,7,14,7,2,0,0,1,13,0
53,11,3,28,6,0,0,2,0,0,0,14,1,0,0,3,3,85,3,19,2,4,9,5,6,14,6,2,0,0,1,13,30
22,10,3,21,6,0,0,3,0,0,0,14,1,0,0,3,3,85,2,17,1,3,9,4,5,14,8,2,0,0,2,12,30
-113,10,3,32,5,0,0,3,0,0,0,14,1,0,0,3,3,85,2,17,1,3,9,4,4,13,7,2,0,0,2,15,0
-75,10,3,32,4,0,0,3,0,0,0,11,4,0,0,3,3,85,2,17,1,3,11,3,3,12,6,2,0,0,2,15,0
43,9,2,25,3,0,0,3,0,0,0,3,12,0,0,3,3,85,1,17,2,3,11,2,4,11,6,2,0,0,1,13,0
23,8,2,19,3,0,0,3,0,0,0,29,16,0,0,3,3,85,1,16,2,5,10,1,8,13,6,1,0,0,2,12,15
62,7,5,13,4,0,1,2,0,0,0,8,7,0,0,3,3,85,0,14,3,8,11,7,9,13,8,1,0,0,2,10,45
-2,7,5,21,4,0,1,1,0,0,0,6,9,0,0,3,3,85,0,14,3,8,12,6,8,13,7,1,0,0,2,12,30
64,7,5,14,3,0,1,1,0,0,0,3,12,0,0,3,3,85,0,14,4,8,14,5,7,12,6,1,0,0,1,11,0
21,7,5,17,3,0,1,1,0,0,0,2,13,0,0,3,3,85,1,13,3,7,13,4,6,11,5,1,0,0,2,12,0
-46,7,5,19,3,0,0,1,0,0,0,1,14,0,0,3,3,85,1,13,3,7,13,4,5,11,4,1,0,0,2,12,15
-55,7,5,27,2,0,0,1,0,0,0,1,14,0,0,3,3,85,1,13,3,7,13,3,4,10,3,1,0,0,1,13,15
-28,7,5,17,1,0,0,1,0,0,0,11,4,0,0,3,3,85,1,13,3,7,13,2,3,9,2,0,0,0,2,12,0
-35,6,5,16,3,0,0,1,0,0,0,2,13,0,0,3,3,85,2,10,4,5,10,2,5,12,3,1,0,0,2,11,15
17,5,4,14,4,0,0,1,0,0,0,6,9,0,0,3,3,85,3,8,2,5,8,2,5,13,3,0,0,0,1,11,0
5,1,1,10,5,0,0,1,0,0,0,6,9,0,0,3,3,85,0,6,3,6,6,4,6,13,7,3,0,0,1,10,15
-29,1,1,12,4,0,0,1,0,0,0,5,10,0,0,3,3,85,0,6,3,6,6,3,5,12,6,2,0,0,1,10,30
10,1,1,8,3,0,0,1,0,0,0,14,1,0,0,3,3,85,0,6,3,6,6,2,4,11,5,1,0,0,2,10,0
39,1,1,6,2,0,0,2,0,0,0,13,2,0,0,3,3,85,1,5,5,5,5,3,8,10,4,1,0,0,2,9,45
55,0,0,2,3,0,1,2,0,0,0,7,8,0,0,3,3,85,1,2,2,2,2,3,9,9,6,3,0,0,2,9,15
78,0,0,4,4,0,1,2,0,0,0,1,14,0,0,3,3,85,3,0,0,0,0,5,8,8,5,3,0,0,2,9,30
11,0,0,0,3,0,1,2,0,0,0,0,18,0,1,3,3,85,0,0,0,0,0,7,7,7,7,4,0,0,2,9,0
-31,0,0,4,2,0,1,2,0,0,0,0,25,0,0,3,3,85,0,0,0,0,0,6,6,6,6,4,0,0,2,9,30
53,0,0,0,1,0,1,2,0,0,0,0,27,0,1,3,3,85,0,0,0,0,0,5,5,5,5,3,0,0,2,9,0
-70,0,0,8,1,0,1,1,0,0,0,0,28,0,0,3,3,85,0,0,0,0,0,4,4,4,4,2,0,0,2,10,0
-53,0,0,10,1,0,1,0,0,0,0,0,29,0,0,3,3,85,0,0,0,0,0,3,3,3,3,2,0,0,1,10,15
-33,0,0,6,1,0,0,0,0,0,0,0,37,0,0,3,3,85,0,0,0,0,0,2,2,2,2,1,0,0,2,9,45
-29,0,0,2,0,0,0,0,0,0,0,0,43,0,0,3,3,85,0,0,0,0,0,1,1,1,1,0,0,0,2,9,15
-15,33,4,54,2,0,2,1,0,0,2,12,3,0,0,2,3,84,3,50,5,7,14,4,7,14,5,3,10,3,2,17,15
-13,32,4,52,5,0,1,1,0,0,2,8,7,0,0,2,3,84,3,47,3,7,13,6,9,15,7,4,9,2,2,17,0
-52,31,3,56,5,0,1,2,0,0,1,1,14,1,0,2,3,84,2,46,3,6,12,5,8,14,8,5,8,1,2,17,30
8,31,3,54,5,0,0,2,0,0,1,0,15,0,0,2,3,84,2,46,3,6,12,4,7,13,7,4,8,0,2,17,15
-17,31,3,52,4,0,0,2,1,0,1,4,11,0,0,2,3,84,3,45,5,6,14,5,9,12,6,3,8,1,2,17,0
5,30,2,46,3,0,0,2,1,0,1,2,13,0,0,2,3,84,2,45,5,6,14,4,8,11,6,3,8,1,2,16,15
-27,30,2,50,2,0,0,2,2,0,1,9,6,0,0,2,3,84,3,44,4,6,13,4,7,11,5,3,8,1,2,16,45
54,29,1,46,1,0,1,2,2,0,1,9,6,0,0,2,3,84,2,43,4,7,13,5,7,12,6,4,8,1,2,16,15
42,29,1,42,3,0,1,2,2,0,1,4,11,0,0,2,3,84,3,40,1,5,10,5,7,12,7,5,8,2,2,15,45
-43,28,0,48,3,0,1,2,2,0,0,10,5,0,0,2,3,84,2,40,2,5,10,4,7,12,7,5,8,3,2,16,30
-13,28,1,50,3,0,1,1,2,0,0,13,2,0,0,2,3,84,1,40,4,6,12,4,6,14,7,5,7,3,2,16,45
-25,28,1,44,3,0,1,1,1,0,0,12,3,0,0,2,3,84,1,40,4,6,12,3,5,13,6,5,7,2,2,16,0
19,28,1,39,4,0,1,1,0,0,0,6,9,0,0,2,3,84,2,39,4,8,12,3,4,13,5,4,7,2,2,15,30
3,28,1,44,6,0,1,0,0,0,0,6,9,0,0,2,3,84,2,37,3,6,13,3,5,12,6,3,7,2,2,16,0
-113,28,2,56,7,0,0,0,0,0,0,23,7,1,0,2,3,84,2,36,5,6,14,2,6,12,6,2,6,2,2,17,30
-15,28,2,39,6,0,0,1,0,0,0,14,16,0,0,2,3,84,2,35,4,5,13,1,6,11,6,2,5,1,2,15,30
0,27,3,32,8,0,1,1,0,0,0,58,17,0,0,2,3,84,4,31,1,4,14,5,9,13,7,2,5,2,2,14,15
-8,27,3,35,7,0,1,1,0,0,0,54,21,0,0,2,3,84,3,31,1,6,14,5,8,12,7,2,5,2,2,15,0
11,27,5,37,6,0,1,1,0,0,0,51,24,0,0,2,3,84,3,31,2,7,14,4,7,11,6,2,5,2,3,15,15
-20,27,7,35,5,0,1,1,0,0,1,39,36,0,0,2,3,84,3,30,2,7,15,5,7,13,6,1,5,2,2,15,0
-13,26,6,37,4,0,1,1,0,0,1,34,41,0,0,2,3,84,2,30,3,8,17,5,6,12,6,1,5,2,3,15,15
-40,26,7,33,4,0,1,0,0,0,1,25,50,0,0,2,3,84,2,30,4,9,17,4,5,12,5,1,5,2,2,14,45
-104,26,7,39,4,0,0,1,0,0,1,21,54,0,0,2,3,84,2,29,5,9,16,3,5,11,5,1,4,2,2,15,30
-186,26,7,48,4,0,0,1,0,0,0,17,58,0,0,2,3,84,2,29,5,10,17,3,5,12,4,1,3,2,2,16,30
-14,25,8,33,3,0,0,2,0,0,0,7,68,0,0,2,3,84,2,28,6,9,17,2,4,13,4,1,3,1,2,14,45
-110,22,7,42,4,0,0,3,0,0,1,3,12,0,0,2,3,84,3,24,5,8,14,3,5,13,6,3,3,1,2,15,45
38,19,6,30,5,0,1,3,0,0,1,9,6,0,0,2,3,84,2,21,4,8,15,3,7,14,9,3,3,2,1,13,0
21,19,7,25,6,0,1,3,1,0,0,3,12,0,0,2,3,84,4,19,3,6,13,3,7,13,8,3,2,2,2,12,30
24,17,7,28,6,0,2,2,2,0,0,0,15,0,0,2,3,84,4,17,4,6,12,4,9,13,9,4,2,1,2,12,45
5,15,6,30,6,0,2,1,2,0,0,5,10,0,0,2,3,84,2,17,4,7,13,5,9,16,10,5,2,1,1,13,0
9,15,7,25,7,0,1,1,2,0,0,3,12,0,0,2,3,84,3,16,3,6,12,4,8,16,9,4,2,1,2,12,30
23,15,7,25,7,0,1,1,2,0,0,2,13,0,0,2,3,84,4,15,3,5,11,4,7,15,8,4,1,1,2,12,30
-13,13,6,28,7,0,1,2,2,0,0,14,1,0,0,2,3,84,4,13,2,6,10,5,7,16,9,4,1,0,2,12,45
12,12,6,21,6,0,1,2,2,0,0,5,10,0,0,2,3,84,2,13,3,7,11,5,7,18,10,6,1,0,2,12,0
24,12,6,23,5,0,1,2,2,0,0,3,12,0,0,2,3,84,2,13,3,7,11,4,6,17,9,6,1,0,3,12,15
11,11,6,21,6,0,1,3,1,0,0,9,6,0,0,2,3,84,3,11,3,5,11,4,5,16,9,6,1,0,2,12,0
11,11,6,23,6,0,1,2,1,0,0,8,7,0,0,2,3,84,3,11,3,5,11,3,4,15,8,5,1,0,3,12,15
26,9,5,17,6,0,0,2,1,0,0,11,4,0,0,2,3,84,1,11,4,7,11,2,5,14,9,5,1,0,2,11,30
14,8,6,19,6,0,0,2,1,0,0,15,15,0,0,2,3,84,0,10,4,6,10,2,8,14,10,4,1,1,2,11,45
61,6,4,13,8,0,0,2,1,0,0,11,4,0,0,2,3,84,1,6,3,5,7,4,10,14,11,4,1,1,2,10,45
27,5,5,16,8,0,0,2,1,0,0,8,7,0,0,2,3,84,1,6,2,6,6,7,11,16,11,5,1,1,2,11,15
1,4,4,9,8,0,0,2,1,0,1,13,2,0,0,2,3,84,2,4,1,4,4,7,10,15,11,5,1,1,2,10,15
17,4,4,14,8,0,0,1,1,0,1,11,4,0,0,2,3,84,2,4,2,4,4,7,9,14,10,4,0,1,1,11,0
34,4,4,11,7,0,0,1,1,0,1,9,6,0,0,2,3,84,2,4,2,4,4,6,9,13,9,4,0,0,1,10,30
-2,4,4,17,6,0,0,1,1,0,1,7,8,0,0,2,3,84,2,4,2,4,4,6,8,13,8,4,0,0,2,11,30
28,4,4,11,5,0,0,1,1,0,1,4,11,0,0,2,3,84,2,4,2,4,4,6,7,13,7,3,0,0,1,10,30
22,2,2,14,4,0,0,1,1,0,1,8,7,0,0,2,3,84,0,4,4,4,4,5,6,12,8,4,0,0,1,11,0
28,2,2,7,4,0,0,1,1,0,1,0,15,0,0,2,3,84,1,3,3,3,3,4,5,11,7,3,0,0,2,10,0
33,2,2,2,5,0,0,1,1,0,0,12,3,0,0,2,3,84,2,2,2,2,2,3,5,10,6,3,0,0,2,9,15
16,2,2,9,5,0,0,1,0,0,0,8,7,0,0,2,3,84,2,2,2,2,2,3,5,9,5,2,0,0,2,10,15
64,2,2,6,5,0,0,0,0,0,0,6,9,0,0,2,3,84,2,2,2,2,2,2,5,8,4,1,0,0,2,9,45
-57,0,0,19,6,0,0,0,0,0,0,0,5,0,0,2,3,84,0,0,0,0,0,2,5,7,7,5,0,0,2,11,45
-45,0,0,7,5,0,0,0,0,0,0,0,32,0,0,2,3,84,0,0,0,0,0,4,6,6,6,5,0,0,2,10,0
37,0,0,4,4,0,0,0,0,0,0,0,37,0,0,2,3,84,0,0,0,0,0,4,5,5,5,4,0,0,1,9,30
8,0,0,0,3,0,0,0,0,0,0,0,39,0,1,2,3,84,0,0,0,0,0,4,4,4,4,3,0,0,2,9,0
8,0,0,0,2,0,0,0,0,0,0,0,47,0,1,2,3,84,0,0,0,0,0,3,3,3,3,2,0,0,2,9,0
33,0,0,2,1,0,0,0,0,0,0,0,67,0,0,2,3,84,0,0,0,0,0,2,2,2,2,1,0,0,2,9,15
-32,0,0,4,0,0,0,0,0,0,0,0,68,0,0,2,3,84,0,0,0,0,0,1,1,1,1,1,0,0,1,9,30
-16,27,5,58,5,0,2,3,1,0,0,2,13,1,0,6,3,81,4,47,4,7,12,5,8,18,8,2,9,3,2,17,30
28,26,6,50,7,0,3,2,1,0,0,13,2,0,0,6,3,81,5,44,4,6,11,5,9,18,9,2,8,3,2,16,30
-5,26,6,52,6,0,3,2,1,0,0,12,3,0,0,6,3,81,5,44,4,6,11,4,8,17,8,2,8,2,2,16,45
17,24,4,54,6,0,3,2,0,0,0,6,9,0,0,6,3,81,3,44,4,6,11,5,8,17,9,2,8,2,2,17,0
-19,24,4,56,6,0,3,2,0,0,0,4,11,0,0,6,3,81,4,43,3,5,10,4,7,16,8,1,8,2,1,17,15
-13,23,4,54,6,0,2,2,0,0,0,1,14,0,0,6,3,81,3,43,3,6,11,3,7,15,8,2,7,3,2,17,0
1,22,3,46,8,0,1,3,0,0,0,11,4,0,0,6,3,81,3,40,2,5,9,5,10,16,10,2,6,2,2,16,0
35,22,3,46,7,0,1,3,0,0,0,11,4,0,0,6,3,81,3,40,2,5,9,4,9,15,9,1,6,1,2,16,0
-34,21,2,48,6,0,1,3,0,0,0,0,15,0,0,6,3,81,2,40,3,5,11,4,10,15,9,2,6,2,2,16,15
-23,21,2,52,6,0,0,3,0,0,0,13,2,0,0,6,3,81,2,40,4,6,11,3,9,14,8,2,6,2,2,16,45
12,20,2,50,6,0,1,3,0,0,0,12,3,0,0,6,3,81,2,38,3,5,11,5,9,15,9,4,6,2,2,16,30
-13,20,3,41,7,0,0,3,0,0,0,3,12,0,0,6,3,81,3,37,2,5,11,7,9,14,8,4,5,2,2,15,30
59,19,2,41,7,0,1,2,0,0,0,6,9,0,0,6,3,81,3,36,2,5,11,7,9,13,8,4,5,1,2,15,30
-17,19,3,48,6,0,1,2,0,0,0,14,1,0,0,6,3,81,2,36,3,5,12,6,9,13,8,5,5,1,2,16,15
25,19,3,44,6,0,1,2,0,0,0,13,2,0,0,6,3,81,3,35,2,4,12,5,8,12,7,4,5,1,2,15,45
18,19,3,35,5,0,1,2,0,0,0,11,4,0,0,6,3,81,2,35,2,4,12,5,7,11,7,4,5,1,2,14,45
12,19,3,39,5,0,1,1,0,0,0,6,9,0,0,6,3,81,2,35,2,6,13,4,7,12,6,3,4,2,3,15,15
0,19,3,44,5,0,1,0,0,0,0,6,9,0,0,6,3,81,2,35,2,6,13,3,6,11,5,2,4,1,2,15,45
55,19,3,39,4,0,1,1,0,0,0,12,3,0,0,6,3,81,2,34,2,5,13,2,5,10,5,2,4,1,3,15,15
30,18,3,37,4,0,1,1,0,0,0,41,4,0,0,6,3,81,1,33,2,6,13,3,6,10,6,3,4,1,2,15,0
-2,17,3,34,4,0,2,1,0,0,0,22,23,0,0,6,3,81,1,31,2,6,12,3,5,13,7,3,4,1,2,14,30
-3,17,4,35,4,0,1,1,0,0,0,19,26,0,0,6,3,81,1,31,2,7,12,4,4,12,6,3,4,1,2,14,45
-19,16,4,33,4,0,0,1,0,0,0,9,36,0,0,6,3,81,0,30,4,8,13,3,5,11,6,3,3,1,1,14,15
-14,16,6,37,4,0,1,1,0,0,0,6,9,0,0,6,3,81,2,29,4,8,14,2,6,12,5,3,3,1,2,15,0
156,15,5,20,3,0,1,1,0,0,0,5,10,0,0,6,3,81,1,29,4,8,14,1,5,11,5,2,3,1,2,11,45
64,13,5,29,6,0,1,1,0,0,1,0,15,0,0,6,3,81,2,24,4,6,13,4,8,17,8,3,3,2,1,13,0
6,12,4,27,7,0,1,1,0,0,0,9,6,0,0,6,3,81,1,23,3,5,13,4,7,17,9,3,3,2,2,12,45
18,12,4,32,7,0,1,1,0,0,0,9,6,0,0,6,3,81,2,22,2,5,12,3,6,16,8,3,3,2,1,13,30
-77,11,5,41,7,0,1,0,1,0,0,8,7,0,0,6,3,81,2,21,2,6,12,4,6,16,8,4,2,2,2,15,30
118,10,5,12,6,0,1,1,1,0,0,10,5,0,0,6,3,81,2,20,2,5,13,4,7,19,8,3,1,1,2,10,45
10,10,6,24,5,0,1,1,1,0,0,8,7,0,0,6,3,81,2,20,3,6,13,3,7,18,7,2,1,0,2,12,15
-236,9,5,56,6,0,0,1,1,0,0,3,12,0,0,6,3,81,2,19,3,5,13,2,8,17,7,2,1,0,1,17,15
-19,9,6,29,5,0,0,1,1,0,0,8,7,0,0,6,3,81,1,19,4,7,14,2,8,16,7,3,1,0,1,13,0
11,6,4,27,7,0,0,1,1,0,0,0,15,0,0,6,3,81,1,16,4,7,13,7,11,16,9,3,1,0,2,12,45
-4,6,4,31,7,0,0,1,1,0,0,7,8,0,0,6,3,81,2,15,3,6,13,7,10,16,8,2,1,0,1,13,15
23,5,4,22,6,0,0,1,1,0,0,13,2,0,0,6,3,81,1,15,4,8,13,7,12,16,8,2,1,1,1,12,0
51,5,4,25,5,0,0,1,1,0,0,9,6,0,0,6,3,81,1,15,5,8,13,7,12,15,7,2,1,1,2,12,30
3,4,3,18,5,0,0,1,1,0,0,7,8,0,0,6,3,81,1,14,4,7,12,6,11,15,7,2,1,1,2,11,30
17,4,3,18,4,0,0,1,1,0,0,6,9,0,0,6,3,81,1,14,4,7,14,5,10,14,6,2,1,1,2,11,30
19,4,3,20,4,0,0,1,0,0,0,3,12,0,0,6,3,81,1,14,5,8,14,4,9,14,5,2,1,1,2,11,45
4,3,2,16,5,0,0,1,0,0,0,7,8,0,0,6,3,81,2,12,3,7,12,4,8,13,5,2,1,1,2,11,15
-29,3,2,25,5,0,0,0,0,0,0,3,12,0,0,6,3,81,1,12,4,8,12,5,7,13,5,2,1,1,2,12,30
16,2,1,16,4,0,1,1,0,0,0,11,4,0,0,6,3,81,2,10,3,6,10,6,6,13,5,2,1,1,2,11,15
-10,2,1,14,4,0,1,1,0,0,0,3,12,0,0,6,3,81,3,9,3,5,9,5,5,14,4,2,1,1,2,11,0
13,1,1,10,3,0,1,1,0,0,0,5,10,0,0,6,3,81,1,9,5,7,9,4,6,14,5,3,1,1,2,10,30
-88,1,1,22,4,0,0,1,0,0,0,3,12,0,0,6,3,81,2,8,4,6,8,3,5,13,4,2,0,1,1,12,0
1,1,1,14,4,0,0,1,0,0,0,14,1,0,0,6,3,81,3,7,3,5,7,2,5,12,3,1,0,0,2,11,0
24,1,1,12,3,0,0,1,0,0,0,12,3,0,0,6,3,81,3,7,3,5,7,1,4,11,2,0,0,0,2,10,45
-3,0,0,6,4,0,0,2,0,0,0,1,14,0,0,6,3,81,1,3,4,4,4,5,9,11,6,4,0,0,2,10,0
-8,0,0,8,4,0,0,2,0,0,0,11,4,0,0,6,3,81,2,3,3,3,3,4,8,10,5,3,0,0,2,10,15
-28,0,0,10,5,0,0,1,0,0,0,2,13,0,0,6,3,81,2,2,2,2,2,4,8,9,5,4,0,0,2,10,30
-6,0,0,4,4,0,0,1,0,0,0,8,7,0,0,6,3,81,0,2,2,2,2,6,7,8,6,4,0,0,2,9,45
-18,0,0,2,5,0,0,1,0,0,0,5,10,0,0,6,3,81,2,0,0,0,0,5,6,7,5,3,0,0,2,9,30
20,0,0,6,4,0,0,1,0,0,0,0,11,0,0,6,3,81,0,0,0,0,0,5,6,6,6,4,0,0,2,10,0
-15,0,0,1,3,0,0,1,0,0,0,0,16,0,0,6,3,81,0,0,0,0,0,4,5,5,5,4,0,0,2,9,15
-29,0,0,4,2,0,0,1,0,0,0,0,21,0,0,6,3,81,0,0,0,0,0,3,4,4,4,3,0,0,2,9,45
-4,0,0,0,1,0,0,1,0,0,0,0,21,0,1,6,3,81,0,0,0,0,0,2,3,3,3,2,0,0,1,9,0
2,0,0,2,1,0,0,0,0,0,0,0,35,0,0,6,3,81,0,0,0,0,0,2,2,2,2,2,0,0,2,9,30
-57,0,0,8,0,0,0,0,0,0,0,0,59,0,0,6,3,81,0,0,0,0,0,1,1,1,1,1,0,0,2,10,15
19,31,3,52,1,0,1,0,0,0,0,4,11,1,0,5,3,80,2,50,4,7,9,2,2,7,1,0,4,1,1,17,45
2,29,2,50,3,0,0,1,0,0,1,10,5,0,0,5,3,80,3,46,1,3,9,1,4,10,3,2,3,2,1,17,30
-33,27,1,49,3,0,0,2,0,0,2,12,3,0,0,5,3,80,1,43,1,2,11,4,6,10,7,5,3,1,2,17,15
-14,27,1,50,3,0,0,1,0,0,2,3,12,0,0,5,3,80,1,43,1,4,12,3,5,11,6,4,3,1,1,17,30
3,27,2,44,3,0,0,1,0,0,1,1,14,0,0,5,3,80,1,43,2,5,12,2,5,10,5,3,2,1,2,16,30
21,27,2,47,2,0,0,1,0,0,1,3,12,0,0,5,3,80,0,43,2,8,14,2,7,9,5,4,2,0,1,17,0
-11,27,3,47,3,0,0,1,0,0,1,13,2,0,0,5,3,80,2,41,3,7,15,3,6,11,4,3,2,0,1,17,0
-12,26,2,45,3,0,0,1,0,0,0,1,14,0,0,5,3,80,0,41,6,9,16,5,5,12,5,2,2,0,2,16,45
52,26,2,41,3,0,1,1,0,0,0,3,12,0,0,5,3,80,1,39,5,8,16,4,6,12,5,3,2,0,2,16,0
-22,25,1,40,4,0,0,1,0,0,0,12,3,0,0,5,3,80,1,38,4,8,16,3,5,11,5,2,2,0,1,15,45
6,25,1,39,4,0,0,1,0,0,0,11,4,0,0,5,3,80,2,37,3,7,15,2,4,11,4,1,2,0,1,15,30
-1,25,1,42,4,0,0,0,0,0,0,9,6,0,0,5,3,80,2,37,3,7,16,1,3,10,3,1,2,0,1,16,15
-39,24,2,42,6,0,1,1,0,0,0,11,4,0,0,5,3,80,4,32,4,8,15,3,7,13,5,1,2,2,1,16,15
16,24,2,35,5,0,2,1,0,0,0,7,8,0,0,5,3,80,4,31,4,7,14,2,7,12,5,1,2,2,2,15,0
-36,24,6,35,8,0,2,0,0,0,0,42,3,0,0,5,3,80,4,28,3,8,14,5,10,16,7,2,2,2,2,15,0
-169,23,6,45,8,0,2,0,0,0,0,36,9,0,0,5,3,80,3,27,3,7,13,5,9,17,8,4,2,2,2,16,45
-20,23,6,37,8,0,2,0,0,0,0,32,13,0,0,5,3,80,4,26,3,6,12,4,8,16,7,3,1,2,1,15,15
-31,23,7,33,8,0,1,0,0,0,0,28,17,0,0,5,3,80,4,26,4,6,13,3,7,15,6,2,0,1,2,14,45
-9,23,7,31,7,0,1,0,0,0,0,27,18,0,0,5,3,80,4,26,4,7,13,2,6,14,5,2,0,0,1,14,15
-75,22,9,37,8,0,0,1,0,0,0,8,37,0,0,5,3,80,4,24,4,7,13,5,6,14,6,1,0,0,1,15,15
51,21,9,27,9,0,0,1,0,0,0,12,3,0,0,5,3,80,5,22,3,6,12,4,7,17,6,1,0,0,1,13,0
23,19,7,32,9,0,0,1,0,0,0,4,11,0,0,5,3,80,4,21,2,6,11,3,8,16,7,1,0,0,2,14,30
-1,19,7,33,8,0,0,1,0,0,0,4,11,0,0,5,3,80,4,21,2,6,11,2,7,15,6,1,0,0,2,14,45
-25,19,7,30,7,0,0,1,0,0,0,2,13,0,0,5,3,80,4,21,3,6,11,1,7,14,5,1,0,0,1,14,0
13,14,5,29,8,0,1,2,0,0,0,0,15,0,0,5,3,80,3,17,3,5,10,6,9,14,9,3,0,0,1,13,15
71,13,5,19,7,0,1,2,0,0,0,5,10,0,0,5,3,80,2,17,3,6,10,7,9,14,9,3,0,0,2,12,0
24,12,4,23,6,0,1,2,0,0,0,0,15,0,0,5,3,80,1,17,4,6,11,6,11,13,9,2,0,0,2,12,30
11,12,4,23,6,0,1,2,0,0,0,11,4,0,0,5,3,80,2,16,3,6,11,5,10,13,8,1,0,0,2,12,30
22,12,4,27,6,0,1,1,0,0,0,10,5,0,0,5,3,80,2,16,3,6,11,4,9,12,7,0,0,0,1,13,0
31,12,5,21,6,0,1,1,0,0,0,3,12,0,0,5,3,80,3,15,3,5,11,4,8,12,6,0,0,0,2,12,15
14,11,4,25,6,0,1,1,0,0,0,10,5,0,0,5,3,80,3,14,3,4,10,3,8,11,6,0,0,0,2,12,45
24,11,4,25,5,0,1,1,0,0,0,9,6,0,0,5,3,80,2,14,3,4,10,2,7,10,6,1,0,0,2,12,45
40,10,3,17,5,0,2,1,0,0,0,4,11,0,0,5,3,80,3,12,2,4,9,5,6,10,6,2,0,0,2,11,45
45,8,2,15,5,0,1,1,1,0,0,6,9,0,0,5,3,80,2,11,1,4,9,5,6,10,7,3,0,0,2,11,30
-20,8,2,21,4,0,1,1,1,0,0,4,11,0,0,5,3,80,2,11,1,4,9,4,5,9,6,3,0,0,2,12,15
31,8,2,15,3,0,1,1,1,0,0,4,11,0,0,5,3,80,2,11,1,5,9,3,4,8,5,2,0,0,2,11,30
41,8,3,19,2,0,1,1,1,0,0,0,15,0,0,5,3,80,2,11,2,5,10,2,3,7,4,2,0,0,2,12,0
54,7,2,10,3,0,0,1,1,0,0,11,4,0,0,5,3,80,1,10,3,6,9,2,4,8,5,2,0,0,2,10,30
28,7,4,14,4,0,0,1,1,0,1,13,2,0,0,5,3,80,2,7,3,4,7,3,4,11,6,1,0,0,2,11,15
54,5,4,8,5,0,0,1,0,0,1,12,3,0,0,5,3,80,1,6,2,5,6,3,4,13,7,1,0,0,1,10,15
32,5,4,13,5,0,0,1,0,0,1,5,10,0,0,5,3,80,1,5,2,4,5,2,3,12,7,1,0,0,1,11,0
-4,4,4,11,6,0,0,0,0,0,1,6,9,0,0,5,3,80,1,4,2,3,4,2,5,12,7,2,0,0,1,10,45
-49,3,3,17,7,0,0,0,0,0,1,10,5,0,0,5,3,80,2,2,1,2,2,3,8,11,7,3,0,0,2,11,45
0,0,0,2,7,0,0,0,0,0,1,0,1,0,0,5,3,80,0,1,1,1,1,5,10,10,9,4,0,0,2,9,15
27,0,0,7,6,0,0,0,0,0,1,0,4,0,0,5,3,80,0,1,1,1,1,6,9,9,8,4,0,0,2,10,0
32,0,0,5,5,0,0,0,0,0,1,0,6,0,0,5,3,80,0,1,1,1,1,5,8,8,7,4,0,0,1,9,45
5,0,0,0,4,0,1,0,0,0,1,0,18,0,1,5,3,80,1,0,0,0,0,6,7,7,6,3,0,0,1,9,0
4,0,0,3,3,0,1,0,0,0,1,0,28,0,0,5,3,80,0,0,0,0,0,6,6,6,6,3,0,0,2,9,30
24,0,0,0,2,0,1,0,0,0,1,0,31,0,1,5,3,80,0,0,0,0,0,5,5,5,5,2,0,0,1,9,0
-67,0,0,5,2,0,0,0,0,0,1,0,33,0,0,5,3,80,0,0,0,0,0,4,4,4,4,2,0,0,1,9,45
23,0,0,3,1,0,0,0,0,0,1,0,42,0,0,5,3,80,0,0,0,0,0,3,3,3,3,1,0,0,2,9,30
-8,0,0,8,0,0,0,0,0,0,1,0,44,0,0,5,3,80,0,0,0,0,0,2,2,2,2,0,0,0,1,10,15
-8,0,0,11,0,0,0,0,0,0,0,0,56,0,0,5,3,80,0,0,0,0,0,1,1,1,1,0,0,0,1,10,45
-33,28,1,43,1,0,0,1,0,0,0,21,39,1,0,4,3,79,1,41,0,2,7,2,2,4,2,2,2,2,2,18,30
78,28,1,39,1,0,0,0,0,0,0,19,41,0,0,4,3,79,1,41,0,2,7,1,1,3,1,1,1,1,2,17,0
-21,26,3,40,3,0,0,0,0,0,0,2,28,0,0,4,3,79,1,38,3,5,9,2,4,10,3,2,1,0,1,17,15
11,25,4,42,4,0,1,0,0,0,0,5,10,0,0,4,3,79,2,35,2,4,7,3,5,10,4,3,1,0,1,17,30
29,24,4,37,4,0,1,1,0,0,0,1,14,0,0,4,3,79,2,33,2,4,7,2,7,10,5,2,1,0,1,16,15
-27,23,3,38,3,0,1,1,0,0,0,5,10,0,0,4,3,79,1,33,2,4,8,3,7,9,5,2,1,0,1,16,30
37,21,1,31,3,0,1,2,0,0,0,14,1,0,0,4,3,79,1,31,2,3,8,5,7,11,6,3,1,0,1,15,15
21,21,1,35,2,0,1,2,0,0,0,13,2,0,0,4,3,79,1,31,2,3,9,4,6,10,5,3,1,0,1,16,0
-66,20,0,40,2,0,1,2,0,0,0,14,1,0,0,4,3,79,1,30,1,2,9,4,5,10,5,2,1,0,1,17,15
1,20,0,33,2,0,1,2,0,0,0,8,7,0,0,4,3,79,2,29,0,2,10,3,4,9,4,1,1,0,1,15,30
-23,20,0,31,2,0,0,2,0,0,0,4,11,0,0,4,3,79,1,29,0,3,10,2,4,8,4,2,1,1,1,15,15
43,20,1,30,2,0,0,1,0,0,0,24,6,0,0,4,3,79,0,29,1,4,10,2,3,7,4,2,1,1,2,15,0
31,20,2,28,1,0,1,1,0,0,0,1,29,0,0,4,3,79,1,28,2,5,12,2,5,7,3,2,1,1,1,14,45
-98,20,5,34,2,0,0,1,0,0,0,21,24,0,0,4,3,79,1,27,4,8,12,4,5,8,3,2,0,1,2,15,45
-4,19,5,28,2,0,0,1,0,0,1,5,40,0,0,4,3,79,1,25,3,7,12,3,4,10,4,1,0,0,1,14,45
46,19,6,27,3,0,0,0,0,0,1,3,42,0,0,4,3,79,2,24,3,6,12,2,4,9,3,0,0,0,2,14,15
47,19,6,23,2,0,0,0,0,0,1,0,45,0,0,4,3,79,2,24,3,6,12,2,3,8,2,0,0,0,1,13,0
-1,17,6,26,5,0,0,0,0,0,0,2,13,0,0,4,3,79,2,21,3,5,11,2,4,7,4,1,0,0,1,13,30
8,14,5,23,7,0,0,0,0,0,0,4,11,0,0,4,3,79,2,18,2,5,11,3,6,12,6,1,0,0,1,13,0
-143,11,4,35,8,0,0,0,0,0,0,11,4,0,0,4,3,79,1,16,2,5,10,5,5,12,8,2,0,0,1,16,0
15,11,4,21,7,0,0,0,0,0,0,7,8,0,0,4,3,79,1,16,3,5,11,4,4,12,7,2,0,0,2,12,45
37,11,6,18,7,0,1,0,0,0,0,19,11,0,0,4,3,79,2,14,2,5,9,3,6,12,7,2,0,0,1,12,15
4,10,5,25,6,0,1,0,0,0,0,14,16,0,0,4,3,79,1,14,3,5,10,2,5,11,7,3,0,0,1,13,15
18,10,5,18,5,0,1,0,0,0,0,12,18,0,0,4,3,79,1,14,3,6,10,1,6,10,6,3,0,0,1,12,15
12,6,4,20,7,0,1,1,0,0,0,12,3,0,0,4,3,79,1,10,4,5,9,6,8,14,9,5,0,0,2,12,30
44,6,4,16,6,0,1,2,0,0,0,10,5,0,0,4,3,79,2,9,3,4,8,5,8,13,8,4,0,0,1,11,30
17,6,4,17,5,0,1,2,0,0,0,7,8,0,0,4,3,79,2,9,3,4,8,4,7,12,7,3,0,0,2,12,0
-44,5,3,21,4,0,1,2,0,0,0,14,1,0,0,4,3,79,1,9,3,5,9,4,6,11,7,4,0,0,2,12,45
30,5,3,12,3,0,1,2,0,0,0,14,1,0,0,4,3,79,1,9,3,5,9,3,5,10,6,4,0,0,2,11,0
22,4,2,14,3,0,1,2,0,0,0,8,7,0,0,4,3,79,1,8,3,5,8,3,4,9,6,5,0,0,1,11,15
33,2,2,14,2,0,1,3,1,0,0,0,15,0,0,4,3,79,1,6,2,5,6,3,5,14,7,6,0,0,1,11,15
4,2,2,9,2,0,0,4,1,0,0,9,6,0,0,4,3,79,2,5,2,4,5,2,4,13,6,5,0,0,1,10,30
31,2,2,11,1,0,0,4,1,0,0,27,3,0,0,4,3,79,0,5,4,4,5,1,6,12,7,6,0,0,2,10,45
-9,0,0,7,4,0,0,5,0,0,0,4,11,0,0,4,3,79,1,1,1,1,1,5,11,11,9,7,0,0,2,10,15
21,0,0,9,4,0,0,4,0,0,0,3,12,0,0,4,3,79,1,1,1,1,1,4,10,10,8,6,0,0,1,10,30
24,0,0,0,3,0,0,4,0,0,0,6,9,0,1,4,3,79,0,1,1,1,1,3,9,9,8,6,0,0,1,9,0
-15,0,0,7,3,0,0,3,0,0,0,5,10,0,0,4,3,79,0,1,1,1,1,2,8,8,7,5,0,0,2,10,15
40,0,0,5,3,0,0,2,0,0,0,0,15,0,0,4,3,79,0,1,1,1,1,1,7,7,6,4,0,0,2,10,0
3,0,0,12,3,0,0,2,0,0,0,0,30,0,0,4,3,79,0,0,0,0,0,6,6,6,6,4,0,0,2,11,0
23,0,0,5,3,0,0,1,0,0,0,0,35,0,0,4,3,79,0,0,0,0,0,5,5,5,5,3,0,0,2,10,0
-1,0,0,3,2,0,0,1,0,0,0,0,36,0,0,4,3,79,0,0,0,0,0,4,4,4,4,3,0,0,2,9,30
-20,0,0,0,1,0,0,1,0,0,0,0,38,0,1,4,3,79,0,0,0,0,0,3,3,3,3,3,0,0,1,9,0
6,0,0,3,1,0,0,0,0,0,0,0,40,0,0,4,3,79,0,0,0,0,0,2,2,2,2,2,0,0,2,9,30
-3,0,0,2,0,0,0,0,0,0,0,0,41,0,0,4,3,79,0,0,0,0,0,1,1,1,1,1,0,0,2,9,15
55,25,1,43,2,0,1,2,0,0,0,8,22,0,0,3,3,78,1,41,1,2,6,3,3,6,5,1,5,1,2,17,0
17,25,2,45,2,0,0,2,0,0,0,24,6,1,0,3,3,78,1,41,1,3,7,2,2,5,4,1,5,0,2,17,30
84,24,1,40,1,0,0,3,0,0,0,9,21,0,0,3,3,78,1,40,1,2,10,1,2,5,4,1,5,0,1,16,15
86,23,1,37,2,0,0,3,0,0,0,3,12,0,0,3,3,78,1,38,2,6,12,1,4,7,5,1,5,1,1,15,45
14,23,2,37,2,0,1,3,0,0,1,1,14,0,0,3,3,78,2,35,3,7,12,3,3,12,6,2,5,1,1,15,45
-7,23,2,45,2,0,1,2,0,0,1,13,2,1,0,3,3,78,2,35,4,7,12,2,2,11,5,2,4,1,2,17,30
79,22,3,36,5,0,1,1,0,0,1,6,9,0,0,3,3,78,3,32,4,6,11,1,4,11,6,4,4,0,2,15,30
4,21,5,33,9,0,0,1,0,0,1,42,3,0,0,3,3,78,2,28,2,5,10,3,9,16,10,5,4,2,1,15,0
-21,20,4,33,8,0,0,1,0,0,1,40,5,0,0,3,3,78,1,28,2,6,10,2,8,16,10,5,4,2,1,15,0
-37,20,5,40,7,0,0,1,0,0,1,38,7,0,0,3,3,78,1,28,2,6,11,1,7,15,9,5,4,2,1,16,15
-55,17,4,43,9,0,0,0,0,0,2,1,44,0,0,3,3,78,1,25,4,6,11,6,10,16,11,4,3,4,2,17,0
-4,17,5,31,9,0,0,0,0,0,2,11,4,0,0,3,3,78,1,24,3,5,11,6,10,15,11,5,3,3,1,14,30
-14,17,5,32,8,0,0,0,0,0,2,11,4,0,0,3,3,78,1,24,3,5,11,5,9,14,10,4,3,3,2,14,45
-51,17,5,39,8,0,0,0,0,0,1,7,8,0,0,3,3,78,1,24,3,6,11,4,8,13,9,3,3,3,2,16,0
27,17,5,30,8,0,0,0,0,0,1,6,9,0,0,3,3,78,2,23,2,5,10,3,7,12,8,2,2,3,1,14,15
-25,17,6,35,7,0,0,0,0,0,1,5,10,0,0,3,3,78,2,23,2,5,10,2,6,11,7,2,2,2,1,15,15
35,15,5,27,8,0,0,1,0,0,0,14,1,0,0,3,3,78,2,21,2,4,11,5,9,12,8,2,1,2,1,13,15
-68,14,5,42,7,0,0,2,0,0,0,2,13,0,0,3,3,78,2,20,2,5,11,5,8,14,8,2,0,1,2,16,30
-3,13,5,29,6,0,0,2,0,0,0,8,7,0,0,3,3,78,1,20,3,5,11,6,8,13,8,2,0,0,1,13,30
77,13,5,24,5,0,0,2,0,0,0,4,11,0,0,3,3,78,1,20,3,6,11,5,7,12,7,1,0,0,1,12,45
48,13,6,22,4,0,1,2,0,0,0,0,15,0,0,3,3,78,2,19,2,5,11,5,6,11,6,1,0,0,2,12,30
56,11,5,27,4,0,1,2,0,0,0,4,11,0,0,3,3,78,1,18,2,6,10,4,5,11,7,2,0,0,1,13,15
52,11,6,24,3,0,1,2,0,0,0,12,3,0,0,3,3,78,1,18,3,7,11,4,5,11,6,1,0,0,1,12,45
44,11,6,20,2,0,1,2,0,0,0,10,5,0,0,3,3,78,1,18,3,7,11,3,4,10,5,1,0,0,2,12,15
9,10,6,26,2,0,1,2,0,0,0,3,12,0,0,3,3,78,1,17,3,6,10,2,4,9,5,1,0,0,2,13,0
13,8,6,22,3,0,1,2,0,0,0,14,16,0,0,3,3,78,1,15,4,6,8,2,6,11,6,2,0,0,2,12,30
5,6,5,20,5,0,0,2,0,0,1,2,13,0,0,3,3,78,2,12,3,4,8,5,6,15,7,3,0,0,2,12,15
51,5,5,16,5,0,0,2,0,0,1,9,6,0,0,3,3,78,2,11,2,4,8,4,6,14,7,4,0,0,1,11,15
40,3,3,12,6,0,0,2,0,0,0,9,6,0,0,3,3,78,1,10,2,3,10,3,7,14,8,5,0,0,2,10,45
29,3,3,16,6,0,0,2,0,0,0,7,8,0,0,3,3,78,2,9,1,2,9,2,6,13,7,4,0,0,1,11,15
27,3,3,19,6,0,0,1,0,0,0,6,9,0,0,3,3,78,2,9,1,2,9,1,5,12,6,4,0,0,2,12,0
9,1,1,14,5,0,1,1,0,0,0,4,11,0,0,3,3,78,1,8,1,4,8,4,9,16,7,4,0,0,2,11,0
111,1,1,6,5,0,1,1,0,0,0,14,1,0,0,3,3,78,2,7,0,4,7,4,9,15,6,4,0,0,2,10,0
3,0,0,18,5,0,1,0,0,0,0,2,13,0,0,3,3,78,0,7,2,5,7,6,8,14,7,4,0,0,1,11,30
15,0,0,14,4,0,1,0,0,0,0,11,4,0,0,3,3,78,0,7,3,7,7,6,7,13,6,4,0,0,2,11,0
17,0,0,10,3,0,1,0,0,0,0,2,13,0,0,3,3,78,0,7,3,7,7,6,8,12,5,3,0,0,2,10,30
13,0,0,6,4,0,0,0,0,0,0,9,6,0,0,3,3,78,1,6,3,6,6,5,7,11,4,2,0,0,2,10,0
3,0,0,10,3,0,0,0,0,0,0,9,6,0,0,3,3,78,1,6,3,6,6,4,6,10,3,2,0,0,2,10,30
12,0,0,12,2,0,0,0,0,0,0,8,7,0,0,3,3,78,1,6,4,6,6,3,5,9,2,2,0,0,2,10,45
-13,0,0,8,2,0,0,0,0,0,0,0,15,0,0,3,3,78,2,5,4,5,5,2,5,8,1,1,0,0,2,10,15
-45,0,0,8,2,0,0,0,0,0,0,3,12,0,0,3,3,78,1,4,4,4,4,3,7,7,2,0,0,0,2,10,15
-19,0,0,4,5,0,0,0,0,0,0,0,5,0,0,3,3,78,2,0,0,0,0,5,6,6,4,1,0,0,2,9,45
-11,0,0,1,4,0,0,0,0,0,0,0,11,0,0,3,3,78,1,0,0,0,0,5,5,5,4,1,0,0,2,9,15
-31,0,0,4,3,0,0,0,0,0,0,0,27,0,0,3,3,78,0,0,0,0,0,4,4,4,4,2,0,0,2,9,45
-10,0,0,0,2,0,0,0,0,0,0,0,30,0,1,3,3,78,0,0,0,0,0,3,3,3,3,2,0,0,1,9,0
-34,0,0,2,1,0,0,0,0,0,0,0,32,0,0,3,3,78,0,0,0,0,0,2,2,2,2,2,0,0,2,9,30
-45,0,0,2,0,0,0,0,0,0,0,0,37,0,0,3,3,78,0,0,0,0,0,1,1,1,1,1,0,0,2,9,30
32,24,3,43,4,0,1,2,0,0,1,5,10,0,0,2,3,77,1,38,3,5,11,3,7,16,8,4,2,0,1,17,0
16,24,4,41,4,0,1,3,0,0,0,6,9,0,0,2,3,77,2,37,3,6,10,4,6,15,7,4,2,0,2,16,45
28,23,3,45,4,0,1,3,0,0,0,1,14,0,0,2,3,77,2,36,3,5,9,3,6,15,7,3,2,0,1,17,15
13,22,2,39,5,0,0,3,0,0,0,3,12,0,0,2,3,77,2,35,3,5,9,4,6,14,7,4,2,0,2,16,30
24,21,2,46,5,0,0,3,0,0,0,0,15,1,0,2,3,77,2,34,2,4,9,3,5,13,7,3,2,0,1,17,30
25,21,2,41,6,0,0,2,0,0,0,0,15,0,0,2,3,77,2,33,2,4,9,3,7,14,7,3,2,0,2,16,45
21,21,2,37,5,0,0,2,0,0,0,29,1,0,0,2,3,77,2,33,2,4,9,2,6,13,6,2,2,0,2,16,15
-21,20,3,35,4,0,1,3,0,0,0,4,26,0,0,2,3,77,1,31,2,4,8,4,9,14,8,5,2,1,2,16,0
-59,20,3,39,3,1,1,3,0,0,0,7,8,0,0,2,3,77,2,30,2,4,10,6,9,13,7,4,2,1,2,16,30
22,19,2,30,3,1,0,3,0,0,0,8,7,0,0,2,3,77,1,30,3,5,11,7,9,12,7,3,2,1,1,15,0
6,19,2,37,3,1,0,3,0,0,0,7,8,0,0,2,3,77,2,29,2,4,10,6,8,11,6,2,2,1,2,16,15
-12,19,2,35,2,1,0,3,0,0,0,2,13,0,0,2,3,77,1,29,2,4,10,5,8,10,6,3,2,1,2,16,0
-24,19,3,32,3,0,0,3,0,0,0,13,2,0,0,2,3,77,2,28,1,4,9,5,7,9,5,2,2,1,2,15,15
17,18,2,33,3,0,0,2,0,0,0,9,6,0,0,2,3,77,1,28,2,4,10,4,6,9,5,1,2,1,2,15,45
-6,18,2,43,2,0,0,2,0,0,0,7,8,0,0,2,3,77,1,28,2,4,10,3,5,8,4,1,2,1,1,17,0
26,18,2,33,2,0,0,1,0,0,0,6,9,0,0,2,3,77,1,28,2,5,10,2,4,7,3,1,1,1,2,15,45
0,17,2,30,3,0,0,0,0,0,0,47,13,0,0,2,3,77,0,27,3,5,10,3,5,7,4,0,1,1,1,15,0
1,17,4,27,3,0,1,0,0,0,0,24,36,0,0,2,3,77,1,25,2,6,11,4,4,9,4,1,1,1,2,14,30
69,17,4,26,2,0,1,0,0,0,0,18,42,0,0,2,3,77,1,25,2,6,11,3,3,8,3,1,1,1,1,13,30
-28,16,5,28,2,0,2,0,0,0,0,5,55,0,0,2,3,77,2,23,3,5,11,2,3,7,3,2,1,1,2,14,45
-50,15,4,28,1,0,2,0,0,0,0,9,6,0,0,2,3,77,1,23,4,6,11,1,2,8,3,2,0,1,2,14,45
30,12,3,25,5,0,1,0,0,0,0,11,4,0,0,2,3,77,2,18,3,6,11,3,5,12,5,4,0,0,1,13,15
6,11,2,23,5,0,1,1,0,0,0,6,9,0,0,2,3,77,2,17,3,6,11,4,7,12,6,3,0,0,1,13,0
29,10,2,23,4,0,1,1,0,0,0,1,14,0,0,2,3,77,1,17,3,7,12,3,6,12,6,2,0,0,1,13,0
76,10,3,16,5,0,0,1,0,0,0,6,9,0,0,2,3,77,1,16,4,7,11,2,5,12,6,2,0,0,1,12,0
17,10,3,16,4,0,0,1,1,0,0,12,3,0,0,2,3,77,2,15,3,6,10,3,5,13,5,1,0,0,1,12,0
-1,9,5,19,5,0,1,1,1,0,0,15,15,0,0,2,3,77,2,12,3,5,9,3,7,13,7,3,0,0,2,12,30
8,9,5,19,4,0,1,1,1,0,0,14,16,0,0,2,3,77,2,12,3,5,9,2,6,12,6,3,0,0,2,12,30
3,9,6,21,4,0,1,1,1,0,0,6,24,0,0,2,3,77,3,11,2,5,10,2,6,12,5,3,0,0,2,12,45
6,7,5,13,5,0,1,0,1,0,1,13,2,0,0,2,3,77,2,9,3,4,9,4,9,12,7,3,0,0,1,11,15
-37,6,5,21,4,0,1,0,1,0,1,5,10,0,0,2,3,77,1,9,3,4,9,5,9,11,7,4,0,0,2,12,45
56,6,5,11,3,0,1,0,1,0,1,4,11,0,0,2,3,77,1,9,3,4,9,4,8,10,6,4,0,0,2,11,0
-14,6,5,15,3,0,0,0,1,0,1,2,13,0,0,2,3,77,1,9,4,4,9,3,7,9,5,3,0,0,2,11,45
6,4,3,11,5,0,0,0,1,0,1,11,4,0,0,2,3,77,2,6,1,4,6,5,6,11,6,3,0,0,2,11,0
-2,3,2,13,4,0,0,0,1,0,1,6,9,0,0,2,3,77,1,6,1,5,6,5,6,12,6,3,0,0,1,11,15
9,2,2,10,4,0,0,0,2,0,0,6,9,0,0,2,3,77,1,5,2,5,5,4,6,12,6,2,0,0,2,10,45
-37,2,2,18,3,0,0,0,2,0,0,2,13,0,0,2,3,77,1,5,2,5,5,3,5,11,5,1,0,0,2,12,15
27,2,2,7,3,0,0,0,1,0,0,14,1,0,0,2,3,77,1,5,2,5,5,2,4,10,4,0,0,0,1,10,15
3,2,2,9,2,0,0,0,1,0,0,9,6,0,0,2,3,77,1,5,3,5,5,1,3,9,3,0,0,0,1,10,30
25,1,1,6,4,0,0,0,1,0,0,9,6,0,0,2,3,77,1,2,2,2,2,2,6,8,5,1,0,0,2,10,0
-5,0,0,2,4,0,0,0,1,0,0,7,8,0,0,2,3,77,0,1,1,1,1,2,6,7,6,3,0,0,2,9,30
29,0,0,4,4,0,0,0,1,0,0,0,20,0,0,2,3,77,0,0,0,0,0,5,6,6,6,4,0,0,1,9,45
8,0,0,0,3,0,0,0,1,0,0,0,26,0,1,2,3,77,0,0,0,0,0,5,5,5,5,4,0,0,1,9,0
-35,0,0,7,2,0,0,0,1,0,0,0,32,0,0,2,3,77,0,0,0,0,0,4,4,4,4,3,0,0,1,10,15
35,0,0,1,2,0,0,0,0,0,0,0,35,0,0,2,3,77,0,0,0,0,0,3,3,3,3,3,0,0,2,9,15
-12,0,0,2,1,0,0,0,0,0,0,0,37,0,0,2,3,77,0,0,0,0,0,2,2,2,2,2,0,0,2,9,30
-49,0,0,4,0,0,0,0,0,0,0,0,54,0,0,2,3,77,0,0,0,0,0,1,1,1,1,1,0,0,1,9,45
-22,19,4,51,7,0,0,3,1,0,0,3,12,0,0,6,3,74,3,42,2,4,9,3,8,15,9,4,4,1,1,17,15
55,17,2,45,7,0,0,3,1,0,0,4,11,0,0,6,3,74,2,41,1,4,8,5,9,14,10,3,4,1,2,16,15
32,17,3,41,7,0,0,2,1,0,0,1,14,0,0,6,3,74,2,41,1,4,8,6,8,14,9,3,4,1,2,15,45
35,16,2,43,6,0,0,3,1,0,0,2,13,0,0,6,3,74,2,40,2,3,7,5,8,15,9,3,4,1,2,16,0
8,15,1,51,6,0,0,3,0,0,0,9,6,0,0,6,3,74,1,40,3,5,7,6,8,14,9,3,4,1,1,17,15
1,15,1,49,5,0,0,3,0,0,0,6,9,0,0,6,3,74,1,40,3,5,7,5,8,13,8,3,4,2,1,16,45
34,15,1,47,5,0,0,2,0,0,0,2,13,0,0,6,3,74,1,40,3,5,8,4,7,12,7,2,3,2,1,16,30
25,15,1,45,5,0,0,1,0,0,0,2,13,0,0,6,3,74,1,40,3,5,8,3,6,11,6,1,3,1,2,16,15
-41,15,2,53,5,1,1,1,0,0,0,11,4,1,0,6,3,74,2,37,1,4,8,4,7,11,7,1,3,2,1,17,30
42,15,2,41,4,1,1,1,0,0,0,10,5,0,0,6,3,74,1,37,2,4,8,3,6,10,7,2,3,2,2,15,45
42,14,1,39,3,1,1,1,0,0,0,7,8,0,0,6,3,74,0,37,4,4,8,4,7,10,7,2,3,2,2,15,30
-20,14,1,39,2,1,1,1,0,0,0,0,15,0,0,6,3,74,0,37,4,4,12,4,7,9,6,2,3,2,2,15,30
-42,14,1,43,4,0,1,1,0,0,0,8,7,0,0,6,3,74,2,35,2,2,12,3,6,8,5,1,2,2,2,16,0
-94,14,1,50,5,0,1,0,0,0,0,0,15,0,0,6,3,74,2,34,1,2,13,3,6,9,5,1,1,1,2,17,0
3,14,1,36,5,0,0,1,0,0,0,7,8,0,0,6,3,74,3,33,0,2,13,4,5,9,4,1,1,0,1,15,0
61,13,1,34,4,0,0,1,0,0,0,33,12,0,0,6,3,74,0,33,0,4,14,3,4,10,6,3,1,0,2,14,45
-23,13,2,36,3,0,0,1,0,0,0,23,22,0,0,6,3,74,0,33,2,4,15,3,3,9,5,3,1,0,1,15,0
-24,13,2,34,2,0,0,1,0,0,0,22,23,0,0,6,3,74,0,33,2,5,15,2,3,8,4,3,1,0,2,14,45
85,13,3,33,2,0,0,1,0,0,0,0,45,0,0,6,3,74,1,32,3,11,17,1,4,13,3,2,1,0,2,14,30
-65,11,3,32,3,0,0,1,1,0,0,8,7,0,0,6,3,74,0,29,9,11,17,4,6,15,6,5,1,0,1,14,15
-5,11,3,26,5,0,0,3,1,0,1,8,7,0,0,6,3,74,4,23,4,6,11,5,9,16,7,6,1,1,2,12,45
17,10,2,28,6,0,0,3,1,0,1,1,14,0,0,6,3,74,4,21,2,6,10,4,10,15,8,6,1,1,1,13,0
-68,10,2,38,6,0,0,2,1,0,1,11,4,0,0,6,3,74,4,21,3,6,10,3,9,14,7,5,1,1,2,15,15
-48,10,3,31,6,0,1,3,1,0,0,5,10,0,0,6,3,74,4,19,1,4,8,2,8,13,8,5,1,1,1,13,30
-44,10,3,30,6,0,1,2,1,0,0,14,1,0,0,6,3,74,4,19,1,5,10,3,8,13,7,4,1,1,1,13,15
-248,8,4,47,6,0,1,2,1,0,0,3,12,0,0,6,3,74,2,18,3,6,14,7,9,16,9,5,0,1,1,16,30
16,8,4,26,6,0,1,2,0,0,0,1,14,0,0,6,3,74,2,18,3,6,14,6,8,15,8,4,0,0,2,12,45
-4,8,4,28,5,0,1,2,0,0,0,13,2,0,0,6,3,74,1,18,4,6,14,5,8,14,8,4,0,0,1,13,0
6,8,4,20,5,0,0,2,0,0,0,12,3,0,0,6,3,74,1,18,4,6,14,4,8,13,7,4,0,0,2,12,0
117,8,4,22,5,0,0,2,0,0,0,6,9,0,0,6,3,74,2,17,3,6,14,4,7,12,6,3,0,0,2,12,15
-9,8,4,24,5,0,0,3,0,0,0,2,13,0,0,6,3,74,3,15,1,4,13,4,6,12,6,2,0,0,2,12,30
3,7,3,24,5,0,0,2,0,0,0,4,11,0,0,6,3,74,2,15,3,4,13,3,6,14,6,2,0,0,2,12,30
-31,5,1,22,5,0,0,1,0,0,1,9,6,0,0,6,3,74,1,14,2,5,12,4,5,14,7,2,0,0,2,12,15
-11,5,1,19,4,0,0,1,0,0,1,4,11,0,0,6,3,74,1,14,3,6,13,3,4,13,6,1,0,0,2,11,45
-38,4,2,17,4,0,0,2,0,0,1,0,15,0,0,6,3,74,0,12,2,8,12,3,7,14,8,3,0,0,1,11,30
-10,4,3,20,3,0,0,2,0,0,1,13,2,0,0,6,3,74,0,12,3,8,12,2,6,14,7,3,0,0,2,12,0
-6,4,4,14,4,0,0,2,0,0,0,5,10,0,0,6,3,74,1,11,7,9,11,4,9,16,6,3,0,0,2,11,0
72,3,3,8,5,0,1,3,0,0,0,14,1,0,0,6,3,74,2,7,5,6,7,5,9,16,8,4,0,0,1,10,0
32,3,3,17,5,0,1,4,0,0,0,13,2,0,0,6,3,74,4,5,3,4,5,4,8,15,7,3,0,0,1,11,30
39,3,3,11,4,0,1,4,0,0,0,10,5,0,0,6,3,74,4,5,3,4,5,5,7,14,6,3,0,0,1,10,30
-73,3,3,15,3,0,1,5,0,0,0,3,12,0,0,6,3,74,4,4,2,4,4,5,7,14,6,4,0,0,2,11,15
8,1,1,15,4,0,1,5,0,0,0,2,13,0,0,6,3,74,3,2,1,2,2,5,8,13,8,5,0,0,2,11,15
-6,0,0,8,4,0,1,4,0,0,0,11,4,0,0,6,3,74,1,2,1,2,2,4,8,12,9,7,0,0,1,10,0
16,0,0,4,4,0,1,3,0,0,0,11,4,0,0,6,3,74,1,2,1,2,2,3,7,11,8,6,0,0,2,9,30
3,0,0,13,4,0,1,2,0,0,0,5,10,0,0,6,3,74,0,2,2,2,2,3,8,10,8,6,0,0,1,10,45
-7,0,0,6,4,0,1,1,0,0,0,0,15,0,0,6,3,74,0,2,2,2,2,3,8,9,7,5,0,0,2,9,45
-59,0,0,11,6,0,0,1,0,0,0,0,7,0,0,6,3,74,1,0,0,0,0,5,8,8,7,6,0,0,1,10,30
-2,0,0,10,5,0,0,1,0,0,0,0,15,0,0,6,3,74,1,0,0,0,0,6,7,7,6,5,0,0,2,10,15
-6,0,0,0,4,0,0,1,0,0,0,0,16,0,1,6,3,74,1,0,0,0,0,5,6,6,5,4,0,0,2,9,0
-22,0,0,6,4,0,0,0,0,0,0,0,30,0,0,6,3,74,0,0,0,0,0,4,5,5,5,4,0,0,2,9,45
-35,0,0,2,3,0,0,0,0,0,0,0,37,0,0,6,3,74,0,0,0,0,0,4,4,4,4,3,0,0,2,9,15
29,0,0,2,2,0,0,0,0,0,0,0,38,0,0,6,3,74,0,0,0,0,0,3,3,3,3,2,0,0,2,9,15
34,0,0,4,1,0,0,0,0,0,0,0,42,0,0,6,3,74,0,0,0,0,0,2,2,2,2,1,0,0,2,9,30
29,0,0,0,0,0,0,0,0,0,0,0,65,0,1,6,3,74,0,0,0,0,0,1,1,1,1,1,0,0,2,9,0
-21,19,5,57,1,0,0,1,0,0,0,18,42,1,0,5,3,73,1,55,5,7,9,1,3,7,2,2,5,0,2,18,30
13,15,1,53,4,0,0,4,0,0,0,9,6,0,0,5,3,73,3,48,2,2,7,3,6,12,6,3,5,1,2,17,15
28,14,0,53,3,0,0,4,0,0,0,5,10,0,0,5,3,73,2,48,2,2,7,2,5,11,6,3,5,1,2,17,15
27,14,0,55,4,0,0,3,0,0,1,12,3,0,0,5,3,73,3,46,0,1,8,4,7,12,6,4,5,1,1,17,30
27,14,1,51,4,0,0,2,0,0,1,3,12,0,0,5,3,73,2,46,0,3,9,3,8,11,6,3,4,2,2,17,0
-9,14,1,49,4,0,0,2,0,0,0,12,3,0,0,5,3,73,2,46,1,4,10,3,7,10,5,2,4,1,2,16,45
60,14,1,47,3,0,0,2,0,0,0,11,4,0,0,5,3,73,2,46,1,4,10,2,6,9,4,1,4,1,1,16,15
53,14,2,45,2,0,0,2,0,0,0,12,3,0,0,5,3,73,1,46,4,6,12,5,7,11,4,1,4,1,1,16,0
-21,14,2,49,1,0,0,2,1,0,0,7,8,0,0,5,3,73,1,45,4,6,11,4,6,10,4,1,4,1,2,16,45
-23,14,2,55,0,0,0,2,1,0,0,6,9,0,0,5,3,73,1,45,4,6,11,3,5,9,3,1,4,1,1,17,30
-48,14,2,48,0,0,0,1,1,0,0,12,3,0,0,5,3,73,1,45,4,8,11,2,5,8,2,1,3,1,2,16,30
7,13,1,39,1,0,0,1,0,0,0,6,9,0,0,5,3,73,1,44,3,7,10,2,4,8,2,1,3,0,2,15,15
-52,13,1,51,1,0,0,2,0,0,1,9,6,0,0,5,3,73,2,41,4,6,11,3,5,10,3,1,3,0,2,17,0
-24,12,0,41,1,0,0,2,0,0,0,2,13,0,0,5,3,73,1,41,4,7,13,2,5,9,3,0,3,0,2,15,30
-48,12,1,43,3,0,0,1,0,0,1,1,14,0,0,5,3,73,4,38,3,4,12,2,4,11,2,0,3,0,2,15,45
-18,12,2,36,4,0,0,3,0,0,0,31,14,0,0,5,3,73,3,35,1,5,14,3,6,13,5,3,3,1,1,14,45
33,12,2,34,4,0,0,2,0,0,0,27,18,0,0,5,3,73,3,35,1,5,15,2,5,12,4,2,3,1,1,14,15
-42,12,2,38,3,0,0,2,0,0,0,21,24,0,0,5,3,73,2,35,1,6,16,3,5,11,4,3,3,1,2,15,0
-70,11,2,36,3,0,0,2,0,0,0,9,6,0,0,5,3,73,1,34,4,9,17,4,8,12,5,2,3,2,1,14,45
-68,11,2,41,2,0,0,2,0,0,0,6,9,0,0,5,3,73,1,34,5,9,17,3,7,11,4,2,3,2,2,15,30
-155,10,4,43,1,0,0,2,0,0,1,8,7,0,0,5,3,73,0,33,5,10,16,4,7,13,5,3,2,2,2,15,45
-70,10,4,39,4,0,0,1,0,0,1,11,4,0,0,5,3,73,3,30,5,10,14,5,7,15,4,2,2,1,2,15,15
23,10,5,28,5,0,0,2,0,0,0,0,15,0,0,5,3,73,3,28,3,9,14,4,6,16,5,1,2,1,2,12,45
-126,10,6,45,5,0,0,1,0,0,0,14,1,0,0,5,3,73,3,28,4,9,14,4,5,15,4,1,1,1,1,16,0
31,9,5,30,6,0,0,1,0,0,0,3,12,0,0,5,3,73,3,26,5,9,13,3,5,17,5,2,1,0,1,13,0
-109,9,5,35,6,0,0,1,0,0,0,13,2,0,0,5,3,73,4,25,5,8,14,3,4,16,4,2,1,0,2,14,30
-38,7,3,33,5,0,0,2,0,0,0,0,15,0,0,5,3,73,3,24,5,7,15,2,5,15,5,1,1,0,1,13,30
-23,6,2,32,5,0,2,2,0,0,0,2,13,0,0,5,3,73,5,21,4,5,12,2,8,15,5,1,1,0,1,13,15
10,4,1,20,7,0,1,2,0,0,0,12,3,0,0,5,3,73,3,19,2,5,14,4,11,17,8,3,1,0,3,11,45
9,4,1,22,9,0,0,2,0,0,0,10,5,0,0,5,3,73,2,17,2,6,14,8,12,19,10,4,1,1,1,12,0
-84,4,2,30,8,0,0,2,0,0,0,2,13,0,0,5,3,73,1,17,3,8,14,8,11,19,10,4,1,1,1,13,0
-63,4,2,28,7,0,0,2,0,0,0,12,3,0,0,5,3,73,0,17,3,8,15,7,10,18,10,4,1,1,2,12,45
-11,4,2,20,6,0,0,2,0,0,0,11,4,0,0,5,3,73,0,17,3,8,16,7,9,17,9,3,1,1,3,11,45
-56,4,2,25,5,0,0,2,0,0,0,2,13,0,0,5,3,73,0,17,4,8,16,8,8,18,8,3,1,1,2,12,15
8,4,2,26,5,0,0,1,0,0,0,2,13,0,0,5,3,73,0,16,4,8,16,7,8,17,7,3,1,1,2,12,30
15,4,2,18,4,0,0,1,0,0,1,13,2,0,0,5,3,73,1,16,5,9,15,6,7,17,6,2,1,1,2,11,30
78,4,2,14,4,0,0,1,0,0,1,10,5,0,0,5,3,73,2,15,4,8,14,5,6,17,5,2,1,1,2,11,0
-1,3,1,16,4,0,0,1,0,0,1,3,12,0,0,5,3,73,2,14,5,8,14,4,7,18,5,2,1,1,2,11,15
-35,3,1,26,3,0,0,1,0,0,1,12,3,0,0,5,3,73,1,14,5,9,14,3,7,17,5,2,1,1,2,12,30
-1,3,2,22,3,0,0,0,0,0,1,7,8,0,0,5,3,73,0,14,5,10,14,2,6,16,5,2,0,1,1,12,0
51,3,2,18,3,0,0,0,0,0,1,4,11,0,0,5,3,73,1,13,4,10,13,1,5,15,4,1,0,0,2,11,30
-38,2,2,16,4,0,0,2,0,0,1,2,13,0,0,5,3,73,1,9,6,8,9,5,10,17,7,3,0,0,2,11,15
-5,2,2,10,5,0,0,2,0,0,1,8,7,0,0,5,3,73,2,7,4,6,7,6,12,16,7,3,0,0,2,10,30
-17,2,2,10,4,0,0,2,0,0,1,5,10,0,0,5,3,73,2,7,4,7,7,6,12,15,6,3,0,0,2,10,30
-114,2,2,22,6,0,0,1,0,0,1,12,3,0,0,5,3,73,3,5,3,5,5,5,11,14,6,3,0,0,1,12,0
-16,1,1,14,7,0,0,1,0,0,1,3,12,0,0,5,3,73,3,3,2,3,3,6,10,13,7,3,0,0,2,11,0
6,1,1,12,7,0,0,1,0,0,0,14,1,0,0,5,3,73,2,3,2,3,3,6,10,12,7,4,0,0,2,10,45
55,1,1,4,6,0,0,1,0,0,0,12,3,0,0,5,3,73,2,3,2,3,3,5,9,11,6,4,0,0,1,9,30
-30,1,1,9,5,0,0,1,0,0,0,8,7,0,0,5,3,73,1,3,2,3,3,6,8,10,6,3,0,0,2,10,15
-23,0,0,7,4,0,1,1,0,0,1,8,7,0,0,5,3,73,1,1,1,1,1,6,9,9,7,4,0,0,1,10,0
26,0,0,2,3,0,1,1,0,0,1,5,10,0,0,5,3,73,1,1,1,1,1,5,8,8,6,4,0,0,2,9,15
-37,0,0,7,2,0,1,1,0,0,1,1,14,0,0,5,3,73,1,1,1,1,1,4,7,7,5,3,0,0,1,10,0
-44,0,0,12,2,0,1,0,0,0,1,0,4,0,0,5,3,73,0,1,1,1,1,4,6,6,5,3,0,0,2,10,45
-18,0,0,2,2,0,0,0,0,0,1,0,7,0,0,5,3,73,0,1,1,1,1,3,5,5,4,2,0,0,2,9,15
8,0,0,0,2,0,0,0,0,0,0,0,8,0,1,5,3,73,0,1,1,1,1,3,4,4,3,2,0,0,2,9,0
-14,0,0,6,2,0,0,0,0,0,0,0,31,0,0,5,3,73,0,0,0,0,0,3,3,3,3,2,0,0,2,9,45
-24,0,0,0,1,0,0,0,0,0,0,0,38,0,1,5,3,73,0,0,0,0,0,2,2,2,2,1,0,0,2,9,0
-10,0,0,4,0,0,0,0,0,0,0,0,41,0,0,5,3,73,0,0,0,0,0,1,1,1,1,1,0,0,1,9,30
83,38,6,54,0,0,0,0,0,0,0,33,0,0,0,4,3,72,0,61,4,9,13,1,1,6,1,0,6,0,2,16,45
5,32,6,60,6,0,1,1,0,0,0,2,13,1,0,4,3,72,3,52,2,4,12,2,5,11,6,3,6,0,2,17,30
11,30,6,58,5,0,1,2,0,0,0,12,3,0,0,4,3,72,2,51,2,6,13,3,5,11,7,2,6,0,2,17,15
1,29,5,58,5,0,0,3,0,0,0,14,1,0,0,4,3,72,2,50,2,7,14,3,5,15,7,1,6,0,2,17,15
2,28,6,60,5,0,0,3,0,0,0,2,13,1,0,4,3,72,2,49,4,7,15,3,5,15,7,1,6,1,2,17,30
25,27,5,56,4,0,0,3,0,0,0,11,4,0,0,4,3,72,1,49,4,7,15,2,4,15,7,2,6,1,2,17,0
12,25,4,48,6,0,0,3,0,0,0,5,10,0,0,4,3,72,2,46,3,8,15,3,6,16,8,2,6,2,2,16,0
7,24,3,56,7,0,0,3,0,0,1,2,13,0,0,4,3,72,2,43,3,7,14,5,9,18,10,3,6,2,2,17,0
22,24,3,45,6,0,0,3,0,0,1,13,2,0,0,4,3,72,2,43,3,7,15,4,10,18,9,3,5,3,2,15,45
31,22,2,52,5,0,0,4,0,0,1,10,5,0,0,4,3,72,1,41,4,9,16,5,11,18,10,2,5,2,2,16,30
-16,21,3,48,5,0,0,4,0,0,2,6,9,0,0,4,3,72,2,40,4,8,15,6,10,17,10,2,5,2,2,16,0
65,21,3,43,5,0,0,3,0,0,2,3,12,0,0,4,3,72,2,40,4,8,15,5,9,16,9,2,4,2,3,15,30
39,21,4,50,5,0,0,3,1,0,2,14,1,0,0,4,3,72,2,38,4,7,16,8,12,16,10,3,4,1,2,16,15
6,21,4,41,4,0,0,3,1,0,2,10,5,0,0,4,3,72,2,38,5,8,16,7,12,16,9,3,4,2,2,15,15
7,21,4,50,5,0,0,2,1,0,2,8,7,0,0,4,3,72,3,37,4,8,15,6,11,15,8,3,4,2,2,16,15
1,21,4,45,4,0,0,2,1,0,2,7,8,0,0,4,3,72,2,36,5,8,15,5,10,14,8,4,4,2,2,15,45
13,21,4,41,5,0,0,2,1,0,1,0,15,0,0,4,3,72,2,36,4,7,15,5,9,14,8,3,3,2,2,15,15
26,21,4,43,5,0,0,1,1,0,1,14,1,0,0,4,3,72,2,36,4,7,15,4,8,13,7,3,3,1,3,15,30
-4,20,5,39,5,0,0,2,1,0,1,3,12,0,0,4,3,72,2,34,3,7,14,4,8,15,8,4,3,1,2,15,0
-97,20,5,52,5,0,0,2,1,0,0,0,15,0,0,4,3,72,2,34,3,8,14,5,7,16,7,3,3,1,2,16,30
8,18,4,39,6,0,0,1,2,0,0,2,13,0,0,4,3,72,2,32,3,7,15,5,7,15,8,5,3,2,2,15,0
-8,17,3,37,6,0,0,1,1,0,0,36,9,0,0,4,3,72,0,32,5,9,15,5,7,16,9,6,3,2,2,14,45
-3,17,3,36,6,0,0,1,1,0,0,32,13,0,0,4,3,72,1,31,4,8,15,4,6,16,8,5,3,2,2,14,30
-69,17,4,45,5,0,0,1,1,0,0,30,15,0,0,4,3,72,1,31,5,9,15,3,5,15,7,5,3,2,2,15,45
11,17,4,34,4,0,0,1,1,0,0,27,18,0,0,4,3,72,1,31,5,9,17,3,4,15,6,5,2,2,1,14,15
-71,17,4,54,5,0,0,1,1,0,0,14,31,0,0,4,3,72,2,29,4,8,16,2,5,17,6,5,2,1,2,16,45
-23,15,3,31,5,0,1,1,1,0,1,13,2,0,0,4,3,72,2,26,4,7,16,2,9,18,8,5,1,2,2,14,0
-58,14,3,31,8,0,0,1,1,0,1,8,7,0,0,4,3,72,2,23,2,6,15,5,10,19,10,6,1,1,2,14,0
8,13,3,31,9,0,0,0,1,0,1,11,4,0,0,4,3,72,1,22,3,9,15,7,12,20,11,5,1,1,2,14,0
113,13,4,22,9,0,0,0,1,0,1,1,14,0,0,4,3,72,1,21,4,8,15,6,13,20,11,5,1,1,2,12,15
-8,13,4,26,8,0,0,0,1,0,1,14,1,0,0,4,3,72,1,21,4,8,15,6,12,19,10,4,1,1,2,12,45
17,13,6,24,7,0,0,0,1,0,1,11,4,0,0,4,3,72,1,21,4,9,17,5,11,18,9,3,1,1,2,12,30
-15,12,5,28,7,0,0,0,1,0,1,6,9,0,0,4,3,72,1,20,3,10,16,6,11,18,9,4,1,1,1,13,0
67,12,5,19,7,0,0,0,1,0,0,3,12,0,0,4,3,72,1,20,4,10,16,5,11,17,8,4,0,1,2,12,0
141,12,6,15,7,0,0,0,0,0,0,1,14,0,0,4,3,72,1,20,4,10,16,4,10,16,7,3,0,0,2,11,30
-50,11,8,37,6,0,0,2,0,0,1,0,15,0,0,4,3,72,2,17,4,9,14,7,9,19,8,3,0,0,2,14,45
39,11,8,26,5,0,0,2,0,0,1,8,7,0,0,4,3,72,2,17,5,9,15,7,10,18,7,3,0,0,2,12,45
14,11,8,30,4,0,0,2,0,0,1,6,9,0,0,4,3,72,2,17,6,9,15,6,9,17,6,3,0,0,3,13,15
-7,10,8,28,5,0,1,2,0,0,1,13,2,0,0,4,3,72,3,14,4,7,13,6,10,18,7,3,0,0,1,13,0
5,10,8,17,5,0,1,2,0,0,0,11,4,0,0,4,3,72,3,14,4,7,14,5,9,17,6,3,0,0,3,11,45
-22,10,8,24,4,0,1,3,0,0,0,5,10,0,0,4,3,72,4,13,5,7,13,4,9,17,5,3,0,0,2,12,30
5,9,7,19,4,0,1,2,0,0,0,1,14,0,0,4,3,72,3,13,5,7,13,3,8,16,5,3,0,0,2,12,0
-58,7,5,34,4,0,1,2,0,0,0,10,5,0,0,4,3,72,2,12,4,8,12,3,7,15,6,3,0,0,1,14,15
24,7,5,19,3,0,1,3,0,0,1,5,10,0,0,4,3,72,3,10,2,6,10,3,7,15,6,3,0,0,2,12,0
27,3,2,9,5,0,1,3,0,0,0,13,2,0,0,4,3,72,1,8,3,5,8,5,10,16,9,3,0,0,2,10,45
-24,3,2,17,5,0,0,3,0,0,0,9,6,0,0,4,3,72,1,8,4,6,8,4,9,15,8,3,0,0,3,11,45
2,2,1,13,4,0,0,3,0,0,0,4,11,0,0,4,3,72,0,8,4,6,8,4,9,15,8,2,0,0,2,11,15
36,2,2,5,4,0,0,3,0,0,0,13,2,0,0,4,3,72,1,7,3,6,7,3,9,14,7,2,0,0,2,10,15
-25,2,2,22,4,0,0,2,0,0,0,10,5,0,0,4,3,72,1,7,3,7,7,2,8,13,6,2,0,0,2,12,15
4,2,2,15,6,0,0,2,0,0,0,8,7,0,0,4,3,72,2,4,2,4,4,5,8,13,7,3,0,0,2,11,30
13,1,1,13,5,0,0,2,0,0,0,8,7,0,0,4,3,72,0,4,4,4,4,7,9,12,8,4,0,0,2,11,15
-13,1,1,9,5,0,0,2,0,0,0,5,10,0,0,4,3,72,1,3,3,3,3,6,8,11,7,4,0,0,2,10,45
29,1,1,11,5,0,0,1,0,0,0,0,15,0,0,4,3,72,1,3,3,3,3,5,7,10,6,4,0,0,2,11,0
-33,1,1,11,4,0,0,1,0,0,0,0,15,0,0,4,3,72,1,3,3,3,3,4,6,9,5,3,0,0,2,11,0
-5,1,1,5,4,0,0,1,0,0,0,5,10,0,0,4,3,72,2,2,2,2,2,4,7,8,4,2,0,0,2,10,15
35,1,1,7,4,0,0,0,0,0,0,4,11,0,0,4,3,72,2,2,2,2,2,3,6,7,3,2,0,0,2,10,30
31,0,0,7,3,0,0,1,1,0,0,9,6,0,0,4,3,72,2,0,0,0,0,3,5,6,4,2,0,0,2,10,30
-14,0,0,3,2,0,0,1,1,0,0,0,10,0,0,4,3,72,0,0,0,0,0,4,5,5,5,3,0,0,2,10,0
-15,0,0,2,2,0,0,1,0,0,0,0,20,0,0,4,3,72,0,0,0,0,0,3,4,4,4,2,0,0,2,9,45
15,0,0,3,1,0,0,1,0,0,0,0,32,0,0,4,3,72,0,0,0,0,0,3,3,3,3,2,0,0,2,10,0
-2,0,0,0,1,0,0,0,0,0,0,0,37,0,1,4,3,72,0,0,0,0,0,2,2,2,2,1,0,0,1,9,30
18,0,0,0,0,0,0,0,0,0,0,0,55,0,1,4,3,72,0,0,0,0,0,1,1,1,1,0,0,0,1,9,30
21,29,4,57,2,0,0,1,0,0,0,12,3,1,0,3,3,71,2,55,5,7,15,2,2,9,2,2,5,2,2,17,45
-7,29,4,57,1,0,0,1,0,0,0,8,7,1,0,3,3,71,1,55,5,7,16,1,2,8,2,1,4,1,2,17,45
-23,25,3,54,6,0,1,1,0,0,0,9,6,0,0,3,3,71,2,48,5,9,17,4,7,17,7,2,4,1,1,17,15
-4,23,3,56,7,0,1,1,0,0,0,14,1,0,0,3,3,71,2,46,4,9,15,6,7,18,8,2,4,2,2,17,30
3,23,3,54,6,0,1,2,0,0,0,8,7,0,0,3,3,71,3,45,3,9,15,5,6,18,7,2,4,2,1,17,15
5,22,2,52,7,0,0,2,0,0,0,2,13,0,0,3,3,71,3,44,3,8,15,4,6,17,7,3,3,2,2,17,0
-7,22,2,50,7,0,0,2,0,0,0,9,6,0,0,3,3,71,2,42,4,8,14,3,7,17,8,5,3,1,2,16,45
0,22,2,52,7,0,0,2,0,0,0,9,6,0,0,3,3,71,3,42,3,7,13,2,6,16,7,4,3,1,2,17,0
33,22,2,46,6,0,0,2,0,0,0,2,13,0,0,3,3,71,3,42,4,7,14,1,5,15,6,4,3,1,2,16,15
-35,20,1,48,8,0,2,2,0,0,0,14,1,0,0,3,3,71,3,37,2,6,11,6,12,16,10,5,2,2,2,16,30
7,20,1,46,7,0,2,2,1,0,0,7,8,0,0,3,3,71,4,36,2,6,10,6,12,16,9,4,2,1,2,16,15
6,20,1,38,8,0,1,2,1,0,0,11,4,0,0,3,3,71,4,35,4,6,10,7,12,17,9,4,2,1,2,15,15
18,20,2,44,7,0,1,2,1,0,0,10,5,0,0,3,3,71,4,35,4,6,10,7,11,16,8,3,2,1,2,16,0
53,20,2,38,7,0,1,1,1,0,0,1,14,0,0,3,3,71,4,35,4,7,11,7,10,15,7,3,2,1,2,15,15
-12,20,2,42,6,0,1,1,1,0,0,14,1,0,0,3,3,71,4,35,4,7,12,7,9,14,6,2,2,1,2,15,45
15,20,2,36,5,0,1,1,1,0,0,12,3,0,0,3,3,71,3,35,4,7,12,6,8,13,6,3,2,1,2,15,0
-2,20,3,34,7,0,1,1,0,0,0,4,11,0,0,3,3,71,4,33,4,5,10,6,7,13,6,3,2,1,2,14,45
-76,20,4,48,7,0,0,1,0,0,0,0,15,0,0,3,3,71,3,33,4,5,11,5,6,12,6,3,1,1,2,16,30
-48,20,4,50,6,0,0,3,0,0,0,55,5,0,0,3,3,71,4,31,2,4,9,5,6,11,6,4,1,1,2,16,45
-23,20,4,44,5,0,0,3,0,0,0,54,6,0,0,3,3,71,4,31,2,4,9,4,5,10,5,3,1,1,2,16,0
-58,19,4,40,4,0,0,3,0,0,0,44,16,0,0,3,3,71,2,31,3,5,9,3,5,9,6,4,1,1,2,15,30
-3,19,4,36,3,0,0,3,0,0,0,40,20,0,0,3,3,71,2,31,3,5,10,2,5,9,5,3,1,1,2,15,0
-4,19,5,33,2,0,1,4,0,0,0,28,32,0,0,3,3,71,4,29,2,4,9,2,6,8,4,2,1,1,2,14,30
85,16,4,25,4,0,0,4,0,0,0,14,1,0,0,3,3,71,2,27,2,5,10,5,6,13,7,3,0,1,2,12,30
2,16,4,32,3,0,0,4,0,0,0,6,9,0,0,3,3,71,2,27,2,5,11,4,5,12,6,3,0,0,1,13,30
-53,15,4,34,4,0,0,3,0,0,0,11,4,0,0,3,3,71,2,26,3,4,10,3,4,12,6,3,0,0,2,14,45
-70,15,4,42,3,0,0,3,0,0,0,7,8,0,0,3,3,71,2,26,3,5,10,3,4,12,5,2,0,0,2,15,45
-75,15,4,40,3,0,0,2,0,0,0,6,9,0,0,3,3,71,2,26,3,5,10,2,3,11,4,2,0,0,2,15,30
2,13,4,31,5,0,0,2,0,0,0,8,7,0,0,3,3,71,2,23,2,6,11,2,6,14,6,2,0,0,1,13,15
76,11,3,29,7,0,0,1,0,0,0,10,5,0,0,3,3,71,1,21,3,5,12,4,8,13,8,2,0,0,1,13,0
33,11,4,23,6,0,0,3,0,0,0,8,7,0,0,3,3,71,2,19,3,5,13,6,8,15,8,3,0,0,2,12,15
52,10,4,27,6,0,0,3,0,0,0,1,14,0,0,3,3,71,2,18,2,6,13,5,10,15,8,4,0,0,2,12,45
-15,10,5,29,6,0,0,2,0,0,0,0,15,0,0,3,3,71,2,18,2,6,13,4,9,14,7,4,0,0,1,13,0
-11,10,5,27,5,0,0,2,0,0,0,10,5,0,0,3,3,71,2,18,2,6,13,4,9,13,6,3,0,0,2,12,45
44,9,4,23,5,0,0,2,0,0,0,8,7,0,0,3,3,71,2,17,1,5,12,4,8,12,6,2,0,0,2,12,15
33,9,4,20,4,0,0,2,0,0,0,3,12,0,0,3,3,71,2,17,2,6,13,3,7,11,5,2,0,0,1,11,45
37,8,4,22,3,0,1,2,0,0,0,13,2,0,0,3,3,71,1,16,4,6,13,5,6,14,6,3,0,0,2,12,0
-3,8,5,18,2,0,1,2,0,0,0,9,6,0,0,3,3,71,1,16,4,7,14,5,6,14,5,3,0,0,2,11,30
-34,7,5,25,2,0,1,3,0,0,0,8,7,0,0,3,3,71,2,14,4,8,14,4,7,14,5,3,0,0,2,12,30
9,6,4,18,2,0,1,3,0,0,0,3,12,0,0,3,3,71,2,13,3,8,13,3,7,14,5,3,0,0,2,11,30
2,6,4,20,2,0,1,2,0,0,0,2,13,0,0,3,3,71,2,13,3,8,13,2,6,13,4,3,0,0,1,11,45
7,5,4,15,3,0,0,2,0,0,0,10,5,0,0,3,3,71,2,12,3,7,12,1,5,13,4,3,0,0,1,11,0
40,3,2,4,4,0,0,2,1,0,0,9,6,0,0,3,3,71,1,9,4,7,9,4,9,17,7,4,0,0,2,9,30
0,3,3,17,5,0,0,1,1,0,0,0,15,0,0,3,3,71,1,8,4,7,8,3,9,16,7,5,0,0,2,11,15
30,2,2,10,5,0,0,2,1,0,0,9,6,0,0,3,3,71,2,6,2,6,6,4,8,15,7,4,0,0,2,10,15
-7,2,2,13,4,0,0,2,1,0,0,6,9,0,0,3,3,71,1,6,3,6,6,4,7,14,7,3,0,0,2,10,45
10,1,1,6,4,0,0,3,1,0,0,11,4,0,0,3,3,71,1,4,3,4,4,6,10,13,8,4,0,0,2,9,45
45,1,1,6,3,0,0,3,1,0,0,10,5,0,0,3,3,71,1,4,4,4,4,5,9,12,7,4,0,0,2,9,45
-8,1,1,8,3,0,0,3,1,0,0,7,8,0,0,3,3,71,2,3,3,3,3,4,9,11,6,4,0,0,1,10,0
18,1,1,11,3,0,0,2,1,0,0,5,10,0,0,3,3,71,2,3,3,3,3,3,9,10,5,4,0,0,2,10,30
26,1,1,2,2,0,1,2,1,0,0,10,5,0,0,3,3,71,2,2,2,2,2,4,9,9,5,4,0,0,2,9,15
-38,1,1,13,2,0,1,2,0,0,0,9,6,0,0,3,3,71,2,2,2,2,2,3,8,8,4,4,0,0,2,10,45
2,0,0,0,4,0,0,2,0,0,0,0,11,0,1,3,3,71,0,0,0,0,0,6,7,7,7,6,0,0,2,9,0
-46,0,0,15,3,0,0,2,0,0,0,0,13,0,0,3,3,71,0,0,0,0,0,5,6,6,6,6,0,0,1,11,0
-43,0,0,8,3,0,0,1,0,0,0,0,24,0,0,3,3,71,0,0,0,0,0,5,5,5,5,5,0,0,1,10,0
-9,0,0,0,2,0,0,1,0,0,0,0,33,0,1,3,3,71,0,0,0,0,0,4,4,4,4,4,0,0,2,9,0
-57,0,0,11,2,0,0,0,0,0,0,0,36,0,0,3,3,71,0,0,0,0,0,3,3,3,3,3,0,0,2,10,30
-24,0,0,4,1,0,0,0,0,0,0,0,39,0,0,3,3,71,0,0,0,0,0,2,2,2,2,2,0,0,2,9,30
-25,0,0,2,0,0,0,0,0,0,0,0,44,0,0,3,3,71,0,0,0,0,0,1,1,1,1,1,0,0,2,9,15
-25,38,5,63,2,0,0,0,0,0,0,17,28,1,0,2,3,70,1,61,3,8,16,4,4,9,2,1,8,1,2,18,30
-12,37,4,61,2,0,1,0,0,0,0,7,38,0,0,2,3,70,1,59,4,6,15,3,3,8,3,0,8,1,1,18,15
-33,37,4,61,2,0,0,0,0,0,0,7,38,0,0,2,3,70,1,59,4,6,15,2,2,7,2,0,7,1,1,18,15
44,37,5,57,1,0,0,0,0,0,0,0,45,0,0,2,3,70,1,59,4,7,16,1,2,7,1,0,7,0,1,17,0
37,32,4,55,6,0,1,0,0,0,0,0,15,0,0,2,3,70,2,52,4,9,15,4,6,13,6,1,7,1,1,16,45
55,32,6,51,7,0,1,0,0,0,0,3,12,0,0,2,3,70,1,50,4,8,15,3,5,14,8,2,7,1,2,16,15
-36,32,7,59,8,0,0,0,0,0,0,9,6,0,0,2,3,70,2,49,4,7,15,3,5,15,7,2,7,1,2,17,30
-61,32,7,59,7,0,0,0,0,0,0,6,9,0,0,2,3,70,2,49,5,8,15,2,4,15,6,2,7,1,2,17,30
0,29,6,58,8,0,0,1,0,0,1,2,13,0,0,2,3,70,2,45,3,7,13,2,5,16,9,4,7,1,2,17,15
-11,28,5,53,8,0,0,2,0,0,1,3,12,0,0,2,3,70,3,43,3,5,11,3,8,18,9,5,6,1,2,16,30
-10,26,3,53,8,0,0,2,0,0,1,1,14,0,0,2,3,70,2,42,4,7,12,3,10,18,10,4,6,1,2,16,30
6,25,2,48,9,0,0,3,0,0,0,3,12,0,0,2,3,70,3,40,2,6,12,6,12,19,10,5,6,1,1,15,45
-5,23,1,50,9,0,0,4,0,0,0,3,12,0,0,2,3,70,2,38,3,6,11,7,12,20,12,6,6,1,2,16,0
21,23,1,51,8,0,0,4,0,0,0,14,1,0,0,2,3,70,2,38,3,6,12,7,12,19,11,6,6,1,2,16,15
14,23,2,44,8,0,0,3,0,0,0,7,8,0,0,2,3,70,2,38,4,6,14,7,12,19,10,6,6,2,2,15,15
6,23,2,55,7,0,0,3,0,0,0,5,10,0,0,2,3,70,2,38,4,6,14,7,12,18,9,6,6,2,1,16,45
21,23,2,48,6,0,0,3,0,0,0,4,11,0,0,2,3,70,2,38,4,6,14,6,11,17,8,5,6,2,1,15,45
61,23,2,36,6,0,0,3,0,0,0,11,4,0,0,2,3,70,2,37,4,6,14,6,11,16,8,5,5,2,1,14,15
6,23,2,46,7,0,0,2,0,0,0,6,9,0,0,2,3,70,2,36,3,6,13,6,10,17,8,4,5,1,2,15,30
118,23,2,34,6,0,0,3,0,0,0,1,14,0,0,2,3,70,2,35,3,5,13,6,9,17,8,4,5,1,1,13,30
47,23,2,44,5,0,0,3,0,0,0,11,4,0,0,2,3,70,2,35,3,5,14,5,10,17,7,4,5,2,2,15,15
-25,23,3,40,4,0,1,3,0,0,0,6,9,0,0,2,3,70,1,34,2,6,13,5,9,17,8,5,5,2,2,14,45
-39,23,4,46,3,0,1,3,0,0,0,4,11,0,0,2,3,70,1,34,2,6,13,5,8,16,7,4,5,2,2,15,30
1,22,3,42,3,0,1,3,0,0,0,24,6,0,0,2,3,70,1,33,2,6,15,5,7,15,7,4,5,2,2,15,0
-28,22,4,42,3,0,1,3,0,0,0,17,13,0,0,2,3,70,2,32,2,5,14,4,8,15,6,4,5,3,2,15,0
133,22,4,20,3,0,0,3,0,0,0,10,20,0,0,2,3,70,1,32,3,7,14,5,7,14,6,4,4,3,2,11,45
-5,21,3,36,2,0,0,3,0,0,0,6,24,0,0,2,3,70,0,32,4,8,15,4,7,13,6,3,4,3,1,14,15
-23,21,4,40,3,0,0,2,0,0,0,12,3,0,0,2,3,70,1,31,4,8,15,3,6,14,5,2,4,3,2,14,45
-22,21,6,39,3,0,1,1,0,0,0,13,2,0,0,2,3,70,1,30,4,9,17,4,8,15,5,3,4,3,2,14,30
118,21,6,30,3,0,1,0,0,0,0,11,4,0,0,2,3,70,1,30,5,9,17,3,8,14,4,3,3,3,1,13,0
25,19,6,33,4,0,1,0,0,0,1,7,8,0,0,2,3,70,2,27,4,9,17,5,8,14,5,2,3,2,1,13,15
-56,18,5,36,4,0,0,0,0,0,1,4,11,0,0,2,3,70,1,27,5,9,17,4,8,13,5,2,2,2,1,14,15
-16,18,7,35,6,0,0,0,0,0,1,8,7,0,0,2,3,70,2,24,3,6,16,6,7,14,6,3,1,1,3,14,0
-20,16,6,30,5,0,0,0,0,0,2,7,8,0,0,2,3,70,0,23,5,8,17,5,10,15,8,3,1,0,1,13,0
36,16,6,24,4,0,0,0,0,0,2,7,8,0,0,2,3,70,0,23,5,8,17,4,9,14,7,2,1,0,2,12,15
22,15,6,28,5,0,0,0,0,0,1,2,13,0,0,2,3,70,0,22,4,9,16,4,8,13,7,2,1,0,3,12,45
1,15,6,26,5,0,0,0,0,0,1,13,2,0,0,2,3,70,1,21,3,8,15,3,7,13,6,2,1,0,2,12,30
-5,15,6,26,5,0,0,0,0,0,0,8,7,0,0,2,3,70,1,21,3,9,15,2,6,13,5,2,1,0,2,12,30
3,13,5,24,5,0,1,1,0,0,0,6,9,0,0,2,3,70,2,18,3,8,14,5,6,12,6,2,1,0,2,12,15
28,11,5,18,6,0,0,1,0,0,0,4,11,0,0,2,3,70,1,17,6,9,14,4,8,11,7,3,1,1,2,11,30
25,11,5,22,5,0,0,1,0,0,0,3,12,0,0,2,3,70,1,17,6,9,14,3,7,10,6,3,1,1,2,12,0
5,10,6,30,5,0,0,1,0,0,1,9,6,0,0,2,3,70,2,15,5,9,12,2,7,11,6,2,1,1,1,13,0
3,10,6,22,4,0,0,1,0,0,1,8,7,0,0,2,3,70,2,15,5,9,12,2,6,10,5,2,1,1,2,12,0
44,8,6,15,7,0,1,1,0,0,1,8,7,0,0,2,3,70,2,10,4,6,10,5,7,12,9,3,1,1,2,11,0
33,6,5,14,8,0,1,1,0,0,0,10,5,0,0,2,3,70,1,9,3,6,9,6,6,14,10,4,0,1,1,10,45
-6,6,5,28,7,0,1,1,0,0,0,9,6,0,0,2,3,70,1,9,3,6,9,5,5,13,9,3,0,0,3,12,45
2,6,5,20,6,0,1,1,1,0,0,7,8,0,0,2,3,70,2,8,2,5,8,4,4,12,8,2,0,0,2,11,45
-16,6,5,16,6,0,1,0,1,0,0,0,15,0,0,2,3,70,2,8,3,5,8,3,4,11,7,2,0,0,2,11,15
-23,4,3,18,6,0,1,0,2,0,0,13,2,0,0,2,3,70,2,6,3,4,6,2,5,13,8,3,0,0,2,11,30
-5,4,3,16,5,0,1,0,2,0,0,12,3,0,0,2,3,70,2,6,3,4,6,1,4,12,7,3,0,0,2,11,15
29,1,1,12,7,0,0,0,3,0,0,0,15,0,0,2,3,70,1,3,3,3,3,5,8,14,10,4,0,0,1,10,30
55,1,1,12,6,0,0,0,3,0,0,14,1,0,0,2,3,70,0,3,3,3,3,4,7,13,10,5,0,0,1,10,30
22,1,1,6,7,0,0,0,2,0,0,0,15,0,0,2,3,70,1,2,2,2,2,6,9,12,9,5,0,0,2,9,45
26,1,1,10,7,0,0,0,2,0,0,10,5,0,0,2,3,70,2,1,1,1,1,5,8,11,8,5,0,0,2,10,15
28,1,1,4,6,0,0,0,2,0,0,6,9,0,0,2,3,70,2,1,1,1,1,4,7,10,7,4,0,0,2,9,30
-6,0,0,6,7,0,0,0,1,0,0,0,7,0,0,2,3,70,0,0,0,0,0,5,8,9,9,6,0,0,2,9,45
25,0,0,8,6,0,0,0,1,0,0,0,9,0,0,2,3,70,0,0,0,0,0,4,7,8,8,5,0,0,2,10,0
32,0,0,10,5,0,0,0,1,0,0,0,10,0,0,2,3,70,0,0,0,0,0,3,6,7,7,5,0,0,2,10,15
-11,0,0,2,4,0,0,0,1,0,0,0,33,0,0,2,3,70,0,0,0,0,0,5,6,6,6,4,0,0,2,9,15
-31,0,0,8,3,0,0,0,1,0,0,0,35,0,0,2,3,70,0,0,0,0,0,4,5,5,5,4,0,0,2,10,0
16,0,0,4,2,0,0,0,1,0,0,0,44,0,0,2,3,70,0,0,0,0,0,3,4,4,4,3,0,0,2,9,30
-7,0,0,0,1,0,0,0,1,0,0,0,55,0,1,2,3,70,0,0,0,0,0,3,3,3,3,3,0,0,2,9,0
2,0,0,0,0,0,0,0,1,0,0,0,63,0,1,2,3,70,0,0,0,0,0,2,2,2,2,2,0,0,2,9,0
70,0,0,2,0,0,0,0,0,0,0,0,79,0,0,2,3,70,0,0,0,0,0,1,1,1,1,1,0,0,2,9,15
94,34,6,46,1,0,2,0,1,0,0,14,1,0,0,6,3,67,2,52,4,7,13,1,4,10,3,2,4,1,3,16,30
32,32,7,53,2,0,1,3,1,0,0,14,1,0,0,6,3,67,3,48,3,5,10,3,3,11,5,1,4,0,2,17,15
-2,31,6,55,1,0,1,3,1,0,0,9,6,0,0,6,3,67,2,48,3,5,11,2,4,10,5,2,4,0,1,17,30
42,28,4,48,3,0,1,3,0,0,0,3,12,0,0,6,3,67,1,46,3,6,11,1,6,12,7,5,4,2,2,16,45
12,25,4,44,4,0,1,4,0,0,0,12,3,0,0,6,3,67,0,43,4,5,10,6,8,12,10,8,4,2,2,16,15
-40,25,4,51,3,0,1,4,0,0,0,10,5,0,0,6,3,67,0,43,4,6,10,5,7,11,9,7,4,2,2,17,0
5,24,3,57,4,0,1,4,0,0,0,1,14,1,0,6,3,67,1,41,3,5,8,4,7,12,9,6,3,2,2,17,45
26,24,4,46,3,0,1,4,1,0,0,7,8,0,0,6,3,67,2,40,2,5,9,5,8,13,8,5,2,2,3,16,30
13,24,4,51,3,0,1,3,1,0,0,4,11,0,0,6,3,67,2,40,2,5,9,4,7,12,7,4,2,1,2,17,0
20,24,4,48,4,0,1,2,1,0,0,1,14,0,0,6,3,67,3,39,1,4,8,3,6,12,6,3,2,1,2,16,45
82,22,3,40,5,0,1,1,1,0,0,14,1,0,0,6,3,67,2,38,2,4,8,4,5,12,7,2,2,1,2,15,30
17,22,3,41,5,0,0,1,1,0,0,7,8,0,0,6,3,67,2,38,3,4,8,4,5,11,6,1,2,2,1,15,45
18,21,2,44,5,0,0,1,1,0,0,8,7,0,0,6,3,67,1,37,3,4,7,3,4,12,7,1,2,2,2,16,15
36,21,2,43,6,0,0,0,1,0,0,0,15,0,0,6,3,67,2,36,2,3,8,2,6,11,6,0,2,2,2,16,0
4,21,2,55,5,0,0,0,1,0,0,13,2,0,0,6,3,67,2,36,2,4,8,1,5,10,5,0,1,2,1,17,30
90,19,3,33,6,0,0,1,0,0,0,10,5,0,0,6,3,67,0,34,3,4,10,5,7,11,8,1,0,1,1,14,15
-5,19,3,37,6,0,0,1,0,0,0,38,7,0,0,6,3,67,1,33,3,3,12,6,8,13,7,1,0,0,1,15,0
43,19,3,37,5,0,0,1,0,0,0,36,9,0,0,6,3,67,1,33,3,4,12,5,7,12,6,1,0,0,1,15,0
-32,19,3,41,4,0,0,1,0,0,0,31,14,0,0,6,3,67,1,33,3,5,12,4,6,11,5,1,0,0,1,15,45
6,19,4,35,5,0,0,1,0,0,0,27,18,0,0,6,3,67,3,31,1,3,12,3,5,10,4,1,0,0,1,14,30
6,18,3,39,4,0,0,1,0,0,0,17,28,0,0,6,3,67,2,31,1,4,13,3,4,11,4,1,0,0,1,15,15
11,18,3,36,4,0,0,1,0,0,0,12,33,0,0,6,3,67,2,30,0,4,13,3,5,11,4,1,0,0,2,14,45
24,16,4,32,3,0,0,1,0,0,0,7,8,0,0,6,3,67,0,30,2,6,17,2,5,13,5,2,0,0,2,13,30
19,16,4,31,2,0,0,1,0,0,0,0,15,0,0,6,3,67,0,30,4,8,17,3,6,12,4,2,0,0,1,13,15
80,15,3,24,4,0,1,1,0,0,0,1,14,0,0,6,3,67,2,26,3,9,16,5,7,15,5,2,0,0,2,12,15
-159,15,3,53,4,0,1,0,0,0,0,0,15,0,0,6,3,67,2,26,4,9,16,4,6,14,4,1,0,0,2,17,15
26,13,2,22,5,0,1,0,0,0,0,8,7,0,0,6,3,67,1,24,5,10,16,4,9,16,6,2,0,0,2,12,0
14,12,2,28,4,0,1,1,0,0,0,5,10,0,0,6,3,67,1,23,4,10,16,4,8,15,6,2,0,0,1,12,45
-13,12,2,30,3,0,1,1,0,0,0,3,12,0,0,6,3,67,1,23,5,10,16,3,7,14,5,2,0,0,1,13,0
-26,12,5,26,6,0,1,1,0,0,0,10,5,0,0,6,3,67,2,19,5,7,13,5,7,14,7,4,0,0,2,12,30
-33,12,5,26,5,0,1,1,0,0,0,5,10,0,0,6,3,67,2,19,6,8,13,5,7,14,6,3,0,0,2,12,30
-1,12,6,24,6,0,2,0,0,0,0,0,15,0,0,6,3,67,4,17,4,7,12,4,8,14,5,2,0,0,2,12,15
44,11,5,20,6,0,1,0,0,0,0,8,7,0,0,6,3,67,2,17,5,7,13,4,9,15,6,3,0,0,2,11,45
52,11,6,18,6,0,1,1,0,0,0,13,2,0,0,6,3,67,3,15,3,7,13,3,9,17,6,2,0,0,2,11,30
-19,11,6,22,6,0,1,1,0,0,0,10,5,0,0,6,3,67,3,14,2,6,12,2,8,16,6,3,0,0,2,12,0
-17,9,5,20,6,0,1,2,0,0,0,10,5,0,0,6,3,67,3,12,2,5,12,6,8,17,7,3,0,0,2,11,45
5,7,4,16,6,0,0,2,0,0,0,6,9,0,0,6,3,67,1,12,5,6,12,6,8,17,8,3,0,0,2,11,15
-1,6,3,18,7,0,0,2,0,0,0,4,11,0,0,6,3,67,2,10,3,4,10,5,8,16,8,4,0,0,2,11,30
26,6,3,16,6,0,0,2,0,0,0,2,13,0,0,6,3,67,2,10,3,4,10,5,7,15,7,4,0,0,2,11,15
-1,6,3,28,5,0,0,2,0,0,0,14,1,0,0,6,3,67,2,10,3,5,10,4,6,14,6,4,0,0,1,12,45
-32,6,3,33,4,0,0,2,0,0,0,14,1,0,0,6,3,67,2,10,3,5,10,3,5,13,5,3,0,0,1,14,15
6,5,3,14,3,0,2,2,0,0,0,0,15,0,0,6,3,67,2,8,2,6,8,2,9,13,6,5,0,0,2,11,0
15,4,3,14,3,0,2,2,0,0,0,2,13,0,0,6,3,67,1,7,1,7,7,3,9,12,7,5,0,0,2,11,0
80,3,3,0,3,0,1,3,0,0,0,9,6,0,1,6,3,67,1,6,4,6,6,7,10,14,7,4,0,0,2,9,0
-1,3,3,10,3,0,0,3,0,0,0,5,10,0,0,6,3,67,1,6,4,6,6,7,9,13,6,3,0,0,2,10,30
12,3,3,12,4,0,0,2,0,0,0,13,2,0,0,6,3,67,1,5,5,5,5,6,8,12,6,4,0,0,2,10,45
-28,2,2,9,4,0,0,2,0,0,0,9,6,0,0,6,3,67,1,4,4,4,4,6,7,11,6,4,0,0,2,10,15
65,2,2,4,3,0,0,2,0,0,0,8,7,0,0,6,3,67,1,4,4,4,4,5,6,10,5,3,0,0,2,9,30
-2,2,2,12,2,0,0,2,0,0,0,7,8,0,0,6,3,67,1,4,4,4,4,4,5,9,4,2,0,0,2,10,45
20,2,2,10,3,0,0,2,0,0,0,4,11,0,0,6,3,67,2,2,2,2,2,4,4,8,4,2,0,0,2,10,30
12,2,2,4,2,0,0,2,0,0,0,6,9,0,0,6,3,67,2,2,2,2,2,3,4,7,3,1,0,0,2,9,30
-27,1,1,6,4,0,0,1,0,0,0,13,2,0,0,6,3,67,2,0,0,0,0,2,3,6,4,2,0,0,1,9,45
3,0,0,8,3,0,0,1,0,0,0,6,9,0,0,6,3,67,1,0,0,0,0,1,3,5,4,2,0,0,1,10,0
5,0,0,2,2,0,0,1,0,0,0,0,27,0,0,6,3,67,0,0,0,0,0,3,4,4,4,3,0,0,2,9,15
-13,0,0,2,1,0,0,1,0,0,0,0,50,0,0,6,3,67,0,0,0,0,0,3,3,3,3,2,0,0,2,9,15
-9,0,0,6,1,0,0,0,0,0,0,0,57,0,0,6,3,67,0,0,0,0,0,2,2,2,2,1,0,0,1,9,45
9,0,0,0,0,0,0,0,0,0,0,0,58,0,1,6,3,67,0,0,0,0,0,1,1,1,1,0,0,0,2,9,0
-38,41,3,50,1,0,0,0,0,0,0,52,38,1,0,5,3,66,1,49,2,5,15,1,1,1,1,0,5,0,2,19,0
-6,29,5,48,11,0,1,2,1,0,0,12,3,0,0,5,3,66,2,34,4,6,9,5,12,21,14,8,5,3,1,17,15
16,29,5,47,10,0,1,2,1,0,0,9,6,0,0,5,3,66,2,34,4,6,10,5,12,21,13,7,5,3,1,17,0
37,29,5,49,10,0,1,2,1,0,0,5,10,0,0,5,3,66,3,33,4,5,9,5,12,20,12,7,5,3,1,17,30
45,28,4,39,10,0,1,1,1,0,0,12,3,0,0,5,3,66,2,33,4,6,10,6,12,19,12,7,5,4,2,16,0
58,28,4,45,10,0,1,1,1,0,0,4,11,0,0,5,3,66,2,32,4,6,11,6,12,18,12,8,5,4,1,16,45
106,25,1,36,10,0,1,2,1,0,0,9,6,0,0,5,3,66,1,30,2,4,9,8,13,18,14,9,4,4,3,15,45
24,25,1,42,10,0,1,2,1,0,0,8,7,0,0,5,3,66,2,29,1,3,9,8,12,17,13,8,4,3,1,16,15
-8,25,1,45,10,0,0,2,1,0,0,4,11,0,0,5,3,66,2,29,1,3,9,7,11,16,12,8,3,3,1,16,45
50,25,1,44,9,0,0,2,1,0,0,1,14,0,0,5,3,66,2,29,2,3,10,6,10,16,11,7,2,2,2,16,30
46,24,0,32,8,0,0,2,1,0,0,7,8,0,0,5,3,66,1,29,3,4,10,6,12,15,11,6,2,2,2,15,15
89,24,0,34,8,0,0,3,0,0,0,1,14,0,0,5,3,66,2,28,2,3,10,6,11,14,10,5,2,2,3,15,30
159,24,0,24,7,0,0,3,0,0,0,14,1,0,0,5,3,66,1,28,2,3,10,6,10,13,10,5,2,2,1,13,0
48,24,0,30,6,0,0,3,0,0,0,10,5,0,0,5,3,66,0,28,2,3,11,6,10,12,10,4,2,2,2,15,0
59,24,0,39,5,0,0,3,0,0,0,9,6,0,0,5,3,66,0,28,2,4,12,5,9,11,9,4,2,2,2,16,0
-45,24,0,39,6,0,0,2,0,0,0,13,2,0,0,5,3,66,1,27,2,4,11,6,8,10,8,3,1,2,2,16,0
119,24,2,28,6,0,0,2,0,0,0,5,10,0,0,5,3,66,2,26,1,5,11,6,7,9,7,3,1,1,2,14,45
41,24,2,36,5,0,0,2,0,0,0,0,15,0,0,5,3,66,2,26,1,5,12,5,7,8,6,3,1,1,3,15,45
43,24,2,34,5,0,0,1,0,0,0,29,1,0,0,5,3,66,1,26,1,5,12,4,6,7,6,2,1,1,3,15,30
-31,24,4,32,4,0,0,1,0,0,0,16,14,0,0,5,3,66,0,26,3,7,14,4,6,9,6,2,0,1,2,15,15
-17,24,4,30,4,0,0,1,0,0,0,14,16,0,0,5,3,66,1,25,2,6,13,3,5,8,5,2,0,0,2,15,0
70,24,5,27,3,0,0,1,0,0,0,10,20,0,0,5,3,66,1,25,2,6,14,2,4,7,4,1,0,0,2,14,15
-18,24,6,42,2,0,0,1,0,0,0,56,4,0,0,5,3,66,1,25,4,8,15,2,3,7,3,1,0,0,1,16,15
-34,22,7,36,5,0,0,0,1,0,0,31,29,0,0,5,3,66,3,21,3,7,13,2,2,8,4,0,0,0,3,15,45
54,20,6,28,6,0,0,0,1,0,0,16,44,0,0,5,3,66,3,19,3,7,13,1,4,7,5,1,0,0,2,14,45
37,15,6,26,9,0,0,1,1,0,0,10,5,0,0,5,3,66,3,14,4,6,11,4,6,16,9,5,0,0,1,13,15
40,14,6,24,8,0,0,1,1,0,0,4,11,0,0,5,3,66,2,14,4,8,12,3,5,16,9,5,0,0,1,13,0
80,14,6,20,8,0,0,1,1,0,0,3,12,0,0,5,3,66,3,13,3,7,11,2,4,15,8,5,0,0,2,12,30
68,11,5,20,10,0,0,1,1,0,0,1,14,0,0,5,3,66,3,10,2,6,10,3,5,16,10,7,0,0,2,12,30
10,9,5,18,9,0,1,1,1,0,1,7,8,0,0,5,3,66,3,8,3,5,8,3,9,15,11,7,0,0,2,12,15
86,9,5,16,8,0,1,1,1,0,1,6,9,0,0,5,3,66,2,8,3,5,8,3,8,14,11,7,0,0,2,12,0
-54,7,6,22,11,0,1,1,1,0,0,9,6,0,0,5,3,66,2,5,2,5,5,7,12,18,13,7,0,0,2,12,45
35,6,5,18,11,0,1,1,0,0,0,6,9,0,0,5,3,66,1,5,2,5,5,6,11,17,13,6,0,0,2,12,15
-9,5,5,14,11,0,1,1,0,0,0,14,1,0,0,5,3,66,1,4,1,4,4,8,11,16,13,5,0,0,2,11,45
84,4,4,14,10,0,1,2,0,0,0,5,10,0,0,5,3,66,1,3,1,3,3,8,10,16,13,4,0,0,2,11,45
34,4,4,22,9,0,1,2,0,0,0,0,15,0,0,5,3,66,1,3,1,3,3,7,9,15,12,3,0,0,2,12,45
86,4,4,12,8,0,1,2,0,0,0,14,1,0,0,5,3,66,1,3,2,3,3,7,8,14,11,3,0,0,2,11,30
59,4,4,5,7,0,1,2,0,0,0,12,3,0,0,5,3,66,1,3,2,3,3,6,7,13,10,2,0,0,1,10,30
30,4,4,16,7,0,1,1,0,0,0,2,13,0,0,5,3,66,1,3,3,3,3,6,6,13,9,2,0,0,2,12,0
64,4,4,12,6,0,1,1,0,0,0,0,15,0,0,5,3,66,1,3,3,3,3,5,6,12,8,1,0,0,2,11,30
63,4,4,10,5,0,1,1,0,0,0,14,1,0,0,5,3,66,1,3,3,3,3,4,5,11,7,1,0,0,2,11,15
67,3,3,8,4,0,1,1,0,0,0,10,5,0,0,5,3,66,0,3,3,3,3,3,6,10,7,2,0,0,2,11,0
90,2,2,5,4,0,1,1,0,0,0,14,1,0,0,5,3,66,0,2,2,2,2,2,5,9,7,1,0,0,1,10,30
52,0,0,7,6,0,0,1,0,0,0,3,12,0,0,5,3,66,0,0,0,0,0,1,6,8,8,2,0,0,2,10,45
75,0,0,1,5,0,0,1,0,0,0,1,14,0,0,5,3,66,0,0,0,0,0,5,7,7,7,2,0,0,2,10,0
19,0,0,1,4,0,0,1,0,0,0,0,1,0,0,5,3,66,0,0,0,0,0,4,6,6,6,2,0,0,2,10,0
8,0,0,10,3,0,0,1,0,0,0,0,5,0,0,5,3,66,0,0,0,0,0,3,5,5,5,1,0,0,2,11,15
29,0,0,3,3,0,0,0,0,0,0,0,17,0,0,5,3,66,0,0,0,0,0,3,4,4,4,1,0,0,2,10,15
11,0,0,3,2,0,0,0,0,0,0,0,18,0,0,5,3,66,0,0,0,0,0,2,3,3,3,0,0,0,2,10,15
44,0,0,0,1,0,0,0,0,0,0,0,40,0,1,5,3,66,0,0,0,0,0,2,2,2,2,0,0,0,2,9,45
12,0,0,8,0,0,0,0,0,0,0,0,52,0,0,5,3,66,0,0,0,0,0,1,1,1,1,0,0,0,2,11,0
-13,27,2,50,1,0,0,0,0,0,1,14,16,1,0,4,3,65,1,49,3,5,13,2,3,5,2,0,4,1,1,17,30
25,27,3,50,0,0,0,0,0,0,1,3,27,1,0,4,3,65,1,49,4,7,13,1,2,5,1,0,3,1,1,17,30
3,25,3,48,1,0,0,3,0,0,1,12,3,0,0,4,3,65,4,44,3,5,12,2,2,9,2,1,3,0,2,17,0
-40,24,3,48,3,0,0,2,0,0,1,3,12,0,0,4,3,65,4,42,3,7,11,1,3,11,3,2,3,0,2,17,0
-5,21,2,42,4,0,1,4,0,0,1,1,14,0,0,4,3,65,4,37,5,5,11,5,8,17,7,6,3,1,2,16,0
17,21,2,44,5,0,1,3,0,0,1,5,10,0,0,4,3,65,3,36,4,5,11,5,9,16,8,6,3,1,1,16,15
5,21,2,42,4,0,2,3,0,0,1,0,15,0,0,4,3,65,4,35,3,4,12,5,9,15,7,5,2,1,2,16,0
21,21,2,36,4,0,1,3,0,0,1,0,15,0,0,4,3,65,4,35,3,4,12,4,9,14,6,4,2,0,1,15,0
-49,20,1,47,4,0,1,3,0,0,1,7,8,0,0,4,3,65,4,34,2,4,12,3,10,14,6,5,2,0,2,16,45
-33,19,0,40,4,0,2,3,0,0,1,6,9,0,0,4,3,65,4,32,1,4,10,5,11,14,7,6,2,1,2,15,45
42,19,0,34,4,0,2,2,0,0,1,3,12,0,0,4,3,65,4,32,1,4,10,4,10,15,6,6,2,1,2,14,45
-8,19,2,32,4,0,1,2,0,0,1,4,11,0,0,4,3,65,1,32,2,5,12,7,10,15,8,6,2,1,2,14,30
-33,19,2,40,4,0,1,1,0,0,1,44,1,0,0,4,3,65,1,32,3,6,12,7,9,14,7,6,2,1,2,15,45
39,19,3,31,4,0,1,1,0,0,1,37,8,0,0,4,3,65,1,31,3,6,13,7,8,13,7,5,2,1,2,14,15
-10,19,3,36,4,0,0,1,0,0,1,32,13,0,0,4,3,65,1,31,3,8,14,7,7,12,6,4,2,1,1,15,0
-105,19,4,44,4,0,0,0,0,0,1,30,15,0,0,4,3,65,1,31,3,8,14,6,6,11,5,3,2,1,1,16,15
24,19,4,38,3,0,0,0,0,0,1,30,15,0,0,4,3,65,1,30,3,8,14,5,5,10,4,2,2,1,1,15,15
88,19,4,29,2,0,0,0,0,0,2,23,22,0,0,4,3,65,0,30,3,8,14,4,5,10,5,1,2,1,1,13,15
-136,19,5,46,2,0,0,0,0,0,1,19,26,0,0,4,3,65,0,30,4,8,15,3,4,9,4,0,1,1,1,16,30
-50,19,5,34,2,0,0,0,1,0,0,14,31,0,0,4,3,65,1,29,3,7,14,2,3,8,3,0,1,0,2,14,45
-33,19,6,32,2,0,0,0,1,0,0,3,42,0,0,4,3,65,2,28,5,6,15,1,5,9,2,0,1,1,2,14,30
2,15,5,30,7,0,1,0,0,0,0,9,6,0,0,4,3,65,4,22,2,6,11,5,6,13,5,1,1,1,1,13,30
-62,14,4,39,6,0,1,0,0,0,0,11,4,0,0,4,3,65,2,22,3,7,11,4,5,12,6,3,0,1,2,15,30
44,14,6,23,5,0,1,0,0,0,0,5,10,0,0,4,3,65,2,22,4,8,13,3,6,12,5,3,0,0,2,12,30
23,13,5,27,4,0,1,0,0,0,0,4,11,0,0,4,3,65,1,22,5,9,13,2,5,12,5,3,0,0,1,13,0
5,12,4,25,4,0,0,1,0,0,0,11,4,0,0,4,3,65,1,21,5,9,13,2,4,13,5,4,0,0,2,12,45
4,10,3,23,5,0,0,2,1,0,0,14,1,0,0,4,3,65,2,17,4,6,13,3,8,13,7,4,0,0,2,12,30
-6,8,2,18,6,0,0,2,1,0,1,8,7,0,0,4,3,65,1,14,2,4,13,5,7,15,10,5,0,0,3,12,0
-2,8,2,25,5,0,0,2,1,0,1,8,7,0,0,4,3,65,1,14,2,4,13,4,6,14,9,5,0,0,2,12,45
1,8,3,27,5,0,0,2,2,0,1,7,8,0,0,4,3,65,3,12,1,4,12,5,9,15,8,4,0,0,1,13,0
-9,7,2,20,4,0,0,2,2,0,1,1,14,0,0,4,3,65,2,12,1,5,12,4,8,14,8,3,0,0,2,12,15
-6,7,3,18,4,0,0,2,1,0,1,10,5,0,0,4,3,65,1,12,1,6,12,3,8,15,8,2,0,0,3,12,0
30,7,3,16,4,0,0,1,1,0,1,2,13,0,0,4,3,65,1,12,3,7,12,4,7,14,7,2,0,0,2,11,45
15,7,3,20,3,0,0,1,1,0,1,14,1,0,0,4,3,65,1,12,3,8,12,4,6,14,6,2,0,0,2,12,15
54,6,4,10,4,0,0,2,1,0,1,6,9,0,0,4,3,65,3,9,4,8,9,5,8,16,6,2,0,0,1,10,45
36,6,4,14,4,0,0,1,1,0,1,4,11,0,0,4,3,65,3,9,4,9,9,4,7,15,5,1,0,0,2,11,30
16,6,4,12,4,0,0,1,0,0,1,0,15,0,0,4,3,65,3,9,4,9,9,3,6,15,4,1,0,0,1,11,0
26,6,4,13,4,0,0,1,0,0,1,11,4,0,0,4,3,65,3,8,5,8,8,2,5,15,4,2,0,0,2,11,15
-15,4,4,14,4,0,0,1,0,0,2,11,4,0,0,4,3,65,2,6,4,6,6,4,7,14,6,2,0,0,2,11,30
-32,3,3,10,7,0,0,1,0,0,1,9,6,0,0,4,3,65,3,3,3,3,3,3,9,13,7,3,0,0,1,10,45
-2,2,2,9,6,0,0,1,0,0,1,4,11,0,0,4,3,65,2,3,3,3,3,4,8,12,7,4,0,0,2,10,30
28,2,2,7,6,0,0,1,0,0,1,13,2,0,0,4,3,65,1,2,2,2,2,4,8,11,8,4,0,0,1,10,15
-14,2,2,6,6,0,0,1,0,0,2,9,6,0,0,4,3,65,2,0,0,0,0,6,10,10,8,3,0,0,2,10,0
19,2,2,3,5,0,0,1,0,0,2,7,8,0,0,4,3,65,2,0,0,0,0,5,9,9,7,3,0,0,2,9,30
22,0,0,0,5,0,0,1,0,0,1,14,1,0,1,4,3,65,0,0,0,0,0,5,8,8,8,3,0,0,2,9,0
44,0,0,1,4,0,0,1,0,0,1,10,5,0,0,4,3,65,0,0,0,0,0,5,7,7,7,3,0,0,1,9,15
26,0,0,4,3,0,0,1,0,0,1,1,14,0,0,4,3,65,0,0,0,0,0,5,6,6,6,2,0,0,1,9,45
-134,0,0,20,2,0,0,1,0,0,1,0,4,0,0,4,3,65,0,0,0,0,0,5,5,5,5,2,0,0,2,12,15
-2,0,0,4,1,0,0,1,0,0,1,0,11,0,0,4,3,65,0,0,0,0,0,4,4,4,4,2,0,0,1,9,45
5,0,0,1,0,0,0,1,0,0,1,0,19,0,0,4,3,65,0,0,0,0,0,3,3,3,3,1,0,0,1,9,15
-126,0,0,16,0,0,0,1,0,0,0,0,26,0,0,4,3,65,0,0,0,0,0,2,2,2,2,0,0,0,2,11,45
7,0,0,7,0,0,0,0,0,0,0,0,33,0,0,4,3,65,0,0,0,0,0,1,1,1,1,0,0,0,1,10,15
55,30,1,51,0,0,0,0,1,0,0,0,15,0,0,3,3,64,1,57,4,7,16,2,5,9,1,1,5,1,2,16,45
-2,30,2,55,0,0,0,1,0,0,1,14,1,0,0,3,3,64,2,55,3,7,17,2,4,11,1,1,5,1,2,17,15
-11,30,3,53,1,0,1,2,0,0,0,0,15,0,0,3,3,64,2,52,4,11,16,3,7,13,3,3,5,2,2,17,0
-31,30,4,57,1,0,1,1,0,0,0,12,3,1,0,3,3,64,2,52,4,11,16,2,6,13,2,2,4,2,1,17,30
-13,30,4,51,2,0,0,1,0,0,0,5,10,0,0,3,3,64,2,51,5,10,16,2,5,12,2,1,4,1,2,16,45
2,27,3,47,2,0,0,3,0,0,0,10,5,0,0,3,3,64,0,48,7,10,17,4,7,12,6,1,4,2,2,16,15
8,27,3,45,2,0,1,3,0,0,0,1,14,0,0,3,3,64,1,46,5,9,15,3,6,12,6,1,4,2,2,16,0
-19,27,3,49,1,0,1,3,0,0,0,1,14,0,0,3,3,64,1,46,5,9,15,2,5,11,5,0,4,2,2,16,30
-88,27,3,55,1,0,1,3,0,0,0,9,6,0,0,3,3,64,2,45,5,8,15,2,5,10,4,0,3,2,2,17,15
13,25,2,38,3,0,0,5,0,0,1,13,2,0,0,3,3,64,3,40,3,7,12,3,8,12,7,2,2,2,2,15,15
26,25,2,41,3,0,0,4,0,0,1,7,8,0,0,3,3,64,3,40,4,7,12,3,7,11,6,2,2,1,2,15,30
-35,25,3,53,4,0,0,4,0,0,1,4,11,0,0,3,3,64,5,38,2,6,10,3,6,10,5,2,2,1,2,17,0
17,24,3,34,4,0,0,4,0,0,1,10,5,0,0,3,3,64,3,37,4,7,12,5,6,13,7,4,2,1,2,14,45
-62,24,3,47,5,0,0,4,0,0,0,6,9,0,0,3,3,64,4,36,3,6,11,4,5,13,6,3,2,1,2,16,15
18,24,3,36,5,0,0,3,0,0,0,2,13,0,0,3,3,64,3,36,5,6,12,3,5,13,6,3,2,1,3,15,0
-3,24,3,41,4,0,0,3,0,0,0,14,1,0,0,3,3,64,3,36,5,6,12,2,4,12,5,2,2,1,2,15,30
-94,23,3,57,7,0,0,2,0,0,0,43,2,1,0,3,3,64,3,33,2,5,11,2,5,11,7,2,1,1,1,17,30
1,21,3,32,8,0,0,2,0,0,0,17,28,0,0,3,3,64,2,31,3,5,14,4,7,15,9,2,1,0,1,14,15
-42,21,5,38,7,0,0,2,1,0,0,3,42,0,0,3,3,64,3,30,2,6,15,3,9,14,8,2,1,0,2,15,15
-64,20,5,43,6,0,0,2,1,0,0,11,4,0,0,3,3,64,1,30,3,6,16,5,8,16,9,2,1,0,2,15,45
-27,20,5,38,6,0,0,1,1,0,0,11,4,0,0,3,3,64,1,30,3,6,16,4,7,15,8,1,1,0,2,15,15
-43,18,4,36,5,0,1,3,1,0,0,0,15,0,0,3,3,64,2,27,3,8,15,6,8,21,9,3,1,0,3,15,0
-20,18,4,34,4,0,1,3,1,0,0,11,4,0,0,3,3,64,2,27,3,9,16,5,7,20,8,3,1,0,2,14,45
-26,18,4,33,3,0,1,3,1,0,0,11,4,0,0,3,3,64,2,27,3,9,16,4,6,19,7,2,1,0,2,14,30
55,17,6,28,3,0,1,3,1,0,1,26,4,0,0,3,3,64,2,25,4,9,17,3,8,19,8,2,1,0,1,13,0
35,17,6,31,2,0,1,3,1,0,1,24,6,0,0,3,3,64,2,25,4,9,18,2,7,19,7,2,1,0,1,13,30
-138,17,7,43,1,0,1,3,1,0,1,19,11,0,0,3,3,64,2,25,5,9,18,3,6,18,6,2,1,0,2,15,45
1,14,6,28,2,0,2,4,1,0,1,7,8,0,0,3,3,64,2,21,5,8,17,5,14,20,9,3,1,0,1,13,0
44,14,6,26,2,0,2,4,0,0,1,6,9,0,0,3,3,64,2,21,5,9,17,4,13,19,8,2,1,0,2,12,45
119,13,6,12,4,0,2,4,0,0,1,4,11,0,0,3,3,64,2,18,4,8,16,8,13,18,10,3,1,1,2,10,45
63,13,6,22,4,0,2,4,0,0,1,2,13,0,0,3,3,64,3,17,3,7,16,8,12,18,9,3,1,1,2,12,0
19,13,6,24,3,0,2,4,0,0,1,2,13,0,0,3,3,64,3,17,3,7,16,7,11,17,8,2,1,1,2,12,15
-272,10,4,49,3,0,2,4,1,0,1,3,12,0,0,3,3,64,2,15,3,9,14,9,12,18,10,3,1,1,2,16,30
26,10,4,18,2,0,2,4,2,0,1,13,2,0,0,3,3,64,2,14,2,8,14,9,11,17,10,3,1,1,2,11,30
-7,10,5,24,1,0,2,4,2,0,1,12,3,0,0,3,3,64,2,14,3,8,14,8,10,16,9,3,1,1,2,12,15
-1,10,5,26,1,0,1,4,2,0,1,9,6,0,0,3,3,64,2,14,3,8,14,7,9,15,8,3,1,1,2,12,45
1,10,5,20,1,0,1,4,2,0,0,6,9,0,0,3,3,64,2,14,4,8,14,6,9,14,7,3,1,1,2,11,45
42,10,6,20,1,0,1,3,2,0,0,3,12,0,0,3,3,64,2,14,4,10,14,5,9,13,6,3,1,1,2,11,45
20,10,7,16,1,0,0,3,2,0,0,1,14,0,0,3,3,64,2,14,5,10,14,4,8,14,5,3,1,1,2,11,15
14,10,7,18,0,0,0,3,2,0,0,11,4,0,0,3,3,64,2,14,6,10,14,4,8,14,4,3,1,1,2,11,30
107,9,6,10,0,0,0,2,2,0,0,8,7,0,0,3,3,64,1,14,7,10,14,4,7,13,4,2,1,1,2,10,30
-71,8,7,30,2,0,0,1,2,0,0,1,14,0,0,3,3,64,2,12,6,10,12,3,6,13,4,2,0,1,1,13,15
-30,7,6,22,4,0,2,0,2,0,0,14,1,0,0,3,3,64,3,8,4,7,8,5,8,14,6,3,0,0,2,12,0
7,6,5,14,4,0,3,0,1,0,0,10,5,0,0,3,3,64,3,7,3,6,7,4,7,13,6,2,0,0,2,11,0
-4,5,5,14,4,0,3,0,1,0,0,8,7,0,0,3,3,64,2,6,4,6,6,3,6,14,7,1,0,0,2,11,0
-31,5,5,16,3,0,3,0,1,0,0,6,9,0,0,3,3,64,2,6,4,6,6,2,5,13,6,1,0,0,2,11,15
100,3,3,2,4,0,3,0,1,0,0,0,15,0,0,3,3,64,2,4,3,4,4,4,6,13,7,1,0,0,2,9,30
8,1,1,12,6,0,3,0,1,0,0,2,13,0,0,3,3,64,2,1,1,1,1,3,9,12,9,3,0,0,2,10,45
-325,1,1,45,5,0,3,0,1,0,0,1,14,0,0,3,3,64,2,1,1,1,1,4,8,11,8,2,0,0,2,16,0
13,1,1,10,5,0,2,0,1,0,0,0,15,0,0,3,3,64,2,1,1,1,1,3,7,10,7,2,0,0,2,10,30
43,0,0,4,5,0,1,1,1,0,0,2,13,0,0,3,3,64,1,0,0,0,0,6,9,9,8,2,0,0,2,9,45
20,0,0,6,5,0,0,1,1,0,0,1,14,0,0,3,3,64,1,0,0,0,0,5,8,8,7,2,0,0,2,10,0
3,0,0,8,4,0,0,1,1,0,0,13,2,0,0,3,3,64,1,0,0,0,0,4,7,7,6,2,0,0,2,10,15
48,0,0,1,4,0,0,1,0,0,0,4,11,0,0,3,3,64,0,0,0,0,0,4,6,6,6,3,0,0,2,9,15
-17,0,0,8,3,0,0,1,0,0,0,0,15,0,0,3,3,64,0,0,0,0,0,4,5,5,5,2,0,0,2,10,15
6,0,0,6,2,0,0,1,0,0,0,0,1,0,0,3,3,64,0,0,0,0,0,3,4,4,4,1,0,0,2,10,0
-1,0,0,4,1,0,0,1,0,0,0,0,23,0,0,3,3,64,0,0,0,0,0,3,3,3,3,1,0,0,2,9,45
29,0,0,0,0,0,0,1,0,0,0,0,30,0,1,3,3,64,0,0,0,0,0,2,2,2,2,1,0,0,1,9,0
-23,0,0,2,0,0,0,0,0,0,0,0,42,0,0,3,3,64,0,0,0,0,0,1,1,1,1,1,0,0,2,9,30
-1,14,3,38,1,0,1,1,1,0,0,2,28,1,0,2,3,63,2,34,2,5,10,1,3,11,3,1,5,1,1,17,30
59,12,2,31,2,0,2,2,1,0,0,11,4,0,0,2,3,63,2,30,4,5,8,6,10,13,6,2,5,2,2,16,15
-13,12,2,37,2,0,2,1,1,0,0,10,5,0,0,2,3,63,2,30,4,5,8,5,9,12,5,2,5,2,1,17,15
64,11,1,27,2,0,1,2,1,0,0,1,14,0,0,2,3,63,2,29,4,5,8,6,8,11,5,3,4,2,1,15,30
-19,11,1,30,4,0,1,2,1,0,0,0,15,0,0,2,3,63,3,26,1,2,7,7,7,11,6,3,4,1,2,16,0
-33,11,1,33,4,0,1,1,1,0,0,13,2,0,0,2,3,63,2,26,1,2,7,6,6,10,6,4,4,1,2,16,30
10,11,1,33,3,0,1,1,1,0,0,13,2,0,0,2,3,63,2,26,1,2,7,5,5,9,5,3,4,1,2,16,30
-30,11,1,31,4,0,1,0,1,0,0,8,7,0,0,2,3,63,3,25,0,2,10,4,5,8,4,3,4,1,2,16,15
-35,11,1,35,3,0,1,0,1,0,0,5,10,0,0,2,3,63,3,25,0,2,10,3,4,7,3,2,4,1,1,16,45
8,11,1,29,3,0,0,0,1,0,0,0,15,0,0,2,3,63,3,25,1,2,10,2,3,6,2,2,3,1,1,15,45
-1,10,0,27,3,0,0,0,0,0,0,3,12,0,0,2,3,63,1,25,1,2,11,1,2,5,3,2,3,0,1,15,30
-41,10,2,25,3,0,0,0,0,0,0,12,3,0,0,2,3,63,0,24,2,6,13,3,4,5,4,3,3,0,2,15,15
-39,10,4,25,3,0,0,0,0,0,0,31,14,0,0,2,3,63,1,23,4,9,12,3,3,8,3,2,3,0,2,15,15
12,10,4,24,2,0,0,0,0,0,0,30,15,0,0,2,3,63,1,23,4,9,12,2,2,7,2,1,3,0,2,15,0
-93,10,4,35,1,0,1,0,1,0,0,15,30,0,0,2,3,63,2,21,6,8,11,1,1,9,2,2,3,0,1,16,45
15,6,2,20,6,0,2,1,1,0,0,10,5,0,0,2,3,63,4,13,2,6,8,4,9,13,7,5,3,2,1,13,30
2,5,2,17,8,0,1,1,1,0,0,11,4,0,0,2,3,63,4,11,0,4,8,5,8,14,8,4,2,2,1,13,0
-11,5,2,17,7,0,1,1,1,0,0,10,5,0,0,2,3,63,4,11,0,4,8,4,7,13,7,3,2,1,1,13,0
-57,5,2,22,7,0,1,0,1,0,0,4,11,0,0,2,3,63,4,11,1,5,9,4,7,12,6,2,2,1,1,14,30
89,4,1,10,7,0,1,0,0,0,0,5,10,0,0,2,3,63,3,11,4,5,9,5,8,13,6,3,2,1,2,12,0
-48,4,1,23,6,0,1,0,0,0,0,14,1,0,0,2,3,63,1,11,4,5,9,4,8,13,7,3,2,1,1,14,45
-74,4,1,19,6,0,0,0,0,0,0,5,10,0,0,2,3,63,1,11,5,5,10,4,7,13,6,2,1,1,1,13,15
42,4,1,13,6,0,0,0,0,0,0,2,13,0,0,2,3,63,2,10,4,4,9,4,6,12,5,2,1,0,2,12,30
-11,4,1,15,6,0,0,0,1,0,0,0,15,0,0,2,3,63,4,8,2,3,7,3,5,11,4,1,1,0,2,12,45
19,3,0,11,6,0,0,0,1,0,0,9,6,0,0,2,3,63,2,7,1,4,7,4,6,11,6,1,1,0,2,12,15
134,3,0,3,6,0,0,0,1,0,0,4,11,0,0,2,3,63,3,6,0,4,6,3,5,10,5,1,1,0,1,10,0
-11,3,0,11,5,0,0,0,1,0,0,8,7,0,0,2,3,63,3,6,1,4,6,2,6,9,4,0,1,1,2,12,15
-8,3,2,9,4,0,0,0,1,0,0,14,1,0,0,2,3,63,2,6,3,4,6,3,6,8,4,1,1,1,1,11,45
-46,3,2,13,4,0,0,1,1,0,0,4,11,0,0,2,3,63,3,4,2,3,4,4,6,10,4,2,1,1,2,12,30
14,3,2,7,3,0,0,1,1,0,0,3,12,0,0,2,3,63,3,4,2,3,4,3,5,9,3,2,1,1,1,11,15
-59,3,3,8,3,0,0,2,1,0,0,14,16,0,0,2,3,63,3,2,1,2,2,4,5,9,4,4,1,1,1,11,30
-217,3,3,21,3,0,0,1,1,0,0,8,22,0,0,2,3,63,3,2,1,2,2,3,4,8,3,3,0,1,1,14,15
-37,1,1,6,2,0,0,1,1,0,0,1,29,0,0,2,3,63,1,2,1,2,2,2,3,7,4,2,0,0,1,11,0
-98,1,1,15,1,0,0,1,1,0,0,14,1,0,0,2,3,63,1,2,1,2,2,2,2,6,3,1,0,0,2,12,45
16,1,1,2,0,0,0,1,2,0,0,0,15,0,0,2,3,63,1,1,1,1,1,1,4,5,3,1,0,0,1,9,45
-72,0,0,4,0,0,0,1,2,0,0,0,18,0,0,2,3,63,0,0,0,0,0,3,4,4,4,2,0,0,1,10,30
11,0,0,0,0,0,0,1,1,0,0,0,25,0,1,2,3,63,0,0,0,0,0,3,3,3,3,2,0,0,1,9,15
-68,0,0,5,0,0,0,1,0,0,0,0,28,0,0,2,3,63,0,0,0,0,0,2,2,2,2,1,0,0,1,10,45
37,0,0,1,0,0,0,0,0,0,0,0,52,0,0,2,3,63,0,0,0,0,0,1,1,1,1,0,0,0,1,9,30
10,25,2,51,4,0,1,3,0,0,0,5,10,1,0,6,3,60,2,44,1,3,10,3,3,11,7,3,6,0,1,17,15
20,24,3,48,5,0,0,3,0,0,0,9,6,0,0,6,3,60,2,43,0,5,11,2,2,12,7,3,6,0,1,16,45
-50,24,3,51,4,0,0,3,0,0,0,4,11,1,0,6,3,60,1,43,1,5,11,1,1,11,7,3,6,0,1,17,15
56,21,2,40,5,0,3,3,0,0,0,11,4,0,0,6,3,60,2,38,3,6,13,8,10,16,10,4,6,3,2,15,30
47,21,2,44,4,0,3,3,0,0,0,7,8,0,0,6,3,60,2,38,3,6,15,7,9,17,9,3,6,3,1,16,0
31,21,2,42,4,0,3,2,0,0,0,5,10,0,0,6,3,60,1,38,4,6,15,6,8,16,9,4,6,3,2,15,45
-15,21,2,38,4,0,2,2,0,0,0,2,13,0,0,6,3,60,1,38,5,7,16,6,7,15,8,3,6,3,2,15,15
8,21,2,40,3,0,2,2,0,0,0,2,13,0,0,6,3,60,1,38,5,7,16,5,6,14,7,2,6,3,2,15,30
-59,21,2,42,4,0,2,2,0,0,0,22,8,0,0,6,3,60,2,36,4,6,16,5,7,14,7,3,6,4,2,15,45
9,21,2,47,4,0,2,1,0,0,0,20,10,0,0,6,3,60,2,36,4,8,16,4,6,13,6,2,5,4,2,16,30
26,21,2,48,3,0,2,1,0,0,0,16,14,0,0,6,3,60,1,36,4,8,17,3,5,12,6,3,5,3,1,16,45
-27,21,4,36,5,0,1,1,0,0,1,3,27,0,0,6,3,60,3,33,2,6,15,2,6,12,6,4,4,3,2,15,0
-23,21,5,38,5,0,0,1,0,0,1,11,4,0,0,6,3,60,3,33,3,6,16,2,5,11,5,3,3,2,2,15,15
32,19,6,34,4,0,2,1,0,0,1,16,14,0,0,6,3,60,1,31,4,9,15,4,9,15,8,5,3,2,2,14,45
-51,19,6,50,5,0,2,0,0,0,1,11,19,0,0,6,3,60,2,30,4,9,15,3,8,14,7,5,2,2,2,17,0
11,19,7,36,6,0,2,0,1,0,1,0,30,0,0,6,3,60,4,27,2,8,13,4,7,13,7,5,2,1,2,15,0
-22,18,7,34,5,0,2,0,1,0,1,10,5,0,0,6,3,60,3,27,2,9,13,4,6,13,7,5,2,1,2,14,45
-35,16,6,33,5,0,1,0,1,0,2,8,7,0,0,6,3,60,2,26,6,9,13,5,6,13,8,4,2,1,2,14,15
-55,16,6,32,5,0,1,0,1,0,1,4,11,0,0,6,3,60,1,26,6,9,13,4,6,12,8,4,1,2,1,14,0
19,15,6,28,5,0,1,0,1,0,1,10,5,0,0,6,3,60,1,25,7,9,13,3,6,13,8,4,1,1,1,13,0
41,14,5,31,5,0,2,0,1,0,1,8,7,0,0,6,3,60,2,23,5,7,11,3,7,13,8,5,1,1,1,13,30
48,13,5,30,5,0,2,0,1,0,1,2,13,0,0,6,3,60,2,22,4,6,11,2,7,13,8,4,1,1,1,13,15
28,10,3,28,5,0,3,2,1,0,1,8,7,0,0,6,3,60,2,18,2,4,9,3,7,13,11,6,1,1,1,13,0
-147,10,3,46,6,0,2,2,1,0,1,6,9,0,0,6,3,60,2,17,2,4,11,5,7,13,11,6,0,1,1,16,15
8,9,2,26,5,0,2,2,2,0,1,11,4,0,0,6,3,60,2,16,2,3,10,5,8,12,11,6,0,0,2,12,45
-130,9,2,44,5,0,2,2,2,0,0,8,7,0,0,6,3,60,2,16,2,4,11,4,7,13,10,5,0,0,1,16,0
43,9,2,24,4,0,2,2,2,0,0,8,7,0,0,6,3,60,2,16,2,4,11,3,7,12,9,4,0,0,2,12,30
-4,9,2,26,4,0,1,2,2,0,0,7,8,0,0,6,3,60,2,16,2,4,11,2,6,11,8,4,0,0,2,12,45
34,8,2,22,3,0,1,3,2,0,1,12,3,0,0,6,3,60,3,14,1,4,12,4,7,12,8,4,0,0,2,12,15
-20,7,1,24,3,0,1,2,2,0,1,6,9,0,0,6,3,60,2,14,2,5,12,4,6,12,8,4,0,0,2,12,30
64,7,4,20,3,0,1,3,1,0,1,1,14,0,0,6,3,60,1,13,3,7,13,5,6,13,9,3,0,0,2,12,0
60,7,4,14,3,0,0,3,1,0,1,0,15,0,0,6,3,60,1,13,3,7,13,4,5,12,8,3,0,0,2,11,0
12,7,4,22,2,0,0,4,1,0,1,8,7,0,0,6,3,60,2,12,3,7,12,3,6,11,7,2,0,0,2,12,15
33,7,5,20,3,0,0,3,1,0,1,2,13,0,0,6,3,60,2,11,3,8,11,2,6,12,7,2,0,0,2,12,0
-1,7,6,16,3,0,0,4,1,0,0,2,13,0,0,6,3,60,2,10,4,8,10,2,6,13,7,2,0,0,1,11,15
-30,4,4,19,5,0,0,4,0,0,0,14,1,0,0,6,3,60,1,8,5,6,8,4,7,14,9,4,0,0,2,11,45
-25,3,3,11,6,0,0,5,0,0,0,10,5,0,0,6,3,60,2,5,3,5,5,4,7,17,10,5,0,0,1,10,30
78,3,3,11,5,0,0,5,0,0,0,9,6,0,0,6,3,60,2,5,3,5,5,3,6,16,9,4,0,0,1,10,30
11,2,2,16,6,0,0,5,0,0,0,3,12,0,0,6,3,60,3,3,1,3,3,4,6,15,9,4,0,0,1,11,15
-10,2,2,13,6,0,0,4,0,0,0,14,1,0,0,6,3,60,3,3,1,3,3,3,6,14,8,4,0,0,2,10,45
-25,1,1,8,5,0,0,4,1,0,0,7,8,0,0,6,3,60,1,2,2,2,2,3,8,13,10,5,0,0,1,10,0
16,1,1,8,5,0,0,3,1,0,0,4,11,0,0,6,3,60,1,2,2,2,2,2,8,12,9,4,0,0,1,10,0
51,0,0,2,4,0,0,3,1,0,0,12,3,0,0,6,3,60,0,2,2,2,2,3,7,11,9,3,0,0,2,9,15
-8,0,0,14,5,0,0,2,1,0,1,0,12,0,0,6,3,60,1,0,0,0,0,6,10,10,9,3,0,0,2,11,0
41,0,0,0,4,0,0,2,1,0,1,0,13,0,1,6,3,60,0,0,0,0,0,5,9,9,9,3,0,0,2,9,0
-16,0,0,2,3,0,0,2,1,0,1,0,20,0,0,6,3,60,0,0,0,0,0,4,8,8,8,3,0,0,2,9,15
32,0,0,6,2,0,0,2,1,0,1,0,22,0,0,6,3,60,0,0,0,0,0,5,7,7,7,3,0,0,2,9,45
-42,0,0,4,2,0,0,2,1,0,0,0,28,0,0,6,3,60,0,0,0,0,0,5,6,6,6,3,0,0,2,9,30
54,0,0,18,1,0,0,2,1,0,0,0,40,0,0,6,3,60,0,0,0,0,0,5,5,5,5,2,0,0,1,11,30
23,0,0,4,1,0,0,1,1,0,0,0,50,0,0,6,3,60,0,0,0,0,0,4,4,4,4,2,0,0,2,9,30
-14,0,0,6,1,0,0,0,1,0,0,0,51,0,0,6,3,60,0,0,0,0,0,3,3,3,3,1,0,0,2,9,45
15,0,0,10,0,0,0,0,1,0,0,0,56,0,0,6,3,60,0,0,0,0,0,2,2,2,2,1,0,0,2,10,15
14,0,0,0,0,0,0,0,0,0,0,0,61,0,1,6,3,60,0,0,0,0,0,1,1,1,1,0,0,0,2,9,0
13,24,3,45,3,0,2,2,0,0,0,12,3,0,0,5,2,59,5,43,2,7,8,2,4,12,3,0,7,3,1,16,45
-8,24,3,47,4,0,1,3,0,0,0,0,15,0,0,5,2,59,5,41,3,6,7,2,3,11,4,1,6,3,2,17,15
-36,23,4,49,6,0,0,3,0,0,0,6,9,1,0,5,2,59,5,39,4,4,7,2,8,13,5,3,5,3,2,17,30
-38,22,3,49,6,0,0,3,0,0,0,8,7,1,0,5,2,59,4,38,3,3,8,4,8,13,6,4,4,2,2,17,30
9,20,1,47,7,0,0,4,0,0,0,14,1,0,0,5,2,59,5,35,0,1,6,7,8,12,7,3,4,1,2,17,15
-1,20,1,41,6,0,0,4,0,0,0,11,4,0,0,5,2,59,5,35,0,1,7,6,8,11,6,3,4,1,2,16,15
-1,20,1,43,5,0,0,4,0,0,0,8,7,0,0,5,2,59,5,35,0,1,7,5,7,10,5,3,3,1,1,16,30
15,20,1,38,4,0,0,4,0,0,0,2,13,0,0,5,2,59,4,35,0,2,8,5,6,10,5,3,3,0,1,15,45
67,20,1,36,4,0,0,3,0,0,0,13,2,0,0,5,2,59,4,35,0,2,9,4,6,9,4,3,3,0,2,15,30
45,19,0,36,3,0,0,3,0,0,0,6,9,0,0,5,2,59,3,35,1,3,10,3,6,8,4,2,3,0,2,15,30
0,19,0,38,2,0,0,3,0,0,0,4,11,0,0,5,2,59,3,35,1,3,11,2,5,7,3,1,3,0,1,15,45
-39,19,0,41,2,0,0,2,0,0,0,7,8,0,0,5,2,59,2,35,1,5,11,2,5,7,3,2,3,0,2,16,15
-78,19,0,43,3,0,0,1,0,0,0,13,2,0,0,5,2,59,2,34,2,6,12,3,4,7,3,1,3,0,1,16,30
-17,19,1,32,2,0,1,1,0,0,0,1,14,0,0,5,2,59,2,33,3,6,13,3,4,8,3,0,3,0,2,15,0
9,19,1,34,2,0,1,1,0,0,0,12,3,0,0,5,2,59,3,32,3,6,13,2,3,8,2,0,3,0,2,15,15
-25,19,3,32,2,0,1,1,0,0,0,56,4,0,0,5,2,59,2,31,3,7,12,1,2,9,3,1,3,0,2,15,0
-11,18,4,29,6,0,1,0,0,0,0,22,38,0,0,5,2,59,2,27,3,5,9,2,4,11,6,3,3,0,2,14,30
-38,16,4,30,8,0,1,0,0,0,0,8,7,0,0,5,2,59,2,24,2,5,9,3,8,15,8,5,3,1,2,14,45
-23,16,4,28,7,0,1,0,0,0,0,3,12,0,0,5,2,59,2,24,4,5,10,3,7,14,7,5,3,1,1,14,15
23,14,2,24,7,0,2,0,0,0,0,8,7,0,0,5,2,59,1,22,3,4,11,6,8,15,9,7,3,2,1,13,0
-192,14,2,46,6,0,2,0,0,0,0,6,9,0,0,5,2,59,1,22,3,4,11,5,8,14,8,6,3,2,2,17,0
12,14,2,24,6,0,3,0,0,0,0,0,15,0,0,5,2,59,3,20,1,3,10,4,8,13,7,6,3,2,1,13,0
22,13,1,27,5,0,3,1,0,0,0,11,4,0,0,5,2,59,2,19,0,2,9,4,7,12,8,6,3,2,1,13,15
-200,12,0,40,5,0,2,1,0,0,0,12,3,0,0,5,2,59,1,19,1,4,10,3,9,13,8,5,2,3,2,16,0
22,12,0,21,4,0,2,1,0,0,0,9,6,0,0,5,2,59,1,19,1,4,10,3,8,12,7,4,2,2,2,12,30
-53,12,1,34,4,0,1,1,0,0,0,13,2,0,0,5,2,59,0,19,2,5,13,4,7,12,7,3,1,2,2,15,15
10,12,2,22,4,0,1,1,0,0,0,26,4,0,0,5,2,59,1,18,3,6,14,6,8,15,6,2,1,1,3,12,45
-15,12,4,22,4,0,0,1,0,0,0,22,8,0,0,5,2,59,1,18,3,7,14,5,7,14,5,1,1,1,3,12,45
-74,12,4,30,3,0,0,1,0,0,0,19,11,0,0,5,2,59,0,18,4,7,14,4,6,14,5,2,1,1,2,14,45
0,12,5,19,3,0,0,1,0,0,0,7,23,0,0,5,2,59,1,17,4,7,16,3,6,13,4,2,1,1,1,12,15
-54,12,5,24,3,0,0,0,0,0,0,3,27,0,0,5,2,59,1,17,4,7,16,2,5,12,3,2,1,1,1,13,0
12,12,6,19,3,0,0,0,0,0,0,14,1,0,0,5,2,59,1,16,3,7,16,2,4,11,3,2,0,1,1,12,15
-26,10,6,18,3,0,1,1,0,0,0,2,13,0,0,5,2,59,2,13,3,7,13,3,6,12,4,2,0,0,2,12,0
3,10,6,15,3,0,1,1,0,0,0,13,2,0,0,5,2,59,3,12,3,8,12,3,7,11,3,1,0,0,1,11,0
-29,7,4,17,4,0,1,1,0,0,0,10,5,0,0,5,2,59,2,10,4,7,10,3,8,14,5,2,0,0,1,11,45
25,6,4,8,5,0,0,1,0,0,0,13,2,0,0,5,2,59,1,9,5,9,9,5,7,15,6,3,0,0,2,10,0
-58,6,5,16,5,0,0,2,0,0,0,5,10,0,0,5,2,59,3,7,3,7,7,5,6,15,5,2,0,0,1,11,15
-12,5,5,10,5,0,0,2,0,0,0,6,9,0,0,5,2,59,1,6,5,6,6,5,6,14,7,3,0,0,2,10,15
56,4,4,6,5,0,0,2,0,0,0,0,15,0,0,5,2,59,1,5,5,5,5,4,6,13,7,3,0,0,2,9,45
8,4,4,14,5,0,1,1,0,0,0,14,1,0,0,5,2,59,2,4,4,4,4,3,5,12,6,3,0,0,1,10,45
-26,4,4,12,4,0,1,1,0,0,0,11,4,0,0,5,2,59,2,4,4,4,4,2,4,11,5,3,0,0,1,10,30
25,4,4,10,3,0,1,1,0,0,0,4,11,0,0,5,2,59,2,4,4,4,4,1,4,10,4,3,0,0,2,10,15
1,0,0,2,4,0,2,1,0,0,1,0,7,0,0,5,2,59,0,0,0,0,0,7,9,9,9,4,0,0,2,9,15
-77,0,0,12,3,0,2,1,0,0,1,0,9,0,0,5,2,59,0,0,0,0,0,6,8,8,8,3,0,0,1,10,30
16,0,0,8,2,0,2,1,0,0,1,0,25,0,0,5,2,59,0,0,0,0,0,7,7,7,7,3,0,0,2,10,0
23,0,0,4,2,0,2,0,0,0,1,0,27,0,0,5,2,59,0,0,0,0,0,6,6,6,6,2,0,0,2,9,30
13,0,0,2,2,0,1,0,0,0,1,0,28,0,0,5,2,59,0,0,0,0,0,5,5,5,5,1,0,0,2,9,15
5,0,0,0,2,0,1,0,0,0,0,0,31,0,1,5,2,59,0,0,0,0,0,4,4,4,4,1,0,0,2,9,0
7,0,0,0,2,0,0,0,0,0,0,0,36,0,1,5,2,59,0,0,0,0,0,3,3,3,3,1,0,0,2,9,0
19,0,0,4,1,0,0,0,0,0,0,0,45,0,0,5,2,59,0,0,0,0,0,2,2,2,2,1,0,0,2,9,30
-13,0,0,6,0,0,0,0,0,0,0,0,47,0,0,5,2,59,0,0,0,0,0,1,1,1,1,1,0,0,2,9,45
-13,26,0,43,3,0,0,0,0,0,0,8,22,1,0,4,2,58,2,40,0,2,8,2,3,4,2,0,1,0,2,17,45
-22,26,0,41,2,0,0,0,0,0,0,8,22,0,0,4,2,58,2,40,0,2,8,1,2,3,1,0,1,0,1,17,30
-27,26,2,40,2,0,0,0,0,0,0,40,5,0,0,4,2,58,1,39,3,5,9,1,2,6,2,1,1,0,2,17,15
-13,24,0,39,4,0,0,1,0,0,0,1,44,0,0,4,2,58,2,35,1,4,10,1,3,7,4,2,1,0,1,16,45
-133,24,1,41,5,0,0,1,0,0,1,13,2,0,0,4,2,58,1,32,1,6,11,3,5,12,7,3,1,0,1,17,30
36,24,3,35,5,0,0,1,0,0,1,2,13,0,0,4,2,58,1,31,2,6,11,3,5,11,7,2,1,0,1,15,15
-19,23,4,35,5,0,0,1,0,0,0,3,12,0,0,4,2,58,0,31,4,7,12,3,6,10,7,2,1,0,1,15,15
-19,23,5,37,5,0,0,0,0,0,1,40,5,0,0,4,2,58,1,30,4,6,11,2,5,10,6,2,1,0,1,15,30
-32,23,7,31,8,0,0,0,0,0,0,19,26,0,0,4,2,58,2,27,3,5,11,3,7,12,7,3,1,1,1,14,30
43,22,6,33,8,0,0,0,0,0,0,9,36,0,0,4,2,58,2,26,2,5,11,4,7,12,7,3,1,1,2,15,0
-6,21,5,32,8,0,0,0,0,0,0,0,45,0,0,4,2,58,2,25,2,5,12,4,6,12,7,3,1,1,2,14,45
-12,19,5,33,8,0,0,0,0,0,0,4,11,0,0,4,2,58,1,24,2,5,12,4,5,14,8,4,1,1,2,15,0
26,18,4,28,7,0,0,0,0,0,0,10,5,0,0,4,2,58,0,24,3,6,13,4,5,13,8,3,1,1,1,13,15
-24,18,4,30,7,0,0,0,0,0,0,8,7,0,0,4,2,58,1,23,2,5,12,3,5,12,7,3,1,1,1,14,15
57,16,3,29,7,0,0,0,0,0,0,5,10,0,0,4,2,58,0,22,3,6,14,2,6,14,8,4,0,1,1,13,30
29,16,4,26,6,0,0,1,0,0,0,13,2,0,0,4,2,58,1,21,2,5,13,1,5,13,7,3,0,0,1,13,0
19,14,5,24,6,0,0,1,0,0,1,13,2,0,0,4,2,58,1,19,3,7,15,4,9,15,8,3,0,0,2,12,45
-39,14,6,38,6,0,0,1,0,0,1,9,6,0,0,4,2,58,2,18,3,7,15,4,8,14,7,2,0,0,1,16,15
39,13,5,24,5,0,0,2,0,0,1,13,2,0,0,4,2,58,1,17,4,8,14,4,9,13,8,4,0,0,2,12,45
37,13,5,26,5,0,0,2,0,0,1,6,9,0,0,4,2,58,2,16,4,8,13,5,9,12,7,4,0,0,1,13,0
41,12,4,22,4,0,0,2,0,0,1,12,3,0,0,4,2,58,1,16,4,8,13,5,8,12,7,5,0,0,2,12,30
21,11,4,22,5,0,0,3,0,0,1,3,12,0,0,4,2,58,3,13,3,7,10,4,8,12,7,5,0,0,2,12,30
34,10,4,14,4,0,0,3,0,0,1,13,2,0,0,4,2,58,2,13,4,7,10,5,8,11,7,4,0,0,2,11,15
36,10,5,18,4,0,0,3,0,0,0,10,5,0,0,4,2,58,2,13,5,8,11,5,7,10,6,3,0,0,2,11,45
12,10,5,21,5,0,0,2,0,0,0,6,9,0,0,4,2,58,3,12,4,7,10,4,7,9,5,2,0,0,2,12,15
33,8,5,16,6,0,0,2,0,0,0,2,13,0,0,4,2,58,2,10,4,7,10,4,6,9,7,3,0,0,1,11,30
-1,8,5,19,5,0,0,3,0,0,0,1,14,0,0,4,2,58,3,9,3,6,9,3,5,8,6,2,0,0,1,12,0
9,8,6,16,6,0,0,2,0,0,0,10,5,0,0,4,2,58,2,8,2,5,8,3,4,9,7,1,0,0,1,11,30
-50,7,6,19,6,0,0,2,0,0,0,8,7,0,0,4,2,58,2,7,4,4,7,3,5,11,7,2,0,0,1,12,0
35,6,5,11,6,0,0,2,0,0,0,13,2,0,0,4,2,58,2,6,3,3,6,2,4,12,7,2,0,0,2,10,45
-4,5,4,12,6,0,0,2,0,0,0,9,6,0,0,4,2,58,2,5,2,3,5,1,3,12,7,2,0,0,2,11,0
15,1,1,7,6,0,1,2,0,0,0,3,12,0,0,4,2,58,0,3,2,3,3,2,5,13,10,5,0,0,2,10,0
12,1,1,8,5,0,1,2,0,0,0,9,6,0,0,4,2,58,0,3,3,3,3,2,7,12,9,4,0,0,1,10,15
56,1,1,8,5,0,2,2,0,0,0,2,13,0,0,4,2,58,2,1,1,1,1,3,10,11,8,4,0,0,1,10,15
15,0,0,0,4,0,2,2,0,0,1,0,1,0,1,4,2,58,1,0,0,0,0,7,10,10,9,4,0,0,2,9,0
-1,0,0,12,3,0,2,2,0,0,1,0,4,0,0,4,2,58,0,0,0,0,0,6,9,9,9,4,0,0,2,11,0
52,0,0,0,3,0,1,2,0,0,1,0,15,0,1,4,2,58,0,0,0,0,0,7,8,8,8,4,0,0,2,9,0
26,0,0,4,2,0,1,2,0,0,1,0,16,0,0,4,2,58,0,0,0,0,0,6,7,7,7,3,0,0,1,9,30
-17,0,0,2,2,0,0,2,0,0,1,0,17,0,0,4,2,58,0,0,0,0,0,6,6,6,6,2,0,0,2,9,15
47,0,0,6,2,0,0,1,0,0,1,0,28,0,0,4,2,58,0,0,0,0,0,5,5,5,5,2,0,0,1,9,45
11,0,0,10,1,0,0,1,0,0,1,0,30,0,0,4,2,58,0,0,0,0,0,4,4,4,4,2,0,0,1,10,30
-9,0,0,2,1,0,0,1,0,0,0,0,35,0,0,4,2,58,0,0,0,0,0,3,3,3,3,1,0,0,2,9,15
44,0,0,4,0,0,0,1,0,0,0,0,42,0,0,4,2,58,0,0,0,0,0,2,2,2,2,0,0,0,1,9,30
14,0,0,14,0,0,0,0,0,0,0,0,47,0,0,4,2,58,0,0,0,0,0,1,1,1,1,0,0,0,2,11,15
22,18,3,47,4,0,0,1,0,0,0,11,4,1,0,3,2,57,2,42,3,3,8,2,2,7,4,2,6,2,2,17,45
32,16,1,45,4,0,0,2,0,0,0,2,13,0,0,3,2,57,2,40,1,2,9,1,2,9,5,3,5,1,1,17,30
5,15,3,45,4,0,0,2,0,0,0,6,9,0,0,3,2,57,0,39,3,7,12,4,5,11,7,4,5,0,1,17,30
27,15,3,40,4,0,1,2,0,0,0,13,17,0,0,3,2,57,2,37,3,7,10,4,8,14,6,3,5,1,1,16,45
45,15,3,37,3,0,1,2,0,0,0,11,19,0,0,3,2,57,2,37,3,7,10,3,7,13,5,3,5,1,1,16,15
23,14,2,43,2,0,1,3,0,0,0,6,24,0,0,3,2,57,2,36,4,6,9,2,6,12,5,4,5,1,2,17,15
-23,14,2,42,2,0,1,2,0,0,0,5,25,0,0,3,2,57,2,36,5,6,9,1,5,11,4,3,5,1,2,17,0
21,12,1,34,3,0,1,3,0,0,2,0,15,0,0,3,2,57,3,31,1,4,6,4,7,14,7,3,5,1,2,15,30
7,12,1,43,2,0,1,3,0,0,2,14,1,0,0,3,2,57,3,31,1,4,6,3,6,13,6,2,5,1,2,17,15
-7,12,1,40,1,0,1,3,0,0,2,10,5,0,0,3,2,57,3,31,1,4,6,2,7,12,5,1,5,2,1,16,45
15,12,1,33,2,0,1,3,0,0,1,14,1,0,0,3,2,57,3,30,1,3,6,1,7,11,5,1,4,2,1,15,15
24,11,0,31,2,0,1,3,0,0,1,10,5,0,0,3,2,57,1,29,2,3,7,6,9,10,7,1,4,1,1,15,0
-39,11,0,37,3,0,1,3,0,0,1,7,8,0,0,3,2,57,2,27,0,1,5,5,9,11,7,2,4,1,1,16,15
-18,11,0,29,3,0,0,3,0,0,1,4,11,0,0,3,2,57,2,27,0,2,5,4,8,10,6,2,4,1,2,14,45
-85,11,0,39,3,0,0,2,0,0,1,43,2,0,0,3,2,57,2,27,0,2,7,3,7,9,5,1,3,1,2,16,30
-4,11,0,35,3,0,0,1,0,0,1,43,2,0,0,3,2,57,2,27,0,2,7,2,6,8,4,1,3,0,2,15,45
-19,11,1,28,2,0,0,1,0,0,1,30,15,0,0,3,2,57,0,27,0,3,9,3,5,8,5,1,3,0,2,14,30
-5,11,2,29,1,0,0,1,0,0,1,3,42,0,0,3,2,57,0,27,3,5,13,4,4,10,4,1,3,0,2,14,45
-47,11,2,31,1,0,0,0,0,0,1,0,45,0,0,3,2,57,0,27,3,5,13,3,3,9,3,1,3,0,1,15,0
-82,11,2,35,0,0,0,0,0,0,1,13,2,0,0,3,2,57,0,27,3,5,13,2,2,8,2,1,3,0,2,15,45
34,11,2,27,1,0,0,0,0,0,0,10,5,0,0,3,2,57,1,26,2,4,12,1,2,7,1,0,3,0,1,14,15
-22,9,3,23,2,0,0,1,1,0,0,10,5,0,0,3,2,57,1,22,6,8,13,4,6,12,4,1,3,1,1,13,0
-21,9,3,26,1,0,0,1,1,0,0,9,6,0,0,3,2,57,1,22,6,8,13,3,5,11,3,0,3,1,1,13,30
7,9,4,22,4,0,0,1,1,0,0,0,15,0,0,3,2,57,2,18,4,6,10,4,8,12,5,3,2,2,2,12,45
-68,8,3,25,4,0,0,1,1,0,0,13,2,0,0,3,2,57,1,17,3,5,10,3,7,11,6,4,2,1,1,13,15
-23,6,3,21,4,0,1,1,2,0,0,10,5,0,0,3,2,57,2,14,2,4,8,5,7,13,7,3,2,1,1,12,30
-42,6,3,23,4,0,1,1,1,0,0,8,7,0,0,3,2,57,2,14,2,4,8,4,6,12,6,2,2,1,1,13,0
-16,6,4,20,3,0,1,1,2,0,0,6,9,0,0,3,2,57,2,13,2,4,11,4,6,14,6,2,2,1,1,12,15
62,6,4,19,2,0,1,1,2,0,0,14,1,0,0,3,2,57,2,13,3,5,13,4,6,13,5,2,2,1,1,12,0
1,6,4,18,2,0,1,0,2,0,0,14,1,0,0,3,2,57,2,13,3,5,13,3,5,12,4,2,1,1,1,11,45
44,5,3,15,1,0,1,1,2,0,0,7,8,0,0,3,2,57,2,12,2,4,12,2,4,11,4,2,1,0,1,11,15
-2,3,1,17,1,0,1,1,2,0,0,4,11,0,0,3,2,57,1,11,3,4,11,3,7,13,5,1,1,0,1,11,30
34,2,0,15,1,0,1,1,2,0,0,6,9,0,0,3,2,57,1,10,2,5,10,2,7,13,5,0,1,1,1,11,15
12,2,1,13,2,0,0,1,2,0,0,6,9,0,0,3,2,57,1,9,2,7,9,3,8,14,5,1,1,1,2,11,0
37,2,2,7,3,0,0,1,1,0,0,4,11,0,0,3,2,57,0,8,4,8,8,5,8,14,6,1,1,1,1,10,0
35,2,2,8,3,0,0,1,0,0,1,7,8,0,0,3,2,57,0,7,5,7,7,6,8,13,6,2,1,1,2,10,15
-33,2,2,11,2,0,0,1,0,0,1,5,10,0,0,3,2,57,0,7,5,7,7,5,7,12,5,2,1,1,2,10,45
-12,2,2,9,1,0,0,1,0,0,1,4,11,0,0,3,2,57,0,7,6,7,7,4,7,11,4,2,1,1,2,10,30
27,2,2,9,1,0,2,0,0,0,1,7,8,0,0,3,2,57,1,5,5,5,5,3,7,10,4,2,0,1,2,10,30
-53,2,2,11,2,0,2,0,0,0,0,2,13,0,0,3,2,57,2,4,4,4,4,3,6,9,3,2,0,0,2,10,45
-24,1,1,13,2,0,2,0,0,0,0,12,3,0,0,3,2,57,2,3,3,3,3,3,5,8,3,2,0,0,2,11,0
-6,0,0,5,3,0,2,1,0,0,0,5,10,0,0,3,2,57,2,0,0,0,0,4,7,7,5,2,0,0,1,9,45
-20,0,0,5,3,0,1,1,0,0,0,0,2,0,0,3,2,57,0,0,0,0,0,3,6,6,6,3,0,0,1,9,45
29,0,0,0,2,0,1,1,0,0,0,0,11,0,1,3,2,57,0,0,0,0,0,5,5,5,5,2,0,0,2,9,0
4,0,0,1,2,0,0,1,0,0,0,0,21,0,0,3,2,57,0,0,0,0,0,4,4,4,4,1,0,0,2,9,15
-13,0,0,1,1,0,0,1,0,0,0,0,36,0,0,3,2,57,0,0,0,0,0,3,3,3,3,1,0,0,2,9,15
-26,0,0,3,1,0,0,0,0,0,0,0,38,0,0,3,2,57,0,0,0,0,0,2,2,2,2,0,0,0,2,9,30
-14,0,0,3,0,0,0,0,0,0,0,0,39,0,0,3,2,57,0,0,0,0,0,1,1,1,1,0,0,0,2,9,30
-3,28,3,53,1,0,1,2,1,0,0,12,18,0,0,2,2,56,2,50,2,5,9,3,4,10,4,1,9,1,2,17,15
-6,28,3,54,1,0,0,2,1,0,0,6,24,1,0,2,2,56,2,50,2,6,9,2,3,10,3,1,8,1,1,17,30
-1,26,2,54,2,0,0,1,1,0,0,14,1,1,0,2,2,56,1,49,3,6,10,1,4,10,4,1,8,1,1,17,30
50,25,3,49,2,0,1,2,1,0,0,14,1,0,0,2,2,56,1,46,4,5,11,4,6,14,6,3,8,2,1,16,15
51,25,3,46,4,0,1,2,0,0,0,6,9,0,0,2,2,56,2,44,2,3,11,4,7,13,6,3,8,3,2,15,45
-30,25,3,51,4,0,1,1,0,0,0,4,11,0,0,2,2,56,2,44,2,3,11,3,6,12,5,3,7,3,1,16,30
-10,24,2,47,5,0,0,1,0,0,0,11,4,0,0,2,2,56,2,43,1,4,10,2,7,11,5,2,6,3,2,16,0
20,22,0,49,6,0,0,0,0,0,0,12,3,0,0,2,2,56,1,42,1,5,13,3,7,11,6,3,6,3,1,16,15
16,22,1,47,5,0,1,0,0,0,0,5,10,0,0,2,2,56,1,41,3,6,13,5,9,11,6,3,6,4,2,16,0
4,22,1,45,4,0,1,0,0,0,0,12,3,0,0,2,2,56,1,41,4,6,14,5,8,10,5,2,5,4,1,15,30
7,22,1,43,3,0,1,0,0,0,0,7,8,0,0,2,2,56,0,41,5,8,14,5,7,9,5,2,5,3,1,15,15
-4,22,2,40,5,0,0,0,0,0,0,0,15,0,0,2,2,56,2,39,3,6,13,6,6,10,4,1,4,3,1,14,45
-6,22,2,43,4,0,0,0,0,0,0,13,2,0,0,2,2,56,1,39,3,6,13,5,5,9,4,2,4,2,1,15,15
-78,22,3,52,3,0,0,0,1,0,0,5,10,0,0,2,2,56,2,38,3,7,14,4,4,9,3,1,3,2,1,17,0
48,22,5,38,3,0,0,0,1,0,0,39,6,0,0,2,2,56,2,37,3,8,13,3,4,9,3,1,2,1,2,14,30
-27,21,5,40,2,0,0,1,1,0,0,35,10,0,0,2,2,56,2,36,3,7,13,2,3,9,3,2,2,0,1,14,45
-31,21,5,42,1,0,0,1,1,0,0,35,10,0,0,2,2,56,2,36,3,7,13,1,2,8,2,2,2,0,2,15,0
-46,18,5,38,4,0,1,2,2,0,0,12,3,0,0,2,2,56,4,29,2,5,13,2,6,16,6,2,2,1,2,14,30
38,16,4,36,4,0,1,2,1,0,0,5,10,0,0,2,2,56,2,29,3,6,16,2,6,16,7,4,2,1,1,13,30
-24,14,3,37,5,0,1,1,1,0,1,7,8,0,0,2,2,56,2,27,4,8,17,4,11,17,8,5,2,2,2,14,15
26,14,4,29,4,0,2,1,1,0,1,1,14,0,0,2,2,56,2,26,3,8,17,4,11,16,8,5,1,2,2,12,45
23,13,3,29,6,0,1,1,1,0,1,6,9,0,0,2,2,56,2,24,3,7,17,7,12,16,9,5,1,1,2,12,45
45,13,4,23,5,0,1,1,1,0,1,2,13,0,0,2,2,56,2,24,3,8,17,7,11,16,8,4,1,1,2,12,0
18,12,3,32,6,0,1,1,0,0,1,7,8,0,0,2,2,56,1,23,4,10,17,7,11,16,9,5,1,1,2,13,0
19,12,4,34,6,0,1,1,0,0,1,11,4,0,0,2,2,56,1,22,4,10,17,8,10,15,9,6,1,1,1,13,15
-4,12,4,27,6,0,1,1,0,0,1,9,6,0,0,2,2,56,2,21,3,9,16,8,9,14,8,6,1,1,3,12,30
23,12,4,32,6,0,1,0,0,0,1,7,8,0,0,2,2,56,2,21,4,9,16,7,9,13,7,5,1,1,2,13,0
11,12,4,25,5,0,1,0,0,0,1,7,8,0,0,2,2,56,2,21,4,10,16,6,8,12,6,4,1,1,2,12,15
-39,12,4,34,5,0,1,0,0,0,0,5,10,0,0,2,2,56,2,21,5,10,17,5,7,11,5,4,0,1,1,13,15
-2,11,4,25,4,0,1,0,0,0,0,12,3,0,0,2,2,56,1,21,5,11,18,4,7,13,5,5,0,0,2,12,15
-43,10,3,29,6,0,1,0,0,0,0,2,13,0,0,2,2,56,2,18,6,9,15,4,6,13,6,5,0,0,2,12,45
-22,10,3,23,5,0,1,0,0,0,0,13,2,0,0,2,2,56,2,18,6,11,15,3,5,12,5,4,0,0,2,12,0
14,10,3,20,5,0,0,0,0,0,0,10,5,0,0,2,2,56,2,18,6,11,15,2,4,11,4,3,0,0,2,11,30
35,9,5,15,6,0,0,1,0,0,0,11,4,0,0,2,2,56,3,15,5,8,14,3,5,12,5,3,0,0,2,11,0
24,8,4,27,8,0,0,1,0,0,0,9,6,0,0,2,2,56,3,12,5,7,12,2,5,14,7,4,0,0,3,12,30
23,7,4,21,9,0,0,1,0,0,0,1,14,0,0,2,2,56,3,10,3,7,10,3,7,13,8,4,0,0,2,11,45
-23,5,3,21,10,0,0,2,0,0,0,7,8,0,0,2,2,56,3,7,2,4,7,3,8,18,10,4,0,0,2,11,45
-3,5,4,15,9,0,0,2,0,0,0,4,11,0,0,2,2,56,3,7,3,5,7,2,7,18,9,4,0,0,2,11,0
4,4,3,15,8,0,0,2,0,0,0,9,6,0,0,2,2,56,2,7,4,6,7,5,8,18,9,4,0,0,2,11,0
-26,3,3,18,10,0,0,2,1,0,0,3,12,0,0,2,2,56,3,3,2,3,3,5,9,17,11,5,0,0,1,11,15
-7,3,3,18,10,0,0,1,1,0,0,2,13,0,0,2,2,56,3,3,2,3,3,4,8,16,10,5,0,0,1,11,15
47,3,3,12,9,0,0,1,1,0,0,1,14,0,0,2,2,56,3,3,2,3,3,3,7,15,9,4,0,0,1,10,30
24,3,3,8,8,0,0,1,1,0,0,9,6,0,0,2,2,56,3,3,2,3,3,4,7,14,8,3,0,0,2,10,0
18,2,2,12,7,0,0,1,1,0,0,10,5,0,0,2,2,56,2,3,3,3,3,4,10,13,8,4,0,0,1,10,30
26,1,1,6,8,0,0,1,1,0,0,12,3,0,0,2,2,56,2,1,1,1,1,5,12,12,9,4,0,0,2,9,45
-4,1,1,8,7,0,0,1,1,0,0,10,5,0,0,2,2,56,2,1,1,1,1,4,11,11,8,4,0,0,2,10,0
-14,0,0,14,6,0,0,1,1,0,0,4,11,0,0,2,2,56,1,1,1,1,1,6,10,10,8,5,0,0,3,10,45
9,0,0,10,6,0,0,1,1,0,0,0,6,0,0,2,2,56,2,0,0,0,0,6,9,9,7,4,0,0,2,10,15
-23,0,0,3,5,0,0,1,1,0,0,0,18,0,0,2,2,56,0,0,0,0,0,8,8,8,8,5,0,0,2,9,15
-10,0,0,10,5,0,0,0,1,0,0,0,22,0,0,2,2,56,0,0,0,0,0,7,7,7,7,5,0,0,2,10,15
7,0,0,0,4,0,0,0,1,0,0,0,23,0,1,2,2,56,0,0,0,0,0,6,6,6,6,4,0,0,1,9,0
-10,0,0,0,3,0,0,0,1,0,0,0,25,0,1,2,2,56,0,0,0,0,0,5,5,5,5,3,0,0,1,9,0
4,0,0,6,2,0,0,0,1,0,0,0,30,0,0,2,2,56,0,0,0,0,0,4,4,4,4,2,0,0,2,9,45
6,0,0,4,1,0,0,0,1,0,0,0,36,0,0,2,2,56,0,0,0,0,0,3,3,3,3,2,0,0,2,9,30
-10,0,0,4,1,0,0,0,0,0,0,0,38,0,0,2,2,56,0,0,0,0,0,2,2,2,2,1,0,0,2,9,30
21,0,0,0,0,0,0,0,0,0,0,0,46,0,1,2,2,56,0,0,0,0,0,1,1,1,1,0,0,0,1,9,0
92,27,2,44,0,0,0,0,0,0,0,9,0,0,0,6,2,53,0,51,3,5,13,1,2,6,1,0,6,2,1,16,15
0,26,2,51,0,0,1,2,0,0,0,1,14,1,0,6,2,53,2,47,2,6,10,1,3,7,2,0,5,2,3,17,30
-11,25,6,50,1,0,3,2,0,0,0,2,13,0,0,6,2,53,2,43,4,5,9,3,4,10,5,2,4,2,1,17,15
-3,25,6,47,1,0,2,2,0,0,0,14,1,0,0,6,2,53,2,43,4,5,11,3,4,9,4,2,4,1,1,16,45
2,24,5,47,2,0,2,2,0,0,0,7,8,0,0,6,2,53,2,41,3,4,11,2,6,12,5,4,4,2,1,16,45
-4,22,3,46,4,0,1,2,0,0,0,0,15,0,0,6,2,53,2,39,1,2,9,2,6,11,6,5,3,2,2,16,30
-28,19,1,49,5,0,1,1,0,0,0,1,14,0,0,6,2,53,0,38,1,4,10,5,6,13,8,6,3,1,1,17,0
-13,19,2,44,5,0,0,1,0,0,0,11,4,0,0,6,2,53,0,38,3,6,12,4,7,12,7,5,3,1,1,16,15
20,19,2,37,4,0,1,1,0,0,0,14,1,0,0,6,2,53,1,37,2,6,11,4,7,12,6,4,3,1,2,15,15
7,19,2,43,3,0,1,1,0,0,0,12,3,0,0,6,2,53,1,37,2,7,12,3,6,11,5,3,2,1,2,16,0
25,19,2,35,2,0,1,1,0,0,0,6,9,0,0,6,2,53,1,37,3,7,12,2,6,11,4,2,2,0,2,15,0
3,18,2,41,1,0,2,2,0,0,0,7,8,0,0,6,2,53,2,35,4,5,10,3,6,11,4,2,2,0,1,15,45
51,18,3,35,1,0,4,2,0,0,0,73,2,0,0,6,2,53,3,32,2,6,10,4,7,11,5,1,2,0,2,15,0
-62,17,2,39,1,0,3,2,0,0,0,71,4,0,0,6,2,53,2,32,2,6,10,3,6,10,5,1,2,0,2,15,30
6,17,3,37,0,0,4,2,0,0,0,61,14,0,0,6,2,53,3,31,1,5,11,4,6,9,4,1,2,0,2,15,15
26,17,3,31,1,0,3,2,0,0,0,56,19,0,0,6,2,53,2,30,0,5,11,4,5,9,5,1,2,0,1,14,15
-45,16,2,33,1,0,2,2,0,0,0,38,37,0,0,6,2,53,1,30,4,5,12,3,6,10,5,1,2,0,2,14,45
-47,16,2,33,1,0,1,2,0,0,0,36,39,0,0,6,2,53,1,30,4,6,12,2,5,9,4,1,2,0,2,14,45
-76,16,3,39,1,0,1,1,0,0,0,28,47,0,0,6,2,53,1,30,4,7,12,2,4,8,3,1,2,0,2,15,30
81,14,2,20,3,0,2,1,0,0,0,3,72,0,0,6,2,53,2,26,2,6,11,3,4,10,5,2,2,0,2,11,45
71,14,3,29,3,0,2,1,0,0,0,7,8,0,0,6,2,53,3,25,3,6,11,3,5,10,4,1,2,0,1,13,0
-82,14,4,32,3,0,1,1,0,0,0,0,15,0,0,6,2,53,3,25,3,7,12,2,5,10,3,0,2,0,2,14,30
47,13,5,26,4,0,2,1,0,0,0,7,8,0,0,6,2,53,3,22,3,5,11,2,5,11,5,0,2,0,1,12,30
21,12,6,24,6,0,2,1,0,0,0,11,4,0,0,6,2,53,4,19,1,4,10,3,7,12,6,1,2,1,2,12,15
45,11,5,29,5,0,2,1,0,0,0,7,8,0,0,6,2,53,3,19,2,5,11,3,6,12,6,2,2,1,1,13,0
-3,10,4,26,4,0,2,1,0,0,0,3,12,0,0,6,2,53,2,19,2,6,12,2,6,11,6,3,2,1,1,12,30
15,8,4,22,4,0,1,3,0,0,0,8,7,0,0,6,2,53,1,17,2,6,13,4,7,11,8,5,2,1,2,12,0
6,8,4,20,3,0,1,4,0,0,0,13,2,0,0,6,2,53,2,16,3,6,15,4,7,10,7,4,2,2,2,11,45
-8,7,4,24,3,0,1,4,0,0,0,9,6,0,0,6,2,53,2,15,2,5,14,5,6,11,7,4,2,2,2,12,15
-80,7,4,28,3,0,0,4,0,0,0,1,14,0,0,6,2,53,2,15,3,5,15,4,6,14,6,4,1,2,2,12,45
38,6,4,17,3,0,0,4,0,0,0,6,9,0,0,6,2,53,1,14,4,6,14,3,6,14,7,3,1,1,2,11,15
-4,6,4,16,3,0,0,4,0,0,0,12,3,0,0,6,2,53,2,13,3,7,13,3,5,16,6,2,1,1,1,11,0
-184,6,4,41,3,0,0,3,0,0,0,10,5,0,0,6,2,53,2,13,3,7,13,2,4,16,5,2,1,1,1,15,45
3,4,2,18,5,0,0,3,0,0,0,3,12,0,0,6,2,53,2,10,3,7,10,3,4,17,7,3,0,1,2,11,30
-94,3,3,22,4,0,0,3,0,0,0,4,11,0,0,6,2,53,1,10,5,10,10,3,9,18,7,3,0,0,2,12,0
15,3,3,14,5,0,0,2,0,0,0,10,5,0,0,6,2,53,2,9,5,9,9,2,9,17,6,2,0,0,1,10,45
25,2,2,14,5,0,2,2,0,0,0,8,7,0,0,6,2,53,1,6,6,6,6,4,13,16,9,4,0,0,1,10,45
-31,1,1,8,7,0,4,1,1,0,0,13,2,0,0,6,2,53,3,1,1,1,1,10,15,15,11,3,0,0,2,10,0
-7,1,1,6,7,0,3,1,1,0,0,11,4,0,0,6,2,53,3,1,1,1,1,9,14,14,10,3,0,0,2,9,45
8,0,0,18,6,0,3,1,1,0,0,9,6,0,0,6,2,53,1,1,1,1,1,10,13,13,11,3,0,0,2,11,30
-43,0,0,12,6,0,3,1,1,0,0,5,10,0,0,6,2,53,2,0,0,0,0,10,12,12,10,3,0,0,2,10,30
-33,0,0,10,6,0,2,1,1,0,0,5,10,0,0,6,2,53,2,0,0,0,0,9,11,11,9,3,0,0,2,10,15
9,0,0,10,5,0,2,1,1,0,0,5,10,0,0,6,2,53,2,0,0,0,0,8,10,10,8,2,0,0,2,10,15
-5,0,0,2,5,0,1,1,1,0,0,0,3,0,0,6,2,53,1,0,0,0,0,7,9,9,8,3,0,0,2,9,15
6,0,0,12,4,0,1,1,1,0,0,0,11,0,0,6,2,53,0,0,0,0,0,6,8,8,8,4,0,0,2,10,30
-27,0,0,4,4,0,0,1,1,0,0,0,15,0,0,6,2,53,0,0,0,0,0,7,7,7,7,4,0,0,2,9,30
25,0,0,4,3,0,0,1,1,0,0,0,15,0,0,6,2,53,0,0,0,0,0,6,6,6,6,3,0,0,2,9,30
-27,0,0,6,2,0,0,1,1,0,0,0,20,0,0,6,2,53,0,0,0,0,0,5,5,5,5,3,0,0,2,9,45
11,0,0,0,1,0,0,1,1,0,0,0,21,0,1,6,2,53,0,0,0,0,0,4,4,4,4,3,0,0,2,9,0
11,0,0,8,1,0,0,0,1,0,0,0,23,0,0,6,2,53,0,0,0,0,0,3,3,3,3,2,0,0,2,10,0
-3,0,0,0,0,0,0,0,1,0,0,0,43,0,1,6,2,53,0,0,0,0,0,2,2,2,2,1,0,0,2,9,0
3,0,0,2,0,0,0,0,0,0,0,0,44,0,0,6,2,53,0,0,0,0,0,1,1,1,1,0,0,0,2,9,15
38,32,5,48,2,0,1,0,0,0,1,8,7,1,0,5,2,52,2,45,4,6,10,1,4,9,3,3,3,1,2,17,30
43,28,5,44,2,1,2,2,0,0,1,25,5,0,0,5,2,52,2,40,3,4,9,4,8,10,7,4,2,1,2,17,0
-34,27,4,48,1,1,2,3,0,0,1,16,14,1,0,5,2,52,2,39,3,3,8,4,7,12,7,3,2,0,2,17,30
7,27,4,46,0,1,2,3,0,0,1,9,21,0,0,5,2,52,2,39,3,4,8,3,6,12,6,3,2,0,2,17,15
46,24,2,41,2,1,1,3,0,0,1,12,3,0,0,5,2,52,1,37,1,4,7,5,5,12,8,3,2,0,1,16,15
7,23,2,44,2,1,1,2,0,0,2,1,14,0,0,5,2,52,1,36,0,3,6,4,5,11,8,4,2,0,2,17,0
24,23,3,46,2,1,1,2,0,0,1,4,11,0,0,5,2,52,0,36,1,4,7,3,4,12,8,4,2,0,2,17,15
17,23,3,43,2,0,1,2,0,0,1,0,15,0,0,5,2,52,0,36,2,5,7,2,3,11,7,3,2,0,2,16,45
12,23,3,40,1,0,1,2,0,0,1,13,2,0,0,5,2,52,0,36,3,5,7,1,2,10,6,2,2,0,2,16,0
66,21,1,36,2,0,0,3,1,0,1,3,12,0,0,5,2,52,1,33,2,3,10,4,7,12,7,2,2,0,2,15,30
36,20,0,38,2,0,2,2,1,0,1,12,3,0,0,5,2,52,1,31,1,2,12,6,8,14,8,4,2,1,1,15,45
18,20,0,38,1,0,2,2,1,0,1,10,5,0,0,5,2,52,1,31,1,2,13,5,7,13,7,4,2,1,1,15,45
-24,20,0,41,1,0,2,2,1,0,0,6,9,0,0,5,2,52,1,31,1,3,13,4,7,12,6,3,2,1,1,16,15
-10,20,1,33,1,0,1,2,1,0,0,2,13,0,0,5,2,52,0,31,1,3,13,3,6,11,6,3,2,1,1,15,0
50,20,2,36,1,0,1,1,1,0,0,0,15,0,0,5,2,52,0,31,1,4,13,2,5,10,5,2,2,1,2,15,30
-40,20,3,35,1,0,0,1,1,0,0,7,8,0,0,5,2,52,0,31,1,5,13,3,4,10,4,1,2,1,2,15,15
21,20,5,33,2,0,0,0,1,0,0,29,16,0,0,5,2,52,1,30,3,8,13,3,6,10,3,1,1,1,1,15,0
22,20,6,31,2,0,0,0,0,0,0,27,18,0,0,5,2,52,0,30,3,8,13,2,6,9,3,1,1,0,2,14,45
11,20,9,31,2,0,0,0,0,0,1,9,36,0,0,5,2,52,2,28,5,10,15,3,6,11,2,1,1,1,2,14,45
-17,17,6,29,2,0,1,0,0,0,1,3,12,0,0,5,2,52,1,26,6,8,13,4,7,13,4,2,1,1,1,14,15
36,17,6,24,3,0,1,0,0,0,0,1,14,0,0,5,2,52,2,25,5,7,13,3,6,12,3,2,1,1,1,13,0
1,15,4,28,4,0,1,1,0,0,0,2,13,0,0,5,2,52,2,22,4,5,11,3,5,12,5,5,1,1,1,13,30
52,14,3,20,3,0,1,1,0,0,0,12,3,0,0,5,2,52,1,22,4,5,11,2,4,11,5,4,1,1,2,12,30
4,13,4,24,4,0,1,1,0,0,0,0,15,0,0,5,2,52,2,20,2,5,9,3,5,10,5,4,0,1,1,13,0
-75,11,4,30,6,0,0,1,0,0,0,11,4,0,0,5,2,52,1,18,1,5,10,3,8,12,7,4,0,0,2,14,30
8,11,4,22,5,0,0,1,0,0,0,7,8,0,0,5,2,52,0,18,2,5,11,2,7,11,7,4,0,0,3,12,45
28,11,5,20,5,0,0,1,0,0,0,11,4,0,0,5,2,52,1,17,4,6,13,6,7,13,6,3,0,0,2,12,30
-31,10,4,27,5,0,0,1,0,0,0,6,9,0,0,5,2,52,1,16,3,5,12,5,6,12,6,3,0,0,1,13,15
26,9,3,19,5,0,0,1,0,0,0,14,1,0,0,5,2,52,1,15,3,4,11,4,5,12,6,3,0,0,2,12,15
23,9,3,22,6,0,0,0,0,0,1,7,8,0,0,5,2,52,3,13,2,3,9,4,5,11,5,3,0,0,3,12,45
39,8,2,18,5,0,0,0,0,0,1,6,9,0,0,5,2,52,2,13,2,3,10,3,4,10,5,2,0,0,1,12,0
-35,8,2,24,4,0,0,0,0,0,1,3,12,0,0,5,2,52,2,13,2,3,10,2,3,10,4,1,0,0,1,13,0
5,6,3,16,3,0,1,0,0,0,1,9,6,0,0,5,2,52,1,12,2,6,11,2,7,13,5,1,0,0,1,11,45
5,6,6,12,4,0,1,0,0,0,0,12,18,0,0,5,2,52,0,11,5,7,11,5,7,15,6,1,0,0,2,11,15
36,6,6,10,5,0,1,0,0,0,1,0,30,0,0,5,2,52,3,8,4,5,8,5,7,15,5,0,0,0,2,11,0
-29,6,6,14,5,0,0,0,0,0,1,14,1,0,0,5,2,52,3,8,4,6,8,4,6,14,4,0,0,0,2,11,30
28,5,5,10,6,0,0,0,0,0,1,0,15,0,0,5,2,52,3,6,2,5,6,4,8,13,5,1,0,0,2,11,0
23,4,4,14,5,0,0,0,0,0,1,13,2,0,0,5,2,52,2,6,2,5,6,3,7,12,5,2,0,0,2,11,30
-81,3,3,16,5,0,0,0,0,0,0,9,6,0,0,5,2,52,1,6,2,5,6,2,7,12,5,2,0,0,1,11,45
5,0,0,6,5,0,0,0,1,0,0,4,11,0,0,5,2,52,0,4,3,4,4,4,9,11,7,4,0,0,1,10,0
27,0,0,2,4,0,0,1,1,0,0,5,10,0,0,5,2,52,1,3,3,3,3,7,8,10,6,4,0,0,2,9,30
-22,0,0,12,3,0,0,1,1,0,1,14,1,0,0,5,2,52,2,2,2,2,2,6,8,9,5,3,0,0,2,11,15
55,0,0,2,2,0,1,1,1,0,1,8,7,0,0,5,2,52,0,1,1,1,1,5,7,8,7,5,0,0,2,9,30
-50,0,0,8,2,0,0,1,1,0,1,2,13,0,0,5,2,52,0,1,1,1,1,5,6,7,6,4,0,0,1,10,15
14,0,0,6,1,0,0,1,1,0,1,12,3,0,0,5,2,52,0,1,1,1,1,4,5,6,5,3,0,0,1,10,0
-66,0,0,9,1,0,0,0,1,0,1,8,7,0,0,5,2,52,0,1,1,1,1,3,5,5,4,2,0,0,2,10,30
-20,0,0,4,1,0,1,0,1,0,0,7,8,0,0,5,2,52,1,0,0,0,0,2,4,4,3,1,0,0,2,9,45
15,0,0,4,1,0,1,0,0,0,0,0,7,0,0,5,2,52,0,0,0,0,0,2,3,3,3,1,0,0,2,9,45
-17,0,0,1,1,0,0,0,0,0,0,0,27,0,0,5,2,52,0,0,0,0,0,2,2,2,2,0,0,0,2,9,15
72,0,0,0,0,0,0,0,0,0,0,0,48,0,1,5,2,52,0,0,0,0,0,1,1,1,1,0,0,0,1,9,0
-14,28,4,48,5,0,0,2,0,0,0,26,4,1,0,4,2,51,2,41,3,4,8,3,8,9,6,4,5,3,1,18,15
71,27,3,41,4,0,0,2,0,0,0,15,15,0,0,4,2,51,0,41,3,4,9,3,7,8,7,3,5,3,3,16,45
13,27,4,44,3,0,0,3,0,0,1,3,27,0,0,4,2,51,2,39,2,4,9,5,7,9,6,2,5,3,1,17,15
-18,26,4,47,4,0,0,2,0,0,1,6,9,0,0,4,2,51,2,38,1,4,8,5,6,11,6,1,5,3,1,18,0
63,26,4,40,4,0,0,1,0,0,1,14,1,0,0,4,2,51,2,38,1,4,8,4,5,10,5,1,4,3,3,16,30
0,25,4,41,4,0,0,1,0,0,1,8,7,0,0,4,2,51,2,37,1,3,8,3,4,9,5,1,3,2,3,16,45
-7,25,4,44,3,0,0,1,0,0,1,5,10,0,0,4,2,51,2,37,2,3,8,2,3,8,4,1,3,1,1,17,15
31,24,3,41,2,0,0,1,0,0,1,13,2,0,0,4,2,51,1,37,3,4,9,2,2,9,4,1,2,1,3,16,45
0,23,3,39,2,0,0,1,1,0,1,4,11,0,0,4,2,51,2,35,1,5,9,1,3,9,4,1,2,0,1,16,15
18,20,0,34,5,0,0,2,1,0,0,12,3,0,0,4,2,51,1,31,1,4,9,5,8,13,8,5,2,0,1,15,30
0,20,0,30,4,0,0,2,1,0,0,8,7,0,0,4,2,51,1,31,2,4,10,4,7,12,7,4,2,0,2,15,0
12,20,0,32,4,0,0,2,1,0,0,9,6,0,0,4,2,51,0,30,2,4,12,5,6,11,8,5,2,0,2,15,15
39,20,0,36,3,0,0,2,1,0,0,8,7,0,0,4,2,51,0,30,2,4,12,4,5,10,7,4,2,0,2,15,45
93,20,0,34,2,0,0,2,1,0,0,8,7,0,0,4,2,51,0,30,2,4,12,3,4,9,6,3,2,0,1,15,30
-14,20,2,30,3,0,0,2,1,0,0,3,12,0,0,4,2,51,2,28,2,4,13,3,5,9,5,3,2,0,2,15,0
88,20,2,27,3,0,0,1,1,0,0,1,14,0,0,4,2,51,2,28,2,4,13,2,4,8,4,2,2,0,2,14,30
-149,20,3,44,2,0,0,1,1,0,0,48,12,0,0,4,2,51,1,28,3,6,14,2,5,10,4,3,2,1,1,17,15
-27,20,6,37,3,0,1,1,1,0,0,21,39,0,0,4,2,51,2,25,2,7,13,4,5,12,5,5,2,2,1,16,0
-40,18,5,28,2,0,1,1,2,0,0,5,55,0,0,4,2,51,1,24,3,7,14,4,5,12,6,5,2,2,2,14,45
-18,17,6,32,3,0,1,0,2,0,0,11,4,0,0,4,2,51,1,23,4,8,16,3,5,12,6,4,1,2,2,15,15
-12,17,6,26,2,0,1,0,2,0,0,7,8,0,0,4,2,51,1,23,5,9,16,2,5,11,5,3,1,1,1,14,15
-62,17,6,28,3,0,0,0,2,0,0,3,12,0,0,4,2,51,2,22,4,8,15,1,5,11,4,2,0,1,2,14,45
14,13,5,23,6,0,1,1,1,0,0,9,6,0,0,4,2,51,3,17,4,6,13,6,8,16,7,4,0,0,1,13,0
34,11,4,23,7,0,1,2,0,0,0,0,15,0,0,4,2,51,2,15,3,6,12,6,8,15,9,6,0,0,1,13,0
8,11,4,21,7,0,1,2,0,0,0,9,6,0,0,4,2,51,3,14,2,7,11,5,7,15,8,6,0,0,2,12,45
8,11,4,21,6,0,1,2,0,0,0,6,9,0,0,4,2,51,3,14,2,7,11,4,7,15,7,5,0,0,2,12,45
6,10,4,25,6,0,1,2,0,0,0,0,15,0,0,4,2,51,3,13,2,6,10,3,6,15,7,4,0,0,1,13,15
19,10,4,17,6,0,0,2,0,0,0,14,1,0,0,4,2,51,2,13,2,6,10,2,5,14,7,4,0,0,2,12,15
-217,9,4,37,5,0,0,2,0,0,0,3,12,0,0,4,2,51,1,13,4,8,12,2,6,13,7,3,0,0,1,16,0
-49,8,5,19,6,0,0,2,0,0,0,10,5,0,0,4,2,51,1,11,5,7,10,3,9,15,8,3,0,0,2,12,30
-30,7,5,19,7,0,0,2,0,0,0,0,15,0,0,4,2,51,2,9,4,6,8,4,8,14,8,3,0,0,2,12,30
23,7,6,17,8,0,0,2,0,0,0,6,9,0,0,4,2,51,2,7,2,4,6,4,9,14,9,4,0,0,2,12,15
-5,5,4,11,8,0,0,2,0,0,0,8,7,0,0,4,2,51,1,6,2,4,6,6,9,14,10,4,0,0,2,11,15
1,5,4,16,7,0,0,2,0,0,0,4,11,0,0,4,2,51,1,6,3,5,6,5,8,14,9,3,0,0,2,12,0
30,4,3,15,8,0,0,1,0,0,0,10,5,0,0,4,2,51,1,5,2,4,5,5,8,13,9,3,0,0,1,11,45
-2,4,3,11,7,0,0,1,0,0,0,5,10,0,0,4,2,51,1,5,2,4,5,5,8,12,8,2,0,0,2,11,15
21,3,2,13,7,0,0,1,0,0,0,2,13,0,0,4,2,51,1,4,1,3,4,5,8,11,8,1,0,0,1,11,30
19,3,2,10,6,0,0,1,0,0,0,0,15,0,0,4,2,51,1,4,1,3,4,4,7,10,7,1,0,0,2,11,0
46,2,2,13,7,0,0,0,0,0,0,12,3,0,0,4,2,51,1,3,2,2,3,4,7,10,7,0,0,0,1,11,30
63,1,1,3,6,0,0,0,0,0,0,7,8,0,0,4,2,51,0,3,2,2,3,4,6,9,7,0,0,0,2,10,0
42,1,1,8,5,0,0,0,0,0,0,3,12,0,0,4,2,51,0,3,2,2,3,4,5,8,6,0,0,0,1,10,45
8,1,1,5,5,0,0,0,0,0,1,28,2,0,0,4,2,51,2,1,0,1,1,4,6,8,5,0,0,0,1,10,15
-65,1,1,8,5,0,0,0,0,0,0,22,8,0,0,4,2,51,1,1,0,1,1,3,5,7,5,0,0,0,1,10,45
27,1,1,2,4,0,0,0,0,0,0,18,12,0,0,4,2,51,1,1,0,1,1,2,4,6,4,0,0,0,2,9,45
29,0,0,7,3,0,0,0,0,0,0,0,30,0,0,4,2,51,0,1,1,1,1,3,4,5,4,0,0,0,2,10,30
17,0,0,5,2,0,0,0,0,0,1,0,4,0,0,4,2,51,1,0,0,0,0,3,4,4,3,0,0,0,1,10,15
30,0,0,0,1,0,0,0,0,0,1,0,9,0,1,4,2,51,1,0,0,0,0,2,3,3,2,0,0,0,1,9,0
47,0,0,3,0,0,0,0,0,0,1,0,33,0,0,4,2,51,0,0,0,0,0,1,2,2,2,0,0,0,2,10,0
-28,0,0,1,0,0,0,0,0,0,0,0,63,0,0,4,2,51,0,0,0,0,0,1,1,1,1,0,0,0,1,9,15
54,19,1,53,1,0,0,0,0,0,0,43,0,1,0,3,2,50,1,53,1,1,9,1,1,4,1,0,6,0,1,17,30
-32,18,2,53,2,0,0,3,0,0,0,13,2,1,0,3,2,50,2,48,4,7,16,3,5,16,4,3,6,2,1,17,30
35,18,2,49,3,0,0,2,0,0,0,13,2,0,0,3,2,50,3,47,3,6,15,2,4,15,3,3,5,2,2,17,0
-16,18,2,49,3,0,0,3,0,0,0,0,15,0,0,3,2,50,4,45,2,5,15,1,5,14,3,2,5,2,2,17,0
18,16,0,40,5,0,0,3,0,0,0,5,10,0,0,3,2,50,3,42,6,10,13,5,12,18,6,2,4,4,2,15,45
-35,16,0,51,4,0,0,3,0,0,0,4,11,0,0,3,2,50,3,42,6,10,13,4,11,17,5,2,4,3,2,17,15
-1,16,0,46,4,0,0,3,0,0,0,9,6,0,0,3,2,50,2,41,9,9,12,6,11,17,6,3,3,3,1,16,30
31,16,0,40,4,0,0,3,0,0,0,3,12,0,0,3,2,50,3,40,8,8,11,6,10,16,5,3,3,2,2,15,45
-26,16,0,51,6,0,0,3,0,0,0,7,8,0,0,3,2,50,3,37,5,7,8,6,10,16,7,4,3,2,2,17,15
-58,16,0,48,6,0,1,4,0,0,0,13,2,0,0,3,2,50,6,34,2,5,7,8,10,16,6,3,3,2,2,16,45
-36,16,0,43,5,0,1,4,0,0,0,12,3,0,0,3,2,50,6,34,2,5,7,7,9,15,5,2,3,2,1,16,0
-31,16,0,46,5,0,1,4,0,0,0,11,4,0,0,3,2,50,6,33,1,4,6,6,8,14,5,2,3,2,1,16,30
-20,16,0,38,6,0,1,3,0,0,0,5,10,0,0,3,2,50,6,32,0,3,6,5,7,13,5,1,2,2,3,15,30
-12,16,1,43,5,0,1,3,0,0,0,14,1,0,0,3,2,50,6,32,2,3,7,4,7,12,4,1,2,2,1,16,0
-4,16,1,38,5,0,1,2,0,0,0,7,8,0,0,3,2,50,5,32,2,3,8,4,8,12,4,2,1,2,3,15,30
-33,16,1,40,4,0,1,2,0,0,0,7,8,0,0,3,2,50,5,32,2,3,8,3,7,11,3,1,1,1,2,15,45
-43,16,1,45,3,0,1,2,0,0,0,2,13,0,0,3,2,50,5,32,3,3,12,2,6,11,2,1,1,1,2,16,15
-7,16,1,34,4,0,1,2,0,0,0,9,6,0,0,3,2,50,5,30,1,1,11,3,7,12,3,3,1,1,2,15,0
-43,16,1,36,4,0,1,2,0,0,0,1,14,0,0,3,2,50,5,29,0,1,11,4,7,11,3,3,1,1,2,15,15
-33,15,0,36,4,0,1,1,0,0,0,32,13,0,0,3,2,50,3,29,0,4,12,4,6,10,4,3,0,1,2,15,15
-19,15,1,31,3,0,1,1,0,0,0,22,23,0,0,3,2,50,2,29,0,5,13,4,6,10,4,3,0,0,2,14,30
64,15,1,25,2,0,1,1,0,0,0,22,23,0,0,3,2,50,2,29,0,5,13,3,5,9,3,2,0,0,1,13,0
-23,15,1,30,2,0,0,1,0,0,0,11,34,0,0,3,2,50,1,29,2,10,14,3,5,12,3,2,0,0,1,14,15
-76,15,3,34,1,0,0,1,0,0,0,11,4,0,0,3,2,50,1,29,5,10,14,3,6,12,2,1,0,0,2,15,0
-23,15,3,32,1,0,0,0,0,0,0,7,8,0,0,3,2,50,1,29,5,10,15,2,5,11,1,1,0,0,2,14,45
17,14,2,24,5,0,0,0,0,0,0,12,3,0,0,3,2,50,3,24,5,7,10,4,4,13,3,3,0,0,2,12,45
-29,14,2,28,5,0,0,0,0,0,0,5,10,0,0,3,2,50,4,23,4,7,12,3,4,14,2,2,0,0,1,13,30
-22,14,3,28,7,1,0,0,0,0,0,9,6,0,0,3,2,50,6,19,2,4,9,2,7,13,3,2,0,0,1,13,30
-11,13,3,25,6,1,0,0,0,0,0,0,15,0,0,3,2,50,5,19,2,4,10,1,7,13,3,1,0,0,1,13,0
-8,12,3,22,7,1,0,0,0,0,0,9,6,0,0,3,2,50,3,17,2,4,12,6,11,13,6,3,0,0,1,12,30
-28,12,3,27,7,1,0,0,0,0,0,5,10,0,0,3,2,50,4,16,2,5,11,5,10,12,5,3,0,0,2,13,15
20,11,2,20,6,1,0,0,0,0,0,4,11,0,0,3,2,50,3,16,2,5,11,4,9,11,5,3,0,0,2,12,15
12,11,2,20,7,0,0,0,0,0,0,2,13,0,0,3,2,50,4,15,1,4,11,3,8,10,4,3,0,0,2,12,15
-30,11,2,22,6,0,0,0,0,0,0,2,13,0,0,3,2,50,4,15,1,4,11,2,7,9,3,2,0,0,1,12,30
-159,10,1,32,5,0,0,0,0,0,0,2,13,0,0,3,2,50,2,15,1,5,13,3,7,10,4,3,0,0,2,14,45
5,10,3,18,4,0,0,0,0,0,1,11,19,0,0,3,2,50,2,14,3,7,14,5,7,13,4,3,0,0,1,11,45
3,10,3,16,3,0,0,0,0,0,1,9,21,0,0,3,2,50,2,14,4,7,14,4,6,12,3,2,0,0,1,11,30
-8,10,4,16,2,0,0,0,0,0,1,2,28,0,0,3,2,50,2,14,4,8,14,4,5,11,2,1,0,0,1,11,30
-23,9,3,19,2,0,0,0,0,0,1,10,5,0,0,3,2,50,1,13,4,8,13,4,4,10,3,2,0,0,2,12,0
-1,9,4,13,2,0,0,0,0,0,0,9,6,0,0,3,2,50,1,13,4,8,13,3,3,9,2,1,0,0,2,11,0
-12,9,6,13,4,0,0,0,0,0,0,4,11,0,0,3,2,50,2,10,4,8,10,2,3,13,3,1,0,0,2,11,0
-14,8,6,13,3,0,1,0,0,0,0,11,4,0,0,3,2,50,1,9,4,8,9,1,4,12,4,2,0,0,2,11,0
27,3,3,11,8,0,1,1,0,0,0,4,11,0,0,3,2,50,3,2,2,2,2,6,11,13,8,5,0,0,1,10,30
-11,2,2,12,7,0,1,1,0,0,0,3,12,0,0,3,2,50,2,2,2,2,2,5,10,12,8,5,0,0,3,10,45
30,2,2,8,6,0,1,1,0,0,1,1,14,0,0,3,2,50,3,1,1,1,1,4,9,11,7,5,0,0,1,10,0
67,1,1,0,5,0,1,1,0,0,1,6,9,0,1,3,2,50,1,1,1,1,1,3,9,10,8,5,0,0,2,9,0
10,1,1,6,4,0,1,1,0,0,1,4,11,0,0,3,2,50,0,1,1,1,1,2,8,9,8,5,0,0,2,9,45
14,1,1,8,4,0,0,1,0,0,1,3,12,0,0,3,2,50,0,1,1,1,1,1,7,8,7,4,0,0,1,10,0
17,0,0,4,4,0,0,1,0,0,1,0,13,0,0,3,2,50,0,0,0,0,0,6,7,7,7,5,0,0,2,9,30
-24,0,0,6,4,0,0,1,0,0,0,0,14,0,0,3,2,50,0,0,0,0,0,5,6,6,6,5,0,0,2,9,45
-49,0,0,10,4,0,0,0,0,0,0,0,16,0,0,3,2,50,0,0,0,0,0,4,5,5,5,4,0,0,1,10,15
22,0,0,4,3,0,0,0,0,0,0,0,18,0,0,3,2,50,0,0,0,0,0,3,4,4,4,4,0,0,2,9,30
19,0,0,2,2,0,0,0,0,0,0,0,20,0,0,3,2,50,0,0,0,0,0,2,3,3,3,3,0,0,2,9,15
7,0,0,2,1,0,0,0,0,0,0,0,36,0,0,3,2,50,0,0,0,0,0,2,2,2,2,2,0,0,2,9,15
8,0,0,0,0,0,0,0,0,0,0,0,53,0,1,3,2,50,0,0,0,0,0,1,1,1,1,1,0,0,2,9,0
28,28,4,49,0,0,0,2,0,0,0,8,7,0,0,6,2,46,0,51,3,6,11,1,2,7,3,3,5,1,2,17,15
4,24,6,53,4,0,0,3,0,0,0,0,30,1,0,6,2,46,2,45,3,5,12,2,3,14,6,3,4,1,2,17,45
6,22,5,49,4,0,0,4,0,0,0,8,7,0,0,6,2,46,2,43,3,7,11,2,7,14,7,2,4,2,2,17,15
17,19,2,48,4,0,1,4,0,0,1,0,15,0,0,6,2,46,1,40,2,6,9,5,8,13,10,4,4,2,2,16,45
-88,18,2,51,4,0,1,4,0,0,0,12,3,0,0,6,2,46,0,40,5,7,10,5,11,13,10,4,3,2,1,17,30
12,18,2,51,4,0,1,3,0,0,0,12,3,0,0,6,2,46,0,40,5,7,10,4,10,13,9,4,2,1,1,17,30
5,18,2,46,3,0,1,3,0,0,0,9,6,0,0,6,2,46,0,40,5,7,11,3,9,12,8,3,2,0,1,16,30
3,18,4,42,3,0,1,4,0,0,0,0,15,0,0,6,2,46,2,38,4,6,9,4,9,12,7,3,2,0,2,16,0
30,18,4,41,3,0,1,4,0,0,0,12,3,0,0,6,2,46,3,37,3,5,8,5,8,11,6,3,2,0,2,15,45
6,17,3,44,4,0,1,5,0,0,0,4,11,0,0,6,2,46,3,34,1,2,10,6,7,13,8,3,2,0,2,16,15
38,17,3,44,4,0,1,4,0,0,0,1,14,0,0,6,2,46,3,34,2,3,11,6,6,12,7,2,2,0,2,16,15
25,17,3,35,3,0,1,4,0,0,0,14,1,0,0,6,2,46,3,34,2,3,11,5,5,12,6,2,2,0,2,15,0
25,17,3,46,3,0,1,3,0,0,0,13,2,0,0,6,2,46,3,34,2,3,11,4,4,11,5,2,2,0,1,16,30
19,17,3,39,3,0,0,3,0,0,0,9,6,0,0,6,2,46,3,34,2,4,11,3,3,10,4,2,2,0,1,15,30
-53,17,3,42,2,0,0,3,0,0,0,8,7,0,0,6,2,46,3,34,2,4,11,2,2,9,3,1,2,0,2,16,0
81,14,0,37,3,0,0,3,0,0,0,1,14,0,0,6,2,46,2,32,1,3,12,1,4,8,5,2,2,0,2,15,15
-2,14,2,37,5,0,0,2,0,0,0,21,39,0,0,6,2,46,2,30,3,7,14,4,7,12,6,3,2,1,2,15,15
5,14,2,33,4,0,0,2,0,0,0,12,48,0,0,6,2,46,1,30,6,8,14,5,6,12,6,4,2,1,2,14,45
-93,14,2,39,4,0,0,2,0,0,0,8,52,0,0,6,2,46,2,29,5,8,13,4,5,11,5,4,2,1,1,15,30
79,13,2,30,3,0,1,2,0,0,0,10,5,0,0,6,2,46,2,28,5,8,13,4,5,11,5,5,2,1,1,13,15
-59,13,4,33,4,0,1,3,1,0,0,0,15,0,0,6,2,46,6,24,2,7,11,3,6,12,4,4,2,1,2,14,45
-46,13,4,35,3,0,1,3,1,0,0,12,3,0,0,6,2,46,6,24,2,8,11,2,5,12,3,3,2,1,2,15,0
8,12,4,32,3,0,1,3,1,0,0,0,15,0,0,6,2,46,6,23,3,7,10,2,4,13,3,2,1,1,2,14,30
16,11,4,23,5,0,1,3,1,0,0,0,15,0,0,6,2,46,5,20,4,4,10,3,7,18,6,3,1,1,2,12,15
34,9,4,25,7,0,1,3,0,0,0,4,11,0,0,6,2,46,5,18,2,5,8,4,7,17,7,2,1,1,2,12,30
1,9,4,31,7,0,1,2,1,0,0,0,15,0,0,6,2,46,6,17,1,4,8,4,7,16,6,2,1,1,1,13,30
-13,8,3,27,6,0,2,2,1,0,0,14,1,0,0,6,2,46,4,16,1,3,12,4,9,17,8,2,0,1,1,12,45
21,8,4,21,5,0,2,2,1,0,0,8,7,0,0,6,2,46,4,16,2,4,12,4,12,16,7,2,0,0,2,12,0
23,7,4,21,4,0,2,2,1,0,0,3,12,0,0,6,2,46,3,16,3,5,13,3,11,15,7,3,0,0,2,12,0
-17,7,4,25,3,0,2,2,1,0,0,3,12,0,0,6,2,46,3,16,3,6,13,6,12,15,6,3,0,0,2,12,30
-17,6,4,29,5,0,2,1,1,0,0,8,7,0,0,6,2,46,4,14,2,4,12,9,11,15,6,3,0,0,1,13,0
37,5,3,15,5,0,3,1,0,0,0,0,15,0,0,6,2,46,2,13,2,4,11,9,10,15,8,6,0,0,2,11,15
39,5,3,17,4,0,3,1,0,0,0,4,1,0,0,6,2,46,2,13,2,4,11,8,9,14,7,5,0,0,2,11,30
12,5,3,15,4,0,3,0,0,0,0,1,4,0,0,6,2,46,2,13,2,4,12,7,9,13,6,5,0,0,2,11,15
11,5,3,14,4,0,2,0,0,0,0,9,1,0,0,6,2,46,2,13,3,4,12,6,8,13,5,5,0,0,2,11,10
-2,5,3,27,3,0,2,0,0,0,0,14,1,0,0,6,2,46,1,13,3,9,13,6,8,13,5,5,0,0,1,12,45
70,4,2,5,3,0,2,0,0,0,0,10,5,0,0,6,2,46,1,12,2,8,12,5,7,13,5,4,0,0,2,9,45
-12,4,2,17,2,0,2,0,0,0,0,10,5,0,0,6,2,46,1,12,2,8,12,4,6,12,4,4,0,0,2,11,30
-29,4,2,19,1,0,2,0,0,0,0,9,6,0,0,6,2,46,1,12,2,8,12,3,5,11,3,3,0,0,2,11,45
-15,3,1,23,2,0,1,0,0,0,0,1,14,0,0,6,2,46,1,11,2,8,11,2,4,12,3,3,0,0,2,12,15
-43,3,1,19,3,0,0,0,0,0,0,7,8,0,0,6,2,46,1,10,1,7,10,2,3,11,3,2,0,0,2,11,45
-19,2,2,13,3,0,0,0,0,0,0,13,2,0,0,6,2,46,1,9,6,8,9,2,5,12,3,2,0,0,1,11,0
23,2,2,10,4,1,0,1,0,0,1,2,13,0,0,6,2,46,5,4,1,4,4,2,5,12,3,2,0,0,1,10,30
-68,2,2,12,5,1,0,1,0,0,0,4,11,0,0,6,2,46,4,3,3,3,3,4,9,11,4,3,0,0,1,10,45
-17,2,2,9,5,1,0,0,0,0,0,1,14,0,0,6,2,46,4,3,3,3,3,4,8,10,3,2,0,0,2,10,15
-27,1,1,10,5,1,0,0,0,0,0,0,15,0,0,6,2,46,3,2,2,2,2,6,7,9,4,3,0,0,1,10,30
13,0,0,2,4,1,0,1,0,0,0,9,6,0,0,6,2,46,3,1,1,1,1,5,8,8,4,3,0,0,1,9,15
28,0,0,7,4,1,0,1,0,0,0,1,14,0,0,6,2,46,2,0,0,0,0,5,7,7,5,3,0,0,1,10,0
-20,0,0,5,3,1,0,1,0,0,0,0,3,0,0,6,2,46,2,0,0,0,0,4,6,6,4,2,0,0,2,9,45
-25,0,0,4,3,0,0,1,0,0,0,0,10,0,0,6,2,46,1,0,0,0,0,3,5,5,4,1,0,0,2,9,30
-59,0,0,7,3,0,0,0,0,0,0,0,12,0,0,6,2,46,1,0,0,0,0,2,4,4,3,0,0,0,1,10,0
-22,0,0,2,2,0,0,0,0,0,0,0,25,0,0,6,2,46,0,0,0,0,0,3,3,3,3,0,0,0,1,9,15
13,0,0,0,1,0,0,0,0,0,0,0,46,0,1,6,2,46,0,0,0,0,0,2,2,2,2,0,0,0,2,9,0
-14,0,0,0,0,0,0,0,0,0,0,0,48,0,1,6,2,46,0,0,0,0,0,1,1,1,1,0,0,0,2,9,0
95,21,0,47,0,0,0,0,0,0,0,50,0,0,0,5,2,45,0,54,0,3,9,1,1,3,1,0,9,0,2,16,45
-5,19,2,53,3,0,1,2,0,0,0,4,11,1,0,5,2,45,2,47,4,8,12,2,7,17,5,3,9,2,2,17,30
30,18,1,41,3,0,1,2,0,0,1,9,6,0,0,5,2,45,2,45,3,6,11,4,7,17,6,2,9,3,2,16,0
-20,18,2,52,3,0,1,3,0,0,1,0,15,0,0,5,2,45,2,43,4,8,13,5,11,17,7,3,9,5,2,17,15
-1,18,2,43,3,0,1,3,0,0,0,12,3,0,0,5,2,45,1,43,4,8,13,4,10,16,7,2,9,5,2,16,15
30,18,2,43,3,0,0,3,0,0,0,11,4,0,0,5,2,45,1,43,4,8,13,3,9,15,6,2,8,5,2,16,15
18,17,2,47,4,0,0,4,0,0,0,1,14,0,0,5,2,45,2,40,2,5,10,7,9,14,7,3,8,4,2,16,45
-46,17,2,50,3,0,0,4,0,0,1,6,9,0,0,5,2,45,2,39,3,4,11,6,11,14,7,2,7,5,1,17,0
23,17,2,36,2,0,0,4,0,0,1,11,4,0,0,5,2,45,1,39,4,5,11,6,11,13,7,2,6,4,3,15,30
-33,17,2,50,2,0,1,3,0,0,1,6,9,0,0,5,2,45,1,38,3,4,10,5,10,12,7,3,6,3,1,17,0
-21,17,2,53,2,0,1,2,0,0,1,5,10,1,0,5,2,45,1,38,3,4,11,4,9,11,6,3,5,3,2,17,30
-49,17,2,45,1,0,1,2,0,0,1,3,12,0,0,5,2,45,1,38,3,4,11,3,8,10,5,3,4,2,3,16,30
-7,17,2,41,0,0,1,2,0,0,1,3,12,0,0,5,2,45,1,38,3,4,11,2,7,9,4,3,4,1,2,16,0
-23,17,2,38,1,0,1,3,0,0,0,5,10,0,0,5,2,45,2,36,1,4,11,5,6,9,4,2,4,1,2,15,45
3,15,1,33,0,0,2,3,0,0,0,2,13,0,0,5,2,45,0,35,1,5,11,5,6,10,6,2,4,1,1,15,0
-31,15,2,45,0,0,2,2,0,0,0,10,5,0,0,5,2,45,0,35,3,7,12,4,5,10,5,1,4,1,3,16,30
10,15,2,31,0,0,1,2,0,0,0,10,5,0,0,5,2,45,0,35,3,7,12,3,4,9,4,1,4,1,2,14,45
-16,15,2,38,0,0,1,1,0,0,0,8,7,0,0,5,2,45,0,35,3,7,12,2,4,8,3,1,3,2,2,15,45
-16,15,2,36,0,0,0,1,0,0,0,3,12,0,0,5,2,45,0,35,3,7,14,2,3,8,2,0,3,1,3,15,30
-53,15,3,38,2,0,1,0,0,0,0,35,10,0,0,5,2,45,2,32,4,7,14,2,3,10,2,0,3,1,2,15,45
-175,13,3,47,4,0,1,0,1,0,0,9,36,0,0,5,2,45,2,28,2,5,14,2,5,14,5,2,2,1,2,16,45
-17,12,4,30,4,0,2,0,1,0,0,13,2,0,0,5,2,45,2,26,3,7,14,4,7,16,6,3,2,0,2,14,30
-46,12,5,29,5,0,2,0,0,0,0,0,15,0,0,5,2,45,2,25,4,8,16,4,10,18,6,3,2,0,1,14,15
58,12,5,25,6,0,1,0,0,0,0,11,4,0,0,5,2,45,2,24,4,8,15,4,9,17,6,3,2,0,1,13,0
35,10,5,18,6,0,1,0,0,0,0,0,15,0,0,5,2,45,1,23,4,9,14,4,8,17,7,2,2,0,2,12,15
13,10,5,28,6,0,1,0,0,0,0,7,8,0,0,5,2,45,2,22,4,8,15,4,9,20,6,2,2,1,1,13,30
-57,9,4,33,6,0,1,0,1,0,0,12,3,0,0,5,2,45,2,20,4,6,13,6,8,19,7,2,2,1,1,15,0
17,8,3,27,5,0,1,0,1,0,0,8,7,0,0,5,2,45,1,20,4,7,13,5,8,18,7,1,2,1,1,13,15
-2,7,2,25,5,0,2,0,1,0,0,7,8,0,0,5,2,45,1,18,4,8,13,6,9,19,8,2,2,1,1,13,0
13,7,2,18,4,0,2,0,1,0,0,4,11,0,0,5,2,45,1,18,4,8,14,5,9,18,7,1,2,1,2,12,15
-13,7,2,22,3,0,2,0,1,0,0,4,11,0,0,5,2,45,1,18,4,9,14,4,8,17,6,1,2,1,2,12,45
6,7,2,22,3,0,1,0,1,0,0,2,13,0,0,5,2,45,1,18,4,9,15,3,8,16,5,1,2,1,2,12,45
54,5,0,8,3,0,1,2,1,0,1,13,2,0,0,5,2,45,2,14,2,5,12,5,9,15,7,2,1,1,2,11,0
27,5,0,14,3,0,1,2,0,0,1,9,6,0,0,5,2,45,2,14,3,7,12,4,11,15,6,2,1,1,2,11,45
23,5,0,16,3,0,1,2,0,0,1,10,5,0,0,5,2,45,1,13,4,6,13,6,11,14,7,2,1,1,2,12,0
-97,5,0,31,2,0,1,2,0,0,1,3,12,0,0,5,2,45,1,13,4,7,13,5,10,13,6,2,1,1,2,14,45
-43,5,0,20,2,0,1,1,0,0,1,2,13,0,0,5,2,45,1,13,4,7,13,5,9,12,5,2,1,1,3,12,30
34,5,1,10,2,0,2,2,0,0,1,5,10,0,0,5,2,45,2,10,3,5,10,8,10,12,6,1,1,1,2,11,15
-22,5,1,20,1,0,3,2,0,0,1,2,13,0,0,5,2,45,3,9,2,6,9,7,9,12,5,1,1,1,3,12,30
-25,5,1,16,1,0,3,1,0,0,1,1,14,0,0,5,2,45,3,9,2,6,9,6,8,11,4,1,1,1,2,12,0
-7,5,1,14,1,0,3,1,0,0,0,3,12,0,0,5,2,45,1,9,3,7,9,5,7,11,5,2,1,1,2,11,45
-247,5,1,35,2,0,2,1,0,0,0,41,4,0,0,5,2,45,1,8,3,6,8,4,7,11,5,2,0,1,2,15,15
-14,5,1,12,1,0,2,2,0,0,0,40,5,0,0,5,2,45,2,7,2,5,7,3,6,10,4,2,0,0,2,11,30
-15,5,1,10,1,0,1,2,0,0,0,39,6,0,0,5,2,45,2,7,2,5,7,4,5,9,3,2,0,0,2,11,15
-2,5,2,8,1,0,0,2,0,0,0,38,7,0,0,5,2,45,2,7,2,5,7,3,4,8,2,1,0,0,2,11,0
-2,5,5,6,2,0,0,1,0,0,1,10,35,0,0,5,2,45,2,5,3,5,5,3,4,9,3,2,0,0,2,10,45
-61,5,5,12,1,0,0,1,0,0,1,9,36,0,0,5,2,45,2,5,3,5,5,2,3,8,2,2,0,0,2,11,30
-2,4,4,4,3,0,0,1,0,0,1,27,18,0,0,5,2,45,2,2,2,2,2,2,5,8,4,3,0,0,2,10,0
23,0,0,2,4,0,0,1,0,0,1,13,2,0,0,5,2,45,0,0,0,0,0,4,5,7,7,6,0,0,2,9,15
5,0,0,4,3,0,0,1,0,0,1,3,12,0,0,5,2,45,0,0,0,0,0,3,5,6,6,6,0,0,2,10,0
20,0,0,0,2,0,0,1,0,0,1,0,9,0,1,5,2,45,0,0,0,0,0,3,5,5,5,5,0,0,2,9,0
-132,0,0,22,2,0,0,0,0,0,1,0,14,0,0,5,2,45,0,0,0,0,0,2,4,4,4,4,0,0,2,12,45
-56,0,0,6,2,0,0,0,0,0,0,0,33,0,0,5,2,45,0,0,0,0,0,3,3,3,3,3,0,0,2,10,45
20,0,0,2,1,0,0,0,0,0,0,0,50,0,0,5,2,45,0,0,0,0,0,2,2,2,2,2,0,0,2,9,15
19,0,0,0,0,0,0,0,0,0,0,0,62,0,1,5,2,45,0,0,0,0,0,1,1,1,1,1,0,0,2,9,0
-28,23,3,46,4,0,1,1,0,0,0,3,12,1,0,4,2,44,3,40,2,4,6,3,6,11,4,2,6,2,2,17,30
3,23,3,44,4,0,1,0,0,0,0,7,8,0,0,4,2,44,3,40,3,4,6,2,6,11,3,2,6,2,1,16,45
55,23,3,40,3,0,1,0,0,0,0,3,12,0,0,4,2,44,3,40,4,4,6,2,5,10,2,2,5,2,2,16,15
-18,21,1,45,3,0,3,0,1,0,0,5,10,0,0,4,2,44,3,36,0,1,5,4,7,10,5,4,4,1,1,17,0
-31,20,0,42,3,0,2,0,1,0,0,13,2,0,0,4,2,44,1,36,0,2,6,6,6,9,6,3,4,0,1,16,30
-19,20,0,42,2,0,2,0,1,0,0,4,11,0,0,4,2,44,1,36,0,2,6,5,6,10,5,3,4,1,1,16,30
-15,20,0,38,1,0,2,0,1,0,0,8,7,0,0,4,2,44,0,36,1,2,7,4,6,9,5,2,4,2,1,15,45
1,20,0,40,1,0,1,0,1,0,0,3,12,0,0,4,2,44,0,36,1,2,8,3,5,8,4,2,4,2,2,16,15
-15,20,0,39,1,0,0,0,1,0,0,1,14,0,0,4,2,44,0,36,1,2,8,2,4,7,3,1,4,2,2,16,0
24,20,0,37,1,0,0,0,0,0,0,1,14,0,0,4,2,44,0,36,1,2,8,1,3,6,2,1,4,2,1,15,30
33,20,0,36,0,0,1,0,1,0,0,5,10,0,0,4,2,44,0,34,2,4,8,3,5,6,3,0,3,2,1,15,15
-21,20,0,34,0,0,0,0,1,0,0,14,1,0,0,4,2,44,0,34,3,4,9,2,4,6,2,0,2,1,1,15,0
-18,20,2,34,0,0,1,0,0,0,1,56,4,0,0,4,2,44,2,32,2,5,9,1,3,6,1,0,2,0,1,15,0
-39,20,3,33,1,0,0,0,0,0,2,24,36,0,0,4,2,44,2,30,3,4,11,2,3,10,2,1,2,0,2,14,45
-33,20,3,32,1,0,0,0,0,0,1,23,37,0,0,4,2,44,2,30,3,4,11,1,2,9,1,1,2,0,1,14,30
-38,18,3,31,1,0,1,1,0,0,1,7,8,0,0,4,2,44,2,27,1,4,12,1,3,8,3,2,2,0,1,14,15
48,17,4,26,1,0,2,1,0,0,0,3,12,0,0,4,2,44,1,26,3,8,17,2,7,10,4,1,2,1,2,12,30
19,16,4,27,2,0,1,1,0,0,0,13,2,0,0,4,2,44,1,25,3,7,16,1,6,9,4,1,2,1,1,12,45
1,15,7,30,4,0,1,1,0,0,0,12,3,0,0,4,2,44,2,22,4,9,15,5,5,13,5,1,2,1,1,13,15
9,14,6,23,3,0,1,1,0,0,0,10,5,0,0,4,2,44,1,22,4,9,15,4,4,12,5,0,1,1,1,12,0
-26,14,6,27,2,0,1,1,0,0,0,9,6,0,0,4,2,44,1,21,6,10,15,3,3,12,4,0,1,0,1,12,45
18,14,6,25,2,0,0,2,0,0,0,6,9,0,0,4,2,44,2,21,5,9,15,2,2,13,3,0,1,0,1,12,15
-3,14,6,29,2,0,0,1,0,0,0,5,10,0,0,4,2,44,2,21,5,9,15,1,1,12,2,0,1,0,1,13,0
35,8,5,13,7,0,1,2,1,0,1,1,14,0,0,4,2,44,4,11,3,6,11,6,12,18,9,4,0,1,2,10,45
25,7,5,16,6,0,1,3,1,0,1,8,7,0,0,4,2,44,3,10,2,7,10,5,11,19,10,5,0,0,2,11,0
35,7,5,13,6,0,1,3,1,0,1,4,11,0,0,4,2,44,4,9,2,7,9,6,11,18,9,4,0,0,2,10,45
27,5,3,20,5,0,1,3,1,0,1,10,5,0,0,4,2,44,2,9,2,7,9,5,10,18,10,5,0,0,1,11,30
26,5,3,18,5,0,1,2,2,0,1,6,9,0,0,4,2,44,3,8,2,7,8,7,9,17,9,5,0,0,2,11,15
4,4,3,16,5,0,1,2,1,0,1,6,9,0,0,4,2,44,2,8,2,7,8,6,8,16,9,5,0,0,2,11,0
0,3,3,20,4,0,1,2,1,0,1,6,9,0,0,4,2,44,1,8,6,8,8,7,10,17,9,4,0,0,1,11,30
-30,3,3,18,4,0,1,2,1,0,1,5,10,0,0,4,2,44,2,7,5,7,7,6,9,16,8,4,0,0,2,11,15
71,3,3,3,4,0,0,2,1,0,1,9,6,0,0,4,2,44,1,7,5,7,7,5,10,15,8,3,0,0,2,9,30
-15,3,3,23,4,0,0,2,1,0,1,8,7,0,0,4,2,44,2,6,4,6,6,4,9,14,7,3,0,0,1,12,0
-41,3,3,22,3,0,0,2,1,0,1,7,8,0,0,4,2,44,2,6,5,6,6,3,8,13,6,3,0,0,2,11,45
6,3,3,9,3,0,0,2,1,0,1,2,13,0,0,4,2,44,2,5,5,5,5,2,7,13,6,3,0,0,2,10,15
25,2,2,5,3,0,1,2,2,0,0,8,7,0,0,4,2,44,3,3,3,3,3,3,8,12,6,2,0,0,2,9,45
-55,0,0,11,4,0,1,2,2,0,1,13,2,0,0,4,2,44,1,0,0,0,0,6,10,11,10,5,0,0,3,10,30
-43,0,0,11,3,0,1,2,2,0,1,13,2,0,0,4,2,44,1,0,0,0,0,5,9,10,9,5,0,0,3,10,30
-8,0,0,5,3,0,0,2,2,0,1,7,8,0,0,4,2,44,1,0,0,0,0,5,8,9,8,5,0,0,2,9,45
-24,0,0,3,2,0,0,2,2,0,1,2,13,0,0,4,2,44,0,0,0,0,0,4,7,8,8,5,0,0,2,9,30
-4,0,0,7,1,0,0,2,2,0,1,0,3,0,0,4,2,44,0,0,0,0,0,4,6,7,7,4,0,0,2,10,0
15,0,0,9,1,0,0,1,2,0,1,0,17,0,0,4,2,44,0,0,0,0,0,5,6,6,6,4,0,0,2,10,15
0,0,0,2,0,0,0,1,2,0,1,0,20,0,0,4,2,44,0,0,0,0,0,4,5,5,5,3,0,0,2,9,15
21,0,0,0,0,0,0,1,1,0,1,0,31,0,1,4,2,44,0,0,0,0,0,3,4,4,4,2,0,0,1,9,0
-77,0,0,13,0,0,0,1,1,0,0,0,40,0,0,4,2,44,0,0,0,0,0,2,3,3,3,1,0,0,2,10,45
43,0,0,0,0,0,0,1,0,0,0,0,41,0,1,4,2,44,0,0,0,0,0,1,2,2,2,1,0,0,1,9,0
26,0,0,7,0,0,0,0,0,0,0,0,71,0,0,4,2,44,0,0,0,0,0,1,1,1,1,1,0,0,2,10,0
-12,20,3,49,2,0,1,0,1,0,0,13,2,1,0,3,2,43,3,45,1,2,7,1,4,7,2,0,6,0,2,17,15
0,18,1,48,3,0,0,0,1,0,0,13,2,0,0,3,2,43,2,44,1,4,9,3,4,8,3,2,6,0,1,16,45
27,17,0,46,3,0,0,1,0,0,0,2,13,0,0,3,2,43,2,43,1,5,9,3,5,9,3,2,6,1,1,16,15
17,17,0,43,2,0,0,1,0,0,0,8,7,0,0,3,2,43,1,43,2,5,10,2,4,8,3,1,6,1,1,15,45
14,17,0,45,1,0,0,1,0,0,0,12,3,0,0,3,2,43,1,43,3,5,10,1,3,9,2,1,6,1,1,16,0
-34,17,0,47,3,0,1,0,1,0,0,10,5,0,0,3,2,43,3,39,1,4,10,2,4,10,3,2,5,1,1,16,30
-15,17,0,43,2,0,1,0,1,0,0,9,6,0,0,3,2,43,3,39,1,4,10,1,4,9,2,2,5,0,1,15,45
-4,17,1,40,3,0,1,0,0,0,1,9,6,0,0,3,2,43,2,37,4,6,13,4,7,13,4,2,5,1,1,15,15
-9,17,1,40,3,0,1,0,0,0,1,3,12,0,0,3,2,43,3,36,3,5,13,4,7,13,3,1,5,2,1,15,15
-31,17,1,38,3,0,0,0,1,0,1,40,5,0,0,3,2,43,3,35,2,6,12,4,6,12,3,0,5,2,2,15,0
-28,16,1,35,4,0,0,0,1,0,0,32,13,0,0,3,2,43,1,34,2,6,12,3,5,13,5,1,5,2,2,14,45
-40,16,1,35,3,0,0,0,1,0,1,19,26,0,0,3,2,43,2,33,2,7,12,4,5,13,4,1,4,2,2,14,45
-101,16,2,42,2,0,0,0,1,0,1,15,30,0,0,3,2,43,1,33,3,8,13,3,4,14,4,1,4,1,2,15,30
-10,16,2,38,2,0,0,1,1,0,1,11,4,0,0,3,2,43,2,31,4,7,14,2,7,14,4,1,4,2,2,15,0
-46,16,3,34,2,0,0,1,1,0,0,5,10,0,0,3,2,43,2,31,5,8,14,2,6,13,3,1,3,2,3,14,30
62,15,3,28,3,0,3,2,0,0,0,7,8,0,0,3,2,43,2,26,3,5,12,5,9,17,7,4,3,2,1,13,0
-1,14,3,28,3,0,3,3,0,0,0,11,4,0,0,3,2,43,2,24,1,4,12,5,10,17,8,5,3,2,1,13,0
-4,14,3,28,3,0,2,3,0,0,0,9,6,0,0,3,2,43,2,24,1,5,12,4,9,16,7,4,2,2,1,13,0
-10,14,4,33,2,0,2,3,0,0,0,3,12,0,0,3,2,43,2,24,1,5,12,5,9,15,6,4,2,1,1,14,15
37,14,4,24,1,0,2,3,0,0,0,13,2,0,0,3,2,43,1,24,3,7,13,4,8,15,6,5,2,1,2,12,30
-12,13,3,32,2,0,2,2,0,0,0,5,10,0,0,3,2,43,1,23,2,6,13,4,7,14,6,5,2,1,1,13,30
-16,13,4,31,1,0,2,2,0,0,0,5,10,0,0,3,2,43,0,23,4,9,16,5,7,14,6,5,2,1,1,13,15
-120,13,4,35,1,0,1,2,0,0,0,5,10,0,0,3,2,43,0,23,4,9,16,4,7,13,5,4,1,1,2,14,45
24,13,4,20,1,0,0,2,0,0,2,12,3,0,0,3,2,43,2,21,4,7,14,4,9,13,4,3,1,0,2,12,0
-21,12,4,24,0,0,0,2,0,0,2,3,12,0,0,3,2,43,1,21,5,8,15,3,9,14,4,2,1,1,2,12,30
1,12,4,26,0,0,0,1,1,0,2,2,13,0,0,3,2,43,2,20,4,7,14,2,8,13,3,1,1,1,3,12,45
10,10,3,18,1,0,0,1,1,0,1,4,11,0,0,3,2,43,1,19,5,7,15,4,7,13,4,3,1,1,2,11,45
-31,9,4,20,2,0,1,1,1,0,1,12,3,0,0,3,2,43,1,16,4,8,15,6,7,13,6,3,1,1,2,12,0
-14,9,4,26,3,0,1,1,1,0,1,5,10,0,0,3,2,43,2,14,2,7,14,5,7,12,6,3,1,1,3,12,45
16,9,4,14,2,0,1,1,1,0,1,4,11,0,0,3,2,43,2,14,2,7,14,4,7,12,5,2,1,1,1,11,0
4,9,4,17,2,0,1,1,0,0,1,3,12,0,0,3,2,43,2,14,2,7,14,3,6,11,4,2,1,1,2,11,30
0,9,5,18,2,0,1,1,0,0,0,1,14,0,0,3,2,43,2,14,2,7,14,3,5,10,3,1,1,1,2,11,45
-67,9,5,22,2,0,0,1,0,0,0,6,9,0,0,3,2,43,2,14,4,7,14,2,5,12,2,0,0,1,2,12,15
29,6,3,8,3,0,0,0,1,0,0,2,13,0,0,3,2,43,1,12,5,8,12,3,6,13,4,1,0,0,2,10,15
4,5,4,12,6,0,0,0,1,0,0,11,4,0,0,3,2,43,2,8,2,7,8,4,6,14,6,2,0,0,2,10,45
-15,5,4,10,5,0,1,0,1,0,0,5,10,0,0,3,2,43,2,7,2,7,7,4,5,15,6,1,0,0,2,10,30
-2,4,4,16,4,0,1,0,1,0,0,8,7,0,0,3,2,43,0,7,4,7,7,4,6,14,7,1,0,0,1,11,15
-48,4,4,12,4,0,0,1,1,0,0,3,12,0,0,3,2,43,1,6,4,6,6,3,8,13,6,1,0,0,2,10,45
3,3,3,10,5,0,0,1,0,0,0,7,8,0,0,3,2,43,1,5,5,5,5,2,8,12,6,2,0,0,2,10,30
-32,3,3,14,5,0,0,1,1,0,0,1,14,0,0,3,2,43,3,3,3,3,3,2,8,11,5,2,0,0,1,11,0
-18,0,0,5,6,0,0,1,1,0,1,4,11,0,0,3,2,43,1,0,0,0,0,6,10,10,9,4,0,0,1,9,45
17,0,0,7,5,0,0,1,1,0,1,0,4,0,0,3,2,43,1,0,0,0,0,6,9,9,8,3,0,0,2,10,0
18,0,0,5,4,0,0,1,1,0,1,0,8,0,0,3,2,43,0,0,0,0,0,5,8,8,8,3,0,0,1,9,45
-179,0,0,22,3,0,0,1,1,0,1,0,9,0,0,3,2,43,0,0,0,0,0,4,7,7,7,3,0,0,2,12,15
-9,0,0,8,2,0,0,1,1,0,1,0,12,0,0,3,2,43,0,0,0,0,0,3,6,6,6,2,0,0,2,10,15
-20,0,0,2,2,0,0,1,1,0,0,0,21,0,0,3,2,43,0,0,0,0,0,4,5,5,5,2,0,0,1,9,15
8,0,0,4,2,0,0,0,1,0,0,0,29,0,0,3,2,43,0,0,0,0,0,4,4,4,4,2,0,0,2,9,30
9,0,0,2,1,0,0,0,1,0,0,0,42,0,0,3,2,43,0,0,0,0,0,3,3,3,3,1,0,0,1,9,15
12,0,0,0,1,0,0,0,0,0,0,0,50,0,1,3,2,43,0,0,0,0,0,2,2,2,2,1,0,0,2,9,0
5,0,0,0,0,0,0,0,0,0,0,0,52,0,1,3,2,43,0,0,0,0,0,1,1,1,1,1,0,0,2,9,0
-8,29,3,55,7,0,0,2,0,0,1,7,8,1,0,2,2,42,3,46,0,5,11,3,7,15,8,2,10,2,2,17,30
30,28,4,51,7,0,0,2,0,0,0,7,8,0,0,2,2,42,0,46,3,7,14,5,10,17,10,3,9,5,2,17,0
75,28,4,43,6,0,0,2,0,0,0,14,1,0,0,2,2,42,0,46,4,8,14,4,9,16,9,3,9,4,3,16,0
19,28,4,55,5,0,1,3,0,0,0,0,15,1,0,2,2,42,2,44,4,6,14,6,10,16,8,3,8,5,2,17,30
24,28,5,53,6,0,1,2,0,0,0,12,3,0,0,2,2,42,2,43,4,5,13,6,9,15,8,2,8,4,2,17,15
14,28,5,53,5,0,1,2,0,0,0,10,5,0,0,2,2,42,2,43,4,6,13,6,8,14,7,2,8,4,2,17,15
49,26,3,42,6,0,1,2,0,0,0,10,5,0,0,2,2,42,2,41,3,5,13,6,9,16,8,2,8,4,2,15,45
-17,26,3,45,6,0,0,3,0,0,0,4,11,0,0,2,2,42,3,40,2,5,13,6,9,15,7,2,7,4,1,16,15
-14,26,3,49,6,0,0,2,0,0,0,3,12,0,0,2,2,42,3,40,2,5,13,5,8,14,6,2,6,3,2,16,45
-35,24,1,51,5,0,1,2,0,0,0,13,2,0,0,2,2,42,2,39,1,5,12,4,7,13,7,2,6,2,2,17,0
17,24,1,39,5,0,1,1,0,0,0,12,3,0,0,2,2,42,2,39,2,5,12,3,7,12,6,2,5,3,1,15,30
1,24,1,39,5,0,1,1,0,0,0,11,4,0,0,2,2,42,2,38,2,6,13,4,7,12,6,3,4,2,1,15,30
16,24,1,49,4,0,1,1,0,0,0,9,6,0,0,2,2,42,2,38,2,6,13,3,6,11,5,3,4,1,2,16,45
27,23,1,45,3,0,2,1,0,0,0,8,7,0,0,2,2,42,1,37,3,7,14,5,6,11,6,4,4,1,1,16,15
44,23,1,35,2,0,2,1,0,0,0,8,7,0,0,2,2,42,1,37,3,7,14,4,5,10,5,4,4,1,1,14,45
-86,23,3,45,2,0,2,1,1,0,0,4,11,0,0,2,2,42,1,35,5,8,13,3,7,10,6,3,4,2,1,16,15
-24,23,4,37,3,0,1,1,1,0,0,12,3,0,0,2,2,42,2,34,4,7,12,3,6,10,5,3,3,2,1,15,0
29,23,4,38,2,0,1,1,1,0,0,12,3,0,0,2,2,42,2,34,4,7,12,2,5,10,4,3,3,1,3,15,15
-27,22,4,35,4,0,1,2,1,0,0,19,11,0,0,2,2,42,2,30,3,5,10,4,5,9,7,3,3,2,1,14,45
73,20,5,32,5,0,0,2,2,0,0,14,1,0,0,2,2,42,2,28,3,6,10,3,5,9,8,4,2,2,1,13,45
-13,20,5,39,5,0,0,1,2,0,0,13,2,0,0,2,2,42,2,28,3,6,10,2,4,8,7,3,2,1,1,15,30
-6,20,5,34,5,0,0,1,1,0,0,12,3,0,0,2,2,42,2,28,3,6,10,2,3,7,6,2,2,1,2,14,30
-89,18,3,48,5,0,0,3,1,0,0,12,3,0,0,2,2,42,2,25,3,4,11,2,5,10,8,1,1,2,2,16,30
-8,17,2,33,4,0,0,3,1,0,0,3,12,0,0,2,2,42,1,24,3,5,12,2,4,9,8,1,1,1,1,14,15
18,15,2,31,5,0,1,3,1,0,0,11,4,0,0,2,2,42,1,22,1,4,12,3,5,10,10,2,1,1,1,13,30
54,15,2,30,4,0,1,3,1,0,0,1,14,0,0,2,2,42,1,22,2,5,13,2,4,12,9,1,1,1,1,13,15
-6,15,2,28,4,0,0,3,1,0,0,12,3,0,0,2,2,42,1,22,3,6,15,1,4,11,8,1,0,1,1,13,0
34,15,5,28,7,0,0,3,0,0,0,10,20,0,0,2,2,42,2,19,3,8,16,3,5,15,9,2,0,0,1,13,0
-23,13,4,24,7,0,0,3,0,0,0,12,3,0,0,2,2,42,1,18,4,8,16,4,6,21,10,2,0,0,2,12,30
62,13,5,26,8,0,0,3,0,0,0,0,15,0,0,2,2,42,3,16,4,8,16,3,8,23,9,1,0,0,2,12,45
22,12,5,18,8,0,0,3,0,0,0,3,12,0,0,2,2,42,1,15,4,8,15,4,9,27,11,2,0,0,2,11,30
-154,12,6,43,8,0,0,3,0,0,0,0,15,0,0,2,2,42,2,14,4,8,14,3,8,26,10,2,0,0,3,16,0
14,10,5,24,9,0,1,3,0,0,0,9,6,0,0,2,2,42,2,11,4,8,11,6,10,25,12,3,0,0,2,12,30
95,10,6,20,8,0,1,3,0,0,0,6,9,0,0,2,2,42,2,11,4,9,11,5,11,24,11,3,0,0,2,11,45
49,9,6,22,9,0,1,2,0,0,0,11,4,0,0,2,2,42,2,10,5,8,10,6,15,23,11,4,0,0,2,12,15
16,9,6,26,9,0,1,1,0,0,0,8,7,0,0,2,2,42,2,10,5,9,10,5,15,22,10,4,0,0,2,12,45
18,9,8,12,10,0,0,1,0,0,0,3,12,0,0,2,2,42,2,9,5,9,9,5,15,21,10,3,0,0,2,10,45
27,8,7,16,10,0,0,1,0,0,1,11,4,0,0,2,2,42,3,7,4,7,7,5,15,20,10,3,0,0,2,11,15
19,7,7,14,9,0,0,1,0,0,1,4,11,0,0,2,2,42,2,7,5,7,7,6,19,19,10,3,0,0,2,11,0
30,6,6,10,8,0,0,2,0,0,1,14,1,0,0,2,2,42,2,6,4,6,6,10,18,18,10,3,0,0,2,10,30
-3,6,6,16,8,0,0,3,0,0,1,5,10,0,0,2,2,42,2,4,4,4,4,10,17,17,11,4,0,0,2,11,15
-4,5,5,18,8,0,0,3,0,0,1,12,3,0,0,2,2,42,2,3,3,3,3,11,16,16,11,4,0,0,2,11,30
-3,5,5,22,8,0,0,2,0,0,1,9,6,0,0,2,2,42,2,3,3,3,3,10,15,15,10,4,0,0,2,12,15
-16,4,4,20,7,0,0,2,0,0,1,7,8,0,0,2,2,42,1,3,3,3,3,13,14,14,10,5,0,0,2,11,45
-33,4,4,12,8,0,0,2,0,0,0,2,13,0,0,2,2,42,2,2,2,2,2,13,13,13,9,5,0,0,2,10,45
53,3,3,0,7,0,0,2,0,0,0,1,14,0,1,2,2,42,1,2,2,2,2,12,12,12,9,5,0,0,2,9,0
17,3,3,4,7,0,0,1,0,0,0,1,14,0,0,2,2,42,1,2,2,2,2,11,11,11,8,4,0,0,2,9,30
-7,3,3,8,7,0,0,0,0,0,0,1,14,0,0,2,2,42,1,2,2,2,2,10,10,10,7,4,0,0,2,10,15
-24,3,3,14,6,0,0,0,0,0,0,0,15,0,0,2,2,42,1,2,2,2,2,9,9,9,6,3,0,0,2,11,0
32,3,3,7,6,0,0,0,0,0,0,9,6,0,0,2,2,42,2,1,1,1,1,8,8,8,5,3,0,0,2,10,0
30,1,1,5,5,0,1,0,0,0,0,4,11,0,0,2,2,42,1,0,0,0,0,7,7,7,6,5,0,0,1,9,45
11,1,1,8,4,0,1,0,0,0,0,2,13,0,0,2,2,42,1,0,0,0,0,6,6,6,5,4,0,0,2,10,15
13,1,1,10,3,0,1,0,0,0,0,8,7,0,0,2,2,42,1,0,0,0,0,5,5,5,4,4,0,0,2,10,30
23,1,1,2,2,0,1,0,0,0,0,8,7,0,0,2,2,42,1,0,0,0,0,4,4,4,3,3,0,0,1,9,15
37,1,1,0,1,0,1,0,0,0,0,7,8,0,1,2,2,42,1,0,0,0,0,3,3,3,2,2,0,0,2,9,0
14,1,1,5,0,0,1,0,0,0,0,7,8,0,0,2,2,42,1,0,0,0,0,2,2,2,1,1,0,0,1,9,45
7,0,0,2,0,0,0,0,0,0,0,6,9,0,0,2,2,42,0,0,0,0,0,1,1,1,1,0,0,0,1,9,15
17,29,2,41,1,0,1,1,0,0,0,9,6,1,0,6,2,39,1,38,2,5,11,2,4,9,3,2,0,0,2,17,0
-12,28,2,39,3,0,0,1,0,0,0,11,4,0,0,6,2,39,0,36,3,5,12,3,6,10,5,3,0,0,1,16,15
0,27,1,37,3,0,0,1,0,0,0,2,13,0,0,6,2,39,0,35,3,6,11,2,6,9,5,2,0,0,1,16,0
19,27,1,40,2,0,0,1,0,0,1,6,9,0,0,6,2,39,0,34,3,6,10,3,6,9,5,3,0,0,1,16,45
35,27,3,32,2,0,0,2,0,0,1,14,1,0,0,6,2,39,1,32,4,6,10,5,7,9,5,2,0,0,1,15,0
-8,27,3,35,2,0,0,2,0,0,0,14,1,0,0,6,2,39,1,32,4,6,10,4,6,8,4,2,0,0,1,15,30
16,26,3,37,3,0,0,1,0,0,0,6,9,0,0,6,2,39,1,31,3,6,10,3,5,7,4,1,0,0,1,16,0
-2,26,5,36,2,0,2,1,0,0,0,62,13,0,0,6,2,39,1,29,2,5,10,3,4,7,5,2,0,0,2,15,45
-8,26,5,34,1,0,2,2,0,0,0,61,14,0,0,6,2,39,2,28,2,4,9,3,3,6,4,2,0,0,1,15,15
-12,24,4,30,1,0,1,3,0,0,0,32,43,0,0,6,2,39,1,27,3,5,10,2,4,6,5,3,0,0,2,14,45
-15,24,4,32,0,0,1,3,0,0,0,32,43,0,0,6,2,39,1,27,3,5,10,1,3,5,4,2,0,0,1,15,0
12,21,5,30,2,0,1,3,0,0,0,9,6,0,0,6,2,39,1,24,3,5,10,2,3,9,6,3,0,0,2,14,45
48,20,5,29,3,0,1,2,0,0,0,14,1,0,0,6,2,39,1,23,3,5,11,1,2,8,6,4,0,0,2,13,30
37,17,5,27,4,0,2,2,0,0,1,4,11,0,0,6,2,39,2,19,2,4,11,2,7,11,8,6,0,0,1,13,0
78,15,5,25,4,0,2,3,0,0,1,10,5,0,0,6,2,39,2,17,1,5,11,4,6,13,9,5,0,0,1,12,30
50,14,6,28,4,0,2,2,0,0,1,0,15,0,0,6,2,39,1,17,2,5,12,5,5,14,9,6,0,0,1,13,15
69,14,6,26,4,0,2,1,0,0,1,10,5,0,0,6,2,39,1,17,3,6,12,4,4,13,8,6,0,0,1,12,45
73,13,6,18,4,0,1,1,1,0,1,2,13,0,0,6,2,39,1,16,4,6,11,3,4,13,8,5,0,0,2,11,30
34,12,6,24,4,0,1,1,1,0,0,10,5,0,0,6,2,39,0,16,4,8,12,2,5,14,8,5,0,0,1,12,15
79,12,7,22,4,0,1,1,1,0,0,4,11,0,0,6,2,39,1,15,3,7,11,1,5,13,7,4,0,0,1,12,0
43,8,6,20,6,0,1,1,1,0,1,10,5,0,0,6,2,39,1,11,4,6,11,6,9,18,10,6,0,0,2,11,45
37,6,4,16,6,0,1,1,1,0,1,1,14,0,0,6,2,39,0,10,4,5,10,6,9,18,11,6,0,0,2,11,15
17,6,4,22,5,0,2,1,1,0,1,11,4,0,0,6,2,39,1,9,3,4,9,5,9,17,10,6,0,0,1,12,0
41,5,4,14,5,0,3,1,0,0,1,5,10,0,0,6,2,39,1,8,2,4,8,5,9,17,10,6,0,0,2,11,0
99,5,4,16,4,0,3,1,0,0,1,1,14,0,0,6,2,39,1,8,3,4,8,5,9,16,9,5,0,0,2,11,15
35,5,4,12,4,0,3,2,0,0,0,11,4,0,0,6,2,39,2,7,2,4,7,4,8,16,8,4,0,0,2,10,45
30,3,2,14,4,0,2,2,0,0,1,1,14,0,0,6,2,39,1,6,1,3,6,4,8,15,9,6,0,0,2,11,0
39,3,2,10,3,0,2,2,0,0,1,9,6,0,0,6,2,39,1,6,2,4,6,5,7,15,8,5,0,0,2,10,30
23,3,3,10,3,0,2,2,0,0,1,1,14,0,0,6,2,39,1,5,1,4,5,5,6,14,8,5,0,0,2,10,30
69,2,2,4,3,0,1,2,0,0,1,6,9,0,0,6,2,39,0,5,2,5,5,4,10,13,8,6,0,0,1,9,30
-100,2,2,20,3,0,1,2,0,0,0,14,1,0,0,6,2,39,0,5,3,5,5,4,9,12,7,6,0,0,2,11,45
2,2,2,9,3,0,1,2,0,0,0,10,5,0,0,6,2,39,1,4,2,4,4,3,8,11,6,5,0,0,2,10,15
63,1,1,7,2,0,1,2,0,0,0,2,13,0,0,6,2,39,0,4,3,4,4,2,8,10,6,4,0,0,1,10,0
30,1,1,18,2,0,2,1,0,0,0,5,10,0,0,6,2,39,1,3,3,3,3,6,8,9,5,3,0,0,2,11,30
38,0,0,0,3,0,1,1,0,0,1,0,15,0,1,6,2,39,1,1,1,1,1,6,8,8,6,4,0,0,1,9,0
-25,0,0,6,3,0,0,1,0,0,2,0,2,0,0,6,2,39,2,0,0,0,0,6,7,7,5,4,0,0,2,9,45
51,0,0,4,3,0,0,0,0,0,2,0,2,0,0,6,2,39,2,0,0,0,0,5,6,6,4,3,0,0,1,9,30
46,0,0,7,2,0,0,0,0,0,2,0,5,0,0,6,2,39,1,0,0,0,0,4,5,5,4,2,0,0,1,10,0
-108,0,0,12,2,0,0,0,0,0,1,0,6,0,0,6,2,39,1,0,0,0,0,3,4,4,3,2,0,0,2,10,45
41,0,0,3,1,0,0,0,0,0,1,0,24,0,0,6,2,39,1,0,0,0,0,3,3,3,2,2,0,0,2,9,15
6,0,0,0,0,0,0,0,0,0,1,0,31,0,1,6,2,39,1,0,0,0,0,2,2,2,1,1,0,0,1,9,0
-40,0,0,0,0,0,0,0,0,0,0,0,45,0,1,6,2,39,0,0,0,0,0,1,1,1,1,1,0,0,1,9,0
59,28,4,53,6,0,2,5,0,0,0,12,3,0,0,5,2,38,2,41,3,6,11,5,10,21,12,9,5,2,1,17,45
69,28,4,49,6,0,2,4,0,0,0,5,10,0,0,5,2,38,2,41,4,7,12,4,11,22,11,9,5,1,2,17,15
-12,28,5,47,6,0,1,4,0,0,1,10,5,0,0,5,2,38,3,40,4,7,12,5,11,21,10,8,5,1,2,17,0
-23,27,4,51,6,0,1,4,0,0,1,0,15,0,0,5,2,38,1,39,4,8,11,7,10,21,12,9,5,1,1,17,30
52,27,4,49,6,0,1,4,0,0,1,14,1,0,0,5,2,38,2,38,3,7,11,6,10,20,11,8,5,1,2,17,15
90,25,4,41,5,0,1,4,1,0,1,13,2,0,0,5,2,38,1,37,4,7,12,8,11,20,12,10,5,1,2,16,15
50,25,4,47,4,0,1,4,1,0,2,12,3,0,0,5,2,38,2,36,3,6,11,7,10,19,11,10,5,1,2,17,0
57,25,4,39,3,0,1,4,1,0,3,5,10,0,0,5,2,38,3,35,3,5,10,6,10,18,10,9,5,1,2,16,0
-102,24,3,54,3,0,1,4,1,0,2,3,12,1,0,5,2,38,2,35,4,5,10,5,11,17,10,8,4,1,3,18,0
0,24,3,51,3,0,1,3,1,0,2,2,13,0,0,5,2,38,2,35,4,5,10,4,10,16,9,7,4,0,1,17,30
48,24,3,41,3,0,1,2,1,0,2,7,8,0,0,5,2,38,1,35,4,6,12,4,12,16,9,7,4,0,2,16,15
31,24,3,45,3,0,1,1,1,0,2,7,8,0,0,5,2,38,0,35,4,6,12,3,11,15,9,6,4,0,2,16,45
3,24,3,39,2,0,2,1,1,0,3,0,15,0,0,5,2,38,2,33,3,5,10,4,11,14,8,5,4,1,2,16,0
-13,23,2,36,3,0,1,1,1,0,4,14,1,0,0,5,2,38,2,31,1,3,10,8,11,15,9,5,4,2,2,15,30
-20,22,1,45,2,0,1,1,1,0,4,5,10,0,0,5,2,38,1,31,2,6,11,9,10,14,9,5,4,2,2,16,45
-8,22,1,37,3,0,1,1,1,0,3,1,14,0,0,5,2,38,2,30,1,5,11,8,10,13,8,4,4,2,2,15,45
-48,21,0,43,3,0,1,1,1,0,2,10,5,0,0,5,2,38,1,30,2,5,11,7,9,13,8,4,4,2,2,16,30
18,21,1,37,2,0,1,1,1,0,2,4,11,0,0,5,2,38,0,30,2,5,13,7,8,12,8,3,4,2,2,15,45
16,21,1,43,2,0,1,0,1,0,2,3,12,0,0,5,2,38,0,30,2,5,13,6,7,11,7,2,4,2,2,16,30
80,21,1,32,2,0,0,0,1,0,2,2,13,0,0,5,2,38,0,30,2,5,13,5,6,10,6,1,4,2,2,15,0
33,21,1,34,2,0,0,0,0,0,2,0,15,0,0,5,2,38,0,30,2,5,13,4,5,9,5,1,4,2,1,15,15
-24,21,1,34,1,0,0,0,0,0,2,9,6,0,0,5,2,38,0,30,4,6,13,3,5,8,4,1,4,2,1,15,15
72,21,1,26,2,0,0,0,0,0,1,6,9,0,0,5,2,38,1,29,3,6,12,2,4,7,3,1,3,2,2,14,15
29,21,3,28,2,0,0,0,0,0,1,6,9,0,0,5,2,38,2,28,3,6,13,2,5,6,2,1,2,2,2,14,30
37,21,5,28,3,0,1,0,0,0,1,50,10,0,0,5,2,38,3,25,2,5,13,2,4,7,3,1,2,1,2,14,30
-6,20,7,26,3,0,1,0,0,0,0,29,31,0,0,5,2,38,1,25,4,8,17,3,4,7,4,0,2,1,2,14,15
54,18,6,23,5,0,0,0,0,0,0,15,45,0,0,5,2,38,1,23,4,6,16,2,3,8,5,2,1,1,1,13,0
-50,18,6,32,4,0,0,0,0,0,0,14,46,0,0,5,2,38,1,23,4,7,16,1,2,7,4,2,1,0,2,15,0
19,14,4,23,7,0,0,0,0,0,0,11,4,0,0,5,2,38,1,19,4,9,17,1,3,13,7,4,1,0,1,13,0
31,12,6,17,8,0,1,3,0,0,0,13,2,0,0,5,2,38,3,13,5,8,13,3,8,20,10,7,1,1,2,12,15
-59,12,7,30,8,0,1,3,0,0,0,9,6,0,0,5,2,38,3,12,5,8,12,2,8,21,10,7,1,1,2,14,45
34,8,6,19,10,0,1,3,0,0,0,5,10,0,0,5,2,38,2,9,4,7,9,4,12,21,13,9,1,1,2,12,30
78,7,6,17,9,0,1,3,0,0,2,8,7,0,0,5,2,38,2,7,3,6,7,6,12,20,14,9,1,1,2,12,15
18,7,6,25,8,0,1,3,0,0,2,6,9,0,0,5,2,38,2,7,4,6,7,5,11,20,13,8,1,1,2,13,15
38,6,6,19,8,0,1,3,0,0,2,9,6,0,0,5,2,38,1,6,4,6,6,7,12,20,14,7,1,1,2,12,30
-5,6,6,13,9,0,1,3,0,0,1,4,11,0,0,5,2,38,2,5,3,5,5,8,13,19,13,6,1,1,2,11,45
-27,6,6,21,9,0,0,3,0,0,1,3,12,0,0,5,2,38,2,5,3,5,5,7,12,18,12,6,0,1,2,12,45
101,5,5,10,8,0,0,3,0,0,1,11,4,0,0,5,2,38,1,5,4,5,5,6,12,17,12,5,0,0,1,11,15
2,4,4,15,9,0,0,3,0,0,1,3,12,0,0,5,2,38,2,3,3,3,3,7,13,17,12,4,0,0,2,12,0
-33,3,3,21,9,0,0,3,0,0,1,12,3,0,0,5,2,38,2,2,2,2,2,7,12,16,12,3,0,0,2,12,45
-132,3,3,30,8,0,0,3,0,0,1,12,3,0,0,5,2,38,2,2,2,2,2,6,11,15,11,3,0,0,2,14,45
36,2,2,10,7,0,0,3,0,0,1,6,9,0,0,5,2,38,1,2,2,2,2,6,11,14,11,2,0,0,1,11,15
21,2,2,12,6,0,0,3,0,0,1,5,10,0,0,5,2,38,1,2,2,2,2,6,10,13,10,2,0,0,2,11,30
43,1,1,8,6,0,0,3,0,0,1,10,5,0,0,5,2,38,0,1,1,1,1,6,9,12,11,2,0,0,2,11,0
33,1,1,15,7,0,0,2,0,0,1,3,12,0,0,5,2,38,1,0,0,0,0,7,9,11,10,2,0,0,2,12,0
-17,1,1,13,7,0,0,1,0,0,1,2,13,0,0,5,2,38,1,0,0,0,0,6,8,10,9,1,0,0,2,11,45
63,0,0,8,7,0,0,0,0,0,1,6,9,0,0,5,2,38,0,0,0,0,0,6,8,9,9,2,0,0,2,11,0
26,0,0,4,6,0,0,0,0,0,1,5,10,0,0,5,2,38,0,0,0,0,0,5,7,8,8,1,0,0,2,10,30
45,0,0,3,5,0,0,0,0,0,1,2,13,0,0,5,2,38,0,0,0,0,0,4,6,7,7,1,0,0,2,10,15
42,0,0,4,4,0,0,0,0,0,1,10,5,0,0,5,2,38,0,0,0,0,0,3,5,6,6,1,0,0,2,10,30
69,0,0,1,3,0,0,0,0,0,1,9,6,0,0,5,2,38,0,0,0,0,0,2,4,5,5,1,0,0,1,10,0
45,0,0,6,3,0,0,0,0,0,0,10,5,0,0,5,2,38,0,0,0,0,0,3,4,4,4,1,0,0,2,10,45
-4,0,0,6,2,0,0,0,0,0,0,0,8,0,0,5,2,38,0,0,0,0,0,3,3,3,3,1,0,0,2,10,45
62,0,0,0,1,0,0,0,0,0,0,0,16,0,1,5,2,38,0,0,0,0,0,2,2,2,2,1,0,0,2,9,45
30,0,0,1,0,0,0,0,0,0,0,0,37,0,0,5,2,38,0,0,0,0,0,1,1,1,1,1,0,0,1,10,0
73,39,5,45,2,0,1,3,0,0,0,13,2,0,0,4,2,37,1,52,2,8,15,1,4,11,6,2,4,0,2,16,15
50,37,7,53,4,0,1,3,0,0,0,8,7,0,0,4,2,37,1,48,6,10,16,4,8,18,8,2,4,0,2,17,15
37,35,7,57,6,0,2,3,0,0,0,3,12,0,0,4,2,37,2,45,4,8,15,6,9,18,10,3,4,0,1,17,45
38,34,7,55,6,0,2,2,0,0,0,1,14,0,0,4,2,37,1,45,4,8,15,5,8,18,10,3,4,0,1,17,30
-7,34,7,51,7,0,1,2,0,0,0,12,3,0,0,4,2,37,2,44,5,7,14,5,8,17,9,2,4,0,2,17,0
-25,34,7,55,6,0,1,2,0,0,1,8,7,0,0,4,2,37,3,43,5,7,13,4,7,16,8,1,4,0,1,17,30
14,34,8,47,6,0,0,3,0,0,1,2,13,0,0,4,2,37,3,42,4,7,13,4,7,15,8,2,4,0,2,16,30
5,32,6,53,5,0,0,3,0,0,1,11,4,0,0,4,2,37,1,42,4,7,13,4,8,15,9,3,4,0,2,17,15
41,31,6,51,5,0,0,2,0,0,2,1,14,0,0,4,2,37,1,41,4,8,12,3,10,14,9,3,4,0,2,17,0
44,29,5,49,5,0,1,3,0,0,2,3,12,0,0,4,2,37,2,38,2,5,9,3,10,15,10,2,4,0,2,16,45
18,29,5,45,4,0,1,3,0,0,2,14,1,0,0,4,2,37,2,38,3,5,9,4,10,15,9,2,4,0,2,16,15
62,27,3,40,4,0,1,3,0,0,2,12,3,0,0,4,2,37,1,37,4,7,9,7,10,14,10,2,4,0,2,15,30
31,26,4,47,3,0,1,5,0,0,2,3,12,0,0,4,2,37,2,35,2,6,9,7,9,15,10,3,4,0,2,16,30
46,26,4,38,3,0,1,5,0,0,1,1,14,0,0,4,2,37,2,35,2,6,9,6,9,14,9,3,4,1,2,15,15
28,26,4,42,3,0,1,5,0,0,0,13,2,0,0,4,2,37,2,35,2,6,9,6,8,13,8,3,4,1,1,15,45
8,25,3,38,3,0,1,5,0,0,0,6,9,0,0,4,2,37,1,34,4,5,8,5,7,12,9,3,4,1,2,15,15
-24,25,3,49,4,0,1,4,0,0,0,4,11,0,0,4,2,37,2,33,3,4,7,4,6,11,8,2,4,1,2,16,45
26,25,3,42,3,0,1,4,0,0,0,4,11,0,0,4,2,37,2,33,3,4,8,3,5,11,7,1,4,1,1,15,45
41,25,3,35,3,0,1,3,0,0,0,10,5,0,0,4,2,37,2,33,3,4,10,3,4,11,6,1,4,1,2,15,0
21,24,3,40,2,0,1,3,0,0,0,14,1,0,0,4,2,37,1,33,4,4,11,3,6,10,6,2,4,2,2,15,30
32,24,3,35,4,0,0,3,1,0,0,2,13,0,0,4,2,37,3,30,1,2,10,2,5,11,6,3,4,2,2,15,0
8,22,1,35,4,0,0,3,1,0,0,2,13,0,0,4,2,37,2,29,0,3,9,3,6,12,7,5,3,2,2,15,0
74,22,3,33,4,0,0,2,1,0,0,25,20,0,0,4,2,37,1,29,1,6,13,3,7,12,7,5,3,1,3,14,45
11,21,3,31,3,0,0,2,1,0,0,19,26,0,0,4,2,37,0,29,3,6,13,3,6,11,7,5,2,1,1,14,15
-213,21,3,58,2,0,0,2,1,0,0,15,30,1,0,4,2,37,0,29,3,7,13,3,5,10,6,4,2,0,1,18,15
22,21,5,32,2,0,0,2,1,0,0,8,7,0,0,4,2,37,1,28,5,8,13,4,7,11,5,3,2,1,2,14,30
-37,21,5,33,3,0,0,2,1,0,0,4,11,0,0,4,2,37,3,26,4,6,12,3,7,11,4,2,2,1,3,14,45
21,20,5,25,3,0,0,1,1,0,0,4,11,0,0,4,2,37,1,26,6,8,12,4,6,12,5,2,2,1,2,12,45
20,19,5,30,3,0,1,2,1,0,0,12,3,0,0,4,2,37,3,23,3,6,11,3,6,12,5,2,2,1,1,13,30
78,18,6,27,3,0,1,2,1,0,0,8,7,0,0,4,2,37,3,22,3,7,13,4,5,14,5,2,2,1,1,13,0
-4,17,5,29,2,0,1,2,1,0,0,6,9,0,0,4,2,37,2,22,4,7,13,3,5,14,5,2,2,1,1,13,15
1,16,4,27,1,0,2,3,1,0,0,10,5,0,0,4,2,37,2,20,4,5,12,3,5,13,6,3,1,1,1,13,0
20,16,4,23,1,0,1,3,1,0,0,8,7,0,0,4,2,37,2,20,4,5,13,2,4,12,5,3,1,0,2,12,30
-53,15,6,44,3,0,1,2,1,0,0,3,12,0,0,4,2,37,3,18,3,4,13,3,6,13,5,4,1,0,2,16,0
10,12,5,22,4,0,2,3,0,0,0,8,7,0,0,4,2,37,3,15,1,6,12,4,9,16,7,3,1,0,2,12,15
-19,12,5,25,4,0,1,3,0,0,0,4,11,0,0,4,2,37,3,15,1,6,14,4,9,15,6,2,1,0,2,12,45
7,12,7,21,4,0,1,2,0,0,0,6,9,0,0,4,2,37,3,15,4,8,14,6,8,15,5,2,1,0,1,12,0
9,11,7,19,4,0,1,2,0,0,0,10,5,0,0,4,2,37,3,14,5,8,13,6,9,15,5,2,1,0,1,11,45
32,9,6,16,3,0,1,2,0,0,0,4,11,0,0,4,2,37,1,14,5,9,13,6,8,15,6,3,1,0,1,11,15
6,9,6,23,4,0,1,1,0,0,0,1,14,0,0,4,2,37,2,13,4,8,12,5,7,14,5,3,1,0,2,12,30
8,8,6,14,3,0,2,1,0,0,0,9,6,0,0,4,2,37,2,12,4,7,11,4,6,13,5,3,1,0,2,11,0
6,8,6,16,4,0,1,1,0,0,0,7,8,0,0,4,2,37,2,11,4,7,10,3,5,12,5,2,1,0,1,11,15
14,8,7,19,5,0,1,1,0,0,0,1,14,0,0,4,2,37,4,9,2,5,9,2,6,13,4,1,1,0,1,11,45
-36,7,6,18,4,0,1,1,0,0,0,6,9,0,0,4,2,37,3,9,4,6,9,3,7,12,4,2,1,1,2,11,30
31,5,5,9,5,0,0,1,0,0,1,1,14,0,0,4,2,37,2,7,3,6,7,4,8,14,6,3,1,1,1,10,15
6,4,4,14,6,0,0,0,0,0,1,12,3,0,0,4,2,37,2,6,3,5,6,5,7,13,6,2,1,1,2,11,0
14,2,2,8,7,0,0,0,0,0,1,4,11,0,0,4,2,37,2,4,3,4,4,5,8,12,7,3,1,1,2,10,0
48,1,1,6,6,0,0,0,0,0,1,1,14,0,0,4,2,37,0,4,3,4,4,5,8,11,8,4,1,1,1,9,45
19,1,1,9,5,0,0,0,0,0,1,0,15,0,0,4,2,37,0,4,3,4,4,4,7,11,7,4,1,1,1,10,15
12,1,1,12,5,0,0,0,0,0,1,13,2,0,0,4,2,37,1,3,2,3,3,3,6,10,6,4,0,1,2,10,45
42,0,0,2,5,0,0,0,1,0,1,14,1,0,0,4,2,37,2,1,0,1,1,3,6,9,6,4,0,0,2,9,15
-10,0,0,11,4,0,0,0,1,0,1,2,13,0,0,4,2,37,1,1,1,1,1,3,7,8,6,5,0,0,2,10,30
21,0,0,6,3,0,0,0,1,0,1,10,5,0,0,4,2,37,0,1,1,1,1,3,6,7,6,5,0,0,1,9,45
-58,0,0,12,3,0,1,0,1,0,0,0,11,0,0,4,2,37,1,0,0,0,0,5,5,6,5,4,0,0,2,10,45
31,0,0,0,2,0,1,0,1,0,0,0,13,0,1,4,2,37,1,0,0,0,0,4,4,5,4,3,0,0,2,9,0
-1,0,0,2,1,0,1,0,1,0,0,0,30,0,0,4,2,37,0,0,0,0,0,3,4,4,4,2,0,0,2,9,15
17,0,0,4,0,0,1,0,1,0,0,0,33,0,0,4,2,37,0,0,0,0,0,2,3,3,3,1,0,0,2,9,30
-11,0,0,4,0,0,1,0,0,0,0,0,36,0,0,4,2,37,0,0,0,0,0,1,2,2,2,1,0,0,2,9,30
-19,0,0,0,0,0,0,0,0,0,0,0,74,0,1,4,2,37,0,0,0,0,0,1,1,1,1,0,0,0,2,9,0
-14,23,4,51,3,0,1,2,0,0,0,3,12,1,0,3,2,36,2,46,3,7,13,4,5,12,5,1,8,2,2,17,30
25,23,5,50,2,0,1,2,0,0,0,14,1,0,0,3,2,36,2,46,4,8,13,3,4,11,4,0,8,1,2,17,15
4,22,5,46,3,0,0,2,0,0,0,0,15,0,0,3,2,36,2,45,5,7,13,2,5,11,4,0,7,2,1,16,45
-33,21,4,51,4,0,0,2,0,0,0,12,3,1,0,3,2,36,3,43,3,7,11,1,5,12,4,1,7,1,2,17,30
28,19,4,43,3,0,1,3,0,0,1,9,6,0,0,3,2,36,3,40,4,7,11,4,8,13,6,1,7,3,1,16,15
-37,18,3,46,4,0,1,4,0,0,0,7,8,0,0,3,2,36,3,38,3,5,10,6,8,13,7,3,7,4,1,16,45
44,18,3,40,3,0,1,4,0,0,0,3,12,0,0,3,2,36,2,38,3,6,10,5,7,12,7,4,6,4,1,15,45
1,17,2,43,3,0,1,3,0,0,2,14,1,0,0,3,2,36,3,36,2,4,8,5,7,11,7,4,6,3,1,16,15
-6,17,2,49,4,0,1,2,0,0,2,3,12,0,0,3,2,36,4,35,2,4,8,4,8,13,6,4,6,4,1,17,0
30,17,2,37,4,0,0,2,0,0,2,0,15,0,0,3,2,36,4,35,2,5,9,3,7,13,5,4,5,4,2,15,15
17,17,2,40,3,0,0,2,0,0,2,14,1,0,0,3,2,36,4,35,2,5,9,2,6,12,4,3,4,3,1,15,45
-57,15,0,45,2,0,0,2,0,0,2,2,13,0,0,3,2,36,1,35,3,6,9,2,6,11,6,6,4,3,3,16,30
-12,15,0,42,4,0,0,1,0,0,2,11,4,0,0,3,2,36,3,33,3,4,9,4,6,13,5,5,3,3,2,16,0
28,15,2,33,5,0,0,1,0,0,1,0,15,0,0,3,2,36,3,32,3,4,8,4,5,12,5,4,3,2,2,14,45
-93,15,2,46,5,0,0,1,0,0,0,13,2,0,0,3,2,36,3,32,3,4,8,3,4,12,4,3,2,2,1,16,45
20,15,2,33,4,0,0,1,0,0,0,8,7,0,0,3,2,36,2,32,3,4,8,2,5,11,4,2,2,1,2,14,45
0,15,2,38,7,0,0,0,0,0,0,38,7,0,0,3,2,36,3,29,0,3,8,2,6,10,5,1,1,1,2,15,30
-11,15,4,31,6,0,0,0,0,0,0,21,24,0,0,3,2,36,2,29,1,5,11,3,8,9,5,1,1,0,1,14,15
-43,13,2,35,6,0,0,0,0,0,0,13,2,0,0,3,2,36,1,28,2,4,12,5,8,14,6,0,1,0,1,15,0
-57,13,2,38,5,0,0,0,0,0,0,10,5,0,0,3,2,36,1,28,3,4,13,4,7,13,5,0,1,0,2,15,30
45,13,2,26,5,0,0,0,0,0,0,3,12,0,0,3,2,36,2,27,3,5,12,5,6,12,4,0,1,0,1,12,45
-47,13,2,35,4,0,0,0,0,0,0,3,12,0,0,3,2,36,2,27,3,5,12,4,5,11,3,0,1,0,1,15,0
-2,12,2,32,3,0,0,1,0,0,0,14,1,0,0,3,2,36,1,26,2,8,13,4,4,12,4,0,1,0,2,14,30
10,11,1,30,3,0,1,1,0,0,0,7,8,0,0,3,2,36,2,24,1,6,11,3,3,12,4,1,1,0,1,13,30
-1,11,1,29,2,0,1,1,0,0,0,7,8,0,0,3,2,36,2,24,1,6,11,2,2,11,3,1,1,0,1,13,15
-17,11,3,28,2,0,0,1,0,0,0,14,1,0,0,3,2,36,0,24,6,8,14,1,7,12,4,2,1,0,1,13,0
56,9,5,21,3,0,3,2,1,0,0,3,12,0,0,3,2,36,2,17,2,5,12,6,9,15,8,5,1,1,2,12,0
34,9,5,24,2,0,3,2,1,0,0,1,14,0,0,3,2,36,2,17,2,5,13,6,8,14,7,4,1,1,2,12,30
-12,9,5,24,1,0,3,2,1,0,0,14,1,0,0,3,2,36,2,17,2,6,13,5,7,13,6,4,1,1,2,12,30
-18,9,5,22,1,0,2,2,1,0,0,8,7,0,0,3,2,36,2,17,3,6,13,4,6,12,5,4,1,1,2,12,15
-12,8,4,22,1,0,1,2,1,0,0,6,9,0,0,3,2,36,1,17,3,7,13,3,5,11,5,3,1,1,2,12,15
6,8,4,20,1,0,0,2,1,0,0,4,11,0,0,3,2,36,1,17,4,7,14,2,4,10,4,2,1,1,1,11,45
-12,7,3,26,2,0,0,2,1,0,0,2,13,0,0,3,2,36,2,15,3,6,14,3,7,10,4,3,1,1,1,12,45
6,5,2,18,3,0,0,3,0,0,0,0,15,0,0,3,2,36,2,13,3,6,12,3,7,13,5,2,1,1,1,11,30
33,5,3,18,3,0,0,2,0,0,0,10,5,0,0,3,2,36,2,13,4,7,12,4,6,13,4,2,0,1,1,11,30
36,4,3,10,2,0,1,3,1,0,0,2,13,0,0,3,2,36,2,10,3,7,10,5,7,15,6,1,0,0,2,10,15
16,4,3,14,1,0,1,3,1,0,0,0,15,0,0,3,2,36,2,10,3,8,10,4,6,14,5,1,0,0,2,11,0
9,4,3,16,1,0,1,2,1,0,0,14,1,0,0,3,2,36,2,10,4,8,10,3,5,13,4,1,0,0,2,11,15
37,4,3,11,1,0,1,2,1,0,0,9,6,0,0,3,2,36,3,9,3,7,9,2,4,12,3,0,0,0,1,10,30
-4,3,3,13,2,0,1,2,1,0,0,5,10,0,0,3,2,36,2,7,4,6,7,2,6,13,5,1,0,0,2,10,45
-40,2,2,16,3,0,1,2,0,0,0,9,6,0,0,3,2,36,2,6,5,6,6,2,7,12,5,1,0,0,2,11,15
9,1,1,8,4,0,1,2,0,0,1,3,12,0,0,3,2,36,2,3,2,3,3,4,9,12,7,2,0,0,1,10,0
19,0,0,2,4,0,2,2,0,0,1,0,15,0,0,3,2,36,1,1,1,1,1,6,10,11,9,3,0,0,2,9,15
-39,0,0,14,4,0,1,2,0,0,1,12,3,0,0,3,2,36,1,1,1,1,1,5,9,10,8,2,0,0,2,11,0
-11,0,0,8,3,0,1,2,0,0,1,9,6,0,0,3,2,36,1,1,1,1,1,6,8,9,7,2,0,0,1,10,0
-15,0,0,11,3,0,1,1,0,0,1,3,12,0,0,3,2,36,0,1,1,1,1,5,7,8,7,2,0,0,1,10,30
-15,0,0,6,3,0,1,1,0,0,0,0,2,0,0,3,2,36,0,1,1,1,1,4,6,7,6,2,0,0,2,9,45
6,0,0,2,3,0,1,1,0,0,0,0,10,0,0,3,2,36,1,0,0,0,0,5,5,6,5,2,0,0,2,9,15
-2,0,0,6,3,0,1,0,0,0,0,0,19,0,0,3,2,36,1,0,0,0,0,4,5,5,4,1,0,0,2,9,45
58,0,0,0,2,0,1,0,0,0,0,0,19,0,1,3,2,36,1,0,0,0,0,3,4,4,3,1,0,0,2,9,0
-21,0,0,0,2,0,0,0,0,0,0,0,37,0,1,3,2,36,0,0,0,0,0,2,3,3,3,1,0,0,2,9,0
-14,0,0,4,1,0,0,0,0,0,0,0,40,0,0,3,2,36,0,0,0,0,0,1,2,2,2,1,0,0,2,9,30
-26,0,0,4,0,0,0,0,0,0,0,0,73,0,0,3,2,36,0,0,0,0,0,1,1,1,1,0,0,0,2,9,30
49,40,5,58,8,0,1,3,1,0,1,3,12,1,0,2,2,35,4,45,4,6,11,5,10,16,11,6,6,2,2,17,30
46,39,4,57,7,0,1,4,1,0,1,6,9,0,0,2,2,35,3,44,4,6,11,5,10,18,12,6,6,3,2,17,15
6,39,4,58,7,0,1,4,1,0,1,13,2,1,0,2,2,35,4,43,4,6,12,4,9,18,11,5,6,3,2,17,30
41,39,5,55,7,0,2,3,1,0,1,13,2,0,0,2,2,35,5,42,3,5,11,3,9,17,10,5,6,3,1,17,0
43,38,4,51,7,0,2,3,0,0,1,8,7,0,0,2,2,35,4,42,3,5,11,4,8,16,10,5,5,3,2,16,30
12,37,3,53,9,0,2,3,0,0,0,9,6,0,0,2,2,35,4,40,2,4,11,6,8,18,11,4,5,2,2,16,45
58,36,3,53,9,0,2,3,0,0,0,13,2,0,0,2,2,35,4,39,2,4,10,6,9,17,11,4,4,2,2,16,45
60,35,2,49,9,0,1,3,0,0,0,8,7,0,0,2,2,35,3,39,2,5,11,5,9,17,11,3,4,1,2,16,15
32,35,2,55,8,0,1,3,0,0,0,6,9,0,0,2,2,35,3,39,3,5,11,5,8,17,10,3,4,1,1,17,0
1,35,2,47,8,0,0,3,0,0,0,5,10,0,0,2,2,35,3,39,3,5,11,4,7,16,9,3,4,1,2,16,0
57,35,2,47,7,0,0,3,0,0,0,11,4,0,0,2,2,35,3,39,3,6,12,3,8,15,8,3,3,2,2,16,0
9,34,3,43,7,0,0,4,0,0,0,13,2,0,0,2,2,35,4,37,2,6,12,4,9,15,8,3,3,1,2,15,30
-6,34,3,51,6,0,0,4,0,0,0,8,7,0,0,2,2,35,3,37,3,6,13,4,8,14,8,4,3,1,2,16,30
56,34,5,41,6,0,0,4,1,0,0,7,8,0,0,2,2,35,3,35,2,6,12,6,10,13,9,6,3,1,2,15,15
-41,33,4,45,6,0,0,3,1,0,0,0,15,0,0,2,2,35,2,35,4,6,13,5,9,13,9,6,3,1,2,15,45
50,33,4,39,5,0,0,3,1,0,0,11,4,0,0,2,2,35,2,35,4,6,13,5,8,12,8,5,3,1,2,15,0
51,33,6,45,6,0,0,2,1,0,0,3,12,0,0,2,2,35,2,34,3,7,16,5,9,12,8,6,3,1,2,15,45
52,33,6,43,7,0,0,1,1,0,0,1,14,0,0,2,2,35,3,33,2,6,15,4,8,11,7,5,2,1,2,15,30
-10,33,6,49,7,0,0,0,1,0,0,10,5,0,0,2,2,35,3,33,3,6,15,5,7,10,6,4,2,0,2,16,15
16,31,6,36,8,0,0,0,1,0,0,44,1,0,0,2,2,35,3,31,2,6,14,4,7,10,7,6,2,1,2,14,30
-6,31,7,41,7,0,0,0,1,0,0,35,10,0,0,2,2,35,2,31,3,8,16,5,6,10,7,6,2,1,2,15,15
-7,31,8,39,7,0,0,0,0,0,0,29,16,0,0,2,2,35,2,31,4,8,16,4,5,9,6,5,2,1,2,15,0
28,31,8,37,6,0,0,0,0,0,0,28,17,0,0,2,2,35,2,31,4,8,16,3,4,8,5,4,2,1,2,14,45
48,28,6,33,6,0,0,1,0,0,0,9,36,0,0,2,2,35,1,29,5,8,15,3,4,8,7,6,2,1,1,13,30
-7,28,7,37,6,0,0,1,0,0,0,7,38,0,0,2,2,35,2,28,4,9,14,2,3,9,6,5,2,1,2,14,45
95,26,7,27,7,0,0,1,0,0,0,6,9,0,0,2,2,35,2,26,3,8,14,1,3,11,7,6,1,1,2,12,45
-9,22,6,35,8,0,0,2,0,0,0,2,13,0,0,2,2,35,1,23,6,9,15,3,4,14,10,8,1,0,1,14,15
5,20,5,30,11,0,0,2,1,0,0,3,12,0,0,2,2,35,4,18,3,5,12,3,7,14,11,8,1,0,1,13,0
6,18,4,33,12,0,0,1,1,0,0,5,10,0,0,2,2,35,3,17,3,5,12,2,9,14,12,7,1,0,1,13,30
83,18,5,25,11,0,0,1,1,0,0,14,1,0,0,2,2,35,3,17,3,6,13,2,8,14,11,6,1,0,3,12,30
21,16,7,30,12,0,0,2,1,0,0,1,14,0,0,2,2,35,2,14,3,6,12,7,10,16,14,9,1,0,1,13,0
42,16,8,32,11,0,0,2,1,0,0,9,6,0,0,2,2,35,2,14,3,8,13,7,9,15,13,8,1,0,2,13,15
85,16,8,23,10,0,0,2,1,0,0,7,8,0,0,2,2,35,2,14,3,8,13,6,8,14,12,7,1,0,2,12,15
81,16,8,14,10,0,0,2,0,0,0,5,10,0,0,2,2,35,2,14,5,8,13,5,8,13,11,6,1,0,2,11,0
99,15,8,20,9,0,0,4,0,0,0,1,14,0,0,2,2,35,3,12,3,6,11,4,7,13,11,6,1,0,2,11,45
39,15,8,21,9,0,0,3,0,0,0,0,15,0,0,2,2,35,3,12,3,7,11,3,6,13,10,5,1,0,2,12,0
6,14,8,25,8,0,0,3,0,0,0,6,9,0,0,2,2,35,2,12,4,7,12,3,6,14,10,5,1,0,3,12,30
37,13,8,23,8,0,0,3,0,0,0,13,2,0,0,2,2,35,2,11,4,7,11,3,6,15,10,6,1,0,2,12,15
40,10,7,18,10,0,0,3,0,0,0,8,7,0,0,2,2,35,2,8,3,6,8,4,8,15,12,6,1,0,1,11,30
23,9,6,27,9,0,0,3,0,0,0,2,13,0,0,2,2,35,1,8,3,6,8,4,7,15,12,7,1,0,2,12,45
41,8,6,18,9,0,0,3,1,0,0,6,9,0,0,2,2,35,2,6,3,5,6,4,6,15,12,7,1,0,1,11,30
-9,6,5,21,9,0,0,3,1,0,0,11,4,0,0,2,2,35,1,5,3,4,5,4,8,17,13,6,1,0,2,12,0
67,6,5,16,8,0,0,3,1,0,0,5,10,0,0,2,2,35,1,5,3,5,5,4,9,16,12,5,1,1,2,11,15
29,5,5,10,8,0,0,3,1,0,1,6,9,0,0,2,2,35,2,3,2,3,3,3,9,16,12,6,1,1,2,10,30
-56,5,5,27,7,0,0,3,1,0,1,0,15,0,0,2,2,35,2,3,2,3,3,4,8,16,11,6,1,1,2,12,45
35,4,4,14,7,0,1,2,1,0,1,11,4,0,0,2,2,35,2,2,1,2,2,4,7,15,11,5,1,1,2,11,0
6,2,2,16,7,0,1,2,1,0,1,2,13,0,0,2,2,35,1,1,1,1,1,6,10,14,12,5,1,1,2,11,15
41,2,2,7,6,0,1,2,1,0,1,1,14,0,0,2,2,35,1,1,1,1,1,5,10,13,11,4,1,1,1,10,0
36,1,1,10,5,0,1,2,1,0,1,15,15,0,0,2,2,35,0,1,1,1,1,4,9,12,11,4,1,1,2,10,30
24,1,1,12,5,0,1,1,1,0,1,10,5,0,0,2,2,35,0,1,1,1,1,3,9,11,10,4,0,1,2,10,45
36,1,1,9,5,0,1,1,1,0,1,5,10,0,0,2,2,35,1,0,0,0,0,4,8,10,9,4,0,0,2,10,15
33,1,1,12,5,0,1,0,1,0,1,3,12,0,0,2,2,35,1,0,0,0,0,3,7,9,8,3,0,0,2,10,45
16,0,0,2,4,0,1,0,1,0,1,0,6,0,0,2,2,35,0,0,0,0,0,6,8,8,8,3,0,0,1,9,15
41,0,0,5,3,0,1,0,1,0,1,0,8,0,0,2,2,35,0,0,0,0,0,5,7,7,7,2,0,0,2,9,45
32,0,0,7,3,0,1,0,0,0,1,0,24,0,0,2,2,35,0,0,0,0,0,5,6,6,6,2,0,0,1,10,0
29,0,0,5,2,0,1,0,0,0,1,0,26,0,0,2,2,35,0,0,0,0,0,4,5,5,5,2,0,0,2,9,45
37,0,0,0,2,0,0,0,0,0,1,0,29,0,1,2,2,35,0,0,0,0,0,4,4,4,4,1,0,0,2,9,0
28,0,0,4,1,0,0,0,0,0,1,0,31,0,0,2,2,35,0,0,0,0,0,3,3,3,3,1,0,0,2,9,30
17,0,0,0,0,0,0,0,0,0,1,0,45,0,1,2,2,35,0,0,0,0,0,2,2,2,2,1,0,0,2,9,0
38,0,0,2,0,0,0,0,0,0,0,0,56,0,0,2,2,35,0,0,0,0,0,1,1,1,1,0,0,0,1,9,15
38,31,5,47,1,0,1,3,0,0,0,4,11,0,0,6,2,32,2,49,5,9,15,3,5,13,4,2,4,1,2,16,30
10,31,5,52,1,0,0,3,0,0,0,3,12,0,0,6,2,32,2,49,5,9,15,2,4,12,3,1,4,1,2,17,15
-9,31,5,53,3,0,0,2,0,0,0,14,1,1,0,6,2,32,2,47,5,8,14,2,8,13,4,0,3,1,2,17,30
10,29,5,45,3,0,1,3,0,0,0,10,5,0,0,6,2,32,2,44,4,8,11,4,8,15,6,2,3,1,1,16,15
2,29,6,45,4,0,0,4,0,0,0,14,1,0,0,6,2,32,3,42,3,8,10,6,8,16,6,1,3,1,1,16,15
27,26,4,40,4,0,0,4,1,0,0,12,3,0,0,6,2,32,2,40,4,7,9,6,8,16,8,2,3,1,2,15,30
-83,26,4,53,3,0,0,4,1,0,0,11,4,1,0,6,2,32,2,40,4,7,9,5,7,15,7,1,3,1,2,17,30
7,26,5,48,3,0,0,3,1,0,0,8,7,0,0,6,2,32,2,40,5,7,9,4,6,14,6,1,3,1,2,16,45
-37,26,5,50,2,0,0,3,1,0,0,6,9,0,0,6,2,32,2,40,6,7,9,4,6,13,5,1,3,1,1,17,0
39,26,5,38,2,0,0,3,1,0,0,1,14,0,0,6,2,32,2,39,5,6,8,3,6,13,5,2,3,1,2,15,15
-16,26,5,50,3,0,0,2,2,0,0,8,7,0,0,6,2,32,3,37,3,4,6,2,7,12,5,2,2,2,1,17,0
-9,24,3,48,4,0,0,2,2,0,0,7,8,0,0,6,2,32,2,35,2,2,6,2,8,11,7,4,2,1,2,16,45
5,23,2,38,3,0,0,2,3,0,0,6,9,0,0,6,2,32,2,34,1,2,8,6,8,11,7,4,2,1,2,15,15
-14,21,1,42,4,0,0,2,2,0,0,6,9,0,0,6,2,32,1,33,0,2,9,6,8,11,8,4,2,1,1,15,45
-12,21,1,42,4,0,0,1,2,0,0,3,12,0,0,6,2,32,1,33,1,2,10,5,8,10,7,4,2,1,1,15,45
22,21,1,40,4,0,0,0,2,0,0,12,3,0,0,6,2,32,1,33,1,2,10,5,7,11,6,3,2,1,2,15,30
-52,21,1,44,3,0,0,0,2,0,0,10,5,0,0,6,2,32,0,33,1,2,10,4,6,10,6,3,1,1,2,16,0
4,21,1,34,2,0,0,0,2,0,0,6,9,0,0,6,2,32,0,33,1,2,11,3,5,9,5,3,1,0,2,14,45
120,21,1,31,2,0,0,0,1,0,0,55,5,0,0,6,2,32,0,33,2,4,12,3,4,9,4,3,1,0,1,13,15
-35,21,3,36,2,0,0,0,1,0,0,46,14,0,0,6,2,32,1,32,1,4,13,3,4,8,3,2,1,0,2,15,0
8,21,4,33,2,0,0,0,0,0,0,28,32,0,0,6,2,32,1,32,3,7,15,2,4,9,2,1,1,0,2,14,30
18,20,4,34,2,0,0,0,0,0,0,19,41,0,0,6,2,32,1,31,2,7,15,2,3,8,2,1,1,0,2,14,45
42,20,6,29,3,0,0,0,0,0,0,6,9,0,0,6,2,32,2,29,5,10,16,2,5,11,2,2,1,0,1,13,0
-48,17,3,32,5,0,0,0,0,0,1,0,15,0,0,6,2,32,2,25,4,8,15,4,6,14,5,4,1,0,1,14,15
47,16,3,22,4,0,0,2,0,0,1,2,13,0,0,6,2,32,3,23,4,7,15,3,7,15,5,3,1,0,3,12,15
34,16,3,25,3,0,0,2,0,0,1,1,14,0,0,6,2,32,3,23,4,7,15,2,6,14,4,2,1,0,1,12,30
29,15,3,25,2,0,0,4,0,0,1,4,11,0,0,6,2,32,3,21,2,7,14,2,5,14,5,2,1,0,1,12,30
45,14,5,19,3,0,0,4,1,0,0,6,9,0,0,6,2,32,1,19,5,8,15,4,9,15,8,5,1,1,2,11,45
13,14,5,20,5,0,0,3,1,0,0,1,14,0,0,6,2,32,2,17,3,7,14,3,9,14,8,5,1,1,3,12,0
-11,13,4,29,4,0,0,3,2,0,0,4,11,0,0,6,2,32,1,16,4,7,15,4,10,14,9,6,1,1,1,13,0
102,13,4,14,3,0,0,3,2,0,0,3,12,0,0,6,2,32,1,16,4,8,15,4,9,13,8,5,1,1,1,11,0
-7,12,7,25,5,0,0,3,2,0,0,14,1,0,0,6,2,32,3,13,3,7,12,6,9,12,8,6,1,1,1,12,30
6,12,7,17,4,0,0,3,2,0,0,12,3,0,0,6,2,32,3,13,3,7,12,5,9,11,7,5,1,1,1,11,30
-13,10,5,22,4,0,0,3,2,0,0,3,12,0,0,6,2,32,2,12,3,7,12,6,8,12,8,6,1,1,3,12,15
-193,9,5,36,4,0,0,3,1,0,0,0,15,0,0,6,2,32,1,12,4,8,12,5,8,12,8,5,0,1,2,15,0
-30,9,5,28,4,0,0,2,1,0,0,11,4,0,0,6,2,32,1,12,5,8,12,4,7,11,7,5,0,0,2,12,45
-13,9,5,22,5,0,0,1,1,0,0,5,10,0,0,6,2,32,2,11,4,7,11,4,6,11,6,4,0,0,3,12,15
12,9,7,14,5,0,0,2,1,0,0,9,6,0,0,6,2,32,2,9,3,7,9,4,6,12,7,4,0,0,1,11,0
84,9,7,7,5,0,0,2,0,0,0,8,7,0,0,6,2,32,2,9,3,7,9,3,5,11,6,3,0,0,2,10,0
15,7,6,13,5,0,0,2,1,0,0,5,10,0,0,6,2,32,2,7,3,6,7,3,4,13,7,4,0,0,2,10,45
-20,5,4,20,4,0,0,3,1,0,0,13,2,0,0,6,2,32,1,6,3,5,6,3,3,12,8,5,0,0,3,12,0
-41,4,4,17,4,0,0,4,1,0,0,1,14,0,0,6,2,32,2,4,3,4,4,2,4,13,8,6,0,0,1,11,30
2,2,2,11,5,0,0,3,1,0,0,0,15,0,0,6,2,32,1,3,2,3,3,1,6,13,9,6,0,0,1,10,30
-28,0,0,16,6,0,0,3,1,0,0,10,5,0,0,6,2,32,0,1,1,1,1,5,9,12,11,8,0,0,2,11,15
15,0,0,7,5,0,0,3,2,0,0,6,9,0,0,6,2,32,1,0,0,0,0,5,8,11,10,8,0,0,2,10,0
0,0,0,9,5,0,0,3,1,0,0,1,14,0,0,6,2,32,1,0,0,0,0,6,9,10,9,8,0,0,2,10,15
18,0,0,2,4,0,0,3,1,0,0,0,6,0,0,6,2,32,1,0,0,0,0,6,9,9,8,7,0,0,2,9,15
13,0,0,9,3,0,0,3,1,0,0,0,13,0,0,6,2,32,0,0,0,0,0,5,8,8,8,6,0,0,2,10,15
33,0,0,11,3,0,0,2,1,0,0,0,20,0,0,6,2,32,0,0,0,0,0,4,7,7,7,5,0,0,1,10,30
18,0,0,3,2,0,0,2,1,0,0,0,24,0,0,6,2,32,0,0,0,0,0,3,6,6,6,4,0,0,2,9,30
17,0,0,5,2,0,0,1,1,0,0,0,26,0,0,6,2,32,0,0,0,0,0,3,5,5,5,3,0,0,2,9,45
15,0,0,3,2,0,0,0,1,0,0,0,35,0,0,6,2,32,0,0,0,0,0,4,4,4,4,2,0,0,2,9,30
-17,0,0,5,1,0,0,0,1,0,0,0,55,0,0,6,2,32,0,0,0,0,0,3,3,3,3,2,0,0,2,9,45
-9,0,0,0,1,0,0,0,0,0,0,0,57,0,1,6,2,32,0,0,0,0,0,2,2,2,2,1,0,0,1,9,0
11,0,0,0,0,0,0,0,0,0,0,0,64,0,1,6,2,32,0,0,0,0,0,1,1,1,1,1,0,0,1,9,0
-12,33,3,54,0,0,4,1,0,0,0,6,9,1,0,5,1,31,0,49,3,8,12,2,5,10,6,4,9,2,2,17,45
12,33,3,52,1,0,3,1,1,0,0,4,11,0,0,5,1,31,2,47,2,6,10,1,4,9,5,3,9,1,1,17,30
-12,33,6,52,2,0,2,2,1,0,0,3,12,0,0,5,1,31,3,45,4,7,12,3,5,14,5,4,8,2,1,17,30
13,32,7,51,2,0,1,4,1,0,0,3,12,0,0,5,1,31,3,43,4,6,12,3,5,15,6,6,8,1,2,17,15
40,30,6,46,2,0,0,4,1,0,0,0,15,0,0,5,1,31,1,43,4,6,12,2,6,14,7,5,8,2,2,16,30
-1,30,6,50,3,0,0,4,1,0,0,14,1,0,0,5,1,31,2,41,4,4,12,2,5,14,7,5,7,2,1,17,0
29,28,4,48,4,0,0,3,2,0,0,10,5,0,0,5,1,31,2,39,2,5,11,4,10,13,8,5,7,3,1,16,45
13,26,4,44,6,0,0,3,1,0,0,6,9,0,0,5,1,31,2,37,1,5,9,4,10,15,9,6,7,3,2,16,15
40,25,3,36,5,0,0,3,1,0,0,2,13,0,0,5,1,31,1,37,2,6,10,6,10,14,9,5,6,3,3,15,15
16,24,2,43,4,0,0,3,1,0,0,0,15,0,0,5,1,31,0,37,2,6,10,6,9,13,9,6,6,2,2,16,0
3,24,3,38,4,0,0,3,0,0,0,11,4,0,0,5,1,31,0,37,5,8,14,7,9,15,8,6,5,3,2,15,30
12,24,3,41,3,0,0,4,0,0,0,5,10,0,0,5,1,31,1,36,5,7,14,6,8,14,7,5,5,2,1,15,45
18,24,3,36,3,0,0,4,0,0,0,3,12,0,0,5,1,31,2,35,4,6,13,6,7,14,6,4,4,2,3,15,15
-1,24,3,46,3,0,0,3,0,0,0,3,12,0,0,5,1,31,2,35,4,6,13,5,6,13,5,3,4,1,2,16,30
-35,24,3,48,3,0,0,2,0,0,0,1,14,0,0,5,1,31,2,35,4,6,13,4,5,12,4,2,4,1,1,16,45
30,24,4,41,3,0,0,1,0,0,0,12,3,0,0,5,1,31,2,35,4,7,13,3,4,12,3,1,4,1,1,15,45
16,23,3,35,3,0,1,1,1,0,0,14,1,0,0,5,1,31,2,32,3,4,11,3,6,12,5,2,4,1,2,15,0
-6,22,2,33,3,0,1,1,1,0,0,5,10,0,0,5,1,31,2,31,2,4,11,2,5,11,5,2,4,1,1,14,45
1,21,1,32,3,0,0,2,1,0,0,37,8,0,0,5,1,31,2,30,2,4,11,1,5,12,5,3,3,2,2,14,30
-54,20,3,38,4,0,0,2,1,0,0,6,39,0,0,5,1,31,1,28,2,6,15,4,8,14,7,3,3,3,2,15,30
128,20,3,20,3,0,0,2,1,0,0,4,41,0,0,5,1,31,1,28,2,6,15,3,7,13,6,3,3,3,2,12,15
200,20,3,18,2,0,0,2,1,0,0,4,41,0,0,5,1,31,1,28,2,6,15,2,6,12,5,2,3,3,3,12,0
-79,20,3,33,1,0,0,2,2,0,0,0,15,0,0,5,1,31,1,27,5,7,15,4,7,11,5,3,2,3,1,14,45
40,19,2,30,1,0,0,3,1,0,0,2,13,0,0,5,1,31,1,26,4,8,16,5,8,11,5,3,2,2,1,13,30
-84,19,2,38,1,0,0,2,1,0,0,2,13,0,0,5,1,31,1,26,4,8,16,4,7,11,4,2,1,2,2,15,30
28,18,2,29,1,0,2,3,1,0,0,5,10,0,0,5,1,31,4,22,2,6,13,3,6,12,4,2,1,1,1,13,15
-31,17,2,31,1,0,2,2,1,0,0,14,1,0,0,5,1,31,3,22,2,9,13,3,7,11,4,3,0,1,1,14,15
10,17,5,25,1,0,1,2,1,0,0,3,12,0,0,5,1,31,1,22,4,9,16,4,6,11,5,3,0,0,2,12,45
-18,17,6,27,3,0,0,2,1,0,0,3,12,0,0,5,1,31,3,20,6,8,15,3,5,12,4,3,0,0,1,13,0
-25,17,7,27,2,0,0,3,1,0,0,8,7,0,0,5,1,31,3,19,6,8,15,4,4,11,4,3,0,0,1,13,0
19,17,7,25,2,0,0,3,0,0,0,5,10,0,0,5,1,31,3,19,6,8,16,3,4,10,3,3,0,0,2,12,45
-18,15,8,23,3,0,2,4,0,0,0,2,13,0,0,5,1,31,4,14,2,5,13,2,6,11,6,5,0,0,2,12,30
2,15,8,18,2,0,2,4,0,0,0,0,15,0,0,5,1,31,4,14,2,5,13,1,5,10,5,4,0,0,3,12,0
-255,10,7,44,2,0,3,4,1,0,0,7,8,0,0,5,1,31,2,11,5,7,11,5,7,15,9,6,0,0,2,16,15
32,9,6,20,3,0,3,3,1,0,0,2,13,0,0,5,1,31,2,10,4,7,10,4,6,15,9,6,0,0,2,12,15
26,9,6,15,3,0,2,3,1,0,0,12,3,0,0,5,1,31,2,9,5,8,10,3,5,14,8,5,0,0,1,11,15
65,9,6,12,4,0,1,3,1,0,0,8,7,0,0,5,1,31,3,9,4,7,9,2,6,14,7,5,0,0,1,10,30
3,6,4,17,6,0,1,2,1,0,0,10,5,0,0,5,1,31,2,7,2,6,7,3,6,14,9,5,0,0,2,11,45
-31,5,4,23,8,0,1,1,1,0,0,7,8,0,0,5,1,31,3,5,3,4,5,4,9,15,9,5,0,0,2,12,30
22,5,4,15,7,0,1,1,1,0,0,5,10,0,0,5,1,31,3,5,4,4,5,3,8,14,8,4,0,0,1,11,15
20,3,3,14,9,0,1,1,1,0,0,9,6,0,0,5,1,31,2,2,1,2,2,7,9,15,11,5,0,0,2,11,0
25,3,3,13,9,0,0,1,1,0,0,8,7,0,0,5,1,31,2,2,1,2,2,6,9,14,10,5,0,0,1,10,45
-14,2,2,10,8,0,0,1,2,0,0,11,4,0,0,5,1,31,2,1,0,1,1,6,9,13,10,4,0,0,1,10,15
41,1,1,8,7,0,0,1,2,0,0,5,10,0,0,5,1,31,1,1,1,1,1,5,8,12,10,4,0,0,2,10,0
-135,1,1,20,6,0,0,1,2,0,0,1,14,0,0,5,1,31,1,1,1,1,1,5,7,11,9,4,0,0,2,12,15
65,1,1,4,5,0,0,1,2,0,0,14,1,0,0,5,1,31,1,1,1,1,1,4,6,10,8,4,0,0,2,9,30
35,1,1,10,4,0,0,1,2,0,0,10,5,0,0,5,1,31,1,1,1,1,1,3,5,9,7,3,0,0,1,10,15
79,1,1,6,4,0,0,0,2,0,0,5,10,0,0,5,1,31,0,1,1,1,1,3,7,8,7,4,0,0,2,9,45
53,1,1,8,4,0,1,0,1,0,0,3,12,0,0,5,1,31,1,0,0,0,0,3,7,7,6,4,0,0,2,10,0
27,0,0,6,3,0,1,0,1,0,0,0,7,0,0,5,1,31,0,0,0,0,0,3,6,6,6,3,0,0,2,9,45
-6,0,0,4,3,0,1,0,0,0,0,0,12,0,0,5,1,31,0,0,0,0,0,4,5,5,5,2,0,0,2,9,30
35,0,0,2,2,0,1,0,0,0,0,0,36,0,0,5,1,31,0,0,0,0,0,4,4,4,4,1,0,0,2,9,15
0,0,0,0,2,0,0,0,0,0,0,0,37,0,1,5,1,31,0,0,0,0,0,3,3,3,3,1,0,0,2,9,0
62,0,0,2,1,0,0,0,0,0,0,0,40,0,0,5,1,31,0,0,0,0,0,2,2,2,2,1,0,0,2,9,15
38,0,0,0,0,0,0,0,0,0,0,0,43,0,1,5,1,31,0,0,0,0,0,1,1,1,1,0,0,0,2,9,0
44,41,6,52,0,0,0,1,0,0,0,36,0,1,0,4,1,30,1,52,3,6,11,1,1,3,1,1,8,0,2,17,30
38,34,3,51,3,0,0,3,0,0,1,7,8,0,0,4,1,30,1,45,3,5,12,2,4,12,7,2,8,3,2,17,15
35,34,4,48,3,0,1,3,0,0,1,11,4,0,0,4,1,30,3,43,2,3,10,1,5,12,6,2,7,4,1,17,0
34,32,4,42,5,0,0,3,0,0,1,4,11,0,0,4,1,30,2,41,3,7,12,6,8,15,8,3,6,5,2,16,0
21,31,4,48,5,0,0,3,0,0,1,7,8,0,0,4,1,30,1,40,3,7,12,6,9,14,9,4,5,4,1,17,0
32,31,4,48,5,0,0,2,0,0,1,3,12,0,0,4,1,30,1,40,6,7,13,6,8,13,8,4,4,3,1,17,0
25,30,3,46,4,0,0,2,0,0,1,12,3,0,0,4,1,30,0,40,6,7,14,5,8,13,8,3,4,2,3,16,45
38,30,3,43,3,0,0,2,0,0,1,11,4,0,0,4,1,30,0,40,6,7,14,4,7,12,7,2,4,2,1,16,15
23,30,3,52,4,0,0,2,0,0,1,9,6,1,0,4,1,30,2,38,4,5,12,3,6,11,6,2,3,2,2,17,30
-17,30,4,45,5,0,0,2,0,0,0,9,6,0,0,4,1,30,2,37,4,5,12,4,7,12,6,3,2,1,2,16,30
18,29,3,43,7,0,0,1,0,0,0,5,10,0,0,4,1,30,2,35,2,3,10,3,6,11,7,4,2,0,1,16,15
27,27,1,39,7,0,1,1,0,0,0,12,3,0,0,4,1,30,1,33,1,5,12,5,7,11,9,4,2,0,1,15,30
-42,27,1,46,6,0,1,1,0,0,0,11,4,0,0,4,1,30,1,33,1,5,12,4,6,10,8,4,2,0,3,16,45
-18,27,2,41,5,0,1,1,0,0,0,2,13,0,0,4,1,30,1,33,1,6,13,4,5,10,7,3,2,0,1,15,45
29,27,3,37,4,0,1,1,0,0,0,4,11,0,0,4,1,30,1,33,4,7,14,4,6,11,6,2,2,1,2,15,15
-9,27,4,39,3,0,1,1,0,0,0,0,15,0,0,4,1,30,1,33,4,7,14,3,6,10,5,2,2,1,1,15,30
-2,26,3,36,3,0,1,1,0,0,0,5,10,0,0,4,1,30,0,32,5,7,15,2,5,10,6,4,2,1,2,15,0
29,26,5,34,3,0,2,2,0,0,0,34,11,0,0,4,1,30,2,29,3,7,13,3,5,10,6,4,2,2,1,14,45
60,24,6,30,4,0,2,3,0,0,0,13,32,0,0,4,1,30,2,26,2,6,13,4,6,13,8,3,1,2,1,13,30
-53,24,7,37,4,0,1,3,0,0,0,5,40,0,0,4,1,30,2,26,4,6,14,3,6,13,7,2,1,1,2,15,15
142,23,6,27,4,0,1,2,0,0,0,1,44,0,0,4,1,30,1,26,5,7,14,2,5,12,7,2,1,1,1,13,0
18,22,6,34,4,0,1,2,0,0,0,2,13,0,0,4,1,30,1,25,5,8,14,2,5,11,7,2,0,1,1,14,45
-22,18,5,32,5,0,2,4,0,0,0,3,12,0,0,4,1,30,2,20,3,6,12,4,9,14,10,3,0,0,1,14,15
84,18,5,23,5,0,1,4,0,0,0,13,2,0,0,4,1,30,2,20,3,7,12,3,8,14,9,3,0,0,2,12,30
9,18,6,25,5,0,1,3,0,0,0,11,4,0,0,4,1,30,2,20,3,7,12,2,7,13,8,3,0,0,2,12,45
15,16,4,30,5,0,1,4,0,0,0,8,7,0,0,4,1,30,1,18,4,7,12,5,7,13,10,4,0,0,1,13,30
34,15,5,23,5,0,1,4,0,0,0,10,5,0,0,4,1,30,1,17,5,7,13,5,6,13,10,5,0,0,2,12,30
49,15,5,21,6,0,0,4,0,0,0,4,11,0,0,4,1,30,2,16,4,6,13,5,6,13,9,5,0,0,2,12,15
58,14,6,21,5,0,0,5,0,0,0,14,1,0,0,4,1,30,2,15,3,7,12,4,6,13,9,5,0,0,2,12,15
38,13,5,19,4,0,0,5,0,0,0,14,1,0,0,4,1,30,1,15,3,7,12,3,5,12,9,6,0,0,2,12,0
-50,13,5,29,4,0,0,5,0,0,0,6,9,0,0,4,1,30,2,14,3,6,12,2,5,11,8,5,0,0,2,13,15
33,12,4,25,6,0,0,4,0,0,0,8,7,0,0,4,1,30,2,12,2,4,11,1,6,11,9,5,0,0,2,12,45
40,10,5,17,7,0,0,4,0,0,0,6,9,0,0,4,1,30,2,10,2,7,10,5,8,14,10,6,0,0,1,11,30
32,9,4,27,7,0,0,4,0,0,0,2,13,0,0,4,1,30,2,9,1,6,9,4,7,13,10,5,0,0,1,13,0
-23,8,3,33,6,0,0,5,0,0,0,12,3,0,0,4,1,30,2,8,1,6,8,4,7,13,10,4,0,0,2,14,30
-12,8,5,19,6,0,0,4,0,0,0,5,10,0,0,4,1,30,2,8,2,6,8,3,7,14,9,4,0,0,2,12,0
45,8,5,18,6,0,0,3,0,0,0,2,13,0,0,4,1,30,2,8,2,6,8,2,6,13,8,3,0,0,2,11,45
47,6,4,16,6,0,0,3,0,0,0,13,2,0,0,4,1,30,1,7,4,7,7,4,5,16,9,4,0,0,1,11,15
59,6,6,14,5,0,1,3,0,0,0,2,13,0,0,4,1,30,2,6,5,6,6,4,6,15,8,4,0,0,1,11,0
34,5,5,11,6,0,1,3,0,0,1,8,7,0,0,4,1,30,3,3,2,3,3,3,7,15,9,4,0,0,1,10,30
0,5,5,14,5,0,1,3,0,0,1,0,15,0,0,4,1,30,3,3,3,3,3,2,7,14,8,4,0,0,1,11,0
-17,3,3,11,5,0,1,3,0,0,1,6,9,0,0,4,1,30,2,2,2,2,2,3,8,13,9,4,0,0,1,10,30
-15,1,1,7,6,0,0,3,0,0,2,7,8,0,0,4,1,30,1,0,0,0,0,6,11,12,11,4,0,0,2,10,0
22,1,1,9,6,0,0,2,0,0,2,7,8,0,0,4,1,30,1,0,0,0,0,5,10,11,10,4,0,0,2,10,15
15,0,0,2,6,0,0,2,0,0,1,0,15,0,0,4,1,30,0,0,0,0,0,6,9,10,10,4,0,0,2,9,15
103,0,0,7,5,0,0,2,0,0,1,11,4,0,0,4,1,30,0,0,0,0,0,5,9,9,9,3,0,0,2,10,0
28,0,0,6,5,0,0,1,0,0,1,1,14,0,0,4,1,30,0,0,0,0,0,6,8,8,8,3,0,0,2,9,45
17,0,0,9,5,0,0,0,0,0,1,0,3,0,0,4,1,30,0,0,0,0,0,6,7,7,7,3,0,0,2,10,15
138,0,0,0,4,0,0,0,0,0,1,0,9,0,1,4,1,30,0,0,0,0,0,5,6,6,6,2,0,0,2,9,0
20,0,0,0,3,0,0,0,0,0,1,0,13,0,1,4,1,30,0,0,0,0,0,4,5,5,5,1,0,0,2,9,0
12,0,0,2,3,0,0,0,0,0,0,0,19,0,0,4,1,30,0,0,0,0,0,4,4,4,4,1,0,0,2,9,15
27,0,0,4,2,0,0,0,0,0,0,0,25,0,0,4,1,30,0,0,0,0,0,3,3,3,3,1,0,0,1,9,30
29,0,0,13,1,0,0,0,0,0,0,0,30,0,0,4,1,30,0,0,0,0,0,2,2,2,2,1,0,0,2,10,45
21,0,0,4,0,0,0,0,0,0,0,0,46,0,0,4,1,30,0,0,0,0,0,1,1,1,1,0,0,0,1,9,30
38,30,4,50,3,0,0,3,0,0,0,8,7,0,0,3,1,29,1,54,6,9,16,3,6,13,6,3,7,2,2,16,30
16,29,4,59,6,0,2,2,1,0,0,0,15,1,0,3,1,29,5,48,3,6,12,4,7,15,7,3,6,2,2,17,30
18,29,4,57,5,0,2,2,1,0,0,0,15,0,0,3,1,29,5,48,3,6,12,3,6,14,6,3,6,1,2,17,15
-1,28,3,55,4,0,2,3,1,0,0,2,13,0,0,3,1,29,4,47,2,7,12,4,5,16,7,4,6,1,2,17,0
7,26,1,57,4,0,2,4,1,0,0,10,5,0,0,3,1,29,4,45,2,5,11,3,4,15,8,5,6,1,2,17,15
-13,26,2,59,4,0,2,3,1,0,0,11,4,1,0,3,1,29,4,45,3,7,11,3,7,17,7,4,6,1,2,17,30
8,26,2,53,3,0,2,3,1,0,0,2,13,0,0,3,1,29,3,45,5,8,11,2,7,16,7,3,5,1,2,16,45
9,25,1,55,3,0,2,3,2,0,0,8,7,0,0,3,1,29,3,43,4,6,9,2,6,15,8,4,5,0,2,17,0
-1,25,3,53,4,0,2,4,2,0,0,9,6,0,0,3,1,29,4,40,3,6,8,5,11,16,9,4,5,1,2,16,45
44,24,2,46,5,0,2,4,2,0,0,3,12,0,0,3,1,29,4,38,2,4,6,5,11,16,10,4,5,2,1,16,0
56,24,2,42,5,0,2,4,1,0,0,3,12,0,0,3,1,29,4,38,2,4,6,4,10,15,9,4,5,2,2,15,30
74,24,2,40,4,0,2,4,1,0,0,0,15,0,0,3,1,29,4,38,2,4,7,5,10,14,8,3,5,2,2,15,15
-27,24,2,50,4,0,2,3,1,0,0,11,4,0,0,3,1,29,4,38,2,4,8,5,10,13,7,3,5,2,2,16,30
-9,24,3,42,5,0,1,3,1,0,0,7,8,0,0,3,1,29,4,37,3,3,11,7,9,12,7,4,5,2,2,15,30
-25,24,3,46,5,0,1,2,1,0,1,1,14,0,0,3,1,29,5,36,2,2,11,6,9,13,6,3,4,2,1,16,0
14,24,3,44,4,0,1,2,1,0,1,0,15,0,0,3,1,29,5,36,2,2,11,6,8,12,5,2,4,1,3,15,45
-21,22,1,49,4,0,1,2,0,0,1,11,4,0,0,3,1,29,3,36,2,3,11,6,7,11,6,2,4,1,3,16,15
8,22,1,40,4,0,1,2,0,0,1,9,6,0,0,3,1,29,4,35,1,2,10,5,6,10,5,2,4,1,2,15,15
-1,22,1,38,3,0,1,2,0,0,1,6,9,0,0,3,1,29,4,35,1,2,11,4,5,9,4,2,4,1,2,15,0
-124,22,3,50,3,0,1,2,0,0,1,9,6,0,0,3,1,29,2,34,0,2,11,3,5,11,6,4,3,2,2,16,30
-15,22,4,44,3,0,1,1,0,0,1,1,14,0,0,3,1,29,2,34,0,3,11,3,5,11,5,3,3,1,3,15,45
-12,22,4,37,2,0,1,1,0,0,1,44,1,0,0,3,1,29,2,34,0,3,12,2,4,10,4,3,3,1,2,14,45
27,21,6,35,1,0,1,1,0,0,1,20,25,0,0,3,1,29,1,34,2,8,13,3,4,11,4,2,3,1,1,14,15
-90,20,8,46,2,0,1,1,0,0,0,4,41,0,0,3,1,29,1,33,5,10,13,2,5,11,4,2,2,1,1,16,0
13,19,8,36,1,0,1,1,0,0,1,5,10,0,0,3,1,29,1,32,6,9,14,2,6,14,4,2,2,0,1,14,30
34,15,6,34,3,0,1,3,1,0,1,7,8,0,0,3,1,29,2,26,3,5,12,5,8,14,8,4,2,0,1,13,30
50,14,5,27,3,0,1,3,1,0,0,2,13,0,0,3,1,29,1,26,3,5,13,4,7,15,8,4,2,0,2,12,30
3,12,3,31,3,0,1,3,2,0,0,6,9,0,0,3,1,29,1,23,3,4,12,5,7,15,9,5,2,1,1,13,0
85,12,3,17,4,0,1,3,1,0,0,10,5,0,0,3,1,29,1,23,2,5,13,5,9,14,9,5,2,1,1,11,15
39,12,3,24,4,0,0,3,1,0,0,9,6,0,0,3,1,29,1,23,2,5,13,4,9,13,8,5,2,1,2,12,15
18,11,2,29,4,0,0,2,1,0,0,1,14,0,0,3,1,29,0,23,2,6,14,3,8,14,8,5,2,1,2,12,45
26,11,2,31,3,0,1,2,1,0,0,9,6,0,0,3,1,29,1,22,2,6,15,2,8,14,7,4,2,1,1,13,0
20,10,2,33,3,0,1,2,1,0,0,14,1,0,0,3,1,29,1,21,3,6,15,3,7,13,7,4,2,1,1,13,15
-113,9,2,38,3,0,1,2,1,0,0,8,7,0,0,3,1,29,1,20,4,8,16,6,9,16,7,5,1,2,2,15,0
18,9,4,27,2,0,1,3,1,0,0,2,13,0,0,3,1,29,2,19,4,8,16,5,8,15,6,4,1,1,2,12,30
42,9,4,22,2,0,1,3,1,0,0,12,3,0,0,3,1,29,2,18,3,8,16,4,7,14,6,4,1,1,3,12,0
33,9,4,19,2,0,0,3,1,0,0,11,4,0,0,3,1,29,2,18,3,8,16,3,6,13,5,3,1,1,2,11,30
7,9,4,24,2,0,0,3,0,0,0,10,5,0,0,3,1,29,2,18,4,8,16,2,5,12,4,2,1,1,2,12,15
-19,9,4,29,1,0,0,3,1,0,0,1,14,0,0,3,1,29,1,17,5,8,16,3,6,11,5,2,1,1,2,12,45
10,8,4,20,1,0,0,3,1,0,2,7,8,0,0,3,1,29,2,14,5,9,14,3,7,16,6,4,0,1,2,11,45
-20,7,4,20,0,0,0,3,1,0,2,5,10,0,0,3,1,29,1,14,5,9,14,3,7,15,6,4,0,0,2,11,45
6,7,4,13,1,0,0,4,1,0,1,11,4,0,0,3,1,29,2,12,4,8,12,4,7,15,6,5,0,0,2,10,45
-45,5,4,24,3,0,0,3,2,0,1,5,10,0,0,3,1,29,3,9,4,7,9,5,7,17,7,6,0,0,2,12,15
-13,5,4,17,3,0,0,3,1,0,1,2,13,0,0,3,1,29,2,9,5,8,9,4,6,16,7,7,0,0,1,11,15
-3,5,4,13,3,0,0,3,1,0,1,14,1,0,0,3,1,29,3,8,4,7,8,4,6,16,6,6,0,0,2,10,45
1,4,4,15,4,0,0,4,1,0,1,8,7,0,0,3,1,29,2,5,3,5,5,4,10,16,9,7,0,0,2,11,0
-11,3,3,11,3,0,0,4,1,0,1,6,9,0,0,3,1,29,1,5,3,5,5,3,9,15,9,6,0,0,2,10,30
-17,3,3,11,3,0,0,4,1,0,1,14,1,0,0,3,1,29,2,4,3,4,4,3,8,14,8,5,0,0,2,10,30
34,3,3,7,3,0,0,3,1,0,1,8,7,0,0,3,1,29,2,4,4,4,4,4,9,13,7,5,0,0,2,10,0
6,1,1,5,4,0,0,3,1,0,2,0,15,0,0,3,1,29,1,1,1,1,1,6,10,12,10,6,0,0,2,9,45
5,0,0,3,4,0,0,3,1,0,2,9,6,0,0,3,1,29,1,0,0,0,0,7,10,11,10,7,0,0,2,9,30
58,0,0,2,4,0,0,3,0,0,2,9,6,0,0,3,1,29,1,0,0,0,0,6,9,10,9,7,0,0,2,9,15
21,0,0,9,3,0,0,3,0,0,2,8,7,0,0,3,1,29,1,0,0,0,0,5,8,9,8,6,0,0,2,10,15
-43,0,0,22,3,0,0,2,0,0,2,6,9,0,0,3,1,29,1,0,0,0,0,5,7,8,7,5,0,0,3,12,0
-18,0,0,9,3,0,0,1,0,0,2,0,1,0,0,3,1,29,0,0,0,0,0,5,6,7,7,5,0,0,2,10,15
-17,0,0,5,3,0,0,0,0,0,2,0,18,0,0,3,1,29,0,0,0,0,0,5,6,6,6,4,0,0,2,9,45
24,0,0,0,3,0,0,0,0,0,1,0,20,0,1,3,1,29,0,0,0,0,0,4,5,5,5,3,0,0,1,9,0
-58,0,0,15,3,0,0,0,0,0,0,0,23,0,0,3,1,29,0,0,0,0,0,3,4,4,4,2,0,0,2,11,0
12,0,0,0,2,0,0,0,0,0,0,0,27,0,1,3,1,29,0,0,0,0,0,2,3,3,3,2,0,0,1,9,0
-41,0,0,7,1,0,0,0,0,0,0,0,46,0,0,3,1,29,0,0,0,0,0,2,2,2,2,1,0,0,2,10,0
-26,0,0,3,0,0,0,0,0,0,0,0,64,0,0,3,1,29,0,0,0,0,0,1,1,1,1,1,0,0,2,9,30
-3,32,6,59,4,0,0,2,1,0,0,11,4,1,0,2,1,28,2,53,4,9,14,3,8,12,6,2,8,1,2,17,45
7,29,3,59,4,0,1,2,1,0,0,8,7,1,0,2,1,28,1,51,3,7,13,4,8,11,8,3,8,2,2,17,45
30,29,3,55,3,0,1,2,1,0,0,7,8,0,0,2,1,28,1,51,4,7,13,3,7,11,7,3,8,2,2,17,15
-13,27,3,57,4,0,2,2,1,0,0,11,4,0,0,2,1,28,1,48,4,8,10,6,8,13,9,3,7,3,2,17,30
16,26,2,51,4,0,2,1,1,0,0,9,6,0,0,2,1,28,0,48,4,8,10,5,7,12,9,3,7,2,2,16,45
3,26,2,57,3,0,2,2,1,0,0,6,9,0,0,2,1,28,1,47,3,7,9,4,7,11,8,2,7,2,2,17,30
17,26,2,53,3,0,2,2,0,0,0,5,10,0,0,2,1,28,1,47,3,7,9,3,6,10,7,2,7,2,2,17,0
13,26,2,51,3,0,2,2,0,0,0,2,13,0,0,2,1,28,2,46,2,6,8,2,5,9,6,1,7,2,2,16,45
-31,26,3,55,5,0,1,2,0,0,0,0,15,0,0,2,1,28,3,44,4,6,9,3,4,11,6,1,6,2,2,17,15
19,25,3,47,5,0,1,2,0,0,0,10,5,0,0,2,1,28,3,43,4,5,9,3,5,13,6,1,6,2,2,16,15
7,25,3,53,5,0,1,2,0,0,0,6,9,0,0,2,1,28,4,42,4,4,8,2,5,12,5,1,5,2,2,17,0
-30,24,2,49,6,0,1,2,0,0,0,8,7,0,0,2,1,28,4,40,2,2,8,1,5,11,6,2,5,1,2,16,30
14,23,2,49,7,0,0,3,0,0,0,8,7,0,0,2,1,28,2,38,0,3,12,4,9,12,9,2,4,1,2,16,30
-45,23,2,47,6,0,0,3,0,0,0,2,13,0,0,2,1,28,2,38,0,4,13,3,8,11,8,2,4,0,2,16,15
12,22,2,42,5,0,0,3,0,0,0,6,9,0,0,2,1,28,1,38,1,4,15,4,8,11,8,1,4,0,1,15,30
39,22,2,44,5,0,0,2,0,0,0,3,12,0,0,2,1,28,1,38,2,4,15,3,7,10,7,1,4,0,2,15,45
47,22,3,36,4,0,0,2,0,0,0,0,15,0,0,2,1,28,1,38,4,8,17,5,6,13,6,1,4,0,2,14,45
-13,22,3,42,4,0,1,1,0,0,0,37,8,0,0,2,1,28,1,37,3,9,17,5,6,14,6,2,4,1,1,15,30
-17,22,3,40,4,0,1,1,0,0,0,33,12,0,0,2,1,28,2,36,2,9,17,4,6,14,5,2,4,2,2,15,15
14,22,3,34,4,0,1,1,0,0,0,29,16,0,0,2,1,28,2,35,2,8,17,3,5,13,5,2,4,2,2,14,30
14,21,2,38,3,0,1,1,0,0,0,24,21,0,0,2,1,28,1,35,3,9,17,2,4,12,5,3,4,2,2,15,0
-17,21,3,40,4,0,1,0,0,0,0,12,33,0,0,2,1,28,2,34,4,9,17,1,3,11,4,2,4,2,2,15,15
-61,19,4,34,8,0,2,0,0,0,0,9,6,0,0,2,1,28,4,28,4,8,16,3,8,18,7,4,3,3,2,14,30
-120,19,4,45,8,0,1,0,0,0,0,6,9,0,0,2,1,28,3,28,5,8,16,2,8,17,7,3,2,2,2,16,0
-24,18,6,32,8,0,2,1,1,0,0,10,5,0,0,2,1,28,4,24,4,8,14,6,9,18,9,5,2,1,1,13,30
-179,16,4,45,9,0,1,1,1,0,0,14,1,0,0,2,1,28,3,23,5,8,15,7,9,19,10,6,1,1,2,16,0
-48,15,5,38,9,0,1,1,1,0,0,7,8,0,0,2,1,28,2,22,4,7,14,6,11,19,11,5,1,1,2,15,0
15,15,5,29,8,0,1,1,1,0,0,5,10,0,0,2,1,28,2,22,4,8,14,5,10,18,10,4,1,1,1,13,0
7,15,5,23,7,0,1,1,1,0,0,5,10,0,0,2,1,28,2,22,4,8,14,4,9,17,9,3,1,1,2,12,15
-73,15,5,36,8,0,1,1,1,0,0,11,4,0,0,2,1,28,3,20,3,7,13,3,11,17,9,3,1,1,2,14,45
-5,15,6,25,7,0,1,1,1,0,0,7,8,0,0,2,1,28,2,20,4,8,13,3,10,16,9,4,1,1,2,12,30
39,15,6,29,7,0,1,1,1,0,0,3,12,0,0,2,1,28,3,19,3,7,12,2,10,15,8,4,1,1,1,13,0
54,12,6,21,9,0,1,0,2,0,0,10,5,0,0,2,1,28,2,16,3,6,11,8,10,18,11,4,1,1,2,12,0
23,12,6,23,9,0,1,0,2,0,0,14,1,0,0,2,1,28,3,15,3,7,12,8,10,18,10,4,1,1,2,12,15
71,11,5,27,8,0,1,0,2,0,0,10,5,0,0,2,1,28,2,15,4,7,13,7,10,17,10,5,1,1,2,12,45
28,10,4,15,8,0,1,0,1,0,0,9,6,0,0,2,1,28,1,15,4,7,13,6,10,16,10,5,1,1,2,11,0
-30,10,4,27,7,0,1,0,1,0,0,9,6,0,0,2,1,28,1,15,4,7,13,5,9,15,9,4,0,1,2,12,45
29,10,5,21,8,0,1,0,0,0,0,4,11,0,0,2,1,28,2,14,4,6,12,4,8,14,8,4,0,0,2,12,0
-20,10,6,31,7,0,1,1,0,0,0,1,14,0,0,2,1,28,3,13,3,5,11,3,7,13,7,3,0,0,1,13,15
17,10,6,20,6,0,1,1,0,0,0,13,2,0,0,2,1,28,3,13,3,5,11,2,7,12,6,2,0,0,2,11,45
28,9,5,19,5,0,1,2,0,0,0,4,11,0,0,2,1,28,3,12,2,5,11,3,6,12,6,3,0,0,1,11,30
-20,6,3,25,6,0,1,2,0,0,0,11,4,0,0,2,1,28,1,10,3,4,10,5,9,13,9,5,0,0,2,12,30
10,6,3,17,5,0,1,2,0,0,0,8,7,0,0,2,1,28,1,10,3,5,10,4,8,14,8,4,0,0,1,11,15
-155,6,4,33,5,0,1,3,0,0,0,14,1,0,0,2,1,28,3,8,1,5,8,3,8,14,7,3,0,0,2,14,15
13,6,4,12,4,0,1,3,0,0,0,10,5,0,0,2,1,28,3,8,2,6,8,4,7,15,6,3,0,0,1,10,30
41,4,4,15,3,0,1,3,0,0,0,14,1,0,0,2,1,28,1,8,2,6,8,5,6,16,7,4,0,0,2,11,0
2,4,4,10,3,0,1,3,0,0,0,13,2,0,0,2,1,28,2,7,4,7,7,5,6,15,6,4,0,0,2,10,15
28,4,4,12,3,0,1,2,0,0,0,12,3,0,0,2,1,28,2,7,5,7,7,4,5,14,5,3,0,0,1,10,30
-30,4,4,17,2,1,1,2,0,0,0,5,10,0,0,2,1,28,3,6,4,6,6,3,5,13,4,3,0,0,1,11,15
7,4,4,14,2,1,1,1,0,0,0,2,13,0,0,2,1,28,3,6,4,6,6,2,5,12,3,2,0,0,2,10,45
68,3,3,8,2,1,1,1,0,0,0,8,7,0,0,2,1,28,2,5,4,5,5,1,6,11,4,2,0,0,2,10,0
-16,0,0,6,4,1,1,1,1,0,0,7,8,0,0,2,1,28,1,1,1,1,1,5,10,10,8,3,0,0,2,9,45
7,0,0,10,4,1,2,0,1,0,0,0,5,0,0,2,1,28,0,0,0,0,0,6,9,9,9,4,0,0,2,10,15
5,0,0,2,3,1,2,0,1,0,0,0,12,0,0,2,1,28,0,0,0,0,0,6,8,8,8,4,0,0,2,9,15
-36,0,0,6,3,1,1,0,1,0,0,0,19,0,0,2,1,28,0,0,0,0,0,7,7,7,7,4,0,0,2,9,45
18,0,0,0,3,1,1,0,0,0,0,0,22,0,1,2,1,28,0,0,0,0,0,6,6,6,6,4,0,0,2,9,0
-14,0,0,2,2,1,1,0,0,0,0,0,29,0,0,2,1,28,0,0,0,0,0,5,5,5,5,3,0,0,2,9,15
15,0,0,4,2,0,1,0,0,0,0,0,34,0,0,2,1,28,0,0,0,0,0,4,4,4,4,3,0,0,2,9,30
3,0,0,4,1,0,1,0,0,0,0,0,35,0,0,2,1,28,0,0,0,0,0,3,3,3,3,3,0,0,2,9,30
-18,0,0,8,0,0,1,0,0,0,0,0,42,0,0,2,1,28,0,0,0,0,0,2,2,2,2,2,0,0,2,10,0
-3,0,0,0,0,0,0,0,0,0,0,0,46,0,1,2,1,28,0,0,0,0,0,1,1,1,1,1,0,0,2,9,0
5,33,6,57,4,0,0,3,0,0,0,1,14,1,0,6,1,25,1,50,5,7,15,4,5,15,7,2,9,4,2,18,0
24,32,5,55,4,0,1,3,0,0,0,8,7,0,0,6,1,25,2,48,3,5,14,3,5,15,7,2,8,3,1,17,30
49,31,4,49,4,0,1,3,0,0,0,14,1,0,0,6,1,25,2,47,3,7,13,2,5,15,7,2,7,2,2,16,45
-32,31,4,53,5,0,0,3,0,0,0,3,12,0,0,6,1,25,2,46,3,7,13,2,5,14,7,3,6,2,2,17,15
19,29,3,51,6,0,0,3,0,0,1,9,6,0,0,6,1,25,3,43,3,7,11,3,9,15,8,3,6,2,2,17,0
41,27,2,51,6,0,0,2,0,0,1,9,6,0,0,6,1,25,1,43,6,9,12,3,11,17,9,3,6,3,2,17,0
9,27,3,45,6,0,0,2,0,0,2,2,13,0,0,6,1,25,2,41,4,7,10,4,11,16,9,3,6,3,2,16,15
14,27,3,43,7,0,0,3,0,0,1,6,9,0,0,6,1,25,4,39,4,5,10,8,10,15,8,2,5,3,2,16,0
56,26,2,47,8,0,0,3,0,0,1,8,7,0,0,6,1,25,5,37,3,5,8,8,9,14,8,3,5,2,2,16,30
-81,26,3,53,7,0,0,3,0,0,1,2,13,0,0,6,1,25,4,37,3,5,9,8,9,13,8,4,5,2,2,17,15
22,26,3,41,6,0,0,3,0,0,1,14,1,0,0,6,1,25,4,37,3,5,9,7,9,13,7,4,5,3,2,15,45
36,26,3,40,5,0,0,3,0,0,1,14,1,0,0,6,1,25,4,37,3,5,9,6,8,12,6,4,5,3,2,15,30
14,26,3,38,6,0,0,3,0,0,0,10,5,0,0,6,1,25,4,36,2,4,9,5,7,11,6,4,4,3,1,15,15
16,26,3,49,6,0,0,3,0,0,0,8,7,0,0,6,1,25,5,35,1,3,10,4,7,11,5,3,3,2,2,16,45
-17,26,3,55,6,0,0,2,0,0,0,7,8,0,0,6,1,25,5,35,1,3,10,3,6,10,4,3,3,1,1,17,30
61,25,2,41,5,0,0,3,0,0,0,14,1,0,0,6,1,25,5,34,2,3,9,2,6,9,4,2,3,1,2,15,45
7,25,2,36,4,0,0,3,0,0,0,6,9,0,0,6,1,25,4,34,2,3,9,2,6,9,4,1,3,1,2,15,0
-71,24,3,47,5,0,1,2,0,0,0,8,7,0,0,6,1,25,3,32,1,3,10,5,5,11,6,3,3,1,2,16,30
-49,23,2,43,4,0,1,2,0,0,0,0,15,0,0,6,1,25,1,32,1,4,12,4,5,11,7,2,2,1,2,16,0
20,23,3,33,3,0,1,2,0,0,0,39,6,0,0,6,1,25,1,32,2,6,13,3,4,10,6,2,2,0,2,14,30
-8,23,3,34,3,0,1,2,0,0,0,35,10,0,0,6,1,25,2,31,2,6,12,2,4,10,5,2,2,0,2,14,45
-29,23,4,34,3,0,0,2,0,0,0,28,17,0,0,6,1,25,1,31,2,6,12,1,3,10,5,2,2,0,2,14,45
-18,21,6,38,4,0,0,3,0,0,0,2,13,0,0,6,1,25,2,28,4,8,16,4,6,12,6,3,2,1,1,15,15
7,20,5,32,3,0,1,4,0,0,0,8,7,0,0,6,1,25,2,26,2,7,14,3,6,12,7,4,2,1,1,14,15
-56,19,5,36,3,0,1,4,0,0,0,11,4,0,0,6,1,25,2,25,3,6,15,4,7,16,7,5,1,1,2,15,0
-100,18,4,45,3,0,1,3,0,0,0,5,10,0,0,6,1,25,1,25,3,8,15,3,7,15,7,4,1,1,2,16,15
5,17,4,28,3,0,1,3,0,0,0,4,11,0,0,6,1,25,1,24,5,8,15,5,7,14,7,4,1,1,1,13,0
42,16,4,27,3,0,2,3,0,0,0,14,1,0,0,6,1,25,1,22,3,7,13,4,6,13,8,5,1,1,2,12,45
-29,15,3,28,5,0,1,3,0,0,0,2,13,0,0,6,1,25,2,20,3,8,12,4,6,14,8,6,1,1,1,13,0
32,15,3,30,4,0,1,4,0,0,0,7,8,0,0,6,1,25,2,19,3,7,13,4,6,13,8,5,1,1,1,13,15
0,14,3,25,3,0,1,4,0,0,0,5,10,0,0,6,1,25,1,19,3,7,14,3,8,12,8,4,1,1,1,12,30
69,14,5,20,4,0,0,4,0,0,0,6,9,0,0,6,1,25,2,18,5,8,15,3,9,15,7,3,0,1,2,11,45
-6,13,4,24,5,0,0,4,0,0,0,10,5,0,0,6,1,25,2,16,4,7,14,2,8,15,8,5,0,0,2,12,15
-15,12,4,31,6,0,0,5,0,0,0,8,7,0,0,6,1,25,3,13,3,4,13,7,9,15,9,6,0,0,1,13,30
-24,12,6,22,6,0,0,5,0,0,0,9,6,0,0,6,1,25,3,12,3,6,12,6,8,16,9,7,0,0,1,12,0
-9,11,5,22,5,0,0,5,0,0,0,7,8,0,0,6,1,25,2,12,3,6,12,5,7,15,9,7,0,0,1,12,0
54,11,5,18,4,0,0,5,0,0,0,6,9,0,0,6,1,25,2,12,3,7,12,4,6,14,8,6,0,0,2,11,30
8,11,6,25,4,0,0,4,0,0,0,5,10,0,0,6,1,25,2,12,3,7,12,3,5,13,7,5,0,0,1,12,30
16,11,6,16,3,0,0,4,0,0,0,4,11,0,0,6,1,25,2,12,3,7,12,2,4,12,6,4,0,0,2,11,15
41,10,5,14,4,0,1,3,0,0,0,13,2,0,0,6,1,25,3,10,1,5,10,1,4,12,6,4,0,0,2,11,0
-10,8,7,18,4,0,1,3,0,0,0,10,5,0,0,6,1,25,1,9,5,9,9,5,8,15,8,5,0,0,2,11,30
88,8,7,20,4,0,1,2,0,0,0,10,5,0,0,6,1,25,1,9,5,9,9,4,7,14,7,4,0,0,2,11,45
-5,5,5,13,7,0,1,2,0,0,0,4,11,0,0,6,1,25,2,5,5,5,5,6,8,15,9,5,0,0,2,10,45
1,5,5,9,6,0,1,2,0,0,0,12,3,0,0,6,1,25,2,5,5,5,5,5,8,15,8,4,0,0,2,10,15
32,5,5,11,5,0,2,2,0,0,0,11,4,0,0,6,1,25,3,4,4,4,4,4,7,14,7,3,0,0,1,10,30
51,4,4,16,4,0,2,2,0,0,0,9,6,0,0,6,1,25,2,4,4,4,4,3,6,13,7,3,0,0,2,11,15
-37,4,4,11,4,0,2,2,0,0,0,13,2,0,0,6,1,25,1,3,3,3,3,4,6,12,8,3,0,0,1,10,30
7,3,3,14,5,0,2,2,0,0,0,7,8,0,0,6,1,25,2,1,1,1,1,3,6,11,8,3,0,0,2,11,0
-13,1,1,7,6,0,1,2,0,0,0,8,7,0,0,6,1,25,1,0,0,0,0,3,8,10,9,3,0,0,2,10,0
13,1,1,9,5,0,1,2,0,0,0,2,13,0,0,6,1,25,1,0,0,0,0,3,8,9,8,3,0,0,2,10,15
9,0,0,5,5,0,0,2,0,0,0,2,13,0,0,6,1,25,0,0,0,0,0,4,7,8,8,4,0,0,2,9,45
1,0,0,3,5,0,0,1,0,0,0,0,12,0,0,6,1,25,0,0,0,0,0,5,7,7,7,4,0,0,2,9,30
55,0,0,7,5,0,0,0,0,0,0,0,18,0,0,6,1,25,0,0,0,0,0,5,6,6,6,3,0,0,2,10,0
21,0,0,5,4,0,0,0,0,0,0,0,26,0,0,6,1,25,0,0,0,0,0,4,5,5,5,2,0,0,2,9,45
46,0,0,3,3,0,0,0,0,0,0,0,34,0,0,6,1,25,0,0,0,0,0,4,4,4,4,1,0,0,2,9,30
24,0,0,1,2,0,0,0,0,0,0,0,35,0,0,6,1,25,0,0,0,0,0,3,3,3,3,1,0,0,2,9,15
11,0,0,0,1,0,0,0,0,0,0,0,43,0,1,6,1,25,0,0,0,0,0,2,2,2,2,1,0,0,2,9,0
14,0,0,1,0,0,0,0,0,0,0,0,61,0,0,6,1,25,0,0,0,0,0,1,1,1,1,0,0,0,2,9,15
10,27,2,46,5,0,0,0,1,0,0,2,13,1,0,5,1,24,1,40,2,4,11,3,7,12,6,4,3,0,1,17,30
4,27,2,45,4,0,0,0,1,0,0,0,15,0,0,5,1,24,1,40,2,5,12,3,6,11,5,4,3,0,1,17,15
51,25,1,44,3,0,0,0,1,0,1,1,14,0,0,5,1,24,0,39,1,7,12,4,7,11,6,5,3,0,1,17,0
66,25,2,39,3,0,0,0,1,0,1,16,14,0,0,5,1,24,1,38,2,7,13,4,6,11,5,4,3,0,1,16,15
47,25,2,36,3,0,0,0,1,0,0,13,17,0,0,5,1,24,1,38,6,7,13,3,5,10,4,4,3,0,1,15,30
7,25,2,39,3,0,0,0,0,0,0,3,27,0,0,5,1,24,0,38,6,7,14,4,5,10,4,4,3,0,1,16,15
52,25,3,42,4,0,0,0,0,0,0,2,13,0,0,5,1,24,2,36,5,7,13,3,6,10,3,3,3,1,1,16,45
84,25,3,36,7,0,0,0,0,0,0,25,5,0,0,5,1,24,5,32,1,4,10,2,5,9,3,2,3,1,1,15,30
-50,24,3,42,6,0,0,0,0,0,0,18,12,0,0,5,1,24,4,32,1,4,10,2,5,8,3,1,3,1,1,16,45
11,23,5,33,5,0,0,0,1,0,0,8,7,0,0,5,1,24,4,31,3,7,11,3,6,8,3,1,3,1,2,15,0
-17,22,5,38,4,0,0,0,1,0,0,24,6,0,0,5,1,24,2,31,5,8,12,3,6,8,4,1,2,2,2,15,45
22,22,5,33,4,0,0,0,1,0,0,22,8,0,0,5,1,24,2,30,4,7,11,2,5,8,4,1,2,1,2,15,0
-2,21,4,31,5,0,0,0,0,0,1,6,24,0,0,5,1,24,1,28,4,6,11,3,4,7,6,2,2,1,3,14,45
-21,20,5,33,7,0,0,0,0,0,1,47,13,0,0,5,1,24,2,25,2,4,8,3,3,9,7,2,2,1,2,15,0
-18,18,3,31,6,0,0,0,0,0,1,41,19,0,0,5,1,24,0,25,2,5,9,2,3,8,8,2,2,1,3,14,45
-118,18,4,41,7,0,0,0,0,0,0,27,33,0,0,5,1,24,1,24,2,4,9,1,2,8,7,2,1,1,2,16,30
99,15,3,25,9,0,0,0,1,0,0,11,4,0,0,5,1,24,2,20,2,4,9,3,6,11,9,1,1,0,3,12,45
-6,14,3,26,8,0,1,0,1,0,0,12,3,0,0,5,1,24,1,19,2,4,9,2,6,12,10,2,1,1,1,13,0
-1,14,3,30,7,0,1,0,1,0,0,7,8,0,0,5,1,24,1,19,2,5,9,2,5,12,9,1,1,1,2,14,15
44,13,4,29,8,0,1,0,1,0,0,22,8,0,0,5,1,24,1,17,3,6,11,4,6,13,10,3,1,1,1,13,15
64,13,4,21,8,0,1,0,0,0,0,19,11,0,0,5,1,24,1,17,3,6,12,3,5,13,9,3,1,1,2,12,15
60,13,4,26,7,0,1,0,0,0,0,18,12,0,0,5,1,24,1,17,3,6,12,2,4,12,8,3,1,1,1,13,0
-15,12,4,23,7,0,1,0,0,0,0,2,28,0,0,5,1,24,1,16,4,5,12,1,6,14,8,4,0,1,1,12,30
114,9,5,19,7,0,2,1,0,0,1,12,3,0,0,5,1,24,1,12,2,5,12,6,9,18,11,4,0,0,2,11,45
85,9,5,15,7,0,1,1,0,0,1,10,5,0,0,5,1,24,1,12,2,6,12,5,8,17,10,4,0,0,2,11,0
51,9,6,21,7,0,1,1,0,0,1,2,13,0,0,5,1,24,2,11,2,6,11,5,8,16,9,3,0,0,2,12,15
65,8,5,26,6,0,1,1,0,0,1,0,15,0,0,5,1,24,1,11,2,6,11,4,8,16,9,3,0,0,1,13,0
57,8,6,19,5,0,1,1,0,0,1,9,6,0,0,5,1,24,1,11,2,7,11,4,7,15,8,2,0,0,2,11,45
43,8,7,15,4,0,1,2,0,0,1,13,2,0,0,5,1,24,2,10,3,6,10,4,8,17,7,2,0,0,2,11,0
129,7,6,23,3,0,1,2,0,0,1,9,6,0,0,5,1,24,1,10,4,7,10,3,7,16,7,3,0,0,1,12,30
75,6,5,13,2,0,2,2,0,0,1,11,4,0,0,5,1,24,1,9,5,7,9,4,6,15,7,4,0,0,2,10,45
46,6,5,13,2,0,2,2,0,0,0,8,7,0,0,5,1,24,1,9,5,7,9,3,6,14,6,3,0,0,2,10,45
-1,3,3,17,5,0,2,2,0,0,0,6,9,0,0,5,1,24,2,5,2,5,5,4,9,15,8,4,0,0,2,11,15
45,3,3,6,5,0,2,1,0,0,0,1,14,0,0,5,1,24,2,5,3,5,5,3,8,14,7,4,0,0,2,9,45
14,2,2,8,6,0,1,1,0,0,0,8,7,0,0,5,1,24,2,4,2,4,4,3,8,13,7,4,0,0,1,10,0
8,2,2,17,6,0,1,0,0,0,0,6,9,0,0,5,1,24,2,4,2,4,4,2,8,12,6,3,0,0,2,11,15
47,1,1,10,7,0,1,0,0,0,0,11,4,0,0,5,1,24,1,2,2,2,2,6,9,11,8,4,0,0,2,10,15
52,1,1,2,6,0,1,0,0,0,0,5,10,0,0,5,1,24,1,2,2,2,2,6,9,10,7,4,0,0,2,9,15
-3,1,1,4,6,0,1,0,0,0,0,0,15,0,0,5,1,24,1,1,1,1,1,6,8,9,7,5,0,0,2,9,30
-73,1,1,11,5,0,1,0,0,0,0,14,1,0,0,5,1,24,1,1,1,1,1,5,7,8,6,5,0,0,2,10,30
34,1,1,6,5,0,0,0,0,0,0,13,2,0,0,5,1,24,1,1,1,1,1,5,6,7,5,4,0,0,2,9,45
-21,0,0,8,5,0,0,0,0,0,0,1,14,0,0,5,1,24,1,0,0,0,0,4,6,6,5,5,0,0,1,10,0
12,0,0,11,4,0,0,0,0,0,0,0,8,0,0,5,1,24,0,0,0,0,0,4,5,5,5,5,0,0,2,10,30
7,0,0,0,3,0,0,0,0,0,0,0,10,0,1,5,1,24,0,0,0,0,0,3,4,4,4,4,0,0,2,9,0
35,0,0,2,2,0,0,0,0,0,0,0,16,0,0,5,1,24,0,0,0,0,0,2,3,3,3,3,0,0,2,9,15
60,0,0,0,1,0,0,0,0,0,0,0,38,0,1,5,1,24,0,0,0,0,0,2,2,2,2,2,0,0,2,9,0
-32,0,0,4,0,0,0,0,0,0,0,0,47,0,0,5,1,24,0,0,0,0,0,1,1,1,1,1,0,0,2,9,30
182,28,3,23,1,0,2,2,0,0,0,2,0,0,0,4,1,23,1,32,2,4,10,1,1,8,5,2,4,0,2,14,45
44,25,6,35,2,0,3,3,0,0,0,8,7,0,0,4,1,23,1,28,5,6,9,4,7,12,8,5,3,2,1,16,45
53,23,6,35,4,0,4,2,0,0,0,5,10,0,0,4,1,23,2,25,3,5,7,6,8,12,9,5,3,1,1,16,45
50,22,5,31,4,0,4,2,0,0,0,12,3,0,0,4,1,23,2,24,2,5,6,5,9,12,9,4,3,2,2,16,0
13,21,4,37,5,0,3,2,0,0,0,9,6,1,0,4,1,23,2,23,1,4,6,4,8,11,9,4,3,2,2,17,0
41,20,3,32,5,0,2,2,0,0,0,0,15,0,0,4,1,23,1,23,3,4,6,3,8,12,9,5,2,3,1,16,15
63,19,2,32,5,0,2,2,0,0,0,6,9,0,0,4,1,23,1,22,2,3,6,3,7,12,9,5,2,2,1,16,15
51,19,2,25,5,0,1,2,0,0,0,5,10,0,0,4,1,23,1,22,2,3,6,2,6,11,8,4,2,2,1,15,0
12,17,1,27,6,0,0,2,1,0,0,8,7,0,0,4,1,23,1,20,1,2,6,5,6,11,9,6,2,2,2,15,15
37,17,1,28,5,0,0,2,1,0,0,5,10,0,0,4,1,23,1,20,1,2,7,4,5,10,8,5,2,2,1,15,30
40,17,1,25,4,0,0,2,1,0,0,3,12,0,0,4,1,23,1,20,1,2,7,3,5,9,7,4,1,2,1,15,0
2,17,1,28,3,0,0,3,1,0,0,13,2,0,0,4,1,23,1,19,0,1,7,2,4,8,7,5,1,1,1,15,30
-6,17,1,34,3,0,0,2,1,0,0,2,13,0,0,4,1,23,1,19,0,2,7,1,4,8,6,5,0,1,2,16,30
-75,16,3,30,3,0,0,2,0,0,0,11,34,0,0,4,1,23,0,19,3,5,10,4,6,12,6,5,0,0,1,15,45
49,16,3,22,3,0,0,2,0,0,0,4,41,0,0,4,1,23,1,18,2,5,10,4,5,11,5,4,0,0,2,14,30
27,16,5,21,3,0,0,2,0,0,0,5,10,0,0,4,1,23,1,17,3,5,10,3,4,11,5,3,0,0,1,14,15
22,16,6,23,2,0,0,2,0,0,0,1,14,0,0,4,1,23,1,17,3,5,10,3,4,11,4,2,0,0,2,14,45
110,15,5,18,2,0,0,2,0,0,0,9,6,0,0,4,1,23,1,16,2,5,10,2,4,10,4,3,0,0,1,13,0
47,14,4,19,3,0,0,2,0,0,0,2,13,0,0,4,1,23,2,14,2,5,9,2,6,9,4,3,0,0,1,13,15
-5,10,2,20,3,0,1,2,0,0,0,3,12,0,0,4,1,23,0,12,2,5,9,5,8,12,7,4,0,0,1,13,30
34,10,2,10,3,0,1,2,0,0,0,10,5,0,0,4,1,23,1,11,2,5,8,5,7,11,6,4,0,0,1,11,45
28,10,3,12,3,0,1,2,0,0,0,13,2,0,0,4,1,23,1,10,2,4,8,4,6,10,6,4,0,0,2,12,0
-28,10,3,15,3,0,0,2,0,0,0,9,6,0,0,4,1,23,1,10,2,5,8,3,5,9,5,4,0,0,1,12,30
28,10,3,17,2,0,0,2,0,0,0,6,9,0,0,4,1,23,1,10,3,5,8,3,4,8,4,4,0,0,1,12,45
4,10,4,15,2,0,0,2,0,0,0,0,15,0,0,4,1,23,1,9,2,4,7,3,4,7,4,4,0,0,1,12,30
62,9,4,10,2,0,0,1,1,0,0,24,21,0,0,4,1,23,1,8,3,4,8,2,6,6,4,4,0,0,1,11,45
43,8,4,13,2,0,1,0,1,0,0,18,27,0,0,4,1,23,1,7,2,4,7,1,5,5,4,3,0,0,2,12,15
-27,6,3,13,3,0,1,0,1,0,0,1,14,0,0,4,1,23,1,5,2,3,5,4,4,6,5,3,0,0,2,12,15
25,5,3,7,3,0,0,0,2,0,0,35,10,0,0,4,1,23,1,4,2,3,4,3,3,7,5,3,0,0,2,10,45
36,5,3,8,2,0,0,0,2,0,0,34,11,0,0,4,1,23,1,4,2,3,4,2,2,6,4,3,0,0,2,11,0
22,5,4,8,2,0,0,0,1,0,0,28,17,0,0,4,1,23,1,4,2,4,4,1,1,5,3,2,0,0,2,11,0
56,0,0,4,4,0,0,0,2,0,0,11,4,0,0,4,1,23,0,0,0,0,0,2,6,7,7,4,0,0,1,9,45
38,0,0,4,4,0,0,0,1,0,0,0,14,0,0,4,1,23,0,0,0,0,0,5,6,6,6,3,0,0,1,9,45
50,0,0,6,3,0,0,0,1,0,0,0,20,0,0,4,1,23,0,0,0,0,0,4,5,5,5,3,0,0,1,10,0
13,0,0,0,2,0,0,0,1,0,0,0,20,0,1,4,1,23,0,0,0,0,0,3,4,4,4,2,0,0,1,9,0
42,0,0,3,1,0,0,0,1,0,0,0,37,0,0,4,1,23,0,0,0,0,0,3,3,3,3,2,0,0,2,9,30
31,0,0,2,1,0,0,0,0,0,0,0,40,0,0,4,1,23,0,0,0,0,0,2,2,2,2,2,0,0,1,9,15
28,0,0,0,0,0,0,0,0,0,0,0,50,0,1,4,1,23,0,0,0,0,0,1,1,1,1,1,0,0,1,9,0
35,44,5,54,0,0,0,1,0,0,0,19,0,0,0,3,1,22,0,55,4,7,15,1,1,4,2,1,2,0,1,17,15
2,38,8,53,5,0,0,2,0,0,0,5,10,0,0,3,1,22,1,48,5,9,14,2,5,12,7,4,1,1,2,17,0
24,35,6,51,5,0,1,3,0,0,1,13,2,0,0,3,1,22,2,44,4,6,11,3,7,13,9,6,1,0,1,16,45
52,35,6,56,6,0,1,2,0,0,1,4,11,1,0,3,1,22,3,43,4,6,11,3,6,13,8,5,1,0,2,17,30
7,32,4,54,5,0,2,3,0,0,2,2,13,0,0,3,1,22,3,40,2,4,12,5,8,12,10,6,1,0,1,17,15
32,31,4,48,4,0,2,3,0,0,3,8,7,0,0,3,1,22,3,39,1,4,11,4,8,12,10,5,1,0,1,16,15
49,30,3,51,4,0,2,2,0,0,3,3,12,0,0,3,1,22,2,39,2,5,11,3,7,12,10,5,1,0,1,16,45
29,30,3,50,3,0,2,2,0,0,3,14,1,0,0,3,1,22,2,39,2,5,11,3,6,12,9,5,1,0,2,16,30
11,30,3,48,3,0,1,2,0,0,3,12,3,0,0,3,1,22,2,39,2,5,11,3,6,12,8,4,1,0,1,16,15
5,29,5,45,3,0,1,3,0,0,3,0,15,0,0,3,1,22,2,37,3,6,11,4,7,12,9,4,1,0,1,15,45
41,29,5,40,3,0,0,3,0,0,3,13,2,0,0,3,1,22,2,37,3,6,11,3,6,11,8,4,1,0,1,15,0
21,29,5,42,3,0,0,3,0,0,2,11,4,0,0,3,1,22,2,37,3,8,11,3,5,11,7,4,1,0,2,15,15
90,28,5,36,5,0,0,3,0,0,1,11,4,0,0,3,1,22,3,35,2,7,11,3,4,12,7,4,1,0,2,14,30
76,27,6,40,5,0,0,3,0,0,1,12,3,0,0,3,1,22,2,34,3,6,10,3,7,11,8,4,1,0,1,15,0
60,27,6,43,4,0,0,3,0,0,1,10,5,0,0,3,1,22,2,34,5,7,10,2,6,10,7,3,1,0,2,15,30
37,26,7,38,5,0,0,2,0,0,1,53,7,0,0,3,1,22,2,32,5,6,11,2,5,11,7,4,1,0,2,14,45
25,22,5,35,8,0,0,2,0,0,2,25,35,0,0,3,1,22,3,28,1,4,11,4,8,14,10,4,1,0,2,14,15
66,22,6,38,8,0,0,1,0,0,2,19,41,0,0,3,1,22,3,28,1,4,12,4,7,14,9,4,1,0,2,14,45
20,21,5,36,8,0,0,0,0,0,2,16,44,0,0,3,1,22,2,28,2,4,13,3,6,14,9,4,1,0,2,14,30
-23,21,5,43,8,0,0,0,0,0,1,13,47,0,0,3,1,22,2,28,2,4,13,3,5,14,8,4,1,0,2,15,30
50,19,4,34,8,0,0,0,0,0,1,6,9,0,0,3,1,22,1,27,3,5,15,4,6,15,9,6,1,0,1,13,15
-73,18,3,45,8,0,0,0,0,0,1,13,2,0,0,3,1,22,1,26,2,5,16,3,5,14,9,7,1,0,1,15,45
70,17,2,28,8,0,0,0,0,0,1,2,13,0,0,3,1,22,1,25,2,7,15,3,7,17,9,6,1,0,2,12,30
93,17,2,30,7,0,0,0,0,0,1,2,13,0,0,3,1,22,1,25,2,7,15,2,6,16,8,6,1,0,2,12,45
48,15,3,32,7,0,0,1,1,0,0,7,8,0,0,3,1,22,1,23,4,9,17,4,9,18,9,6,1,0,1,13,0
91,15,4,28,7,0,0,1,1,0,0,10,5,0,0,3,1,22,2,22,5,10,16,5,10,19,8,5,1,0,2,12,30
109,15,5,18,8,0,0,1,1,0,0,11,4,0,0,3,1,22,2,20,6,10,16,7,10,20,9,6,1,0,2,11,30
77,15,5,22,7,0,0,1,1,0,0,9,6,0,0,3,1,22,2,20,6,10,16,6,10,19,8,5,1,0,2,12,0
24,15,5,26,7,0,0,1,1,0,0,5,10,0,0,3,1,22,2,19,5,9,16,6,9,19,8,5,1,0,2,12,15
79,14,5,26,7,0,0,1,1,0,0,0,15,0,0,3,1,22,2,18,6,8,15,5,10,18,8,5,1,1,2,12,15
2,13,5,30,7,0,1,1,1,0,0,4,11,0,0,3,1,22,3,16,5,9,14,5,10,19,8,4,1,1,2,12,45
-2,13,5,22,7,0,1,1,1,0,0,3,12,0,0,3,1,22,4,15,4,8,13,4,9,18,7,4,1,1,2,12,0
1,13,5,32,6,0,1,1,1,0,0,14,1,0,0,3,1,22,3,15,4,8,13,3,9,18,7,4,1,1,1,13,0
23,11,4,22,6,0,1,2,0,0,0,6,9,0,0,3,1,22,2,14,4,8,13,4,9,17,8,4,1,1,2,12,0
-15,11,4,20,6,0,1,3,0,0,0,10,5,0,0,3,1,22,3,12,3,6,11,5,10,16,8,4,1,1,4,11,45
43,10,5,12,7,0,0,3,1,0,0,12,3,0,0,3,1,22,3,10,3,6,10,6,11,17,9,5,1,1,2,10,45
-6,10,5,22,6,0,0,3,1,0,0,9,6,0,0,3,1,22,3,10,3,6,10,5,10,16,8,4,1,1,2,12,0
7,9,5,17,6,0,0,2,1,0,0,4,11,0,0,3,1,22,2,10,4,7,10,6,10,16,8,3,1,1,2,11,15
-243,9,6,47,6,0,0,1,1,0,0,3,12,0,0,3,1,22,2,10,4,7,10,5,9,17,7,3,0,1,2,16,0
76,8,5,10,5,0,0,1,1,0,1,8,7,0,0,3,1,22,2,9,3,6,9,6,10,16,7,3,0,0,3,10,30
6,8,6,18,6,0,0,1,1,0,1,2,13,0,0,3,1,22,4,7,1,5,7,5,9,16,6,3,0,0,2,11,30
0,8,6,15,5,0,0,1,1,0,1,7,8,0,0,3,1,22,3,7,3,6,7,5,9,15,6,3,0,0,1,11,0
-16,7,5,12,6,0,0,1,1,0,0,6,9,0,0,3,1,22,3,6,3,5,6,4,8,14,6,2,0,0,2,10,45
23,7,6,8,6,0,0,1,0,0,0,0,15,0,0,3,1,22,2,6,3,5,6,5,7,13,6,2,0,0,2,10,15
-12,7,6,10,5,0,0,1,0,0,0,9,6,0,0,3,1,22,2,6,3,5,6,5,7,13,5,1,0,0,3,10,30
-1,5,5,15,5,0,0,1,0,0,0,0,15,0,0,3,1,22,1,5,3,5,5,5,7,12,6,2,0,0,1,11,0
-28,4,4,20,5,0,0,1,0,0,1,6,9,0,0,3,1,22,2,3,2,3,3,4,6,11,6,3,0,0,4,11,45
5,3,3,12,4,0,0,1,0,0,1,0,15,0,0,3,1,22,1,3,2,3,3,3,8,10,6,3,0,0,2,10,45
4,3,3,4,4,0,0,0,0,0,1,10,5,0,0,3,1,22,1,3,2,3,3,2,7,9,5,3,0,0,2,9,45
22,2,2,6,3,0,0,1,0,0,1,1,14,0,0,3,1,22,1,2,2,2,2,3,7,8,5,3,0,0,2,10,0
60,1,1,0,2,0,0,1,0,0,2,9,6,0,1,3,1,22,0,1,1,1,1,5,7,7,6,5,0,0,1,9,0
7,1,1,4,2,0,0,1,0,0,2,8,7,0,0,3,1,22,1,0,0,0,0,4,6,6,5,5,0,0,2,9,45
1,0,0,2,2,0,0,1,0,0,1,0,11,0,0,3,1,22,0,0,0,0,0,4,5,5,5,5,0,0,1,9,15
-47,0,0,8,1,0,0,0,0,0,1,0,12,0,0,3,1,22,0,0,0,0,0,3,4,4,4,4,0,0,2,10,15
0,0,0,6,1,0,0,0,0,0,1,0,12,0,0,3,1,22,0,0,0,0,0,3,4,4,4,4,0,0,2,10,0
5,0,0,0,1,0,0,0,0,0,0,0,26,0,1,3,1,22,0,0,0,0,0,2,2,2,2,2,0,0,1,9,0
7,0,0,3,0,0,0,0,0,0,0,0,49,0,0,3,1,22,0,0,0,0,0,1,1,1,1,1,0,0,2,9,30
-11,37,2,52,3,0,0,0,0,0,0,47,13,1,0,6,1,18,1,49,1,5,10,5,5,6,3,1,8,1,2,19,0
-8,37,2,51,2,0,0,0,0,0,0,47,13,0,0,6,1,18,1,49,1,5,10,4,4,5,2,0,8,1,1,18,45
15,37,2,50,1,0,0,0,0,0,0,47,13,0,0,6,1,18,1,49,1,5,10,3,3,4,1,0,8,1,1,18,30
71,36,2,46,1,0,0,0,0,0,0,27,33,0,0,6,1,18,1,48,2,5,10,2,3,5,1,1,7,1,1,17,0
40,35,1,47,0,0,0,0,0,0,0,25,35,0,0,6,1,18,0,48,3,5,10,1,2,4,1,1,7,0,2,17,15
-16,34,6,48,0,0,0,4,0,0,0,2,13,0,0,6,1,18,2,43,1,5,9,1,3,8,3,1,7,1,1,17,30
18,30,4,45,2,0,1,3,1,0,0,12,3,0,0,6,1,18,2,39,3,5,8,5,7,11,6,3,6,2,1,16,45
-3,30,5,48,2,0,1,2,1,0,0,9,6,0,0,6,1,18,2,39,3,5,8,4,6,11,5,3,6,1,1,17,30
14,28,3,43,2,0,2,2,1,0,0,7,8,0,0,6,1,18,2,37,2,4,7,5,6,11,6,4,5,1,1,16,30
2,27,2,41,1,0,2,2,1,0,0,2,13,0,0,6,1,18,1,37,2,4,7,4,5,10,6,3,5,0,2,16,15
11,27,2,41,0,0,2,2,1,0,0,1,14,0,0,6,1,18,1,37,2,4,7,3,5,9,5,2,5,1,2,16,15
7,27,2,40,1,0,1,2,1,0,0,1,14,0,0,6,1,18,1,36,2,4,8,2,5,9,5,3,5,1,2,16,0
32,26,1,37,1,0,1,3,0,0,0,8,7,0,0,6,1,18,1,35,2,3,8,2,5,8,5,3,5,1,1,15,30
-4,25,1,39,3,0,0,3,0,0,0,11,4,0,0,6,1,18,1,33,1,3,9,3,6,7,6,3,5,2,1,15,45
19,25,1,43,3,0,0,2,0,0,0,1,14,0,0,6,1,18,1,33,1,3,10,3,5,6,5,2,4,2,1,16,30
13,25,2,35,2,0,0,2,0,0,0,23,7,0,0,6,1,18,0,33,2,5,10,3,4,5,5,2,4,1,2,15,15
-2,25,2,33,2,0,0,2,0,0,0,8,22,0,0,6,1,18,1,32,2,5,11,3,4,6,4,2,4,2,2,15,0
34,24,3,35,3,0,0,1,0,0,0,40,5,0,0,6,1,18,1,31,3,5,13,2,3,6,4,2,3,2,2,15,15
-52,24,4,37,2,0,0,1,0,0,0,31,14,0,0,6,1,18,1,31,3,6,13,2,2,5,3,2,3,1,1,15,30
11,23,6,33,4,0,0,0,1,0,0,6,39,0,0,6,1,18,2,28,3,7,13,1,1,8,4,2,2,1,2,15,0
30,17,4,29,6,0,1,2,1,0,1,1,14,0,0,6,1,18,2,21,3,6,13,3,7,14,10,6,2,1,1,13,15
22,17,4,23,6,0,0,2,1,0,1,0,15,0,0,6,1,18,2,21,3,6,13,3,6,13,9,5,2,1,2,12,15
43,16,4,30,5,0,0,2,1,0,1,8,7,0,0,6,1,18,1,21,3,8,13,2,8,13,9,6,2,1,1,13,30
-15,15,4,31,5,0,1,3,1,0,1,0,15,0,0,6,1,18,2,18,3,5,12,4,9,13,10,5,2,1,1,14,15
-28,14,5,27,5,0,1,3,1,0,1,6,9,0,0,6,1,18,2,17,4,6,13,6,9,13,10,6,2,1,1,12,45
-129,14,5,32,5,0,1,4,1,0,0,3,12,0,0,6,1,18,3,16,3,5,12,5,9,13,9,6,1,1,2,14,45
80,14,5,21,4,0,1,4,1,0,0,10,5,0,0,6,1,18,3,16,3,7,13,5,8,14,8,5,1,0,2,12,0
31,13,6,25,5,0,1,4,0,0,0,14,1,0,0,6,1,18,2,15,2,7,13,5,7,16,9,5,1,0,2,12,30
26,13,6,23,4,0,1,4,0,0,0,14,1,0,0,6,1,18,2,15,3,7,13,4,6,15,8,5,1,0,2,12,15
4,12,5,21,3,0,1,4,0,0,0,12,3,0,0,6,1,18,1,15,4,7,13,3,6,14,8,4,1,0,2,12,0
40,12,7,25,3,0,1,4,1,0,0,10,5,0,0,6,1,18,3,13,4,7,13,4,5,13,7,4,1,0,2,12,30
4,12,7,27,2,0,1,4,1,0,0,4,11,0,0,6,1,18,3,13,4,7,13,3,5,13,6,4,1,0,1,12,45
-15,10,7,20,3,0,1,4,1,0,0,9,6,0,0,6,1,18,3,11,3,7,11,3,5,13,7,4,1,1,2,11,45
56,9,6,18,3,0,1,3,1,0,0,5,10,0,0,6,1,18,2,11,3,7,11,2,5,13,7,4,1,1,1,11,30
13,7,5,17,5,0,1,3,1,0,0,12,3,0,0,6,1,18,2,8,2,6,8,2,9,15,9,5,1,1,2,11,15
36,5,5,16,6,0,0,4,1,0,0,6,9,0,0,6,1,18,2,6,4,6,6,5,9,15,10,7,1,1,1,11,0
29,3,3,18,6,0,0,3,1,0,0,12,3,0,0,6,1,18,0,6,4,6,6,7,8,16,11,7,0,1,1,11,30
47,3,3,10,6,0,1,3,0,0,1,5,10,0,0,6,1,18,2,4,3,4,4,6,9,15,10,6,0,0,2,10,15
20,3,3,8,5,0,1,3,0,0,1,1,14,0,0,6,1,18,2,4,4,4,4,5,9,15,9,5,0,0,2,10,0
45,2,2,10,4,0,1,3,0,0,1,14,1,0,0,6,1,18,1,4,4,4,4,4,9,14,9,5,0,0,2,10,15
8,2,2,12,3,0,2,3,1,0,1,5,10,0,0,6,1,18,2,2,2,2,2,4,9,13,9,5,0,0,2,10,30
-1,2,2,12,2,0,2,3,1,0,1,4,11,0,0,6,1,18,2,2,2,2,2,3,8,12,8,4,0,0,2,10,30
6,2,2,14,2,0,2,2,1,0,1,0,15,0,0,6,1,18,2,2,2,2,2,2,7,11,7,4,0,0,1,10,45
29,0,0,2,3,0,2,2,1,0,1,6,9,0,0,6,1,18,1,0,0,0,0,6,7,10,9,6,0,0,2,9,15
33,0,0,8,2,0,2,2,1,0,1,0,5,0,0,6,1,18,0,0,0,0,0,5,8,9,9,6,0,0,2,10,0
-63,0,0,14,2,0,2,2,1,0,0,0,9,0,0,6,1,18,0,0,0,0,0,4,7,8,8,5,0,0,1,10,45
-14,0,0,4,2,0,1,2,1,0,0,0,12,0,0,6,1,18,0,0,0,0,0,3,6,7,7,5,0,0,2,9,30
39,0,0,6,2,0,1,1,1,0,0,0,14,0,0,6,1,18,0,0,0,0,0,2,6,6,6,5,0,0,2,9,45
-4,0,0,0,1,0,1,1,1,0,0,0,18,0,1,6,1,18,0,0,0,0,0,2,5,5,5,4,0,0,2,9,0
10,0,0,2,1,0,1,1,0,0,0,0,47,0,0,6,1,18,0,0,0,0,0,4,4,4,4,3,0,0,2,9,15
27,0,0,4,1,0,1,0,0,0,0,0,55,0,0,6,1,18,0,0,0,0,0,3,3,3,3,2,0,0,2,9,30
13,0,0,6,0,0,1,0,0,0,0,0,57,0,0,6,1,18,0,0,0,0,0,2,2,2,2,2,0,0,2,9,45
15,0,0,0,0,0,0,0,0,0,0,0,73,0,1,6,1,18,0,0,0,0,0,1,1,1,1,1,0,0,2,9,0
-34,33,0,52,2,0,0,0,0,0,0,4,11,1,0,5,1,17,0,50,2,3,7,3,5,7,3,1,4,1,2,19,0
-31,33,0,51,1,0,0,0,0,0,0,4,11,0,0,5,1,17,0,50,2,4,7,2,4,6,2,1,4,1,1,18,45
16,33,0,50,0,0,0,0,0,0,0,4,11,0,0,5,1,17,0,50,2,4,7,1,3,5,1,1,4,1,1,18,15
-15,33,0,48,1,0,0,0,0,0,0,37,23,0,0,5,1,17,0,48,4,4,8,2,4,8,2,2,3,1,1,18,0
-22,33,0,46,0,0,0,0,0,0,0,37,23,0,0,5,1,17,0,48,4,4,9,1,3,7,1,1,3,0,2,17,45
-55,33,2,48,2,0,0,1,0,0,0,1,59,0,0,5,1,17,2,44,1,3,7,2,3,8,2,1,3,0,1,18,0
-54,33,2,46,1,0,0,1,0,0,0,0,60,0,0,5,1,17,2,44,1,3,7,1,2,7,1,1,3,0,2,17,45
-9,31,0,45,2,0,0,1,0,0,0,1,14,0,0,5,1,17,1,42,2,5,8,2,5,7,3,2,3,0,2,16,45
3,31,1,42,3,0,0,1,0,0,0,2,13,0,0,5,1,17,1,40,3,3,10,4,6,6,4,4,3,0,2,16,0
3,31,1,43,3,0,0,0,0,0,0,9,6,0,0,5,1,17,1,40,3,4,11,3,5,7,3,3,3,0,1,16,15
-12,31,1,41,2,0,0,0,0,0,0,8,7,0,0,5,1,17,1,40,3,4,11,2,4,6,2,2,3,0,1,15,45
-25,31,1,43,2,0,0,0,0,0,0,0,15,0,0,5,1,17,1,39,2,3,10,2,3,6,2,1,3,0,1,16,15
-8,31,2,40,3,0,0,0,0,0,0,21,9,0,0,5,1,17,1,37,1,5,11,2,2,7,3,1,3,0,1,15,30
-6,31,4,39,2,0,0,0,0,0,0,6,24,0,0,5,1,17,1,37,3,7,13,1,1,7,2,1,3,0,1,15,15
-8,26,6,37,7,0,1,0,0,0,0,14,1,0,0,5,1,17,1,30,3,8,15,3,7,15,8,4,3,2,1,15,0
-36,26,6,35,6,0,1,0,0,0,0,12,3,0,0,5,1,17,1,30,3,8,15,2,7,14,7,3,3,2,2,14,30
7,26,6,33,5,0,1,1,0,0,0,3,12,0,0,5,1,17,2,29,4,7,16,4,7,15,6,2,2,3,1,14,0
3,23,6,35,6,0,1,1,0,0,0,11,4,0,0,5,1,17,1,27,5,9,18,5,8,18,8,2,1,2,2,14,30
32,23,6,29,6,0,1,1,0,0,0,7,8,0,0,5,1,17,2,26,4,9,17,5,7,17,7,2,1,1,1,13,0
13,23,6,32,6,0,1,1,0,0,0,3,12,0,0,5,1,17,2,25,3,8,18,4,7,16,7,3,1,1,1,13,30
2,21,6,29,6,0,1,1,0,0,0,2,13,0,0,5,1,17,1,24,5,9,18,4,9,16,8,3,1,1,1,13,0
30,20,6,31,6,0,1,2,0,0,0,14,1,0,0,5,1,17,2,22,3,7,17,3,8,15,8,3,1,1,1,13,15
-65,20,6,37,6,0,0,2,0,0,0,10,5,0,0,5,1,17,2,22,5,7,17,3,7,14,7,2,0,1,1,15,0
10,19,7,25,6,0,0,2,0,0,0,13,2,0,0,5,1,17,1,21,5,8,17,4,9,14,8,4,0,0,2,12,30
0,17,6,25,7,0,0,2,0,0,0,13,2,0,0,5,1,17,0,19,4,9,16,5,10,15,10,5,0,0,2,12,30
52,17,8,23,8,0,0,2,0,0,0,6,9,0,0,5,1,17,2,17,4,8,14,5,10,16,9,5,0,0,2,12,15
14,17,9,21,7,0,0,2,0,0,0,1,14,0,0,5,1,17,2,17,4,10,16,5,9,16,8,4,0,0,2,12,0
22,15,8,27,7,0,1,2,0,0,0,5,10,0,0,5,1,17,2,15,3,8,14,7,8,15,9,4,0,0,2,12,45
29,15,8,23,6,0,1,2,0,0,0,5,10,0,0,5,1,17,2,15,3,8,14,6,8,14,8,4,0,0,2,12,15
-28,14,8,27,7,0,1,1,0,0,0,9,6,0,0,5,1,17,2,14,5,9,13,6,7,14,8,4,0,0,2,12,45
-2,14,9,21,7,0,1,1,0,0,0,6,9,0,0,5,1,17,3,13,4,8,12,5,7,13,7,3,0,0,2,12,0
30,12,8,18,6,0,1,1,0,0,0,0,15,0,0,5,1,17,1,13,6,9,12,4,6,14,8,2,0,0,1,11,30
43,12,8,18,5,0,1,1,0,0,1,9,6,0,0,5,1,17,2,12,5,8,11,3,5,15,7,2,0,0,1,11,30
-84,12,9,34,4,0,1,1,0,0,1,8,7,0,0,5,1,17,2,12,5,8,11,2,4,14,6,2,0,0,2,14,15
6,11,8,16,4,0,1,1,0,0,2,13,2,0,0,5,1,17,2,10,5,7,10,2,5,14,7,2,0,0,2,11,15
33,7,7,13,5,0,1,1,1,0,2,5,10,0,0,5,1,17,1,7,3,6,7,2,7,13,10,4,0,0,1,10,45
20,6,6,13,5,0,2,2,1,0,1,7,8,0,0,5,1,17,2,5,2,4,5,5,7,12,10,4,0,0,1,10,45
15,3,3,16,6,0,1,2,1,0,1,5,10,0,0,5,1,17,0,4,3,3,4,5,10,12,12,5,0,0,2,11,15
42,3,3,15,7,0,1,1,1,0,1,1,14,0,0,5,1,17,1,3,2,2,3,4,10,11,11,5,0,0,2,11,0
23,3,3,11,6,0,1,1,1,0,1,10,5,0,0,5,1,17,1,3,2,3,3,4,9,10,10,4,0,0,2,10,30
71,3,3,11,5,0,1,1,1,0,1,9,6,0,0,5,1,17,1,3,2,3,3,3,8,9,9,4,0,0,2,10,30
49,2,2,8,5,0,1,1,1,0,1,4,11,0,0,5,1,17,1,2,1,2,2,3,7,9,9,4,0,0,1,10,0
34,0,0,6,6,0,0,1,1,0,1,13,2,0,0,5,1,17,0,1,1,1,1,6,6,11,10,4,0,0,2,9,45
56,0,0,6,6,0,0,1,0,0,1,6,9,0,0,5,1,17,0,1,1,1,1,5,5,10,9,4,0,0,2,9,45
17,0,0,4,5,0,0,1,0,0,1,1,14,0,0,5,1,17,0,1,1,1,1,4,5,9,8,3,0,0,2,9,30
-45,0,0,20,5,0,0,1,0,0,0,14,1,0,0,5,1,17,0,1,1,1,1,3,4,8,7,3,0,0,2,11,45
42,0,0,10,4,0,0,1,0,0,0,11,4,0,0,5,1,17,0,1,1,1,1,2,3,7,6,2,0,0,2,10,15
21,0,0,8,4,0,0,0,0,0,0,3,12,0,0,5,1,17,0,1,1,1,1,1,2,6,5,2,0,0,1,10,0
-13,0,0,0,4,0,0,0,0,0,0,0,44,0,1,5,1,17,0,0,0,0,0,4,5,5,5,2,0,0,2,9,0
62,0,0,4,3,0,0,0,0,0,0,0,69,0,0,5,1,17,0,0,0,0,0,4,4,4,4,1,0,0,2,9,30
22,0,0,2,2,0,0,0,0,0,0,0,73,0,0,5,1,17,0,0,0,0,0,3,3,3,3,1,0,0,2,9,15
54,0,0,2,1,0,0,0,0,0,0,0,73,0,0,5,1,17,0,0,0,0,0,2,2,2,2,0,0,0,2,9,15
51,0,0,0,0,0,0,0,0,0,0,0,75,0,1,5,1,17,0,0,0,0,0,1,1,1,1,0,0,0,2,9,0
6,25,4,58,2,0,2,4,0,0,2,11,4,1,0,4,1,16,3,49,2,5,12,7,10,17,8,3,8,1,2,17,30
3,25,4,56,2,0,2,3,0,0,2,10,5,0,0,4,1,16,3,49,3,5,12,6,9,16,7,3,8,1,2,17,15
13,24,3,52,2,0,2,3,0,0,2,2,13,0,0,4,1,16,3,48,2,6,11,6,9,15,7,3,8,1,1,16,30
3,24,3,52,2,0,2,2,0,0,2,1,14,0,0,4,1,16,3,48,2,6,11,5,8,14,6,3,8,1,1,16,30
-30,23,2,54,2,0,2,2,0,0,1,9,6,0,0,4,1,16,2,48,3,7,12,4,8,13,6,3,8,1,1,16,45
-23,22,1,56,2,0,2,1,0,0,1,4,11,0,0,4,1,16,1,48,4,7,12,3,8,13,6,3,8,1,2,17,15
25,22,1,44,3,0,1,1,0,0,1,14,1,0,0,4,1,16,2,47,3,7,11,2,7,12,5,2,7,1,2,16,0
11,21,0,50,3,0,1,1,0,0,1,3,12,0,0,4,1,16,2,46,4,7,12,4,7,11,5,2,7,0,2,16,15
30,21,1,40,3,0,1,1,0,0,2,13,2,0,0,4,1,16,3,44,4,7,12,5,9,15,5,2,7,2,2,15,30
-89,21,1,55,3,0,0,1,0,0,2,13,2,0,0,4,1,16,3,44,4,7,12,4,8,14,4,1,7,2,2,17,0
7,21,1,44,3,0,0,0,0,0,2,8,7,0,0,4,1,16,3,44,4,7,14,4,7,13,3,1,7,2,2,16,0
51,21,1,36,3,0,1,0,0,0,2,11,4,0,0,4,1,16,3,42,4,6,13,3,6,15,4,2,7,2,2,15,0
-38,21,1,42,3,0,1,0,0,0,2,5,10,0,0,4,1,16,4,41,3,5,12,4,6,14,3,1,7,2,6,15,45
-49,21,1,42,3,0,0,1,0,0,2,13,2,0,0,4,1,16,3,40,3,4,12,4,5,14,4,1,7,2,6,15,45
-165,21,2,58,5,0,0,1,0,0,1,9,6,1,0,4,1,16,3,38,2,5,12,3,7,14,5,2,6,3,2,17,30
-85,21,2,50,4,0,0,1,0,0,1,8,7,0,0,4,1,16,3,38,2,5,13,2,8,13,4,1,6,2,2,16,15
-35,20,3,38,3,0,0,2,0,0,1,0,15,0,0,4,1,16,3,37,1,5,13,2,7,14,4,2,5,2,2,15,15
21,20,4,38,3,0,0,2,0,0,1,37,23,0,0,4,1,16,1,36,3,7,13,6,9,16,6,3,5,2,2,15,15
-64,20,4,36,3,0,1,2,0,0,1,15,45,0,0,4,1,16,2,34,4,8,17,8,10,17,6,3,5,3,2,15,0
-102,20,4,40,3,0,1,2,0,0,0,15,45,0,0,4,1,16,2,34,5,8,17,7,9,16,5,2,5,3,2,15,30
-117,20,5,44,4,0,1,1,0,0,0,10,50,0,0,4,1,16,3,33,4,7,16,6,8,16,4,2,4,3,2,16,0
-13,19,5,35,4,0,1,0,0,0,0,9,51,0,0,4,1,16,2,33,4,7,17,5,7,15,4,1,4,2,2,14,45
6,19,5,33,3,0,1,0,0,0,0,8,52,0,0,4,1,16,2,33,4,8,17,4,6,14,3,1,4,2,1,14,15
-20,17,4,34,2,0,3,1,0,0,0,8,7,0,0,4,1,16,2,30,3,6,15,5,9,16,5,1,4,3,1,14,30
25,17,5,29,1,0,3,1,0,0,0,5,10,0,0,4,1,16,2,30,3,6,16,4,8,15,4,1,4,3,1,13,0
-171,17,5,44,1,0,2,1,0,0,0,4,11,0,0,4,1,16,1,30,3,6,16,3,7,14,4,2,3,3,2,16,0
20,16,4,29,2,0,1,1,0,0,0,1,14,0,0,4,1,16,0,29,5,7,17,3,7,14,5,3,2,2,1,13,0
4,16,4,32,2,0,1,1,0,0,0,10,5,0,0,4,1,16,1,28,4,7,17,4,7,13,4,3,2,1,1,13,15
-176,14,3,44,4,0,2,1,0,0,0,1,14,0,0,4,1,16,3,24,2,9,16,5,9,17,5,4,1,1,2,16,0
30,13,2,20,3,0,2,1,0,0,0,0,15,0,0,4,1,16,2,24,2,9,18,4,8,16,5,3,1,0,2,11,45
13,13,2,27,3,0,1,1,0,0,0,12,3,0,0,4,1,16,2,24,2,9,18,4,8,15,4,3,1,0,3,12,45
-14,13,3,29,2,0,1,1,0,0,0,8,7,0,0,4,1,16,2,24,3,9,18,3,8,14,3,3,1,0,1,13,0
37,12,3,18,3,0,0,1,0,0,0,12,3,0,0,4,1,16,1,23,6,10,18,4,7,15,4,3,1,0,2,11,30
11,12,3,24,3,0,0,1,0,0,0,13,2,0,0,4,1,16,0,22,7,11,18,5,7,17,5,3,1,0,1,12,15
-43,12,4,26,4,0,0,2,0,0,1,3,12,0,0,4,1,16,4,18,4,7,16,5,10,17,4,2,1,0,2,12,30
189,12,5,2,4,0,0,2,0,0,1,13,2,0,0,4,1,16,4,17,4,8,15,4,9,16,4,1,1,0,2,9,15
-16,11,5,22,3,0,0,3,0,0,1,5,10,0,0,4,1,16,3,16,4,8,15,3,8,16,5,1,1,0,2,12,0
-72,11,6,27,4,0,0,3,0,0,0,13,2,0,0,4,1,16,4,15,4,9,14,3,8,17,4,1,1,0,3,12,45
-37,11,6,22,3,0,0,3,0,0,0,10,5,0,0,4,1,16,4,15,4,9,14,2,7,16,3,1,1,0,2,12,0
-9,9,5,24,4,0,1,2,0,0,1,2,13,0,0,4,1,16,3,12,4,8,12,6,11,17,6,3,1,1,1,12,15
-55,9,5,20,5,0,1,2,0,0,0,9,6,0,0,4,1,16,2,11,5,8,11,5,11,18,7,4,1,1,2,11,45
-17,9,5,16,4,0,1,2,0,0,0,8,7,0,0,4,1,16,2,11,5,8,11,4,10,17,6,4,1,1,2,11,15
10,9,6,16,3,0,1,2,0,0,0,6,9,0,0,4,1,16,2,11,5,8,11,4,9,16,5,4,1,1,2,11,15
-18,9,6,14,3,0,0,2,0,0,0,4,11,0,0,4,1,16,2,11,6,9,11,3,8,15,4,3,1,1,2,11,0
4,5,3,11,3,0,0,3,1,0,0,2,13,0,0,4,1,16,1,8,4,7,8,5,8,16,7,5,1,1,1,10,30
6,5,4,14,4,0,0,2,1,0,1,6,9,0,0,4,1,16,2,6,3,6,6,6,9,15,7,4,1,1,2,11,0
-345,4,4,44,5,0,0,1,1,0,1,0,15,0,0,4,1,16,1,5,3,5,5,5,10,14,8,4,0,1,2,16,0
40,4,4,11,4,0,0,1,1,0,1,11,4,0,0,4,1,16,1,5,3,5,5,4,9,13,7,4,0,0,1,10,30
-43,4,4,13,4,0,0,1,1,0,0,10,5,0,0,4,1,16,1,5,3,5,5,3,8,12,6,3,0,0,2,10,45
18,4,4,8,5,0,0,1,0,0,0,2,13,0,0,4,1,16,1,4,3,4,4,3,7,11,6,3,0,0,1,10,0
18,4,4,10,4,0,0,1,0,0,0,11,4,0,0,4,1,16,1,4,3,4,4,4,6,10,5,2,0,0,2,10,15
42,3,3,6,4,0,0,1,0,0,1,7,8,0,0,4,1,16,1,2,2,2,2,5,8,9,6,3,0,0,2,9,45
15,2,2,6,4,0,0,1,0,0,1,0,15,0,0,4,1,16,1,1,1,1,1,4,8,8,6,4,0,0,2,9,45
-50,2,2,18,4,0,0,0,0,0,1,0,15,0,0,4,1,16,1,1,1,1,1,3,7,7,5,4,0,0,2,11,30
-12,1,1,8,3,0,1,0,0,0,1,4,11,0,0,4,1,16,1,0,0,0,0,4,6,6,5,4,0,0,1,10,0
7,0,0,2,3,0,1,0,0,0,0,1,14,0,0,4,1,16,0,0,0,0,0,4,5,5,5,4,0,0,2,9,15
7,0,0,4,2,0,1,0,0,0,0,0,19,0,0,4,1,16,0,0,0,0,0,4,4,4,4,3,0,0,2,9,30
-5,0,0,4,1,0,1,0,0,0,0,0,20,0,0,4,1,16,0,0,0,0,0,3,3,3,3,2,0,0,2,9,30
9,0,0,0,0,0,1,0,0,0,0,0,27,0,1,4,1,16,0,0,0,0,0,2,2,2,2,2,0,0,2,9,0
3,0,0,0,0,0,0,0,0,0,0,0,41,0,1,4,1,16,0,0,0,0,0,1,1,1,1,1,0,0,2,9,0
6,20,4,49,2,0,1,0,0,0,2,13,2,0,0,3,1,15,2,48,3,7,14,5,7,13,4,1,9,5,2,17,15
-27,20,5,52,2,0,0,1,1,0,2,6,9,1,0,3,1,15,3,46,1,5,13,5,8,13,4,1,8,4,2,17,30
-32,19,4,52,2,0,0,1,1,0,1,1,14,1,0,3,1,15,2,46,2,5,15,4,7,12,4,1,7,3,2,17,30
11,18,3,49,1,0,0,1,1,0,1,4,11,0,0,3,1,15,0,46,4,9,16,3,7,12,5,2,7,2,2,17,15
7,18,3,48,0,0,0,1,1,0,1,1,14,0,0,3,1,15,0,46,4,9,16,3,6,11,4,1,6,2,3,17,0
3,18,3,46,0,0,0,1,2,0,0,10,5,0,0,3,1,15,1,45,4,8,15,4,7,12,3,1,5,1,1,16,45
-36,16,2,49,2,0,0,1,2,0,0,17,13,0,0,3,1,15,1,42,5,8,13,4,7,14,5,2,5,0,2,17,15
3,16,2,43,3,0,0,1,1,0,0,11,19,0,0,3,1,15,2,41,4,7,12,5,6,14,4,2,5,0,1,16,15
13,16,2,45,3,0,0,0,1,0,0,10,20,0,0,3,1,15,2,41,4,8,12,4,5,13,3,1,5,0,2,16,30
34,15,1,38,2,0,0,0,1,0,0,14,1,0,0,3,1,15,0,41,7,10,13,4,5,14,4,1,5,0,3,15,30
-34,15,1,46,3,0,1,1,1,0,0,13,2,0,0,3,1,15,3,37,3,7,9,3,6,13,4,1,5,1,1,16,45
-27,15,1,43,3,0,1,1,0,0,0,12,3,0,0,3,1,15,3,37,3,7,9,2,6,12,3,1,5,2,1,16,15
-11,15,1,40,2,0,1,1,0,0,0,10,5,0,0,3,1,15,3,37,4,7,9,1,5,11,2,1,5,2,2,15,45
22,14,0,38,3,0,2,2,0,0,0,7,8,0,0,3,1,15,3,33,3,4,8,5,8,10,5,3,5,2,3,15,30
-53,14,0,40,3,0,2,2,0,0,1,21,4,0,0,3,1,15,5,31,1,3,7,6,9,10,4,2,4,2,2,15,45
8,14,0,36,3,0,2,2,0,0,1,9,16,0,0,3,1,15,5,30,1,2,8,5,8,10,4,2,4,1,2,15,15
-22,14,1,34,3,0,2,2,0,0,0,7,18,0,0,3,1,15,5,30,1,2,8,5,7,9,3,2,3,1,2,15,0
-35,14,1,34,3,0,1,2,0,0,0,2,23,0,0,3,1,15,4,30,1,2,8,4,6,8,3,2,3,0,2,15,0
-2,14,1,32,2,0,1,2,0,0,0,1,4,0,0,3,1,15,3,30,2,3,9,5,5,7,3,1,3,0,1,14,20
-41,14,1,40,1,0,1,2,0,0,0,0,5,0,0,3,1,15,3,30,2,3,9,4,4,6,2,1,3,0,2,15,45
-31,14,3,33,0,0,2,2,0,0,0,27,18,0,0,3,1,15,2,29,1,4,9,3,3,5,3,1,3,0,2,14,45
-12,14,4,36,0,0,2,1,0,0,0,18,27,0,0,3,1,15,2,29,1,4,10,2,2,5,2,0,3,0,2,15,15
-8,14,4,31,1,0,1,1,0,0,0,17,28,0,0,3,1,15,3,28,0,3,9,1,2,4,1,0,3,0,1,14,15
5,10,3,28,2,0,1,1,1,0,0,3,12,0,0,3,1,15,1,25,4,6,15,2,3,12,5,2,3,0,1,13,0
28,8,1,24,3,0,0,2,2,0,0,14,1,0,0,3,1,15,2,22,2,6,13,1,7,12,6,3,3,2,2,12,30
29,7,2,28,2,0,1,2,2,0,1,11,4,0,0,3,1,15,1,20,4,8,16,6,10,15,8,5,3,3,1,13,0
-39,7,4,26,2,0,2,2,2,0,0,1,14,0,0,3,1,15,1,19,4,9,16,5,9,17,8,4,2,3,2,12,45
15,7,4,22,2,0,2,2,1,0,0,0,15,0,0,3,1,15,1,19,5,9,16,4,8,16,7,3,2,2,2,12,15
29,7,4,22,2,0,2,2,0,0,0,14,1,0,0,3,1,15,1,19,5,9,16,3,7,15,6,3,2,2,2,12,15
-24,7,4,30,1,0,2,2,0,0,0,13,2,0,0,3,1,15,1,19,5,9,16,2,6,14,5,2,2,2,1,13,30
3,7,4,26,2,0,2,1,0,0,0,11,4,0,0,3,1,15,2,18,4,8,15,1,5,13,4,2,1,2,2,12,45
-13,5,4,24,3,0,3,1,1,0,0,10,5,0,0,3,1,15,2,14,4,7,11,4,7,18,7,4,1,1,2,12,30
28,5,4,20,3,0,3,1,1,0,0,8,7,0,0,3,1,15,2,13,3,7,10,4,7,17,7,4,1,1,2,12,0
-10,5,4,18,3,0,2,1,1,0,0,6,9,0,0,3,1,15,1,13,3,7,10,3,6,16,7,5,1,1,2,11,45
-14,5,4,20,3,0,1,1,1,0,0,4,11,0,0,3,1,15,1,13,3,7,11,2,5,15,6,5,0,1,2,12,0
22,3,3,13,5,0,0,1,1,0,1,8,7,0,0,3,1,15,2,10,4,7,10,4,8,16,7,6,0,0,2,11,0
-8,1,1,18,7,0,0,1,1,0,1,0,15,0,0,3,1,15,2,7,4,4,7,7,11,17,9,7,0,0,2,11,45
22,1,1,13,7,0,0,1,0,0,1,11,4,0,0,3,1,15,1,7,4,4,7,6,12,17,9,7,0,0,2,11,0
-22,1,1,17,7,0,0,1,0,0,1,8,7,0,0,3,1,15,2,6,3,3,6,5,11,16,8,6,0,0,2,11,30
-58,1,1,15,6,0,0,1,0,0,1,3,12,0,0,3,1,15,1,6,3,4,6,4,10,15,8,6,0,0,1,11,15
5,1,1,11,8,0,0,0,0,0,1,10,5,0,0,3,1,15,2,4,1,4,4,5,9,14,8,5,0,0,2,10,45
-48,1,1,11,8,0,0,0,0,0,1,6,9,0,0,3,1,15,3,3,0,3,3,6,9,13,7,5,0,0,2,10,45
-24,0,0,10,7,0,0,0,0,0,1,3,12,0,0,3,1,15,2,3,0,3,3,5,8,12,7,5,0,0,2,10,30
68,0,0,4,6,0,0,0,0,0,1,1,14,0,0,3,1,15,0,3,1,3,3,6,8,11,8,6,0,0,2,9,30
-13,0,0,7,5,0,0,0,0,0,1,11,4,0,0,3,1,15,0,3,3,3,3,5,7,10,7,6,0,0,2,10,0
-3,0,0,8,4,0,0,0,0,0,1,8,7,0,0,3,1,15,0,3,3,3,3,5,6,9,6,5,0,0,1,10,15
-9,0,0,15,3,0,0,0,0,0,1,6,9,0,0,3,1,15,0,3,3,3,3,4,5,8,5,4,0,0,1,11,15
66,0,0,5,3,0,0,0,0,0,0,12,3,0,0,3,1,15,0,3,3,3,3,3,7,7,4,3,0,0,1,9,45
17,0,0,8,2,0,0,0,0,0,0,12,3,0,0,3,1,15,0,3,3,3,3,3,6,6,3,2,0,0,1,10,15
-12,0,0,5,2,0,1,0,0,0,1,0,6,0,0,3,1,15,2,0,0,0,0,2,5,5,3,2,0,0,1,9,45
-19,0,0,2,1,0,1,0,0,0,1,0,18,0,0,3,1,15,0,0,0,0,0,4,4,4,4,2,0,0,1,9,15
-10,0,0,0,1,0,1,0,0,0,0,0,39,0,1,3,1,15,0,0,0,0,0,3,3,3,3,1,0,0,2,9,0
50,0,0,0,0,0,1,0,0,0,0,0,42,0,1,3,1,15,0,0,0,0,0,2,2,2,2,0,0,0,2,9,0
-25,0,0,2,0,0,0,0,0,0,0,0,47,0,0,3,1,15,0,0,0,0,0,1,1,1,1,0,0,0,1,9,15
-2,23,3,51,7,0,0,0,0,0,1,0,15,1,0,2,1,14,2,44,2,3,11,1,5,14,7,2,8,1,2,17,30
0,20,1,49,8,0,0,0,0,0,1,13,2,0,0,2,1,14,1,42,2,5,12,5,7,16,9,2,8,1,2,17,15
4,20,1,47,7,0,0,0,0,0,1,9,6,0,0,2,1,14,1,42,3,5,12,4,6,15,8,2,8,1,2,17,0
77,20,1,45,6,0,1,0,0,0,1,6,9,0,0,2,1,14,1,41,3,7,12,3,9,17,8,3,8,3,2,16,45
16,20,1,47,5,0,1,0,0,0,1,3,12,0,0,2,1,14,1,41,3,7,12,3,10,16,7,3,8,3,2,17,0
59,20,2,49,5,0,1,0,0,0,1,13,2,0,0,2,1,14,2,40,3,7,12,3,9,15,6,3,7,3,2,17,15
104,20,2,31,6,0,1,0,0,0,1,4,11,0,0,2,1,14,2,38,4,7,11,8,10,17,7,4,7,3,2,14,45
38,19,1,40,6,0,1,0,0,0,1,0,15,0,0,2,1,14,1,37,4,6,10,7,10,16,8,5,7,3,2,16,0
-7,19,1,38,5,0,1,0,0,0,1,3,12,0,0,2,1,14,0,37,5,8,12,7,10,15,8,6,7,3,1,15,45
-1,19,1,38,5,0,1,0,0,0,1,0,15,0,0,2,1,14,1,36,4,7,11,6,10,14,7,5,7,3,1,15,45
0,19,1,36,5,0,1,0,0,0,0,14,1,0,0,2,1,14,1,36,4,7,12,5,9,13,6,4,6,3,2,15,30
-23,19,1,43,6,0,0,0,0,0,0,12,3,0,0,2,1,14,2,35,3,6,11,4,8,12,5,4,5,2,2,16,30
-43,19,1,41,6,0,0,0,0,0,0,5,10,0,0,2,1,14,2,34,2,5,11,4,8,11,5,4,5,1,2,16,15
1,19,1,45,5,0,0,0,0,0,0,5,10,0,0,2,1,14,2,34,2,5,11,3,7,10,4,3,5,1,2,16,45
147,18,0,35,4,0,0,1,0,0,0,7,8,0,0,2,1,14,2,33,3,5,10,4,6,9,4,3,4,1,2,15,15
-23,18,0,36,4,0,0,1,0,0,0,6,9,0,0,2,1,14,1,32,3,5,11,5,7,10,5,4,4,2,2,15,30
-127,18,1,51,4,0,0,1,0,0,0,4,11,1,0,2,1,14,2,31,2,4,10,4,7,9,4,3,4,3,2,17,30
-9,18,2,33,4,0,0,1,0,0,0,9,6,0,0,2,1,14,1,30,2,3,9,3,6,8,5,4,4,3,1,15,0
2,18,2,33,3,0,1,1,0,0,0,2,13,0,0,2,1,14,2,29,2,4,9,3,5,7,4,3,4,3,1,15,0
-2,18,2,30,2,0,1,1,0,0,0,41,4,0,0,2,1,14,0,29,2,5,9,2,4,6,5,3,4,3,2,14,30
-122,18,4,41,3,0,0,2,0,0,0,18,27,0,0,2,1,14,2,27,2,4,11,3,4,9,4,2,3,3,2,16,15
-111,18,4,43,2,0,0,2,0,0,0,10,35,0,0,2,1,14,2,27,3,5,12,2,4,10,3,2,2,2,2,16,30
-18,18,4,31,2,0,0,1,0,0,0,6,39,0,0,2,1,14,2,27,3,6,12,1,3,10,2,1,1,1,2,14,45
-10,14,2,28,3,0,0,2,1,0,0,3,12,0,0,2,1,14,0,23,3,7,13,2,6,15,7,2,1,1,1,13,30
-1,14,2,29,2,0,0,2,1,0,0,2,13,0,0,2,1,14,0,23,3,8,13,1,5,15,6,2,1,1,1,14,15
-16,13,5,23,4,0,0,2,1,0,0,7,8,0,0,2,1,14,1,20,5,10,15,7,9,15,7,4,1,1,2,12,45
25,13,5,21,7,0,0,2,0,0,0,1,14,0,0,2,1,14,3,17,4,7,14,6,8,14,7,3,1,1,2,12,30
13,12,4,19,6,0,0,2,0,0,0,9,6,0,0,2,1,14,2,17,4,7,15,5,10,13,7,2,1,1,2,12,15
32,12,4,25,5,0,0,2,0,0,0,5,10,0,0,2,1,14,2,16,5,7,15,4,10,12,6,1,0,1,1,13,0
65,11,4,21,6,0,0,1,1,0,0,0,15,0,0,2,1,14,2,15,3,5,14,5,10,11,7,3,0,0,2,12,30
6,10,3,25,6,0,0,0,1,0,0,10,5,0,0,2,1,14,1,15,3,7,15,4,10,13,7,4,0,0,1,13,0
-23,10,3,27,5,0,0,0,1,0,0,7,8,0,0,2,1,14,1,15,5,7,15,3,9,12,6,4,0,0,1,13,15
28,8,2,13,6,0,1,0,1,0,0,4,11,0,0,2,1,14,2,12,2,6,12,6,8,15,7,3,0,0,2,11,15
-10,8,2,18,5,0,1,0,1,0,0,1,14,0,0,2,1,14,2,12,2,6,12,6,7,15,6,2,0,0,2,12,0
-15,8,4,15,5,0,1,1,1,0,0,14,1,0,0,2,1,14,2,10,3,7,10,6,6,14,7,3,0,0,1,11,30
26,8,4,11,5,0,0,1,1,0,0,13,2,0,0,2,1,14,2,10,3,7,10,5,5,13,6,2,0,0,2,11,0
2,8,4,17,4,0,0,1,1,0,0,12,3,0,0,2,1,14,2,10,3,7,10,4,4,12,5,2,0,0,1,11,45
-12,8,5,19,3,0,0,1,1,0,0,8,7,0,0,2,1,14,2,10,4,8,10,3,3,11,4,1,0,0,2,12,15
27,8,5,15,2,0,0,1,1,0,0,2,13,0,0,2,1,14,2,10,4,8,10,2,2,11,3,1,0,0,1,11,30
18,7,4,13,2,0,0,1,0,0,0,14,1,0,0,2,1,14,1,9,4,9,10,1,1,10,3,1,0,0,2,11,15
1,3,3,9,10,0,0,1,1,0,0,12,3,0,0,2,1,14,3,0,0,0,0,8,9,13,10,6,0,0,1,10,30
-90,3,3,23,9,0,0,1,1,0,0,12,3,0,0,2,1,14,3,0,0,0,0,7,8,12,9,5,0,0,2,12,45
-21,3,3,11,9,0,0,0,1,0,0,11,4,0,0,2,1,14,3,0,0,0,0,6,8,11,8,4,0,0,2,11,0
-13,1,1,10,8,0,0,0,1,0,0,1,14,0,0,2,1,14,1,0,0,0,0,5,7,10,9,5,0,0,2,10,45
-2,1,1,7,8,0,0,0,0,0,0,0,15,0,0,2,1,14,1,0,0,0,0,4,6,9,8,4,0,0,1,10,15
77,1,1,3,7,0,0,0,0,0,0,12,3,0,0,2,1,14,1,0,0,0,0,3,5,8,7,3,0,0,1,9,30
5,0,0,5,6,0,0,0,0,0,0,5,10,0,0,2,1,14,0,0,0,0,0,3,5,7,7,3,0,0,2,10,0
3,0,0,5,5,0,0,0,0,0,0,1,14,0,0,2,1,14,0,0,0,0,0,2,4,6,6,3,0,0,2,10,0
23,0,0,0,4,0,0,0,0,0,0,0,10,0,1,2,1,14,0,0,0,0,0,3,4,5,5,2,0,0,2,9,0
16,0,0,1,3,0,0,0,0,0,0,0,19,0,0,2,1,14,0,0,0,0,0,3,4,4,4,2,0,0,1,9,15
8,0,0,4,2,0,0,0,0,0,0,0,37,0,0,2,1,14,0,0,0,0,0,2,3,3,3,2,0,0,2,9,45
22,0,0,1,1,0,0,0,0,0,0,0,45,0,0,2,1,14,0,0,0,0,0,2,2,2,2,1,0,0,1,9,15
-32,0,0,7,0,0,0,0,0,0,0,0,70,0,0,2,1,14,0,0,0,0,0,1,1,1,1,0,0,0,1,10,15
50,33,0,43,0,0,0,0,0,0,0,47,0,1,0,6,1,11,0,44,0,3,8,1,1,3,1,0,4,0,1,17,30
-15,31,4,43,3,0,0,0,0,0,0,0,15,1,0,6,1,11,1,40,5,6,11,2,6,9,3,3,4,1,1,17,30
59,30,4,39,5,0,0,0,0,0,0,13,17,0,0,6,1,11,2,37,2,4,10,3,5,8,4,4,3,1,2,16,15
-30,28,3,42,4,0,0,2,0,0,0,12,3,0,0,6,1,11,2,35,1,4,9,4,5,7,5,3,3,0,2,17,0
13,28,3,40,3,0,0,2,0,0,0,5,10,0,0,6,1,11,1,35,2,5,9,3,5,7,5,3,3,1,1,16,45
24,28,3,38,2,0,0,2,0,0,0,12,3,0,0,6,1,11,1,35,2,5,10,2,4,7,4,2,3,1,1,16,0
37,27,2,36,1,0,0,3,0,0,0,2,13,0,0,6,1,11,1,34,2,5,10,2,3,8,4,2,3,1,1,15,45
58,26,2,36,0,0,0,4,0,0,0,11,4,0,0,6,1,11,1,33,3,6,11,2,3,9,4,3,3,1,1,15,45
-39,25,2,40,1,0,1,3,0,0,0,24,6,0,0,6,1,11,2,31,4,5,11,2,3,8,4,3,2,1,1,16,45
-30,24,4,34,2,0,0,3,1,0,0,1,29,0,0,6,1,11,1,29,3,5,10,1,5,8,6,3,2,1,2,15,30
24,23,6,34,3,0,0,3,1,0,1,71,19,0,0,6,1,11,2,26,3,6,11,4,6,10,7,4,2,1,2,15,30
28,22,6,32,4,0,0,2,1,0,1,62,28,0,0,6,1,11,2,25,2,6,11,4,5,10,7,4,2,1,2,15,15
-19,22,7,32,3,0,0,2,1,0,1,51,39,0,0,6,1,11,2,25,4,6,12,4,4,9,6,3,1,1,2,15,15
17,20,5,29,3,0,0,2,1,0,1,48,42,0,0,6,1,11,1,24,3,5,11,3,3,8,7,3,1,0,2,14,30
-11,20,6,30,4,0,0,2,1,0,0,34,56,0,0,6,1,11,2,23,4,6,12,2,4,8,6,3,1,0,2,14,45
33,18,5,30,4,0,0,1,2,0,0,26,64,0,0,6,1,11,1,22,3,6,11,1,3,8,7,2,1,0,2,14,45
62,15,5,27,6,0,1,1,1,0,0,1,14,0,0,6,1,11,1,19,4,6,11,4,5,10,9,4,1,0,1,13,0
50,14,6,27,7,0,2,0,1,0,0,7,8,0,0,6,1,11,2,17,3,5,10,4,5,9,9,4,1,0,1,13,0
-8,13,5,25,7,0,1,1,1,0,0,10,5,0,0,6,1,11,1,16,2,5,10,3,5,12,10,5,1,0,2,12,45
115,13,6,23,6,0,1,1,1,0,0,6,9,0,0,6,1,11,1,16,3,6,10,2,4,11,9,4,1,0,2,12,30
42,12,6,25,6,0,1,1,1,0,0,9,6,0,0,6,1,11,1,15,3,5,10,1,4,13,9,5,1,0,2,12,45
91,8,4,17,9,0,1,1,0,0,0,8,7,0,0,6,1,11,0,12,2,5,9,3,5,15,12,6,1,0,2,11,45
80,8,5,23,8,0,1,2,0,0,0,1,14,0,0,6,1,11,1,11,2,4,9,2,7,15,11,5,1,0,2,12,30
79,7,5,21,8,0,1,2,0,0,0,2,13,0,0,6,1,11,1,10,2,5,8,3,8,14,11,4,1,1,2,12,15
24,6,4,14,7,0,1,3,0,0,0,12,3,0,0,6,1,11,1,9,3,4,9,5,9,14,11,5,1,1,1,11,15
67,5,4,19,6,0,1,3,0,0,0,4,11,0,0,6,1,11,0,9,3,5,9,5,9,14,11,5,1,1,2,12,0
25,4,4,16,7,0,1,3,0,0,0,7,8,0,0,6,1,11,1,7,2,4,7,7,10,16,11,4,1,1,2,11,30
49,4,4,12,6,0,1,3,0,0,0,5,10,0,0,6,1,11,1,7,2,5,7,6,9,15,10,4,1,1,2,11,0
27,4,4,17,5,0,1,3,0,0,0,3,12,0,0,6,1,11,1,7,2,5,7,5,9,14,9,4,1,1,2,11,45
38,3,3,19,6,0,0,3,0,0,0,11,4,0,0,6,1,11,1,6,1,4,6,4,8,14,9,3,0,1,2,12,0
8,2,2,14,7,0,0,2,0,0,0,2,13,0,0,6,1,11,1,5,2,3,5,4,7,13,9,3,0,0,1,11,15
135,2,2,7,6,0,0,2,0,0,0,0,15,0,0,6,1,11,1,5,2,3,5,3,6,13,8,3,0,0,2,10,15
36,2,2,21,5,0,0,2,0,0,0,11,4,0,0,6,1,11,1,5,2,4,5,3,6,12,7,3,0,0,2,12,15
12,1,1,12,4,0,0,2,0,0,0,5,10,0,0,6,1,11,0,5,3,5,5,4,6,11,7,3,0,0,2,11,0
58,1,1,11,6,0,0,1,0,0,0,13,2,0,0,6,1,11,2,3,2,3,3,3,5,11,6,2,0,0,2,10,45
16,0,0,9,5,0,0,1,0,0,0,11,4,0,0,6,1,11,1,3,2,3,3,3,5,10,6,2,0,0,1,10,30
19,0,0,9,6,0,0,0,0,0,0,3,12,0,0,6,1,11,2,2,1,2,2,2,6,9,5,2,0,0,1,10,30
32,0,0,4,6,0,0,0,0,0,0,12,3,0,0,6,1,11,1,1,1,1,1,2,7,8,6,4,0,0,2,9,45
-27,0,0,5,5,0,0,1,0,0,0,0,6,0,0,6,1,11,1,0,0,0,0,5,6,7,6,4,0,0,2,10,0
32,0,0,5,4,0,0,1,0,0,0,0,19,0,0,6,1,11,0,0,0,0,0,5,6,6,6,3,0,0,2,10,0
-25,0,0,2,3,0,0,1,0,0,0,0,20,0,0,6,1,11,0,0,0,0,0,4,5,5,5,3,0,0,1,9,30
-53,0,0,7,2,0,0,1,0,0,0,0,21,0,0,6,1,11,0,0,0,0,0,3,4,4,4,3,0,0,2,10,15
21,0,0,2,1,0,0,1,0,0,0,0,31,0,0,6,1,11,0,0,0,0,0,2,3,3,3,2,0,0,1,9,30
27,0,0,1,0,0,0,1,0,0,0,0,43,0,0,6,1,11,0,0,0,0,0,2,2,2,2,1,0,0,2,9,15
-9,0,0,0,0,0,0,0,0,0,0,0,71,0,1,6,1,11,0,0,0,0,0,1,1,1,1,0,0,0,1,9,0
27,28,4,47,2,0,0,4,0,0,2,14,1,0,0,5,1,10,2,48,5,7,11,3,7,16,7,5,4,2,2,16,15
10,28,4,56,2,0,0,4,0,0,2,10,5,1,0,5,1,10,2,47,4,6,10,4,7,16,7,4,4,1,1,17,30
34,28,5,54,2,0,0,4,0,0,2,13,2,0,0,5,1,10,2,46,5,6,12,4,8,16,7,4,3,1,1,17,15
2,25,2,51,3,0,1,5,0,0,1,11,4,0,0,5,1,10,2,43,2,4,10,5,8,16,9,5,3,0,1,16,45
50,25,2,47,2,0,1,5,0,0,1,11,4,0,0,5,1,10,2,43,2,4,10,4,7,15,8,4,3,0,2,16,15
24,25,2,53,2,0,1,4,0,0,2,2,13,0,0,5,1,10,3,42,2,4,10,4,6,15,7,4,3,0,2,17,0
-11,24,2,54,3,0,1,3,0,0,2,0,15,0,0,5,1,10,1,41,1,4,11,4,10,14,9,7,3,2,1,17,15
-17,24,2,51,2,0,1,3,0,0,2,13,2,0,0,5,1,10,1,41,2,4,11,4,9,13,8,6,3,2,1,16,45
47,24,2,40,3,0,0,3,0,0,2,7,8,0,0,5,1,10,2,40,1,6,11,3,9,13,7,6,3,2,1,15,15
14,23,1,42,3,0,0,3,0,0,1,1,14,0,0,5,1,10,1,40,2,6,12,2,9,12,7,5,3,2,2,15,30
-28,23,1,45,3,0,0,3,0,0,1,0,15,0,0,5,1,10,2,39,2,6,12,6,9,11,6,4,3,2,2,16,0
35,23,2,37,3,0,0,3,0,0,1,0,15,0,0,5,1,10,1,38,4,6,12,7,9,11,7,4,3,2,1,14,45
-2,23,3,39,3,0,0,3,0,0,0,8,7,0,0,5,1,10,1,38,4,7,14,6,8,11,6,4,3,2,2,15,0
16,23,3,43,2,0,0,3,0,0,0,8,7,0,0,5,1,10,1,38,5,7,14,5,7,10,5,3,3,2,2,15,45
-17,23,4,49,2,0,0,2,0,0,0,7,8,0,0,5,1,10,1,38,5,7,14,4,6,10,4,2,2,2,2,16,30
9,23,4,45,2,0,0,1,0,0,0,6,9,0,0,5,1,10,1,38,5,7,14,3,5,9,3,1,1,1,2,16,0
-26,22,3,40,1,0,1,1,0,0,0,13,2,0,0,5,1,10,1,37,4,7,14,3,4,9,3,2,1,0,1,15,15
-14,22,4,43,3,0,2,0,0,0,0,1,14,0,0,5,1,10,3,34,2,5,13,3,4,9,3,3,1,0,2,15,45
2,22,5,36,3,0,2,0,0,0,0,36,9,0,0,5,1,10,4,33,2,6,13,2,3,9,2,2,1,0,2,14,30
-19,21,5,37,4,0,1,0,0,0,0,18,27,0,0,5,1,10,3,32,3,6,13,2,2,8,3,2,1,0,1,14,45
-9,19,4,35,4,0,1,0,1,0,0,11,4,0,0,5,1,10,3,30,4,8,13,1,5,10,4,3,1,0,1,14,15
23,16,5,33,5,0,2,1,1,0,0,3,12,0,0,5,1,10,2,26,5,7,15,5,6,16,8,5,1,0,1,13,15
-5,15,4,34,4,0,2,1,1,0,0,14,1,0,0,5,1,10,1,26,5,8,15,4,6,15,8,5,1,1,1,13,30
57,15,4,28,5,0,2,1,1,0,0,8,7,0,0,5,1,10,3,24,4,6,13,4,5,14,7,5,1,1,3,12,45
56,15,6,30,4,0,2,1,1,0,0,13,2,0,0,5,1,10,3,24,5,7,13,3,6,15,6,4,1,1,1,13,0
11,14,5,30,5,0,3,1,1,0,0,7,8,0,0,5,1,10,4,21,2,4,11,2,5,14,7,5,1,1,1,13,0
49,13,5,26,6,0,3,1,0,0,0,10,5,0,0,5,1,10,3,20,2,5,12,2,5,15,8,5,1,1,2,12,30
-208,11,5,49,6,0,2,2,0,0,0,2,13,0,0,5,1,10,1,19,4,8,14,4,10,19,10,7,0,1,2,16,30
-32,10,4,30,6,0,2,2,0,0,0,4,11,0,0,5,1,10,1,18,4,7,15,4,10,19,10,8,0,0,1,13,0
39,9,4,24,7,0,2,1,0,0,0,13,2,0,0,5,1,10,1,17,5,6,14,4,10,18,10,8,0,0,2,12,15
-1,8,3,22,6,0,2,1,0,0,0,4,11,0,0,5,1,10,0,17,6,7,15,6,9,19,10,8,0,0,2,12,0
2,8,5,28,7,0,2,1,0,0,0,5,10,0,0,5,1,10,1,15,4,8,15,7,11,18,10,8,0,0,3,12,45
-13,7,4,26,8,0,2,2,0,0,0,14,1,0,0,5,1,10,3,12,1,5,12,7,12,19,10,8,0,0,2,12,30
20,7,4,19,8,0,1,2,0,0,0,13,2,0,0,5,1,10,3,12,1,5,12,6,11,18,9,7,0,0,1,11,30
26,6,3,21,8,0,0,2,0,0,0,12,3,0,0,5,1,10,2,12,1,6,12,5,10,17,9,6,0,0,2,11,45
9,6,3,24,8,0,0,2,0,0,0,5,10,0,0,5,1,10,2,11,1,5,11,4,10,17,9,6,0,0,2,12,15
4,6,3,19,7,0,0,2,0,0,0,3,12,0,0,5,1,10,2,11,1,5,11,4,10,16,8,5,0,0,1,11,30
1,6,4,22,6,0,0,2,0,0,0,5,10,0,0,5,1,10,2,11,4,7,11,5,10,15,7,4,0,0,2,12,0
27,6,4,11,5,0,0,2,0,0,0,2,13,0,0,5,1,10,1,11,4,8,11,5,9,15,7,4,0,0,2,10,30
-9,5,4,15,5,0,0,2,0,0,0,4,11,0,0,5,1,10,1,10,4,8,10,7,10,14,7,4,0,0,2,11,0
14,5,4,17,6,0,0,1,0,0,0,12,3,0,0,5,1,10,2,9,5,7,9,6,9,14,6,4,0,0,2,11,15
22,5,4,15,6,0,0,1,0,0,0,10,5,0,0,5,1,10,3,8,4,7,8,6,8,13,5,3,0,0,2,11,0
-11,3,3,13,6,0,0,0,0,0,1,2,13,0,0,5,1,10,2,7,4,7,7,5,9,12,6,2,0,0,2,10,45
34,3,3,11,5,0,0,0,0,0,1,0,15,0,0,5,1,10,1,7,4,7,7,4,8,12,6,2,0,0,2,10,30
31,3,3,7,5,0,0,0,0,0,1,12,3,0,0,5,1,10,2,6,4,6,6,4,7,13,5,1,0,0,2,10,0
25,3,3,5,4,0,0,0,0,0,1,5,10,0,0,5,1,10,2,6,4,6,6,4,7,12,4,1,0,0,2,9,45
-15,3,3,9,6,0,0,0,0,0,0,12,3,0,0,5,1,10,2,4,2,4,4,3,6,11,5,2,0,0,2,10,15
-59,2,2,13,6,0,1,0,0,0,0,12,3,0,0,5,1,10,3,2,2,2,2,4,6,10,5,3,0,0,2,10,45
22,2,2,5,5,0,1,0,0,0,0,11,4,0,0,5,1,10,2,2,2,2,2,3,5,9,5,4,0,0,2,9,45
-8,1,1,17,5,0,1,0,0,0,0,5,10,0,0,5,1,10,2,0,0,0,0,3,5,8,6,6,0,0,2,11,15
-33,1,1,7,5,0,1,0,0,0,0,5,10,0,0,5,1,10,2,0,0,0,0,3,5,8,6,6,0,0,2,10,0
10,0,0,3,4,0,1,0,0,0,0,0,9,0,0,5,1,10,0,0,0,0,0,2,6,6,6,6,0,0,2,9,30
-26,0,0,9,3,0,1,0,0,0,0,0,27,0,0,5,1,10,0,0,0,0,0,2,5,5,5,5,0,0,2,10,15
-38,0,0,3,2,0,1,0,0,0,0,0,43,0,0,5,1,10,0,0,0,0,0,4,4,4,4,4,0,0,2,9,30
-1,0,0,2,2,0,0,0,0,0,0,0,60,0,0,5,1,10,0,0,0,0,0,3,3,3,3,3,0,0,2,9,15
4,0,0,0,1,0,0,0,0,0,0,0,62,0,1,5,1,10,0,0,0,0,0,2,2,2,2,2,0,0,1,9,0
24,0,0,0,0,0,0,0,0,0,0,0,63,0,1,5,1,10,0,0,0,0,0,1,1,1,1,1,0,0,1,9,0
-12,23,1,55,4,0,1,2,0,0,1,1,14,1,0,4,1,9,2,48,3,7,13,1,10,17,7,5,10,4,2,17,15
-28,22,3,52,9,0,0,2,0,0,1,9,6,0,0,4,1,9,3,43,3,7,11,9,13,20,10,7,9,5,1,16,45
12,22,3,55,8,0,0,2,0,0,1,7,8,1,0,4,1,9,2,43,4,7,11,8,13,19,10,8,8,4,2,17,15
-9,22,3,54,7,0,0,2,0,0,1,7,8,0,0,4,1,9,2,43,4,7,11,7,12,18,9,8,8,3,2,17,0
-30,22,3,52,6,0,0,2,0,0,1,6,9,0,0,4,1,9,2,43,4,7,12,7,11,17,8,7,8,3,1,16,45
31,22,3,45,6,0,0,1,0,0,1,5,10,0,0,4,1,9,2,43,4,7,12,6,10,16,7,6,7,3,2,16,0
74,22,3,41,6,0,0,2,0,0,0,4,11,0,0,4,1,9,3,42,3,6,11,5,9,15,6,5,7,2,2,15,30
43,22,3,45,6,0,0,1,0,0,0,3,12,0,0,4,1,9,3,42,3,6,11,4,8,14,5,5,6,2,2,16,0
-22,22,3,48,5,0,0,1,1,0,0,7,8,0,0,4,1,9,2,41,3,6,10,4,9,13,6,5,6,1,2,16,15
-30,22,4,48,4,0,0,1,1,0,0,4,11,0,0,4,1,9,2,41,3,6,10,3,8,13,5,4,6,1,2,16,15
-17,20,2,45,5,0,0,1,1,0,0,6,9,0,0,4,1,9,2,39,3,6,9,5,11,12,6,4,5,2,2,16,0
3,20,2,50,4,0,1,1,1,0,0,1,14,0,0,4,1,9,2,38,3,5,10,5,10,11,6,5,5,1,2,16,30
-31,19,2,50,3,0,1,2,1,0,0,12,3,0,0,4,1,9,2,37,3,5,10,6,9,13,6,4,5,1,2,16,30
-13,19,2,41,3,0,1,2,1,0,0,11,4,0,0,4,1,9,3,36,2,4,9,6,8,12,5,3,5,1,2,15,30
18,19,2,43,2,0,1,2,1,0,0,9,6,0,0,4,1,9,3,36,2,4,10,7,7,11,4,2,5,1,3,15,45
-55,19,2,43,2,0,0,2,1,0,0,3,12,0,0,4,1,9,2,36,3,5,11,6,6,10,4,2,5,1,3,15,45
15,19,3,39,3,0,0,2,0,0,0,9,6,0,0,4,1,9,2,35,2,4,11,5,5,9,4,1,5,1,2,15,15
59,18,2,34,4,0,0,1,0,0,0,12,3,0,0,4,1,9,1,34,2,3,12,4,5,8,5,0,4,1,1,14,30
-31,18,2,39,3,0,0,1,0,0,0,11,4,0,0,4,1,9,1,34,2,3,12,3,4,7,4,0,4,0,2,15,15
12,18,2,37,2,0,0,1,0,0,0,11,4,0,0,4,1,9,1,34,2,3,12,2,3,6,3,0,4,0,2,15,0
-23,18,2,37,1,0,0,1,0,0,0,10,5,0,0,4,1,9,1,34,2,4,12,1,2,5,2,0,4,0,2,15,0
19,16,3,33,4,0,0,0,0,0,0,7,38,0,0,4,1,9,1,31,4,7,13,1,4,8,4,2,4,1,2,14,15
-38,16,4,36,4,0,1,1,0,0,1,5,10,0,0,4,1,9,4,27,3,6,14,3,5,14,4,2,4,2,2,14,45
28,16,4,30,3,0,1,1,0,0,1,4,11,0,0,4,1,9,4,27,3,6,15,2,5,13,3,2,4,2,2,13,15
34,16,4,31,2,0,1,1,0,0,1,2,13,0,0,4,1,9,4,27,3,6,15,1,4,12,2,1,3,2,1,13,30
-63,12,2,34,4,0,1,3,1,0,1,13,2,0,0,4,1,9,3,21,2,7,15,4,10,16,8,4,3,1,1,14,30
8,12,3,26,4,0,0,3,1,0,1,11,4,0,0,4,1,9,3,21,2,7,16,3,9,15,7,4,2,1,1,12,45
-22,12,4,29,3,0,0,3,1,0,1,5,10,0,0,4,1,9,3,21,3,9,16,3,9,18,6,4,2,0,1,13,0
46,12,6,23,4,0,0,3,1,0,1,4,11,0,0,4,1,9,3,19,4,8,17,5,9,20,7,5,2,0,1,12,15
-26,11,6,26,5,0,0,3,0,0,1,6,9,0,0,4,1,9,2,18,5,9,16,7,11,21,8,6,2,1,1,12,45
-62,11,6,31,4,0,0,3,0,0,1,3,12,0,0,4,1,9,2,18,6,9,16,6,10,20,7,5,2,1,1,13,30
-11,11,7,21,3,0,0,3,0,0,2,0,15,0,0,4,1,9,2,17,5,9,15,5,9,19,7,6,2,1,2,12,0
16,10,6,25,3,0,1,2,1,0,2,9,6,0,0,4,1,9,3,15,4,7,13,4,9,19,7,5,2,1,3,12,30
6,10,7,18,2,0,1,2,1,0,2,2,13,0,0,4,1,9,2,15,4,9,14,4,8,18,7,5,2,1,2,11,30
-14,10,7,19,2,0,1,2,1,0,1,14,1,0,0,4,1,9,2,15,5,9,14,4,7,18,6,4,2,1,2,11,45
18,9,6,23,1,0,1,2,2,0,1,9,6,0,0,4,1,9,2,14,4,9,13,4,7,17,6,3,2,1,1,12,15
11,6,5,14,3,0,0,2,2,0,2,6,9,0,0,4,1,9,2,11,4,8,11,5,12,19,8,5,2,2,2,11,0
-60,6,6,26,4,0,0,1,2,0,2,0,15,0,0,4,1,9,3,10,4,8,10,4,12,18,7,5,2,2,1,12,45
14,5,5,12,4,0,0,1,2,0,1,10,5,0,0,4,1,9,1,10,5,8,10,3,11,17,8,6,2,2,2,10,45
-2,5,5,21,4,0,0,0,2,0,1,9,6,0,0,4,1,9,1,10,5,8,10,3,11,16,7,6,1,2,2,12,0
10,4,4,16,5,0,0,0,2,0,1,10,5,0,0,4,1,9,2,8,5,6,8,8,11,15,7,5,1,1,1,11,15
-26,3,3,19,8,0,0,0,1,0,1,10,5,0,0,4,1,9,3,5,3,4,5,8,11,14,8,6,1,1,2,11,45
5,3,3,14,8,0,0,0,1,0,0,7,8,0,0,4,1,9,2,5,3,4,5,8,10,14,8,5,0,1,2,11,0
3,3,3,10,7,0,0,0,1,0,0,6,9,0,0,4,1,9,2,5,3,4,5,7,10,14,7,4,0,0,2,10,30
-5,3,3,10,6,0,0,0,1,0,0,5,10,0,0,4,1,9,2,5,3,4,5,6,9,13,6,4,0,0,2,10,30
-34,3,3,16,5,0,0,0,1,0,0,2,13,0,0,4,1,9,2,5,3,4,5,5,9,12,5,4,0,0,1,11,15
60,3,3,6,5,0,0,0,0,0,0,2,13,0,0,4,1,9,2,5,3,4,5,4,8,11,4,3,0,0,2,10,0
-36,1,1,12,5,0,0,0,1,0,0,13,2,0,0,4,1,9,2,3,1,2,3,4,7,10,5,3,0,0,2,10,45
15,1,1,4,5,0,0,0,1,0,0,2,13,0,0,4,1,9,2,2,1,2,2,3,7,9,5,4,0,0,2,9,45
27,0,0,8,4,0,0,0,1,0,0,9,6,0,0,4,1,9,1,2,1,2,2,3,6,8,5,3,0,0,2,10,15
-12,0,0,6,3,0,0,0,1,0,0,0,15,0,0,4,1,9,1,2,1,2,2,4,5,7,4,2,0,0,2,10,0
15,0,0,4,2,0,0,1,1,0,0,1,14,0,0,4,1,9,1,1,1,1,1,4,4,6,4,2,0,0,2,9,45
31,0,0,0,2,0,0,1,0,0,0,0,9,0,1,4,1,9,0,1,1,1,1,3,4,5,4,3,0,0,2,9,15
4,0,0,8,1,0,0,1,0,0,0,0,12,0,0,4,1,9,0,1,1,1,1,2,4,4,3,3,0,0,2,10,15
-15,0,0,2,1,0,0,1,0,0,0,0,20,0,0,4,1,9,1,0,0,0,0,1,3,3,2,2,0,0,2,9,30
-5,0,0,2,0,0,0,1,0,0,0,0,68,0,0,4,1,9,0,0,0,0,0,2,2,2,2,2,0,0,2,9,30
-30,0,0,0,0,0,0,0,0,0,0,0,69,0,1,4,1,9,0,0,0,0,0,1,1,1,1,1,0,0,2,9,15
11,34,4,54,3,0,0,2,0,0,0,10,5,0,0,3,1,8,2,52,3,8,14,3,5,9,4,1,5,1,2,17,15
-23,34,4,56,2,0,0,2,0,0,0,10,5,1,0,3,1,8,2,52,3,8,14,2,4,9,3,1,5,0,2,17,30
-13,33,3,56,2,0,0,1,0,0,0,7,8,1,0,3,1,8,1,52,4,8,15,1,3,8,3,1,5,0,2,17,30
8,31,4,51,5,0,0,1,0,0,0,6,9,0,0,3,1,8,3,48,4,7,14,2,5,10,4,2,5,1,1,16,45
15,31,5,48,5,0,0,1,0,0,0,13,2,0,0,3,1,8,4,47,4,7,14,2,5,10,3,2,5,1,2,16,15
-54,30,7,53,5,0,2,1,0,0,0,6,9,0,0,3,1,8,4,44,3,7,13,3,5,14,5,3,5,1,2,17,0
-8,27,6,54,6,0,2,1,0,0,0,13,2,0,0,3,1,8,3,42,4,7,13,3,7,14,7,5,5,1,2,17,15
-37,27,6,49,7,0,1,1,0,0,0,11,4,0,0,3,1,8,4,41,3,6,12,2,6,13,6,5,4,1,2,16,30
56,26,5,44,6,0,1,1,0,0,0,4,11,0,0,3,1,8,3,41,4,7,14,2,6,12,6,4,4,0,2,15,45
18,23,4,42,8,0,1,1,0,0,0,10,5,0,0,3,1,8,3,38,3,7,12,4,7,15,8,5,4,0,2,15,30
20,23,4,40,9,0,0,1,0,0,0,1,14,0,0,3,1,8,3,37,4,6,12,4,9,14,8,4,4,1,2,15,15
19,23,4,44,8,0,0,1,0,0,0,14,1,0,0,3,1,8,3,37,4,7,13,3,8,13,7,3,4,1,2,15,45
3,23,4,42,8,0,0,0,1,0,0,9,6,0,0,3,1,8,4,36,4,6,13,2,8,13,6,2,4,1,2,15,30
19,21,3,37,9,0,0,0,1,0,0,6,9,0,0,3,1,8,3,34,3,7,13,6,7,16,8,2,4,1,1,14,45
19,21,5,37,8,0,1,1,1,0,0,36,9,0,0,3,1,8,4,32,2,5,12,6,7,16,8,2,4,1,1,14,45
4,19,3,40,7,0,1,1,1,0,0,32,13,0,0,3,1,8,2,32,3,6,13,5,7,16,9,2,4,1,2,15,15
-10,19,3,36,7,0,1,1,1,0,0,24,21,0,0,3,1,8,3,31,2,5,12,4,8,15,8,2,4,2,2,14,30
-99,19,3,49,6,0,1,1,1,0,0,23,22,0,0,3,1,8,3,31,3,5,12,3,7,14,7,2,4,2,2,16,30
-81,19,5,46,5,0,1,1,1,0,0,21,24,0,0,3,1,8,3,31,4,5,12,2,6,13,6,2,3,2,1,16,0
10,19,5,39,4,0,2,1,1,0,0,11,34,0,0,3,1,8,3,30,3,7,12,1,6,13,6,3,3,1,2,15,0
171,16,6,16,5,0,3,1,1,0,0,8,7,0,0,3,1,8,2,27,4,7,14,5,10,15,9,4,3,2,2,11,15
59,16,7,34,4,0,3,1,2,0,0,4,11,0,0,3,1,8,3,26,3,7,13,6,10,14,8,4,3,2,1,13,30
24,16,8,35,3,0,3,1,2,0,0,2,13,0,0,3,1,8,3,26,3,7,13,5,9,13,7,4,3,2,1,14,15
-195,16,8,51,2,0,3,1,2,0,0,11,4,0,0,3,1,8,3,26,4,7,14,5,8,13,6,4,2,2,1,16,45
95,14,6,26,5,0,2,1,2,0,0,12,3,0,0,3,1,8,4,23,3,5,13,6,8,16,7,5,2,1,2,12,30
21,13,6,33,4,0,2,1,2,0,0,7,8,0,0,3,1,8,3,23,3,6,14,5,7,16,7,4,2,1,1,13,15
10,13,6,31,4,0,1,1,2,0,0,6,9,0,0,3,1,8,3,23,3,6,14,4,6,15,6,3,2,1,1,13,0
-133,12,5,46,4,0,1,0,2,0,0,0,15,0,0,3,1,8,2,23,4,6,14,4,6,15,6,2,1,1,1,16,0
10,11,4,26,3,0,2,1,2,0,0,8,7,0,0,3,1,8,3,21,2,6,12,3,6,14,6,1,1,0,2,12,30
12,10,4,31,3,0,2,1,1,0,0,0,15,0,0,3,1,8,2,21,2,8,15,3,6,13,6,2,1,0,1,13,0
7,10,4,29,4,0,3,1,0,0,0,5,10,0,0,3,1,8,4,19,2,6,14,2,5,12,5,2,1,0,2,12,45
7,8,3,29,3,0,3,1,0,0,0,5,10,0,0,3,1,8,2,19,4,7,16,4,6,14,6,2,1,0,2,12,45
13,7,3,24,4,0,3,1,0,0,0,2,13,0,0,3,1,8,3,17,4,8,14,3,10,15,6,3,1,0,3,12,15
35,7,4,22,3,0,3,1,0,0,0,13,2,0,0,3,1,8,3,17,5,8,14,3,9,14,5,3,1,0,2,12,0
7,7,4,24,4,0,3,1,0,0,0,7,8,0,0,3,1,8,3,15,3,6,13,3,8,13,6,5,1,0,3,12,15
-3,5,3,18,4,0,3,2,0,0,0,1,14,0,0,3,1,8,2,13,4,8,12,7,8,15,8,6,1,1,2,11,30
20,5,3,20,4,0,3,1,0,0,1,10,5,0,0,3,1,8,3,12,3,7,12,6,8,14,7,5,1,1,2,11,45
2,5,3,16,3,0,3,1,0,0,1,3,12,0,0,3,1,8,2,12,5,9,12,5,8,15,7,6,1,1,2,11,15
-12,5,3,18,3,0,2,1,0,0,1,2,13,0,0,3,1,8,2,12,6,9,12,4,8,14,6,6,1,1,2,11,30
3,4,2,22,3,0,2,1,0,0,2,13,2,0,0,3,1,8,3,10,4,7,10,3,7,13,6,6,1,1,2,12,0
39,4,2,14,4,0,1,1,0,0,2,7,8,0,0,3,1,8,4,9,3,6,9,2,7,13,5,5,1,1,2,11,0
1,4,2,12,4,0,1,1,0,0,1,4,11,0,0,3,1,8,3,9,4,6,9,1,6,13,5,5,1,1,2,10,45
-65,2,2,26,7,0,1,1,0,0,1,2,13,0,0,3,1,8,4,5,2,4,5,5,8,16,7,5,0,1,2,12,30
-9,2,2,14,7,0,1,0,0,0,1,13,2,0,0,3,1,8,3,5,2,5,5,4,7,15,7,5,0,0,2,11,0
-20,2,2,11,6,0,1,1,1,0,1,7,8,0,0,3,1,8,4,3,1,3,3,3,6,14,7,5,0,0,2,10,30
-71,2,2,20,5,0,1,1,1,0,1,2,13,0,0,3,1,8,4,3,1,3,3,3,7,13,6,5,0,0,2,11,45
19,2,2,12,4,0,1,1,1,0,1,12,3,0,0,3,1,8,4,3,1,3,3,4,7,12,5,4,0,0,2,10,45
-1,2,2,7,4,0,1,1,1,0,1,3,12,0,0,3,1,8,3,2,2,2,2,5,10,11,6,3,0,0,2,10,0
16,2,2,9,3,0,1,1,1,0,1,1,14,0,0,3,1,8,3,2,2,2,2,4,9,10,5,2,0,0,1,10,15
7,1,1,7,2,0,1,1,1,0,1,13,2,0,0,3,1,8,2,2,2,2,2,3,9,9,5,3,0,0,2,10,0
-41,0,0,5,3,0,1,1,1,0,1,0,9,0,0,3,1,8,1,0,0,0,0,7,8,8,7,3,0,0,2,9,45
-19,0,0,9,2,0,1,1,1,0,1,0,12,0,0,3,1,8,1,0,0,0,0,6,7,7,6,3,0,0,1,10,15
-15,0,0,0,2,0,0,1,1,0,1,0,18,0,1,3,1,8,0,0,0,0,0,6,6,6,6,3,0,0,1,9,0
-33,0,0,3,1,0,0,1,1,0,1,0,24,0,0,3,1,8,0,0,0,0,0,5,5,5,5,2,0,0,2,9,30
0,0,0,2,0,0,0,1,1,0,1,0,32,0,0,3,1,8,0,0,0,0,0,4,4,4,4,1,0,0,2,9,15
6,0,0,0,0,0,0,1,1,0,0,0,35,0,1,3,1,8,0,0,0,0,0,3,3,3,3,0,0,0,1,9,0
-8,0,0,5,0,0,0,1,0,0,0,0,37,0,0,3,1,8,0,0,0,0,0,2,2,2,2,0,0,0,2,9,45
-7,0,0,3,0,0,0,0,0,0,0,0,44,0,0,3,1,8,0,0,0,0,0,1,1,1,1,0,0,0,2,9,30
16,50,4,60,2,0,0,0,0,0,0,13,2,0,0,2,1,7,2,59,1,5,13,3,3,5,1,0,10,0,1,18,15
52,49,5,57,1,0,0,0,0,0,0,6,9,0,0,2,1,7,0,59,1,7,15,2,2,4,2,2,10,0,1,17,30
-8,49,5,61,0,0,0,0,0,0,0,6,9,1,0,2,1,7,0,59,1,7,15,1,1,3,1,1,10,0,2,18,30
23,42,9,57,3,0,1,3,0,0,2,12,3,0,0,2,1,7,2,49,3,8,15,2,5,12,8,5,10,3,1,17,30
51,41,8,50,3,0,0,3,0,0,2,7,8,0,0,2,1,7,1,49,4,8,15,1,5,12,8,4,10,3,3,16,45
9,35,8,57,7,0,0,4,0,0,2,8,7,0,0,2,1,7,1,43,5,9,14,6,9,17,13,9,9,5,1,17,30
21,33,6,52,7,0,0,4,0,0,3,1,14,0,0,2,1,7,1,41,4,7,12,6,8,16,14,8,8,4,2,17,0
7,33,6,55,7,0,0,4,0,0,2,13,2,0,0,2,1,7,1,41,4,7,12,5,8,18,13,7,7,3,3,17,15
-7,33,6,55,7,0,0,3,0,0,2,8,7,0,0,2,1,7,1,41,4,7,13,4,8,17,12,7,7,3,3,17,15
10,32,5,52,7,0,0,2,0,0,2,4,11,0,0,2,1,7,0,41,4,7,13,4,7,16,12,8,6,3,2,17,0
88,31,4,40,8,0,0,3,0,0,2,9,6,0,0,2,1,7,2,38,3,5,11,4,10,15,12,8,6,2,2,15,30
16,31,4,49,7,0,0,3,0,0,2,6,9,0,0,2,1,7,2,38,4,6,12,3,9,14,11,8,6,2,2,16,30
8,30,4,50,7,0,0,3,0,0,2,5,10,0,0,2,1,7,2,37,3,7,11,4,10,15,11,8,6,3,3,16,45
14,28,2,40,8,0,0,3,0,0,1,2,13,0,0,2,1,7,1,36,2,6,10,5,9,14,12,9,5,3,2,15,30
10,27,1,45,9,0,0,2,0,0,2,14,1,0,0,2,1,7,2,34,2,5,9,7,9,15,12,9,5,2,2,16,0
28,27,1,47,9,0,0,1,0,0,2,10,5,0,0,2,1,7,2,34,4,6,10,7,10,14,11,8,4,2,1,16,15
51,27,2,40,8,0,0,1,0,0,2,4,11,0,0,2,1,7,2,34,4,6,10,6,9,13,10,7,4,1,2,15,30
62,27,2,36,7,0,0,1,0,0,2,3,12,0,0,2,1,7,2,34,4,6,12,5,8,13,9,6,4,1,2,15,0
13,27,2,45,6,0,0,1,0,0,2,13,2,0,0,2,1,7,1,34,4,6,12,4,7,12,9,7,4,1,2,16,0
9,27,3,47,5,0,0,1,0,0,2,13,2,0,0,2,1,7,1,34,4,6,12,3,6,11,8,6,4,1,1,16,15
6,27,4,43,6,0,0,2,0,0,1,2,13,0,0,2,1,7,2,32,3,6,10,2,5,11,8,6,3,1,2,15,45
49,27,4,38,7,0,0,2,0,0,1,11,4,0,0,2,1,7,4,30,2,4,10,4,5,10,7,5,3,1,3,15,15
19,26,5,38,6,0,1,2,0,0,1,31,14,0,0,2,1,7,2,29,3,4,11,3,6,12,9,7,3,2,3,15,15
25,26,5,34,5,0,1,2,0,0,1,28,17,0,0,2,1,7,2,29,3,5,11,3,6,11,8,6,3,2,2,14,45
63,26,5,32,5,0,1,1,0,0,1,28,17,0,0,2,1,7,2,29,3,5,11,2,5,10,7,5,3,2,1,14,15
-140,23,5,52,7,0,1,1,1,0,0,0,45,0,0,2,1,7,2,26,1,4,11,4,6,12,9,6,2,2,2,17,0
33,23,6,34,6,0,1,1,1,0,0,11,4,0,0,2,1,7,2,26,2,6,13,3,5,13,8,5,2,1,2,14,45
-81,21,5,43,6,0,1,0,1,0,0,14,1,0,0,2,1,7,0,26,4,7,14,3,6,13,9,6,1,1,2,15,45
-23,21,6,33,6,0,1,0,1,0,0,1,14,0,0,2,1,7,1,25,3,7,14,3,6,13,8,6,1,0,2,14,30
-12,20,6,36,7,0,1,0,1,0,0,3,12,0,0,2,1,7,2,23,3,7,14,3,7,12,8,5,1,1,2,15,0
56,19,5,31,7,0,1,0,1,0,0,11,4,0,0,2,1,7,2,22,3,6,14,4,7,11,8,5,1,1,1,13,30
36,17,5,30,9,0,0,0,1,0,0,10,5,0,0,2,1,7,2,20,3,7,14,4,8,11,9,5,1,1,1,13,15
45,16,5,25,10,0,0,0,0,0,0,14,1,0,0,2,1,7,2,19,3,7,13,5,8,13,9,6,1,1,1,12,30
43,16,5,28,9,0,0,0,0,0,0,13,2,0,0,2,1,7,2,19,3,7,14,4,7,12,8,5,1,1,1,13,0
32,15,5,28,9,0,0,0,0,0,0,13,2,0,0,2,1,7,2,18,4,8,15,4,7,13,8,6,1,1,1,13,0
29,14,5,21,9,0,0,0,1,0,0,4,11,0,0,2,1,7,3,16,3,7,14,4,6,15,8,5,0,1,2,12,0
17,14,5,23,8,0,0,0,1,0,0,29,1,0,0,2,1,7,3,16,4,8,14,4,5,14,7,5,0,0,2,12,15
53,14,7,15,8,0,0,0,1,0,0,15,15,0,0,2,1,7,3,15,4,7,14,4,4,14,7,4,0,0,2,11,0
29,13,6,27,8,0,0,0,1,0,0,12,18,0,0,2,1,7,3,13,4,7,13,3,4,13,7,5,0,0,2,12,45
26,11,4,25,7,0,0,0,3,0,0,14,1,0,0,2,1,7,3,12,4,6,12,2,6,14,8,4,0,0,1,12,30
60,10,4,17,7,0,0,0,3,0,0,3,12,0,0,2,1,7,3,11,3,7,11,1,7,14,8,4,0,0,2,11,15
5,7,5,21,10,0,0,0,3,0,0,14,1,0,0,2,1,7,2,7,4,6,7,6,10,20,12,5,0,0,2,12,0
-33,7,6,17,10,0,0,0,3,0,0,8,7,0,0,2,1,7,3,6,3,6,6,7,10,20,11,4,0,0,2,11,15
43,7,7,13,10,0,0,0,2,0,0,2,13,0,0,2,1,7,2,6,4,6,6,7,10,19,11,5,0,0,2,10,45
26,7,7,23,9,0,0,0,2,0,0,14,1,0,0,2,1,7,2,6,4,6,6,6,9,18,10,4,0,0,2,12,15
-50,6,6,19,9,0,0,0,2,0,0,12,3,0,0,2,1,7,2,5,3,5,5,5,8,17,10,4,0,0,2,11,45
75,6,6,7,8,0,0,0,2,0,0,9,6,0,0,2,1,7,2,5,3,5,5,4,8,16,9,4,0,0,2,10,0
-10,5,5,11,7,0,0,2,2,0,0,12,3,0,0,2,1,7,2,3,2,3,3,4,8,15,10,6,0,0,2,10,30
26,5,5,15,6,0,0,2,2,0,0,11,4,0,0,2,1,7,2,3,2,3,3,3,7,14,9,5,0,0,2,11,0
51,5,5,9,6,0,0,2,1,0,0,7,8,0,0,2,1,7,2,3,3,3,3,3,6,13,8,5,0,0,2,10,15
28,3,3,5,6,0,0,2,2,0,0,5,10,0,0,2,1,7,2,1,1,1,1,4,9,12,9,6,0,0,2,9,45
26,1,1,11,6,0,0,2,1,0,0,10,5,0,0,2,1,7,0,1,1,1,1,4,11,11,10,7,0,0,2,10,30
46,0,0,2,5,0,1,2,1,0,0,2,13,0,0,2,1,7,0,0,0,0,0,4,10,10,10,6,0,0,1,9,15
-6,0,0,19,4,0,1,2,1,0,0,9,6,0,0,2,1,7,0,0,0,0,0,5,9,9,9,5,0,0,2,11,45
31,0,0,7,3,0,1,2,1,0,0,0,2,0,0,2,1,7,0,0,0,0,0,7,8,8,8,5,0,0,2,10,0
29,0,0,0,2,0,1,2,1,0,0,0,13,0,1,2,1,7,0,0,0,0,0,7,7,7,7,5,0,0,2,9,0
0,0,0,5,2,0,1,1,1,0,0,0,14,0,0,2,1,7,0,0,0,0,0,6,6,6,6,4,0,0,2,9,45
20,0,0,4,2,0,1,0,1,0,0,0,20,0,0,2,1,7,0,0,0,0,0,5,5,5,5,3,0,0,2,9,30
23,0,0,9,1,0,1,0,1,0,0,0,22,0,0,2,1,7,0,0,0,0,0,4,4,4,4,3,0,0,2,10,15
-42,0,0,13,0,0,1,0,1,0,0,0,28,0,0,2,1,7,0,0,0,0,0,3,3,3,3,2,0,0,2,10,45
13,0,0,2,0,0,1,0,0,0,0,0,31,0,0,2,1,7,0,0,0,0,0,2,2,2,2,1,0,0,1,9,15
21,0,0,0,0,0,0,0,0,0,0,0,33,0,1,2,1,7,0,0,0,0,0,1,1,1,1,0,0,0,2,9,0
29,27,5,52,1,0,0,4,0,0,0,14,1,1,0,6,1,4,2,48,3,8,11,2,4,9,4,2,3,2,2,17,30
-16,25,5,52,4,0,0,3,0,0,0,3,12,1,0,6,1,4,2,45,4,6,10,3,6,12,6,2,3,1,2,17,30
45,24,4,49,6,0,0,2,0,0,0,8,7,0,0,6,1,4,2,43,3,4,10,3,6,11,7,1,2,1,1,17,0
3,22,4,48,5,0,0,3,0,0,0,25,5,0,0,6,1,4,1,42,2,4,11,4,6,14,8,1,2,0,2,16,45
8,21,4,49,6,0,0,3,0,0,0,9,21,0,0,6,1,4,2,40,1,3,10,4,5,15,8,1,2,0,1,17,0
-17,21,4,51,6,0,0,2,0,0,0,5,25,0,0,6,1,4,2,40,2,4,10,3,4,14,7,1,2,0,2,17,15
28,20,3,45,5,0,0,2,0,0,0,14,1,0,0,6,1,4,1,40,2,4,12,3,4,13,7,2,2,0,1,16,15
46,20,4,43,5,0,0,2,0,0,0,0,15,0,0,6,1,4,1,39,2,5,13,2,6,12,7,3,2,1,2,15,45
27,19,3,41,5,0,0,2,0,0,0,1,14,0,0,6,1,4,1,38,2,7,12,2,7,12,7,3,2,1,2,15,30
97,17,1,35,6,0,0,2,0,0,0,2,13,0,0,6,1,4,1,36,5,6,12,5,10,13,8,4,2,1,2,14,45
57,17,2,39,5,0,0,2,0,0,0,14,1,0,0,6,1,4,1,36,5,8,12,5,9,12,7,4,2,1,2,15,15
-2,17,2,47,4,0,0,2,0,0,0,12,3,0,0,6,1,4,1,36,5,10,12,6,8,11,6,4,2,1,1,16,30
26,16,1,33,4,0,0,2,0,0,0,9,6,0,0,6,1,4,1,35,4,9,12,6,7,10,6,5,1,1,2,14,30
-53,16,2,41,5,0,0,3,0,0,0,5,10,0,0,6,1,4,2,32,2,6,10,6,6,10,7,6,1,0,2,15,30
-2,16,2,43,6,0,0,2,0,0,0,1,14,0,0,6,1,4,3,31,1,5,9,5,6,11,6,5,1,0,2,15,45
8,16,2,39,5,0,0,2,0,0,0,43,2,0,0,6,1,4,2,31,4,5,9,4,5,10,6,4,1,0,2,15,15
-109,16,2,45,4,0,0,2,0,0,0,42,3,0,0,6,1,4,2,31,5,5,9,3,4,9,5,4,1,0,1,16,15
45,16,2,37,4,0,0,1,0,0,0,39,6,0,0,6,1,4,2,31,5,5,10,2,3,8,4,3,1,0,2,15,0
11,16,2,33,4,0,0,1,0,0,0,25,20,0,0,6,1,4,2,30,4,4,11,1,4,7,4,3,1,1,2,14,30
14,14,2,37,5,0,2,1,0,0,0,3,12,0,0,6,1,4,3,26,2,4,10,3,6,13,6,3,1,1,2,15,0
-30,14,3,35,4,0,2,1,0,0,0,9,6,0,0,6,1,4,3,26,3,5,10,2,5,13,5,2,1,1,2,14,45
-15,14,4,32,4,0,2,0,0,0,0,14,1,0,0,6,1,4,3,26,3,6,10,1,4,12,4,2,0,1,2,14,15
30,12,5,29,5,0,2,2,0,0,0,5,10,0,0,6,1,4,4,22,4,6,12,4,10,15,6,1,0,0,1,13,0
-5,12,5,31,4,0,2,2,0,0,0,4,11,0,0,6,1,4,4,22,4,6,12,3,9,14,5,0,0,0,1,13,30
29,12,5,30,3,0,2,2,0,0,0,3,12,0,0,6,1,4,4,22,5,6,13,3,8,13,4,0,0,0,1,13,15
16,8,1,25,3,0,3,2,1,0,0,9,6,0,0,6,1,4,2,19,3,4,13,6,8,15,8,3,0,0,2,12,30
11,8,1,22,3,0,3,2,2,0,0,3,12,0,0,6,1,4,3,17,1,2,11,6,7,15,8,3,0,0,2,12,0
-21,8,1,25,3,0,2,2,2,0,0,2,13,0,0,6,1,4,3,17,1,3,11,5,6,15,7,2,0,0,2,12,30
16,7,2,20,3,0,1,2,2,0,0,5,10,0,0,6,1,4,1,17,1,4,13,5,8,15,8,4,0,0,1,11,45
91,7,3,15,3,0,1,1,3,0,0,1,14,0,0,6,1,4,2,16,0,5,12,4,8,14,7,4,0,0,1,11,0
-53,7,3,27,3,0,0,1,3,0,0,10,5,0,0,6,1,4,2,16,1,6,12,3,7,14,6,4,0,0,1,12,45
9,7,3,20,2,0,0,1,3,0,0,7,8,0,0,6,1,4,1,16,1,6,12,2,6,14,6,4,0,0,1,11,45
28,7,4,18,2,0,0,1,2,0,0,11,4,0,0,6,1,4,0,16,3,8,12,2,5,15,6,4,0,0,2,11,30
-51,6,4,23,2,0,0,3,1,0,0,1,14,0,0,6,1,4,1,14,5,9,14,4,9,14,6,4,0,0,2,12,15
-18,6,6,27,3,0,0,2,1,0,0,10,5,0,0,6,1,4,2,13,5,9,13,3,9,13,5,4,0,0,1,12,45
-18,6,6,18,2,0,0,2,1,0,0,8,7,0,0,6,1,4,2,13,5,9,13,3,8,12,4,4,0,0,2,11,30
-39,5,5,23,2,0,1,2,0,0,0,4,11,0,0,6,1,4,2,12,4,8,12,3,7,11,4,4,0,0,2,12,15
25,3,3,17,4,0,1,2,0,0,1,9,6,0,0,6,1,4,2,8,4,4,8,6,10,14,7,5,0,0,2,11,15
-20,2,2,13,4,0,0,2,0,0,1,4,11,0,0,6,1,4,1,8,4,5,8,5,9,13,7,4,0,0,2,10,45
-40,2,2,15,4,0,0,2,0,0,1,14,1,0,0,6,1,4,1,7,3,5,7,5,8,13,7,5,0,0,1,11,0
2,2,2,10,4,0,0,2,0,0,1,6,9,0,0,6,1,4,2,6,2,6,6,5,7,14,6,4,0,0,1,10,15
18,2,2,10,3,0,0,2,0,0,1,2,13,0,0,6,1,4,1,6,2,6,6,4,6,13,6,5,0,0,1,10,15
24,2,2,6,3,0,0,2,0,0,2,10,5,0,0,6,1,4,3,4,0,4,4,5,5,12,5,4,0,0,2,9,45
36,0,0,8,3,0,0,1,0,0,2,0,15,0,0,6,1,4,0,4,2,4,4,4,5,11,7,6,0,0,2,10,0
17,0,0,12,3,0,0,0,0,0,2,9,6,0,0,6,1,4,0,4,4,4,4,3,5,10,6,5,0,0,2,10,30
-13,0,0,6,3,0,0,0,0,0,1,13,2,0,0,6,1,4,0,4,4,4,4,2,6,9,5,4,0,0,2,9,45
-11,0,0,8,2,0,0,0,0,0,1,12,3,0,0,6,1,4,0,4,4,4,4,1,5,8,4,3,0,0,2,10,0
-16,0,0,2,2,0,1,1,0,0,2,0,29,0,0,6,1,4,0,0,0,0,0,5,7,7,7,5,0,0,2,9,15
-4,0,0,0,2,0,0,1,0,0,2,0,36,0,1,6,1,4,0,0,0,0,0,4,6,6,6,4,0,0,2,9,0
10,0,0,4,1,0,0,1,0,0,2,0,37,0,0,6,1,4,0,0,0,0,0,4,5,5,5,3,0,0,2,9,30
10,0,0,4,0,0,0,1,0,0,2,0,39,0,0,6,1,4,0,0,0,0,0,4,4,4,4,2,0,0,2,9,30
-28,0,0,2,0,0,0,1,0,0,1,0,56,0,0,6,1,4,0,0,0,0,0,3,3,3,3,2,0,0,2,9,15
-45,0,0,13,0,0,0,1,0,0,0,0,66,0,0,6,1,4,0,0,0,0,0,2,2,2,2,2,0,0,2,10,45
-10,0,0,0,0,0,0,0,0,0,0,0,68,0,1,6,1,4,0,0,0,0,0,1,1,1,1,1,0,0,2,9,0
50,28,6,46,7,0,0,2,0,0,0,11,4,0,0,5,1,3,3,38,3,6,12,1,4,8,7,2,5,2,1,17,15
44,25,5,44,9,0,0,2,0,0,0,9,6,0,0,5,1,3,3,35,3,7,10,4,5,13,9,5,5,3,1,17,0
53,24,4,44,8,0,0,2,0,0,0,6,9,0,0,5,1,3,2,35,3,7,11,3,4,12,9,4,4,3,1,17,0
4,23,5,47,7,0,0,4,0,0,0,5,10,1,0,5,1,3,3,33,3,7,11,2,5,12,9,5,3,3,2,17,30
38,22,5,42,7,0,0,4,0,0,0,10,5,0,0,5,1,3,3,32,4,6,10,2,4,12,9,5,3,2,2,16,45
41,20,3,41,8,0,0,3,0,0,1,4,11,0,0,5,1,3,1,30,4,4,9,3,8,16,12,8,2,2,2,16,30
-24,20,3,37,10,0,0,3,0,0,0,5,10,0,0,5,1,3,3,28,2,4,8,3,8,17,11,8,2,1,2,16,0
10,18,2,39,11,0,1,2,0,0,0,14,1,0,0,5,1,3,3,26,0,2,6,2,8,16,12,9,1,1,1,16,15
12,17,1,42,10,0,1,2,0,0,0,10,5,0,0,5,1,3,2,26,1,4,9,6,8,15,12,9,1,0,2,16,45
59,17,4,31,9,0,1,2,0,0,0,14,1,0,0,5,1,3,1,26,2,5,11,6,11,15,12,9,1,0,2,15,15
96,17,4,27,8,0,1,2,0,0,0,13,2,0,0,5,1,3,1,26,2,5,11,5,10,14,11,8,1,0,2,14,45
67,17,4,35,7,0,1,2,0,0,0,10,5,0,0,5,1,3,0,26,2,5,11,4,10,14,11,9,1,0,2,15,45
51,17,4,29,6,0,1,2,0,0,0,5,10,0,0,5,1,3,0,26,4,5,13,3,9,13,10,8,1,0,2,15,0
-42,17,4,33,7,0,0,2,0,0,0,0,15,0,0,5,1,3,1,25,3,4,12,2,8,13,9,8,1,0,2,15,30
64,16,3,33,7,0,0,2,0,0,0,0,15,0,0,5,1,3,1,24,3,4,13,6,9,12,9,9,1,0,2,15,30
30,16,4,27,8,0,0,2,0,0,0,14,16,0,0,5,1,3,2,22,1,4,13,6,8,13,9,9,1,0,2,14,45
152,15,4,22,9,0,0,1,0,0,0,6,24,0,0,5,1,3,2,21,1,4,12,7,7,13,9,8,1,0,1,13,15
19,14,3,29,8,0,0,1,0,0,0,5,25,0,0,5,1,3,1,21,1,4,12,6,6,12,9,8,1,0,2,15,0
28,14,3,26,7,0,0,1,0,0,0,2,28,0,0,5,1,3,1,21,1,5,12,5,6,11,8,7,1,0,2,14,30
1,14,3,25,6,0,0,1,0,0,0,2,28,0,0,5,1,3,1,21,1,5,12,4,5,10,7,6,1,0,1,14,15
-11,13,2,35,5,0,0,1,0,0,0,12,3,0,0,5,1,3,0,21,1,6,12,3,5,10,7,5,1,0,2,15,45
45,13,4,31,5,0,0,0,0,0,0,13,2,0,0,5,1,3,0,21,3,9,13,2,5,12,6,4,1,0,2,15,15
-80,13,6,37,5,0,0,0,0,0,0,8,7,0,0,5,1,3,1,20,3,9,13,1,4,12,5,3,1,0,2,16,0
44,11,6,20,6,0,0,1,0,0,0,2,13,0,0,5,1,3,1,17,6,8,13,3,6,16,7,4,1,0,1,13,0
9,11,6,24,6,0,0,2,0,0,0,13,2,0,0,5,1,3,3,15,5,6,12,3,6,15,6,4,1,0,1,13,45
-5,9,5,20,7,0,0,2,0,0,0,4,11,0,0,5,1,3,2,13,3,5,11,3,5,14,8,5,1,0,1,13,0
20,7,3,23,8,0,0,2,0,0,0,14,1,0,0,5,1,3,2,11,2,5,9,3,9,16,9,5,1,0,1,13,30
-122,6,2,39,7,0,0,2,0,0,1,9,6,0,0,5,1,3,1,10,1,4,8,3,8,15,10,6,1,0,1,16,15
55,5,2,12,6,0,1,2,0,0,1,10,5,0,0,5,1,3,1,9,2,5,7,5,10,14,10,5,1,0,2,12,0
12,5,3,16,5,0,1,2,0,0,1,13,2,0,0,5,1,3,1,9,3,6,8,6,10,14,9,4,1,0,2,12,30
13,4,3,14,4,0,1,3,0,0,1,3,12,0,0,5,1,3,1,8,3,6,8,7,9,14,9,4,1,0,2,12,15
-11,4,3,18,4,0,1,2,0,0,1,1,14,0,0,5,1,3,1,8,3,6,8,6,9,13,8,4,1,1,2,12,45
23,4,4,18,3,0,1,2,0,0,1,0,15,0,0,5,1,3,1,8,3,6,8,5,8,12,7,3,1,1,2,12,45
12,4,4,16,3,0,2,1,0,0,1,9,6,0,0,5,1,3,1,7,3,5,7,5,7,12,7,2,1,1,2,12,30
19,4,4,10,4,0,2,1,0,0,0,8,7,0,0,5,1,3,1,6,2,4,6,4,6,11,7,2,1,1,2,11,45
-1,3,3,14,3,0,2,2,0,0,0,4,11,0,0,5,1,3,1,5,3,3,5,4,7,12,7,2,1,1,2,12,15
57,3,3,8,2,0,2,2,0,0,0,3,12,0,0,5,1,3,1,5,3,3,5,3,6,11,6,1,1,1,2,11,30
-22,3,3,10,3,0,1,2,0,0,0,10,5,0,0,5,1,3,1,4,2,2,4,3,5,10,6,1,1,1,2,11,45
14,3,3,12,2,0,1,2,0,0,0,6,9,0,0,5,1,3,1,4,2,3,4,2,4,9,5,1,1,1,2,12,0
-4,1,1,8,4,0,1,1,0,0,0,1,14,0,0,5,1,3,1,2,0,2,2,3,5,9,6,1,0,1,2,11,30
25,0,0,7,4,0,0,1,0,0,0,18,12,0,0,5,1,3,0,2,1,2,2,2,5,8,6,2,0,0,2,11,15
-1,0,0,5,4,0,0,0,0,0,0,16,14,0,0,5,1,3,0,2,1,2,2,1,4,7,5,2,0,0,1,11,0
13,0,0,3,3,0,1,0,0,0,0,0,2,0,0,5,1,3,1,1,1,1,1,3,5,6,4,2,0,0,1,10,30
7,0,0,5,3,0,1,0,0,0,0,0,10,0,0,5,1,3,1,0,0,0,0,4,5,5,4,2,0,0,1,11,0
2,0,0,4,2,0,1,0,0,0,0,0,16,0,0,5,1,3,1,0,0,0,0,3,4,4,3,2,0,0,2,10,45
-17,0,0,1,2,0,0,0,0,0,0,0,34,0,0,5,1,3,0,0,0,0,0,2,3,3,3,3,0,0,1,10,0
31,0,0,1,1,0,0,0,0,0,0,0,40,0,0,5,1,3,0,0,0,0,0,2,2,2,2,2,0,0,1,10,0
-19,0,0,0,0,0,0,0,0,0,0,0,64,0,1,5,1,3,0,0,0,0,0,1,1,1,1,1,0,0,2,9,45
30,21,4,44,3,0,0,2,0,0,0,8,7,0,0,4,1,2,1,41,2,7,11,3,8,13,5,2,6,4,2,17,15
34,19,3,45,4,0,0,2,0,0,0,3,12,1,0,4,1,2,1,39,3,5,10,5,8,12,6,1,5,4,1,17,30
-13,19,3,45,4,0,0,1,0,0,0,8,7,1,0,4,1,2,1,39,5,5,11,6,8,11,5,1,5,3,1,17,30
42,19,3,43,3,0,0,2,0,0,0,3,12,0,0,4,1,2,2,38,4,5,12,5,7,10,4,1,4,3,1,17,0
23,18,2,34,4,0,0,2,0,0,0,8,7,0,0,4,1,2,2,36,2,4,10,4,8,11,5,0,4,2,1,15,45
20,18,2,39,3,0,0,2,0,0,0,5,10,0,0,4,1,2,2,36,2,4,10,3,7,10,4,0,3,2,2,16,30
16,18,2,39,3,0,0,1,0,0,0,0,15,0,0,4,1,2,1,36,2,5,12,4,6,9,4,0,2,1,2,16,30
16,17,1,41,3,0,0,1,0,0,0,11,4,0,0,4,1,2,1,35,1,4,11,3,6,9,4,1,2,0,1,16,45
33,16,1,32,3,0,0,1,0,0,0,5,10,0,0,4,1,2,0,34,2,5,12,4,5,10,5,2,2,0,1,15,15
-31,16,1,41,2,0,0,1,0,0,0,3,12,0,0,4,1,2,0,34,2,5,12,3,4,9,4,2,2,0,1,16,45
-13,16,1,37,4,0,0,0,0,0,0,10,5,0,0,4,1,2,1,32,3,6,12,3,3,8,4,2,2,0,2,16,15
-33,16,1,37,3,0,0,0,0,0,0,9,6,0,0,4,1,2,1,32,3,6,13,2,4,7,3,2,2,1,2,16,15
0,16,1,36,3,0,0,0,0,0,0,12,3,0,0,4,1,2,2,31,3,7,13,1,3,7,2,1,2,1,2,16,0
-16,15,6,33,6,0,1,0,0,0,0,40,20,0,0,4,1,2,3,26,4,6,12,4,5,10,5,1,1,2,2,15,30
-65,15,6,34,5,0,1,0,0,0,0,40,20,0,0,4,1,2,3,26,4,7,12,3,4,9,4,1,1,1,1,15,45
-10,15,6,30,6,0,1,0,0,0,0,27,33,0,0,4,1,2,3,24,3,6,10,3,4,8,5,2,1,1,1,15,0
3,15,6,29,5,0,1,0,0,0,0,22,38,0,0,4,1,2,3,24,3,7,10,2,3,9,4,2,1,1,2,14,45
-26,13,5,27,5,0,2,0,0,0,0,9,51,0,0,4,1,2,3,22,3,6,8,1,3,10,5,3,0,1,1,14,30
-30,9,3,30,7,0,1,0,0,0,1,7,8,0,0,4,1,2,2,19,3,5,8,2,5,15,8,4,0,0,1,15,0
-23,8,2,27,6,0,2,0,1,0,1,1,14,0,0,4,1,2,3,17,3,3,9,4,7,14,8,5,0,0,1,14,30
19,7,1,26,5,0,2,1,1,0,1,4,11,0,0,4,1,2,2,16,2,3,9,3,9,13,9,5,0,0,2,13,30
75,6,0,15,4,0,2,3,1,0,1,5,10,0,0,4,1,2,3,14,0,2,7,4,10,13,9,4,0,0,2,12,0
24,6,0,17,4,0,1,3,1,0,1,3,12,0,0,4,1,2,3,14,0,2,8,4,9,12,8,4,0,0,2,12,15
64,6,0,17,4,0,0,3,1,0,1,26,4,0,0,4,1,2,1,14,2,4,10,8,10,12,9,6,0,0,2,12,15
27,6,0,25,3,0,0,3,1,0,1,25,5,0,0,4,1,2,1,14,2,4,10,7,9,11,8,6,0,0,1,13,15
18,6,1,19,3,0,0,3,1,0,0,19,11,0,0,4,1,2,1,14,2,5,11,6,8,10,7,5,0,0,2,12,30
-16,6,1,23,3,0,0,3,0,0,0,14,16,0,0,4,1,2,1,14,2,6,12,5,7,10,6,4,0,0,1,13,0
31,6,1,23,2,0,0,3,0,0,0,9,21,0,0,4,1,2,1,14,3,6,13,5,6,10,5,3,0,0,1,13,0
34,6,2,21,2,0,0,3,0,0,0,4,26,0,0,4,1,2,2,13,2,6,12,5,5,9,4,3,0,0,2,12,45
71,6,2,12,2,0,0,2,0,0,0,1,29,0,0,4,1,2,2,13,2,6,12,4,4,9,3,2,0,0,1,11,15
-30,6,2,21,2,0,1,1,0,0,0,12,3,0,0,4,1,2,3,12,2,5,11,3,3,8,2,2,0,0,2,12,45
-18,6,3,19,2,0,1,0,0,0,0,14,1,0,0,4,1,2,2,12,4,6,11,2,3,8,2,1,0,0,2,12,30
-43,6,3,15,2,0,1,0,0,0,0,9,6,0,0,4,1,2,2,11,3,6,10,1,2,7,2,1,0,0,2,12,0
-6,4,3,12,4,0,1,1,0,0,0,9,6,0,0,4,1,2,3,7,4,6,7,2,5,12,4,3,0,0,1,11,15
-2,3,3,10,5,0,1,1,1,0,0,5,10,0,0,4,1,2,3,4,3,3,4,3,7,11,6,2,0,0,2,11,0
-36,2,2,10,7,0,0,1,1,0,0,0,15,0,0,4,1,2,3,2,1,2,2,4,7,12,7,3,0,0,2,11,0
-38,2,2,8,6,0,0,1,1,0,0,28,2,0,0,4,1,2,3,2,1,2,2,3,6,11,6,3,0,0,2,10,30
-84,1,1,14,6,0,0,1,1,0,0,17,13,0,0,4,1,2,2,1,0,1,1,5,8,10,7,3,0,0,2,11,30
-4,1,1,4,5,0,0,1,1,0,0,9,21,0,0,4,1,2,1,1,1,1,1,4,7,9,7,3,0,0,2,9,45
-60,0,0,8,4,0,0,1,1,0,0,7,8,0,0,4,1,2,0,1,1,1,1,5,6,8,7,4,0,0,2,10,30
35,0,0,5,3,0,0,1,1,0,0,6,9,0,0,4,1,2,0,1,1,1,1,4,5,7,6,4,0,0,1,10,0
17,0,0,5,3,0,0,0,1,0,0,3,12,0,0,4,1,2,0,1,1,1,1,3,4,6,5,3,0,0,1,10,0
39,0,0,7,3,0,0,0,1,0,0,0,18,0,0,4,1,2,0,0,0,0,0,3,5,5,5,3,0,0,2,10,15
48,0,0,2,3,0,0,0,0,0,0,0,22,0,0,4,1,2,0,0,0,0,0,2,4,4,4,3,0,0,1,9,15
41,0,0,0,2,0,0,0,0,0,0,0,28,0,1,4,1,2,0,0,0,0,0,1,3,3,3,2,0,0,2,9,0
-29,0,0,2,1,0,0,0,0,0,0,0,59,0,0,4,1,2,0,0,0,0,0,2,2,2,2,1,0,0,1,9,15
19,0,0,0,0,0,0,0,0,0,0,0,60,0,1,4,1,2,0,0,0,0,0,1,1,1,1,1,0,0,2,9,0
35,9,1,28,0,0,0,0,0,0,1,11,19,1,0,2,12,365,0,27,1,3,5,1,2,5,2,0,5,0,2,16,15
21,8,0,27,0,0,0,1,0,0,2,7,38,0,0,2,12,365,2,24,0,0,6,1,4,6,2,1,5,3,1,15,45
-17,8,2,24,0,0,0,1,0,0,1,11,19,0,0,2,12,365,0,24,2,4,10,3,3,6,3,2,4,3,1,15,0
-18,8,2,24,0,0,0,0,0,0,1,42,3,0,0,2,12,365,0,24,4,5,13,2,4,8,2,2,3,3,1,15,0
38,8,2,23,0,0,0,0,0,0,0,41,4,0,0,2,12,365,0,24,4,5,13,1,3,7,1,1,2,2,3,14,45
-21,6,1,22,1,0,0,0,0,0,2,10,5,0,0,2,12,365,1,20,4,6,14,2,3,8,3,2,2,2,1,14,15
-98,6,2,24,2,0,0,0,0,0,1,13,2,0,0,2,12,365,1,19,3,8,14,1,5,7,3,2,1,2,1,15,0
15,5,1,15,5,0,0,0,0,0,2,4,11,0,0,2,12,365,2,14,3,6,9,4,6,14,6,4,0,1,2,12,45
13,5,3,21,5,0,0,0,0,0,2,4,11,0,0,2,12,365,2,13,4,8,9,4,5,15,6,4,0,0,1,13,30
-35,5,3,18,5,0,0,0,0,0,1,3,12,0,0,2,12,365,2,13,4,8,9,3,4,14,5,4,0,0,1,13,0
-3,4,2,18,4,0,0,0,0,0,1,1,14,0,0,2,12,365,1,13,5,8,9,2,3,13,5,3,0,0,1,13,0
17,4,2,10,5,0,0,0,0,0,1,1,14,0,0,2,12,365,2,11,3,6,8,2,6,13,5,3,0,0,2,12,0
-28,4,3,12,6,0,0,1,0,0,1,4,11,0,0,2,12,365,3,8,3,3,7,4,9,14,6,3,0,0,1,12,15
-31,2,1,20,6,0,0,3,0,0,1,9,6,0,0,2,12,365,3,5,0,1,5,8,10,14,8,4,0,0,1,13,15
-17,2,1,14,5,0,0,3,0,0,1,7,8,0,0,2,12,365,3,5,0,1,5,7,9,13,7,3,0,0,3,12,30
0,2,1,8,5,0,0,2,0,0,1,5,10,0,0,2,12,365,3,5,0,1,5,6,8,12,6,3,0,0,1,11,30
12,2,1,6,5,0,0,1,0,0,1,4,11,0,0,2,12,365,3,5,0,1,5,5,8,11,5,3,0,0,1,11,15
-58,1,0,10,4,0,0,1,0,0,1,10,5,0,0,2,12,365,1,5,1,2,5,6,7,10,6,5,0,0,2,12,0
-89,1,0,15,3,0,0,1,0,0,1,8,7,0,0,2,12,365,1,5,1,2,5,5,6,9,5,4,0,0,2,12,45
-2,1,0,9,2,0,0,1,0,0,1,4,11,0,0,2,12,365,1,5,1,4,5,4,5,8,4,3,0,0,2,11,45
80,1,0,12,2,0,0,1,0,0,0,11,4,0,0,2,12,365,0,5,1,4,5,3,5,8,4,3,0,0,1,12,15
0,1,0,4,2,0,0,0,0,0,0,2,13,0,0,2,12,365,0,5,1,4,5,3,5,8,3,2,0,0,2,11,0
-7,1,0,15,2,0,0,0,0,0,0,28,2,0,0,2,12,365,1,4,1,3,4,2,4,7,2,1,0,0,2,12,45
-56,1,1,6,1,0,0,0,0,0,0,4,26,0,0,2,12,365,0,4,3,4,4,3,4,6,2,0,0,0,1,11,15
-15,1,1,4,1,0,1,0,0,0,1,48,12,0,0,2,12,365,2,1,1,1,1,3,3,5,2,0,0,0,2,11,0
-50,1,1,3,1,0,1,0,0,0,0,40,20,0,0,2,12,365,1,1,1,1,1,2,4,4,2,1,0,0,2,10,45
-47,1,1,2,2,0,0,0,0,0,0,22,38,0,0,2,12,365,1,0,0,0,0,1,3,3,2,1,0,0,1,10,30
18,0,0,0,1,0,0,0,0,0,0,0,13,0,1,2,12,365,0,0,0,0,0,2,2,2,2,0,0,0,1,9,0
-26,0,0,1,0,0,0,0,0,0,0,0,19,0,0,2,12,365,0,0,0,0,0,1,1,1,1,0,0,0,1,10,0
25,23,1,41,0,0,0,0,0,0,0,26,4,1,0,6,12,362,0,42,1,3,7,1,2,6,1,0,8,2,1,17,30
-26,23,1,41,0,0,0,0,0,0,0,26,4,1,0,6,12,362,0,41,2,5,8,1,1,6,1,1,7,1,1,17,30
-58,20,2,40,2,0,2,1,0,0,0,6,9,0,0,6,12,362,1,35,0,5,10,4,7,12,5,1,7,3,2,17,0
9,20,2,39,2,0,2,0,0,0,0,6,9,0,0,6,12,362,1,35,0,5,10,3,6,11,4,0,6,3,1,16,30
10,20,2,37,2,0,1,0,0,0,0,3,12,0,0,6,12,362,1,35,1,5,11,2,5,10,3,0,6,2,1,15,45
-7,19,1,38,2,0,0,0,0,0,0,12,3,0,0,6,12,362,0,35,1,6,11,2,5,9,3,0,6,3,1,16,0
33,19,1,31,1,0,1,0,0,0,0,3,12,0,0,6,12,362,1,34,4,7,12,3,6,9,2,0,5,3,2,15,0
9,19,2,35,1,0,2,0,0,0,0,11,4,0,0,6,12,362,1,32,4,7,12,4,7,8,3,0,5,3,1,15,30
-29,19,2,35,1,0,1,0,0,0,0,10,5,0,0,6,12,362,1,32,4,7,12,3,6,7,2,0,4,3,1,15,30
-1,18,1,28,1,0,1,1,0,0,0,0,15,0,0,6,12,362,2,30,3,6,11,3,5,6,2,0,3,2,2,14,45
-19,18,2,28,2,0,0,2,0,0,0,41,4,0,0,6,12,362,2,28,3,6,9,4,4,8,3,2,3,1,2,14,45
7,18,2,27,1,0,1,2,0,0,0,38,7,0,0,6,12,362,3,27,2,5,8,3,3,7,2,1,3,1,3,14,30
-42,18,4,31,1,0,1,3,0,0,0,16,29,0,0,6,12,362,2,25,2,5,10,2,3,8,4,4,3,2,2,15,0
-70,18,4,33,1,0,1,2,0,0,0,13,32,0,0,6,12,362,2,25,2,5,10,1,2,7,3,3,2,2,2,15,15
-22,16,4,26,2,0,1,3,0,0,0,4,11,0,0,6,12,362,1,22,3,4,12,1,4,11,6,4,1,2,1,14,15
-67,13,4,28,2,0,1,4,0,0,1,12,18,0,0,6,12,362,1,19,2,8,12,4,7,13,8,5,0,1,2,14,45
-83,13,4,33,2,0,0,4,0,0,1,11,19,0,0,6,12,362,1,19,3,8,12,3,7,12,7,4,0,0,2,15,15
11,12,3,25,1,0,0,4,0,0,1,10,20,0,0,6,12,362,0,19,3,8,12,2,6,11,7,3,0,0,1,13,30
38,12,6,21,3,0,0,3,0,0,1,0,15,0,0,6,12,362,2,17,5,8,12,3,7,12,6,2,0,0,1,12,45
41,11,5,16,4,0,0,3,0,0,0,8,7,0,0,6,12,362,2,16,5,8,13,4,7,11,6,3,0,0,1,11,45
0,9,4,23,8,0,0,2,0,0,0,1,14,0,0,6,12,362,2,12,3,5,10,5,7,15,9,4,0,0,1,13,0
24,9,4,19,9,0,0,1,0,0,0,0,15,0,0,6,12,362,3,11,2,4,9,4,7,14,8,3,0,0,2,12,15
6,9,4,21,9,0,0,0,0,0,0,12,3,0,0,6,12,362,3,11,2,4,9,3,6,13,7,3,0,0,1,12,45
-4,7,3,24,8,0,0,1,0,0,0,15,15,0,0,6,12,362,2,10,2,4,10,4,6,13,8,3,0,0,1,13,15
12,7,3,16,7,0,0,1,0,0,0,6,9,0,0,6,12,362,2,10,2,5,10,3,5,13,7,3,0,0,1,11,45
16,6,2,9,7,0,0,0,0,0,1,11,4,0,0,6,12,362,2,9,2,5,9,3,5,13,7,2,0,0,2,10,45
-25,6,3,19,7,0,0,0,0,0,1,4,11,0,0,6,12,362,2,8,2,5,8,2,4,12,7,3,0,0,2,12,15
10,5,3,14,7,0,0,0,0,0,1,0,15,0,0,6,12,362,1,7,2,5,7,3,8,11,8,5,0,0,2,11,30
27,4,4,12,6,0,1,0,0,0,1,3,12,0,0,6,12,362,1,6,3,6,6,2,8,13,8,4,0,0,2,11,15
-28,4,4,18,5,0,2,0,0,0,1,1,14,0,0,6,12,362,1,5,3,5,5,6,8,13,8,5,0,0,2,12,0
16,2,2,10,7,0,2,0,0,0,1,23,7,0,0,6,12,362,1,2,2,2,2,7,8,13,10,6,0,0,2,11,0
5,2,2,3,6,0,2,0,0,0,1,22,8,0,0,6,12,362,1,2,2,2,2,6,7,12,9,5,0,0,2,9,45
-32,2,2,8,6,0,1,0,0,0,1,19,11,0,0,6,12,362,1,2,2,2,2,5,6,11,8,5,0,0,1,10,30
-6,2,2,6,6,0,0,0,0,0,1,17,13,0,0,6,12,362,1,2,2,2,2,4,5,10,7,5,0,0,1,10,15
-23,2,2,12,6,0,0,0,0,0,0,16,14,0,0,6,12,362,1,2,2,2,2,3,4,9,6,4,0,0,2,11,15
19,0,0,10,6,0,1,0,0,0,0,7,23,0,0,6,12,362,1,0,0,0,0,3,3,8,7,4,0,0,2,11,0
-58,0,0,14,5,0,1,0,0,0,0,9,6,0,0,6,12,362,0,0,0,0,0,2,6,7,7,4,0,0,2,11,30
-48,0,0,4,5,0,0,0,0,0,0,0,2,0,0,6,12,362,0,0,0,0,0,1,5,6,6,3,0,0,2,10,0
30,0,0,0,4,0,0,0,0,0,0,0,38,0,1,6,12,362,0,0,0,0,0,4,5,5,5,3,0,0,1,9,0
26,0,0,2,3,0,0,0,0,0,0,0,40,0,0,6,12,362,0,0,0,0,0,3,4,4,4,2,0,0,1,9,15
22,0,0,0,2,0,0,0,0,0,0,0,42,0,1,6,12,362,0,0,0,0,0,3,3,3,3,1,0,0,1,9,0
21,0,0,4,1,0,0,0,0,0,0,0,43,0,0,6,12,362,0,0,0,0,0,2,2,2,2,1,0,0,2,10,0
28,0,0,6,0,0,0,0,0,0,0,0,72,0,0,6,12,362,0,0,0,0,0,1,1,1,1,1,0,0,1,10,15
7,20,1,49,1,0,0,0,0,0,0,7,8,1,0,5,12,361,0,48,1,4,10,1,3,8,2,2,3,0,2,16,45
1,19,1,48,2,0,0,0,0,0,0,13,2,0,0,5,12,361,0,46,5,8,13,2,4,10,3,2,3,0,1,16,30
-30,19,1,47,2,0,0,1,0,0,0,9,6,0,0,5,12,361,2,44,3,6,11,2,6,10,2,1,3,0,1,16,15
-22,18,0,46,3,0,0,2,0,0,0,10,5,0,0,5,12,361,1,41,3,5,11,3,8,10,5,2,3,1,1,15,45
-14,18,0,44,4,0,0,2,0,0,0,5,10,0,0,5,12,361,3,39,1,3,9,4,7,9,4,2,3,1,1,15,30
31,18,1,39,4,0,0,2,0,0,0,12,3,0,0,5,12,361,1,38,1,5,11,6,6,9,6,2,3,1,2,15,0
-30,18,1,42,3,0,0,2,0,0,0,10,5,0,0,5,12,361,1,38,2,5,11,5,5,8,5,2,3,1,2,15,15
-7,18,1,37,2,0,0,2,0,0,0,9,6,0,0,5,12,361,1,38,2,5,11,4,5,8,4,2,3,1,3,14,45
-19,18,1,44,2,0,0,1,0,0,0,2,13,0,0,5,12,361,1,38,2,6,12,3,4,8,3,1,2,1,1,15,30
-40,18,1,42,1,0,0,1,1,0,0,39,6,0,0,5,12,361,2,37,2,5,13,2,3,9,2,1,2,0,2,15,15
18,18,1,37,1,0,0,0,1,0,0,31,14,0,0,5,12,361,1,37,2,5,13,1,2,8,2,1,2,0,3,14,45
-26,17,1,36,5,0,0,0,0,0,0,10,5,0,0,5,12,361,3,33,3,6,14,2,3,14,3,0,2,0,2,14,30
-1,17,2,33,5,0,0,1,0,0,0,0,15,0,0,5,12,361,3,31,4,7,16,2,6,13,4,1,2,1,1,13,15
20,16,1,27,5,0,0,2,0,0,0,8,7,0,0,5,12,361,2,29,5,8,18,5,10,16,6,3,2,2,2,12,30
-68,16,2,35,6,0,0,2,0,0,0,10,5,0,0,5,12,361,2,27,3,8,19,5,11,16,7,4,2,2,1,14,15
5,16,2,34,6,0,0,2,0,0,0,7,8,0,0,5,12,361,2,26,3,8,18,4,10,16,7,4,2,2,1,13,30
-95,16,2,39,6,0,0,2,0,0,0,13,2,0,0,5,12,361,2,25,3,8,17,5,9,16,7,4,1,2,2,15,0
-13,16,2,31,5,0,0,2,0,0,0,11,4,0,0,5,12,361,2,25,3,9,17,5,8,15,6,4,1,1,1,13,0
-121,15,4,39,6,0,0,1,0,0,0,11,4,0,0,5,12,361,0,24,5,10,17,7,7,16,8,5,1,1,2,15,0
-18,15,4,29,6,0,0,1,0,0,0,4,11,0,0,5,12,361,1,23,5,11,17,6,6,16,7,4,0,1,2,12,45
-22,15,4,27,6,0,0,1,0,0,0,0,15,0,0,5,12,361,2,22,4,10,16,5,5,16,6,3,0,0,2,12,30
-1,15,4,25,5,0,0,1,0,0,0,13,2,0,0,5,12,361,2,22,5,10,17,4,6,16,5,2,0,0,2,12,15
-22,15,4,29,4,0,0,1,0,0,0,11,4,0,0,5,12,361,1,22,6,11,17,3,6,15,5,3,0,0,2,12,45
-3,15,5,23,4,0,0,1,0,0,0,7,8,0,0,5,12,361,1,21,5,10,17,2,6,14,5,4,0,0,2,12,0
-26,15,6,31,5,0,0,0,0,0,0,2,13,0,0,5,12,361,2,20,4,11,16,1,6,15,4,4,0,0,1,13,0
-14,11,7,20,9,0,1,2,0,0,0,0,15,0,0,5,12,361,2,12,4,6,12,6,11,19,11,10,0,0,1,11,30
-3,11,7,22,8,0,1,2,0,0,0,14,1,0,0,5,12,361,2,12,4,6,12,5,10,18,10,9,0,0,2,11,45
8,11,7,23,7,0,2,2,0,0,0,12,3,0,0,5,12,361,3,11,3,6,11,5,10,17,9,8,0,0,2,12,0
12,11,7,14,7,0,1,2,0,0,0,10,5,0,0,5,12,361,3,11,3,6,11,4,9,16,8,7,0,0,2,10,45
12,9,6,18,7,0,1,2,0,0,0,5,10,0,0,5,12,361,2,10,3,6,10,3,9,17,9,8,0,0,2,11,15
-37,6,5,25,7,0,2,2,0,0,0,8,7,0,0,5,12,361,1,8,2,5,8,5,10,17,11,7,0,0,2,12,15
-5,6,5,20,6,0,2,2,0,0,0,13,2,0,0,5,12,361,1,8,3,6,8,6,11,18,10,6,0,0,1,11,30
-12,5,5,16,6,0,2,2,0,0,0,14,1,0,0,5,12,361,1,7,4,7,7,7,10,18,10,5,0,0,2,11,0
25,5,5,8,5,0,2,2,0,0,0,13,2,0,0,5,12,361,1,7,4,7,7,6,9,17,9,4,0,0,2,10,0
4,4,4,16,5,0,2,2,0,0,0,8,7,0,0,5,12,361,1,6,3,6,6,6,8,16,9,4,0,0,2,11,0
-5,4,4,18,5,0,2,1,0,0,0,2,13,0,0,5,12,361,1,6,3,6,6,6,9,15,8,3,0,0,2,11,15
27,4,4,12,5,0,2,0,0,0,1,13,2,0,0,5,12,361,2,5,3,5,5,6,8,14,7,2,0,0,2,10,30
16,3,3,10,6,0,1,0,0,0,1,5,10,0,0,5,12,361,1,4,4,4,4,5,9,13,8,2,0,0,2,10,15
39,3,3,8,5,0,1,0,0,0,1,4,11,0,0,5,12,361,1,4,4,4,4,4,8,12,7,2,0,0,2,10,0
6,1,1,12,4,0,1,0,0,0,2,9,6,0,0,5,12,361,0,3,3,3,3,3,8,11,8,2,0,0,2,10,30
-66,1,1,14,4,0,1,0,0,0,1,3,12,0,0,5,12,361,0,3,3,3,3,3,8,10,7,2,0,0,2,10,45
17,1,1,6,4,0,0,0,0,0,1,2,13,0,0,5,12,361,0,3,3,3,3,3,7,9,6,2,0,0,2,9,45
57,0,0,4,4,0,0,0,0,0,3,0,8,0,0,5,12,361,0,0,0,0,0,5,8,8,8,4,0,0,2,9,30
9,0,0,2,4,0,0,0,0,0,2,0,12,0,0,5,12,361,0,0,0,0,0,5,7,7,7,4,0,0,2,9,15
-70,0,0,10,4,0,0,0,0,0,1,0,20,0,0,5,12,361,0,0,0,0,0,6,6,6,6,4,0,0,2,10,15
12,0,0,2,3,0,0,0,0,0,1,0,21,0,0,5,12,361,0,0,0,0,0,5,5,5,5,3,0,0,2,9,15
3,0,0,0,2,0,0,0,0,0,1,0,29,0,1,5,12,361,0,0,0,0,0,4,4,4,4,2,0,0,2,9,0
9,0,0,4,1,0,0,0,0,0,1,0,42,0,0,5,12,361,0,0,0,0,0,3,3,3,3,2,0,0,2,9,30
-6,0,0,0,1,0,0,0,0,0,0,0,46,0,1,5,12,361,0,0,0,0,0,2,2,2,2,1,0,0,2,9,0
11,0,0,6,0,0,0,0,0,0,0,0,47,0,0,5,12,361,0,0,0,0,0,1,1,1,1,0,0,0,2,9,45
-12,18,1,38,0,0,0,0,0,0,0,18,27,1,0,4,12,360,0,38,1,5,6,1,2,4,1,0,2,1,2,17,30
11,17,1,35,0,0,0,0,1,0,0,40,5,0,0,4,12,360,1,36,3,4,7,2,3,6,1,1,2,0,2,16,30
-31,17,2,36,0,0,0,2,1,0,0,15,30,0,0,4,12,360,3,33,0,1,4,2,3,6,1,0,2,1,1,16,45
-46,16,2,36,0,0,0,1,1,0,0,6,9,0,0,4,12,360,0,33,1,4,6,1,3,6,3,2,2,1,1,16,45
1,15,1,32,0,0,0,1,1,0,0,3,12,0,0,4,12,360,0,32,3,3,9,3,4,6,3,1,1,1,1,15,15
29,15,1,33,0,0,0,2,0,0,0,5,10,0,0,4,12,360,1,31,2,4,10,2,3,8,2,1,1,0,1,15,30
-7,14,0,34,1,0,0,2,0,0,0,4,11,0,0,4,12,360,2,29,0,2,10,2,3,9,2,2,1,1,1,15,45
-2,14,2,28,1,0,0,1,0,0,0,41,4,0,0,4,12,360,1,29,2,6,13,1,3,8,2,2,1,1,2,14,30
2,14,4,29,2,0,0,0,0,0,1,8,37,0,0,4,12,360,1,27,4,7,14,2,6,9,3,1,0,1,1,14,45
-65,13,3,29,2,0,0,0,0,0,0,10,5,0,0,4,12,360,0,27,5,8,16,1,6,9,3,0,0,0,1,14,45
-53,11,2,31,4,0,0,1,0,0,1,9,6,0,0,4,12,360,1,22,3,7,12,5,6,14,6,3,0,0,1,15,0
-58,11,2,27,3,0,0,1,0,0,1,9,6,0,0,4,12,360,1,22,3,7,12,4,5,13,5,3,0,0,1,14,15
-23,11,2,26,2,0,0,2,0,0,1,7,8,0,0,4,12,360,2,21,3,6,11,3,4,12,4,2,0,0,1,13,30
73,10,1,15,2,0,0,2,0,0,0,5,10,0,0,4,12,360,1,21,4,6,12,2,3,11,4,2,0,0,2,11,45
26,10,2,22,3,0,0,2,0,0,0,7,8,0,0,4,12,360,3,19,3,6,12,1,3,10,3,2,0,0,1,12,45
-24,9,4,24,4,0,0,4,0,0,0,11,4,0,0,4,12,360,2,15,4,5,12,3,9,15,7,3,0,0,1,13,0
14,8,3,25,4,0,0,5,0,0,0,13,2,0,0,4,12,360,2,13,3,4,10,4,8,15,8,5,0,0,1,13,15
12,7,2,17,3,0,0,5,0,0,0,14,1,0,0,4,12,360,0,13,3,6,11,6,7,14,9,5,0,0,2,12,0
-13,7,3,21,3,0,0,6,1,0,0,2,13,0,0,4,12,360,2,10,1,5,8,6,9,14,9,6,0,0,2,12,30
36,7,3,19,3,0,0,5,1,0,0,14,1,0,0,4,12,360,2,10,1,5,8,5,8,13,8,5,0,0,1,12,15
-22,5,1,22,3,0,0,4,1,0,0,5,10,0,0,4,12,360,0,10,3,6,8,4,9,13,9,5,0,0,1,12,45
34,5,2,10,3,0,0,3,1,0,0,2,13,0,0,4,12,360,0,10,3,6,8,3,8,12,8,4,0,0,1,11,0
-8,5,2,13,2,0,0,3,1,0,0,0,15,0,0,4,12,360,0,10,3,6,8,2,7,11,7,4,0,0,2,11,30
-11,5,2,19,2,0,0,2,1,0,0,27,3,0,0,4,12,360,0,10,3,7,8,1,6,10,6,3,0,0,1,12,15
37,4,3,9,4,0,0,3,0,0,0,8,7,0,0,4,12,360,0,7,4,5,7,6,8,11,8,3,0,0,2,10,30
-1,4,3,13,4,0,0,4,0,0,0,6,9,0,0,4,12,360,2,5,2,3,5,6,7,10,7,2,0,0,2,11,30
0,4,3,15,3,0,0,4,0,0,0,3,12,0,0,4,12,360,2,5,2,3,5,5,6,9,6,2,0,0,2,11,45
-23,4,4,10,2,0,0,4,0,0,0,12,3,0,0,4,12,360,1,5,2,3,5,4,5,9,6,2,0,0,1,11,0
-11,4,4,17,2,0,0,3,0,0,0,12,3,0,0,4,12,360,1,5,2,3,5,3,4,8,5,2,0,0,2,12,0
-2,3,3,8,2,0,0,4,0,0,0,11,4,0,0,4,12,360,2,3,1,1,3,3,4,8,5,2,0,0,1,10,15
-52,3,3,12,2,0,0,3,0,0,0,7,8,0,0,4,12,360,2,3,1,3,3,2,3,8,4,1,0,0,2,11,15
34,1,1,3,3,0,0,2,0,0,0,12,3,0,0,4,12,360,1,2,0,2,2,2,4,8,5,1,0,0,2,9,30
39,0,0,5,2,0,0,2,0,0,0,6,9,0,0,4,12,360,0,2,2,2,2,2,4,7,5,1,0,0,1,9,45
66,0,0,7,3,0,1,1,0,0,0,0,10,0,0,4,12,360,2,0,0,0,0,2,5,6,4,1,0,0,1,10,0
-22,0,0,0,3,0,0,1,0,0,0,0,32,0,1,4,12,360,0,0,0,0,0,3,5,5,5,2,0,0,2,9,0
-46,0,0,1,2,0,0,1,0,0,0,0,45,0,0,4,12,360,0,0,0,0,0,4,4,4,4,1,0,0,2,9,15
9,0,0,3,2,0,0,0,0,0,0,0,61,0,0,4,12,360,0,0,0,0,0,3,3,3,3,1,0,0,2,9,30
1,0,0,5,1,0,0,0,0,0,0,0,67,0,0,4,12,360,0,0,0,0,0,2,2,2,2,1,0,0,1,9,45
3,0,0,1,0,0,0,0,0,0,0,0,71,0,0,4,12,360,0,0,0,0,0,1,1,1,1,1,0,0,2,9,15
10,6,0,15,0,0,1,0,0,0,0,58,17,1,0,2,12,358,1,14,0,1,5,1,2,3,1,1,1,1,1,14,45
-25,6,0,14,0,0,0,0,0,0,0,13,62,0,0,2,12,358,0,14,1,3,6,1,1,5,1,0,1,0,1,14,30
-25,5,1,11,1,0,1,1,1,0,0,2,43,0,0,2,12,358,1,9,1,2,6,4,4,5,4,1,1,1,1,13,0
-30,5,1,13,1,0,1,1,1,0,0,9,6,0,0,2,12,358,2,8,0,2,6,3,3,4,3,0,1,1,1,13,15
-20,5,1,11,1,0,1,0,1,0,0,6,9,0,0,2,12,358,2,8,0,2,6,2,2,4,2,0,1,1,1,13,0
3,5,1,10,1,0,0,0,1,0,0,24,6,0,0,2,12,358,2,8,0,2,7,1,1,5,1,0,0,1,2,12,15
-3,3,2,6,2,0,0,1,2,0,0,12,18,0,0,2,12,358,2,4,1,4,4,1,4,8,4,2,0,0,1,11,0
-34,1,1,9,2,0,1,1,2,0,0,6,24,0,0,2,12,358,2,2,2,2,2,4,6,9,5,3,0,0,1,12,0
51,1,1,3,2,0,1,1,1,0,0,2,28,0,0,2,12,358,1,2,2,2,2,3,5,8,5,4,0,0,1,10,0
21,1,1,8,2,0,1,1,0,0,0,13,2,0,0,2,12,358,1,2,2,2,2,2,4,7,4,3,0,0,1,11,30
-24,1,1,5,3,0,1,1,0,0,0,9,6,0,0,2,12,358,2,0,0,0,0,3,4,6,4,3,0,0,2,10,30
-10,0,0,3,3,0,0,1,0,0,0,0,10,0,0,2,12,358,0,0,0,0,0,2,5,5,5,4,0,0,1,10,0
-85,0,0,6,2,0,0,1,0,0,0,0,19,0,0,2,12,358,0,0,0,0,0,2,4,4,4,3,0,0,1,11,0
47,0,0,2,2,0,0,0,0,0,0,0,48,0,0,2,12,358,0,0,0,0,0,3,3,3,3,2,0,0,2,9,45
58,0,0,0,1,0,0,0,0,0,0,0,61,0,1,2,12,358,0,0,0,0,0,2,2,2,2,2,0,0,1,9,30
3,0,0,0,0,0,0,0,0,0,0,0,62,0,1,2,12,358,0,0,0,0,0,1,1,1,1,1,0,0,1,9,30
-9,29,4,57,1,0,2,1,0,0,0,3,12,1,0,6,12,355,1,54,3,7,12,2,4,9,4,2,6,1,2,17,30
24,29,4,57,1,0,2,1,0,0,0,10,5,1,0,6,12,355,2,53,2,8,13,1,4,10,3,2,5,1,2,17,30
25,26,2,56,3,0,3,2,0,0,1,10,5,0,0,6,12,355,4,47,2,5,13,5,7,15,6,2,5,1,2,17,15
36,25,1,54,3,0,2,2,0,0,1,5,10,0,0,6,12,355,3,47,2,5,13,5,6,15,6,3,5,1,1,16,45
-29,25,1,55,2,0,2,2,0,0,1,14,1,0,0,6,12,355,2,47,2,5,13,4,5,14,6,2,5,1,1,17,0
41,25,1,47,2,0,2,3,0,0,1,10,5,0,0,6,12,355,3,45,2,5,13,3,6,13,6,3,5,1,3,16,0
14,25,1,53,1,0,2,3,0,0,1,6,9,0,0,6,12,355,3,45,2,5,13,2,5,13,5,3,4,1,1,16,30
44,25,2,45,0,0,2,3,0,0,1,9,6,0,0,6,12,355,3,45,3,7,14,2,8,12,4,3,4,0,3,15,45
-16,25,4,50,1,0,3,3,0,0,1,2,13,0,0,6,12,355,4,42,2,6,14,7,9,14,5,4,4,0,1,16,15
-58,24,5,50,0,0,3,3,0,0,2,12,3,0,0,6,12,355,1,41,5,8,14,7,9,13,8,7,4,0,1,16,15
16,24,6,39,1,0,2,3,0,0,2,11,4,0,0,6,12,355,2,40,4,8,14,6,8,12,7,6,4,0,2,15,0
-50,24,6,47,1,0,2,3,0,0,1,6,9,0,0,6,12,355,2,40,4,8,14,6,8,11,6,5,4,1,3,16,0
-4,24,6,47,1,0,1,3,0,0,1,5,10,0,0,6,12,355,2,40,4,8,14,5,7,10,5,4,4,1,3,16,0
-26,24,6,43,1,0,0,3,0,0,1,3,12,0,0,6,12,355,2,40,4,8,14,4,6,10,4,3,4,1,2,15,30
-44,24,6,50,1,0,0,2,0,0,1,3,12,0,0,6,12,355,2,40,4,8,14,3,5,9,3,3,4,1,1,16,15
40,23,5,43,3,0,0,2,0,0,1,7,8,0,0,6,12,355,3,37,3,6,14,3,5,8,4,4,4,1,2,15,30
-15,21,6,39,3,0,1,2,0,0,0,6,9,0,0,6,12,355,1,36,4,7,14,3,5,8,6,4,4,1,2,15,0
-45,20,5,41,4,0,1,2,0,0,0,40,5,0,0,6,12,355,2,34,3,7,13,2,5,8,6,4,4,1,2,15,15
-16,18,5,45,5,0,1,2,0,0,0,21,24,0,0,6,12,355,2,32,3,6,13,3,4,9,7,5,3,1,3,15,45
0,18,6,37,5,0,1,2,0,0,0,9,36,0,0,6,12,355,2,31,4,8,14,3,4,8,7,5,3,0,2,14,45
3,17,5,36,5,0,1,2,0,0,0,2,43,0,0,6,12,355,2,30,3,8,13,2,4,8,7,4,3,0,2,14,30
6,15,4,35,6,0,0,2,0,0,0,5,10,0,0,6,12,355,1,29,3,7,12,1,3,10,8,6,3,0,1,14,15
5,13,4,34,6,0,1,2,1,0,0,5,10,0,0,6,12,355,2,26,4,8,11,2,5,13,9,6,3,1,1,13,30
-63,12,5,37,9,0,1,1,2,0,0,2,13,0,0,6,12,355,4,22,1,5,8,2,5,16,10,8,3,1,2,14,45
55,11,5,28,8,0,1,1,2,0,0,3,12,0,0,6,12,355,3,22,4,6,10,3,7,15,10,8,2,2,2,12,30
27,9,4,26,8,0,1,1,3,0,0,0,15,0,0,6,12,355,3,20,3,4,12,3,9,15,11,8,2,2,2,12,15
46,9,4,26,7,0,1,1,3,0,0,14,1,0,0,6,12,355,3,20,3,4,12,3,8,15,10,7,2,2,2,12,15
73,7,2,32,6,0,1,4,3,0,0,5,10,0,0,6,12,355,3,17,1,3,11,4,12,18,12,9,2,2,1,13,0
39,7,2,30,5,0,1,4,3,0,0,14,1,0,0,6,12,355,3,17,1,4,13,6,11,17,11,8,2,2,1,12,45
-199,7,2,41,5,0,0,4,3,0,0,13,2,0,0,6,12,355,3,17,2,4,13,5,10,17,10,7,1,2,2,15,15
66,7,2,24,5,0,0,4,2,0,0,11,4,0,0,6,12,355,3,17,2,4,13,4,9,17,9,6,1,1,2,12,0
2,5,1,22,5,0,0,4,2,0,0,4,11,0,0,6,12,355,1,16,2,6,15,8,8,20,11,7,1,1,2,11,45
43,5,1,33,5,0,0,3,2,0,0,1,14,0,0,6,12,355,1,16,2,8,16,7,7,19,10,7,0,1,1,13,15
32,5,1,20,5,0,0,3,1,0,0,0,15,0,0,6,12,355,1,16,2,8,16,6,7,18,9,6,0,0,2,11,30
-9,5,2,30,5,0,0,3,1,0,0,6,9,0,0,6,12,355,2,15,2,8,15,5,9,18,8,5,0,0,1,12,45
40,5,3,22,4,0,0,3,1,0,0,0,15,0,0,6,12,355,1,15,3,8,15,4,8,19,8,5,0,0,2,11,45
39,5,3,20,4,0,0,3,0,0,0,14,1,0,0,6,12,355,1,15,3,8,15,3,7,19,7,4,0,0,2,11,30
-83,5,3,28,3,0,0,3,0,0,0,11,4,0,0,6,12,355,1,15,3,8,15,2,7,18,6,4,0,0,2,12,30
0,5,3,18,4,0,0,2,0,0,0,6,9,0,0,6,12,355,2,14,4,8,14,1,7,17,5,3,0,0,2,11,15
117,4,4,24,5,0,1,5,0,0,0,1,14,0,0,6,12,355,3,8,3,8,8,6,12,20,9,6,0,0,2,12,0
-32,4,4,16,4,0,1,5,0,0,0,14,1,0,0,6,12,355,3,8,3,8,8,5,11,19,8,5,0,0,2,11,0
15,4,4,8,4,0,0,5,0,0,0,12,3,0,0,6,12,355,2,8,4,8,8,6,10,18,8,5,0,0,2,10,0
-40,3,3,16,3,0,0,5,0,0,0,10,5,0,0,6,12,355,1,8,4,8,8,6,9,17,8,5,0,0,2,11,0
-9,2,2,10,3,0,0,5,0,0,0,13,2,0,0,6,12,355,1,7,4,7,7,7,12,16,8,6,0,0,2,10,15
-32,2,2,12,2,0,0,5,0,0,0,11,4,0,0,6,12,355,1,7,5,7,7,6,11,15,7,5,0,0,2,10,30
-39,2,2,14,4,0,0,5,0,0,0,13,2,0,0,6,12,355,3,4,4,4,4,6,11,14,7,5,0,0,2,10,45
11,2,2,6,4,0,0,4,0,0,0,12,3,0,0,6,12,355,2,4,4,4,4,5,10,13,7,5,0,0,2,9,45
-28,2,2,18,3,0,0,4,0,0,0,11,4,0,0,6,12,355,2,4,4,4,4,4,9,12,6,5,0,0,2,11,15
50,2,2,12,3,0,0,3,0,0,0,7,8,0,0,6,12,355,2,4,4,4,4,4,8,11,5,4,0,0,2,10,30
-69,2,2,14,3,0,0,2,0,0,0,6,9,0,0,6,12,355,2,4,4,4,4,3,7,10,4,4,0,0,2,10,45
-48,1,1,10,2,0,2,3,0,0,0,5,10,0,0,6,12,355,2,1,1,1,1,5,8,9,6,3,0,0,2,10,15
16,0,0,4,1,0,2,4,0,0,0,0,5,0,0,6,12,355,1,0,0,0,0,5,8,8,7,4,0,0,2,9,30
103,0,0,8,1,0,2,3,0,0,0,0,10,0,0,6,12,355,0,0,0,0,0,4,7,7,7,3,0,0,2,10,0
-21,0,0,4,1,0,1,3,0,0,0,0,11,0,0,6,12,355,0,0,0,0,0,3,6,6,6,2,0,0,2,9,30
-27,0,0,6,1,0,1,2,0,0,0,0,16,0,0,6,12,355,0,0,0,0,0,4,5,5,5,2,0,0,2,9,45
-15,0,0,2,1,0,1,1,0,0,0,0,27,0,0,6,12,355,0,0,0,0,0,3,4,4,4,2,0,0,2,9,15
1,0,0,2,0,0,1,1,0,0,0,0,45,0,0,6,12,355,0,0,0,0,0,3,3,3,3,1,0,0,2,9,15
4,0,0,0,0,0,0,1,0,0,0,0,46,0,1,6,12,355,0,0,0,0,0,2,2,2,2,1,0,0,2,9,0
-9,0,0,0,0,0,0,0,0,0,0,0,58,0,1,6,12,355,0,0,0,0,0,1,1,1,1,0,0,0,2,9,0
47,43,4,51,0,0,0,1,0,0,0,44,0,1,0,5,12,354,1,51,1,4,10,1,1,2,1,1,1,0,2,17,15
17,37,5,50,3,0,1,1,0,0,2,10,20,0,0,5,12,354,1,44,4,7,13,2,6,12,7,4,1,0,2,17,0
22,34,4,48,5,0,2,1,0,0,2,12,3,0,0,5,12,354,2,40,3,6,10,5,7,13,9,5,1,0,1,16,45
40,34,4,48,5,0,1,1,0,0,2,7,8,0,0,5,12,354,1,40,4,6,12,4,7,13,9,4,1,0,1,16,45
86,33,4,46,5,0,1,0,1,0,2,1,14,0,0,5,12,354,1,38,3,5,11,3,6,13,9,4,1,0,2,16,15
11,33,5,46,5,0,1,0,1,0,3,4,11,0,0,5,12,354,2,37,3,4,10,3,6,13,9,5,1,0,2,16,15
14,33,5,44,5,0,1,0,1,0,2,3,12,0,0,5,12,354,2,37,3,5,10,3,6,12,8,4,1,0,2,16,0
-30,32,6,51,5,0,1,0,1,0,2,13,2,1,0,5,12,354,2,36,2,5,10,4,7,14,8,4,1,0,2,17,15
36,30,4,41,6,0,1,1,1,0,1,4,11,0,0,5,12,354,2,34,2,4,10,4,6,13,9,4,1,0,1,15,30
13,30,4,40,6,0,1,1,1,0,0,8,7,0,0,5,12,354,2,34,3,6,12,5,6,12,8,3,1,0,2,15,15
272,29,4,17,6,0,0,1,1,0,0,13,2,0,0,5,12,354,1,34,3,6,13,4,7,12,8,2,1,0,1,11,15
75,28,3,38,5,0,0,1,1,0,1,4,11,0,0,5,12,354,0,33,3,6,14,3,7,13,9,3,1,1,1,15,0
63,28,3,41,4,0,0,1,2,0,1,0,15,0,0,5,12,354,1,32,2,5,13,3,7,12,8,3,1,1,1,15,30
-5,27,4,44,4,0,0,1,2,0,1,9,6,0,0,5,12,354,1,31,1,4,13,2,6,13,8,4,1,1,2,16,0
22,26,4,36,5,0,0,1,1,0,1,31,14,0,0,5,12,354,1,30,3,6,14,5,7,13,8,4,1,1,2,14,45
-4,26,6,43,6,0,0,1,1,0,1,23,22,0,0,5,12,354,2,28,1,6,13,4,6,12,8,4,1,1,2,15,45
9,26,6,38,5,0,0,1,1,0,1,19,26,0,0,5,12,354,2,28,1,6,14,3,6,13,7,3,1,1,1,15,0
8,25,6,34,5,0,0,1,1,0,0,7,38,0,0,5,12,354,1,28,2,8,15,4,7,13,7,3,0,1,2,14,30
17,25,7,34,6,0,0,0,1,0,0,3,42,0,0,5,12,354,2,27,3,8,14,3,6,13,6,2,0,0,2,14,30
-3,23,7,36,5,0,0,0,1,0,0,4,11,0,0,5,12,354,0,27,5,9,16,3,7,13,7,2,0,0,2,14,45
57,23,8,25,4,0,0,0,1,0,0,2,13,0,0,5,12,354,0,27,6,9,16,2,6,12,6,1,0,0,2,12,30
88,20,7,29,8,0,0,0,0,0,1,7,8,0,0,5,12,354,2,22,4,7,13,5,7,14,8,2,0,0,1,13,0
14,19,7,31,8,0,0,0,0,0,1,12,3,0,0,5,12,354,1,21,4,7,13,5,8,13,9,2,0,0,1,13,15
16,19,7,32,7,0,0,0,0,0,1,12,3,0,0,5,12,354,1,21,4,7,13,4,7,12,8,2,0,0,1,13,30
-21,17,7,33,7,0,0,1,0,0,1,13,2,0,0,5,12,354,1,19,3,7,11,3,8,12,9,3,0,0,2,14,15
76,17,7,29,6,0,0,1,0,0,1,11,4,0,0,5,12,354,1,19,4,7,11,2,7,11,8,3,0,0,1,13,0
129,15,6,13,5,0,1,1,0,0,1,1,14,0,0,5,12,354,0,18,4,7,11,3,6,10,9,4,0,0,2,10,45
67,13,5,21,5,0,1,3,0,0,1,7,8,0,0,5,12,354,1,15,4,6,11,5,8,10,10,4,0,0,2,12,0
8,13,5,27,5,0,1,3,0,0,0,5,10,0,0,5,12,354,1,15,4,6,11,4,7,9,9,4,0,0,2,12,45
65,12,5,17,6,0,0,3,0,0,0,0,15,0,0,5,12,354,1,14,3,5,11,3,6,9,9,4,0,0,1,11,15
21,11,4,23,6,0,0,3,0,0,0,6,9,0,0,5,12,354,1,13,3,5,11,2,5,10,9,4,0,0,2,12,15
18,10,3,25,6,0,0,3,0,0,0,14,1,0,0,5,12,354,1,12,2,4,10,1,5,12,9,3,0,0,2,12,30
30,8,4,21,6,0,0,3,1,0,0,13,2,0,0,5,12,354,1,10,2,6,10,4,5,16,10,4,0,0,2,12,0
32,8,4,19,6,0,0,2,1,0,0,11,4,0,0,5,12,354,0,10,2,6,10,3,4,15,10,4,0,0,1,11,30
-1,8,4,27,5,0,0,2,1,0,0,10,5,0,0,5,12,354,0,10,2,6,10,2,3,14,9,3,0,0,2,12,45
33,7,6,20,7,0,0,1,1,0,0,1,14,0,0,5,12,354,1,8,4,6,8,2,8,16,9,3,0,0,2,11,45
119,5,5,2,8,0,0,1,2,0,0,7,8,0,0,5,12,354,2,5,3,5,5,4,11,16,10,5,0,0,2,9,15
49,3,3,13,8,0,0,1,2,0,0,5,10,0,0,5,12,354,0,4,4,4,4,8,11,16,12,6,0,0,2,10,45
12,2,2,9,8,0,0,1,2,0,0,13,2,0,0,5,12,354,0,3,3,3,3,7,12,15,12,6,0,0,2,10,15
69,2,2,9,7,0,1,1,2,0,0,8,7,0,0,5,12,354,1,2,2,2,2,8,11,14,11,5,0,0,2,10,15
58,2,2,15,5,0,1,1,2,0,0,6,9,0,0,5,12,354,1,2,2,2,2,8,11,13,10,4,0,0,2,11,0
71,2,2,11,5,0,1,1,2,0,0,6,9,0,0,5,12,354,1,2,2,2,2,8,11,13,10,4,0,0,2,10,30
50,1,1,15,5,0,1,0,2,0,0,1,14,0,0,5,12,354,0,2,2,2,2,6,9,11,9,4,0,0,2,11,0
25,1,1,4,5,0,1,0,2,0,0,10,5,0,0,5,12,354,1,1,1,1,1,5,8,10,8,4,0,0,2,9,30
-39,1,1,11,4,0,1,0,2,0,0,8,7,0,0,5,12,354,1,1,1,1,1,4,8,9,7,3,0,0,2,10,30
26,0,0,6,5,0,1,0,1,0,0,10,5,0,0,5,12,354,1,0,0,0,0,5,7,8,7,4,0,0,1,9,45
19,0,0,6,4,0,1,0,1,0,0,8,7,0,0,5,12,354,1,0,0,0,0,4,6,7,6,3,0,0,1,9,45
-79,0,0,23,4,0,1,0,0,0,0,7,8,0,0,5,12,354,1,0,0,0,0,4,5,6,5,3,0,0,2,12,15
46,0,0,8,3,0,1,0,0,0,0,0,12,0,0,5,12,354,0,0,0,0,0,4,5,5,5,4,0,0,2,10,0
21,0,0,0,2,0,1,0,0,0,0,0,14,0,1,5,12,354,0,0,0,0,0,3,4,4,4,3,0,0,2,9,0
30,0,0,2,1,0,1,0,0,0,0,0,22,0,0,5,12,354,0,0,0,0,0,2,3,3,3,2,0,0,2,9,15
-24,0,0,4,0,0,1,0,0,0,0,0,35,0,0,5,12,354,0,0,0,0,0,2,2,2,2,2,0,0,2,9,30
31,0,0,0,0,0,0,0,0,0,0,0,54,0,1,5,12,354,0,0,0,0,0,1,1,1,1,1,0,0,2,9,0
-56,29,3,39,1,0,0,0,0,0,0,30,60,1,0,4,12,353,0,38,3,5,10,3,3,5,2,1,5,0,2,17,45
-11,29,4,38,0,0,0,0,0,0,0,25,65,0,0,4,12,353,0,38,3,5,11,2,2,4,1,1,5,0,1,16,45
14,28,3,37,1,0,0,0,0,0,0,3,87,0,0,4,12,353,1,36,2,5,11,1,3,5,1,0,5,1,1,15,15
25,25,3,32,3,0,0,1,0,0,0,3,12,0,0,4,12,353,1,32,3,6,12,2,2,6,4,2,4,1,1,14,15
-10,25,5,36,2,0,0,1,0,0,0,7,8,0,0,4,12,353,1,32,3,7,13,1,2,7,3,1,4,0,1,15,0
31,21,5,34,6,0,0,3,0,0,0,11,4,0,0,4,12,353,3,25,3,6,12,3,6,14,7,2,4,1,1,14,45
32,20,5,33,5,0,0,3,0,0,0,6,9,0,0,4,12,353,2,25,3,6,12,3,5,13,7,3,4,1,2,14,30
-45,19,4,34,5,0,0,2,0,0,1,9,6,0,0,4,12,353,2,24,3,8,13,2,6,12,7,3,3,2,1,14,45
10,17,5,29,5,0,0,3,0,0,1,6,9,0,0,4,12,353,1,22,3,6,13,3,9,12,9,5,3,2,2,13,30
32,16,6,27,5,0,0,4,0,0,1,0,15,0,0,4,12,353,2,20,4,7,13,7,10,14,9,5,3,2,1,13,0
8,16,6,25,5,0,0,4,0,0,0,14,1,0,0,4,12,353,2,20,4,7,13,6,9,13,8,4,3,2,1,12,45
25,15,5,30,6,0,0,3,0,0,0,5,10,0,0,4,12,353,1,19,4,6,12,6,8,13,9,5,2,2,1,13,45
39,15,6,25,7,0,0,3,0,0,0,11,4,0,0,4,12,353,3,17,3,6,11,6,7,13,8,5,2,1,1,12,45
1,15,6,30,7,0,0,3,0,0,0,8,7,0,0,4,12,353,4,16,2,5,12,6,6,12,7,4,1,1,1,13,45
-10,14,6,28,6,0,0,3,0,0,0,0,15,0,0,4,12,353,3,16,3,5,12,5,5,12,7,3,1,0,1,13,15
3,14,6,23,5,0,0,3,0,0,0,0,15,0,0,4,12,353,3,16,3,5,12,4,4,11,6,3,1,0,2,12,30
-9,12,5,23,4,0,0,3,0,0,0,7,8,0,0,4,12,353,1,16,3,7,12,3,4,10,7,4,1,0,2,12,30
60,12,6,21,4,0,0,3,0,0,0,4,11,0,0,4,12,353,2,15,2,6,11,2,3,10,6,3,1,0,2,12,15
41,12,6,21,4,0,0,3,0,0,0,8,7,0,0,4,12,353,3,14,3,7,12,1,3,9,5,3,1,1,2,12,15
38,8,4,18,6,0,0,4,0,0,0,13,2,0,0,4,12,353,2,10,3,6,10,4,7,16,9,6,1,1,1,11,30
24,6,3,20,6,0,1,3,0,0,0,3,12,0,0,4,12,353,1,9,2,6,9,4,7,16,10,7,0,1,2,12,0
54,6,5,14,6,0,2,3,0,0,0,2,13,0,0,4,12,353,2,7,3,5,7,5,6,16,10,6,0,0,2,11,0
-6,6,5,16,5,0,2,3,0,0,0,1,14,0,0,4,12,353,2,7,3,5,7,4,5,15,9,6,0,0,1,11,15
-20,4,4,14,5,0,1,3,0,0,0,7,8,0,0,4,12,353,0,7,3,6,7,3,6,14,10,5,0,0,2,11,0
14,4,4,19,5,0,1,2,0,0,0,0,15,0,0,4,12,353,0,7,5,7,7,3,6,14,9,5,0,0,1,11,45
4,4,4,16,6,0,2,2,0,0,0,5,10,0,0,4,12,353,3,4,2,4,4,2,8,13,8,4,0,0,1,11,15
105,3,3,6,6,0,2,1,0,0,0,6,9,0,0,4,12,353,1,4,3,4,4,3,10,14,9,5,0,0,2,9,45
53,1,1,8,7,0,2,2,0,0,0,13,2,0,0,4,12,353,2,1,1,1,1,8,10,13,10,5,0,0,2,10,0
17,0,0,4,7,0,1,2,0,0,0,10,5,0,0,4,12,353,1,1,1,1,1,7,9,12,10,4,0,0,2,9,30
-18,0,0,10,6,0,1,2,0,0,1,0,15,0,0,4,12,353,2,0,0,0,0,7,9,11,9,4,0,0,1,10,15
66,0,0,6,6,0,1,1,0,0,1,11,4,0,0,4,12,353,1,0,0,0,0,6,8,10,9,4,0,0,2,9,45
11,0,0,10,6,0,0,1,0,0,1,11,4,0,0,4,12,353,1,0,0,0,0,5,7,9,8,4,0,0,1,10,15
95,0,0,8,5,0,0,1,0,0,1,7,8,0,0,4,12,353,1,0,0,0,0,4,6,8,7,4,0,0,2,10,0
36,0,0,12,4,0,0,1,0,0,1,3,12,0,0,4,12,353,1,0,0,0,0,4,5,7,6,3,0,0,1,10,30
-91,0,0,13,4,0,0,0,0,0,1,1,14,0,0,4,12,353,1,0,0,0,0,3,5,6,5,2,0,0,2,10,45
55,0,0,4,3,0,0,0,0,0,1,0,6,0,0,4,12,353,0,0,0,0,0,2,5,5,5,2,0,0,2,9,30
-18,0,0,2,3,0,0,0,0,0,0,0,25,0,0,4,12,353,0,0,0,0,0,2,4,4,4,2,0,0,2,9,15
54,0,0,0,2,0,0,0,0,0,0,0,40,0,1,4,12,353,0,0,0,0,0,3,3,3,3,2,0,0,2,9,0
11,0,0,2,1,0,0,0,0,0,0,0,58,0,0,4,12,353,0,0,0,0,0,2,2,2,2,1,0,0,2,9,15
32,0,0,0,0,0,0,0,0,0,0,0,62,0,1,4,12,353,0,0,0,0,0,1,1,1,1,1,0,0,2,9,0
8,28,1,49,1,0,2,0,1,0,0,7,8,0,0,3,12,352,1,48,0,4,14,3,4,7,4,2,3,1,2,17,15
-22,28,2,51,0,0,2,0,1,0,0,1,14,1,0,3,12,352,1,48,1,5,14,2,3,7,3,2,3,1,2,17,30
15,28,2,48,0,0,1,0,1,0,0,1,14,0,0,3,12,352,1,48,1,5,14,1,2,6,2,1,2,1,2,17,0
0,28,3,49,1,0,1,1,0,0,0,11,4,0,0,3,12,352,2,46,4,11,13,1,3,7,2,0,2,0,2,17,15
-54,26,3,51,3,0,0,2,1,0,0,10,5,1,0,3,12,352,3,42,7,8,11,2,4,11,4,3,2,0,2,17,30
21,25,3,44,4,0,0,5,1,0,1,4,11,0,0,3,12,352,7,36,2,2,7,2,5,13,5,5,2,1,1,16,0
19,23,3,42,5,0,0,4,2,0,1,8,7,0,0,3,12,352,5,34,0,2,7,4,6,12,8,6,2,1,1,15,45
-58,23,3,46,5,0,0,3,2,0,1,2,13,0,0,3,12,352,5,34,1,3,8,3,6,12,7,5,2,1,1,16,30
-12,22,4,42,4,0,0,3,2,0,1,0,15,0,0,3,12,352,4,34,2,4,10,4,7,13,7,5,1,1,1,15,45
-33,22,4,45,4,0,0,3,1,0,1,9,6,0,0,3,12,352,4,34,2,5,10,3,6,12,6,4,1,0,1,16,15
19,22,4,40,4,0,0,3,1,0,1,10,5,0,0,3,12,352,4,33,2,5,9,5,8,11,6,4,1,1,2,15,30
-40,20,2,47,4,0,0,2,1,0,1,5,10,0,0,3,12,352,2,33,3,6,9,4,7,11,7,4,1,1,1,16,45
30,20,2,35,4,0,0,2,1,0,1,38,7,0,0,3,12,352,2,32,3,5,10,4,6,11,7,3,1,1,1,14,45
0,20,3,38,3,0,0,3,1,0,1,31,14,0,0,3,12,352,3,31,2,5,9,5,6,10,6,2,1,1,2,15,15
23,20,3,34,3,0,0,3,0,0,1,25,20,0,0,3,12,352,3,31,3,6,9,4,6,10,5,2,1,1,2,14,30
158,18,3,22,5,0,0,3,0,0,0,8,37,0,0,3,12,352,3,29,2,5,10,3,6,9,6,3,1,1,2,11,45
-55,18,3,40,5,0,0,2,0,0,0,6,39,0,0,3,12,352,2,29,2,5,10,2,5,8,6,3,0,1,2,15,30
9,18,3,33,4,0,0,2,0,0,0,6,39,0,0,3,12,352,2,29,2,5,10,1,4,7,5,2,0,0,1,14,15
-50,17,4,37,4,0,0,4,0,0,0,4,11,0,0,3,12,352,2,26,2,4,12,3,5,13,7,5,0,0,2,15,0
-68,17,4,35,4,0,0,4,0,0,0,13,2,0,0,3,12,352,3,25,1,3,12,2,4,14,6,5,0,0,1,14,45
39,16,3,31,4,0,0,3,1,0,0,5,10,0,0,3,12,352,3,24,0,3,12,2,4,13,6,4,0,0,1,13,15
-6,14,4,32,3,0,0,3,1,0,0,9,6,0,0,3,12,352,0,24,2,7,14,3,4,13,8,6,0,0,1,13,30
-1,14,4,27,3,0,0,4,1,0,0,11,4,0,0,3,12,352,2,22,3,6,14,2,6,15,7,5,0,0,2,12,30
-39,13,4,28,3,0,0,3,1,0,0,11,4,0,0,3,12,352,0,22,5,9,16,2,10,15,8,5,0,0,1,12,45
37,13,7,26,4,0,1,3,1,0,0,4,11,0,0,3,12,352,2,19,5,9,16,7,9,16,8,5,0,0,1,12,15
-131,10,4,38,5,0,1,3,1,0,0,3,12,0,0,3,12,352,1,17,5,8,15,8,10,19,10,6,0,0,2,15,15
11,10,5,24,4,0,1,3,1,0,0,1,14,0,0,3,12,352,1,17,6,9,15,7,10,18,9,5,0,0,1,12,0
47,10,5,30,4,0,1,2,1,0,0,1,14,0,0,3,12,352,1,17,6,9,15,6,9,17,8,4,0,0,1,13,0
65,10,5,24,5,0,1,1,1,0,0,11,4,0,0,3,12,352,2,16,5,8,14,5,9,18,7,4,0,0,1,12,0
10,10,5,18,5,0,0,2,1,0,0,9,6,0,0,3,12,352,3,15,4,7,14,4,8,17,6,3,0,0,2,11,15
-70,10,5,28,5,0,0,2,1,0,0,9,6,0,0,3,12,352,4,14,3,6,13,3,7,16,5,3,0,0,1,12,45
76,9,5,20,4,0,0,2,1,0,1,1,14,0,0,3,12,352,4,13,3,7,13,2,6,16,5,3,0,0,2,11,30
57,9,5,20,4,0,0,2,0,0,1,13,2,0,0,3,12,352,4,13,3,7,13,2,5,15,4,2,0,0,2,11,30
40,6,4,14,7,0,0,1,0,0,1,14,1,0,0,3,12,352,2,10,4,7,10,4,7,16,8,4,0,0,2,10,45
48,6,6,8,6,0,0,2,0,0,1,4,11,0,0,3,12,352,3,9,4,7,9,4,10,16,7,4,0,0,2,10,0
9,6,6,16,5,0,0,2,0,0,1,3,12,0,0,3,12,352,2,9,4,7,9,3,9,15,7,4,0,0,2,11,0
2,5,5,14,6,0,0,2,0,0,0,12,3,0,0,3,12,352,2,8,4,6,8,2,10,15,7,5,0,0,2,10,45
11,4,4,12,6,0,0,3,0,0,0,11,4,0,0,3,12,352,2,6,3,6,6,4,10,15,8,5,0,0,2,10,30
-28,3,3,16,7,0,1,3,0,0,0,10,5,0,0,3,12,352,3,3,1,3,3,8,11,15,9,7,0,0,2,11,0
64,3,3,12,6,0,1,3,0,0,0,10,5,0,0,3,12,352,3,3,1,3,3,7,10,14,8,6,0,0,2,10,30
18,0,0,8,5,0,1,3,0,0,0,12,3,0,0,3,12,352,0,3,3,3,3,7,10,13,10,6,0,0,2,10,0
4,0,0,6,5,0,1,3,0,0,0,7,8,0,0,3,12,352,1,2,2,2,2,6,9,12,9,5,0,0,2,9,45
-52,0,0,22,4,0,1,3,0,0,0,6,9,0,0,3,12,352,1,2,2,2,2,5,8,11,8,4,0,0,2,11,45
-12,0,0,10,3,0,1,3,0,0,0,6,9,0,0,3,12,352,1,2,2,2,2,4,7,10,7,4,0,0,2,10,15
10,0,0,4,3,0,0,3,0,0,0,14,1,0,0,3,12,352,1,2,2,2,2,5,7,9,6,4,0,0,2,9,30
-57,0,0,18,3,0,0,2,0,0,0,13,2,0,0,3,12,352,1,2,2,2,2,4,6,8,5,3,0,0,2,11,15
20,0,0,6,5,0,0,1,0,0,0,6,9,0,0,3,12,352,2,0,0,0,0,3,5,7,5,3,0,0,2,9,45
13,0,0,2,4,0,0,1,0,0,0,0,10,0,0,3,12,352,1,0,0,0,0,3,6,6,5,2,0,0,2,9,15
-23,0,0,10,4,0,0,0,0,0,0,0,11,0,0,3,12,352,1,0,0,0,0,2,5,5,4,2,0,0,2,10,15
13,0,0,2,3,0,0,0,0,0,0,0,32,0,0,3,12,352,0,0,0,0,0,3,4,4,4,1,0,0,2,9,15
-7,0,0,0,2,0,0,0,0,0,0,0,44,0,1,3,12,352,0,0,0,0,0,3,3,3,3,1,0,0,2,9,0
-14,0,0,0,1,0,0,0,0,0,0,0,57,0,1,3,12,352,0,0,0,0,0,2,2,2,2,1,0,0,2,9,0
-20,0,0,4,0,0,0,0,0,0,0,0,65,0,0,3,12,352,0,0,0,0,0,1,1,1,1,1,0,0,2,9,30
34,31,5,43,7,0,1,2,0,0,0,4,11,0,0,2,12,351,0,45,5,9,12,8,11,17,11,6,5,1,1,16,0
22,31,6,54,8,0,1,1,0,0,0,14,1,1,0,2,12,351,1,44,4,8,11,9,11,16,10,6,5,1,2,17,30
11,31,6,50,7,0,1,1,0,0,0,12,3,0,0,2,12,351,1,44,4,8,11,8,10,15,9,5,5,1,2,17,0
25,31,6,52,6,0,1,1,0,0,0,11,4,0,0,2,12,351,1,44,4,8,11,7,9,14,8,4,5,1,2,17,15
6,31,6,50,6,0,1,1,0,0,0,2,13,0,0,2,12,351,2,43,4,7,11,6,9,14,7,4,5,1,2,17,0
3,30,6,48,6,0,1,1,0,0,0,13,2,0,0,2,12,351,2,42,5,6,11,6,9,13,7,4,5,1,2,16,45
-4,30,6,48,5,0,1,1,0,0,0,9,6,0,0,2,12,351,1,42,6,6,11,5,8,12,7,3,5,1,2,16,45
40,29,5,46,6,0,1,1,0,0,0,4,11,0,0,2,12,351,2,40,4,6,9,4,8,11,7,4,5,2,2,16,30
96,29,5,33,5,0,1,1,0,0,0,3,12,0,0,2,12,351,2,40,4,6,9,3,7,11,6,3,5,2,2,14,30
28,29,5,54,4,0,1,1,0,0,0,2,13,1,0,2,12,351,2,40,4,6,9,2,6,10,5,2,4,2,2,17,30
-18,28,5,46,4,0,0,2,0,0,0,2,13,0,0,2,12,351,1,39,3,5,9,4,6,9,6,3,4,1,2,16,30
61,26,3,45,6,0,0,2,0,0,0,0,15,0,0,2,12,351,2,36,2,3,7,4,6,12,7,4,4,2,2,16,15
6,25,2,52,6,0,0,1,0,0,0,10,5,0,0,2,12,351,1,36,2,3,8,3,5,11,7,5,4,2,2,17,15
-4,25,2,43,5,0,0,1,0,0,0,2,13,0,0,2,12,351,1,36,2,5,8,3,5,10,6,4,4,2,1,16,0
60,24,2,38,5,0,0,2,0,0,0,5,10,0,0,2,12,351,2,34,1,3,7,3,4,9,6,3,3,2,1,15,15
6,23,1,41,4,0,0,2,0,0,0,7,8,0,0,2,12,351,1,34,2,4,8,2,4,9,6,2,3,1,1,15,30
13,23,2,42,3,0,0,2,0,0,1,11,4,0,0,2,12,351,2,33,2,3,9,2,5,8,5,1,2,3,2,15,45
14,23,2,36,3,0,0,2,0,0,1,36,9,0,0,2,12,351,2,32,2,4,10,2,6,9,5,1,2,2,3,15,0
28,22,4,38,4,0,0,1,0,0,1,18,27,0,0,2,12,351,1,31,1,5,11,5,5,10,6,2,2,2,1,15,15
-45,22,4,38,4,0,0,1,0,0,1,1,44,0,0,2,12,351,2,30,2,5,11,4,5,9,5,2,1,2,1,15,15
27,22,4,32,4,0,0,1,0,0,0,1,44,0,0,2,12,351,2,30,2,5,11,3,4,8,4,2,0,1,1,13,45
16,21,3,34,4,0,0,0,0,0,0,6,9,0,0,2,12,351,1,30,3,6,12,2,4,7,4,2,0,0,2,14,45
44,21,3,34,3,0,0,0,0,0,0,6,9,0,0,2,12,351,1,30,3,6,12,1,3,6,3,2,0,0,2,14,45
-50,18,4,36,4,0,0,1,1,0,0,9,6,0,0,2,12,351,1,26,4,6,15,3,5,11,6,1,0,0,3,15,0
-5,18,4,28,5,0,0,1,1,0,0,6,9,0,0,2,12,351,3,24,4,6,16,4,4,13,5,1,0,0,1,13,0
16,17,3,28,7,0,0,1,0,0,0,1,14,0,0,2,12,351,3,22,2,5,14,3,3,12,6,1,0,0,1,13,0
19,17,4,26,6,0,0,1,0,0,0,5,10,0,0,2,12,351,2,22,2,7,15,2,4,13,6,2,0,0,2,12,45
12,17,4,31,5,0,0,1,0,0,0,2,13,0,0,2,12,351,2,22,3,8,15,1,3,13,5,2,0,0,1,13,30
25,14,8,26,7,0,0,4,0,0,0,13,2,0,0,2,12,351,3,16,5,8,14,6,9,19,9,4,0,0,2,12,45
-42,13,7,30,7,0,0,4,0,0,0,6,9,0,0,2,12,351,2,15,5,8,14,5,9,18,10,4,0,0,1,13,15
6,12,6,24,7,0,0,4,0,0,0,0,15,0,0,2,12,351,2,14,6,7,13,6,10,18,10,5,0,0,2,12,30
-8,11,6,24,7,0,0,4,0,0,0,8,7,0,0,2,12,351,2,13,5,6,13,5,12,17,10,5,0,0,2,12,30
-33,10,5,21,7,0,0,5,0,0,0,2,13,0,0,2,12,351,2,11,3,4,11,5,11,19,11,5,0,0,2,12,0
-34,10,5,22,6,0,0,5,0,0,0,0,15,0,0,2,12,351,2,11,3,5,11,4,10,18,10,5,0,0,2,12,15
40,8,4,18,6,0,0,5,0,0,0,2,13,0,0,2,12,351,1,10,3,5,10,6,11,19,11,5,0,0,1,11,30
18,8,4,20,7,0,0,4,0,0,1,1,14,0,0,2,12,351,3,8,1,3,8,5,10,18,10,4,0,0,1,11,45
-36,8,5,22,6,0,0,4,0,0,1,7,8,0,0,2,12,351,3,8,1,4,8,7,10,17,9,4,0,0,2,12,15
-25,6,4,18,6,0,0,4,0,0,1,9,6,0,0,2,12,351,2,7,2,5,7,7,10,18,10,5,0,0,1,11,30
40,6,4,16,5,0,0,4,0,0,1,6,9,0,0,2,12,351,2,7,2,6,7,6,9,17,9,4,0,0,2,11,15
34,6,4,11,4,0,0,4,0,0,1,2,13,0,0,2,12,351,2,7,2,6,7,6,9,16,8,4,0,0,2,10,30
37,6,5,9,4,0,0,3,0,0,1,14,1,0,0,2,12,351,2,7,2,6,7,5,8,15,7,4,0,0,2,10,15
35,6,5,8,3,0,0,3,0,0,1,12,3,0,0,2,12,351,2,7,3,6,7,4,7,14,6,4,0,0,2,10,0
10,5,4,16,3,0,0,2,0,0,1,9,6,0,0,2,12,351,1,7,3,7,7,3,6,13,6,4,0,0,2,11,15
61,5,5,9,4,0,0,2,0,0,1,11,4,0,0,2,12,351,2,5,3,5,5,4,8,13,6,5,0,0,2,10,15
5,4,4,11,3,0,0,2,0,0,1,3,12,0,0,2,12,351,1,5,4,5,5,4,8,12,6,5,0,0,2,10,30
13,3,3,15,3,0,0,2,0,0,1,8,7,0,0,2,12,351,1,4,4,4,4,3,8,11,6,4,0,0,2,11,0
6,3,3,13,3,0,0,1,0,0,1,5,10,0,0,2,12,351,1,4,4,4,4,4,7,10,5,4,0,0,1,10,45
-42,2,2,13,6,0,0,1,0,0,0,5,10,0,0,2,12,351,2,1,1,1,1,5,8,9,6,4,0,0,1,10,45
2,1,1,2,6,0,0,1,0,0,0,6,9,0,0,2,12,351,1,0,0,0,0,5,7,8,7,3,0,0,2,9,15
26,1,1,6,5,0,0,1,0,0,0,6,9,0,0,2,12,351,1,0,0,0,0,4,6,7,6,3,0,0,1,9,45
-19,1,1,6,4,0,0,1,0,0,0,3,12,0,0,2,12,351,1,0,0,0,0,4,5,6,5,2,0,0,1,9,45
2,0,0,0,3,0,0,1,0,0,0,0,9,0,1,2,12,351,0,0,0,0,0,4,5,5,5,3,0,0,2,9,0
19,0,0,4,3,0,0,0,0,0,0,0,13,0,0,2,12,351,0,0,0,0,0,3,4,4,4,2,0,0,2,9,30
11,0,0,4,2,0,0,0,0,0,0,0,26,0,0,2,12,351,0,0,0,0,0,2,3,3,3,1,0,0,2,9,30
-4,0,0,2,1,0,0,0,0,0,0,0,34,0,0,2,12,351,0,0,0,0,0,2,2,2,2,1,0,0,2,9,15
25,0,0,0,0,0,0,0,0,0,0,0,60,0,1,2,12,351,0,0,0,0,0,1,1,1,1,1,0,0,2,9,0
12,31,1,45,1,0,0,0,0,0,0,0,0,1,0,6,12,348,0,44,2,5,11,1,2,6,2,1,0,0,2,16,30
27,30,1,43,2,0,0,1,0,0,0,2,13,0,0,6,12,348,1,41,3,6,11,2,2,8,3,0,0,0,1,16,15
-7,30,2,41,3,0,0,1,0,0,0,12,3,0,0,6,12,348,1,39,3,6,10,1,4,10,4,1,0,0,2,16,0
-39,29,1,43,5,0,0,1,0,0,1,1,14,0,0,6,12,348,3,35,3,5,13,4,6,14,5,2,0,0,1,16,15
27,29,1,40,5,0,0,0,0,0,1,12,3,0,0,6,12,348,2,35,3,5,13,3,6,13,5,2,0,0,2,15,45
-45,29,2,39,4,0,0,0,0,0,1,8,7,0,0,6,12,348,2,35,3,5,14,3,5,12,4,2,0,0,1,15,30
-28,28,2,41,4,0,0,1,0,0,1,9,6,0,0,6,12,348,1,33,3,6,14,3,6,11,6,3,0,0,2,16,0
-15,28,4,37,4,0,1,1,0,0,0,39,6,0,0,6,12,348,2,32,2,8,15,3,7,11,5,3,0,0,1,15,15
-11,28,5,34,3,0,1,1,0,0,0,34,11,0,0,6,12,348,1,32,3,9,16,2,6,10,5,3,0,0,1,14,45
14,28,7,32,4,0,1,1,0,0,0,14,31,0,0,6,12,348,2,30,4,8,15,5,8,11,5,3,0,0,1,14,15
5,27,9,37,4,0,1,1,0,0,0,2,43,0,0,6,12,348,2,29,6,9,16,4,7,12,5,3,0,0,1,15,15
-23,26,8,36,3,0,1,1,0,0,0,0,45,0,0,6,12,348,1,29,6,9,16,3,6,11,5,3,0,0,2,15,0
-44,25,8,34,5,0,0,2,0,0,0,7,8,0,0,6,12,348,3,26,4,7,14,3,5,11,5,3,0,0,1,14,45
-24,25,8,33,5,0,0,1,0,0,0,5,10,0,0,6,12,348,3,26,4,8,14,2,5,10,4,3,0,0,2,14,30
37,23,7,26,6,0,0,2,0,0,0,13,2,0,0,6,12,348,3,23,3,8,13,3,5,11,6,3,0,0,2,12,45
-1,21,6,30,5,0,0,3,0,0,0,3,12,0,0,6,12,348,2,22,4,7,12,3,5,10,7,3,0,0,1,13,15
9,21,6,28,4,0,0,3,0,0,0,2,13,0,0,6,12,348,2,22,4,7,12,2,4,9,6,3,0,0,1,13,0
10,17,5,31,6,0,0,3,0,0,0,5,10,0,0,6,12,348,1,19,4,7,14,3,6,11,9,5,0,0,1,13,30
14,16,6,28,8,0,1,2,0,0,1,14,1,0,0,6,12,348,4,15,2,5,11,4,7,14,9,5,0,0,1,13,0
56,16,7,22,7,0,1,2,0,0,1,8,7,0,0,6,12,348,4,15,2,5,12,4,6,13,8,4,0,0,1,12,0
7,14,5,20,7,0,1,2,0,0,0,10,5,0,0,6,12,348,2,15,5,7,13,4,5,15,9,4,0,0,2,11,45
2,13,5,25,8,0,1,2,0,0,0,4,11,0,0,6,12,348,3,13,3,6,12,4,5,14,9,4,0,0,2,12,30
21,13,7,16,8,0,0,2,0,0,0,12,3,0,0,6,12,348,3,13,3,7,13,3,4,14,8,4,0,0,2,11,15
41,11,6,24,10,0,0,2,0,0,0,10,5,0,0,6,12,348,4,10,2,5,10,2,7,15,9,5,0,0,1,12,15
91,11,7,22,9,0,0,2,0,0,0,6,9,0,0,6,12,348,4,10,3,6,10,1,6,14,8,4,0,0,1,12,0
69,9,8,18,11,0,0,2,0,0,0,4,11,0,0,6,12,348,5,7,3,6,7,6,10,16,9,6,0,0,2,11,30
41,5,4,18,10,0,0,2,0,0,1,10,5,0,0,6,12,348,2,6,3,6,6,6,11,16,12,6,0,0,2,11,30
39,5,5,20,9,0,0,2,0,0,1,7,8,0,0,6,12,348,2,6,3,6,6,5,10,15,11,5,0,0,2,11,45
25,5,5,14,9,0,0,2,0,0,1,13,2,0,0,6,12,348,2,5,3,5,5,6,10,15,11,6,0,0,2,11,0
11,5,5,9,8,0,0,2,0,0,1,13,2,0,0,6,12,348,2,5,3,5,5,5,9,14,10,5,0,0,2,10,15
87,4,4,16,9,0,0,1,0,0,1,5,10,0,0,6,12,348,1,4,3,4,4,5,8,14,11,6,0,0,2,11,15
-27,4,4,12,9,0,0,1,0,0,0,3,12,0,0,6,12,348,1,4,4,4,4,4,7,13,10,5,0,0,2,10,45
-32,3,3,12,9,0,0,1,0,0,0,6,9,0,0,6,12,348,1,3,3,3,3,5,6,14,10,5,0,0,2,10,45
44,3,3,14,9,0,0,1,0,0,0,3,12,0,0,6,12,348,2,2,2,2,2,5,5,13,9,4,0,0,2,11,0
42,2,2,10,8,0,0,1,0,0,0,11,4,0,0,6,12,348,1,2,2,2,2,4,6,12,9,4,0,0,2,10,30
59,1,1,7,8,0,0,1,0,0,1,0,15,0,0,6,12,348,2,0,0,0,0,3,7,11,9,4,0,0,1,10,0
34,1,1,10,7,0,0,1,0,0,1,11,4,0,0,6,12,348,2,0,0,0,0,2,6,10,8,3,0,0,2,10,30
21,0,0,5,6,0,0,1,0,0,1,6,9,0,0,6,12,348,1,0,0,0,0,1,5,9,8,3,0,0,2,9,45
23,0,0,0,5,0,0,1,0,0,1,0,14,0,1,6,12,348,0,0,0,0,0,5,8,8,8,4,0,0,1,9,0
34,0,0,7,4,0,0,1,0,0,1,0,18,0,0,6,12,348,0,0,0,0,0,4,7,7,7,3,0,0,1,10,0
48,0,0,5,4,0,0,0,0,0,1,0,21,0,0,6,12,348,0,0,0,0,0,4,6,6,6,3,0,0,2,9,45
30,0,0,2,3,0,0,0,0,0,1,0,30,0,0,6,12,348,0,0,0,0,0,4,5,5,5,3,0,0,2,9,15
31,0,0,3,2,0,0,0,0,0,1,0,42,0,0,6,12,348,0,0,0,0,0,4,4,4,4,3,0,0,2,9,30
39,0,0,0,1,0,0,0,0,0,1,0,48,0,1,6,12,348,0,0,0,0,0,3,3,3,3,2,0,0,1,9,0
63,0,0,3,0,0,0,0,0,0,1,0,58,0,0,6,12,348,0,0,0,0,0,2,2,2,2,2,0,0,2,9,30
-213,0,0,26,0,0,0,0,0,0,0,0,66,0,0,6,12,348,0,0,0,0,0,1,1,1,1,1,0,0,2,12,45
-9,31,2,59,2,0,0,2,0,0,0,9,6,1,0,5,12,347,2,55,2,6,15,1,2,11,2,2,8,2,2,18,0
25,29,3,55,1,0,2,4,1,0,0,0,15,0,0,5,12,347,3,50,4,9,16,4,9,13,5,3,7,3,1,17,30
12,29,3,55,1,0,2,4,1,0,0,1,14,0,0,5,12,347,3,49,7,10,15,5,9,13,6,3,7,2,1,17,30
-33,28,4,53,2,0,2,4,1,0,0,5,10,0,0,5,12,347,3,47,5,10,14,7,9,14,7,3,7,2,3,17,15
-37,28,4,58,2,0,1,4,1,0,1,4,11,0,0,5,12,347,4,46,5,9,13,6,8,13,6,2,6,2,1,17,45
28,28,5,51,4,0,1,3,1,0,1,9,6,0,0,5,12,347,5,44,4,8,11,6,8,13,6,2,6,1,2,17,0
9,27,4,55,5,0,1,3,1,0,1,4,11,0,0,5,12,347,6,42,2,6,9,5,7,14,6,2,5,1,1,17,30
-30,27,4,50,5,0,0,3,1,0,1,13,2,0,0,5,12,347,6,42,3,6,9,5,7,15,5,2,5,0,2,16,45
38,26,4,41,5,0,0,3,1,0,0,7,8,0,0,5,12,347,5,42,4,7,10,4,6,14,5,1,5,0,2,15,30
-21,26,4,53,5,0,0,2,1,0,0,6,9,0,0,5,12,347,5,42,5,7,10,3,5,13,4,1,5,0,3,17,15
-38,26,4,51,6,0,0,1,1,0,0,12,3,0,0,5,12,347,5,41,5,7,9,3,4,13,4,1,5,0,2,17,0
13,26,5,47,8,0,0,1,0,0,0,0,15,0,0,5,12,347,6,39,3,5,10,2,5,14,4,1,5,0,1,16,15
-19,24,3,45,7,0,2,2,0,0,0,12,3,0,0,5,12,347,5,36,2,3,9,2,5,15,7,1,5,0,2,16,0
11,23,2,43,7,0,2,1,0,0,0,14,1,0,0,5,12,347,4,36,2,3,9,3,9,14,7,1,5,0,2,15,45
-53,21,1,47,8,0,2,1,0,0,0,6,9,0,0,5,12,347,2,34,1,3,9,5,10,15,10,1,5,0,1,16,15
-11,21,1,45,7,0,2,1,0,0,0,0,15,0,0,5,12,347,2,34,1,4,10,6,10,15,9,1,5,0,2,16,0
-23,21,2,39,6,0,2,1,0,0,0,10,5,0,0,5,12,347,2,34,1,5,11,6,11,14,8,0,5,2,2,15,15
-75,21,3,49,7,0,2,0,0,0,0,42,3,0,0,5,12,347,2,33,1,6,12,6,10,13,8,0,5,2,1,16,30
27,21,3,36,7,0,1,0,0,0,0,39,6,0,0,5,12,347,2,33,2,6,12,5,9,13,7,0,5,2,1,14,45
0,21,4,41,6,0,1,0,0,0,0,36,9,0,0,5,12,347,1,33,2,6,12,5,8,12,7,1,5,2,2,15,30
29,21,5,38,5,0,1,0,0,0,0,31,14,0,0,5,12,347,1,33,3,6,14,5,7,12,6,1,5,2,2,15,0
-26,21,5,36,4,0,1,0,0,0,0,30,15,0,0,5,12,347,1,33,4,6,14,5,6,11,5,1,5,2,1,14,45
25,21,5,33,3,0,1,0,0,0,1,13,32,0,0,5,12,347,2,32,5,6,16,5,7,10,4,1,5,3,2,14,15
-22,20,5,34,3,0,1,0,0,0,1,8,37,0,0,5,12,347,2,31,4,6,15,4,6,9,4,2,5,3,2,14,30
-36,20,5,39,3,0,1,0,0,0,1,1,44,0,0,5,12,347,3,30,3,5,14,3,6,11,3,1,5,3,2,15,15
26,19,4,34,3,0,1,0,0,0,1,0,45,0,0,5,12,347,3,29,2,5,14,2,5,11,3,1,4,3,2,14,30
56,19,4,26,3,0,1,0,0,0,0,14,1,0,0,5,12,347,3,29,2,5,14,1,4,10,2,1,3,2,2,12,45
-6,16,4,31,4,0,0,1,0,0,0,14,1,0,0,5,12,347,1,27,3,9,14,3,5,14,5,3,2,1,1,13,30
0,16,6,31,4,0,0,1,0,0,0,14,1,0,0,5,12,347,2,26,4,10,17,2,4,15,4,3,2,0,1,13,30
1,15,5,30,4,0,0,1,0,0,0,3,12,0,0,5,12,347,1,25,4,9,17,3,6,15,5,4,2,0,2,13,15
-7,13,4,24,7,0,0,1,0,0,0,9,6,0,0,5,12,347,2,21,5,7,16,2,9,17,7,4,2,1,2,12,30
8,12,3,28,6,0,0,1,0,0,0,3,12,0,0,5,12,347,1,21,5,8,17,4,10,18,7,3,2,1,1,13,0
5,10,5,28,9,0,1,1,0,0,0,7,8,0,0,5,12,347,2,16,3,8,13,8,11,19,10,3,2,1,1,13,0
10,10,5,24,8,0,1,1,0,0,0,5,10,0,0,5,12,347,2,16,3,8,13,8,10,18,9,2,2,1,2,12,30
43,10,6,18,7,0,1,1,0,0,0,4,11,0,0,5,12,347,2,16,3,8,13,7,10,17,8,1,2,1,2,11,45
-23,10,6,22,7,0,0,1,0,0,0,0,15,0,0,5,12,347,2,16,3,9,13,6,10,17,7,1,2,1,2,12,15
-67,9,5,26,7,0,0,1,0,0,0,5,10,0,0,5,12,347,1,15,5,9,13,5,10,16,8,1,2,2,2,12,45
-182,9,5,43,6,0,0,1,0,0,0,3,12,0,0,5,12,347,1,15,5,9,13,4,9,16,7,1,1,2,2,15,45
3,9,6,20,5,0,0,1,1,0,0,12,3,0,0,5,12,347,2,14,5,8,13,5,9,15,6,1,1,1,2,12,0
16,9,6,20,5,0,0,1,1,0,0,7,8,0,0,5,12,347,3,13,5,9,12,4,10,17,5,1,1,1,2,12,0
17,9,6,16,4,0,0,1,1,0,0,6,9,0,0,5,12,347,2,13,5,9,12,3,9,16,5,1,1,1,2,11,30
28,6,4,16,5,0,1,1,1,0,0,2,13,0,0,5,12,347,1,10,4,6,10,6,10,17,8,4,1,1,2,11,30
9,6,4,15,4,0,1,1,1,0,0,1,14,0,0,5,12,347,1,10,4,6,10,5,9,16,7,4,1,1,2,11,15
-12,5,4,14,3,0,2,1,2,0,0,5,10,0,0,5,12,347,2,8,4,5,8,6,8,15,7,3,1,1,1,11,0
-48,4,3,22,2,0,2,1,2,0,1,0,15,0,0,5,12,347,2,7,3,4,7,7,7,14,7,3,1,1,2,12,15
4,4,3,12,2,0,1,1,2,0,1,14,1,0,0,5,12,347,2,7,3,5,7,6,7,13,6,3,0,1,1,10,45
25,4,3,8,2,0,1,1,2,0,1,3,12,0,0,5,12,347,2,6,2,4,6,5,7,13,6,2,0,0,2,10,15
41,3,3,8,2,0,1,1,2,0,1,9,6,0,0,5,12,347,1,5,2,4,5,4,9,12,7,2,0,0,2,10,15
-38,3,3,18,2,0,1,0,2,0,1,8,7,0,0,5,12,347,1,5,2,4,5,3,8,11,6,2,0,0,2,11,45
34,3,3,7,3,0,0,0,2,0,1,2,13,0,0,5,12,347,2,4,1,3,4,2,8,11,5,2,0,0,2,10,0
23,3,3,10,3,0,0,0,1,0,1,1,14,0,0,5,12,347,2,4,1,4,4,1,7,10,4,1,0,0,2,10,30
-16,1,1,10,3,0,0,0,1,0,1,0,15,0,0,5,12,347,0,3,3,3,3,6,7,9,6,2,0,0,2,10,30
-21,1,1,12,3,0,0,0,2,0,0,4,11,0,0,5,12,347,1,2,2,2,2,6,7,8,5,2,0,0,1,10,45
15,0,0,5,3,0,0,0,2,0,0,11,4,0,0,5,12,347,1,1,1,1,1,5,6,7,5,3,0,0,1,9,45
15,0,0,0,3,0,0,0,1,0,0,10,5,0,1,5,12,347,1,1,1,1,1,4,5,6,4,2,0,0,2,9,0
-8,0,0,5,2,0,0,0,1,0,0,9,6,0,0,5,12,347,0,1,1,1,1,3,4,5,4,2,0,0,1,9,45
45,0,0,4,2,0,0,0,0,0,0,5,10,0,0,5,12,347,0,1,1,1,1,2,4,4,3,1,0,0,2,9,30
-5,0,0,2,2,0,0,0,0,0,0,0,6,0,0,5,12,347,1,0,0,0,0,1,3,3,2,1,0,0,1,9,15
-8,0,0,0,1,0,0,0,0,0,0,0,37,0,1,5,12,347,0,0,0,0,0,2,2,2,2,0,0,0,2,9,0
25,0,0,2,0,0,0,0,0,0,0,0,53,0,0,5,12,347,0,0,0,0,0,1,1,1,1,0,0,0,1,9,15
-27,25,4,43,4,0,1,1,0,0,0,22,23,0,0,4,12,346,4,39,3,6,8,4,4,9,3,2,5,1,2,17,15
-41,25,4,44,3,0,1,1,0,0,0,18,27,1,0,4,12,346,4,39,3,6,8,3,3,8,2,2,5,1,2,17,30
-28,25,4,42,3,0,0,1,0,0,0,12,33,0,0,4,12,346,3,39,4,6,9,2,2,9,2,2,4,1,1,17,0
-29,24,5,44,5,0,0,0,0,0,0,1,44,1,0,4,12,346,4,37,2,5,7,1,1,10,2,1,4,0,2,17,30
52,19,3,36,7,0,0,1,1,0,1,5,10,0,0,4,12,346,4,31,0,1,6,5,10,12,7,2,4,1,1,15,15
11,19,3,41,6,0,0,1,1,0,1,4,11,0,0,4,12,346,4,31,0,1,6,4,9,11,6,2,4,1,1,16,15
20,18,2,38,5,0,0,1,1,0,1,10,5,0,0,4,12,346,3,31,1,1,7,6,8,10,6,2,4,1,1,15,30
22,17,1,39,4,0,0,1,1,0,1,3,12,0,0,4,12,346,2,31,1,1,7,6,7,9,6,1,4,1,1,15,45
23,16,0,34,4,0,0,1,0,0,1,10,5,0,0,4,12,346,0,31,1,2,9,6,7,8,7,3,4,1,2,15,0
-31,16,0,36,3,0,0,1,0,0,1,2,13,0,0,4,12,346,0,30,1,5,10,5,6,7,6,3,4,1,1,15,15
16,16,0,30,2,0,0,2,0,0,1,0,15,0,0,4,12,346,1,30,0,4,10,4,5,6,5,2,4,1,2,14,30
31,16,0,30,2,0,0,2,0,0,0,41,4,0,0,4,12,346,1,30,0,4,10,3,4,5,4,1,3,1,2,14,30
-20,16,0,40,1,0,0,2,0,0,0,37,8,0,0,4,12,346,1,30,0,4,10,2,3,4,3,1,3,0,1,16,0
22,16,1,34,1,0,0,1,0,0,0,29,16,0,0,4,12,346,1,30,0,5,11,2,2,3,2,0,3,0,2,15,0
9,16,1,32,0,0,0,1,0,0,0,0,45,0,0,4,12,346,0,30,5,7,16,1,2,5,2,1,3,1,2,14,45
-33,15,5,32,5,0,0,0,0,0,0,8,7,0,0,4,12,346,4,25,3,7,15,1,1,10,2,2,2,1,2,14,45
5,10,4,22,9,0,0,3,2,0,0,10,5,0,0,4,12,346,5,15,3,6,11,5,14,21,10,6,2,1,2,12,30
15,10,4,22,8,0,0,3,2,0,0,8,7,0,0,4,12,346,5,15,3,6,11,4,13,21,9,5,2,1,2,12,30
0,9,3,27,7,0,0,3,2,0,0,6,9,0,0,4,12,346,4,15,3,6,11,5,13,20,9,4,2,2,1,13,15
19,9,5,19,8,0,1,3,1,0,1,9,6,0,0,4,12,346,6,12,2,4,9,5,12,19,9,3,2,2,1,12,0
-28,8,4,28,7,0,1,3,1,0,1,1,14,0,0,4,12,346,5,12,3,4,9,7,12,18,9,3,2,2,1,13,30
-46,7,4,24,7,0,1,2,1,0,1,8,7,0,0,4,12,346,4,12,3,4,10,9,14,17,9,3,2,2,1,12,45
-15,7,4,19,6,0,1,2,1,0,1,6,9,0,0,4,12,346,4,12,3,4,10,9,13,16,8,2,2,2,1,12,0
-6,7,4,26,6,0,1,1,1,0,1,2,13,0,0,4,12,346,3,12,4,5,10,8,12,15,8,3,2,2,1,13,0
58,7,4,13,7,0,1,2,0,0,1,9,6,0,0,4,12,346,3,10,2,5,9,7,13,14,9,4,2,2,2,11,15
-146,6,4,29,7,0,1,2,0,0,0,2,13,0,0,4,12,346,2,10,2,6,10,7,12,14,9,4,1,2,2,13,45
-36,6,4,17,6,0,1,2,0,0,1,1,14,0,0,4,12,346,3,9,1,5,9,6,11,14,8,3,1,1,2,11,45
-18,6,4,15,5,0,1,2,0,0,1,1,14,0,0,4,12,346,3,9,1,5,9,5,10,13,7,3,1,1,2,11,30
7,6,4,15,5,0,0,2,0,0,1,0,15,0,0,4,12,346,3,9,1,5,9,5,9,12,6,2,1,1,2,11,30
6,6,4,17,4,0,0,2,0,0,1,14,1,0,0,4,12,346,3,9,1,5,9,4,8,12,5,1,1,1,2,11,45
-40,6,4,24,4,0,0,1,0,0,1,7,8,0,0,4,12,346,2,9,1,5,9,5,8,12,5,1,0,1,1,12,45
-22,4,3,13,4,0,0,1,0,0,1,7,8,0,0,4,12,346,1,8,3,5,8,6,7,13,6,1,0,0,2,11,15
35,4,3,8,4,0,0,0,0,0,1,0,15,0,0,4,12,346,1,8,4,5,8,5,6,12,5,1,0,0,2,10,30
17,4,3,8,3,0,0,0,0,0,1,13,2,0,0,4,12,346,1,8,4,6,8,4,5,11,4,1,0,0,2,10,30
62,4,3,2,3,0,0,0,0,0,0,12,3,0,0,4,12,346,1,8,4,6,8,3,4,10,3,1,0,0,2,9,45
25,3,3,12,3,0,0,0,1,0,0,0,15,0,0,4,12,346,2,6,2,4,6,3,3,10,3,1,0,0,2,11,0
23,3,3,21,2,0,0,0,1,0,0,14,1,0,0,4,12,346,2,6,2,4,6,2,2,9,2,0,0,0,2,12,15
12,2,2,6,2,0,0,0,1,0,1,10,5,0,0,4,12,346,2,4,2,4,4,1,4,9,3,2,0,0,2,10,15
-14,0,0,6,3,0,0,1,1,0,2,4,26,0,0,4,12,346,1,0,0,0,0,6,7,8,7,6,0,0,2,10,15
-36,0,0,2,2,0,0,1,1,0,2,2,28,0,0,4,12,346,1,0,0,0,0,5,6,7,6,5,0,0,2,9,45
3,0,0,4,2,0,0,1,0,0,2,0,30,0,0,4,12,346,1,0,0,0,0,4,5,6,5,4,0,0,2,10,0
-56,0,0,4,1,0,0,1,0,0,2,0,7,0,0,4,12,346,0,0,0,0,0,3,5,5,5,3,0,0,2,10,0
-108,0,0,10,1,0,0,1,0,0,1,0,21,0,0,4,12,346,0,0,0,0,0,3,4,4,4,2,0,0,1,10,45
-57,0,0,10,1,0,0,1,0,0,0,0,23,0,0,4,12,346,0,0,0,0,0,2,3,3,3,2,0,0,1,10,45
11,0,0,1,0,0,0,1,0,0,0,0,37,0,0,4,12,346,0,0,0,0,0,2,2,2,2,1,0,0,2,9,30
26,0,0,0,0,0,0,0,0,0,0,0,61,0,1,4,12,346,0,0,0,0,0,1,1,1,1,0,0,0,1,9,0
83,33,3,49,3,0,1,1,1,0,0,5,10,0,0,3,12,345,2,47,1,3,11,4,6,10,5,4,4,2,1,17,0
4,33,3,52,3,0,0,1,1,0,0,13,2,1,0,3,12,345,2,47,2,4,11,3,5,11,4,3,4,1,1,17,30
8,32,2,52,3,0,0,1,0,0,0,4,11,1,0,3,12,345,1,47,2,5,11,2,4,11,4,2,4,1,1,17,30
27,31,1,47,2,0,0,2,0,0,0,23,7,0,0,3,12,345,1,46,2,5,11,3,3,11,4,2,3,1,2,16,45
10,30,1,47,1,0,1,2,0,0,0,4,26,0,0,3,12,345,1,45,3,7,13,2,4,11,4,2,3,0,2,16,45
1,30,1,51,1,0,1,1,0,0,0,13,2,0,0,3,12,345,1,45,3,8,14,1,4,11,3,2,3,0,2,17,15
-7,30,1,43,7,0,1,1,0,0,0,7,8,0,0,3,12,345,3,38,2,6,12,7,8,15,7,2,3,1,2,16,0
-47,30,1,49,7,0,0,1,0,0,0,5,10,0,0,3,12,345,3,38,2,6,12,6,8,14,6,2,3,1,1,17,0
209,29,1,30,7,0,0,1,0,0,0,14,1,0,0,3,12,345,3,37,2,5,11,5,8,13,6,3,3,1,1,13,15
-14,29,2,41,6,0,0,1,0,0,0,11,4,0,0,3,12,345,3,37,2,6,11,4,8,12,5,3,3,2,2,15,45
33,29,2,43,6,0,1,0,0,0,0,3,12,0,0,3,12,345,2,36,3,5,11,4,9,11,6,4,2,2,2,16,0
-33,29,2,45,5,0,1,0,0,0,0,0,15,0,0,3,12,345,2,36,3,5,12,3,8,10,5,3,2,1,2,16,15
-22,29,3,39,4,0,1,0,0,0,0,10,5,0,0,3,12,345,2,36,4,7,14,2,7,9,4,3,2,1,2,15,30
-68,29,3,45,4,0,1,0,0,0,0,10,5,0,0,3,12,345,2,35,4,6,14,4,6,8,4,3,2,1,2,16,15
-47,29,4,39,6,0,0,1,0,0,0,6,9,0,0,3,12,345,3,32,3,6,14,5,7,11,5,3,2,1,2,15,30
20,28,3,36,5,0,0,1,0,0,0,44,1,0,0,3,12,345,2,32,3,6,15,4,6,12,5,4,2,1,1,15,0
-20,27,3,41,4,0,0,1,1,0,0,41,4,0,0,3,12,345,2,31,2,5,15,3,5,12,5,3,1,1,2,15,45
-29,27,3,36,3,0,0,1,1,0,0,38,7,0,0,3,12,345,2,31,2,6,16,2,4,11,4,2,1,0,1,15,0
-14,27,4,34,2,0,0,1,1,0,0,35,10,0,0,3,12,345,2,31,2,6,16,1,3,13,3,1,1,0,2,14,45
2,25,8,32,4,0,1,1,1,0,0,12,3,0,0,3,12,345,2,27,3,9,15,2,6,14,6,5,1,1,1,14,15
-65,25,8,34,4,0,0,1,2,0,0,8,7,0,0,3,12,345,3,26,4,8,14,1,5,13,5,4,1,1,2,14,45
-77,18,8,38,9,0,0,1,2,0,0,6,9,0,0,3,12,345,1,20,5,7,12,8,12,17,12,6,1,1,2,15,15
-79,18,8,33,8,0,0,1,2,0,0,4,11,0,0,3,12,345,1,20,5,8,14,9,11,16,11,5,0,1,2,14,30
33,18,8,28,8,0,0,1,3,0,0,2,13,0,0,3,12,345,3,18,3,6,13,8,10,15,10,4,0,0,1,13,0
103,17,7,22,8,0,0,1,2,0,0,12,3,0,0,3,12,345,2,18,4,6,14,7,9,14,10,4,0,0,2,12,15
29,17,7,26,8,0,0,1,1,0,0,6,9,0,0,3,12,345,2,18,5,6,14,6,8,13,9,3,0,0,2,12,45
8,17,7,28,8,0,0,1,1,0,0,4,11,0,0,3,12,345,3,17,4,5,13,5,7,12,8,2,0,0,1,13,0
30,15,6,24,7,0,0,1,1,0,0,13,2,0,0,3,12,345,1,17,4,6,13,5,6,11,9,4,0,0,2,12,30
39,15,7,20,7,0,0,1,2,0,0,7,8,0,0,3,12,345,3,15,2,5,12,5,5,11,8,4,0,0,2,12,0
30,15,7,24,6,0,0,1,2,0,0,6,9,0,0,3,12,345,3,15,2,5,12,4,4,10,7,3,0,0,2,12,30
44,15,7,31,6,0,0,0,2,0,0,5,10,0,0,3,12,345,3,15,3,5,12,3,4,9,6,3,0,0,1,13,30
25,12,5,22,6,0,0,1,2,0,0,0,15,0,0,3,12,345,2,13,2,4,11,2,5,11,8,3,0,0,2,12,15
32,10,5,20,5,0,0,1,2,0,0,7,8,0,0,3,12,345,0,13,3,5,12,1,6,10,9,5,0,0,2,12,0
1,8,4,26,7,0,0,1,2,0,0,6,9,0,0,3,12,345,1,10,2,7,10,5,6,14,10,5,0,0,2,12,45
45,7,4,14,8,0,0,1,1,0,0,12,3,0,0,3,12,345,1,9,5,6,9,4,5,13,10,6,0,0,2,11,15
62,7,4,14,8,0,0,1,0,0,0,10,5,0,0,3,12,345,1,9,5,6,9,3,4,12,9,6,0,0,2,11,15
32,6,4,16,8,0,0,1,0,0,0,11,4,0,0,3,12,345,1,8,5,6,8,2,6,13,9,5,0,0,2,11,30
84,6,4,10,7,0,0,1,0,0,0,10,5,0,0,3,12,345,1,8,5,7,8,1,5,12,8,5,0,0,1,10,30
31,4,4,18,8,0,0,1,1,0,2,8,7,0,0,3,12,345,4,3,2,3,3,4,9,14,9,6,0,0,2,11,45
11,3,3,16,8,0,0,1,1,0,2,6,9,0,0,3,12,345,3,2,1,2,2,6,8,14,10,7,0,0,2,11,30
38,3,3,6,7,0,0,1,1,0,2,3,12,0,0,3,12,345,2,2,2,2,2,6,7,14,10,7,0,0,2,10,0
57,3,3,8,6,0,0,1,1,0,2,2,13,0,0,3,12,345,2,2,2,2,2,5,6,13,9,6,0,0,2,10,15
37,2,2,13,7,0,0,0,1,0,2,5,10,0,0,3,12,345,1,1,1,1,1,5,8,12,10,7,0,0,2,11,0
49,1,1,2,7,0,0,0,0,0,2,11,4,0,0,3,12,345,0,1,1,1,1,4,8,11,10,7,0,0,2,9,30
47,1,1,10,6,0,0,0,0,0,2,8,7,0,0,3,12,345,0,1,1,1,1,3,7,10,9,7,0,0,1,10,30
60,1,1,4,5,0,0,0,0,0,2,6,9,0,0,3,12,345,0,1,1,1,1,2,7,9,8,6,0,0,2,9,45
59,0,0,6,5,0,0,0,0,0,2,9,6,0,0,3,12,345,0,0,0,0,0,3,6,8,8,6,0,0,2,10,0
15,0,0,4,4,0,0,0,0,0,2,0,17,0,0,3,12,345,0,0,0,0,0,5,7,7,7,5,0,0,2,9,45
15,0,0,2,3,0,0,0,0,0,2,0,18,0,0,3,12,345,0,0,0,0,0,4,6,6,6,4,0,0,2,9,30
-54,0,0,12,3,0,0,0,0,0,1,0,22,0,0,3,12,345,0,0,0,0,0,3,5,5,5,4,0,0,1,10,45
-14,0,0,8,2,0,0,0,0,0,1,0,27,0,0,3,12,345,0,0,0,0,0,2,4,4,4,3,0,0,2,10,15
11,0,0,0,1,0,0,0,0,0,1,0,38,0,1,3,12,345,0,0,0,0,0,2,3,3,3,2,0,0,1,9,0
13,0,0,1,0,0,0,0,0,0,1,0,63,0,0,3,12,345,0,0,0,0,0,2,2,2,2,2,0,0,2,9,15
-123,0,0,18,0,0,0,0,0,0,0,0,69,0,0,3,12,345,0,0,0,0,0,1,1,1,1,1,0,0,2,11,45
-5,28,5,54,1,0,0,3,2,0,0,10,5,1,0,2,12,344,2,48,4,8,14,4,7,14,5,2,9,3,1,18,15
-9,27,4,52,4,0,0,2,2,0,0,13,2,0,0,2,12,344,4,45,3,8,12,4,7,13,5,3,8,2,1,18,0
69,27,5,46,5,0,0,1,2,0,0,3,12,0,0,2,12,344,4,44,3,7,12,4,7,13,5,4,7,2,1,17,0
-2,26,4,49,5,0,0,1,1,0,0,0,15,0,0,2,12,344,3,44,4,7,12,3,6,13,5,4,7,1,1,17,30
0,25,3,49,4,0,2,1,1,0,0,1,14,0,0,2,12,344,3,42,2,7,11,4,8,13,6,5,7,2,1,17,30
17,23,1,42,3,0,2,1,1,0,0,3,12,0,0,2,12,344,1,42,5,8,11,4,8,15,7,6,7,3,2,16,30
25,23,2,40,2,0,2,3,1,0,0,0,15,0,0,2,12,344,3,40,3,6,9,3,7,16,6,5,7,3,2,16,15
-32,23,2,44,2,0,1,3,1,0,0,5,10,0,0,2,12,344,1,40,4,7,9,5,7,15,7,6,7,3,2,16,45
55,23,2,36,4,0,1,3,1,0,0,27,3,0,0,2,12,344,2,37,3,4,6,4,6,15,8,5,6,3,2,15,30
-18,22,1,48,4,0,1,3,0,0,0,14,16,0,0,2,12,344,1,37,3,5,6,4,7,14,8,4,6,3,2,17,15
2,22,1,46,4,0,1,2,0,0,0,12,18,0,0,2,12,344,1,37,3,5,8,4,6,13,7,3,6,3,1,17,0
-30,22,1,42,5,0,0,2,0,0,0,6,24,0,0,2,12,344,2,36,3,5,7,3,5,12,6,2,5,3,2,16,30
-66,22,2,51,5,0,0,2,0,0,1,10,5,0,0,2,12,344,3,34,1,3,6,2,6,13,6,3,4,3,2,17,45
22,21,1,38,4,0,0,2,0,0,1,14,1,0,0,2,12,344,1,34,2,3,8,3,9,12,7,2,4,2,2,16,0
-36,21,1,44,4,0,0,3,0,0,1,6,9,0,0,2,12,344,2,32,1,1,11,6,9,12,7,3,3,2,2,16,45
-19,21,1,34,4,0,0,2,0,0,1,1,14,0,0,2,12,344,2,32,1,1,11,5,8,11,6,2,3,1,2,15,15
80,20,0,28,4,0,0,2,0,0,1,34,11,0,0,2,12,344,1,31,0,2,12,7,8,11,7,2,2,2,1,13,15
-198,20,0,52,4,0,0,1,0,0,1,25,20,0,0,2,12,344,1,31,0,3,12,6,7,10,6,1,2,1,1,18,0
-1,20,0,38,4,0,0,0,0,0,1,22,23,0,0,2,12,344,0,31,0,3,12,5,7,9,6,1,2,1,2,16,0
-1,20,0,36,3,0,0,0,0,0,1,21,24,0,0,2,12,344,0,31,0,4,12,4,6,8,5,1,2,1,2,15,30
-51,20,2,40,2,0,0,0,0,0,1,16,29,0,0,2,12,344,0,31,0,5,14,3,5,7,4,0,2,1,2,16,15
-22,20,2,31,2,0,0,0,0,0,0,15,30,0,0,2,12,344,0,31,0,5,14,2,4,6,3,0,2,1,1,14,45
15,20,3,33,1,0,0,0,0,0,0,4,41,0,0,2,12,344,0,31,2,8,15,2,3,5,2,0,2,1,2,15,0
-19,20,5,30,1,0,0,1,0,0,0,5,25,0,0,2,12,344,1,29,6,10,15,2,4,5,2,1,1,2,2,14,0
36,20,6,34,0,0,1,1,0,0,0,10,5,0,0,2,12,344,2,28,6,9,14,1,3,6,1,0,1,1,2,15,15
16,17,3,26,3,0,1,3,0,0,0,9,6,0,0,2,12,344,3,22,3,7,13,2,3,13,5,4,1,1,1,13,0
-33,15,2,29,4,0,0,4,0,0,0,14,1,0,0,2,12,344,3,20,3,5,12,1,2,15,6,6,0,1,1,13,30
49,14,5,22,8,0,0,3,1,0,0,9,6,0,0,2,12,344,3,15,1,6,12,3,11,19,10,7,0,0,2,12,30
6,13,6,26,8,0,0,3,1,0,0,3,12,0,0,2,12,344,2,14,2,8,13,6,15,19,11,7,0,0,1,13,0
20,11,5,22,7,0,0,3,1,0,0,13,2,0,0,2,12,344,0,14,3,8,13,8,15,18,12,6,0,0,2,12,30
-1,11,5,19,7,0,0,3,0,0,0,7,8,0,0,2,12,344,0,14,5,9,13,9,14,18,11,5,0,0,1,12,0
-3,11,5,21,6,0,0,3,0,0,0,5,10,0,0,2,12,344,0,13,5,9,13,9,13,17,10,5,0,0,2,12,15
-99,11,7,31,6,0,1,2,0,0,0,2,13,0,0,2,12,344,1,13,4,8,12,9,13,16,9,4,0,0,1,14,45
16,10,6,14,5,0,2,2,0,0,0,10,5,0,0,2,12,344,1,12,4,8,11,9,12,16,9,3,0,0,2,11,15
77,9,6,16,5,0,2,1,1,0,0,0,15,0,0,2,12,344,1,11,5,8,11,10,11,15,9,3,0,0,1,11,30
1,9,6,16,4,0,2,1,1,0,0,14,1,0,0,2,12,344,1,11,5,8,11,9,10,15,8,2,0,0,1,11,30
-19,9,6,24,3,0,2,1,1,0,0,13,2,0,0,2,12,344,1,11,5,8,11,8,10,14,7,2,0,0,2,12,45
28,9,6,19,3,0,2,1,1,0,0,10,5,0,0,2,12,344,2,10,5,7,10,7,9,13,6,1,0,0,1,12,0
-28,9,6,24,2,0,2,1,2,0,0,7,8,0,0,2,12,344,3,9,4,6,9,6,8,12,5,1,0,0,2,12,45
27,9,6,11,2,0,1,1,2,0,0,5,10,0,0,2,12,344,3,9,4,6,9,5,7,11,4,1,0,0,1,10,45
-2,8,5,18,1,0,1,1,2,0,0,2,13,0,0,2,12,344,1,9,4,6,9,5,6,10,5,1,0,0,2,11,45
35,7,6,8,2,0,1,0,2,0,0,11,4,0,0,2,12,344,1,8,4,6,8,4,6,11,5,1,0,0,2,10,15
36,7,6,14,1,0,1,0,2,0,0,9,6,0,0,2,12,344,1,8,5,6,8,3,5,10,4,1,0,0,2,11,15
-11,6,5,13,2,0,1,0,2,0,0,1,14,0,0,2,12,344,2,6,3,5,6,2,4,9,4,2,0,0,2,11,0
19,4,3,11,3,0,0,0,2,0,0,3,12,0,0,2,12,344,1,5,2,4,5,2,4,9,5,3,0,0,1,10,45
3,3,3,9,3,0,0,1,2,0,0,14,1,0,0,2,12,344,2,3,2,3,3,2,5,10,5,3,0,0,2,10,30
12,2,2,9,3,0,0,1,2,0,0,14,1,0,0,2,12,344,2,2,1,2,2,3,6,9,5,3,0,0,2,10,30
64,1,1,2,4,0,0,1,1,0,0,13,2,0,0,2,12,344,2,1,1,1,1,3,6,8,5,2,0,0,2,9,15
22,1,1,6,3,0,0,1,1,0,0,1,14,0,0,2,12,344,2,1,1,1,1,2,5,7,4,2,0,0,1,9,45
63,0,0,2,4,0,0,1,0,0,0,0,1,0,0,2,12,344,1,0,0,0,0,4,6,6,5,4,0,0,2,9,15
-52,0,0,7,3,0,0,1,0,0,0,0,15,0,0,2,12,344,0,0,0,0,0,3,5,5,5,3,0,0,1,10,0
-8,0,0,0,2,0,0,1,0,0,0,0,16,0,1,2,12,344,0,0,0,0,0,2,4,4,4,2,0,0,2,9,0
13,0,0,4,2,0,0,0,0,0,0,0,30,0,0,2,12,344,0,0,0,0,0,3,3,3,3,2,0,0,1,9,30
17,0,0,4,1,0,0,0,0,0,0,0,50,0,0,2,12,344,0,0,0,0,0,2,2,2,2,2,0,0,1,9,30
16,0,0,0,0,0,0,0,0,0,0,0,54,0,1,2,12,344,0,0,0,0,0,1,1,1,1,1,0,0,2,9,0
27,19,2,49,2,0,0,1,0,0,0,11,4,0,0,6,12,341,2,52,3,7,13,1,3,10,2,1,4,1,2,17,0
5,18,2,53,3,0,1,1,0,0,0,8,7,1,0,6,12,341,3,49,5,8,14,2,2,13,3,0,3,1,2,17,30
-15,17,1,51,5,0,0,2,0,0,0,2,13,0,0,6,12,341,3,46,4,7,14,1,7,15,5,2,3,0,3,17,15
4,16,1,43,8,0,1,2,0,0,0,5,10,0,0,6,12,341,2,41,2,7,10,8,11,16,10,5,3,1,2,16,15
36,16,1,47,7,0,1,2,0,0,0,1,14,0,0,6,12,341,1,41,4,7,10,8,10,15,10,4,3,1,2,16,45
-21,16,1,45,6,0,1,2,0,0,0,14,1,0,0,6,12,341,1,41,4,7,11,7,10,14,9,4,3,1,2,16,30
26,16,1,43,6,0,1,2,0,0,0,7,8,0,0,6,12,341,2,40,3,7,10,6,11,14,8,4,3,1,2,16,15
-19,16,1,47,5,0,1,2,0,0,0,6,9,0,0,6,12,341,2,40,3,8,10,6,10,13,7,3,3,1,2,16,45
-13,16,1,49,5,0,1,1,0,0,0,4,11,0,0,6,12,341,2,39,4,8,10,5,9,13,6,3,3,1,2,17,0
-71,15,0,53,5,0,1,1,0,0,0,13,2,1,0,6,12,341,1,39,3,7,9,5,8,13,7,2,3,1,2,17,30
-43,15,0,45,4,0,1,1,0,0,0,8,7,0,0,6,12,341,1,39,4,7,9,4,7,13,6,2,3,1,2,16,30
-43,15,0,51,4,0,1,0,0,0,0,4,11,0,0,6,12,341,1,39,5,7,10,3,6,12,5,2,2,1,3,17,15
-77,15,0,53,3,0,2,0,0,0,1,7,8,1,0,6,12,341,1,37,5,6,8,5,6,12,6,4,2,0,2,17,30
-53,15,0,41,4,0,1,0,0,0,1,1,14,0,0,6,12,341,1,36,4,5,8,4,5,11,6,4,2,0,2,16,0
-2,15,0,41,3,0,2,1,0,0,1,0,15,0,0,6,12,341,1,34,2,3,9,3,5,10,7,4,2,0,2,16,0
-13,15,0,37,3,0,1,1,0,0,1,11,4,0,0,6,12,341,1,34,2,4,9,3,4,11,6,3,2,0,2,15,30
-12,15,0,39,3,0,1,1,0,0,1,8,7,0,0,6,12,341,1,33,2,3,8,2,4,10,6,2,2,1,2,15,45
17,15,0,35,3,0,1,1,0,0,1,43,2,0,0,6,12,341,1,32,2,3,14,2,7,10,6,3,2,1,2,15,15
-9,15,1,35,3,0,1,2,0,0,0,29,16,0,0,6,12,341,1,31,1,3,14,4,6,9,6,3,2,1,2,15,15
-65,15,2,39,3,0,0,2,1,0,0,9,36,0,0,6,12,341,2,30,1,5,16,5,7,8,5,2,1,2,2,15,45
-38,15,2,37,2,0,0,2,1,0,0,6,39,0,0,6,12,341,2,30,2,5,16,4,6,7,4,2,1,1,2,15,30
-43,15,2,33,2,0,0,1,1,0,0,1,44,0,0,6,12,341,1,30,2,6,16,3,5,7,4,2,1,1,1,14,45
-13,15,2,34,2,0,0,0,1,0,0,9,6,0,0,6,12,341,1,30,4,7,18,2,4,7,3,2,1,1,2,15,0
-7,15,3,32,2,0,0,0,1,0,0,0,15,0,0,6,12,341,1,29,4,11,17,1,3,8,3,2,1,1,1,14,30
-11,13,2,30,5,0,0,1,0,0,0,12,3,0,0,6,12,341,1,25,7,11,17,3,3,10,6,5,1,1,1,13,30
-40,13,2,31,4,0,0,1,0,0,0,11,4,0,0,6,12,341,1,25,7,11,17,2,2,9,5,4,0,1,1,14,15
38,12,4,25,9,0,0,2,0,0,0,14,1,0,0,6,12,341,7,18,3,6,12,1,5,11,5,4,0,0,2,12,30
-16,10,6,24,10,0,0,3,1,0,0,19,11,0,0,6,12,341,6,14,4,6,11,5,8,15,9,7,0,0,2,12,15
8,9,5,27,9,0,0,4,1,0,0,15,15,0,0,6,12,341,6,13,3,5,10,4,7,14,9,7,0,0,1,12,45
17,9,5,18,10,0,0,3,1,0,0,8,22,0,0,6,12,341,7,12,2,4,10,3,8,13,8,6,0,0,2,11,15
-3,8,4,27,9,0,0,3,1,0,0,1,29,0,0,6,12,341,6,12,4,5,10,3,7,12,8,5,0,0,1,12,45
-26,8,4,29,8,0,0,3,1,0,0,12,3,0,0,6,12,341,6,12,4,6,11,3,6,12,7,4,0,0,1,13,15
-17,6,3,25,10,0,0,3,1,0,0,6,9,0,0,6,12,341,6,9,1,5,9,5,7,12,9,5,0,0,2,12,30
-6,6,4,22,9,0,0,4,1,0,0,0,15,0,0,6,12,341,7,8,2,5,8,4,7,16,8,4,0,0,1,12,0
42,4,2,16,9,0,0,4,0,0,0,5,10,0,0,6,12,341,5,8,2,5,8,3,8,16,9,6,0,0,2,11,0
111,4,3,12,8,0,0,4,0,0,0,13,2,0,0,6,12,341,5,8,2,6,8,4,7,15,8,5,0,0,2,10,30
-34,4,3,20,7,0,0,4,0,0,0,9,6,0,0,6,12,341,5,8,3,6,8,3,6,16,7,5,0,0,2,11,45
54,4,4,14,7,0,0,4,1,0,0,2,13,0,0,6,12,341,5,6,3,5,6,5,6,18,8,5,0,0,2,10,45
8,3,3,18,6,0,0,4,1,0,0,13,2,0,0,6,12,341,3,6,4,5,6,4,5,18,9,6,0,0,2,11,15
72,3,3,6,7,0,0,4,1,0,1,1,14,0,0,6,12,341,5,3,1,3,3,3,9,17,9,7,0,0,2,9,45
8,2,2,16,7,0,0,3,1,0,1,10,5,0,0,6,12,341,3,3,2,3,3,3,10,16,10,8,0,0,2,11,0
-112,2,2,20,7,0,0,2,1,0,1,5,10,0,0,6,12,341,2,3,2,3,3,2,9,15,10,8,0,0,2,11,45
44,1,1,8,9,0,0,1,1,0,1,14,1,0,0,6,12,341,1,1,1,1,1,8,12,14,12,8,0,0,2,10,0
-35,0,0,8,8,0,0,1,1,0,1,0,5,0,0,6,12,341,0,1,1,1,1,7,13,13,12,8,0,0,2,10,0
45,0,0,2,8,0,0,2,0,0,1,0,9,0,0,6,12,341,1,0,0,0,0,8,12,12,11,7,0,0,2,9,15
4,0,0,4,7,0,0,2,0,0,1,0,10,0,0,6,12,341,1,0,0,0,0,7,11,11,10,6,0,0,2,9,30
15,0,0,4,6,0,0,2,0,0,1,0,10,0,0,6,12,341,1,0,0,0,0,6,10,10,9,6,0,0,2,9,30
11,0,0,0,5,0,0,2,0,0,1,0,12,0,1,6,12,341,1,0,0,0,0,5,9,9,8,5,0,0,2,9,0
-10,0,0,12,5,0,0,1,0,0,1,0,14,0,0,6,12,341,1,0,0,0,0,5,8,8,7,4,0,0,2,10,30
-59,0,0,14,5,0,0,1,0,0,0,0,16,0,0,6,12,341,1,0,0,0,0,5,7,7,6,4,0,0,2,10,45
-14,0,0,10,4,0,0,1,0,0,0,0,35,0,0,6,12,341,0,0,0,0,0,6,6,6,6,4,0,0,2,10,15
-19,0,0,0,4,0,0,0,0,0,0,0,36,0,1,6,12,341,0,0,0,0,0,5,5,5,5,3,0,0,2,9,0
28,0,0,10,3,0,0,0,0,0,0,0,42,0,0,6,12,341,0,0,0,0,0,4,4,4,4,3,0,0,2,10,15
-10,0,0,6,2,0,0,0,0,0,0,0,46,0,0,6,12,341,0,0,0,0,0,3,3,3,3,2,0,0,2,9,45
-1,0,0,2,1,0,0,0,0,0,0,0,54,0,0,6,12,341,0,0,0,0,0,2,2,2,2,1,0,0,2,9,15
-103,0,0,22,0,0,0,0,0,0,0,0,59,0,0,6,12,341,0,0,0,0,0,1,1,1,1,1,0,0,1,12,0
20,32,5,51,4,1,1,2,0,0,0,10,5,1,0,5,12,340,2,45,2,8,14,3,6,12,7,5,6,2,2,17,30
41,30,3,49,3,1,2,3,0,0,0,7,8,0,0,5,12,340,2,43,2,6,12,5,7,15,8,6,6,2,3,17,15
109,30,4,44,2,1,2,3,0,0,0,1,14,0,0,5,12,340,2,43,2,7,12,4,7,14,7,6,6,3,3,16,45
0,30,4,51,2,1,1,3,0,0,0,22,8,1,0,5,12,340,2,43,6,9,15,3,8,14,6,5,5,3,2,17,30
27,30,4,49,1,1,1,3,0,0,0,18,12,0,0,5,12,340,1,43,6,9,15,3,7,14,6,4,5,2,3,17,15
24,30,4,46,1,0,1,3,0,0,0,18,12,0,0,5,12,340,1,43,6,9,15,2,6,13,5,3,4,2,2,17,0
7,27,3,51,5,0,1,3,1,0,0,4,11,1,0,5,12,340,4,37,3,6,12,5,7,16,7,4,4,1,2,17,30
19,27,3,44,5,0,1,2,1,0,0,14,1,0,0,5,12,340,4,37,3,6,12,4,7,17,6,3,4,1,3,16,45
16,27,3,42,5,0,0,2,1,0,0,7,8,0,0,5,12,340,3,37,4,6,13,3,8,17,6,4,3,1,2,16,15
2,26,2,42,5,0,0,2,1,0,0,0,15,0,0,5,12,340,3,36,4,7,12,2,7,17,6,4,3,0,2,16,15
-23,26,2,46,5,0,0,1,1,0,0,10,5,0,0,5,12,340,3,36,5,7,13,2,6,16,5,3,3,0,2,17,0
-7,24,3,40,8,0,0,1,0,0,1,14,1,0,0,5,12,340,3,32,3,7,12,5,8,16,8,3,3,0,2,16,0
-22,24,3,40,8,0,0,1,0,0,1,5,10,0,0,5,12,340,4,31,3,6,12,6,9,15,7,2,3,1,2,16,0
-14,24,3,36,7,0,0,1,0,0,1,3,12,0,0,5,12,340,4,31,3,6,12,5,9,14,6,2,3,1,2,15,30
7,24,4,46,7,0,0,0,0,0,1,14,1,0,0,5,12,340,4,31,5,6,13,4,10,13,5,2,3,2,2,17,0
10,24,4,34,6,0,0,0,0,0,1,10,5,0,0,5,12,340,3,31,5,7,14,3,9,12,5,2,3,2,2,15,15
4,24,4,38,7,0,0,0,0,0,1,8,7,0,0,5,12,340,4,29,4,6,14,4,10,12,5,3,3,2,2,15,45
0,24,4,34,7,0,0,1,0,0,0,7,8,0,0,5,12,340,5,28,3,5,13,4,9,11,4,3,3,2,2,15,15
-33,22,3,36,9,0,0,1,0,0,0,3,12,0,0,5,12,340,4,25,1,4,12,7,8,15,7,4,3,2,2,15,30
2,21,3,30,8,0,0,1,0,0,0,10,5,0,0,5,12,340,3,25,2,5,12,7,8,16,7,3,3,3,1,14,30
81,21,3,25,7,0,0,1,0,0,0,7,8,0,0,5,12,340,3,25,2,6,13,6,7,15,6,3,2,3,1,13,15
26,21,3,38,6,0,0,1,0,0,0,5,10,0,0,5,12,340,3,25,3,6,13,5,6,15,5,3,2,2,2,15,45
-26,20,3,31,5,0,0,1,0,0,0,2,13,0,0,5,12,340,2,25,3,6,14,4,5,14,5,2,2,2,2,14,45
-33,20,4,32,5,0,0,0,0,0,0,0,15,0,0,5,12,340,2,25,3,6,14,3,4,13,4,2,1,2,2,15,0
1,20,5,29,4,0,1,0,0,0,0,23,7,0,0,5,12,340,3,24,2,7,13,2,4,12,3,1,1,1,1,14,15
-14,20,7,32,3,0,1,0,0,0,0,16,14,0,0,5,12,340,3,24,3,8,13,2,3,11,2,1,1,1,2,15,0
-14,19,9,28,6,0,0,0,0,0,0,1,14,0,0,5,12,340,4,21,5,8,13,2,7,14,3,0,0,1,1,14,0
17,15,5,25,8,0,1,0,0,0,0,8,7,0,0,5,12,340,4,17,3,6,10,6,9,16,6,2,0,0,1,13,15
33,11,2,27,10,0,1,0,0,0,0,14,1,0,0,5,12,340,3,14,3,5,10,8,11,18,9,2,0,0,1,13,30
18,11,2,19,9,0,1,0,0,0,0,12,3,0,0,5,12,340,3,14,3,5,10,7,10,17,8,2,0,0,2,12,30
31,11,2,19,8,0,1,0,0,0,0,11,4,0,0,5,12,340,3,14,3,5,10,6,9,16,7,2,0,0,2,12,30
4,11,2,23,7,0,1,0,0,0,0,10,5,0,0,5,12,340,3,14,3,5,10,5,8,15,6,2,0,0,2,13,0
16,11,2,23,6,0,1,0,0,0,0,9,6,0,0,5,12,340,3,14,3,5,11,4,8,14,5,1,0,0,2,13,0
4,10,2,21,7,0,0,0,0,0,0,13,2,0,0,5,12,340,3,13,2,5,12,3,9,13,5,2,0,0,2,12,45
83,10,2,10,6,0,0,0,0,0,0,11,4,0,0,5,12,340,2,13,2,6,12,2,8,12,5,3,0,0,1,11,0
57,10,4,16,6,0,0,0,0,0,0,7,8,0,0,5,12,340,2,12,1,5,11,1,7,11,5,2,0,0,2,12,0
66,9,5,13,6,0,0,0,0,0,1,3,12,0,0,5,12,340,2,10,3,6,10,6,10,13,6,1,0,0,1,11,30
-2,9,5,17,5,0,0,0,0,0,1,3,12,0,0,5,12,340,2,10,3,6,10,6,9,12,5,1,0,0,2,12,15
-50,9,5,21,5,0,0,0,0,0,1,0,15,0,0,5,12,340,3,9,2,5,9,5,8,11,4,0,0,0,2,12,45
85,9,6,4,5,0,0,0,0,0,0,9,6,0,0,5,12,340,2,9,2,5,9,4,7,10,4,1,0,0,2,10,15
-4,8,6,13,5,0,0,0,0,0,0,14,1,0,0,5,12,340,2,8,3,7,8,6,6,9,4,1,0,0,1,11,30
-4,8,6,17,4,0,0,0,0,0,0,14,1,0,0,5,12,340,2,8,3,7,8,5,5,8,3,0,0,0,2,12,15
55,6,4,4,4,0,0,0,0,0,0,3,12,0,0,5,12,340,1,7,3,6,7,4,5,8,4,0,0,0,2,10,15
6,5,4,12,4,0,0,0,0,0,0,6,9,0,0,5,12,340,1,6,3,6,6,3,4,8,4,1,0,0,2,11,15
44,5,4,15,3,0,0,0,0,0,0,6,9,0,0,5,12,340,1,6,3,6,6,2,3,7,3,1,0,0,1,11,45
9,5,5,10,2,0,0,0,0,0,0,2,13,0,0,5,12,340,1,6,4,6,6,1,3,6,2,1,0,0,1,11,0
-24,2,2,8,6,0,0,0,0,0,0,6,9,0,0,5,12,340,1,1,1,1,1,3,4,8,6,1,0,0,2,10,45
5,0,0,6,6,0,0,0,0,0,0,3,12,0,0,5,12,340,0,0,0,0,0,2,4,7,7,2,0,0,2,10,30
14,0,0,2,5,0,0,0,0,0,0,0,5,0,0,5,12,340,0,0,0,0,0,2,5,6,6,2,0,0,2,10,0
10,0,0,8,4,0,0,0,0,0,0,0,31,0,0,5,12,340,0,0,0,0,0,3,5,5,5,2,0,0,2,10,45
5,0,0,0,3,0,0,0,0,0,0,0,46,0,1,5,12,340,0,0,0,0,0,3,4,4,4,1,0,0,2,9,45
40,0,0,0,2,0,0,0,0,0,0,0,60,0,1,5,12,340,0,0,0,0,0,3,3,3,3,1,0,0,2,9,45
-24,0,0,6,1,0,0,0,0,0,0,0,65,0,0,5,12,340,0,0,0,0,0,2,2,2,2,1,0,0,2,10,30
3,0,0,2,0,0,0,0,0,0,0,0,82,0,0,5,12,340,0,0,0,0,0,1,1,1,1,1,0,0,2,10,0
3,38,3,55,3,0,0,0,0,0,0,13,2,1,0,4,12,339,1,52,2,3,18,1,4,14,3,2,1,1,2,18,15
13,36,8,52,3,0,0,0,0,0,1,18,12,0,0,4,12,339,1,50,4,16,16,5,13,13,4,3,1,1,1,17,30
43,35,7,48,3,0,1,0,0,0,0,8,22,0,0,4,12,339,1,49,11,15,15,6,12,12,4,2,1,1,1,16,30
17,35,7,51,2,0,1,0,0,0,0,14,1,0,0,4,12,339,0,49,15,15,18,6,11,16,4,2,1,1,2,17,15
4,34,7,54,2,0,1,0,0,0,1,8,7,0,0,4,12,339,1,47,13,13,16,10,10,15,4,1,1,1,1,17,45
116,34,7,35,3,0,1,0,0,0,0,6,9,0,0,4,12,339,2,46,12,12,15,9,9,14,3,1,1,1,2,14,45
121,33,6,34,3,0,1,1,0,0,0,0,15,0,0,4,12,339,3,44,10,10,13,8,8,13,3,2,1,1,2,14,30
-43,33,6,52,4,0,0,1,0,0,0,14,1,0,0,4,12,339,4,43,9,9,12,7,7,12,2,1,1,1,1,17,30
1,28,2,46,9,0,1,3,0,0,0,1,14,0,0,4,12,339,7,34,0,0,3,6,6,11,7,4,1,1,2,16,15
24,28,2,44,9,0,0,3,0,0,0,12,3,0,0,4,12,339,7,34,0,0,4,5,5,10,6,3,1,1,2,16,0
48,28,2,40,8,0,0,3,0,0,0,11,4,0,0,4,12,339,7,34,0,0,4,4,4,9,5,2,1,1,2,15,30
34,28,2,42,8,0,0,2,0,0,0,11,4,0,0,4,12,339,7,34,0,0,4,3,3,8,4,2,0,1,2,15,45
39,28,2,46,7,0,0,2,0,0,0,11,4,0,0,4,12,339,7,34,0,0,4,2,2,7,3,1,0,0,2,16,15
-9,28,2,48,6,0,0,2,0,0,0,10,5,0,0,4,12,339,7,34,0,0,4,1,1,6,2,1,0,0,1,16,30
38,25,4,42,5,0,0,2,0,0,0,2,13,0,0,4,12,339,2,34,3,11,11,5,10,10,6,1,0,0,2,15,45
-46,25,4,44,5,0,0,1,0,0,0,2,13,0,0,4,12,339,2,34,3,11,11,4,9,9,5,0,0,0,2,16,0
7,25,4,37,4,0,0,1,0,0,0,2,13,0,0,4,12,339,2,34,3,11,11,3,8,8,4,0,0,0,1,15,0
106,24,3,28,4,0,0,2,0,0,0,1,14,0,0,4,12,339,3,32,1,9,9,2,7,7,4,1,0,0,1,13,0
8,24,3,39,3,0,0,2,0,0,0,1,14,0,0,4,12,339,3,32,1,9,9,1,6,6,3,0,0,0,2,15,15
54,22,4,35,7,0,0,3,0,0,0,26,19,0,0,4,12,339,4,26,3,3,12,5,5,10,7,4,0,0,2,14,45
-135,22,5,50,6,0,0,3,1,0,0,23,22,0,0,4,12,339,5,25,2,2,12,4,4,9,6,4,0,0,1,16,45
69,22,5,31,7,0,0,2,1,0,0,21,24,0,0,4,12,339,6,24,1,1,11,3,3,9,5,3,0,0,1,13,30
-14,22,5,33,6,0,0,2,1,0,0,20,25,0,0,4,12,339,6,24,1,1,11,2,2,8,4,2,0,0,1,14,15
-4,22,5,37,5,0,0,2,1,0,0,20,25,0,0,4,12,339,6,24,1,1,11,1,1,7,3,1,0,0,1,15,0
-78,15,5,40,9,0,0,2,1,0,0,9,6,0,0,4,12,339,4,19,5,6,12,4,6,14,9,2,0,0,2,15,30
38,15,6,31,8,0,0,2,1,0,0,3,12,0,0,4,12,339,4,19,5,6,12,3,6,14,8,1,0,0,1,13,30
33,15,6,30,7,0,0,2,1,0,0,2,13,0,0,4,12,339,4,19,5,7,12,2,6,13,7,1,0,0,2,13,15
77,14,6,21,10,0,1,3,0,0,0,11,4,0,0,4,12,339,6,14,1,3,10,3,6,15,9,1,0,0,2,12,0
15,13,6,25,9,0,1,3,0,0,0,0,15,0,0,4,12,339,5,14,2,4,10,5,5,15,9,1,0,0,1,12,30
17,11,6,27,9,0,1,3,0,0,0,7,8,0,0,4,12,339,4,13,2,4,10,4,8,14,10,1,0,0,2,12,45
3,9,4,28,9,0,1,2,0,0,0,4,11,0,0,4,12,339,2,13,3,6,13,3,9,14,11,2,0,0,1,13,0
54,9,5,21,8,0,1,2,1,0,0,2,13,0,0,4,12,339,3,12,2,5,12,2,8,13,10,2,0,0,2,12,0
35,9,5,17,8,0,1,1,1,0,0,1,14,0,0,4,12,339,3,12,2,5,12,1,7,12,9,2,0,0,2,11,30
74,7,5,10,11,0,0,1,1,0,0,13,2,0,0,4,12,339,4,9,3,6,9,6,10,16,10,3,0,0,2,10,30
-15,7,5,25,10,0,0,1,1,0,0,12,3,0,0,4,12,339,4,9,3,6,9,5,9,15,9,2,0,0,1,12,30
-3,7,5,23,10,0,0,0,1,0,0,10,5,0,0,4,12,339,4,9,3,6,9,4,8,14,8,1,0,0,2,12,15
43,5,4,16,9,0,0,0,1,0,0,8,7,0,0,4,12,339,2,9,3,6,9,3,7,13,9,2,0,0,2,11,15
12,5,4,23,8,0,0,0,1,0,0,6,9,0,0,4,12,339,2,9,3,6,9,2,6,12,8,2,0,0,2,12,15
59,5,4,14,8,0,0,0,2,0,0,5,10,0,0,4,12,339,3,7,3,7,7,5,6,13,8,3,0,0,1,11,0
-47,3,3,17,8,0,0,0,2,0,0,6,9,0,0,4,12,339,2,6,3,6,6,4,6,13,9,5,0,0,2,11,30
57,3,3,19,7,0,0,0,2,0,0,3,12,0,0,4,12,339,2,6,3,6,6,3,5,14,8,4,0,0,2,11,45
18,2,2,14,7,0,0,0,2,0,1,11,4,0,0,4,12,339,2,4,2,4,4,2,6,13,9,5,0,0,1,11,0
69,2,2,8,7,0,0,0,1,0,1,8,7,0,0,4,12,339,2,4,4,4,4,2,5,12,8,5,0,0,1,10,0
23,1,1,10,7,0,0,0,1,0,2,11,4,0,0,4,12,339,1,1,2,2,2,4,6,13,10,5,0,0,2,10,30
-2,1,1,6,8,0,1,0,1,0,1,10,5,0,0,4,12,339,2,0,0,0,0,5,8,12,10,6,0,0,1,9,45
-90,0,0,19,7,0,1,0,1,0,1,13,2,0,0,4,12,339,1,0,0,0,0,4,9,11,10,5,0,0,2,11,45
52,0,0,12,6,0,1,0,1,0,1,12,3,0,0,4,12,339,1,0,0,0,0,3,8,10,9,5,0,0,2,10,45
63,0,0,4,5,0,1,0,1,0,1,2,13,0,0,4,12,339,1,0,0,0,0,5,8,9,8,5,0,0,2,9,30
100,0,0,2,4,0,1,0,1,0,1,2,13,0,0,4,12,339,1,0,0,0,0,4,7,8,7,4,0,0,2,9,15
-14,0,0,2,4,0,0,0,1,0,1,0,22,0,0,4,12,339,0,0,0,0,0,5,7,7,7,4,0,0,2,9,15
32,0,0,6,3,0,0,0,1,0,1,0,24,0,0,4,12,339,0,0,0,0,0,4,6,6,6,3,0,0,1,9,45
-46,0,0,12,3,0,0,0,1,0,0,0,26,0,0,4,12,339,0,0,0,0,0,4,5,5,5,2,0,0,2,10,45
24,0,0,4,2,0,0,0,1,0,0,0,40,0,0,4,12,339,0,0,0,0,0,4,4,4,4,2,0,0,2,9,30
-48,0,0,9,1,0,0,0,1,0,0,0,41,0,0,4,12,339,0,0,0,0,0,3,3,3,3,2,0,0,2,10,15
25,0,0,0,0,0,0,0,1,0,0,0,55,0,1,4,12,339,0,0,0,0,0,2,2,2,2,1,0,0,2,9,0
88,0,0,0,0,0,0,0,0,0,0,0,58,0,1,4,12,339,0,0,0,0,0,1,1,1,1,1,0,0,2,9,0
-10,36,7,63,4,0,0,2,0,0,0,14,1,1,0,3,12,338,3,57,4,9,15,2,2,11,4,3,3,1,2,18,0
9,34,7,61,4,0,1,2,0,0,0,11,4,0,0,3,12,338,3,55,4,9,14,1,2,12,5,4,3,0,1,17,30
20,27,6,57,9,0,0,3,1,0,2,14,1,0,0,3,12,338,3,46,4,5,9,5,10,20,13,7,3,1,2,17,0
25,27,6,59,10,0,0,2,1,0,2,9,6,0,0,3,12,338,4,45,3,5,9,5,10,20,12,6,3,2,2,17,15
25,25,4,54,10,0,0,2,1,0,2,9,6,0,0,3,12,338,3,44,3,4,13,8,10,21,13,6,3,2,2,16,45
-48,24,3,59,10,0,0,2,1,0,1,7,8,0,0,3,12,338,2,44,3,4,13,7,10,20,13,7,3,2,2,17,15
19,24,3,52,10,0,0,2,2,0,1,14,1,0,0,3,12,338,4,42,1,3,12,6,9,19,12,6,3,2,3,16,30
24,23,2,54,10,0,0,1,2,0,1,12,3,0,0,3,12,338,3,42,1,3,12,5,8,18,12,7,2,2,2,16,45
8,23,2,50,9,0,0,1,2,0,1,7,8,0,0,3,12,338,3,42,2,3,12,5,7,17,11,7,2,1,2,16,15
4,23,2,50,9,0,0,1,2,0,0,3,12,0,0,3,12,338,3,42,2,3,12,4,7,17,10,6,2,1,2,16,15
40,22,1,48,8,0,0,1,2,0,0,14,1,0,0,3,12,338,2,42,2,3,12,3,10,16,10,7,2,1,2,16,0
19,22,1,52,7,0,0,1,2,0,0,12,3,0,0,3,12,338,2,42,2,3,12,2,9,15,9,7,2,1,3,16,30
-9,21,1,54,8,0,0,1,1,0,0,12,3,0,0,3,12,338,1,41,2,5,14,3,11,16,10,7,1,1,2,16,45
24,21,2,57,8,0,0,1,1,0,0,11,4,0,0,3,12,338,2,40,1,8,14,7,11,16,9,6,1,0,2,17,0
17,21,2,42,8,0,0,1,0,0,0,9,6,0,0,3,12,338,2,40,2,9,14,6,11,16,8,5,1,0,2,15,15
5,21,3,61,8,0,0,1,0,0,0,7,8,0,0,3,12,338,1,39,4,9,14,8,10,15,9,5,1,0,1,17,30
43,21,3,40,7,0,0,1,0,0,0,2,13,0,0,3,12,338,1,39,5,9,15,7,10,16,8,5,1,0,2,15,0
38,21,3,44,7,0,0,0,0,0,0,1,14,0,0,3,12,338,1,39,6,9,15,6,9,15,7,4,1,0,2,15,30
23,21,3,46,6,0,0,0,0,0,0,1,14,0,0,3,12,338,1,39,6,9,15,5,8,14,6,3,1,0,2,15,45
38,21,3,42,5,0,0,0,0,0,0,0,15,0,0,3,12,338,0,39,7,9,15,4,7,13,6,3,1,0,2,15,15
-43,21,3,48,5,0,0,0,0,0,0,8,7,0,0,3,12,338,1,38,7,9,15,5,8,13,5,2,1,0,2,16,0
-53,21,3,46,4,0,0,0,0,0,0,5,10,0,0,3,12,338,1,38,7,10,16,4,7,12,4,1,1,0,2,15,45
-38,20,2,44,5,0,0,0,0,0,0,13,2,0,0,3,12,338,2,36,6,9,14,3,6,12,4,1,1,0,2,15,30
143,19,2,30,6,0,2,0,0,0,0,28,2,0,0,3,12,338,4,32,2,6,12,3,6,13,5,1,1,0,1,13,0
-30,19,2,40,6,0,2,0,0,0,0,25,5,0,0,3,12,338,5,31,2,5,11,3,5,13,4,1,1,0,2,15,0
-11,18,4,36,6,0,2,0,0,0,0,3,27,0,0,3,12,338,5,30,3,6,13,3,6,14,4,1,1,0,1,14,15
59,18,5,32,5,0,2,0,0,0,0,11,4,0,0,3,12,338,3,30,4,7,15,3,6,13,5,3,1,0,2,13,15
36,18,5,33,4,0,2,1,0,0,0,9,6,0,0,3,12,338,4,29,3,6,14,3,6,12,4,2,1,0,1,13,30
-39,18,6,35,5,0,2,0,0,0,1,3,12,0,0,3,12,338,5,27,3,7,14,3,8,14,4,2,1,0,1,14,0
-76,17,6,38,5,0,2,0,0,0,1,10,5,0,0,3,12,338,5,26,3,6,14,3,8,14,4,3,1,1,2,14,45
-8,14,3,28,6,0,1,1,0,0,1,3,12,0,0,3,12,338,3,24,4,7,13,6,9,17,7,4,1,1,2,12,45
52,14,3,30,5,0,1,1,0,0,1,3,12,0,0,3,12,338,3,24,4,7,13,5,8,16,6,4,1,1,1,13,0
4,13,3,28,5,0,1,1,0,0,1,10,5,0,0,3,12,338,3,23,3,8,13,5,7,16,6,5,1,1,2,12,45
-78,13,4,38,5,0,1,1,0,0,1,4,11,0,0,3,12,338,4,22,3,7,13,6,6,15,5,4,1,1,2,14,45
48,12,3,25,4,0,1,1,0,0,1,12,3,0,0,3,12,338,2,22,3,9,15,5,8,14,6,4,1,1,2,12,15
42,12,3,21,4,0,1,1,0,0,0,10,5,0,0,3,12,338,2,22,3,9,15,4,7,13,5,3,1,1,2,11,45
-71,12,4,33,5,0,1,0,1,0,0,12,3,0,0,3,12,338,3,20,5,8,15,3,7,14,5,3,0,1,1,13,30
65,11,3,19,4,0,1,0,1,0,0,8,7,0,0,3,12,338,2,20,5,8,15,2,7,13,5,4,0,0,2,11,30
13,11,3,23,3,0,1,0,1,0,0,7,8,0,0,3,12,338,2,20,5,8,15,1,6,12,4,4,0,0,1,12,0
-24,9,4,26,6,0,1,2,2,0,0,1,14,0,0,3,12,338,5,13,1,4,11,6,9,17,7,5,0,0,2,12,30
25,9,4,19,5,0,1,2,2,0,0,0,15,0,0,3,12,338,5,13,1,4,11,5,8,17,6,4,0,0,2,11,30
43,9,4,23,4,0,1,2,2,0,0,13,2,0,0,3,12,338,5,13,1,5,11,5,7,17,5,3,0,0,1,12,0
-167,8,3,37,4,0,1,2,1,0,0,2,13,0,0,3,12,338,4,13,2,6,13,5,7,16,5,3,0,0,2,14,30
16,8,4,17,3,0,1,3,1,0,0,8,7,0,0,3,12,338,3,12,2,7,12,5,7,15,6,4,0,0,2,11,15
50,8,4,11,3,0,1,2,1,0,0,3,12,0,0,3,12,338,3,12,3,8,12,4,6,15,5,3,0,0,2,10,30
-5,8,5,21,2,0,1,2,1,0,0,0,15,0,0,3,12,338,3,12,3,10,12,3,5,14,4,3,0,0,2,11,45
-96,8,5,26,2,0,0,2,1,0,0,12,3,0,0,3,12,338,3,12,5,10,12,2,5,13,3,3,0,0,2,12,30
10,6,3,15,3,0,0,2,0,0,0,1,14,0,0,3,12,338,2,11,4,9,11,2,7,13,4,4,0,0,2,11,0
85,5,5,2,3,0,1,2,1,0,1,4,11,0,0,3,12,338,2,7,5,7,7,4,10,14,7,5,0,0,1,9,15
-15,5,5,17,2,0,1,2,1,0,1,1,14,0,0,3,12,338,1,7,5,7,7,5,9,13,7,5,0,0,2,11,15
2,3,3,9,6,0,0,2,2,0,1,14,1,0,0,3,12,338,3,2,0,2,2,8,9,14,9,5,0,0,2,10,15
-4,3,3,9,6,0,0,2,2,0,0,10,5,0,0,3,12,338,3,2,1,2,2,7,8,13,8,5,0,0,2,10,15
37,3,3,7,6,0,0,1,2,0,0,3,12,0,0,3,12,338,3,2,2,2,2,6,7,12,7,5,0,0,2,10,0
-37,3,3,15,6,0,0,0,2,0,0,3,12,0,0,3,12,338,3,2,2,2,2,5,7,11,6,4,0,0,2,11,0
-3,2,2,11,5,0,0,0,2,0,0,12,3,0,0,3,12,338,2,2,2,2,2,4,7,10,6,3,0,0,2,10,30
-10,2,2,7,4,0,0,0,2,0,0,11,4,0,0,3,12,338,2,2,2,2,2,3,6,9,5,2,0,0,2,10,0
17,2,2,4,3,0,0,0,2,0,0,1,14,0,0,3,12,338,2,2,2,2,2,3,6,8,4,1,0,0,2,9,30
16,2,2,2,2,0,0,0,2,0,0,0,15,0,0,3,12,338,2,2,2,2,2,2,5,7,3,1,0,0,1,9,15
-43,0,0,13,2,0,1,1,1,0,0,0,7,0,0,3,12,338,1,0,0,0,0,3,6,6,5,4,0,0,2,10,45
13,0,0,5,1,0,1,1,1,0,0,0,27,0,0,3,12,338,0,0,0,0,0,3,5,5,5,3,0,0,2,9,45
-62,0,0,5,1,0,0,1,1,0,0,0,32,0,0,3,12,338,0,0,0,0,0,2,4,4,4,3,0,0,2,9,45
-104,0,0,13,1,0,0,0,1,0,0,0,44,0,0,3,12,338,0,0,0,0,0,3,3,3,3,3,0,0,2,10,45
5,0,0,0,1,0,0,0,0,0,0,0,63,0,1,3,12,338,0,0,0,0,0,2,2,2,2,2,0,0,2,9,0
10,0,0,0,0,0,0,0,0,0,0,0,64,0,1,3,12,338,0,0,0,0,0,1,1,1,1,1,0,0,2,9,0
43,33,6,51,3,0,1,2,1,0,0,10,5,0,0,2,12,337,2,50,2,7,14,3,5,12,6,4,4,1,2,16,45
-17,33,7,57,3,0,1,1,1,0,0,4,11,1,0,2,12,337,2,50,4,7,15,3,4,11,5,3,3,1,2,18,0
2,31,7,54,3,0,1,2,1,0,0,12,3,0,0,2,12,337,2,48,4,8,14,3,7,12,6,4,3,1,2,17,15
-19,30,6,55,4,0,0,3,1,0,0,6,9,0,0,2,12,337,3,46,3,7,12,2,6,12,6,4,3,1,1,17,30
29,28,5,49,5,0,0,3,1,0,0,4,11,0,0,2,12,337,3,44,3,7,11,5,7,13,7,4,3,1,1,16,30
11,26,3,52,5,0,0,3,1,0,0,4,11,0,0,2,12,337,2,43,4,8,10,4,7,15,8,3,3,1,1,17,0
8,26,3,49,4,0,0,3,1,0,0,2,13,0,0,2,12,337,2,43,4,8,10,3,6,14,7,3,3,1,1,16,30
-9,26,3,55,6,0,0,2,1,0,0,11,4,0,0,2,12,337,4,41,3,7,9,2,5,14,6,3,3,1,1,17,30
54,25,2,44,6,0,0,2,0,0,0,9,6,0,0,2,12,337,3,41,3,7,9,1,4,13,6,2,2,1,2,16,0
-19,23,0,44,8,0,0,2,0,0,0,5,10,0,0,2,12,337,2,37,3,4,9,3,8,16,10,3,2,0,2,16,0
20,23,0,47,8,0,0,2,0,0,0,5,10,0,0,2,12,337,2,37,3,4,9,3,8,16,10,3,2,0,2,16,15
40,23,0,41,8,0,0,1,0,0,0,0,15,0,0,2,12,337,2,37,3,4,10,2,7,14,8,2,2,0,3,15,45
25,23,0,39,10,0,0,1,0,0,0,4,11,0,0,2,12,337,2,34,1,3,11,5,9,14,10,4,2,0,3,15,30
38,23,0,39,9,0,0,1,0,0,0,0,15,0,0,2,12,337,2,34,1,3,11,5,9,13,9,4,2,0,3,15,30
-4,23,1,38,8,0,0,1,0,0,0,6,9,0,0,2,12,337,1,34,1,4,13,6,9,14,9,4,2,0,2,15,15
43,23,1,36,7,0,0,1,0,0,0,3,12,0,0,2,12,337,1,34,1,4,13,5,8,13,8,4,2,0,1,15,0
28,23,1,41,7,0,0,1,0,0,0,8,7,0,0,2,12,337,1,33,1,4,12,5,9,12,8,3,2,1,3,15,45
-26,23,3,47,6,0,0,1,0,0,0,2,13,0,0,2,12,337,1,33,2,6,13,4,8,12,7,3,2,1,2,16,15
-1,23,4,32,5,0,0,1,0,0,0,9,6,0,0,2,12,337,0,33,3,7,15,4,7,11,7,3,2,1,1,14,15
-6,23,4,33,4,0,0,1,0,0,0,9,6,0,0,2,12,337,0,33,3,8,15,3,6,10,6,3,2,1,2,14,30
36,23,6,34,4,0,0,1,0,0,0,28,2,0,0,2,12,337,1,32,3,8,15,5,5,11,5,3,2,1,2,14,45
-1,23,7,36,3,0,1,1,0,0,0,17,13,0,0,2,12,337,2,31,4,8,15,4,5,10,4,2,2,1,1,15,0
-4,22,8,34,2,0,1,1,1,0,0,8,22,0,0,2,12,337,2,30,5,9,15,3,6,10,4,1,2,2,2,14,45
-47,22,8,41,3,0,1,0,1,0,0,1,29,0,0,2,12,337,2,29,4,8,14,2,5,12,4,1,1,2,3,15,45
-36,22,8,44,2,0,1,0,1,0,0,0,30,0,0,2,12,337,2,29,4,8,14,1,4,11,3,0,1,1,2,16,0
15,16,6,30,5,0,1,2,1,0,0,5,10,0,0,2,12,337,2,23,3,7,12,4,6,14,8,5,1,1,1,13,30
23,15,5,27,5,0,1,3,0,0,0,10,5,0,0,2,12,337,2,22,3,7,14,3,6,14,8,5,1,1,1,13,0
-25,15,5,31,5,0,0,3,0,0,0,9,6,0,0,2,12,337,2,22,4,7,14,2,5,13,7,4,0,1,1,14,0
22,13,3,27,5,0,0,3,0,0,0,7,8,0,0,2,12,337,1,21,5,7,15,3,8,15,8,4,0,0,1,13,0
0,11,3,29,5,0,0,5,0,0,0,8,7,0,0,2,12,337,2,18,3,6,14,3,9,15,9,4,0,0,1,13,15
38,11,3,24,5,0,0,4,0,0,0,2,13,0,0,2,12,337,2,18,3,6,14,5,8,16,8,4,0,0,1,12,30
58,10,5,17,4,0,0,4,1,0,1,14,1,0,0,2,12,337,1,16,2,7,13,6,9,19,10,5,0,0,2,11,30
31,10,5,24,3,0,0,5,1,0,1,6,9,0,0,2,12,337,2,15,3,8,12,6,8,19,9,5,0,0,1,12,30
17,10,5,20,2,0,0,5,1,0,1,4,11,0,0,2,12,337,2,15,3,8,12,5,7,18,8,4,0,0,2,12,0
6,10,5,18,2,0,0,5,1,0,0,4,11,0,0,2,12,337,2,15,3,8,12,4,6,17,7,4,0,0,2,11,45
37,10,6,22,1,0,0,5,1,0,0,9,6,0,0,2,12,337,2,15,3,9,13,4,8,16,6,3,0,0,2,12,15
58,9,6,18,1,0,0,5,1,0,0,4,11,0,0,2,12,337,2,14,4,8,12,3,7,16,6,3,0,0,2,11,45
-13,8,5,22,1,0,0,4,1,0,1,8,7,0,0,2,12,337,1,13,6,9,13,3,7,15,7,4,0,0,2,12,15
79,7,5,13,2,0,0,3,1,0,1,12,3,0,0,2,12,337,1,12,5,9,12,4,11,14,7,5,0,0,2,11,0
-2,6,4,15,2,0,0,3,2,0,1,3,12,0,0,2,12,337,2,10,5,7,10,4,11,13,7,5,0,0,1,11,15
38,5,4,20,4,0,0,3,2,0,1,4,11,0,0,2,12,337,4,7,3,4,7,6,11,13,7,5,0,0,2,12,0
22,5,4,13,4,0,0,3,1,0,1,2,13,0,0,2,12,337,4,7,3,4,7,5,10,12,6,5,0,0,2,11,0
17,5,4,11,4,0,0,3,1,0,0,12,3,0,0,2,12,337,3,7,4,5,7,8,9,11,6,4,0,0,2,10,45
-303,3,3,52,5,0,0,2,1,0,1,0,15,0,0,2,12,337,3,5,2,3,5,7,9,13,7,5,0,0,1,17,0
10,3,3,7,5,0,0,2,1,0,1,7,8,0,0,2,12,337,4,4,1,4,4,7,8,13,6,4,0,0,2,10,15
4,3,3,15,5,0,0,1,1,0,1,6,9,0,0,2,12,337,4,4,1,4,4,6,7,12,5,3,0,0,1,11,15
-134,2,2,26,4,0,0,1,1,0,1,2,13,0,0,2,12,337,2,4,1,4,4,5,6,11,6,3,0,0,2,12,45
17,2,2,4,3,0,0,1,1,0,1,2,13,0,0,2,12,337,2,4,1,4,4,4,5,10,5,3,0,0,1,9,45
46,2,2,6,2,0,0,1,1,0,1,0,15,0,0,2,12,337,2,4,1,4,4,3,4,9,4,3,0,0,2,10,0
4,2,2,11,2,0,0,1,1,0,1,12,3,0,0,2,12,337,3,3,1,3,3,2,3,8,3,3,0,0,2,10,45
-33,2,2,9,2,0,0,1,0,0,1,12,3,0,0,2,12,337,2,3,1,3,3,2,3,8,3,3,0,0,2,10,30
-24,1,1,9,3,0,0,1,0,0,0,8,7,0,0,2,12,337,1,2,2,2,2,1,3,7,4,3,0,0,2,10,30
-11,0,0,1,3,0,0,1,0,0,1,0,15,0,0,2,12,337,0,0,0,0,0,4,6,6,6,4,0,0,1,9,15
-22,0,0,1,3,0,0,1,0,0,0,0,35,0,0,2,12,337,0,0,0,0,0,4,5,5,5,4,0,0,1,9,15
36,0,0,4,3,0,0,0,0,0,0,0,39,0,0,2,12,337,0,0,0,0,0,4,4,4,4,3,0,0,1,9,45
-36,0,0,7,2,0,0,0,0,0,0,0,40,0,0,2,12,337,0,0,0,0,0,3,3,3,3,2,0,0,2,10,15
7,0,0,3,1,0,0,0,0,0,0,0,47,0,0,2,12,337,0,0,0,0,0,2,2,2,2,2,0,0,2,9,30
17,0,0,0,0,0,0,0,0,0,0,0,67,0,1,2,12,337,0,0,0,0,0,1,1,1,1,1,0,0,2,9,0
6,36,5,52,2,0,1,3,1,0,2,0,15,0,0,6,11,334,3,47,3,6,10,2,7,12,7,3,2,1,1,17,0
9,34,4,52,3,0,1,2,1,0,4,7,8,0,0,6,11,334,4,44,2,5,11,5,7,14,8,2,2,0,1,17,0
-10,33,4,55,3,0,1,1,1,0,4,13,2,1,0,6,11,334,3,44,3,6,12,5,6,14,8,3,2,0,1,17,30
113,32,4,38,3,0,1,1,0,0,4,0,15,0,0,6,11,334,1,44,4,6,12,4,7,14,9,2,2,0,2,14,45
-100,32,4,55,4,0,0,1,0,0,4,11,4,1,0,6,11,334,2,43,4,5,11,4,7,14,8,1,2,0,1,17,30
41,32,4,51,4,0,0,1,0,0,3,10,5,0,0,6,11,334,2,43,4,5,11,3,6,13,7,1,2,0,2,16,45
-44,32,4,54,5,0,0,0,0,0,3,4,11,0,0,6,11,334,3,42,3,4,11,2,5,13,6,1,2,0,2,17,15
3,30,2,48,6,1,0,0,0,0,2,14,1,0,0,6,11,334,3,40,2,4,11,3,7,13,7,2,2,1,2,16,15
26,28,0,49,6,1,0,0,0,0,3,7,8,0,0,6,11,334,2,38,1,6,11,5,9,12,9,5,2,1,1,16,30
20,28,0,45,6,1,0,0,0,0,2,2,13,0,0,6,11,334,2,38,2,6,11,4,8,11,8,5,2,1,2,15,45
12,28,1,46,5,1,0,0,0,0,2,12,3,0,0,6,11,334,2,38,2,6,11,4,8,10,7,4,2,1,1,16,0
2,28,2,44,5,1,0,0,0,0,2,2,13,0,0,6,11,334,3,37,4,7,10,5,8,10,6,4,2,1,1,15,30
55,28,2,40,4,1,0,0,0,0,2,11,4,0,0,6,11,334,2,37,5,7,13,5,7,10,6,3,2,1,2,15,0
10,28,3,38,5,0,0,0,0,0,2,1,14,0,0,6,11,334,2,36,4,7,12,4,7,11,6,4,1,1,2,14,45
0,28,5,40,6,0,1,0,0,0,1,39,6,0,0,6,11,334,4,34,2,5,10,4,6,10,5,3,1,0,2,15,0
-2,28,5,36,7,0,1,0,0,0,0,34,11,0,0,6,11,334,5,33,2,5,11,4,5,10,4,2,1,0,2,14,30
7,28,6,42,6,0,2,0,0,0,0,28,17,0,0,6,11,334,4,32,2,5,13,3,4,10,5,3,1,0,1,15,15
-10,27,6,36,5,0,2,0,0,0,0,13,32,0,0,6,11,334,3,32,3,5,15,3,3,10,5,4,1,0,2,14,30
-1,27,6,42,5,0,2,0,0,0,0,6,39,0,0,6,11,334,4,31,3,4,15,2,3,10,4,3,1,0,1,15,15
-13,25,5,35,5,0,2,1,0,0,0,3,12,0,0,6,11,334,4,29,2,5,14,1,5,9,5,2,1,0,2,14,15
5,21,4,34,7,0,1,1,0,0,0,9,6,0,0,6,11,334,1,27,4,11,18,4,8,21,9,3,1,1,1,13,30
-116,21,4,46,7,0,1,1,0,0,1,0,15,0,0,6,11,334,3,25,5,9,17,4,7,21,8,3,1,1,1,16,0
29,20,3,33,6,0,1,2,0,0,1,9,6,0,0,6,11,334,2,24,6,8,16,4,6,20,9,4,1,1,1,13,15
30,20,5,27,6,0,0,2,0,0,1,7,8,0,0,6,11,334,2,24,6,8,17,3,5,19,8,3,1,1,2,12,30
13,18,3,22,8,0,0,2,0,0,0,6,9,0,0,6,11,334,2,22,6,9,19,4,7,20,9,3,0,1,2,12,0
-2,18,4,27,9,0,0,2,0,0,0,14,1,0,0,6,11,334,4,20,4,8,18,3,9,19,8,2,0,0,2,12,30
25,17,6,29,11,0,0,2,0,0,0,14,1,0,0,6,11,334,3,17,3,7,16,2,11,19,11,4,0,0,2,12,45
23,17,6,31,11,0,0,2,0,0,0,11,4,0,0,6,11,334,4,16,2,6,15,2,12,18,10,4,0,0,1,13,0
-16,15,8,25,12,0,0,2,0,0,0,12,3,0,0,6,11,334,2,14,4,9,14,9,15,19,13,6,0,0,2,12,15
90,15,8,18,12,0,0,2,0,0,0,8,7,0,0,6,11,334,3,13,4,10,13,12,15,19,12,6,0,0,1,11,15
-17,15,8,31,11,0,0,2,0,0,0,7,8,0,0,6,11,334,3,13,4,10,13,11,14,18,11,6,0,0,1,13,0
-14,14,7,22,10,0,0,2,0,0,0,6,9,0,0,6,11,334,2,13,4,10,13,10,13,17,11,5,0,0,2,12,0
11,14,7,25,9,0,0,2,0,0,0,3,12,0,0,6,11,334,2,13,4,11,13,9,12,16,10,4,0,0,2,12,15
8,14,8,18,10,0,0,1,0,0,0,0,15,0,0,6,11,334,3,12,4,10,12,9,11,16,9,3,0,0,1,11,15
-281,14,8,49,9,0,0,1,0,0,0,14,1,0,0,6,11,334,3,12,4,10,12,8,10,15,8,2,0,0,1,16,30
-21,14,9,22,8,0,0,1,0,0,0,10,5,0,0,6,11,334,3,12,4,11,12,7,9,16,7,2,0,0,2,12,0
-9,12,7,21,7,0,0,1,0,0,0,8,7,0,0,6,11,334,1,12,5,11,12,6,8,15,8,2,0,0,3,11,45
42,11,8,20,8,0,0,1,0,0,0,12,3,0,0,6,11,334,1,10,5,9,10,6,8,15,9,3,0,0,1,11,30
6,11,8,16,7,0,0,1,0,0,0,11,4,0,0,6,11,334,1,10,6,9,10,5,7,14,8,3,0,0,2,11,0
54,11,8,16,6,0,0,1,0,0,0,10,5,0,0,6,11,334,1,10,6,9,10,4,6,13,7,3,0,0,2,11,0
26,11,8,29,6,0,0,1,0,0,0,9,6,0,0,6,11,334,2,9,6,8,9,3,5,12,6,2,0,0,2,12,45
55,11,8,9,5,0,0,1,0,0,0,1,14,0,0,6,11,334,2,9,7,9,9,3,5,11,5,2,0,0,1,10,0
14,9,7,12,5,0,0,2,0,0,0,4,11,0,0,6,11,334,2,7,6,7,7,3,5,12,6,3,0,0,2,10,30
38,7,7,14,6,0,1,3,0,0,0,8,7,0,0,6,11,334,4,3,2,3,3,2,5,13,7,5,0,0,2,10,45
-2,4,4,14,6,0,1,3,1,0,0,4,11,0,0,6,11,334,3,1,1,1,1,3,8,12,9,7,0,0,2,10,45
34,3,3,7,6,0,2,2,1,0,0,3,12,0,0,6,11,334,3,0,0,0,0,3,7,12,9,6,0,0,2,9,45
25,2,2,12,5,0,2,2,1,0,0,14,1,0,0,6,11,334,2,0,0,0,0,3,7,11,9,6,0,0,2,10,30
17,0,0,7,4,0,2,2,1,0,0,8,7,0,0,6,11,334,0,0,0,0,0,5,9,10,10,6,0,0,2,9,45
11,0,0,11,3,0,2,2,1,0,0,3,12,0,0,6,11,334,0,0,0,0,0,4,8,9,9,6,0,0,2,10,15
12,0,0,5,2,0,2,2,1,0,0,0,3,0,0,6,11,334,0,0,0,0,0,4,7,8,8,6,0,0,2,9,30
25,0,0,9,1,0,2,2,1,0,0,0,5,0,0,6,11,334,0,0,0,0,0,3,6,7,7,6,0,0,1,10,0
3,0,0,2,1,0,1,2,1,0,0,0,8,0,0,6,11,334,0,0,0,0,0,3,5,6,6,5,0,0,2,9,15
16,0,0,2,1,0,1,2,0,0,0,0,30,0,0,6,11,334,0,0,0,0,0,4,5,5,5,4,0,0,2,9,15
38,0,0,2,1,0,1,1,0,0,0,0,36,0,0,6,11,334,0,0,0,0,0,3,4,4,4,3,0,0,2,9,15
44,0,0,5,0,0,1,1,0,0,0,0,47,0,0,6,11,334,0,0,0,0,0,3,3,3,3,2,0,0,2,9,30
13,0,0,0,0,0,0,1,0,0,0,0,51,0,1,6,11,334,0,0,0,0,0,2,2,2,2,1,0,0,3,9,0
55,0,0,0,0,0,0,0,0,0,0,0,72,0,1,6,11,334,0,0,0,0,0,1,1,1,1,1,0,0,3,9,0
59,35,3,55,3,0,1,0,1,0,1,1,14,0,0,5,11,333,0,55,5,10,20,3,5,15,7,3,8,1,2,17,15
11,35,5,60,3,0,1,0,1,0,1,6,9,1,0,5,11,333,1,54,6,10,19,2,5,15,6,3,7,1,2,18,15
8,34,7,55,5,0,1,0,1,0,1,2,13,0,0,5,11,333,2,51,6,11,18,3,6,18,7,3,7,0,2,17,15
-11,33,7,53,6,0,0,0,1,0,3,1,14,0,0,5,11,333,2,48,5,10,16,4,7,21,9,5,7,0,3,17,0
18,33,7,58,6,0,0,0,0,0,4,13,2,0,0,5,11,333,2,47,5,9,15,3,8,20,9,6,7,0,2,17,30
36,32,7,53,6,0,1,1,0,0,3,13,2,0,0,5,11,333,1,45,5,10,14,4,10,20,11,7,7,1,3,17,0
56,30,6,45,6,0,1,1,0,0,3,5,10,0,0,5,11,333,0,44,5,9,13,4,10,20,12,8,7,1,2,16,0
36,29,5,58,7,0,2,1,0,0,3,8,7,0,0,5,11,333,2,41,4,8,11,6,12,19,12,7,7,1,2,17,30
38,27,4,45,7,0,2,1,0,0,3,1,14,0,0,5,11,333,1,40,5,7,11,7,12,19,13,7,7,1,2,16,0
-15,27,4,51,7,0,2,1,0,0,2,12,3,0,0,5,11,333,1,40,5,7,11,6,13,18,12,6,7,1,2,16,45
5,26,4,47,8,0,2,1,1,0,1,0,15,0,0,5,11,333,2,38,4,6,10,8,14,18,12,5,7,1,2,16,15
-15,26,4,49,8,0,1,1,1,0,1,14,1,0,0,5,11,333,1,38,4,6,10,7,13,17,12,5,7,1,2,16,30
33,26,4,51,8,0,1,1,1,0,1,10,5,0,0,5,11,333,2,37,3,5,9,6,12,17,11,5,7,1,2,16,45
22,25,3,43,7,0,1,1,1,0,1,6,9,0,0,5,11,333,1,37,4,6,9,6,12,17,11,5,7,1,2,15,45
-89,25,4,60,8,0,1,1,1,0,1,1,14,1,0,5,11,333,2,35,2,4,9,6,11,16,11,5,6,1,2,18,15
12,24,3,43,8,0,0,1,1,0,1,8,7,0,0,5,11,333,1,35,2,4,9,8,11,15,11,4,6,0,2,15,45
-46,24,3,47,7,0,0,1,1,0,1,4,11,0,0,5,11,333,1,35,2,5,11,8,10,14,10,4,6,0,2,16,15
-3,24,3,49,7,0,0,2,1,0,0,2,13,0,0,5,11,333,2,34,2,4,10,7,9,13,9,4,6,0,2,16,30
39,24,4,37,6,0,0,2,1,0,0,10,5,0,0,5,11,333,2,34,2,4,10,6,8,12,8,3,6,0,2,15,0
-36,23,4,55,6,0,0,2,1,0,0,4,11,0,0,5,11,333,2,33,2,4,10,6,8,12,8,4,6,0,2,17,15
32,23,4,39,5,0,0,2,1,0,0,0,15,0,0,5,11,333,2,33,2,4,10,5,7,11,7,4,6,0,2,15,15
18,23,4,41,4,0,0,2,1,0,0,13,2,0,0,5,11,333,2,33,2,4,11,4,6,10,6,4,6,0,2,15,30
-9,23,4,41,4,0,0,2,0,0,0,10,5,0,0,5,11,333,2,33,2,4,11,4,5,9,5,3,6,0,2,15,30
22,22,3,37,3,0,0,2,0,0,0,5,10,0,0,5,11,333,0,33,3,4,12,3,4,8,6,2,6,0,2,15,0
52,22,4,39,5,0,0,1,0,0,0,6,9,0,0,5,11,333,2,31,2,3,12,3,6,8,5,1,6,2,2,15,15
20,21,4,34,4,0,0,1,0,0,0,12,3,0,0,5,11,333,1,31,2,5,13,2,5,8,5,1,6,2,2,14,30
25,20,6,35,4,0,0,2,0,0,0,22,8,0,0,5,11,333,2,29,1,6,15,4,5,8,5,0,6,3,2,14,45
4,18,4,33,3,0,1,2,0,0,0,1,29,0,0,5,11,333,1,28,4,7,15,3,4,15,6,1,5,3,1,14,15
-10,18,4,35,3,0,1,1,0,0,0,10,5,0,0,5,11,333,1,28,4,8,15,2,4,15,5,1,5,2,2,14,45
45,18,4,30,2,0,1,1,0,0,0,8,7,0,0,5,11,333,1,28,5,9,16,2,3,14,4,1,4,2,1,13,15
36,14,3,26,4,0,1,1,0,0,1,9,6,0,0,5,11,333,1,24,4,10,14,2,4,18,7,5,3,2,1,12,45
70,14,6,31,6,0,1,2,0,0,1,11,4,0,0,5,11,333,3,20,6,7,12,3,12,20,8,5,3,3,1,13,30
86,14,6,17,7,0,1,3,0,0,0,5,10,0,0,5,11,333,4,18,4,7,11,2,11,20,8,5,2,3,3,11,45
3,11,3,20,8,0,1,3,0,0,0,13,2,0,0,5,11,333,1,16,3,6,12,9,13,19,12,6,2,2,2,12,0
-1,10,3,20,9,0,1,3,0,0,0,5,10,0,0,5,11,333,2,14,3,5,11,9,14,19,12,6,2,2,2,12,0
44,10,3,23,8,0,1,3,0,0,0,4,11,0,0,5,11,333,2,14,3,5,11,8,13,18,11,6,2,2,1,12,15
50,10,4,29,8,0,1,2,0,0,0,2,13,0,0,5,11,333,2,14,3,5,12,7,12,17,10,5,2,2,1,13,0
121,10,4,15,7,0,1,2,0,0,0,1,14,0,0,5,11,333,2,14,3,5,13,6,11,16,9,5,2,2,3,11,30
9,10,4,17,6,0,1,2,0,0,0,14,1,0,0,5,11,333,2,14,3,5,13,6,11,15,8,4,2,2,3,11,45
20,9,3,20,5,0,1,2,1,0,0,13,2,0,0,5,11,333,2,13,2,4,12,5,10,14,8,4,1,2,2,12,0
-80,9,3,32,5,0,0,2,1,0,0,10,5,0,0,5,11,333,2,13,2,4,12,5,10,13,7,3,0,1,1,14,0
54,9,3,23,4,0,0,2,1,0,0,2,13,0,0,5,11,333,2,13,3,4,12,5,10,15,6,3,0,0,1,12,15
29,8,2,13,3,0,0,2,1,0,0,12,3,0,0,5,11,333,1,13,3,5,12,5,9,14,6,3,0,0,2,11,15
-25,8,2,26,4,0,0,2,1,0,0,0,15,0,0,5,11,333,3,11,2,5,10,6,9,15,5,3,0,0,1,12,45
-19,8,3,25,4,0,0,1,1,0,0,11,4,0,0,5,11,333,3,11,2,6,10,6,8,14,4,3,0,0,3,12,30
-8,8,4,13,3,0,0,1,1,0,0,3,12,0,0,5,11,333,1,11,2,6,10,5,7,13,5,5,0,0,2,11,15
29,8,5,11,3,0,1,1,0,0,0,12,3,0,0,5,11,333,2,10,2,7,9,5,6,12,4,4,0,0,2,11,0
-34,7,4,17,2,0,1,1,0,0,0,9,6,0,0,5,11,333,1,10,3,7,9,4,5,11,4,3,0,0,3,11,45
-10,6,5,26,2,0,1,1,0,0,0,1,14,0,0,5,11,333,1,9,3,8,9,4,5,10,4,2,0,0,1,12,45
27,6,5,7,2,0,0,1,0,0,0,12,3,0,0,5,11,333,1,9,4,8,9,3,4,9,3,1,0,0,2,10,30
41,6,6,15,1,0,0,1,0,0,0,3,12,0,0,5,11,333,1,9,4,8,9,2,5,9,2,1,0,0,3,11,30
18,6,6,7,2,0,0,1,0,0,0,21,9,0,0,5,11,333,2,7,4,6,7,2,5,11,2,0,0,0,2,10,30
-29,3,3,11,4,0,1,1,0,0,0,7,8,0,0,5,11,333,2,3,2,3,3,4,6,10,5,2,0,0,2,11,0
14,1,1,6,5,0,0,1,0,0,1,7,8,0,0,5,11,333,1,1,0,1,1,5,5,9,7,4,0,0,2,10,0
-27,1,1,9,4,0,0,1,0,0,1,5,10,0,0,5,11,333,1,1,0,1,1,4,4,8,6,4,0,0,2,10,45
19,0,0,3,3,0,0,1,0,0,1,3,12,0,0,5,11,333,0,1,0,1,1,3,4,7,6,5,0,0,1,9,30
59,0,0,0,2,0,0,1,0,0,1,6,9,0,1,5,11,333,0,1,1,1,1,2,6,6,5,4,0,0,1,9,0
19,0,0,5,2,0,0,0,0,0,1,4,11,0,0,5,11,333,0,1,1,1,1,1,5,5,4,3,0,0,1,9,45
18,0,0,2,2,0,0,0,0,0,1,0,27,0,0,5,11,333,0,0,0,0,0,4,4,4,4,2,0,0,2,9,15
-20,0,0,0,1,0,0,0,0,0,1,0,29,0,1,5,11,333,0,0,0,0,0,3,3,3,3,1,0,0,1,9,0
22,0,0,3,0,0,0,0,0,0,1,0,32,0,0,5,11,333,0,0,0,0,0,2,2,2,2,1,0,0,1,9,30
-64,0,0,9,0,0,0,0,0,0,0,0,34,0,0,5,11,333,0,0,0,0,0,1,1,1,1,1,0,0,2,10,45
11,40,7,53,2,0,0,1,0,0,0,14,1,1,0,4,11,332,2,51,3,8,14,1,4,8,2,0,0,0,2,17,30
20,34,5,53,8,0,0,0,0,0,1,24,6,1,0,4,11,332,2,44,1,7,9,4,7,12,8,4,0,0,2,17,30
169,34,5,35,8,0,0,0,0,0,1,19,11,0,0,4,11,332,3,43,1,6,9,3,6,11,7,4,0,0,2,14,30
9,33,5,52,7,0,0,0,0,0,1,14,16,0,0,4,11,332,2,43,2,6,9,3,5,10,7,3,0,0,2,17,15
-2,33,5,49,7,0,0,0,0,0,0,7,23,0,0,4,11,332,2,43,3,6,9,3,4,11,6,3,0,0,1,16,45
39,31,4,47,7,0,0,1,0,0,0,1,14,0,0,4,11,332,2,41,4,5,8,3,5,12,7,3,0,0,2,16,15
17,30,3,47,6,0,0,1,0,0,0,10,5,0,0,4,11,332,1,41,4,5,9,2,4,12,7,3,0,0,2,16,15
8,29,2,51,7,0,0,1,1,0,0,11,4,0,0,4,11,332,3,37,1,3,6,2,6,11,7,3,0,0,1,17,0
18,27,0,49,6,0,0,1,1,0,1,14,1,0,0,4,11,332,2,37,2,4,8,4,7,11,8,4,0,0,1,16,45
13,27,0,44,5,0,1,1,1,0,1,6,9,0,0,4,11,332,3,36,2,3,8,4,8,12,7,3,0,0,1,15,45
63,27,0,40,4,0,1,1,1,0,1,9,6,0,0,4,11,332,2,36,2,4,10,5,8,11,7,4,0,0,2,15,15
56,27,0,44,3,0,1,1,1,0,1,6,9,0,0,4,11,332,1,36,2,4,11,4,7,10,7,3,0,0,1,15,45
31,27,0,42,2,0,2,1,1,0,1,12,3,0,0,4,11,332,2,35,2,3,11,4,6,9,6,2,0,0,2,15,30
-39,27,2,42,2,0,1,2,1,0,1,14,1,0,0,4,11,332,3,34,1,3,13,4,5,9,5,2,0,0,2,15,30
35,27,2,36,2,0,1,2,1,0,0,10,5,0,0,4,11,332,2,34,2,3,13,4,5,8,5,2,0,0,2,14,45
32,27,3,38,3,0,1,1,1,0,0,44,1,0,0,4,11,332,3,33,1,4,13,3,4,10,4,1,0,0,2,15,0
-13,27,3,40,3,0,1,1,0,0,0,37,8,0,0,4,11,332,3,33,2,5,14,2,4,9,3,1,0,0,2,15,15
-93,27,4,46,3,0,0,1,0,0,0,29,16,0,0,4,11,332,2,33,2,6,15,1,4,10,3,1,0,0,2,16,0
48,25,6,38,4,0,0,1,0,0,0,12,3,0,0,4,11,332,2,31,4,10,18,3,4,13,4,1,0,0,2,15,0
15,24,7,30,5,0,0,1,0,0,0,10,5,0,0,4,11,332,1,29,6,10,18,2,6,12,6,4,0,0,1,13,0
-43,24,7,36,5,0,0,0,0,0,1,6,9,0,0,4,11,332,2,28,5,9,17,2,5,12,5,3,0,0,2,14,45
9,20,5,28,9,0,0,1,0,0,0,10,5,0,0,4,11,332,2,23,4,8,14,4,8,16,9,4,0,0,2,12,45
-5,19,7,33,9,0,1,1,1,0,0,3,12,0,0,4,11,332,3,20,4,8,14,7,9,20,10,6,0,0,1,13,30
31,19,7,24,8,0,1,1,1,0,0,2,13,0,0,4,11,332,3,20,4,8,14,6,8,19,9,5,0,0,1,12,15
27,18,6,27,7,0,1,1,1,0,0,0,15,0,0,4,11,332,2,20,4,9,14,5,7,19,9,6,0,0,2,12,30
-32,17,7,30,7,0,1,2,1,0,0,2,13,0,0,4,11,332,2,18,4,7,14,5,8,19,10,6,0,0,1,13,0
51,17,7,24,6,0,1,2,1,0,0,1,14,0,0,4,11,332,2,18,4,7,14,4,7,18,9,5,0,0,1,12,15
25,16,8,32,6,0,1,2,2,0,0,7,8,0,0,4,11,332,2,16,4,7,14,4,9,18,10,5,0,0,1,13,15
-49,16,8,34,5,0,1,2,2,0,0,6,9,0,0,4,11,332,2,16,4,7,14,3,8,17,9,5,0,0,1,14,15
112,14,7,20,6,0,1,2,2,0,0,3,12,0,0,4,11,332,2,14,3,7,14,4,10,17,10,4,0,0,2,11,45
120,13,7,4,6,0,1,2,2,0,0,14,1,0,0,4,11,332,2,13,2,6,13,3,9,17,10,4,0,0,2,9,30
-2,10,6,22,6,0,1,2,2,0,1,7,8,0,0,4,11,332,1,11,2,7,11,8,13,18,12,5,0,0,3,12,0
27,10,6,20,6,0,0,2,2,0,1,5,10,0,0,4,11,332,1,11,3,7,11,7,12,17,11,5,0,0,2,11,45
22,9,5,13,6,0,0,2,2,0,0,11,4,0,0,4,11,332,0,11,4,8,11,6,12,16,11,6,0,0,2,10,45
22,9,5,17,7,0,0,2,1,0,0,9,6,0,0,4,11,332,1,10,3,8,10,5,11,15,10,6,0,0,1,11,15
-10,9,6,24,7,0,0,1,1,0,0,8,7,0,0,4,11,332,1,10,3,8,10,5,10,14,9,6,0,0,1,12,15
25,8,6,19,8,0,0,1,0,0,0,4,11,0,0,4,11,332,1,9,3,8,9,6,9,13,9,6,0,0,2,11,30
92,7,5,15,8,0,0,0,0,0,0,8,7,0,0,4,11,332,0,9,5,8,9,6,9,14,9,6,0,0,2,11,0
43,7,5,11,7,0,0,0,0,0,0,7,8,0,0,4,11,332,0,9,5,8,9,5,8,13,8,5,0,0,2,10,30
16,6,6,22,8,0,0,0,0,0,0,8,7,0,0,4,11,332,1,7,5,7,7,6,9,13,8,5,0,0,3,12,0
37,6,6,10,7,0,0,1,0,0,0,6,9,0,0,4,11,332,2,6,4,6,6,5,8,12,7,4,0,0,2,10,15
-5,6,6,28,6,0,0,1,0,0,0,5,10,0,0,4,11,332,2,6,5,6,6,4,7,11,6,3,0,0,2,12,45
27,5,5,17,5,0,0,1,0,0,0,2,13,0,0,4,11,332,1,6,5,6,6,3,6,10,6,3,0,0,1,11,15
2,4,4,11,6,0,0,1,0,0,0,7,8,0,0,4,11,332,2,4,3,4,4,3,6,9,6,4,0,0,2,10,30
26,4,4,15,6,0,0,1,0,0,0,13,2,0,0,4,11,332,3,3,3,3,3,3,5,10,5,4,0,0,2,11,0
13,2,2,13,6,0,0,1,1,0,0,0,15,0,0,4,11,332,3,1,1,1,1,3,4,10,6,5,0,0,2,10,45
53,0,0,6,6,0,0,1,1,0,0,0,15,0,0,4,11,332,2,0,0,0,0,3,5,9,7,6,0,0,2,9,45
23,0,0,4,5,0,0,1,1,0,0,12,3,0,0,4,11,332,2,0,0,0,0,2,4,8,6,6,0,0,2,9,30
-37,0,0,8,4,0,0,1,1,0,0,14,1,0,0,4,11,332,1,0,0,0,0,1,4,7,6,5,0,0,1,10,0
32,0,0,6,3,0,0,1,1,0,0,0,17,0,0,4,11,332,0,0,0,0,0,3,6,6,6,5,0,0,2,9,45
-63,0,0,8,2,0,0,1,1,0,0,0,18,0,0,4,11,332,0,0,0,0,0,2,5,5,5,4,0,0,1,10,0
21,0,0,2,1,0,0,1,1,0,0,0,35,0,0,4,11,332,0,0,0,0,0,4,4,4,4,4,0,0,2,9,15
34,0,0,0,1,0,0,1,0,0,0,0,60,0,1,4,11,332,0,0,0,0,0,3,3,3,3,3,0,0,2,9,0
37,0,0,2,0,0,0,1,0,0,0,0,62,0,0,4,11,332,0,0,0,0,0,2,2,2,2,2,0,0,2,9,15
74,0,0,0,0,0,0,0,0,0,0,0,65,0,1,4,11,332,0,0,0,0,0,1,1,1,1,1,0,0,2,9,0
28,44,8,54,5,0,1,4,0,0,0,10,5,0,0,3,11,331,4,49,3,8,17,1,5,14,7,3,7,1,2,17,0
47,40,9,52,5,0,4,5,0,0,0,2,13,0,0,3,11,331,4,44,3,9,14,5,11,15,11,3,7,1,1,16,45
-26,39,8,55,5,0,4,5,0,0,0,9,6,0,0,3,11,331,4,43,4,9,13,7,11,17,11,4,7,1,2,17,15
-55,37,7,59,6,0,3,5,0,0,0,0,15,1,0,3,11,331,3,42,6,8,13,6,10,18,12,5,6,1,2,18,0
5,37,7,51,6,0,2,5,0,0,0,0,15,0,0,3,11,331,3,42,6,9,13,5,10,17,11,5,6,0,2,16,30
13,36,7,49,6,0,2,5,0,0,0,9,6,0,0,3,11,331,3,41,5,9,12,6,9,16,11,6,6,0,1,16,15
9,35,6,57,5,0,2,6,0,0,0,0,15,0,0,3,11,331,3,40,5,8,11,6,8,16,11,7,6,0,1,17,30
39,35,6,49,4,0,2,6,0,0,0,14,1,0,0,3,11,331,3,40,5,8,11,5,7,16,10,7,6,0,1,16,15
5,35,7,47,5,0,1,6,0,0,0,12,3,0,0,3,11,331,4,39,4,8,10,5,6,15,9,7,6,0,2,16,0
24,33,5,52,5,0,1,7,0,0,1,13,2,0,0,3,11,331,4,36,3,6,9,5,7,15,11,7,6,1,1,16,45
50,33,6,57,5,0,1,6,0,0,1,12,3,0,0,3,11,331,4,36,4,6,9,4,6,14,10,6,6,1,1,17,30
79,31,5,47,6,0,1,5,0,0,1,3,12,0,0,3,11,331,3,35,3,5,10,3,5,13,11,7,6,1,2,16,0
20,31,5,45,6,0,0,5,0,0,1,14,1,0,0,3,11,331,3,35,3,5,10,2,4,12,10,6,6,1,2,15,45
25,30,5,41,5,0,0,6,0,0,1,0,15,0,0,3,11,331,3,34,4,5,11,3,8,13,10,7,6,2,2,15,30
24,28,5,37,8,0,0,6,0,0,0,2,13,0,0,3,11,331,3,31,2,4,10,7,10,14,12,7,5,3,2,15,0
75,28,5,41,9,0,0,5,0,0,0,1,14,0,0,3,11,331,4,30,1,3,9,6,9,13,11,7,5,2,2,15,30
23,26,5,35,8,0,0,5,0,0,0,58,17,0,0,3,11,331,2,30,1,6,11,7,8,15,12,8,5,2,2,14,45
26,26,5,39,7,0,0,5,0,0,0,57,18,0,0,3,11,331,2,30,1,6,11,6,7,14,11,7,5,2,4,15,15
21,26,6,41,6,0,0,5,0,0,0,57,18,0,0,3,11,331,2,30,1,6,11,5,6,13,10,7,4,2,2,15,30
32,25,5,45,7,0,0,4,0,0,0,51,24,0,0,3,11,331,2,29,2,5,11,5,7,13,10,6,4,1,2,15,45
8,25,5,39,7,0,0,3,0,0,0,48,27,0,0,3,11,331,2,29,2,6,11,4,6,14,9,5,4,1,4,15,15
10,24,6,35,7,0,0,2,0,0,0,35,40,0,0,3,11,331,1,29,4,6,12,3,6,13,9,5,3,1,2,14,45
-2,23,5,37,6,0,0,2,0,0,0,30,45,0,0,3,11,331,0,29,4,6,14,2,5,12,9,5,3,0,2,15,0
-100,23,6,55,7,0,0,1,0,0,0,22,53,0,0,3,11,331,1,28,4,6,13,3,5,13,8,5,3,0,2,17,15
4,20,6,41,8,0,0,2,1,0,0,11,4,0,0,3,11,331,2,24,2,5,10,3,7,15,10,6,3,1,2,15,30
13,20,6,34,7,0,0,2,1,0,0,11,4,0,0,3,11,331,2,24,2,5,10,2,7,14,9,6,3,1,2,14,30
131,18,5,18,6,0,0,2,2,0,0,9,6,0,0,3,11,331,1,23,2,6,14,4,8,14,10,7,3,1,1,11,15
66,17,6,33,6,0,0,2,2,0,0,9,6,0,0,3,11,331,1,22,4,7,14,5,9,15,10,6,3,1,1,13,15
45,17,7,25,5,0,1,2,2,0,0,13,2,0,0,3,11,331,2,21,3,7,14,6,9,15,9,5,3,1,2,12,15
82,17,7,29,4,0,1,2,2,0,0,10,5,0,0,3,11,331,2,21,4,7,14,5,9,14,8,5,3,1,2,12,45
26,15,6,27,5,0,1,3,1,0,0,0,15,0,0,3,11,331,2,19,4,5,13,4,9,15,9,7,2,2,2,12,30
50,14,5,31,5,0,1,2,1,0,0,11,4,0,0,3,11,331,1,19,4,5,13,4,8,15,9,7,2,1,1,13,0
84,14,5,23,5,0,1,2,1,0,0,6,9,0,0,3,11,331,2,18,4,4,12,4,8,15,8,6,2,1,2,12,0
117,14,5,27,4,0,1,2,1,0,0,4,11,0,0,3,11,331,2,18,4,4,12,3,7,14,7,5,2,1,2,12,30
26,11,3,25,6,0,1,3,0,0,0,12,3,0,0,3,11,331,2,15,1,7,12,5,7,16,9,5,2,2,2,12,15
64,11,4,29,5,0,1,3,0,0,0,10,5,0,0,3,11,331,2,15,1,7,12,4,7,15,8,5,2,2,2,12,45
39,11,5,21,4,0,1,3,0,0,1,2,13,0,0,3,11,331,3,14,3,7,12,4,6,15,7,4,2,2,2,11,45
137,10,4,8,4,0,0,3,0,0,1,11,4,0,0,3,11,331,2,14,4,7,13,3,6,15,7,3,2,2,2,10,0
15,9,3,20,3,0,0,3,0,0,1,8,7,0,0,3,11,331,1,14,5,7,14,2,6,14,7,2,1,2,2,11,30
54,9,5,12,3,0,0,3,0,0,0,8,7,0,0,3,11,331,1,14,6,8,14,3,8,13,6,1,1,1,2,10,30
12,9,5,31,6,0,1,2,1,0,0,2,13,0,0,3,11,331,4,9,3,5,9,5,9,15,7,2,0,1,1,13,0
13,8,5,23,6,0,1,2,1,0,0,11,4,0,0,3,11,331,4,8,2,5,8,5,9,15,7,3,0,0,2,12,0
77,6,3,13,6,0,1,2,1,0,0,0,15,0,0,3,11,331,3,7,1,6,7,5,10,17,8,4,0,0,3,10,45
90,6,3,2,6,0,0,2,1,0,0,9,6,0,0,3,11,331,2,7,2,6,7,4,9,16,8,5,0,0,2,9,15
14,6,5,18,6,0,0,2,1,0,0,4,11,0,0,3,11,331,3,6,2,6,6,4,8,15,7,4,0,0,1,11,15
-7,4,3,15,5,0,0,2,1,0,0,13,2,0,0,3,11,331,1,6,3,6,6,5,7,14,8,5,0,0,2,11,0
-34,4,3,15,5,0,0,1,1,0,0,10,5,0,0,3,11,331,1,6,3,6,6,4,6,13,7,5,0,0,2,11,0
50,4,4,15,5,0,0,1,1,0,0,5,10,0,0,3,11,331,2,4,5,5,5,5,8,13,6,4,0,0,2,11,0
26,4,4,10,6,0,0,1,0,0,0,2,13,0,0,3,11,331,3,4,4,4,4,4,7,12,5,4,0,0,1,10,15
-40,3,3,21,6,0,0,0,0,0,1,13,2,0,0,3,11,331,3,3,3,3,3,3,7,11,5,3,0,0,2,11,45
37,3,3,8,5,0,0,0,0,0,1,7,8,0,0,3,11,331,2,3,3,3,3,2,6,10,5,3,0,0,2,10,0
29,3,3,6,4,0,1,0,1,0,1,1,14,0,0,3,11,331,3,1,1,1,1,4,8,9,5,3,0,0,2,9,45
6,0,0,2,4,0,1,0,1,0,1,5,10,0,0,3,11,331,0,0,0,0,0,5,7,8,8,6,0,0,2,9,15
21,0,0,0,4,0,0,0,1,0,1,4,11,0,1,3,11,331,0,0,0,0,0,5,6,7,7,5,0,0,2,9,0
13,0,0,4,3,0,0,0,1,0,1,1,14,0,0,3,11,331,0,0,0,0,0,5,5,6,6,4,0,0,2,9,30
-2,0,0,4,3,0,0,0,0,0,1,0,15,0,0,3,11,331,0,0,0,0,0,4,5,5,5,4,0,0,2,9,30
32,0,0,6,2,0,0,0,0,0,1,0,24,0,0,3,11,331,0,0,0,0,0,3,4,4,4,3,0,0,2,9,45
-73,0,0,13,2,0,0,0,0,0,0,0,26,0,0,3,11,331,0,0,0,0,0,2,3,3,3,2,0,0,3,10,45
-37,0,0,10,1,0,0,0,0,0,0,0,29,0,0,3,11,331,0,0,0,0,0,1,2,2,2,1,0,0,1,10,15
8,0,0,0,0,0,0,0,0,0,0,0,68,0,1,3,11,331,0,0,0,0,0,1,1,1,1,0,0,0,2,9,0
32,39,3,53,0,0,0,1,0,0,0,15,0,1,0,2,11,330,0,52,3,7,11,1,1,3,2,2,4,1,2,17,30
11,34,4,51,5,0,0,2,0,0,0,6,24,0,0,2,11,330,2,45,3,6,11,1,5,10,6,2,4,1,1,17,15
36,30,1,51,8,0,1,1,0,0,0,5,10,0,0,2,11,330,1,41,3,6,13,4,7,14,10,4,4,2,1,17,15
24,30,2,49,9,0,1,0,1,0,0,12,3,0,0,2,11,330,3,39,2,5,12,3,7,14,9,3,4,2,2,17,0
-39,30,3,49,8,0,1,0,1,0,0,9,6,0,0,2,11,330,3,39,2,5,12,3,7,14,8,3,3,2,2,17,0
42,30,3,48,7,0,1,0,1,0,0,6,9,0,0,2,11,330,3,39,2,5,13,2,6,14,7,3,3,1,2,16,30
10,29,3,44,8,0,0,0,1,0,1,9,6,0,0,2,11,330,2,37,3,7,12,5,8,17,9,4,2,1,2,16,0
58,29,3,38,8,0,0,0,1,0,1,13,2,0,0,2,11,330,2,36,4,6,12,5,9,16,9,5,2,0,2,15,15
24,29,4,46,8,0,0,0,1,0,1,6,9,0,0,2,11,330,2,35,3,6,12,5,8,17,9,5,2,0,1,16,15
24,29,4,46,7,0,0,0,1,0,1,2,13,0,0,2,11,330,2,35,4,8,12,5,7,16,8,4,2,0,1,16,15
14,27,3,36,7,0,0,0,1,0,1,9,6,0,0,2,11,330,1,34,4,7,11,4,8,15,9,5,2,0,2,15,0
7,27,4,42,6,0,1,0,1,0,1,4,11,0,0,2,11,330,2,33,3,7,12,5,9,14,8,4,2,1,2,15,45
-23,26,3,40,7,0,1,0,1,0,0,26,4,0,0,2,11,330,1,32,2,6,11,4,9,13,9,4,2,2,2,15,30
-91,26,4,44,7,0,0,0,1,0,0,21,9,0,0,2,11,330,1,32,3,6,11,3,9,12,8,3,2,2,2,16,0
-17,26,5,42,8,0,1,0,0,0,0,6,24,0,0,2,11,330,1,30,4,5,10,6,9,12,9,2,2,2,2,15,45
37,26,5,38,7,0,1,0,0,0,0,5,25,0,0,2,11,330,1,30,4,5,10,5,8,11,8,2,2,2,2,15,15
145,25,6,23,7,0,2,1,0,0,0,14,16,0,0,2,11,330,3,27,2,4,9,6,9,11,8,3,2,2,1,12,15
-20,24,6,33,6,0,2,1,0,0,0,9,21,0,0,2,11,330,2,27,2,4,10,6,8,10,8,3,2,2,2,14,30
26,23,5,30,7,0,1,1,0,0,0,7,23,0,0,2,11,330,2,26,1,3,10,5,7,9,8,4,1,2,1,13,30
-10,23,5,40,6,0,1,1,0,0,0,6,24,0,0,2,11,330,2,26,1,3,10,4,6,8,7,3,1,1,2,15,30
27,23,5,32,5,0,1,1,0,0,0,2,28,0,0,2,11,330,2,26,2,5,10,3,5,8,6,3,0,1,1,14,0
0,23,5,34,4,0,1,1,0,0,0,11,4,0,0,2,11,330,2,26,3,5,11,4,4,8,5,3,0,0,2,14,45
-38,21,4,34,4,0,1,1,0,0,0,13,2,0,0,2,11,330,1,25,2,5,12,3,4,9,6,3,0,0,2,14,45
-5,20,5,36,3,0,1,2,0,0,0,12,3,0,0,2,11,330,1,24,3,4,14,2,4,12,6,4,0,0,2,15,0
29,20,5,26,4,0,0,2,0,0,0,11,4,0,0,2,11,330,2,23,2,4,14,1,3,11,5,3,0,0,2,12,45
10,17,5,30,6,0,0,1,1,0,0,3,12,0,0,2,11,330,2,20,1,7,15,2,5,12,7,5,0,0,1,13,30
22,16,6,27,5,0,0,1,1,0,0,0,15,0,0,2,11,330,1,20,4,10,15,2,9,12,7,5,0,0,1,13,0
1,14,9,27,4,0,1,3,2,0,0,4,11,0,0,2,11,330,2,16,5,10,11,7,9,13,9,8,0,0,1,13,0
18,13,9,25,3,0,1,3,2,0,0,14,1,0,0,2,11,330,1,16,6,10,11,7,9,13,9,8,0,0,1,12,30
30,12,8,19,4,0,1,3,1,0,0,8,7,0,0,2,11,330,1,15,6,10,11,6,8,13,9,9,0,0,1,11,30
24,12,8,29,5,0,1,3,1,0,0,0,15,0,0,2,11,330,3,13,5,8,10,5,8,14,8,8,0,0,2,13,15
24,10,6,17,7,0,1,2,1,0,0,7,8,0,0,2,11,330,3,11,3,6,8,5,7,16,9,8,0,0,1,11,15
40,10,6,21,7,0,1,1,1,0,0,7,8,0,0,2,11,330,3,11,4,6,8,4,6,15,8,7,0,0,2,12,0
-1,10,8,20,7,0,0,1,1,0,0,4,11,0,0,2,11,330,3,11,4,6,8,3,5,14,7,6,0,0,2,11,45
8,10,8,23,6,0,0,1,1,0,0,1,14,0,0,2,11,330,3,11,5,6,10,3,4,13,6,5,0,0,1,12,15
27,7,6,16,9,0,0,1,0,0,0,8,7,0,0,2,11,330,3,8,3,3,8,3,4,14,8,6,0,0,2,11,0
4,5,4,21,10,0,0,1,0,0,0,4,11,0,0,2,11,330,3,6,1,1,6,2,4,14,9,6,0,0,2,12,0
73,4,4,8,10,0,0,1,0,0,0,0,15,0,0,2,11,330,3,5,0,2,5,2,7,15,9,5,0,0,2,10,0
4,1,1,14,9,0,0,1,0,0,0,8,7,0,0,2,11,330,0,5,1,5,5,3,11,16,11,6,0,0,1,10,45
15,1,1,14,8,0,0,1,0,0,0,8,7,0,0,2,11,330,0,5,2,5,5,8,10,15,10,5,0,0,1,10,45
14,1,1,6,7,0,0,1,0,0,0,0,15,0,0,2,11,330,0,5,4,5,5,7,10,14,9,5,0,0,2,9,45
8,1,1,12,7,0,0,1,0,0,0,8,7,0,0,2,11,330,1,4,4,4,4,8,9,13,8,5,0,0,2,10,30
51,1,1,2,7,0,0,1,0,0,0,7,8,0,0,2,11,330,2,3,3,3,3,7,9,12,7,5,0,0,2,9,15
41,0,0,12,6,0,0,1,0,0,0,1,14,0,0,2,11,330,1,3,3,3,3,6,9,11,7,4,0,0,2,10,30
14,0,0,17,6,0,0,0,0,0,0,0,15,0,0,2,11,330,1,3,3,3,3,5,8,10,6,3,0,0,1,11,15
39,0,0,10,5,0,0,0,0,0,0,14,1,0,0,2,11,330,1,3,3,3,3,4,7,9,5,2,0,0,2,10,15
46,0,0,6,4,0,0,0,0,0,0,12,3,0,0,2,11,330,1,3,3,3,3,3,6,8,4,1,0,0,2,9,45
5,0,0,8,4,0,0,1,0,0,0,0,3,0,0,2,11,330,2,1,1,1,1,3,6,7,4,1,0,0,2,10,0
22,0,0,10,3,0,0,1,0,0,0,0,5,0,0,2,11,330,2,1,1,1,1,2,5,6,3,1,0,0,2,10,15
19,0,0,0,2,0,1,1,0,0,0,0,26,0,1,2,11,330,0,0,0,0,0,3,5,5,5,1,0,0,2,9,0
-37,0,0,4,2,0,1,0,0,0,0,0,38,0,0,2,11,330,0,0,0,0,0,4,4,4,4,1,0,0,2,9,30
-19,0,0,0,1,0,1,0,0,0,0,0,42,0,1,2,11,330,0,0,0,0,0,3,3,3,3,0,0,0,2,9,0
-9,0,0,2,0,0,1,0,0,0,0,0,58,0,0,2,11,330,0,0,0,0,0,2,2,2,2,0,0,0,2,9,15
-50,0,0,4,0,0,0,0,0,0,0,0,66,0,0,2,11,330,0,0,0,0,0,1,1,1,1,0,0,0,2,9,30
15,20,3,47,1,0,2,0,0,0,0,3,0,1,0,6,11,327,3,45,3,4,11,1,2,12,1,0,3,0,2,17,30
-3,17,1,47,2,0,2,2,0,0,0,7,8,1,0,6,11,327,3,41,3,7,10,4,9,12,4,3,3,0,2,17,30
-38,17,2,45,3,0,3,1,0,0,0,15,15,0,0,6,11,327,1,39,3,7,8,8,10,11,7,5,3,0,2,17,15
-9,17,2,42,3,0,2,1,0,0,0,14,16,0,0,6,11,327,1,39,3,7,8,7,9,10,6,5,3,0,1,16,45
13,17,2,45,2,0,2,1,0,0,0,13,17,0,0,6,11,327,1,39,3,7,8,6,8,9,5,4,3,0,2,17,15
-35,17,2,44,3,0,1,1,0,0,0,6,24,0,0,6,11,327,1,38,4,6,7,6,7,9,5,4,3,0,2,17,0
75,16,1,37,3,0,1,1,0,0,0,10,5,0,0,6,11,327,1,37,4,6,7,6,7,8,5,3,3,0,1,15,45
42,16,1,35,2,0,1,1,0,0,0,8,7,0,0,6,11,327,1,37,4,6,7,5,6,7,4,2,3,0,1,15,15
-11,16,1,40,2,0,0,1,0,0,0,4,11,0,0,6,11,327,1,37,5,6,7,4,5,6,3,2,3,0,2,16,30
-20,16,1,40,1,0,0,1,0,0,0,3,12,0,0,6,11,327,0,37,5,6,7,3,4,5,3,2,3,0,2,16,30
-12,16,1,39,2,0,0,2,0,0,0,6,9,0,0,6,11,327,3,34,2,3,4,2,3,4,2,1,3,0,2,16,0
25,16,1,42,2,0,0,1,0,0,0,5,10,0,0,6,11,327,3,34,2,3,5,1,2,3,1,1,3,0,1,16,45
-13,15,0,37,2,0,0,1,1,0,0,3,12,0,0,6,11,327,3,32,1,1,8,1,2,6,2,0,3,1,1,15,45
-15,15,2,33,2,0,0,2,0,0,0,37,38,0,0,6,11,327,1,31,1,6,11,1,5,6,4,1,2,2,1,15,0
42,13,3,31,2,0,0,4,0,0,0,1,74,0,0,6,11,327,2,28,4,7,12,4,5,11,5,1,2,1,2,14,45
55,13,4,27,1,0,0,4,0,0,0,14,1,0,0,6,11,327,2,28,4,7,13,3,4,10,4,1,2,1,1,13,0
-40,13,4,33,2,0,0,3,0,0,0,12,3,0,0,6,11,327,3,27,3,6,12,2,3,9,3,1,1,1,1,15,0
-60,13,4,36,3,0,0,2,0,0,0,2,13,0,0,6,11,327,4,26,3,6,12,2,2,10,2,1,1,0,2,15,30
28,12,3,29,3,0,0,2,1,0,0,9,6,0,0,6,11,327,4,24,4,5,13,1,4,12,3,2,1,0,1,13,15
-21,9,3,30,5,0,0,2,1,0,1,5,10,0,0,6,11,327,3,20,4,8,13,5,11,16,7,6,1,1,2,13,30
-41,9,3,27,5,0,0,2,1,0,0,13,2,0,0,6,11,327,3,20,5,8,15,5,10,15,6,5,1,1,1,13,0
61,9,3,17,5,0,0,2,0,0,0,13,2,0,0,6,11,327,3,20,5,8,15,4,9,14,5,4,1,1,2,11,45
14,9,3,21,4,0,1,2,0,0,0,6,9,0,0,6,11,327,2,19,4,9,15,5,8,15,6,4,1,1,2,12,15
-2,9,3,19,4,0,1,3,0,0,0,11,4,0,0,6,11,327,3,17,3,7,14,6,9,14,6,3,1,1,2,12,0
94,8,2,16,4,0,1,3,0,0,0,5,10,0,0,6,11,327,3,16,4,6,13,6,8,14,6,2,1,1,2,11,30
-13,8,3,23,5,0,1,2,0,0,0,11,4,0,0,6,11,327,3,15,3,7,12,5,9,16,6,1,1,1,2,12,30
4,8,3,23,5,0,1,1,0,0,0,8,7,0,0,6,11,327,3,15,5,7,14,4,9,15,5,0,1,1,2,12,30
-87,7,4,25,4,0,1,2,0,0,0,0,15,0,0,6,11,327,2,14,4,6,13,4,8,15,6,1,1,1,2,12,45
-179,7,4,31,4,0,0,2,0,0,0,12,3,0,0,6,11,327,2,14,4,6,13,4,7,14,5,1,0,1,2,14,45
-26,6,3,19,4,0,0,3,0,0,0,6,9,0,0,6,11,327,2,12,2,5,11,3,6,15,6,2,0,0,2,12,0
-19,6,4,21,5,0,0,3,0,0,0,20,10,0,0,6,11,327,3,10,2,6,10,5,7,16,6,2,0,0,2,12,15
-37,6,5,17,4,0,0,3,0,0,0,13,17,0,0,6,11,327,2,10,2,7,10,4,6,15,6,2,0,0,2,11,45
-39,5,5,14,4,0,0,3,0,0,0,1,29,0,0,6,11,327,1,9,3,6,9,3,6,15,7,2,0,0,1,11,15
-15,5,5,14,4,0,0,3,0,0,0,12,3,0,0,6,11,327,2,8,3,5,8,3,8,15,6,1,0,0,1,11,15
38,5,5,12,4,0,0,2,0,0,0,8,7,0,0,6,11,327,2,8,3,7,8,3,7,15,5,1,0,0,2,11,0
23,3,3,6,6,0,0,2,0,0,0,13,2,0,0,6,11,327,2,5,2,5,5,5,10,14,7,3,0,0,2,10,0
19,3,3,12,5,0,0,2,0,0,0,9,6,0,0,6,11,327,2,5,2,5,5,5,10,13,6,2,0,0,2,11,0
53,0,0,8,6,0,1,1,0,0,0,7,8,0,0,6,11,327,1,3,2,3,3,7,9,12,8,3,0,0,2,10,15
2,0,0,10,5,0,1,1,0,0,0,0,15,0,0,6,11,327,1,3,3,3,3,7,9,11,7,3,0,0,2,10,30
-115,0,0,25,5,0,1,0,0,0,0,13,2,0,0,6,11,327,1,3,3,3,3,6,8,10,6,3,0,0,2,12,45
-1,0,0,6,4,0,1,0,0,0,0,12,3,0,0,6,11,327,1,3,3,3,3,5,8,9,5,3,0,0,2,10,0
7,0,0,8,4,0,1,0,0,0,1,5,10,0,0,6,11,327,2,1,1,1,1,5,8,8,5,2,0,0,2,10,15
-22,0,0,4,4,0,0,0,0,0,1,11,4,0,0,6,11,327,1,1,1,1,1,4,7,7,5,3,0,0,2,9,45
37,0,0,2,3,0,0,0,0,0,1,8,7,0,0,6,11,327,0,1,1,1,1,3,6,6,5,4,0,0,1,9,15
-32,0,0,4,3,0,0,0,0,0,0,5,10,0,0,6,11,327,0,1,1,1,1,2,5,5,4,4,0,0,2,9,45
-82,0,0,10,2,0,1,0,0,0,0,0,4,0,0,6,11,327,1,0,0,0,0,3,4,4,3,3,0,0,2,10,30
20,0,0,3,1,0,1,0,0,0,0,0,26,0,0,6,11,327,0,0,0,0,0,3,3,3,3,2,0,0,2,9,30
-16,0,0,0,1,0,0,0,0,0,0,0,32,0,1,6,11,327,0,0,0,0,0,2,2,2,2,1,0,0,1,9,0
38,0,0,0,0,0,0,0,0,0,0,0,36,0,1,6,11,327,0,0,0,0,0,1,1,1,1,1,0,0,1,9,0
-15,23,3,44,3,0,2,2,0,0,0,13,2,0,0,4,11,325,2,40,4,5,11,4,6,12,6,2,7,1,2,16,15
39,23,3,39,2,0,2,3,0,0,0,8,7,0,0,4,11,325,2,39,3,4,10,4,5,11,6,1,6,1,2,15,45
-23,22,2,46,3,0,1,3,0,0,0,3,12,1,0,4,11,325,2,38,2,3,10,4,4,10,6,2,6,0,2,16,30
-3,21,1,42,3,0,1,3,0,0,0,23,7,0,0,4,11,325,1,37,1,3,10,3,4,10,7,4,6,0,2,16,0
32,21,1,42,2,0,2,3,0,0,0,8,22,0,0,4,11,325,2,36,1,6,10,2,6,11,6,3,6,2,2,16,0
-64,21,1,46,2,0,2,2,0,0,0,6,24,1,0,4,11,325,2,36,1,6,10,1,6,10,5,3,6,2,2,16,30
-3,20,4,39,2,0,2,3,0,0,0,9,6,0,0,4,11,325,0,34,5,7,11,6,7,12,8,3,6,3,2,15,45
23,20,5,37,2,0,2,2,0,0,0,4,11,0,0,4,11,325,0,34,5,7,13,5,6,11,7,3,5,3,3,15,30
-71,20,5,44,2,0,1,2,0,0,0,4,11,0,0,4,11,325,0,34,5,7,13,4,5,10,6,3,5,2,2,16,15
50,20,5,34,2,0,1,1,0,0,0,3,12,0,0,4,11,325,0,34,5,8,13,3,5,9,5,2,4,2,1,14,45
26,20,6,36,2,0,2,2,1,0,0,37,8,0,0,4,11,325,4,30,1,4,10,2,5,8,4,1,4,1,2,15,0
-3,20,6,33,1,0,2,2,1,0,0,27,18,0,0,4,11,325,4,30,3,4,12,2,5,8,3,0,4,1,2,14,30
-58,17,5,37,2,0,2,2,1,0,0,2,43,0,0,4,11,325,2,28,2,5,10,4,5,8,6,1,3,1,3,15,30
4,15,4,34,3,0,1,3,1,0,0,3,12,0,0,4,11,325,2,26,2,5,9,3,5,11,7,3,3,0,1,14,45
41,14,3,30,3,0,1,2,1,0,0,13,2,0,0,4,11,325,1,26,2,5,11,2,4,11,7,3,3,0,1,13,15
-128,14,5,39,3,0,0,2,1,0,0,3,12,0,0,4,11,325,1,26,3,7,12,2,3,13,6,3,3,0,2,15,45
1,13,5,31,3,0,0,3,1,0,0,11,4,0,0,4,11,325,1,24,3,6,11,2,3,13,7,3,3,0,1,13,30
49,11,3,29,3,0,0,3,1,0,0,11,4,0,0,4,11,325,0,23,5,5,12,2,5,15,8,3,3,1,1,13,0
29,8,2,27,6,0,0,3,1,0,0,14,1,0,0,4,11,325,1,19,1,5,12,3,10,17,10,3,3,2,1,12,45
-28,8,3,23,6,0,0,3,1,0,0,2,13,0,0,4,11,325,0,18,4,6,14,9,11,18,11,4,3,2,2,12,15
7,8,3,21,5,0,0,3,1,0,0,0,15,0,0,4,11,325,0,18,4,6,14,8,10,17,10,4,3,2,2,12,0
-78,8,3,32,5,0,0,3,0,0,0,12,3,0,0,4,11,325,0,18,4,6,14,8,11,17,9,4,2,2,1,14,15
64,8,3,27,5,0,1,2,0,0,0,8,7,0,0,4,11,325,1,17,3,6,14,7,10,16,8,4,2,1,1,12,45
80,8,3,21,5,0,1,1,0,0,0,5,10,0,0,4,11,325,1,17,3,7,14,6,10,16,7,4,1,1,2,12,0
69,8,4,18,4,0,1,1,0,0,0,2,13,0,0,4,11,325,1,17,4,8,15,5,10,15,6,3,1,1,1,11,30
11,8,4,23,4,0,1,2,0,0,0,12,3,0,0,4,11,325,3,15,2,6,13,4,9,14,5,3,1,1,2,12,15
21,8,4,25,4,0,1,1,0,0,0,12,3,0,0,4,11,325,3,15,2,6,13,3,8,13,4,2,1,1,2,12,30
21,6,2,20,3,0,1,1,0,0,1,5,10,0,0,4,11,325,2,14,2,7,13,3,7,12,5,3,1,1,2,11,45
6,6,2,14,3,0,0,1,0,0,1,14,1,0,0,4,11,325,2,14,2,7,13,3,7,11,4,2,1,1,1,11,0
-42,5,3,25,3,0,1,1,0,0,1,7,8,0,0,4,11,325,2,12,5,7,12,5,7,17,5,2,1,1,2,12,30
-25,5,4,14,3,0,0,1,0,0,1,14,1,0,0,4,11,325,1,12,5,8,12,5,8,16,5,2,1,1,1,11,0
-2,5,4,12,2,0,0,1,0,0,1,12,3,0,0,4,11,325,0,12,5,8,12,4,7,15,5,2,1,1,1,10,30
-31,5,5,17,3,0,0,1,0,0,0,6,9,0,0,4,11,325,1,11,5,8,11,3,7,15,4,1,1,1,2,11,15
31,5,5,18,3,0,0,1,0,0,0,3,12,0,0,4,11,325,2,10,4,7,10,3,6,14,3,0,0,1,1,11,30
51,4,4,8,4,0,0,1,0,0,1,5,10,0,0,4,11,325,2,7,2,6,7,2,5,13,5,2,0,0,2,10,0
17,4,4,8,3,0,1,1,0,0,1,6,9,0,0,4,11,325,2,6,3,5,6,4,8,13,5,3,0,0,2,10,0
-10,2,2,10,4,0,1,1,0,0,1,2,13,0,0,4,11,325,1,4,3,4,4,3,10,12,7,3,0,0,1,10,15
9,1,1,14,4,0,1,0,0,0,1,0,15,0,0,4,11,325,0,4,3,4,4,2,9,11,7,4,0,0,1,11,0
1,0,0,4,4,0,1,0,0,0,1,7,8,0,0,4,11,325,0,3,2,3,3,4,9,10,7,5,0,0,2,9,30
-34,0,0,13,5,0,2,0,0,0,0,0,2,0,0,4,11,325,0,1,1,1,1,7,9,9,8,6,0,0,3,10,45
31,0,0,2,4,0,2,0,0,0,0,0,5,0,0,4,11,325,0,1,1,1,1,6,8,8,7,5,0,0,2,9,15
-17,0,0,10,3,0,2,0,0,0,0,0,7,0,0,4,11,325,0,1,1,1,1,6,7,7,6,4,0,0,1,10,15
-17,0,0,4,2,0,2,0,0,0,0,0,8,0,0,4,11,325,0,1,1,1,1,5,6,6,5,3,0,0,2,9,30
-11,0,0,6,1,0,2,0,0,0,0,0,9,0,0,4,11,325,0,1,1,1,1,4,5,5,4,2,0,0,2,9,45
1,0,0,6,1,0,1,1,0,0,0,0,15,0,0,4,11,325,1,0,0,0,0,3,4,4,3,2,0,0,2,9,45
-14,0,0,2,1,0,0,1,0,0,0,0,20,0,0,4,11,325,1,0,0,0,0,2,3,3,2,2,0,0,2,9,15
23,0,0,0,0,0,0,1,0,0,0,0,35,0,1,4,11,325,0,0,0,0,0,2,2,2,2,2,0,0,2,9,0
-21,0,0,0,0,0,0,0,0,0,0,0,59,0,1,4,11,325,0,0,0,0,0,1,1,1,1,1,0,0,2,9,0
-4,37,4,54,8,0,1,1,0,0,0,5,10,0,0,3,11,324,1,49,4,8,15,5,9,18,10,6,5,2,2,17,15
16,37,4,58,7,0,2,1,0,0,0,1,14,1,0,3,11,324,2,48,3,7,14,4,8,17,9,5,4,2,2,18,0
29,37,4,56,6,0,2,1,0,0,0,0,15,0,0,3,11,324,2,48,3,7,14,3,7,16,8,5,4,1,2,17,30
25,36,3,56,7,0,2,0,0,0,0,14,1,0,0,3,11,324,1,47,4,8,14,4,7,20,9,5,4,1,2,17,30
-66,36,3,58,7,0,1,0,0,0,0,13,2,1,0,3,11,324,1,47,4,8,14,3,6,19,8,4,3,1,2,18,0
72,35,4,49,7,0,1,2,0,0,0,10,5,0,0,3,11,324,3,44,3,9,12,4,10,18,8,3,3,0,2,16,30
61,35,4,50,6,0,1,2,0,0,0,9,6,0,0,3,11,324,3,44,4,9,12,3,9,17,7,3,3,0,2,16,45
27,34,4,52,6,0,1,2,0,0,0,11,4,0,0,3,11,324,2,43,5,9,12,3,10,17,8,4,3,0,2,17,0
21,34,4,47,7,0,0,2,0,0,0,9,6,0,0,3,11,324,3,42,5,8,11,2,10,17,7,3,3,0,1,16,15
-37,33,4,50,9,0,0,1,0,0,0,7,8,0,0,3,11,324,2,40,5,7,11,6,11,16,9,5,3,2,2,16,45
-15,33,4,45,9,0,2,1,0,0,0,6,9,0,0,3,11,324,3,37,3,5,10,8,13,16,10,5,3,2,2,16,0
31,31,3,36,8,0,2,1,0,0,0,1,14,0,0,3,11,324,1,37,3,5,11,7,12,16,11,5,3,2,1,14,45
-6,31,3,54,7,0,2,3,0,0,0,13,2,0,0,3,11,324,3,35,1,3,10,7,11,17,10,5,3,2,2,17,15
51,31,3,45,6,0,2,3,0,0,0,12,3,0,0,3,11,324,3,35,2,3,10,6,10,16,9,4,3,2,2,16,0
51,31,3,38,5,0,2,3,0,0,0,12,3,0,0,3,11,324,3,35,2,3,10,5,9,15,8,4,3,2,2,15,0
35,30,3,35,6,0,2,2,0,0,0,5,10,0,0,3,11,324,3,34,1,3,10,5,9,14,8,5,3,2,2,14,30
-31,30,3,52,5,0,2,2,0,0,0,0,15,0,0,3,11,324,2,34,1,3,11,6,8,13,8,5,3,2,2,17,0
15,30,3,44,4,0,2,2,0,0,0,11,4,0,0,3,11,324,2,34,1,3,11,6,7,12,7,4,3,2,2,15,45
42,29,3,41,4,0,2,1,0,0,0,14,1,0,0,3,11,324,1,34,2,4,12,5,7,11,7,3,2,2,1,15,30
-5,29,3,41,5,0,1,1,0,0,0,9,6,0,0,3,11,324,2,33,1,4,11,4,6,11,6,3,1,1,1,15,30
4,29,4,39,5,0,0,1,0,0,0,3,12,0,0,3,11,324,2,33,2,4,12,4,5,10,5,3,1,0,3,15,15
-11,29,4,39,5,0,0,0,0,0,0,1,14,0,0,3,11,324,2,33,2,4,12,3,4,9,4,2,1,0,3,15,15
-30,29,4,47,4,0,0,0,0,0,0,0,15,0,0,3,11,324,2,33,2,4,12,2,3,8,3,1,1,0,1,16,15
-2,28,6,41,3,0,1,0,0,0,0,38,7,0,0,3,11,324,2,32,3,7,13,2,6,10,3,0,1,0,1,15,30
1,27,8,36,3,0,1,0,0,0,0,25,20,0,0,3,11,324,2,31,4,8,14,1,5,9,3,0,1,0,1,14,45
28,23,8,30,3,0,2,1,1,0,0,8,7,0,0,3,11,324,2,27,5,7,14,4,6,12,6,0,1,0,1,13,0
36,23,8,33,3,0,1,1,1,0,0,5,10,0,0,3,11,324,2,27,5,7,15,3,5,13,5,0,1,0,1,13,30
36,22,8,32,3,0,1,1,1,0,0,14,1,0,0,3,11,324,2,25,4,6,14,2,5,13,5,0,1,0,1,13,15
6,22,8,34,2,0,1,2,1,0,0,13,2,0,0,3,11,324,3,25,3,5,13,1,4,12,4,0,1,0,1,14,15
24,16,4,30,4,0,0,3,1,0,0,9,6,0,0,3,11,324,0,22,3,6,15,3,7,13,9,4,1,0,1,13,0
25,15,4,24,3,0,0,4,2,0,0,9,6,0,0,3,11,324,1,20,3,6,13,3,7,14,9,4,1,0,2,12,15
170,14,5,12,3,0,0,3,2,0,0,14,1,0,0,3,11,324,0,20,4,8,14,5,9,15,9,4,1,0,2,10,45
26,14,6,26,3,0,0,3,2,0,0,9,6,0,0,3,11,324,1,19,3,7,14,4,8,14,8,4,1,0,2,12,30
29,14,8,28,2,0,0,4,2,0,1,8,7,0,0,3,11,324,2,17,3,8,13,4,7,14,8,5,1,0,2,12,45
62,13,7,22,2,0,0,4,1,0,1,4,11,0,0,3,11,324,1,17,5,10,15,6,7,14,8,5,1,0,2,12,0
3,13,7,28,1,0,0,5,1,0,1,0,15,0,0,3,11,324,2,16,4,9,14,5,6,14,7,4,1,0,2,12,45
23,11,6,18,2,0,0,6,1,0,0,0,15,0,0,3,11,324,2,14,5,7,14,4,7,15,8,4,1,1,2,11,30
35,10,6,26,3,0,1,5,1,0,0,7,8,0,0,3,11,324,3,12,4,5,12,3,7,16,8,4,1,1,2,12,30
71,10,6,16,3,0,1,5,0,0,0,7,8,0,0,3,11,324,3,12,4,5,12,2,6,15,7,3,1,1,2,11,15
57,10,6,20,3,0,1,4,0,0,0,4,11,0,0,3,11,324,3,12,5,6,12,2,6,14,6,3,1,1,2,11,45
3,6,3,16,3,0,1,6,1,0,0,6,9,0,0,3,11,324,2,8,2,5,8,4,7,15,10,4,1,1,2,11,15
15,6,4,22,4,0,1,5,1,0,0,12,3,0,0,3,11,324,3,7,2,5,7,5,8,16,9,4,1,1,2,12,0
-39,5,4,20,4,0,0,5,1,0,0,4,11,0,0,3,11,324,2,7,3,6,7,5,9,15,9,5,0,1,2,11,45
2,5,5,14,3,0,0,5,1,0,0,10,5,0,0,3,11,324,2,7,3,7,7,4,8,16,8,4,0,0,2,11,0
10,4,4,18,3,0,1,4,1,0,0,5,10,0,0,3,11,324,1,6,3,6,6,3,9,15,9,5,0,0,2,11,30
-20,4,4,24,2,0,1,4,1,0,0,3,12,0,0,3,11,324,1,6,4,6,6,3,8,14,8,4,0,0,2,12,15
55,4,4,8,2,0,1,4,1,0,0,7,8,0,0,3,11,324,1,5,3,5,5,5,8,13,8,3,0,0,2,10,15
40,2,2,7,3,0,1,3,2,0,0,5,10,0,0,3,11,324,1,3,3,3,3,6,8,13,9,3,0,0,2,10,0
34,2,2,14,3,0,2,2,2,0,0,3,12,0,0,3,11,324,2,2,2,2,2,5,8,12,8,2,0,0,2,11,0
-16,2,2,10,3,0,1,2,2,0,0,11,4,0,0,3,11,324,2,2,2,2,2,4,8,11,7,2,0,0,2,10,30
38,2,2,12,3,0,1,1,2,0,0,8,7,0,0,3,11,324,2,2,2,2,2,3,7,10,6,2,0,0,2,10,45
6,0,0,3,5,0,0,1,2,0,0,9,6,0,0,3,11,324,1,0,0,0,0,4,8,9,8,4,0,0,2,9,30
41,0,0,8,5,0,0,0,2,0,0,7,8,0,0,3,11,324,1,0,0,0,0,3,7,8,7,3,0,0,2,10,15
-6,0,0,10,4,0,0,0,2,0,0,8,7,0,0,3,11,324,0,0,0,0,0,4,6,7,7,4,0,0,2,10,30
26,0,0,0,3,0,0,0,2,0,0,7,8,0,1,3,11,324,0,0,0,0,0,3,5,6,6,3,0,0,2,9,0
36,0,0,1,3,0,0,0,1,0,0,0,11,0,0,3,11,324,0,0,0,0,0,4,5,5,5,3,0,0,2,9,15
38,0,0,5,3,0,0,0,0,0,0,0,14,0,0,3,11,324,0,0,0,0,0,3,4,4,4,3,0,0,1,9,45
-3,0,0,1,2,0,0,0,0,0,0,0,29,0,0,3,11,324,0,0,0,0,0,3,3,3,3,2,0,0,2,9,15
25,0,0,3,1,0,0,0,0,0,0,0,35,0,0,3,11,324,0,0,0,0,0,2,2,2,2,1,0,0,2,9,30
-10,0,0,5,0,0,0,0,0,0,0,0,56,0,0,3,11,324,0,0,0,0,0,1,1,1,1,1,0,0,1,9,45
44,45,2,58,0,0,0,1,0,0,0,28,2,1,0,2,11,323,1,57,1,4,12,1,1,5,1,0,2,1,1,18,0
-8,43,5,55,1,0,0,2,1,0,1,2,13,0,0,2,11,323,1,52,4,8,15,3,6,12,5,1,2,0,1,17,15
6,40,5,49,2,0,2,2,1,0,1,5,10,0,0,2,11,323,2,48,4,9,15,5,8,15,7,2,2,0,2,16,30
25,40,5,55,2,0,2,1,1,0,1,5,10,0,0,2,11,323,2,48,4,9,15,4,7,14,6,2,2,0,1,17,15
-4,39,5,53,3,0,2,2,1,0,1,0,15,0,0,2,11,323,3,45,5,8,14,5,7,16,7,2,2,0,2,17,0
20,39,5,53,3,0,2,2,0,0,1,13,2,0,0,2,11,323,3,45,5,8,14,4,6,15,6,2,2,0,2,17,0
17,38,4,45,4,0,1,2,0,0,1,5,10,0,0,2,11,323,2,44,5,7,14,4,7,14,7,1,2,0,2,16,0
11,38,4,47,5,0,0,2,0,0,1,10,5,0,0,2,11,323,3,43,6,7,13,4,7,14,6,1,2,0,2,16,15
-43,38,4,57,4,0,0,2,0,0,1,9,6,0,0,2,11,323,2,43,6,7,13,3,7,14,6,2,2,0,1,17,30
-14,37,3,49,6,0,0,2,0,0,1,13,2,0,0,2,11,323,4,40,3,6,11,2,6,13,6,2,2,0,2,16,30
-9,35,3,41,6,0,0,2,0,0,1,13,2,0,0,2,11,323,2,39,3,7,11,3,9,13,8,4,2,1,2,15,30
-8,34,4,45,5,0,0,4,0,0,1,11,4,0,0,2,11,323,2,37,3,7,12,4,9,12,9,4,2,1,2,16,0
19,34,4,47,5,0,0,3,0,0,1,10,5,0,0,2,11,323,2,37,4,7,12,3,8,11,8,4,2,1,2,16,15
-6,34,5,43,6,0,0,3,0,0,0,11,4,0,0,2,11,323,2,36,4,6,11,6,8,11,8,3,2,1,2,15,45
23,34,5,39,5,0,0,3,0,0,0,10,5,0,0,2,11,323,2,36,4,6,11,5,7,10,7,2,2,1,1,15,0
41,33,5,37,7,0,0,3,0,0,0,7,8,0,0,2,11,323,3,33,3,4,14,5,7,10,8,2,2,1,1,14,30
12,33,5,43,7,0,0,2,0,0,0,6,9,0,0,2,11,323,3,33,3,4,14,4,6,9,7,2,2,1,2,15,45
7,32,5,40,6,0,0,2,0,0,0,3,12,0,0,2,11,323,2,33,3,5,14,4,5,10,7,2,2,1,2,15,15
-114,32,6,51,6,0,0,1,0,0,0,44,1,0,0,2,11,323,2,33,3,5,14,3,5,9,6,2,1,1,2,16,45
10,32,7,36,5,0,0,2,0,0,0,35,10,0,0,2,11,323,3,32,2,5,13,3,4,8,5,2,1,0,1,14,15
-108,30,6,51,5,0,0,3,0,0,0,18,27,0,0,2,11,323,3,30,2,5,13,2,3,8,6,3,1,0,2,16,45
2,29,6,41,4,0,0,3,0,0,0,9,36,0,0,2,11,323,2,30,3,5,14,2,3,8,6,2,1,0,2,15,30
50,27,7,35,3,0,0,5,0,0,0,1,14,0,0,2,11,323,2,28,3,9,15,2,5,10,7,3,1,0,1,13,30
48,24,8,34,4,0,1,5,0,0,0,2,13,0,0,2,11,323,2,25,6,8,15,4,5,16,9,4,1,0,1,13,15
17,21,8,29,7,0,1,5,0,0,0,10,5,0,0,2,11,323,3,21,4,7,15,3,6,19,11,4,1,0,3,12,45
29,20,8,24,8,0,0,5,1,0,0,6,9,0,0,2,11,323,4,19,2,5,13,2,5,18,11,3,1,0,2,12,0
-10,20,8,38,7,0,0,5,1,0,0,6,9,0,0,2,11,323,4,19,2,5,14,1,4,17,10,3,1,0,1,14,45
59,16,7,26,6,0,0,5,2,0,1,5,10,0,0,2,11,323,2,17,4,7,16,4,11,20,13,5,1,1,1,12,15
63,16,8,31,5,0,0,5,2,0,1,1,14,0,0,2,11,323,2,17,4,7,16,4,11,19,12,5,1,1,1,13,0
50,13,6,29,7,0,0,4,2,0,1,13,2,0,0,2,11,323,1,15,5,8,15,5,13,20,14,5,1,1,3,12,45
6,12,6,22,8,0,0,4,2,0,0,5,10,0,0,2,11,323,1,14,4,9,14,8,13,20,14,6,1,1,2,11,45
50,11,5,28,8,0,0,4,2,0,0,3,12,0,0,2,11,323,1,13,3,8,13,8,12,19,14,6,1,1,2,12,30
43,11,6,31,8,0,0,3,2,0,0,14,1,0,0,2,11,323,1,12,3,8,13,7,11,19,13,5,0,1,1,13,0
27,9,5,20,8,0,0,4,2,0,0,14,1,0,0,2,11,323,1,11,4,8,11,9,11,21,14,7,0,0,2,11,30
26,9,5,26,7,0,0,5,2,0,0,9,6,0,0,2,11,323,2,10,4,7,10,9,13,20,13,6,0,0,1,12,15
37,9,5,24,7,0,0,4,2,0,0,9,6,0,0,2,11,323,2,10,4,7,10,8,12,19,12,5,0,0,2,12,0
6,9,7,31,7,0,0,3,2,0,0,7,8,0,0,2,11,323,2,10,4,7,10,7,11,18,11,5,0,0,1,13,0
20,9,7,22,6,0,0,3,2,0,0,6,9,0,0,2,11,323,2,10,5,9,10,6,10,17,10,5,0,0,2,11,45
69,9,7,18,5,0,0,3,2,0,0,4,11,0,0,2,11,323,2,10,5,9,10,5,9,16,9,5,0,0,2,11,15
-1,8,6,14,6,0,0,2,2,0,0,12,3,0,0,2,11,323,1,9,5,9,9,4,8,15,10,5,0,0,2,10,45
45,8,6,20,5,0,0,2,2,0,0,10,5,0,0,2,11,323,1,9,6,9,9,3,8,14,9,5,0,0,2,11,30
42,8,6,16,6,0,0,2,1,0,0,3,12,0,0,2,11,323,2,8,5,8,8,3,7,13,8,4,0,0,2,11,0
48,6,5,12,5,0,0,3,1,0,0,11,4,0,0,2,11,323,1,7,4,7,7,4,7,14,9,5,0,0,2,10,30
-27,4,4,14,6,0,1,3,2,0,0,8,7,0,0,2,11,323,2,3,3,3,3,5,11,15,11,7,0,0,2,10,45
51,4,4,12,5,0,1,3,2,0,0,13,2,0,0,2,11,323,2,3,3,3,3,5,10,15,10,6,0,0,2,10,30
47,4,4,8,5,0,1,2,2,0,0,12,3,0,0,2,11,323,2,3,3,3,3,4,9,14,9,5,0,0,2,10,0
51,4,4,10,5,0,1,2,1,0,0,9,6,0,0,2,11,323,2,3,3,3,3,3,8,13,8,5,0,0,2,10,15
56,2,2,2,5,0,1,3,2,0,0,10,5,0,0,2,11,323,2,0,0,0,0,6,7,12,10,7,0,0,2,9,15
14,2,2,18,4,0,1,3,2,0,0,2,13,0,0,2,11,323,2,0,0,0,0,6,6,11,9,7,0,0,2,11,15
42,1,1,6,3,0,1,3,2,0,0,7,8,0,0,2,11,323,1,0,0,0,0,5,7,10,9,7,0,0,2,9,45
-19,1,1,8,3,0,1,2,2,0,0,1,14,0,0,2,11,323,1,0,0,0,0,4,7,9,8,6,0,0,2,10,0
34,1,1,16,2,0,1,2,2,0,0,14,1,0,0,2,11,323,1,0,0,0,0,3,6,8,7,5,0,0,2,11,0
89,0,0,4,2,0,1,1,2,0,0,12,3,0,0,2,11,323,0,0,0,0,0,2,6,7,7,6,0,0,2,9,30
30,0,0,6,1,0,1,1,2,0,0,9,6,0,0,2,11,323,0,0,0,0,0,1,5,6,6,5,0,0,2,9,45
14,0,0,10,0,0,1,1,2,0,0,0,28,0,0,2,11,323,0,0,0,0,0,4,5,5,5,4,0,0,2,10,15
13,0,0,0,0,0,1,1,1,0,0,0,29,0,1,2,11,323,0,0,0,0,0,3,4,4,4,3,0,0,2,9,0
31,0,0,0,0,0,1,0,1,0,0,0,41,0,1,2,11,323,0,0,0,0,0,3,3,3,3,2,0,0,2,9,0
38,0,0,2,0,0,1,0,0,0,0,0,46,0,0,2,11,323,0,0,0,0,0,2,2,2,2,2,0,0,2,9,15
23,0,0,4,0,0,0,0,0,0,0,0,60,0,0,2,11,323,0,0,0,0,0,1,1,1,1,1,0,0,2,9,30
2,27,0,52,0,0,0,0,0,0,0,9,6,1,0,6,11,320,0,52,4,7,8,1,2,6,1,1,6,1,2,17,45
-5,27,1,50,1,0,0,2,0,0,0,13,2,0,0,6,11,320,2,48,3,4,10,1,4,7,2,2,5,1,1,17,30
-8,26,0,50,2,0,1,3,0,0,0,0,15,0,0,6,11,320,1,44,0,4,10,4,5,10,6,3,5,1,1,17,30
-18,26,0,48,2,0,1,2,0,0,0,24,6,0,0,6,11,320,1,44,0,4,10,3,5,9,5,2,5,1,2,17,15
-23,26,0,46,2,0,0,2,0,0,0,20,10,0,0,6,11,320,0,44,0,4,10,2,4,8,5,1,5,1,1,16,45
-5,26,0,47,1,0,0,2,0,0,0,11,19,0,0,6,11,320,0,44,2,6,12,1,4,8,4,1,4,1,2,17,0
-22,26,1,45,4,0,0,1,0,0,1,5,25,0,0,6,11,320,3,40,2,5,12,4,5,11,4,2,4,0,1,16,30
20,26,1,43,4,0,0,0,0,0,1,13,2,0,0,6,11,320,3,40,3,6,12,4,5,10,3,2,4,0,1,16,15
-19,26,2,41,4,0,0,1,0,0,1,12,3,0,0,6,11,320,3,38,3,6,13,3,5,10,4,4,4,0,2,15,45
-34,26,2,41,3,0,0,1,0,0,1,10,5,0,0,6,11,320,2,38,3,6,13,2,4,9,4,3,4,0,2,15,45
-75,26,3,43,3,0,0,1,0,0,1,14,1,0,0,6,11,320,3,37,3,6,13,2,4,10,3,2,4,0,1,16,15
-35,25,5,48,3,0,0,1,0,0,3,0,15,0,0,6,11,320,3,34,3,6,12,3,6,11,5,2,4,0,2,17,15
-29,24,6,38,3,0,0,2,0,0,3,30,15,0,0,6,11,320,3,32,4,7,12,4,6,11,6,2,4,0,1,15,0
-32,24,8,36,3,0,1,2,0,0,2,16,29,0,0,6,11,320,3,31,3,7,12,4,7,14,6,1,4,2,2,14,45
-5,22,6,38,4,0,1,2,0,0,1,9,36,0,0,6,11,320,2,30,3,7,12,3,7,13,7,2,4,3,1,15,0
15,22,6,34,5,0,2,2,0,0,0,2,43,0,0,6,11,320,4,28,3,5,12,3,6,13,6,2,4,3,1,14,15
-33,22,7,35,5,0,2,1,0,0,0,13,2,0,0,6,11,320,4,28,3,5,12,2,5,12,5,2,4,3,2,14,30
-36,19,4,40,5,0,4,0,0,0,0,3,12,0,0,6,11,320,2,26,3,6,13,4,6,14,8,4,4,3,2,15,15
76,16,2,28,4,0,6,0,0,0,0,4,11,0,0,6,11,320,1,24,2,4,15,4,9,13,10,5,3,3,2,12,45
13,16,2,32,4,0,5,0,0,0,0,2,13,0,0,6,11,320,1,24,2,4,15,3,8,12,9,5,2,2,1,13,15
53,16,2,21,4,0,4,0,1,0,0,12,3,0,0,6,11,320,2,23,2,5,14,2,7,11,8,4,1,1,2,12,0
5,15,2,28,4,0,3,0,1,0,0,11,4,0,0,6,11,320,1,23,3,7,17,4,8,11,8,3,1,1,2,12,45
33,15,3,26,4,0,2,3,1,0,0,8,7,0,0,6,11,320,3,20,2,7,16,5,8,13,8,3,1,1,2,12,30
9,15,5,30,3,0,2,3,1,0,0,14,1,0,0,6,11,320,2,20,4,9,18,5,8,14,8,3,1,1,1,13,0
15,15,5,33,3,0,1,3,1,0,0,12,3,0,0,6,11,320,2,20,4,9,18,4,7,13,7,3,1,1,1,13,30
39,15,5,30,2,0,1,3,1,0,0,11,4,0,0,6,11,320,2,20,4,9,18,4,6,12,6,2,1,1,1,13,0
17,15,6,24,2,0,0,3,1,0,0,7,8,0,0,6,11,320,2,20,5,11,18,3,5,11,5,1,1,1,2,12,15
86,13,6,21,1,0,0,5,1,0,1,7,8,0,0,6,11,320,2,17,4,9,15,4,4,10,7,3,1,1,2,12,0
-6,13,8,26,1,0,0,6,0,0,1,12,3,0,0,6,11,320,1,16,5,10,14,3,4,9,8,3,0,1,2,12,30
-9,12,9,18,1,0,0,8,0,0,0,0,15,0,0,6,11,320,2,14,5,10,13,2,6,10,8,4,0,0,3,11,45
-7,12,9,24,2,0,0,7,0,0,0,8,7,0,0,6,11,320,3,13,5,9,12,1,5,10,7,4,0,0,2,12,15
-11,5,5,21,4,0,0,9,0,0,1,13,2,0,0,6,11,320,1,7,5,5,7,6,6,15,14,11,0,0,2,12,0
-16,5,5,18,4,0,0,8,1,0,1,10,5,0,0,6,11,320,2,6,4,5,6,5,5,15,13,11,0,0,3,11,45
20,5,5,17,4,0,0,7,1,0,1,9,6,0,0,6,11,320,2,6,4,5,6,4,4,14,12,11,0,0,3,11,30
22,3,3,12,4,0,0,7,1,0,1,4,11,0,0,6,11,320,1,5,3,4,5,3,4,13,13,11,0,0,1,10,45
22,2,2,15,5,0,0,6,2,0,1,3,12,0,0,6,11,320,2,3,1,3,3,2,6,15,13,12,0,0,1,11,15
-102,1,1,36,5,0,0,6,2,0,1,1,14,0,0,6,11,320,2,2,0,2,2,1,5,14,13,11,0,0,2,14,45
18,0,0,14,6,0,0,5,2,0,1,9,6,0,0,6,11,320,1,1,1,1,1,5,10,16,14,12,0,0,2,11,0
35,0,0,10,6,0,0,4,2,0,1,3,12,0,0,6,11,320,1,1,1,1,1,5,9,15,13,11,0,0,2,10,30
18,0,0,10,6,0,0,3,2,0,1,12,3,0,0,6,11,320,1,1,1,1,1,6,10,14,12,10,0,0,2,10,30
65,0,0,1,6,0,0,3,1,0,2,4,11,0,0,6,11,320,1,0,0,0,0,6,10,13,12,9,0,0,2,9,15
40,0,0,7,5,0,0,3,1,0,2,0,2,0,0,6,11,320,1,0,0,0,0,5,10,12,11,8,0,0,1,10,0
-21,0,0,15,4,0,0,3,1,0,2,0,12,0,0,6,11,320,0,0,0,0,0,5,11,11,11,7,0,0,1,11,15
15,0,0,9,4,0,0,2,1,0,2,0,14,0,0,6,11,320,0,0,0,0,0,5,10,10,10,6,0,0,2,10,15
37,0,0,5,3,0,0,2,1,0,2,0,15,0,0,6,11,320,0,0,0,0,0,4,9,9,9,5,0,0,2,9,45
60,0,0,3,3,0,0,1,1,0,2,0,18,0,0,6,11,320,0,0,0,0,0,4,8,8,8,5,0,0,2,9,30
11,0,0,12,3,0,0,1,1,0,1,0,32,0,0,6,11,320,0,0,0,0,0,5,7,7,7,4,0,0,1,10,45
2,0,0,3,2,0,0,1,1,0,1,0,44,0,0,6,11,320,0,0,0,0,0,6,6,6,6,3,0,0,2,9,30
-11,0,0,5,2,0,0,1,0,0,1,0,45,0,0,6,11,320,0,0,0,0,0,5,5,5,5,2,0,0,2,9,45
2,0,0,7,1,0,0,1,0,0,1,0,56,0,0,6,11,320,0,0,0,0,0,4,4,4,4,1,0,0,1,10,0
-8,0,0,1,0,0,0,1,0,0,1,0,61,0,0,6,11,320,0,0,0,0,0,3,3,3,3,1,0,0,2,9,15
68,0,0,0,0,0,0,0,0,0,1,0,65,0,1,6,11,320,0,0,0,0,0,2,2,2,2,1,0,0,2,9,0
-170,0,0,18,0,0,0,0,0,0,0,0,66,0,0,6,11,320,0,0,0,0,0,1,1,1,1,0,0,0,3,11,45
61,37,6,57,2,0,3,5,0,0,0,1,14,0,0,5,11,319,1,51,4,9,14,5,7,12,10,4,7,1,2,17,30
21,37,6,53,3,0,2,5,0,0,0,0,15,0,0,5,11,319,2,50,3,8,13,4,6,11,9,4,7,1,2,17,0
53,35,8,55,4,0,2,5,0,0,0,7,8,0,0,5,11,319,1,48,4,9,14,5,7,16,11,3,7,1,2,17,15
-74,35,8,61,4,0,1,5,0,0,0,6,9,1,0,5,11,319,1,48,4,9,14,4,7,15,10,3,6,1,1,18,15
36,35,8,57,4,0,0,5,0,0,0,2,13,0,0,5,11,319,1,48,5,9,14,3,6,15,9,3,6,0,2,17,30
29,33,7,55,6,0,0,4,0,0,0,6,9,0,0,5,11,319,1,46,5,8,13,3,6,16,10,4,6,0,2,17,15
31,33,7,51,7,0,0,3,0,0,0,13,2,0,0,5,11,319,2,45,6,8,13,3,6,17,9,4,6,1,2,16,45
49,30,4,51,8,0,0,4,0,0,0,11,4,0,0,5,11,319,1,42,4,6,10,3,7,20,12,5,6,1,2,16,45
26,29,3,48,7,0,2,4,0,0,0,0,15,0,0,5,11,319,2,40,2,5,10,4,8,19,12,5,6,1,1,16,15
55,27,2,46,8,0,2,3,0,0,0,7,8,0,0,5,11,319,1,39,2,5,9,3,9,19,13,6,6,1,2,16,0
83,27,2,50,9,0,2,2,0,0,0,9,6,0,0,5,11,319,2,38,2,5,10,5,10,18,12,6,6,1,2,16,30
122,26,1,37,9,0,2,1,0,0,0,5,10,0,0,5,11,319,1,38,3,5,10,4,10,18,12,6,5,1,1,15,0
41,26,1,44,9,0,2,1,0,0,0,0,15,0,0,5,11,319,1,37,3,5,11,7,14,17,12,5,5,1,2,15,45
8,26,1,42,9,0,1,2,0,0,0,12,3,0,0,5,11,319,1,36,3,4,11,6,14,17,12,5,5,1,2,15,30
25,26,1,46,8,0,1,2,0,0,0,10,5,0,0,5,11,319,1,36,3,4,12,5,13,17,11,4,5,1,2,16,0
39,26,1,37,9,0,0,2,0,0,0,1,14,0,0,5,11,319,2,35,2,5,13,7,12,17,10,4,5,1,1,15,0
18,26,1,44,9,0,0,1,0,0,0,14,1,0,0,5,11,319,2,35,3,5,13,7,11,16,9,4,5,1,2,15,45
71,26,1,35,8,0,0,1,0,0,0,10,5,0,0,5,11,319,2,35,3,5,13,6,11,15,8,4,5,2,4,14,45
-15,25,2,53,8,0,0,1,0,0,0,2,13,0,0,5,11,319,1,34,2,4,13,6,10,15,9,6,5,2,2,17,0
113,25,2,32,7,0,1,1,0,0,0,10,5,0,0,5,11,319,1,33,2,5,14,8,9,14,9,6,5,2,1,13,30
-2,25,3,48,6,0,1,1,0,0,0,7,8,0,0,5,11,319,1,33,2,5,14,7,9,13,8,5,5,3,1,16,15
108,25,3,33,5,0,1,1,0,0,0,3,12,0,0,5,11,319,1,33,3,6,16,6,8,12,7,4,5,3,1,14,15
16,25,3,42,4,0,1,1,0,0,0,0,15,0,0,5,11,319,0,33,3,6,16,5,7,11,7,5,5,3,2,15,30
-32,25,3,37,4,0,1,1,0,0,0,38,7,0,0,5,11,319,1,32,2,5,15,5,6,13,6,4,5,3,1,15,0
10,25,4,34,3,0,1,1,0,0,0,31,14,0,0,5,11,319,1,32,2,6,15,4,5,13,5,4,5,3,2,14,30
-225,25,5,59,3,0,0,1,0,0,0,30,15,0,0,5,11,319,1,32,2,6,15,3,4,13,4,3,4,3,1,18,0
-9,25,5,41,2,0,0,1,0,0,0,29,16,0,0,5,11,319,1,32,2,7,15,2,3,12,3,2,4,2,2,15,15
-204,25,7,59,4,0,0,0,0,0,0,14,31,0,0,5,11,319,2,30,3,8,16,2,5,12,3,3,3,2,1,18,0
-3,22,7,37,5,0,0,0,0,0,0,7,8,0,0,5,11,319,1,28,4,9,16,4,5,13,5,5,2,1,1,15,0
78,20,6,23,6,0,1,0,0,0,0,13,2,0,0,5,11,319,2,25,5,8,15,4,9,16,6,5,2,1,2,12,15
27,19,5,25,5,0,1,0,0,0,0,12,3,0,0,5,11,319,1,25,6,9,15,3,8,15,6,5,2,1,2,12,30
23,19,5,29,5,0,1,0,0,0,0,9,6,0,0,5,11,319,2,24,5,9,15,2,8,14,5,4,2,1,1,13,0
3,18,6,29,7,0,0,0,0,0,0,5,10,0,0,5,11,319,3,22,5,8,15,5,8,15,5,3,2,1,1,13,0
-52,15,5,35,9,0,0,1,0,0,1,14,1,0,0,5,11,319,3,17,3,7,13,6,10,15,9,7,2,1,4,14,45
32,15,5,21,8,0,0,1,0,0,1,9,6,0,0,5,11,319,3,17,3,7,13,5,9,16,8,6,1,1,2,12,0
6,15,5,27,7,0,0,1,0,0,1,8,7,0,0,5,11,319,3,17,3,7,13,5,8,15,7,5,1,0,2,12,45
20,15,6,31,6,0,0,1,0,0,1,7,8,0,0,5,11,319,3,17,3,7,13,4,7,14,6,5,1,0,1,13,15
41,14,5,19,6,0,0,1,0,0,0,1,14,0,0,5,11,319,2,17,4,7,14,3,7,13,6,5,1,0,2,11,45
-12,14,6,27,6,0,0,1,0,0,0,9,6,0,0,5,11,319,3,15,4,7,14,2,7,13,5,5,1,0,2,12,45
60,12,4,21,7,0,0,1,0,0,0,9,6,0,0,5,11,319,3,14,4,6,12,4,8,14,6,5,1,0,2,12,0
67,11,5,13,6,0,0,3,0,0,0,8,7,0,0,5,11,319,3,12,3,7,10,5,7,18,7,5,1,0,2,11,0
11,11,5,17,5,0,0,3,0,0,0,7,8,0,0,5,11,319,2,12,3,7,10,4,6,17,7,4,1,0,2,11,30
-13,11,6,25,6,0,0,3,0,0,0,2,13,0,0,5,11,319,4,10,2,5,8,4,6,16,6,3,1,0,2,12,30
5,9,4,19,5,0,0,3,0,0,0,4,11,0,0,5,11,319,2,10,3,6,10,4,7,15,7,3,1,1,2,11,45
17,9,5,15,4,0,0,3,0,0,0,1,14,0,0,5,11,319,2,10,4,7,10,3,6,14,6,3,1,1,2,11,15
67,8,5,15,4,0,0,3,0,0,0,6,9,0,0,5,11,319,2,9,4,7,9,2,8,13,6,3,1,1,2,11,15
-8,8,7,17,4,0,0,2,0,0,1,9,6,0,0,5,11,319,2,8,4,6,8,4,7,13,6,3,1,1,2,11,30
38,6,5,10,4,0,0,4,0,0,1,4,11,0,0,5,11,319,2,5,3,3,5,6,11,14,8,5,1,1,2,10,30
59,5,4,6,4,0,0,4,0,0,1,11,4,0,0,5,11,319,2,4,2,2,4,5,10,13,8,6,1,1,2,10,0
32,5,4,11,4,0,0,3,0,0,1,10,5,0,0,5,11,319,2,4,2,3,4,4,9,12,7,6,0,1,2,10,45
14,3,3,8,5,0,0,2,0,0,1,14,1,0,0,5,11,319,1,3,1,3,3,6,8,11,8,6,0,0,1,10,15
-13,3,3,13,6,0,0,1,0,0,1,9,6,0,0,5,11,319,2,2,0,2,2,6,7,10,7,5,0,0,2,11,0
-43,3,3,23,5,0,0,1,0,0,1,8,7,0,0,5,11,319,2,2,0,2,2,6,6,9,6,4,0,0,2,12,15
3,1,1,8,4,0,0,1,0,0,1,7,8,0,0,5,11,319,0,2,2,2,2,5,6,9,7,4,0,0,1,10,15
13,1,1,3,3,0,0,1,0,0,1,1,14,0,0,5,11,319,0,2,2,2,2,4,6,8,6,3,0,0,1,9,30
38,1,1,6,2,0,0,1,0,0,1,0,15,0,0,5,11,319,0,2,2,2,2,3,5,7,5,3,0,0,2,10,0
18,1,1,5,1,0,0,1,0,0,1,10,5,0,0,5,11,319,0,2,2,2,2,2,5,6,4,2,0,0,2,9,45
-11,1,1,11,1,0,0,1,0,0,0,9,6,0,0,5,11,319,0,2,2,2,2,1,4,5,3,2,0,0,2,10,45
44,0,0,2,2,0,0,0,0,0,1,0,11,0,0,5,11,319,0,0,0,0,0,3,4,4,4,4,0,0,2,9,15
1,0,0,0,1,0,0,0,0,0,1,0,25,0,1,5,11,319,0,0,0,0,0,2,3,3,3,3,0,0,1,9,0
13,0,0,3,0,0,0,0,0,0,1,0,34,0,0,5,11,319,0,0,0,0,0,1,2,2,2,2,0,0,1,9,30
-7,0,0,0,0,0,0,0,0,0,0,0,70,0,1,5,11,319,0,0,0,0,0,1,1,1,1,1,0,0,1,9,0
-4,37,4,49,1,0,1,1,0,0,0,20,10,1,0,4,11,318,1,46,2,5,11,1,3,6,3,2,1,0,2,17,30
27,35,7,47,3,0,0,2,0,0,0,10,20,0,0,4,11,318,2,43,2,7,11,2,4,11,4,3,1,0,1,16,45
29,33,5,48,2,0,1,3,0,0,0,11,4,0,0,4,11,318,2,41,3,5,11,1,4,11,5,3,1,0,1,17,15
59,30,4,44,5,0,1,3,0,0,0,4,11,0,0,4,11,318,3,37,2,4,12,3,7,13,7,4,1,0,1,15,45
253,28,2,19,6,0,0,3,0,0,0,10,5,0,0,4,11,318,2,36,2,4,13,3,8,12,8,4,1,0,2,11,45
30,28,3,46,6,0,0,2,0,0,0,1,14,0,0,4,11,318,2,36,2,5,14,2,8,11,7,4,1,0,1,16,15
79,27,4,38,8,0,0,1,0,0,0,14,1,0,0,4,11,318,2,34,2,5,13,4,8,13,8,5,1,0,2,15,0
28,26,6,40,7,0,0,1,0,0,0,10,5,0,0,4,11,318,0,34,4,8,14,6,8,12,9,4,1,0,2,15,15
33,26,7,38,7,0,0,1,0,0,0,6,9,0,0,4,11,318,1,33,3,8,13,5,8,12,8,3,1,0,2,15,0
22,26,7,45,6,0,0,1,0,0,0,6,9,0,0,4,11,318,1,33,3,8,13,5,7,11,7,2,1,0,1,16,0
39,26,7,40,7,0,0,0,0,0,0,12,3,0,0,4,11,318,2,32,3,8,12,4,6,10,6,2,1,0,2,15,15
27,26,7,34,6,0,0,0,0,0,0,11,4,0,0,4,11,318,2,32,3,9,12,3,5,9,5,1,1,0,2,14,30
-16,26,7,42,5,0,0,0,0,0,0,10,5,0,0,4,11,318,2,32,3,9,12,2,4,8,4,1,1,0,1,15,30
48,24,7,36,6,0,0,0,0,0,0,36,9,0,0,4,11,318,2,30,5,8,13,3,3,8,5,1,1,0,2,14,45
-38,23,7,42,5,0,0,1,0,0,0,23,22,0,0,4,11,318,2,29,6,8,14,2,5,10,5,1,1,0,1,15,30
24,19,4,36,5,0,1,2,0,0,1,9,36,0,0,4,11,318,2,25,3,5,12,1,4,11,8,3,1,0,2,14,45
8,16,4,33,5,0,1,4,0,0,1,5,10,0,0,4,11,318,1,22,2,5,12,4,5,13,11,3,1,0,2,14,15
54,16,5,27,5,0,1,4,0,0,0,4,11,0,0,4,11,318,1,22,2,5,12,3,5,13,10,3,1,0,1,12,45
46,16,6,32,4,0,1,4,0,0,0,1,14,0,0,4,11,318,1,22,2,6,12,2,4,12,9,3,1,0,1,13,30
-58,15,7,34,6,0,0,4,0,0,0,8,7,0,0,4,11,318,2,20,3,7,13,2,7,15,9,4,1,1,2,14,30
48,13,8,31,6,0,0,4,0,0,0,13,2,0,0,4,11,318,1,19,6,9,13,6,9,15,10,4,1,1,1,13,15
35,11,6,17,6,0,0,5,0,0,0,4,11,0,0,4,11,318,1,17,4,7,12,5,9,15,11,5,1,1,2,11,30
49,10,6,30,6,0,0,5,0,0,0,1,14,0,0,4,11,318,1,16,4,6,12,4,8,15,11,5,1,1,1,13,0
72,10,6,25,5,0,0,5,0,0,0,14,1,0,0,4,11,318,1,16,4,6,12,4,7,14,10,4,1,1,3,12,30
79,8,5,25,5,0,0,6,1,0,0,0,15,0,0,4,11,318,2,13,3,5,10,4,10,13,11,4,1,1,3,12,30
34,8,5,27,5,0,0,5,1,0,0,14,1,0,0,4,11,318,2,13,3,5,10,3,9,12,10,4,0,1,1,12,45
32,6,4,23,5,0,0,5,1,0,0,0,15,0,0,4,11,318,1,12,2,5,10,4,9,12,11,6,0,0,2,12,15
20,6,4,27,4,0,1,5,1,0,0,8,7,0,0,4,11,318,2,11,2,4,10,3,8,11,10,5,0,0,1,12,45
68,5,3,23,5,0,1,4,1,0,0,14,1,0,0,4,11,318,2,10,2,4,10,6,7,10,10,6,0,0,2,12,15
2,5,3,21,5,0,1,3,1,0,0,4,11,0,0,4,11,318,2,10,3,5,10,5,7,10,9,6,0,0,2,12,0
78,3,2,9,5,0,1,3,1,0,1,7,8,0,0,4,11,318,2,8,2,5,8,5,7,13,10,8,0,0,2,10,30
72,3,2,13,4,0,1,3,1,0,1,5,10,0,0,4,11,318,2,8,2,5,8,4,6,12,9,7,0,0,2,11,0
46,3,2,19,3,0,1,3,1,0,1,4,11,0,0,4,11,318,2,8,2,5,8,3,5,11,8,6,0,0,2,11,45
7,3,2,15,3,0,0,3,1,0,1,2,13,0,0,4,11,318,1,8,2,5,8,2,4,10,8,7,0,0,2,11,15
33,3,2,13,4,0,0,3,0,0,1,4,11,0,0,4,11,318,1,7,2,4,7,2,3,12,8,7,0,0,2,11,0
23,2,2,17,5,0,0,2,0,0,1,7,8,0,0,4,11,318,0,6,3,6,6,2,3,14,9,8,0,0,2,11,30
14,2,2,21,6,0,0,2,0,0,1,2,13,0,0,4,11,318,2,4,1,4,4,2,4,14,8,8,0,0,2,12,0
32,1,1,2,6,0,0,2,0,0,1,4,11,0,0,4,11,318,1,3,3,3,3,2,10,13,9,7,0,0,2,9,30
55,0,0,6,9,0,0,1,0,0,1,4,11,0,0,4,11,318,1,0,0,0,0,8,12,12,11,8,0,0,1,10,0
80,0,0,8,9,0,0,0,0,0,1,3,12,0,0,4,11,318,1,0,0,0,0,8,11,11,10,7,0,0,2,10,15
62,0,0,6,8,0,0,0,0,0,1,2,13,0,0,4,11,318,0,0,0,0,0,7,10,10,10,7,0,0,1,10,0
-5,0,0,2,7,0,0,0,0,0,1,0,2,0,0,4,11,318,0,0,0,0,0,6,9,9,9,6,0,0,2,9,30
-5,0,0,11,7,0,0,0,0,0,0,0,4,0,0,4,11,318,0,0,0,0,0,6,8,8,8,5,0,0,2,10,45
-28,0,0,15,6,0,0,0,0,0,0,0,14,0,0,4,11,318,0,0,0,0,0,5,7,7,7,4,0,0,2,11,15
-86,0,0,11,5,0,0,0,0,0,0,0,17,0,0,4,11,318,0,0,0,0,0,5,6,6,6,3,0,0,2,10,45
46,0,0,4,4,0,0,0,0,0,0,0,20,0,0,4,11,318,0,0,0,0,0,4,5,5,5,3,0,0,2,9,45
29,0,0,0,3,0,0,0,0,0,0,0,26,0,1,4,11,318,0,0,0,0,0,4,4,4,4,2,0,0,1,9,0
-13,0,0,1,2,0,0,0,0,0,0,0,34,0,0,4,11,318,0,0,0,0,0,3,3,3,3,2,0,0,2,9,15
-23,0,0,9,1,0,0,0,0,0,0,0,45,0,0,4,11,318,0,0,0,0,0,2,2,2,2,1,0,0,2,10,30
-10,0,0,4,0,0,0,0,0,0,0,0,55,0,0,4,11,318,0,0,0,0,0,1,1,1,1,0,0,0,2,9,45
28,27,2,48,5,0,1,0,0,0,0,2,13,0,0,3,11,317,1,48,2,5,11,5,6,12,6,3,3,2,1,16,45
38,27,3,53,5,0,1,0,0,0,0,12,3,1,0,3,11,317,2,47,1,5,11,5,5,11,5,2,3,2,1,17,30
22,27,3,50,4,0,1,0,0,0,0,6,9,0,0,3,11,317,2,47,2,5,12,4,5,10,4,1,3,2,2,17,0
32,26,2,51,3,0,1,0,0,0,0,5,10,0,0,3,11,317,1,47,2,5,12,3,4,10,4,1,2,2,2,17,15
54,26,2,51,3,0,0,0,0,0,0,4,11,0,0,3,11,317,1,47,2,5,12,2,3,9,3,0,1,1,2,17,15
21,25,3,53,3,0,0,0,0,0,0,14,1,1,0,3,11,317,0,46,4,6,13,1,4,10,4,1,1,0,1,17,30
-3,24,3,44,6,0,0,0,0,0,0,10,5,0,0,3,11,317,1,42,3,7,9,3,6,13,6,1,1,0,1,16,15
36,24,3,44,6,0,0,0,0,0,0,3,12,0,0,3,11,317,2,41,2,6,8,3,6,13,5,1,1,1,1,16,15
16,22,2,41,6,0,0,0,0,0,0,14,1,0,0,3,11,317,1,40,3,7,11,4,7,13,6,2,1,1,1,15,45
0,22,2,41,6,0,0,0,0,0,0,8,7,0,0,3,11,317,2,39,4,6,10,3,6,13,5,2,1,1,1,15,45
-16,21,1,48,5,0,0,2,0,0,0,10,5,0,0,3,11,317,2,37,3,4,12,4,8,12,6,2,1,1,1,16,45
29,21,1,43,4,0,0,2,0,0,0,3,12,0,0,3,11,317,2,37,3,4,13,4,8,11,5,1,1,1,3,16,0
-13,21,1,39,5,0,0,2,0,0,0,5,10,0,0,3,11,317,2,35,2,2,13,3,8,15,6,3,0,1,2,15,30
1,21,1,37,4,0,0,2,0,0,0,12,3,0,0,3,11,317,2,35,2,3,13,5,7,14,5,3,0,0,2,15,15
-19,21,2,44,4,0,0,2,0,0,0,9,6,0,0,3,11,317,3,34,1,2,12,4,7,13,4,2,0,0,1,16,15
-33,20,1,39,5,0,0,1,0,0,0,5,10,0,0,3,11,317,0,33,0,5,15,5,7,13,7,4,0,0,2,15,30
19,20,2,37,4,0,0,1,0,0,0,3,12,0,0,3,11,317,0,33,0,6,15,4,6,12,6,3,0,0,2,15,15
-21,20,2,33,3,0,0,1,0,0,0,2,13,0,0,3,11,317,0,33,1,6,15,3,5,12,5,3,0,0,2,14,45
-21,20,3,33,2,0,0,1,0,0,0,33,12,0,0,3,11,317,0,33,3,9,18,3,4,11,4,3,0,0,2,14,45
-113,20,5,47,1,0,0,1,0,0,0,24,21,0,0,3,11,317,0,33,4,10,18,3,5,10,3,2,0,0,2,16,30
-2,20,6,35,1,0,0,0,0,0,1,10,35,0,0,3,11,317,1,32,7,10,19,2,7,11,2,1,0,0,2,15,0
115,19,7,18,3,0,0,1,0,0,0,11,4,0,0,3,11,317,3,29,5,9,18,3,7,11,2,0,0,0,2,11,45
-96,16,5,35,4,0,1,2,1,0,0,14,1,0,0,3,11,317,3,24,4,9,16,6,7,12,6,2,0,0,2,15,0
13,16,5,27,3,0,1,2,1,0,0,13,2,0,0,3,11,317,3,24,4,9,16,5,6,12,5,2,0,0,1,13,0
4,15,5,29,4,0,1,2,1,0,0,8,7,0,0,3,11,317,4,22,3,7,14,4,5,13,5,3,0,0,1,13,15
6,14,4,32,3,0,1,2,1,0,0,6,9,0,0,3,11,317,3,22,4,8,14,3,4,14,5,4,0,0,2,14,30
-60,14,4,31,3,0,0,2,1,0,0,5,10,0,0,3,11,317,3,22,4,8,14,2,3,13,4,4,0,0,1,14,15
17,13,4,25,4,0,0,2,1,0,0,4,11,0,0,3,11,317,2,20,5,8,13,2,4,14,6,5,0,0,2,12,45
-41,12,5,30,5,0,1,1,1,0,0,2,13,0,0,3,11,317,2,18,5,8,13,1,4,15,7,5,0,0,1,13,30
41,10,6,22,7,0,1,2,2,0,0,14,1,0,0,3,11,317,4,13,3,5,12,3,11,18,9,6,0,0,1,12,15
-42,10,6,27,7,0,0,2,2,0,0,10,5,0,0,3,11,317,3,13,4,5,12,3,10,18,9,5,0,0,1,13,0
23,9,5,24,8,0,0,1,2,0,0,3,12,0,0,3,11,317,3,12,4,5,11,3,10,17,9,5,0,0,2,12,30
95,7,4,13,9,0,0,1,2,0,0,13,2,0,0,3,11,317,3,10,2,6,9,8,11,16,10,6,0,0,2,11,0
-5,6,3,20,10,0,0,1,1,0,0,7,8,0,0,3,11,317,3,9,1,6,9,8,12,16,10,6,0,0,2,12,0
-3,6,4,25,10,0,0,1,1,0,0,14,1,0,0,3,11,317,4,8,1,5,8,7,11,17,9,5,0,0,2,12,45
26,6,4,13,9,0,0,1,1,0,0,10,5,0,0,3,11,317,4,8,2,5,8,7,11,16,8,4,0,0,2,11,0
100,6,4,8,8,0,0,1,1,0,0,9,6,0,0,3,11,317,4,8,2,5,8,6,10,15,7,3,0,0,2,10,15
57,5,3,17,7,0,0,1,1,0,0,7,8,0,0,3,11,317,3,8,2,5,8,5,9,14,7,3,0,0,2,11,30
20,5,4,15,7,0,0,1,0,0,0,6,9,0,0,3,11,317,3,8,2,5,8,4,8,14,6,3,0,0,1,11,15
8,5,4,20,6,0,0,1,0,0,0,5,10,0,0,3,11,317,3,8,3,6,8,3,7,13,5,2,0,0,2,12,0
86,4,4,4,5,0,0,1,0,0,0,9,6,0,0,3,11,317,2,8,4,7,8,5,8,14,5,2,0,0,2,9,45
-4,3,3,18,6,0,0,0,0,0,0,13,2,0,0,3,11,317,1,6,4,6,7,5,7,13,6,3,0,0,2,11,45
0,3,3,10,6,0,0,1,0,0,0,3,12,0,0,3,11,317,2,5,3,4,5,5,6,12,6,4,0,0,1,10,30
-97,3,3,22,5,0,0,2,0,0,0,13,2,0,0,3,11,317,3,4,3,3,4,4,5,11,5,3,0,0,1,12,15
66,3,3,8,4,0,0,2,0,0,0,11,4,0,0,3,11,317,3,4,3,3,4,4,4,11,4,3,0,0,2,10,15
54,2,2,6,4,0,0,2,0,0,0,13,2,0,0,3,11,317,2,3,2,3,3,3,6,10,5,3,0,0,2,10,0
-35,1,1,12,5,0,0,1,0,0,0,4,11,0,0,3,11,317,2,2,1,2,2,2,6,9,5,3,0,0,2,10,45
14,0,0,10,5,0,0,1,0,0,0,11,4,0,0,3,11,317,2,1,0,1,1,1,7,8,5,3,0,0,1,10,30
-53,0,0,15,4,0,0,1,0,0,0,11,4,0,0,3,11,317,0,1,1,1,1,6,7,7,6,4,0,0,1,11,15
52,0,0,0,3,0,0,2,0,0,0,4,11,0,1,3,11,317,1,0,0,0,0,5,6,6,5,3,0,0,1,9,0
6,0,0,6,2,0,0,2,0,0,0,3,12,0,0,3,11,317,1,0,0,0,0,4,5,5,4,3,0,0,2,10,0
-14,0,0,4,1,0,0,2,0,0,0,0,8,0,0,3,11,317,0,0,0,0,0,3,4,4,4,3,0,0,2,9,45
14,0,0,2,1,0,0,1,0,0,0,0,13,0,0,3,11,317,0,0,0,0,0,2,3,3,3,2,0,0,2,9,30
-22,0,0,1,1,0,0,0,0,0,0,0,18,0,0,3,11,317,0,0,0,0,0,2,2,2,2,1,0,0,2,9,15
-16,0,0,2,0,0,0,0,0,0,0,0,47,0,0,3,11,317,0,0,0,0,0,1,1,1,1,1,0,0,2,9,30
14,18,2,55,4,0,2,4,1,0,0,13,2,0,0,2,11,316,3,47,2,5,11,3,11,16,9,1,8,4,2,17,15
57,17,2,52,4,0,1,4,1,0,0,2,13,0,0,2,11,316,2,47,3,6,14,4,10,16,9,2,8,4,2,17,0
16,17,2,57,4,0,1,3,1,0,0,13,2,1,0,2,11,316,2,47,4,7,14,4,9,15,8,2,7,4,1,17,30
66,17,3,45,4,0,2,3,1,0,0,11,4,0,0,2,11,316,2,45,3,7,14,8,9,17,9,3,7,4,1,16,0
64,16,2,42,5,0,2,2,1,0,0,4,11,0,0,2,11,316,1,44,2,6,13,7,9,17,10,4,6,4,2,15,45
48,16,2,42,5,0,1,2,1,0,0,0,15,0,0,2,11,316,1,44,4,6,13,6,9,17,9,4,5,3,2,15,45
66,16,2,45,5,0,1,2,1,0,0,12,3,0,0,2,11,316,2,43,3,6,12,5,9,18,8,4,5,3,1,16,0
-22,16,3,55,4,0,1,2,1,0,0,4,11,0,0,2,11,316,2,43,5,6,12,4,9,18,7,4,4,3,2,17,15
-45,16,3,50,4,0,0,2,1,0,0,3,12,0,0,2,11,316,2,43,5,6,12,3,8,17,6,4,4,2,3,16,45
12,16,3,47,5,0,0,2,0,0,0,0,15,0,0,2,11,316,3,42,4,5,11,3,7,16,5,4,4,2,2,16,15
-21,16,3,48,5,0,0,1,0,0,0,13,2,0,0,2,11,316,2,42,4,6,13,2,6,15,5,3,4,2,2,16,30
-38,14,1,48,5,0,0,2,1,0,1,3,12,0,0,2,11,316,2,38,1,6,12,5,7,14,8,5,3,2,2,16,30
36,14,1,38,4,0,0,2,1,0,1,5,10,0,0,2,11,316,1,38,5,7,13,5,8,13,8,5,3,1,2,15,15
-41,14,1,42,3,0,0,2,1,0,1,0,15,0,0,2,11,316,0,38,5,7,14,4,9,12,8,5,3,1,2,15,45
-20,14,1,52,4,0,0,1,1,0,1,12,3,0,0,2,11,316,1,37,4,6,13,3,9,11,7,4,2,1,2,17,0
-110,14,1,52,4,0,0,1,1,0,0,8,7,0,0,2,11,316,1,37,5,6,14,2,9,10,6,4,2,0,2,17,0
4,13,0,32,5,0,0,2,1,0,1,8,7,0,0,2,11,316,3,33,2,5,11,4,9,13,7,5,2,0,2,14,30
-35,13,2,40,5,0,0,2,1,0,1,34,11,0,0,2,11,316,2,32,1,6,14,8,8,13,8,7,2,0,3,15,30
-19,13,2,34,4,0,0,2,1,0,1,31,14,0,0,2,11,316,2,32,1,6,14,7,7,12,7,6,2,0,2,14,45
-1,13,2,40,3,0,0,2,1,0,1,27,18,0,0,2,11,316,1,32,3,7,14,6,6,11,7,6,2,0,3,15,30
-32,13,2,34,4,0,0,1,1,0,1,20,25,0,0,2,11,316,2,31,3,6,14,5,5,10,6,6,2,0,2,14,45
23,13,2,36,3,0,0,1,1,0,1,17,28,0,0,2,11,316,2,31,3,7,14,4,4,10,5,5,2,0,2,15,0
102,13,3,30,2,0,0,1,1,0,1,13,32,0,0,2,11,316,2,31,3,7,14,3,3,9,4,4,2,0,1,13,30
-30,13,3,38,2,0,0,1,0,0,1,12,33,0,0,2,11,316,2,31,3,7,14,2,2,8,3,3,2,0,2,15,15
-13,13,3,32,2,0,0,1,0,0,0,6,39,0,0,2,11,316,1,31,4,8,15,1,1,7,3,2,2,0,2,14,30
-240,10,3,57,7,0,1,2,0,0,0,3,12,1,0,2,11,316,2,23,5,7,14,5,6,13,9,6,1,2,1,17,30
-36,10,4,31,7,0,1,1,0,0,0,2,13,0,0,2,11,316,2,23,5,8,14,4,5,12,8,5,1,1,2,14,15
-61,10,4,36,6,0,1,1,0,0,0,0,15,0,0,2,11,316,2,23,5,8,14,3,4,11,7,5,1,1,2,15,0
-224,9,3,50,6,0,0,1,0,0,0,10,5,0,0,2,11,316,1,23,5,8,14,2,3,12,7,5,0,1,3,16,45
21,7,3,28,7,0,0,3,1,0,0,5,10,0,0,2,11,316,3,18,2,6,11,2,5,13,9,7,0,0,1,13,0
22,7,5,26,7,0,0,3,1,0,0,3,12,0,0,2,11,316,3,17,3,6,13,2,8,14,9,6,0,0,1,12,45
-2,6,4,26,8,0,0,3,1,0,1,3,12,0,0,2,11,316,2,14,3,6,12,7,9,18,12,9,0,0,1,12,45
-4,6,4,21,8,0,0,3,1,0,1,0,15,0,0,2,11,316,3,13,3,6,11,6,8,17,11,9,0,0,1,12,0
-20,4,2,19,9,0,0,3,1,0,0,7,8,0,0,2,11,316,2,12,2,5,12,5,8,18,12,9,0,0,2,11,45
46,4,2,18,9,0,0,3,0,0,0,4,11,0,0,2,11,316,2,12,2,5,12,4,9,18,11,8,0,0,2,11,30
14,4,2,24,9,0,0,2,0,0,0,3,12,0,0,2,11,316,2,12,3,6,12,3,8,17,10,7,0,0,2,12,30
-16,4,2,29,8,0,0,2,0,0,0,2,13,0,0,2,11,316,2,12,3,6,12,2,7,16,9,6,0,0,1,13,15
-3,2,1,19,8,0,0,2,0,0,0,3,12,0,0,2,11,316,1,11,3,7,11,3,7,17,10,6,0,0,2,11,45
13,2,2,23,8,0,0,2,0,0,0,11,4,0,0,2,11,316,2,9,4,7,9,5,10,19,10,5,0,0,2,12,15
42,2,2,11,8,0,0,2,0,0,0,11,4,0,0,2,11,316,2,9,4,7,9,5,10,19,10,5,0,0,2,10,30
-10,2,2,24,9,0,0,2,0,0,0,12,3,0,0,2,11,316,2,7,4,7,7,5,9,18,10,4,0,0,2,12,30
18,2,2,17,8,0,0,2,0,0,0,5,10,0,0,2,11,316,2,7,5,7,7,5,11,18,9,3,0,0,1,11,15
170,2,2,1,8,0,0,1,0,0,0,4,11,0,0,2,11,316,1,7,5,7,7,4,10,17,9,2,0,0,2,9,15
54,1,1,7,10,0,0,1,0,0,0,5,10,0,0,2,11,316,2,4,2,4,4,5,11,16,10,3,0,0,2,10,0
35,1,1,9,9,0,0,1,0,0,0,2,13,0,0,2,11,316,2,4,2,4,4,5,10,15,9,3,0,0,2,10,15
-10,1,1,11,9,0,0,1,0,0,0,11,4,0,0,2,11,316,3,3,3,3,3,5,10,14,8,2,0,0,2,10,30
-85,0,0,15,9,0,0,1,0,0,0,0,15,0,0,2,11,316,2,2,2,2,2,7,11,13,9,3,0,0,1,11,0
-16,0,0,21,9,0,0,0,0,0,0,13,2,0,0,2,11,316,2,2,2,2,2,6,10,12,8,2,0,0,1,12,0
13,0,0,15,8,0,0,0,0,0,0,4,11,0,0,2,11,316,1,2,2,2,2,6,10,11,8,2,0,0,1,11,0
-21,0,0,13,9,0,0,0,0,0,0,11,4,0,0,2,11,316,2,0,0,0,0,6,10,10,8,3,0,0,2,10,45
-23,0,0,5,8,0,0,0,0,0,0,10,5,0,0,2,11,316,2,0,0,0,0,5,9,9,7,3,0,0,2,9,45
-10,0,0,9,7,0,0,0,0,0,0,6,9,0,0,2,11,316,2,0,0,0,0,5,8,8,6,3,0,0,2,10,15
-27,0,0,5,6,0,0,0,0,0,0,2,13,0,0,2,11,316,2,0,0,0,0,5,7,7,5,3,0,0,2,9,45
-6,0,0,7,5,0,0,0,0,0,0,0,5,0,0,2,11,316,1,0,0,0,0,5,6,6,5,2,0,0,2,10,0
-14,0,0,1,4,0,0,0,0,0,0,0,19,0,0,2,11,316,0,0,0,0,0,4,5,5,5,1,0,0,2,9,15
-13,0,0,13,3,0,0,0,0,0,0,0,22,0,0,2,11,316,0,0,0,0,0,4,4,4,4,1,0,0,2,10,45
9,0,0,3,2,0,0,0,0,0,0,0,24,0,0,2,11,316,0,0,0,0,0,3,3,3,3,1,0,0,2,9,30
22,0,0,3,1,0,0,0,0,0,0,0,35,0,0,2,11,316,0,0,0,0,0,2,2,2,2,1,0,0,2,9,30
-12,0,0,0,0,0,0,0,0,0,0,0,49,0,1,2,11,316,0,0,0,0,0,1,1,1,1,0,0,0,2,9,0
12,38,4,58,3,0,0,0,0,0,0,24,6,1,0,6,11,313,2,55,3,6,12,2,3,7,2,0,5,2,1,18,15
17,37,3,53,3,0,0,0,0,0,0,6,24,0,0,6,11,313,1,54,4,5,12,1,2,9,3,1,4,1,3,17,30
-2,35,1,53,4,0,2,0,0,0,0,5,10,0,0,6,11,313,2,50,1,6,11,1,3,11,5,2,4,0,3,17,30
4,34,2,55,4,0,2,0,0,0,0,3,12,0,0,6,11,313,1,49,5,7,14,2,7,12,6,1,4,3,1,18,0
34,34,3,47,7,0,3,0,0,0,0,0,15,0,0,6,11,313,4,44,1,3,9,5,9,14,7,3,4,3,1,16,30
-20,33,4,55,6,0,4,0,0,0,0,0,15,0,0,6,11,313,3,43,1,5,8,6,8,13,8,5,3,3,1,18,0
-11,33,4,47,6,0,3,0,0,0,0,11,4,0,0,6,11,313,3,43,1,5,9,6,7,12,7,4,2,2,1,16,30
17,32,3,50,5,0,3,0,0,0,0,6,9,0,0,6,11,313,2,43,2,6,10,6,6,11,7,4,2,1,1,17,0
-112,32,4,55,5,0,2,0,0,0,0,3,12,0,0,6,11,313,1,43,2,6,10,5,5,10,7,5,1,1,1,18,0
-18,32,4,52,5,0,1,0,0,0,0,26,4,0,0,6,11,313,1,43,3,7,10,4,5,9,6,4,1,0,2,17,15
11,32,4,43,6,0,0,0,0,0,0,17,13,0,0,6,11,313,1,42,4,7,13,3,5,9,6,5,1,0,1,15,45
24,32,4,49,5,0,0,0,0,0,0,13,17,0,0,6,11,313,1,42,4,7,13,2,6,8,5,4,1,1,2,16,45
-26,32,5,45,4,0,0,0,0,0,0,11,19,0,0,6,11,313,1,42,4,7,13,1,5,8,4,4,1,1,2,16,15
-18,28,2,41,9,0,0,0,0,0,0,12,3,0,0,6,11,313,1,36,1,3,11,5,5,12,9,6,1,1,1,15,15
22,28,4,40,9,0,0,0,0,0,0,4,11,0,0,6,11,313,2,35,0,5,11,4,5,11,8,6,1,1,2,15,0
3,28,4,44,8,0,0,0,0,0,0,2,13,0,0,6,11,313,2,35,0,6,11,3,4,10,7,5,1,1,2,16,0
-31,28,4,50,7,0,0,0,0,0,0,0,15,0,0,6,11,313,2,35,0,6,12,2,3,11,6,4,0,1,1,17,0
-32,27,4,41,6,0,0,0,0,0,0,10,5,0,0,6,11,313,1,35,2,6,13,1,3,11,6,3,0,0,1,15,15
21,24,7,37,8,0,1,1,0,0,0,6,39,0,0,6,11,313,3,30,2,6,14,4,7,14,8,4,0,0,2,14,30
6,24,8,35,7,0,2,1,0,0,0,12,3,0,0,6,11,313,4,29,2,7,15,5,9,16,7,4,0,0,1,14,15
-37,23,8,45,6,0,2,1,0,0,0,8,7,0,0,6,11,313,3,29,2,7,15,4,8,16,7,3,0,0,2,16,15
23,22,8,38,6,0,2,1,0,0,0,10,5,0,0,6,11,313,3,28,3,7,16,4,8,15,7,2,0,0,1,14,45
117,21,8,26,5,0,2,1,0,0,0,5,10,0,0,6,11,313,2,28,4,8,16,3,7,14,7,3,0,0,2,12,30
17,21,8,38,4,0,2,1,0,0,0,4,11,0,0,6,11,313,2,28,4,9,16,2,6,13,6,3,0,0,1,14,45
6,19,8,33,6,0,2,1,0,0,0,2,13,0,0,6,11,313,3,25,4,7,15,4,7,15,7,3,0,0,1,13,15
1,17,8,31,6,0,2,1,0,0,0,1,14,0,0,6,11,313,2,24,5,9,15,4,9,14,8,3,0,0,1,13,0
11,17,8,34,5,0,2,1,0,0,0,1,14,0,0,6,11,313,2,24,5,9,15,3,8,13,7,3,0,0,2,13,30
26,16,8,31,6,0,1,2,0,0,0,12,3,0,0,6,11,313,3,22,3,8,13,2,7,12,7,4,0,0,1,13,0
69,14,8,26,7,0,1,1,0,0,0,10,5,0,0,6,11,313,2,21,5,9,14,3,8,12,8,4,0,0,2,12,30
59,13,8,18,8,0,0,2,0,0,0,12,3,0,0,6,11,313,2,19,5,8,13,5,9,14,9,4,0,0,2,11,30
58,12,8,20,7,0,0,3,0,0,0,8,7,0,0,6,11,313,2,18,4,7,12,6,8,14,9,4,0,0,2,11,45
26,9,6,26,8,0,0,3,0,0,0,6,9,0,0,6,11,313,1,16,4,6,11,5,8,14,11,7,0,0,2,12,30
18,9,6,22,7,0,1,3,0,0,0,3,12,0,0,6,11,313,2,15,3,6,10,6,7,14,10,6,0,0,2,12,0
12,9,6,24,6,0,1,3,0,0,0,2,13,0,0,6,11,313,2,15,3,6,11,5,6,13,9,6,0,0,3,12,15
20,8,5,29,6,0,1,3,0,0,0,12,3,0,0,6,11,313,2,14,3,5,10,4,5,12,9,7,0,0,2,12,45
-46,8,5,29,6,0,1,2,0,0,0,11,4,0,0,6,11,313,2,14,3,5,10,3,4,11,8,6,0,0,2,12,45
25,5,3,24,7,0,1,2,0,0,0,4,11,0,0,6,11,313,1,12,3,6,9,3,5,14,10,6,0,0,3,12,15
10,5,3,22,6,0,1,2,0,0,0,3,12,0,0,6,11,313,1,12,3,6,9,2,5,13,9,6,0,0,2,12,0
31,4,4,16,7,0,1,2,0,0,0,5,10,0,0,6,11,313,2,10,2,4,10,1,6,14,9,6,0,0,2,11,15
24,2,2,14,10,0,0,2,0,0,0,4,11,0,0,6,11,313,2,7,1,4,7,5,8,18,11,8,0,0,2,11,0
41,2,2,16,10,0,0,1,0,0,0,10,5,0,0,6,11,313,1,7,2,4,7,5,9,18,11,8,0,0,2,11,15
8,2,2,18,9,0,0,1,1,0,0,3,12,0,0,6,11,313,2,6,1,3,6,5,9,18,10,7,0,0,2,11,30
28,1,1,14,8,0,0,1,1,0,0,0,15,0,0,6,11,313,1,6,2,4,6,4,8,17,10,6,0,0,2,11,0
61,0,0,8,7,0,0,1,1,0,0,8,7,0,0,6,11,313,0,6,2,5,6,4,8,16,10,6,0,0,2,10,15
62,0,0,12,7,0,1,0,1,0,0,12,3,0,0,6,11,313,1,5,2,5,5,4,9,15,9,6,0,0,2,10,45
-2,0,0,10,6,0,1,0,1,0,0,4,11,0,0,6,11,313,1,5,2,5,5,5,9,14,8,5,0,0,2,10,30
20,0,0,12,6,0,1,0,1,0,0,9,6,0,0,6,11,313,2,4,3,4,4,5,9,13,7,4,0,0,2,10,45
16,0,0,5,6,0,1,0,1,0,0,13,2,0,0,6,11,313,1,3,3,3,3,5,11,12,8,3,0,0,2,9,45
24,0,0,10,5,0,1,0,1,0,0,12,3,0,0,6,11,313,1,3,3,3,3,5,10,11,7,3,0,0,2,10,30
41,0,0,6,4,0,1,0,1,0,0,10,5,0,0,6,11,313,1,3,3,3,3,4,9,10,6,3,0,0,2,10,0
25,0,0,6,4,0,1,0,1,0,0,0,2,0,0,6,11,313,1,2,2,2,2,5,9,9,6,2,0,0,2,10,0
42,0,0,1,4,0,1,1,0,0,0,0,7,0,0,6,11,313,1,1,1,1,1,4,8,8,6,1,0,0,2,9,15
-28,0,0,1,4,0,1,1,0,0,0,0,17,0,0,6,11,313,1,0,0,0,0,6,7,7,6,1,0,0,2,9,15
-1,0,0,0,3,0,1,1,0,0,0,0,26,0,1,6,11,313,0,0,0,0,0,6,6,6,6,1,0,0,2,9,0
-93,0,0,20,2,0,1,1,0,0,0,0,27,0,0,6,11,313,0,0,0,0,0,5,5,5,5,1,0,0,2,11,45
-60,0,0,8,1,0,1,1,0,0,0,0,37,0,0,6,11,313,0,0,0,0,0,4,4,4,4,1,0,0,2,10,15
-48,0,0,3,1,0,1,0,0,0,0,0,37,0,0,6,11,313,0,0,0,0,0,3,3,3,3,1,0,0,1,9,30
-291,0,0,35,1,0,0,0,0,0,0,0,46,0,0,6,11,313,0,0,0,0,0,2,2,2,2,0,0,0,1,14,15
-34,0,0,3,0,0,0,0,0,0,0,0,56,0,0,6,11,313,0,0,0,0,0,1,1,1,1,0,0,0,1,9,30
36,41,8,55,3,0,2,2,1,0,0,3,12,0,0,5,11,312,2,51,5,9,16,3,4,15,7,4,6,1,2,17,15
0,37,7,56,7,0,2,2,1,0,0,10,5,0,0,5,11,312,3,46,4,7,13,3,8,15,10,5,5,2,2,17,30
13,37,8,56,6,0,2,2,1,0,0,6,9,0,0,5,11,312,3,46,4,7,13,2,7,14,9,5,5,1,2,17,30
15,33,5,53,7,0,3,3,1,0,0,12,3,0,0,5,11,312,3,42,3,6,11,5,10,17,12,5,5,1,1,17,0
17,33,5,52,7,0,3,2,1,0,0,3,12,0,0,5,11,312,3,42,4,7,11,5,11,17,11,5,5,1,2,16,45
16,31,3,49,7,0,3,3,1,0,0,11,4,0,0,5,11,312,3,40,3,5,10,4,10,18,12,6,5,1,1,16,15
18,31,3,51,7,0,2,3,1,0,0,4,11,0,0,5,11,312,3,40,4,6,11,5,10,18,11,6,5,1,1,16,30
84,30,2,42,7,0,2,4,0,0,0,0,15,0,0,5,11,312,3,39,3,6,10,5,9,18,11,6,4,1,2,15,30
-8,30,3,53,7,0,1,4,0,0,0,11,4,0,0,5,11,312,3,39,3,6,10,5,8,18,10,5,4,0,1,17,0
29,28,1,47,8,0,1,4,0,0,1,11,4,0,0,5,11,312,3,36,1,5,9,6,9,18,12,5,4,0,2,16,0
71,28,1,42,7,0,1,4,0,0,1,4,11,0,0,5,11,312,3,36,2,5,10,6,9,17,11,4,4,0,2,15,30
14,28,1,47,7,0,1,3,0,0,1,1,14,0,0,5,11,312,3,36,2,5,10,5,9,17,10,4,4,1,2,16,0
43,28,2,40,6,0,1,3,0,0,1,12,3,0,0,5,11,312,2,36,3,5,12,4,8,16,10,4,4,1,3,15,15
25,28,2,45,5,0,1,3,0,0,1,10,5,0,0,5,11,312,2,36,3,5,12,3,7,15,9,4,4,1,2,15,45
46,28,2,38,5,0,0,3,0,0,1,9,6,0,0,5,11,312,2,36,3,5,12,2,6,14,8,3,4,1,2,15,0
46,28,2,36,5,0,1,3,0,0,1,6,9,0,0,5,11,312,3,34,3,5,13,4,8,14,8,3,4,2,2,14,45
44,27,3,38,6,0,1,2,0,0,1,4,11,0,0,5,11,312,2,33,2,6,14,4,11,17,9,5,4,4,2,15,0
45,27,4,42,6,0,2,2,0,0,1,41,4,0,0,5,11,312,4,31,1,4,13,6,10,17,8,4,4,4,2,15,30
12,27,4,33,6,0,1,2,0,0,1,38,7,0,0,5,11,312,4,31,2,5,13,5,9,17,7,4,4,4,2,14,15
-169,27,5,58,6,0,1,2,0,0,0,34,11,1,0,5,11,312,4,31,2,5,14,5,8,16,6,3,3,4,1,18,0
-56,26,5,36,5,0,1,2,0,0,0,18,27,0,0,5,11,312,2,31,4,8,16,7,8,18,7,4,3,3,2,14,45
46,26,6,30,5,0,0,2,0,0,0,13,32,0,0,5,11,312,2,31,4,8,17,6,8,17,6,3,2,3,1,13,15
7,26,6,40,6,0,0,1,0,0,0,12,33,0,0,5,11,312,3,30,3,8,17,5,7,17,5,2,2,2,3,15,15
-103,26,6,49,6,0,0,1,0,0,0,5,40,0,0,5,11,312,4,29,3,8,17,4,6,16,4,2,2,2,1,16,15
46,26,7,34,6,0,0,0,0,0,0,3,42,0,0,5,11,312,4,29,3,8,17,3,6,15,3,1,1,2,2,14,30
-201,26,7,58,5,0,0,0,0,0,0,13,2,1,0,5,11,312,3,29,4,8,17,3,6,15,3,1,0,1,1,18,0
-47,25,8,45,4,0,0,0,0,0,0,8,7,0,0,5,11,312,2,29,5,10,18,2,6,15,3,0,0,0,2,15,45
-62,22,9,34,6,0,0,0,0,0,0,1,14,0,0,5,11,312,1,26,5,9,17,3,8,17,6,3,0,0,2,14,30
13,20,8,28,6,0,2,0,0,0,0,14,1,0,0,5,11,312,1,23,5,9,15,5,10,16,8,4,0,0,2,13,0
12,19,8,30,6,0,2,0,1,0,0,4,11,0,0,5,11,312,2,21,4,9,14,6,10,17,8,5,0,0,1,13,15
36,19,9,25,5,0,2,0,1,0,0,14,1,0,0,5,11,312,2,21,4,9,15,5,10,16,7,5,0,0,1,12,30
27,19,9,25,4,0,2,0,1,0,0,12,3,0,0,5,11,312,2,21,5,10,15,4,9,15,6,4,0,0,1,12,30
95,16,6,12,5,0,2,0,1,0,0,4,11,0,0,5,11,312,1,19,4,8,13,6,9,14,8,5,0,0,2,10,45
75,15,6,18,6,0,1,0,1,0,0,12,3,0,0,5,11,312,1,18,5,8,12,6,9,14,8,5,0,0,2,11,30
39,15,6,20,5,0,1,0,1,0,0,10,5,0,0,5,11,312,1,18,6,8,12,5,8,14,7,4,0,0,2,11,45
23,13,6,20,6,0,1,0,1,0,0,9,6,0,0,5,11,312,1,16,5,7,12,6,9,14,8,4,0,0,2,11,45
35,13,6,27,5,0,2,0,1,0,0,5,10,0,0,5,11,312,2,15,4,6,11,5,8,13,7,4,0,0,2,12,45
17,13,6,22,4,0,2,0,1,0,0,4,11,0,0,5,11,312,2,15,4,6,11,4,7,12,6,3,0,0,1,12,0
85,11,5,14,6,0,2,0,0,0,0,12,3,0,0,5,11,312,2,13,3,5,10,4,7,11,7,4,0,0,2,11,0
19,10,5,24,6,0,2,0,0,0,0,2,13,0,0,5,11,312,2,12,3,6,11,4,7,11,7,3,0,0,2,12,15
27,10,5,16,7,0,1,0,0,0,0,10,5,0,0,5,11,312,2,11,2,5,10,4,6,10,7,2,0,0,2,11,15
2,9,4,22,6,0,1,0,0,0,0,0,15,0,0,5,11,312,1,11,3,5,11,3,5,10,7,3,0,0,1,12,0
-10,8,4,28,7,0,0,0,1,0,0,2,13,0,0,5,11,312,2,9,3,3,9,4,6,12,7,4,0,0,2,13,0
-23,8,4,32,6,0,0,0,1,0,0,1,14,0,0,5,11,312,2,9,3,3,9,3,5,11,6,4,0,0,1,13,30
32,6,2,14,6,0,0,0,1,0,0,12,3,0,0,5,11,312,1,8,2,5,8,3,5,12,7,5,0,0,2,11,0
77,6,3,10,5,0,0,0,1,0,1,7,8,0,0,5,11,312,2,7,1,5,7,3,5,11,6,5,0,0,2,10,30
23,5,5,12,5,0,0,0,1,0,1,0,15,0,0,5,11,312,2,6,3,6,6,3,5,14,6,4,0,0,2,10,45
25,4,4,10,4,0,0,0,1,0,1,11,4,0,0,5,11,312,1,6,3,6,6,2,5,13,6,4,0,0,2,10,30
-1,4,4,18,4,0,0,1,1,0,1,11,4,0,0,5,11,312,2,4,3,4,4,2,6,12,6,3,0,0,2,11,30
0,4,4,16,3,0,1,1,1,0,1,11,4,0,0,5,11,312,2,3,3,3,3,3,7,11,6,4,0,0,2,11,15
31,0,0,8,4,0,1,2,0,0,1,2,13,0,0,5,11,312,0,1,1,1,1,5,9,10,9,4,0,0,2,10,15
22,0,0,0,5,0,1,1,0,0,1,11,4,0,1,5,11,312,1,0,0,0,0,5,9,9,8,3,0,0,2,9,0
20,0,0,8,4,0,1,1,0,0,1,6,9,0,0,5,11,312,1,0,0,0,0,4,8,8,7,3,0,0,2,10,15
17,0,0,1,3,0,1,1,0,0,1,3,12,0,0,5,11,312,1,0,0,0,0,3,7,7,6,3,0,0,2,9,15
3,0,0,3,3,0,0,1,0,0,1,0,5,0,0,5,11,312,0,0,0,0,0,4,6,6,6,3,0,0,1,9,30
27,0,0,5,2,0,0,1,0,0,1,0,16,0,0,5,11,312,0,0,0,0,0,5,5,5,5,3,0,0,2,9,45
-16,0,0,1,1,0,0,1,0,0,1,0,27,0,0,5,11,312,0,0,0,0,0,4,4,4,4,2,0,0,2,9,15
-3,0,0,6,1,0,0,1,0,0,0,0,33,0,0,5,11,312,0,0,0,0,0,3,3,3,3,1,0,0,2,10,0
10,0,0,3,1,0,0,0,0,0,0,0,40,0,0,5,11,312,0,0,0,0,0,2,2,2,2,1,0,0,1,9,30
-15,0,0,6,0,0,0,0,0,0,0,0,44,0,0,5,11,312,0,0,0,0,0,1,1,1,1,1,0,0,2,10,0
-15,31,5,56,2,0,0,2,0,0,0,7,8,1,0,4,11,311,2,52,3,6,11,1,5,9,3,2,7,0,1,17,30
17,28,4,51,5,0,0,2,0,0,0,2,13,0,0,4,11,311,2,48,2,6,13,4,4,15,6,1,7,0,2,16,45
-22,28,4,55,4,0,0,2,0,0,0,9,6,0,0,4,11,311,2,48,4,6,14,3,5,14,5,1,7,0,1,17,15
42,28,4,51,4,0,0,1,0,0,0,8,7,0,0,4,11,311,2,48,4,6,14,2,4,14,4,1,7,0,2,16,45
14,26,3,53,5,0,1,0,0,0,0,10,5,0,0,4,11,311,2,46,3,5,12,1,3,13,5,2,7,0,1,17,0
5,24,3,44,8,0,0,0,0,0,1,12,3,0,0,4,11,311,2,42,4,7,14,5,11,16,8,2,7,3,3,16,0
27,24,3,49,7,0,0,0,0,0,1,10,5,0,0,4,11,311,2,42,4,7,14,4,10,15,7,1,7,3,2,16,30
37,23,2,44,6,0,1,0,0,0,1,10,5,0,0,4,11,311,1,41,4,7,14,5,10,15,8,2,7,3,3,16,0
-10,22,1,46,5,0,1,0,0,0,1,8,7,0,0,4,11,311,0,41,5,8,14,5,9,14,8,3,6,3,2,16,15
-21,22,1,42,6,0,1,0,0,0,0,2,13,0,0,4,11,311,1,40,5,8,14,7,8,14,7,3,6,2,2,15,45
66,22,2,38,7,0,1,0,0,0,0,3,12,0,0,4,11,311,2,38,4,7,13,7,10,15,7,3,6,2,2,15,15
69,22,3,32,8,0,0,0,0,0,0,14,1,0,0,4,11,311,2,37,3,7,12,6,9,14,7,4,5,2,1,14,0
51,22,3,40,7,0,0,0,0,0,0,10,5,0,0,4,11,311,1,37,3,7,13,5,9,14,7,4,4,1,2,15,30
18,22,3,40,7,0,0,1,0,0,0,5,10,0,0,4,11,311,3,35,2,6,12,4,8,13,6,3,4,0,2,15,30
-9,22,3,42,6,0,0,1,0,0,0,4,11,0,0,4,11,311,3,35,3,6,13,3,7,12,5,3,4,0,2,15,45
23,22,3,36,5,0,0,1,0,0,0,3,12,0,0,4,11,311,3,35,3,6,13,2,6,11,4,3,4,0,2,15,0
2,21,3,33,5,0,0,1,0,0,0,24,6,0,0,4,11,311,2,34,2,6,13,3,5,11,5,3,4,0,2,14,30
-6,20,4,36,4,1,1,1,0,0,0,26,4,0,0,4,11,311,0,32,4,6,12,4,6,13,8,6,4,1,2,15,0
-29,20,4,38,3,1,1,1,0,0,0,25,5,0,0,4,11,311,0,32,4,6,13,3,5,12,7,5,4,1,2,15,15
-1,20,5,34,3,1,1,1,0,0,0,19,11,0,0,4,11,311,1,31,4,6,12,2,6,11,6,4,4,3,2,14,45
60,19,4,27,3,1,1,1,0,0,0,13,17,0,0,4,11,311,1,30,3,6,11,1,5,10,6,4,4,3,1,13,0
-131,18,7,46,6,0,1,1,0,0,0,12,3,0,0,4,11,311,2,27,3,7,12,4,8,14,7,3,3,3,2,16,15
-6,16,5,31,5,0,1,1,0,0,0,8,7,0,0,4,11,311,0,27,4,7,13,4,7,14,8,3,3,2,1,13,30
11,16,6,27,6,0,0,1,0,0,0,9,6,0,0,4,11,311,1,26,5,7,14,4,7,14,7,3,2,2,1,13,0
-157,15,5,53,6,0,0,1,0,0,0,5,10,0,0,4,11,311,1,25,4,6,13,3,6,13,7,4,1,1,1,17,0
15,15,5,30,6,0,0,1,0,0,0,11,4,0,0,4,11,311,2,24,4,5,14,4,5,12,6,3,1,0,1,13,15
90,13,3,22,7,0,0,1,0,0,0,12,3,0,0,4,11,311,1,22,2,6,14,4,6,15,8,3,1,0,2,12,15
-107,11,2,46,6,0,0,2,1,0,0,1,14,0,0,4,11,311,1,20,1,4,12,3,8,14,9,4,1,0,2,16,15
41,11,2,24,5,0,0,2,1,0,0,13,2,0,0,4,11,311,1,20,1,4,13,2,7,14,8,4,1,0,1,12,30
-25,11,2,27,4,0,0,2,1,0,0,1,14,0,0,4,11,311,1,20,3,8,14,2,7,16,7,3,1,0,1,13,0
9,10,3,24,6,0,0,1,1,0,1,4,11,0,0,4,11,311,2,17,4,8,16,6,11,16,8,5,1,0,1,12,30
36,10,3,22,5,0,0,1,1,0,1,0,15,0,0,4,11,311,2,17,5,8,16,5,10,15,7,5,1,0,2,12,15
34,10,4,20,5,0,0,1,1,0,1,9,6,0,0,4,11,311,2,16,4,8,16,5,9,14,7,4,1,0,2,12,0
-36,9,3,34,4,0,0,1,1,0,1,8,7,0,0,4,11,311,1,16,4,8,16,4,8,13,7,4,1,0,2,14,45
18,9,5,20,4,0,0,0,1,0,1,6,9,0,0,4,11,311,1,16,4,8,16,3,7,12,6,4,1,0,2,12,0
-15,9,5,19,4,0,0,1,1,0,0,10,5,0,0,4,11,311,1,15,5,8,15,2,9,14,6,3,1,1,2,11,45
61,9,5,14,5,0,0,1,1,0,1,14,1,0,0,4,11,311,2,12,3,6,12,5,9,17,7,3,1,1,2,11,0
-9,8,6,18,6,0,0,1,1,0,1,9,6,0,0,4,11,311,2,10,3,7,10,7,9,17,8,2,1,1,1,11,30
54,8,6,11,5,0,0,1,1,0,1,9,6,0,0,4,11,311,2,10,3,8,10,6,8,16,7,2,1,1,1,10,30
68,7,5,16,4,0,0,1,1,0,1,7,8,0,0,4,11,311,1,10,3,8,10,5,7,15,7,2,1,1,1,11,15
-10,7,5,16,4,0,0,1,1,0,1,5,10,0,0,4,11,311,2,9,2,8,9,4,6,14,6,1,1,1,1,11,15
-282,4,4,49,5,0,0,1,1,0,1,13,2,0,0,4,11,311,1,7,3,7,7,5,7,15,8,3,0,1,2,16,30
22,4,4,11,5,0,0,1,1,0,0,11,4,0,0,4,11,311,1,7,4,7,7,4,6,14,7,2,0,0,1,10,30
38,4,4,7,4,0,0,1,1,0,0,11,4,0,0,4,11,311,1,7,4,7,7,3,6,13,6,2,0,0,2,10,0
7,4,4,9,3,0,0,1,1,0,0,3,12,0,0,4,11,311,1,7,6,7,7,2,7,12,5,2,0,0,2,10,15
-13,3,3,14,5,0,0,1,0,0,0,6,9,0,0,4,11,311,1,5,5,5,5,1,8,12,6,3,0,0,2,11,0
-42,0,0,13,8,0,1,1,0,0,0,2,13,0,0,4,11,311,1,0,0,0,0,7,10,11,10,6,0,0,2,10,45
12,0,0,1,8,0,0,1,0,0,0,0,15,0,0,4,11,311,0,0,0,0,0,6,9,10,10,7,0,0,2,9,15
7,0,0,9,7,0,0,1,0,0,0,11,4,0,0,4,11,311,0,0,0,0,0,6,8,9,9,6,0,0,2,10,15
-15,0,0,3,6,0,0,1,0,0,0,10,5,0,0,4,11,311,0,0,0,0,0,5,7,8,8,5,0,0,2,9,30
-104,0,0,26,6,0,0,0,0,0,0,5,10,0,0,4,11,311,0,0,0,0,0,4,6,7,7,4,0,0,3,12,45
-8,0,0,3,5,0,0,0,0,0,0,3,12,0,0,4,11,311,0,0,0,0,0,3,5,6,6,4,0,0,2,9,30
44,0,0,5,4,0,0,0,0,0,0,1,14,0,0,4,11,311,0,0,0,0,0,2,4,5,5,3,0,0,2,9,45
-18,0,0,7,3,0,0,0,0,0,0,0,17,0,0,4,11,311,0,0,0,0,0,3,4,4,4,2,0,0,2,10,0
7,0,0,5,2,0,0,0,0,0,0,0,34,0,0,4,11,311,0,0,0,0,0,3,3,3,3,2,0,0,2,9,45
25,0,0,1,1,0,0,0,0,0,0,0,41,0,0,4,11,311,0,0,0,0,0,2,2,2,2,1,0,0,2,9,15
28,0,0,0,0,0,0,0,0,0,0,0,63,0,1,4,11,311,0,0,0,0,0,1,1,1,1,1,0,0,2,9,0
35,45,4,56,2,0,0,3,0,0,1,12,3,0,0,3,11,310,1,53,6,7,12,3,9,13,6,4,6,1,2,17,15
7,43,4,54,4,0,0,5,0,0,1,5,10,0,0,3,11,310,3,48,2,4,10,5,9,14,8,5,6,1,2,17,0
80,43,4,49,4,0,0,4,0,0,1,2,13,0,0,3,11,310,3,48,2,4,10,5,8,14,7,4,6,1,2,16,15
39,41,3,58,4,0,0,4,0,0,1,10,5,1,0,3,11,310,2,47,1,4,11,6,8,14,8,4,6,2,1,17,30
44,41,3,46,4,0,0,4,0,0,0,13,2,0,0,3,11,310,2,47,3,6,11,5,8,14,7,3,5,2,2,16,0
70,41,4,46,3,0,0,4,0,0,0,10,5,0,0,3,11,310,2,47,3,6,11,4,8,14,6,3,5,2,2,16,0
-13,41,4,54,3,0,0,4,0,0,0,3,12,0,0,3,11,310,2,46,2,5,11,4,7,13,6,3,5,2,2,17,0
0,41,4,51,2,0,0,4,0,0,0,1,14,0,0,3,11,310,2,46,2,5,11,3,6,12,5,2,5,2,1,16,30
15,41,4,56,2,0,0,3,0,0,0,1,14,0,0,3,11,310,2,46,3,5,11,2,5,11,4,1,5,2,2,17,15
-3,39,3,46,3,0,0,3,0,0,0,7,8,0,0,3,11,310,1,44,3,6,12,4,6,13,6,3,5,2,2,16,0
6,39,4,51,4,0,0,2,0,0,0,0,15,0,0,3,11,310,2,43,2,5,13,3,6,12,5,2,4,3,1,16,30
14,38,3,44,4,0,0,3,0,0,0,4,11,0,0,3,11,310,2,41,1,5,13,4,6,13,6,2,4,2,1,15,30
-84,37,4,58,4,0,0,2,0,0,0,11,4,1,0,3,11,310,1,41,2,5,14,3,7,12,6,2,3,2,1,17,30
10,36,4,45,3,0,0,2,0,0,0,10,5,0,0,3,11,310,0,41,5,7,16,4,8,13,6,3,3,1,3,15,45
-80,36,4,53,3,0,0,2,0,0,0,7,8,0,0,3,11,310,1,40,4,6,16,3,7,13,5,2,3,1,2,16,45
27,36,6,39,5,0,0,1,0,0,0,5,10,0,0,3,11,310,2,38,2,8,17,4,7,14,5,2,2,1,2,14,45
10,35,6,49,5,0,0,1,0,0,0,14,1,0,0,3,11,310,1,37,2,7,16,3,6,13,6,2,2,0,2,16,15
-14,35,9,41,5,0,0,1,0,0,0,3,12,0,0,3,11,310,2,36,4,8,17,4,7,13,5,2,2,0,1,15,0
10,33,7,43,5,0,0,0,0,0,0,41,4,0,0,3,11,310,0,36,4,9,17,4,6,12,6,1,2,0,1,15,15
0,33,9,41,4,0,0,0,0,0,1,28,17,0,0,3,11,310,1,35,5,10,18,3,7,12,5,1,2,2,1,15,0
0,32,9,37,4,0,0,0,0,0,1,25,20,0,0,3,11,310,1,34,4,9,17,2,6,11,5,1,2,2,1,14,15
-15,32,10,39,4,0,0,0,0,0,2,15,30,0,0,3,11,310,3,32,5,8,15,3,6,11,4,1,2,2,2,14,45
41,28,9,36,6,0,0,1,0,0,2,8,7,0,0,3,11,310,3,28,3,8,15,5,8,12,7,2,2,2,1,13,30
0,26,8,38,5,0,0,1,0,0,2,5,10,0,0,3,11,310,1,28,4,9,15,4,7,11,8,4,2,2,2,14,30
82,24,8,26,7,0,0,1,0,0,1,3,12,0,0,3,11,310,1,26,5,7,17,5,7,16,9,5,1,2,1,12,15
70,24,8,30,8,0,0,1,0,0,0,14,1,0,0,3,11,310,2,25,4,7,16,4,6,15,8,5,0,1,2,12,45
45,23,7,33,7,0,0,1,0,0,0,9,6,0,0,3,11,310,1,25,5,8,18,4,5,15,8,4,0,0,1,13,0
102,22,6,22,7,0,0,1,0,0,0,0,15,0,0,3,11,310,1,24,5,7,18,3,5,14,8,4,0,0,2,11,45
6,21,6,35,7,0,1,2,0,0,0,10,5,0,0,3,11,310,3,21,2,5,15,3,5,13,8,5,0,0,1,13,15
4,19,7,33,6,0,1,2,0,0,0,10,5,0,0,3,11,310,1,21,4,8,15,2,5,15,9,6,0,0,1,13,0
43,18,7,26,6,0,1,2,0,0,1,10,5,0,0,3,11,310,2,19,3,9,14,3,8,15,9,5,0,0,1,12,15
36,16,8,30,6,0,2,2,0,0,1,5,10,0,0,3,11,310,2,17,4,10,16,3,10,17,10,6,0,0,2,12,45
31,15,8,24,6,0,2,2,0,0,1,14,1,0,0,3,11,310,2,16,5,10,15,4,9,16,10,5,0,0,3,12,0
22,14,7,24,6,0,2,2,0,0,0,9,6,0,0,3,11,310,1,16,7,10,15,5,8,16,10,4,0,0,3,12,0
30,12,6,26,8,0,2,2,1,0,0,1,14,0,0,3,11,310,3,12,6,7,11,7,11,18,11,5,0,0,1,12,15
36,12,6,29,8,0,2,2,1,0,0,14,1,0,0,3,11,310,4,11,5,6,10,6,10,18,10,4,0,0,3,12,30
46,12,7,30,7,0,2,3,1,0,0,13,2,0,0,3,11,310,5,10,4,5,9,5,9,17,9,4,0,0,2,12,45
61,12,7,22,6,0,2,3,1,0,0,12,3,0,0,3,11,310,5,10,4,5,9,4,8,16,8,3,0,0,2,11,45
58,10,6,19,7,0,1,3,1,0,0,6,9,0,0,3,11,310,4,9,3,6,8,4,7,16,9,3,0,0,2,11,30
25,9,5,17,6,0,1,3,1,0,0,3,12,0,0,3,11,310,3,9,3,7,8,3,8,15,9,3,0,0,3,11,15
51,9,5,17,8,0,1,2,1,0,0,10,5,0,0,3,11,310,5,7,1,6,7,4,8,16,8,3,0,0,3,11,15
38,7,5,19,8,0,1,2,1,0,0,8,7,0,0,3,11,310,3,6,1,5,6,4,8,16,10,6,0,0,2,11,30
45,7,6,13,7,0,1,2,1,0,0,2,13,0,0,3,11,310,3,6,4,5,6,5,8,15,9,5,0,0,2,10,45
8,7,6,15,7,0,1,2,0,0,0,2,13,0,0,3,11,310,3,6,4,5,6,4,7,14,8,4,0,0,2,11,0
48,6,6,13,7,0,1,2,0,0,0,5,10,0,0,3,11,310,3,5,4,4,5,4,7,15,8,4,0,0,2,10,45
-17,4,4,15,9,0,1,2,0,0,0,4,11,0,0,3,11,310,3,2,1,1,2,5,9,14,10,6,0,0,2,11,0
56,4,4,8,8,0,1,2,0,0,0,4,11,0,0,3,11,310,3,2,1,1,2,4,8,13,9,5,0,0,2,10,15
15,4,4,19,8,0,0,2,0,0,0,0,15,0,0,3,11,310,3,2,1,2,2,3,7,12,8,5,0,0,2,11,30
-24,2,2,11,7,0,0,2,1,0,0,11,4,0,0,3,11,310,2,1,0,1,1,5,9,12,9,6,0,0,2,10,30
34,1,1,8,6,0,0,2,1,0,0,5,10,0,0,3,11,310,1,1,0,1,1,5,8,11,9,5,0,0,2,10,15
64,1,1,6,5,0,0,2,1,0,0,11,4,0,0,3,11,310,1,1,1,1,1,6,7,10,8,4,0,0,3,10,0
13,0,0,6,5,0,0,1,1,0,0,2,13,0,0,3,11,310,0,1,1,1,1,5,8,9,8,3,0,0,3,10,0
21,0,0,11,5,0,0,0,1,0,0,0,15,0,0,3,11,310,0,1,1,1,1,5,7,8,7,3,0,0,2,10,30
24,0,0,2,4,0,0,0,1,0,0,9,6,0,0,3,11,310,0,1,1,1,1,4,6,7,6,2,0,0,2,9,30
3,0,0,4,3,0,0,0,1,0,1,0,1,0,0,3,11,310,1,0,0,0,0,3,5,6,5,2,0,0,2,9,45
10,0,0,8,2,0,0,0,1,0,1,0,3,0,0,3,11,310,1,0,0,0,0,2,4,5,4,1,0,0,2,10,15
23,0,0,4,1,0,0,0,1,0,1,0,14,0,0,3,11,310,1,0,0,0,0,3,4,4,3,1,0,0,2,9,45
5,0,0,1,1,0,0,0,0,0,1,0,36,0,0,3,11,310,0,0,0,0,0,2,3,3,3,1,0,0,2,9,15
6,0,0,2,0,0,0,0,0,0,1,0,37,0,0,3,11,310,0,0,0,0,0,1,2,2,2,1,0,0,2,9,30
-16,0,0,0,0,0,0,0,0,0,0,0,68,0,1,3,11,310,0,0,0,0,0,1,1,1,1,1,0,0,1,9,0
-9,27,1,49,2,0,0,2,0,0,1,6,9,0,0,2,11,309,1,47,1,4,11,3,5,10,5,1,6,3,2,17,15
16,27,1,49,1,0,0,2,0,0,1,17,13,0,0,2,11,309,0,47,3,6,12,4,6,11,5,2,6,2,2,17,15
-20,27,2,51,2,0,0,2,0,0,0,9,21,1,0,2,11,309,1,46,2,5,11,3,5,11,4,2,6,2,1,17,30
8,26,2,51,2,0,0,1,0,0,0,10,5,1,0,2,11,309,0,46,4,7,13,4,4,11,4,2,5,2,1,17,30
26,26,4,47,4,0,0,0,0,0,0,2,13,0,0,2,11,309,2,44,3,5,11,3,4,13,3,2,4,1,2,17,0
4,26,4,45,5,0,0,0,0,0,0,13,2,0,0,2,11,309,2,42,3,6,12,2,5,15,4,3,4,1,2,16,30
-11,26,4,47,4,0,0,0,0,0,0,11,4,0,0,2,11,309,2,42,3,6,12,1,4,14,3,3,4,1,2,17,0
-9,24,2,43,6,0,0,0,0,0,0,7,8,0,0,2,11,309,2,39,3,6,10,4,8,14,5,4,4,2,2,16,15
-13,22,1,42,6,0,0,0,0,0,1,9,6,0,0,2,11,309,2,37,2,7,10,5,9,13,6,3,4,2,2,16,0
-6,22,1,43,5,0,0,0,0,0,1,7,8,0,0,2,11,309,2,37,2,7,10,4,8,12,5,2,3,2,2,16,15
30,22,1,34,5,0,0,0,0,0,1,7,8,0,0,2,11,309,1,36,3,6,10,5,10,11,6,2,3,1,2,15,0
4,22,1,36,5,0,0,0,0,0,1,3,12,0,0,2,11,309,2,35,2,5,10,5,9,10,5,1,3,1,2,15,15
-37,22,1,38,4,0,0,0,0,0,1,26,4,0,0,2,11,309,1,35,4,5,10,5,8,9,5,1,2,1,2,15,30
33,22,1,31,5,0,0,0,0,0,1,11,19,0,0,2,11,309,2,33,3,4,10,7,8,8,5,1,2,0,2,14,45
-15,22,1,36,5,0,0,0,0,0,0,8,22,0,0,2,11,309,1,33,3,4,11,6,7,7,5,2,2,0,2,15,15
11,22,1,38,4,0,0,0,0,0,0,6,24,0,0,2,11,309,1,33,3,4,11,5,6,6,4,2,2,0,2,15,30
-2,22,1,31,3,0,0,0,0,0,0,3,27,0,0,2,11,309,1,33,3,5,11,4,5,5,3,2,2,0,2,14,45
-80,21,2,40,4,0,0,0,0,0,1,35,10,0,0,2,11,309,3,30,0,3,10,3,4,4,3,2,2,0,1,15,45
-25,21,2,34,3,0,0,0,0,0,1,33,12,0,0,2,11,309,2,30,0,3,10,2,3,3,3,2,2,0,2,15,0
2,21,2,30,2,0,0,0,0,0,1,33,12,0,0,2,11,309,2,30,0,3,10,1,2,2,2,1,2,0,3,14,15
-41,21,4,31,2,0,0,0,0,0,1,1,44,0,0,2,11,309,3,29,2,6,14,1,1,7,1,1,2,0,2,14,45
44,15,7,19,9,0,2,1,1,0,1,8,7,0,0,2,11,309,3,17,5,7,13,9,11,22,12,8,2,2,2,11,45
156,15,7,11,8,0,2,1,1,0,1,7,8,0,0,2,11,309,3,17,5,7,13,8,10,21,11,7,2,2,2,10,30
-191,15,7,45,8,0,2,1,1,0,0,6,9,0,0,2,11,309,3,17,5,8,13,7,10,20,10,6,1,2,2,16,30
-3,15,7,29,7,0,2,1,1,0,0,5,10,0,0,2,11,309,2,17,5,8,13,6,9,19,10,7,1,1,1,13,30
20,15,7,27,7,0,2,1,0,0,0,13,2,0,0,2,11,309,2,17,6,9,14,5,11,18,9,7,1,1,1,12,45
67,13,5,19,9,0,1,1,0,0,0,8,7,0,0,2,11,309,2,15,4,7,13,5,10,18,10,6,1,1,2,11,45
15,12,5,21,9,0,0,1,0,0,0,0,15,0,0,2,11,309,1,15,5,8,13,5,12,17,10,6,1,1,2,12,0
-235,12,6,40,9,0,0,1,0,0,0,14,1,0,0,2,11,309,2,14,4,7,12,4,11,16,9,5,0,1,1,15,45
32,12,6,21,9,0,2,0,0,0,0,9,6,0,0,2,11,309,4,12,2,6,11,3,12,15,8,4,0,0,2,12,0
-2,9,4,27,8,0,2,0,0,0,1,11,4,0,0,2,11,309,2,11,3,6,10,6,11,18,10,5,0,0,1,12,45
-13,8,4,25,7,0,2,0,0,0,2,2,13,0,0,2,11,309,2,10,3,6,10,7,11,18,10,5,0,0,2,12,30
9,8,5,17,6,0,3,0,0,0,2,7,8,0,0,2,11,309,1,9,4,5,9,9,11,17,11,5,0,0,2,11,30
9,8,5,15,5,0,3,0,0,0,2,4,11,0,0,2,11,309,1,9,4,5,9,8,10,17,10,5,0,0,2,11,15
138,8,6,0,5,0,2,0,1,0,2,3,12,0,1,2,11,309,2,8,3,4,8,7,9,16,9,5,0,0,1,9,0
-15,8,6,23,4,0,2,0,1,0,2,1,14,0,0,2,11,309,2,8,3,5,8,6,8,15,8,5,0,0,2,12,15
19,7,5,12,4,0,2,0,1,0,1,4,11,0,0,2,11,309,1,8,3,6,8,6,8,15,8,4,0,0,1,10,45
8,7,5,17,3,0,2,0,1,0,1,4,11,0,0,2,11,309,1,8,3,6,8,5,7,14,7,4,0,0,2,11,30
49,7,5,12,3,0,2,0,1,0,1,1,14,0,0,2,11,309,2,7,3,5,7,5,6,14,6,4,0,0,1,10,45
-81,6,4,23,3,0,2,0,1,0,0,14,1,0,0,2,11,309,1,7,3,5,7,4,5,14,6,3,0,0,2,12,15
-33,6,4,25,2,0,2,0,1,0,0,13,2,0,0,2,11,309,1,7,3,5,7,3,4,13,5,3,0,0,2,12,30
23,5,5,14,3,0,2,0,1,0,0,6,9,0,0,2,11,309,2,5,3,5,5,3,8,12,5,3,0,0,2,11,0
-20,4,4,15,4,0,1,0,1,0,0,1,14,0,0,2,11,309,2,4,2,4,4,2,7,11,5,3,0,0,2,11,15
5,2,2,7,5,0,1,0,1,0,0,8,7,0,0,2,11,309,2,2,1,2,2,6,8,10,6,4,0,0,1,10,0
29,1,1,7,6,0,1,0,0,0,0,9,6,0,0,2,11,309,1,1,1,1,1,5,9,9,7,3,0,0,1,10,0
37,1,1,5,5,0,1,0,0,0,0,7,8,0,0,2,11,309,1,1,1,1,1,4,8,8,6,3,0,0,3,9,45
66,1,1,3,5,0,0,0,0,0,0,2,13,0,0,2,11,309,1,1,1,1,1,4,7,7,5,2,0,0,2,9,30
-46,1,1,10,4,0,0,0,0,0,0,12,3,0,0,2,11,309,1,1,1,1,1,3,6,6,4,2,0,0,1,10,15
10,1,1,2,3,0,0,0,0,0,0,10,5,0,0,2,11,309,1,1,1,1,1,2,5,5,3,2,0,0,2,9,15
6,0,0,0,3,0,0,0,0,0,0,0,10,0,1,2,11,309,0,0,0,0,0,4,4,4,4,4,0,0,1,9,0
-63,0,0,7,2,0,0,0,0,0,0,0,21,0,0,2,11,309,0,0,0,0,0,3,3,3,3,3,0,0,1,10,0
18,0,0,3,1,0,0,0,0,0,0,0,29,0,0,2,11,309,0,0,0,0,0,2,2,2,2,2,0,0,2,9,30
15,0,0,5,0,0,0,0,0,0,0,0,30,0,0,2,11,309,0,0,0,0,0,1,1,1,1,1,0,0,3,9,45
12,29,4,46,5,0,0,1,0,0,0,2,13,0,0,6,11,306,4,41,3,3,10,4,6,12,3,3,3,0,1,17,15
62,29,4,43,4,0,0,1,0,0,0,1,14,0,0,6,11,306,4,41,3,4,10,4,5,11,2,2,3,0,1,16,45
16,27,4,41,5,0,0,1,0,0,0,14,1,0,0,6,11,306,3,39,1,4,9,3,5,10,4,3,3,1,2,16,30
43,26,3,39,5,0,0,0,0,0,0,12,3,0,0,6,11,306,2,39,1,4,9,3,5,9,4,2,3,1,2,16,15
-1,26,3,45,4,0,0,1,0,0,0,1,14,0,0,6,11,306,3,38,1,5,9,2,4,8,3,1,3,1,1,17,0
30,25,3,43,3,0,0,1,0,0,0,13,2,0,0,6,11,306,2,38,3,6,9,2,5,10,3,1,3,1,1,16,45
21,25,3,38,4,0,0,0,0,0,0,9,6,0,0,6,11,306,3,37,4,7,8,2,6,10,2,0,2,1,2,16,0
-36,23,1,41,4,0,1,0,0,0,0,12,3,0,0,6,11,306,2,35,4,5,7,4,5,11,4,1,2,0,2,16,30
16,22,1,35,4,0,1,1,0,0,0,5,10,0,0,6,11,306,2,33,3,4,9,4,5,11,5,1,2,0,2,15,30
-6,22,1,36,4,0,0,1,0,0,0,0,15,0,0,6,11,306,2,33,3,4,9,3,5,10,4,0,2,0,1,15,45
8,22,1,36,5,0,0,1,0,0,0,12,3,0,0,6,11,306,4,31,1,2,7,2,5,9,3,0,2,0,1,15,45
27,22,1,39,4,0,0,1,0,0,0,9,6,0,0,6,11,306,3,31,2,2,8,1,4,8,3,1,2,0,2,16,15
-2,21,2,31,4,0,1,1,0,0,0,6,9,0,0,6,11,306,1,29,1,5,11,5,7,9,6,2,2,0,1,14,45
7,21,3,30,3,0,1,1,0,0,0,1,14,0,0,6,11,306,1,29,1,5,11,5,6,8,5,2,2,0,2,14,30
-8,21,3,34,3,0,1,0,0,0,0,43,2,0,0,6,11,306,1,29,1,5,11,4,5,8,4,2,2,0,1,15,15
-141,21,4,47,2,0,1,0,0,0,0,28,17,1,0,6,11,306,1,29,3,8,14,4,4,8,3,1,2,0,2,17,30
25,21,5,33,1,0,1,1,0,0,0,21,24,0,0,6,11,306,1,28,4,7,14,3,3,8,3,0,2,0,1,15,0
-24,21,6,31,1,0,0,1,0,0,0,17,28,0,0,6,11,306,1,28,4,7,14,2,2,7,2,0,2,0,1,14,45
-20,21,6,29,2,0,0,1,0,0,0,5,40,0,0,6,11,306,3,26,3,6,14,1,2,6,1,0,2,0,1,14,15
10,15,5,25,4,0,0,4,0,0,0,5,10,0,0,6,11,306,1,20,3,8,12,4,5,12,8,5,2,1,1,13,0
-21,13,3,28,5,0,0,3,0,0,0,10,5,0,0,6,11,306,0,19,4,7,12,4,7,12,9,5,1,1,1,13,30
41,13,4,23,4,0,0,4,0,0,0,0,15,0,0,6,11,306,1,18,4,6,11,3,7,13,8,4,1,0,2,12,45
10,13,4,23,3,0,0,4,0,0,0,12,3,0,0,6,11,306,1,18,4,6,11,2,6,13,7,3,1,0,2,12,45
18,11,3,21,5,0,0,4,0,0,0,11,4,0,0,6,11,306,2,15,3,6,10,4,8,13,8,4,1,0,2,12,30
-19,10,5,19,6,0,0,5,0,0,0,4,11,0,0,6,11,306,2,12,2,5,11,6,8,14,10,4,1,0,2,12,15
4,10,5,27,5,0,0,5,0,0,0,1,14,0,0,6,11,306,2,12,2,5,12,5,7,13,9,4,1,0,1,13,15
77,10,5,19,5,0,0,4,0,0,0,11,4,0,0,6,11,306,2,12,3,5,12,5,6,13,8,3,1,0,2,12,15
-14,9,4,25,4,0,0,4,0,0,0,8,7,0,0,6,11,306,1,12,3,5,12,4,6,12,8,4,1,0,1,13,0
43,8,3,16,5,0,0,3,0,0,0,9,6,0,0,6,11,306,1,11,3,5,11,3,8,13,8,5,1,1,1,11,45
22,8,3,16,6,0,0,2,0,0,0,7,8,0,0,6,11,306,2,10,2,4,10,2,7,12,7,5,1,1,1,11,45
25,8,3,18,6,0,0,2,0,0,0,28,2,0,0,6,11,306,3,9,2,4,9,2,6,12,6,5,1,1,2,12,0
43,5,3,12,6,0,0,3,0,0,0,5,25,0,0,6,11,306,1,7,1,6,7,5,7,13,9,6,1,1,2,11,15
16,5,4,14,6,0,0,2,0,0,0,8,7,0,0,6,11,306,0,7,3,7,7,4,7,14,9,5,1,1,2,11,30
-47,5,5,12,6,0,0,1,0,0,0,1,14,0,0,6,11,306,0,7,3,7,7,3,8,13,8,4,1,1,2,11,15
24,5,5,11,5,0,0,1,0,0,0,13,2,0,0,6,11,306,0,7,5,7,7,2,7,12,7,4,1,1,2,11,0
-45,5,5,21,6,0,0,0,0,0,0,10,5,0,0,6,11,306,1,6,4,6,6,1,6,11,6,3,0,1,2,12,30
-46,2,2,14,8,0,0,1,0,0,0,9,6,0,0,6,11,306,2,2,2,2,2,5,7,12,8,4,0,0,2,11,30
52,2,2,6,8,0,0,1,0,0,0,7,8,0,0,6,11,306,3,1,1,1,1,4,7,11,7,4,0,0,2,10,0
10,2,2,10,7,0,0,1,1,0,0,13,2,0,0,6,11,306,2,0,0,0,0,4,8,10,8,4,0,0,1,10,30
40,1,1,8,6,0,0,1,1,0,0,5,10,0,0,6,11,306,1,0,0,0,0,3,7,9,8,5,0,0,1,10,15
72,0,0,6,5,0,0,1,1,0,0,3,12,0,0,6,11,306,0,0,0,0,0,2,6,8,8,5,0,0,2,10,0
10,0,0,2,4,0,0,1,1,0,0,2,13,0,0,6,11,306,0,0,0,0,0,3,7,7,7,4,0,0,2,9,30
9,0,0,4,3,0,0,1,1,0,0,0,19,0,0,6,11,306,0,0,0,0,0,4,6,6,6,4,0,0,2,9,45
-8,0,0,4,2,0,0,1,1,0,0,0,22,0,0,6,11,306,0,0,0,0,0,3,5,5,5,4,0,0,2,9,45
8,0,0,1,1,0,0,1,1,0,0,0,29,0,0,6,11,306,0,0,0,0,0,4,4,4,4,3,0,0,2,9,15
-40,0,0,8,1,0,0,0,1,0,0,0,30,0,0,6,11,306,0,0,0,0,0,3,3,3,3,2,0,0,1,10,15
20,0,0,0,1,0,0,0,0,0,0,0,54,0,1,6,11,306,0,0,0,0,0,2,2,2,2,2,0,0,1,9,0
18,0,0,2,0,0,0,0,0,0,0,0,55,0,0,6,11,306,0,0,0,0,0,1,1,1,1,1,0,0,2,9,30
12,34,6,45,3,0,2,0,0,0,0,2,13,0,0,5,11,305,2,43,4,8,14,4,6,12,4,2,5,2,1,17,0
16,34,7,43,3,0,2,0,0,0,0,13,2,0,0,5,11,305,2,42,4,8,13,3,5,11,4,2,5,1,1,16,45
-5,34,7,47,3,0,2,1,0,0,0,3,12,1,0,5,11,305,4,40,3,6,12,3,4,10,3,1,4,1,1,17,30
26,33,7,43,3,0,2,1,0,0,0,9,6,0,0,5,11,305,4,39,4,6,12,3,3,11,3,1,4,0,1,16,45
3,31,6,41,5,0,1,1,0,0,0,7,8,0,0,5,11,305,3,37,3,6,12,2,6,13,5,3,4,0,2,16,30
-29,29,5,46,6,0,0,2,0,0,0,12,3,0,0,5,11,305,3,35,2,4,10,1,7,13,6,4,4,0,2,17,15
-17,25,2,41,6,0,0,2,0,0,1,5,10,0,0,5,11,305,1,33,2,7,11,6,8,14,9,3,4,0,2,16,30
21,25,3,36,6,0,0,2,0,0,2,14,1,0,0,5,11,305,3,31,2,5,10,5,10,14,8,3,4,1,2,15,45
22,25,3,38,5,0,0,2,0,0,2,13,2,0,0,5,11,305,3,31,2,5,10,4,9,13,7,3,4,1,1,16,0
70,25,3,29,5,0,0,1,0,0,2,7,8,0,0,5,11,305,3,31,3,6,11,3,8,12,6,2,4,1,2,14,45
14,25,3,38,5,0,0,0,0,0,2,4,11,0,0,5,11,305,3,31,3,6,12,2,7,12,5,2,4,1,1,16,0
31,24,2,34,4,0,0,0,0,0,2,0,15,0,0,5,11,305,1,31,4,6,13,2,7,11,6,2,4,1,2,15,30
13,24,5,34,4,0,0,1,1,0,2,0,15,0,0,5,11,305,3,27,3,4,14,6,7,13,6,2,4,1,2,15,30
-67,24,5,36,4,0,0,1,1,0,2,10,5,0,0,5,11,305,3,27,2,5,14,5,7,13,6,3,4,1,2,15,45
-73,23,4,40,5,0,0,1,1,0,1,4,11,0,0,5,11,305,3,26,2,4,14,4,6,14,6,3,3,1,2,16,15
22,23,4,31,5,0,0,1,1,0,0,2,13,0,0,5,11,305,3,26,2,4,14,3,6,13,5,3,3,0,1,15,0
10,22,4,33,4,0,0,1,1,0,0,0,15,0,0,5,11,305,2,26,2,5,14,2,5,12,5,3,3,0,2,15,15
-30,22,6,31,5,0,0,0,1,0,0,33,12,0,0,5,11,305,3,25,1,7,14,2,5,12,4,3,3,0,1,15,0
17,19,7,29,5,0,0,0,1,0,0,6,39,0,0,5,11,305,0,24,4,10,16,3,6,16,7,4,3,1,2,14,45
8,19,7,27,5,0,0,0,0,0,0,14,1,0,0,5,11,305,0,24,6,10,16,3,6,15,6,3,3,1,1,14,15
38,19,9,23,4,0,1,0,1,0,0,2,13,0,0,5,11,305,2,22,6,10,15,3,8,15,5,2,3,2,1,13,0
-46,16,7,28,4,0,3,0,1,0,0,4,11,0,0,5,11,305,1,19,5,8,13,4,8,17,8,4,3,2,2,14,30
75,14,6,23,6,0,3,0,1,0,0,4,11,0,0,5,11,305,2,16,4,7,11,6,9,19,9,4,2,2,1,13,0
39,14,6,25,6,0,3,0,1,0,0,14,1,0,0,5,11,305,3,15,3,6,10,5,9,18,8,4,2,2,1,13,15
20,12,5,26,5,0,3,1,1,0,0,5,10,0,0,5,11,305,2,14,3,6,11,5,10,17,9,4,2,2,1,13,30
80,12,6,12,5,0,2,1,2,0,0,13,2,0,0,5,11,305,3,13,3,6,11,6,9,16,8,3,1,2,2,11,45
19,11,5,21,5,0,1,1,2,0,0,9,6,0,0,5,11,305,2,13,3,6,11,5,8,15,8,3,1,1,2,12,45
9,10,4,21,4,0,1,1,2,0,0,8,7,0,0,5,11,305,1,13,3,6,11,4,7,14,8,3,1,1,2,12,45
26,9,4,17,4,0,2,1,2,0,0,7,8,0,0,5,11,305,2,11,3,5,10,5,9,15,8,3,1,1,2,12,15
26,9,4,19,3,0,2,1,2,0,0,2,13,0,0,5,11,305,2,11,3,5,10,5,9,15,7,3,1,1,2,12,30
46,9,4,19,3,0,2,1,1,0,0,0,15,0,0,5,11,305,2,11,3,5,10,4,8,14,6,3,1,1,2,12,30
-257,8,4,47,5,0,1,1,1,0,0,0,15,1,0,5,11,305,2,9,2,4,9,5,10,15,7,2,0,1,1,17,30
31,8,4,12,5,0,1,1,1,0,0,10,5,0,0,5,11,305,2,8,1,4,8,5,9,14,7,3,0,0,2,11,45
40,7,4,15,4,0,1,1,1,0,0,6,9,0,0,5,11,305,1,8,2,4,8,5,8,13,7,4,0,0,2,12,0
53,6,5,10,3,0,1,2,1,0,0,3,12,0,0,5,11,305,1,7,2,5,7,7,7,14,7,4,0,0,3,11,30
12,5,4,17,3,0,1,1,1,0,0,1,14,0,0,5,11,305,0,7,2,5,7,6,6,13,7,4,0,0,2,12,15
-1,5,4,15,3,0,1,1,0,0,0,12,3,0,0,5,11,305,0,7,2,6,7,5,6,12,6,3,0,0,2,12,0
23,5,4,10,2,0,1,2,0,0,0,7,8,0,0,5,11,305,1,6,2,5,6,4,6,11,5,3,0,0,3,11,30
40,5,4,7,1,0,1,2,0,0,0,29,1,0,0,5,11,305,1,6,4,5,6,3,6,11,4,3,0,0,1,11,0
-2,5,4,12,1,0,1,2,0,0,0,26,4,0,0,5,11,305,2,5,3,4,5,2,5,10,3,2,0,0,2,11,45
14,4,4,9,1,0,0,2,0,0,0,20,10,0,0,5,11,305,1,5,3,5,5,1,5,9,3,1,0,0,2,11,15
33,1,1,1,3,0,1,2,0,0,0,14,1,0,0,5,11,305,2,1,1,1,1,5,7,8,5,3,0,0,2,10,0
16,1,1,7,3,0,1,1,0,0,0,8,7,0,0,5,11,305,2,1,1,1,1,4,6,7,4,2,0,0,1,11,0
9,1,1,5,2,0,1,1,0,0,0,5,10,0,0,5,11,305,2,1,1,1,1,3,5,6,3,1,0,0,2,10,30
25,0,0,5,2,0,1,0,0,0,0,8,7,0,0,5,11,305,1,1,1,1,1,2,5,5,3,0,0,0,2,10,30
3,0,0,3,1,0,1,1,0,0,0,1,14,0,0,5,11,305,2,0,0,0,0,3,4,4,2,0,0,0,2,10,15
8,0,0,0,1,0,0,1,0,0,0,0,23,0,1,5,11,305,0,0,0,0,0,3,3,3,3,1,0,0,2,9,45
-41,0,0,3,0,0,0,1,0,0,0,0,23,0,0,5,11,305,0,0,0,0,0,2,2,2,2,1,0,0,2,10,15
-19,0,0,1,0,0,0,0,0,0,0,0,45,0,0,5,11,305,0,0,0,0,0,1,1,1,1,0,0,0,2,10,0
-3,31,2,45,0,0,0,1,0,0,0,3,12,1,0,4,10,304,1,44,2,3,11,2,2,7,1,1,8,0,1,17,0
34,29,1,40,0,0,0,2,0,0,0,9,6,0,0,4,10,304,1,42,1,5,12,1,4,7,2,1,8,1,1,16,0
8,29,4,43,2,0,0,1,0,0,0,9,6,0,0,4,10,304,1,40,4,8,13,4,6,11,3,3,8,3,1,16,30
-23,29,4,44,2,0,0,0,0,0,0,9,6,0,0,4,10,304,0,40,4,8,14,3,5,10,3,3,8,3,1,16,45
-10,28,3,40,1,0,2,0,0,0,0,11,4,0,0,4,10,304,0,37,2,8,12,3,4,12,4,4,7,3,1,16,0
-1,28,3,36,2,0,1,0,0,0,0,8,7,0,0,4,10,304,1,37,3,7,11,2,3,11,3,3,7,2,2,15,30
3,26,1,36,3,0,0,0,0,0,0,5,10,0,0,4,10,304,0,36,4,7,12,2,4,10,4,4,6,3,2,15,30
-6,25,2,38,3,0,1,0,0,0,2,10,5,0,0,4,10,304,2,32,3,4,11,2,6,11,5,4,5,3,2,15,45
-91,25,3,42,4,0,1,0,0,0,2,6,9,0,0,4,10,304,2,30,2,4,10,3,8,13,6,4,4,3,1,16,15
-15,25,4,32,5,0,0,0,0,0,2,38,7,0,0,4,10,304,1,29,3,5,11,5,7,12,7,5,4,2,1,14,45
-28,25,4,32,4,0,0,0,0,0,2,33,12,0,0,4,10,304,1,29,3,6,12,4,6,11,6,4,4,2,1,14,45
11,24,6,34,3,0,1,0,0,0,2,18,27,0,0,4,10,304,1,28,2,7,13,5,7,12,6,3,4,2,1,15,0
-77,24,6,38,3,0,1,0,0,0,1,17,28,0,0,4,10,304,1,28,3,7,13,4,6,11,5,2,3,2,2,15,45
13,23,6,31,4,0,1,0,0,0,1,9,36,0,0,4,10,304,2,26,1,6,12,3,5,11,5,3,3,1,2,14,30
-1,23,7,30,4,0,1,0,0,0,0,0,45,0,0,4,10,304,2,26,3,6,14,3,6,10,4,3,2,2,1,14,15
6,23,7,35,3,0,1,0,0,0,0,14,1,0,0,4,10,304,2,26,4,6,14,2,6,9,3,2,2,1,2,15,15
61,19,5,26,4,0,1,0,0,0,1,1,14,0,0,4,10,304,1,23,3,6,14,4,5,13,6,2,2,1,1,13,0
13,19,6,29,4,0,0,0,2,0,1,5,10,0,0,4,10,304,3,21,1,6,13,4,4,12,5,2,2,1,1,13,30
46,16,5,22,4,0,0,0,3,0,0,3,12,0,0,4,10,304,1,20,3,8,14,3,6,13,7,4,2,1,1,12,15
2,16,5,26,3,0,0,0,3,0,0,1,14,0,0,4,10,304,1,20,3,8,14,2,5,12,6,4,1,1,1,13,0
33,16,5,25,2,0,0,0,3,0,0,14,1,0,0,4,10,304,1,20,3,8,14,1,4,12,5,3,1,0,2,12,45
23,13,5,18,5,0,0,1,3,0,0,4,11,0,0,4,10,304,2,15,4,7,14,5,8,16,8,6,1,1,2,11,45
40,13,5,20,5,0,0,1,2,0,0,3,12,0,0,4,10,304,2,15,4,7,14,4,7,15,7,6,1,1,2,12,0
11,13,6,28,5,0,0,1,2,0,0,0,15,0,0,4,10,304,3,14,3,7,13,3,6,15,6,5,1,1,1,13,15
33,11,6,22,5,0,0,1,3,0,0,12,3,0,0,4,10,304,2,12,3,6,12,5,8,17,8,5,1,1,1,12,15
-7,11,7,20,5,0,0,1,3,0,0,7,8,0,0,4,10,304,3,11,2,7,11,4,9,16,7,4,0,1,2,12,0
5,9,5,17,4,0,0,1,3,0,0,0,15,0,0,4,10,304,1,11,4,7,11,3,8,17,8,4,0,0,2,11,30
6,9,5,24,4,0,0,1,2,0,1,8,7,0,0,4,10,304,1,10,4,6,10,4,8,16,8,5,0,0,1,12,30
74,9,5,13,4,0,0,1,1,0,1,8,7,0,0,4,10,304,1,9,4,6,10,3,7,16,7,4,0,0,2,11,0
11,7,5,11,5,0,1,1,2,0,1,10,5,0,0,4,10,304,3,6,2,6,6,6,9,16,8,4,0,0,2,10,45
-3,7,6,18,4,0,1,1,2,0,1,9,6,0,0,4,10,304,3,6,2,6,6,5,8,15,7,4,0,0,2,11,45
7,6,5,9,4,0,0,1,2,0,1,0,15,0,0,4,10,304,2,6,4,6,6,5,9,15,7,5,0,0,2,10,30
0,4,3,11,6,0,0,1,2,0,0,8,7,0,0,4,10,304,2,4,2,4,4,5,9,14,8,6,0,0,2,10,45
55,4,3,13,5,0,0,1,2,0,0,7,8,0,0,4,10,304,2,4,2,4,4,4,8,13,7,5,0,0,2,11,0
29,4,4,15,5,0,0,0,2,0,0,14,1,0,0,4,10,304,2,4,3,4,4,4,9,12,6,4,0,0,1,11,15
47,2,2,9,6,0,0,0,1,0,1,2,13,0,0,4,10,304,2,2,2,2,2,4,9,11,7,5,0,0,2,10,30
-6,2,2,15,5,0,0,0,1,0,1,8,7,0,0,4,10,304,2,2,2,2,2,5,8,10,6,4,0,0,1,11,15
43,2,2,4,6,0,0,0,0,0,1,2,13,0,0,4,10,304,2,1,1,1,1,5,8,9,6,4,0,0,2,9,45
-27,1,1,8,6,0,0,0,1,0,0,4,11,0,0,4,10,304,2,0,0,0,0,6,7,8,6,4,0,0,2,10,15
24,1,1,6,5,0,0,0,1,0,0,1,14,0,0,4,10,304,2,0,0,0,0,5,7,7,5,3,0,0,1,10,0
10,1,1,2,4,0,0,0,1,0,0,13,2,0,0,4,10,304,1,0,0,0,0,4,6,6,5,2,0,0,2,9,30
51,0,0,1,3,0,0,0,1,0,0,4,11,0,0,4,10,304,0,0,0,0,0,4,5,5,5,2,0,0,2,9,15
38,0,0,2,2,0,0,0,1,0,0,2,13,0,0,4,10,304,0,0,0,0,0,3,4,4,4,1,0,0,2,9,30
81,0,0,6,1,0,0,0,1,0,0,8,7,0,0,4,10,304,0,0,0,0,0,2,3,3,3,1,0,0,1,10,0
-16,0,0,4,0,0,0,0,1,0,0,0,9,0,0,4,10,304,0,0,0,0,0,2,2,2,2,1,0,0,2,9,45
20,0,0,0,0,0,0,0,0,0,0,0,26,0,1,4,10,304,0,0,0,0,0,1,1,1,1,1,0,0,1,9,0
85,35,1,41,2,0,1,0,0,0,1,0,15,0,0,3,10,303,1,47,1,5,10,4,5,8,4,2,7,2,1,16,0
20,35,2,51,2,0,1,0,0,0,0,10,5,1,0,3,10,303,1,47,1,6,10,4,4,7,3,2,6,2,1,17,45
32,34,1,49,2,0,0,0,0,0,0,3,12,0,0,3,10,303,0,47,2,6,12,3,3,7,3,1,5,1,1,17,15
34,34,1,47,1,0,1,0,0,0,0,0,15,0,0,3,10,303,1,46,1,5,11,2,2,6,2,0,5,0,1,17,0
-4,34,3,47,1,0,0,0,0,0,0,0,15,0,0,3,10,303,0,46,4,7,12,1,3,5,2,0,5,1,1,17,0
-7,33,4,44,2,0,2,1,0,0,0,0,15,0,0,3,10,303,2,41,4,6,11,2,4,10,4,3,5,2,1,16,30
30,31,2,40,3,0,1,2,0,0,0,6,9,0,0,3,10,303,2,39,2,4,11,2,3,11,5,4,4,2,2,15,45
-6,30,1,43,3,0,0,3,1,0,0,13,2,0,0,3,10,303,2,37,2,5,12,2,5,10,6,4,3,2,2,16,15
-14,29,1,41,3,0,0,4,1,0,0,4,11,0,0,3,10,303,2,35,3,5,12,4,6,11,7,4,3,2,1,16,0
123,29,4,34,2,0,1,4,1,0,0,29,1,0,0,3,10,303,1,34,3,7,13,4,8,10,8,4,3,2,2,15,0
41,29,4,36,2,0,1,4,1,0,0,20,10,0,0,3,10,303,1,33,3,6,12,4,7,9,8,5,2,2,2,15,15
-159,29,5,50,1,0,1,4,1,0,0,19,11,0,0,3,10,303,1,33,3,6,12,3,6,8,7,4,2,1,1,17,30
-8,28,5,32,2,0,0,4,1,0,0,2,28,0,0,3,10,303,0,32,4,7,14,5,6,8,8,5,2,1,2,14,45
42,28,6,36,2,0,0,4,2,0,0,41,4,0,0,3,10,303,2,30,3,5,13,4,6,8,7,4,1,1,2,15,15
54,28,7,31,2,0,0,4,1,0,0,32,13,0,0,3,10,303,2,30,5,7,14,3,5,9,6,3,1,0,2,14,15
-16,28,7,38,2,0,0,3,1,0,0,29,16,0,0,3,10,303,2,30,5,7,15,2,4,8,5,2,1,0,1,15,30
56,28,7,32,2,0,0,2,1,0,0,27,18,0,0,3,10,303,2,30,5,7,15,1,3,7,4,2,1,0,2,14,45
-38,23,5,34,5,0,1,1,2,0,0,6,9,0,0,3,10,303,2,25,3,7,13,2,3,10,8,5,1,0,2,15,0
-45,23,6,38,5,0,1,0,2,0,0,14,1,0,0,3,10,303,2,25,4,7,15,1,2,12,7,4,1,0,1,15,30
98,19,7,23,7,0,1,1,2,0,0,2,13,0,0,3,10,303,2,21,5,9,17,3,5,17,10,6,1,0,2,12,15
50,17,7,26,8,0,2,1,2,0,0,14,1,0,0,3,10,303,2,18,4,8,15,4,10,19,12,6,1,0,2,12,45
56,15,6,27,8,0,2,1,2,0,0,6,9,0,0,3,10,303,1,17,5,7,15,3,10,19,13,6,1,0,1,13,0
64,15,6,29,7,0,2,2,2,0,0,2,13,0,0,3,10,303,2,16,4,7,14,2,10,19,12,5,1,0,1,13,15
19,12,4,21,6,0,2,2,2,0,2,2,13,0,0,3,10,303,1,14,4,7,13,5,12,20,14,5,1,1,1,12,0
40,12,7,24,6,0,2,3,2,0,2,1,14,0,0,3,10,303,2,12,3,8,12,8,12,20,14,6,1,1,1,12,30
33,12,7,27,6,0,2,3,1,0,2,0,15,0,0,3,10,303,2,12,4,8,12,7,11,19,13,5,1,1,1,13,0
15,11,6,30,5,0,2,3,1,0,2,7,8,0,0,3,10,303,1,12,4,8,12,8,12,18,13,4,1,1,1,13,30
73,10,5,21,6,0,1,4,1,0,2,3,12,0,0,3,10,303,2,10,3,7,10,8,12,17,13,4,1,1,1,12,0
-3,10,5,18,6,0,1,4,1,0,1,2,13,0,0,3,10,303,2,10,3,7,10,7,11,17,12,3,1,1,2,11,45
76,10,5,16,6,0,1,3,1,0,1,1,14,0,0,3,10,303,2,10,3,7,10,6,10,16,11,2,1,1,3,11,30
6,9,5,18,6,0,1,3,1,0,0,7,8,0,0,3,10,303,1,10,6,8,10,5,10,16,11,2,1,1,2,11,45
69,9,5,12,6,0,0,3,1,0,0,6,9,0,0,3,10,303,1,10,6,8,10,4,9,15,10,1,1,1,2,11,0
25,9,6,24,6,0,0,4,1,0,0,0,15,0,0,3,10,303,2,8,4,6,8,5,10,14,10,2,1,1,1,12,30
56,9,6,16,6,0,0,4,0,0,0,12,3,0,0,3,10,303,2,8,4,7,8,4,10,14,9,2,1,1,3,11,30
2,9,6,18,7,0,0,3,0,0,0,3,12,0,0,3,10,303,3,7,4,6,7,5,9,13,8,1,0,1,2,11,45
38,6,5,10,9,0,0,3,0,0,0,4,11,0,0,3,10,303,3,4,2,4,4,6,9,13,10,2,0,0,2,10,45
-243,5,4,44,8,0,0,3,0,0,0,0,15,0,0,3,10,303,2,4,2,4,4,6,8,12,10,3,0,0,1,16,30
55,5,4,14,7,0,0,3,0,0,0,12,3,0,0,3,10,303,2,4,3,4,4,6,7,11,9,3,0,0,2,11,15
40,5,5,14,7,0,0,3,0,0,0,5,10,0,0,3,10,303,3,3,2,3,3,5,6,12,8,3,0,0,2,11,15
33,4,4,6,6,0,0,3,0,0,0,7,8,0,0,3,10,303,1,2,3,3,3,5,7,12,9,4,0,0,2,10,15
50,3,3,8,6,0,0,3,0,0,0,5,10,0,0,3,10,303,1,2,2,2,2,4,6,11,9,5,0,0,2,10,30
16,3,3,6,5,0,0,3,0,0,0,1,14,0,0,3,10,303,1,2,2,2,2,3,5,11,8,5,0,0,2,10,15
7,3,3,12,5,0,0,3,0,0,0,13,2,0,0,3,10,303,2,1,1,1,1,2,4,10,7,4,0,0,2,11,0
-340,1,1,46,5,0,1,2,0,0,0,10,5,0,0,3,10,303,1,0,0,0,0,3,5,9,8,6,0,0,2,16,45
53,0,0,4,4,0,1,2,0,0,0,2,13,0,0,3,10,303,0,0,0,0,0,3,7,8,8,5,0,0,1,9,45
12,0,0,8,4,0,1,1,0,0,0,0,15,0,0,3,10,303,0,0,0,0,0,3,6,7,7,5,0,0,2,10,30
-29,0,0,10,3,0,1,1,0,0,0,0,2,0,0,3,10,303,0,0,0,0,0,2,6,6,6,4,0,0,2,10,45
7,0,0,5,2,0,1,1,0,0,0,0,14,0,0,3,10,303,0,0,0,0,0,4,5,5,5,3,0,0,2,10,0
35,0,0,2,2,0,1,0,0,0,0,0,34,0,0,3,10,303,0,0,0,0,0,4,4,4,4,3,0,0,1,9,30
11,0,0,2,1,0,1,0,0,0,0,0,38,0,0,3,10,303,0,0,0,0,0,3,3,3,3,2,0,0,1,9,30
26,0,0,0,1,0,0,0,0,0,0,0,41,0,1,3,10,303,0,0,0,0,0,2,2,2,2,1,0,0,1,9,0
30,0,0,1,0,0,0,0,0,0,0,0,58,0,0,3,10,303,0,0,0,0,0,1,1,1,1,1,0,0,2,9,15
32,45,8,60,2,0,0,0,0,0,0,1,0,0,0,2,10,302,2,60,6,10,14,1,3,10,1,1,5,1,1,17,30
3,37,3,60,6,0,0,0,0,0,3,10,5,0,0,2,10,302,1,52,3,5,12,5,9,14,9,3,5,2,1,17,30
115,37,3,45,5,0,0,1,0,0,3,8,7,0,0,2,10,302,2,51,2,4,11,4,8,13,8,3,5,2,2,15,45
17,37,3,57,6,0,0,2,0,0,2,11,4,0,0,2,10,302,3,49,2,3,10,6,7,13,8,3,4,2,2,17,15
-3,37,4,62,5,0,0,2,0,0,2,4,11,1,0,2,10,302,3,49,2,4,12,5,6,12,7,3,3,1,1,17,45
29,37,4,55,5,0,0,2,0,0,1,0,15,0,0,2,10,302,3,49,2,4,12,5,5,11,6,3,3,0,3,17,0
0,36,3,55,5,0,0,2,0,0,1,2,13,0,0,2,10,302,2,48,2,6,13,4,6,12,7,3,3,0,3,17,0
51,36,4,51,4,0,0,2,0,0,1,1,14,0,0,2,10,302,2,48,2,6,13,3,5,11,6,2,3,0,2,16,30
54,36,4,49,3,0,0,3,0,0,1,14,1,0,0,2,10,302,3,47,1,5,12,2,4,11,5,2,3,0,2,16,15
-24,36,5,57,3,0,0,3,0,0,0,1,14,0,0,2,10,302,3,47,2,6,13,1,5,12,4,2,3,0,2,17,15
26,33,3,51,4,0,0,3,0,0,1,10,5,0,0,2,10,302,1,44,4,8,14,5,6,16,8,4,3,0,2,16,30
10,33,3,49,4,0,0,3,0,0,1,5,10,0,0,2,10,302,1,43,3,7,14,4,7,15,8,4,3,0,2,16,15
-29,32,2,47,6,0,0,3,0,0,0,11,4,0,0,2,10,302,2,41,2,6,13,4,7,15,8,4,3,0,2,16,0
-19,31,1,53,6,0,0,2,0,0,0,4,11,0,0,2,10,302,1,41,4,6,14,3,8,14,8,3,3,0,2,16,45
-1,31,1,43,6,0,0,2,0,0,0,11,4,0,0,2,10,302,2,40,4,6,14,2,8,13,7,3,3,0,2,15,30
-6,31,2,38,5,0,0,3,0,0,0,4,11,0,0,2,10,302,2,39,3,7,14,3,7,12,7,3,3,0,3,15,0
-10,30,4,43,6,0,0,3,1,0,0,9,6,0,0,2,10,302,2,36,3,6,17,6,10,15,9,6,3,0,2,15,30
-33,30,4,40,6,0,0,2,1,0,0,7,8,0,0,2,10,302,2,36,3,7,17,5,9,14,8,5,3,0,2,15,15
1,30,4,40,6,0,0,2,1,0,0,29,1,0,0,2,10,302,2,35,3,6,17,5,9,14,8,4,3,0,2,15,15
10,30,5,45,6,0,0,1,1,0,0,25,5,0,0,2,10,302,1,35,3,7,19,5,8,14,8,5,3,0,2,15,45
39,30,5,38,5,0,0,1,1,0,0,23,7,0,0,2,10,302,1,35,3,7,19,4,7,13,7,4,3,0,3,15,0
3,30,8,35,5,0,0,1,1,0,0,13,17,0,0,2,10,302,1,34,4,8,19,5,6,14,7,3,3,0,2,14,30
1,29,9,47,5,0,0,2,1,0,0,0,30,0,0,2,10,302,2,32,3,9,19,5,7,15,7,3,3,1,2,16,0
20,29,9,36,4,0,0,2,1,0,0,11,4,0,0,2,10,302,2,32,4,9,19,4,7,16,6,3,3,1,2,14,45
-11,27,9,36,4,0,0,2,1,0,0,0,15,0,0,2,10,302,1,31,5,11,19,3,7,17,7,5,3,1,2,14,45
-1,27,9,34,5,0,0,2,0,0,0,14,1,0,0,2,10,302,2,30,4,10,18,2,6,16,6,4,3,1,1,14,15
-160,26,10,53,5,0,0,1,1,0,0,3,12,0,0,2,10,302,2,29,4,11,18,1,5,16,6,4,3,1,2,16,45
12,20,8,31,6,0,0,3,1,0,0,3,12,0,0,2,10,302,0,25,7,11,19,4,10,20,11,5,3,1,1,13,15
6,20,8,33,5,0,0,3,1,0,0,3,12,0,0,2,10,302,0,25,7,12,19,3,9,19,10,4,2,1,1,13,45
-179,20,9,57,6,0,0,3,1,0,0,12,3,0,0,2,10,302,2,23,7,10,17,4,10,20,9,3,2,0,2,17,15
36,18,8,29,6,0,0,4,1,0,1,1,14,0,0,2,10,302,2,20,5,8,14,4,10,21,11,5,2,0,1,13,0
46,15,6,18,7,0,0,4,1,0,1,0,15,0,0,2,10,302,1,18,5,8,13,6,11,21,13,5,2,0,2,11,30
26,14,6,22,8,0,1,4,1,0,0,12,3,0,0,2,10,302,2,16,3,7,11,7,10,20,13,5,2,0,2,12,0
13,13,6,28,9,0,1,3,1,0,0,3,12,0,0,2,10,302,2,15,3,7,11,7,11,19,13,5,2,1,2,12,45
59,13,6,24,8,0,1,3,1,0,0,14,1,0,0,2,10,302,2,15,3,7,11,7,10,18,12,5,2,1,2,12,15
66,13,6,22,8,0,1,3,0,0,0,13,2,0,0,2,10,302,2,15,3,7,11,6,9,17,11,5,2,1,2,12,0
11,12,6,26,8,0,1,3,0,0,0,5,10,0,0,2,10,302,1,14,3,7,10,5,10,17,12,6,2,1,1,12,30
102,11,5,8,8,0,0,4,0,0,0,0,15,0,0,2,10,302,1,13,3,7,9,5,11,16,12,5,2,1,1,10,15
34,11,5,24,8,0,0,3,0,0,0,13,2,0,0,2,10,302,1,13,3,7,10,4,11,15,11,5,2,2,2,12,15
40,10,5,20,7,0,1,3,0,0,0,4,11,0,0,2,10,302,1,12,4,6,10,5,12,15,11,6,2,2,2,11,45
-23,10,5,29,7,0,1,2,0,0,0,1,14,0,0,2,10,302,1,12,4,6,10,4,11,14,10,5,2,2,1,13,0
137,9,5,11,6,0,1,3,0,0,0,5,10,0,0,2,10,302,1,11,4,5,9,5,11,13,10,5,2,2,3,10,45
49,8,4,16,7,0,1,3,0,0,0,11,4,0,0,2,10,302,2,9,3,4,9,8,10,12,10,6,2,2,2,11,15
19,7,3,26,6,0,1,3,0,0,0,6,9,0,0,2,10,302,1,9,3,5,9,8,9,12,10,7,1,2,1,12,30
5,7,4,32,6,0,1,3,0,0,0,13,2,0,0,2,10,302,2,8,2,4,8,7,8,12,9,6,1,1,1,13,30
44,6,3,18,6,0,1,3,0,0,0,5,10,0,0,2,10,302,1,7,1,3,7,7,8,13,10,6,1,1,2,11,30
80,6,3,16,5,0,1,3,0,0,0,4,11,0,0,2,10,302,1,7,1,3,7,6,7,12,9,6,1,1,2,11,15
45,6,3,13,4,0,1,4,0,0,0,2,13,0,0,2,10,302,2,6,1,2,6,5,6,11,8,6,1,1,2,11,0
13,6,4,13,4,0,0,4,0,0,0,14,1,0,0,2,10,302,2,6,1,2,6,4,5,11,7,6,0,1,2,11,0
-49,6,4,20,4,0,0,3,0,0,0,11,4,0,0,2,10,302,2,6,1,3,6,3,4,10,6,5,0,0,2,11,45
-202,5,3,40,3,0,0,3,0,0,0,7,8,0,0,2,10,302,1,6,2,3,6,2,3,10,6,5,0,0,2,15,15
23,4,3,13,3,0,0,2,0,0,0,5,10,0,0,2,10,302,0,6,2,4,6,2,3,10,6,5,0,0,2,11,0
66,3,3,10,4,0,1,1,0,0,0,7,8,0,0,2,10,302,1,4,2,4,4,2,5,11,6,5,0,0,2,10,30
23,2,2,11,4,0,1,1,0,0,0,7,8,0,0,2,10,302,1,3,3,3,3,2,7,10,6,5,0,0,3,10,45
-8,1,1,2,6,0,1,1,0,0,0,9,6,0,0,2,10,302,2,0,0,0,0,6,9,9,7,4,0,0,2,9,30
-67,0,0,8,5,0,1,1,0,0,0,0,2,0,0,2,10,302,0,0,0,0,0,5,8,8,8,6,0,0,1,10,15
29,0,0,6,4,0,1,1,0,0,0,0,3,0,0,2,10,302,0,0,0,0,0,4,7,7,7,5,0,0,2,10,0
16,0,0,4,4,0,0,1,0,0,0,0,8,0,0,2,10,302,0,0,0,0,0,3,6,6,6,4,0,0,2,9,45
57,0,0,6,3,0,0,1,0,0,0,0,13,0,0,2,10,302,0,0,0,0,0,5,5,5,5,3,0,0,2,10,0
55,0,0,4,3,0,0,0,0,0,0,0,19,0,0,2,10,302,0,0,0,0,0,4,4,4,4,2,0,0,2,9,45
16,0,0,2,2,0,0,0,0,0,0,0,39,0,0,2,10,302,0,0,0,0,0,3,3,3,3,2,0,0,2,9,30
1,0,0,0,1,0,0,0,0,0,0,0,40,0,1,2,10,302,0,0,0,0,0,2,2,2,2,1,0,0,1,9,0
22,0,0,1,0,0,0,0,0,0,0,0,41,0,0,2,10,302,0,0,0,0,0,1,1,1,1,0,0,0,2,9,15
23,27,1,41,3,0,0,1,0,0,0,41,4,0,0,6,10,299,2,39,1,5,8,2,4,9,3,1,3,0,1,17,0
2,27,1,43,2,0,0,1,0,0,0,37,8,1,0,6,10,299,1,39,1,5,8,2,3,8,3,1,3,0,1,17,30
-20,27,4,41,1,0,0,2,0,0,0,8,37,0,0,6,10,299,1,38,4,6,10,2,5,10,3,2,3,1,1,17,0
3,26,4,39,2,0,0,1,0,0,0,3,12,0,0,6,10,299,0,37,4,6,10,4,5,10,4,3,3,1,2,16,45
-37,25,4,39,4,0,0,1,0,0,0,7,8,0,0,6,10,299,2,34,2,3,8,3,5,9,4,3,3,1,2,16,45
-4,25,4,38,3,0,1,1,0,0,0,1,14,0,0,6,10,299,3,33,1,2,7,3,4,9,3,2,3,1,2,16,0
7,24,3,35,2,0,1,1,0,0,0,19,11,0,0,6,10,299,2,33,2,3,7,2,4,8,3,2,2,1,1,15,30
0,22,2,35,1,0,1,2,0,0,0,2,28,0,0,6,10,299,1,32,1,4,8,2,5,7,4,2,2,0,1,15,30
4,21,2,37,2,0,1,1,0,0,0,27,3,0,0,6,10,299,1,31,3,4,9,4,5,7,4,2,2,0,1,15,45
14,21,4,33,1,0,2,1,0,0,0,7,23,0,0,6,10,299,1,30,3,4,10,3,5,8,4,2,2,0,2,15,0
0,21,4,31,1,0,2,1,0,0,0,4,26,0,0,6,10,299,2,29,2,3,9,3,4,7,3,2,2,0,2,14,45
22,20,3,31,1,0,1,1,0,0,0,2,28,0,0,6,10,299,1,29,2,3,9,2,3,7,3,2,2,0,2,14,45
-25,19,4,33,2,0,1,1,0,0,0,21,24,0,0,6,10,299,2,27,1,4,10,2,3,8,3,2,2,0,2,15,0
3,17,4,30,3,0,0,1,0,0,0,3,42,0,0,6,10,299,1,26,2,6,11,1,4,9,4,1,2,1,2,14,15
37,15,4,26,4,0,0,1,0,0,1,10,5,0,0,6,10,299,2,23,3,6,12,3,5,9,5,1,2,1,1,13,0
38,13,4,26,6,0,0,0,0,0,1,6,9,0,0,6,10,299,1,21,3,5,14,3,6,10,7,4,1,1,1,13,0
27,13,4,29,6,0,0,0,0,0,1,3,12,0,0,6,10,299,2,20,3,5,13,2,6,9,6,4,1,0,1,13,30
71,12,5,18,6,0,0,0,0,0,0,3,12,0,0,6,10,299,1,20,3,7,14,3,5,11,6,3,1,0,2,11,45
32,11,4,22,5,0,0,3,0,0,0,14,1,0,0,6,10,299,2,17,3,6,13,4,5,13,7,4,1,0,2,12,15
-6,11,4,25,4,0,0,3,0,0,0,9,6,0,0,6,10,299,2,17,3,6,13,3,4,12,6,3,1,0,3,12,45
43,10,4,23,4,0,0,3,0,0,0,14,1,0,0,6,10,299,2,16,3,7,14,2,5,14,6,2,1,0,1,12,30
-60,9,3,26,5,0,0,2,0,0,0,5,10,0,0,6,10,299,2,15,3,8,13,1,4,13,6,3,1,0,1,13,0
41,7,2,20,6,0,0,3,0,0,0,3,12,0,0,6,10,299,2,12,5,8,11,3,9,13,8,5,1,1,1,12,0
63,6,4,14,6,0,1,4,0,0,0,2,13,0,0,6,10,299,3,9,3,7,9,5,10,14,9,5,1,1,2,11,15
15,6,4,20,5,0,1,4,0,0,0,0,15,0,0,6,10,299,2,9,3,7,9,4,9,13,9,6,1,1,1,12,0
24,5,4,16,6,0,1,4,0,0,0,13,2,0,0,6,10,299,1,7,3,5,7,6,9,15,11,6,1,1,2,11,30
-1,5,4,16,6,0,1,3,0,0,0,12,3,0,0,6,10,299,1,7,3,5,7,5,8,14,10,6,1,1,2,11,30
38,5,5,12,6,0,1,3,0,0,0,5,10,0,0,6,10,299,2,6,4,4,6,4,7,14,9,5,1,1,2,11,0
-73,5,5,18,7,0,1,2,0,0,0,13,2,0,0,6,10,299,2,5,3,4,5,6,6,15,9,5,1,1,2,11,45
-104,5,5,23,7,0,0,2,0,0,0,6,9,0,0,6,10,299,2,4,3,4,5,5,6,14,8,5,0,1,1,12,30
4,5,5,14,7,0,0,2,0,0,0,3,12,0,0,6,10,299,3,4,2,3,4,4,5,13,7,4,0,0,2,11,15
-1,2,2,12,7,0,1,2,0,0,0,4,11,0,0,6,10,299,2,2,0,2,2,3,6,12,9,6,0,0,2,11,0
67,2,2,6,6,0,1,2,0,0,0,3,12,0,0,6,10,299,2,2,0,2,2,2,5,11,8,5,0,0,2,10,15
-1,2,2,10,5,0,1,2,0,0,0,0,15,0,0,6,10,299,2,2,0,2,2,1,4,10,7,4,0,0,2,10,45
38,0,0,6,4,0,1,2,0,0,1,13,2,0,0,6,10,299,1,1,1,1,1,3,9,10,8,6,0,0,2,10,15
0,0,0,8,3,0,1,2,0,0,1,0,2,0,0,6,10,299,0,1,1,1,1,5,8,9,8,7,0,0,2,10,30
-12,0,0,8,4,0,1,1,0,0,1,0,5,0,0,6,10,299,1,0,0,0,0,4,7,8,7,6,0,0,2,10,30
7,0,0,4,3,0,1,1,0,0,1,0,18,0,0,6,10,299,0,0,0,0,0,6,6,7,7,6,0,0,1,9,45
2,0,0,5,2,0,1,1,0,0,1,0,22,0,0,6,10,299,0,0,0,0,0,5,5,6,6,6,0,0,2,10,0
-29,0,0,1,1,0,1,1,0,0,1,0,26,0,0,6,10,299,0,0,0,0,0,4,4,5,5,5,0,0,2,9,15
5,0,0,2,1,0,1,0,0,0,1,0,38,0,0,6,10,299,0,0,0,0,0,3,4,4,4,4,0,0,1,9,30
26,0,0,0,1,0,0,0,0,0,1,0,45,0,1,6,10,299,0,0,0,0,0,2,3,3,3,3,0,0,1,9,0
30,0,0,2,0,0,0,0,0,0,1,0,46,0,0,6,10,299,0,0,0,0,0,1,2,2,2,2,0,0,1,9,30
-100,0,0,10,0,0,0,0,0,0,0,0,87,0,0,6,10,299,0,0,0,0,0,1,1,1,1,1,0,0,2,10,45
-14,28,4,47,1,0,0,1,0,0,0,9,21,1,0,5,10,298,1,45,5,7,12,1,2,6,2,1,5,0,1,17,30
35,24,3,46,2,0,0,2,1,0,2,3,12,0,0,5,10,298,2,39,3,5,8,2,5,11,6,2,5,1,1,17,0
5,23,2,42,2,0,0,3,1,0,2,9,6,0,0,5,10,298,2,37,3,4,7,4,6,12,7,4,5,3,2,16,30
9,22,2,44,3,0,0,3,1,0,1,1,14,0,0,5,10,298,2,36,2,4,8,3,6,11,7,3,5,3,1,16,45
79,22,2,36,4,0,0,2,1,0,1,10,5,0,0,5,10,298,3,35,2,3,7,2,6,11,6,2,4,3,2,15,45
-8,21,1,44,4,0,0,2,1,0,0,11,4,0,0,5,10,298,1,35,2,3,8,3,6,12,7,4,4,2,1,16,45
-30,21,3,38,4,0,0,3,1,0,0,7,8,0,0,5,10,298,2,33,1,2,8,4,7,11,7,5,3,2,2,16,0
33,21,3,40,4,0,0,2,1,0,0,3,12,0,0,5,10,298,2,33,1,3,9,3,6,10,6,4,2,1,2,16,15
-35,20,2,42,3,0,0,2,1,0,0,7,8,0,0,5,10,298,1,33,1,3,10,3,6,9,6,5,2,0,2,16,30
7,20,2,38,3,0,1,2,0,0,0,12,3,0,0,5,10,298,2,32,1,4,11,4,5,8,5,4,2,0,2,16,0
-32,20,3,33,3,0,0,2,0,0,0,13,2,0,0,5,10,298,1,32,2,5,11,4,7,10,5,3,2,0,1,15,0
65,19,2,31,4,0,0,1,0,0,0,4,11,0,0,5,10,298,1,31,1,4,12,3,6,9,5,3,2,0,1,14,45
43,19,2,31,3,0,0,1,0,0,0,1,14,0,0,5,10,298,1,31,3,4,13,2,5,8,4,3,2,0,1,14,45
5,18,3,29,3,0,0,1,0,0,0,30,15,0,0,5,10,298,1,30,3,7,12,4,4,7,4,3,2,0,1,14,15
-19,18,5,35,3,0,1,1,0,0,0,12,33,0,0,5,10,298,2,28,3,7,12,3,3,8,4,3,2,0,2,15,30
23,17,4,30,4,0,1,0,0,0,0,3,42,0,0,5,10,298,2,27,2,6,11,2,4,9,4,2,2,0,2,14,30
40,17,4,28,3,0,1,0,0,0,0,2,43,0,0,5,10,298,2,27,3,6,11,1,3,9,3,1,2,0,1,13,30
70,13,5,23,7,0,1,1,0,0,0,12,3,0,0,5,10,298,2,21,3,5,13,3,5,15,8,4,2,0,2,12,30
-86,13,5,34,6,0,1,1,0,0,0,6,9,0,0,5,10,298,2,21,3,5,14,2,5,15,7,4,2,0,1,15,15
-194,13,5,40,5,0,1,1,0,0,0,0,15,0,0,5,10,298,2,21,3,5,14,1,6,14,6,4,2,1,2,16,15
15,9,3,26,9,0,1,1,0,0,0,3,12,0,0,5,10,298,2,16,2,7,13,7,12,18,10,4,2,2,1,13,0
47,8,3,21,8,0,1,1,0,0,0,12,3,0,0,5,10,298,1,16,2,8,15,8,11,17,10,4,2,2,1,12,15
3,8,3,21,7,0,1,1,0,0,0,10,5,0,0,5,10,298,1,16,2,8,15,7,11,17,9,3,2,2,1,12,15
-43,8,3,24,6,0,1,1,0,0,0,5,10,0,0,5,10,298,0,16,4,9,15,7,10,17,9,4,2,2,2,12,45
-146,8,3,36,6,0,0,1,0,0,0,3,12,0,0,5,10,298,0,16,4,9,16,7,9,16,8,4,1,2,2,15,45
45,8,3,19,5,0,0,1,0,0,0,9,6,0,0,5,10,298,0,16,7,10,16,7,8,17,7,3,1,1,2,12,0
2,8,3,24,6,0,0,1,0,0,0,8,7,0,0,5,10,298,2,14,5,8,14,6,8,16,6,3,1,1,2,12,45
25,8,3,19,6,0,0,0,0,0,0,2,13,0,0,5,10,298,2,14,5,9,14,5,8,15,5,2,1,1,2,12,0
-81,8,4,26,5,0,0,0,0,0,0,14,1,0,0,5,10,298,2,14,6,9,14,4,7,15,4,2,1,1,1,13,0
14,7,4,17,6,0,0,0,0,0,0,5,10,0,0,5,10,298,2,12,5,9,12,4,8,15,5,1,1,1,2,11,45
43,7,4,12,5,0,0,0,0,0,0,4,11,0,0,5,10,298,2,12,5,9,12,3,7,14,4,1,0,1,1,11,0
41,7,4,17,4,0,0,1,0,0,0,13,2,0,0,5,10,298,2,11,4,8,11,2,6,13,4,1,0,0,2,11,45
-15,5,3,14,3,0,2,1,1,0,0,11,4,0,0,5,10,298,2,8,3,7,8,4,7,13,6,3,0,0,2,11,15
-21,5,4,15,2,0,3,1,1,0,1,9,6,0,0,5,10,298,2,6,3,6,6,5,9,13,7,4,0,0,2,11,30
17,5,4,8,2,0,2,1,1,0,1,6,9,0,0,5,10,298,2,6,3,6,6,4,8,12,6,4,0,0,2,10,30
55,4,4,4,2,0,2,1,1,0,1,11,4,0,0,5,10,298,1,5,4,5,5,4,8,12,7,4,0,0,2,10,0
-8,4,4,10,3,0,1,1,1,0,1,9,6,0,0,5,10,298,2,4,3,4,4,3,7,11,6,3,0,0,2,10,45
12,3,3,12,2,0,2,1,1,0,1,9,6,0,0,5,10,298,2,3,3,3,3,5,7,11,6,3,0,0,1,11,0
-44,2,2,15,3,0,3,0,1,0,1,12,3,0,0,5,10,298,2,1,1,1,1,5,7,10,7,5,0,0,2,11,30
-15,2,2,8,3,0,2,0,1,0,1,9,6,0,0,5,10,298,2,1,1,1,1,4,6,9,6,4,0,0,2,10,30
-28,2,2,6,4,0,1,0,1,0,1,1,14,0,0,5,10,298,2,0,0,0,0,4,5,8,6,3,0,0,2,10,15
-40,2,2,6,3,0,1,0,1,0,1,1,14,0,0,5,10,298,2,0,0,0,0,3,4,7,5,2,0,0,2,10,15
-21,0,0,10,3,0,1,0,1,0,0,14,1,0,0,5,10,298,0,0,0,0,0,3,5,6,6,4,0,0,2,10,45
15,0,0,4,3,0,1,0,0,0,0,6,9,0,0,5,10,298,0,0,0,0,0,2,4,5,5,4,0,0,2,10,0
21,0,0,0,2,0,1,0,0,0,0,0,16,0,1,5,10,298,0,0,0,0,0,3,4,4,4,4,0,0,1,9,0
38,0,0,2,1,0,1,0,0,0,0,0,34,0,0,5,10,298,0,0,0,0,0,3,3,3,3,3,0,0,1,9,30
15,0,0,1,1,0,0,0,0,0,0,0,40,0,0,5,10,298,0,0,0,0,0,2,2,2,2,2,0,0,1,9,15
0,0,0,3,0,0,0,0,0,0,0,0,58,0,0,5,10,298,0,0,0,0,0,1,1,1,1,1,0,0,2,9,45
-6,29,6,54,1,0,0,0,0,0,0,26,4,1,0,4,10,297,1,53,4,8,15,1,3,9,1,1,7,2,1,18,0
-20,27,6,53,3,0,1,0,0,0,0,7,8,0,0,4,10,297,2,49,4,8,14,3,5,12,3,3,7,2,1,17,30
22,25,6,51,2,0,1,2,0,0,0,3,12,0,0,4,10,297,2,47,6,9,12,3,5,13,4,3,6,2,1,17,0
8,23,4,51,3,0,0,2,1,0,0,10,5,0,0,4,10,297,2,45,4,7,10,2,6,14,5,4,6,1,1,17,0
50,22,4,40,4,0,0,2,0,0,0,5,10,0,0,4,10,297,1,44,5,7,9,2,6,13,6,4,6,1,2,15,30
3,21,5,49,6,0,0,2,0,0,0,10,5,0,0,4,10,297,2,41,4,6,9,4,8,12,7,4,5,3,2,16,45
14,20,4,47,7,0,0,2,0,0,0,4,11,0,0,4,10,297,3,39,2,4,7,4,7,12,7,4,5,2,2,16,30
-34,19,3,46,7,0,0,2,0,0,0,0,15,0,0,4,10,297,1,38,3,3,8,6,10,15,9,5,5,3,2,16,15
37,19,3,40,6,0,0,2,0,0,0,13,2,0,0,4,10,297,1,38,3,3,8,5,9,14,8,4,5,3,2,15,30
-24,19,3,49,6,0,0,2,0,0,0,9,6,0,0,4,10,297,2,37,2,2,8,4,8,13,7,4,5,3,2,16,45
77,18,2,37,6,0,0,1,0,0,0,0,15,0,0,4,10,297,1,37,2,3,10,4,7,12,7,4,4,3,2,15,15
-27,18,2,44,6,0,0,1,0,0,0,9,6,0,0,4,10,297,2,36,1,3,9,3,6,11,6,3,4,2,1,16,0
27,18,2,37,5,0,0,1,0,0,0,7,8,0,0,4,10,297,2,36,1,4,10,3,5,11,5,3,3,2,2,15,15
48,16,1,42,6,0,0,0,0,0,0,3,12,0,0,4,10,297,0,35,0,3,12,4,5,11,7,5,2,1,2,15,45
-2,16,1,44,5,0,0,0,0,0,0,8,7,0,0,4,10,297,0,35,2,5,13,3,6,10,6,4,2,0,1,16,0
4,16,1,42,4,0,0,0,0,0,0,3,12,0,0,4,10,297,0,35,3,5,13,2,6,9,5,3,2,1,2,15,45
5,16,1,35,3,0,0,0,0,0,0,0,15,0,0,4,10,297,0,35,3,5,15,1,6,8,4,2,2,2,3,15,0
-7,15,5,35,3,0,1,1,0,0,0,24,21,0,0,4,10,297,0,32,3,8,16,5,6,12,6,3,2,2,3,15,0
34,15,5,30,3,0,1,1,0,0,0,14,31,0,0,4,10,297,1,31,4,9,16,4,6,11,5,2,2,2,2,13,30
18,15,6,34,3,0,1,1,0,0,0,12,33,0,0,4,10,297,2,30,3,8,15,3,5,10,4,2,2,2,2,14,45
8,15,7,37,2,0,1,1,0,0,0,3,42,0,0,4,10,297,1,30,4,8,15,3,4,13,4,1,1,2,2,15,15
-17,15,7,31,2,0,0,1,0,0,0,2,43,0,0,4,10,297,1,30,5,9,15,2,3,12,3,1,0,1,1,14,15
-8,12,7,31,4,0,0,1,0,0,0,8,7,0,0,4,10,297,1,27,5,9,13,2,5,16,5,0,0,0,1,14,15
-55,10,6,33,6,0,0,2,0,0,0,3,12,0,0,4,10,297,2,23,4,7,12,2,6,17,7,1,0,0,1,14,30
3,6,2,29,7,0,0,3,1,0,0,5,10,0,0,4,10,297,2,19,3,4,12,5,13,18,10,4,0,0,1,13,15
94,5,1,15,7,0,0,3,1,0,0,2,13,0,0,4,10,297,2,18,2,3,11,4,12,18,10,4,0,0,2,11,30
-7,5,1,27,6,0,0,3,1,0,0,9,6,0,0,4,10,297,2,18,3,4,11,4,12,17,9,4,0,0,1,13,0
37,4,0,25,7,0,0,3,1,0,0,3,12,0,0,4,10,297,2,16,1,2,10,6,11,16,10,5,0,0,2,12,45
62,4,0,13,6,0,0,3,1,0,0,12,3,0,0,4,10,297,1,16,1,4,10,5,11,15,10,5,0,0,2,11,15
7,4,0,19,6,0,0,3,1,0,0,9,6,0,0,4,10,297,1,15,1,5,11,9,11,17,10,5,0,0,2,12,0
24,4,0,23,5,0,0,3,1,0,0,8,7,0,0,4,10,297,1,15,1,5,11,8,10,16,9,4,0,0,2,12,30
-7,4,0,21,5,0,0,2,1,0,0,6,9,0,0,4,10,297,1,15,1,5,11,7,9,15,8,3,0,0,2,12,15
23,4,0,19,5,0,0,2,0,0,0,4,11,0,0,4,10,297,1,15,1,5,12,6,8,14,7,3,0,0,2,12,0
8,4,1,27,5,0,0,1,0,0,0,12,3,0,0,4,10,297,1,15,3,7,12,6,9,13,6,3,0,0,1,13,0
14,4,1,23,4,0,0,1,0,0,0,9,6,0,0,4,10,297,0,15,3,7,12,5,8,12,6,4,0,0,2,12,30
42,4,1,17,3,0,0,1,0,0,0,9,6,0,0,4,10,297,0,15,3,7,12,4,7,11,5,3,0,0,2,11,45
51,4,1,17,3,0,0,0,0,0,0,5,10,0,0,4,10,297,0,15,4,8,12,3,6,10,4,2,0,0,2,11,45
-273,4,1,47,2,0,0,0,0,0,0,0,15,0,0,4,10,297,0,15,5,8,12,3,6,10,3,1,0,0,2,16,30
-49,4,2,25,3,0,0,0,0,0,0,14,1,0,0,4,10,297,1,13,5,7,13,4,5,10,3,2,0,0,2,12,45
-11,4,2,13,3,0,0,0,1,0,0,4,11,0,0,4,10,297,1,11,4,6,11,3,5,11,4,3,0,0,2,11,15
-49,4,3,21,2,0,0,0,2,0,0,4,11,0,0,4,10,297,3,9,3,6,9,3,6,12,3,2,0,0,2,12,15
-39,4,3,15,2,0,0,0,2,0,0,4,11,0,0,4,10,297,3,9,3,6,9,3,6,12,3,2,0,0,2,11,30
-10,3,3,11,2,0,0,0,3,0,0,3,12,0,0,4,10,297,3,7,2,4,7,2,4,10,3,2,0,0,2,11,0
29,2,2,5,3,0,0,0,2,0,0,7,8,0,0,4,10,297,1,6,3,6,6,3,6,10,5,4,0,0,1,10,0
-26,2,2,11,3,0,0,0,2,0,0,3,12,0,0,4,10,297,2,5,2,5,5,2,6,10,4,3,0,0,2,11,0
-15,1,1,8,3,0,0,0,1,0,0,10,5,0,0,4,10,297,1,5,4,5,5,2,5,9,4,3,0,0,1,10,30
-60,0,0,8,3,0,0,0,2,0,0,3,12,0,0,4,10,297,0,3,3,3,3,4,6,9,6,4,0,0,1,10,30
14,0,0,5,5,0,0,0,1,0,1,4,11,0,0,4,10,297,2,0,0,0,0,5,5,8,6,4,0,0,1,10,0
-18,0,0,7,4,0,0,0,1,0,1,0,7,0,0,4,10,297,1,0,0,0,0,4,5,7,6,3,0,0,2,10,15
-6,0,0,3,3,0,0,0,1,0,1,0,11,0,0,4,10,297,1,0,0,0,0,3,5,6,5,3,0,0,2,9,45
-21,0,0,1,2,0,0,0,1,0,1,0,25,0,0,4,10,297,0,0,0,0,0,2,5,5,5,3,0,0,1,9,15
18,0,0,2,1,0,0,0,1,0,1,0,26,0,0,4,10,297,0,0,0,0,0,1,4,4,4,3,0,0,2,9,30
-58,0,0,3,0,0,0,0,1,0,1,0,64,0,0,4,10,297,0,0,0,0,0,3,3,3,3,2,0,0,2,9,45
19,0,0,0,0,0,0,0,0,0,1,0,69,0,1,4,10,297,0,0,0,0,0,2,2,2,2,1,0,0,1,9,0
-97,0,0,10,0,0,0,0,0,0,0,0,82,0,0,4,10,297,0,0,0,0,0,1,1,1,1,1,0,0,2,10,45
19,26,2,46,0,0,0,0,0,0,0,15,0,1,0,3,10,296,0,47,4,6,7,1,2,4,1,0,4,1,1,17,30
-16,25,1,46,1,0,1,1,0,0,0,5,10,1,0,3,10,296,2,43,2,2,8,1,2,5,2,0,4,0,1,17,30
38,24,0,43,1,0,0,3,0,0,0,27,18,0,0,3,10,296,1,41,0,4,6,1,3,6,4,2,4,1,1,16,45
-13,24,1,45,1,0,0,2,0,0,0,2,13,0,0,3,10,296,1,41,4,6,10,3,5,8,3,2,3,1,2,17,15
-29,24,1,44,4,0,0,1,0,0,0,3,12,0,0,3,10,296,3,38,3,3,8,2,4,8,3,3,3,0,1,17,0
46,24,1,42,4,0,0,1,0,0,0,4,11,0,0,3,10,296,3,37,2,3,8,3,3,7,3,2,3,0,1,16,0
-5,23,0,38,4,0,1,1,0,0,0,12,3,0,0,3,10,296,3,35,0,3,9,2,4,8,4,2,3,0,2,15,30
-9,23,0,40,3,0,1,1,0,0,0,12,3,0,0,3,10,296,3,35,0,3,9,1,3,7,3,2,3,0,1,15,45
-26,23,2,40,3,0,1,1,0,0,0,41,4,0,0,3,10,296,1,34,3,6,13,3,4,10,5,4,3,0,1,15,45
-17,23,3,35,3,0,1,1,0,0,0,30,15,0,0,3,10,296,1,33,4,7,13,3,4,11,5,3,3,0,1,15,0
-24,23,3,33,3,0,1,1,0,0,0,25,20,0,0,3,10,296,2,32,3,6,13,2,4,11,4,2,3,0,1,14,30
53,21,2,32,5,0,1,0,0,0,0,5,40,0,0,3,10,296,1,30,3,7,15,1,5,12,6,3,3,1,1,14,15
-36,21,4,35,5,0,2,1,0,0,0,1,14,0,0,3,10,296,2,27,4,7,16,4,8,14,7,4,3,1,1,15,0
36,20,3,28,4,0,3,1,0,0,0,13,2,0,0,3,10,296,2,26,3,7,15,3,7,13,7,3,3,1,1,13,0
-85,19,5,37,6,0,2,1,1,0,0,7,8,0,0,3,10,296,3,23,2,7,17,5,9,16,8,3,2,1,2,15,15
-43,19,5,38,5,0,2,1,1,0,0,7,8,0,0,3,10,296,3,23,2,7,17,4,8,15,7,3,2,0,2,15,30
10,18,5,31,5,0,2,1,1,0,0,2,13,0,0,3,10,296,2,22,4,8,17,6,8,16,8,4,2,0,1,13,30
-7,18,7,28,6,0,1,1,1,0,0,14,1,0,0,3,10,296,3,21,3,8,17,6,7,16,7,4,2,0,1,13,0
49,18,7,21,6,0,0,1,1,0,0,8,7,0,0,3,10,296,3,21,4,9,17,5,8,16,6,3,2,1,2,12,0
17,17,7,22,5,0,0,1,2,0,0,1,14,0,0,3,10,296,3,20,5,9,16,5,7,15,6,3,2,1,2,12,15
31,17,8,24,5,0,0,0,2,0,1,11,4,0,0,3,10,296,3,19,4,8,16,4,6,14,6,3,2,1,2,12,30
-14,17,8,30,4,0,0,0,2,0,1,5,10,0,0,3,10,296,3,19,5,10,17,3,8,14,5,3,2,1,1,13,15
-5,16,8,24,4,0,1,0,1,0,1,0,15,0,0,3,10,296,2,18,4,10,16,2,7,13,6,3,2,1,2,12,30
35,14,7,18,6,0,1,0,1,0,1,3,12,0,0,3,10,296,3,15,4,9,15,3,7,17,7,4,2,1,1,11,30
-84,11,6,34,7,0,1,1,1,0,1,12,3,0,0,3,10,296,2,12,4,8,12,5,10,20,10,7,2,2,2,14,45
18,11,7,18,7,0,1,1,1,0,0,8,7,0,0,3,10,296,2,12,5,8,12,5,9,19,9,7,1,2,1,11,30
24,9,6,16,8,0,1,1,0,0,0,11,4,0,0,3,10,296,1,11,5,8,11,6,8,20,10,7,1,1,2,11,15
-15,9,6,22,7,0,1,2,0,0,0,9,6,0,0,3,10,296,2,10,4,7,10,5,7,19,9,6,1,1,2,12,15
23,9,6,16,7,0,0,2,0,0,0,6,9,0,0,3,10,296,2,10,5,7,10,4,7,18,8,5,1,1,2,11,15
16,8,6,14,9,0,0,2,0,0,0,9,6,0,0,3,10,296,4,7,3,6,7,5,9,17,8,4,1,1,2,11,0
-22,7,6,20,8,0,0,2,0,0,1,3,12,0,0,3,10,296,4,6,2,6,6,4,10,16,8,3,1,1,1,11,45
-135,7,7,26,8,0,0,2,0,0,0,13,2,0,0,3,10,296,3,6,2,6,6,3,11,15,8,2,1,1,2,12,45
46,6,6,12,8,0,0,2,0,0,0,2,13,0,0,3,10,296,3,5,3,5,5,3,11,14,8,2,1,1,2,10,45
-57,5,5,26,7,0,0,2,1,0,0,13,2,0,0,3,10,296,3,4,3,4,4,3,11,13,8,2,0,1,2,12,45
14,3,3,14,6,0,0,3,1,0,0,8,7,0,0,3,10,296,1,3,3,3,3,8,12,14,10,4,0,0,2,11,0
24,2,2,4,6,0,0,3,1,0,0,0,15,0,0,3,10,296,1,2,2,2,2,9,11,13,10,4,0,0,2,9,45
12,2,2,12,6,0,0,2,1,0,1,12,3,0,0,3,10,296,2,1,1,1,1,8,10,12,9,3,0,0,2,10,45
32,2,2,8,5,0,0,2,1,0,1,11,4,0,0,3,10,296,2,1,1,1,1,7,9,11,8,3,0,0,2,10,15
-34,1,1,10,4,0,0,2,1,0,1,8,7,0,0,3,10,296,1,1,1,1,1,6,8,10,8,3,0,0,2,10,30
16,1,1,6,3,0,0,2,1,0,1,4,11,0,0,3,10,296,1,1,1,1,1,6,7,9,7,2,0,0,2,10,0
46,1,1,8,3,0,0,2,1,0,1,3,12,0,0,3,10,296,2,0,0,0,0,6,6,8,6,2,0,0,2,10,15
7,1,1,10,3,0,0,1,1,0,1,2,13,0,0,3,10,296,2,0,0,0,0,5,5,7,5,2,0,0,2,10,30
24,0,0,6,2,0,0,1,1,0,1,6,9,0,0,3,10,296,1,0,0,0,0,4,4,6,5,2,0,0,2,10,0
14,0,0,4,2,0,0,1,0,0,1,1,14,0,0,3,10,296,0,0,0,0,0,3,3,5,5,3,0,0,2,9,45
39,0,0,0,1,0,0,1,0,0,1,5,10,0,1,3,10,296,0,0,0,0,0,2,3,4,4,2,0,0,1,9,0
15,0,0,1,1,0,0,1,0,0,0,3,12,0,0,3,10,296,0,0,0,0,0,1,2,3,3,2,0,0,2,9,15
-10,0,0,2,0,0,0,1,0,0,0,0,49,0,0,3,10,296,0,0,0,0,0,2,2,2,2,2,0,0,2,9,30
18,0,0,2,0,0,0,0,0,0,0,0,59,0,0,3,10,296,0,0,0,0,0,1,1,1,1,1,0,0,2,9,30
14,34,5,51,2,0,0,1,0,0,1,8,7,1,0,2,10,295,3,47,3,8,12,2,3,9,2,1,2,1,1,17,30
52,32,3,50,3,0,0,1,0,0,1,1,14,0,0,2,10,295,2,45,6,7,11,2,4,9,4,2,1,2,1,17,15
1,30,1,46,4,0,0,2,0,0,1,7,8,0,0,2,10,295,2,42,4,5,11,2,6,13,6,2,1,1,2,16,45
30,29,1,43,6,0,0,2,0,0,1,8,7,0,0,2,10,295,4,39,1,4,8,2,6,13,6,1,0,1,2,16,15
-4,29,2,44,6,0,0,2,0,0,1,5,10,0,0,2,10,295,4,38,1,4,8,4,6,13,6,0,0,0,2,16,30
17,29,2,41,6,0,0,2,0,0,1,1,14,0,0,2,10,295,3,37,2,5,10,5,8,13,7,1,0,0,1,16,0
-1,29,2,48,5,0,0,2,0,0,1,1,14,0,0,2,10,295,3,37,2,6,10,4,8,12,6,1,0,0,1,17,0
0,29,3,48,5,0,0,2,0,0,0,29,1,0,0,2,10,295,3,37,2,6,10,3,7,11,5,1,0,0,1,17,0
43,28,2,39,7,0,0,1,0,0,0,12,18,0,0,2,10,295,3,35,1,4,11,2,8,10,6,2,0,0,2,15,45
-29,27,2,44,6,0,0,1,0,0,0,6,24,0,0,2,10,295,2,35,1,4,12,1,7,9,6,2,0,0,2,16,30
7,27,3,36,6,0,0,1,0,0,0,6,9,0,0,2,10,295,1,34,3,6,15,6,7,11,7,2,0,0,1,15,0
-9,27,3,39,6,0,0,2,0,0,0,3,12,0,0,2,10,295,3,32,1,4,13,5,6,10,6,2,0,0,2,15,45
-60,27,3,46,5,0,0,2,0,0,0,1,14,0,0,2,10,295,3,32,1,4,13,4,6,9,5,2,0,0,2,16,45
31,27,3,34,4,0,0,2,0,0,0,1,14,0,0,2,10,295,3,32,2,5,13,3,5,8,4,1,0,0,2,14,45
-3,26,4,36,3,0,0,3,0,0,0,12,3,0,0,2,10,295,2,31,1,4,13,3,4,7,5,1,0,0,1,15,0
-3,26,4,38,3,0,0,2,0,0,0,5,10,0,0,2,10,295,2,31,1,6,13,2,3,7,4,1,0,0,2,15,30
14,25,7,32,3,0,0,2,0,0,0,28,17,0,0,2,10,295,1,30,3,8,14,2,2,10,5,1,0,0,1,14,15
-5,24,10,34,4,0,0,2,0,0,0,2,43,0,0,2,10,295,2,28,6,9,15,1,4,10,5,1,0,0,2,14,45
12,17,5,30,8,0,0,3,0,0,0,10,5,0,0,2,10,295,1,22,4,7,14,3,8,12,11,4,0,0,1,13,15
-17,16,4,33,9,0,0,2,0,0,0,6,9,0,0,2,10,295,1,21,3,6,13,3,8,11,11,5,0,0,2,14,30
-90,16,4,41,8,0,0,2,0,0,0,5,10,0,0,2,10,295,1,21,3,7,13,2,7,11,10,4,0,0,1,16,0
50,13,4,24,10,0,0,2,0,0,0,6,9,0,0,2,10,295,1,18,3,6,12,6,9,15,12,4,0,0,2,12,30
15,13,4,28,11,0,0,1,0,0,0,2,13,0,0,2,10,295,2,17,3,6,12,5,8,14,11,3,0,0,1,13,0
45,13,4,28,10,0,0,2,0,0,0,13,2,0,0,2,10,295,2,16,2,5,11,4,7,13,11,3,0,0,1,13,0
38,13,4,31,10,0,0,1,0,0,0,12,3,0,0,2,10,295,2,16,2,5,11,3,6,12,10,3,0,0,1,13,30
39,13,4,24,9,0,0,1,0,0,0,9,6,0,0,2,10,295,2,16,2,5,12,2,5,11,9,3,0,0,2,12,30
90,12,5,20,9,0,0,1,0,0,0,9,6,0,0,2,10,295,2,15,2,7,11,2,4,13,9,2,0,0,2,12,0
4,10,6,18,10,0,0,0,0,0,1,1,14,0,0,2,10,295,2,13,4,7,12,3,9,17,10,4,0,0,2,11,45
38,9,6,22,10,0,0,0,0,0,1,7,8,0,0,2,10,295,1,12,4,6,11,2,8,17,11,4,0,0,2,12,15
49,9,6,22,9,0,0,0,0,0,1,6,9,0,0,2,10,295,1,12,4,6,11,1,7,16,10,3,0,0,2,12,15
76,5,4,17,11,0,0,0,1,0,1,5,10,0,0,2,10,295,1,8,3,6,8,6,9,19,13,4,0,0,2,11,30
56,5,4,9,12,0,0,0,1,0,0,2,13,0,0,2,10,295,2,7,2,5,7,5,8,20,12,4,0,0,2,10,30
37,5,4,20,11,0,0,0,1,0,0,12,3,0,0,2,10,295,2,7,2,6,7,4,9,19,11,3,0,0,2,12,0
51,5,4,15,10,0,0,0,1,0,0,10,5,0,0,2,10,295,2,7,3,6,7,3,9,18,10,3,0,0,1,11,15
50,4,4,13,9,0,0,0,1,0,0,5,10,0,0,2,10,295,1,7,3,6,7,3,9,17,10,4,0,0,2,11,0
10,4,4,26,8,0,0,1,1,0,0,2,13,0,0,2,10,295,2,6,2,5,6,2,9,16,9,3,0,0,2,12,45
75,2,2,15,8,0,0,2,1,0,0,9,6,0,0,2,10,295,1,4,3,4,4,6,11,15,11,5,0,0,1,11,15
-29,1,1,26,7,0,0,2,1,0,0,0,15,0,0,2,10,295,0,4,3,4,4,7,12,15,11,6,0,0,2,12,45
8,1,1,13,6,0,0,2,1,0,0,10,5,0,0,2,10,295,0,4,3,4,4,6,11,14,10,5,0,0,2,11,0
38,1,1,7,7,0,0,2,1,0,0,1,14,0,0,2,10,295,2,2,2,2,2,6,12,13,9,5,0,0,2,10,15
-20,1,1,11,7,0,0,1,1,0,0,14,1,0,0,2,10,295,2,2,2,2,2,6,11,12,8,4,0,0,2,10,45
6,1,1,9,7,0,0,1,1,0,0,10,5,0,0,2,10,295,3,1,1,1,1,6,10,11,7,4,0,0,2,10,30
23,0,0,11,6,0,0,1,1,0,0,6,9,0,0,2,10,295,2,1,1,1,1,6,9,10,7,3,0,0,2,10,45
68,0,0,4,6,0,0,1,0,0,0,5,10,0,0,2,10,295,2,1,1,1,1,5,8,9,6,3,0,0,1,9,45
39,0,0,0,5,0,0,1,0,0,0,10,5,0,1,2,10,295,0,1,1,1,1,5,7,8,7,3,0,0,1,9,0
-17,0,0,18,5,0,0,1,0,0,0,0,15,0,0,2,10,295,1,0,0,0,0,6,6,7,6,3,0,0,2,11,45
-35,0,0,6,4,0,0,1,0,0,0,13,2,0,0,2,10,295,1,0,0,0,0,5,5,6,5,3,0,0,2,10,0
9,0,0,7,3,0,0,1,0,0,0,9,6,0,0,2,10,295,1,0,0,0,0,4,4,5,4,3,0,0,2,10,15
41,0,0,2,2,0,0,1,0,0,0,1,14,0,0,2,10,295,1,0,0,0,0,3,4,4,3,2,0,0,2,9,30
-14,0,0,4,1,0,0,1,0,0,0,0,11,0,0,2,10,295,0,0,0,0,0,2,3,3,3,2,0,0,1,9,45
31,0,0,2,1,0,0,0,0,0,0,0,13,0,0,2,10,295,0,0,0,0,0,1,2,2,2,2,0,0,2,9,30
-16,0,0,1,0,0,0,0,0,0,0,0,52,0,0,2,10,295,0,0,0,0,0,1,1,1,1,1,0,0,2,9,15
35,21,5,40,3,0,0,0,0,0,1,1,14,0,0,6,10,292,1,38,3,7,10,3,5,10,4,2,2,0,1,16,45
28,21,5,38,2,0,0,1,0,0,1,11,4,0,0,6,10,292,2,37,3,7,9,2,4,9,3,1,2,0,2,16,30
-11,20,4,42,2,0,0,1,0,0,1,2,13,1,0,6,10,292,2,36,2,6,9,2,3,10,3,1,2,0,1,17,0
29,19,4,38,3,0,0,1,1,0,0,20,10,0,0,6,10,292,2,34,4,5,7,2,5,10,4,1,2,0,2,16,30
6,19,5,37,2,0,0,2,1,0,0,14,16,0,0,6,10,292,3,33,3,4,7,1,5,9,3,0,2,0,2,16,15
-31,15,2,40,3,0,0,2,2,0,0,8,7,0,0,6,10,292,2,30,1,3,7,4,8,12,6,4,2,1,1,16,45
2,15,2,35,3,0,0,1,2,0,0,7,8,0,0,6,10,292,2,30,1,3,7,3,7,11,5,4,2,1,1,15,45
35,15,2,32,3,0,0,1,1,0,0,0,15,0,0,6,10,292,1,30,2,3,7,3,6,10,5,3,2,1,2,15,15
54,14,1,30,3,0,0,1,1,0,0,14,1,0,0,6,10,292,0,29,2,3,7,4,5,10,6,2,2,1,1,15,0
27,14,2,30,3,0,0,1,0,0,0,6,9,0,0,6,10,292,0,29,2,3,8,4,4,9,5,1,2,1,1,15,0
50,14,2,35,3,0,0,1,0,0,0,5,10,0,0,6,10,292,1,28,1,4,8,3,5,8,4,0,2,1,1,15,45
-14,14,2,33,3,0,0,0,0,0,0,5,10,0,0,6,10,292,1,28,2,4,8,2,4,7,3,0,2,1,2,15,30
-30,13,3,33,2,0,0,0,1,0,0,8,7,0,0,6,10,292,1,27,1,4,7,1,5,7,3,1,1,1,2,15,30
24,12,4,26,2,0,0,0,1,0,0,15,30,0,0,6,10,292,0,26,3,5,12,4,5,6,4,3,1,1,1,13,30
-18,12,5,28,3,0,1,0,0,0,0,6,39,0,0,6,10,292,2,24,2,4,10,4,4,6,3,2,1,1,1,14,30
15,11,4,29,3,0,1,0,0,0,0,27,3,0,0,6,10,292,2,23,1,3,11,3,4,6,3,2,1,1,2,14,45
15,10,3,27,2,0,1,0,0,0,0,24,6,0,0,6,10,292,1,23,2,3,11,2,3,5,3,3,1,1,1,14,15
25,10,4,24,2,0,0,0,0,0,0,11,19,0,0,6,10,292,1,23,2,5,12,1,2,5,2,2,0,1,1,13,0
42,7,2,22,2,0,0,2,0,0,0,13,2,0,0,6,10,292,1,20,4,8,12,1,3,10,4,3,0,0,2,12,45
7,6,5,22,5,0,0,4,0,0,0,10,5,0,0,6,10,292,3,14,3,5,10,4,9,13,7,6,0,0,2,12,45
-10,5,4,17,5,0,1,4,0,0,0,2,13,0,0,6,10,292,4,12,2,4,10,6,8,16,7,6,0,0,2,12,0
9,5,4,24,4,1,1,4,0,0,0,3,12,0,0,6,10,292,4,11,1,3,11,6,7,16,7,6,0,0,1,13,0
23,5,4,19,4,1,1,3,0,0,0,11,4,0,0,6,10,292,4,11,2,3,11,6,7,15,6,5,0,0,1,12,15
9,3,2,19,4,1,1,2,0,0,0,8,7,0,0,6,10,292,2,11,2,3,11,5,6,14,7,5,0,0,1,12,15
5,3,2,14,5,1,1,1,0,0,0,5,10,0,0,6,10,292,3,10,1,2,10,4,5,13,6,4,0,0,1,11,30
-22,3,2,21,4,1,1,1,0,0,0,4,11,0,0,6,10,292,3,10,1,2,10,3,4,12,5,3,0,0,2,12,30
25,2,1,9,4,0,1,1,0,0,0,6,9,0,0,6,10,292,2,10,2,3,10,2,5,12,5,2,0,0,1,10,45
-6,1,0,17,5,0,1,0,0,0,0,0,15,0,0,6,10,292,2,9,1,4,9,2,4,11,5,3,0,0,2,12,0
-23,1,1,11,4,0,2,0,0,0,0,16,14,0,0,6,10,292,1,8,2,8,8,3,9,14,6,3,0,0,2,11,0
-39,1,1,12,4,0,2,0,0,0,0,2,28,0,0,6,10,292,1,7,5,7,7,7,8,13,6,3,0,0,2,11,15
-7,1,1,14,3,0,2,0,0,0,0,10,5,0,0,6,10,292,1,7,6,7,7,6,8,13,5,2,0,0,1,11,30
-82,1,1,12,3,0,2,0,0,0,2,11,4,0,0,6,10,292,2,4,4,4,4,6,7,12,6,2,0,0,2,11,15
-20,1,1,7,3,0,1,0,0,0,2,9,6,0,0,6,10,292,2,4,4,4,4,5,6,11,5,1,0,0,2,10,30
99,1,1,1,2,0,1,0,0,0,2,8,7,0,0,6,10,292,2,4,4,4,4,4,5,10,4,1,0,0,2,9,30
15,1,1,7,1,0,1,0,0,0,2,6,9,0,0,6,10,292,2,4,4,4,4,3,5,9,3,1,0,0,2,10,30
55,1,1,5,0,0,1,0,0,0,2,6,9,0,0,6,10,292,1,4,4,4,4,2,4,8,3,1,0,0,2,10,0
-27,1,1,5,0,0,0,1,3,0,2,4,11,0,0,6,10,292,2,0,0,0,0,2,6,7,5,2,0,0,2,10,0
-38,0,0,3,0,0,0,1,2,0,2,0,14,0,0,6,10,292,0,0,0,0,0,2,5,6,6,4,0,0,2,9,45
-14,0,0,3,0,0,0,0,2,0,2,0,38,0,0,6,10,292,0,0,0,0,0,4,5,5,5,3,0,0,2,9,45
-7,0,0,1,0,0,0,0,1,0,2,0,45,0,0,6,10,292,0,0,0,0,0,3,4,4,4,2,0,0,2,9,30
-60,0,0,9,0,0,0,0,1,0,1,0,48,0,0,6,10,292,0,0,0,0,0,3,3,3,3,2,0,0,1,10,45
2,0,0,0,0,0,0,0,0,0,1,0,55,0,1,6,10,292,0,0,0,0,0,2,2,2,2,2,0,0,2,9,15
-129,0,0,16,0,0,0,0,0,0,0,0,75,0,0,6,10,292,0,0,0,0,0,1,1,1,1,1,0,0,2,11,45
13,39,5,60,2,0,0,0,1,0,0,12,3,1,0,5,10,291,2,57,1,4,11,1,4,7,2,1,9,1,1,18,0
25,37,5,57,4,0,1,0,0,0,0,15,15,0,0,5,10,291,2,54,2,6,14,3,6,12,4,3,9,2,2,17,30
-30,36,6,58,4,0,0,1,0,0,0,7,23,0,0,5,10,291,2,53,3,6,13,4,5,12,4,3,8,2,1,17,45
24,35,5,58,3,0,0,1,0,0,0,14,1,0,0,5,10,291,1,53,3,7,13,3,4,13,4,2,8,1,1,17,45
69,34,4,52,3,0,0,2,0,0,0,11,4,0,0,5,10,291,2,51,3,7,12,3,6,14,4,1,8,4,2,16,45
8,34,4,55,2,0,0,2,0,0,0,9,6,0,0,5,10,291,2,51,4,8,13,2,6,13,3,0,8,4,1,17,0
42,32,4,49,5,0,0,1,0,0,0,1,14,0,0,5,10,291,2,48,2,8,10,4,7,12,5,1,7,4,1,16,15
17,30,3,49,6,0,0,1,0,0,0,8,7,0,0,5,10,291,1,46,5,6,10,6,10,11,7,3,6,3,1,16,15
38,30,3,44,5,0,0,1,0,0,0,6,9,0,0,5,10,291,1,46,6,7,11,5,10,10,6,2,5,2,2,15,45
62,30,3,47,4,0,0,1,0,0,0,4,11,0,0,5,10,291,1,46,6,7,11,4,9,10,5,2,4,1,2,16,0
-15,30,3,52,7,0,0,0,0,0,0,9,6,0,0,5,10,291,2,43,3,5,8,3,8,10,6,2,4,0,2,16,45
41,30,3,42,6,0,0,0,0,0,0,3,12,0,0,5,10,291,2,43,3,5,9,4,7,10,5,2,4,0,3,15,30
-29,28,1,51,5,0,1,0,0,0,0,13,2,0,0,5,10,291,1,42,2,4,8,4,6,10,6,1,4,0,3,16,30
31,28,2,38,5,0,1,1,0,0,0,8,7,0,0,5,10,291,2,40,2,2,8,5,5,11,6,2,4,0,2,15,0
-76,27,1,55,4,0,1,1,0,0,0,4,11,0,0,5,10,291,0,40,2,2,9,4,4,10,7,4,4,0,1,17,0
-3,27,1,44,3,0,1,1,0,0,0,2,13,0,0,5,10,291,0,40,2,3,10,3,3,9,6,4,4,0,2,15,45
-9,27,1,42,3,0,0,1,0,0,0,10,5,0,0,5,10,291,0,40,2,4,10,2,2,8,5,4,4,0,3,15,30
13,27,1,47,2,0,0,1,0,0,0,8,7,0,0,5,10,291,0,40,2,4,10,1,1,7,4,3,4,0,2,16,0
28,26,5,38,5,0,1,1,0,0,0,21,24,0,0,5,10,291,2,35,2,7,18,4,6,14,6,3,4,1,2,15,0
-11,25,5,40,5,0,1,0,0,0,0,9,36,0,0,5,10,291,1,35,3,9,19,4,7,14,6,3,4,1,2,15,15
20,25,5,36,5,0,1,0,0,0,0,5,40,0,0,5,10,291,2,34,3,8,18,4,7,14,5,2,4,1,2,14,45
-113,25,5,44,5,0,0,0,0,0,0,3,42,0,0,5,10,291,2,34,4,9,18,3,6,13,4,1,3,1,2,15,45
8,23,6,35,6,0,0,0,0,0,0,14,1,0,0,5,10,291,2,32,5,11,17,3,6,16,5,1,3,0,2,14,15
-50,23,7,40,5,0,0,0,0,0,0,9,6,0,0,5,10,291,1,32,6,12,18,3,5,15,5,1,3,0,2,15,15
42,20,7,29,7,0,0,1,0,0,0,3,12,0,0,5,10,291,2,28,7,11,18,4,8,17,7,1,3,0,2,12,45
25,20,7,31,7,0,0,1,0,0,0,11,4,0,0,5,10,291,1,27,7,10,18,3,8,16,8,3,3,0,1,13,0
23,20,8,26,7,0,0,1,0,0,0,6,9,0,0,5,10,291,1,26,6,10,17,3,7,17,8,4,3,0,2,12,30
-31,19,8,33,7,0,0,1,0,0,1,12,3,0,0,5,10,291,2,24,5,9,15,3,7,18,8,4,3,0,1,13,15
8,16,6,24,9,0,1,1,0,0,1,6,9,0,0,5,10,291,2,20,4,7,14,5,10,21,11,6,3,0,3,12,15
10,15,5,34,9,0,1,1,0,0,1,0,15,0,0,5,10,291,2,19,3,6,13,5,11,20,11,6,3,1,1,13,30
41,14,6,20,9,0,1,1,0,0,0,8,7,0,0,5,10,291,1,19,4,7,14,5,11,19,11,7,3,1,2,11,45
-18,14,6,31,11,0,1,0,0,0,0,6,9,0,0,5,10,291,3,17,2,6,13,5,10,18,10,6,3,1,1,13,0
-31,13,6,29,11,0,0,0,0,0,0,12,3,0,0,5,10,291,2,17,3,7,14,6,9,17,10,5,3,1,2,12,45
-212,12,5,52,10,0,0,1,0,0,0,5,10,0,0,5,10,291,2,16,3,7,14,5,11,18,10,5,3,1,2,16,45
34,11,5,26,10,0,0,1,0,0,0,10,5,0,0,5,10,291,2,15,3,6,14,7,12,17,10,5,3,2,2,12,30
2,11,5,26,9,0,0,1,0,0,0,6,9,0,0,5,10,291,2,15,4,8,14,6,12,16,9,4,3,3,2,12,30
13,11,5,22,8,0,0,1,0,0,0,6,9,0,0,5,10,291,2,15,4,9,14,5,11,15,8,4,3,3,2,12,0
48,11,5,22,7,0,0,1,0,0,0,5,10,0,0,5,10,291,2,15,4,9,14,4,10,14,7,3,3,3,2,12,0
32,10,7,14,7,0,1,1,0,0,0,3,12,0,0,5,10,291,2,13,4,7,13,6,11,17,8,3,2,3,1,11,0
50,10,7,17,6,0,1,1,0,0,0,1,14,0,0,5,10,291,2,13,4,7,13,5,10,16,7,3,2,2,2,11,15
11,8,6,18,5,0,1,1,0,0,0,12,3,0,0,5,10,291,0,13,4,7,13,5,9,17,8,3,2,2,2,11,30
23,7,5,18,5,0,2,3,0,0,0,11,4,0,0,5,10,291,3,9,3,7,9,7,8,18,8,3,2,2,2,11,30
16,7,5,14,4,0,2,3,0,0,0,6,9,0,0,5,10,291,2,9,3,7,9,7,9,17,8,2,2,2,1,11,0
-61,7,5,24,4,0,2,2,0,0,0,5,10,0,0,5,10,291,2,9,3,7,9,6,8,16,7,2,2,2,3,12,15
5,7,6,20,3,0,2,2,0,0,0,12,3,0,0,5,10,291,2,9,3,8,9,5,7,15,6,2,2,2,2,11,45
17,6,5,10,3,0,1,2,0,0,0,10,5,0,0,5,10,291,1,9,4,8,9,4,6,14,6,3,1,2,2,10,30
-126,6,5,36,2,0,1,2,0,0,0,8,7,0,0,5,10,291,1,9,4,8,9,3,5,13,5,3,0,1,2,14,45
27,4,4,10,2,0,1,4,0,0,0,11,4,0,0,5,10,291,2,6,4,6,6,2,7,12,6,3,0,0,2,10,30
3,4,4,8,2,0,0,4,0,0,0,9,6,0,0,5,10,291,2,6,4,6,6,2,6,12,5,2,0,0,2,10,15
43,2,2,8,5,0,0,4,0,0,0,9,6,0,0,5,10,291,2,2,2,2,2,5,10,12,8,2,0,0,2,10,15
-21,2,2,14,5,0,0,3,0,0,0,8,7,0,0,5,10,291,2,2,2,2,2,4,9,11,7,2,0,0,1,11,0
-57,0,0,12,4,0,0,3,0,0,1,4,11,0,0,5,10,291,0,1,1,1,1,8,8,10,9,3,0,0,3,10,45
-5,0,0,4,3,0,0,3,0,0,1,4,11,0,0,5,10,291,0,1,1,1,1,7,7,9,8,3,0,0,2,9,45
-76,0,0,12,3,0,0,3,0,0,0,14,1,0,0,5,10,291,0,1,1,1,1,6,6,8,7,3,0,0,3,10,45
0,0,0,6,4,0,0,2,0,0,0,6,9,0,0,5,10,291,0,0,0,0,0,5,6,7,7,2,0,0,2,10,0
34,0,0,4,3,0,0,2,0,0,0,0,2,0,0,5,10,291,0,0,0,0,0,4,5,6,6,2,0,0,2,9,45
-5,0,0,1,2,0,0,2,0,0,0,0,3,0,0,5,10,291,0,0,0,0,0,3,5,5,5,1,0,0,2,9,15
56,0,0,2,2,0,0,1,0,0,0,0,5,0,0,5,10,291,0,0,0,0,0,2,4,4,4,1,0,0,2,9,30
6,0,0,6,2,0,0,0,0,0,0,0,9,0,0,5,10,291,0,0,0,0,0,1,3,3,3,0,0,0,2,10,0
23,0,0,0,1,0,0,0,0,0,0,0,50,0,1,5,10,291,0,0,0,0,0,2,2,2,2,0,0,0,1,9,0
0,0,0,2,0,0,0,0,0,0,0,0,62,0,0,5,10,291,0,0,0,0,0,1,1,1,1,0,0,0,2,9,30
-11,33,3,58,1,0,0,2,0,0,1,4,11,1,0,4,10,290,2,54,3,7,15,1,4,8,3,1,8,2,1,17,30
5,30,3,49,3,0,0,4,0,0,1,11,4,0,0,4,10,290,4,49,2,9,14,3,5,14,5,0,7,2,1,16,30
24,30,4,49,2,0,0,5,0,0,1,1,14,0,0,4,10,290,4,48,5,9,14,2,5,14,5,1,7,2,1,16,30
12,30,4,56,2,0,0,4,0,0,1,10,5,0,0,4,10,290,4,48,6,9,16,1,4,14,4,1,6,2,1,17,15
18,29,6,47,2,0,2,7,0,0,1,9,6,0,0,4,10,290,6,42,3,7,13,3,6,18,7,3,6,1,4,16,15
-8,28,5,45,4,0,1,7,0,0,1,13,2,0,0,4,10,290,6,40,3,5,11,4,10,17,8,3,6,2,2,16,0
21,26,4,53,4,0,1,6,0,0,1,1,14,0,0,4,10,290,4,40,3,6,11,4,10,17,9,4,5,3,2,16,45
22,26,5,39,4,0,1,6,0,0,1,5,10,0,0,4,10,290,4,39,4,7,12,3,10,17,9,5,5,2,2,15,15
-39,25,4,54,5,0,1,5,0,0,1,2,13,0,0,4,10,290,4,38,3,6,12,5,9,16,9,6,5,2,2,17,0
-94,23,3,56,4,0,2,5,0,0,1,3,12,0,0,4,10,290,3,37,3,5,13,7,12,17,10,6,5,2,1,17,15
-53,23,4,45,5,0,2,5,0,0,1,5,10,0,0,4,10,290,4,35,3,6,12,7,12,18,10,5,5,2,2,16,0
28,23,4,37,4,0,2,5,0,0,1,4,11,0,0,4,10,290,4,35,3,6,12,6,11,17,9,4,5,2,2,15,0
42,23,4,34,4,0,2,4,0,0,1,3,12,0,0,4,10,290,4,35,3,6,12,5,10,16,8,3,5,2,1,14,15
-53,23,4,49,4,0,2,3,0,0,1,0,15,0,0,4,10,290,3,35,3,6,12,4,9,16,8,3,4,2,1,16,30
-147,23,4,54,4,0,2,2,0,0,1,14,1,0,0,4,10,290,3,35,3,6,12,3,8,15,7,3,4,1,2,17,0
-31,22,4,49,4,0,2,2,0,0,1,3,12,0,0,4,10,290,2,34,2,5,12,5,8,15,8,3,3,2,1,16,30
20,22,4,36,4,0,1,2,0,0,1,29,1,0,0,4,10,290,2,34,4,6,12,6,7,15,7,3,3,1,2,14,45
48,21,6,39,6,0,1,1,0,0,1,12,18,0,0,4,10,290,2,32,3,6,12,5,7,19,8,3,3,2,2,15,15
-65,21,6,41,6,0,1,1,0,0,0,11,19,0,0,4,10,290,2,32,3,6,13,5,6,18,7,3,3,2,2,15,30
-61,21,7,43,6,0,0,1,0,0,0,9,21,0,0,4,10,290,2,32,3,7,13,4,5,17,6,3,3,2,2,15,45
20,20,6,35,5,0,0,1,0,0,0,3,27,0,0,4,10,290,1,32,3,8,13,3,6,16,6,4,3,2,1,14,30
23,20,7,37,4,0,0,2,1,0,0,14,1,0,0,4,10,290,3,30,2,6,11,2,5,15,5,4,3,2,2,15,0
-81,18,5,41,4,0,0,2,1,0,0,11,4,0,0,4,10,290,2,29,3,6,12,2,8,15,6,4,2,2,2,15,30
43,18,5,31,5,0,0,1,1,0,0,12,3,0,0,4,10,290,2,28,5,6,13,3,9,14,6,4,1,1,1,13,30
41,14,2,33,6,0,1,1,1,0,0,8,7,0,0,4,10,290,1,25,2,6,16,6,12,16,9,5,1,1,1,13,45
27,14,2,30,5,0,1,1,1,0,0,7,8,0,0,4,10,290,1,25,2,6,16,5,11,15,8,4,1,1,2,13,15
9,13,2,26,6,0,0,1,1,0,1,8,7,0,0,4,10,290,1,23,2,6,16,7,10,17,9,4,1,1,2,12,45
19,13,2,31,5,0,0,1,1,0,1,5,10,0,0,4,10,290,1,23,2,6,17,8,10,16,8,4,1,1,1,13,30
16,13,2,24,4,0,0,1,1,0,1,3,12,0,0,4,10,290,1,23,2,6,17,7,9,16,7,3,1,1,2,12,30
57,13,2,24,4,0,0,1,0,0,1,12,3,0,0,4,10,290,0,23,3,6,18,7,8,15,7,3,1,1,2,12,30
2,13,4,28,4,0,0,1,0,0,1,1,14,0,0,4,10,290,1,22,3,6,18,6,7,14,6,2,1,1,1,13,0
45,13,4,22,3,0,0,1,0,0,1,14,1,0,0,4,10,290,1,22,3,6,18,5,6,13,5,1,1,1,2,12,15
-183,13,4,43,4,0,0,1,0,0,0,9,6,0,0,4,10,290,2,21,4,7,18,4,5,12,4,1,1,1,2,15,45
-174,13,4,47,4,0,0,0,0,0,0,8,7,0,0,4,10,290,2,21,4,7,18,3,4,11,3,1,0,1,4,16,15
-32,13,4,28,3,0,0,0,0,0,0,7,8,0,0,4,10,290,2,21,4,7,18,3,3,10,2,1,0,0,1,13,0
27,13,6,26,2,0,0,0,0,0,1,13,2,0,0,4,10,290,3,20,3,10,17,2,5,12,1,1,0,0,2,12,45
-20,11,6,22,2,0,0,0,2,0,1,7,8,0,0,4,10,290,3,17,3,10,14,1,7,12,3,2,0,0,2,12,15
-12,9,8,18,2,0,0,2,2,0,1,5,10,0,0,4,10,290,2,14,8,11,13,6,8,16,6,3,0,0,1,11,30
15,7,6,18,2,0,0,2,1,0,1,4,11,0,0,4,10,290,0,14,8,11,13,6,8,15,7,3,0,0,1,11,30
4,7,7,14,4,0,0,2,1,0,1,14,1,0,0,4,10,290,3,10,6,8,10,5,8,15,6,2,0,0,2,11,0
57,6,6,10,5,0,0,2,1,0,1,6,9,0,0,4,10,290,3,9,4,6,9,4,7,15,7,3,0,0,2,10,30
147,5,5,2,5,0,0,2,1,0,1,12,3,0,0,4,10,290,3,8,4,5,8,3,7,15,7,2,0,0,2,9,30
-28,5,5,21,4,0,0,2,1,0,1,11,4,0,0,4,10,290,3,8,4,5,8,2,6,14,6,1,0,0,2,12,0
11,4,4,12,5,0,0,2,1,0,1,5,10,0,0,4,10,290,4,6,3,4,6,2,5,13,6,2,0,0,2,10,45
9,1,1,8,7,0,0,2,1,0,1,6,9,0,0,4,10,290,3,3,0,2,3,4,9,14,9,3,0,0,2,10,15
76,1,1,6,7,0,0,1,1,0,1,4,11,0,0,4,10,290,3,3,1,2,3,3,8,13,8,3,0,0,2,10,0
-19,0,0,16,6,0,0,1,1,0,1,2,13,0,0,4,10,290,2,3,1,2,3,2,7,12,8,4,0,0,2,11,15
4,0,0,14,6,0,0,0,1,0,1,3,12,0,0,4,10,290,2,3,1,3,3,4,8,11,7,4,0,0,2,11,0
51,0,0,4,7,0,0,0,0,0,1,11,4,0,0,4,10,290,2,2,1,2,2,6,9,11,7,5,0,0,2,9,45
63,0,0,4,6,0,0,0,0,0,1,8,7,0,0,4,10,290,1,2,2,2,2,6,9,10,7,4,0,0,2,9,45
49,0,0,1,5,0,0,0,0,0,1,6,9,0,0,4,10,290,1,2,2,2,2,5,8,9,6,4,0,0,2,9,15
-110,0,0,16,4,0,0,0,0,0,2,7,8,0,0,4,10,290,1,1,1,1,1,5,7,8,6,4,0,0,2,11,15
-15,0,0,12,4,0,0,0,0,0,1,6,9,0,0,4,10,290,1,1,1,1,1,4,6,7,5,4,0,0,2,10,45
19,0,0,8,3,0,0,0,0,0,1,1,14,0,0,4,10,290,0,1,1,1,1,4,5,6,5,4,0,0,2,10,15
54,0,0,2,3,0,0,0,0,0,1,0,6,0,0,4,10,290,1,0,0,0,0,4,4,5,4,3,0,0,2,9,30
-14,0,0,6,2,0,0,0,0,0,1,0,16,0,0,4,10,290,0,0,0,0,0,3,3,4,4,4,0,0,2,10,0
-76,0,0,10,1,0,0,0,0,0,1,0,26,0,0,4,10,290,0,0,0,0,0,2,3,3,3,3,0,0,2,10,30
-11,0,0,0,0,0,0,0,0,0,1,0,36,0,1,4,10,290,0,0,0,0,0,1,2,2,2,2,0,0,1,9,0
-163,0,0,20,0,0,0,0,0,0,0,0,82,0,0,4,10,290,0,0,0,0,0,1,1,1,1,1,0,0,1,11,45
102,43,0,52,0,0,0,0,0,0,0,68,0,0,0,3,10,289,0,55,0,0,10,1,1,3,1,1,5,1,1,17,0
87,41,7,44,2,0,2,0,0,0,0,11,4,0,0,3,10,289,3,50,5,8,13,2,3,9,2,2,5,1,2,16,0
11,38,7,54,7,0,1,0,0,0,0,14,1,0,0,3,10,289,3,45,3,5,10,2,6,11,6,2,4,2,1,17,15
-33,35,5,55,7,0,1,1,0,0,0,9,6,1,0,3,10,289,2,43,2,5,10,2,5,14,8,2,4,1,1,17,30
-10,33,4,52,8,0,1,1,0,0,0,13,2,0,0,3,10,289,2,41,2,5,12,4,8,16,9,2,4,1,1,17,0
21,32,4,50,7,0,1,1,0,0,0,5,10,0,0,3,10,289,1,41,3,5,12,3,8,16,9,3,4,1,2,16,45
1,32,4,48,7,0,0,1,0,0,0,4,11,0,0,3,10,289,1,41,3,6,12,2,7,15,8,2,3,1,2,16,30
1,32,4,46,6,0,0,1,0,0,0,3,12,0,0,3,10,289,1,41,3,6,12,1,6,14,7,1,3,0,2,16,15
24,30,3,50,8,0,0,2,0,0,0,0,15,0,0,3,10,289,2,37,2,5,11,5,11,15,9,1,3,1,2,16,45
26,29,2,40,8,0,0,1,0,0,0,12,3,0,0,3,10,289,1,37,3,5,11,4,11,14,9,1,3,2,2,15,30
36,29,2,46,8,0,0,1,0,0,0,6,9,0,0,3,10,289,2,36,3,6,12,4,10,13,8,0,3,2,2,16,15
38,29,2,44,7,0,0,1,0,0,0,0,15,0,0,3,10,289,2,36,3,6,12,6,9,12,7,0,3,2,2,16,0
-17,29,2,38,6,0,0,1,0,0,0,9,6,0,0,3,10,289,1,36,3,7,12,5,8,11,7,1,3,2,2,15,15
-109,28,2,48,7,0,0,2,0,0,0,9,6,0,0,3,10,289,2,33,2,6,11,7,8,10,8,1,2,2,2,16,30
31,28,3,36,6,0,0,2,0,0,0,5,10,0,0,3,10,289,2,33,3,6,12,6,7,9,7,0,2,1,2,15,0
72,28,3,38,5,0,0,2,0,0,0,3,12,0,0,3,10,289,2,33,3,6,12,5,6,8,6,0,2,1,2,15,15
45,28,3,36,4,0,0,2,0,0,0,3,12,0,0,3,10,289,2,33,3,6,12,4,5,7,5,0,2,1,2,15,0
34,27,3,40,4,0,0,2,0,0,0,3,12,0,0,3,10,289,1,32,3,6,13,4,6,7,6,0,2,1,2,15,30
45,27,4,33,3,0,0,2,0,0,0,0,15,0,0,3,10,289,1,32,3,6,13,3,5,6,5,0,2,1,2,14,30
-25,27,4,42,3,0,0,1,0,0,0,43,2,0,0,3,10,289,1,32,4,6,13,2,4,5,4,0,1,1,2,15,45
6,27,7,34,5,0,0,1,0,0,0,22,23,0,0,3,10,289,3,29,2,6,12,3,3,11,4,1,1,0,2,14,45
-16,25,7,34,5,0,0,2,0,0,0,1,44,0,0,3,10,289,3,27,3,6,12,2,2,12,5,2,1,0,2,14,45
-108,25,8,42,4,0,0,2,0,0,0,10,5,0,0,3,10,289,3,27,3,7,13,1,2,12,4,2,1,0,2,15,45
36,17,6,26,8,0,1,2,0,0,0,12,3,0,0,3,10,289,1,21,3,7,11,6,11,16,11,3,1,1,2,12,30
0,16,7,27,8,0,1,3,0,0,0,10,5,0,0,3,10,289,2,19,3,5,12,9,12,16,11,3,0,1,1,12,45
78,16,7,22,8,0,1,2,0,0,0,7,8,0,0,3,10,289,2,19,3,5,12,8,11,15,10,3,0,0,2,12,0
89,15,6,18,7,0,1,2,0,0,0,6,9,0,0,3,10,289,1,19,3,5,12,7,11,14,10,3,0,0,2,11,30
7,14,5,32,7,0,1,1,0,0,0,5,10,0,0,3,10,289,0,19,3,5,12,6,10,13,10,4,0,0,1,14,15
32,14,5,30,6,0,1,1,0,0,0,2,13,0,0,3,10,289,0,19,4,5,13,5,9,12,9,4,0,0,1,13,15
9,14,5,31,6,0,1,1,0,0,0,10,5,0,0,3,10,289,1,18,4,5,13,5,8,11,8,3,0,0,1,13,30
21,14,5,29,5,0,1,1,0,0,0,8,7,0,0,3,10,289,1,18,4,5,13,4,7,10,7,3,0,0,1,13,0
6,14,5,24,6,0,0,1,0,0,0,7,8,0,0,3,10,289,2,17,3,4,12,3,6,9,6,3,0,0,1,12,15
8,13,4,27,6,0,0,1,0,0,0,12,3,0,0,3,10,289,2,16,2,4,12,4,6,11,6,3,0,0,1,12,45
39,11,3,22,6,0,0,2,0,0,0,12,3,0,0,3,10,289,2,14,1,4,12,4,6,11,7,3,0,0,2,12,0
50,10,3,17,6,0,0,1,0,0,0,3,12,0,0,3,10,289,1,14,1,6,13,3,6,11,7,3,0,0,2,11,15
22,10,4,20,5,0,0,1,0,0,0,0,15,0,0,3,10,289,1,14,2,7,13,2,5,10,6,2,0,0,2,11,45
3,9,3,18,4,0,0,1,0,0,0,7,8,0,0,3,10,289,0,14,2,7,13,2,4,9,6,2,0,0,2,11,30
14,9,6,24,4,0,0,2,0,0,0,14,1,0,0,3,10,289,2,12,5,7,12,3,5,10,5,2,0,0,1,12,15
64,8,6,11,4,0,0,2,1,0,0,1,14,0,0,3,10,289,2,10,4,8,10,2,6,13,6,2,0,0,2,10,30
1,7,6,20,4,0,0,2,2,0,0,7,8,0,0,3,10,289,2,8,3,7,8,1,6,13,7,1,0,0,2,11,45
-2,3,3,11,4,0,0,4,2,0,0,4,11,0,0,3,10,289,1,5,4,4,5,5,7,16,10,2,0,0,2,10,30
20,3,3,15,3,0,0,4,2,0,0,0,15,0,0,3,10,289,1,5,4,5,5,4,6,15,9,2,0,0,1,11,0
-7,3,3,13,3,0,0,3,2,0,1,13,2,0,0,3,10,289,2,4,3,4,4,3,5,14,8,2,0,0,2,10,45
17,2,2,8,4,0,0,3,2,0,1,3,12,0,0,3,10,289,2,2,1,2,2,3,7,13,9,3,0,0,1,10,0
25,2,2,8,4,0,0,3,1,0,1,11,4,0,0,3,10,289,2,2,1,2,2,2,7,12,8,3,0,0,1,10,0
21,0,0,5,5,0,0,3,0,0,1,5,10,0,0,3,10,289,0,1,1,1,1,4,11,11,10,5,0,0,2,9,45
20,0,0,10,4,0,0,3,0,0,1,0,5,0,0,3,10,289,0,1,1,1,1,5,10,10,9,4,0,0,2,10,15
-61,0,0,5,4,0,0,3,0,0,1,0,21,0,0,3,10,289,0,0,0,0,0,9,9,9,9,3,0,0,2,9,45
24,0,0,2,4,0,0,2,0,0,1,0,22,0,0,3,10,289,0,0,0,0,0,8,8,8,8,3,0,0,3,9,30
13,0,0,15,4,0,0,1,0,0,1,0,25,0,0,3,10,289,0,0,0,0,0,7,7,7,7,3,0,0,1,11,0
-70,0,0,13,4,0,0,1,0,0,0,0,28,0,0,3,10,289,0,0,0,0,0,6,6,6,6,3,0,0,2,10,45
-19,0,0,2,3,0,0,1,0,0,0,0,37,0,0,3,10,289,0,0,0,0,0,5,5,5,5,2,0,0,3,9,30
17,0,0,0,2,0,0,1,0,0,0,0,40,0,1,3,10,289,0,0,0,0,0,4,4,4,4,1,0,0,1,9,0
10,0,0,1,1,0,0,1,0,0,0,0,44,0,0,3,10,289,0,0,0,0,0,3,3,3,3,1,0,0,3,9,15
7,0,0,5,0,0,0,1,0,0,0,0,45,0,0,3,10,289,0,0,0,0,0,2,2,2,2,0,0,0,2,9,45
11,0,0,2,0,0,0,0,0,0,0,0,46,0,0,3,10,289,0,0,0,0,0,1,1,1,1,0,0,0,3,9,30
17,22,3,52,5,0,1,1,0,0,0,12,3,0,0,2,10,288,2,47,4,11,14,2,7,12,6,3,5,2,1,17,15
29,21,4,43,5,0,1,1,0,0,0,13,2,0,0,2,10,288,1,46,4,11,14,2,6,13,7,5,4,1,1,16,0
-1,21,4,54,7,0,2,1,0,0,0,3,12,1,0,2,10,288,4,42,6,8,12,5,6,15,7,4,4,0,1,17,30
-20,21,4,46,7,0,1,1,0,0,0,13,2,0,0,2,10,288,3,41,7,8,12,4,7,14,7,4,4,1,2,16,30
11,21,4,50,7,0,1,1,0,0,0,10,5,0,0,2,10,288,4,41,6,7,11,3,7,14,6,4,4,1,2,17,0
-5,21,4,50,6,0,1,1,0,0,0,8,7,0,0,2,10,288,4,41,6,7,11,2,6,13,5,3,4,1,2,17,0
6,20,3,48,6,0,2,1,0,0,0,4,11,0,0,2,10,288,6,38,3,4,8,1,5,13,5,3,4,1,2,16,45
-39,17,1,52,6,0,4,1,0,0,0,1,14,0,0,2,10,288,5,35,2,4,6,4,9,13,8,2,4,2,1,17,15
2,17,2,41,6,0,4,1,0,0,0,1,14,0,0,2,10,288,4,34,2,4,8,6,9,13,9,2,3,2,2,15,45
-31,17,2,46,5,0,4,1,0,0,0,0,15,0,0,2,10,288,4,34,2,4,8,5,8,13,8,2,3,1,2,16,30
-1,17,2,37,4,0,4,1,0,0,0,12,3,0,0,2,10,288,4,34,2,4,9,4,7,13,7,1,3,1,2,15,15
29,17,2,35,4,0,3,1,0,0,1,13,2,0,0,2,10,288,4,33,3,4,11,5,8,12,7,1,3,1,2,15,0
14,17,2,37,4,0,2,1,0,0,1,10,5,0,0,2,10,288,4,33,3,4,11,4,8,11,6,1,3,2,2,15,15
-43,17,2,41,4,0,1,2,0,0,1,8,7,0,0,2,10,288,4,32,2,3,10,3,7,10,6,2,3,2,2,15,45
-15,16,2,43,4,0,0,3,0,0,1,5,10,0,0,2,10,288,4,31,1,2,11,5,6,14,6,1,3,2,1,16,0
21,16,2,39,3,0,0,3,0,0,1,2,13,0,0,2,10,288,3,31,1,2,11,4,5,13,6,2,2,2,2,15,30
61,16,2,45,3,0,0,3,0,0,1,36,9,0,0,2,10,288,4,30,1,3,11,4,4,13,5,2,2,1,2,16,15
-36,15,1,39,2,0,0,3,0,0,1,26,19,0,0,2,10,288,2,30,1,5,12,3,6,13,6,3,2,1,2,15,30
-127,15,2,48,2,0,0,3,0,0,0,21,24,0,0,2,10,288,2,30,1,6,13,2,5,13,5,3,2,1,2,16,45
-42,15,3,35,3,0,0,3,0,0,0,12,33,0,0,2,10,288,2,29,1,7,13,1,4,12,5,3,1,1,2,15,0
13,14,5,31,6,0,0,2,0,0,0,3,12,0,0,2,10,288,2,26,4,7,14,3,10,17,7,4,1,1,1,14,15
-78,14,5,33,5,0,0,2,0,0,0,1,14,0,0,2,10,288,2,26,4,7,14,2,9,17,6,4,1,1,2,14,45
36,14,6,30,4,0,1,2,0,0,0,13,2,0,0,2,10,288,2,25,4,7,13,1,8,16,6,3,1,1,1,13,30
-1,10,4,27,6,0,1,3,0,0,0,13,2,0,0,2,10,288,1,21,3,7,13,7,11,19,10,7,1,1,1,13,0
-29,10,4,32,6,0,1,2,0,0,0,11,4,0,0,2,10,288,1,21,3,7,13,6,10,18,9,7,1,1,2,14,30
21,10,4,22,7,0,0,2,0,0,0,10,5,0,0,2,10,288,2,20,2,7,12,5,9,17,8,6,0,1,2,12,30
10,10,4,25,6,0,0,2,0,0,0,10,5,0,0,2,10,288,2,20,3,7,12,4,9,16,7,6,0,0,2,12,45
-61,10,4,33,6,0,0,1,0,0,0,9,6,0,0,2,10,288,2,20,3,7,14,3,8,16,6,5,0,0,2,14,45
-12,9,3,29,5,0,0,1,0,0,0,12,3,0,0,2,10,288,0,20,4,8,15,3,8,15,7,5,0,0,1,13,15
-1,9,4,25,6,0,0,0,0,0,0,6,9,0,0,2,10,288,1,19,4,7,14,3,8,15,6,4,0,0,2,12,45
33,8,3,27,6,0,0,1,0,0,0,7,8,0,0,2,10,288,2,17,4,6,12,5,8,16,6,3,0,0,1,13,0
33,7,2,17,6,0,0,1,0,0,0,11,4,0,0,2,10,288,1,16,4,6,12,5,9,15,7,4,0,0,2,12,0
1,6,1,22,7,0,0,1,0,0,0,2,13,0,0,2,10,288,2,14,2,5,11,6,9,16,7,3,0,0,2,12,30
14,6,1,17,6,0,0,1,0,0,0,0,15,0,0,2,10,288,2,14,2,6,11,5,8,15,6,2,0,0,2,12,0
29,6,2,14,6,0,0,1,0,0,0,10,5,0,0,2,10,288,2,13,1,5,12,4,8,15,6,3,0,0,1,11,30
-16,6,2,22,6,0,0,1,0,0,0,14,1,0,0,2,10,288,2,12,2,6,12,5,8,14,6,4,0,0,2,12,30
32,5,2,10,5,0,0,1,0,0,0,8,7,0,0,2,10,288,1,12,3,7,12,5,8,13,6,3,0,0,2,11,0
-32,5,2,20,5,0,0,0,0,0,0,2,13,0,0,2,10,288,1,12,3,7,12,4,8,12,5,3,0,0,3,12,15
11,5,2,10,5,0,0,0,0,0,0,22,8,0,0,2,10,288,1,11,5,6,11,5,8,13,5,3,0,0,2,11,0
22,5,2,14,5,0,0,0,0,0,0,17,13,0,0,2,10,288,2,10,4,6,10,4,7,12,4,3,0,0,1,11,30
-53,5,2,16,4,0,0,1,0,0,0,9,21,0,0,2,10,288,2,9,4,6,9,4,8,12,4,3,0,0,3,11,45
-48,5,3,20,3,0,0,2,0,0,0,14,1,0,0,2,10,288,2,8,3,6,8,4,8,11,4,3,0,0,3,12,15
-3,3,3,9,3,0,0,2,1,0,0,10,5,0,0,2,10,288,1,5,2,5,5,3,6,10,6,4,0,0,2,10,30
-43,3,3,17,2,0,0,2,1,0,0,5,10,0,0,2,10,288,1,5,2,5,5,4,5,10,5,4,0,0,2,12,0
-31,3,3,12,1,0,0,2,1,0,0,14,1,0,0,2,10,288,1,5,3,5,5,4,6,9,4,3,0,0,2,11,15
-43,3,3,12,2,0,0,2,1,0,0,10,5,0,0,2,10,288,1,3,3,3,3,3,6,9,5,5,0,0,2,11,15
13,3,3,5,2,0,0,2,0,0,0,9,6,0,0,2,10,288,1,3,3,3,3,2,5,8,4,4,0,0,1,10,0
12,2,2,8,3,0,0,1,0,0,0,14,1,0,0,2,10,288,1,2,2,2,2,2,4,7,4,3,0,0,1,10,15
-18,0,0,2,4,0,0,1,0,0,0,1,14,0,0,2,10,288,0,0,0,0,0,3,5,6,6,4,0,0,1,9,30
0,0,0,1,3,0,0,1,0,0,0,0,1,0,0,2,10,288,0,0,0,0,0,2,4,5,5,4,0,0,2,9,15
-8,0,0,5,3,0,0,0,0,0,0,0,14,0,0,2,10,288,0,0,0,0,0,2,4,4,4,3,0,0,1,10,0
-1,0,0,4,2,0,0,0,0,0,0,0,40,0,0,2,10,288,0,0,0,0,0,3,3,3,3,2,0,0,3,9,45
2,0,0,2,1,0,0,0,0,0,0,0,51,0,0,2,10,288,0,0,0,0,0,2,2,2,2,1,0,0,1,9,30
24,0,0,0,0,0,0,0,0,0,0,0,69,0,1,2,10,288,0,0,0,0,0,1,1,1,1,1,0,0,1,9,0
8,24,7,50,4,0,1,1,0,0,0,0,15,0,0,6,10,285,2,45,3,8,15,4,6,12,5,4,8,2,1,17,0
1,23,6,47,5,0,1,1,0,0,0,0,15,0,0,6,10,285,2,43,4,6,14,5,6,11,6,4,8,2,1,16,30
-4,22,5,51,5,0,1,0,1,0,0,4,11,1,0,6,10,285,2,42,5,8,13,4,6,10,6,3,7,3,1,17,15
5,21,4,49,4,0,1,0,1,0,0,1,14,0,0,6,10,285,1,42,5,9,14,3,5,12,6,4,7,2,1,16,45
34,20,3,46,5,0,1,0,1,0,0,12,3,0,0,6,10,285,2,40,3,7,12,3,4,11,6,4,6,2,2,16,15
-20,20,4,47,5,0,0,0,1,0,0,6,9,0,0,6,10,285,2,40,3,8,13,2,5,11,5,3,6,1,1,16,30
9,17,1,42,5,0,0,1,1,0,1,14,1,0,0,6,10,285,2,37,4,7,11,2,6,14,7,4,6,1,2,15,45
1,17,2,37,7,0,1,1,1,0,0,6,9,0,0,6,10,285,4,34,4,5,9,4,5,13,7,5,5,1,2,15,15
59,16,2,32,7,0,1,1,1,0,0,9,6,0,0,6,10,285,4,33,3,5,10,4,7,12,7,5,5,2,2,14,30
59,16,2,33,7,0,1,1,0,0,0,9,6,0,0,6,10,285,4,33,3,5,10,3,7,11,6,5,5,2,2,14,45
-44,16,2,37,8,0,1,1,0,0,0,0,15,0,0,6,10,285,4,31,2,4,10,2,8,11,7,4,5,3,2,15,15
63,16,4,35,8,0,1,1,0,0,0,3,12,0,0,6,10,285,4,30,2,4,10,1,9,12,7,5,5,3,3,15,0
-74,15,3,42,9,0,1,1,0,0,0,18,27,0,0,6,10,285,3,28,2,3,11,8,8,14,9,6,4,3,2,15,45
-95,15,3,44,8,0,1,1,0,0,0,17,28,0,0,6,10,285,3,28,2,3,11,7,7,13,8,6,3,2,1,16,0
63,15,3,33,7,0,1,1,0,0,0,17,28,0,0,6,10,285,3,28,2,3,11,6,6,12,7,5,3,1,2,14,45
-64,14,3,44,7,0,1,0,0,0,0,9,36,0,0,6,10,285,2,28,3,5,13,5,5,11,7,4,3,1,1,16,0
-72,14,5,37,7,0,0,0,0,0,1,3,42,0,0,6,10,285,3,27,2,5,12,4,5,11,6,3,2,1,2,15,15
27,14,5,35,6,0,0,0,0,0,1,2,43,0,0,6,10,285,3,27,2,6,12,3,4,10,5,2,2,0,3,15,0
26,13,4,31,5,0,0,0,0,0,1,13,2,0,0,6,10,285,2,27,2,6,12,2,3,9,5,2,2,0,1,14,15
51,13,4,27,4,0,0,0,0,0,1,13,2,0,0,6,10,285,2,27,2,6,12,1,2,8,4,1,2,0,1,13,0
39,10,3,25,7,0,1,0,0,0,0,5,10,0,0,6,10,285,1,23,3,8,15,5,7,16,8,4,2,0,2,12,45
-18,9,3,29,8,0,1,0,0,0,0,10,5,0,0,6,10,285,2,21,3,6,14,5,6,17,8,3,2,0,1,13,15
-17,9,3,30,8,0,1,0,0,0,0,7,8,0,0,6,10,285,3,20,3,5,13,4,7,16,7,2,2,0,1,13,30
-76,8,2,40,7,0,1,0,0,0,0,0,15,0,0,6,10,285,1,20,3,6,14,3,7,15,8,3,2,0,2,15,30
5,8,3,23,7,0,0,0,0,0,0,6,9,0,0,6,10,285,0,20,5,8,15,3,10,16,8,4,2,1,2,12,30
44,8,3,27,7,0,0,1,0,0,0,11,4,0,0,6,10,285,2,18,3,7,15,2,9,16,7,3,2,1,1,13,0
44,7,3,25,8,0,0,2,0,0,0,9,6,0,0,6,10,285,3,15,3,6,14,5,10,16,8,4,2,1,2,12,45
-16,6,3,19,7,0,0,2,0,0,0,8,7,0,0,6,10,285,1,15,4,8,14,7,11,17,9,4,2,2,2,12,0
64,6,3,16,6,0,0,2,0,0,0,7,8,0,0,6,10,285,1,15,5,8,14,6,10,16,8,3,2,2,2,11,30
-6,6,3,21,5,0,0,2,0,0,0,7,8,0,0,6,10,285,1,15,5,8,14,5,9,15,7,3,2,2,2,12,15
13,6,4,14,6,0,0,1,0,0,1,13,2,0,0,6,10,285,3,13,4,7,12,4,8,14,6,2,2,2,1,11,15
-9,6,4,23,6,0,0,1,0,0,1,8,7,0,0,6,10,285,4,12,3,6,11,5,9,14,5,2,2,2,2,12,30
58,5,3,17,5,0,0,1,0,0,1,7,8,0,0,6,10,285,3,12,3,7,11,4,8,14,5,1,1,2,2,11,45
3,5,3,21,4,0,0,1,0,0,1,6,9,0,0,6,10,285,3,12,4,7,11,3,7,13,4,1,1,1,2,12,15
32,5,4,14,6,0,0,0,0,0,2,12,3,0,0,6,10,285,3,9,3,8,9,4,7,13,6,2,1,1,1,11,15
-60,5,4,19,5,0,0,0,0,0,2,11,4,0,0,6,10,285,2,9,3,8,9,3,7,13,6,2,1,1,2,12,0
-245,4,3,40,4,0,0,1,0,0,2,3,12,0,0,6,10,285,2,8,3,7,8,4,6,13,6,2,0,1,2,15,30
-57,4,3,17,4,0,0,2,0,0,1,13,2,0,0,6,10,285,3,7,3,6,7,4,6,12,5,2,0,0,2,11,45
-4,2,1,12,4,0,0,2,0,0,1,11,4,0,0,6,10,285,2,6,5,5,6,4,6,13,6,2,0,0,2,11,0
-18,2,1,12,3,0,0,2,0,0,1,9,6,0,0,6,10,285,2,6,5,5,6,3,6,12,5,1,0,0,2,11,0
10,2,1,9,3,0,0,2,0,0,1,2,13,0,0,6,10,285,3,5,4,5,5,3,6,11,4,1,0,0,2,10,30
-17,1,1,7,4,0,0,3,0,0,2,11,4,0,0,6,10,285,3,1,0,1,1,3,7,11,7,2,0,0,1,10,15
67,1,1,5,3,0,0,3,0,0,2,2,13,0,0,6,10,285,1,1,1,1,1,4,7,10,8,3,0,0,2,10,0
-11,1,1,3,2,0,0,3,0,0,2,24,6,0,0,6,10,285,1,1,1,1,1,4,6,9,7,3,0,0,2,9,45
54,1,1,1,2,0,0,2,0,0,2,10,20,0,0,6,10,285,1,1,1,1,1,4,7,8,6,3,0,0,2,9,30
-3,1,1,5,1,0,0,2,0,0,2,8,22,0,0,6,10,285,1,1,1,1,1,3,6,7,5,2,0,0,2,10,0
4,1,1,7,2,0,0,1,0,0,2,0,30,0,0,6,10,285,2,0,0,0,0,3,5,6,4,2,0,0,1,10,15
-10,0,0,3,2,0,0,0,0,0,2,0,18,0,0,6,10,285,0,0,0,0,0,4,5,5,5,3,0,0,2,9,45
-55,0,0,10,2,0,0,0,0,0,1,0,26,0,0,6,10,285,0,0,0,0,0,3,4,4,4,2,0,0,2,10,45
15,0,0,1,1,0,0,0,0,0,1,0,38,0,0,6,10,285,0,0,0,0,0,2,3,3,3,1,0,0,2,9,30
0,0,0,0,0,0,0,0,0,0,1,0,42,0,1,6,10,285,0,0,0,0,0,1,2,2,2,1,0,0,2,9,0
-109,0,0,10,0,0,0,0,0,0,0,0,72,0,0,6,10,285,0,0,0,0,0,1,1,1,1,0,0,0,2,10,45
39,31,4,55,3,0,1,1,0,0,1,0,15,0,0,5,10,284,2,51,5,10,16,4,7,13,5,2,10,3,1,17,0
37,31,4,55,2,0,2,1,0,0,1,11,4,0,0,5,10,284,2,50,4,9,15,3,6,12,5,2,10,3,1,17,0
-15,29,4,57,4,0,2,0,0,0,1,10,5,1,0,5,10,284,2,48,4,8,14,3,7,14,6,3,10,3,1,17,30
26,28,3,53,4,0,3,0,0,0,1,3,12,0,0,5,10,284,2,46,3,6,12,3,6,15,7,3,10,3,2,16,45
25,28,3,47,4,0,3,1,0,0,0,10,5,0,0,5,10,284,3,45,5,7,11,3,6,16,6,2,9,3,1,16,15
18,28,3,47,4,0,2,2,0,0,0,8,7,0,0,5,10,284,1,44,4,9,13,4,7,17,8,3,8,3,1,16,15
46,27,2,47,7,0,1,2,0,0,0,0,15,0,0,5,10,284,3,41,2,6,10,4,7,17,8,2,7,2,1,16,15
23,25,2,45,7,0,1,2,0,0,0,14,1,0,0,5,10,284,2,40,3,6,10,5,9,16,9,3,7,2,5,16,0
-9,25,2,47,7,0,0,2,0,0,0,13,2,0,0,5,10,284,2,40,4,6,11,4,8,15,8,3,7,2,1,16,15
-1,25,2,53,6,0,0,2,0,0,0,3,12,0,0,5,10,284,0,40,5,6,12,4,9,15,9,3,7,4,2,16,45
-8,25,3,52,7,0,1,2,0,0,0,1,14,0,0,5,10,284,3,37,2,5,10,6,11,15,8,3,6,4,2,16,30
-10,25,3,47,6,0,1,2,0,0,0,1,14,0,0,5,10,284,3,37,2,5,10,5,10,14,7,3,6,3,1,16,15
37,25,4,38,7,0,1,2,0,0,0,4,11,0,0,5,10,284,4,35,1,4,10,5,10,14,7,2,6,3,2,15,0
-7,23,3,45,7,0,1,1,0,0,0,9,6,0,0,5,10,284,2,35,2,5,10,7,10,14,8,2,6,4,5,16,0
51,23,3,36,6,0,1,1,0,0,0,6,9,0,0,5,10,284,2,35,2,5,11,6,9,14,7,2,6,4,2,14,45
23,23,3,42,6,0,1,0,0,0,0,6,9,0,0,5,10,284,2,35,2,5,11,5,8,13,6,1,5,4,2,15,30
-24,23,5,40,7,0,0,0,0,0,0,6,9,0,0,5,10,284,2,34,3,5,11,6,7,15,6,1,4,3,1,15,15
-23,23,5,43,6,0,0,0,0,0,0,4,11,0,0,5,10,284,1,34,3,6,11,5,6,14,6,2,3,2,2,15,45
-27,23,5,43,5,0,0,0,0,0,0,0,15,0,0,5,10,284,1,34,3,6,12,5,7,14,5,2,3,1,2,15,45
-45,23,6,40,4,0,0,0,0,0,0,41,4,0,0,5,10,284,1,34,4,7,12,4,6,14,4,2,3,1,1,15,15
15,22,5,35,4,0,0,0,0,0,1,32,13,0,0,5,10,284,1,32,2,5,10,3,5,13,5,3,3,1,2,14,30
26,22,6,34,3,0,0,0,0,0,1,31,14,0,0,5,10,284,1,32,2,5,10,2,4,13,4,3,3,1,1,14,15
-50,21,6,38,2,0,1,0,0,0,1,17,28,0,0,5,10,284,1,31,3,6,10,2,4,12,4,2,2,1,2,15,0
45,18,5,32,4,0,1,0,0,0,1,3,12,0,0,5,10,284,1,28,3,5,13,3,8,12,6,2,2,0,1,13,15
141,18,5,20,4,0,1,0,0,0,0,1,14,0,0,5,10,284,1,28,3,5,13,2,7,11,5,2,2,0,1,11,45
-24,15,3,36,6,0,1,0,0,0,0,5,10,0,0,5,10,284,1,25,2,4,14,6,9,13,7,4,2,1,2,14,45
72,15,3,26,6,0,0,0,0,0,0,14,1,0,0,5,10,284,1,25,3,5,16,6,8,13,6,3,2,1,2,12,30
14,15,3,30,5,0,0,0,0,0,0,9,6,0,0,5,10,284,0,25,3,6,17,6,7,13,6,3,2,1,1,13,0
2,15,3,33,4,0,1,0,0,0,0,5,10,0,0,5,10,284,1,24,2,5,17,5,6,13,5,2,2,1,1,13,30
22,14,2,26,3,0,1,0,0,0,0,3,12,0,0,5,10,284,0,24,2,5,18,4,5,12,5,3,2,1,2,12,30
21,14,3,30,3,0,1,0,0,0,0,11,4,0,0,5,10,284,1,23,2,7,17,4,5,11,4,3,2,1,1,13,0
18,13,4,23,4,0,0,0,0,0,0,1,14,0,0,5,10,284,1,22,1,7,16,3,4,13,4,3,1,1,2,12,15
47,13,4,23,3,0,0,0,0,0,0,12,3,0,0,5,10,284,1,22,3,9,16,2,3,12,3,2,1,0,2,12,15
20,12,5,22,2,0,0,0,0,0,0,1,14,0,0,5,10,284,0,22,4,10,19,1,4,11,3,1,1,0,3,12,0
-3,11,6,28,4,0,1,0,0,0,0,1,14,0,0,5,10,284,1,18,6,12,16,3,7,14,5,1,1,0,2,12,45
-54,7,4,28,6,0,2,1,0,0,0,6,9,0,0,5,10,284,1,13,5,9,13,6,9,17,9,3,1,0,2,12,45
10,7,4,16,6,0,2,1,0,0,0,6,9,0,0,5,10,284,2,12,4,8,12,5,8,17,8,3,1,0,2,11,15
-13,7,5,18,5,0,2,1,0,0,0,0,15,0,0,5,10,284,2,12,6,9,12,4,7,17,7,2,1,0,2,11,30
22,6,5,20,5,0,2,1,0,0,0,5,10,0,0,5,10,284,2,11,5,8,11,6,9,16,7,2,1,1,1,11,45
-43,5,4,23,7,0,1,1,0,0,1,9,6,0,0,5,10,284,2,8,3,5,8,5,8,18,9,4,1,1,2,12,15
31,5,4,14,6,0,1,1,0,0,1,8,7,0,0,5,10,284,2,8,4,5,8,4,7,17,8,3,1,1,2,11,0
67,4,3,7,6,0,1,1,1,0,1,10,5,0,0,5,10,284,2,6,3,5,6,5,8,17,9,5,1,1,2,10,0
20,3,2,10,5,0,1,1,1,0,1,7,8,0,0,5,10,284,1,6,3,5,6,5,8,16,9,4,1,1,2,10,30
9,3,2,14,4,0,1,1,1,0,1,6,9,0,0,5,10,284,1,6,3,5,6,4,7,15,8,3,1,1,2,11,0
32,1,1,12,4,0,2,2,1,0,1,11,4,0,0,5,10,284,1,3,1,3,3,5,10,14,10,4,1,1,2,10,45
87,1,1,2,4,0,1,2,1,0,1,11,4,0,0,5,10,284,1,3,1,3,3,4,9,13,9,4,1,1,3,9,30
19,1,1,4,4,0,0,2,1,0,1,9,6,0,0,5,10,284,1,3,2,3,3,4,8,12,8,4,0,1,1,9,45
-21,1,1,10,4,0,0,2,1,0,1,3,12,0,0,5,10,284,1,2,2,2,2,6,10,11,8,4,0,0,2,10,30
-26,1,1,16,4,0,0,1,1,0,1,12,3,0,0,5,10,284,0,2,2,2,2,6,10,10,8,5,0,0,2,11,15
-5,1,1,12,5,0,0,1,1,0,0,10,5,0,0,5,10,284,1,1,1,1,1,5,9,9,7,4,0,0,2,10,45
54,1,1,2,5,0,0,1,0,0,0,0,15,0,0,5,10,284,1,1,1,1,1,5,8,8,6,4,0,0,3,9,30
13,0,0,8,5,0,0,1,0,0,0,9,6,0,0,5,10,284,1,0,0,0,0,6,7,7,6,4,0,0,2,10,15
-18,0,0,4,4,0,0,1,0,0,0,6,9,0,0,5,10,284,1,0,0,0,0,5,6,6,5,3,0,0,1,9,45
-55,0,0,18,3,0,0,1,0,0,0,3,12,0,0,5,10,284,1,0,0,0,0,4,5,5,4,2,0,0,2,11,30
12,0,0,4,3,0,0,0,0,0,0,0,13,0,0,5,10,284,0,0,0,0,0,4,4,4,4,2,0,0,1,9,45
-26,0,0,8,2,0,0,0,0,0,0,0,16,0,0,5,10,284,0,0,0,0,0,3,3,3,3,2,0,0,2,10,15
-16,0,0,1,1,0,0,0,0,0,0,0,17,0,0,5,10,284,0,0,0,0,0,2,2,2,2,1,0,0,2,9,15
12,0,0,0,0,0,0,0,0,0,0,0,33,0,1,5,10,284,0,0,0,0,0,1,1,1,1,0,0,0,1,9,0
-11,32,2,48,0,0,0,1,0,0,1,23,22,1,0,4,10,283,2,46,0,3,10,2,2,5,1,1,7,1,1,18,0
18,30,2,47,0,0,0,1,0,0,0,10,5,0,0,4,10,283,0,46,3,6,15,1,3,5,2,1,6,2,1,17,15
22,28,6,45,3,0,0,2,0,0,0,33,12,0,0,4,10,283,1,41,4,9,13,2,4,15,5,2,6,2,1,17,0
-15,28,7,45,3,0,0,1,1,0,0,27,18,0,0,4,10,283,2,40,4,9,13,1,3,14,4,1,5,2,1,17,0
-1,24,4,43,6,0,0,1,1,0,0,8,7,0,0,4,10,283,2,36,5,6,12,2,11,16,7,4,5,5,2,16,30
29,24,4,38,6,0,0,1,1,0,0,3,12,0,0,4,10,283,2,35,4,5,11,1,11,15,7,3,4,5,2,15,30
30,20,2,31,8,0,0,1,1,0,1,2,13,0,0,4,10,283,0,31,1,6,11,10,11,16,12,5,3,4,2,14,45
25,20,3,34,7,0,0,1,1,0,1,2,13,0,0,4,10,283,0,31,1,6,11,9,10,15,11,5,3,3,2,15,0
10,20,3,36,6,0,0,1,1,0,1,0,15,0,0,4,10,283,0,31,1,6,11,8,9,14,10,5,3,3,3,15,15
113,20,4,30,5,0,0,1,1,0,1,9,6,0,0,4,10,283,0,31,3,6,11,8,8,14,9,4,3,3,3,14,30
79,20,4,31,5,0,0,1,0,0,1,4,11,0,0,4,10,283,0,31,3,6,12,7,7,13,8,4,3,3,2,14,45
-24,20,4,38,5,0,0,1,0,0,0,4,11,0,0,4,10,283,0,31,3,6,13,6,6,12,7,4,2,3,2,15,30
-53,20,4,43,5,0,0,0,0,0,0,14,1,0,0,4,10,283,0,31,3,6,13,5,5,11,6,3,1,2,2,16,30
36,20,4,41,4,0,0,0,0,0,0,14,1,0,0,4,10,283,0,31,3,6,13,4,4,10,5,3,1,1,2,15,45
-14,20,5,41,3,0,0,0,0,0,0,14,1,0,0,4,10,283,0,31,4,6,13,3,4,9,4,3,0,1,2,15,45
42,20,5,36,3,0,0,0,0,0,0,3,12,0,0,4,10,283,1,30,5,6,15,2,5,8,3,2,0,0,3,15,15
18,20,6,38,3,0,0,0,0,0,0,11,4,0,0,4,10,283,1,29,4,7,14,1,5,8,3,1,0,0,2,15,30
167,15,5,13,5,0,1,0,0,0,0,14,31,0,0,4,10,283,0,25,3,7,15,5,6,13,7,4,0,0,2,11,15
5,15,5,34,5,0,1,0,0,0,0,11,34,0,0,4,10,283,1,24,2,6,15,4,5,12,6,3,0,0,2,15,0
3,15,5,29,4,0,1,0,0,0,0,9,36,0,0,4,10,283,1,24,2,7,16,3,4,11,5,3,0,0,1,14,15
40,15,5,28,3,0,1,0,0,0,0,3,42,0,0,4,10,283,1,24,4,9,16,2,4,11,4,2,0,0,1,13,30
60,14,5,25,5,0,0,0,0,0,0,11,4,0,0,4,10,283,2,22,2,7,14,2,3,10,4,3,0,0,1,13,0
-17,12,4,31,5,0,0,0,1,0,0,13,2,0,0,4,10,283,2,20,5,8,12,2,5,12,5,2,0,0,2,14,45
53,10,5,21,9,0,0,0,1,0,0,3,12,0,0,4,10,283,5,15,2,7,8,4,7,14,6,4,0,0,2,12,30
29,9,5,25,8,0,0,0,1,0,0,1,14,0,0,4,10,283,3,15,5,7,8,6,7,14,7,4,0,0,1,13,0
39,8,5,19,9,0,0,0,1,0,0,8,7,0,0,4,10,283,4,13,5,5,7,5,6,14,7,3,0,0,2,12,15
29,8,5,27,8,0,0,0,1,0,0,7,8,0,0,4,10,283,4,13,5,5,7,4,5,13,6,2,0,0,1,13,15
-29,7,4,23,8,0,0,0,2,0,0,9,6,0,0,4,10,283,4,11,3,3,6,4,8,12,7,3,0,0,2,12,45
22,7,4,23,7,0,0,0,2,0,0,7,8,0,0,4,10,283,4,11,3,3,7,3,7,11,6,3,0,0,2,12,45
79,7,4,14,7,0,0,0,1,0,0,4,11,0,0,4,10,283,4,11,3,3,8,2,7,11,5,3,0,0,2,11,30
29,5,3,18,8,0,0,0,2,0,0,3,12,0,0,4,10,283,4,8,0,1,5,3,7,12,7,3,0,0,2,12,0
11,3,2,16,7,0,0,0,2,0,0,5,10,0,0,4,10,283,2,8,1,2,8,6,8,13,8,4,0,0,1,11,45
-41,3,2,21,6,0,0,0,2,0,0,5,10,0,0,4,10,283,2,8,1,2,8,5,7,12,7,3,0,0,2,12,30
39,3,2,12,5,0,0,0,2,0,0,0,15,0,0,4,10,283,2,8,1,3,8,4,6,11,6,3,0,0,1,11,0
15,3,2,14,5,0,0,0,1,0,0,13,2,0,0,4,10,283,2,8,1,3,8,4,5,10,5,3,0,0,2,11,30
57,3,2,7,5,0,0,0,0,0,0,6,9,0,0,4,10,283,2,8,1,5,8,3,5,9,4,2,0,0,3,10,30
25,3,2,16,5,0,0,0,0,0,0,14,1,0,0,4,10,283,3,7,1,4,7,3,4,9,3,1,0,0,1,11,45
-15,2,1,19,4,0,0,0,0,0,0,14,1,0,0,4,10,283,2,7,2,4,7,2,5,10,3,1,0,0,2,12,15
24,1,0,9,3,0,0,0,0,0,0,1,14,0,0,4,10,283,1,7,4,5,7,2,6,10,3,0,0,0,1,10,45
13,1,1,7,4,0,1,1,0,0,0,6,9,0,0,4,10,283,3,3,1,3,3,4,5,9,4,1,0,0,3,10,30
8,1,1,5,3,0,1,1,0,0,0,10,5,0,0,4,10,283,3,3,2,3,3,4,5,9,3,1,0,0,2,10,15
-15,1,1,5,2,0,1,1,0,0,0,10,5,0,0,4,10,283,3,3,2,3,3,3,4,8,2,1,0,0,2,10,15
-8,1,1,3,2,0,0,1,0,0,1,25,5,0,0,4,10,283,2,2,2,2,2,2,6,7,3,2,0,0,1,9,45
-7,1,1,4,1,0,0,1,0,0,1,18,12,0,0,4,10,283,2,2,2,2,2,1,5,6,2,1,0,0,2,10,0
-22,0,0,1,1,0,0,1,0,0,2,0,12,0,0,4,10,283,0,0,0,0,0,4,5,5,5,4,0,0,1,9,30
-27,0,0,1,0,0,0,1,0,0,2,0,29,0,0,4,10,283,0,0,0,0,0,3,4,4,4,4,0,0,1,9,30
1,0,0,0,0,0,0,1,0,0,1,0,30,0,1,4,10,283,0,0,0,0,0,2,3,3,3,3,0,0,2,9,0
-67,0,0,9,0,0,0,0,0,0,1,0,34,0,0,4,10,283,0,0,0,0,0,1,2,2,2,2,0,0,1,10,45
-89,0,0,9,0,0,0,0,0,0,0,0,71,0,0,4,10,283,0,0,0,0,0,1,1,1,1,1,0,0,1,10,45
57,32,5,55,1,0,1,1,0,0,0,1,14,0,0,3,10,282,2,54,2,7,16,1,2,11,2,0,3,1,1,17,15
6,28,4,53,5,0,0,2,0,0,0,1,14,0,0,3,10,282,2,49,3,10,14,3,7,13,6,2,3,1,2,17,0
5,27,5,57,6,0,1,2,0,0,0,13,2,1,0,3,10,282,2,46,2,8,11,6,10,15,8,2,3,2,1,17,30
-27,26,4,55,5,0,1,2,0,0,0,6,9,0,0,3,10,282,0,46,5,9,12,5,10,15,9,4,2,2,1,17,15
11,26,5,53,4,0,1,2,0,0,0,1,14,0,0,3,10,282,0,46,7,9,12,4,9,15,8,3,2,1,2,17,0
9,26,5,45,5,0,0,2,0,0,0,13,2,0,0,3,10,282,1,45,6,8,11,5,8,14,7,3,2,1,2,16,0
-11,26,5,49,4,0,0,2,0,0,0,12,3,0,0,3,10,282,1,45,6,8,11,4,7,13,6,2,2,1,2,16,30
-18,26,5,51,3,0,0,2,0,0,0,11,4,0,0,3,10,282,1,45,6,8,11,3,6,12,5,2,2,1,2,16,45
7,24,3,47,9,0,0,1,0,0,0,1,14,0,0,3,10,282,4,39,2,4,7,5,6,15,7,2,1,1,2,16,15
8,24,3,49,8,0,0,1,0,0,0,14,1,0,0,3,10,282,4,39,2,4,7,4,5,14,6,2,1,0,2,16,30
-23,23,2,45,7,0,0,1,0,0,0,4,11,0,0,3,10,282,2,39,2,4,7,4,7,13,7,2,1,0,2,16,0
-38,22,1,51,8,0,0,0,0,0,0,14,1,0,0,3,10,282,2,38,1,3,7,3,6,13,7,2,1,0,2,16,45
20,22,1,47,7,0,0,0,0,0,0,11,4,0,0,3,10,282,2,38,2,3,7,2,6,12,6,1,1,0,2,16,15
33,21,0,34,6,0,0,1,0,0,0,8,7,0,0,3,10,282,1,37,2,3,9,3,8,11,7,3,1,0,2,14,45
28,21,2,36,6,0,1,1,0,0,0,11,4,0,0,3,10,282,1,35,1,3,11,5,9,12,8,3,1,1,3,15,0
11,21,2,41,5,0,1,1,0,0,0,10,5,0,0,3,10,282,1,35,1,3,11,4,8,11,7,3,1,1,2,15,30
32,21,2,38,4,0,1,1,0,0,0,5,10,0,0,3,10,282,1,35,1,3,11,5,7,11,6,3,1,1,2,15,15
-30,21,3,36,3,0,1,1,0,0,0,42,3,0,0,3,10,282,1,35,3,4,13,4,7,10,5,3,1,1,3,15,0
-38,21,3,43,3,0,1,1,0,0,0,33,12,0,0,3,10,282,1,34,2,5,13,5,6,9,5,3,1,1,2,15,45
-6,21,4,34,3,0,1,0,0,0,0,25,20,0,0,3,10,282,1,34,2,6,14,4,5,10,4,2,1,1,2,14,45
50,21,4,32,2,0,1,0,0,0,0,25,20,0,0,3,10,282,1,34,2,6,14,3,4,9,3,1,1,1,1,14,15
-24,20,5,33,4,0,0,0,0,0,0,8,37,0,0,3,10,282,2,32,3,7,14,3,4,11,3,1,1,1,2,14,30
-7,20,6,41,3,0,0,0,0,0,0,6,39,0,0,3,10,282,2,32,3,7,15,2,3,10,2,1,0,1,2,15,30
28,18,6,28,3,0,0,0,0,0,0,3,12,0,0,3,10,282,1,31,5,8,16,1,4,12,3,1,0,0,1,13,0
-22,15,6,31,5,0,0,2,1,0,0,14,1,0,0,3,10,282,3,25,3,7,15,3,6,16,6,3,0,0,1,13,30
17,13,6,25,5,0,0,2,1,0,0,13,2,0,0,3,10,282,2,24,4,7,16,3,7,15,7,5,0,0,2,12,30
33,12,6,26,4,0,0,2,1,0,0,5,10,0,0,3,10,282,1,24,5,9,18,4,9,17,7,5,0,0,2,12,45
27,11,5,30,5,0,0,3,2,0,0,1,14,0,0,3,10,282,2,20,3,8,16,5,11,18,9,6,0,0,1,13,15
4,11,5,26,4,0,0,3,2,0,0,11,4,0,0,3,10,282,2,20,4,8,16,4,11,17,8,5,0,0,2,12,45
-44,10,4,28,3,0,0,3,2,0,0,7,8,0,0,3,10,282,1,20,5,8,16,5,10,16,8,5,0,0,1,13,0
36,9,4,21,5,0,0,3,1,0,0,14,1,0,0,3,10,282,2,18,4,8,15,7,10,16,8,4,0,0,2,12,0
57,8,3,21,5,0,0,2,1,0,0,10,5,0,0,3,10,282,1,18,4,8,15,7,9,16,8,3,0,0,2,12,0
30,6,3,16,7,0,0,2,1,0,0,10,5,0,0,3,10,282,2,15,3,8,14,7,11,17,9,3,0,0,2,11,15
22,6,3,20,6,0,0,2,1,0,0,8,7,0,0,3,10,282,2,15,3,8,14,6,10,17,8,3,0,0,2,11,45
8,6,3,23,5,0,0,2,1,0,0,7,8,0,0,3,10,282,2,15,3,9,14,6,9,16,7,3,0,0,1,12,15
94,6,3,14,5,0,0,1,1,0,0,2,13,0,0,3,10,282,2,15,5,9,14,5,8,15,6,2,0,0,2,11,0
58,6,3,12,5,0,0,1,1,0,0,14,1,0,0,3,10,282,3,14,4,9,14,4,7,14,5,1,0,0,2,10,45
-191,6,3,38,5,0,0,1,0,0,0,13,2,0,0,3,10,282,1,14,4,9,14,3,7,13,6,1,0,0,2,15,15
2,6,3,18,5,0,0,1,1,0,0,14,1,0,0,3,10,282,2,12,4,8,12,2,7,13,6,2,0,0,1,11,30
23,6,4,18,5,0,0,0,1,0,0,7,8,0,0,3,10,282,1,12,6,8,12,4,6,12,6,3,0,0,1,11,30
-62,3,2,23,6,0,0,0,2,0,1,13,2,0,0,3,10,282,2,8,4,6,8,5,8,16,8,5,0,0,1,12,15
-255,3,2,38,5,0,0,0,2,0,1,12,3,0,0,3,10,282,2,8,4,6,8,4,8,15,7,5,0,0,2,15,15
11,3,2,16,4,0,0,0,2,0,1,11,4,0,0,3,10,282,2,8,4,7,8,3,7,14,6,4,0,0,2,11,15
-8,3,3,14,6,0,0,1,1,0,1,13,2,0,0,3,10,282,3,5,2,5,5,3,7,14,7,4,0,0,2,11,0
16,3,3,10,5,0,0,1,1,0,1,7,8,0,0,3,10,282,3,5,3,5,5,3,7,14,6,3,0,0,2,10,30
30,2,2,6,7,0,0,1,0,0,1,5,10,0,0,3,10,282,2,3,2,3,3,5,7,13,8,5,0,0,2,10,0
-271,2,2,43,6,0,0,1,0,0,1,11,4,0,0,3,10,282,2,3,3,3,3,4,9,12,7,4,0,0,2,15,45
-1,1,1,8,5,0,0,2,0,0,1,3,12,0,0,3,10,282,1,2,2,2,2,4,9,11,8,4,0,0,2,10,15
3,1,1,10,4,0,0,2,0,0,1,12,3,0,0,3,10,282,1,2,2,2,2,3,8,10,7,3,0,0,2,10,30
10,1,1,4,4,0,0,2,0,0,1,9,6,0,0,3,10,282,2,1,1,1,1,2,7,9,6,2,0,0,2,9,45
-16,0,0,8,4,0,0,1,1,0,1,11,4,0,0,3,10,282,1,0,0,0,0,5,7,8,7,2,0,0,2,10,15
18,0,0,0,3,0,0,1,1,0,1,0,9,0,1,3,10,282,0,0,0,0,0,5,7,7,7,2,0,0,1,9,0
7,0,0,2,2,0,0,1,1,0,1,0,12,0,0,3,10,282,0,0,0,0,0,5,6,6,6,2,0,0,2,9,30
-8,0,0,2,2,0,0,0,1,0,1,0,17,0,0,3,10,282,0,0,0,0,0,4,5,5,5,2,0,0,2,9,30
-22,0,0,12,2,0,0,0,1,0,0,0,18,0,0,3,10,282,0,0,0,0,0,3,4,4,4,2,0,0,2,10,45
-8,0,0,4,1,0,0,0,1,0,0,0,26,0,0,3,10,282,0,0,0,0,0,3,3,3,3,2,0,0,2,9,45
-3,0,0,6,0,0,0,0,1,0,0,0,40,0,0,3,10,282,0,0,0,0,0,2,2,2,2,2,0,0,2,10,0
-14,0,0,1,0,0,0,0,0,0,0,0,50,0,0,3,10,282,0,0,0,0,0,1,1,1,1,1,0,0,2,9,15
76,24,3,44,2,0,0,2,0,0,0,3,12,0,0,6,10,278,1,46,2,5,13,1,5,10,4,1,6,3,2,16,30
18,21,3,49,3,0,0,3,0,0,0,2,13,0,0,6,10,278,1,43,4,9,11,5,8,13,6,3,5,3,1,17,15
-18,21,3,50,3,0,0,2,0,0,0,1,14,1,0,6,10,278,1,43,4,9,11,4,7,12,5,3,5,2,1,17,30
44,21,3,42,2,0,0,2,0,0,0,0,15,0,0,6,10,278,1,43,4,9,11,3,6,11,4,3,4,2,2,16,15
14,21,3,42,2,0,0,1,0,0,0,8,7,0,0,6,10,278,1,43,5,10,11,2,6,11,3,2,3,1,2,16,15
59,20,4,36,3,0,0,1,0,0,2,5,10,0,0,6,10,278,2,39,4,6,9,4,6,12,5,4,3,0,2,15,30
41,20,4,44,4,0,0,1,0,0,2,8,7,0,0,6,10,278,3,37,4,5,9,4,5,12,5,4,3,0,2,16,30
0,20,4,40,6,0,0,1,0,0,1,3,12,0,0,6,10,278,5,35,2,3,7,3,4,12,4,3,3,0,2,16,0
-53,19,3,46,6,0,0,1,0,0,0,12,3,0,0,6,10,278,4,35,2,3,8,3,3,11,4,3,3,0,1,16,45
-1,18,2,40,6,0,0,1,0,0,0,12,3,0,0,6,10,278,3,34,2,2,9,2,6,11,5,3,3,1,2,16,0
6,17,1,32,5,0,1,1,0,0,0,12,3,0,0,6,10,278,3,33,1,3,10,1,7,10,5,2,3,1,2,15,0
-154,16,2,48,5,0,1,1,0,0,0,10,5,0,0,6,10,278,1,32,2,5,13,6,8,10,7,2,2,1,1,17,0
24,16,2,29,4,0,1,1,0,0,0,7,8,0,0,6,10,278,1,32,2,5,13,5,7,10,6,2,2,0,2,14,30
-6,16,2,38,4,0,1,0,0,0,0,3,12,0,0,6,10,278,0,32,2,6,14,4,6,9,6,2,2,0,2,15,45
33,16,4,32,3,0,1,0,0,0,0,43,2,0,0,6,10,278,0,32,3,7,14,3,6,9,5,1,2,0,2,15,0
-26,16,6,30,3,0,2,0,0,0,0,31,14,0,0,6,10,278,2,30,2,7,15,4,5,11,4,1,2,0,2,14,45
-11,16,6,36,2,0,2,0,0,0,0,30,15,0,0,6,10,278,2,30,2,7,15,3,4,11,3,1,2,0,2,15,30
33,15,6,30,2,0,2,0,0,0,0,12,33,0,0,6,10,278,1,29,4,9,15,3,4,12,4,2,2,0,2,14,45
-114,15,6,46,3,0,1,0,0,0,0,7,38,0,0,6,10,278,2,28,3,9,15,2,3,11,3,1,2,0,1,16,45
-26,12,4,28,4,0,0,1,0,0,0,2,13,0,0,6,10,278,1,26,4,8,15,1,4,13,5,2,2,1,1,14,15
23,10,3,23,6,0,0,1,0,0,1,0,15,0,0,6,10,278,1,22,4,8,14,3,9,12,8,3,2,2,1,12,45
-149,9,3,34,7,0,1,2,0,0,0,10,5,0,0,6,10,278,1,19,4,7,14,7,10,14,10,4,1,2,2,15,15
23,8,3,27,7,0,1,2,0,0,0,3,12,0,0,6,10,278,1,18,4,7,13,6,10,13,10,4,1,1,1,13,30
35,8,3,21,6,0,1,2,0,0,0,11,4,0,0,6,10,278,1,18,4,8,13,6,9,13,9,4,1,1,2,12,30
-167,8,3,38,7,0,1,2,0,0,0,8,7,0,0,6,10,278,2,16,3,6,13,5,8,14,9,5,1,1,2,15,45
18,8,4,25,7,0,1,2,0,0,0,5,10,0,0,6,10,278,3,15,2,5,12,4,7,14,8,4,1,1,1,13,0
13,8,5,26,6,0,1,2,0,0,0,1,14,0,0,6,10,278,3,15,3,5,12,3,6,14,7,4,1,1,1,13,15
-156,7,4,34,6,0,0,2,0,0,0,11,4,0,0,6,10,278,2,15,3,5,12,2,5,13,7,5,0,1,2,15,15
3,7,4,19,6,0,0,2,0,0,0,2,13,0,0,6,10,278,3,14,3,5,11,4,4,13,6,5,0,0,2,12,15
14,6,5,16,6,0,1,2,0,0,0,11,4,0,0,6,10,278,4,12,2,7,10,3,6,14,6,4,0,0,1,11,45
33,6,5,23,6,0,1,1,0,0,0,10,5,0,0,6,10,278,4,12,3,7,10,2,5,13,5,3,0,0,1,12,45
42,5,4,18,5,0,1,1,0,0,0,9,6,0,0,6,10,278,3,12,3,7,10,1,4,12,5,2,0,0,2,12,0
-4,3,3,19,6,0,1,3,0,0,0,13,2,0,0,6,10,278,4,8,3,6,8,4,11,16,7,4,0,0,2,12,15
-3,3,3,21,6,0,1,2,0,0,0,12,3,0,0,6,10,278,4,8,3,6,8,3,10,15,6,3,0,0,2,12,30
-12,3,3,14,7,0,0,2,0,0,0,7,8,0,0,6,10,278,5,7,4,5,7,4,9,14,5,2,0,0,2,11,30
13,0,0,6,8,0,0,2,0,0,0,0,15,0,0,6,10,278,2,5,3,3,5,7,11,15,9,4,0,0,2,10,15
19,0,0,13,7,0,0,2,0,0,0,10,5,0,0,6,10,278,2,5,3,4,5,7,10,14,8,4,0,0,2,11,15
-3,0,0,8,7,0,0,2,0,0,1,8,7,0,0,6,10,278,3,3,1,2,3,6,10,13,8,5,0,0,1,10,30
69,0,0,6,6,0,0,2,0,0,1,5,10,0,0,6,10,278,3,3,1,2,3,5,9,12,7,4,0,0,2,10,15
4,0,0,11,5,0,0,2,0,0,1,2,13,0,0,6,10,278,3,3,1,2,3,4,8,11,6,4,0,0,1,11,0
-54,0,0,14,4,0,0,2,0,0,1,7,8,0,0,6,10,278,1,3,1,3,3,3,7,10,7,3,0,0,2,11,30
-3,0,0,4,4,0,0,3,0,0,0,0,15,0,0,6,10,278,2,2,0,2,2,5,7,10,6,3,0,0,2,10,0
-50,0,0,11,3,0,0,3,0,0,0,14,1,0,0,6,10,278,2,2,0,2,2,4,6,9,5,3,0,0,1,11,0
95,0,0,1,3,0,0,2,0,0,0,7,8,0,0,6,10,278,2,2,2,2,2,4,7,8,4,2,0,0,1,9,30
6,0,0,8,2,0,0,2,0,0,0,2,13,0,0,6,10,278,2,2,2,2,2,3,6,7,3,1,0,0,1,10,30
31,0,0,3,1,0,0,2,0,0,0,1,14,0,0,6,10,278,1,2,2,2,2,3,5,6,3,2,0,0,2,9,45
-88,0,0,10,1,0,0,1,0,0,1,0,6,0,0,6,10,278,1,1,1,1,1,2,4,5,3,1,0,0,2,10,45
-6,0,0,4,1,0,0,1,0,0,1,0,28,0,0,6,10,278,0,0,0,0,0,3,3,4,4,1,0,0,2,10,0
-14,0,0,1,1,0,0,0,0,0,1,0,38,0,0,6,10,278,0,0,0,0,0,2,3,3,3,1,0,0,1,9,30
-22,0,0,0,0,0,0,0,0,0,1,0,42,0,1,6,10,278,0,0,0,0,0,1,2,2,2,1,0,0,2,9,15
-166,0,0,16,0,0,0,0,0,0,0,0,89,0,0,6,10,278,0,0,0,0,0,1,1,1,1,1,0,0,1,11,45
18,21,4,41,3,0,0,2,0,0,0,8,7,0,0,5,10,277,1,39,2,5,10,3,5,9,5,2,5,2,1,17,0
67,21,4,39,3,0,0,1,0,0,0,7,8,0,0,5,10,277,1,39,2,5,10,2,4,8,4,2,5,1,2,16,45
5,20,3,43,2,0,0,1,0,0,0,2,13,0,0,5,10,277,0,39,2,5,10,1,3,7,4,2,4,1,1,17,15
9,18,1,44,5,0,0,0,0,0,0,4,11,1,0,5,10,277,0,36,3,4,10,2,5,9,6,1,4,0,1,17,30
20,18,1,38,4,0,0,0,1,0,0,13,2,0,0,5,10,277,1,35,2,5,9,1,5,11,5,0,4,0,2,16,30
1,17,1,41,3,0,1,1,1,0,0,11,4,0,0,5,10,277,1,33,4,5,8,4,5,12,6,1,4,1,1,17,0
-12,17,1,39,2,0,1,1,1,0,0,7,8,0,0,5,10,277,1,33,4,6,9,3,5,11,5,1,4,1,2,16,45
10,17,1,37,1,0,1,1,1,0,0,0,15,0,0,5,10,277,0,33,4,7,10,2,4,10,5,1,4,1,1,16,15
56,17,1,29,3,0,1,1,0,0,0,14,1,0,0,5,10,277,2,31,3,5,10,2,6,12,4,1,4,3,2,15,0
55,16,1,31,5,0,1,1,0,0,0,3,12,0,0,5,10,277,1,28,2,3,11,3,8,12,7,1,3,3,1,15,15
3,16,1,27,4,0,1,1,0,0,0,56,4,0,0,5,10,277,1,28,2,3,12,5,7,11,6,1,3,2,2,14,45
-24,16,2,34,5,0,2,0,0,0,0,42,18,0,0,5,10,277,2,26,1,3,12,5,7,12,6,2,2,2,1,15,45
-51,16,2,31,4,0,2,0,0,0,0,31,29,0,0,5,10,277,1,26,1,5,14,5,8,15,6,2,1,1,1,15,15
-3,16,2,27,3,0,2,0,0,0,0,30,30,0,0,5,10,277,1,26,1,5,14,4,7,14,5,1,1,0,2,14,45
-25,16,2,36,3,0,1,0,0,0,0,29,31,0,0,5,10,277,1,26,1,5,15,3,6,13,4,1,1,0,1,16,0
-93,16,4,34,4,0,0,0,0,0,0,15,45,0,0,5,10,277,1,25,2,5,14,2,6,13,4,1,1,0,1,15,45
-3,15,4,29,3,0,0,0,0,0,0,7,53,0,0,5,10,277,0,25,3,8,15,3,5,12,4,1,1,0,2,15,0
-46,14,4,33,4,0,0,0,0,0,0,13,2,0,0,5,10,277,1,23,3,9,15,4,6,15,4,1,1,0,2,15,30
40,14,5,22,4,0,0,0,0,0,0,9,6,0,0,5,10,277,1,22,4,9,15,3,7,14,4,2,1,0,1,13,0
-42,14,6,26,4,0,0,0,0,0,0,3,12,0,0,5,10,277,2,21,5,8,14,2,8,13,3,2,1,1,2,14,30
-18,12,4,25,3,0,0,0,0,0,0,10,5,0,0,5,10,277,0,21,5,10,15,1,7,12,4,2,1,1,1,13,30
26,10,4,19,8,0,0,0,0,0,0,8,7,0,0,5,10,277,2,15,4,6,11,6,9,14,7,3,1,1,1,12,30
12,10,5,19,8,0,0,0,0,0,0,1,14,0,0,5,10,277,3,14,3,6,11,6,10,16,6,3,1,1,1,12,30
43,10,5,17,7,0,0,0,0,0,0,12,3,0,0,5,10,277,3,14,3,7,12,5,9,15,5,3,1,1,2,12,15
14,9,4,22,6,0,0,0,0,0,0,11,4,0,0,5,10,277,2,14,3,7,12,4,8,14,5,4,1,1,1,13,0
-40,9,4,24,6,0,0,0,0,0,0,7,8,0,0,5,10,277,3,13,3,6,11,3,7,13,4,3,1,1,1,13,15
-16,9,4,21,5,0,0,0,0,0,0,3,12,0,0,5,10,277,3,13,3,6,11,2,6,12,3,2,0,1,2,12,45
56,7,4,12,5,0,1,0,0,0,0,4,11,0,0,5,10,277,2,11,3,6,10,3,6,12,5,5,0,0,1,11,30
-1,6,5,15,5,0,1,0,0,0,0,2,13,0,0,5,10,277,2,10,3,6,9,4,7,12,5,4,0,0,2,12,0
3,6,5,15,4,0,1,0,0,0,0,10,5,0,0,5,10,277,2,10,4,6,9,3,6,11,4,3,0,0,2,12,0
31,5,5,10,5,0,1,0,0,0,0,3,12,0,0,5,10,277,2,8,3,5,7,4,7,12,5,3,0,0,2,11,15
-56,5,5,17,5,0,0,0,0,0,0,1,14,0,0,5,10,277,2,8,3,5,7,3,7,11,4,3,0,0,2,12,15
26,3,3,14,5,0,1,0,0,0,0,8,7,0,0,5,10,277,1,6,2,5,6,3,7,10,6,5,0,0,2,11,45
3,3,3,8,5,0,0,0,0,0,1,4,11,0,0,5,10,277,2,5,2,4,5,4,6,9,5,4,0,0,2,11,0
20,1,1,12,5,0,0,0,0,0,1,3,12,0,0,5,10,277,1,4,2,3,4,4,6,8,6,4,0,0,1,11,30
-4,0,0,10,4,0,0,0,0,0,1,6,9,0,0,5,10,277,0,4,3,3,4,4,6,10,6,3,0,0,2,11,15
40,0,0,3,3,0,0,0,0,0,1,6,9,0,0,5,10,277,0,4,3,3,4,3,5,9,5,3,0,0,1,10,15
21,0,0,8,2,0,0,1,0,0,1,1,14,0,0,5,10,277,1,3,2,2,3,2,5,8,4,2,0,0,2,11,0
-3,0,0,3,2,0,1,0,0,0,1,12,3,0,0,5,10,277,0,2,1,2,2,2,4,7,5,3,0,0,1,10,15
0,0,0,6,2,0,1,1,0,0,0,0,8,0,0,5,10,277,0,1,1,1,1,3,3,6,5,3,0,0,2,10,45
13,0,0,5,1,0,1,1,0,0,0,0,20,0,0,5,10,277,0,1,1,1,1,2,5,5,4,3,0,0,2,10,30
-1,0,0,1,1,0,0,1,0,0,0,0,24,0,0,5,10,277,0,1,1,1,1,1,4,4,3,2,0,0,2,10,0
-104,0,0,6,1,0,0,1,0,0,0,0,75,0,0,5,10,277,0,0,0,0,0,3,3,3,3,1,0,0,2,10,45
24,0,0,1,0,0,0,1,0,0,0,0,77,0,0,5,10,277,0,0,0,0,0,2,2,2,2,1,0,0,2,10,0
-1,0,0,0,0,0,0,0,0,0,0,0,79,0,1,5,10,277,0,0,0,0,0,1,1,1,1,1,0,0,2,9,45
12,29,2,52,1,0,0,0,0,0,0,16,14,1,0,4,10,276,1,51,1,5,16,1,1,6,1,1,5,0,1,17,30
-16,25,3,51,6,0,1,0,0,0,0,8,7,0,0,4,10,276,2,44,3,11,15,5,6,15,6,4,5,0,1,17,0
15,24,2,45,7,0,0,2,0,0,0,4,11,0,0,4,10,276,3,41,6,9,13,4,5,15,7,3,5,0,1,16,0
1,24,3,49,6,0,0,2,0,0,0,14,1,0,0,4,10,276,3,41,8,9,13,4,5,14,6,3,5,0,1,16,45
-5,24,3,48,5,0,0,2,0,0,0,13,2,0,0,4,10,276,3,41,8,9,13,3,4,14,5,3,5,0,2,16,30
15,24,3,47,4,0,0,2,0,0,0,12,3,0,0,4,10,276,3,41,8,9,13,2,4,14,4,2,5,1,1,16,15
37,22,2,41,7,0,0,2,2,0,1,0,15,0,0,4,10,276,5,34,2,4,8,2,7,14,8,4,5,3,2,15,30
86,21,1,34,8,0,0,2,2,0,1,1,14,0,0,4,10,276,4,32,1,4,8,6,10,15,10,7,5,3,2,14,45
-4,21,2,45,7,0,0,2,2,0,1,12,3,0,0,4,10,276,3,32,2,4,9,6,11,14,10,6,4,3,1,16,0
-5,21,2,38,8,0,0,2,1,0,1,8,7,0,0,4,10,276,4,31,2,3,8,7,10,13,9,6,4,2,2,15,15
-4,21,2,43,8,0,0,1,1,0,1,4,11,0,0,4,10,276,3,31,2,3,9,6,9,12,9,6,3,2,2,15,45
11,21,2,41,8,0,0,0,1,0,1,59,1,0,0,4,10,276,3,31,2,4,10,5,8,11,8,6,2,1,2,15,30
-17,20,3,36,7,0,0,0,1,0,1,54,6,0,0,4,10,276,2,31,3,4,10,5,8,10,8,6,2,0,3,15,0
-40,20,4,38,7,0,0,1,1,0,0,44,16,0,0,4,10,276,3,30,2,4,10,4,7,10,7,6,2,0,2,15,15
-81,20,4,49,6,0,0,1,1,0,0,42,18,0,0,4,10,276,3,30,2,5,10,5,6,9,6,5,2,0,1,16,45
58,20,4,33,6,0,0,1,1,0,0,39,21,0,0,4,10,276,4,29,1,4,9,4,5,8,5,4,2,0,2,14,30
-10,20,4,43,5,0,0,1,1,0,0,27,33,0,0,4,10,276,3,29,2,5,11,4,5,7,5,4,2,0,2,15,45
-62,20,5,36,6,0,0,0,1,0,0,13,47,0,0,4,10,276,4,28,3,4,11,3,5,8,4,3,2,0,3,15,0
-18,19,4,38,5,0,0,0,1,0,0,12,48,0,0,4,10,276,3,28,3,5,12,2,4,8,4,2,2,0,2,15,15
1,19,5,34,5,0,0,0,1,0,0,14,1,0,0,4,10,276,4,27,2,6,12,2,3,9,3,1,2,0,2,14,45
55,16,5,32,5,0,0,1,1,0,0,3,12,0,0,4,10,276,3,25,3,5,13,2,3,11,5,1,2,0,1,13,30
42,16,5,29,5,0,0,1,1,0,0,4,11,0,0,4,10,276,3,24,4,6,12,1,2,14,5,1,2,0,1,13,0
57,13,5,25,5,0,2,1,2,0,0,0,15,0,0,4,10,276,3,20,3,7,14,2,8,18,8,2,2,1,2,12,30
30,11,6,23,8,0,2,0,2,0,0,1,14,0,0,4,10,276,2,17,4,6,14,7,14,20,11,3,2,2,2,12,15
40,11,6,27,7,0,2,0,2,0,0,14,1,0,0,4,10,276,2,17,4,6,14,6,13,19,10,3,2,2,2,12,45
-20,11,6,31,8,0,2,0,1,0,0,13,2,0,0,4,10,276,3,16,3,5,13,5,12,19,9,3,2,2,1,13,15
35,10,5,17,8,0,1,0,1,0,0,7,8,0,0,4,10,276,1,16,4,5,13,5,11,18,10,4,1,2,2,11,30
15,10,5,29,7,0,1,0,1,0,0,6,9,0,0,4,10,276,1,16,4,5,13,4,11,17,9,4,1,1,1,13,0
59,8,5,15,10,0,1,0,0,0,0,2,13,0,0,4,10,276,2,13,2,7,11,9,12,18,10,4,1,1,2,11,15
-13,8,5,21,9,0,1,0,0,0,0,1,14,0,0,4,10,276,2,13,2,7,11,8,11,17,9,4,1,1,2,12,0
26,7,4,21,9,0,1,0,0,0,0,11,4,0,0,4,10,276,2,12,1,6,10,7,10,16,9,5,1,1,2,12,0
0,7,4,25,8,0,1,0,0,0,0,3,12,0,0,4,10,276,2,12,1,7,12,7,11,15,8,4,1,1,2,12,30
-7,6,3,27,8,0,0,0,0,0,0,11,4,0,0,4,10,276,1,12,4,7,12,7,10,16,8,5,0,1,2,12,45
-18,6,3,23,7,0,0,0,0,0,0,10,5,0,0,4,10,276,1,12,4,7,12,6,9,15,7,5,0,0,2,12,15
9,5,2,17,6,0,0,0,0,0,0,7,8,0,0,4,10,276,0,12,4,7,12,5,8,14,7,4,0,0,2,11,30
-3,5,3,19,5,0,0,0,0,0,0,4,11,0,0,4,10,276,0,12,5,9,12,5,7,14,6,4,0,0,2,11,45
42,5,3,11,5,0,0,0,0,0,0,3,12,0,0,4,10,276,1,11,5,8,11,4,7,13,5,3,0,0,2,10,45
10,5,3,15,4,0,0,0,0,0,0,6,9,0,0,4,10,276,0,11,6,8,11,4,7,13,5,2,0,0,2,11,15
-21,5,4,13,5,0,0,0,0,0,1,12,3,0,0,4,10,276,3,8,3,5,8,4,6,14,4,2,0,0,2,11,0
8,5,4,11,4,0,0,0,0,0,1,4,11,0,0,4,10,276,3,8,4,6,8,3,7,13,3,2,0,0,2,10,45
13,3,3,13,5,0,0,0,0,0,1,11,4,0,0,4,10,276,2,6,3,4,6,4,6,13,5,4,0,0,2,11,0
28,3,3,9,4,0,0,0,0,0,2,5,10,0,0,4,10,276,3,5,2,4,5,3,5,12,4,3,0,0,2,10,30
-93,2,2,19,4,0,0,0,1,0,2,3,12,0,0,4,10,276,3,3,1,3,3,4,7,11,5,2,0,0,2,11,45
3,2,2,7,4,0,0,0,1,0,1,13,2,0,0,4,10,276,3,3,1,3,3,3,7,10,4,2,0,0,2,10,15
-16,1,1,7,4,0,0,0,1,0,1,9,6,0,0,4,10,276,2,2,2,2,2,4,8,9,5,2,0,0,2,10,15
-10,1,1,4,3,0,0,0,1,0,1,5,10,0,0,4,10,276,2,2,2,2,2,3,7,8,4,2,0,0,1,9,45
2,0,0,1,4,0,0,0,1,0,1,1,14,0,0,4,10,276,1,0,0,0,0,4,7,7,6,4,0,0,2,9,15
-73,0,0,9,3,0,0,0,1,0,1,0,3,0,0,4,10,276,1,0,0,0,0,5,6,6,5,3,0,0,2,10,30
49,0,0,2,2,0,0,0,1,0,1,0,11,0,0,4,10,276,0,0,0,0,0,4,5,5,5,3,0,0,2,9,30
-56,0,0,6,1,0,0,0,1,0,1,0,16,0,0,4,10,276,0,0,0,0,0,3,4,4,4,2,0,0,2,10,0
-53,0,0,4,0,0,0,0,1,0,1,0,29,0,0,4,10,276,0,0,0,0,0,3,3,3,3,2,0,0,1,9,45
31,0,0,0,0,0,0,0,0,0,1,0,30,0,1,4,10,276,0,0,0,0,0,2,2,2,2,1,0,0,1,9,0
22,0,0,2,0,0,0,0,0,0,0,0,46,0,0,4,10,276,0,0,0,0,0,1,1,1,1,0,0,0,2,9,30
51,42,5,57,2,0,0,1,0,0,0,7,8,0,0,3,10,275,1,56,4,8,15,2,4,9,3,3,10,2,1,17,15
22,42,5,57,2,0,0,1,0,0,0,3,12,0,0,3,10,275,2,55,4,7,14,1,4,9,2,2,9,2,1,17,15
20,39,5,59,5,0,1,0,0,0,0,2,13,1,0,3,10,275,3,51,3,7,13,3,5,11,4,1,9,1,1,17,30
17,37,7,55,6,0,1,1,0,0,0,12,3,0,0,3,10,275,3,48,2,7,11,2,6,12,6,2,9,1,2,17,0
11,37,7,52,6,0,0,1,0,0,0,6,9,0,0,3,10,275,3,48,4,7,11,2,5,12,5,2,8,1,2,16,30
52,34,5,50,7,0,0,1,0,0,2,6,9,0,0,3,10,275,3,44,3,4,10,4,8,15,8,2,8,2,1,16,15
14,34,5,55,6,0,0,1,0,0,2,2,13,0,0,3,10,275,3,44,3,6,10,4,7,15,7,2,8,2,2,17,0
15,31,3,48,8,0,0,1,0,0,2,3,12,0,0,3,10,275,3,41,0,4,8,5,8,14,9,5,8,2,2,16,0
44,31,4,48,7,0,0,1,0,0,2,13,2,0,0,3,10,275,3,41,1,4,8,5,7,13,8,5,8,2,2,16,0
25,30,3,44,6,0,0,1,0,0,2,5,10,0,0,3,10,275,2,41,2,4,9,4,7,13,8,5,8,2,2,15,30
31,30,3,42,5,0,0,1,0,0,2,0,15,0,0,3,10,275,2,41,3,4,9,3,9,12,7,5,7,2,2,15,15
-18,30,3,50,4,0,0,1,0,0,2,13,2,0,0,3,10,275,2,41,3,4,9,2,8,11,6,4,7,1,1,16,15
12,29,2,44,4,0,0,1,0,0,2,1,14,0,0,3,10,275,1,40,3,5,9,3,7,11,7,4,6,1,2,15,30
38,28,4,40,4,0,0,2,0,0,2,8,7,0,0,3,10,275,1,38,3,4,12,6,8,11,8,3,6,1,2,15,0
20,28,4,46,4,0,0,2,0,0,2,5,10,0,0,3,10,275,2,37,2,4,11,5,7,10,7,2,6,1,2,15,45
-17,27,3,42,4,0,0,2,0,0,1,56,4,0,0,3,10,275,1,37,3,4,12,4,6,9,7,1,6,1,2,15,15
-34,27,3,46,4,0,0,2,0,0,0,50,10,0,0,3,10,275,1,37,3,5,14,4,6,8,6,1,6,1,2,15,45
43,27,4,39,3,0,0,2,0,0,0,48,12,0,0,3,10,275,1,37,3,5,14,4,5,7,5,1,6,1,2,14,45
75,27,4,35,2,0,0,2,0,0,0,47,13,0,0,3,10,275,1,37,3,5,14,3,4,6,4,1,6,1,1,13,15
-17,25,5,53,3,0,1,2,0,0,0,24,36,0,0,3,10,275,2,34,1,5,14,2,4,8,5,2,5,2,2,16,45
4,25,6,40,3,0,1,1,0,0,0,18,42,0,0,3,10,275,2,34,2,6,16,2,3,8,4,1,5,1,2,15,0
8,24,8,38,4,0,1,0,0,0,0,5,10,0,0,3,10,275,2,32,4,10,18,2,3,11,4,2,5,1,1,14,30
45,22,7,35,4,0,0,0,1,0,0,9,6,0,0,3,10,275,1,31,6,10,20,2,3,15,5,3,4,1,1,13,15
49,17,5,28,6,0,0,3,1,0,0,10,5,0,0,3,10,275,2,26,3,9,17,1,6,19,9,6,4,0,3,12,30
56,15,6,26,6,0,0,3,2,0,1,10,5,0,0,3,10,275,1,23,6,10,16,5,12,23,12,6,4,3,2,12,15
59,14,7,33,6,0,0,3,2,0,1,4,11,0,0,3,10,275,1,22,5,10,15,5,13,23,12,7,4,3,2,13,0
4,14,7,33,7,0,0,3,1,0,1,3,12,0,0,3,10,275,2,21,5,9,14,4,12,22,11,6,4,3,2,13,0
-21,13,6,30,9,0,0,3,1,0,0,6,9,0,0,3,10,275,2,19,4,9,14,4,11,23,12,5,4,3,2,12,45
32,12,6,24,8,0,1,3,1,0,0,2,13,0,0,3,10,275,2,18,4,8,13,6,12,23,12,5,4,3,2,12,0
60,11,6,22,7,0,1,3,2,0,0,6,9,0,0,3,10,275,1,17,5,8,14,8,13,22,13,6,4,3,2,11,45
51,11,6,24,7,0,1,3,2,0,0,2,13,0,0,3,10,275,2,16,4,7,14,8,14,21,12,6,4,3,2,12,0
16,9,4,30,8,0,1,2,2,0,0,5,10,0,0,3,10,275,1,15,5,8,14,8,15,22,13,6,3,4,2,12,45
11,9,4,28,8,0,1,2,2,0,0,4,11,0,0,3,10,275,1,14,4,7,13,7,14,21,13,6,2,3,3,12,30
14,9,4,37,7,0,1,2,2,0,0,3,12,0,0,3,10,275,1,14,4,7,13,6,13,20,12,5,2,2,1,13,30
-15,9,4,30,7,0,1,1,2,0,0,1,14,0,0,3,10,275,1,14,4,7,13,8,13,19,11,4,1,2,2,12,45
43,9,5,20,7,0,1,1,2,0,0,12,3,0,0,3,10,275,2,13,4,6,12,7,12,18,10,4,1,1,2,11,30
-10,9,5,20,6,0,1,1,2,0,0,10,5,0,0,3,10,275,2,13,4,6,12,6,11,17,9,4,1,1,2,11,30
23,7,3,22,6,0,1,1,1,0,1,5,10,0,0,3,10,275,1,12,3,5,11,5,11,16,10,6,1,1,2,11,45
36,7,3,18,7,0,1,1,1,0,1,6,9,0,0,3,10,275,3,10,3,5,10,8,13,16,9,5,1,1,2,11,15
36,7,4,18,6,0,1,1,1,0,1,2,13,0,0,3,10,275,3,10,3,5,10,7,12,16,8,5,1,1,2,11,15
-14,6,3,26,5,0,1,1,1,0,1,2,13,0,0,3,10,275,2,10,3,5,10,6,11,15,8,5,1,1,2,12,15
36,6,3,16,4,0,1,1,1,0,1,1,14,0,0,3,10,275,2,10,3,5,10,5,10,14,7,5,1,1,2,11,0
-302,5,3,53,4,0,0,1,1,0,2,4,11,0,0,3,10,275,1,9,2,6,9,6,9,14,8,5,1,1,2,16,45
72,5,4,9,4,0,0,1,0,0,2,3,12,0,0,3,10,275,1,9,2,6,9,5,8,13,7,4,1,1,3,10,15
35,5,4,11,4,0,0,1,0,0,1,1,14,0,0,3,10,275,1,9,3,7,9,4,7,13,6,4,0,1,2,10,30
-23,5,4,16,4,0,0,2,0,0,1,6,9,0,0,3,10,275,3,7,2,6,7,5,8,14,5,3,0,0,2,11,0
2,5,4,14,3,0,0,2,0,0,1,1,14,0,0,3,10,275,2,7,2,6,7,5,7,13,5,4,0,0,2,10,45
22,4,4,9,2,0,0,2,0,0,1,7,8,0,0,3,10,275,0,7,4,6,7,4,6,12,6,5,0,0,3,10,15
-11,4,4,11,2,0,0,3,0,0,1,12,3,0,0,3,10,275,2,5,4,4,5,3,5,12,5,4,0,0,2,10,30
66,4,4,7,2,0,0,2,0,0,1,6,9,0,0,3,10,275,2,5,4,5,5,4,5,11,4,3,0,0,2,10,0
50,4,4,11,1,0,0,2,0,0,1,6,9,0,0,3,10,275,2,5,4,5,5,3,4,10,3,2,0,0,2,10,30
4,1,1,2,3,0,0,2,1,0,1,12,3,0,0,3,10,275,2,1,1,1,1,3,7,9,6,3,0,0,2,9,30
-12,1,1,5,2,0,0,2,1,0,1,10,5,0,0,3,10,275,2,1,1,1,1,2,6,8,5,3,0,0,2,9,45
14,0,0,7,2,0,1,1,1,0,1,0,3,0,0,3,10,275,1,0,0,0,0,5,7,7,6,3,0,0,2,10,0
-28,0,0,2,1,0,1,1,1,0,1,0,10,0,0,3,10,275,0,0,0,0,0,5,6,6,6,3,0,0,2,9,30
4,0,0,5,0,0,1,1,1,0,1,0,15,0,0,3,10,275,0,0,0,0,0,4,5,5,5,2,0,0,2,9,45
-23,0,0,1,0,0,0,1,1,0,1,0,28,0,0,3,10,275,0,0,0,0,0,3,4,4,4,2,0,0,3,9,15
15,0,0,0,0,0,0,1,0,0,1,0,32,0,1,3,10,275,0,0,0,0,0,3,3,3,3,1,0,0,1,9,0
-34,0,0,14,0,0,0,1,0,0,0,0,36,0,0,3,10,275,0,0,0,0,0,2,2,2,2,1,0,0,2,10,45
13,0,0,2,0,0,0,0,0,0,0,0,59,0,0,3,10,275,0,0,0,0,0,1,1,1,1,1,0,0,2,9,30
35,20,2,43,1,0,1,2,0,0,0,11,4,0,0,2,10,274,4,41,4,6,11,2,6,10,1,1,2,1,1,17,0
-21,20,4,43,1,0,0,4,0,0,0,21,9,0,0,2,10,274,3,39,2,6,9,2,5,12,3,2,2,0,1,17,0
-66,19,4,45,2,0,0,3,0,0,1,4,26,1,0,2,10,274,3,37,3,6,8,4,5,12,4,3,2,0,1,17,30
10,19,5,38,2,0,0,2,0,0,1,6,9,0,0,2,10,274,3,37,4,7,10,3,7,12,3,3,2,0,2,16,0
-12,18,4,42,2,0,0,1,0,0,1,5,10,0,0,2,10,274,2,37,4,7,10,2,6,11,3,2,2,0,2,16,45
21,18,4,35,3,0,0,1,0,0,0,0,15,0,0,2,10,274,2,36,3,6,9,2,5,10,3,2,2,0,1,15,30
-24,16,2,40,5,0,0,0,0,0,1,1,14,0,0,2,10,274,3,33,3,4,8,4,7,11,4,2,2,0,1,16,30
-35,15,1,37,7,0,0,0,0,0,0,1,14,0,0,2,10,274,3,31,1,2,7,3,8,10,5,2,2,1,2,15,45
-40,15,1,40,6,0,0,0,0,0,0,0,15,0,0,2,10,274,3,31,1,2,7,3,7,9,4,2,2,1,1,16,30
7,15,1,35,5,0,0,0,0,0,0,12,3,0,0,2,10,274,3,31,1,2,7,3,6,9,3,1,2,1,1,15,30
9,14,0,32,4,0,0,1,0,0,0,0,15,0,0,2,10,274,1,30,1,4,9,5,7,8,5,2,2,1,1,15,0
-11,14,0,32,3,0,0,1,0,0,0,59,1,0,0,2,10,274,0,30,1,4,9,4,6,7,5,1,2,1,1,15,0
7,14,0,34,2,0,0,1,0,0,0,53,7,0,0,2,10,274,0,30,3,5,10,3,5,6,4,1,2,1,2,15,15
84,14,2,28,2,0,0,1,0,0,0,36,24,0,0,2,10,274,0,29,2,5,12,2,4,6,4,1,2,1,1,13,30
-84,14,2,38,2,0,0,0,0,0,0,33,27,0,0,2,10,274,0,29,3,5,12,3,3,5,3,0,1,1,2,16,0
-15,14,2,30,2,0,0,1,0,0,0,6,54,0,0,2,10,274,1,27,3,4,13,2,3,8,3,0,1,0,2,14,45
-22,14,3,29,1,0,0,1,0,0,0,4,56,0,0,2,10,274,1,27,3,5,13,1,2,7,2,0,1,0,2,14,30
-64,12,4,30,3,0,0,1,0,0,0,13,2,0,0,2,10,274,2,24,4,7,14,1,3,11,3,2,1,0,2,14,45
66,9,5,20,6,0,1,1,1,0,0,9,6,0,0,2,10,274,2,18,4,6,12,5,8,17,8,5,1,0,2,12,15
10,8,4,25,6,0,1,1,1,0,0,0,15,0,0,2,10,274,2,17,3,7,12,4,9,16,8,4,1,0,1,13,0
5,7,3,22,6,0,0,1,1,0,0,13,2,0,0,2,10,274,1,17,4,7,12,3,8,15,8,3,1,0,1,12,30
-22,7,4,27,6,0,0,1,1,0,0,7,8,0,0,2,10,274,2,16,4,7,11,2,7,15,7,3,1,0,1,13,15
-3,7,4,25,5,0,0,1,1,0,0,7,8,0,0,2,10,274,2,16,4,7,11,1,6,14,6,2,1,0,1,13,0
7,5,3,20,7,0,0,1,2,0,0,0,15,0,0,2,10,274,1,12,3,6,10,7,12,17,10,4,1,1,2,12,15
27,5,3,18,6,0,0,1,2,0,0,14,1,0,0,2,10,274,1,12,3,6,10,6,11,16,9,4,1,1,2,12,0
-13,5,3,22,5,0,0,1,2,0,0,11,4,0,0,2,10,274,1,12,4,6,10,6,10,15,8,3,1,1,1,12,30
-25,4,2,18,5,0,0,1,2,0,0,8,7,0,0,2,10,274,1,11,3,5,9,5,9,14,8,3,1,1,2,12,0
38,4,3,15,5,0,0,1,2,0,0,1,14,0,0,2,10,274,2,10,3,5,8,6,8,13,7,3,1,1,1,11,30
-18,3,2,17,5,0,0,1,2,0,0,5,10,0,0,2,10,274,2,9,3,5,9,7,8,14,7,4,0,1,2,11,45
-55,3,2,24,5,0,0,1,1,0,0,2,13,0,0,2,10,274,1,9,3,6,9,6,7,13,7,5,0,0,2,12,45
58,3,2,12,4,0,0,1,1,0,0,13,2,0,0,2,10,274,1,9,3,6,9,5,6,12,6,4,0,0,1,11,0
49,3,3,8,5,0,0,1,1,0,0,3,12,0,0,2,10,274,2,7,1,4,7,4,6,12,6,4,0,0,2,10,30
10,3,3,12,5,0,0,1,0,0,0,1,14,0,0,2,10,274,2,7,1,4,7,3,5,11,5,4,0,0,1,11,0
-25,3,3,14,4,0,0,1,0,0,0,12,3,0,0,2,10,274,2,7,2,4,7,2,6,10,4,3,0,0,2,11,15
17,2,2,15,4,0,0,0,1,0,0,6,9,0,0,2,10,274,1,6,2,4,6,2,6,10,5,3,0,0,1,11,30
-7,1,1,10,4,0,0,0,1,0,0,10,5,0,0,2,10,274,1,5,2,4,5,4,6,10,5,3,0,0,2,10,45
-1,1,1,4,5,0,0,0,1,0,0,6,9,0,0,2,10,274,1,3,1,3,3,4,6,10,6,4,0,0,1,9,45
19,0,0,4,5,0,0,0,0,0,0,14,1,0,0,2,10,274,0,3,1,3,3,4,6,9,6,4,0,0,1,9,45
24,0,0,6,4,0,0,0,0,0,0,12,3,0,0,2,10,274,0,3,2,3,3,3,5,8,5,3,0,0,1,10,0
24,0,0,8,4,0,0,0,0,0,0,8,7,0,0,2,10,274,1,2,2,2,2,2,5,7,4,3,0,0,2,10,30
3,0,0,2,3,0,0,0,0,0,0,0,15,0,0,2,10,274,0,2,2,2,2,3,5,6,4,3,0,0,2,9,30
-24,0,0,7,2,0,2,0,0,0,0,0,7,0,0,2,10,274,2,0,0,0,0,3,4,5,3,3,0,0,2,10,15
-28,0,0,1,2,0,1,0,0,0,0,0,26,0,0,2,10,274,0,0,0,0,0,2,4,4,4,3,0,0,2,9,15
-18,0,0,0,2,0,0,0,0,0,0,0,34,0,1,2,10,274,0,0,0,0,0,2,3,3,3,3,0,0,1,9,0
-21,0,0,2,1,0,0,0,0,0,0,0,59,0,0,2,10,274,0,0,0,0,0,2,2,2,2,2,0,0,2,9,30
-20,0,0,10,0,0,0,0,0,0,0,0,72,0,0,2,10,274,0,0,0,0,0,1,1,1,1,1,0,0,2,10,45
27,33,3,53,2,0,0,0,0,0,0,1,0,1,0,6,9,271,2,51,2,5,12,1,1,5,1,0,6,0,1,17,30
12,30,5,52,5,0,0,1,0,0,0,1,14,0,0,6,9,271,2,46,3,7,12,3,4,10,5,5,5,2,1,17,15
12,29,5,50,5,0,0,1,0,0,0,14,16,0,0,6,9,271,1,45,4,7,12,2,6,11,6,4,4,1,1,17,0
-1,29,5,50,4,0,0,1,0,0,0,12,18,0,0,6,9,271,1,45,4,7,12,1,6,10,5,3,4,0,1,17,0
-9,26,4,48,6,0,0,2,0,0,1,8,7,0,0,6,9,271,2,40,3,5,9,5,7,16,8,5,4,1,2,16,45
-2,24,3,46,6,0,0,2,1,0,1,3,12,0,0,6,9,271,1,38,3,5,8,5,8,15,10,6,4,2,2,16,30
-5,24,3,40,6,0,0,2,1,0,0,2,13,0,0,6,9,271,1,38,3,5,8,4,7,14,9,6,4,2,2,15,30
-37,24,3,48,5,0,0,2,1,0,0,14,1,0,0,6,9,271,1,38,3,5,9,4,6,14,8,5,4,2,2,16,45
41,24,3,42,4,0,0,2,1,0,0,13,2,0,0,6,9,271,1,38,3,5,10,3,5,13,7,4,4,2,2,15,45
57,23,3,46,5,0,0,2,1,0,0,7,8,0,0,6,9,271,2,36,3,5,10,4,9,13,7,4,4,4,2,16,30
42,22,2,39,5,0,1,1,1,0,0,1,14,0,0,6,9,271,1,35,2,4,10,3,9,13,8,4,3,4,2,15,15
-82,21,1,44,5,0,0,2,1,0,0,9,6,0,0,6,9,271,0,34,3,4,14,7,9,13,9,4,3,3,2,16,0
22,21,1,33,4,0,0,2,1,0,0,9,6,0,0,6,9,271,0,34,3,4,14,6,8,12,8,3,2,3,2,14,30
-10,21,1,36,4,0,0,2,1,0,1,34,11,0,0,6,9,271,1,32,1,5,16,7,9,11,8,4,1,2,1,15,0
12,21,1,42,4,0,0,1,1,0,1,34,11,0,0,6,9,271,1,32,1,5,16,6,8,10,7,3,1,1,2,15,45
58,21,1,34,3,0,0,1,1,0,1,33,12,0,0,6,9,271,1,32,1,5,16,5,7,9,6,2,1,1,3,14,45
174,21,1,22,4,0,0,1,0,0,1,29,16,0,0,6,9,271,2,31,0,5,15,4,6,8,5,2,0,1,2,12,15
27,20,1,36,3,0,0,1,0,0,1,24,21,0,0,6,9,271,1,31,1,5,15,3,5,7,5,3,0,0,1,15,0
-53,20,1,36,3,0,0,1,0,0,0,19,26,0,0,6,9,271,1,31,1,6,15,2,5,6,4,2,0,0,1,15,0
52,20,2,34,2,0,0,1,0,0,0,14,31,0,0,6,9,271,0,31,2,6,17,2,4,5,4,2,0,0,3,14,45
-106,20,5,40,3,0,0,1,0,0,0,1,14,0,0,6,9,271,1,29,4,11,18,3,4,7,4,3,0,0,2,15,30
11,20,6,32,4,0,0,0,0,0,0,9,6,0,0,6,9,271,2,28,4,10,18,2,3,7,3,2,0,0,1,14,15
56,19,7,29,4,0,0,1,0,0,0,6,9,0,0,6,9,271,2,26,6,10,19,2,2,13,4,3,0,0,1,13,0
-7,18,9,30,5,0,0,1,0,0,0,6,9,0,0,6,9,271,1,24,8,10,19,1,2,13,6,2,0,0,1,13,15
-11,10,5,31,10,0,1,3,0,0,1,12,3,0,0,6,9,271,2,14,3,8,13,4,11,20,14,5,0,0,1,13,30
30,8,6,18,11,0,2,4,0,0,0,4,11,0,0,6,9,271,2,11,4,7,10,10,14,23,16,5,0,0,2,11,45
-5,8,6,27,10,0,2,4,0,0,0,4,11,0,0,6,9,271,2,11,4,7,10,9,13,22,15,5,0,0,1,12,45
16,7,5,25,10,0,2,3,0,0,0,13,2,0,0,6,9,271,0,11,4,8,10,8,13,21,16,6,0,0,2,12,30
28,7,5,20,10,0,2,3,0,0,0,9,6,0,0,6,9,271,1,10,4,7,9,7,12,21,15,6,0,0,3,12,0
25,7,6,25,9,0,2,3,0,0,1,6,9,0,0,6,9,271,2,9,4,6,9,7,14,21,14,6,0,0,2,12,30
14,7,6,22,8,0,2,3,0,0,1,5,10,0,0,6,9,271,2,9,4,6,9,7,13,20,13,5,0,0,2,12,15
6,7,6,22,8,0,1,3,0,0,1,4,11,0,0,6,9,271,2,9,4,6,9,6,13,19,12,5,0,0,2,12,15
39,7,6,16,7,0,1,4,0,0,1,2,13,0,0,6,9,271,3,8,3,5,8,5,12,18,11,5,0,0,2,11,30
-1,6,5,14,7,0,0,4,0,0,1,1,14,0,0,6,9,271,2,8,3,5,8,4,11,17,11,5,0,0,2,11,15
-8,5,4,27,7,0,0,4,0,0,1,10,5,0,0,6,9,271,2,7,3,4,7,4,10,18,11,5,0,0,1,12,45
-224,3,3,44,7,0,0,5,0,0,1,7,8,0,0,6,9,271,2,5,2,4,5,7,12,18,12,6,0,0,2,16,0
84,3,3,6,6,0,0,5,0,0,1,5,10,0,0,6,9,271,2,5,2,4,5,7,11,17,11,5,0,0,2,10,15
6,3,3,20,5,0,0,5,0,0,1,14,1,0,0,6,9,271,1,5,2,4,5,7,10,16,11,6,0,0,3,12,0
34,2,2,14,5,0,0,5,0,0,1,8,7,0,0,6,9,271,1,4,1,3,4,6,10,15,11,6,0,0,2,11,15
26,2,2,8,6,0,0,5,0,0,0,0,15,0,0,6,9,271,2,3,2,2,3,5,9,15,10,5,0,0,2,10,30
33,2,2,12,5,0,0,5,0,0,0,9,6,0,0,6,9,271,2,3,2,3,3,7,9,14,9,5,0,0,2,11,0
77,2,2,2,4,0,0,5,0,0,0,8,7,0,0,6,9,271,2,3,2,3,3,6,9,13,8,5,0,0,2,9,45
-76,1,1,18,4,0,0,4,0,0,0,7,8,0,0,6,9,271,1,3,2,3,3,5,8,12,8,6,0,0,2,11,45
46,1,1,12,4,0,0,3,0,0,0,4,11,0,0,6,9,271,1,3,2,3,3,4,7,11,7,5,0,0,2,11,0
71,0,0,1,4,0,0,3,0,0,1,11,4,0,0,6,9,271,1,1,0,1,1,5,9,10,8,7,0,0,2,9,30
44,0,0,8,4,0,0,2,0,0,1,10,5,0,0,6,9,271,1,1,0,1,1,4,8,9,7,6,0,0,2,10,30
-56,0,0,10,4,0,0,2,0,0,0,9,6,0,0,6,9,271,1,1,0,1,1,3,7,8,6,5,0,0,2,10,45
23,0,0,6,4,0,0,1,0,0,0,28,2,0,0,6,9,271,0,1,1,1,1,4,6,7,6,5,0,0,2,10,15
26,0,0,4,3,0,0,1,0,0,0,12,18,0,0,6,9,271,0,1,1,1,1,5,6,6,5,5,0,0,2,10,0
52,0,0,0,2,0,0,1,0,0,1,9,21,0,1,6,9,271,1,0,0,0,0,4,5,5,4,4,0,0,1,9,0
7,0,0,4,2,0,0,0,0,0,1,1,29,0,0,6,9,271,0,0,0,0,0,3,4,4,4,4,0,0,2,10,0
-8,0,0,16,1,0,0,0,0,0,1,0,3,0,0,6,9,271,0,0,0,0,0,2,3,3,3,3,0,0,2,11,30
-101,0,0,10,1,0,0,0,0,0,0,0,5,0,0,6,9,271,0,0,0,0,0,1,2,2,2,2,0,0,2,10,45
-8,0,0,2,0,0,0,0,0,0,0,0,37,0,0,6,9,271,0,0,0,0,0,1,1,1,1,1,0,0,2,9,45
103,19,1,37,2,0,1,0,0,0,0,8,7,0,0,5,9,270,0,44,3,5,11,4,4,9,4,2,4,1,2,15,45
4,19,1,44,2,0,1,1,0,0,1,9,6,0,0,5,9,270,3,41,1,4,9,3,3,9,3,1,4,1,2,17,0
9,19,1,45,2,0,0,1,0,0,1,8,7,0,0,5,9,270,3,41,1,4,9,2,3,9,2,1,3,2,1,17,15
-19,19,1,47,1,0,0,1,0,0,1,0,15,1,0,5,9,270,3,41,1,5,9,1,2,9,1,1,3,1,1,17,30
-62,18,1,45,4,0,0,1,0,0,1,9,6,0,0,5,9,270,3,37,4,5,9,4,6,12,4,2,2,1,1,17,15
-42,18,1,41,5,0,0,1,0,0,0,11,4,0,0,5,9,270,2,36,3,5,8,4,7,11,5,3,2,0,2,16,30
-14,18,1,39,4,0,0,3,0,0,0,4,11,0,0,5,9,270,3,34,1,4,8,4,7,10,5,2,2,0,1,16,0
-71,18,1,42,3,0,0,3,0,0,0,2,13,0,0,5,9,270,3,34,2,4,8,3,7,9,4,2,2,0,1,16,45
-84,18,1,42,2,0,0,4,0,0,0,7,8,0,0,5,9,270,3,33,1,3,9,3,6,9,4,1,2,0,1,16,45
22,17,1,37,2,0,0,3,0,0,0,7,8,0,0,5,9,270,1,33,3,4,10,4,5,9,5,1,2,0,2,15,45
-16,17,1,36,2,0,0,3,0,0,0,8,7,0,0,5,9,270,1,32,2,4,12,4,6,9,5,2,2,1,2,15,30
-28,17,1,39,1,0,0,3,0,0,0,2,13,0,0,5,9,270,1,32,2,4,13,3,5,9,4,2,2,1,1,16,0
18,17,1,31,3,0,0,2,0,0,0,8,7,0,0,5,9,270,3,30,1,2,11,2,4,10,3,1,2,1,2,14,45
-3,17,1,33,3,0,0,1,0,0,0,2,13,0,0,5,9,270,3,30,1,4,13,2,3,9,2,1,2,1,1,15,0
-4,16,2,29,2,0,0,1,0,0,1,21,24,0,0,5,9,270,1,29,2,6,13,2,4,9,4,4,1,1,1,14,15
-3,16,2,31,2,0,0,0,0,0,1,12,33,0,0,5,9,270,1,29,5,8,14,1,3,9,3,3,1,0,2,14,45
-38,16,5,30,5,0,0,1,0,0,1,11,4,0,0,5,9,270,5,24,4,7,13,3,6,14,3,2,1,1,2,14,30
29,14,3,28,4,0,0,1,0,0,1,4,11,0,0,5,9,270,2,24,5,7,13,3,6,15,5,3,1,1,1,13,30
-115,14,3,33,6,0,0,1,0,0,1,12,3,0,0,5,9,270,3,21,4,6,13,4,6,18,6,2,1,1,1,15,0
-102,13,3,35,6,0,0,1,0,0,1,6,9,0,0,5,9,270,3,20,3,5,13,4,7,17,6,3,1,1,1,15,15
19,13,3,22,6,0,0,1,0,0,1,2,13,0,0,5,9,270,4,19,2,5,12,3,8,16,5,3,0,1,2,12,45
-12,13,3,25,5,0,0,1,0,0,1,14,1,0,0,5,9,270,4,19,2,5,13,2,7,16,4,2,0,0,1,13,0
11,11,3,25,6,0,1,1,0,0,0,7,8,0,0,5,9,270,3,17,2,6,15,3,10,16,6,4,0,0,1,13,0
-27,11,4,27,7,0,1,1,0,0,0,13,2,0,0,5,9,270,3,15,4,7,13,7,13,17,7,4,0,0,1,13,15
43,11,5,14,7,0,0,1,0,0,0,10,5,0,0,5,9,270,2,15,4,8,13,6,12,16,7,5,0,0,1,11,30
-1,11,5,17,6,0,0,1,0,0,0,7,8,0,0,5,9,270,2,15,4,8,13,7,11,15,6,5,0,0,1,12,0
19,10,4,17,5,0,0,1,0,0,0,6,9,0,0,5,9,270,1,15,4,8,13,6,10,14,6,5,0,0,1,12,0
-3,10,4,16,4,0,0,2,0,0,0,4,11,0,0,5,9,270,2,14,3,7,12,5,9,13,5,4,0,0,2,11,45
-10,10,6,20,5,0,0,2,0,0,0,11,4,0,0,5,9,270,4,12,2,7,10,5,9,13,4,3,0,0,3,12,30
23,10,7,19,5,0,0,2,0,0,0,9,6,0,0,5,9,270,4,11,1,6,9,4,8,12,4,2,0,0,2,12,15
-79,8,6,22,4,0,0,2,0,0,0,9,6,0,0,5,9,270,2,11,4,9,11,6,8,13,5,1,0,0,2,12,45
-25,8,6,20,4,0,0,1,0,0,0,8,7,0,0,5,9,270,2,11,4,9,11,5,7,13,4,1,0,0,3,12,30
7,7,6,14,3,0,0,1,0,0,0,3,12,0,0,5,9,270,1,11,4,9,11,4,6,12,4,2,0,0,1,11,30
19,7,6,11,3,0,0,1,0,0,1,6,9,0,0,5,9,270,3,9,5,7,9,4,7,12,3,1,0,0,2,11,0
22,7,6,10,3,0,0,1,0,0,1,1,14,0,0,5,9,270,3,8,5,6,8,3,6,11,3,1,0,0,1,10,45
1,7,6,12,3,0,0,0,0,0,1,13,2,0,0,5,9,270,3,8,5,6,8,3,5,11,2,0,0,0,2,11,15
1,4,3,7,4,0,0,0,0,0,1,0,15,0,0,5,9,270,2,6,4,4,6,3,4,11,4,3,0,0,1,10,30
10,3,3,7,5,0,1,0,1,0,0,0,15,0,0,5,9,270,4,3,1,2,3,3,6,11,4,2,0,0,1,10,30
2,1,1,7,4,0,2,0,1,0,0,15,15,0,0,5,9,270,3,2,0,2,2,2,6,10,5,3,0,0,1,10,30
-25,1,1,12,3,0,2,0,1,0,0,12,18,0,0,5,9,270,3,2,0,2,2,2,6,9,4,2,0,0,2,11,15
-32,1,1,5,3,0,1,0,1,0,0,14,1,0,0,5,9,270,0,2,2,2,2,5,7,8,6,3,0,0,3,10,15
-43,1,1,5,4,0,0,0,1,0,0,6,9,0,0,5,9,270,1,1,1,1,1,4,7,7,5,3,0,0,3,10,15
20,0,0,4,4,0,0,0,0,0,0,1,14,0,0,5,9,270,0,1,1,1,1,3,6,6,5,3,0,0,2,9,45
40,0,0,2,4,0,0,0,0,0,0,9,6,0,0,5,9,270,1,0,0,0,0,3,5,5,4,2,0,0,1,9,30
-176,0,0,22,3,0,0,0,0,0,0,0,15,0,0,5,9,270,1,0,0,0,0,3,4,4,3,1,0,0,2,12,45
56,0,0,2,2,0,0,0,0,0,0,0,16,0,0,5,9,270,0,0,0,0,0,3,3,3,3,1,0,0,1,9,30
-21,0,0,1,1,0,0,0,0,0,0,0,29,0,0,5,9,270,0,0,0,0,0,2,2,2,2,1,0,0,2,9,15
18,0,0,0,0,0,0,0,0,0,0,0,38,0,1,5,9,270,0,0,0,0,0,1,1,1,1,0,0,0,1,9,0
32,29,2,50,1,0,0,1,1,0,0,7,8,0,0,4,9,269,2,48,1,7,13,1,3,7,2,0,5,1,1,17,15
-18,28,5,51,2,0,0,1,0,0,0,21,9,1,0,4,9,269,2,47,6,11,14,2,5,10,2,1,5,0,1,17,30
1,28,5,48,1,0,0,1,0,0,0,19,11,0,0,4,9,269,2,47,6,11,15,1,5,9,1,1,5,0,1,17,0
16,23,1,45,8,0,0,3,0,0,1,12,3,0,0,4,9,269,6,36,1,3,9,4,8,10,7,3,5,1,2,16,15
-36,23,1,48,8,0,0,2,0,0,1,9,6,0,0,4,9,269,6,36,1,3,9,3,7,9,6,3,5,1,1,17,0
-35,23,1,46,8,0,0,1,0,0,1,6,9,0,0,4,9,269,6,36,1,3,9,2,6,8,5,2,5,1,2,16,45
30,23,1,40,7,0,0,1,0,0,1,6,9,0,0,4,9,269,6,36,1,3,9,2,5,7,4,1,5,1,2,15,30
34,22,2,38,7,0,0,1,0,0,1,6,9,0,0,4,9,269,3,35,2,5,10,4,5,9,7,5,4,1,2,15,15
43,22,2,36,6,0,0,1,0,0,1,2,13,0,0,4,9,269,3,35,3,6,10,3,4,8,6,4,4,0,2,15,0
3,22,2,42,5,0,0,1,0,0,1,12,3,0,0,4,9,269,3,35,3,6,11,2,3,8,5,4,4,0,1,15,45
-32,22,2,44,5,0,0,1,0,0,0,8,7,0,0,4,9,269,3,35,3,6,11,1,3,8,4,4,4,0,1,16,0
-7,21,3,40,7,0,1,1,0,0,0,44,1,0,0,4,9,269,3,31,4,6,12,2,3,14,7,6,4,0,2,15,30
21,20,4,32,9,0,0,1,0,0,0,25,20,0,0,4,9,269,4,29,3,5,12,2,5,15,7,5,4,0,1,14,15
13,20,6,36,10,0,0,1,0,0,0,4,41,0,0,4,9,269,4,27,2,6,13,3,6,15,8,5,4,1,2,15,0
38,17,6,31,9,0,0,2,0,0,1,9,6,0,0,4,9,269,3,25,4,6,14,5,11,21,10,6,4,2,1,13,30
-12,17,6,33,8,0,0,2,0,0,1,7,8,0,0,4,9,269,3,25,4,6,14,4,10,20,9,6,4,2,2,14,30
-1,17,7,34,8,0,0,1,0,0,1,0,15,0,0,4,9,269,3,25,4,7,16,5,10,19,8,5,4,2,2,14,45
-97,16,7,46,8,0,0,1,0,0,1,8,7,0,0,4,9,269,2,24,4,8,15,7,11,19,9,4,3,4,2,16,45
-18,16,7,34,7,0,0,1,0,0,1,2,13,0,0,4,9,269,2,24,4,8,15,7,10,18,8,3,3,3,2,14,45
14,14,7,30,7,0,2,1,0,0,1,2,13,0,0,4,9,269,3,21,3,7,15,6,10,19,9,4,3,3,1,13,15
-90,14,7,38,6,0,2,1,0,0,1,1,14,0,0,4,9,269,3,21,3,7,15,6,9,18,8,3,2,3,2,15,15
25,13,7,26,6,0,2,1,0,0,0,14,1,0,0,4,9,269,2,21,3,7,16,5,9,17,8,2,2,2,2,12,45
31,13,7,28,5,0,2,1,0,0,0,12,3,0,0,4,9,269,2,21,4,7,16,5,9,16,7,1,2,2,1,13,0
-111,13,7,42,4,0,2,1,0,0,0,11,4,0,0,4,9,269,2,21,4,7,16,4,8,15,6,1,2,2,1,15,45
-5,11,5,28,3,0,2,1,1,0,0,5,10,0,0,4,9,269,1,20,4,7,16,4,9,15,7,3,2,2,1,13,0
29,10,5,24,5,0,2,0,1,0,0,1,14,0,0,4,9,269,2,18,4,9,14,4,10,16,7,4,2,2,2,12,30
15,10,6,21,5,0,1,0,1,0,0,13,2,0,0,4,9,269,1,18,4,9,14,4,9,17,7,4,1,2,2,12,15
81,10,6,11,5,0,0,1,1,0,0,10,5,0,0,4,9,269,2,17,3,8,13,4,9,17,6,4,0,1,2,11,0
-1,8,5,19,6,0,0,1,1,0,1,3,12,0,0,4,9,269,2,14,5,8,11,7,10,18,8,3,0,0,3,12,0
0,7,4,26,5,0,0,1,1,0,1,0,15,0,0,4,9,269,1,14,5,8,11,6,9,17,8,4,0,0,2,12,45
7,6,3,19,5,0,0,1,0,0,1,12,3,0,0,4,9,269,0,14,5,9,12,6,8,16,8,4,0,0,3,12,0
13,6,3,24,4,0,0,1,0,0,1,7,8,0,0,4,9,269,0,14,5,9,12,5,7,15,7,3,0,0,2,12,30
-6,6,4,18,3,0,0,1,0,0,1,6,9,0,0,4,9,269,0,14,5,10,12,4,6,14,6,3,0,0,2,11,45
15,6,4,14,4,0,0,1,0,0,0,5,10,0,0,4,9,269,1,13,4,9,11,3,6,13,5,3,0,0,2,11,15
6,6,4,21,4,0,0,1,0,0,0,13,2,0,0,4,9,269,2,12,3,8,10,3,6,12,4,2,0,0,2,12,15
83,4,3,10,5,0,0,2,0,0,0,28,2,0,0,4,9,269,2,9,4,5,8,3,8,14,6,4,0,0,3,10,30
2,3,2,16,4,0,0,2,0,0,0,14,16,0,0,4,9,269,0,9,5,5,9,4,9,13,7,5,0,0,1,11,30
-6,3,2,14,3,0,0,2,0,0,0,12,18,0,0,4,9,269,0,9,5,5,9,3,8,12,6,4,0,0,2,11,15
59,2,2,6,6,0,0,3,0,0,0,6,9,0,0,4,9,269,3,4,0,2,4,7,8,11,7,5,0,0,2,10,0
12,2,2,16,6,0,0,2,0,0,0,4,11,0,0,4,9,269,3,4,0,2,4,6,7,10,6,4,0,0,1,11,30
-25,2,2,11,5,0,0,2,0,0,0,7,8,0,0,4,9,269,3,4,1,2,4,6,7,10,5,4,0,0,2,11,0
11,2,2,11,4,0,0,2,0,0,0,1,14,0,0,4,9,269,2,4,1,3,4,5,8,9,5,4,0,0,2,11,0
-78,1,1,21,4,0,0,1,0,0,0,14,1,0,0,4,9,269,1,4,1,3,4,4,7,8,5,3,0,0,2,12,15
14,1,1,4,3,0,0,1,0,0,0,11,4,0,0,4,9,269,1,4,2,3,4,3,6,7,4,2,0,0,2,9,45
61,1,1,4,2,0,0,1,0,0,0,7,8,0,0,4,9,269,0,4,2,3,4,2,5,8,4,3,0,0,2,9,45
-23,1,1,8,1,0,0,1,0,0,0,12,3,0,0,4,9,269,0,4,2,4,4,1,4,7,3,3,0,0,1,10,15
-14,0,0,8,2,0,1,0,0,0,0,9,6,0,0,4,9,269,0,2,2,2,2,3,4,6,4,3,0,0,1,10,15
-44,0,0,6,2,0,0,0,0,0,0,7,8,0,0,4,9,269,0,2,2,2,2,2,3,5,3,2,0,0,2,10,0
52,0,0,2,1,0,0,0,0,0,0,7,8,0,0,4,9,269,0,2,2,2,2,1,2,4,2,1,0,0,2,9,30
-39,0,0,2,1,0,1,0,0,0,0,0,45,0,0,4,9,269,0,0,0,0,0,3,3,3,3,2,0,0,2,9,30
-32,0,0,1,1,0,0,0,0,0,0,0,65,0,0,4,9,269,0,0,0,0,0,2,2,2,2,1,0,0,2,9,15
26,0,0,0,0,0,0,0,0,0,0,0,66,0,1,4,9,269,0,0,0,0,0,1,1,1,1,0,0,0,1,9,0
59,43,7,51,3,0,0,2,0,0,0,8,7,0,0,3,9,268,2,48,4,7,12,1,3,10,4,2,5,0,1,17,0
-29,39,5,53,5,0,0,3,0,0,0,7,8,1,0,3,9,268,2,44,4,5,12,2,6,10,7,5,5,0,1,17,30
5,36,3,47,5,0,0,3,0,0,1,6,9,0,0,3,9,268,1,42,3,4,11,3,5,14,9,5,5,0,2,16,30
28,36,3,49,6,0,0,3,0,0,1,6,9,0,0,3,9,268,2,40,1,4,10,4,7,15,9,4,5,1,2,16,45
1,36,3,51,6,0,0,2,0,0,1,4,11,0,0,3,9,268,2,40,1,4,10,3,7,14,8,4,5,1,1,17,0
6,35,2,49,5,0,0,2,0,0,2,5,10,0,0,3,9,268,2,39,1,4,11,2,6,16,8,4,5,1,2,16,45
22,34,2,42,5,0,0,2,0,0,1,7,8,0,0,3,9,268,0,39,3,7,13,4,5,15,9,3,5,1,2,15,45
-9,33,4,44,4,0,0,2,0,0,2,4,11,0,0,3,9,268,0,38,3,7,15,4,9,14,9,4,5,4,1,16,0
15,33,4,36,4,0,0,2,0,0,1,1,14,0,0,3,9,268,0,38,5,7,15,3,9,13,8,4,4,4,2,15,0
35,33,4,42,4,0,0,2,0,0,2,8,7,0,0,3,9,268,2,36,4,6,14,2,9,12,7,3,4,3,2,15,45
16,33,4,38,4,0,0,2,0,0,1,4,11,0,0,3,9,268,2,36,5,6,14,1,8,11,6,2,4,3,2,15,15
55,31,5,38,7,0,1,1,1,0,1,3,27,0,0,3,9,268,3,31,1,5,12,7,10,10,9,6,3,3,2,15,15
31,30,5,46,7,0,1,0,1,0,1,1,29,0,0,3,9,268,2,31,1,5,12,6,9,9,9,7,2,2,2,16,15
-7,30,5,40,6,0,1,0,1,0,1,0,30,0,0,3,9,268,2,31,1,6,12,5,8,8,8,6,2,1,2,15,30
5,30,5,33,6,0,0,0,1,0,1,44,1,0,0,3,9,268,2,31,1,6,12,4,7,7,7,6,1,1,1,14,15
15,30,5,47,5,0,0,0,1,0,1,39,6,0,0,3,9,268,2,31,2,6,14,5,6,7,6,5,1,0,2,16,30
13,29,6,33,4,0,0,0,1,0,1,31,14,0,0,3,9,268,1,31,3,8,15,5,5,9,6,4,1,0,1,14,15
-14,29,6,36,4,0,0,0,1,0,0,29,16,0,0,3,9,268,1,31,4,8,15,4,4,8,5,3,1,0,2,15,0
-42,28,5,40,3,0,0,1,1,0,0,14,31,0,0,3,9,268,1,30,5,8,16,3,3,8,5,3,1,0,2,15,30
37,28,6,32,3,0,0,1,1,0,0,9,36,0,0,3,9,268,2,29,4,7,15,2,2,7,4,2,1,0,2,13,30
61,27,5,35,3,0,0,1,1,0,0,6,39,0,0,3,9,268,2,28,4,7,15,1,1,7,4,3,1,0,2,14,45
63,20,8,31,5,0,1,3,2,0,1,14,1,0,0,3,9,268,2,19,5,8,16,5,11,19,12,8,1,1,1,13,15
75,18,7,24,6,0,1,2,2,0,2,6,9,0,0,3,9,268,2,17,4,8,14,5,10,19,13,8,1,1,3,12,30
36,17,6,24,7,0,1,2,1,0,2,3,12,0,0,3,9,268,2,16,4,7,14,4,12,18,13,7,1,1,3,12,30
-186,17,6,44,7,0,1,2,1,0,2,1,14,0,0,3,9,268,2,16,4,7,14,3,11,17,12,7,1,1,1,16,0
18,16,7,26,7,0,2,2,1,0,1,10,5,0,0,3,9,268,2,15,3,8,14,5,10,16,12,7,1,1,2,12,45
45,15,9,26,7,0,2,3,1,0,1,8,7,0,0,3,9,268,3,13,3,8,12,6,14,17,12,7,1,1,2,12,45
17,13,7,22,6,0,2,4,1,0,1,1,14,0,0,3,9,268,2,12,3,7,11,8,13,18,13,8,1,1,2,12,15
33,13,7,26,5,0,2,4,1,0,1,12,3,0,0,3,9,268,1,12,3,7,11,7,12,17,13,8,1,1,2,12,45
38,13,8,29,5,0,2,4,0,0,1,11,4,0,0,3,9,268,1,12,4,7,11,6,11,16,12,8,1,1,1,13,0
-11,13,8,29,5,0,2,4,0,0,1,7,8,0,0,3,9,268,2,11,4,7,11,7,10,15,11,7,1,1,1,13,0
26,13,9,16,5,0,2,4,0,0,0,2,13,0,0,3,9,268,2,11,4,8,11,7,9,14,10,6,0,1,1,11,30
22,11,8,19,6,0,2,3,1,0,0,5,10,0,0,3,9,268,2,9,4,6,9,8,9,16,11,5,0,0,2,12,0
21,11,8,14,5,0,2,3,1,0,0,5,10,0,0,3,9,268,2,9,4,6,9,7,8,15,10,4,0,0,2,11,15
24,11,8,22,4,0,2,3,1,0,0,3,12,0,0,3,9,268,2,9,4,7,9,6,7,14,9,3,0,0,2,12,15
-17,9,6,18,6,0,2,2,1,0,0,10,5,0,0,3,9,268,2,7,3,6,7,5,6,15,10,4,0,0,3,11,45
12,9,6,19,6,0,2,1,1,0,0,8,7,0,0,3,9,268,2,7,3,6,7,4,5,14,9,3,0,0,2,12,0
95,8,5,10,5,0,2,1,1,0,0,3,12,0,0,3,9,268,1,7,3,6,7,3,4,13,9,3,0,0,1,10,30
7,8,5,19,4,0,3,1,1,0,0,12,3,0,0,3,9,268,2,6,3,5,6,2,4,14,8,3,0,0,2,12,0
19,8,5,14,4,0,2,1,1,0,0,11,4,0,0,3,9,268,2,6,3,5,6,1,3,13,7,2,0,0,2,11,15
25,4,3,12,6,0,1,2,1,0,0,10,5,0,0,3,9,268,1,3,2,3,3,2,8,12,10,4,0,0,1,10,45
28,3,3,10,7,0,1,2,1,0,0,1,14,0,0,3,9,268,2,1,1,1,1,5,9,13,10,4,0,0,1,10,30
6,3,3,6,6,0,1,2,1,0,0,8,7,0,0,3,9,268,2,1,1,1,1,6,10,12,9,4,0,0,2,10,0
23,2,2,8,6,0,0,2,1,0,0,7,8,0,0,3,9,268,1,1,1,1,1,5,9,11,9,4,0,0,2,10,15
56,2,2,6,6,0,0,2,0,0,0,5,10,0,0,3,9,268,1,1,1,1,1,4,8,10,8,3,0,0,2,10,0
16,1,1,13,6,0,0,1,1,0,0,2,13,0,0,3,9,268,1,0,0,0,0,5,7,9,8,2,0,0,2,11,0
33,1,1,8,5,0,0,1,1,0,0,0,15,0,0,3,9,268,1,0,0,0,0,5,6,8,7,2,0,0,2,10,15
18,1,1,16,4,0,0,1,1,0,0,11,4,0,0,3,9,268,1,0,0,0,0,5,5,7,6,2,0,0,1,11,30
48,0,0,2,3,0,0,1,1,0,0,0,3,0,0,3,9,268,0,0,0,0,0,4,6,6,6,2,0,0,2,9,30
41,0,0,4,3,0,0,0,1,0,0,0,5,0,0,3,9,268,0,0,0,0,0,3,5,5,5,2,0,0,2,9,45
7,0,0,2,2,0,0,0,1,0,0,0,15,0,0,3,9,268,0,0,0,0,0,2,4,4,4,2,0,0,2,9,30
55,0,0,4,1,0,0,0,1,0,0,0,16,0,0,3,9,268,0,0,0,0,0,1,3,3,3,2,0,0,2,9,45
8,0,0,0,1,0,0,0,0,0,0,0,52,0,1,3,9,268,0,0,0,0,0,2,2,2,2,1,0,0,1,9,0
14,0,0,1,0,0,0,0,0,0,0,0,57,0,0,3,9,268,0,0,0,0,0,1,1,1,1,0,0,0,2,9,15
104,36,4,41,2,0,0,1,1,0,0,8,0,0,0,2,9,267,4,51,1,5,11,1,3,8,1,0,8,2,4,16,0
1,34,6,55,2,0,0,2,0,0,1,2,13,1,0,2,9,267,3,49,3,5,12,3,5,11,3,2,8,2,1,17,30
18,33,5,52,2,0,0,2,0,0,1,6,9,0,0,2,9,267,3,47,3,6,12,3,4,10,3,1,7,2,1,17,0
19,30,2,44,3,0,0,2,0,0,1,3,12,0,0,2,9,267,2,46,2,7,12,3,5,12,5,2,6,2,2,16,15
-11,30,2,54,4,0,0,1,0,0,1,7,8,0,0,2,9,267,3,45,3,6,13,2,5,11,4,2,6,1,1,17,15
10,29,1,50,4,0,0,2,0,0,0,13,2,0,0,2,9,267,3,44,3,7,14,3,5,14,4,1,6,1,2,16,45
6,28,1,48,3,0,1,2,1,0,0,6,9,0,0,2,9,267,3,42,4,6,13,4,7,15,5,2,6,2,2,16,30
50,28,1,41,2,0,1,2,1,0,0,4,11,0,0,2,9,267,3,42,4,6,14,3,6,14,4,2,5,2,4,16,0
-74,28,2,52,3,0,0,3,1,0,1,3,12,0,0,2,9,267,3,39,2,5,13,3,7,15,6,2,5,1,1,17,0
48,28,2,37,2,0,0,3,1,0,1,6,9,0,0,2,9,267,2,39,3,7,14,4,7,14,6,3,5,2,2,15,30
-7,28,3,44,2,0,0,4,1,0,1,24,6,0,0,2,9,267,3,37,3,7,13,4,10,13,6,3,4,3,2,16,15
-8,28,3,37,2,0,0,3,1,0,1,17,13,0,0,2,9,267,3,37,3,7,13,4,9,12,5,2,4,2,2,15,30
-26,27,3,41,3,0,0,3,1,0,0,6,24,0,0,2,9,267,3,36,4,7,14,4,9,11,5,1,4,2,4,16,0
18,26,2,39,4,0,0,2,1,0,0,2,28,0,0,2,9,267,3,35,3,7,13,3,8,10,5,0,4,2,3,15,45
-42,26,3,48,5,0,0,2,0,0,0,9,6,0,0,2,9,267,2,34,4,7,15,6,8,9,6,1,4,2,2,16,30
-21,26,4,33,6,0,0,2,0,0,0,51,9,0,0,2,9,267,2,32,3,7,14,6,8,10,7,3,3,3,1,14,45
-54,25,4,44,7,0,0,2,0,0,0,46,14,0,0,2,9,267,3,30,2,5,13,5,7,9,7,3,2,2,2,16,15
-126,25,4,50,7,0,0,1,0,0,0,45,15,0,0,2,9,267,3,30,2,5,13,4,6,8,6,3,2,1,2,16,45
-3,25,5,32,6,0,0,1,0,0,0,44,16,0,0,2,9,267,3,30,2,5,13,3,5,7,5,3,2,1,3,14,30
-65,25,5,39,5,0,0,1,0,0,0,40,20,0,0,2,9,267,3,30,2,6,13,3,4,7,4,2,2,1,3,15,45
4,24,6,33,6,0,0,0,0,0,0,21,39,0,0,2,9,267,2,29,4,7,15,3,3,9,5,3,2,1,1,14,45
13,23,6,33,6,0,0,0,0,0,0,13,47,0,0,2,9,267,2,28,3,7,14,2,2,10,5,3,2,1,1,14,45
-76,23,8,36,6,0,0,1,0,0,0,6,54,0,0,2,9,267,4,26,2,7,12,1,2,9,4,3,1,1,2,15,15
76,15,5,28,8,0,0,3,1,0,1,7,8,0,0,2,9,267,2,19,3,5,12,3,8,17,12,7,1,1,1,13,0
-2,14,5,31,8,0,0,2,1,0,1,7,8,0,0,2,9,267,1,19,5,7,13,5,9,19,12,6,1,1,1,13,30
5,12,4,26,8,0,0,4,1,0,0,11,4,0,0,2,9,267,1,17,3,7,13,6,10,20,13,7,1,1,2,12,45
88,12,5,22,7,0,0,5,1,0,0,6,9,0,0,2,9,267,2,16,2,6,12,5,10,19,12,7,0,1,2,12,15
47,12,5,24,6,0,0,5,1,0,0,3,12,0,0,2,9,267,1,16,3,6,12,4,9,19,12,7,0,0,2,12,30
50,11,6,26,6,0,0,5,2,0,0,8,7,0,0,2,9,267,2,14,2,5,11,5,10,21,12,8,0,0,2,12,45
56,11,6,18,6,0,0,4,2,0,0,5,10,0,0,2,9,267,2,14,2,6,11,4,9,20,11,7,0,0,3,11,45
56,11,6,28,5,0,0,4,2,0,0,3,12,0,0,2,9,267,2,14,3,6,13,4,8,19,10,6,0,0,1,13,0
44,10,7,24,7,0,0,3,2,0,0,13,2,0,0,2,9,267,3,12,2,6,12,6,9,19,10,5,0,0,2,12,30
-71,10,7,30,7,0,0,2,2,0,0,12,3,0,0,2,9,267,3,12,3,6,12,5,9,18,9,5,0,0,1,13,15
91,8,6,16,6,0,0,2,2,0,0,4,11,0,0,2,9,267,1,12,4,6,12,5,12,17,10,5,0,0,1,11,30
44,8,6,22,6,0,0,2,2,0,0,0,15,0,0,2,9,267,2,11,3,6,11,4,11,17,9,4,0,0,2,12,15
40,7,5,19,6,0,0,2,2,0,0,9,6,0,0,2,9,267,2,10,3,6,10,3,10,16,9,3,0,0,2,12,0
87,7,5,13,6,0,0,2,1,0,0,0,15,0,0,2,9,267,2,10,4,7,10,4,13,16,8,2,0,0,1,11,0
97,5,3,11,5,0,0,2,2,0,0,9,6,0,0,2,9,267,1,9,3,6,9,6,12,15,9,2,0,0,2,10,45
13,4,3,16,5,0,0,2,3,0,0,9,6,0,0,2,9,267,2,7,3,6,7,7,11,16,9,3,0,0,1,11,30
9,4,3,15,4,0,0,2,3,0,0,8,7,0,0,2,9,267,2,7,3,6,7,6,10,15,8,3,0,0,2,11,15
12,3,2,19,4,0,0,1,3,0,1,13,2,0,0,2,9,267,2,6,3,6,6,9,10,15,8,4,0,0,2,12,0
2,3,2,19,4,0,0,0,3,0,1,12,3,0,0,2,9,267,2,6,3,6,6,8,9,14,7,3,0,0,2,12,0
9,3,2,13,3,0,0,0,3,0,1,9,6,0,0,2,9,267,2,6,3,6,6,7,8,13,6,2,0,0,1,11,0
99,2,1,1,2,0,0,0,3,0,1,7,8,0,0,2,9,267,0,6,3,6,6,6,7,13,7,3,0,0,1,9,15
50,2,1,9,2,0,0,0,2,0,1,5,10,0,0,2,9,267,0,6,4,6,6,5,6,12,6,3,0,0,2,10,30
-22,2,2,11,3,0,1,0,2,0,0,6,9,0,0,2,9,267,2,4,3,4,4,4,6,11,5,3,0,0,2,10,45
1,2,2,9,2,0,1,0,2,0,0,3,12,0,0,2,9,267,1,4,3,4,4,3,6,10,5,4,0,0,2,10,30
44,2,2,7,1,0,1,0,2,0,0,2,13,0,0,2,9,267,1,4,3,4,4,2,5,9,4,3,0,0,2,10,15
39,2,2,5,2,0,1,0,1,0,0,1,14,0,0,2,9,267,2,3,2,3,3,2,4,8,3,3,0,0,2,10,0
24,1,1,5,4,0,1,0,0,0,0,2,13,0,0,2,9,267,1,1,1,1,1,3,6,7,5,4,0,0,2,10,0
-370,1,1,44,5,0,0,0,0,0,0,1,14,0,0,2,9,267,1,0,0,0,0,3,6,6,5,4,0,0,2,16,15
-6,0,0,3,4,0,0,0,0,0,0,4,11,0,0,2,9,267,0,0,0,0,0,3,5,5,5,3,0,0,2,9,45
22,0,0,2,3,0,0,0,0,0,0,0,12,0,0,2,9,267,0,0,0,0,0,4,4,4,4,3,0,0,2,9,30
15,0,0,0,2,0,0,0,0,0,0,0,15,0,1,2,9,267,0,0,0,0,0,3,3,3,3,2,0,0,1,9,0
-20,0,0,7,1,0,0,0,0,0,0,0,28,0,0,2,9,267,0,0,0,0,0,2,2,2,2,2,0,0,2,10,15
-16,0,0,3,0,0,0,0,0,0,0,0,36,0,0,2,9,267,0,0,0,0,0,1,1,1,1,1,0,0,2,9,45
125,36,2,37,1,0,0,2,0,0,0,28,2,0,0,6,9,264,2,47,2,2,9,1,3,7,2,1,6,1,2,15,30
56,35,4,46,1,1,0,2,0,0,0,6,9,0,0,6,9,264,1,45,2,5,10,2,4,9,4,4,5,1,2,16,45
-4,35,4,48,1,0,0,2,0,0,0,13,2,0,0,6,9,264,1,45,3,6,12,1,4,9,3,3,5,0,1,17,0
11,33,2,48,1,0,0,4,0,0,0,12,3,0,0,6,9,264,1,42,3,6,12,3,5,9,5,3,5,1,1,17,0
-13,33,3,45,1,0,0,5,0,0,0,5,10,0,0,6,9,264,3,40,1,5,10,2,5,8,4,2,5,1,2,16,30
-5,31,2,41,0,0,0,5,0,0,1,14,1,0,0,6,9,264,1,39,3,6,11,3,6,8,6,3,5,2,2,16,0
-12,31,2,50,0,0,0,4,0,0,2,2,13,1,0,6,9,264,2,38,3,5,11,3,6,9,5,2,5,2,1,17,30
5,31,4,43,2,0,0,3,0,0,2,2,13,0,0,6,9,264,2,36,2,5,11,3,5,8,6,2,4,2,1,16,15
-2,31,5,37,2,0,0,3,0,0,1,25,5,0,0,6,9,264,2,36,3,6,12,4,4,7,5,2,4,1,2,15,30
15,30,5,43,3,0,0,2,0,0,1,9,21,0,0,6,9,264,1,35,3,7,14,3,4,10,6,1,3,1,1,16,15
15,29,5,39,3,0,1,1,0,0,1,2,28,0,0,6,9,264,1,34,3,6,13,2,3,10,6,1,3,0,2,15,45
20,29,5,39,3,0,1,0,1,0,1,11,4,0,0,6,9,264,2,33,3,5,13,1,2,10,5,1,3,0,2,15,45
-11,25,7,33,7,0,1,0,1,0,1,25,20,0,0,6,9,264,2,28,3,7,13,3,7,12,9,4,3,1,2,14,30
-101,24,7,46,6,0,1,0,1,0,1,10,35,0,0,6,9,264,1,28,4,8,15,2,8,16,9,4,3,1,2,16,45
21,24,7,34,5,0,1,1,1,0,1,6,39,0,0,6,9,264,2,27,5,7,15,1,7,15,8,4,3,1,1,14,45
-40,19,5,41,5,0,2,2,3,0,1,5,10,0,0,6,9,264,2,22,2,5,13,7,8,17,12,6,3,2,2,16,0
107,19,6,26,5,0,1,2,3,0,1,4,11,0,0,6,9,264,2,22,2,6,14,6,7,16,11,6,3,2,2,12,45
27,19,6,28,5,0,1,1,3,0,1,3,12,0,0,6,9,264,2,22,4,6,15,5,6,15,10,5,2,2,1,13,0
32,18,6,31,5,0,1,1,3,0,1,14,1,0,0,6,9,264,2,21,3,6,14,4,5,15,10,5,2,1,1,13,30
12,18,7,32,5,0,1,1,2,0,1,8,7,0,0,6,9,264,2,21,3,6,14,3,5,15,9,5,2,1,1,14,15
12,17,7,28,5,0,0,2,2,0,1,13,2,0,0,6,9,264,2,20,3,6,14,3,7,14,9,5,2,1,1,13,0
6,16,7,34,4,0,0,2,2,0,1,6,9,0,0,6,9,264,1,20,3,8,15,2,8,13,9,5,2,1,1,14,45
29,14,7,23,5,0,0,3,3,0,0,14,1,0,0,6,9,264,2,17,3,7,12,5,9,13,10,5,1,1,2,12,30
123,12,6,18,5,0,0,3,3,0,1,11,4,0,0,6,9,264,2,15,3,8,11,8,11,18,11,6,1,0,1,11,30
39,11,5,23,5,0,0,3,2,0,1,7,8,0,0,6,9,264,1,15,5,9,11,7,10,17,11,6,1,0,2,12,30
68,11,6,21,5,0,0,2,2,0,1,6,9,0,0,6,9,264,1,15,5,9,11,6,9,16,10,5,1,0,1,12,0
32,11,6,30,4,0,0,2,3,0,1,1,14,0,0,6,9,264,2,14,4,8,11,5,8,16,9,4,1,0,1,13,15
26,9,4,16,5,0,0,2,2,0,1,11,4,0,0,6,9,264,1,13,4,7,10,4,7,15,10,3,1,0,2,11,15
51,9,4,20,4,0,0,2,2,0,1,11,4,0,0,6,9,264,1,13,4,7,10,3,6,14,9,3,1,0,1,11,45
16,9,6,23,4,0,0,2,2,0,1,5,10,0,0,6,9,264,2,12,3,7,10,3,5,16,8,3,1,0,2,12,30
24,8,6,18,4,0,0,2,2,0,0,11,4,0,0,6,9,264,1,12,5,7,11,4,5,16,8,3,1,0,1,11,30
84,7,5,13,5,0,0,2,3,0,0,10,5,0,0,6,9,264,3,9,3,4,9,3,4,15,8,3,1,0,2,11,0
86,6,4,26,6,0,0,2,3,0,0,2,13,0,0,6,9,264,3,7,2,2,7,2,7,14,9,5,1,0,2,12,45
63,6,4,13,6,0,0,2,2,0,0,12,3,0,0,6,9,264,3,7,2,3,7,2,8,14,8,4,1,1,2,11,0
20,2,1,22,8,0,0,1,2,0,0,13,2,0,0,6,9,264,1,5,1,4,5,7,12,16,11,5,1,1,3,12,15
59,2,2,11,7,0,0,1,2,0,0,10,5,0,0,6,9,264,1,5,2,5,5,7,11,16,10,5,1,1,3,10,45
28,2,2,13,7,0,0,1,1,0,0,6,9,0,0,6,9,264,0,5,3,5,5,9,10,15,10,5,1,1,2,11,0
50,2,2,16,7,0,0,0,1,0,0,3,12,0,0,6,9,264,0,5,3,5,5,8,9,14,9,4,1,1,2,11,15
31,2,2,5,6,0,0,0,1,0,0,3,12,0,0,6,9,264,0,5,3,5,5,7,8,13,8,4,1,1,2,10,0
38,2,2,11,5,0,0,0,1,0,0,2,13,0,0,6,9,264,0,5,4,5,5,7,7,12,7,4,1,1,3,10,45
-246,2,2,36,4,0,0,0,1,0,0,14,1,0,0,6,9,264,0,5,4,5,5,6,7,11,6,4,0,1,2,15,15
66,2,2,5,3,0,0,1,1,0,0,5,10,0,0,6,9,264,1,4,3,4,4,5,7,10,5,3,0,0,2,10,0
21,2,2,9,3,0,0,1,2,0,0,9,6,0,0,6,9,264,2,2,2,2,2,4,8,9,5,3,0,0,2,10,30
23,2,2,7,2,0,0,1,2,0,0,7,8,0,0,6,9,264,2,2,2,2,2,3,7,8,4,2,0,0,2,10,15
-6,2,2,7,2,0,0,1,1,0,0,6,9,0,0,6,9,264,2,2,2,2,2,2,6,7,3,1,0,0,2,10,15
7,2,2,9,1,0,0,1,1,0,0,3,12,0,0,6,9,264,2,2,2,2,2,1,5,6,2,1,0,0,2,10,30
-16,0,0,1,1,0,0,2,1,0,0,0,15,0,0,6,9,264,0,0,0,0,0,4,5,5,5,3,0,0,2,9,30
-36,0,0,3,1,0,0,1,1,0,0,0,24,0,0,6,9,264,0,0,0,0,0,4,4,4,4,3,0,0,2,9,45
1,0,0,1,1,0,0,1,0,0,0,0,33,0,0,6,9,264,0,0,0,0,0,3,3,3,3,3,0,0,2,9,30
10,0,0,0,0,0,0,1,0,0,0,0,35,0,1,6,9,264,0,0,0,0,0,2,2,2,2,2,0,0,2,9,15
-3,0,0,3,0,0,0,0,0,0,0,0,49,0,0,6,9,264,0,0,0,0,0,1,1,1,1,1,0,0,2,9,45
13,35,6,48,6,0,0,2,1,0,0,3,12,0,0,5,9,263,3,45,4,7,12,3,5,13,7,2,2,1,2,16,15
10,33,6,52,8,0,0,1,1,0,0,14,1,0,0,5,9,263,2,43,4,5,13,3,6,15,9,3,2,0,2,16,45
4,33,6,53,8,0,0,2,1,0,0,5,10,1,0,5,9,263,4,41,2,4,12,3,6,16,8,2,2,0,1,17,0
4,31,5,50,8,0,0,2,1,0,0,6,9,0,0,5,9,263,3,40,2,4,13,3,6,16,9,2,2,0,1,16,30
30,30,5,53,8,0,0,2,1,0,0,10,5,1,0,5,9,263,3,39,1,5,12,3,8,18,9,1,2,0,1,17,0
3,29,5,45,8,0,0,2,1,0,0,13,2,0,0,5,9,263,3,38,2,6,13,3,10,18,9,2,2,0,1,15,45
30,27,4,45,8,0,0,1,1,0,0,1,14,0,0,5,9,263,1,38,2,7,14,4,10,17,10,2,2,0,1,15,45
25,27,6,43,7,0,0,1,1,0,1,6,9,0,0,5,9,263,2,37,4,8,14,5,11,17,9,2,2,0,2,15,30
-31,27,7,50,8,0,0,1,0,0,1,10,5,0,0,5,9,263,2,36,5,8,15,8,11,16,9,2,2,0,1,16,30
20,26,6,35,7,0,0,1,0,0,1,4,11,0,0,5,9,263,1,36,5,9,15,7,10,16,9,1,2,0,2,14,30
-2,25,5,35,7,0,0,2,0,0,0,12,3,0,0,5,9,263,1,35,5,8,16,7,12,15,9,2,2,1,2,14,30
10,25,5,34,7,0,0,2,0,0,0,10,5,0,0,5,9,263,2,34,5,7,15,7,11,14,8,2,2,1,2,14,15
84,24,4,27,7,0,1,1,0,0,0,3,12,0,0,5,9,263,2,33,4,7,15,6,10,13,8,3,2,1,2,12,45
28,24,4,39,6,0,1,1,0,0,0,0,15,0,0,5,9,263,2,33,4,7,16,6,9,12,7,2,2,1,2,15,0
16,24,5,39,7,0,1,0,0,0,0,28,2,0,0,5,9,263,2,32,3,6,15,5,9,11,7,3,2,1,2,15,0
20,24,6,41,6,0,1,0,0,0,0,26,4,0,0,5,9,263,2,32,4,7,15,4,8,10,6,3,2,1,2,15,15
21,22,5,37,7,0,1,0,0,0,0,13,17,0,0,5,9,263,2,30,3,6,15,6,7,9,7,4,2,1,2,14,45
15,21,4,47,7,0,1,0,0,0,0,10,20,0,0,5,9,263,2,29,2,5,14,5,6,8,7,4,2,1,2,16,0
4,21,5,37,6,0,1,0,0,0,0,1,29,0,0,5,9,263,2,29,3,6,14,4,6,11,6,4,2,1,2,14,45
56,20,4,29,7,0,1,0,0,0,0,14,1,0,0,5,9,263,2,27,3,8,14,4,6,15,7,5,2,1,1,13,0
14,20,4,32,6,0,1,0,0,0,0,14,1,0,0,5,9,263,2,27,3,8,14,3,5,14,6,4,2,1,1,13,30
-1,20,4,33,6,0,0,0,0,0,0,14,1,0,0,5,9,263,2,27,3,8,14,2,4,13,5,4,1,1,1,14,0
61,20,7,25,6,0,0,0,0,0,0,14,1,0,0,5,9,263,2,26,4,9,15,2,3,13,5,4,1,0,2,12,30
60,17,6,31,7,0,0,0,0,0,0,10,5,0,0,5,9,263,1,24,5,9,16,2,2,16,7,4,1,0,1,13,15
43,16,6,29,9,0,0,0,0,0,0,8,7,0,0,5,9,263,2,21,5,8,15,1,8,16,8,3,1,1,1,13,0
-13,11,4,27,11,0,1,1,0,0,1,9,6,0,0,5,9,263,2,15,4,7,13,10,14,19,13,6,1,1,2,12,45
0,10,3,22,10,0,1,1,0,0,1,5,10,0,0,5,9,263,1,15,4,8,14,9,13,18,13,6,1,1,2,12,0
-204,10,3,43,10,0,0,1,0,0,1,4,11,0,0,5,9,263,1,15,4,8,14,8,12,17,12,5,0,1,2,15,30
42,10,3,23,9,0,0,1,0,0,1,2,13,0,0,5,9,263,1,15,4,8,14,7,11,17,11,5,0,0,2,12,15
-186,10,4,48,10,0,0,1,0,0,1,14,1,0,0,5,9,263,2,13,2,6,12,6,11,16,11,5,0,0,2,16,15
22,10,4,15,10,0,0,1,0,0,0,14,1,0,0,5,9,263,2,13,2,6,12,5,10,15,10,4,0,0,2,11,15
-105,10,4,41,9,0,0,1,0,0,0,9,6,0,0,5,9,263,2,13,3,6,12,6,9,14,9,4,0,0,2,15,15
29,10,4,25,8,0,0,1,0,0,0,8,7,0,0,5,9,263,2,13,3,7,12,5,8,13,8,3,0,0,2,12,30
24,9,4,18,7,0,0,1,0,0,0,1,14,0,0,5,9,263,1,13,4,8,12,5,7,13,8,3,0,0,2,11,30
27,9,5,20,7,0,0,1,0,0,0,12,3,0,0,5,9,263,2,12,3,7,11,4,6,13,7,2,0,0,1,11,45
20,8,5,18,8,0,0,1,0,0,0,12,3,0,0,5,9,263,2,10,3,5,10,5,7,15,8,4,0,0,2,11,30
30,7,4,23,7,0,0,1,0,0,0,9,6,0,0,5,9,263,1,10,3,7,10,4,6,14,8,3,0,0,2,12,15
93,7,4,13,6,0,0,2,0,0,0,6,9,0,0,5,9,263,2,9,3,6,9,3,5,14,7,3,0,0,3,11,0
100,7,5,9,5,0,0,2,0,0,0,11,4,0,0,5,9,263,1,9,4,7,9,2,6,14,7,3,0,0,2,10,30
50,7,7,9,6,0,0,2,0,0,0,0,15,0,0,5,9,263,2,7,2,6,7,3,6,15,7,3,0,0,2,10,30
-27,4,4,15,6,0,1,2,0,0,0,5,10,0,0,5,9,263,1,5,4,4,5,4,8,14,9,4,0,0,2,11,15
-7,4,4,11,6,0,1,1,0,0,0,3,12,0,0,5,9,263,1,5,4,4,5,4,8,14,8,4,0,0,2,10,45
11,3,3,13,7,0,1,1,0,0,0,5,10,0,0,5,9,263,2,3,2,3,3,4,9,13,8,3,0,0,3,11,0
-14,3,3,20,8,0,1,0,0,0,0,12,3,0,0,5,9,263,3,2,1,2,2,4,9,12,7,2,0,0,1,11,45
12,1,1,6,8,0,1,0,0,0,0,4,11,0,0,5,9,263,2,1,0,1,1,5,8,11,8,4,0,0,1,10,0
12,0,0,4,8,0,0,0,0,0,0,6,9,0,0,5,9,263,0,1,1,1,1,6,9,10,9,5,0,0,2,9,45
19,0,0,6,7,0,0,0,0,0,0,12,3,0,0,5,9,263,0,1,1,1,1,6,8,9,8,5,0,0,1,10,0
-13,0,0,15,6,0,0,0,0,0,0,5,10,0,0,5,9,263,0,1,1,1,1,5,7,8,7,4,0,0,2,11,15
14,0,0,8,5,0,0,0,0,0,0,4,11,0,0,5,9,263,0,1,1,1,1,4,6,7,6,3,0,0,2,10,15
10,0,0,11,4,0,0,0,0,0,0,1,14,0,0,5,9,263,0,1,1,1,1,5,6,6,5,3,0,0,2,10,45
11,0,0,2,4,0,0,0,0,0,0,0,7,0,0,5,9,263,1,0,0,0,0,4,5,5,4,3,0,0,2,9,30
16,0,0,1,3,0,0,0,0,0,0,0,10,0,0,5,9,263,1,0,0,0,0,3,4,4,3,2,0,0,2,9,15
11,0,0,2,2,0,0,0,0,0,0,0,27,0,0,5,9,263,0,0,0,0,0,3,3,3,3,1,0,0,2,9,30
-15,0,0,4,1,0,0,0,0,0,0,0,29,0,0,5,9,263,0,0,0,0,0,2,2,2,2,0,0,0,2,9,45
-13,0,0,0,0,0,0,0,0,0,0,0,56,0,1,5,9,263,0,0,0,0,0,1,1,1,1,0,0,0,1,9,0
22,28,4,51,2,0,0,0,0,0,0,5,25,1,0,4,9,262,2,49,4,9,15,1,4,9,1,1,4,0,1,17,30
3,24,6,47,5,0,3,1,0,0,1,1,14,0,0,4,9,262,4,40,3,5,9,4,8,13,7,3,4,0,2,16,45
-29,24,6,49,5,0,2,1,0,0,1,12,3,0,0,4,9,262,4,40,3,5,9,3,7,12,6,3,4,0,1,17,0
8,24,6,45,5,0,1,1,0,0,1,11,4,0,0,4,9,262,4,40,3,5,9,2,6,11,5,2,4,0,2,16,30
22,24,6,45,4,0,1,1,0,0,1,4,11,0,0,4,9,262,4,40,4,6,10,3,5,10,4,2,4,0,2,16,30
-21,21,3,49,7,0,0,1,0,0,1,11,4,0,0,4,9,262,3,37,3,4,10,4,8,11,7,4,4,1,1,17,0
-10,19,1,43,7,0,0,1,0,0,1,5,10,0,0,4,9,262,2,36,2,3,10,3,7,11,8,6,4,1,1,16,0
17,19,1,38,6,0,0,1,0,0,1,3,12,0,0,4,9,262,2,36,2,3,10,2,6,10,7,5,4,1,3,15,30
20,19,1,36,5,0,0,1,0,0,2,9,6,0,0,4,9,262,2,35,1,3,9,3,5,9,7,5,4,1,2,15,15
-5,18,1,38,5,0,0,2,0,0,1,1,14,0,0,4,9,262,2,34,1,4,10,4,5,10,7,5,4,2,3,15,30
11,18,1,44,5,0,0,1,0,0,1,14,1,0,0,4,9,262,2,34,1,5,10,3,4,9,6,5,3,2,2,16,15
53,18,1,32,4,0,0,1,0,0,1,6,9,0,0,4,9,262,2,34,2,5,10,3,4,8,5,4,3,1,2,14,45
37,18,2,32,3,0,0,1,0,0,1,13,2,0,0,4,9,262,2,34,3,6,10,2,4,7,4,3,3,1,2,14,45
-25,18,4,47,3,0,0,1,1,0,1,7,8,0,0,4,9,262,3,32,3,6,11,2,4,9,4,3,2,1,2,16,45
-5,17,4,31,3,0,0,2,1,0,2,22,23,0,0,4,9,262,3,29,3,5,13,3,5,9,6,3,2,1,2,14,30
11,16,3,40,3,0,0,2,1,0,2,20,25,0,0,4,9,262,2,28,3,4,12,2,4,8,7,2,2,1,1,15,45
46,16,3,36,3,0,0,2,1,0,2,7,38,0,0,4,9,262,3,27,3,4,13,2,5,8,6,1,2,1,2,15,15
-24,14,3,30,4,0,0,3,1,0,1,0,15,0,0,4,9,262,3,25,1,4,12,2,5,12,7,0,1,2,1,14,15
54,13,3,27,4,0,0,3,1,0,1,3,12,0,0,4,9,262,2,24,1,5,12,3,4,14,8,1,1,1,2,13,15
-151,13,6,40,4,0,0,3,1,0,0,11,4,0,0,4,9,262,2,24,3,10,14,3,4,15,7,1,1,1,1,15,45
-58,13,6,34,3,0,0,3,1,0,0,10,5,0,0,4,9,262,1,24,4,10,14,2,3,14,7,2,1,1,2,15,0
20,12,6,28,4,0,0,2,1,0,0,14,1,0,0,4,9,262,1,23,5,9,14,1,4,14,7,2,0,1,1,13,30
50,10,5,24,6,0,2,2,1,0,0,13,2,0,0,4,9,262,2,18,4,6,11,3,10,15,10,4,0,0,1,12,45
6,7,3,18,10,0,1,2,1,0,0,8,7,0,0,4,9,262,2,14,2,4,11,9,11,17,13,6,0,0,1,11,45
74,7,3,19,9,0,1,2,1,0,0,3,12,0,0,4,9,262,2,14,2,5,11,8,10,16,12,6,0,0,2,12,0
-38,6,3,34,9,0,1,1,1,0,0,11,4,0,0,4,9,262,1,14,3,5,12,7,11,16,12,5,0,0,2,15,0
-4,6,3,24,9,0,1,0,1,0,0,10,5,0,0,4,9,262,1,14,3,6,12,6,10,15,11,5,0,0,1,12,45
78,5,2,20,8,0,1,0,1,0,0,8,7,0,0,4,9,262,0,14,3,7,12,6,9,14,11,4,0,0,2,12,15
-32,5,2,20,7,0,1,1,1,0,0,5,10,0,0,4,9,262,1,13,2,6,11,5,8,14,10,4,0,0,2,12,15
33,5,2,14,6,0,1,1,1,0,0,14,1,0,0,4,9,262,1,13,3,6,11,5,8,13,9,3,0,0,2,11,15
86,5,2,12,5,0,1,1,1,0,0,13,2,0,0,4,9,262,1,13,3,6,11,4,7,12,8,3,0,0,2,11,0
-31,5,2,22,5,0,0,1,1,0,0,13,2,0,0,4,9,262,1,13,3,6,11,3,6,11,7,2,0,0,2,12,30
-77,4,1,28,5,0,0,1,1,0,1,8,7,0,0,4,9,262,1,11,3,5,11,4,6,13,8,3,0,0,1,13,30
4,4,1,22,5,0,0,2,0,0,1,3,12,0,0,4,9,262,2,10,3,5,10,3,7,13,7,3,0,0,2,12,30
34,3,2,16,5,0,0,2,0,0,1,0,15,0,0,4,9,262,1,9,2,6,9,3,6,17,8,3,0,0,1,11,30
27,3,2,16,4,0,0,2,0,0,1,14,1,0,0,4,9,262,1,9,2,6,9,2,5,16,7,3,0,0,1,11,30
16,3,2,14,3,0,1,2,1,0,1,2,13,0,0,4,9,262,3,7,2,5,7,4,6,16,6,2,0,0,2,11,15
24,3,3,12,2,0,1,2,1,0,1,12,3,0,0,4,9,262,1,7,5,7,7,4,8,15,7,4,0,0,2,11,0
-3,3,3,7,2,0,0,3,1,0,1,7,8,0,0,4,9,262,1,6,4,6,6,3,7,14,7,5,0,0,1,10,15
10,3,3,10,3,0,0,2,1,0,1,5,10,0,0,4,9,262,2,5,3,5,5,3,6,13,6,4,0,0,2,10,45
17,1,1,2,3,0,0,3,1,0,2,12,3,0,0,4,9,262,2,2,2,2,2,5,11,12,8,4,0,0,1,9,30
16,1,1,7,3,0,0,2,1,0,2,5,10,0,0,4,9,262,2,2,2,2,2,4,11,11,7,4,0,0,1,10,15
-1,1,1,5,4,0,0,2,0,0,2,11,4,0,0,4,9,262,1,1,1,1,1,8,10,10,8,6,0,0,2,10,0
-285,1,1,40,4,0,0,2,0,0,1,7,8,0,0,4,9,262,1,1,1,1,1,7,9,9,7,5,0,0,1,15,45
7,0,0,2,4,0,0,2,0,0,1,1,14,0,0,4,9,262,1,0,0,0,0,7,8,8,7,4,0,0,1,9,30
-11,0,0,10,3,0,0,2,0,0,1,0,12,0,0,4,9,262,0,0,0,0,0,7,7,7,7,3,0,0,2,10,45
2,0,0,0,2,0,0,2,0,0,1,0,13,0,1,4,9,262,0,0,0,0,0,6,6,6,6,3,0,0,1,9,0
-34,0,0,9,1,0,0,2,0,0,1,0,14,0,0,4,9,262,0,0,0,0,0,5,5,5,5,3,0,0,2,10,30
-21,0,0,5,1,0,0,1,0,0,1,0,15,0,0,4,9,262,0,0,0,0,0,4,4,4,4,2,0,0,2,10,0
-243,0,0,26,1,0,0,1,0,0,0,0,18,0,0,4,9,262,0,0,0,0,0,3,3,3,3,2,0,0,1,13,0
-29,0,0,4,1,0,0,0,0,0,0,0,25,0,0,4,9,262,0,0,0,0,0,2,2,2,2,2,0,0,2,9,45
-1,0,0,1,0,0,0,0,0,0,0,0,33,0,0,4,9,262,0,0,0,0,0,1,1,1,1,1,0,0,2,9,15
-3,36,4,53,2,0,1,2,0,0,0,11,4,1,0,3,9,261,2,48,3,8,11,1,3,9,4,0,5,1,1,17,30
37,34,6,47,4,0,2,3,0,0,0,6,9,0,0,3,9,261,3,43,5,6,12,3,6,16,7,2,4,1,1,16,30
35,33,5,50,5,0,2,3,0,0,0,12,3,0,0,3,9,261,4,41,4,4,10,2,7,15,7,1,4,0,1,17,0
64,30,2,45,5,0,4,3,0,0,0,1,14,0,0,3,9,261,4,38,1,3,7,3,7,15,9,2,4,1,2,16,15
-14,28,2,49,6,0,3,3,0,0,0,8,7,0,0,3,9,261,3,37,0,5,8,6,10,17,10,2,4,1,2,16,45
23,28,3,43,5,0,3,3,0,0,0,3,12,0,0,3,9,261,3,37,2,6,8,5,9,16,9,2,4,1,2,16,0
44,28,3,47,5,0,3,2,0,0,0,10,5,0,0,3,9,261,2,37,2,6,9,4,9,16,9,3,4,1,1,16,30
33,28,3,39,4,0,3,2,0,0,0,4,11,0,0,3,9,261,1,37,4,6,9,5,10,15,9,4,4,2,2,15,30
13,28,3,41,4,0,2,2,0,0,0,12,3,0,0,3,9,261,1,37,4,6,10,5,9,14,8,4,4,2,2,15,45
5,28,3,45,3,0,2,2,0,0,0,8,7,0,0,3,9,261,1,37,5,6,10,5,9,13,7,4,3,2,2,16,15
38,28,3,39,4,0,2,2,0,0,0,10,5,0,0,3,9,261,3,35,4,5,9,6,11,13,6,4,3,1,2,15,30
-19,28,3,50,4,0,3,1,0,0,0,8,7,0,0,3,9,261,4,34,3,4,9,6,10,12,5,3,3,1,1,17,0
46,26,1,35,5,0,2,1,0,0,0,12,3,0,0,3,9,261,3,33,2,4,11,5,9,12,6,4,3,1,2,15,0
-30,26,1,43,5,0,3,0,0,0,0,9,6,0,0,3,9,261,3,32,1,3,11,5,8,11,6,5,3,1,2,16,0
22,25,1,32,4,0,4,0,0,0,0,11,4,0,0,3,9,261,2,31,1,3,13,6,8,11,7,4,3,1,2,14,30
-153,25,1,52,4,0,3,0,0,0,0,10,5,0,0,3,9,261,2,31,1,3,13,6,7,11,6,3,2,1,1,17,15
-8,25,1,33,4,0,2,0,0,0,0,8,7,0,0,3,9,261,1,31,1,3,14,5,6,10,6,3,2,0,2,14,45
-37,25,1,35,4,0,1,0,0,0,0,40,5,0,0,3,9,261,1,31,2,4,14,4,5,10,5,3,2,0,2,15,0
-24,25,1,41,3,0,1,0,0,0,0,31,14,0,0,3,9,261,1,31,2,5,15,3,5,11,4,2,2,0,2,15,45
19,25,1,31,2,0,1,1,0,0,0,28,17,0,0,3,9,261,2,30,1,4,15,3,4,10,3,1,2,0,1,14,15
56,25,3,37,1,0,1,1,0,0,0,26,19,0,0,3,9,261,2,30,2,4,16,2,3,9,2,1,2,0,2,15,15
82,24,6,30,1,0,1,1,0,0,0,14,1,0,0,3,9,261,1,29,3,10,18,2,4,10,3,2,2,0,1,13,30
-105,24,9,37,1,0,1,1,0,0,1,20,10,0,0,3,9,261,2,27,7,11,20,3,5,14,3,1,2,1,2,15,15
-98,20,8,33,3,0,0,3,0,0,2,0,30,0,0,3,9,261,3,22,5,8,15,4,8,15,6,2,2,1,2,14,45
87,19,9,17,4,0,0,3,0,0,1,6,9,0,0,3,9,261,3,21,5,9,15,3,7,17,6,3,2,1,2,11,30
61,17,8,19,5,0,0,4,1,0,0,10,5,0,0,3,9,261,3,18,4,8,13,5,6,17,8,4,2,1,2,11,45
23,16,8,29,6,0,0,3,1,0,0,4,11,0,0,3,9,261,3,17,3,9,13,4,8,16,8,5,1,2,1,13,15
13,15,9,25,5,0,1,3,1,0,0,3,12,0,0,3,9,261,3,16,4,9,14,4,10,16,8,4,1,1,2,12,30
-3,14,8,25,4,0,1,3,1,0,0,1,14,0,0,3,9,261,2,16,5,9,14,3,9,15,8,3,1,1,2,12,30
123,13,7,11,6,0,1,2,1,0,0,11,4,0,0,3,9,261,3,14,4,7,12,2,9,14,8,3,1,1,2,10,45
16,13,8,19,6,0,0,2,1,0,0,4,11,0,0,3,9,261,2,14,6,7,12,4,8,14,8,3,1,1,2,11,45
15,9,6,21,6,0,1,3,2,0,0,10,5,0,0,3,9,261,2,10,3,5,9,7,11,16,11,5,0,1,2,12,0
62,9,6,17,5,0,1,3,2,0,0,9,6,0,0,3,9,261,2,10,3,5,9,6,10,15,10,5,0,0,2,11,30
12,8,5,27,4,0,1,3,2,0,0,9,6,0,0,3,9,261,1,10,3,5,9,5,9,14,10,5,0,0,1,12,45
7,7,4,23,5,0,1,3,2,0,0,14,1,0,0,3,9,261,2,8,1,4,7,4,8,14,10,4,0,0,2,12,15
12,7,6,23,4,0,1,3,2,0,0,9,6,0,0,3,9,261,2,8,2,5,8,6,7,13,9,3,0,0,2,12,15
22,6,5,15,3,0,1,3,3,0,0,4,11,0,0,3,9,261,2,7,1,5,7,5,7,12,9,2,0,0,2,11,15
0,6,5,21,3,0,1,3,2,0,0,11,4,0,0,3,9,261,2,7,2,5,7,5,6,12,8,2,0,0,2,12,0
62,4,3,11,2,0,1,3,2,0,0,13,2,0,0,3,9,261,0,7,4,5,7,4,6,13,9,4,0,0,2,10,45
4,4,3,15,2,0,0,3,3,0,0,11,4,0,0,3,9,261,1,6,3,4,6,3,5,13,8,3,0,0,2,11,15
-52,4,3,27,2,0,0,2,3,0,0,10,5,0,0,3,9,261,1,6,3,4,6,2,4,12,7,3,0,0,1,12,45
27,4,3,13,3,0,0,2,2,0,0,1,14,0,0,3,9,261,2,5,3,3,5,2,4,11,6,3,0,0,2,11,0
24,1,0,13,5,0,0,1,3,0,0,5,10,0,0,3,9,261,2,2,0,2,2,2,6,12,8,5,0,0,2,11,0
72,1,1,9,4,0,0,1,3,0,0,9,6,0,0,3,9,261,2,2,1,2,2,4,7,11,7,5,0,0,2,10,30
66,1,1,6,4,0,0,0,3,0,0,4,11,0,0,3,9,261,0,2,2,2,2,4,8,10,8,6,0,0,1,10,0
60,1,1,4,4,0,0,0,2,0,0,0,15,0,0,3,9,261,0,2,2,2,2,3,7,9,7,6,0,0,2,9,45
57,1,1,2,4,0,0,0,1,0,0,13,2,0,0,3,9,261,0,2,2,2,2,3,7,8,6,5,0,0,2,9,30
25,1,1,9,3,0,0,0,1,0,1,7,8,0,0,3,9,261,1,1,1,1,1,3,7,7,5,4,0,0,2,10,30
-6,0,0,1,4,0,0,0,1,0,0,0,1,0,0,3,9,261,0,0,0,0,0,4,6,6,6,4,0,0,2,9,15
44,0,0,2,3,0,0,0,1,0,0,0,6,0,0,3,9,261,0,0,0,0,0,5,5,5,5,3,0,0,2,9,30
-31,0,0,8,3,0,0,0,0,0,0,0,12,0,0,3,9,261,0,0,0,0,0,4,4,4,4,2,0,0,2,10,15
-1,0,0,4,2,0,0,0,0,0,0,0,19,0,0,3,9,261,0,0,0,0,0,3,3,3,3,1,0,0,2,9,45
11,0,0,6,1,0,0,0,0,0,0,0,31,0,0,3,9,261,0,0,0,0,0,2,2,2,2,1,0,0,1,10,0
4,0,0,0,0,0,0,0,0,0,0,0,33,0,1,3,9,261,0,0,0,0,0,1,1,1,1,0,0,0,1,9,0
37,33,5,48,3,0,0,2,0,0,1,9,6,0,0,2,9,260,2,44,3,5,13,2,5,8,5,2,4,4,2,17,15
0,31,5,49,3,0,0,3,0,0,1,1,14,1,0,2,9,260,2,42,3,5,13,4,6,9,6,3,4,3,1,17,30
12,30,4,41,5,0,0,3,0,0,0,0,15,0,0,2,9,260,2,40,2,6,12,4,6,14,7,4,3,3,2,16,30
29,30,5,49,5,0,0,2,0,0,0,25,5,1,0,2,9,260,2,40,2,6,12,4,5,13,6,3,2,2,1,17,30
26,29,4,44,6,0,0,1,0,0,0,19,11,0,0,2,9,260,2,39,2,5,11,3,4,13,6,2,1,1,2,16,45
32,28,4,41,5,0,0,1,0,0,0,7,23,0,0,2,9,260,1,39,5,8,12,3,3,13,6,2,1,0,2,16,30
23,27,4,44,5,0,0,1,0,0,0,11,4,0,0,2,9,260,1,38,4,7,12,2,3,12,6,3,1,0,2,16,45
33,26,3,46,5,0,0,1,1,0,0,12,3,0,0,2,9,260,2,36,5,7,10,1,5,12,6,2,1,0,1,17,0
50,24,2,32,7,0,1,2,1,0,0,13,2,0,0,2,9,260,2,31,3,5,11,8,10,14,10,3,1,0,2,15,0
-16,23,2,46,8,0,1,1,1,0,0,3,12,0,0,2,9,260,2,30,2,4,12,8,10,15,10,3,1,0,1,17,0
24,23,2,39,8,0,1,1,1,0,0,14,1,0,0,2,9,260,3,29,1,3,11,8,9,14,9,2,1,0,3,16,0
17,23,2,37,7,0,1,1,1,0,0,13,2,0,0,2,9,260,3,29,1,3,12,7,8,13,8,2,1,0,2,15,45
-4,23,2,34,7,0,0,1,1,0,0,12,3,0,0,2,9,260,3,29,2,3,12,6,7,12,7,1,1,0,1,15,15
18,23,2,39,6,0,0,1,1,0,0,11,4,0,0,2,9,260,3,29,2,3,12,5,6,11,6,1,1,0,3,16,0
12,23,2,34,6,0,0,1,0,0,0,10,5,0,0,2,9,260,2,29,2,3,12,4,5,10,6,1,1,0,1,15,15
-48,23,3,41,5,0,0,1,0,0,1,6,9,0,0,2,9,260,3,28,1,3,11,3,5,10,5,0,1,0,2,16,30
-20,22,3,32,4,0,0,1,0,0,1,4,11,0,0,2,9,260,2,28,2,4,12,3,5,9,5,1,1,0,2,15,0
-3,22,3,36,3,0,0,1,0,0,1,0,15,0,0,2,9,260,2,28,2,5,12,2,4,8,4,1,1,0,2,15,30
7,22,6,28,5,0,0,1,0,0,0,24,21,0,0,2,9,260,3,26,2,7,11,3,5,11,4,1,1,0,1,14,15
11,20,4,30,6,0,0,0,0,0,0,6,39,0,0,2,9,260,2,25,3,8,13,3,6,12,5,1,1,0,2,14,45
22,20,5,30,5,0,0,0,0,0,0,6,39,0,0,2,9,260,2,25,3,8,13,2,5,11,4,1,1,0,2,14,45
-24,18,4,29,7,0,0,0,0,0,0,12,3,0,0,2,9,260,2,22,5,6,12,3,5,14,6,3,1,0,2,14,30
84,17,4,20,8,0,0,0,0,0,0,10,5,0,0,2,9,260,2,20,4,5,11,3,7,15,7,4,1,0,2,12,30
15,16,3,24,8,0,0,0,1,0,0,4,11,0,0,2,9,260,2,18,2,4,9,2,7,14,8,5,1,0,1,13,0
-6,16,5,24,8,0,0,0,1,0,0,10,5,0,0,2,9,260,2,17,1,5,9,3,7,14,8,5,1,0,1,13,0
100,14,6,17,8,0,0,0,1,0,0,14,1,0,0,2,9,260,1,16,4,5,11,5,10,15,9,4,1,0,1,11,45
25,13,5,20,7,0,0,0,1,0,0,10,5,0,0,2,9,260,0,16,4,6,12,5,10,14,9,4,1,0,2,12,30
54,13,5,22,6,0,0,0,1,0,0,2,13,0,0,2,9,260,0,16,5,6,13,5,10,14,8,4,1,0,2,12,45
-3,13,5,27,5,0,0,0,1,0,0,12,3,0,0,2,9,260,0,16,5,7,14,6,9,13,7,3,1,0,1,13,30
-31,13,6,26,6,0,0,0,1,0,0,4,11,0,0,2,9,260,2,14,3,5,12,6,8,15,6,2,1,0,1,13,15
-164,12,5,37,7,0,0,0,1,0,0,13,2,0,0,2,9,260,3,12,1,4,11,5,8,15,6,1,1,0,2,15,45
20,10,5,22,7,0,0,0,1,0,0,4,11,0,0,2,9,260,2,11,1,5,10,6,8,14,7,1,1,0,2,12,45
21,10,5,19,7,0,0,0,0,0,0,13,2,0,0,2,9,260,2,11,2,5,10,5,7,14,6,1,1,0,2,12,15
16,10,5,15,6,0,0,0,0,0,0,12,3,0,0,2,9,260,2,11,2,5,10,4,6,13,5,1,1,0,1,11,30
10,9,4,15,5,0,0,0,0,0,0,9,6,0,0,2,9,260,1,11,2,5,10,3,5,13,5,1,1,0,1,11,30
12,8,4,18,5,0,0,0,0,0,0,12,3,0,0,2,9,260,1,10,2,6,10,3,5,12,5,2,1,0,1,12,0
71,8,4,13,4,0,0,0,0,0,0,8,7,0,0,2,9,260,1,10,2,6,10,3,4,11,4,2,1,0,2,11,15
71,7,6,7,4,0,0,0,0,0,0,2,13,0,0,2,9,260,1,9,4,7,9,3,8,10,4,2,1,1,2,10,15
21,6,5,13,4,0,0,0,0,0,0,9,6,0,0,2,9,260,1,8,4,7,8,2,7,10,4,2,1,1,2,11,15
36,5,4,7,5,0,0,0,0,0,0,6,9,0,0,2,9,260,1,6,4,6,6,4,8,10,5,2,1,1,2,10,15
-8,2,1,9,6,0,0,0,0,0,0,5,10,0,0,2,9,260,0,4,3,4,4,5,7,11,7,4,1,1,1,10,30
18,1,1,12,6,0,0,0,1,0,0,8,7,0,0,2,9,260,1,2,2,2,2,6,6,10,7,4,1,1,2,11,0
49,1,1,3,5,0,0,0,1,0,0,7,8,0,0,2,9,260,1,2,2,2,2,5,5,9,6,3,0,1,2,9,45
10,1,1,9,4,0,0,0,1,0,0,5,10,0,0,2,9,260,1,2,2,2,2,4,4,8,5,3,0,0,1,10,30
6,1,1,5,3,0,0,0,1,0,0,2,13,0,0,2,9,260,1,2,2,2,2,3,3,7,4,3,0,0,2,10,0
7,1,1,5,3,0,0,0,1,0,0,2,13,0,0,2,9,260,1,1,1,1,1,2,4,6,4,3,0,0,2,10,0
38,1,1,1,2,0,0,0,1,0,0,10,5,0,0,2,9,260,0,1,1,1,1,1,3,5,4,3,0,0,1,9,15
3,0,0,0,2,0,0,0,1,0,0,0,19,0,1,2,9,260,0,0,0,0,0,4,4,4,4,3,0,0,1,9,0
32,0,0,3,1,0,0,0,1,0,0,0,24,0,0,2,9,260,0,0,0,0,0,3,3,3,3,2,0,0,2,9,45
-73,0,0,11,1,0,0,0,0,0,0,0,39,0,0,2,9,260,0,0,0,0,0,2,2,2,2,1,0,0,1,10,45
-4,0,0,2,0,0,0,0,0,0,0,0,42,0,0,2,9,260,0,0,0,0,0,1,1,1,1,0,0,0,2,9,30
15,23,1,46,1,0,0,2,0,0,0,8,7,0,0,6,9,257,1,45,3,6,11,2,4,10,3,1,5,2,1,17,0
0,23,2,48,2,0,0,1,0,0,0,14,1,1,0,6,9,257,2,44,2,6,11,2,3,9,2,0,5,1,1,17,30
1,23,2,46,2,0,0,2,0,0,0,1,14,0,0,6,9,257,1,42,4,7,11,2,6,9,4,2,5,2,1,17,0
-8,22,1,44,2,0,0,2,0,0,0,3,12,0,0,6,9,257,1,41,4,7,11,2,7,9,4,2,4,3,2,16,45
7,21,2,40,2,0,1,3,0,0,0,10,5,0,0,6,9,257,2,38,4,5,10,6,6,11,5,3,4,2,1,16,0
-4,21,3,43,2,0,2,2,0,0,0,14,1,0,0,6,9,257,2,37,3,5,10,5,5,10,5,4,4,2,2,16,30
-14,21,3,40,2,0,2,3,0,0,0,7,8,0,0,6,9,257,2,35,2,4,9,4,5,10,6,5,4,2,1,16,0
-2,21,3,44,2,0,2,2,0,0,0,6,9,0,0,6,9,257,2,35,2,4,9,3,4,9,5,4,3,2,2,16,45
-40,21,3,42,2,0,1,2,0,0,0,0,15,0,0,6,9,257,2,35,2,4,9,2,3,8,4,3,3,1,1,16,15
-19,21,3,38,3,0,0,2,0,0,0,12,3,0,0,6,9,257,2,34,1,3,10,1,2,7,4,2,2,1,2,15,45
7,18,4,38,4,0,1,2,0,0,0,9,6,0,0,6,9,257,1,31,2,5,10,3,6,12,7,3,2,0,2,15,45
-28,18,5,33,5,0,0,2,0,0,0,35,10,0,0,6,9,257,1,30,3,7,11,4,6,13,7,4,2,0,1,14,45
29,18,6,32,4,0,0,2,0,0,0,25,20,0,0,6,9,257,1,30,4,8,12,4,7,12,6,3,2,1,2,14,30
1,18,6,35,5,0,0,1,0,0,0,24,21,0,0,6,9,257,2,29,3,7,11,3,6,11,5,3,2,1,1,15,0
15,17,6,31,5,0,0,1,0,0,0,12,33,0,0,6,9,257,2,28,4,6,11,2,7,11,5,3,2,2,1,14,15
-8,15,6,37,4,0,0,2,0,0,0,13,2,0,0,6,9,257,1,27,4,6,11,3,7,13,6,2,2,2,2,15,30
14,13,4,28,6,0,0,2,0,0,0,12,3,0,0,6,9,257,2,24,2,5,12,5,7,14,7,1,2,2,2,13,15
18,13,4,29,5,0,1,2,0,0,0,5,10,0,0,6,9,257,3,23,2,4,11,5,7,13,6,1,1,2,1,13,30
5,12,3,29,4,0,1,2,0,0,0,12,3,0,0,6,9,257,2,23,2,5,11,4,6,13,6,2,1,1,1,13,30
-1,12,3,36,5,0,1,1,0,0,0,8,7,0,0,6,9,257,3,22,1,4,12,3,5,12,5,2,1,1,1,15,15
14,12,3,26,4,0,1,1,0,0,0,7,8,0,0,6,9,257,2,22,1,4,12,2,4,11,5,2,0,1,1,13,0
-5,10,1,33,4,0,1,1,0,0,0,8,7,0,0,6,9,257,1,21,2,4,12,3,4,11,6,2,0,0,1,14,45
-7,9,2,26,4,0,0,1,0,0,0,6,9,0,0,6,9,257,0,21,3,5,15,2,6,12,6,1,0,0,1,13,0
30,9,3,23,4,0,0,1,1,0,0,10,5,0,0,6,9,257,2,19,2,7,14,2,7,12,5,1,0,0,1,12,30
56,9,4,23,6,0,0,0,1,0,0,2,13,0,0,6,9,257,2,17,3,7,15,6,7,13,6,1,0,0,1,12,30
33,8,4,22,5,0,0,0,1,0,0,3,12,0,0,6,9,257,1,17,5,8,15,5,9,14,6,1,0,0,2,12,15
59,8,4,16,5,0,0,0,1,0,0,0,15,0,0,6,9,257,2,16,4,8,14,4,8,13,5,1,0,0,1,11,30
-7,8,4,20,4,0,0,0,1,0,0,14,1,0,0,6,9,257,2,16,4,9,14,3,7,13,4,1,0,0,1,12,0
70,7,5,16,3,0,0,1,1,0,0,6,9,0,0,6,9,257,2,15,5,9,13,3,6,14,4,2,0,0,1,11,30
-6,7,5,20,4,0,0,1,0,0,0,4,11,0,0,6,9,257,3,14,4,8,12,2,5,14,3,2,0,0,1,12,0
11,6,4,12,4,0,0,2,0,0,0,13,2,0,0,6,9,257,1,12,5,9,12,4,6,14,6,3,0,0,2,11,0
-26,5,4,19,5,0,0,2,0,0,0,2,13,0,0,6,9,257,2,10,5,8,10,4,6,14,6,3,0,0,2,11,45
-92,4,3,25,6,0,0,1,0,0,0,7,8,0,0,6,9,257,1,9,5,7,9,3,5,13,7,4,0,0,2,12,45
-24,4,4,16,5,0,0,1,0,0,0,4,11,0,0,6,9,257,1,9,5,7,9,3,6,12,6,3,0,0,1,11,30
-22,2,2,12,6,0,0,1,0,0,1,3,12,0,0,6,9,257,2,6,4,4,6,3,9,14,7,5,0,0,2,11,0
14,2,2,14,6,0,0,2,0,0,1,7,8,0,0,6,9,257,3,4,2,3,4,2,8,14,7,4,0,0,3,11,15
20,2,2,14,7,0,0,2,0,0,1,10,5,0,0,6,9,257,2,2,0,2,2,6,8,13,9,4,0,0,3,11,15
-11,0,0,6,7,0,0,1,0,0,1,6,9,0,0,6,9,257,0,2,1,2,2,6,8,12,10,5,0,0,2,10,15
26,0,0,8,7,0,0,0,0,0,1,5,10,0,0,6,9,257,0,2,1,2,2,5,7,11,9,5,0,0,2,10,30
-3,0,0,4,6,0,0,0,0,0,1,0,15,0,0,6,9,257,0,2,1,2,2,5,6,10,8,4,0,0,2,10,0
6,0,0,3,5,0,0,0,0,0,1,12,3,0,0,6,9,257,0,2,2,2,2,4,6,9,7,4,0,0,2,9,45
11,0,0,6,4,0,0,0,0,0,1,10,5,0,0,6,9,257,0,2,2,2,2,3,5,8,6,3,0,0,2,10,15
14,0,0,8,3,0,0,0,0,0,1,6,9,0,0,6,9,257,0,2,2,2,2,2,6,7,5,2,0,0,2,10,30
-29,0,0,10,3,0,0,0,0,0,1,0,15,0,0,6,9,257,1,1,1,1,1,2,6,6,4,2,0,0,2,10,45
25,0,0,4,3,0,0,0,0,0,1,0,11,0,0,6,9,257,0,0,0,0,0,4,5,5,5,3,0,0,2,10,0
-7,0,0,0,2,0,0,0,0,0,1,0,31,0,1,6,9,257,0,0,0,0,0,4,4,4,4,2,0,0,1,9,0
-15,0,0,1,2,0,0,0,0,0,0,0,36,0,0,6,9,257,0,0,0,0,0,3,3,3,3,2,0,0,1,9,15
-44,0,0,10,1,0,0,0,0,0,0,0,39,0,0,6,9,257,0,0,0,0,0,2,2,2,2,1,0,0,2,10,45
7,0,0,2,0,0,0,0,0,0,0,0,48,0,0,6,9,257,0,0,0,0,0,1,1,1,1,0,0,0,1,9,30
22,29,3,51,3,0,0,0,0,0,1,9,6,0,0,5,9,256,0,52,6,13,16,4,7,15,5,5,10,3,2,17,0
-30,29,4,55,3,0,0,1,0,0,1,4,11,0,0,5,9,256,2,50,5,12,15,3,7,14,4,4,10,3,1,17,30
3,29,4,53,2,0,0,1,0,0,1,3,12,0,0,5,9,256,2,50,5,12,16,2,6,13,3,3,9,3,1,17,15
-32,28,7,53,4,0,1,2,0,0,0,10,5,0,0,5,9,256,2,46,7,10,12,4,7,15,6,5,8,3,1,17,15
-27,27,6,56,3,0,1,3,0,0,0,0,15,1,0,5,9,256,1,45,7,9,13,4,7,17,7,5,7,2,1,18,0
-28,27,6,51,3,0,0,3,0,0,0,13,2,0,0,5,9,256,1,45,7,9,13,3,6,16,6,4,7,1,2,17,0
14,26,6,49,7,0,0,4,0,0,0,10,5,0,0,5,9,256,5,39,3,3,7,4,9,16,7,5,7,4,2,16,45
-9,26,6,47,6,0,0,4,0,0,0,7,8,0,0,5,9,256,5,39,3,4,7,3,8,15,6,4,7,4,2,16,30
-9,23,4,49,7,0,0,4,0,0,0,4,11,0,0,5,9,256,4,37,1,3,8,6,8,14,8,5,7,4,2,16,45
-14,21,2,46,6,0,0,4,1,0,0,11,4,0,0,5,9,256,3,36,0,2,7,6,8,13,9,5,6,4,2,16,15
0,21,2,47,5,0,0,4,1,0,0,6,9,0,0,5,9,256,3,36,1,3,8,5,10,12,8,5,6,4,2,16,30
11,21,2,37,5,0,0,3,1,0,0,13,2,0,0,5,9,256,2,36,2,4,8,4,10,12,8,5,6,4,1,15,15
21,21,2,43,5,0,0,2,1,0,0,11,4,0,0,5,9,256,2,36,2,4,8,4,9,11,7,4,5,4,1,16,0
4,21,2,43,5,0,0,1,1,0,0,9,6,0,0,5,9,256,2,36,2,4,8,3,8,10,6,4,4,3,1,16,0
21,21,2,37,4,0,0,1,1,0,0,4,11,0,0,5,9,256,2,36,2,4,10,2,7,9,5,3,3,2,1,15,15
6,19,0,41,4,0,0,2,1,0,0,27,3,0,0,5,9,256,1,34,2,4,11,6,7,11,7,5,3,1,3,15,45
17,19,1,40,4,0,0,1,1,0,0,15,15,0,0,5,9,256,0,34,2,5,11,6,6,10,7,5,3,1,2,15,30
-57,19,1,43,3,0,0,1,1,0,0,10,20,0,0,5,9,256,0,34,2,5,12,5,5,10,6,5,3,1,1,16,0
34,19,1,35,2,0,0,1,1,0,0,10,20,0,0,5,9,256,0,34,2,5,12,4,4,9,5,4,3,1,3,15,0
17,19,2,33,3,0,0,1,0,0,0,7,23,0,0,5,9,256,1,33,1,5,11,3,3,9,4,4,2,1,2,14,45
-24,19,3,41,2,0,0,1,0,0,0,1,29,0,0,5,9,256,1,33,2,5,12,2,2,9,3,3,2,0,3,15,45
29,19,4,32,2,0,0,1,0,0,0,30,15,0,0,5,9,256,2,32,3,6,13,1,2,9,2,2,2,0,2,14,15
-28,16,4,35,5,0,0,1,0,0,0,15,15,0,0,5,9,256,2,28,5,7,13,4,7,12,5,2,2,0,3,15,0
8,15,3,31,6,0,0,1,0,0,0,0,15,0,0,5,9,256,3,26,3,7,12,3,7,15,5,1,2,1,1,13,30
5,14,3,29,6,0,0,1,0,0,0,8,7,0,0,5,9,256,3,25,3,8,13,3,7,14,5,1,2,1,1,13,15
-47,14,4,33,7,0,0,1,0,0,0,1,14,0,0,5,9,256,4,23,2,6,12,4,6,14,5,0,2,1,2,14,45
7,12,4,27,6,0,0,1,0,0,0,12,3,0,0,5,9,256,2,23,4,7,14,4,8,16,6,1,2,1,2,13,0
54,12,4,23,6,0,1,0,0,0,0,8,7,0,0,5,9,256,3,22,5,7,14,4,7,15,5,1,2,1,2,12,30
42,12,4,20,5,0,1,0,0,0,0,6,9,0,0,5,9,256,3,22,5,7,15,3,6,15,4,1,2,1,2,12,0
-56,12,4,29,7,0,0,1,0,0,0,1,14,0,0,5,9,256,2,19,3,5,14,5,9,17,7,3,1,1,1,13,15
10,11,3,25,6,0,0,1,0,0,0,12,3,0,0,5,9,256,1,19,3,6,15,4,8,16,7,3,1,0,2,12,45
-11,9,4,21,7,0,0,1,0,0,0,6,9,0,0,5,9,256,1,17,2,8,15,5,9,19,8,3,1,0,2,12,15
-8,9,4,27,7,0,0,1,0,0,0,4,11,0,0,5,9,256,2,16,2,7,14,5,9,18,7,2,1,0,2,13,0
6,9,4,23,6,0,0,1,0,0,0,2,13,0,0,5,9,256,2,16,2,7,14,5,8,17,6,2,1,0,2,12,30
-26,8,6,25,6,0,0,1,0,0,0,11,4,0,0,5,9,256,1,15,5,9,14,5,10,16,7,3,1,1,2,12,45
23,8,6,17,5,0,0,1,0,0,0,10,5,0,0,5,9,256,1,15,5,9,14,4,9,15,6,3,1,1,1,11,30
13,8,7,16,5,0,0,1,0,0,0,4,11,0,0,5,9,256,1,14,5,8,13,5,10,14,6,4,1,1,2,11,15
12,8,7,19,4,0,0,1,0,0,0,3,12,0,0,5,9,256,1,14,5,8,13,4,9,13,5,4,1,1,1,11,45
-12,7,6,17,5,0,1,1,0,0,0,4,11,0,0,5,9,256,2,11,4,7,11,5,9,13,6,3,1,1,1,11,30
44,6,6,13,5,0,2,1,0,0,0,9,6,0,0,5,9,256,3,9,3,7,9,5,10,12,6,2,1,1,1,11,0
-8,5,5,21,5,0,2,0,0,0,0,4,11,0,0,5,9,256,2,9,3,7,9,6,10,12,6,2,1,1,2,12,15
0,5,5,12,4,0,2,0,0,0,0,0,15,0,0,5,9,256,2,9,4,7,9,5,9,13,5,1,1,1,3,10,45
6,4,4,11,4,0,2,0,0,0,0,8,7,0,0,5,9,256,2,8,4,6,8,4,8,13,5,1,1,1,1,10,30
42,2,2,8,5,0,1,1,0,0,0,0,15,0,0,5,9,256,2,6,4,5,6,5,7,13,6,2,0,1,2,10,10
-7,2,2,13,4,0,1,1,0,0,0,9,1,0,0,5,9,256,2,6,4,5,6,5,6,13,5,2,0,0,1,11,0
7,1,1,9,3,0,1,1,0,0,0,7,3,0,0,5,9,256,1,6,4,5,6,4,5,12,5,2,0,0,1,10,15
28,1,1,6,3,0,1,2,0,0,0,7,8,0,0,5,9,256,3,4,2,4,4,4,4,11,4,1,0,0,1,10,0
-248,1,1,37,2,0,1,2,0,0,0,3,12,0,0,5,9,256,2,4,2,4,4,3,4,10,4,2,0,0,1,15,15
37,0,0,4,3,0,0,3,0,0,0,12,3,0,0,5,9,256,2,2,1,2,2,2,3,9,5,3,0,0,2,9,45
8,0,0,6,2,0,0,3,0,0,0,7,8,0,0,5,9,256,2,2,1,2,2,1,2,8,4,3,0,0,1,10,0
16,0,0,3,4,0,0,2,0,0,0,0,10,0,0,5,9,256,1,0,0,0,0,5,7,7,6,6,0,0,2,9,30
-2,0,0,4,4,0,0,1,0,0,0,0,25,0,0,5,9,256,0,0,0,0,0,6,6,6,6,5,0,0,2,9,45
-13,0,0,0,3,0,0,1,0,0,0,0,26,0,1,5,9,256,0,0,0,0,0,5,5,5,5,4,0,0,2,9,0
-18,0,0,1,2,0,0,1,0,0,0,0,27,0,0,5,9,256,0,0,0,0,0,4,4,4,4,4,0,0,1,9,15
-24,0,0,9,1,0,0,1,0,0,0,0,36,0,0,5,9,256,0,0,0,0,0,3,3,3,3,3,0,0,1,10,15
-2,0,0,1,1,0,0,0,0,0,0,0,44,0,0,5,9,256,0,0,0,0,0,2,2,2,2,2,0,0,1,9,15
-99,0,0,13,0,0,0,0,0,0,0,0,48,0,0,5,9,256,0,0,0,0,0,1,1,1,1,1,0,0,1,11,0
-1,35,0,48,3,0,0,0,0,0,0,0,30,1,0,4,9,255,0,45,1,3,11,2,3,5,4,3,4,0,1,17,30
9,35,2,46,3,0,0,0,0,0,0,12,3,0,0,4,9,255,1,44,1,5,12,2,2,5,3,2,4,0,1,17,0
35,35,6,45,3,0,0,0,0,0,0,15,15,0,0,4,9,255,2,43,3,8,13,1,3,8,2,1,4,0,2,16,45
11,33,6,46,6,0,0,1,0,0,0,10,5,0,0,4,9,255,3,38,4,6,11,2,4,12,5,2,4,0,1,17,0
-24,31,5,44,6,0,0,1,0,0,1,7,8,0,0,4,9,255,3,36,2,5,10,1,4,11,6,1,4,1,1,16,30
25,27,1,39,6,0,0,2,0,0,1,7,8,0,0,4,9,255,1,34,3,6,15,3,10,13,9,2,4,3,1,15,30
12,27,2,42,7,0,0,2,0,0,1,10,5,0,0,4,9,255,3,32,3,5,14,5,9,13,8,2,4,3,1,15,45
-15,27,3,43,7,0,0,1,0,0,1,8,7,0,0,4,9,255,3,32,3,5,14,4,8,12,7,2,3,3,1,16,0
33,26,2,33,7,0,0,1,0,0,1,5,10,0,0,4,9,255,1,31,3,6,14,7,8,14,9,3,3,2,2,14,45
2,26,2,37,6,0,0,1,0,0,1,4,11,0,0,4,9,255,1,31,3,6,14,6,7,13,8,2,3,2,3,15,15
40,26,4,31,7,0,0,1,0,0,1,41,4,0,0,4,9,255,2,29,2,6,13,5,7,13,8,1,3,2,1,14,15
-48,26,6,35,6,0,0,1,0,0,1,35,10,0,0,4,9,255,2,29,2,8,13,4,7,12,7,1,3,2,2,15,0
-68,26,6,39,6,0,0,1,0,0,0,30,15,0,0,4,9,255,2,29,2,8,14,3,6,12,6,1,2,2,1,15,30
25,26,6,35,5,0,0,1,0,0,0,26,19,0,0,4,9,255,2,29,3,9,15,2,5,13,5,1,2,1,2,15,0
18,26,8,33,6,0,0,0,0,0,0,22,23,0,0,4,9,255,3,28,3,9,14,1,4,13,4,1,1,1,2,14,45
24,24,9,37,7,0,1,0,0,0,0,6,9,0,0,4,9,255,3,25,6,8,16,3,7,17,6,3,1,0,3,15,15
66,23,8,30,6,0,1,1,0,0,0,1,14,0,0,4,9,255,3,24,5,7,15,2,6,16,6,3,1,0,1,13,30
40,20,7,27,7,0,1,1,1,0,0,6,9,0,0,4,9,255,3,21,3,5,12,2,6,16,8,4,1,0,1,13,0
47,17,6,23,7,0,1,2,2,0,0,12,3,0,0,4,9,255,3,18,1,7,11,4,9,18,10,4,1,0,2,12,30
-123,16,6,39,7,0,0,2,2,0,0,0,15,0,0,4,9,255,2,18,3,7,12,5,12,18,10,5,1,0,1,15,30
35,15,5,29,6,0,0,2,2,0,0,13,2,0,0,4,9,255,1,18,3,7,12,5,11,17,10,5,1,0,1,13,15
23,15,5,23,5,0,0,2,2,0,0,12,3,0,0,4,9,255,1,18,3,7,12,4,10,16,9,4,1,0,2,12,30
23,14,6,25,5,0,0,2,2,0,0,11,4,0,0,4,9,255,1,16,6,8,15,5,10,16,9,4,1,0,2,12,45
28,12,4,21,6,0,0,3,1,0,0,1,14,0,0,4,9,255,1,15,4,7,13,8,13,15,10,5,1,1,2,12,15
22,12,4,25,6,0,0,2,1,0,0,14,1,0,0,4,9,255,1,15,4,7,13,7,12,14,9,5,1,1,2,12,45
15,12,5,27,5,0,0,2,1,0,0,11,4,0,0,4,9,255,1,15,5,7,13,6,11,14,8,5,1,1,1,13,0
56,12,5,19,6,0,0,2,0,0,0,7,8,0,0,4,9,255,2,14,5,7,12,6,10,13,7,5,1,1,2,12,0
13,10,4,21,7,0,0,2,1,0,0,3,12,0,0,4,9,255,2,11,3,5,11,9,10,13,9,4,1,1,2,12,15
-7,10,4,32,6,0,0,2,1,0,0,3,12,0,0,4,9,255,2,11,3,5,11,8,9,12,8,4,1,1,2,14,30
10,10,4,19,5,0,0,2,1,0,0,3,12,0,0,4,9,255,2,11,3,5,11,7,8,11,7,3,1,1,2,12,0
44,10,4,16,4,0,0,2,1,0,0,2,13,0,0,4,9,255,2,11,3,5,11,6,7,10,6,2,1,1,1,11,30
23,9,4,14,4,0,0,2,1,0,0,9,6,0,0,4,9,255,2,10,2,6,10,5,6,11,6,2,1,1,2,11,15
93,8,4,11,4,0,0,2,1,0,0,9,6,0,0,4,9,255,2,9,2,7,9,4,6,11,6,3,0,1,2,11,0
32,8,5,16,4,0,0,1,1,0,0,5,10,0,0,4,9,255,2,9,3,7,9,4,5,10,5,2,0,0,1,11,30
-9,8,5,18,3,0,0,1,1,0,0,4,11,0,0,4,9,255,2,9,3,7,9,3,4,9,4,1,0,0,2,11,45
29,8,5,14,2,0,0,1,1,0,0,4,11,0,0,4,9,255,2,8,3,7,9,2,3,9,3,1,0,0,2,11,15
54,6,5,8,4,0,0,1,1,0,0,5,10,0,0,4,9,255,2,6,4,6,6,2,4,12,5,1,0,0,1,10,30
23,4,4,11,8,0,0,1,0,0,0,12,18,0,0,4,9,255,2,2,1,2,2,3,6,11,7,4,0,0,2,11,0
-8,2,2,8,7,0,0,1,0,0,0,12,3,0,0,4,9,255,0,2,2,2,2,3,7,10,8,4,0,0,1,10,30
-7,1,1,11,8,0,0,0,0,0,0,13,2,0,0,4,9,255,0,1,1,1,1,4,8,10,9,4,0,0,2,11,0
72,1,1,4,8,0,0,0,0,0,0,14,1,0,0,4,9,255,1,0,0,0,0,4,8,9,8,4,0,0,2,9,45
-15,1,1,10,7,0,0,0,0,0,0,10,5,0,0,4,9,255,1,0,0,0,0,4,7,8,7,4,0,0,3,10,45
58,1,1,4,6,0,0,0,0,0,0,6,9,0,0,4,9,255,1,0,0,0,0,3,6,7,6,3,0,0,2,9,45
30,0,0,1,5,0,0,0,0,0,0,4,11,0,0,4,9,255,0,0,0,0,0,5,5,6,6,4,0,0,2,9,15
27,0,0,6,4,0,0,0,0,0,0,0,2,0,0,4,9,255,0,0,0,0,0,4,4,5,5,3,0,0,2,10,0
47,0,0,2,3,0,0,0,0,0,0,0,13,0,0,4,9,255,0,0,0,0,0,3,4,4,4,2,0,0,2,9,30
30,0,0,2,2,0,0,0,0,0,0,0,14,0,0,4,9,255,0,0,0,0,0,2,3,3,3,2,0,0,2,9,30
7,0,0,6,1,0,0,0,0,0,0,0,20,0,0,4,9,255,0,0,0,0,0,1,2,2,2,2,0,0,2,10,0
15,0,0,0,0,0,0,0,0,0,0,0,69,0,1,4,9,255,0,0,0,0,0,1,1,1,1,1,0,0,1,9,0
6,35,4,51,2,0,0,0,0,0,0,7,8,0,0,3,9,254,0,51,5,8,13,4,5,8,3,0,4,1,1,16,30
-16,35,6,53,1,0,2,0,0,0,0,8,7,1,0,3,9,254,0,49,5,8,12,3,5,9,4,2,4,1,1,16,45
-6,35,6,50,3,0,1,0,0,0,0,13,2,0,0,3,9,254,2,47,3,7,11,2,4,8,3,2,3,1,2,16,15
-17,35,6,51,4,0,0,0,0,0,0,9,6,0,0,3,9,254,3,46,3,6,10,2,3,7,2,1,3,0,1,16,30
47,31,4,48,4,0,0,0,1,0,0,10,5,0,0,3,9,254,1,44,4,6,11,2,4,6,5,3,3,0,1,16,0
7,31,4,46,4,0,0,0,2,0,0,1,14,0,0,3,9,254,3,42,2,5,11,2,4,8,4,3,3,0,2,15,45
40,29,3,39,4,0,1,0,2,0,0,9,6,0,0,3,9,254,2,40,2,4,12,2,4,10,6,4,3,0,3,15,0
-3,28,2,39,4,0,0,0,2,0,0,12,3,0,0,3,9,254,1,40,3,5,15,2,3,11,6,4,3,0,3,15,0
13,27,3,42,6,0,0,0,2,0,0,47,13,0,0,3,9,254,2,37,2,5,16,2,4,15,7,4,3,1,1,15,15
26,27,3,39,6,0,0,0,1,0,0,42,18,0,0,3,9,254,1,37,2,7,16,1,5,14,7,4,3,1,3,15,0
64,25,9,34,8,0,1,0,2,0,0,7,8,0,0,3,9,254,2,32,5,11,17,6,12,19,10,4,2,2,1,13,30
18,24,8,36,7,0,1,0,2,0,0,6,9,0,0,3,9,254,1,32,5,11,17,5,11,18,10,3,2,1,2,14,30
26,24,8,37,7,0,1,0,1,0,1,1,14,0,0,3,9,254,2,31,6,10,16,5,11,17,9,2,2,1,3,14,45
29,24,9,37,6,0,1,0,1,0,1,0,15,0,0,3,9,254,2,31,6,10,16,4,10,16,8,1,2,1,3,14,45
-151,23,8,48,6,0,1,0,1,0,1,6,9,0,0,3,9,254,1,30,6,11,16,5,10,16,9,1,2,1,1,16,0
37,22,8,30,8,0,0,0,1,0,1,1,14,0,0,3,9,254,2,28,4,9,15,6,10,16,9,2,2,1,1,12,45
-122,19,6,42,10,0,0,0,1,0,0,3,12,0,0,3,9,254,1,26,5,8,17,7,11,17,11,4,1,1,1,15,15
24,19,7,34,10,0,0,0,1,0,0,13,2,0,0,3,9,254,2,25,4,8,16,6,11,17,10,4,1,0,1,13,30
-115,18,6,46,9,0,0,0,1,0,0,12,3,0,0,3,9,254,1,25,4,8,16,5,10,17,10,5,1,0,2,15,45
20,17,6,33,8,0,0,0,2,0,0,2,13,0,0,3,9,254,1,24,5,7,17,6,10,18,10,6,1,0,2,13,15
37,17,6,28,7,0,0,0,2,0,0,1,14,0,0,3,9,254,1,24,5,7,18,5,9,18,9,6,1,0,2,12,30
27,16,6,28,7,0,0,0,3,0,0,9,6,0,0,3,9,254,2,22,3,6,16,5,8,18,9,6,1,0,2,12,30
63,16,6,19,7,0,0,1,2,0,0,6,9,0,0,3,9,254,3,21,2,6,15,4,7,17,8,5,1,0,3,11,30
36,15,6,26,6,0,0,1,2,0,0,8,7,0,0,3,9,254,2,21,4,7,15,6,7,18,8,4,1,0,2,12,15
42,15,6,24,5,0,0,2,3,0,0,4,11,0,0,3,9,254,4,19,2,6,14,5,7,17,7,4,1,0,2,12,0
4,14,6,32,5,0,0,2,2,0,0,12,3,0,0,3,9,254,3,19,3,8,15,4,6,17,7,4,1,0,1,13,0
-56,13,6,42,5,0,0,2,2,0,0,3,12,0,0,3,9,254,3,18,3,9,14,3,7,17,7,3,1,0,1,15,15
34,12,5,26,4,0,0,2,2,0,0,0,15,0,0,3,9,254,2,18,3,9,15,2,6,16,7,4,1,0,2,12,15
-74,12,5,45,3,0,0,2,2,0,1,8,7,0,0,3,9,254,3,17,3,9,14,2,9,17,6,3,1,1,2,15,30
64,9,5,15,5,0,0,3,1,0,1,9,6,0,0,3,9,254,2,14,6,8,14,6,12,19,9,4,1,1,2,11,0
27,9,5,19,5,0,1,2,1,0,1,5,10,0,0,3,9,254,3,13,6,7,13,7,11,20,8,3,1,1,3,11,30
14,8,4,17,7,0,1,2,1,0,0,7,8,0,0,3,9,254,2,11,5,7,11,8,11,19,10,6,1,1,2,11,15
47,7,3,15,7,0,1,2,0,0,0,6,9,0,0,3,9,254,1,11,5,7,11,7,11,19,10,6,1,1,2,11,0
75,7,4,17,8,0,1,2,0,0,0,14,1,0,0,3,9,254,3,9,3,6,9,7,11,20,9,5,1,1,2,11,15
31,7,4,21,7,0,1,2,0,0,0,12,3,0,0,3,9,254,3,9,3,6,9,7,11,20,8,5,1,1,2,11,45
15,7,4,13,8,0,1,1,0,0,0,9,6,0,0,3,9,254,3,8,2,5,8,6,10,19,8,6,1,1,2,10,45
-46,7,4,21,8,0,0,1,0,0,0,8,7,0,0,3,9,254,3,8,2,5,8,5,9,18,7,5,0,1,2,11,45
36,5,4,9,8,0,0,1,0,0,0,1,14,0,0,3,9,254,2,7,3,6,7,4,9,17,8,5,0,0,2,10,15
-40,4,3,21,9,0,0,0,0,0,0,10,5,0,0,3,9,254,2,6,2,5,6,4,8,16,8,5,0,0,2,11,45
7,4,3,11,8,0,0,0,0,0,0,1,14,0,0,3,9,254,2,6,2,5,6,4,8,15,7,4,0,0,2,10,30
-91,4,3,30,7,0,0,0,0,0,0,13,2,0,0,3,9,254,2,6,3,5,6,5,7,14,6,3,0,0,1,12,45
59,4,4,9,8,0,0,0,0,0,0,15,15,0,0,3,9,254,3,4,3,4,4,5,9,13,6,4,0,0,2,10,15
-79,4,4,24,7,0,0,0,0,0,0,7,8,0,0,3,9,254,3,4,3,4,4,4,8,12,5,4,0,0,2,12,0
32,3,3,6,7,0,0,0,0,0,0,0,15,0,0,3,9,254,2,3,2,3,3,4,10,11,6,4,0,0,2,10,0
108,3,3,4,6,0,0,0,0,0,0,14,1,0,0,3,9,254,2,3,2,3,3,3,9,10,5,4,0,0,3,9,45
-15,3,3,6,6,0,0,0,0,0,0,5,10,0,0,3,9,254,3,2,2,2,2,5,9,9,4,3,0,0,2,10,0
4,1,1,2,6,0,0,0,0,0,0,1,14,0,0,3,9,254,0,1,1,1,1,7,8,8,7,2,0,0,2,9,30
29,1,1,6,5,0,0,0,0,0,0,11,4,0,0,3,9,254,0,1,1,1,1,7,7,7,6,2,0,0,2,10,0
16,1,1,1,5,0,0,0,0,0,0,8,7,0,0,3,9,254,1,0,0,0,0,6,6,6,5,1,0,0,2,9,15
-85,1,1,13,4,0,0,0,0,0,0,6,9,0,0,3,9,254,1,0,0,0,0,5,5,5,4,1,0,0,2,10,45
-26,0,0,11,3,0,0,0,0,0,0,0,8,0,0,3,9,254,0,0,0,0,0,4,4,4,4,2,0,0,2,10,30
5,0,0,0,2,0,0,0,0,0,0,0,9,0,1,3,9,254,0,0,0,0,0,3,3,3,3,1,0,0,1,9,0
-9,0,0,2,1,0,0,0,0,0,0,0,10,0,0,3,9,254,0,0,0,0,0,2,2,2,2,0,0,0,2,9,30
1,0,0,4,0,0,0,0,0,0,0,0,17,0,0,3,9,254,0,0,0,0,0,1,1,1,1,0,0,0,3,9,45
-38,26,3,50,0,0,0,1,0,0,0,12,3,1,0,2,9,253,1,49,5,6,12,1,3,8,1,1,5,1,1,17,30
-22,25,3,47,3,0,0,1,0,0,1,8,22,0,0,2,9,253,2,44,3,6,9,2,5,11,4,2,4,1,1,16,45
-23,24,4,49,3,0,0,0,1,0,1,12,3,0,0,2,9,253,1,43,2,6,8,3,4,10,5,1,4,0,1,17,0
14,23,3,45,2,0,1,1,1,0,1,6,9,0,0,2,9,253,2,41,3,4,9,3,6,12,5,1,4,0,1,16,0
-20,23,3,47,2,0,1,1,1,0,0,14,1,0,0,2,9,253,1,41,3,4,9,2,6,11,5,2,4,0,1,16,45
-10,23,3,43,4,0,0,1,1,0,0,6,9,0,0,2,9,253,2,39,2,3,7,2,6,10,5,2,4,0,1,15,45
-33,20,0,46,5,0,0,1,1,0,0,10,5,0,0,2,9,253,1,37,0,2,9,5,7,9,7,3,4,1,2,16,30
7,20,0,39,4,0,0,1,1,0,0,5,10,0,0,2,9,253,1,37,2,4,9,4,7,8,6,3,4,1,1,15,0
65,20,0,37,4,0,0,1,0,0,0,12,3,0,0,2,9,253,0,37,2,5,10,3,7,8,6,3,4,1,2,14,45
45,20,0,41,3,0,0,1,0,0,0,2,13,0,0,2,9,253,0,37,2,5,11,3,6,7,5,2,4,1,1,15,15
-59,20,1,43,2,0,0,1,0,0,0,11,4,0,0,2,9,253,0,37,2,5,12,2,5,6,4,2,4,1,1,15,45
-1,20,1,42,4,0,0,0,0,0,0,42,3,0,0,2,9,253,1,35,3,5,13,4,4,8,4,3,3,1,2,15,30
18,20,3,39,3,0,0,0,0,0,0,25,20,0,0,2,9,253,1,35,3,7,16,3,3,9,3,3,3,0,1,15,0
-18,20,3,36,3,0,0,0,0,0,0,23,22,0,0,2,9,253,2,34,2,6,15,2,2,8,2,2,3,0,2,14,30
14,20,3,37,2,0,0,1,0,0,0,13,32,0,0,2,9,253,3,33,3,6,15,1,2,9,1,1,3,0,2,14,45
-41,17,5,35,3,0,1,3,0,0,0,2,13,0,0,2,9,253,2,28,4,10,18,2,7,16,6,3,3,1,1,14,15
21,15,5,27,5,0,2,3,0,0,0,3,12,0,0,2,9,253,3,24,5,9,20,5,11,20,8,2,3,3,3,12,45
33,14,4,26,4,0,2,3,0,0,0,1,14,0,0,2,9,253,2,24,6,9,20,5,10,19,8,1,3,3,2,12,30
-11,14,5,33,3,0,2,3,0,0,0,0,15,0,0,2,9,253,1,24,6,10,20,4,9,18,8,1,3,3,1,13,30
-35,13,4,29,3,0,4,4,0,0,0,3,12,0,0,2,9,253,3,20,3,6,16,7,11,22,9,2,3,3,1,13,0
3,13,4,24,3,0,3,4,0,0,0,1,14,0,0,2,9,253,3,20,3,7,16,6,10,21,8,2,2,3,1,12,15
12,12,4,32,4,0,3,3,0,0,0,3,12,0,0,2,9,253,2,19,4,9,17,6,10,20,9,3,2,2,2,13,15
14,12,5,24,3,0,3,4,0,0,0,0,15,0,0,2,9,253,3,18,4,8,16,5,9,20,8,2,2,2,1,12,15
4,11,4,22,4,0,2,4,0,0,0,11,4,0,0,2,9,253,3,17,3,9,15,4,9,20,8,2,2,2,2,12,0
-54,11,4,29,4,0,1,4,0,0,0,10,5,0,0,2,9,253,3,17,3,10,15,3,8,20,7,2,1,2,1,13,0
-8,11,4,29,4,0,1,3,0,0,0,8,7,0,0,2,9,253,3,17,3,10,16,2,7,19,6,1,1,1,1,13,0
71,10,4,18,4,0,2,2,0,0,0,9,6,0,0,2,9,253,3,16,5,10,15,4,8,18,6,2,0,1,1,11,30
13,9,5,18,4,0,2,2,1,0,0,6,9,0,0,2,9,253,3,14,7,10,14,5,12,19,7,3,0,0,1,11,30
-74,9,5,33,3,0,2,2,1,0,0,6,9,0,0,2,9,253,3,14,7,10,14,4,11,18,6,3,0,0,1,13,30
-47,9,6,27,3,0,2,1,1,0,0,5,10,0,0,2,9,253,3,14,7,10,14,4,10,17,5,3,0,0,3,12,45
15,8,6,14,7,0,1,1,1,0,0,4,11,0,0,2,9,253,3,10,5,8,10,6,11,16,8,5,0,0,2,11,0
10,7,5,16,7,0,1,1,1,0,0,12,3,0,0,2,9,253,3,9,5,7,9,7,12,15,8,5,0,0,3,11,15
5,7,6,21,7,0,1,1,1,0,1,5,10,0,0,2,9,253,4,7,3,6,7,7,12,15,8,4,0,0,2,11,45
26,6,5,10,7,0,1,1,1,0,1,9,6,0,0,2,9,253,3,6,4,5,6,8,11,15,9,4,0,0,2,10,30
-26,5,4,18,8,0,1,1,0,0,1,7,8,0,0,2,9,253,3,5,3,4,5,7,10,14,9,4,0,0,1,11,30
-9,5,5,14,7,0,1,1,0,0,1,6,9,0,0,2,9,253,3,5,3,4,5,6,9,14,8,3,0,0,2,11,0
32,4,4,8,6,0,1,1,0,0,2,14,1,0,0,2,9,253,3,4,2,4,4,7,10,14,8,4,0,0,2,10,15
-16,4,4,16,5,0,1,1,0,0,2,12,3,0,0,2,9,253,3,4,2,4,4,6,9,13,7,4,0,0,3,11,15
-40,4,4,22,5,0,1,0,0,0,2,9,6,0,0,2,9,253,3,4,2,4,4,6,8,12,6,3,0,0,2,12,0
-11,3,3,12,5,0,1,0,0,0,1,4,11,0,0,2,9,253,2,4,3,4,4,5,7,11,6,3,0,0,2,10,45
23,3,3,6,4,0,1,0,0,0,1,3,12,0,0,2,9,253,2,4,3,4,4,4,6,10,5,2,0,0,2,10,0
45,2,2,4,5,0,1,0,0,0,1,2,13,0,0,2,9,253,3,2,2,2,2,3,5,10,5,2,0,0,2,9,45
15,2,2,4,5,0,1,0,0,0,0,0,15,0,0,2,9,253,3,2,2,2,2,4,4,9,4,2,0,0,2,9,45
-4,1,1,12,4,0,1,0,0,0,0,11,4,0,0,2,9,253,2,2,2,2,2,3,4,8,4,3,0,0,2,10,45
1,0,0,8,3,0,1,1,1,0,0,2,13,0,0,2,9,253,2,0,0,0,0,2,5,7,5,4,0,0,2,10,15
6,0,0,6,2,0,1,1,1,0,0,1,14,0,0,2,9,253,2,0,0,0,0,1,5,6,4,3,0,0,2,10,0
21,0,0,0,2,0,0,1,1,0,0,0,19,0,1,2,9,253,0,0,0,0,0,4,5,5,5,3,0,0,1,9,0
11,0,0,2,1,0,0,1,1,0,0,0,27,0,0,2,9,253,0,0,0,0,0,3,4,4,4,3,0,0,2,9,30
-19,0,0,1,1,0,0,1,0,0,0,0,39,0,0,2,9,253,0,0,0,0,0,2,3,3,3,2,0,0,2,9,15
-50,0,0,10,0,0,0,1,0,0,0,0,43,0,0,2,9,253,0,0,0,0,0,2,2,2,2,1,0,0,2,10,30
-19,0,0,2,0,0,0,0,0,0,0,0,69,0,0,2,9,253,0,0,0,0,0,1,1,1,1,0,0,0,2,9,30
15,31,4,41,2,0,0,3,0,0,0,2,13,0,0,6,9,250,0,38,4,6,9,4,8,12,6,4,1,0,1,16,45
2,31,5,39,2,0,0,3,0,0,0,0,15,0,0,6,9,250,1,37,3,6,9,3,7,11,5,3,1,0,2,16,30
7,29,4,39,2,0,0,4,0,0,0,6,9,0,0,6,9,250,0,35,3,4,7,5,7,11,7,3,1,0,2,16,30
6,29,4,41,2,0,0,3,0,0,0,5,10,0,0,6,9,250,0,35,3,4,7,4,6,10,6,2,1,0,1,16,45
24,29,4,43,2,0,0,2,1,0,0,0,15,1,0,6,9,250,1,34,3,3,6,4,6,9,5,1,1,0,1,17,0
18,29,4,37,1,0,0,2,1,0,0,14,1,0,0,6,9,250,1,34,3,3,6,3,5,8,4,0,1,0,1,16,0
39,27,3,35,2,0,0,2,1,0,0,23,7,0,0,6,9,250,1,32,1,3,6,2,5,7,5,1,1,0,1,15,30
-16,27,4,38,2,0,0,1,1,0,0,19,11,0,0,6,9,250,1,32,1,3,6,2,4,6,4,1,1,0,2,16,15
42,25,3,34,2,0,0,2,0,0,0,7,8,0,0,6,9,250,0,31,2,3,6,3,5,7,5,1,1,0,1,15,0
62,25,3,30,1,0,0,2,0,0,0,4,11,0,0,6,9,250,0,31,2,3,7,2,4,6,4,0,1,0,1,14,15
7,25,3,36,1,0,0,1,0,0,0,10,5,0,0,6,9,250,0,31,3,3,9,2,3,5,3,0,1,0,1,15,45
4,23,1,31,2,0,0,1,0,0,0,4,11,0,0,6,9,250,0,29,1,3,9,2,2,5,4,0,1,0,2,14,30
42,22,2,32,1,0,0,1,1,0,0,27,18,0,0,6,9,250,0,28,0,3,11,1,3,6,4,1,1,0,1,14,45
17,22,5,32,3,0,0,0,1,0,0,28,2,0,0,6,9,250,2,26,2,7,17,2,3,6,3,1,1,0,1,14,45
43,20,5,28,3,0,0,0,0,0,0,17,13,0,0,6,9,250,0,26,5,8,18,1,4,8,4,3,1,0,1,13,15
-36,19,8,29,3,0,0,2,2,0,0,1,14,0,0,6,9,250,2,21,3,8,17,3,3,13,6,3,1,0,1,13,30
127,16,8,22,4,0,0,2,2,0,0,9,6,0,0,6,9,250,1,19,4,10,17,2,3,14,8,5,1,0,2,12,15
-5,15,7,26,4,0,0,1,2,0,0,3,12,0,0,6,9,250,0,19,6,11,17,1,5,13,8,5,1,0,1,12,45
32,9,7,24,5,0,2,3,4,0,0,1,14,0,0,6,9,250,2,10,5,8,11,6,12,23,13,7,1,1,2,12,30
18,8,6,22,6,0,2,4,3,0,0,6,9,0,0,6,9,250,2,9,5,7,9,7,11,24,14,8,1,1,2,12,15
46,8,6,18,6,0,2,4,2,0,0,5,10,0,0,6,9,250,2,9,5,7,9,6,10,23,13,8,1,1,1,11,30
36,8,6,24,6,0,2,4,2,0,0,5,10,0,0,6,9,250,3,8,4,6,8,6,9,22,12,7,1,1,2,12,30
31,7,5,14,6,0,2,4,2,0,0,9,6,0,0,6,9,250,2,7,4,5,7,7,11,21,13,7,1,1,2,11,0
-5,5,3,16,6,0,1,4,2,0,0,4,11,0,0,6,9,250,0,7,4,6,7,6,12,20,14,7,1,1,2,11,15
23,4,3,18,7,0,1,4,2,0,0,13,2,0,0,6,9,250,1,5,3,5,5,6,13,19,14,7,1,1,1,11,30
35,4,3,8,7,0,1,3,2,0,0,11,4,0,0,6,9,250,1,5,3,5,5,5,12,18,13,6,1,1,2,10,15
35,4,3,20,8,0,1,2,2,0,0,5,10,0,0,6,9,250,2,4,2,4,4,4,13,18,12,5,1,1,1,11,45
115,4,3,3,8,0,0,2,2,0,0,3,12,0,0,6,9,250,2,4,2,4,4,3,12,17,11,4,0,1,2,9,45
33,3,2,10,7,0,0,2,2,0,0,13,2,0,0,6,9,250,1,4,2,4,4,3,11,16,11,4,0,0,2,10,30
15,3,3,14,7,0,0,3,1,0,0,2,13,0,0,6,9,250,1,3,2,3,3,7,12,15,11,3,0,0,2,11,0
36,2,2,8,6,0,0,4,1,0,0,14,1,0,0,6,9,250,1,2,2,2,2,9,13,14,11,2,0,0,2,10,15
3,2,2,21,5,0,0,4,1,0,0,13,2,0,0,6,9,250,1,2,2,2,2,8,12,13,10,2,0,0,2,12,0
99,2,2,10,4,0,0,4,1,0,0,10,5,0,0,6,9,250,1,2,2,2,2,9,11,12,9,2,0,0,2,10,30
55,2,2,12,3,0,0,4,1,0,0,9,6,0,0,6,9,250,1,2,2,2,2,8,10,11,8,2,0,0,2,10,45
44,2,2,6,2,0,0,4,1,0,0,7,8,0,0,6,9,250,1,2,2,2,2,7,9,10,7,2,0,0,2,10,0
103,2,2,3,3,0,0,3,1,0,0,3,12,0,0,6,9,250,2,1,1,1,1,6,8,9,6,1,0,0,2,9,45
35,2,2,12,2,0,0,3,1,0,0,1,14,0,0,6,9,250,2,1,1,1,1,5,7,8,5,0,0,0,2,10,45
-16,1,1,16,2,0,0,2,2,0,0,9,6,0,0,6,9,250,2,0,0,0,0,5,6,7,5,1,0,0,2,11,15
31,1,1,6,2,0,0,2,1,0,0,6,9,0,0,6,9,250,1,0,0,0,0,5,5,6,5,1,0,0,2,10,0
-140,1,1,26,1,0,0,2,1,0,0,12,3,0,0,6,9,250,1,0,0,0,0,4,5,5,4,1,0,0,1,12,45
31,0,0,1,0,0,0,2,1,0,0,11,4,0,0,6,9,250,0,0,0,0,0,3,4,4,4,2,0,0,1,9,15
-8,0,0,3,0,0,0,1,1,0,0,14,1,0,0,6,9,250,0,0,0,0,0,2,3,3,3,1,0,0,2,9,45
26,0,0,0,0,0,0,1,0,0,0,9,6,0,1,6,9,250,0,0,0,0,0,1,2,2,2,1,0,0,1,9,0
46,0,0,2,0,0,0,0,0,0,0,0,25,0,0,6,9,250,0,0,0,0,0,1,1,1,1,0,0,0,3,9,30
0,20,1,44,3,0,0,0,0,0,0,0,15,1,0,5,9,249,1,41,1,5,11,2,3,7,3,0,8,1,1,17,30
30,19,2,43,2,0,1,0,0,0,0,2,13,0,0,5,9,249,1,40,3,8,11,2,5,9,3,0,7,2,1,17,15
-20,19,4,41,2,0,0,2,0,0,0,0,15,0,0,5,9,249,2,38,4,8,11,4,4,11,3,0,7,1,1,17,0
45,19,5,39,3,0,1,2,0,0,0,12,18,0,0,5,9,249,4,35,3,5,9,3,5,10,3,1,6,3,2,16,45
-12,19,5,37,4,0,1,1,0,0,0,8,22,0,0,5,9,249,5,34,2,4,9,2,4,9,2,1,6,2,2,16,30
10,19,5,41,3,0,1,1,0,0,0,6,24,0,0,5,9,249,5,34,4,4,9,1,4,8,1,0,6,3,1,17,0
4,15,2,33,4,0,1,1,0,0,2,8,7,0,0,5,9,249,5,30,1,4,8,3,7,11,4,3,5,4,1,15,45
5,14,2,36,4,0,0,1,0,0,2,14,1,0,0,5,9,249,3,30,1,4,9,5,6,10,5,3,4,3,2,16,0
4,14,3,29,4,0,0,1,0,0,1,7,8,0,0,5,9,249,3,30,1,5,9,4,5,10,4,3,3,2,2,15,15
68,14,4,25,3,0,0,2,0,0,1,2,13,0,0,5,9,249,2,29,3,7,11,4,6,11,5,3,3,1,2,14,30
46,14,4,28,2,0,0,2,0,0,1,1,14,0,0,5,9,249,2,29,3,7,11,3,5,11,4,2,3,1,2,15,0
-42,14,4,33,2,0,0,2,0,0,0,0,15,0,0,5,9,249,2,29,3,7,11,2,4,10,3,1,2,1,1,15,45
-29,13,3,31,3,0,0,2,0,0,0,3,12,0,0,5,9,249,2,27,2,5,11,2,5,10,4,1,2,1,3,15,30
-11,11,3,26,4,0,1,1,0,0,0,34,11,0,0,5,9,249,2,25,3,4,11,4,5,10,5,1,2,1,1,14,45
19,11,3,24,3,0,1,1,0,0,0,32,13,0,0,5,9,249,2,25,3,4,11,3,4,9,4,1,2,1,1,14,15
-71,10,2,37,5,0,2,0,0,0,0,8,37,0,0,5,9,249,2,22,1,4,13,2,7,10,6,3,2,1,2,16,30
-163,10,3,39,5,0,1,0,0,0,0,4,41,0,0,5,9,249,2,22,1,6,13,2,6,10,5,3,1,1,2,16,45
121,9,3,14,4,0,1,1,0,0,0,8,7,0,0,5,9,249,1,21,3,6,15,5,6,11,6,5,1,1,2,12,15
33,8,2,21,4,0,1,1,0,0,0,1,14,0,0,5,9,249,1,20,4,7,14,4,6,11,6,4,1,1,1,13,0
39,8,2,23,3,0,2,1,0,0,0,9,6,0,0,5,9,249,2,19,3,6,15,4,5,11,5,3,1,1,1,13,30
37,8,2,22,2,0,3,1,0,0,0,1,14,0,0,5,9,249,2,18,2,7,14,3,5,12,5,4,1,1,1,13,15
-157,8,4,31,2,0,2,1,0,0,0,9,6,0,0,5,9,249,1,18,3,8,14,2,4,13,5,3,1,1,3,15,30
-111,7,3,33,4,0,1,1,0,0,0,1,14,0,0,5,9,249,2,16,3,7,12,2,4,14,5,3,0,1,1,15,45
-91,6,3,26,5,0,1,1,0,0,0,2,13,0,0,5,9,249,1,14,5,8,11,3,6,17,7,3,0,0,1,14,45
22,6,4,19,7,0,2,0,0,0,0,4,11,0,0,5,9,249,2,11,3,7,10,3,8,16,8,4,0,0,1,12,45
-22,4,3,14,9,0,1,0,0,0,0,6,9,0,0,5,9,249,2,9,3,5,9,3,9,15,9,4,0,0,2,12,15
20,3,2,13,8,0,1,1,0,0,0,10,5,0,0,5,9,249,1,8,3,4,8,4,10,14,10,4,0,0,3,12,0
52,3,2,11,8,0,2,1,0,0,0,10,5,0,0,5,9,249,2,6,2,2,6,6,11,14,10,3,0,0,1,11,45
9,3,2,9,7,0,2,1,0,0,0,2,13,0,0,5,9,249,2,6,2,3,6,8,12,14,9,2,0,0,2,11,30
-152,3,2,29,7,0,1,1,0,0,0,0,15,0,0,5,9,249,2,6,2,3,6,7,11,13,8,2,0,0,2,15,15
28,2,2,7,8,0,1,1,0,0,0,23,7,0,0,5,9,249,3,4,0,3,4,7,10,12,8,2,0,0,1,11,0
-21,2,2,19,7,0,1,1,0,0,0,21,9,0,0,5,9,249,2,4,0,3,4,6,9,11,8,2,0,0,1,12,45
13,1,1,9,6,0,1,1,0,0,0,11,19,0,0,5,9,249,1,4,0,4,4,6,8,10,8,3,0,0,2,11,30
-19,1,1,11,5,0,1,1,0,0,0,9,21,0,0,5,9,249,1,4,0,4,4,5,7,9,7,3,0,0,1,11,45
-35,1,1,17,4,0,1,1,0,0,0,3,27,0,0,5,9,249,1,4,1,4,4,5,6,9,6,3,0,0,2,12,30
-75,1,1,17,4,0,1,0,0,0,0,3,27,0,0,5,9,249,1,4,1,4,4,5,5,8,5,2,0,0,2,12,30
-11,1,1,14,3,0,1,0,0,0,0,9,6,0,0,5,9,249,1,4,3,4,4,4,4,8,4,2,0,0,2,12,15
-23,1,1,8,3,0,0,0,0,0,0,4,11,0,0,5,9,249,1,4,3,4,4,3,3,7,3,2,0,0,2,11,15
60,1,1,1,2,0,0,0,0,0,0,6,9,0,0,5,9,249,1,4,4,4,4,2,4,6,2,1,0,0,2,10,0
19,1,1,5,1,0,0,0,0,0,1,3,12,0,0,5,9,249,2,3,3,3,3,1,3,6,1,1,0,0,1,10,30
-16,0,0,3,2,0,0,1,0,0,1,0,34,0,0,5,9,249,0,0,0,0,0,2,4,5,5,2,0,0,2,10,15
-57,0,0,5,2,0,0,0,0,0,1,0,37,0,0,5,9,249,0,0,0,0,0,1,3,4,4,1,0,0,1,10,30
15,0,0,0,2,0,0,0,0,0,0,0,68,0,1,5,9,249,0,0,0,0,0,2,3,3,3,1,0,0,2,9,45
-30,0,0,3,1,0,0,0,0,0,0,0,74,0,0,5,9,249,0,0,0,0,0,2,2,2,2,1,0,0,2,10,15
-10,0,0,1,0,0,0,0,0,0,0,0,102,0,0,5,9,249,0,0,0,0,0,1,1,1,1,0,0,0,2,10,0
5,27,3,49,1,0,2,0,0,0,0,18,12,0,0,4,9,248,1,48,2,6,14,4,4,12,3,2,5,0,1,17,0
-16,27,4,51,1,0,1,0,0,0,0,12,18,1,0,4,9,248,1,48,3,7,16,3,3,11,2,1,5,0,1,17,30
22,27,4,47,0,0,1,0,0,0,0,10,20,0,0,4,9,248,1,48,4,7,16,2,2,10,1,0,5,0,2,16,30
8,26,4,47,1,0,0,0,0,0,0,11,4,0,0,4,9,248,1,47,4,7,17,1,4,11,1,0,5,0,2,16,30
-7,23,2,43,2,0,1,0,0,0,3,8,7,0,0,4,9,248,2,41,3,9,13,6,8,13,5,2,5,1,1,16,0
16,23,3,40,2,0,1,0,0,0,2,3,12,0,0,4,9,248,2,41,4,9,13,6,7,12,4,1,5,1,2,15,30
66,22,2,36,1,0,1,1,0,0,2,12,3,0,0,4,9,248,2,40,4,10,12,5,7,11,4,1,5,1,2,15,0
-20,22,3,41,1,0,1,1,0,0,1,6,9,0,0,4,9,248,0,40,5,11,12,5,7,10,5,2,5,1,3,15,45
17,22,3,38,1,0,1,1,0,0,0,2,13,0,0,4,9,248,0,40,6,11,12,4,6,9,4,1,5,1,1,15,15
4,22,3,46,0,0,1,1,0,0,0,14,1,0,0,4,9,248,0,40,7,11,12,3,6,8,3,1,5,1,2,16,15
-23,22,4,41,2,0,1,1,0,0,0,3,12,0,0,4,9,248,3,37,5,8,11,2,7,9,2,0,5,2,3,15,45
-47,22,5,49,3,0,0,1,0,0,0,11,4,0,0,4,9,248,3,36,6,8,11,2,6,9,2,0,4,2,1,17,0
16,20,4,33,6,0,0,3,0,0,0,13,2,0,0,4,9,248,4,30,2,2,8,5,5,10,6,3,4,1,2,14,30
-30,20,4,38,5,0,0,3,0,0,0,11,4,0,0,4,9,248,3,30,2,2,8,4,4,9,6,4,4,1,1,15,15
-7,19,3,34,5,0,0,3,0,0,0,1,14,0,0,4,9,248,3,29,1,1,9,3,3,11,6,5,4,1,2,14,45
-18,19,3,34,4,0,0,3,0,0,0,40,5,0,0,4,9,248,3,29,1,2,10,2,2,11,5,4,3,1,2,14,45
7,18,2,32,3,0,0,3,0,0,0,33,12,0,0,4,9,248,2,29,1,3,11,1,3,11,5,4,3,0,1,14,15
66,16,5,28,3,0,0,3,1,0,0,8,7,0,0,4,9,248,2,27,4,8,14,4,10,18,6,5,3,1,1,13,0
80,16,5,30,4,0,0,2,1,0,0,7,8,0,0,4,9,248,3,26,3,7,13,3,9,17,5,4,3,1,1,13,15
-6,16,6,36,4,0,0,2,1,0,0,14,1,0,0,4,9,248,4,25,3,7,13,3,8,16,4,3,3,1,2,15,0
-62,14,4,43,4,0,0,1,1,0,0,13,2,0,0,4,9,248,2,25,5,9,16,6,10,16,5,3,2,1,1,16,0
32,12,3,31,6,0,1,0,1,0,0,14,1,0,0,4,9,248,2,22,4,8,15,6,11,16,7,6,2,1,1,13,30
21,12,4,24,6,0,1,0,0,0,0,8,7,0,0,4,9,248,2,22,4,8,15,6,11,18,6,5,2,1,2,12,30
-17,12,4,28,5,0,2,0,0,0,0,2,13,0,0,4,9,248,2,21,5,7,14,7,10,17,6,4,2,1,1,13,0
5,12,4,24,4,0,2,0,0,0,0,2,13,0,0,4,9,248,2,21,5,7,14,6,9,16,5,3,2,1,2,12,30
79,12,4,22,4,0,2,0,0,0,0,14,1,0,0,4,9,248,2,20,4,6,13,5,9,16,5,3,2,1,2,12,15
40,11,4,22,4,0,2,0,0,0,0,10,5,0,0,4,9,248,2,19,4,6,14,5,9,15,5,2,2,1,2,12,15
27,10,4,18,4,0,1,0,0,0,1,12,3,0,0,4,9,248,2,18,4,6,13,5,8,15,5,3,2,1,2,11,45
20,10,5,18,4,0,1,0,0,0,1,5,10,0,0,4,9,248,2,17,3,5,12,5,8,14,5,3,2,1,2,11,45
-5,10,5,20,3,0,1,0,0,0,1,4,11,0,0,4,9,248,1,17,3,6,12,4,7,13,5,2,2,1,2,12,0
-220,10,5,43,3,0,1,0,0,0,1,12,3,0,0,4,9,248,2,16,3,7,13,5,6,13,4,2,1,1,1,16,0
-29,9,4,26,5,0,0,0,0,0,1,3,12,0,0,4,9,248,3,14,2,5,11,4,6,12,4,2,1,0,2,12,45
-55,9,5,26,5,0,0,0,0,0,0,12,3,0,0,4,9,248,2,14,2,7,12,3,5,12,4,2,1,0,2,12,45
-27,8,5,20,4,0,0,0,0,0,0,1,14,0,0,4,9,248,1,14,3,7,13,3,7,11,4,2,1,1,2,12,0
62,8,6,16,4,0,0,0,0,0,0,12,3,0,0,4,9,248,2,13,4,7,12,2,7,10,3,1,1,1,2,11,30
12,6,4,16,4,0,0,0,0,0,0,10,5,0,0,4,9,248,1,12,5,7,12,5,7,11,4,1,1,1,2,11,30
42,5,3,9,5,0,0,0,0,0,1,7,8,0,0,4,9,248,3,9,4,6,9,5,7,13,4,2,1,1,1,10,30
10,4,3,15,6,0,0,0,0,0,1,11,4,0,0,4,9,248,3,7,2,5,7,5,7,13,5,2,1,1,2,11,15
-23,4,4,12,6,0,0,0,0,0,0,11,4,0,0,4,9,248,3,7,2,5,7,4,6,12,4,2,0,1,1,11,0
2,4,4,12,5,0,0,0,0,0,0,10,5,0,0,4,9,248,3,7,2,5,7,3,5,11,3,2,0,0,1,11,0
5,2,2,11,4,0,0,0,0,0,0,14,1,0,0,4,9,248,1,7,4,6,7,3,4,10,4,2,0,0,3,10,45
-1,2,2,5,5,0,0,0,0,0,0,13,2,0,0,4,9,248,2,5,3,5,5,3,5,10,4,2,0,0,2,10,0
-67,2,2,12,5,0,0,0,0,0,0,1,14,0,0,4,9,248,1,4,3,4,4,2,5,10,5,1,0,0,1,11,0
3,2,2,7,5,0,0,0,0,0,0,2,13,0,0,4,9,248,2,3,3,3,3,2,6,9,4,1,0,0,2,10,15
0,0,0,9,6,0,0,0,0,0,0,0,3,0,0,4,9,248,0,1,1,1,1,3,6,8,7,3,0,0,1,10,30
11,0,0,0,6,0,0,0,0,0,0,0,15,0,1,4,9,248,0,0,0,0,0,5,6,7,7,3,0,0,2,9,15
-45,0,0,3,5,0,0,0,0,0,0,0,28,0,0,4,9,248,0,0,0,0,0,4,6,6,6,3,0,0,2,9,45
1,0,0,7,4,0,0,0,0,0,0,0,35,0,0,4,9,248,0,0,0,0,0,3,5,5,5,3,0,0,2,10,15
-2,0,0,5,3,0,0,0,0,0,0,0,37,0,0,4,9,248,0,0,0,0,0,3,4,4,4,2,0,0,2,10,0
2,0,0,1,2,0,0,0,0,0,0,0,43,0,0,4,9,248,0,0,0,0,0,2,3,3,3,2,0,0,2,9,30
-13,0,0,3,1,0,0,0,0,0,0,0,67,0,0,4,9,248,0,0,0,0,0,2,2,2,2,1,0,0,2,9,45
-17,0,0,1,0,0,0,0,0,0,0,0,86,0,0,4,9,248,0,0,0,0,0,1,1,1,1,0,0,0,2,9,30
27,32,4,51,3,0,1,2,0,0,1,13,2,0,0,3,9,247,1,47,3,6,9,1,6,12,7,3,6,1,1,17,0
23,30,5,54,5,0,1,3,0,0,1,12,3,1,0,3,9,247,2,43,2,4,8,5,7,15,9,5,6,1,1,17,30
-2,30,5,51,5,0,1,3,0,0,0,10,5,0,0,3,9,247,2,43,2,4,8,4,6,14,8,5,6,1,1,17,0
50,30,5,47,5,0,0,3,0,0,0,4,11,0,0,3,9,247,2,43,3,5,10,4,5,14,7,4,6,1,2,16,30
87,28,3,42,6,0,1,2,0,0,0,8,7,0,0,3,9,247,2,41,1,3,8,4,7,13,8,5,6,3,2,15,45
34,28,3,47,5,0,1,2,0,0,0,7,8,0,0,3,9,247,2,41,1,3,8,3,6,12,7,5,6,3,2,16,30
-16,26,2,49,4,0,1,3,0,0,0,7,8,0,0,3,9,247,1,40,1,2,8,2,7,12,8,6,6,3,2,16,45
26,26,2,53,3,0,1,3,0,0,0,9,6,0,0,3,9,247,1,40,2,5,10,4,7,12,7,5,5,3,1,17,15
20,25,3,46,4,0,1,3,0,0,0,13,2,0,0,3,9,247,1,38,2,5,9,6,9,11,8,5,4,3,2,16,15
46,25,3,40,4,0,1,2,0,0,0,12,3,0,0,3,9,247,1,38,2,5,9,5,8,10,7,4,4,2,2,15,30
5,25,3,49,4,0,1,1,0,0,0,10,5,0,0,3,9,247,1,38,3,5,9,4,7,9,6,3,3,2,2,16,45
7,24,2,36,3,0,1,1,0,0,0,0,15,0,0,3,9,247,0,38,3,6,11,4,6,9,6,2,3,1,2,15,0
40,24,2,38,3,0,0,1,0,0,0,10,5,0,0,3,9,247,0,38,3,6,11,4,6,8,5,2,3,1,2,15,15
44,24,2,40,3,0,0,1,0,0,0,3,12,0,0,3,9,247,1,37,4,5,11,4,5,9,4,2,3,1,2,15,30
-42,24,5,44,5,0,0,0,0,0,0,2,13,0,0,3,9,247,2,35,3,5,11,3,5,10,4,1,2,1,1,16,0
8,24,5,42,4,0,0,0,0,0,0,14,1,0,0,3,9,247,2,35,3,5,12,2,4,9,3,1,2,0,2,15,45
-3,22,3,34,5,0,0,0,0,0,0,6,9,0,0,3,9,247,2,33,1,3,11,2,3,8,4,1,2,0,2,14,45
58,22,3,33,5,0,0,0,0,0,0,27,18,0,0,3,9,247,1,32,2,5,14,2,3,9,5,1,2,0,2,14,30
-17,21,3,32,5,0,0,0,0,0,0,16,29,0,0,3,9,247,1,30,1,6,13,1,5,9,5,2,2,0,1,14,15
55,19,4,31,6,0,0,0,0,0,0,9,6,0,0,3,9,247,1,29,5,10,17,4,6,15,6,3,2,0,1,13,30
38,19,5,28,7,0,0,1,0,0,0,4,11,0,0,3,9,247,3,26,5,8,16,4,6,15,6,3,2,0,1,13,0
47,19,5,28,6,0,0,1,0,0,0,4,11,0,0,3,9,247,3,26,5,8,16,3,6,14,5,3,2,0,1,13,0
99,18,4,26,5,0,0,1,0,0,1,2,13,0,0,3,9,247,3,25,4,7,15,3,5,14,5,2,2,0,2,12,45
-37,17,3,34,5,0,0,1,0,0,1,8,7,0,0,3,9,247,3,24,5,8,15,2,6,17,5,3,2,0,2,14,45
26,16,5,22,7,0,0,2,0,0,0,3,12,0,0,3,9,247,2,21,3,7,14,3,6,17,8,6,2,0,2,12,15
50,15,5,26,7,0,0,2,0,0,1,3,12,0,0,3,9,247,3,19,3,7,15,4,10,17,8,5,2,1,2,12,45
18,14,6,18,8,0,0,2,0,0,0,4,11,0,0,3,9,247,2,18,4,8,15,4,9,17,9,5,2,1,2,11,45
18,14,6,24,7,0,0,2,0,0,0,14,1,0,0,3,9,247,2,18,5,8,15,3,10,16,8,4,2,1,2,12,30
10,14,6,20,6,0,0,2,0,0,0,12,3,0,0,3,9,247,2,18,5,8,15,4,10,17,7,4,2,1,2,12,0
13,11,6,22,6,0,1,2,1,0,1,5,10,0,0,3,9,247,1,14,4,7,13,6,12,19,11,7,2,1,2,12,15
-4,10,6,18,6,0,1,2,1,0,1,12,3,0,0,3,9,247,1,13,3,8,12,8,12,18,11,6,2,2,2,11,45
-230,10,6,38,5,0,1,2,1,0,1,12,3,0,0,3,9,247,1,13,3,8,12,7,11,18,10,5,2,2,2,15,15
-176,10,6,44,5,0,1,2,1,0,1,11,4,0,0,3,9,247,2,12,2,7,11,7,10,17,9,5,2,2,1,16,0
1,10,6,17,5,0,0,2,1,0,1,10,5,0,0,3,9,247,2,12,2,7,11,6,9,16,8,4,2,2,2,11,30
-149,10,7,36,5,0,0,1,1,0,1,8,7,0,0,3,9,247,2,12,3,7,11,6,8,15,7,3,1,2,2,15,0
-6,8,5,20,5,0,0,2,1,0,1,2,13,0,0,3,9,247,2,10,3,7,10,7,8,16,8,5,1,1,2,12,0
-11,8,6,24,5,0,0,1,1,0,1,0,15,0,0,3,9,247,2,10,4,7,10,6,7,16,7,5,1,1,2,12,30
-57,8,6,30,4,0,0,1,1,0,1,14,1,0,0,3,9,247,2,10,5,7,10,5,6,15,6,4,1,1,1,13,15
33,8,6,14,4,0,0,1,1,0,0,11,4,0,0,3,9,247,2,10,5,7,10,4,7,14,5,3,1,1,1,11,0
16,8,6,14,4,0,0,1,1,0,0,8,7,0,0,3,9,247,3,9,4,7,9,3,7,13,4,3,1,1,1,11,0
7,7,5,16,4,0,0,1,0,0,0,2,13,0,0,3,9,247,1,9,5,7,9,2,7,12,5,5,1,1,1,11,15
29,5,4,10,5,0,0,1,0,0,0,3,12,0,0,3,9,247,1,7,4,6,7,2,7,12,6,5,0,1,1,10,30
5,3,3,8,5,0,0,2,0,0,1,0,15,0,0,3,9,247,1,4,2,3,4,5,7,13,8,5,0,0,3,10,15
24,2,2,10,4,0,0,2,0,0,2,13,2,0,0,3,9,247,1,3,2,3,3,5,9,12,8,6,0,0,1,10,30
28,2,2,6,3,0,0,2,0,0,2,12,3,0,0,3,9,247,1,3,2,3,3,5,8,11,7,5,0,0,2,10,0
38,2,2,2,2,0,0,2,0,0,2,11,4,0,0,3,9,247,1,3,2,3,3,4,7,10,6,4,0,0,2,9,30
-8,2,2,8,3,0,0,2,0,0,1,2,13,0,0,3,9,247,1,2,1,2,2,3,6,9,6,4,0,0,3,10,15
32,1,1,6,2,0,0,2,1,0,1,8,7,0,0,3,9,247,1,1,0,1,1,2,6,8,6,5,0,0,2,10,0
-9,0,0,13,2,0,0,1,1,0,1,12,3,0,0,3,9,247,0,1,1,1,1,4,5,7,6,5,0,0,2,10,45
29,0,0,4,1,0,0,1,1,0,1,0,9,0,0,3,9,247,0,1,1,1,1,4,6,6,5,4,0,0,2,9,45
24,0,0,0,1,0,0,1,1,0,1,0,13,0,1,3,9,247,1,0,0,0,0,3,5,5,4,4,0,0,1,9,0
0,0,0,1,1,0,0,1,0,0,1,0,14,0,0,3,9,247,1,0,0,0,0,2,4,4,3,3,0,0,2,9,15
1,0,0,4,1,0,0,1,0,0,0,0,34,0,0,3,9,247,0,0,0,0,0,3,3,3,3,3,0,0,2,9,45
-52,0,0,10,1,0,0,0,0,0,0,0,51,0,0,3,9,247,0,0,0,0,0,2,2,2,2,2,0,0,1,10,30
-51,0,0,2,0,0,0,0,0,0,0,0,53,0,0,3,9,247,0,0,0,0,0,1,1,1,1,1,0,0,2,9,30
-1,25,2,50,3,0,0,1,0,0,0,5,10,0,0,6,8,243,0,49,5,9,14,5,8,13,5,2,6,4,1,17,0
113,25,2,42,2,0,0,1,0,0,0,4,11,0,0,6,8,243,0,49,5,9,14,4,7,12,4,1,5,3,1,16,0
21,25,3,52,1,0,0,2,0,0,1,11,4,0,0,6,8,243,2,47,4,9,12,5,7,12,3,0,4,2,1,17,15
37,25,4,46,0,0,0,2,0,0,1,0,15,0,0,6,8,243,1,47,6,11,13,4,7,13,3,1,3,2,2,16,30
39,25,4,46,0,0,1,1,0,0,1,9,6,0,0,6,8,243,1,46,5,10,13,4,6,13,3,1,3,1,2,16,30
-25,24,5,50,1,0,1,1,0,0,1,3,12,0,0,6,8,243,2,44,4,9,12,3,5,13,3,2,3,1,1,17,0
-19,24,5,48,1,0,2,1,0,0,0,1,14,0,0,6,8,243,3,43,3,8,11,3,4,12,2,1,3,1,2,16,45
24,23,4,42,1,0,2,1,0,0,1,10,5,0,0,6,8,243,2,41,5,6,10,3,6,11,4,2,3,1,1,16,0
-30,22,3,48,1,0,2,1,0,0,1,2,13,0,0,6,8,243,2,40,5,5,10,2,5,11,4,1,3,1,2,16,45
-16,22,3,45,3,0,1,1,0,0,2,2,13,0,0,6,8,243,3,37,2,3,8,2,6,11,5,1,2,1,2,16,15
18,19,0,38,4,0,1,1,0,0,2,14,16,0,0,6,8,243,2,35,0,3,7,4,8,13,7,2,2,0,2,15,30
31,19,1,36,4,0,1,1,0,0,1,14,1,0,0,6,8,243,1,35,1,4,8,5,7,13,7,3,2,0,2,15,0
-12,19,1,40,3,0,1,1,0,0,1,12,3,0,0,6,8,243,1,35,1,4,8,4,6,12,6,3,2,0,3,15,45
44,19,1,38,3,0,1,0,0,0,1,0,15,0,0,6,8,243,0,35,3,5,10,5,6,11,6,4,2,0,2,15,30
-141,19,2,53,3,0,0,0,0,0,1,8,7,1,0,6,8,243,0,35,3,5,10,4,6,10,5,4,2,0,1,17,30
-6,19,2,40,2,0,0,1,0,0,1,2,13,0,0,6,8,243,1,34,2,5,10,3,5,9,4,3,2,0,3,15,45
23,19,2,36,1,0,0,1,0,0,1,11,4,0,0,6,8,243,1,34,3,6,12,2,4,9,3,2,2,0,2,15,0
-65,19,2,42,1,0,0,2,0,0,0,9,6,0,0,6,8,243,2,33,2,5,11,2,3,8,2,1,2,0,1,16,0
35,18,3,34,2,0,0,2,0,0,0,25,20,0,0,6,8,243,2,31,3,4,13,2,6,8,3,0,2,0,2,14,45
-21,17,3,32,2,0,0,2,0,0,0,10,35,0,0,6,8,243,0,30,2,5,13,4,5,12,5,1,2,0,1,14,15
71,17,4,28,2,0,0,3,0,0,0,9,6,0,0,6,8,243,2,28,1,6,15,4,5,12,4,1,2,1,1,13,0
-41,17,5,33,2,0,0,2,0,0,0,7,8,0,0,6,8,243,2,28,1,7,15,3,4,11,3,1,2,1,2,14,30
-22,17,5,34,2,0,0,1,0,0,0,5,10,0,0,6,8,243,2,28,2,7,15,2,3,10,2,1,2,1,2,14,45
11,15,4,31,1,0,0,1,0,0,0,6,9,0,0,6,8,243,0,28,3,9,17,1,2,10,3,2,2,1,1,13,30
47,13,5,19,3,0,1,2,0,0,1,12,3,0,0,6,8,243,3,22,4,9,15,2,8,16,5,2,1,2,1,12,0
4,11,6,30,4,0,2,3,0,0,1,28,2,0,0,6,8,243,2,18,5,9,13,6,8,18,9,5,1,1,1,13,15
-1,11,6,26,3,0,2,3,0,0,1,25,5,0,0,6,8,243,2,18,5,9,13,6,8,18,8,5,1,1,2,12,45
22,10,5,19,3,0,2,3,0,0,1,20,10,0,0,6,8,243,2,17,4,9,13,5,8,17,8,5,0,1,1,12,0
-15,10,5,24,3,0,2,3,0,0,0,18,12,0,0,6,8,243,2,17,4,9,13,4,8,16,7,5,0,0,2,12,30
8,10,5,19,2,0,2,3,0,0,0,16,14,0,0,6,8,243,2,17,4,9,13,3,8,15,6,4,0,0,1,12,0
-22,10,6,26,2,0,2,2,0,0,0,15,15,0,0,6,8,243,2,17,5,10,13,2,7,14,5,3,0,0,2,12,45
160,8,5,9,4,0,2,1,2,0,0,12,3,0,0,6,8,243,2,13,4,6,11,2,9,14,8,4,0,0,2,10,30
0,7,5,16,5,0,2,1,2,0,0,9,6,0,0,6,8,243,2,11,4,6,10,5,11,14,9,4,0,0,4,11,30
-77,5,4,28,7,0,1,1,2,0,0,11,4,0,0,6,8,243,1,9,2,4,9,7,10,15,11,5,0,0,1,13,0
-3,5,4,23,6,0,1,1,2,0,0,8,7,0,0,6,8,243,1,9,2,4,9,7,10,14,10,5,0,0,2,12,15
24,5,4,16,7,0,0,1,2,0,0,4,11,0,0,6,8,243,2,8,2,4,8,6,9,13,9,4,0,0,4,11,30
2,5,4,24,6,0,0,1,2,0,0,3,12,0,0,6,8,243,2,8,2,4,8,5,8,12,8,4,0,0,2,12,30
-20,4,3,19,7,0,0,0,2,0,0,6,9,0,0,6,8,243,2,7,2,4,7,6,7,12,8,4,0,0,1,12,0
-10,4,3,14,6,0,0,0,2,0,0,1,14,0,0,6,8,243,2,7,2,4,7,5,7,11,7,3,0,0,3,11,15
-11,4,3,16,6,0,0,0,1,0,0,14,1,0,0,6,8,243,2,7,2,5,7,4,6,11,6,3,0,0,4,11,30
29,2,1,9,5,0,0,0,1,0,0,10,5,0,0,6,8,243,0,7,2,5,7,4,6,10,7,2,0,0,2,10,30
62,2,2,7,6,0,0,0,0,0,0,1,14,0,0,6,8,243,1,6,2,5,6,3,5,11,6,1,0,0,2,10,15
15,2,2,14,6,0,0,0,0,0,0,0,15,0,0,6,8,243,2,5,1,4,5,2,4,10,5,1,0,0,3,11,15
-8,1,1,7,5,0,0,0,0,0,0,11,4,0,0,6,8,243,0,5,3,5,5,3,5,10,6,3,0,0,2,10,15
25,1,1,6,5,0,0,0,0,0,1,2,13,0,0,6,8,243,2,3,2,3,3,4,5,10,5,2,0,0,2,10,0
61,1,1,4,4,0,0,1,0,0,1,11,4,0,0,6,8,243,3,2,2,2,2,3,5,9,4,2,0,0,1,9,45
-15,0,0,2,4,0,0,1,0,0,1,7,8,0,0,6,8,243,1,1,1,1,1,3,6,8,6,2,0,0,2,9,30
74,0,0,1,3,0,0,1,0,0,1,3,12,0,0,6,8,243,1,1,1,1,1,2,6,7,5,2,0,0,2,9,15
-37,0,0,2,3,0,0,0,0,0,2,0,19,0,0,6,8,243,0,0,0,0,0,4,6,6,6,4,0,0,2,9,30
21,0,0,0,2,0,0,0,0,0,2,0,30,0,1,6,8,243,0,0,0,0,0,4,5,5,5,3,0,0,1,9,0
17,0,0,4,1,0,0,0,0,0,2,0,36,0,0,6,8,243,0,0,0,0,0,3,4,4,4,3,0,0,1,9,45
-80,0,0,11,1,0,0,0,0,0,1,0,40,0,0,6,8,243,0,0,0,0,0,2,3,3,3,2,0,0,1,10,45
1,0,0,13,0,0,0,0,0,0,1,0,55,0,0,6,8,243,0,0,0,0,0,2,2,2,2,2,0,0,2,11,0
-112,0,0,11,0,0,0,0,0,0,0,0,74,0,0,6,8,243,0,0,0,0,0,1,1,1,1,1,0,0,1,10,45
19,30,2,50,0,0,0,0,0,0,0,19,11,1,0,5,8,242,0,51,4,5,9,1,4,6,1,1,8,2,1,17,30
-37,28,0,50,0,0,1,2,0,0,0,26,4,1,0,5,8,242,1,47,1,4,8,3,3,6,3,2,8,1,1,17,30
32,28,0,46,0,0,0,2,0,0,0,20,10,0,0,5,8,242,1,47,1,5,8,2,3,7,2,1,7,2,1,16,15
-13,28,1,47,0,0,0,1,1,0,0,12,18,0,0,5,8,242,1,46,1,4,8,1,2,6,2,1,7,1,2,16,45
2,28,3,48,1,0,0,2,1,0,0,9,6,0,0,5,8,242,2,43,1,4,9,2,4,10,3,1,6,1,2,17,0
-61,26,1,48,2,0,0,2,0,0,0,6,9,0,0,5,8,242,0,42,2,5,9,2,4,10,5,2,6,0,2,17,0
24,26,1,38,2,0,0,3,0,0,0,14,1,0,0,5,8,242,2,40,2,4,10,3,6,9,4,2,6,0,1,15,0
-3,25,1,43,3,0,0,2,0,0,0,10,5,0,0,5,8,242,1,39,2,5,11,4,7,9,5,3,6,0,2,15,45
30,25,1,38,2,0,0,2,0,0,0,9,6,0,0,5,8,242,1,39,2,5,11,3,6,8,4,2,6,0,1,15,0
-12,25,3,36,2,0,0,3,0,0,0,1,14,0,0,5,8,242,2,37,3,5,13,4,6,11,4,3,6,0,2,14,45
-26,25,3,44,2,0,0,2,0,0,0,43,2,0,0,5,8,242,0,37,3,6,13,4,5,11,5,4,6,0,1,16,0
-1,25,4,34,2,0,0,2,0,0,0,29,16,0,0,5,8,242,1,36,3,6,14,4,4,11,4,3,6,0,1,14,15
18,25,4,35,2,0,0,2,0,0,0,27,18,0,0,5,8,242,2,35,2,5,13,3,3,10,3,2,6,0,2,14,30
-41,24,4,41,1,0,0,2,1,0,0,13,32,0,0,5,8,242,2,34,3,5,15,2,3,14,3,3,6,1,1,15,30
-76,24,6,41,1,0,0,1,1,0,0,5,40,0,0,5,8,242,2,34,3,7,15,1,2,14,2,2,6,1,1,15,30
20,20,6,33,4,0,1,1,1,0,0,5,10,0,0,5,8,242,2,29,4,8,17,4,10,17,6,3,5,1,1,13,30
-74,18,7,36,5,0,1,1,1,0,0,2,13,0,0,5,8,242,2,27,4,8,19,5,13,21,7,4,5,0,2,14,45
23,17,6,31,7,0,1,1,0,0,0,10,5,0,0,5,8,242,2,25,3,8,18,6,12,21,8,6,5,0,1,13,0
48,16,5,27,6,0,1,1,0,0,0,7,8,0,0,5,8,242,1,25,4,8,18,7,12,20,8,7,5,0,2,12,30
-14,16,5,29,6,0,1,1,0,0,0,4,11,0,0,5,8,242,2,24,3,7,18,6,12,22,7,6,5,1,1,12,45
20,16,7,29,6,0,0,1,0,0,0,14,1,0,0,5,8,242,2,24,5,7,18,7,12,22,6,5,5,1,1,12,45
10,14,6,25,6,0,1,1,0,0,0,1,14,0,0,5,8,242,2,22,4,8,18,8,11,21,7,5,5,1,2,12,15
24,14,6,23,5,0,1,1,0,0,0,10,5,0,0,5,8,242,2,22,5,10,18,7,10,20,6,4,5,1,2,12,0
71,14,6,21,4,0,1,1,0,0,0,9,6,0,0,5,8,242,1,22,5,10,18,7,9,20,6,4,5,1,2,11,45
27,14,6,25,5,0,1,0,0,0,0,8,7,0,0,5,8,242,2,21,4,9,17,6,8,19,5,4,5,1,2,12,15
73,13,6,18,4,0,1,0,0,0,0,2,13,0,0,5,8,242,1,21,4,10,19,6,7,18,5,4,5,1,2,11,30
-80,12,5,32,4,0,1,0,0,0,1,14,1,0,0,5,8,242,2,19,2,10,17,6,6,17,5,4,5,1,1,13,15
8,12,5,23,3,0,1,0,0,0,1,13,2,0,0,5,8,242,2,19,2,10,17,5,5,16,4,3,5,1,2,12,0
54,11,5,13,3,0,1,0,0,0,0,3,12,0,0,5,8,242,1,19,5,11,18,4,8,16,4,4,5,3,2,10,45
25,11,6,21,4,0,1,0,0,0,0,9,6,0,0,5,8,242,3,17,5,10,16,3,9,18,3,3,5,3,2,11,45
19,11,7,18,3,0,1,0,0,0,0,5,10,0,0,5,8,242,3,17,5,11,16,2,10,17,2,2,4,4,2,11,30
30,10,7,17,3,0,0,0,0,0,0,1,14,0,0,5,8,242,2,17,6,11,17,1,11,16,2,1,4,4,3,11,15
-252,7,5,40,5,0,4,1,0,0,0,13,2,0,0,5,8,242,3,9,3,7,9,10,11,17,8,3,3,4,2,15,15
18,6,4,15,4,0,4,1,0,0,0,11,4,0,0,5,8,242,2,9,3,7,9,9,10,16,8,4,3,3,1,11,0
-299,6,5,44,4,0,3,1,0,0,0,9,6,0,0,5,8,242,2,9,3,7,9,8,9,15,7,4,2,3,1,16,0
12,6,5,15,4,0,3,1,0,0,0,4,11,0,0,5,8,242,2,8,3,6,8,7,8,14,7,4,2,2,1,11,0
47,5,4,7,4,0,2,1,0,0,0,2,13,0,0,5,8,242,1,8,3,7,8,6,8,13,7,4,2,2,2,10,0
26,5,4,10,4,0,1,1,0,0,0,0,15,0,0,5,8,242,1,8,4,7,8,5,7,12,6,4,2,2,1,10,15
60,5,4,10,4,0,1,1,0,0,0,7,8,0,0,5,8,242,2,7,4,6,7,5,9,11,5,3,2,2,1,10,15
32,5,5,7,3,0,1,1,0,0,0,6,9,0,0,5,8,242,2,7,5,6,7,4,8,10,4,3,1,2,2,10,0
-9,3,3,13,4,0,0,1,0,0,0,4,11,0,0,5,8,242,1,6,4,6,6,3,7,9,5,4,0,1,2,10,45
-43,3,3,18,4,0,0,0,0,0,0,3,12,0,0,5,8,242,1,6,4,6,6,2,6,8,4,4,0,0,2,11,30
-98,2,2,27,4,0,0,0,0,0,1,10,5,0,0,5,8,242,1,4,3,4,4,5,6,10,5,5,0,0,2,12,30
-8,1,1,7,4,0,0,1,0,0,1,4,11,0,0,5,8,242,0,2,2,2,2,4,6,9,7,5,0,0,2,10,0
30,1,1,2,5,0,0,1,0,0,0,13,2,0,0,5,8,242,1,1,1,1,1,4,5,8,6,4,0,0,2,9,30
50,1,1,2,4,0,0,1,0,0,0,11,4,0,0,5,8,242,1,1,1,1,1,3,4,7,5,3,0,0,2,9,30
35,1,1,5,3,0,0,1,0,0,0,11,4,0,0,5,8,242,1,1,1,1,1,2,3,6,4,2,0,0,3,9,45
-25,0,0,12,3,0,0,1,0,0,0,0,2,0,0,5,8,242,0,0,0,0,0,2,5,5,5,2,0,0,2,10,30
-4,0,0,1,2,0,0,1,0,0,0,0,6,0,0,5,8,242,0,0,0,0,0,1,4,4,4,1,0,0,3,9,15
-4,0,0,5,1,0,0,1,0,0,0,0,46,0,0,5,8,242,0,0,0,0,0,3,3,3,3,1,0,0,3,9,45
21,0,0,0,0,0,0,1,0,0,0,0,47,0,1,5,8,242,0,0,0,0,0,2,2,2,2,1,0,0,1,9,0
9,0,0,2,0,0,0,0,0,0,0,0,54,0,0,5,8,242,0,0,0,0,0,1,1,1,1,0,0,0,2,9,30
86,29,5,45,2,0,1,2,0,0,0,6,9,0,0,4,8,241,2,44,3,5,11,1,3,8,4,1,4,0,1,16,30
26,25,4,47,5,0,1,2,0,0,0,8,7,0,0,4,8,241,1,40,5,6,11,4,6,10,8,3,4,1,1,17,0
58,24,4,40,5,0,0,2,0,0,1,7,8,0,0,4,8,241,1,39,4,6,11,4,6,11,8,3,4,1,2,15,45
50,23,3,42,6,0,0,3,0,0,1,13,2,0,0,4,8,241,3,36,2,4,8,3,6,11,8,3,4,1,1,16,0
-20,23,3,48,5,0,1,3,0,0,1,13,2,0,0,4,8,241,4,35,1,3,7,2,5,10,7,2,3,1,1,17,15
112,22,3,42,5,0,1,2,0,0,1,7,8,0,0,4,8,241,3,35,1,4,7,2,5,9,7,3,3,1,1,16,0
-13,21,2,49,5,0,2,1,0,0,1,9,6,1,0,4,8,241,3,34,3,5,8,3,5,12,7,3,3,1,1,17,30
63,21,3,38,4,0,2,1,0,0,1,6,9,0,0,4,8,241,3,34,3,5,8,3,5,11,6,3,3,1,2,15,30
18,20,2,46,3,0,4,1,0,0,1,14,1,0,0,4,8,241,3,32,1,4,8,2,6,11,7,4,3,1,1,16,45
44,19,1,36,3,0,4,2,0,0,0,8,7,0,0,4,8,241,2,31,2,3,8,2,5,11,8,3,2,1,2,15,15
10,19,3,32,3,0,3,2,0,0,0,13,2,0,0,4,8,241,2,31,3,5,10,4,7,10,7,3,2,0,2,14,45
-25,18,3,38,4,0,2,2,0,0,1,7,8,0,0,4,8,241,2,29,1,3,8,3,7,10,8,5,2,0,2,15,30
42,18,3,31,4,0,1,2,0,0,1,2,13,0,0,4,8,241,2,29,2,3,9,2,6,9,7,4,2,0,2,14,30
-4,18,5,34,5,0,0,2,0,0,1,29,16,0,0,4,8,241,2,28,2,4,10,4,6,11,7,5,2,0,2,15,0
100,18,5,30,5,0,0,2,0,0,1,17,28,0,0,4,8,241,3,27,1,4,10,4,6,12,6,5,2,0,1,14,15
48,17,4,32,4,0,0,2,0,0,1,16,29,0,0,4,8,241,2,27,1,4,11,3,5,11,6,4,2,0,2,14,45
3,17,4,44,3,0,0,2,0,0,1,13,32,0,0,4,8,241,2,27,3,4,12,2,4,10,5,3,2,0,1,16,15
-34,16,5,34,4,0,0,1,0,0,1,11,4,0,0,4,8,241,2,26,2,5,12,2,3,10,5,3,2,0,2,15,0
68,14,5,28,6,0,0,1,0,0,0,5,10,0,0,4,8,241,1,24,2,5,13,2,6,10,7,2,2,1,1,13,15
16,13,4,29,5,0,0,2,0,0,0,10,5,0,0,4,8,241,1,23,2,6,12,1,5,11,7,2,2,1,1,13,30
53,11,4,22,5,0,1,2,0,0,0,10,5,0,0,4,8,241,1,21,4,7,13,4,7,14,8,2,2,1,2,12,30
19,10,3,24,6,0,1,2,0,0,0,0,15,0,0,4,8,241,2,19,4,6,14,5,6,13,8,3,2,1,2,12,45
-73,10,3,36,5,0,1,2,0,0,0,12,3,0,0,4,8,241,2,19,4,7,14,4,6,12,7,2,1,1,2,15,15
-141,10,5,40,4,0,1,2,0,0,0,8,7,0,0,4,8,241,2,19,5,7,14,3,5,11,6,1,1,0,2,15,45
36,9,5,22,4,0,1,2,1,0,0,5,10,0,0,4,8,241,2,17,4,6,13,3,7,13,7,2,1,0,2,12,30
34,9,5,26,4,0,1,1,1,0,0,3,12,0,0,4,8,241,1,17,4,6,13,2,6,12,7,2,1,0,1,13,0
15,8,5,20,6,0,1,0,2,0,0,13,2,0,0,4,8,241,2,14,3,6,10,4,7,15,8,3,1,0,2,12,15
46,7,6,16,7,0,0,0,3,0,0,12,3,0,0,4,8,241,3,12,2,7,11,5,7,15,8,4,1,0,2,11,30
28,5,4,19,7,0,0,0,3,0,0,14,1,0,0,4,8,241,2,11,3,6,10,5,7,15,9,3,1,0,2,12,0
48,5,4,13,7,0,0,0,2,0,0,14,1,0,0,4,8,241,2,11,3,6,10,4,6,14,8,3,1,0,1,11,0
98,4,3,9,6,0,0,0,2,0,0,8,7,0,0,4,8,241,1,11,3,7,11,4,6,13,8,4,1,0,2,10,30
-25,4,3,20,6,0,0,0,2,0,0,14,1,0,0,4,8,241,2,10,5,6,10,3,7,12,7,4,1,0,2,12,15
11,3,3,15,5,0,0,0,2,0,0,5,10,0,0,4,8,241,0,10,5,6,10,2,7,14,8,4,1,1,1,11,15
-43,3,3,24,6,0,0,0,2,0,0,11,4,0,0,4,8,241,2,8,4,5,8,3,8,14,7,3,1,1,2,12,45
8,1,1,13,7,0,0,0,2,0,1,4,11,0,0,4,8,241,3,5,1,4,5,6,8,15,8,3,1,1,1,11,0
24,1,1,11,6,0,0,0,2,0,1,14,1,0,0,4,8,241,3,5,1,4,5,6,8,14,7,3,1,1,2,10,45
15,1,1,5,5,0,1,0,2,0,1,7,8,0,0,4,8,241,3,4,1,4,4,6,7,13,7,3,1,1,2,10,0
53,1,1,5,5,0,1,0,1,0,1,0,15,0,0,4,8,241,2,4,3,4,4,5,6,13,7,4,1,1,2,10,0
-8,0,0,11,4,0,1,0,1,0,1,6,9,0,0,4,8,241,1,4,3,4,4,4,8,12,7,3,0,1,2,10,45
-27,0,0,7,4,0,1,0,1,0,0,4,11,0,0,4,8,241,1,4,3,4,4,3,7,11,6,3,0,0,2,10,15
43,0,0,0,4,0,0,0,1,0,0,2,13,0,1,4,8,241,1,4,3,4,4,2,6,10,5,2,0,0,1,9,0
28,0,0,4,3,0,0,0,1,0,1,10,5,0,0,4,8,241,2,3,2,3,3,2,6,9,4,2,0,0,2,9,45
-32,0,0,9,5,0,0,0,0,0,1,1,14,0,0,4,8,241,2,1,1,1,1,4,7,8,5,2,0,0,2,10,30
65,0,0,2,4,0,0,0,0,0,2,0,17,0,0,4,8,241,0,0,0,0,0,5,7,7,7,5,0,0,1,9,30
-57,0,0,7,4,0,0,0,0,0,1,0,20,0,0,4,8,241,0,0,0,0,0,4,6,6,6,5,0,0,2,10,15
-4,0,0,17,3,0,0,0,0,0,1,0,24,0,0,4,8,241,0,0,0,0,0,4,5,5,5,4,0,0,1,11,45
-145,0,0,17,2,0,0,0,0,0,1,0,32,0,0,4,8,241,0,0,0,0,0,3,4,4,4,3,0,0,1,11,45
-24,0,0,1,1,0,0,0,0,0,1,0,39,0,0,4,8,241,0,0,0,0,0,2,3,3,3,3,0,0,2,9,15
-29,0,0,2,0,0,0,0,0,0,1,0,52,0,0,4,8,241,0,0,0,0,0,2,2,2,2,2,0,0,1,9,30
-251,0,0,26,0,0,0,0,0,0,0,0,71,0,0,4,8,241,0,0,0,0,0,1,1,1,1,1,0,0,1,13,0
-7,31,5,48,2,0,0,0,0,0,1,18,12,1,0,3,8,240,2,45,2,8,15,1,2,12,2,1,4,0,1,17,30
73,28,7,44,2,0,0,4,0,0,1,1,14,0,0,3,8,240,3,40,6,10,11,4,10,13,5,2,4,3,2,16,45
22,24,5,40,4,0,1,4,0,0,1,3,27,0,0,3,8,240,2,36,5,6,11,8,11,15,9,4,4,3,2,16,0
-24,24,5,44,5,0,2,3,0,0,1,2,28,0,0,3,8,240,4,34,4,4,9,8,10,14,8,3,4,3,2,16,45
14,24,5,40,5,0,1,3,0,0,1,1,29,0,0,3,8,240,4,34,4,4,9,7,9,13,7,2,3,3,2,16,0
4,23,4,42,5,0,1,3,0,0,1,7,8,0,0,3,8,240,4,33,3,3,8,6,8,12,7,2,3,2,2,16,30
29,22,4,42,4,0,1,3,1,0,1,2,13,0,0,3,8,240,3,32,2,2,7,6,8,11,8,2,3,2,2,16,30
75,22,4,36,5,0,1,2,1,0,1,13,2,0,0,3,8,240,4,31,1,1,6,5,7,10,7,2,3,2,2,15,30
16,22,4,38,5,0,0,2,1,0,1,12,3,0,0,3,8,240,4,31,1,1,6,4,6,9,6,2,2,2,2,15,45
25,22,4,38,5,0,0,2,1,0,0,6,9,0,0,3,8,240,4,31,1,2,6,4,5,8,5,2,2,1,2,15,45
-19,21,3,46,6,0,0,1,1,0,0,2,13,0,0,3,8,240,4,30,0,1,5,3,4,8,5,2,1,1,1,17,0
89,21,3,33,6,0,0,0,1,0,0,6,9,0,0,3,8,240,4,30,0,1,6,3,4,7,4,1,1,0,1,15,0
18,19,1,36,5,0,0,0,1,0,0,11,4,0,0,3,8,240,2,30,0,4,6,2,3,6,5,2,1,0,2,15,30
-70,19,2,46,4,0,0,0,1,0,0,6,9,0,0,3,8,240,2,30,1,5,8,2,4,8,4,2,1,1,1,17,0
27,18,1,31,5,0,0,0,0,0,0,8,7,0,0,3,8,240,2,29,4,5,12,3,4,7,4,1,1,1,2,14,45
20,18,2,35,7,0,0,0,0,0,0,6,9,0,0,3,8,240,4,26,1,4,12,2,4,11,4,2,0,1,2,15,15
32,18,2,29,6,0,0,1,0,0,0,5,10,0,0,3,8,240,5,25,0,3,11,2,3,10,3,2,0,0,1,14,15
12,17,2,33,5,0,0,1,0,0,0,5,25,0,0,3,8,240,4,25,3,6,13,2,4,10,3,2,0,0,1,15,0
0,16,3,28,7,0,0,0,0,0,0,9,21,0,0,3,8,240,4,23,3,7,12,3,5,12,4,1,0,0,1,14,0
-10,16,3,30,7,0,0,0,0,0,0,5,25,0,0,3,8,240,5,22,3,8,11,2,7,11,3,1,0,0,2,14,30
-26,16,3,27,6,0,0,0,0,0,0,7,8,0,0,3,8,240,4,22,6,9,12,1,7,11,3,1,0,0,1,13,30
10,13,5,25,8,0,1,1,0,0,1,13,2,0,0,3,8,240,4,16,3,5,12,6,8,13,8,2,0,0,1,13,0
4,13,5,23,7,0,1,1,0,0,1,12,3,0,0,3,8,240,4,16,3,5,12,5,7,12,7,2,0,0,2,12,45
-15,13,5,23,8,0,0,1,0,0,1,8,7,0,0,3,8,240,5,15,3,4,11,4,7,11,6,2,0,0,2,12,45
-1,13,5,21,7,0,0,1,0,0,1,7,8,0,0,3,8,240,5,15,3,4,11,3,6,10,5,1,0,0,2,12,30
9,13,5,19,6,0,0,1,0,0,1,6,9,0,0,3,8,240,5,15,3,4,11,2,5,9,4,1,0,0,2,12,15
-85,13,5,31,5,0,0,2,0,0,1,9,6,0,0,3,8,240,5,14,3,4,12,3,5,10,4,1,0,0,2,14,45
33,11,5,17,7,0,0,2,0,0,1,2,13,0,0,3,8,240,5,11,0,4,10,3,6,14,6,3,0,0,1,11,45
-14,10,4,25,6,0,0,2,0,0,1,12,3,0,0,3,8,240,4,11,0,4,10,3,6,14,6,4,0,0,1,13,0
-49,8,3,21,6,0,0,2,0,0,0,10,5,0,0,3,8,240,2,11,2,7,10,4,5,15,7,5,0,0,2,12,30
-17,8,5,19,6,0,0,1,0,0,0,2,13,0,0,3,8,240,1,11,4,9,10,3,5,15,7,4,0,0,2,12,15
17,8,6,14,7,0,0,0,0,0,0,7,8,0,0,3,8,240,1,10,3,9,10,3,5,15,7,3,0,0,1,11,15
15,8,6,16,6,0,0,0,0,0,0,2,13,0,0,3,8,240,1,10,6,9,10,2,5,15,6,3,0,0,1,11,30
19,6,6,12,7,0,0,0,0,0,1,14,1,0,0,3,8,240,2,7,5,6,7,2,8,15,7,3,0,0,2,11,0
43,3,3,10,10,0,0,0,1,0,1,3,12,0,0,3,8,240,4,2,1,1,2,7,11,14,9,3,0,0,1,10,30
-58,2,2,18,9,0,0,0,1,0,1,12,3,0,0,3,8,240,3,2,1,2,2,7,11,13,9,4,0,0,2,12,0
18,2,2,8,9,0,0,0,1,0,1,3,12,0,0,3,8,240,4,1,0,1,1,7,10,13,8,4,0,0,1,10,15
-3,0,0,12,8,0,0,0,1,0,1,9,6,0,0,3,8,240,2,1,0,1,1,7,11,12,9,4,0,0,2,11,0
41,0,0,6,7,0,0,0,1,0,1,8,7,0,0,3,8,240,2,1,0,1,1,6,10,11,8,4,0,0,2,10,0
20,0,0,4,7,0,0,0,0,0,1,5,10,0,0,3,8,240,2,1,0,1,1,6,9,10,7,4,0,0,2,9,45
28,0,0,2,6,0,0,0,0,0,1,5,10,0,0,3,8,240,2,1,0,1,1,5,8,9,6,3,0,0,2,9,30
48,0,0,2,5,0,0,0,0,0,1,12,3,0,0,3,8,240,1,1,1,1,1,5,7,8,6,3,0,0,2,9,30
16,0,0,14,4,0,0,0,0,0,1,9,6,0,0,3,8,240,0,1,1,1,1,4,6,7,6,4,0,0,1,11,15
42,0,0,0,3,0,0,0,0,0,1,2,13,0,1,3,8,240,0,1,1,1,1,4,5,6,5,3,0,0,1,9,0
31,0,0,1,2,0,0,0,0,0,1,8,7,0,0,3,8,240,0,1,1,1,1,4,4,5,4,3,0,0,2,9,15
-32,0,0,6,2,0,0,0,0,0,0,0,15,0,0,3,8,240,0,1,1,1,1,3,3,4,3,2,0,0,2,10,0
-49,0,0,8,1,0,0,0,0,0,1,0,12,0,0,3,8,240,0,0,0,0,0,2,3,3,3,1,0,0,1,10,15
24,0,0,4,0,0,0,0,0,0,1,0,15,0,0,3,8,240,0,0,0,0,0,1,2,2,2,0,0,0,2,9,45
-109,0,0,11,0,0,0,0,0,0,0,0,64,0,0,3,8,240,0,0,0,0,0,1,1,1,1,0,0,0,2,10,45
27,26,5,49,4,0,0,1,0,0,1,14,1,0,0,2,8,239,2,47,4,9,12,3,8,14,5,2,3,1,1,16,45
-1,25,4,53,4,0,0,1,0,0,1,7,8,1,0,2,8,239,2,46,5,8,11,3,7,13,5,2,3,1,1,17,30
36,23,3,45,6,0,1,1,0,0,0,2,13,0,0,2,8,239,2,43,4,5,12,6,9,13,7,2,2,2,2,16,15
28,23,3,42,6,0,2,1,0,0,0,12,3,0,0,2,8,239,3,41,3,3,12,5,10,12,7,1,2,1,2,16,0
-9,23,3,42,6,0,1,1,0,0,0,6,9,0,0,2,8,239,2,41,3,4,12,4,9,11,7,2,2,1,2,16,0
-24,22,2,51,6,0,1,1,0,0,0,13,2,0,0,2,8,239,2,40,2,3,12,3,8,11,7,1,2,1,1,17,0
50,22,2,36,6,0,1,1,0,0,0,6,9,0,0,2,8,239,3,39,1,3,11,4,7,10,6,1,2,1,2,15,15
-31,22,2,47,6,0,0,1,0,0,0,5,10,0,0,2,8,239,3,39,1,3,11,4,6,9,5,1,2,1,2,16,30
3,20,0,40,5,0,1,1,0,0,0,10,5,0,0,2,8,239,1,38,1,7,12,5,7,10,7,1,2,1,3,15,45
-13,20,0,47,5,0,1,0,0,0,0,8,7,0,0,2,8,239,1,38,2,7,12,4,6,9,6,1,1,1,2,16,30
40,20,0,38,4,0,1,0,0,0,0,6,9,0,0,2,8,239,1,38,2,7,13,3,5,8,5,1,1,0,2,15,30
-15,20,1,49,3,0,1,0,0,0,0,14,1,0,0,2,8,239,1,38,3,8,14,3,4,8,4,1,1,0,1,16,45
33,20,1,34,2,0,1,0,0,0,0,13,2,0,0,2,8,239,1,38,3,8,14,2,3,7,3,0,1,0,2,15,0
17,20,2,34,3,0,0,0,1,0,0,65,10,0,0,2,8,239,3,36,5,8,14,2,3,7,2,0,1,0,2,15,0
-18,20,3,40,3,0,0,0,1,0,0,51,24,0,0,2,8,239,2,35,6,8,14,1,4,9,3,0,1,0,3,15,45
-43,19,4,36,6,0,0,3,0,0,0,19,56,0,0,2,8,239,4,29,2,6,11,3,5,13,6,1,1,0,2,15,15
-28,18,4,32,6,0,0,4,0,0,0,3,72,0,0,2,8,239,4,27,2,5,11,3,5,15,7,2,1,0,2,14,45
-112,18,4,45,5,0,0,4,0,0,0,2,73,0,0,2,8,239,4,27,2,5,11,2,4,14,6,1,1,0,2,16,15
-156,17,5,42,6,0,0,4,0,0,0,4,11,0,0,2,8,239,3,25,3,5,14,2,8,15,8,3,1,1,2,16,0
-42,15,3,32,6,0,0,5,0,0,0,9,6,0,0,2,8,239,3,23,2,4,12,3,8,15,9,3,1,1,2,14,45
122,14,5,21,7,0,0,4,0,0,0,3,12,0,0,2,8,239,3,22,2,6,13,6,10,16,9,4,1,1,1,12,0
-211,12,4,52,8,0,0,3,0,0,0,11,4,0,0,2,8,239,2,21,2,7,13,6,10,15,10,5,1,1,1,17,15
24,12,5,30,7,0,0,3,0,0,0,6,9,0,0,2,8,239,1,21,2,8,13,5,10,16,10,6,0,1,1,13,15
11,12,5,26,6,0,0,3,0,0,0,5,10,0,0,2,8,239,1,21,3,8,13,5,9,16,9,5,0,0,2,12,45
-23,12,5,31,5,0,0,4,0,0,0,13,2,0,0,2,8,239,2,20,3,7,14,4,9,17,8,5,0,0,2,13,30
-96,12,6,38,4,0,0,4,0,0,0,9,6,0,0,2,8,239,2,20,4,7,14,3,8,17,7,4,0,0,2,15,30
28,12,7,21,4,0,0,3,0,0,0,3,12,0,0,2,8,239,1,20,4,9,16,5,7,17,7,5,0,0,1,12,0
23,11,6,28,5,0,0,2,0,0,0,6,9,0,0,2,8,239,1,19,6,8,15,5,7,16,7,4,0,0,1,13,0
17,10,6,26,7,0,0,2,0,0,0,9,6,0,0,2,8,239,2,16,3,6,15,5,7,16,8,5,0,0,2,12,45
43,9,5,19,6,0,0,2,0,0,0,8,7,0,0,2,8,239,1,16,3,7,15,4,7,15,8,4,0,0,2,11,45
-8,9,5,24,6,0,0,1,0,0,0,3,12,0,0,2,8,239,1,16,5,7,15,3,6,14,7,4,0,0,2,12,30
9,7,3,24,6,0,0,2,0,0,0,7,8,0,0,2,8,239,1,14,3,6,13,3,7,15,8,4,0,0,2,12,30
-51,7,3,28,5,0,1,2,0,0,0,5,10,0,0,2,8,239,2,13,2,5,13,2,7,14,7,3,0,0,1,13,0
11,5,2,18,6,0,1,2,0,0,0,15,15,0,0,2,8,239,2,11,2,7,11,3,10,16,8,3,0,0,2,11,30
22,5,2,14,5,0,1,2,0,0,0,2,13,0,0,2,8,239,1,11,3,9,11,6,10,17,8,3,0,0,2,11,0
27,4,2,12,7,0,0,2,0,0,0,8,7,0,0,2,8,239,2,9,3,8,9,7,9,17,8,2,0,0,2,10,45
33,4,3,14,7,0,0,2,0,0,0,11,4,0,0,2,8,239,2,8,4,7,8,7,9,17,8,2,0,0,2,11,0
8,4,3,19,6,0,0,2,0,0,0,7,8,0,0,2,8,239,2,8,4,7,8,6,9,16,7,2,0,0,2,11,45
23,4,4,16,5,0,0,2,0,0,0,6,9,0,0,2,8,239,2,8,4,7,8,5,8,15,6,2,0,0,1,11,15
-25,4,4,23,5,0,0,1,0,0,0,2,13,0,0,2,8,239,2,8,5,8,8,4,7,14,5,2,0,0,2,12,15
67,3,3,6,5,0,0,1,0,0,0,0,15,0,0,2,8,239,2,7,5,7,7,4,7,13,5,1,0,0,2,10,0
30,3,3,8,5,0,0,1,0,0,0,10,5,0,0,2,8,239,2,6,5,6,6,3,7,13,5,2,0,0,2,10,15
-19,3,3,16,4,0,0,2,0,0,0,6,9,0,0,2,8,239,2,5,4,5,5,2,6,12,5,2,0,0,1,11,15
-26,3,3,10,5,0,0,3,0,0,0,2,13,0,0,2,8,239,3,2,2,2,2,3,8,11,6,2,0,0,2,10,30
-15,1,1,10,5,0,0,3,0,0,0,12,3,0,0,2,8,239,2,1,1,1,1,6,8,10,7,3,0,0,2,10,30
31,1,1,4,4,0,0,3,0,0,0,9,6,0,0,2,8,239,1,1,1,1,1,5,8,9,7,3,0,0,2,9,45
-7,0,0,8,5,0,0,2,0,0,0,1,14,0,0,2,8,239,1,0,0,0,0,6,7,8,7,3,0,0,2,10,15
46,0,0,0,4,0,0,2,0,0,0,0,15,0,1,2,8,239,1,0,0,0,0,5,6,7,6,3,0,0,1,9,0
-37,0,0,4,3,0,0,2,0,0,0,1,14,0,0,2,8,239,0,0,0,0,0,4,6,6,6,4,0,0,2,9,45
-16,0,0,12,2,0,0,2,0,0,0,0,3,0,0,2,8,239,0,0,0,0,0,3,5,5,5,3,0,0,2,10,45
6,0,0,1,1,0,0,2,0,0,0,0,10,0,0,2,8,239,0,0,0,0,0,3,4,4,4,2,0,0,2,9,15
-10,0,0,6,1,0,0,1,0,0,0,0,14,0,0,2,8,239,0,0,0,0,0,2,3,3,3,2,0,0,2,10,0
6,0,0,2,1,0,0,0,0,0,0,0,33,0,0,2,8,239,0,0,0,0,0,2,2,2,2,2,0,0,2,9,30
-5,0,0,2,0,0,0,0,0,0,0,0,46,0,0,2,8,239,0,0,0,0,0,1,1,1,1,1,0,0,2,9,30
-11,35,6,47,2,0,2,2,0,0,0,2,13,0,0,6,8,236,1,44,3,9,12,3,7,11,6,2,8,2,1,16,45
23,34,7,47,2,0,1,3,0,0,0,3,12,0,0,6,8,236,1,43,4,8,12,5,6,12,6,2,8,2,1,16,45
34,34,7,42,1,0,2,3,0,0,0,8,7,0,0,6,8,236,1,42,5,7,12,4,7,12,6,3,8,3,1,16,0
30,33,6,49,3,0,2,2,0,0,0,13,2,0,0,6,8,236,2,40,5,6,10,4,6,12,6,2,7,3,1,17,0
50,32,6,36,3,0,1,3,0,0,0,7,8,0,0,6,8,236,1,39,4,5,9,3,6,13,7,2,6,3,2,15,15
59,32,6,40,3,0,0,3,0,0,0,5,10,0,0,6,8,236,1,39,4,5,10,2,5,12,6,2,6,2,2,15,45
-35,29,3,50,6,0,0,3,0,0,0,2,13,1,0,6,8,236,2,35,1,3,7,3,5,12,8,3,6,3,1,17,30
-20,27,2,44,5,0,0,3,0,0,0,13,2,0,0,6,8,236,0,35,2,5,8,4,6,12,9,3,6,4,2,16,15
34,27,3,34,4,0,0,3,0,0,0,8,7,0,0,6,8,236,0,35,2,5,8,3,5,11,8,3,5,4,2,15,0
33,26,2,40,4,0,0,3,0,0,0,7,8,0,0,6,8,236,0,34,3,4,9,3,8,11,8,3,4,3,2,15,45
-14,26,2,45,3,0,0,3,0,0,0,2,13,0,0,6,8,236,0,34,4,5,10,3,7,10,7,3,3,2,2,16,30
15,26,3,38,4,1,0,2,0,0,0,10,20,0,0,6,8,236,1,32,2,4,10,5,7,12,7,3,2,2,2,15,30
-112,25,2,45,5,0,0,2,0,0,0,6,24,0,0,6,8,236,1,31,2,3,9,5,7,11,7,3,2,2,2,16,30
42,24,1,32,6,0,0,1,0,0,0,53,7,0,0,6,8,236,1,30,1,3,10,5,6,11,7,3,2,2,2,14,45
39,24,2,36,5,0,0,1,0,0,0,47,13,0,0,6,8,236,0,30,2,4,11,4,6,10,7,2,2,2,2,15,15
21,24,2,34,4,0,0,1,0,0,0,43,17,0,0,6,8,236,0,30,2,4,11,3,5,9,6,2,2,2,2,15,0
-9,24,2,31,3,0,0,1,0,0,0,40,20,0,0,6,8,236,0,30,2,4,12,2,4,8,5,2,2,2,2,14,15
3,24,3,38,3,0,0,1,0,0,0,28,32,0,0,6,8,236,0,29,2,5,13,2,4,7,5,3,1,2,2,15,30
11,23,4,32,3,0,0,0,1,0,0,10,50,0,0,6,8,236,0,28,2,6,16,2,5,9,5,2,0,1,2,14,45
69,22,5,30,3,0,0,0,1,0,0,4,11,0,0,6,8,236,0,27,3,7,17,3,5,8,5,2,0,0,1,13,15
72,21,8,28,3,0,0,2,1,0,0,0,15,0,0,6,8,236,2,24,3,8,18,3,4,10,5,3,0,0,1,13,0
28,21,10,28,3,0,0,2,0,0,0,6,9,0,0,6,8,236,2,24,4,9,19,3,4,9,4,2,0,0,1,13,0
21,19,8,26,3,0,0,3,0,0,0,14,1,0,0,6,8,236,2,22,3,9,18,2,4,9,5,4,0,0,2,12,45
-136,18,10,42,2,0,0,4,0,0,0,0,15,0,0,6,8,236,2,21,5,10,17,1,4,12,5,4,0,0,1,16,0
-23,13,9,24,6,0,2,3,0,0,0,8,22,0,0,6,8,236,2,15,5,10,13,3,6,15,10,6,0,0,2,12,30
8,11,8,26,7,0,2,3,0,0,0,2,28,0,0,6,8,236,2,13,4,8,11,2,6,14,11,8,0,0,2,12,45
34,11,8,21,7,0,3,2,0,0,0,11,4,0,0,6,8,236,3,12,5,8,11,3,5,15,10,7,0,0,1,12,0
38,6,4,16,9,0,2,4,0,0,0,13,2,0,0,6,8,236,2,8,4,5,8,4,11,20,14,10,0,0,2,11,0
6,6,4,24,8,0,2,4,0,0,0,12,3,0,0,6,8,236,2,8,4,5,8,3,10,19,13,9,0,0,2,12,30
6,6,4,23,8,0,2,5,0,0,0,1,14,0,0,6,8,236,4,6,2,3,6,6,9,20,12,8,0,0,2,12,15
30,3,1,18,9,0,1,5,0,0,0,3,12,0,0,6,8,236,2,5,2,3,5,6,9,20,14,9,0,0,1,11,15
13,3,2,21,9,0,1,4,1,0,0,9,6,0,0,6,8,236,3,4,1,4,4,7,11,20,13,8,0,0,1,12,0
35,3,2,13,9,0,0,4,1,0,0,7,8,0,0,6,8,236,3,4,1,4,4,6,10,19,12,8,0,0,2,10,45
37,3,2,16,8,0,0,4,1,0,0,3,12,0,0,6,8,236,3,4,1,4,4,5,10,18,11,7,0,0,2,11,0
40,3,2,18,7,0,0,4,1,0,0,2,13,0,0,6,8,236,3,4,1,4,4,4,9,17,10,6,0,0,1,11,15
89,3,3,11,7,0,0,4,1,0,0,6,9,0,0,6,8,236,3,3,1,3,3,4,11,16,10,5,0,0,3,10,30
-29,2,2,13,7,0,0,3,1,0,0,1,14,0,0,6,8,236,1,3,1,3,3,4,11,15,11,4,0,0,2,10,45
86,2,2,7,6,0,0,3,1,0,0,13,2,0,0,6,8,236,1,3,2,3,3,4,10,14,10,4,0,0,2,10,0
48,2,2,11,6,0,0,2,1,0,0,1,14,0,0,6,8,236,1,3,3,3,3,5,11,13,9,4,0,0,3,10,30
67,1,1,2,5,0,0,2,1,0,1,1,14,0,0,6,8,236,1,2,2,2,2,8,11,12,9,4,0,0,2,9,30
75,1,1,5,5,0,0,2,1,0,1,14,1,0,0,6,8,236,2,1,1,1,1,7,11,11,8,3,0,0,2,9,45
65,1,1,7,6,0,0,1,1,0,1,10,5,0,0,6,8,236,3,0,0,0,0,6,10,10,7,2,0,0,2,10,0
137,1,1,2,5,0,0,1,1,0,1,4,11,0,0,6,8,236,2,0,0,0,0,6,9,9,7,1,0,0,2,9,30
26,0,0,9,5,0,0,0,1,0,1,11,4,0,0,6,8,236,1,0,0,0,0,6,8,8,7,1,0,0,2,10,15
30,0,0,9,4,0,0,0,1,0,1,8,7,0,0,6,8,236,0,0,0,0,0,5,7,7,7,2,0,0,2,10,15
15,0,0,0,3,0,0,0,1,0,1,6,9,0,1,6,8,236,0,0,0,0,0,5,6,6,6,2,0,0,1,9,0
-8,0,0,2,2,0,0,0,1,0,1,3,12,0,0,6,8,236,0,0,0,0,0,4,5,5,5,2,0,0,2,9,30
17,0,0,1,2,0,0,0,1,0,0,0,5,0,0,6,8,236,0,0,0,0,0,4,4,4,4,2,0,0,3,9,15
-97,0,0,13,1,0,0,0,1,0,0,0,12,0,0,6,8,236,0,0,0,0,0,3,3,3,3,1,0,0,2,10,45
17,0,0,5,0,0,0,0,1,0,0,0,23,0,0,6,8,236,0,0,0,0,0,2,2,2,2,0,0,0,2,9,45
-88,0,0,20,0,0,0,0,0,0,0,0,29,0,0,6,8,236,0,0,0,0,0,1,1,1,1,0,0,0,2,11,30
-6,33,7,53,0,0,2,1,0,0,0,11,19,1,0,5,8,235,2,50,4,8,16,2,5,10,2,0,5,1,1,17,30
24,29,4,49,1,0,1,2,1,0,0,4,11,0,0,5,8,235,1,47,3,7,14,3,6,10,5,2,5,2,2,16,45
26,28,4,51,1,0,1,1,2,0,0,6,9,0,0,5,8,235,1,46,5,9,15,4,5,12,5,2,5,2,1,17,0
7,28,6,51,1,0,0,1,2,0,1,12,3,0,0,5,8,235,1,45,4,8,14,4,7,13,5,2,5,3,1,17,0
54,26,5,43,3,0,0,1,2,0,1,13,2,0,0,5,8,235,2,42,3,7,12,3,6,13,6,2,4,3,1,16,0
5,26,6,45,3,0,0,2,2,0,0,8,7,0,0,5,8,235,3,41,3,7,12,2,5,12,5,1,3,2,3,16,15
21,26,7,46,3,0,0,2,1,0,0,2,13,0,0,5,8,235,3,41,4,8,13,4,4,13,4,1,3,1,2,16,30
-15,24,6,49,6,0,0,3,0,0,0,6,9,0,0,5,8,235,4,37,3,6,9,3,7,13,6,1,3,1,2,16,45
8,22,4,46,6,0,0,2,0,0,0,3,12,0,0,5,8,235,2,37,4,6,10,2,7,12,7,2,2,1,2,16,30
-11,22,4,43,5,0,0,2,0,0,0,3,12,0,0,5,8,235,2,37,4,6,10,1,6,11,6,2,2,0,1,16,0
4,19,2,39,8,0,0,1,0,0,1,13,2,0,0,5,8,235,3,33,2,5,10,5,9,12,8,4,2,0,2,15,30
76,18,2,36,7,0,0,1,0,0,1,1,14,0,0,5,8,235,2,33,3,5,12,6,8,11,8,4,2,0,2,15,0
13,18,2,41,6,0,0,1,0,0,1,11,4,0,0,5,8,235,1,33,3,5,13,5,8,11,8,5,2,0,2,15,45
11,18,2,39,6,0,0,0,0,0,1,10,5,0,0,5,8,235,1,33,3,5,13,4,7,10,7,5,2,0,2,15,30
3,18,2,37,6,0,0,1,0,0,1,4,11,0,0,5,8,235,3,31,3,4,11,5,6,9,6,4,2,0,2,15,15
124,18,2,30,5,0,0,1,0,0,1,12,3,0,0,5,8,235,3,31,3,6,13,4,6,9,5,3,2,0,1,13,30
41,18,2,33,5,0,0,1,0,0,1,3,12,0,0,5,8,235,3,30,2,6,13,3,6,9,5,3,2,0,2,14,30
142,17,3,25,4,0,0,2,0,0,1,37,8,0,0,5,8,235,2,29,1,5,12,3,5,8,6,4,2,0,2,12,45
-34,17,3,37,4,0,0,2,0,0,1,35,10,0,0,5,8,235,3,28,1,5,12,2,4,7,5,3,2,0,2,15,15
-18,16,4,34,4,0,0,2,0,0,0,16,29,0,0,5,8,235,1,28,4,7,14,3,3,8,6,3,2,0,1,14,45
10,16,5,34,3,0,0,3,0,0,0,1,44,0,0,5,8,235,1,27,4,9,16,2,4,7,6,2,2,0,1,14,45
-5,16,6,32,6,0,0,2,0,0,0,10,5,0,0,5,8,235,4,24,2,6,13,1,3,8,5,2,2,0,1,14,15
57,11,5,29,8,0,0,2,1,0,0,12,3,0,0,5,8,235,2,20,3,7,12,3,5,13,10,5,2,1,2,13,15
16,11,7,27,7,0,0,2,1,0,0,2,13,0,0,5,8,235,2,19,5,9,14,2,4,15,9,4,2,1,1,13,0
86,10,6,24,9,0,0,1,1,0,0,9,6,0,0,5,8,235,3,18,3,7,12,2,5,15,9,4,2,1,2,12,30
-5,6,4,30,12,0,0,0,1,0,0,10,5,0,0,5,8,235,2,15,4,5,11,4,8,20,12,6,2,1,1,13,30
-134,6,4,41,11,0,0,0,1,0,0,5,10,0,0,5,8,235,1,15,5,5,12,3,8,20,12,5,1,2,2,15,45
22,4,2,18,10,0,3,0,1,0,1,0,15,0,0,5,8,235,2,11,1,5,9,6,11,19,14,7,1,1,2,11,45
75,4,2,15,9,0,3,0,1,0,1,14,1,0,0,5,8,235,2,11,1,5,9,5,10,18,13,7,1,1,2,11,30
20,3,2,20,9,0,3,0,1,0,1,4,11,0,0,5,8,235,2,10,1,4,10,5,12,20,13,7,1,1,2,12,0
8,3,2,25,8,0,3,0,1,0,1,0,15,0,0,5,8,235,2,10,1,4,10,5,12,19,12,6,1,1,2,12,45
22,2,1,13,8,0,2,0,1,0,1,1,14,0,0,5,8,235,0,10,4,5,10,7,12,18,13,6,1,1,3,11,15
10,2,1,27,7,0,2,0,1,0,1,0,15,0,0,5,8,235,0,10,4,5,10,6,11,18,12,6,1,1,1,13,0
9,2,1,15,7,0,2,0,1,0,0,9,6,0,0,5,8,235,0,10,4,6,10,6,13,20,11,5,0,1,2,11,30
66,2,1,12,7,0,2,0,0,0,1,4,11,0,0,5,8,235,1,9,3,6,9,7,12,19,10,4,0,0,2,11,0
70,2,1,18,6,0,3,0,0,0,1,9,6,0,0,5,8,235,1,8,3,5,8,8,11,19,10,4,0,0,2,11,45
-15,2,1,20,6,0,3,0,0,0,1,7,8,0,0,5,8,235,2,7,2,4,7,7,10,18,9,4,0,0,2,12,0
-160,2,1,46,5,0,3,0,0,0,1,6,9,0,0,5,8,235,2,7,2,4,7,6,9,17,8,3,0,0,2,16,30
-11,2,2,10,5,0,3,0,0,0,1,13,2,0,0,5,8,235,2,6,2,4,6,6,8,16,8,2,0,0,1,10,45
-5,1,1,8,5,0,2,0,0,0,1,6,9,0,0,5,8,235,0,6,3,5,6,7,10,15,9,3,0,0,2,10,30
8,1,1,13,5,0,1,0,0,0,1,5,10,0,0,5,8,235,0,6,3,5,6,6,9,14,8,3,0,0,3,11,15
46,1,1,15,4,0,1,0,0,0,1,2,13,0,0,5,8,235,0,6,3,6,6,5,8,13,7,3,0,0,2,11,30
-23,1,1,22,3,0,1,0,0,0,1,15,15,0,0,5,8,235,0,6,3,6,6,4,7,12,6,2,0,0,1,12,15
150,1,1,5,3,0,1,0,0,0,1,14,1,0,0,5,8,235,0,5,3,5,5,3,7,11,6,3,0,0,2,10,0
-70,1,1,22,3,0,0,0,1,0,1,12,3,0,0,5,8,235,1,4,3,4,4,2,7,10,5,3,0,0,1,12,15
-12,1,1,6,2,0,0,0,1,0,1,9,6,0,0,5,8,235,1,4,3,4,4,1,8,9,4,3,0,0,2,10,15
92,0,0,2,4,0,0,0,1,0,1,7,8,0,0,5,8,235,2,1,1,1,1,7,8,8,5,3,0,0,1,9,30
7,0,0,6,3,0,0,0,1,0,1,6,9,0,0,5,8,235,2,1,1,1,1,6,7,7,4,2,0,0,2,10,15
-55,0,0,8,2,0,0,0,1,0,1,6,9,0,0,5,8,235,2,1,1,1,1,5,6,6,3,1,0,0,2,10,30
-6,0,0,1,2,0,0,0,1,0,1,1,14,0,0,5,8,235,0,0,0,0,0,5,5,5,5,3,0,0,2,9,15
-1,0,0,10,2,0,0,0,1,0,0,0,2,0,0,5,8,235,0,0,0,0,0,4,4,4,4,3,0,0,1,10,45
-10,0,0,2,1,0,0,0,1,0,0,0,4,0,0,5,8,235,0,0,0,0,0,3,3,3,3,3,0,0,1,9,30
-27,0,0,4,0,0,0,0,1,0,0,0,5,0,0,5,8,235,0,0,0,0,0,2,2,2,2,2,0,0,1,9,45
33,0,0,0,0,0,0,0,0,0,0,0,16,0,1,5,8,235,0,0,0,0,0,1,1,1,1,1,0,0,1,9,0
-1,36,3,53,0,0,0,0,0,0,0,27,3,1,0,4,8,234,0,53,3,4,11,1,1,3,1,0,7,1,1,18,0
6,30,4,52,3,0,0,2,1,0,0,9,6,0,0,4,8,234,1,46,4,6,11,2,5,13,6,4,7,2,1,17,30
23,29,4,51,4,0,0,2,1,0,0,13,2,0,0,4,8,234,2,44,2,6,9,2,4,13,6,3,7,2,1,17,0
26,27,3,49,4,0,0,3,1,0,0,8,7,0,0,4,8,234,2,42,2,5,9,3,7,13,7,2,6,4,1,16,45
4,27,4,49,5,0,0,2,1,0,0,9,6,0,0,4,8,234,2,41,4,5,10,2,7,12,7,3,6,3,1,16,45
42,27,4,44,5,0,0,2,0,0,0,8,7,0,0,4,8,234,2,41,4,5,10,1,7,11,6,2,5,3,1,15,45
6,25,4,47,6,0,1,3,0,0,0,2,28,0,0,4,8,234,2,37,1,3,10,7,9,13,9,3,5,3,1,16,15
5,25,5,48,6,0,1,2,0,0,0,14,1,0,0,4,8,234,2,37,1,3,11,6,8,12,8,3,4,3,2,16,30
-12,25,5,46,5,0,1,2,0,0,0,12,3,0,0,4,8,234,2,37,2,3,11,5,7,11,7,3,3,2,1,16,0
-16,24,4,44,4,0,1,2,0,0,0,10,5,0,0,4,8,234,1,37,2,4,11,5,7,10,7,3,3,2,1,15,45
67,23,3,40,4,0,1,2,0,0,0,11,4,0,0,4,8,234,1,36,1,5,11,5,6,10,7,3,3,2,2,15,0
-16,23,3,42,4,0,0,2,0,0,0,9,6,0,0,4,8,234,1,36,1,5,12,4,5,9,6,3,3,2,2,15,30
46,22,2,38,4,0,0,1,0,0,0,8,7,0,0,4,8,234,0,36,2,5,12,3,4,8,6,4,2,2,2,14,45
31,22,3,42,3,0,0,2,0,0,0,10,5,0,0,4,8,234,1,35,2,6,13,3,3,7,5,3,2,1,2,15,30
10,21,3,38,2,0,0,2,0,0,0,44,1,0,0,4,8,234,0,35,4,7,13,2,3,7,5,4,2,1,2,14,45
-34,20,4,36,3,0,0,2,0,0,0,26,19,0,0,4,8,234,0,33,4,7,13,1,4,11,6,3,1,1,2,14,30
23,18,5,35,6,0,1,2,0,0,0,0,15,0,0,4,8,234,2,28,2,6,15,4,4,13,8,4,1,1,2,14,15
23,18,5,36,5,0,1,3,0,0,0,8,7,0,0,4,8,234,3,27,3,6,15,3,5,13,7,3,1,1,2,14,30
14,17,4,40,5,0,1,2,0,0,0,4,11,0,0,4,8,234,2,27,3,7,15,2,5,12,7,3,1,1,2,15,0
92,16,6,29,5,0,2,1,0,0,0,2,13,0,0,4,8,234,2,26,4,9,19,1,7,15,7,3,0,1,2,12,45
62,13,4,31,8,0,2,1,0,0,0,0,15,0,0,4,8,234,1,22,5,9,17,6,9,16,11,6,0,0,1,13,0
50,13,4,27,7,0,2,1,0,0,0,9,6,0,0,4,8,234,0,22,5,9,18,6,9,16,11,6,0,0,2,12,30
52,13,4,25,9,0,1,1,0,0,0,5,10,0,0,4,8,234,2,20,4,8,16,5,8,16,10,6,0,0,2,12,15
-18,13,4,31,9,0,0,1,0,0,0,3,12,0,0,4,8,234,2,20,4,8,16,5,7,16,9,5,0,0,1,13,0
-13,12,4,34,8,0,0,1,0,0,0,12,3,0,0,4,8,234,1,20,5,9,17,4,7,16,9,5,0,0,1,13,30
32,12,4,23,7,0,0,1,0,0,0,11,4,0,0,4,8,234,1,20,6,9,17,3,6,15,8,5,0,0,2,12,0
29,10,4,23,8,0,0,2,0,0,0,10,5,0,0,4,8,234,2,17,4,11,15,4,8,15,9,6,0,0,2,12,0
15,9,4,33,8,0,0,2,0,0,0,3,12,0,0,4,8,234,1,16,4,11,14,3,7,16,10,6,0,0,1,13,15
-5,9,4,29,10,0,0,1,1,0,0,1,14,0,0,4,8,234,3,13,6,8,13,6,7,17,10,5,0,0,2,12,45
51,9,4,15,9,0,0,1,1,0,0,12,3,0,0,4,8,234,3,13,6,8,13,5,7,16,9,4,0,0,2,11,0
30,9,6,18,9,0,0,1,1,0,0,14,1,0,0,4,8,234,3,12,7,9,12,4,10,16,9,4,0,0,3,11,30
-5,8,5,25,8,0,0,3,1,0,0,9,6,0,0,4,8,234,4,10,5,7,10,3,9,16,9,5,0,0,2,12,15
61,8,5,16,8,0,0,3,1,0,0,7,8,0,0,4,8,234,5,9,4,6,9,2,8,16,8,5,0,0,2,11,15
27,7,4,27,8,0,0,4,1,0,0,2,13,0,0,4,8,234,6,7,2,4,7,2,7,17,8,4,0,0,2,12,30
50,5,3,13,8,0,0,5,1,0,0,7,8,0,0,4,8,234,4,5,2,4,5,6,10,20,11,6,0,0,1,10,45
-9,5,4,20,8,0,0,4,1,0,0,0,15,0,0,4,8,234,4,5,2,5,5,5,10,19,10,5,0,0,2,11,45
9,4,3,20,7,0,0,4,1,0,0,11,4,0,0,4,8,234,3,5,3,5,5,5,9,18,10,6,0,0,2,11,45
29,4,3,11,7,0,0,4,1,0,0,9,6,0,0,4,8,234,4,4,2,4,4,5,8,17,9,5,0,0,2,10,30
51,4,3,7,6,0,0,4,1,0,0,3,12,0,0,4,8,234,4,4,2,4,4,5,8,16,8,4,0,0,2,10,0
-5,3,2,11,6,0,0,3,1,0,0,2,13,0,0,4,8,234,3,4,3,4,4,4,7,15,8,5,0,0,2,10,30
-8,3,3,18,6,0,0,3,1,0,1,13,2,0,0,4,8,234,3,2,2,2,2,5,11,14,9,5,0,0,3,11,30
-118,3,3,20,6,0,0,3,1,0,0,9,6,0,0,4,8,234,2,2,2,2,2,4,11,13,9,6,0,0,2,11,45
32,3,3,3,5,0,0,3,1,0,0,7,8,0,0,4,8,234,2,2,2,2,2,3,10,12,8,5,0,0,2,9,30
54,2,2,5,5,0,0,3,1,0,0,0,15,0,0,4,8,234,1,1,1,1,1,3,10,11,9,4,0,0,2,9,45
17,1,1,1,5,0,0,3,1,0,0,3,12,0,0,4,8,234,1,0,0,0,0,5,10,10,9,4,0,0,2,9,15
-17,1,1,9,5,0,0,2,1,0,0,3,12,0,0,4,8,234,1,0,0,0,0,8,9,9,8,4,0,0,2,10,15
-10,0,0,16,5,0,0,2,0,0,0,0,4,0,0,4,8,234,0,0,0,0,0,8,8,8,8,5,0,0,2,11,15
59,0,0,5,5,0,0,1,0,0,0,0,7,0,0,4,8,234,0,0,0,0,0,7,7,7,7,4,0,0,2,9,45
-26,0,0,7,4,0,0,1,0,0,0,0,10,0,0,4,8,234,0,0,0,0,0,6,6,6,6,4,0,0,2,10,0
5,0,0,1,3,0,0,1,0,0,0,0,12,0,0,4,8,234,0,0,0,0,0,5,5,5,5,4,0,0,2,9,15
-14,0,0,13,2,0,0,1,0,0,0,0,13,0,0,4,8,234,0,0,0,0,0,4,4,4,4,3,0,0,1,10,45
1,0,0,0,1,0,0,1,0,0,0,0,18,0,1,4,8,234,0,0,0,0,0,3,3,3,3,3,0,0,2,9,0
41,0,0,3,0,0,0,1,0,0,0,0,26,0,0,4,8,234,0,0,0,0,0,2,2,2,2,2,0,0,2,9,30
-33,0,0,9,0,0,0,0,0,0,0,0,31,0,0,4,8,234,0,0,0,0,0,1,1,1,1,1,0,0,2,10,15
9,34,6,55,2,0,3,0,0,0,0,10,5,1,0,3,8,233,2,52,3,7,14,3,5,14,4,3,11,5,1,17,15
18,31,4,55,5,0,2,0,0,0,0,1,14,1,0,3,8,233,2,49,4,5,15,4,6,14,6,2,10,5,1,17,15
22,29,2,50,5,0,1,0,0,0,0,14,1,0,0,3,8,233,0,49,4,5,15,3,5,13,7,3,9,4,2,16,45
148,29,3,33,7,0,0,0,0,0,0,11,4,0,0,3,8,233,1,47,3,7,13,3,8,14,7,3,8,4,2,14,30
31,29,4,55,7,0,0,0,0,0,0,5,10,1,0,3,8,233,1,46,2,7,12,3,7,13,7,3,7,3,1,17,15
24,27,2,53,7,0,0,0,0,0,1,3,12,0,0,3,8,233,1,44,2,6,10,5,10,15,8,3,7,3,3,17,0
44,27,3,45,6,0,0,0,0,0,1,9,6,0,0,3,8,233,0,44,4,9,10,5,9,15,8,3,6,3,1,16,0
32,27,3,43,5,0,0,0,0,0,1,10,5,0,0,3,8,233,0,44,6,10,12,7,9,14,7,3,6,2,2,15,45
-8,27,3,48,4,0,0,0,0,0,1,8,7,0,0,3,8,233,0,44,6,10,12,6,8,13,6,3,6,2,3,16,30
30,27,3,47,3,0,1,0,0,0,1,5,10,0,0,3,8,233,1,43,5,9,12,6,8,12,5,3,5,2,2,16,15
9,26,2,50,2,0,2,2,0,0,1,13,2,0,0,3,8,233,3,40,4,6,9,5,7,12,5,3,5,1,2,16,45
21,25,1,43,2,0,2,2,0,0,1,1,14,0,0,3,8,233,2,39,5,5,10,4,6,13,6,3,5,1,2,15,45
-1,25,1,48,1,0,2,2,0,0,1,0,15,0,0,3,8,233,2,39,5,5,10,3,5,12,5,2,5,1,3,16,30
-44,25,1,50,1,0,2,2,0,0,0,13,2,0,0,3,8,233,2,39,5,5,10,2,4,11,4,2,4,1,2,16,45
29,25,1,37,2,0,1,2,0,0,0,8,7,0,0,3,8,233,3,38,4,4,9,2,4,10,3,1,4,0,2,15,0
-11,24,0,37,3,0,1,3,0,0,1,10,5,0,0,3,8,233,4,34,0,2,8,2,6,10,5,2,4,0,2,15,0
-124,24,0,53,2,0,1,3,0,0,1,7,8,0,0,3,8,233,2,34,0,2,8,2,5,9,6,1,4,0,3,17,0
-51,24,4,42,2,0,1,3,0,0,0,40,20,0,0,3,8,233,2,34,2,5,14,4,7,8,5,0,4,1,2,15,30
26,24,4,33,1,0,1,3,0,0,0,35,25,0,0,3,8,233,2,34,3,5,14,3,6,7,4,0,4,1,2,14,30
22,24,4,37,1,0,1,2,0,0,0,34,26,0,0,3,8,233,2,34,3,5,14,2,5,6,3,0,4,1,2,15,0
-41,24,4,45,1,0,1,1,0,0,0,25,35,0,0,3,8,233,1,34,4,6,16,2,4,5,3,0,4,1,1,16,0
-8,22,4,35,2,0,2,1,0,0,0,14,1,0,0,3,8,233,2,31,2,6,16,3,4,9,4,0,3,2,3,14,45
22,21,4,31,2,0,2,1,0,0,0,8,7,0,0,3,8,233,2,30,2,6,16,3,3,10,4,0,3,1,1,13,15
4,21,6,32,2,0,1,1,0,0,0,1,14,0,0,3,8,233,2,29,3,7,18,2,2,9,3,0,3,1,2,13,30
-76,20,7,40,1,0,1,1,0,0,2,9,6,0,0,3,8,233,2,28,4,10,17,1,2,13,4,2,2,2,1,15,15
-132,13,7,40,8,0,0,4,0,0,2,10,5,0,0,3,8,233,4,18,4,7,12,7,12,19,11,4,1,1,1,15,15
5,13,7,27,9,0,0,4,0,0,1,6,9,0,0,3,8,233,5,17,3,6,12,6,11,18,10,3,1,0,2,12,45
26,13,7,29,9,0,0,3,0,0,1,4,11,0,0,3,8,233,5,17,4,6,12,5,10,17,9,2,1,0,1,13,0
26,12,6,27,10,0,0,3,0,0,0,2,13,0,0,3,8,233,4,16,4,5,11,4,10,17,10,4,1,0,2,12,45
23,11,5,19,9,0,0,3,0,0,0,4,11,0,0,3,8,233,3,16,4,6,13,4,10,19,10,4,1,0,2,11,45
2,10,5,23,8,0,1,3,0,0,0,13,2,0,0,3,8,233,3,15,4,6,12,6,10,18,10,4,1,0,2,12,15
32,10,5,17,8,0,1,3,0,0,0,12,3,0,0,3,8,233,4,14,3,5,11,5,9,17,9,4,1,0,2,11,30
18,7,3,21,9,0,2,2,0,0,0,6,9,0,0,3,8,233,3,12,2,5,10,6,10,19,11,7,1,0,2,12,0
22,6,2,13,8,0,2,2,0,0,0,3,12,0,0,3,8,233,2,11,2,5,11,6,9,18,11,6,1,0,2,11,0
10,6,2,17,8,0,2,2,0,0,0,2,13,0,0,3,8,233,3,11,1,4,10,5,8,17,10,5,1,0,2,11,30
3,6,3,19,7,0,2,2,0,0,0,1,14,0,0,3,8,233,3,11,1,4,10,5,8,16,9,4,1,0,2,11,45
27,6,3,21,7,0,2,1,0,0,0,11,4,0,0,3,8,233,3,11,2,4,11,4,8,16,8,3,1,0,2,12,0
14,6,4,15,6,0,2,1,0,0,0,3,12,0,0,3,8,233,1,11,2,6,11,4,7,18,9,5,1,0,2,11,15
20,6,5,11,6,0,1,2,0,0,0,5,10,0,0,3,8,233,2,10,3,7,10,4,10,18,8,5,1,1,2,10,45
0,6,5,25,5,0,1,2,0,0,0,2,13,0,0,3,8,233,2,10,3,7,10,4,9,17,7,5,1,1,2,12,30
-23,5,5,25,6,0,1,1,0,0,0,11,4,0,0,3,8,233,2,9,2,6,9,4,9,17,7,5,1,1,2,12,30
-27,5,5,23,5,0,1,1,0,0,0,1,14,0,0,3,8,233,2,9,4,7,9,4,10,17,6,5,1,1,2,12,15
1,4,4,9,5,0,1,1,0,0,1,2,13,0,0,3,8,233,2,7,4,6,7,6,9,16,7,4,1,1,2,10,30
10,3,3,15,4,0,1,1,0,0,1,14,1,0,0,3,8,233,1,7,4,6,7,5,8,15,7,5,1,1,2,11,15
-128,2,2,29,3,0,3,1,0,0,1,2,13,0,0,3,8,233,2,5,3,5,5,7,11,14,7,5,1,1,1,13,0
1,2,2,8,2,0,3,1,0,0,1,0,15,0,0,3,8,233,2,5,3,5,5,6,10,13,6,4,1,1,2,10,15
71,1,1,6,3,0,2,2,0,0,1,10,5,0,0,3,8,233,2,3,1,3,3,5,9,12,7,5,0,1,1,10,0
55,1,1,0,3,0,2,2,0,0,0,8,7,0,1,3,8,233,2,3,1,3,3,4,8,11,6,4,0,0,1,9,0
-17,0,0,6,3,0,1,2,0,0,0,11,4,0,0,3,8,233,0,3,3,3,3,4,9,10,7,5,0,0,1,10,0
-8,0,0,13,2,0,1,2,0,0,0,10,5,0,0,3,8,233,0,3,3,3,3,3,8,9,6,5,0,0,2,11,0
0,0,0,4,2,0,0,2,0,0,0,8,7,0,0,3,8,233,0,3,3,3,3,2,7,8,5,4,0,0,2,9,45
-38,0,0,11,3,0,0,2,0,0,0,0,1,0,0,3,8,233,1,1,1,1,1,6,7,7,5,4,0,0,2,10,45
31,0,0,2,3,0,0,1,0,0,1,0,8,0,0,3,8,233,0,0,0,0,0,5,6,6,6,5,0,0,2,9,30
-351,0,0,35,3,0,0,1,0,0,0,0,10,0,0,3,8,233,0,0,0,0,0,5,5,5,5,4,0,0,3,14,45
-60,0,0,9,2,0,0,1,0,0,0,0,11,0,0,3,8,233,0,0,0,0,0,4,4,4,4,4,0,0,2,10,30
-48,0,0,4,1,0,0,1,0,0,0,0,23,0,0,3,8,233,0,0,0,0,0,3,3,3,3,3,0,0,2,9,45
-12,0,0,1,0,0,0,1,0,0,0,0,30,0,0,3,8,233,0,0,0,0,0,2,2,2,2,2,0,0,2,9,15
1,0,0,2,0,0,0,0,0,0,0,0,40,0,0,3,8,233,0,0,0,0,0,1,1,1,1,1,0,0,2,9,30
17,28,0,51,0,0,1,0,0,0,0,3,12,1,0,2,8,232,0,50,1,2,9,2,2,4,2,1,4,1,1,17,45
3,28,0,50,0,0,0,0,0,0,1,11,19,0,0,2,8,232,1,49,0,2,10,1,1,5,1,0,4,0,1,17,30
-13,28,1,48,3,0,0,0,0,0,1,0,15,0,0,2,8,232,3,45,6,8,12,2,5,11,2,1,4,0,1,16,45
-21,28,2,49,5,0,1,0,0,0,1,6,9,0,0,2,8,232,3,41,2,6,10,3,8,12,5,2,4,1,1,17,0
-34,27,2,46,5,0,2,0,0,0,1,14,1,0,0,2,8,232,4,39,2,4,9,3,7,11,5,3,4,1,1,16,30
-43,27,2,46,5,0,1,0,0,0,1,7,8,0,0,2,8,232,4,39,3,6,10,3,6,11,4,3,4,1,1,16,30
-18,27,3,40,7,0,1,0,0,0,0,2,13,0,0,2,8,232,3,37,2,4,10,5,7,11,6,3,4,1,2,15,30
-54,26,2,45,7,0,0,0,0,0,0,12,3,0,0,2,8,232,2,37,3,4,10,4,6,10,6,4,3,1,2,16,15
-13,26,2,44,6,0,1,0,0,0,0,2,13,0,0,2,8,232,2,36,3,5,12,4,7,11,6,4,3,1,1,16,0
-6,26,2,42,5,0,1,0,0,0,0,14,1,0,0,2,8,232,2,36,3,5,12,3,6,10,5,3,3,1,1,15,45
31,26,2,36,4,0,1,0,0,0,0,10,5,0,0,2,8,232,2,36,3,5,12,2,5,9,4,3,3,1,2,15,0
-13,25,3,40,6,0,1,0,0,0,0,5,10,0,0,2,8,232,2,33,1,4,11,3,5,9,6,5,3,1,2,15,30
15,24,2,32,5,0,1,0,0,0,0,39,6,0,0,2,8,232,1,33,2,5,13,3,5,11,6,5,3,1,1,14,15
-49,24,5,42,4,0,1,0,0,0,0,24,21,0,0,2,8,232,0,33,4,7,14,2,5,10,6,5,2,1,1,15,45
-7,24,5,34,5,0,0,0,0,0,0,20,25,0,0,2,8,232,1,32,3,6,14,2,5,9,5,4,2,0,2,14,45
12,22,6,34,5,0,0,1,1,0,0,8,7,0,0,2,8,232,1,29,3,6,15,3,5,11,7,5,2,0,2,14,45
39,22,7,31,5,0,0,1,1,0,0,14,1,0,0,2,8,232,2,28,4,6,15,3,7,13,6,4,2,0,1,13,30
37,19,5,28,6,0,0,1,1,0,0,11,4,0,0,2,8,232,1,26,3,7,17,3,6,14,8,4,2,0,1,13,0
-30,19,6,36,5,0,0,1,1,0,0,5,10,0,0,2,8,232,1,26,4,8,18,2,5,14,7,3,2,0,2,15,0
-25,18,5,33,6,0,0,1,1,0,0,7,8,0,0,2,8,232,2,24,4,9,16,4,5,15,7,2,2,1,2,14,30
74,16,5,23,7,0,0,1,1,0,0,5,10,0,0,2,8,232,2,22,4,9,17,3,8,17,8,2,2,1,1,12,15
52,16,5,23,7,0,0,1,0,0,0,4,11,0,0,2,8,232,2,22,4,9,17,2,7,16,7,1,2,1,1,12,15
1,15,4,28,6,0,0,1,0,0,0,1,14,0,0,2,8,232,1,22,5,9,17,2,7,16,7,1,2,1,1,13,0
-111,13,6,38,10,0,0,1,0,0,0,3,12,0,0,2,8,232,2,17,4,9,16,6,10,19,10,4,1,1,2,15,15
26,12,7,21,10,0,1,1,0,0,0,4,11,0,0,2,8,232,2,15,5,8,14,5,10,19,11,4,1,0,2,12,0
48,12,7,20,10,0,1,1,0,0,0,14,1,0,0,2,8,232,2,14,5,8,13,5,11,19,11,4,1,0,2,11,45
12,12,8,26,9,0,1,1,0,0,0,7,8,0,0,2,8,232,2,14,5,8,13,6,11,20,10,4,1,0,2,12,45
47,11,8,16,8,0,1,2,0,0,0,5,10,0,0,2,8,232,2,13,5,8,12,5,10,20,10,5,1,0,2,11,15
14,11,8,25,7,0,1,2,0,0,0,3,12,0,0,2,8,232,2,13,5,8,12,5,9,19,9,4,1,0,2,12,30
63,9,7,16,10,0,1,2,0,0,0,3,12,0,0,2,8,232,4,9,2,5,9,6,11,18,10,4,1,1,2,11,15
-29,8,6,26,9,0,1,2,0,0,0,13,2,0,0,2,8,232,3,9,3,6,9,6,10,18,10,4,1,1,2,12,45
26,8,7,18,8,0,1,2,0,0,0,8,7,0,0,2,8,232,3,9,3,6,9,6,10,17,9,3,1,1,1,11,30
-79,7,6,30,8,0,1,2,0,0,0,4,11,0,0,2,8,232,3,8,3,5,8,5,10,17,9,3,1,1,1,13,15
36,7,6,13,8,0,0,2,0,0,0,12,3,0,0,2,8,232,3,8,3,7,8,5,9,16,8,3,1,1,2,11,0
8,5,4,11,7,0,0,3,0,0,0,3,12,0,0,2,8,232,1,7,3,6,7,6,9,16,10,5,1,1,3,10,45
-28,5,4,21,8,0,0,2,0,0,0,14,1,0,0,2,8,232,2,6,3,5,6,5,9,16,9,4,1,1,2,12,0
28,5,4,11,8,0,0,1,0,0,0,12,3,0,0,2,8,232,2,6,3,5,6,4,8,15,8,3,1,1,3,10,45
-55,3,2,18,7,0,1,1,0,0,0,2,13,0,0,2,8,232,1,5,4,4,5,5,10,14,9,4,1,1,1,11,30
48,3,2,8,6,0,1,2,0,0,0,7,8,0,0,2,8,232,2,4,3,4,4,5,9,13,8,4,1,1,1,10,15
-215,3,2,38,5,0,1,2,0,0,0,6,9,0,0,2,8,232,2,4,3,4,4,4,8,12,7,4,0,1,2,15,15
14,1,1,13,5,0,1,2,0,0,0,8,7,0,0,2,8,232,1,3,2,3,3,6,8,12,8,5,0,0,2,11,0
21,1,1,13,4,0,1,2,0,0,0,6,9,0,0,2,8,232,1,3,2,3,3,6,8,11,7,5,0,0,2,11,0
25,1,1,8,4,0,1,3,0,0,0,12,3,0,0,2,8,232,2,1,1,1,1,5,7,10,7,5,0,0,1,10,15
36,1,1,4,3,0,1,3,0,0,0,0,15,0,0,2,8,232,1,1,1,1,1,4,8,9,7,5,0,0,2,9,45
-1,1,1,4,2,0,1,3,0,0,0,12,3,0,0,2,8,232,1,1,1,1,1,4,7,8,6,4,0,0,2,9,45
8,1,1,10,1,0,1,3,0,0,0,10,5,0,0,2,8,232,1,1,1,1,1,3,6,7,5,3,0,0,2,10,30
48,1,1,1,1,0,0,3,0,0,0,6,9,0,0,2,8,232,1,1,1,1,1,3,5,6,4,2,0,0,2,9,15
24,0,0,6,1,0,1,2,0,0,0,0,2,0,0,2,8,232,0,0,0,0,0,4,5,5,5,2,0,0,2,10,0
1,0,0,0,1,0,0,2,0,0,0,0,9,0,1,2,8,232,0,0,0,0,0,3,4,4,4,2,0,0,1,9,0
27,0,0,2,1,0,0,1,0,0,0,0,19,0,0,2,8,232,0,0,0,0,0,2,3,3,3,2,0,0,2,9,30
-9,0,0,2,1,0,0,0,0,0,0,0,30,0,0,2,8,232,0,0,0,0,0,2,2,2,2,2,0,0,2,9,30
-24,0,0,6,0,0,0,0,0,0,0,0,57,0,0,2,8,232,0,0,0,0,0,1,1,1,1,1,0,0,2,10,0
16,20,2,43,1,0,0,0,0,0,0,0,15,0,0,6,8,229,0,43,2,6,10,1,1,8,2,1,5,1,1,17,15
18,18,0,41,4,0,0,3,0,0,0,6,24,0,0,6,8,229,1,36,2,4,11,5,9,12,7,4,5,2,1,17,0
0,18,1,41,5,0,0,3,0,0,0,2,28,0,0,6,8,229,3,34,0,2,9,4,8,11,6,3,5,2,1,17,0
-16,18,2,37,4,0,0,3,0,0,0,10,5,0,0,6,8,229,1,34,0,3,9,3,7,11,7,2,5,2,2,16,30
-5,18,3,37,3,0,0,3,0,0,0,1,14,0,0,6,8,229,1,34,0,4,9,4,6,11,6,2,5,2,2,16,30
20,18,3,35,3,0,0,2,0,0,0,39,6,0,0,6,8,229,1,34,2,4,9,4,5,11,5,2,4,2,2,16,0
-2,18,3,39,3,0,0,1,0,0,0,23,22,0,0,6,8,229,1,34,3,7,11,4,5,10,4,2,3,1,2,16,45
-89,18,3,44,2,0,0,1,0,0,0,22,23,1,0,6,8,229,1,34,4,8,11,3,5,9,3,1,3,1,1,17,30
-3,18,3,35,1,0,1,1,0,0,0,14,31,0,0,6,8,229,2,33,3,7,10,2,5,8,2,1,3,1,2,16,0
-32,18,3,39,2,0,1,0,0,0,0,9,36,0,0,6,8,229,3,32,2,7,9,1,4,7,1,1,3,1,2,16,45
22,15,2,27,2,0,1,1,0,0,0,2,13,0,0,6,8,229,1,30,5,5,9,3,6,9,4,2,3,2,2,14,30
11,15,2,28,2,0,3,1,0,0,1,67,8,0,0,6,8,229,5,26,1,3,6,3,5,9,3,2,2,2,2,14,45
5,15,3,30,2,0,2,1,0,0,1,63,12,0,0,6,8,229,5,26,1,3,7,2,4,8,2,1,2,1,3,15,0
-92,14,2,32,3,0,1,1,0,0,1,42,33,0,0,6,8,229,3,25,2,3,10,3,4,8,4,1,1,1,2,15,45
-13,13,1,30,3,0,1,0,0,0,1,31,44,0,0,6,8,229,2,25,2,3,11,2,4,11,4,1,1,0,3,15,0
45,13,1,26,3,0,1,0,0,0,0,28,47,0,0,6,8,229,2,25,2,3,12,1,4,10,3,1,1,0,1,13,15
18,12,3,24,4,0,1,0,0,0,1,2,13,0,0,6,8,229,4,22,1,6,12,3,5,14,3,2,1,0,1,13,0
64,12,3,22,3,0,1,0,0,0,1,10,5,0,0,6,8,229,4,22,1,7,13,3,5,13,2,1,1,0,2,12,45
-40,12,5,28,2,0,1,0,0,0,1,14,1,0,0,6,8,229,4,22,3,9,15,2,7,13,1,1,1,1,2,14,45
-4,11,5,22,3,0,1,0,0,0,0,0,15,0,0,6,8,229,2,21,6,10,15,2,6,13,3,2,1,1,2,12,45
1,9,4,20,4,0,2,0,0,0,0,13,2,0,0,6,8,229,2,18,5,8,12,5,8,14,5,2,1,1,2,12,30
2,9,4,18,7,0,1,0,0,0,0,11,4,0,0,6,8,229,2,15,4,6,10,5,9,13,7,3,1,1,2,12,15
-4,9,4,18,6,0,1,0,0,0,0,10,5,0,0,6,8,229,2,15,4,6,10,4,8,12,6,3,1,1,2,12,15
94,8,3,8,5,0,1,1,0,0,0,5,10,0,0,6,8,229,2,14,3,5,11,3,8,12,6,3,1,1,2,10,45
-208,8,3,32,5,0,0,1,0,0,0,4,11,0,0,6,8,229,2,14,3,6,11,2,7,11,5,3,0,1,2,15,45
9,6,3,13,8,0,0,0,0,0,0,12,3,0,0,6,8,229,3,11,2,5,8,5,7,13,6,4,0,0,2,11,30
-30,5,2,24,7,0,0,0,0,0,0,4,11,0,0,6,8,229,0,11,3,5,8,5,8,12,8,4,0,0,1,13,0
7,5,2,15,6,0,0,0,0,0,0,1,14,0,0,6,8,229,0,11,3,5,8,4,7,11,7,3,0,0,1,11,45
5,5,2,12,5,0,0,1,0,0,0,9,6,0,0,6,8,229,1,10,4,4,9,3,6,10,6,2,0,0,2,11,15
-28,5,2,20,4,0,0,1,0,0,0,4,11,0,0,6,8,229,1,10,4,4,10,2,5,9,5,2,0,0,2,12,30
-2,5,3,17,3,0,0,1,0,0,1,8,7,0,0,6,8,229,1,9,3,4,9,2,5,8,5,2,0,0,2,12,0
-19,4,4,15,3,0,0,2,0,0,2,2,13,0,0,6,8,229,2,6,0,3,6,3,7,10,6,1,0,0,1,11,45
0,3,3,8,3,0,0,2,0,0,1,6,9,0,0,6,8,229,0,6,2,3,6,3,6,9,7,2,0,0,2,10,45
105,3,3,4,2,0,0,2,0,0,1,5,10,0,0,6,8,229,0,6,3,3,6,2,5,8,6,2,0,0,1,10,0
-4,2,2,13,1,0,0,3,0,0,1,9,6,0,0,6,8,229,0,5,2,5,5,4,4,10,6,3,0,0,2,11,30
-2,1,1,10,2,0,0,2,0,0,2,26,4,0,0,6,8,229,1,3,2,3,3,3,5,9,6,2,0,0,1,11,0
15,0,0,5,1,0,0,2,0,0,2,21,9,0,0,6,8,229,0,3,3,3,3,2,4,9,6,3,0,0,2,10,15
-13,0,0,10,1,0,0,2,0,0,1,20,10,0,0,6,8,229,0,3,3,3,3,1,3,8,5,3,0,0,1,11,0
22,0,0,1,2,0,1,2,0,0,1,0,9,0,0,6,8,229,0,0,0,0,0,3,6,7,7,5,0,0,2,9,15
-85,0,0,6,2,0,0,2,0,0,1,0,14,0,0,6,8,229,0,0,0,0,0,3,5,6,6,4,0,0,2,10,30
-4,0,0,0,1,0,0,2,0,0,1,0,27,0,1,6,8,229,0,0,0,0,0,4,5,5,5,3,0,0,1,9,0
0,0,0,2,0,0,0,2,0,0,1,0,42,0,0,6,8,229,0,0,0,0,0,3,4,4,4,3,0,0,1,9,45
10,0,0,2,0,0,0,1,0,0,1,0,50,0,0,6,8,229,0,0,0,0,0,2,3,3,3,3,0,0,1,9,45
-2,0,0,6,0,0,0,0,0,0,1,0,53,0,0,6,8,229,0,0,0,0,0,2,2,2,2,2,0,0,2,10,30
-397,0,0,32,0,0,0,0,0,0,0,0,82,0,0,6,8,229,0,0,0,0,0,1,1,1,1,1,0,0,2,15,45
-7,26,0,50,0,0,0,1,0,0,0,16,14,1,0,5,8,228,0,50,1,2,9,1,2,3,2,0,7,1,1,17,30
-11,26,2,50,2,0,0,0,0,0,0,28,2,1,0,5,8,228,1,48,4,6,11,1,2,8,2,0,6,1,1,17,30
-25,24,2,49,4,0,1,0,0,0,0,7,8,0,0,5,8,228,3,44,3,6,11,1,5,12,3,0,6,1,2,17,0
74,23,2,37,5,0,2,0,0,0,0,14,1,0,0,5,8,228,1,41,4,7,13,4,9,14,7,4,6,1,3,15,0
-50,23,2,46,5,0,1,1,0,0,0,12,3,0,0,5,8,228,2,39,3,6,12,3,8,13,6,4,6,1,2,16,30
1,23,2,38,5,0,0,2,0,0,0,10,5,0,0,5,8,228,3,39,2,5,11,2,7,12,5,3,5,1,2,15,15
-17,22,2,45,5,0,0,2,0,0,0,7,8,0,0,5,8,228,2,38,1,5,12,4,8,13,6,4,5,0,1,16,0
13,21,3,43,5,0,0,2,0,0,0,5,10,0,0,5,8,228,0,37,3,7,13,5,7,14,8,4,5,0,1,15,45
-106,21,3,47,5,0,0,1,0,0,0,14,1,0,0,5,8,228,0,37,3,7,14,6,6,13,7,4,5,0,1,16,45
-9,21,4,36,4,0,0,1,0,0,0,12,3,0,0,5,8,228,0,37,4,7,14,5,5,12,6,4,5,0,1,14,45
-14,21,4,43,5,0,0,2,0,0,0,0,15,0,0,5,8,228,3,34,1,6,13,4,7,11,5,4,5,1,1,15,45
43,21,4,33,5,0,0,1,0,0,0,44,1,0,0,5,8,228,3,34,1,6,13,3,6,10,4,3,5,1,2,14,15
-15,20,4,41,4,0,0,1,0,0,0,30,15,0,0,5,8,228,2,34,4,7,15,2,7,10,4,2,5,2,2,15,30
-44,20,4,41,3,0,0,1,0,0,0,29,16,0,0,5,8,228,2,34,4,7,15,1,6,9,3,1,5,2,2,15,30
7,17,4,34,6,0,0,1,0,0,0,12,3,0,0,5,8,228,2,30,3,7,15,5,7,12,6,5,4,3,1,14,30
31,17,4,32,5,0,0,1,0,0,0,11,4,0,0,5,8,228,2,30,3,7,16,4,6,11,5,4,4,2,1,13,30
-38,17,4,34,5,0,0,0,0,0,0,9,6,0,0,5,8,228,2,30,3,7,17,3,5,11,4,4,4,2,1,14,30
21,16,4,31,4,0,0,1,0,0,1,7,8,0,0,5,8,228,2,28,4,8,15,4,4,15,5,4,4,2,1,13,15
-115,16,5,38,4,0,0,1,0,0,1,1,14,0,0,5,8,228,3,27,4,8,14,3,4,15,4,3,3,2,2,15,15
39,16,7,29,3,0,0,2,0,0,1,4,11,0,0,5,8,228,3,26,4,10,14,2,4,15,4,2,3,1,1,13,0
27,15,6,26,5,0,0,2,0,0,0,8,7,0,0,5,8,228,3,24,4,9,14,1,4,17,5,1,2,1,2,12,45
43,11,4,26,8,0,0,2,1,0,0,1,14,0,0,5,8,228,3,19,4,6,14,5,12,19,9,2,2,1,2,12,45
32,9,2,21,10,0,0,2,1,0,0,5,10,0,0,5,8,228,4,16,3,4,12,6,12,19,10,3,2,1,1,12,0
-5,9,2,29,9,0,0,2,1,0,0,14,1,0,0,5,8,228,3,16,3,5,13,6,12,18,10,2,2,1,1,13,0
19,9,3,19,9,0,0,2,1,0,0,5,10,0,0,5,8,228,3,15,2,5,13,8,13,19,10,3,2,2,2,11,45
27,8,2,16,8,0,0,2,1,0,0,2,13,0,0,5,8,228,2,15,2,5,14,8,12,18,10,3,1,2,2,11,30
30,7,1,19,9,0,0,2,0,0,0,10,5,0,0,5,8,228,2,14,2,5,13,8,12,18,10,2,1,1,2,11,45
13,7,1,24,9,0,0,1,1,0,0,8,7,0,0,5,8,228,2,13,1,6,13,7,11,17,10,2,1,1,3,12,30
5,7,2,24,8,0,0,1,1,0,0,4,11,0,0,5,8,228,2,13,1,6,13,6,10,16,9,2,1,1,3,12,30
-14,7,2,21,7,0,0,1,1,0,0,12,3,0,0,5,8,228,2,13,2,6,13,7,9,16,8,2,1,1,1,12,0
18,7,2,14,6,0,0,1,1,0,0,10,5,0,0,5,8,228,2,13,2,6,13,6,8,15,7,2,1,1,3,11,15
-7,7,2,16,5,0,0,1,1,0,0,8,7,0,0,5,8,228,0,13,3,7,13,6,8,14,8,2,1,1,2,11,30
27,7,2,12,4,0,0,1,1,0,0,4,11,0,0,5,8,228,0,13,3,8,13,5,7,13,7,2,1,1,2,11,0
67,7,2,11,3,0,0,1,1,0,0,0,15,0,0,5,8,228,0,13,4,8,13,4,7,13,6,2,1,1,2,10,45
-238,7,4,47,4,0,0,1,1,0,0,0,15,0,0,5,8,228,2,11,4,8,11,4,7,14,5,1,1,1,1,16,45
-246,7,4,38,4,0,0,1,0,0,0,12,3,0,0,5,8,228,1,11,4,8,11,3,6,13,5,1,0,1,2,15,15
-7,7,4,23,3,0,0,1,0,0,0,9,6,0,0,5,8,228,1,11,4,8,11,3,6,12,4,1,0,0,2,12,15
38,6,4,6,4,0,0,1,0,0,0,12,3,0,0,5,8,228,2,9,5,8,9,3,7,13,4,2,0,0,1,10,0
-21,5,5,16,4,0,0,1,0,0,1,10,5,0,0,5,8,228,1,7,4,7,7,4,7,14,6,3,0,0,2,11,30
-67,5,5,26,3,0,1,2,0,0,1,2,13,0,0,5,8,228,2,5,4,5,5,4,7,13,6,3,0,0,2,12,45
-32,5,5,9,4,0,0,2,0,0,1,8,7,0,0,5,8,228,2,4,4,4,4,4,6,12,6,2,0,0,1,10,30
-16,3,3,12,5,0,0,1,0,0,1,11,4,0,0,5,8,228,1,3,3,3,3,4,7,11,7,3,0,0,2,11,0
4,2,2,4,4,0,0,1,0,0,1,6,9,0,0,5,8,228,0,3,3,3,3,3,6,10,7,3,0,0,2,9,45
-18,2,2,9,5,0,0,1,0,0,1,14,1,0,0,5,8,228,2,1,1,1,1,3,6,9,6,3,0,0,1,10,30
-49,0,0,14,5,0,0,1,0,0,1,4,11,0,0,5,8,228,1,0,0,0,0,3,7,8,7,4,0,0,3,11,15
-8,0,0,8,5,0,0,1,0,0,0,2,13,0,0,5,8,228,0,0,0,0,0,4,7,7,7,3,0,0,2,10,15
10,0,0,1,4,0,0,1,0,0,0,0,9,0,0,5,8,228,0,0,0,0,0,4,6,6,6,3,0,0,2,9,15
22,0,0,6,3,0,0,1,0,0,0,0,12,0,0,5,8,228,0,0,0,0,0,4,5,5,5,2,0,0,1,10,0
22,0,0,2,3,0,0,0,0,0,0,0,25,0,0,5,8,228,0,0,0,0,0,4,4,4,4,2,0,0,2,9,30
-35,0,0,4,2,0,0,0,0,0,0,0,32,0,0,5,8,228,0,0,0,0,0,3,3,3,3,1,0,0,2,9,45
22,0,0,0,1,0,0,0,0,0,0,0,39,0,1,5,8,228,0,0,0,0,0,2,2,2,2,1,0,0,1,9,0
9,0,0,2,0,0,0,0,0,0,0,0,49,0,0,5,8,228,0,0,0,0,0,1,1,1,1,0,0,0,2,9,30
68,32,2,51,1,0,0,0,0,0,0,13,0,0,0,4,8,227,1,53,2,5,10,1,1,7,1,0,4,0,1,17,0
37,28,2,46,5,0,0,2,0,0,0,26,4,0,0,4,8,227,2,46,3,3,9,5,6,11,6,3,4,2,2,16,0
-14,28,3,53,5,0,0,1,0,0,0,26,4,0,0,4,8,227,2,46,3,3,9,4,6,10,5,2,3,2,1,17,15
-20,28,3,54,5,0,0,0,0,0,0,25,5,1,0,4,8,227,2,46,3,3,9,3,5,9,4,2,3,1,1,17,30
22,28,3,51,4,0,0,1,0,0,0,23,7,0,0,4,8,227,3,45,2,3,8,2,4,8,3,1,3,1,1,17,0
2,28,3,47,3,0,0,1,0,0,0,20,10,0,0,4,8,227,3,45,2,3,8,1,3,7,2,1,3,1,2,16,30
12,27,2,49,2,0,1,1,1,0,0,5,10,0,0,4,8,227,2,43,1,2,9,2,4,8,4,3,2,1,2,16,45
-30,25,1,49,1,0,1,1,1,0,0,11,4,0,0,4,8,227,0,43,2,6,12,2,5,10,5,3,2,0,2,16,45
-38,25,2,47,3,0,1,0,1,0,0,9,6,0,0,4,8,227,2,41,2,5,11,3,4,9,4,2,2,0,2,16,30
50,25,2,39,3,0,1,0,0,0,0,11,4,0,0,4,8,227,0,41,4,6,14,3,5,9,5,1,2,0,2,15,0
48,25,3,42,2,0,1,0,0,0,0,3,12,0,0,4,8,227,0,41,5,7,15,2,4,8,4,0,2,0,2,15,30
41,25,3,37,3,0,0,0,1,0,0,5,10,0,0,4,8,227,2,39,4,7,16,2,4,9,3,0,2,1,1,14,45
-14,23,3,37,3,0,0,1,2,0,0,38,7,0,0,4,8,227,1,36,4,7,17,3,5,10,6,1,2,1,1,14,45
-30,23,3,42,2,0,0,1,2,0,1,33,12,0,0,4,8,227,2,35,3,7,16,2,5,9,5,1,2,1,2,15,30
-7,22,5,40,1,0,0,3,2,0,1,12,33,0,0,4,8,227,2,33,3,9,16,3,5,13,6,3,1,1,2,15,15
10,22,7,35,1,0,0,3,2,0,1,2,43,0,0,4,8,227,2,32,4,10,16,3,5,15,6,3,1,0,1,14,15
80,21,6,33,1,0,0,3,1,0,1,12,3,0,0,4,8,227,1,32,5,10,18,2,4,15,6,4,1,0,1,13,15
-115,20,8,44,4,0,0,4,1,0,0,4,11,0,0,4,8,227,2,28,5,9,16,3,5,15,8,5,1,1,1,15,45
-13,18,7,36,5,0,0,3,1,0,1,3,12,0,0,4,8,227,2,26,5,9,17,4,7,17,9,6,1,1,2,14,30
53,16,6,31,5,0,0,5,0,0,1,8,7,0,0,4,8,227,2,24,5,8,16,3,8,18,10,7,1,1,1,13,0
70,13,4,25,8,0,0,4,0,0,1,7,8,0,0,4,8,227,2,21,4,7,14,5,11,19,12,7,1,1,2,12,15
-96,13,4,40,8,0,0,3,0,0,1,5,10,0,0,4,8,227,2,21,4,8,15,4,10,18,11,6,0,1,2,15,15
14,12,7,27,10,0,0,3,0,0,1,14,1,0,0,4,8,227,3,18,3,8,15,9,11,21,12,6,0,0,2,12,30
25,12,7,27,9,0,0,3,0,0,1,11,4,0,0,4,8,227,3,18,4,8,15,8,10,20,11,5,0,0,2,12,30
27,11,6,31,8,0,0,4,0,0,1,10,5,0,0,4,8,227,2,17,3,8,14,7,9,19,12,6,0,0,1,13,0
-155,11,7,44,8,0,0,3,0,0,1,1,14,0,0,4,8,227,2,17,4,8,14,7,10,18,11,5,0,0,1,15,45
10,11,7,21,7,0,0,3,0,0,1,1,14,0,0,4,8,227,2,17,4,8,14,6,9,17,10,4,0,0,2,11,45
54,10,7,19,7,0,0,3,0,0,1,7,8,0,0,4,8,227,2,16,4,8,14,5,10,16,10,3,0,0,2,11,30
36,10,7,23,7,0,0,2,0,0,1,5,10,0,0,4,8,227,2,16,4,9,14,4,9,15,9,3,0,0,2,12,0
4,10,7,29,7,0,0,2,0,0,0,4,11,0,0,4,8,227,2,16,4,9,14,3,8,14,8,3,0,0,2,12,45
39,10,7,21,6,0,0,2,0,0,0,1,14,0,0,4,8,227,2,16,6,9,14,3,8,13,7,2,0,0,2,11,45
-22,9,7,34,6,0,2,2,0,0,0,4,11,0,0,4,8,227,4,13,4,7,11,3,8,13,7,2,0,0,1,13,30
40,6,4,23,7,0,2,3,0,0,0,2,13,0,0,4,8,227,4,10,3,6,9,5,10,15,9,4,0,0,2,12,0
-32,4,2,29,7,0,2,3,0,0,0,7,8,0,0,4,8,227,3,9,2,6,9,6,10,16,10,4,0,0,2,12,45
40,4,2,19,6,0,2,3,0,0,0,3,12,0,0,4,8,227,3,9,3,6,9,5,9,16,9,4,0,0,2,11,30
25,4,2,17,5,0,2,3,0,0,0,0,15,0,0,4,8,227,3,9,3,6,9,6,8,15,8,4,0,0,2,11,15
14,4,3,17,4,0,2,3,0,0,0,10,5,0,0,4,8,227,2,9,3,6,9,5,7,14,8,5,0,0,2,11,15
44,3,2,10,6,0,1,3,0,0,0,2,13,0,0,4,8,227,3,7,3,5,7,5,6,13,8,4,0,0,2,10,30
37,3,2,10,6,0,1,2,0,0,0,11,4,0,0,4,8,227,3,7,4,5,7,5,5,13,7,3,0,0,2,10,30
-17,2,2,15,5,0,1,2,0,0,1,2,13,0,0,4,8,227,3,6,3,4,6,4,5,13,7,3,0,0,2,11,0
92,2,2,4,5,0,1,1,0,0,1,2,13,0,0,4,8,227,3,6,3,4,6,3,4,12,6,2,0,0,2,9,45
-19,2,2,25,6,0,1,1,0,0,1,2,13,0,0,4,8,227,3,4,2,3,4,2,6,12,7,1,0,0,2,12,15
6,2,2,8,5,0,1,1,0,0,1,1,14,0,0,4,8,227,3,4,2,4,4,1,5,11,6,0,0,0,3,10,15
-53,1,1,15,6,0,0,1,1,0,1,10,5,0,0,4,8,227,1,2,2,2,2,5,8,12,9,3,0,0,2,11,0
-25,0,0,6,5,0,0,1,1,0,1,14,1,0,0,4,8,227,0,2,2,2,2,6,8,11,9,4,0,0,2,10,0
69,0,0,4,5,0,0,1,1,0,1,7,8,0,0,4,8,227,1,1,1,1,1,5,8,10,8,4,0,0,2,9,45
31,0,0,10,4,0,0,1,1,0,1,3,12,0,0,4,8,227,1,1,1,1,1,4,7,9,7,4,0,0,2,10,30
-34,0,0,13,3,0,0,1,1,0,2,1,14,0,0,4,8,227,1,0,0,0,0,3,6,8,7,5,0,0,2,10,45
22,0,0,8,3,0,0,0,1,0,2,0,5,0,0,4,8,227,1,0,0,0,0,3,6,7,6,5,0,0,3,10,15
-28,0,0,2,2,0,0,0,1,0,2,0,12,0,0,4,8,227,0,0,0,0,0,3,6,6,6,6,0,0,2,9,30
-45,0,0,13,2,0,0,0,1,0,1,0,32,0,0,4,8,227,0,0,0,0,0,3,5,5,5,5,0,0,2,10,45
-7,0,0,0,2,0,0,0,1,0,0,0,39,0,1,4,8,227,0,0,0,0,0,4,4,4,4,4,0,0,1,9,0
-9,0,0,6,1,0,0,0,1,0,0,0,50,0,0,4,8,227,0,0,0,0,0,3,3,3,3,3,0,0,2,10,0
14,0,0,2,1,0,0,0,0,0,0,0,63,0,0,4,8,227,0,0,0,0,0,2,2,2,2,2,0,0,2,9,30
3,0,0,1,0,0,0,0,0,0,0,0,65,0,0,4,8,227,0,0,0,0,0,1,1,1,1,1,0,0,2,9,15
4,32,5,51,2,0,0,0,0,0,0,1,14,1,0,3,8,226,2,49,2,8,15,1,2,7,1,1,8,1,1,17,30
32,28,7,44,5,0,0,3,0,0,0,6,9,0,0,3,8,226,3,42,4,8,11,2,5,14,6,3,7,2,2,16,15
75,24,3,36,8,0,1,2,0,0,0,7,8,0,0,3,8,226,2,38,4,6,10,4,10,14,10,5,7,2,2,15,15
98,22,1,38,7,0,2,3,0,0,0,7,8,0,0,3,8,226,2,36,2,4,10,6,12,13,11,6,6,2,2,15,30
-1,22,1,42,8,0,1,3,0,0,0,5,10,0,0,3,8,226,3,35,1,3,9,5,11,12,10,5,6,1,1,16,0
-14,22,1,48,8,0,1,2,0,0,0,0,15,0,0,3,8,226,3,35,1,3,10,4,10,11,9,4,6,1,1,17,0
41,21,0,34,8,0,1,2,0,0,0,3,12,0,0,3,8,226,2,34,2,4,11,6,9,12,10,5,6,1,2,15,0
-11,21,0,50,7,0,1,2,0,0,0,11,4,0,0,3,8,226,1,34,2,5,11,6,8,11,10,4,5,1,1,17,15
1,21,0,45,6,0,1,2,0,0,0,10,5,0,0,3,8,226,1,34,2,5,11,6,8,10,9,3,5,0,1,16,30
33,21,0,40,6,0,1,2,0,0,0,14,1,0,0,3,8,226,2,33,1,4,10,6,7,11,8,2,5,0,2,15,45
59,21,0,36,5,0,1,2,0,0,1,10,5,0,0,3,8,226,3,32,0,4,9,5,6,12,7,1,5,0,2,15,15
53,21,0,32,5,0,0,2,0,0,1,8,7,0,0,3,8,226,3,32,0,4,9,4,5,11,6,1,5,0,2,14,45
65,21,1,34,4,0,0,2,0,0,1,0,15,0,0,3,8,226,3,32,2,4,10,3,4,10,5,1,5,0,2,15,0
17,21,2,40,3,0,0,2,0,0,1,11,4,0,0,3,8,226,2,32,3,4,10,3,3,9,5,1,5,0,2,15,45
-4,21,2,38,3,0,0,1,0,0,1,8,7,0,0,3,8,226,2,32,3,5,10,2,2,8,4,1,5,0,2,15,30
53,21,4,30,4,0,0,2,0,0,1,56,4,0,0,3,8,226,4,29,1,6,11,1,3,9,4,0,5,1,2,14,30
-147,18,3,45,7,0,0,2,0,0,1,11,49,0,0,3,8,226,2,25,2,4,13,4,6,13,9,3,5,2,1,16,30
-7,18,3,30,8,0,0,2,0,0,0,11,49,0,0,3,8,226,3,24,1,3,12,3,5,12,8,2,4,2,2,14,30
42,16,4,25,7,0,0,3,0,0,0,4,11,0,0,3,8,226,2,23,1,5,12,4,6,13,9,3,3,1,1,13,0
-92,16,4,47,6,0,0,3,0,0,0,1,14,0,0,3,8,226,2,23,1,5,13,3,5,14,8,2,3,0,2,16,45
-3,16,5,32,5,0,0,3,0,0,0,10,5,0,0,3,8,226,2,23,2,6,13,2,4,14,7,2,3,0,2,14,45
30,16,5,25,4,0,0,3,0,0,0,10,5,0,0,3,8,226,2,23,2,7,13,1,3,13,6,2,3,0,1,13,0
-113,14,5,42,7,0,0,3,0,0,0,5,10,0,0,3,8,226,3,19,4,7,14,4,7,16,8,3,3,0,1,16,0
-15,13,4,29,7,0,1,2,0,0,0,2,13,0,0,3,8,226,3,18,3,6,14,3,6,15,8,3,3,0,2,14,15
3,11,4,21,6,0,1,4,0,0,0,9,6,0,0,3,8,226,3,16,4,6,13,5,10,15,9,3,3,2,1,12,15
32,11,4,28,5,0,1,4,0,0,1,7,8,0,0,3,8,226,4,15,3,6,12,4,9,15,8,3,3,2,1,13,15
28,10,3,24,4,0,1,4,0,0,1,13,2,0,0,3,8,226,3,15,4,7,14,3,9,17,8,4,3,3,3,12,45
6,9,3,21,3,0,1,4,0,0,1,9,6,0,0,3,8,226,2,15,4,7,14,3,8,17,8,5,3,3,1,12,15
38,9,4,23,3,0,1,3,0,0,2,3,12,0,0,3,8,226,3,14,3,8,13,5,7,17,7,4,3,3,1,12,30
-20,7,4,25,4,0,1,3,1,0,2,13,2,0,0,3,8,226,3,11,3,7,11,6,9,17,9,5,3,3,1,13,0
69,7,4,18,4,0,1,2,1,0,2,6,9,0,0,3,8,226,3,11,4,8,11,5,9,18,8,5,3,3,1,11,45
-331,7,4,48,4,0,1,2,1,0,1,4,11,0,0,3,8,226,3,11,5,8,11,4,8,17,7,5,2,3,1,17,0
57,7,4,13,4,0,0,2,1,0,1,3,12,0,0,3,8,226,3,11,5,8,11,3,7,16,6,4,1,2,2,11,0
7,7,5,20,4,0,0,2,1,0,1,12,3,0,0,3,8,226,4,10,4,7,10,2,6,15,5,4,1,1,2,12,0
14,7,5,17,4,0,1,2,1,0,1,1,14,0,0,3,8,226,4,8,4,7,8,4,9,15,6,4,0,1,2,11,30
1,4,3,15,5,0,1,2,1,0,1,10,5,0,0,3,8,226,3,6,3,6,6,4,10,14,8,5,0,0,1,11,15
73,4,3,9,5,0,1,1,1,0,1,9,6,0,0,3,8,226,3,6,3,6,6,3,9,13,7,5,0,0,2,10,30
105,4,3,2,5,0,1,1,1,0,1,7,8,0,0,3,8,226,4,5,2,5,5,3,8,13,6,4,0,0,2,9,30
-5,3,3,13,5,0,1,1,0,0,2,8,7,0,0,3,8,226,2,4,3,4,4,6,9,12,8,6,0,0,2,11,0
7,2,2,9,6,0,0,1,0,0,2,8,7,0,0,3,8,226,2,3,3,3,3,6,9,12,8,5,0,0,2,10,30
10,2,2,7,7,0,0,1,0,0,2,4,11,0,0,3,8,226,3,1,1,1,1,6,9,11,8,4,0,0,2,10,15
-34,2,2,11,7,0,0,1,0,0,1,3,12,0,0,3,8,226,3,1,1,1,1,5,8,11,7,4,0,0,2,10,45
-34,2,2,11,6,0,0,1,0,0,1,2,13,0,0,3,8,226,3,1,1,1,1,4,7,10,6,3,0,0,2,10,45
-27,2,2,15,5,0,0,1,0,0,1,11,4,0,0,3,8,226,2,1,1,1,1,3,6,9,6,3,0,0,1,11,15
15,2,2,3,4,0,0,1,0,0,1,5,10,0,0,3,8,226,2,1,1,1,1,4,5,8,5,3,0,0,2,9,45
40,0,0,5,4,0,1,0,0,0,1,5,10,0,0,3,8,226,0,0,0,0,0,4,5,7,7,6,0,0,2,10,0
36,0,0,3,3,0,1,0,0,0,1,8,7,0,0,3,8,226,0,0,0,0,0,3,4,6,6,5,0,0,2,9,45
5,0,0,1,3,0,0,0,0,0,1,6,9,0,0,3,8,226,0,0,0,0,0,2,3,5,5,4,0,0,1,9,15
28,0,0,0,2,0,0,0,0,0,1,0,7,0,1,3,8,226,0,0,0,0,0,1,3,4,4,3,0,0,1,9,0
-26,0,0,5,1,0,0,0,0,0,1,0,38,0,0,3,8,226,0,0,0,0,0,2,3,3,3,2,0,0,2,10,0
-32,0,0,7,0,0,0,0,0,0,1,0,56,0,0,3,8,226,0,0,0,0,0,2,2,2,2,1,0,0,2,10,15
-112,0,0,18,0,0,0,0,0,0,0,0,72,0,0,3,8,226,0,0,0,0,0,1,1,1,1,0,0,0,1,11,45
-5,24,3,51,0,0,0,0,0,0,0,14,16,1,0,2,8,225,0,51,3,8,14,1,3,7,1,0,3,0,1,17,30
-15,23,5,50,3,0,0,0,1,0,0,14,1,0,0,2,8,225,2,46,4,8,13,3,5,11,3,2,3,1,1,17,0
-14,22,5,48,2,0,1,0,1,0,0,7,8,0,0,2,8,225,2,45,4,8,12,3,5,11,3,2,3,1,1,16,45
19,21,5,43,3,0,0,1,1,0,0,11,4,0,0,2,8,225,2,43,5,6,10,2,4,12,4,3,2,1,1,16,0
26,20,4,43,4,0,0,1,0,0,0,14,1,0,0,2,8,225,2,42,4,5,10,2,4,11,4,2,2,0,1,16,0
13,19,3,46,5,0,0,3,0,0,0,9,6,0,0,2,8,225,4,38,1,3,6,2,5,13,5,2,2,1,2,16,30
-46,18,2,48,5,0,0,2,0,0,0,14,1,0,0,2,8,225,3,38,1,5,7,2,6,13,5,2,2,1,1,16,45
-9,16,0,46,4,0,0,3,0,0,0,7,8,0,0,2,8,225,2,37,4,4,7,4,8,13,6,3,2,1,2,16,30
9,16,0,41,3,0,0,4,0,0,0,2,13,0,0,2,8,225,2,36,3,4,9,6,9,12,6,2,2,1,2,15,45
39,16,0,36,4,0,0,3,0,0,0,14,1,0,0,2,8,225,3,35,2,3,8,5,8,11,5,1,1,1,2,15,0
40,16,1,34,3,0,0,3,0,0,0,9,6,0,0,2,8,225,3,35,2,3,8,5,8,10,4,1,1,1,2,14,45
34,16,1,40,4,0,0,3,0,0,0,6,9,0,0,2,8,225,4,33,0,1,6,4,7,9,4,1,1,1,2,15,30
-10,16,1,34,4,0,0,2,0,0,0,11,4,0,0,2,8,225,2,33,1,2,7,3,7,9,5,2,1,1,2,14,45
-21,16,2,36,3,0,0,2,0,0,0,6,9,0,0,2,8,225,1,33,1,2,8,4,6,8,5,1,1,1,2,15,0
-4,16,2,33,2,0,0,2,0,0,0,43,2,0,0,2,8,225,1,33,1,2,10,4,6,7,4,0,1,1,2,14,30
101,16,2,30,2,0,0,1,0,0,1,26,19,0,0,2,8,225,2,32,1,2,11,4,5,9,3,0,1,1,1,13,30
-48,16,3,41,2,0,0,0,0,0,1,22,23,0,0,2,8,225,2,32,1,3,11,3,4,9,2,0,1,1,2,15,45
-102,16,4,45,1,0,0,0,0,0,1,13,32,0,0,2,8,225,2,32,1,5,11,3,3,9,1,0,0,1,2,16,15
11,15,4,30,1,0,0,0,0,0,0,3,42,0,0,2,8,225,1,32,2,5,12,2,2,9,1,0,0,0,1,13,30
10,14,3,29,1,0,0,0,0,0,0,13,2,0,0,2,8,225,1,31,4,8,14,1,2,9,1,0,0,0,2,13,15
1,11,2,26,3,0,0,1,1,0,0,2,13,0,0,2,8,225,2,26,4,6,13,1,7,13,4,1,0,0,1,12,45
-13,11,5,24,6,0,0,1,1,0,0,2,13,0,0,2,8,225,4,22,2,6,16,6,8,15,5,2,0,0,2,12,30
-31,11,5,26,6,0,0,0,1,0,0,1,14,0,0,2,8,225,4,22,3,6,16,5,7,14,4,2,0,0,1,12,45
25,10,5,24,6,0,0,1,0,0,0,12,3,0,0,2,8,225,4,21,2,7,15,4,8,13,4,1,0,0,2,12,30
-100,10,5,32,5,0,0,1,0,0,0,8,7,0,0,2,8,225,4,21,3,7,15,3,7,12,3,0,0,0,1,14,15
20,9,4,22,4,0,0,1,0,0,0,13,2,0,0,2,8,225,2,21,4,7,17,3,6,12,4,2,0,0,2,12,15
8,9,4,19,4,0,0,0,0,0,0,11,4,0,0,2,8,225,2,21,4,7,18,2,5,11,3,2,0,0,1,11,45
-29,7,3,22,5,0,0,1,0,0,0,5,10,0,0,2,8,225,3,18,4,7,17,4,8,16,4,2,0,0,2,12,15
28,6,4,17,5,0,0,1,0,0,0,8,7,0,0,2,8,225,2,17,3,9,16,4,8,16,5,1,0,0,2,11,30
15,6,4,15,4,0,1,1,0,0,0,1,14,0,0,2,8,225,2,16,3,10,15,4,7,15,5,2,0,0,2,11,15
-43,5,3,21,5,0,1,0,0,0,0,13,2,0,0,2,8,225,2,15,2,9,14,3,6,15,5,2,0,0,2,12,0
11,5,4,13,5,0,1,0,0,0,0,11,4,0,0,2,8,225,2,14,6,11,14,5,6,15,5,2,0,0,2,11,0
28,5,4,9,6,0,0,0,0,0,0,2,13,0,0,2,8,225,2,13,7,11,13,4,8,14,5,2,0,0,2,10,30
21,4,3,13,7,0,0,0,0,0,0,8,7,0,0,2,8,225,2,11,5,9,11,3,8,15,6,2,0,0,2,11,0
-39,4,3,15,6,0,0,0,0,0,0,5,10,0,0,2,8,225,2,11,6,10,11,3,9,15,5,1,0,0,2,11,15
-252,3,2,38,6,0,0,0,0,0,0,4,11,0,0,2,8,225,2,10,5,9,10,2,9,14,5,1,0,0,1,15,15
-84,2,2,17,8,0,0,1,0,0,0,8,7,0,0,2,8,225,3,6,4,6,6,5,9,16,7,2,0,0,2,11,30
-16,1,1,11,8,0,0,3,0,0,0,8,7,0,0,2,8,225,2,3,2,3,3,7,9,15,10,3,0,0,2,10,45
6,1,1,4,8,0,0,3,0,0,0,7,8,0,0,2,8,225,3,2,1,2,2,6,8,14,9,3,0,0,2,9,45
-53,1,1,19,7,0,0,3,0,0,0,6,9,0,0,2,8,225,2,2,1,2,2,5,7,13,9,3,0,0,1,11,45
-330,1,1,38,6,0,0,3,0,0,0,9,6,0,0,2,8,225,2,2,2,2,2,5,7,12,8,3,0,0,1,15,15
25,1,1,6,5,0,0,3,0,0,0,7,8,0,0,2,8,225,2,2,2,2,2,4,7,11,7,2,0,0,1,10,0
-20,1,1,6,5,0,0,2,0,0,0,6,9,0,0,2,8,225,2,2,2,2,2,3,6,10,6,2,0,0,1,10,0
-61,1,1,11,6,0,0,1,0,0,0,5,10,0,0,2,8,225,2,1,1,1,1,2,6,9,6,3,0,0,2,10,45
49,0,0,2,5,0,0,1,0,0,0,0,15,0,0,2,8,225,0,1,1,1,1,2,8,8,7,3,0,0,2,9,30
29,0,0,4,4,0,1,1,0,0,0,0,13,0,0,2,8,225,1,0,0,0,0,4,7,7,6,3,0,0,2,9,45
3,0,0,0,3,0,1,1,0,0,0,0,32,0,1,2,8,225,0,0,0,0,0,6,6,6,6,4,0,0,1,9,0
-57,0,0,8,2,0,1,1,0,0,0,0,36,0,0,2,8,225,0,0,0,0,0,5,5,5,5,4,0,0,2,10,15
-173,0,0,28,2,0,1,0,0,0,0,0,40,0,0,2,8,225,0,0,0,0,0,4,4,4,4,3,0,0,1,13,0
-54,0,0,9,1,0,1,0,0,0,0,0,45,0,0,2,8,225,0,0,0,0,0,3,3,3,3,2,0,0,2,10,30
-10,0,0,2,0,0,1,0,0,0,0,0,47,0,0,2,8,225,0,0,0,0,0,2,2,2,2,2,0,0,2,9,30
-38,0,0,1,0,0,0,0,0,0,0,0,51,0,0,2,8,225,0,0,0,0,0,1,1,1,1,1,0,0,2,9,15
-6,27,3,43,2,0,0,0,0,0,0,8,22,1,0,6,8,222,2,41,2,6,13,2,2,9,1,1,7,1,1,17,30
0,26,4,41,1,0,0,1,0,0,0,7,8,0,0,6,8,222,2,40,3,7,13,1,4,8,1,0,6,1,1,17,0
-6,23,5,38,2,0,1,3,1,0,0,14,1,0,0,6,8,222,2,34,3,6,9,7,7,10,6,2,6,1,2,16,45
-17,23,5,41,2,0,1,2,1,0,0,14,1,0,0,6,8,222,2,34,3,6,9,6,6,9,5,1,6,1,1,17,0
-10,23,5,36,2,0,0,2,1,0,0,11,4,0,0,6,8,222,2,34,3,7,9,5,5,8,4,1,6,1,3,16,30
0,20,3,36,3,0,1,2,1,0,0,13,2,0,0,6,8,222,2,31,1,4,7,4,4,11,6,2,6,1,3,16,30
1,20,4,35,2,0,1,2,1,0,0,9,6,0,0,6,8,222,2,31,3,4,7,3,3,10,5,2,6,1,2,16,0
25,20,4,31,2,0,1,1,1,0,0,2,13,0,0,6,8,222,2,31,3,5,7,2,3,9,4,1,5,1,2,15,30
46,20,4,31,1,0,1,1,1,0,0,2,13,0,0,6,8,222,2,31,3,5,7,1,2,8,3,0,5,0,2,15,30
52,16,1,28,1,0,3,3,0,0,0,7,8,0,0,6,8,222,1,27,1,3,8,2,7,9,7,2,5,2,1,15,0
-92,16,2,38,1,0,2,4,0,0,0,4,11,0,0,6,8,222,1,26,1,4,10,3,7,9,7,2,4,3,2,16,45
25,16,2,25,1,0,1,4,0,0,0,35,10,0,0,6,8,222,1,26,2,4,14,5,6,9,6,2,4,2,2,14,30
29,15,2,30,2,0,0,4,0,0,0,24,21,0,0,6,8,222,1,25,2,4,14,5,6,9,6,2,3,2,2,15,15
27,15,2,28,2,0,0,3,0,0,0,19,26,0,0,6,8,222,0,24,3,5,14,4,5,8,6,2,3,1,1,15,0
31,15,2,26,2,0,0,3,0,0,0,17,28,0,0,6,8,222,1,24,2,4,13,3,4,7,5,2,3,1,2,14,45
26,15,2,24,2,0,0,2,0,0,0,17,28,0,0,6,8,222,1,24,2,4,13,2,3,7,4,1,3,1,1,14,15
-23,15,4,26,2,0,0,1,0,0,0,1,44,0,0,6,8,222,1,24,2,6,15,2,3,6,3,1,2,1,2,14,45
34,14,7,23,3,0,0,1,0,0,0,4,26,0,0,6,8,222,2,22,3,10,14,2,3,9,3,1,2,0,1,13,30
-116,12,7,33,4,0,0,2,0,0,0,6,9,0,0,6,8,222,2,19,6,10,15,2,4,11,5,2,2,0,1,15,45
30,9,4,22,4,0,0,6,0,0,0,0,15,0,0,6,8,222,4,14,3,5,11,3,5,12,7,3,2,0,1,13,0
21,7,3,15,5,0,0,6,0,0,0,12,3,0,0,6,8,222,3,12,3,5,11,3,7,14,9,4,2,2,1,12,0
3,7,4,18,6,0,0,5,0,0,0,2,13,0,0,6,8,222,3,11,2,6,10,3,7,16,9,5,2,2,2,12,30
1,5,4,17,7,0,0,5,0,0,0,29,1,0,0,6,8,222,3,9,2,5,8,5,8,17,10,7,2,2,2,12,15
15,5,5,18,6,0,0,5,0,0,0,23,7,0,0,6,8,222,2,9,2,6,9,4,8,16,10,7,2,2,2,12,30
-161,4,4,33,7,0,0,4,0,0,0,8,22,0,0,6,8,222,2,8,3,6,8,5,8,16,10,7,1,2,1,15,45
10,4,4,12,6,0,0,4,0,0,0,7,23,0,0,6,8,222,2,8,4,6,8,4,7,15,9,6,1,1,1,11,30
-31,4,4,20,6,0,0,3,0,0,0,2,28,0,0,6,8,222,2,8,4,7,8,4,7,14,8,5,0,1,1,12,45
37,3,3,12,6,0,0,4,0,0,0,4,11,0,0,6,8,222,2,6,3,5,6,4,9,15,9,6,0,0,1,11,30
60,3,3,15,5,0,0,4,0,0,1,2,13,0,0,6,8,222,3,5,2,4,5,3,9,15,8,5,0,0,1,12,0
-6,1,1,8,6,0,0,4,0,0,0,2,13,0,0,6,8,222,1,4,3,3,4,4,9,14,10,6,0,0,2,10,45
-291,1,1,38,6,0,0,3,0,0,0,11,4,0,0,6,8,222,1,4,3,3,4,4,9,14,9,6,0,0,2,16,45
97,0,0,2,7,0,0,2,0,0,0,11,4,0,0,6,8,222,1,3,2,3,3,6,9,13,9,5,0,0,2,10,0
-21,0,0,14,7,0,0,2,0,0,0,6,9,0,0,6,8,222,1,2,1,2,2,5,8,12,9,4,0,0,2,11,45
13,0,0,10,6,0,0,2,1,0,0,13,2,0,0,6,8,222,2,1,0,1,1,6,8,11,8,3,0,0,2,11,0
64,0,0,10,6,0,0,1,1,0,0,9,6,0,0,6,8,222,1,1,1,1,1,5,8,10,8,3,0,0,2,11,0
-5,0,0,4,5,0,0,1,1,0,0,4,11,0,0,6,8,222,1,1,1,1,1,4,7,9,7,3,0,0,2,10,15
15,0,0,6,4,0,0,1,1,0,0,3,12,0,0,6,8,222,1,1,1,1,1,3,7,8,6,3,0,0,2,10,30
-106,0,0,20,3,0,0,1,1,0,0,21,9,0,0,6,8,222,0,1,1,1,1,3,6,7,6,4,0,0,1,12,45
42,0,0,4,2,0,0,1,1,0,0,15,15,0,0,6,8,222,0,1,1,1,1,2,5,6,5,4,0,0,2,10,15
3,0,0,6,3,0,0,0,1,0,0,0,1,0,0,6,8,222,1,0,0,0,0,4,5,5,4,3,0,0,2,10,30
-22,0,0,2,3,0,0,0,0,0,0,0,16,0,0,6,8,222,0,0,0,0,0,3,4,4,4,2,0,0,2,10,0
40,0,0,1,2,0,0,0,0,0,0,0,20,0,0,6,8,222,0,0,0,0,0,3,3,3,3,1,0,0,2,9,45
-48,0,0,8,1,0,0,0,0,0,0,0,27,0,0,6,8,222,0,0,0,0,0,2,2,2,2,1,0,0,2,10,45
-3,0,0,0,0,0,0,0,0,0,0,0,47,0,1,6,8,222,0,0,0,0,0,1,1,1,1,0,0,0,1,9,15
19,27,1,49,1,0,1,1,0,0,0,1,14,1,0,5,8,221,1,46,3,3,8,3,5,8,3,1,6,2,1,17,30
2,27,1,48,1,0,0,1,0,0,0,0,15,0,0,5,8,221,1,46,3,3,8,2,4,7,2,0,5,2,1,17,15
42,27,2,43,3,0,0,0,0,0,0,0,15,0,0,5,8,221,3,44,1,3,7,3,3,7,1,0,4,1,2,16,45
6,26,2,41,3,0,0,0,0,0,0,22,8,0,0,5,8,221,2,43,1,4,10,2,3,8,2,0,4,0,3,16,30
-30,26,2,46,2,0,0,0,0,0,0,20,10,0,0,5,8,221,2,43,1,4,10,1,2,7,1,0,4,0,1,17,0
6,25,2,38,3,0,0,1,0,0,0,4,11,0,0,5,8,221,4,40,2,5,12,3,5,10,1,0,4,1,1,15,45
3,24,1,36,5,0,0,0,0,0,0,5,10,0,0,5,8,221,2,38,2,7,12,4,6,12,4,2,4,1,2,15,30
-73,24,1,43,4,0,0,0,0,0,0,5,10,0,0,5,8,221,2,38,2,7,12,3,5,11,3,1,4,1,2,16,45
-98,24,2,46,3,0,0,0,0,0,0,5,10,0,0,5,8,221,1,38,5,9,14,3,4,11,3,1,3,1,1,17,0
-40,23,2,36,3,0,0,0,0,0,0,24,6,0,0,5,8,221,0,37,6,9,14,3,6,11,4,3,3,1,2,15,30
-82,23,4,41,5,0,0,1,0,0,0,7,23,0,0,5,8,221,2,33,4,7,12,2,7,12,5,3,3,1,3,16,30
27,23,4,31,5,0,1,1,0,0,0,44,1,0,0,5,8,221,2,31,2,5,12,2,6,11,6,4,3,1,2,14,15
-29,22,5,32,7,0,1,0,0,0,0,18,27,0,0,5,8,221,2,29,3,5,13,5,7,13,7,4,3,1,1,14,45
-103,21,5,43,7,0,1,0,0,0,0,13,32,0,0,5,8,221,2,28,2,4,12,4,7,12,7,3,3,1,2,16,45
-56,21,5,35,6,0,1,0,0,0,0,10,35,0,0,5,8,221,2,28,2,4,12,4,6,11,6,3,2,1,2,15,15
-16,19,3,32,5,0,1,0,0,0,0,0,45,0,0,5,8,221,0,28,3,5,15,3,7,12,7,2,2,0,1,14,45
17,19,4,30,5,0,2,0,0,0,0,10,5,0,0,5,8,221,2,26,1,5,13,3,6,13,6,2,2,0,1,13,30
36,19,5,26,4,0,2,0,0,0,0,12,3,0,0,5,8,221,2,26,2,7,14,3,5,13,5,2,2,0,2,13,0
38,18,4,28,3,0,2,0,0,0,1,13,2,0,0,5,8,221,1,25,2,7,16,4,6,13,6,3,2,0,1,13,15
4,16,3,24,4,0,2,0,0,0,0,3,12,0,0,5,8,221,0,24,4,8,17,3,6,13,7,4,2,0,2,12,45
34,16,4,26,4,0,2,0,0,0,0,7,8,0,0,5,8,221,1,23,5,8,16,2,6,13,6,4,2,1,2,13,0
25,16,5,24,4,0,1,0,0,0,0,2,13,0,0,5,8,221,1,23,5,9,17,3,6,14,5,4,2,1,2,12,45
18,14,6,22,8,0,1,0,0,0,0,5,10,0,0,5,8,221,3,18,4,8,16,5,9,16,7,4,2,1,2,12,30
13,14,7,20,7,0,1,0,0,0,0,3,12,0,0,5,8,221,3,18,4,8,16,4,8,15,6,3,2,1,2,12,15
-60,14,8,34,7,0,0,0,0,0,1,10,5,0,0,5,8,221,3,17,4,9,15,5,7,14,6,2,2,1,1,15,0
-92,12,8,40,7,0,0,0,0,0,1,9,6,0,0,5,8,221,2,16,6,9,14,6,8,14,7,1,1,1,2,16,0
-8,12,9,28,7,0,1,0,0,0,1,5,10,0,0,5,8,221,4,14,4,7,13,5,8,13,6,0,1,0,1,13,15
-32,11,8,22,6,0,1,1,0,0,1,29,1,0,0,5,8,221,4,13,4,7,12,4,8,14,6,1,1,0,2,12,30
2,11,8,17,5,0,1,1,0,0,1,26,4,0,0,5,8,221,4,13,5,7,12,3,7,13,5,1,1,0,1,11,45
4,10,7,15,6,0,0,1,0,0,1,19,11,0,0,5,8,221,4,12,5,7,11,3,7,12,5,2,1,0,2,11,30
32,8,6,17,6,0,0,1,0,0,1,11,19,0,0,5,8,221,3,10,4,7,10,3,7,13,6,1,1,0,1,11,45
-9,5,5,20,7,0,1,1,0,0,1,5,10,0,0,5,8,221,3,8,3,6,8,4,8,15,8,2,1,0,2,12,15
32,4,4,9,7,0,1,1,0,0,1,11,4,0,0,5,8,221,3,7,3,5,7,5,7,16,8,3,1,0,2,10,30
21,3,3,15,6,0,1,1,0,0,1,6,9,0,0,5,8,221,2,7,5,6,7,5,6,15,8,4,1,0,2,11,30
65,3,3,7,6,0,1,1,0,0,1,2,13,0,0,5,8,221,3,6,4,5,6,4,6,14,7,4,1,1,2,10,15
12,3,3,13,5,0,1,2,0,0,1,5,10,0,0,5,8,221,2,5,3,4,5,4,6,15,8,5,1,1,2,11,0
18,3,3,9,5,0,0,2,0,0,1,3,12,0,0,5,8,221,2,5,3,4,5,3,5,14,7,5,1,1,2,10,30
67,2,2,3,5,0,0,2,0,0,1,11,4,0,0,5,8,221,2,4,2,3,4,2,6,13,7,4,1,1,2,9,45
15,1,1,13,7,0,0,1,0,0,1,8,7,0,0,5,8,221,3,2,1,2,2,3,7,12,7,4,1,1,2,11,0
-317,0,0,38,7,0,0,1,0,0,1,4,11,0,0,5,8,221,3,1,1,1,1,5,9,11,7,4,0,1,1,15,45
19,0,0,11,6,0,0,1,0,0,1,0,15,0,0,5,8,221,3,1,1,1,1,5,8,10,6,3,0,0,2,10,45
-100,0,0,19,5,0,0,1,0,0,1,18,12,0,0,5,8,221,2,1,1,1,1,6,9,9,6,2,0,0,2,12,0
21,0,0,7,4,0,0,1,0,0,1,13,17,0,0,5,8,221,1,1,1,1,1,6,8,8,6,1,0,0,2,10,15
-16,0,0,3,3,0,0,1,0,0,1,6,24,0,0,5,8,221,0,1,1,1,1,5,7,7,6,1,0,0,2,9,45
0,0,0,5,3,0,0,1,0,0,1,2,28,0,0,5,8,221,1,0,0,0,0,4,6,6,5,1,0,0,2,10,0
21,0,0,1,2,0,0,1,0,0,1,0,9,0,0,5,8,221,0,0,0,0,0,5,5,5,5,1,0,0,2,9,30
-92,0,0,11,2,0,0,1,0,0,0,0,11,0,0,5,8,221,0,0,0,0,0,4,4,4,4,1,0,0,2,10,45
-22,0,0,1,1,0,0,1,0,0,0,0,14,0,0,5,8,221,0,0,0,0,0,3,3,3,3,1,0,0,2,9,30
18,0,0,5,1,0,0,0,0,0,0,0,37,0,0,5,8,221,0,0,0,0,0,2,2,2,2,0,0,0,2,10,0
-2,0,0,0,0,0,0,0,0,0,0,0,39,0,1,5,8,221,0,0,0,0,0,1,1,1,1,0,0,0,2,9,0
-55,28,4,38,2,0,0,0,0,0,0,60,15,1,0,4,8,220,1,36,3,6,10,2,2,7,2,1,4,1,1,17,30
-2,28,4,35,2,0,0,0,0,0,0,56,19,0,0,4,8,220,2,35,2,5,10,1,1,8,1,1,4,0,2,16,45
-59,24,2,36,5,0,1,0,0,0,1,15,15,0,0,4,8,220,2,29,2,4,9,3,8,12,6,3,3,1,1,17,15
18,23,2,33,5,0,0,0,0,0,1,6,24,0,0,4,8,220,1,29,2,4,10,3,7,11,6,2,3,0,1,15,30
11,23,2,31,5,0,0,0,0,0,0,3,27,0,0,4,8,220,1,29,2,4,10,2,6,10,5,1,3,0,2,15,0
53,23,3,29,6,0,0,0,0,0,0,0,15,0,0,4,8,220,3,27,2,5,9,5,6,9,4,1,3,0,2,14,45
53,23,4,31,5,0,0,0,0,0,0,3,12,0,0,4,8,220,2,27,2,6,11,4,7,8,4,0,3,1,2,15,0
-48,23,5,33,5,0,0,0,0,0,0,14,1,0,0,4,8,220,3,26,1,5,10,3,6,7,3,0,3,1,1,15,30
-67,22,4,36,4,0,0,0,0,0,0,11,4,0,0,4,8,220,2,26,2,5,10,2,5,7,3,1,3,1,1,17,15
60,22,4,28,4,0,0,0,0,0,0,11,4,0,0,4,8,220,3,25,1,4,9,1,4,6,2,1,3,1,2,14,30
-30,21,6,29,3,0,0,0,0,0,1,24,6,0,0,4,8,220,2,24,3,6,11,4,4,9,3,1,3,2,2,14,45
11,20,5,26,3,0,1,0,0,0,1,9,21,0,0,4,8,220,3,22,3,4,10,3,3,11,3,1,2,2,1,14,0
14,19,5,27,2,0,1,0,0,0,1,4,26,0,0,4,8,220,2,22,3,5,15,2,2,10,3,1,2,1,1,14,15
17,18,5,25,2,0,2,0,0,0,0,9,6,0,0,4,8,220,2,21,2,5,15,1,2,9,3,0,1,1,1,13,30
16,13,4,24,5,0,3,0,0,0,0,12,3,0,0,4,8,220,1,16,3,9,13,5,8,13,8,3,1,0,1,13,15
-18,12,4,23,4,0,3,0,0,0,0,4,11,0,0,4,8,220,0,16,3,10,14,5,7,12,8,3,1,0,1,13,0
20,12,5,17,4,0,3,0,0,0,0,12,3,0,0,4,8,220,1,15,3,9,13,6,6,13,7,2,1,0,2,12,15
57,12,6,17,4,0,2,1,0,0,0,5,10,0,0,4,8,220,2,14,5,8,13,5,8,13,6,2,1,1,2,12,15
52,12,6,21,4,0,1,1,0,0,0,3,12,0,0,4,8,220,1,14,7,8,13,4,7,12,6,2,1,1,1,12,45
25,11,5,19,3,0,1,2,0,0,0,5,10,0,0,4,8,220,1,13,7,7,12,3,7,11,6,2,1,1,2,12,30
2,11,5,19,3,0,0,2,0,0,1,13,2,0,0,4,8,220,2,12,6,7,12,2,6,11,5,1,1,1,2,12,30
21,11,5,16,2,0,0,2,0,0,1,13,2,0,0,4,8,220,2,12,6,7,12,1,5,10,4,0,1,1,2,12,0
14,6,2,11,4,0,2,2,1,0,1,11,4,0,0,4,8,220,3,6,1,4,6,4,7,11,8,3,1,1,2,11,15
-41,6,2,21,4,0,2,1,1,0,1,8,7,0,0,4,8,220,3,6,2,4,6,3,7,10,7,2,1,1,1,12,45
86,6,2,13,3,0,2,1,1,0,1,6,9,0,0,4,8,220,3,6,2,4,6,2,6,9,6,2,0,1,1,11,30
7,6,2,11,3,0,1,1,1,0,1,2,13,0,0,4,8,220,3,6,3,5,6,1,5,8,5,2,0,0,2,11,15
12,6,6,9,4,0,1,2,1,0,1,14,1,0,0,4,8,220,5,3,2,3,3,4,6,11,5,2,0,0,2,11,0
16,4,4,9,5,0,1,2,0,0,1,0,15,0,0,4,8,220,4,2,2,2,2,4,6,12,6,1,0,0,2,11,0
11,4,4,13,5,0,1,1,0,0,1,12,3,0,0,4,8,220,4,2,2,2,2,3,5,11,5,1,0,0,1,11,30
102,4,4,6,4,0,1,1,0,0,1,10,5,0,0,4,8,220,4,2,2,2,2,2,4,10,4,1,0,0,1,10,15
-24,2,2,7,3,0,2,1,0,0,2,4,11,0,0,4,8,220,3,0,0,0,0,2,4,9,6,2,0,0,1,10,30
-13,0,0,8,3,0,2,0,0,0,2,1,14,0,0,4,8,220,1,0,0,0,0,2,6,8,7,3,0,0,2,10,45
23,0,0,2,3,0,2,0,0,0,1,2,13,0,0,4,8,220,1,0,0,0,0,2,6,7,6,2,0,0,1,9,30
-160,0,0,15,3,0,2,0,0,0,0,0,15,0,0,4,8,220,0,0,0,0,0,4,6,6,6,2,0,0,1,11,45
17,0,0,1,3,0,1,0,0,0,0,0,22,0,0,4,8,220,0,0,0,0,0,5,5,5,5,2,0,0,2,9,15
48,0,0,2,2,0,1,0,0,0,0,0,24,0,0,4,8,220,0,0,0,0,0,4,4,4,4,1,0,0,1,9,30
37,0,0,0,2,0,0,0,0,0,0,0,25,0,1,4,8,220,0,0,0,0,0,3,3,3,3,1,0,0,1,9,0
21,0,0,5,1,0,0,0,0,0,0,0,32,0,0,4,8,220,0,0,0,0,0,2,2,2,2,1,0,0,1,10,0
14,0,0,4,0,0,0,0,0,0,0,0,43,0,0,4,8,220,0,0,0,0,0,1,1,1,1,1,0,0,1,9,45
84,30,2,37,4,0,0,0,1,0,0,12,3,0,0,3,8,219,2,39,2,5,14,2,6,12,4,2,0,0,2,16,0
28,29,1,39,4,0,0,0,1,0,0,4,11,0,0,3,8,219,1,38,2,6,13,3,5,12,5,2,0,0,2,16,30
53,29,4,41,4,0,0,0,1,0,0,8,22,0,0,3,8,219,0,37,4,8,14,4,7,12,6,3,0,0,2,16,45
12,29,4,43,3,0,0,0,1,0,0,6,24,1,0,3,8,219,0,37,4,8,14,3,6,11,5,3,0,0,1,17,0
-22,29,5,41,3,0,0,0,1,0,0,13,2,0,0,3,8,219,1,36,4,8,15,3,5,10,4,2,0,0,2,16,45
-20,28,4,43,4,0,0,0,0,0,0,14,1,1,0,3,8,219,1,35,5,9,14,4,7,9,4,2,0,0,1,17,0
35,28,6,37,5,0,1,0,0,0,0,0,15,0,0,3,8,219,2,32,4,7,12,3,7,8,5,3,0,0,2,16,0
-14,26,5,35,6,0,0,1,0,0,0,2,13,0,0,3,8,219,2,30,4,7,11,5,7,8,6,3,0,0,2,15,45
-2,26,5,35,5,0,0,1,0,0,0,2,13,0,0,3,8,219,2,30,4,7,11,4,6,8,5,2,0,0,2,15,45
26,24,6,31,7,0,0,1,1,0,0,6,9,0,0,3,8,219,3,26,2,5,10,4,5,7,7,4,0,0,1,15,0
-21,24,6,39,5,0,0,1,1,0,0,3,12,0,0,3,8,219,3,26,3,5,10,4,4,6,6,4,0,0,2,16,30
34,24,6,33,5,0,0,1,1,0,0,3,12,0,0,3,8,219,3,26,3,5,10,4,4,6,6,4,0,0,1,15,15
15,23,6,29,5,0,0,1,1,0,0,8,7,0,0,3,8,219,3,25,2,5,10,2,2,5,5,4,0,0,2,14,45
-18,21,5,34,5,0,0,1,1,0,0,51,9,0,0,3,8,219,2,24,3,5,11,1,2,6,6,5,0,0,2,15,30
39,17,5,28,5,0,0,2,3,0,0,25,5,0,0,3,8,219,2,20,3,5,12,2,5,12,9,7,0,0,2,14,30
21,16,5,31,5,0,0,2,3,0,0,17,13,0,0,3,8,219,2,19,3,6,11,1,4,13,9,6,0,0,1,15,0
110,12,4,24,7,0,0,4,2,0,0,10,5,0,0,3,8,219,1,15,2,5,9,3,4,17,13,7,0,0,1,12,45
104,12,4,26,6,0,0,4,2,0,0,5,10,0,0,3,8,219,1,15,2,5,9,2,6,17,12,6,0,0,1,13,0
104,12,5,22,5,0,0,4,2,0,0,11,4,0,0,3,8,219,1,15,3,7,10,1,8,16,11,5,0,0,2,12,30
90,9,5,22,6,0,0,4,3,0,1,9,6,0,0,3,8,219,2,11,3,5,8,7,14,17,13,7,0,0,2,12,30
81,8,4,18,7,0,0,4,2,0,1,10,5,0,0,3,8,219,1,10,2,4,9,8,13,17,14,8,0,0,2,12,0
88,8,4,20,7,0,0,4,1,0,1,9,6,0,0,3,8,219,1,10,2,4,9,8,12,16,13,8,0,0,2,12,15
114,8,4,12,7,0,0,3,1,0,1,7,8,0,0,3,8,219,1,10,3,4,9,9,12,15,12,7,0,0,2,11,15
59,8,4,27,6,0,0,3,1,0,1,4,11,0,0,3,8,219,1,10,3,4,9,9,11,14,11,7,0,0,1,13,30
103,7,3,20,7,0,0,3,1,0,1,14,1,0,0,3,8,219,2,8,1,3,7,9,10,13,11,7,0,0,2,12,15
74,7,3,14,6,0,0,3,1,0,1,12,3,0,0,3,8,219,2,8,2,3,7,8,9,12,10,7,0,0,2,11,30
-1,7,4,16,6,0,0,3,1,0,0,6,9,0,0,3,8,219,2,8,2,3,8,7,9,12,9,7,0,0,2,11,45
15,7,4,24,6,0,0,2,1,0,0,5,10,0,0,3,8,219,2,8,2,3,8,6,8,11,8,6,0,0,1,12,45
-100,6,4,29,5,0,0,2,1,0,0,9,6,0,0,3,8,219,1,8,2,4,8,5,7,13,8,6,0,0,2,14,45
54,6,4,14,4,0,0,2,1,0,0,8,7,0,0,3,8,219,1,8,2,4,8,4,6,12,7,6,0,0,2,11,30
21,6,4,16,3,0,0,2,1,0,0,8,7,0,0,3,8,219,1,8,2,4,8,3,5,11,6,5,0,0,2,11,45
41,6,4,18,4,0,0,1,1,0,0,6,9,0,0,3,8,219,2,7,1,4,7,3,5,10,5,4,0,0,2,12,0
61,5,3,11,4,0,0,1,0,0,0,1,14,0,0,3,8,219,1,7,2,4,7,2,4,9,5,3,0,0,2,11,0
15,4,2,12,3,0,0,1,0,0,1,7,8,0,0,3,8,219,0,6,2,5,6,2,4,11,6,2,0,0,2,11,15
35,4,3,9,3,0,0,1,0,0,1,9,6,0,0,3,8,219,1,5,2,4,5,2,3,11,5,1,0,0,1,10,45
33,2,2,7,4,0,0,0,1,0,1,6,9,0,0,3,8,219,1,3,2,3,3,2,6,10,6,2,0,0,2,10,30
40,2,2,6,3,0,0,1,1,0,1,28,2,0,0,3,8,219,1,2,2,2,2,3,6,9,6,3,0,0,2,10,15
23,1,1,4,3,0,0,1,2,0,1,8,22,0,0,3,8,219,1,0,0,0,0,4,8,8,7,3,0,0,1,10,0
77,1,1,7,2,0,0,1,2,0,1,1,29,0,0,3,8,219,1,0,0,0,0,4,7,7,6,3,0,0,2,10,30
29,0,0,2,1,0,0,1,2,0,1,13,2,0,0,3,8,219,0,0,0,0,0,3,6,6,6,2,0,0,2,9,45
-2,0,0,4,1,0,0,1,1,0,1,10,5,0,0,3,8,219,0,0,0,0,0,3,5,5,5,1,0,0,1,10,0
13,0,0,0,0,0,0,1,1,0,1,0,14,0,1,3,8,219,0,0,0,0,0,4,4,4,4,0,0,0,1,9,0
-3,0,0,9,0,0,0,1,1,0,0,0,18,0,0,3,8,219,0,0,0,0,0,3,3,3,3,0,0,0,1,10,45
-5,0,0,2,0,0,0,0,1,0,0,0,22,0,0,3,8,219,0,0,0,0,0,2,2,2,2,0,0,0,2,9,45
15,0,0,1,0,0,0,0,0,0,0,0,31,0,0,3,8,219,0,0,0,0,0,1,1,1,1,0,0,0,2,9,15
37,31,3,47,3,0,0,1,0,0,0,14,1,0,0,2,8,218,2,45,2,5,9,1,2,10,3,3,2,0,1,17,0
4,28,3,44,4,0,1,2,1,0,0,0,15,0,0,2,8,218,3,40,2,4,11,6,9,11,6,5,2,0,2,16,30
35,28,3,45,3,0,1,2,1,0,0,13,2,0,0,2,8,218,3,40,3,4,11,5,8,10,5,4,2,0,2,16,45
18,28,3,42,3,0,1,1,1,0,0,6,9,0,0,2,8,218,2,40,4,5,13,5,7,9,5,4,2,0,1,16,0
-100,28,3,49,3,0,0,2,1,0,0,2,13,1,0,2,8,218,3,39,3,5,12,4,6,9,4,4,2,0,1,17,30
31,27,2,40,2,0,1,2,1,0,0,19,11,0,0,2,8,218,2,38,2,5,13,5,5,8,5,5,2,0,1,15,45
40,27,2,43,1,0,1,2,1,0,0,18,12,0,0,2,8,218,2,38,2,5,13,4,4,7,4,4,2,0,1,16,15
-17,27,2,39,1,0,0,3,1,0,0,12,18,0,0,2,8,218,2,37,1,5,13,3,4,7,4,3,2,0,2,15,30
-20,26,2,40,1,0,0,3,1,0,0,13,2,0,0,2,8,218,2,36,3,6,13,2,3,7,4,3,2,0,1,15,45
-64,26,2,45,1,0,0,2,1,0,0,11,4,0,0,2,8,218,2,36,3,6,14,1,2,7,3,2,2,0,2,16,45
64,25,6,34,4,0,0,1,1,0,0,1,14,0,0,2,8,218,1,33,4,9,14,2,4,9,6,4,2,0,1,14,15
-17,23,7,36,5,0,0,2,1,0,0,25,20,0,0,2,8,218,1,30,4,8,14,2,5,9,8,5,2,0,1,14,45
17,21,8,36,8,0,0,1,1,0,0,3,42,0,0,2,8,218,2,27,3,8,15,3,5,11,9,5,2,0,1,14,45
-148,19,6,47,9,0,0,1,1,0,0,3,12,0,0,2,8,218,2,25,4,6,13,4,6,12,10,7,2,1,1,17,0
91,18,6,30,9,0,1,1,0,0,0,5,10,0,0,2,8,218,2,24,5,7,14,3,5,15,10,6,2,1,2,13,15
-14,16,4,35,9,0,1,1,1,0,0,13,2,0,0,2,8,218,2,22,3,6,12,3,5,14,11,6,2,1,2,14,30
26,15,4,32,9,0,1,1,1,0,0,3,12,0,0,2,8,218,2,21,2,6,13,3,6,13,11,7,2,1,1,13,30
38,13,4,28,9,0,1,2,1,0,0,0,15,0,0,2,8,218,2,19,2,7,13,2,6,18,12,8,2,1,2,13,0
-50,13,4,38,8,0,1,2,1,0,0,12,3,0,0,2,8,218,2,19,3,7,14,2,6,17,11,7,1,1,1,15,0
44,12,3,26,10,0,1,2,1,0,0,13,2,0,0,2,8,218,2,16,4,6,15,5,10,21,13,7,1,0,2,12,45
59,11,4,28,10,0,1,1,1,0,0,9,6,0,0,2,8,218,1,16,4,7,15,4,9,21,13,6,1,0,2,13,0
12,11,4,32,9,0,1,1,1,0,0,7,8,0,0,2,8,218,1,16,4,7,15,3,8,20,12,5,1,0,1,13,30
58,10,5,20,10,0,1,1,1,0,0,10,5,0,0,2,8,218,2,14,3,8,13,6,8,21,12,6,1,0,2,12,0
16,9,5,24,11,0,1,2,0,0,0,13,2,0,0,2,8,218,2,12,2,6,11,6,12,20,13,6,1,1,2,12,30
45,9,6,24,10,0,1,2,0,0,0,4,11,0,0,2,8,218,2,12,4,8,11,5,13,19,12,5,1,1,2,12,30
63,9,7,20,11,0,0,2,0,0,0,0,15,0,0,2,8,218,3,11,3,7,10,4,13,20,11,5,1,1,2,12,0
38,9,7,26,10,0,0,2,0,0,0,14,1,0,0,2,8,218,2,11,4,8,10,3,13,19,11,5,1,1,2,12,45
82,9,7,17,9,0,0,2,0,0,0,11,4,0,0,2,8,218,2,11,5,8,10,3,13,19,10,4,1,1,1,11,30
98,9,7,13,8,0,0,2,0,0,0,9,6,0,0,2,8,218,1,11,5,8,10,3,12,18,10,4,1,1,2,11,0
-38,5,4,22,9,0,1,3,0,0,0,13,2,0,0,2,8,218,1,7,4,6,7,10,13,19,13,5,1,1,2,12,15
42,5,4,15,9,0,1,3,0,0,0,10,5,0,0,2,8,218,2,6,3,5,6,10,13,18,12,5,1,1,2,11,15
24,5,4,19,8,0,1,3,0,0,0,8,7,0,0,2,8,218,2,6,3,5,6,9,12,17,11,5,1,1,2,11,45
51,5,4,11,7,0,1,3,0,0,0,4,11,0,0,2,8,218,2,6,3,5,6,8,11,16,10,5,0,1,2,10,45
-15,5,4,22,6,0,1,3,0,0,0,2,13,0,0,2,8,218,2,6,3,5,6,7,10,15,9,5,0,0,2,12,15
-58,4,3,30,6,0,1,2,0,0,0,0,15,0,0,2,8,218,1,6,4,5,6,6,9,15,9,5,0,0,2,13,15
42,3,3,13,6,0,1,2,0,0,0,9,6,0,0,2,8,218,1,5,4,4,5,6,8,14,9,5,0,0,2,11,0
-16,3,3,17,7,0,1,1,0,0,0,5,10,0,0,2,8,218,2,4,3,3,4,6,7,13,8,4,0,0,1,11,30
75,3,3,2,7,0,0,1,0,0,0,3,12,0,0,2,8,218,2,4,3,3,4,5,6,12,7,3,0,0,1,9,30
17,2,2,9,6,0,1,1,0,0,0,14,1,0,0,2,8,218,2,3,2,2,3,4,7,11,7,3,0,0,2,10,30
-5,2,2,15,5,0,1,1,0,0,0,12,3,0,0,2,8,218,2,3,2,2,3,3,7,10,6,3,0,0,2,11,15
10,1,1,11,5,0,1,2,0,0,0,10,5,0,0,2,8,218,2,1,0,1,1,3,6,10,7,3,0,0,2,10,45
13,1,1,7,4,0,1,2,0,0,0,5,10,0,0,2,8,218,2,1,0,1,1,2,6,9,6,3,0,0,2,10,15
56,1,1,5,3,0,1,2,0,0,0,10,5,0,0,2,8,218,2,1,0,1,1,4,6,8,5,2,0,0,2,10,0
1,0,0,9,3,0,1,1,0,0,0,1,14,0,0,2,8,218,0,1,1,1,1,4,6,7,6,2,0,0,2,10,30
16,0,0,5,2,0,1,1,0,0,0,1,14,0,0,2,8,218,0,1,1,1,1,3,5,6,5,2,0,0,2,10,0
-9,0,0,7,1,0,1,1,0,0,0,14,1,0,0,2,8,218,0,1,1,1,1,2,4,5,4,2,0,0,2,10,15
42,0,0,1,1,0,1,1,0,0,0,0,6,0,0,2,8,218,0,0,0,0,0,3,4,4,4,3,0,0,2,9,15
-9,0,0,4,1,0,1,0,0,0,0,0,17,0,0,2,8,218,0,0,0,0,0,2,3,3,3,2,0,0,2,9,45
-2,0,0,0,1,0,0,0,0,0,0,0,28,0,1,2,8,218,0,0,0,0,0,2,2,2,2,2,0,0,1,9,0
0,0,0,2,0,0,0,0,0,0,0,0,50,0,0,2,8,218,0,0,0,0,0,1,1,1,1,1,0,0,1,9,30
-2,31,5,47,2,0,0,1,0,0,0,10,20,1,0,6,8,215,3,44,2,5,7,1,4,7,1,1,4,1,1,17,30
64,27,3,42,4,0,1,1,0,0,0,26,4,0,0,6,8,215,3,40,2,3,7,5,6,7,4,3,4,1,2,16,0
12,27,4,43,3,0,1,1,0,0,0,24,6,0,0,6,8,215,2,40,2,3,7,4,5,6,4,2,4,1,1,16,30
-5,26,3,43,2,0,1,2,0,0,0,11,19,0,0,6,8,215,1,39,2,2,8,3,4,8,5,4,4,1,1,16,30
9,26,3,46,2,0,1,1,0,0,0,5,25,0,0,6,8,215,1,39,2,3,8,2,3,7,4,4,4,1,1,17,0
71,26,3,41,1,0,2,1,0,0,0,13,2,0,0,6,8,215,2,38,1,2,7,2,2,6,3,3,3,1,1,15,45
-24,24,3,45,0,0,2,2,0,0,0,4,11,0,0,6,8,215,1,37,1,4,7,1,2,5,4,4,3,0,1,16,45
86,22,3,34,0,0,1,4,1,0,0,12,3,0,0,6,8,215,2,34,3,4,10,4,4,10,5,5,3,1,2,14,45
25,20,2,36,0,0,0,4,1,0,0,46,14,0,0,6,8,215,0,33,2,5,11,3,5,12,7,5,2,2,1,15,0
25,20,2,38,0,0,0,4,1,0,0,46,14,0,0,6,8,215,0,33,2,5,11,3,5,12,7,5,2,2,2,15,15
21,20,2,39,1,0,0,3,2,0,0,42,18,0,0,6,8,215,2,31,1,4,9,1,4,10,5,3,2,1,1,15,30
9,18,4,33,3,0,0,3,2,0,0,10,5,0,0,6,8,215,1,28,3,5,13,6,8,11,8,5,2,1,2,14,30
6,18,4,34,3,0,0,2,2,0,0,8,7,0,0,6,8,215,1,28,3,5,13,5,7,10,7,5,1,1,2,14,45
-64,18,5,36,2,0,0,3,2,0,0,1,14,0,0,6,8,215,2,27,2,5,12,4,7,11,6,4,1,0,1,15,0
59,18,5,29,3,0,0,3,1,0,0,11,4,0,0,6,8,215,3,26,2,4,13,3,6,10,5,3,1,0,1,13,0
43,17,4,27,3,0,0,2,1,0,0,9,6,0,0,6,8,215,2,26,2,4,13,2,5,9,5,2,1,0,2,12,45
-73,16,5,39,3,0,0,2,1,0,0,14,1,0,0,6,8,215,2,25,2,5,14,3,4,9,5,2,1,0,1,15,30
78,15,5,31,4,0,0,2,0,0,0,8,7,0,0,6,8,215,2,24,2,6,16,3,4,13,5,3,1,0,1,13,15
-4,15,6,32,3,0,0,2,0,0,0,7,8,0,0,6,8,215,2,24,2,6,16,2,3,12,4,2,1,0,1,13,30
33,13,6,25,3,0,0,2,0,0,0,5,10,0,0,6,8,215,1,23,4,8,16,1,5,13,5,4,1,0,2,12,30
17,10,6,24,4,0,0,3,1,0,0,4,11,0,0,6,8,215,1,19,4,9,15,4,6,15,8,6,1,0,2,12,15
11,8,6,29,5,0,0,3,2,0,0,0,15,0,0,6,8,215,2,16,4,9,13,4,10,18,9,6,1,0,1,13,0
51,7,5,17,4,0,0,4,2,0,0,7,8,0,0,6,8,215,2,15,5,8,13,4,10,17,9,7,1,0,2,11,30
42,7,5,21,4,0,0,3,2,0,0,5,10,0,0,6,8,215,2,15,5,8,13,3,9,17,8,6,1,0,1,12,0
22,6,4,15,4,0,0,4,2,0,0,3,12,0,0,6,8,215,2,13,5,7,13,7,10,20,9,7,1,0,2,11,15
-32,6,4,19,5,0,0,4,2,0,0,14,1,0,0,6,8,215,3,11,4,6,11,6,9,19,9,7,1,0,3,11,45
-29,3,2,17,6,0,0,5,1,0,0,1,14,0,0,6,8,215,2,9,3,5,9,6,10,18,11,7,1,0,2,11,30
-36,3,2,25,5,0,0,5,1,0,0,14,1,0,0,6,8,215,2,9,3,6,9,5,9,18,10,6,1,0,2,12,30
3,3,2,21,5,0,0,4,1,0,0,12,3,0,0,6,8,215,2,9,3,6,9,4,9,17,9,5,1,0,1,12,0
5,3,2,21,5,0,0,3,1,0,0,11,4,0,0,6,8,215,2,9,3,6,9,3,8,16,8,4,1,0,1,12,0
19,2,1,14,6,0,0,3,0,0,0,4,11,0,0,6,8,215,2,8,2,5,8,3,7,16,8,5,1,0,2,11,0
6,2,2,19,6,0,0,3,0,0,0,10,5,0,0,6,8,215,3,7,2,5,7,3,8,16,7,4,1,1,3,11,45
8,2,2,15,5,0,0,3,1,0,0,6,9,0,0,6,8,215,2,6,3,6,6,5,12,16,8,4,1,1,2,11,15
32,2,2,8,4,0,0,3,1,0,0,4,11,0,0,6,8,215,2,6,3,6,6,4,11,15,7,3,1,1,2,10,15
66,1,1,4,4,0,1,3,1,0,0,6,9,0,0,6,8,215,2,4,2,4,4,6,10,14,8,4,1,1,2,9,45
80,1,1,8,3,0,1,3,1,0,0,2,13,0,0,6,8,215,2,4,2,4,4,7,9,13,7,3,1,1,2,10,15
25,1,1,10,3,0,1,2,2,0,0,13,2,0,0,6,8,215,3,3,2,3,3,7,9,12,6,3,1,1,2,10,30
28,0,0,1,3,0,0,2,2,0,0,2,13,0,0,6,8,215,1,3,3,3,3,7,10,11,7,5,0,1,2,9,25
50,0,0,4,3,0,0,1,2,0,0,2,13,0,0,6,8,215,1,3,3,3,3,6,9,10,6,4,0,0,2,9,45
-62,0,0,12,4,0,0,0,2,0,0,7,3,0,0,6,8,215,1,2,2,2,2,5,8,9,6,4,0,0,1,10,45
-6,0,0,6,4,0,0,0,1,0,0,4,6,0,0,6,8,215,1,2,2,2,2,4,7,8,5,3,0,0,2,10,0
-26,0,0,12,3,0,0,0,1,0,0,3,7,0,0,6,8,215,1,2,2,2,2,3,6,7,4,3,0,0,1,10,45
4,0,0,2,2,0,0,0,1,0,0,1,9,0,0,6,8,215,1,2,2,2,2,2,6,6,3,3,0,0,2,9,30
-10,0,0,10,1,0,0,1,1,0,0,0,3,0,0,6,8,215,1,1,1,1,1,2,5,5,3,3,0,0,2,10,30
-31,0,0,2,1,0,0,1,1,0,0,0,31,0,0,6,8,215,0,0,0,0,0,4,4,4,4,2,0,0,2,9,30
-231,0,0,27,1,0,0,0,1,0,0,0,39,0,0,6,8,215,0,0,0,0,0,3,3,3,3,2,0,0,2,12,45
-31,0,0,6,1,0,0,0,0,0,0,0,42,0,0,6,8,215,0,0,0,0,0,2,2,2,2,2,0,0,2,10,0
-1,0,0,0,0,0,0,0,0,0,0,0,58,0,1,6,8,215,0,0,0,0,0,1,1,1,1,1,0,0,1,9,15
29,29,4,40,1,0,0,1,0,0,0,1,29,0,0,5,8,214,0,41,3,8,13,2,4,11,3,2,6,1,1,16,45
-16,29,6,43,3,0,0,0,0,0,0,0,15,1,0,5,8,214,2,39,4,8,12,3,4,10,2,2,6,2,1,17,30
-11,28,5,40,3,0,0,0,0,0,0,0,15,0,0,5,8,214,1,38,5,8,11,2,3,10,3,3,6,2,1,16,45
2,28,5,42,2,0,0,0,0,0,0,14,1,0,0,5,8,214,1,38,5,8,11,1,3,9,2,2,5,2,1,17,0
11,25,3,37,2,0,2,1,0,0,1,13,2,0,0,5,8,214,2,33,3,5,6,2,7,12,5,1,4,3,2,16,15
78,23,2,29,2,0,2,3,1,0,0,14,1,0,0,5,8,214,2,30,2,3,6,6,7,12,7,2,4,3,1,15,0
16,23,2,33,3,0,1,3,1,0,0,9,6,0,0,5,8,214,3,29,1,2,5,5,7,11,6,2,3,3,2,15,45
1,23,2,38,2,0,1,3,1,0,0,2,13,0,0,5,8,214,2,29,2,2,6,4,7,10,6,2,3,2,2,16,30
41,22,1,30,3,0,1,2,1,0,0,8,7,0,0,5,8,214,2,28,1,1,5,4,7,9,6,2,2,2,2,15,15
-21,22,1,38,2,0,1,2,1,0,0,6,9,0,0,5,8,214,2,28,1,1,5,3,6,8,5,1,2,1,2,16,30
18,22,1,31,2,0,0,2,1,0,0,1,14,0,0,5,8,214,2,28,1,1,5,2,5,7,4,1,2,1,2,15,30
-68,21,0,35,2,0,0,2,1,0,0,8,7,0,0,5,8,214,1,27,0,1,8,4,5,8,5,1,1,1,1,16,0
-6,21,1,31,2,0,0,1,1,0,0,11,4,0,0,5,8,214,1,27,0,3,10,4,5,8,4,1,1,0,2,15,30
-18,21,1,35,2,0,0,0,1,0,0,5,10,0,0,5,8,214,1,27,1,3,11,3,4,7,3,1,1,0,1,16,0
29,21,1,26,1,0,0,0,1,0,0,44,1,0,0,5,8,214,1,27,1,4,12,2,3,6,2,1,1,0,1,14,15
25,21,2,28,1,0,0,0,0,0,0,29,16,0,0,5,8,214,1,27,3,4,14,2,2,7,1,1,1,0,1,14,45
-40,21,4,27,1,0,0,0,0,0,0,8,37,0,0,5,8,214,1,26,3,7,15,1,3,9,1,0,1,0,1,14,30
-6,19,6,25,4,0,0,0,0,0,0,10,5,0,0,5,8,214,1,22,5,9,19,3,7,12,4,2,1,0,1,13,30
9,19,7,23,4,0,0,0,0,0,1,6,9,0,0,5,8,214,3,20,4,8,18,2,6,12,3,2,1,0,1,13,0
-2,17,7,24,4,0,0,0,0,0,1,6,9,0,0,5,8,214,2,19,5,10,18,1,6,13,4,2,1,0,1,13,15
10,13,8,18,5,0,0,2,0,0,2,6,9,0,0,5,8,214,2,14,5,9,14,5,8,14,8,3,1,1,2,12,15
19,13,9,18,4,0,0,2,0,0,2,2,13,0,0,5,8,214,2,14,5,11,14,6,7,13,7,3,1,1,2,12,15
41,13,10,16,4,0,0,2,0,0,2,12,3,0,0,5,8,214,2,13,5,10,13,6,7,13,7,3,1,1,2,12,0
95,13,10,16,3,0,0,2,0,0,2,10,5,0,0,5,8,214,2,13,5,10,13,5,6,12,6,3,1,1,2,12,0
-22,11,9,20,3,0,1,2,0,0,2,14,1,0,0,5,8,214,2,11,5,10,11,4,7,12,7,3,1,1,1,12,30
37,10,9,14,4,0,1,3,0,0,1,5,10,0,0,5,8,214,3,9,4,8,9,3,7,13,7,3,1,1,2,11,45
-47,9,8,22,4,0,1,3,0,0,0,3,12,0,0,5,8,214,2,9,6,8,9,2,6,12,7,3,0,1,1,12,45
14,9,8,20,3,0,1,3,0,0,0,1,14,0,0,5,8,214,2,9,6,9,9,1,5,11,6,2,0,0,1,12,30
19,4,4,10,7,0,1,4,0,0,0,1,14,0,0,5,8,214,2,3,3,3,3,4,6,13,11,4,0,0,2,11,15
48,3,3,12,8,0,1,3,0,0,0,9,6,0,0,5,8,214,2,2,2,2,2,3,6,12,11,4,0,0,2,11,30
8,2,2,14,7,0,1,3,0,0,0,2,13,0,0,5,8,214,1,2,2,2,2,2,6,12,11,5,0,0,2,11,45
30,1,1,6,6,0,2,3,0,0,0,7,8,0,0,5,8,214,1,1,1,1,1,3,7,12,11,6,0,0,2,10,45
16,0,0,12,5,0,2,3,0,0,1,12,3,0,0,5,8,214,0,0,0,0,0,4,8,11,12,7,0,0,2,11,30
29,0,0,8,4,0,2,3,0,0,1,7,8,0,0,5,8,214,0,0,0,0,0,5,7,11,11,7,0,0,2,11,0
-281,0,0,33,3,0,2,3,0,0,1,0,15,0,0,5,8,214,0,0,0,0,0,4,7,10,10,7,0,0,2,15,45
43,0,0,3,2,0,2,3,0,0,1,7,8,0,0,5,8,214,0,0,0,0,0,4,6,9,9,6,0,0,2,10,15
49,0,0,4,2,0,2,2,0,0,1,0,5,0,0,5,8,214,0,0,0,0,0,4,7,8,8,6,0,0,2,10,30
27,0,0,10,2,0,2,1,0,0,1,0,6,0,0,5,8,214,0,0,0,0,0,3,6,7,7,6,0,0,2,11,15
42,0,0,0,2,0,1,1,0,0,1,0,21,0,1,5,8,214,0,0,0,0,0,3,5,6,6,5,0,0,2,9,45
33,0,0,4,2,0,1,0,0,0,1,0,23,0,0,5,8,214,0,0,0,0,0,2,4,5,5,4,0,0,2,10,30
-26,0,0,6,2,0,1,0,0,0,0,0,41,0,0,5,8,214,0,0,0,0,0,3,4,4,4,3,0,0,2,10,45
48,0,0,1,1,0,1,0,0,0,0,0,57,0,0,5,8,214,0,0,0,0,0,2,3,3,3,2,0,0,1,10,0
23,0,0,8,1,0,0,0,0,0,0,0,59,0,0,5,8,214,0,0,0,0,0,1,2,2,2,1,0,0,2,11,0
40,0,0,1,0,0,0,0,0,0,0,0,97,0,0,5,8,214,0,0,0,0,0,1,1,1,1,1,0,0,1,10,0
67,29,2,40,4,0,1,1,0,0,0,8,7,0,0,4,8,213,1,40,2,6,10,5,6,10,6,2,5,3,1,16,30
32,28,2,43,4,0,0,1,0,0,0,21,9,0,0,4,8,213,0,40,3,7,12,5,8,9,6,3,5,2,1,16,45
36,28,2,44,3,0,0,1,0,0,0,20,10,0,0,4,8,213,0,40,3,7,12,4,7,9,5,3,4,2,2,17,0
20,28,2,45,2,0,1,1,0,0,0,17,13,1,0,4,8,213,1,39,3,6,11,3,6,8,4,2,3,1,1,17,30
-27,28,2,45,1,0,2,1,0,0,0,8,22,1,0,4,8,213,2,38,4,5,10,2,5,7,3,1,3,0,1,17,30
15,28,3,40,1,0,2,1,0,0,0,14,1,0,0,4,8,213,3,37,4,5,10,3,5,8,2,1,3,0,1,16,30
10,27,3,36,2,0,2,1,0,0,1,3,12,0,0,4,8,213,4,34,2,4,9,4,4,10,3,2,3,0,2,15,45
27,26,2,38,3,0,2,0,0,0,1,0,15,0,0,4,8,213,3,33,1,3,9,3,3,9,4,1,3,0,3,16,0
-14,26,2,36,3,0,2,0,0,0,0,22,8,0,0,4,8,213,3,33,1,4,9,2,2,8,3,0,3,0,2,15,45
-50,25,2,40,3,0,2,0,0,0,0,4,26,0,0,4,8,213,3,32,2,4,8,1,3,8,3,1,3,0,1,16,30
-39,24,4,34,6,0,1,0,1,0,0,6,9,0,0,4,8,213,3,28,3,4,10,4,6,9,6,4,3,0,2,15,30
1,23,3,34,5,0,1,0,1,0,0,34,11,0,0,4,8,213,2,28,3,4,13,5,6,11,6,5,3,0,2,15,30
-15,22,2,30,4,0,1,1,1,0,0,29,16,0,0,4,8,213,2,27,3,4,12,4,6,10,6,5,3,1,2,14,45
20,22,3,29,3,0,1,1,1,0,1,22,23,0,0,4,8,213,3,26,2,3,11,3,6,10,5,4,3,2,2,14,30
4,22,3,32,3,0,1,1,1,0,1,20,25,0,0,4,8,213,4,25,1,2,10,2,5,9,4,3,3,2,2,15,0
-58,22,4,30,3,0,1,1,1,0,0,12,33,0,0,4,8,213,3,25,1,5,13,2,4,10,4,2,3,2,2,14,45
28,20,5,24,3,0,1,1,1,0,0,12,18,0,0,4,8,213,0,24,4,9,16,3,4,11,7,3,3,2,1,13,0
-89,20,7,38,3,0,1,1,1,0,0,2,28,0,0,4,8,213,1,23,5,8,17,2,5,11,6,2,2,2,3,16,0
64,20,7,24,3,0,1,1,0,0,0,11,4,0,0,4,8,213,1,23,5,8,18,1,4,11,5,1,1,1,1,13,0
31,15,7,27,7,0,1,2,0,0,0,2,13,0,0,4,8,213,1,17,4,8,15,6,8,13,10,3,1,0,1,13,30
15,14,7,21,7,0,1,3,0,0,0,10,5,0,0,4,8,213,2,15,3,7,13,5,7,14,10,3,1,0,2,12,30
-94,14,7,32,6,0,1,3,0,0,0,7,8,0,0,4,8,213,2,15,3,7,13,5,6,15,9,2,1,0,2,15,0
7,13,8,22,5,0,1,3,0,0,0,10,5,0,0,4,8,213,1,15,4,10,13,5,8,16,9,3,1,0,3,12,45
12,12,7,18,4,0,1,3,0,0,0,4,11,0,0,4,8,213,0,15,6,10,14,4,7,16,9,4,1,0,1,12,0
55,12,7,22,5,0,1,2,0,0,0,4,11,0,0,4,8,213,1,13,5,9,13,3,6,15,8,4,1,0,3,12,45
-25,11,8,24,5,0,1,3,0,0,0,10,5,0,0,4,8,213,2,12,4,9,12,2,6,15,8,5,1,0,1,13,0
-54,9,6,28,5,0,0,3,0,0,0,4,11,0,0,4,8,213,0,12,5,10,12,2,5,14,9,6,1,0,1,14,15
53,6,4,16,8,0,0,3,0,0,1,4,26,0,0,4,8,213,1,7,5,5,7,4,9,17,12,7,1,1,2,11,45
-54,5,3,20,9,0,0,3,0,0,0,11,4,0,0,4,8,213,1,5,4,4,6,3,10,16,12,8,1,1,1,12,15
21,5,3,18,9,0,0,3,0,0,0,11,4,0,0,4,8,213,2,5,3,3,5,2,9,15,11,8,1,1,1,12,0
35,3,2,16,11,0,0,2,0,0,0,10,5,0,0,4,8,213,2,3,1,3,3,3,10,16,12,10,1,1,2,11,45
-7,2,2,11,11,0,0,2,0,0,0,6,9,0,0,4,8,213,0,2,0,2,2,8,10,16,14,10,1,1,2,10,45
43,2,2,13,10,0,0,2,0,0,0,14,1,0,0,4,8,213,0,2,2,2,2,8,10,15,13,9,1,1,1,11,0
64,2,2,9,10,0,0,1,0,0,0,10,5,0,0,4,8,213,0,2,2,2,2,7,11,14,12,8,0,1,2,10,30
23,2,2,13,9,0,0,1,0,0,0,9,6,0,0,4,8,213,0,2,2,2,2,6,10,13,11,7,0,0,1,11,0
139,2,2,3,9,0,0,0,0,0,0,8,7,0,0,4,8,213,0,2,2,2,2,5,9,12,10,6,0,0,2,9,45
56,2,2,7,8,0,0,0,0,0,0,2,13,0,0,4,8,213,0,2,2,2,2,4,8,11,9,5,0,0,2,10,15
95,2,2,7,7,0,0,0,0,0,0,13,2,0,0,4,8,213,0,2,2,2,2,4,7,10,8,5,0,0,2,10,15
6,2,2,15,6,0,0,0,0,0,0,7,8,0,0,4,8,213,0,2,2,2,2,3,7,9,7,4,0,0,2,11,30
80,2,2,3,6,0,0,0,0,0,0,0,15,0,0,4,8,213,1,1,1,1,1,3,6,8,6,3,0,0,2,9,45
46,1,1,5,6,0,0,0,0,0,0,2,13,0,0,4,8,213,1,0,0,0,0,4,7,7,6,3,0,0,2,10,0
-19,0,0,11,5,0,0,0,0,0,0,4,11,0,0,4,8,213,0,0,0,0,0,4,6,6,6,2,0,0,2,10,45
89,0,0,1,4,0,0,0,0,0,0,0,2,0,0,4,8,213,0,0,0,0,0,4,5,5,5,2,0,0,2,9,30
11,0,0,1,3,0,0,0,0,0,0,0,4,0,0,4,8,213,0,0,0,0,0,3,4,4,4,1,0,0,2,9,30
16,0,0,9,2,0,0,0,0,0,0,0,22,0,0,4,8,213,0,0,0,0,0,3,3,3,3,1,0,0,2,10,30
32,0,0,5,1,0,0,0,0,0,0,0,30,0,0,4,8,213,0,0,0,0,0,2,2,2,2,0,0,0,2,10,0
8,0,0,0,0,0,0,0,0,0,0,0,42,0,1,4,8,213,0,0,0,0,0,1,1,1,1,0,0,0,2,9,15
18,30,5,47,1,0,0,0,0,0,1,22,8,1,0,3,7,212,2,45,1,5,11,1,2,9,1,0,4,1,1,17,15
14,28,5,45,2,0,0,0,0,0,1,26,4,0,0,3,7,212,2,43,5,8,9,1,5,10,2,0,4,1,1,16,45
-3,24,2,41,6,0,1,1,0,0,1,3,12,0,0,3,7,212,1,36,2,2,5,7,8,12,9,5,3,2,2,16,0
23,24,2,39,5,0,1,1,0,0,1,2,13,0,0,3,7,212,1,36,2,2,5,6,8,11,8,4,3,2,2,15,45
30,24,2,43,6,0,1,1,0,0,0,13,2,0,0,3,7,212,2,35,1,1,4,5,7,11,7,4,3,2,2,16,30
-10,23,1,41,6,0,0,1,0,0,0,12,3,0,0,3,7,212,1,35,1,1,5,4,6,10,7,4,3,2,2,16,0
-25,23,1,45,5,0,0,1,0,0,0,4,11,0,0,3,7,212,1,35,1,1,5,3,5,9,6,3,3,2,1,16,45
38,23,1,39,4,0,0,1,0,0,0,2,13,0,0,3,7,212,1,35,1,1,5,2,5,8,5,3,2,3,2,15,45
39,23,1,38,3,0,1,1,0,0,0,8,7,0,0,3,7,212,2,34,0,0,6,2,5,7,4,2,2,2,2,15,30
-48,22,1,43,2,0,1,1,0,0,0,23,7,0,0,3,7,212,0,34,0,3,10,4,4,6,5,4,2,2,2,16,30
-3,22,1,36,2,0,0,1,0,0,0,17,13,0,0,3,7,212,0,34,1,3,10,3,4,6,4,3,1,2,1,15,0
51,22,1,34,2,0,0,0,0,0,0,2,28,0,0,3,7,212,0,34,2,4,14,2,4,7,3,2,0,1,1,14,45
11,22,3,34,1,0,0,0,0,0,0,41,4,0,0,3,7,212,0,34,2,4,15,1,3,6,2,1,0,0,1,14,45
12,21,4,37,1,0,1,0,1,0,0,4,41,0,0,3,7,212,1,31,3,7,17,2,3,9,3,1,0,0,1,15,15
-33,21,4,33,1,0,0,0,1,0,0,0,45,0,0,3,7,212,1,31,4,8,18,1,2,8,2,1,0,0,2,14,15
12,17,8,32,4,0,3,0,1,0,0,5,10,0,0,3,7,212,3,24,6,10,16,3,7,13,6,5,0,0,1,13,30
14,16,9,28,5,0,3,0,1,0,0,11,4,0,0,3,7,212,3,22,6,9,15,3,6,13,7,6,0,0,2,12,45
-6,15,8,30,6,0,2,0,1,0,0,5,10,0,0,3,7,212,3,21,5,8,15,2,7,13,7,5,0,0,1,13,0
42,13,7,26,6,0,2,2,1,0,0,5,10,0,0,3,7,212,4,18,4,8,13,4,7,15,8,4,0,0,2,12,30
12,11,6,24,7,0,2,2,1,0,0,5,10,0,0,3,7,212,4,16,3,8,15,5,8,17,9,3,0,0,2,12,15
57,9,4,20,8,0,2,2,1,0,0,0,15,0,0,3,7,212,4,14,2,6,13,4,8,16,10,3,0,0,2,11,45
6,9,5,24,8,0,1,2,1,0,0,9,6,0,0,3,7,212,4,14,4,6,13,4,7,17,9,3,0,0,2,12,15
30,7,4,18,9,0,1,1,1,0,0,8,7,0,0,3,7,212,3,13,3,6,13,4,8,17,10,4,0,0,2,11,30
47,7,4,26,9,0,1,1,0,0,0,6,9,0,0,3,7,212,3,13,5,6,13,3,7,17,9,4,0,0,2,12,30
20,6,3,18,9,0,0,2,0,0,0,12,3,0,0,3,7,212,2,11,4,7,12,4,8,17,10,4,0,0,2,11,30
-11,5,4,28,8,0,0,3,1,0,0,2,13,0,0,3,7,212,3,10,2,7,10,3,8,18,10,3,0,0,2,12,45
19,5,4,16,9,0,0,3,1,0,0,6,9,0,0,3,7,212,4,8,2,7,8,4,10,18,10,2,0,0,2,11,15
34,5,4,16,8,0,0,3,1,0,0,3,12,0,0,3,7,212,4,8,2,7,8,5,9,18,9,2,0,0,2,11,15
10,4,3,22,8,0,1,2,1,0,0,14,1,0,0,3,7,212,3,7,4,6,7,5,11,18,10,3,0,0,2,12,0
90,3,2,10,7,0,1,2,1,0,0,8,7,0,0,3,7,212,2,7,6,6,7,6,10,17,10,4,0,0,2,10,30
-40,3,3,22,7,0,1,2,1,0,0,5,10,0,0,3,7,212,2,6,5,6,6,6,10,16,10,4,0,0,2,12,0
90,3,3,3,6,0,1,2,1,0,0,3,12,0,0,3,7,212,2,6,5,6,6,5,9,15,9,3,0,0,2,9,45
-2,1,1,14,7,0,1,2,0,0,0,6,9,0,0,3,7,212,1,5,4,5,5,7,10,15,10,4,0,0,2,11,0
30,1,1,20,8,0,2,2,0,0,0,12,3,0,0,3,7,212,3,2,1,2,2,6,10,15,10,5,0,0,2,11,45
-9,1,1,10,8,0,1,2,0,0,0,10,5,0,0,3,7,212,2,2,1,2,2,5,10,14,10,5,0,0,2,10,30
50,1,1,12,7,0,1,3,0,0,0,8,7,0,0,3,7,212,3,1,1,1,1,4,9,13,9,5,0,0,2,10,45
28,1,1,8,6,0,1,3,0,0,0,13,2,0,0,3,7,212,2,1,1,1,1,5,10,12,9,5,0,0,2,10,15
-11,1,1,8,5,0,1,3,0,0,0,11,4,0,0,3,7,212,2,1,1,1,1,5,9,11,8,5,0,0,2,10,15
9,1,1,6,4,0,1,3,0,0,0,8,7,0,0,3,7,212,2,1,1,1,1,4,8,10,7,4,0,0,2,10,0
24,1,1,6,4,0,1,2,0,0,1,7,8,0,0,3,7,212,2,0,0,0,0,5,7,9,7,4,0,0,2,10,0
42,0,0,1,3,0,1,2,0,0,1,1,14,0,0,3,7,212,1,0,0,0,0,5,6,8,7,4,0,0,3,9,30
-134,0,0,30,2,0,1,2,0,0,1,0,3,0,0,3,7,212,1,0,0,0,0,5,5,7,6,4,0,0,1,13,0
-1,0,0,3,2,0,0,2,0,0,1,0,9,0,0,3,7,212,0,0,0,0,0,4,5,6,6,3,0,0,2,9,45
-37,0,0,3,1,0,0,2,0,0,1,0,19,0,0,3,7,212,0,0,0,0,0,3,5,5,5,2,0,0,2,9,45
-49,0,0,12,0,0,0,2,0,0,1,0,27,0,0,3,7,212,0,0,0,0,0,2,4,4,4,2,0,0,2,10,45
93,0,0,1,0,0,0,1,0,0,1,0,29,0,0,3,7,212,0,0,0,0,0,1,3,3,3,2,0,0,3,9,30
-93,0,0,14,0,0,0,0,0,0,1,0,66,0,0,3,7,212,0,0,0,0,0,2,2,2,2,2,0,0,2,11,0
5,0,0,0,0,0,0,0,0,0,0,0,72,0,1,3,7,212,0,0,0,0,0,1,1,1,1,1,0,0,2,9,15
136,29,1,43,0,0,0,0,0,0,0,23,0,0,0,2,7,211,0,54,3,3,9,1,1,6,1,0,7,0,1,15,45
22,27,2,51,1,0,0,1,0,0,1,11,4,0,0,2,7,211,1,50,5,6,15,2,5,11,3,2,6,2,1,17,0
13,26,1,46,4,0,1,1,0,0,0,23,7,0,0,2,7,211,3,46,1,5,12,4,6,12,4,2,5,2,2,16,30
-17,25,1,49,4,0,0,2,0,0,0,9,21,0,0,2,7,211,2,45,1,6,12,3,7,14,5,3,5,2,2,16,45
-23,25,1,49,3,0,0,2,0,0,0,2,28,0,0,2,7,211,2,45,2,8,13,3,7,13,4,3,5,2,2,16,45
-19,25,1,53,2,0,0,2,0,0,0,12,3,0,0,2,7,211,1,45,3,8,14,3,6,12,4,2,5,2,1,17,15
26,25,4,45,2,0,0,2,0,0,0,8,7,0,0,2,7,211,1,44,5,9,15,4,7,12,4,1,4,2,3,16,0
-94,25,4,54,2,0,0,2,0,0,0,0,15,1,0,2,7,211,1,43,6,8,16,4,6,11,4,1,4,1,1,17,30
-29,25,5,46,4,0,0,2,0,0,1,0,15,0,0,2,7,211,4,39,3,6,13,4,8,12,4,1,3,2,2,16,30
49,24,4,41,3,0,0,2,0,0,1,9,6,0,0,2,7,211,3,39,4,6,13,4,8,11,4,2,3,1,2,15,30
-23,24,4,43,3,0,0,1,0,0,1,7,8,0,0,2,7,211,3,39,4,6,13,3,7,11,3,1,3,1,1,15,45
-58,22,4,46,4,0,0,2,0,0,1,3,12,0,0,2,7,211,3,36,3,6,12,5,7,12,5,2,3,1,2,16,30
-30,21,4,41,4,0,1,2,0,0,0,9,6,0,0,2,7,211,3,35,2,6,13,5,6,11,5,2,3,1,2,15,30
55,21,5,34,3,0,1,2,0,0,0,13,2,0,0,2,7,211,2,35,4,8,14,4,6,13,5,2,3,1,1,14,15
49,20,4,33,2,0,1,4,0,0,0,5,10,0,0,2,7,211,3,33,2,7,12,4,6,12,5,1,2,2,1,14,0
18,20,4,35,1,0,1,4,0,0,0,3,12,0,0,2,7,211,3,33,3,7,12,3,5,11,4,1,2,1,1,14,30
12,20,4,36,1,0,1,3,0,0,0,14,1,0,0,2,7,211,2,33,3,7,14,2,4,10,4,1,2,1,2,14,45
-43,19,4,37,3,0,1,2,0,0,0,23,7,0,0,2,7,211,3,31,5,7,13,2,5,12,4,2,2,1,2,15,0
-81,16,3,37,3,0,4,2,0,0,0,13,2,0,0,2,7,211,3,27,3,6,11,4,8,13,7,5,2,1,2,15,0
-42,16,3,39,3,0,4,2,0,0,0,8,7,0,0,2,7,211,4,26,2,5,11,3,7,13,6,4,1,1,2,15,15
70,16,3,30,3,0,3,2,0,0,0,8,7,0,0,2,7,211,4,26,4,7,14,3,7,16,5,3,1,1,1,13,15
63,15,2,28,3,0,3,1,0,0,0,4,11,0,0,2,7,211,2,26,5,7,16,3,6,15,6,4,1,1,2,13,0
22,15,4,32,3,0,3,2,0,0,0,7,8,0,0,2,7,211,3,24,3,7,15,4,7,16,6,4,1,1,1,13,30
-138,13,3,39,4,0,3,2,1,0,0,6,9,0,0,2,7,211,3,21,2,5,13,4,8,16,8,5,1,1,2,15,15
47,13,4,28,3,0,3,2,1,0,0,2,13,0,0,2,7,211,3,21,2,5,13,4,7,17,7,4,1,1,2,13,0
88,13,4,19,3,0,2,2,1,0,0,1,14,0,0,2,7,211,3,21,2,5,13,3,6,16,6,4,1,1,2,12,0
51,13,5,21,4,0,1,2,2,0,0,14,1,0,0,2,7,211,3,19,3,7,12,4,8,16,7,3,0,1,3,12,15
-6,13,7,26,4,0,1,1,2,0,0,3,12,0,0,2,7,211,2,19,3,9,13,4,9,17,7,4,0,0,2,12,45
-17,11,5,23,4,0,0,1,2,0,0,0,15,0,0,2,7,211,0,19,3,9,13,3,9,16,8,4,0,0,2,12,30
-16,10,5,26,5,0,1,1,2,0,0,14,1,0,0,2,7,211,1,16,4,8,13,5,9,17,9,4,0,0,2,12,45
15,10,5,23,5,0,1,0,2,0,0,13,2,0,0,2,7,211,1,16,4,8,14,5,8,16,8,4,0,0,2,12,30
106,9,6,12,4,0,1,0,2,0,0,11,4,0,0,2,7,211,0,16,7,8,15,7,10,15,8,3,0,0,2,11,0
1,9,6,17,4,0,0,1,3,0,0,6,9,0,0,2,7,211,2,14,6,7,14,6,10,14,7,3,0,0,2,11,45
-10,9,6,23,4,0,0,1,2,0,0,5,10,0,0,2,7,211,2,14,6,7,14,5,9,13,6,2,0,0,2,12,30
-9,8,5,30,4,0,0,2,2,0,0,13,2,0,0,2,7,211,3,12,4,5,12,4,9,15,6,2,0,0,1,13,15
0,8,5,19,3,0,0,2,2,0,0,9,6,0,0,2,7,211,3,12,4,5,12,4,8,14,5,1,0,0,2,12,0
20,6,3,14,4,0,0,2,2,0,0,1,14,0,0,2,7,211,3,10,2,4,10,5,8,13,6,2,0,0,1,11,15
17,6,3,17,5,0,0,2,1,0,0,12,3,0,0,2,7,211,3,9,1,4,9,4,7,12,6,3,0,0,2,11,45
-27,4,3,21,5,0,0,2,1,0,0,11,4,0,0,2,7,211,2,8,1,6,8,5,8,12,7,3,0,0,3,12,15
38,3,2,8,4,0,0,2,1,0,0,3,12,0,0,2,7,211,1,8,2,7,8,5,7,11,7,4,0,0,2,10,30
29,3,2,10,4,0,0,1,1,0,0,3,12,0,0,2,7,211,1,8,2,7,8,4,6,10,6,4,0,0,2,10,45
-33,3,2,16,4,0,0,1,1,0,0,8,7,0,0,2,7,211,1,7,3,7,7,4,5,9,6,4,0,0,2,11,30
-43,3,3,14,4,0,0,0,1,0,0,14,1,0,0,2,7,211,1,7,4,7,7,4,7,11,5,3,0,0,1,11,15
24,3,3,10,4,0,1,0,0,0,0,4,11,0,0,2,7,211,2,6,5,6,6,3,6,11,4,3,0,0,2,10,45
26,3,3,6,3,0,1,1,0,0,0,10,5,0,0,2,7,211,1,5,5,5,5,2,6,10,5,3,0,0,2,10,15
56,3,3,5,2,0,1,2,0,0,0,4,11,0,0,2,7,211,2,4,4,4,4,2,5,10,4,3,0,0,2,10,0
19,1,1,1,6,0,1,1,0,0,0,19,11,0,0,2,7,211,2,0,0,0,0,4,6,9,7,4,0,0,2,9,30
3,1,1,8,5,0,1,1,0,0,0,18,12,0,0,2,7,211,2,0,0,0,0,3,6,8,6,3,0,0,2,10,30
-11,0,0,6,4,0,1,1,0,0,0,16,14,0,0,2,7,211,0,0,0,0,0,2,5,7,7,3,0,0,2,10,15
-424,0,0,51,4,0,0,1,0,0,0,0,5,0,0,2,7,211,0,0,0,0,0,1,5,6,6,3,0,0,1,17,0
18,0,0,0,3,0,0,1,0,0,0,0,38,0,1,2,7,211,0,0,0,0,0,4,5,5,5,2,0,0,2,9,0
-19,0,0,3,2,0,0,1,0,0,0,0,38,0,0,2,7,211,0,0,0,0,0,3,4,4,4,2,0,0,1,9,45
12,0,0,1,1,0,0,1,0,0,0,0,42,0,0,2,7,211,0,0,0,0,0,3,3,3,3,2,0,0,2,9,30
-27,0,0,3,0,0,0,1,0,0,0,0,52,0,0,2,7,211,0,0,0,0,0,2,2,2,2,2,0,0,1,9,45
-78,0,0,12,0,0,0,0,0,0,0,0,69,0,0,2,7,211,0,0,0,0,0,1,1,1,1,1,0,0,2,11,0
316,25,2,23,0,0,0,0,0,0,0,43,0,0,0,6,7,208,0,41,1,3,6,1,2,5,1,1,5,0,1,13,0
-3,24,2,41,2,0,0,0,0,0,0,19,11,1,0,6,7,208,1,38,1,3,8,2,4,8,2,1,5,2,1,17,30
33,23,2,39,1,0,0,0,0,0,0,7,23,0,0,6,7,208,0,38,1,3,10,2,3,7,2,2,4,2,1,17,0
18,22,2,39,1,0,0,0,0,0,0,14,1,0,0,6,7,208,0,37,2,5,10,2,3,9,2,2,4,1,1,17,0
10,22,2,37,0,0,0,0,0,0,0,2,13,0,0,6,7,208,0,37,2,5,10,1,3,8,1,1,3,2,2,16,45
-15,20,3,35,1,0,1,1,0,0,1,1,14,0,0,6,7,208,1,32,3,5,7,4,6,10,4,4,3,2,2,16,30
8,20,3,33,1,0,0,1,0,0,1,12,3,0,0,6,7,208,1,32,4,5,7,3,6,9,3,3,2,2,1,15,45
9,20,3,34,2,0,0,0,0,0,1,0,15,0,0,6,7,208,1,31,3,4,7,3,5,8,3,3,2,1,2,16,0
-55,20,3,37,2,0,0,0,0,0,0,14,1,0,0,6,7,208,1,31,3,4,7,2,4,7,2,2,2,1,2,16,45
4,17,0,31,4,0,0,0,0,0,0,0,15,0,0,6,7,208,1,28,1,1,10,3,6,7,4,3,1,1,1,15,15
-52,17,0,35,3,0,0,0,0,0,0,11,4,0,0,6,7,208,1,28,1,2,10,3,5,6,3,2,1,0,2,16,30
7,17,0,29,3,0,0,0,0,0,0,0,15,0,0,6,7,208,1,27,0,2,9,3,4,5,3,2,1,0,1,15,0
-7,17,0,27,2,0,0,0,0,0,0,13,17,0,0,6,7,208,0,27,1,3,10,3,3,7,3,1,1,0,2,14,45
16,17,0,29,1,0,0,0,0,0,0,8,22,0,0,6,7,208,0,27,1,4,10,2,2,7,2,1,1,0,1,15,0
-41,17,1,32,0,0,0,0,0,0,0,38,7,0,0,6,7,208,0,27,2,9,11,1,2,7,1,1,1,1,1,15,30
-61,16,5,27,3,0,1,0,0,0,0,14,1,0,0,6,7,208,2,22,4,6,11,1,6,11,3,3,0,1,2,14,45
-46,13,2,26,4,0,0,3,0,0,0,12,3,0,0,6,7,208,2,18,2,3,11,5,7,12,6,3,0,0,2,14,15
22,12,1,21,4,0,0,3,0,0,0,10,5,0,0,6,7,208,2,17,1,2,10,4,6,11,6,3,0,0,1,12,45
0,12,1,24,3,0,0,3,0,0,0,10,5,0,0,6,7,208,2,17,1,2,10,3,5,10,5,3,0,0,1,13,15
16,12,2,21,2,0,0,3,0,0,0,9,6,0,0,6,7,208,2,17,1,5,13,2,5,10,4,2,0,0,1,12,45
-48,11,2,25,2,0,0,3,0,0,0,1,14,0,0,6,7,208,2,16,1,5,13,2,6,9,4,3,0,0,1,13,30
36,11,5,18,3,0,0,2,0,0,0,3,12,0,0,6,7,208,1,15,3,8,13,5,7,11,5,4,0,0,2,12,15
-22,11,5,19,2,0,0,2,0,0,0,1,14,0,0,6,7,208,1,15,4,8,13,4,6,10,4,4,0,0,2,12,30
72,11,7,14,3,0,0,2,0,0,0,1,14,0,0,6,7,208,2,13,4,8,11,3,6,12,4,3,0,0,1,11,30
-21,10,7,19,4,0,0,1,0,0,0,5,10,0,0,6,7,208,2,12,4,9,11,4,5,12,4,2,0,0,2,12,30
19,10,7,17,3,0,0,1,0,0,0,4,11,0,0,6,7,208,2,12,4,9,11,3,4,11,3,1,0,0,1,12,0
10,7,5,12,4,0,0,2,0,0,0,26,4,0,0,6,7,208,1,9,4,6,9,3,5,11,6,1,0,0,2,11,15
2,7,5,12,4,0,0,2,0,0,0,21,9,0,0,6,7,208,2,8,4,5,8,2,4,11,5,1,0,0,2,11,15
-10,4,2,16,5,0,0,2,0,0,0,4,26,0,0,6,7,208,1,6,3,4,6,2,7,12,7,1,0,0,1,11,45
7,3,1,8,7,0,0,2,0,0,0,1,14,0,0,6,7,208,2,3,1,3,3,3,7,12,8,3,0,0,2,10,30
-24,2,2,14,6,0,0,2,0,0,0,0,15,0,0,6,7,208,0,3,1,3,3,5,7,12,9,4,0,0,1,11,30
27,2,2,8,7,0,0,1,0,0,0,5,10,0,0,6,7,208,1,2,1,2,2,5,7,11,8,4,0,0,2,10,30
44,2,2,4,6,0,0,1,0,0,0,0,15,0,0,6,7,208,1,2,2,2,2,4,7,10,7,3,0,0,2,10,0
23,2,2,2,5,0,0,1,0,0,0,25,5,0,0,6,7,208,0,2,2,2,2,3,7,9,7,4,0,0,2,9,45
15,2,2,10,5,0,0,0,0,0,0,22,8,0,0,6,7,208,0,2,2,2,2,2,6,8,6,4,0,0,2,11,0
35,2,2,6,4,0,1,0,0,0,0,8,22,0,0,6,7,208,1,1,1,1,1,3,5,7,5,4,0,0,2,10,15
30,0,0,4,4,0,1,0,0,0,0,2,13,0,0,6,7,208,0,0,0,0,0,4,6,6,6,5,0,0,2,10,0
-40,0,0,10,3,0,1,0,0,0,0,0,6,0,0,6,7,208,0,0,0,0,0,3,5,5,5,4,0,0,2,11,0
11,0,0,0,2,0,1,0,0,0,0,0,14,0,1,6,7,208,0,0,0,0,0,3,4,4,4,3,0,0,1,9,0
1,0,0,1,2,0,0,0,0,0,0,0,18,0,0,6,7,208,0,0,0,0,0,2,3,3,3,3,0,0,2,9,15
-14,0,0,6,1,0,0,0,0,0,0,0,43,0,0,6,7,208,0,0,0,0,0,2,2,2,2,2,0,0,2,10,15
-4,0,0,2,0,0,0,0,0,0,0,0,48,0,0,6,7,208,0,0,0,0,0,1,1,1,1,1,0,0,2,9,45
41,25,3,47,1,0,0,1,0,0,0,1,0,1,0,5,7,207,2,45,1,4,12,1,3,8,1,0,5,2,1,17,0
13,23,4,45,3,0,2,0,0,0,0,11,4,0,0,5,7,207,2,41,3,7,9,2,5,11,4,1,5,1,1,16,45
-5,23,5,43,2,0,2,0,0,0,0,3,12,0,0,5,7,207,1,41,5,8,9,1,6,10,4,1,4,2,2,16,30
14,20,3,43,4,0,4,0,0,0,0,13,2,0,0,5,7,207,3,36,3,4,6,5,8,11,6,1,4,1,2,16,30
-9,20,3,42,4,0,3,0,0,0,0,7,8,0,0,5,7,207,3,36,3,4,6,5,7,10,5,0,4,1,2,16,15
2,20,3,41,4,0,2,0,0,0,0,6,9,0,0,5,7,207,3,36,3,4,7,5,6,9,4,0,4,1,1,16,0
2,19,2,36,5,0,1,0,0,0,2,6,9,0,0,5,7,207,5,33,0,1,6,5,6,8,4,0,3,2,2,15,15
16,19,2,38,4,0,1,0,0,0,2,6,9,0,0,5,7,207,5,33,0,1,6,4,5,7,3,0,3,1,1,15,30
-30,18,1,45,3,0,1,0,0,0,2,10,5,0,0,5,7,207,3,33,1,2,7,3,4,7,4,1,3,1,1,16,45
30,18,1,34,2,0,1,0,0,0,2,7,8,0,0,5,7,207,3,33,1,2,8,2,3,6,3,1,3,1,2,15,0
5,18,1,34,1,0,1,0,0,0,2,1,14,0,0,5,7,207,3,33,1,3,9,1,2,5,2,1,3,1,2,15,0
-29,17,0,38,1,0,2,0,0,0,1,43,2,0,0,5,7,207,2,32,2,3,12,1,3,6,3,3,2,1,1,15,30
-29,17,2,32,3,0,1,0,0,0,1,13,32,0,0,5,7,207,4,30,1,7,12,2,3,12,2,2,2,1,2,14,45
26,17,3,30,2,0,1,0,0,0,1,7,38,0,0,5,7,207,3,30,3,8,13,1,2,12,2,2,2,1,1,14,15
-95,17,5,36,5,0,1,0,0,0,1,2,13,0,0,5,7,207,4,26,4,6,13,2,6,14,4,2,1,1,2,15,15
-26,14,3,29,6,0,1,1,1,0,1,3,12,0,0,5,7,207,3,22,2,6,13,5,11,14,8,3,1,0,1,13,30
-14,13,3,26,5,0,1,1,1,0,1,4,11,0,0,5,7,207,2,22,4,7,13,8,11,14,8,4,1,0,1,13,0
-57,13,4,31,5,0,1,1,2,0,1,12,3,0,0,5,7,207,3,20,2,5,13,7,11,14,8,3,1,1,2,14,30
23,12,3,21,4,0,1,1,2,0,1,7,8,0,0,5,7,207,1,20,3,7,15,7,10,14,9,4,1,1,2,12,15
10,12,3,25,3,0,1,1,2,0,1,5,10,0,0,5,7,207,1,20,4,7,15,6,9,13,8,4,1,1,2,12,45
24,12,4,23,3,0,1,1,2,0,1,11,4,0,0,5,7,207,2,19,3,7,15,6,9,12,7,3,1,1,1,12,30
-6,12,4,21,4,0,1,1,1,0,1,10,5,0,0,5,7,207,3,18,2,6,14,5,8,12,6,3,1,1,2,12,15
-206,12,4,40,4,0,0,1,1,0,1,9,6,0,0,5,7,207,3,18,3,6,15,4,7,12,5,2,1,1,1,15,45
-5,12,4,28,3,0,0,1,1,0,1,6,9,0,0,5,7,207,2,18,3,6,15,3,6,11,5,2,1,1,1,13,15
34,11,4,19,4,0,0,1,0,0,1,8,7,0,0,5,7,207,2,17,4,8,16,4,5,14,5,3,1,1,1,11,45
7,11,4,20,4,0,0,1,0,0,1,4,11,0,0,5,7,207,3,16,3,7,15,3,4,13,4,2,1,1,2,12,0
-39,10,5,23,4,0,0,1,0,0,1,5,10,0,0,5,7,207,2,15,3,6,15,3,4,14,5,1,1,1,1,12,30
-20,10,5,26,4,0,0,0,0,0,1,4,11,0,0,5,7,207,2,15,3,6,15,2,4,14,4,1,0,1,1,13,0
31,8,5,16,6,0,0,0,0,0,1,0,15,0,0,5,7,207,3,12,3,8,12,1,4,15,5,1,0,0,2,11,15
52,6,5,10,7,0,1,0,0,0,1,12,3,0,0,5,7,207,2,9,5,9,9,3,9,17,8,2,0,0,2,10,30
13,5,5,14,6,0,1,0,0,0,1,4,11,0,0,5,7,207,1,9,7,9,9,5,11,17,8,2,0,0,1,11,0
-243,5,5,32,8,0,1,0,0,0,2,9,6,0,0,5,7,207,3,5,4,5,5,7,11,16,9,4,0,0,2,14,45
-19,3,3,10,8,0,0,1,0,0,2,11,4,0,0,5,7,207,2,4,4,4,4,6,12,16,10,4,0,0,2,10,30
15,3,3,12,7,0,0,1,0,0,3,9,6,0,0,5,7,207,3,3,3,3,3,5,11,15,9,3,0,0,2,10,45
-2,3,3,9,8,0,0,1,0,0,2,5,10,0,0,5,7,207,3,2,2,2,2,6,12,14,9,4,0,0,2,10,15
-9,3,3,17,7,0,0,1,0,0,2,2,13,0,0,5,7,207,3,2,2,2,2,6,11,13,8,3,0,0,1,11,30
-32,2,2,17,6,0,0,1,0,0,2,6,4,0,0,5,7,207,2,2,2,2,2,5,10,12,8,4,0,0,1,11,30
10,1,1,5,7,0,0,1,0,0,1,4,6,0,0,5,7,207,2,1,1,1,1,5,9,11,8,5,0,0,2,9,35
43,0,0,8,6,0,1,1,0,0,1,7,8,0,0,5,7,207,0,0,0,0,0,7,9,10,10,5,0,0,1,10,0
57,0,0,2,5,0,1,1,0,0,1,6,9,0,0,5,7,207,0,0,0,0,0,7,8,9,9,4,0,0,1,9,30
-23,0,0,6,5,0,0,1,0,0,1,5,10,0,0,5,7,207,0,0,0,0,0,6,7,8,8,4,0,0,1,9,45
34,0,0,2,4,0,0,1,0,0,1,10,5,0,0,5,7,207,0,0,0,0,0,5,6,7,7,4,0,0,1,9,30
-53,0,0,12,4,0,0,0,0,0,1,7,8,0,0,5,7,207,0,0,0,0,0,4,5,6,6,4,0,0,2,10,45
10,0,0,2,3,0,0,0,0,0,1,0,1,0,0,5,7,207,0,0,0,0,0,3,5,5,5,3,0,0,1,9,30
11,0,0,1,2,0,0,0,0,0,1,0,7,0,0,5,7,207,0,0,0,0,0,3,4,4,4,2,0,0,3,9,15
-84,0,0,14,2,0,0,0,0,0,0,0,8,0,0,5,7,207,0,0,0,0,0,2,3,3,3,2,0,0,1,11,0
40,0,0,6,1,0,0,0,0,0,0,0,35,0,0,5,7,207,0,0,0,0,0,2,2,2,2,1,0,0,1,9,45
61,0,0,0,0,0,0,0,0,0,0,0,53,0,1,5,7,207,0,0,0,0,0,1,1,1,1,1,0,0,1,9,0
7,29,4,49,2,0,0,1,0,0,0,12,3,0,0,4,7,206,1,47,3,4,9,2,3,8,3,2,8,2,1,17,15
11,29,4,50,2,0,0,1,0,0,0,2,13,1,0,4,7,206,2,46,2,5,8,2,3,8,2,1,8,1,1,17,30
27,26,2,48,3,0,0,0,1,0,0,3,12,0,0,4,7,206,1,44,3,5,10,2,5,9,4,1,7,3,1,17,0
18,25,2,44,4,0,0,1,1,0,0,5,10,0,0,4,7,206,3,41,2,3,11,4,6,9,4,1,7,3,1,16,15
12,25,3,46,4,0,0,1,0,0,0,5,10,0,0,4,7,206,1,41,2,7,13,4,5,11,5,1,7,3,1,16,30
-9,25,4,42,4,0,0,1,0,0,0,14,1,0,0,4,7,206,2,40,2,6,13,3,5,10,4,1,6,3,2,16,0
46,24,3,44,3,0,0,2,0,0,0,6,9,0,0,4,7,206,2,39,1,5,13,3,4,9,4,2,5,2,1,16,15
47,24,4,39,3,0,0,1,0,0,0,7,8,0,0,4,7,206,2,39,4,7,15,2,5,9,3,1,4,2,2,15,30
55,23,3,34,3,0,0,1,0,0,0,7,8,0,0,4,7,206,1,38,4,8,15,2,4,9,4,3,4,1,1,14,45
8,21,3,37,5,0,0,2,0,0,0,14,1,0,0,4,7,206,2,34,2,7,15,3,6,12,6,3,4,2,1,15,0
-6,21,4,42,4,0,0,2,0,0,0,6,9,0,0,4,7,206,2,34,4,8,16,2,5,12,5,2,4,2,2,16,0
-29,20,5,40,4,0,0,1,0,0,0,0,15,0,0,4,7,206,1,34,6,8,17,3,4,13,5,2,3,2,2,15,45
5,20,6,34,7,0,0,1,0,0,0,34,11,0,0,4,7,206,2,30,4,7,15,3,5,16,7,1,3,1,1,14,45
-103,20,6,47,6,0,0,1,0,0,0,33,12,0,0,4,7,206,2,30,4,7,15,2,5,16,6,1,2,1,1,16,45
36,19,6,31,6,0,0,1,1,0,0,27,18,0,0,4,7,206,2,28,3,7,13,1,5,15,7,2,2,1,1,14,15
-46,15,6,38,8,0,0,1,2,0,0,7,8,0,0,4,7,206,2,24,3,8,11,6,9,17,10,6,2,1,1,15,15
-30,15,7,34,7,0,0,2,2,0,0,2,13,0,0,4,7,206,2,23,3,7,11,5,10,18,10,7,2,1,1,14,45
-53,14,6,31,6,0,0,2,2,0,0,4,11,0,0,4,7,206,1,23,5,8,12,5,11,18,10,8,2,1,1,14,15
-95,14,6,40,6,0,0,2,2,0,0,2,13,0,0,4,7,206,2,22,4,7,12,6,11,17,9,7,1,1,2,15,45
44,13,5,27,7,0,0,2,1,0,0,12,3,0,0,4,7,206,2,21,5,6,11,5,10,18,9,8,1,0,2,13,0
15,13,5,28,6,0,0,2,1,0,0,10,5,0,0,4,7,206,2,21,5,6,11,4,9,17,8,7,1,0,1,13,15
122,10,3,23,7,0,1,1,1,0,0,8,7,0,0,4,7,206,1,19,4,5,10,6,10,17,10,8,1,1,2,12,30
19,10,4,30,7,0,1,1,1,0,0,3,12,0,0,4,7,206,2,18,3,4,9,6,10,16,9,8,1,1,2,13,30
77,10,4,25,6,0,1,1,1,0,0,2,13,0,0,4,7,206,2,18,3,4,9,6,9,15,8,7,1,1,1,12,45
37,8,2,21,6,0,1,1,2,0,0,5,10,0,0,4,7,206,1,16,2,4,9,6,8,16,10,7,1,1,2,12,15
63,8,2,17,6,0,0,1,2,0,0,3,12,0,0,4,7,206,1,16,2,4,9,5,8,15,9,7,1,1,2,11,45
107,8,3,17,5,0,0,1,2,0,0,0,15,0,0,4,7,206,1,16,2,5,10,5,8,14,8,6,1,1,2,11,45
-30,8,3,33,5,0,0,1,2,0,0,6,9,0,0,4,7,206,2,15,1,4,12,5,8,13,7,5,1,1,3,14,30
21,8,3,25,5,0,0,1,1,0,0,3,12,0,0,4,7,206,2,15,1,5,12,4,7,12,6,4,1,1,1,12,45
26,8,3,21,4,0,0,1,1,0,0,7,8,0,0,4,7,206,1,15,2,5,12,3,8,11,6,4,1,1,2,12,15
-48,8,4,28,3,0,0,1,2,0,0,2,13,0,0,4,7,206,2,14,2,4,13,4,8,10,5,3,0,1,1,13,15
28,7,3,19,2,0,0,1,2,0,0,7,8,0,0,4,7,206,1,14,3,5,13,4,7,11,5,3,0,0,2,12,0
30,6,3,23,2,0,0,0,2,0,2,4,11,0,0,4,7,206,2,12,2,5,12,5,8,12,5,3,0,0,2,12,30
17,6,3,15,1,0,0,0,2,0,2,3,12,0,0,4,7,206,2,12,2,5,12,5,7,11,4,2,0,0,2,11,30
-5,5,2,19,1,0,1,0,1,0,2,9,6,0,0,4,7,206,2,11,2,7,11,4,6,10,4,3,0,0,2,12,0
4,5,3,15,2,0,1,0,0,0,2,2,13,0,0,4,7,206,3,10,1,7,10,3,5,11,3,2,0,0,2,11,30
66,5,3,13,1,0,1,0,0,0,2,12,3,0,0,4,7,206,3,10,3,7,10,3,4,10,2,1,0,0,2,11,15
16,5,4,11,1,0,1,0,0,0,1,4,11,0,0,4,7,206,2,10,3,7,10,3,3,10,2,1,0,0,2,11,0
-20,4,4,13,2,0,1,1,0,0,1,28,2,0,0,4,7,206,3,7,4,6,7,2,5,12,3,1,0,0,2,11,15
-23,4,4,11,2,0,0,1,0,0,1,26,4,0,0,4,7,206,3,7,4,6,7,1,4,11,2,1,0,0,2,11,0
8,1,1,6,6,0,1,1,0,0,1,10,5,0,0,4,7,206,3,1,1,1,1,4,8,11,7,4,0,0,1,10,0
18,1,1,8,5,0,1,1,0,0,1,8,7,0,0,4,7,206,3,1,1,1,1,3,7,10,6,3,0,0,2,10,30
-27,0,0,9,5,0,1,0,0,0,1,14,1,0,0,4,7,206,2,1,1,1,1,4,7,9,6,2,0,0,2,10,45
-4,0,0,4,5,0,0,0,0,0,1,8,7,0,0,4,7,206,1,1,1,1,1,3,7,8,6,3,0,0,2,9,45
-10,0,0,6,4,0,0,1,0,0,1,6,9,0,0,4,7,206,1,0,0,0,0,4,7,7,6,3,0,0,1,10,0
30,0,0,0,3,0,0,1,0,0,1,2,13,0,1,4,7,206,1,0,0,0,0,4,6,6,5,2,0,0,1,9,0
50,0,0,2,2,0,0,1,0,0,1,0,8,0,0,4,7,206,0,0,0,0,0,4,5,5,5,2,0,0,2,9,30
37,0,0,1,1,0,0,1,0,0,1,0,12,0,0,4,7,206,0,0,0,0,0,4,4,4,4,2,0,0,2,9,15
-33,0,0,2,1,0,0,0,0,0,1,0,28,0,0,4,7,206,0,0,0,0,0,3,3,3,3,2,0,0,2,9,30
-76,0,0,9,1,0,0,0,0,0,0,0,31,0,0,4,7,206,0,0,0,0,0,2,2,2,2,2,0,0,2,10,45
-28,0,0,4,0,0,0,0,0,0,0,0,38,0,0,4,7,206,0,0,0,0,0,1,1,1,1,1,0,0,2,9,45
67,33,2,41,3,0,0,0,0,0,1,5,10,0,0,3,7,205,1,45,2,7,14,2,5,9,4,1,3,1,2,16,0
-19,32,1,49,4,0,0,0,0,0,0,7,8,1,0,3,7,205,1,44,5,8,13,2,6,8,4,2,3,1,1,17,30
27,32,1,43,3,0,1,0,0,0,0,3,12,0,0,3,7,205,1,43,5,7,12,4,5,8,4,2,3,1,1,16,30
29,31,2,41,7,0,0,0,0,0,0,16,14,0,0,3,7,205,3,39,3,7,11,4,5,9,5,2,3,2,2,16,0
10,31,2,48,6,0,0,0,0,0,0,11,19,0,0,3,7,205,3,39,3,8,11,3,5,9,4,1,2,2,1,17,15
-41,31,2,46,5,0,0,1,0,0,0,4,26,0,0,3,7,205,4,38,2,7,10,2,4,11,3,1,2,1,1,17,0
-4,31,2,45,4,1,0,1,0,0,0,12,3,0,0,3,7,205,5,37,4,6,9,1,3,11,2,1,2,1,2,16,45
-2,30,3,38,6,0,0,2,0,0,1,21,9,0,0,3,7,205,6,33,2,3,10,2,5,11,4,3,1,1,2,15,45
-37,29,3,43,8,0,0,1,0,0,1,11,19,0,0,3,7,205,7,31,0,3,10,1,5,10,4,4,1,0,1,16,30
25,27,4,46,7,0,0,1,0,0,1,7,8,0,0,3,7,205,4,31,3,6,14,6,9,11,6,6,1,0,1,17,0
3,27,4,36,6,0,1,1,0,0,1,1,14,0,0,3,7,205,4,30,2,5,15,6,8,11,6,5,1,0,3,15,30
48,27,4,31,6,0,1,0,0,0,1,14,1,0,0,3,7,205,3,30,2,6,15,5,7,10,6,4,1,0,2,14,30
9,26,5,32,7,0,1,0,0,0,1,44,1,0,0,3,7,205,3,28,2,6,14,5,6,12,7,5,1,0,2,14,45
6,26,6,30,7,0,0,0,0,0,1,39,6,0,0,3,7,205,3,28,3,7,14,5,5,11,6,4,1,0,1,14,15
-22,26,7,34,7,0,0,0,0,0,0,37,8,0,0,3,7,205,3,28,3,7,14,4,4,10,5,3,1,0,2,15,0
-30,26,7,34,6,0,0,0,0,0,0,37,8,0,0,3,7,205,3,28,3,7,14,3,3,9,4,2,1,0,2,15,0
-68,26,8,38,5,0,0,0,0,0,0,29,16,0,0,3,7,205,3,28,4,7,15,2,2,8,3,2,1,0,2,15,45
7,23,8,32,7,0,0,0,0,0,0,12,33,0,0,3,7,205,3,25,4,7,14,1,3,10,5,4,1,0,2,14,45
17,16,6,29,9,0,0,2,1,0,1,2,13,0,0,3,7,205,2,18,3,7,11,5,8,18,12,9,1,0,1,13,30
-82,16,6,38,8,0,0,2,1,0,1,14,1,0,0,3,7,205,2,18,4,7,11,5,7,17,11,9,1,0,2,15,45
36,14,5,24,8,0,0,2,1,0,1,6,9,0,0,3,7,205,1,17,3,6,11,4,8,18,12,9,1,0,2,12,45
61,13,5,18,7,0,0,3,2,0,1,4,11,0,0,3,7,205,2,15,3,6,11,5,12,19,12,8,1,0,2,12,0
26,13,5,24,6,0,0,3,2,0,1,3,12,0,0,3,7,205,2,15,4,6,11,4,11,18,11,8,1,0,2,12,45
54,13,5,26,6,0,0,3,2,0,1,1,14,0,0,3,7,205,3,14,3,5,10,3,10,17,10,7,1,0,1,13,0
29,11,4,28,6,0,0,3,2,0,1,14,1,0,0,3,7,205,2,13,3,5,10,5,10,16,11,7,1,0,1,13,15
2,11,5,22,7,0,0,3,2,0,0,6,9,0,0,3,7,205,2,12,3,5,11,7,9,16,11,6,1,0,2,12,30
86,10,5,15,8,0,0,3,1,0,0,13,2,0,0,3,7,205,2,11,2,4,10,7,10,16,11,6,1,0,1,11,30
74,9,4,15,8,0,0,2,1,0,0,8,7,0,0,3,7,205,1,11,3,5,10,6,11,15,11,5,1,1,1,11,30
39,8,3,22,8,0,0,2,1,0,0,1,14,0,0,3,7,205,1,10,2,4,10,5,10,15,11,5,1,1,2,12,30
61,8,3,14,8,0,0,2,0,0,0,12,3,0,0,3,7,205,1,10,3,4,10,5,10,14,10,4,1,1,2,11,15
-121,8,3,36,7,0,0,2,0,0,0,12,3,0,0,3,7,205,1,10,3,4,10,4,9,13,9,3,1,1,3,15,30
21,8,3,26,6,0,0,2,1,0,0,9,6,0,0,3,7,205,2,9,2,3,9,3,9,12,8,2,1,1,1,13,0
51,8,3,18,5,0,0,2,1,0,0,6,9,0,0,3,7,205,2,9,2,4,9,2,8,12,7,2,1,1,2,12,0
21,7,4,20,6,0,0,1,1,0,0,14,1,0,0,3,7,205,1,8,2,5,8,6,7,13,8,3,1,1,2,12,15
64,6,4,13,7,0,0,0,1,0,0,6,9,0,0,3,7,205,1,7,3,6,7,6,7,13,8,3,1,1,1,11,0
-25,5,3,17,6,0,0,0,1,0,0,3,12,0,0,3,7,205,0,7,3,6,7,5,6,12,8,3,1,1,2,11,45
-17,5,4,20,5,0,0,0,1,0,0,10,5,0,0,3,7,205,0,7,3,6,7,4,6,11,7,2,0,1,2,12,15
64,5,4,11,4,0,0,0,1,0,1,9,6,0,0,3,7,205,1,6,3,5,6,3,5,10,6,2,0,0,1,10,45
77,5,4,8,3,0,0,0,1,0,1,0,15,0,0,3,7,205,1,6,3,6,6,2,5,9,5,2,0,0,2,10,15
68,5,4,9,2,0,0,0,1,0,1,10,5,0,0,3,7,205,0,6,4,6,6,1,4,9,5,2,0,0,2,10,30
77,2,2,4,6,0,0,0,0,0,1,7,8,0,0,3,7,205,1,2,2,2,2,4,7,10,7,3,0,0,2,9,45
49,1,1,6,6,0,0,0,0,0,1,0,15,0,0,3,7,205,0,1,1,1,1,4,6,9,8,2,0,0,1,10,0
-18,1,1,11,6,0,0,0,0,0,0,2,13,0,0,3,7,205,0,1,1,1,1,3,5,8,7,2,0,0,1,10,45
-12,1,1,6,5,0,1,0,0,0,0,8,7,0,0,3,7,205,1,0,0,0,0,4,5,7,6,2,0,0,1,10,0
22,1,1,9,4,0,1,0,0,0,0,6,9,0,0,3,7,205,1,0,0,0,0,3,4,6,5,2,0,0,2,10,30
38,0,0,2,3,0,1,0,0,0,0,1,14,0,0,3,7,205,0,0,0,0,0,2,4,5,5,2,0,0,2,9,30
27,0,0,4,2,0,1,0,0,0,0,0,2,0,0,3,7,205,0,0,0,0,0,1,3,4,4,2,0,0,2,9,45
31,0,0,1,1,0,1,0,0,0,0,0,32,0,0,3,7,205,0,0,0,0,0,2,3,3,3,2,0,0,2,9,15
26,0,0,2,0,0,1,0,0,0,0,0,47,0,0,3,7,205,0,0,0,0,0,2,2,2,2,2,0,0,2,9,30
14,0,0,0,0,0,0,0,0,0,0,0,63,0,1,3,7,205,0,0,0,0,0,1,1,1,1,1,0,0,1,9,0
121,30,2,39,0,0,0,0,0,0,0,21,0,0,0,2,7,204,0,48,2,5,12,1,3,6,1,0,3,1,2,16,0
-3,29,5,48,1,0,0,2,1,0,0,0,15,1,0,2,7,204,3,43,2,6,8,2,4,9,2,1,3,1,1,17,30
2,28,4,44,1,0,0,1,1,0,0,10,5,0,0,2,7,204,2,43,3,6,9,1,3,9,2,1,3,1,1,17,0
29,24,1,40,3,0,0,5,0,0,0,4,26,0,0,2,7,204,1,37,1,2,5,4,6,12,8,4,3,1,2,16,30
-49,24,1,47,3,0,0,4,0,0,0,2,28,0,0,2,7,204,1,37,1,2,5,3,5,11,7,3,2,1,1,17,15
-24,24,1,44,4,0,0,3,0,0,0,9,6,0,0,2,7,204,2,36,0,2,4,2,6,11,6,3,2,0,1,17,0
-40,24,1,44,3,0,0,3,0,0,0,4,11,0,0,2,7,204,2,36,0,2,5,2,6,10,5,2,2,1,1,17,0
1,23,1,40,2,0,0,3,0,0,0,5,25,0,0,2,7,204,0,36,2,3,8,5,6,10,6,2,2,1,2,16,30
52,23,1,35,2,0,0,2,0,0,0,14,1,0,0,2,7,204,0,36,2,4,9,4,6,9,5,2,2,1,2,15,15
76,23,1,33,3,0,0,1,0,0,0,1,14,0,0,2,7,204,1,35,2,3,8,4,6,10,4,2,2,1,2,15,0
21,23,1,37,2,0,1,1,0,0,0,11,4,0,0,2,7,204,2,34,1,2,7,3,6,9,3,1,2,2,1,15,45
24,23,1,35,1,0,1,1,0,0,0,7,8,0,0,2,7,204,2,34,1,2,8,2,5,8,2,1,1,2,2,15,15
-11,22,0,33,1,0,0,1,0,0,0,7,8,0,0,2,7,204,0,34,2,4,10,3,4,9,3,1,1,1,2,15,0
15,22,2,31,0,0,0,1,0,0,1,1,14,0,0,2,7,204,1,33,2,5,13,3,4,9,2,1,1,1,1,14,30
-82,22,2,42,1,0,0,0,0,0,1,43,2,0,0,2,7,204,2,32,1,5,12,2,3,8,1,0,1,1,3,16,45
-32,22,2,32,1,0,0,0,0,0,0,30,15,0,0,2,7,204,1,32,2,5,13,1,4,10,1,1,0,1,2,14,45
-17,20,2,30,3,0,0,1,0,0,0,12,3,0,0,2,7,204,2,28,1,6,14,3,6,12,3,1,0,0,1,14,15
29,20,5,26,3,0,0,1,0,0,0,2,13,0,0,2,7,204,1,27,4,8,19,5,6,12,4,1,0,0,1,13,0
15,20,5,28,2,0,0,1,0,0,0,1,14,0,0,2,7,204,1,27,4,8,19,4,6,11,3,1,0,0,1,13,15
-11,18,4,29,2,0,1,1,0,0,0,13,2,0,0,2,7,204,1,25,5,10,19,3,8,11,4,1,0,0,1,13,30
-160,18,4,37,2,0,1,1,0,0,0,10,5,0,0,2,7,204,2,24,4,9,18,2,7,11,3,1,0,0,1,15,45
2,18,5,24,3,0,0,1,0,0,0,4,11,0,0,2,7,204,1,23,4,9,19,2,7,10,4,2,0,0,2,12,45
33,15,6,21,4,0,0,1,1,0,1,8,7,0,0,2,7,204,2,19,5,10,17,5,7,12,6,1,0,0,1,12,15
-8,15,7,24,4,0,0,0,1,0,1,1,14,0,0,2,7,204,1,19,5,11,17,5,6,11,6,1,0,0,2,12,45
24,15,7,18,4,0,0,0,1,0,0,0,15,0,0,2,7,204,1,19,5,11,18,4,5,10,5,0,0,0,1,11,45
24,15,7,20,3,0,0,0,1,0,0,14,1,0,0,2,7,204,1,19,5,11,18,3,4,9,4,0,0,0,2,12,0
-25,14,8,26,5,0,0,1,1,0,0,15,15,0,0,2,7,204,3,15,5,9,14,3,4,10,5,2,0,0,1,13,0
42,13,8,18,5,0,0,1,1,0,0,6,9,0,0,2,7,204,3,14,6,10,13,2,4,9,5,3,0,0,1,11,45
-9,11,7,21,5,0,0,1,1,0,0,9,6,0,0,2,7,204,2,13,5,10,12,2,4,10,6,4,0,0,1,12,15
39,8,7,13,7,0,0,2,1,0,1,9,6,0,0,2,7,204,4,8,5,7,8,3,6,15,8,6,0,0,2,11,0
-35,5,4,23,7,0,0,3,1,0,1,11,4,0,0,2,7,204,3,6,4,5,6,4,6,15,10,8,0,0,2,12,30
21,5,4,17,9,0,0,2,1,0,1,0,15,0,0,2,7,204,4,4,3,3,4,3,6,15,10,8,0,0,2,11,30
42,3,2,10,10,0,0,2,1,0,0,14,1,0,0,2,7,204,3,3,2,3,3,4,6,16,11,8,0,0,2,10,30
11,2,2,15,10,0,0,2,1,0,0,11,4,0,0,2,7,204,3,2,1,2,2,3,5,15,11,9,0,0,1,11,15
44,1,1,11,9,0,0,3,1,0,0,11,4,0,0,2,7,204,2,1,0,1,1,3,10,15,12,10,0,0,2,10,45
43,1,1,2,8,0,0,3,1,0,0,8,7,0,0,2,7,204,2,1,0,1,1,3,9,14,11,10,0,0,2,9,30
14,1,1,13,8,0,0,3,0,0,0,0,15,0,0,2,7,204,1,1,1,1,1,6,10,13,11,9,0,0,2,11,0
-364,1,1,42,8,0,0,2,0,0,0,10,5,0,0,2,7,204,1,1,1,1,1,7,10,12,10,8,0,0,3,16,45
59,0,0,4,8,0,0,2,0,0,0,11,4,0,0,2,7,204,0,0,0,0,0,7,10,11,11,9,0,0,2,9,45
49,0,0,8,8,0,0,1,0,0,0,9,6,0,0,2,7,204,0,0,0,0,0,6,9,10,10,8,0,0,1,10,15
61,0,0,1,7,0,0,1,0,0,0,2,13,0,0,2,7,204,0,0,0,0,0,6,9,9,9,7,0,0,2,9,15
33,0,0,8,6,0,0,1,0,0,0,1,14,0,0,2,7,204,0,0,0,0,0,5,8,8,8,7,0,0,1,10,15
53,0,0,6,5,0,0,1,0,0,0,0,2,0,0,2,7,204,0,0,0,0,0,5,7,7,7,6,0,0,2,10,0
12,0,0,0,4,0,0,1,0,0,0,0,4,0,1,2,7,204,0,0,0,0,0,4,6,6,6,5,0,0,1,9,0
43,0,0,4,3,0,0,1,0,0,0,0,13,0,0,2,7,204,0,0,0,0,0,4,5,5,5,4,0,0,2,9,45
-15,0,0,6,3,0,0,0,0,0,0,0,22,0,0,2,7,204,0,0,0,0,0,3,4,4,4,3,0,0,2,10,0
-72,0,0,15,2,0,0,0,0,0,0,0,31,0,0,2,7,204,0,0,0,0,0,3,3,3,3,3,0,0,1,11,15
39,0,0,2,1,0,0,0,0,0,0,0,38,0,0,2,7,204,0,0,0,0,0,2,2,2,2,2,0,0,2,9,30
-81,0,0,11,0,0,0,0,0,0,0,0,53,0,0,2,7,204,0,0,0,0,0,1,1,1,1,1,0,0,2,10,45
55,36,4,51,2,0,0,0,1,0,0,12,3,1,0,6,7,201,2,48,2,5,12,1,3,8,2,0,6,0,1,17,30
57,34,6,46,2,0,0,1,1,0,0,12,3,0,0,6,7,201,1,46,5,9,11,2,5,12,4,1,6,2,2,16,45
7,34,8,48,3,0,0,2,0,0,0,1,14,0,0,6,7,201,2,44,4,8,9,2,5,11,4,2,6,2,1,17,0
8,30,4,42,4,0,0,3,0,0,0,1,4,0,0,6,7,201,1,41,4,5,8,3,7,11,7,3,5,4,2,16,10
15,29,3,48,3,0,0,3,0,0,1,0,10,0,0,6,7,201,1,40,4,5,8,3,8,10,7,3,5,3,1,17,0
-29,28,2,50,2,0,0,3,0,0,1,9,6,0,0,6,7,201,0,40,4,5,9,4,7,9,7,4,4,3,1,17,15
-6,26,0,46,6,0,0,2,0,0,1,4,11,0,0,6,7,201,2,36,0,1,6,5,7,8,8,3,4,2,2,16,45
6,26,0,43,6,0,0,1,0,0,1,13,2,0,0,6,7,201,2,36,1,1,7,5,6,7,7,2,3,2,1,16,15
11,26,0,39,6,0,0,1,0,0,0,9,6,0,0,6,7,201,2,36,1,2,7,4,6,7,6,1,3,1,2,15,45
15,26,0,43,5,0,0,1,0,0,0,5,10,0,0,6,7,201,2,36,1,3,9,4,5,7,5,0,2,1,1,16,15
11,26,0,40,4,0,0,1,0,0,0,11,4,0,0,6,7,201,2,36,1,3,9,3,4,7,4,0,2,0,1,16,0
40,26,0,34,4,0,0,1,0,0,0,1,14,0,0,6,7,201,3,35,0,2,8,2,3,7,3,0,2,0,2,15,0
1,26,1,45,4,0,0,0,0,0,0,21,9,0,0,6,7,201,3,35,2,4,9,2,2,6,2,0,2,0,2,16,30
7,26,3,37,4,0,0,0,0,0,0,10,5,0,0,6,7,201,3,34,3,5,12,1,2,8,2,1,2,0,1,15,30
-47,23,4,37,7,0,1,0,0,0,0,12,3,0,0,6,7,201,2,29,2,7,16,4,6,14,7,4,2,1,1,15,30
-66,23,4,35,6,0,1,1,0,0,0,7,8,0,0,6,7,201,2,28,2,6,16,3,6,14,7,3,1,1,2,15,15
-27,23,4,33,5,0,1,2,0,0,0,0,15,0,0,6,7,201,3,27,1,7,15,2,7,14,6,2,1,0,1,14,30
-38,22,4,32,5,0,0,2,0,0,0,2,13,0,0,6,7,201,2,27,4,8,17,3,7,13,6,3,1,1,1,14,15
27,20,4,31,5,0,0,2,0,0,0,14,1,0,0,6,7,201,1,26,6,10,20,5,8,14,7,3,1,1,1,13,30
47,20,5,29,5,0,0,2,0,0,0,9,6,0,0,6,7,201,2,25,5,10,19,5,7,15,6,3,1,1,1,13,0
-111,19,6,35,6,0,0,3,0,0,0,11,4,0,0,6,7,201,4,22,4,9,18,4,9,16,6,4,1,1,2,15,15
20,19,7,30,5,0,0,3,0,0,0,3,12,0,0,6,7,201,3,22,6,10,18,4,8,16,6,4,1,1,1,13,15
18,19,7,27,6,0,0,3,0,0,0,0,15,0,0,6,7,201,4,20,4,8,16,4,8,15,6,3,1,1,1,12,45
63,19,8,19,6,0,0,2,0,0,0,14,1,0,0,6,7,201,4,20,4,8,17,3,7,14,5,2,0,1,2,11,45
3,17,8,25,6,0,0,2,0,0,1,8,7,0,0,6,7,201,3,18,5,10,17,5,7,14,7,2,0,0,2,12,30
30,16,9,23,6,0,1,2,0,0,1,1,14,0,0,6,7,201,3,16,4,10,16,4,7,15,8,3,0,0,2,12,15
5,15,10,19,6,0,1,3,0,0,0,4,11,0,0,6,7,201,2,15,5,11,15,4,8,17,9,2,0,0,2,11,45
28,14,9,17,5,0,1,3,0,0,0,3,12,0,0,6,7,201,1,15,5,11,15,3,7,16,9,2,0,0,2,11,30
6,13,8,21,5,0,1,4,0,0,0,12,3,0,0,6,7,201,2,13,4,9,13,3,8,15,9,2,0,0,2,12,0
-11,12,7,23,6,0,1,3,0,0,0,0,15,0,0,6,7,201,2,12,6,8,12,3,8,15,9,3,0,0,2,12,15
-14,10,8,21,7,0,1,3,0,0,0,2,13,0,0,6,7,201,1,10,6,9,10,4,7,16,11,6,0,0,2,12,0
-27,8,6,27,9,0,1,3,0,0,0,6,9,0,0,6,7,201,2,7,3,6,7,6,7,17,12,6,0,0,1,12,45
4,7,7,17,10,0,1,2,0,0,0,12,3,0,0,6,7,201,2,6,4,6,6,5,9,17,12,7,0,0,2,11,30
-223,7,7,40,9,0,1,2,0,0,0,10,5,0,0,6,7,201,2,6,4,6,6,4,8,16,11,6,0,0,1,16,0
-39,5,5,25,8,0,1,4,0,0,0,0,15,0,0,6,7,201,2,4,3,4,4,3,9,16,12,7,0,0,2,12,30
54,5,5,11,7,0,1,4,0,0,0,13,2,0,0,6,7,201,2,4,3,4,4,2,8,15,11,6,0,0,2,10,45
14,5,5,13,7,0,1,3,0,0,0,7,8,0,0,6,7,201,2,4,3,4,4,2,7,15,10,6,0,0,2,11,0
59,2,2,9,8,0,1,4,0,0,0,10,5,0,0,6,7,201,2,1,1,1,1,6,9,15,12,6,0,0,2,10,30
-6,1,1,15,7,0,1,4,0,0,0,6,9,0,0,6,7,201,1,1,1,1,1,5,10,14,12,7,0,0,2,11,15
23,1,1,13,6,0,1,4,0,0,0,5,10,0,0,6,7,201,1,1,1,1,1,4,9,13,11,6,0,0,2,11,0
23,1,1,7,6,0,1,4,0,0,0,14,1,0,0,6,7,201,2,0,0,0,0,4,9,12,10,5,0,0,2,10,15
36,0,0,7,5,0,1,4,0,0,0,8,7,0,0,6,7,201,1,0,0,0,0,4,8,11,10,5,0,0,2,10,15
65,0,0,3,5,0,1,3,0,0,0,8,7,0,0,6,7,201,1,0,0,0,0,4,7,10,9,5,0,0,2,9,45
53,0,0,3,4,0,1,3,0,0,0,18,12,0,0,6,7,201,0,0,0,0,0,5,8,9,9,5,0,0,2,9,45
13,0,0,5,4,0,1,2,0,0,0,12,18,0,0,6,7,201,0,0,0,0,0,5,7,8,8,5,0,0,2,10,0
11,0,0,5,4,0,1,1,0,0,0,8,22,0,0,6,7,201,0,0,0,0,0,4,6,7,7,5,0,0,2,10,0
51,0,0,0,3,0,1,1,0,0,0,0,6,0,1,6,7,201,0,0,0,0,0,5,6,6,6,4,0,0,2,9,0
10,0,0,11,3,0,0,1,0,0,0,0,7,0,0,6,7,201,0,0,0,0,0,4,5,5,5,3,0,0,2,10,45
35,0,0,9,2,0,0,1,0,0,0,0,14,0,0,6,7,201,0,0,0,0,0,3,4,4,4,3,0,0,2,10,30
34,0,0,1,2,0,0,0,0,0,0,0,29,0,0,6,7,201,0,0,0,0,0,3,3,3,3,2,0,0,2,9,30
-99,0,0,15,1,0,0,0,0,0,0,0,34,0,0,6,7,201,0,0,0,0,0,2,2,2,2,2,0,0,2,11,15
14,0,0,1,0,0,0,0,0,0,0,0,55,0,0,6,7,201,0,0,0,0,0,1,1,1,1,1,0,0,2,9,30
18,42,6,53,0,0,0,3,0,0,0,7,8,1,0,5,7,200,1,50,4,8,16,1,3,10,3,2,4,1,1,17,30
24,40,5,50,2,0,1,3,0,0,0,7,8,0,0,5,7,200,1,46,4,7,15,2,4,11,6,5,4,1,1,17,0
-2,39,5,50,3,0,0,4,0,0,0,12,3,0,0,5,7,200,2,44,3,6,14,1,4,11,6,5,3,2,1,17,0
25,36,6,47,4,0,1,4,0,0,0,3,12,0,0,5,7,200,1,41,6,8,13,4,9,12,8,7,3,2,1,16,30
39,35,7,44,4,0,1,4,0,0,0,10,5,0,0,5,7,200,1,40,6,8,13,6,8,12,8,7,3,2,1,16,0
28,35,7,46,4,0,1,4,0,0,0,3,12,0,0,5,7,200,2,39,5,9,13,6,8,12,7,7,2,2,2,16,15
44,34,8,42,6,0,1,3,0,0,0,4,11,0,0,5,7,200,3,37,4,8,12,6,7,13,7,6,2,1,2,15,45
25,32,7,49,9,0,1,2,0,0,0,13,2,0,0,5,7,200,4,34,1,6,9,5,6,12,9,6,2,1,2,16,45
-5,32,7,52,9,0,1,1,0,0,0,12,3,0,0,5,7,200,4,34,1,6,9,4,5,11,8,6,1,1,1,17,15
211,32,7,32,9,0,1,0,0,0,0,11,4,0,0,5,7,200,4,34,1,6,10,3,4,10,7,5,1,0,1,14,0
26,32,8,44,9,0,0,0,0,0,0,7,8,0,0,5,7,200,4,34,3,6,10,2,4,9,6,4,1,0,1,16,0
-19,30,7,47,8,0,0,1,0,0,0,6,9,0,0,5,7,200,3,33,4,5,10,2,4,10,7,4,1,0,1,16,30
33,28,6,37,9,0,1,1,0,0,0,5,10,0,0,5,7,200,4,30,2,4,9,2,5,10,8,4,1,0,2,15,0
31,24,5,37,8,0,1,3,0,0,0,7,8,0,0,5,7,200,2,28,1,4,11,4,6,12,11,4,1,0,2,15,0
33,24,5,39,7,0,1,3,0,0,0,10,5,0,0,5,7,200,2,28,2,5,13,5,7,11,10,4,1,0,1,15,15
33,22,5,33,7,0,1,3,0,0,0,26,4,0,0,5,7,200,1,27,3,6,12,4,6,13,11,4,1,0,1,14,15
28,22,5,41,6,0,1,3,0,0,0,23,7,0,0,5,7,200,1,27,3,6,12,3,5,13,10,4,1,0,2,15,30
94,22,7,28,7,0,0,3,0,0,0,17,13,0,0,5,7,200,2,26,2,6,12,3,5,13,9,3,1,0,2,13,0
31,22,7,35,6,0,0,3,0,0,0,11,19,0,0,5,7,200,2,26,3,7,12,3,4,13,8,2,1,0,2,14,45
1,19,6,39,7,0,0,3,0,0,0,21,9,0,0,5,7,200,1,24,3,7,12,3,6,13,10,2,1,0,1,15,15
53,19,7,30,8,0,0,2,0,0,0,12,18,0,0,5,7,200,2,23,4,7,13,2,5,12,9,2,1,0,1,13,30
28,17,7,30,8,0,1,2,0,0,0,6,9,0,0,5,7,200,2,21,4,7,11,4,8,15,10,3,1,0,1,13,30
122,15,5,28,10,0,1,1,0,0,0,9,6,0,0,5,7,200,2,19,4,6,11,3,9,15,11,5,1,0,2,13,0
84,15,5,25,11,0,1,0,0,0,0,7,8,0,0,5,7,200,3,18,3,5,11,3,8,14,10,5,1,0,2,12,45
16,13,4,35,10,0,1,0,0,0,0,8,7,0,0,5,7,200,1,18,3,6,13,5,8,13,11,6,1,0,2,14,45
-213,12,4,42,12,0,1,0,0,0,0,7,8,0,0,5,7,200,2,15,2,5,12,6,9,15,12,6,1,0,2,15,45
53,12,4,25,11,0,1,0,0,0,0,4,11,0,0,5,7,200,2,15,2,5,12,6,9,14,11,5,1,0,2,12,45
30,12,4,23,10,0,1,0,0,0,0,0,15,0,0,5,7,200,2,15,3,5,13,5,8,13,10,4,1,0,3,12,30
54,11,4,23,9,0,1,0,0,0,0,10,5,0,0,5,7,200,1,15,3,5,13,4,7,14,10,4,1,0,3,12,30
13,10,4,34,9,0,1,0,0,0,0,3,12,0,0,5,7,200,1,14,4,6,13,3,7,13,10,4,1,0,2,14,30
49,10,5,21,8,0,1,0,0,0,0,14,1,0,0,5,7,200,1,14,4,6,14,2,6,14,9,4,1,0,2,12,15
31,10,6,18,8,0,1,0,0,0,0,6,9,0,0,5,7,200,2,13,3,6,13,3,6,15,8,3,1,0,1,11,45
85,8,5,13,9,0,1,0,1,0,0,9,6,0,0,5,7,200,2,10,2,7,10,5,8,15,10,6,1,0,2,11,0
79,8,5,17,9,0,0,0,1,0,0,8,7,0,0,5,7,200,2,10,2,7,10,4,7,15,9,5,1,0,2,11,30
84,8,5,20,8,0,0,0,1,0,0,6,9,0,0,5,7,200,2,10,3,7,10,3,6,14,8,4,1,0,2,12,0
63,7,5,18,7,0,0,0,1,0,0,9,6,0,0,5,7,200,1,10,5,8,10,2,7,13,8,4,1,0,1,11,45
37,5,4,15,7,0,0,0,1,0,1,13,2,0,0,5,7,200,1,8,5,8,8,3,8,14,9,4,1,1,1,11,15
-78,3,3,25,8,0,0,1,1,0,1,5,10,0,0,5,7,200,2,5,3,5,5,5,10,15,10,5,1,1,2,12,45
16,3,3,21,9,0,0,1,1,0,1,1,14,0,0,5,7,200,3,3,2,3,3,4,9,15,10,4,1,1,2,12,15
42,3,3,15,8,0,0,1,1,0,1,13,2,0,0,5,7,200,3,3,3,3,3,5,8,14,9,4,1,1,1,11,15
33,2,2,13,8,0,0,1,1,0,1,13,2,0,0,5,7,200,2,2,2,2,2,6,8,14,10,5,1,1,2,11,0
34,2,2,11,7,0,0,1,1,0,1,11,4,0,0,5,7,200,2,2,2,2,2,5,7,13,9,4,1,1,2,10,45
39,1,1,5,7,0,0,1,1,0,1,0,15,0,0,5,7,200,1,1,1,1,1,5,8,12,10,3,0,1,2,10,0
28,1,1,8,7,0,0,1,0,0,1,0,15,0,0,5,7,200,1,1,1,1,1,4,7,11,9,2,0,0,2,10,30
-6,1,1,6,7,0,0,1,0,0,1,13,2,0,0,5,7,200,2,0,0,0,0,3,6,10,8,2,0,0,3,10,15
55,1,1,2,6,0,0,1,0,0,1,12,3,0,0,5,7,200,2,0,0,0,0,2,5,9,7,2,0,0,1,9,30
15,0,0,8,6,0,0,1,0,0,0,5,10,0,0,5,7,200,0,0,0,0,0,2,6,8,8,3,0,0,2,10,30
50,0,0,1,5,0,0,1,0,0,0,8,7,0,0,5,7,200,0,0,0,0,0,3,7,7,7,3,0,0,2,9,15
31,0,0,0,4,0,0,1,0,0,0,0,10,0,1,5,7,200,0,0,0,0,0,4,6,6,6,2,0,0,1,9,0
4,0,0,11,3,0,0,1,0,0,0,0,12,0,0,5,7,200,0,0,0,0,0,3,5,5,5,1,0,0,2,10,45
-11,0,0,8,3,0,0,0,0,0,0,0,33,0,0,5,7,200,0,0,0,0,0,4,4,4,4,0,0,0,2,10,30
4,0,0,4,2,0,0,0,0,0,0,0,35,0,0,5,7,200,0,0,0,0,0,3,3,3,3,0,0,0,1,9,45
-1,0,0,2,1,0,0,0,0,0,0,0,43,0,0,5,7,200,0,0,0,0,0,2,2,2,2,0,0,0,1,9,30
-22,0,0,6,0,0,0,0,0,0,0,0,49,0,0,5,7,200,0,0,0,0,0,1,1,1,1,0,0,0,3,10,15
93,32,4,38,3,0,0,0,0,0,1,10,5,0,0,4,7,199,1,44,5,6,12,3,7,10,4,1,2,1,1,15,30
22,31,3,47,3,0,0,0,0,0,0,8,7,1,0,4,7,199,0,44,5,6,12,3,6,9,4,1,2,1,1,17,0
44,29,3,45,5,0,1,0,0,0,1,27,3,0,0,4,7,199,1,39,1,4,8,5,6,11,7,3,2,1,2,16,45
6,29,3,42,4,0,1,0,0,0,1,25,5,0,0,4,7,199,1,39,1,4,8,4,5,10,6,3,2,1,2,16,30
80,29,4,41,3,0,1,0,0,0,1,23,7,0,0,4,7,199,1,39,1,4,8,3,4,9,5,2,1,1,3,16,0
-14,29,4,45,3,0,0,0,0,0,1,20,10,0,0,4,7,199,1,39,1,4,8,2,3,9,4,2,1,0,2,16,45
-18,28,3,47,2,0,0,0,0,0,1,7,23,1,0,4,7,199,0,39,3,7,9,2,4,8,4,3,1,0,1,17,0
24,27,4,42,2,0,1,0,0,0,1,4,11,0,0,4,7,199,1,37,4,5,9,1,3,9,4,2,1,0,2,16,30
9,25,3,36,3,0,2,0,1,0,1,12,3,0,0,4,7,199,2,33,1,3,8,3,6,11,6,1,1,0,2,15,15
16,25,3,42,3,0,2,0,1,0,0,9,6,0,0,4,7,199,1,33,1,3,8,2,5,11,6,2,1,0,2,16,30
-3,23,1,36,3,0,2,0,1,0,0,14,1,0,0,4,7,199,0,32,2,4,11,4,7,10,7,3,1,0,2,15,15
80,23,3,31,3,0,2,0,1,0,0,29,1,0,0,4,7,199,1,31,1,6,11,5,6,11,6,2,1,0,2,14,30
138,23,4,30,2,0,2,0,1,0,0,27,3,0,0,4,7,199,1,31,2,6,12,4,6,10,5,2,1,0,1,14,0
18,22,3,32,2,0,2,0,0,0,0,21,9,0,0,4,7,199,0,31,2,6,13,3,5,9,5,2,1,0,2,14,45
-4,22,4,38,3,0,1,0,0,0,0,5,25,0,0,4,7,199,1,30,5,7,14,3,6,9,4,1,1,0,1,15,30
10,22,5,32,2,0,1,0,0,0,0,2,28,0,0,4,7,199,1,30,5,7,15,2,5,8,3,1,1,0,2,14,45
42,22,7,34,3,0,1,0,0,0,0,17,13,0,0,4,7,199,2,28,3,7,16,3,4,9,3,1,1,0,2,15,0
67,20,6,28,3,0,1,1,0,0,1,12,3,0,0,4,7,199,2,25,3,5,13,3,5,11,5,3,1,0,1,13,15
109,19,5,16,3,0,1,1,0,0,0,5,10,0,0,4,7,199,1,25,3,7,15,2,4,10,5,3,1,0,2,11,45
-105,18,6,40,2,0,1,1,0,0,0,10,5,0,0,4,7,199,0,25,4,8,15,2,4,10,5,2,1,0,1,15,45
14,15,5,29,2,0,2,2,1,0,0,14,1,0,0,4,7,199,1,21,4,9,13,3,5,13,7,4,1,0,1,13,30
-74,14,4,34,2,0,2,2,1,0,0,2,13,0,0,4,7,199,1,20,5,8,12,2,6,14,7,3,1,1,2,15,0
-29,13,4,26,3,0,2,3,1,0,0,0,15,0,0,4,7,199,2,17,5,7,11,3,7,15,8,3,1,1,1,13,0
43,11,3,22,4,0,1,4,1,0,0,0,15,0,0,4,7,199,2,15,3,5,11,4,7,17,9,4,1,1,2,12,30
42,11,3,24,5,0,1,3,1,0,0,14,1,0,0,4,7,199,2,14,2,4,10,4,7,16,9,4,1,1,2,12,45
4,10,2,24,6,0,1,3,1,0,0,12,3,0,0,4,7,199,2,12,2,4,11,4,8,15,10,3,1,1,2,12,45
47,10,2,20,6,0,1,3,0,0,0,8,7,0,0,4,7,199,2,12,2,4,11,3,7,14,9,2,0,1,2,12,15
39,10,2,18,5,0,1,3,0,0,0,14,1,0,0,4,7,199,2,12,2,5,12,3,9,13,8,1,0,0,2,12,0
60,9,4,18,6,0,0,4,0,0,0,1,14,0,0,4,7,199,2,10,2,4,10,5,9,15,9,2,0,0,2,12,0
62,9,4,13,5,0,0,4,0,0,0,3,12,0,0,4,7,199,2,10,2,6,10,5,10,14,8,2,0,0,1,11,15
100,8,3,9,5,0,0,3,0,0,0,29,1,0,0,4,7,199,0,10,3,6,10,6,10,13,9,3,0,0,2,10,30
-60,8,3,26,4,0,0,3,0,0,0,28,2,0,0,4,7,199,0,10,4,6,10,5,9,12,8,3,0,0,1,13,0
-37,8,5,22,3,0,0,4,0,0,0,18,12,0,0,4,7,199,1,9,3,7,9,5,8,13,7,3,0,0,2,12,30
-87,8,6,20,4,0,0,3,0,0,0,5,25,0,0,4,7,199,1,8,4,7,8,6,7,15,7,4,0,0,2,12,15
22,8,6,16,3,0,0,3,0,0,0,2,28,0,0,4,7,199,1,8,4,8,8,6,6,14,6,3,0,0,2,11,45
-3,8,7,15,3,0,0,2,0,0,0,0,30,0,0,4,7,199,1,8,4,8,8,5,5,13,5,2,0,0,2,11,30
-1,6,6,11,4,0,0,2,0,0,0,4,11,0,0,4,7,199,1,6,4,6,6,4,6,12,6,1,0,0,2,11,0
38,5,5,13,4,0,0,1,0,0,0,13,2,0,0,4,7,199,0,6,5,6,6,3,6,11,6,0,0,0,1,11,15
2,5,5,7,4,0,0,1,1,0,0,5,10,0,0,4,7,199,2,4,3,4,4,2,5,10,5,0,0,0,2,10,15
24,5,5,11,3,0,0,1,1,0,0,2,13,0,0,4,7,199,2,4,4,4,4,1,4,10,4,0,0,0,2,11,0
33,1,1,9,3,0,0,1,3,0,1,10,5,0,0,4,7,199,2,0,0,0,0,3,8,9,7,2,0,0,2,10,30
11,1,1,4,3,0,0,1,2,0,1,6,9,0,0,4,7,199,2,0,0,0,0,2,7,8,6,2,0,0,1,9,45
5,0,0,2,3,0,0,1,2,0,0,3,12,0,0,4,7,199,1,0,0,0,0,3,6,7,6,1,0,0,2,9,30
13,0,0,7,2,0,0,1,2,0,0,0,11,0,0,4,7,199,0,0,0,0,0,5,6,6,6,1,0,0,2,10,15
23,0,0,2,1,0,0,1,2,0,0,0,11,0,0,4,7,199,0,0,0,0,0,4,5,5,5,1,0,0,2,9,30
-40,0,0,4,0,0,0,1,2,0,0,0,17,0,0,4,7,199,0,0,0,0,0,3,4,4,4,1,0,0,1,9,45
20,0,0,6,0,0,0,0,2,0,0,0,18,0,0,4,7,199,0,0,0,0,0,2,3,3,3,1,0,0,2,10,0
16,0,0,1,0,0,0,0,1,0,0,0,19,0,0,4,7,199,0,0,0,0,0,1,2,2,2,1,0,0,2,9,15
21,0,0,0,0,0,0,0,0,0,0,0,57,0,1,4,7,199,0,0,0,0,0,1,1,1,1,0,0,0,1,9,0
15,36,3,55,1,0,0,0,0,0,0,7,0,1,0,3,7,198,0,54,3,4,14,2,2,7,2,1,5,0,1,17,30
38,36,4,53,2,0,0,0,0,0,0,16,14,0,0,3,7,198,2,52,2,5,15,1,1,8,1,1,5,0,1,17,0
149,31,6,32,4,0,1,1,0,0,2,7,8,0,0,3,7,198,2,45,5,9,13,5,7,17,7,5,5,1,1,14,15
-14,28,4,49,6,0,0,1,0,0,2,4,11,0,0,3,7,198,1,43,5,8,13,6,8,18,9,6,5,1,2,16,30
19,27,3,43,6,0,0,0,1,0,3,1,14,0,0,3,7,198,2,41,4,6,12,5,8,17,9,6,5,2,2,15,45
45,27,3,40,6,0,0,0,1,0,2,12,3,0,0,3,7,198,2,41,5,6,13,4,8,16,8,5,4,2,2,15,30
10,27,3,51,6,0,0,0,1,0,2,9,6,0,0,3,7,198,3,40,4,5,12,3,7,15,7,5,4,1,2,16,45
20,26,2,47,6,0,0,0,1,0,3,6,9,0,0,3,7,198,2,38,3,4,12,4,9,15,9,7,4,1,2,16,15
-5,26,2,49,6,0,0,0,1,0,2,6,9,0,0,3,7,198,2,38,3,4,12,3,8,14,8,7,4,1,2,16,30
-17,24,1,43,8,0,0,0,1,0,1,3,12,0,0,3,7,198,1,36,2,5,11,6,11,13,10,8,4,2,2,15,45
12,24,2,53,8,0,0,0,1,0,1,10,5,0,0,3,7,198,1,35,1,5,12,6,11,12,10,7,4,2,1,17,0
-37,24,2,47,8,0,0,0,1,0,0,3,12,0,0,3,7,198,1,35,2,5,12,6,10,11,9,6,3,2,2,16,15
4,24,3,45,7,0,0,0,1,0,0,0,15,0,0,3,7,198,1,35,2,6,12,5,9,10,8,5,3,1,2,16,0
48,24,4,34,8,0,0,0,0,0,0,9,6,0,0,3,7,198,1,34,1,6,13,6,8,10,8,5,3,1,2,14,45
7,24,4,36,7,0,0,0,0,0,0,8,7,0,0,3,7,198,1,34,2,6,13,5,7,9,7,4,3,1,2,15,0
81,24,5,33,6,0,0,0,0,0,0,0,15,0,0,3,7,198,1,34,4,7,14,6,7,9,6,3,3,1,2,14,30
-16,24,6,40,5,0,0,0,0,0,0,5,10,0,0,3,7,198,1,34,4,8,15,5,6,8,5,3,3,1,2,15,30
-17,24,6,38,4,0,1,0,0,0,0,43,2,0,0,3,7,198,2,33,4,7,14,4,5,7,4,2,2,1,3,15,15
15,24,6,36,3,0,1,0,0,0,0,42,3,0,0,3,7,198,1,33,5,7,15,3,4,6,4,3,2,0,2,15,0
17,23,5,40,3,0,1,0,0,0,0,36,9,0,0,3,7,198,1,32,4,7,14,2,3,6,4,4,2,0,2,15,30
-32,23,7,34,5,0,0,0,0,0,0,30,15,0,0,3,7,198,3,30,3,7,14,2,2,6,3,3,2,0,2,14,45
-78,19,6,45,4,0,0,2,0,0,0,1,44,0,0,3,7,198,1,28,5,8,14,1,3,13,6,4,2,0,2,16,0
26,15,6,31,7,0,0,3,1,0,0,13,2,0,0,3,7,198,1,22,3,8,17,2,9,18,11,6,2,0,1,13,30
44,15,6,28,7,0,0,3,1,0,0,6,9,0,0,3,7,198,2,21,3,7,16,2,11,18,10,6,2,0,1,13,0
91,12,6,22,7,0,1,3,2,0,0,11,4,0,0,3,7,198,2,18,4,7,15,8,13,21,12,5,2,1,2,12,15
1,10,5,24,6,0,1,3,2,0,0,2,13,0,0,3,7,198,0,18,4,8,15,9,12,21,13,5,2,1,2,12,30
123,10,6,9,7,0,0,4,2,0,0,0,15,0,0,3,7,198,2,16,2,7,13,8,12,20,12,5,2,1,2,10,15
67,10,6,28,6,0,0,4,3,0,0,5,10,0,0,3,7,198,2,15,3,6,12,10,12,20,12,6,2,1,1,13,0
65,9,5,20,5,0,0,4,3,0,0,2,13,0,0,3,7,198,1,15,3,7,12,9,11,19,12,5,2,1,2,12,0
-2,9,5,30,4,0,0,4,3,0,0,1,14,0,0,3,7,198,1,15,3,7,12,8,10,18,11,5,2,1,1,13,15
32,9,7,24,3,0,0,4,4,0,0,13,2,0,0,3,7,198,2,14,2,9,11,7,10,17,10,5,2,1,2,12,30
38,9,7,26,3,0,0,3,4,0,0,12,3,0,0,3,7,198,2,14,3,9,11,6,9,16,9,5,2,1,2,12,45
8,9,8,26,2,0,0,3,4,0,0,9,6,0,0,3,7,198,2,14,3,9,11,5,8,16,8,4,2,1,2,12,45
64,9,8,17,2,0,0,3,3,0,0,8,7,0,0,3,7,198,2,14,3,9,11,4,7,15,7,3,2,1,1,11,30
80,8,7,22,2,0,0,2,3,0,0,13,2,0,0,3,7,198,1,14,5,9,12,4,8,16,7,4,2,1,2,12,15
-240,8,7,51,2,0,0,1,3,0,0,10,5,0,0,3,7,198,1,14,5,10,13,3,8,15,6,4,1,1,2,16,45
-5,7,6,20,2,0,0,2,3,0,0,8,7,0,0,3,7,198,2,12,3,8,11,3,7,14,6,4,1,0,2,12,0
18,4,4,19,2,0,0,3,3,0,0,0,15,0,0,3,7,198,1,10,5,7,9,5,9,17,8,5,1,0,2,11,45
33,4,4,17,3,0,0,3,2,0,0,10,5,0,0,3,7,198,1,9,5,6,9,5,9,16,8,5,1,0,1,11,30
18,2,2,16,5,0,1,3,1,0,0,14,1,0,0,3,7,198,2,5,3,3,6,5,8,15,9,6,1,0,2,11,15
15,1,1,11,5,0,0,4,1,0,0,8,7,0,0,3,7,198,2,5,2,2,5,5,8,14,9,6,1,1,2,10,30
-5,1,1,15,4,0,0,4,1,0,0,4,11,0,0,3,7,198,2,5,2,2,5,4,8,13,8,5,1,1,1,11,0
63,1,1,13,4,0,0,3,1,0,0,13,2,0,0,3,7,198,1,5,2,3,5,4,8,12,8,5,1,1,1,10,45
39,1,1,7,4,0,1,3,1,0,0,5,10,0,0,3,7,198,2,3,0,2,3,4,8,12,8,5,1,1,2,10,0
-281,0,0,38,4,0,1,2,1,0,0,12,3,0,0,3,7,198,1,3,0,2,3,3,10,12,8,4,1,1,3,15,15
-4,0,0,9,3,0,1,2,1,0,0,4,11,0,0,3,7,198,0,3,0,2,3,4,9,11,8,3,1,1,2,10,15
85,0,0,7,3,0,1,2,0,0,0,12,3,0,0,3,7,198,0,3,1,3,3,4,8,10,7,3,1,1,2,10,0
29,0,0,4,3,0,0,2,0,0,0,10,5,0,0,3,7,198,0,3,2,3,3,7,7,9,6,2,0,1,2,9,45
38,0,0,11,3,0,0,1,0,0,0,6,9,0,0,3,7,198,0,3,2,3,3,6,6,8,5,2,0,0,2,10,30
76,0,0,4,2,0,0,1,0,0,0,2,13,0,0,3,7,198,0,3,2,3,3,5,5,7,4,1,0,0,2,9,45
-19,0,0,13,1,0,1,2,0,0,0,6,9,0,0,3,7,198,2,1,1,1,1,4,5,6,3,0,0,0,1,10,45
119,0,0,1,0,0,1,2,0,0,0,1,14,0,0,3,7,198,1,1,1,1,1,3,4,5,3,1,0,0,2,9,15
76,0,0,2,0,0,1,1,0,0,0,1,14,0,0,3,7,198,1,1,1,1,1,2,3,4,2,1,0,0,3,9,30
-25,0,0,4,0,0,0,1,0,0,0,12,3,0,0,3,7,198,1,1,1,1,1,1,3,3,1,1,0,0,2,9,45
-10,0,0,0,0,0,0,1,0,0,0,0,36,0,1,3,7,198,0,0,0,0,0,2,2,2,2,2,0,0,1,9,0
-21,0,0,2,0,0,0,0,0,0,0,0,46,0,0,3,7,198,0,0,0,0,0,1,1,1,1,1,0,0,3,9,30
34,36,2,55,0,0,0,0,0,0,0,28,0,1,0,2,7,197,0,55,2,5,14,1,1,5,1,0,2,1,1,17,45
4,28,6,51,7,0,0,0,1,0,0,8,7,0,0,2,7,197,0,46,6,9,14,4,8,16,9,5,2,1,1,17,0
19,28,6,49,8,0,0,0,1,0,0,14,1,0,0,2,7,197,2,44,4,8,12,4,7,16,8,4,2,1,2,16,45
27,28,6,49,7,0,0,0,1,0,0,13,2,0,0,2,7,197,2,44,5,8,12,3,6,15,7,4,2,1,2,16,45
31,26,5,48,6,0,0,2,2,0,0,1,14,0,0,2,7,197,3,41,3,5,9,4,8,17,8,6,2,2,2,16,30
24,25,5,53,6,0,0,2,2,0,0,4,11,0,0,2,7,197,3,40,4,6,9,4,8,18,8,6,1,2,1,17,15
14,23,4,51,5,0,0,3,2,0,0,11,4,0,0,2,7,197,2,39,3,6,10,3,8,17,9,6,1,1,1,17,0
-1,23,4,54,5,0,0,3,2,0,0,2,13,0,0,2,7,197,2,38,2,6,9,5,8,17,9,7,1,1,1,17,30
-9,23,4,44,5,0,0,2,2,0,0,13,2,0,0,2,7,197,2,38,2,6,10,4,7,16,8,6,1,1,2,16,0
69,22,3,39,5,0,0,3,2,0,0,11,4,0,0,2,7,197,2,36,3,4,9,5,9,16,9,7,0,1,2,15,30
71,22,3,39,4,0,0,3,2,0,0,6,9,0,0,2,7,197,2,36,3,4,11,4,9,15,8,6,0,0,2,15,30
21,21,2,44,3,0,0,3,2,0,0,4,11,0,0,2,7,197,1,36,4,4,11,3,8,14,8,6,0,0,2,16,0
27,20,1,37,3,0,0,4,2,0,0,6,9,0,0,2,7,197,2,34,2,3,9,5,11,13,8,6,0,0,3,15,15
11,19,0,46,2,0,0,4,2,0,0,0,15,0,0,2,7,197,1,34,2,4,10,5,10,12,8,6,0,0,1,16,15
-20,19,1,37,2,0,0,5,2,0,0,3,12,0,0,2,7,197,1,32,0,3,9,6,10,12,9,6,0,0,3,15,15
64,19,2,35,2,0,0,4,2,0,0,11,4,0,0,2,7,197,1,32,0,4,10,6,9,12,8,5,0,0,2,15,0
25,19,2,42,2,0,0,3,2,0,0,9,6,0,0,2,7,197,1,32,1,5,11,6,8,11,7,4,0,0,2,15,45
17,19,3,33,2,0,0,2,2,0,0,3,12,0,0,2,7,197,0,32,2,5,11,6,7,10,7,5,0,0,2,14,45
-70,19,3,42,2,0,0,1,2,0,0,10,5,0,0,2,7,197,0,32,3,5,11,5,7,10,6,4,0,0,2,15,45
62,19,3,35,1,0,0,1,2,0,0,3,12,0,0,2,7,197,0,32,3,7,11,5,6,10,5,3,0,0,2,15,0
-38,19,3,46,1,0,0,1,1,0,0,2,13,0,0,2,7,197,0,32,3,7,12,4,5,9,4,3,0,0,1,16,15
49,19,4,32,1,0,0,1,1,0,0,9,6,0,0,2,7,197,1,31,4,6,12,3,4,8,3,2,0,0,2,14,30
67,19,4,30,1,0,0,0,1,0,0,8,7,0,0,2,7,197,1,31,4,6,12,2,3,7,2,1,0,0,1,14,0
-40,18,4,39,0,0,1,0,2,0,0,24,6,0,0,2,7,197,2,29,4,5,12,2,2,8,2,0,0,0,2,15,30
39,16,3,28,2,0,0,0,2,0,0,2,28,0,0,2,7,197,2,27,3,6,12,1,3,9,3,1,0,0,1,13,15
11,14,4,29,3,0,1,1,1,0,0,7,8,0,0,2,7,197,1,24,3,7,13,3,6,12,6,1,0,0,1,13,30
-77,13,3,33,3,0,1,1,1,0,0,14,1,0,0,2,7,197,1,23,4,7,13,3,5,11,6,1,0,0,2,14,45
49,13,4,24,3,0,1,2,1,0,0,1,14,0,0,2,7,197,2,21,2,6,14,4,6,13,6,2,0,0,2,12,45
39,13,4,22,3,0,0,2,1,0,0,5,10,0,0,2,7,197,2,21,5,8,14,3,6,13,5,1,0,0,2,12,30
61,11,3,15,4,0,0,1,2,0,0,6,9,0,0,2,7,197,1,19,4,7,13,2,7,14,7,1,0,0,2,11,15
41,11,3,20,3,0,0,1,2,0,0,5,10,0,0,2,7,197,1,19,4,7,13,1,6,13,6,1,0,0,2,12,15
38,10,5,16,6,0,0,2,1,0,0,4,11,0,0,2,7,197,2,15,3,6,12,5,7,14,8,4,0,0,1,11,30
-2,9,4,24,6,0,0,2,0,0,0,3,12,0,0,2,7,197,1,15,3,7,12,4,6,13,8,4,0,0,2,12,45
16,9,4,22,5,0,0,2,0,0,0,1,14,0,0,2,7,197,1,15,4,8,12,3,7,13,7,3,0,0,2,12,30
28,8,5,16,4,0,2,2,0,0,0,13,2,0,0,2,7,197,1,13,4,6,12,3,8,14,8,4,0,0,1,11,30
-42,8,5,26,3,0,2,3,0,0,0,9,6,0,0,2,7,197,2,12,3,6,12,2,7,13,7,3,0,0,1,13,0
-69,7,5,31,4,0,2,2,0,0,0,13,2,0,0,2,7,197,2,11,4,6,11,4,7,12,7,4,0,0,1,14,15
34,6,6,13,5,0,2,2,0,0,0,7,8,0,0,2,7,197,2,9,3,6,9,6,8,11,8,6,0,0,1,11,0
-3,5,5,19,5,0,2,2,0,0,0,3,12,0,0,2,7,197,2,8,2,5,8,5,7,10,8,6,0,0,2,12,0
-73,5,5,18,6,0,2,1,0,0,0,1,14,0,0,2,7,197,2,7,2,4,7,4,7,9,8,5,0,0,1,11,45
-38,5,5,20,5,0,2,1,0,0,0,11,4,0,0,2,7,197,2,7,2,5,7,3,6,11,7,5,0,0,2,12,15
33,4,4,9,5,0,1,1,0,0,0,0,15,0,0,2,7,197,1,7,3,6,7,4,6,13,7,4,0,0,2,10,30
31,3,3,11,6,0,0,1,0,0,0,9,6,0,0,2,7,197,1,6,2,6,6,3,6,13,7,4,0,0,2,10,45
-11,2,2,13,6,0,0,1,0,0,0,10,5,0,0,2,7,197,1,5,3,5,5,3,5,13,7,5,0,0,1,11,0
-98,1,1,26,6,0,0,1,0,0,0,4,11,0,0,2,7,197,1,4,2,4,4,2,4,12,7,4,0,0,1,13,0
36,0,0,6,6,0,0,1,0,0,0,2,13,0,0,2,7,197,1,3,3,3,3,3,3,11,7,3,0,0,1,10,0
15,0,0,9,7,0,0,1,0,0,0,1,14,0,0,2,7,197,1,1,1,1,1,2,8,10,8,5,0,0,2,10,30
37,0,0,4,6,0,0,1,0,0,0,14,1,0,0,2,7,197,1,1,1,1,1,1,7,9,7,4,0,0,2,9,45
-1,0,0,0,6,0,0,1,0,0,0,0,30,0,1,2,7,197,0,0,0,0,0,8,8,8,8,6,0,0,1,9,0
43,0,0,2,5,0,0,1,0,0,0,0,31,0,0,2,7,197,0,0,0,0,0,7,7,7,7,5,0,0,2,9,30
-5,0,0,1,4,0,0,1,0,0,0,0,32,0,0,2,7,197,0,0,0,0,0,6,6,6,6,4,0,0,2,9,15
-52,0,0,8,3,0,0,1,0,0,0,0,34,0,0,2,7,197,0,0,0,0,0,5,5,5,5,3,0,0,2,10,15
4,0,0,6,2,0,0,1,0,0,0,0,42,0,0,2,7,197,0,0,0,0,0,4,4,4,4,2,0,0,1,10,0
10,0,0,2,1,0,0,1,0,0,0,0,44,0,0,2,7,197,0,0,0,0,0,3,3,3,3,1,0,0,2,9,30
-76,0,0,11,0,0,0,1,0,0,0,0,49,0,0,2,7,197,0,0,0,0,0,2,2,2,2,1,0,0,2,10,45
9,0,0,4,0,0,0,0,0,0,0,0,56,0,0,2,7,197,0,0,0,0,0,1,1,1,1,0,0,0,2,9,45
2,20,2,46,2,0,0,0,0,0,0,25,5,1,0,6,7,194,1,44,0,4,6,1,3,6,2,0,3,0,1,17,30
72,18,3,42,2,0,0,2,0,0,0,8,7,0,0,6,7,194,2,41,2,3,10,3,3,9,3,0,3,0,2,16,30
36,18,3,43,1,0,0,2,0,0,0,1,14,0,0,6,7,194,2,41,2,3,10,2,4,8,2,0,3,0,1,16,45
0,17,2,43,1,0,0,2,0,0,0,9,21,0,0,6,7,194,1,40,2,3,11,1,3,10,3,2,3,0,1,16,45
-34,15,2,45,1,0,0,2,0,0,1,6,9,0,0,6,7,194,0,38,1,7,11,3,6,12,5,4,3,0,1,17,0
-24,15,2,40,1,0,0,2,0,0,0,3,12,0,0,6,7,194,0,38,1,7,11,2,5,11,4,3,3,0,1,16,0
3,15,2,40,1,0,0,1,0,0,1,8,7,0,0,6,7,194,0,37,6,8,14,4,7,11,4,2,3,0,1,16,0
23,15,2,36,1,0,0,0,0,0,1,2,13,0,0,6,7,194,0,37,6,8,15,3,7,10,3,2,3,0,2,15,30
-33,15,2,38,2,0,0,0,0,0,0,1,14,0,0,6,7,194,1,36,5,7,15,2,6,9,2,1,3,0,2,15,45
27,15,2,38,3,0,0,0,0,0,0,6,9,0,0,6,7,194,3,34,3,7,13,1,5,8,1,1,3,0,2,15,45
5,13,0,30,4,0,0,0,0,0,1,4,11,0,0,6,7,194,1,31,4,7,12,4,6,13,5,4,3,1,2,14,45
12,13,0,29,3,0,0,0,0,0,1,0,15,0,0,6,7,194,1,31,4,8,12,3,5,13,4,3,3,1,2,14,30
-31,13,2,32,4,0,1,0,0,0,0,40,5,0,0,6,7,194,3,29,2,6,12,3,4,12,3,3,3,1,2,15,0
-27,13,2,32,3,0,1,0,0,0,0,35,10,0,0,6,7,194,3,29,2,7,12,3,4,11,2,2,3,1,2,15,0
-39,13,4,34,4,0,1,0,0,0,0,12,33,0,0,6,7,194,2,27,4,7,13,2,6,11,4,3,3,2,2,15,15
-76,13,4,34,4,0,0,0,0,0,0,9,36,0,0,6,7,194,2,27,4,7,14,2,6,10,3,2,2,2,2,15,15
-28,11,2,28,3,0,2,1,0,0,1,10,5,0,0,6,7,194,3,23,3,6,12,5,8,13,5,3,2,2,1,14,15
28,10,3,23,4,0,2,2,0,0,0,6,9,0,0,6,7,194,2,21,2,7,14,6,8,13,7,5,2,2,2,12,45
-99,10,3,36,3,0,2,3,0,0,0,1,14,0,0,6,7,194,3,20,1,6,13,6,7,13,6,4,1,2,2,15,30
12,9,2,24,3,0,1,3,0,0,0,14,1,0,0,6,7,194,2,20,2,6,13,5,6,13,6,3,1,1,1,13,0
-14,9,2,26,3,0,0,3,0,0,0,10,5,0,0,6,7,194,2,20,3,7,14,4,5,13,5,2,1,1,1,13,15
-75,9,2,30,2,0,0,3,0,0,0,3,12,0,0,6,7,194,1,20,3,7,14,3,5,12,5,2,1,1,2,14,45
31,9,2,20,1,0,0,3,0,0,0,0,15,0,0,6,7,194,1,20,4,7,14,2,4,11,4,2,0,1,1,12,30
-52,9,3,27,2,0,0,2,0,0,0,2,13,0,0,6,7,194,1,19,5,7,13,2,5,10,4,3,0,0,1,13,30
-12,7,4,20,5,0,0,2,0,0,0,7,8,0,0,6,7,194,2,15,3,8,10,3,6,14,6,2,0,0,1,12,30
-8,7,5,24,7,0,0,1,0,0,0,4,11,0,0,6,7,194,3,13,4,7,9,5,8,16,6,2,0,0,1,13,0
60,6,4,16,7,0,0,0,0,0,0,11,4,0,0,6,7,194,1,13,6,7,11,4,7,15,7,3,0,0,1,11,45
24,6,4,14,7,0,0,0,0,0,0,2,13,0,0,6,7,194,2,12,5,6,10,4,6,14,6,3,0,0,2,11,30
-11,5,3,19,6,0,0,0,0,0,1,10,5,0,0,6,7,194,2,11,5,5,11,4,6,13,6,4,0,0,3,12,15
27,5,3,14,6,0,0,0,0,0,1,8,7,0,0,6,7,194,3,10,4,4,10,4,6,12,5,4,0,0,2,11,30
-27,2,0,18,7,0,0,1,0,0,1,4,11,0,0,6,7,194,2,7,1,2,7,3,8,12,8,6,0,0,1,12,0
-9,2,0,13,6,0,0,1,0,0,1,1,14,0,0,6,7,194,2,7,1,3,7,2,7,11,7,5,0,0,2,11,15
22,2,0,11,7,0,0,1,0,0,0,10,5,0,0,6,7,194,2,6,0,2,6,2,8,10,7,5,0,0,1,10,45
104,2,1,4,6,0,0,1,0,0,0,1,14,0,0,6,7,194,0,6,2,5,6,6,8,13,8,6,0,0,2,9,45
51,2,1,6,5,0,0,1,0,0,0,10,5,0,0,6,7,194,0,6,2,6,6,6,7,13,7,5,0,0,1,10,0
-7,2,1,9,4,0,0,1,0,0,0,5,10,0,0,6,7,194,0,6,2,6,6,6,6,12,6,5,0,0,1,10,30
-4,2,1,16,3,0,0,1,0,0,0,5,10,0,0,6,7,194,0,6,2,6,6,5,5,11,5,4,0,0,1,11,45
74,2,2,6,3,0,0,1,0,0,0,12,3,0,0,6,7,194,1,5,3,5,5,4,5,10,4,3,0,0,1,10,0
0,2,2,12,4,0,0,0,0,0,0,1,14,0,0,6,7,194,1,4,3,4,4,3,4,9,4,2,0,0,1,11,0
-22,2,2,8,3,0,0,0,0,0,0,10,5,0,0,6,7,194,1,4,4,4,4,2,3,8,3,1,0,0,2,10,15
-104,2,2,20,2,0,0,0,0,0,0,8,7,0,0,6,7,194,1,4,4,4,4,1,2,7,2,1,0,0,1,12,30
-22,1,1,4,2,0,0,1,1,0,1,4,11,0,0,6,7,194,2,0,0,0,0,1,6,6,4,2,0,0,2,9,45
7,0,0,2,1,0,0,1,1,0,1,0,29,0,0,6,7,194,0,0,0,0,0,5,5,5,5,3,0,0,2,9,30
-4,0,0,9,0,0,0,1,1,0,1,0,31,0,0,6,7,194,0,0,0,0,0,4,4,4,4,3,0,0,1,10,30
-8,0,0,2,0,0,0,0,1,0,1,0,32,0,0,6,7,194,0,0,0,0,0,3,3,3,3,2,0,0,2,9,30
3,0,0,0,0,0,0,0,0,0,1,0,40,0,1,6,7,194,0,0,0,0,0,2,2,2,2,2,0,0,1,9,0
-12,0,0,1,0,0,0,0,0,0,0,0,50,0,0,6,7,194,0,0,0,0,0,1,1,1,1,1,0,0,2,9,15
68,32,3,46,0,0,0,0,0,0,0,28,0,0,0,5,7,193,0,49,2,5,9,1,1,5,1,1,4,0,1,17,0
4,29,3,48,3,0,0,1,0,0,0,10,5,0,0,5,7,193,2,44,3,5,10,2,4,9,3,1,3,1,1,17,15
50,26,3,40,3,0,0,2,0,0,1,12,3,0,0,5,7,193,0,41,1,6,9,3,5,10,7,4,3,0,1,15,45
0,26,3,49,3,0,0,1,0,0,1,8,7,1,0,5,7,193,0,41,2,6,9,3,4,9,6,4,3,0,1,17,30
-5,26,3,45,3,0,0,1,0,0,0,5,10,0,0,5,7,193,0,41,3,6,9,2,4,9,5,3,3,0,2,16,45
46,25,3,43,4,0,0,1,0,0,0,9,21,0,0,5,7,193,1,39,4,6,9,2,5,9,5,4,3,2,1,16,30
-11,24,2,46,4,0,0,1,0,0,1,7,8,0,0,5,7,193,1,37,3,5,10,3,5,11,6,5,3,2,1,17,0
203,23,2,29,5,0,0,1,0,0,1,6,9,0,0,5,7,193,2,35,2,3,9,3,6,13,6,5,3,2,1,13,30
14,22,1,36,5,0,0,1,0,0,0,9,6,0,0,5,7,193,1,34,3,4,11,2,6,12,6,4,2,2,2,15,15
18,22,2,42,5,0,1,0,0,0,0,11,4,0,0,5,7,193,2,34,2,4,11,3,5,11,5,3,1,1,2,16,15
2,22,2,40,6,0,1,0,0,0,0,8,7,0,0,5,7,193,2,32,1,5,12,4,7,12,6,3,1,1,1,15,45
-17,21,1,34,5,0,1,0,0,0,0,13,2,0,0,5,7,193,1,32,1,5,13,3,7,11,6,2,1,1,2,15,0
-52,21,1,43,4,0,1,0,0,0,0,8,7,0,0,5,7,193,1,32,2,6,13,2,8,11,5,2,1,1,1,16,30
54,21,2,34,3,0,1,0,0,0,0,4,11,0,0,5,7,193,1,32,3,6,13,1,7,10,4,2,1,1,2,15,0
-91,20,6,38,4,0,2,0,0,0,0,15,30,0,0,5,7,193,1,29,4,8,13,6,7,13,6,1,1,1,2,15,30
25,20,6,32,3,0,2,0,0,0,0,14,31,0,0,5,7,193,0,29,4,8,13,5,6,12,6,2,1,1,2,14,45
-47,20,6,38,3,0,2,0,0,0,0,9,36,0,0,5,7,193,1,28,4,7,13,4,5,11,5,2,0,1,2,15,30
-22,20,7,30,3,0,2,0,0,0,0,1,44,0,0,5,7,193,2,27,3,7,12,3,5,13,4,1,0,0,1,14,15
-91,20,7,36,3,0,1,0,0,0,0,10,5,0,0,5,7,193,2,27,5,8,13,2,5,13,3,1,0,0,2,15,15
4,20,7,31,3,0,1,0,0,0,0,9,6,0,0,5,7,193,3,26,4,7,12,1,4,12,2,0,0,0,2,14,30
4,14,3,28,6,0,2,0,0,0,0,0,15,0,0,5,7,193,2,21,4,5,12,4,7,16,7,4,0,0,1,13,15
23,14,3,26,6,0,1,0,0,0,0,9,6,0,0,5,7,193,2,21,4,6,13,4,6,16,6,4,0,0,1,13,0
64,13,3,26,7,0,1,0,0,0,0,11,4,0,0,5,7,193,2,19,3,5,14,4,8,15,7,5,0,0,1,13,0
47,13,3,20,6,0,1,0,0,0,0,4,11,0,0,5,7,193,1,19,3,5,16,3,8,14,7,5,0,0,2,12,15
-127,12,2,32,7,0,1,0,0,0,0,11,4,0,0,5,7,193,2,17,2,4,14,3,8,13,7,5,0,0,2,14,45
1,11,2,22,7,0,1,0,0,0,0,14,1,0,0,5,7,193,1,16,1,3,15,5,7,14,8,6,0,0,2,12,30
27,11,2,24,6,0,1,0,0,0,0,1,14,0,0,5,7,193,1,16,2,7,15,5,10,15,7,5,0,0,2,12,45
-6,11,3,20,7,0,0,0,0,0,0,8,7,0,0,5,7,193,1,15,2,7,15,5,10,15,7,5,0,0,2,12,15
93,10,2,11,6,0,0,0,0,0,0,7,8,0,0,5,7,193,0,15,2,7,15,4,9,14,7,6,0,0,1,10,45
29,10,3,22,5,0,0,0,0,0,0,4,11,0,0,5,7,193,0,15,2,9,15,3,8,13,6,5,0,0,2,12,30
50,10,3,18,4,0,0,0,1,0,0,11,4,0,0,5,7,193,1,14,1,9,14,2,7,13,5,4,0,0,2,12,0
-26,10,5,24,4,0,0,0,1,0,0,14,1,0,0,5,7,193,2,13,4,10,13,5,6,14,4,3,0,0,2,12,45
22,9,6,14,3,0,0,0,1,0,0,10,5,0,0,5,7,193,0,13,8,12,13,5,8,14,5,5,0,0,1,11,15
10,9,6,13,2,0,0,0,1,0,0,10,5,0,0,5,7,193,0,13,9,12,13,4,7,13,4,4,0,0,2,11,0
51,9,7,14,1,0,1,0,1,0,0,9,6,0,0,5,7,193,1,12,8,11,12,3,6,13,3,3,0,0,1,11,15
-15,9,7,18,2,0,1,0,1,0,0,7,8,0,0,5,7,193,3,10,7,9,10,2,6,12,2,2,0,0,2,12,0
-21,9,7,16,4,0,1,0,0,0,0,11,4,0,0,5,7,193,5,8,5,8,8,1,6,11,1,1,0,0,1,11,30
21,3,3,7,9,0,1,0,0,0,0,3,12,0,0,5,7,193,3,2,2,2,2,5,9,13,8,3,0,0,2,10,15
-3,3,3,9,8,0,1,0,0,0,0,0,15,0,0,5,7,193,3,2,2,2,2,4,8,12,7,2,0,0,2,10,30
-11,3,3,9,8,0,1,0,0,0,0,12,3,0,0,5,7,193,4,1,1,1,1,4,7,11,6,2,0,0,2,10,30
39,2,2,4,7,0,1,0,0,0,0,8,7,0,0,5,7,193,3,1,1,1,1,4,7,10,6,3,0,0,2,9,45
4,2,2,5,6,0,1,0,0,0,0,1,14,0,0,5,7,193,3,1,1,1,1,4,6,9,5,3,0,0,2,10,0
46,1,1,2,6,0,1,0,0,0,0,14,1,0,0,5,7,193,1,0,0,0,0,4,7,8,7,6,0,0,1,9,30
10,1,1,5,5,0,1,0,0,0,0,9,6,0,0,5,7,193,1,0,0,0,0,4,6,7,6,5,0,0,2,10,0
24,1,1,7,4,0,1,0,0,0,0,7,8,0,0,5,7,193,1,0,0,0,0,3,6,6,5,4,0,0,2,10,15
2,0,0,1,4,0,0,0,0,0,0,3,12,0,0,5,7,193,0,0,0,0,0,4,5,5,5,4,0,0,2,9,15
34,0,0,0,3,0,0,0,0,0,0,0,5,0,1,5,7,193,0,0,0,0,0,3,4,4,4,4,0,0,1,9,0
25,0,0,2,2,0,0,0,0,0,0,0,19,0,0,5,7,193,0,0,0,0,0,3,3,3,3,3,0,0,1,9,30
-74,0,0,11,1,0,0,0,0,0,0,0,23,0,0,5,7,193,0,0,0,0,0,2,2,2,2,2,0,0,1,10,45
-120,0,0,17,0,0,0,0,0,0,0,0,38,0,0,5,7,193,0,0,0,0,0,1,1,1,1,1,0,0,2,11,45
46,29,6,42,4,0,0,0,0,0,2,33,12,1,0,4,7,192,2,36,4,7,8,2,5,8,5,3,4,0,1,17,30
9,28,6,40,4,0,0,1,0,0,1,19,26,0,0,4,7,192,1,35,4,6,7,3,4,9,6,3,4,0,1,17,0
38,26,5,39,4,0,1,2,0,0,1,1,44,0,0,4,7,192,2,32,3,3,6,3,5,9,7,4,4,2,2,16,15
54,25,4,38,4,0,1,2,0,0,0,11,4,0,0,4,7,192,1,32,3,4,6,2,5,9,7,3,4,2,1,16,0
104,23,2,33,5,0,1,2,0,0,0,4,11,0,0,4,7,192,1,30,1,2,5,3,4,10,8,4,4,2,1,15,15
59,22,1,33,6,0,0,2,0,0,0,0,15,0,0,4,7,192,1,29,1,2,6,3,5,10,8,4,3,2,1,15,15
-18,21,0,40,5,0,0,2,0,0,0,6,9,0,0,4,7,192,0,29,1,2,7,2,5,9,8,4,2,1,1,17,0
44,21,0,33,5,0,0,2,0,0,0,14,1,0,0,4,7,192,1,28,0,2,7,2,5,9,7,4,2,0,1,15,15
51,21,2,37,4,0,0,2,0,0,0,14,1,0,0,4,7,192,1,28,2,3,10,4,6,10,6,4,2,1,1,15,45
87,21,2,31,4,0,0,1,0,0,0,8,7,0,0,4,7,192,0,28,2,4,11,3,5,9,6,4,2,1,3,15,0
71,21,2,29,4,0,0,1,0,0,0,11,4,0,0,4,7,192,1,27,2,5,10,4,5,9,5,3,2,1,2,14,45
11,21,3,36,4,0,0,1,0,0,0,1,14,0,0,4,7,192,2,26,1,4,11,3,5,8,4,2,2,1,1,15,30
55,20,3,28,4,0,0,1,0,0,0,32,13,0,0,4,7,192,1,25,2,4,11,3,4,7,5,3,2,1,2,14,30
92,20,5,29,4,0,0,0,0,0,0,27,18,0,0,4,7,192,1,25,2,5,12,2,3,7,4,3,1,1,2,14,45
-18,19,5,31,4,0,0,0,0,0,0,8,37,0,0,4,7,192,1,24,3,7,13,2,4,10,4,3,1,0,3,15,0
-2,18,5,27,4,0,0,1,0,0,0,4,11,0,0,4,7,192,2,22,3,7,14,3,4,13,4,2,1,0,1,14,15
41,15,4,26,3,0,1,1,1,0,1,9,6,0,0,4,7,192,2,19,3,6,14,3,4,13,6,3,1,0,1,13,30
17,15,4,21,3,0,1,1,1,0,0,7,8,0,0,4,7,192,2,19,3,6,14,2,4,12,5,3,1,0,2,12,45
25,13,5,23,3,0,1,1,2,0,0,1,14,0,0,4,7,192,2,17,3,8,13,2,7,15,6,4,1,0,1,13,0
51,12,6,23,3,0,2,1,3,0,0,2,13,0,0,4,7,192,2,14,5,8,12,5,10,16,8,5,1,1,1,13,0
74,11,5,12,4,0,2,1,2,0,0,7,8,0,0,4,7,192,1,13,5,8,11,7,9,15,9,5,1,1,2,11,30
37,11,7,16,4,0,1,1,2,0,0,5,10,0,0,4,7,192,1,13,5,8,11,7,8,14,8,4,1,1,2,12,0
46,11,7,18,4,0,1,1,2,0,0,14,1,0,0,4,7,192,2,12,6,7,10,6,8,13,7,4,1,1,1,12,15
12,9,5,16,5,0,1,1,1,0,0,9,6,0,0,4,7,192,1,11,5,7,9,6,9,12,8,5,1,1,2,12,0
-4,8,4,18,6,0,0,1,2,0,0,2,13,0,0,4,7,192,2,9,3,5,7,5,9,11,8,5,1,1,1,12,15
-21,8,5,21,7,0,0,1,1,0,0,0,15,0,0,4,7,192,3,8,2,4,6,4,8,11,7,5,1,1,2,12,45
0,8,5,25,6,0,0,1,1,0,0,11,4,0,0,4,7,192,3,8,3,4,6,3,7,12,6,5,1,1,1,13,15
42,6,3,8,6,0,0,0,1,0,0,5,10,0,0,4,7,192,1,8,3,5,6,2,7,11,7,5,0,1,2,11,0
21,6,4,10,7,0,0,0,1,0,0,11,4,0,0,4,7,192,3,6,2,4,5,4,7,10,6,4,0,0,2,11,15
10,4,3,12,7,0,0,0,1,0,0,4,11,0,0,4,7,192,1,5,2,3,5,5,6,9,8,4,0,0,2,11,30
21,4,3,8,7,0,0,0,0,0,0,13,2,0,0,4,7,192,1,5,2,3,5,5,5,9,7,3,0,0,2,11,0
-31,4,3,20,6,0,0,0,0,0,0,12,3,0,0,4,7,192,1,5,3,3,5,4,4,8,6,2,0,0,2,12,30
12,4,3,14,6,0,0,0,0,0,0,7,8,0,0,4,7,192,2,4,2,2,4,3,3,8,5,1,0,0,2,11,45
22,3,2,4,5,0,0,0,0,0,0,55,5,0,0,4,7,192,1,4,2,2,4,2,5,10,5,1,0,0,2,10,30
6,3,2,10,5,0,0,0,0,0,0,45,15,0,0,4,7,192,2,3,1,1,3,1,4,9,4,1,0,0,2,11,15
-49,1,1,14,5,0,0,0,0,0,0,2,58,0,0,4,7,192,0,2,2,2,2,3,6,8,6,4,0,0,2,11,45
0,1,1,4,4,0,0,0,0,0,0,14,1,0,0,4,7,192,0,2,2,2,2,2,6,7,5,3,0,0,2,10,30
6,1,1,6,3,0,0,0,0,0,0,13,2,0,0,4,7,192,0,2,2,2,2,1,5,6,4,3,0,0,2,10,45
2,0,0,0,4,0,0,0,0,0,0,0,13,0,1,4,7,192,0,0,0,0,0,5,5,5,5,5,0,0,1,9,0
-8,0,0,1,3,0,0,0,0,0,0,0,21,0,0,4,7,192,0,0,0,0,0,4,4,4,4,4,0,0,2,9,15
-55,0,0,6,2,0,0,0,0,0,0,0,28,0,0,4,7,192,0,0,0,0,0,3,3,3,3,3,0,0,2,10,45
42,0,0,2,1,0,0,0,0,0,0,0,30,0,0,4,7,192,0,0,0,0,0,2,2,2,2,2,0,0,2,9,30
31,0,0,2,0,0,0,0,0,0,0,0,35,0,0,4,7,192,0,0,0,0,0,1,1,1,1,1,0,0,2,9,30
0,35,7,50,5,0,1,2,0,0,0,2,13,0,0,3,7,191,1,44,4,10,13,3,6,18,8,3,10,2,1,16,45
43,32,5,50,6,0,2,2,0,0,0,10,5,0,0,3,7,191,1,41,7,8,13,3,11,19,10,3,10,5,1,16,45
7,32,5,48,5,0,2,2,1,0,0,6,9,0,0,3,7,191,2,40,6,8,13,3,10,18,9,3,10,5,2,16,30
52,30,3,45,6,0,2,2,1,0,0,9,6,0,0,3,7,191,1,38,4,6,12,5,12,17,11,5,10,6,1,16,0
34,29,2,45,7,0,3,2,1,0,1,9,6,0,0,3,7,191,4,34,1,3,10,8,13,16,11,4,9,6,1,16,0
-5,29,2,43,6,0,3,2,1,0,1,5,10,0,0,3,7,191,4,34,2,3,10,8,13,15,10,4,8,5,2,15,45
-1,28,2,52,5,0,3,2,1,0,1,13,2,1,0,3,7,191,3,34,2,4,12,9,12,14,10,4,7,4,1,17,0
28,28,2,43,5,0,2,2,1,0,1,11,4,0,0,3,7,191,3,34,2,4,12,8,11,13,9,3,7,3,2,15,45
25,27,1,36,6,0,2,2,0,0,1,4,11,0,0,3,7,191,2,33,1,5,11,8,11,14,10,2,7,3,5,15,15
55,27,1,38,6,0,2,1,0,0,1,3,12,0,0,3,7,191,2,33,1,5,11,7,10,13,9,1,6,3,2,15,30
38,27,1,38,6,0,1,1,0,0,1,11,4,0,0,3,7,191,2,33,2,5,11,7,10,13,8,1,5,2,2,15,30
-66,27,1,47,6,0,1,1,0,0,0,10,5,0,0,3,7,191,2,33,2,5,11,6,9,12,7,1,5,1,2,16,15
26,27,2,38,6,0,1,1,0,0,0,5,10,0,0,3,7,191,2,32,1,5,11,6,8,13,7,1,4,1,2,15,30
10,27,2,34,5,0,1,1,0,0,0,4,11,0,0,3,7,191,2,32,1,5,11,5,7,12,6,1,4,0,2,15,0
-10,27,3,48,5,0,1,0,0,0,0,3,12,0,0,3,7,191,2,32,1,5,11,4,6,11,5,1,4,0,2,16,30
34,27,4,32,5,0,0,0,0,0,0,7,8,0,0,3,7,191,1,32,3,6,12,3,5,10,5,2,4,0,2,14,45
-43,27,4,38,4,0,0,0,0,0,0,3,12,0,0,3,7,191,1,32,4,7,13,3,4,9,4,1,4,0,2,15,30
65,27,5,32,4,0,0,0,0,0,0,8,7,0,0,3,7,191,2,31,3,7,13,3,3,9,3,0,4,0,2,14,45
30,26,6,34,3,0,1,1,0,0,0,36,9,0,0,3,7,191,2,29,4,7,14,2,4,10,4,1,4,0,2,15,0
-21,26,7,36,3,0,1,1,0,0,0,28,17,0,0,3,7,191,2,28,3,6,14,1,4,10,4,1,4,0,5,15,15
4,20,5,30,5,0,3,1,1,0,0,8,7,0,0,3,7,191,2,22,2,6,13,5,8,18,9,3,4,1,1,14,15
30,20,5,24,5,0,2,1,1,0,0,8,7,0,0,3,7,191,2,22,2,6,13,4,7,17,8,2,4,1,2,12,45
-18,20,7,31,4,0,2,1,1,0,0,1,14,0,0,3,7,191,2,22,4,7,15,3,6,16,7,2,4,1,2,14,30
-85,19,6,38,4,0,1,1,1,0,0,10,5,0,0,3,7,191,1,22,4,8,15,3,6,15,7,2,3,1,2,15,30
17,19,7,28,3,0,2,1,1,0,0,9,6,0,0,3,7,191,2,21,3,7,14,2,5,14,6,2,3,0,1,13,15
46,16,6,26,5,0,2,1,1,0,0,13,2,0,0,3,7,191,2,18,4,7,14,4,8,16,8,4,3,1,1,13,0
32,15,7,19,4,0,2,1,1,0,0,0,15,0,0,3,7,191,0,18,6,9,14,3,11,16,9,5,3,3,1,12,0
29,15,7,22,4,0,1,1,1,0,0,0,15,0,0,3,7,191,0,18,6,9,14,2,10,15,8,4,3,3,2,12,30
54,13,6,26,7,0,2,0,1,0,0,0,15,0,0,3,7,191,2,14,3,7,11,5,10,16,9,5,3,3,1,13,0
42,11,6,19,8,0,1,0,2,0,0,13,2,0,0,3,7,191,2,12,3,7,11,9,10,17,10,4,3,3,1,12,0
35,10,6,14,8,0,0,0,2,0,0,7,8,0,0,3,7,191,1,11,3,6,10,8,10,16,11,4,2,3,2,11,30
35,10,6,14,8,0,0,0,2,0,0,7,8,0,0,3,7,191,1,11,3,6,10,8,10,16,11,4,2,3,2,11,30
106,10,6,14,7,0,0,0,2,0,0,3,12,0,0,3,7,191,1,11,4,7,10,6,9,16,9,3,2,2,2,11,30
-4,10,6,17,7,0,0,0,2,0,0,11,4,0,0,3,7,191,2,10,3,6,10,5,9,16,8,3,1,2,2,11,45
2,9,5,21,6,0,0,0,2,0,0,6,9,0,0,3,7,191,1,10,4,6,10,5,8,15,8,3,1,1,2,12,15
-29,9,5,24,6,0,0,0,2,0,0,4,11,0,0,3,7,191,2,9,3,5,9,4,7,14,7,2,0,1,2,12,45
15,8,4,22,6,0,0,0,1,0,0,3,12,0,0,3,7,191,1,9,3,5,9,3,6,13,7,2,0,0,2,12,30
18,8,4,29,5,0,0,0,1,0,0,0,15,0,0,3,7,191,1,9,3,5,9,2,5,12,6,1,0,0,1,13,30
40,6,4,13,5,0,1,0,1,0,0,8,7,0,0,3,7,191,1,7,3,6,7,4,7,11,7,2,0,0,3,11,15
40,5,3,12,6,0,2,0,0,0,0,11,4,0,0,3,7,191,2,5,1,4,5,4,7,11,7,2,0,0,1,11,0
59,4,2,5,5,0,2,0,1,0,0,5,10,0,0,3,7,191,2,4,1,3,4,3,7,11,7,3,0,0,2,10,0
55,4,3,9,4,0,2,0,1,0,0,13,2,0,0,3,7,191,2,4,1,4,4,3,8,10,6,2,0,0,1,10,30
36,4,4,9,3,0,2,0,1,0,0,12,3,0,0,3,7,191,1,4,3,4,4,4,7,10,6,3,0,0,1,10,30
51,3,3,5,3,0,1,1,1,0,0,1,14,0,0,3,7,191,1,3,3,3,3,6,6,9,6,2,0,0,2,10,0
4,2,2,17,3,0,1,2,1,0,0,8,7,0,0,3,7,191,2,1,1,1,1,5,5,9,6,3,0,0,2,11,45
63,2,2,7,2,0,1,2,1,0,0,0,15,0,0,3,7,191,1,1,1,1,1,4,5,8,6,4,0,0,2,10,15
-1,2,2,7,2,0,1,2,0,0,0,6,9,0,0,3,7,191,1,1,1,1,1,3,5,7,5,4,0,0,2,10,15
-59,2,2,11,1,0,1,2,0,0,0,3,12,0,0,3,7,191,1,1,1,1,1,2,4,6,4,3,0,0,1,10,45
52,2,2,3,0,0,1,2,0,0,0,3,12,0,0,3,7,191,1,1,1,1,1,1,3,5,3,2,0,0,2,9,45
13,0,0,3,1,0,1,1,0,0,0,0,9,0,0,3,7,191,0,0,0,0,0,2,4,4,4,3,0,0,2,9,45
72,0,0,0,1,0,0,1,0,0,0,0,21,0,1,3,7,191,0,0,0,0,0,2,3,3,3,2,0,0,1,9,0
0,0,0,2,1,0,0,0,0,0,0,0,43,0,0,3,7,191,0,0,0,0,0,2,2,2,2,2,0,0,2,9,30
2,0,0,1,0,0,0,0,0,0,0,0,61,0,0,3,7,191,0,0,0,0,0,1,1,1,1,1,0,0,1,9,15
35,32,3,47,6,0,0,1,0,0,0,7,8,0,0,2,7,190,0,42,2,5,9,3,5,10,8,6,4,2,1,16,45
31,32,4,47,6,0,0,1,0,0,0,14,1,0,0,2,7,190,1,41,1,4,10,3,5,10,7,5,4,2,1,16,45
-5,31,3,49,5,0,0,1,0,0,0,1,14,1,0,2,7,190,0,41,3,4,10,3,4,10,7,6,3,2,1,17,0
109,31,3,43,6,0,0,0,0,0,0,5,10,0,0,2,7,190,1,40,3,4,10,3,5,10,6,5,2,1,1,16,0
34,30,2,46,5,0,0,1,0,0,0,7,8,0,0,2,7,190,1,39,2,4,11,2,6,10,6,6,2,0,2,16,30
33,28,2,45,5,0,0,1,1,0,0,6,9,0,0,2,7,190,1,37,1,4,9,3,5,11,7,6,2,0,1,16,15
10,28,2,37,4,0,0,1,1,0,0,13,2,0,0,2,7,190,0,37,3,6,12,4,7,12,7,6,2,1,1,15,15
93,28,2,36,4,0,0,1,1,0,0,10,5,0,0,2,7,190,1,36,2,6,11,3,6,13,6,5,2,1,2,15,0
55,28,3,40,3,0,0,1,1,0,0,0,15,0,0,2,7,190,1,36,3,7,13,2,5,13,5,4,2,1,2,15,45
6,28,3,43,2,0,0,1,1,0,0,10,5,0,0,2,7,190,0,36,5,8,13,2,5,12,5,3,2,2,1,16,0
35,26,3,37,2,0,1,2,1,0,0,0,15,0,0,2,7,190,0,33,4,6,13,3,7,13,7,5,2,2,1,15,15
19,26,3,32,3,0,0,3,1,0,0,36,9,0,0,2,7,190,1,31,3,4,12,3,7,13,7,5,2,2,1,14,15
-20,26,4,39,3,0,0,3,0,0,0,29,16,0,0,2,7,190,1,31,3,6,13,3,6,12,6,4,1,2,3,15,30
52,25,3,33,4,0,0,2,0,0,1,12,33,0,0,2,7,190,1,29,2,6,13,4,8,11,7,4,0,1,2,14,30
-98,24,3,40,5,0,0,1,0,0,1,2,43,0,0,2,7,190,1,28,3,6,13,4,7,10,7,4,0,0,2,15,45
-2,23,3,34,4,0,0,1,0,0,1,6,9,0,0,2,7,190,0,28,3,7,14,5,7,10,7,4,0,0,1,14,45
-121,23,4,40,5,0,0,1,0,0,0,3,12,0,0,2,7,190,1,27,2,7,14,5,7,9,6,4,0,0,2,15,45
70,23,5,29,4,0,0,1,0,0,0,8,7,0,0,2,7,190,1,27,4,8,15,4,7,10,5,3,0,0,2,13,15
36,22,5,27,4,0,0,2,0,0,0,11,4,0,0,2,7,190,1,25,4,8,15,4,6,10,6,3,0,0,1,13,0
-29,22,5,34,4,0,0,1,0,0,0,11,4,0,0,2,7,190,1,25,4,8,15,3,5,9,5,3,0,0,1,14,45
22,22,6,30,3,0,0,1,0,0,0,3,12,0,0,2,7,190,1,25,5,9,16,3,4,10,4,2,0,0,1,13,30
41,21,8,26,5,0,0,2,0,0,0,13,2,0,0,2,7,190,3,21,3,7,14,3,3,13,5,2,0,0,2,12,45
-33,20,8,30,6,0,0,1,0,0,0,4,11,0,0,2,7,190,3,20,4,7,14,2,3,14,5,1,0,0,1,13,30
35,18,6,24,6,0,0,1,0,0,0,9,6,0,0,2,7,190,2,19,4,7,14,1,4,15,6,1,0,0,1,12,30
16,13,6,21,8,0,1,2,0,0,0,9,6,0,0,2,7,190,1,14,4,7,13,4,10,20,11,2,0,0,1,12,0
3,12,6,23,8,0,1,2,0,0,0,1,14,0,0,2,7,190,1,13,4,7,12,5,11,21,11,2,0,0,2,12,15
-15,12,6,27,7,0,1,3,0,0,0,11,4,0,0,2,7,190,2,12,4,7,11,6,11,21,10,1,0,0,1,13,0
40,12,8,16,7,0,1,3,0,0,0,1,14,0,0,2,7,190,2,11,4,8,11,5,13,21,10,2,0,0,2,11,15
6,11,8,24,7,0,1,3,0,0,0,9,6,0,0,2,7,190,2,10,3,7,10,6,12,20,10,2,0,0,1,12,30
25,10,7,21,6,0,1,3,0,0,0,6,9,0,0,2,7,190,1,10,3,8,10,5,11,20,10,3,0,0,1,12,0
-10,9,7,20,7,0,0,3,0,0,0,28,2,0,0,2,7,190,2,8,3,6,8,7,11,19,10,3,0,0,2,11,45
8,9,7,18,7,0,0,3,0,0,0,28,2,0,0,2,7,190,2,8,3,6,8,7,11,19,10,3,0,0,1,11,30
14,7,5,12,8,0,0,2,0,0,0,14,16,0,0,2,7,190,1,7,4,6,7,8,12,17,10,4,0,0,2,10,45
0,7,5,12,7,0,0,2,0,0,0,13,17,0,0,2,7,190,1,7,4,6,7,7,11,16,9,3,0,0,2,10,45
45,7,6,16,6,0,0,2,0,0,0,6,24,0,0,2,7,190,1,7,5,6,7,6,10,16,8,3,0,0,2,11,15
139,7,6,0,5,0,0,2,0,0,0,5,25,0,1,2,7,190,1,7,5,6,7,5,10,15,7,3,0,0,1,9,0
37,6,5,10,5,0,0,2,0,0,0,0,30,0,0,2,7,190,1,5,4,5,6,4,11,14,7,4,0,0,2,10,15
-21,6,5,18,5,0,0,2,0,0,0,9,6,0,0,2,7,190,2,5,3,4,5,5,10,13,6,3,0,0,1,11,30
45,6,5,14,4,0,0,2,0,0,0,7,8,0,0,2,7,190,2,5,3,5,5,4,9,12,5,2,0,0,2,11,0
33,4,4,14,4,0,0,2,0,0,0,3,12,0,0,2,7,190,1,4,3,4,4,4,9,11,6,3,0,0,2,11,0
49,2,2,3,5,0,0,2,0,0,0,14,1,0,0,2,7,190,1,2,1,2,2,7,9,10,7,3,0,0,2,9,30
36,2,2,8,4,0,0,2,0,0,0,11,4,0,0,2,7,190,0,2,1,2,2,6,8,9,7,3,0,0,2,10,0
5,2,2,8,4,0,0,2,0,0,0,6,9,0,0,2,7,190,1,1,1,1,1,6,7,8,6,3,0,0,2,10,0
-2,2,2,6,3,0,0,2,0,0,0,2,13,0,0,2,7,190,1,1,1,1,1,5,6,7,5,2,0,0,2,9,45
36,1,1,3,2,0,0,2,0,0,0,5,10,0,0,2,7,190,0,1,1,1,1,5,6,6,5,2,0,0,2,9,30
26,1,1,3,2,0,0,1,0,0,0,2,13,0,0,2,7,190,0,1,1,1,1,4,5,5,4,2,0,0,2,9,30
24,1,1,10,2,0,0,0,0,0,0,0,15,0,0,2,7,190,0,1,1,1,1,3,4,4,3,2,0,0,2,10,15
7,1,1,2,2,0,0,0,0,0,0,6,9,0,0,2,7,190,1,0,0,0,0,2,3,3,2,1,0,0,3,9,15
6,0,0,0,1,0,0,0,0,0,0,0,9,0,1,2,7,190,0,0,0,0,0,2,2,2,2,0,0,0,1,9,0
6,0,0,6,0,0,0,0,0,0,0,0,35,0,0,2,7,190,0,0,0,0,0,1,1,1,1,0,0,0,2,9,45
-19,36,3,49,1,0,0,1,0,0,0,4,26,1,0,6,7,187,1,47,2,5,14,1,2,5,2,0,2,0,2,17,30
5,34,4,46,3,0,0,1,0,0,0,25,5,0,0,6,7,187,1,44,4,7,13,1,2,6,4,3,2,0,1,16,45
44,30,4,43,8,0,0,2,0,0,0,14,1,0,0,6,7,187,2,37,4,5,12,4,5,10,9,5,2,0,1,16,0
17,30,4,43,7,0,0,2,0,0,0,9,6,0,0,6,7,187,2,37,4,6,12,3,5,11,8,4,2,0,1,16,0
21,29,5,46,8,0,0,1,3,0,0,5,10,0,0,6,7,187,4,33,0,4,11,2,5,11,9,4,2,0,1,16,45
-29,28,4,48,7,0,0,1,3,0,0,4,11,0,0,6,7,187,3,33,1,4,11,1,4,10,9,4,2,0,1,17,0
-24,27,7,45,7,0,0,1,3,0,0,18,12,0,0,6,7,187,3,32,3,6,13,3,6,13,9,3,2,0,2,16,30
25,26,6,40,8,0,0,0,3,0,0,9,21,0,0,6,7,187,3,31,3,6,13,3,7,12,9,3,2,0,1,15,30
38,25,6,39,7,0,0,0,3,0,0,42,3,0,0,6,7,187,2,31,5,8,13,3,7,11,9,3,2,0,2,15,15
49,24,8,35,9,0,0,0,2,0,0,30,15,0,0,6,7,187,3,29,4,7,12,3,6,12,9,3,2,0,2,14,15
54,22,6,36,9,0,0,0,2,0,1,17,28,0,0,6,7,187,3,26,3,6,11,4,6,11,10,4,2,0,1,14,45
-10,21,7,40,8,0,0,1,2,0,1,6,39,0,0,6,7,187,2,26,4,7,10,4,8,11,11,5,2,1,1,15,30
28,20,6,36,8,0,0,1,2,0,1,12,3,0,0,6,7,187,2,25,3,6,9,3,7,10,11,6,2,1,1,14,45
-6,20,7,42,7,0,0,1,2,0,1,9,6,0,0,6,7,187,2,25,4,7,10,2,6,9,10,5,2,1,2,15,45
82,19,6,34,7,0,0,1,2,0,1,1,14,0,0,6,7,187,2,24,3,6,10,2,5,10,10,5,2,1,1,13,30
75,16,6,33,10,0,0,1,1,0,1,6,9,0,0,6,7,187,2,21,3,5,14,4,6,15,12,7,2,1,1,13,15
81,16,6,31,9,0,0,1,1,0,1,0,15,0,0,6,7,187,2,21,3,5,14,3,5,14,11,7,2,1,1,13,0
34,14,4,31,9,0,0,0,2,0,1,10,5,0,0,6,7,187,1,20,3,4,15,2,5,13,12,8,2,1,1,13,0
-80,14,5,38,9,0,0,0,3,0,0,7,8,0,0,6,7,187,2,19,2,3,14,2,4,12,11,7,1,1,1,15,0
81,12,4,27,9,0,0,1,3,0,0,9,6,0,0,6,7,187,2,17,1,4,15,3,5,15,12,7,1,0,2,12,30
48,12,4,25,8,0,0,1,3,0,0,5,10,0,0,6,7,187,2,17,1,8,15,2,4,14,11,6,1,0,2,12,15
84,10,4,29,7,0,0,1,4,0,0,14,1,0,0,6,7,187,1,16,2,9,15,3,9,17,12,5,1,0,2,12,45
77,9,5,21,7,0,0,1,4,0,0,9,6,0,0,6,7,187,1,15,7,11,14,7,10,18,12,5,1,0,2,11,45
52,9,5,29,7,0,0,1,4,0,0,7,8,0,0,6,7,187,2,14,7,11,13,7,9,17,11,5,1,0,2,12,45
112,8,5,23,11,0,0,2,4,0,0,3,12,0,0,6,7,187,6,8,3,6,8,6,10,19,12,4,1,0,2,12,0
80,8,6,23,10,0,0,2,4,0,0,14,1,0,0,6,7,187,6,8,4,6,8,5,11,18,11,4,1,1,2,12,0
56,6,4,19,10,0,0,2,3,0,0,11,4,0,0,6,7,187,4,8,4,6,8,6,10,17,12,4,1,1,2,11,30
41,6,4,27,10,0,0,2,2,0,0,9,6,0,0,6,7,187,4,8,4,6,8,5,9,17,11,4,1,1,2,12,30
46,6,4,17,10,0,0,2,1,0,0,9,6,0,0,6,7,187,4,8,4,7,8,4,8,16,10,3,1,1,2,11,15
75,6,4,19,9,0,0,2,1,0,1,8,7,0,0,6,7,187,5,7,3,6,7,3,7,16,9,3,1,1,2,11,30
101,4,3,15,10,0,1,2,1,0,1,14,1,0,0,6,7,187,4,4,2,3,4,6,9,17,12,2,1,1,2,11,0
53,4,3,13,10,0,1,2,0,0,1,12,3,0,0,6,7,187,4,4,2,3,4,5,8,16,11,1,1,1,2,10,45
37,3,2,6,11,0,0,2,0,0,1,0,15,0,0,6,7,187,4,3,2,2,3,6,11,17,11,2,1,1,2,10,0
-7,3,2,13,11,0,0,2,0,0,0,13,2,0,0,6,7,187,4,3,2,2,3,5,10,16,10,2,1,1,2,10,45
85,2,2,11,11,0,0,2,0,0,0,1,14,0,0,6,7,187,3,2,1,2,2,5,9,15,11,3,0,1,2,10,30
0,2,2,25,11,0,0,1,0,0,0,0,15,0,0,6,7,187,3,2,1,2,2,4,8,14,10,3,0,0,2,12,15
58,2,2,6,10,0,0,2,0,0,0,6,9,0,0,6,7,187,3,1,0,1,1,4,9,14,10,4,0,0,2,10,0
-35,2,2,21,9,0,0,2,0,0,0,1,14,0,0,6,7,187,3,1,0,1,1,5,9,13,9,3,0,0,2,11,45
2,1,1,6,8,0,0,2,0,0,0,2,13,0,0,6,7,187,1,1,1,1,1,5,8,12,10,5,0,0,2,10,0
49,1,1,2,7,0,0,2,0,0,0,10,5,0,0,6,7,187,1,1,1,1,1,4,9,11,9,4,0,0,2,9,30
-14,1,1,15,6,0,0,2,0,0,0,4,11,0,0,6,7,187,1,1,1,1,1,6,9,10,8,3,0,0,2,11,0
44,1,1,4,5,0,0,2,0,0,0,3,12,0,0,6,7,187,1,1,1,1,1,5,8,9,7,3,0,0,3,9,45
27,1,1,11,5,0,0,1,0,0,0,0,15,0,0,6,7,187,1,1,1,1,1,4,7,8,6,3,0,0,2,10,30
-11,0,0,1,5,0,0,1,0,0,0,0,5,0,0,6,7,187,0,0,0,0,0,5,6,7,7,5,0,0,2,9,15
0,0,0,17,4,0,0,1,0,0,0,0,7,0,0,6,7,187,0,0,0,0,0,5,5,6,6,4,0,0,2,11,15
-7,0,0,9,3,0,0,1,0,0,0,0,10,0,0,6,7,187,0,0,0,0,0,4,5,5,5,4,0,0,2,10,15
6,0,0,2,3,0,0,0,0,0,0,0,28,0,0,6,7,187,0,0,0,0,0,3,4,4,4,4,0,0,2,9,30
-3,0,0,4,2,0,0,0,0,0,0,0,34,0,0,6,7,187,0,0,0,0,0,2,3,3,3,3,0,0,3,9,45
-22,0,0,9,1,0,0,0,0,0,0,0,36,0,0,6,7,187,0,0,0,0,0,1,2,2,2,2,0,0,2,10,15
2,0,0,0,0,0,0,0,0,0,0,0,68,0,1,6,7,187,0,0,0,0,0,1,1,1,1,1,0,0,1,9,0
50,30,2,40,1,0,1,1,0,0,0,8,7,0,0,5,7,186,0,39,2,5,13,1,2,10,4,0,3,1,1,17,0
92,30,4,36,2,0,1,1,0,0,0,19,11,0,0,5,7,186,2,37,3,7,13,1,5,12,3,0,3,1,2,16,0
22,27,4,39,3,0,2,2,0,0,0,1,14,0,0,5,7,186,1,33,3,7,10,5,8,13,7,2,3,1,2,16,45
26,27,4,40,3,0,2,1,0,0,0,14,1,0,0,5,7,186,1,33,4,7,11,4,8,12,6,2,3,1,1,17,0
-16,26,4,37,3,0,2,2,0,0,0,14,1,0,0,5,7,186,1,31,4,6,11,5,9,12,7,2,3,1,1,16,30
-76,26,4,42,3,0,1,2,0,0,0,13,2,1,0,5,7,186,1,31,4,6,11,4,8,12,6,2,2,1,1,17,30
-61,26,5,37,3,0,1,2,0,0,0,2,13,0,0,5,7,186,1,30,4,6,10,4,7,12,6,3,2,0,1,16,30
2,26,5,34,5,0,0,2,0,0,0,9,6,0,0,5,7,186,2,28,3,4,10,6,7,11,6,3,2,0,1,15,45
15,26,5,34,4,0,0,2,0,0,0,8,7,0,0,5,7,186,2,28,3,4,10,5,6,10,5,3,2,0,1,15,45
-17,24,3,32,5,0,0,1,0,0,0,13,2,0,0,5,7,186,1,27,2,3,11,4,5,11,6,2,2,0,2,15,30
-11,23,3,32,6,0,0,0,0,0,0,14,1,0,0,5,7,186,0,26,2,4,11,3,5,11,7,3,2,0,2,15,30
8,23,3,29,6,0,0,0,0,0,0,11,4,0,0,5,7,186,1,25,1,3,11,3,4,10,6,2,2,0,1,15,0
78,23,3,27,5,0,0,0,0,0,0,11,4,0,0,5,7,186,1,25,1,3,11,2,3,9,5,2,2,0,2,14,45
17,21,3,31,5,0,0,0,0,0,0,43,2,0,0,5,7,186,0,24,2,6,13,2,5,9,6,2,2,0,2,15,15
4,21,6,25,5,0,0,0,0,0,0,17,28,0,0,5,7,186,1,23,3,8,15,4,6,10,5,2,2,0,1,14,15
20,20,6,27,5,0,1,0,0,0,0,2,43,0,0,5,7,186,2,21,3,7,15,4,7,11,5,1,2,0,2,14,45
107,19,6,22,5,0,1,0,0,0,0,13,2,0,0,5,7,186,2,20,4,6,14,4,6,10,5,1,2,0,1,13,0
61,19,7,24,4,0,1,0,0,0,0,11,4,0,0,5,7,186,2,20,4,7,16,3,5,9,4,0,2,0,1,13,30
-12,18,8,29,5,0,1,0,0,0,0,7,8,0,0,5,7,186,2,18,4,8,16,3,5,10,5,1,2,0,1,15,0
31,16,7,23,5,0,1,0,0,0,0,1,14,0,0,5,7,186,1,17,3,7,15,3,4,10,6,2,2,0,1,13,15
34,15,7,20,6,0,0,1,0,0,0,1,14,0,0,5,7,186,2,15,4,7,14,2,4,10,6,3,2,0,1,12,45
106,14,7,10,6,0,0,1,0,0,0,3,12,0,0,5,7,186,2,14,4,8,14,2,5,11,6,3,2,0,1,11,15
62,11,7,14,7,0,0,2,0,0,0,13,2,0,0,5,7,186,2,11,4,9,11,2,4,14,8,5,2,0,2,12,0
62,8,6,18,8,0,0,2,0,0,0,13,2,0,0,5,7,186,1,9,3,7,9,3,6,15,10,4,2,1,2,12,30
-29,7,6,16,9,0,0,2,1,0,0,11,4,0,0,5,7,186,2,6,4,6,6,2,7,16,11,6,2,1,2,12,15
5,7,6,20,8,0,0,2,1,0,0,7,8,0,0,5,7,186,2,6,4,6,6,3,7,15,10,5,2,1,1,12,45
17,4,4,16,8,0,2,3,1,0,0,7,8,0,0,5,7,186,2,2,2,2,2,6,11,16,13,5,2,2,2,12,15
-72,4,4,26,7,0,2,3,1,0,0,7,8,0,0,5,7,186,2,2,2,2,2,5,10,16,12,4,2,2,2,14,30
81,3,3,0,7,0,1,3,1,0,0,6,9,0,1,5,7,186,1,2,2,2,2,4,9,15,12,4,1,2,2,9,45
25,1,1,12,7,0,1,3,1,0,0,17,13,0,0,5,7,186,0,1,1,1,1,5,10,14,13,5,1,1,2,11,45
64,1,1,7,7,0,1,3,1,0,0,13,17,0,0,5,7,186,1,0,0,0,0,6,10,13,12,5,1,1,1,11,0
50,1,1,5,7,0,0,3,1,0,0,10,20,0,0,5,7,186,1,0,0,0,0,5,9,12,11,5,1,1,3,10,30
28,1,1,14,7,0,0,2,1,0,0,2,28,0,0,5,7,186,1,0,0,0,0,6,8,11,10,5,1,1,2,12,0
82,1,1,7,7,0,0,1,1,0,0,1,29,0,0,5,7,186,1,0,0,0,0,5,7,10,9,4,0,1,1,11,0
42,0,0,7,6,0,0,1,1,0,0,2,13,0,0,5,7,186,0,0,0,0,0,5,7,9,9,4,0,0,1,11,0
73,0,0,3,6,0,0,1,0,0,0,14,1,0,0,5,7,186,0,0,0,0,0,5,7,8,8,3,0,0,2,10,15
30,0,0,11,5,0,0,1,0,0,0,8,7,0,0,5,7,186,0,0,0,0,0,4,6,7,7,3,0,0,2,11,30
62,0,0,5,4,0,0,1,0,0,0,4,11,0,0,5,7,186,0,0,0,0,0,3,6,6,6,3,0,0,3,10,30
12,0,0,18,3,0,0,1,0,0,0,13,2,0,0,5,7,186,0,0,0,0,0,2,5,5,5,2,0,0,2,12,30
-35,0,0,12,2,0,0,1,0,0,0,0,1,0,0,5,7,186,0,0,0,0,0,3,4,4,4,2,0,0,2,11,45
36,0,0,3,1,0,0,1,0,0,0,0,22,0,0,5,7,186,0,0,0,0,0,3,3,3,3,2,0,0,2,10,15
65,0,0,1,1,0,0,0,0,0,0,0,30,0,0,5,7,186,0,0,0,0,0,2,2,2,2,1,0,0,2,10,0
20,0,0,1,0,0,0,0,0,0,0,0,38,0,0,5,7,186,0,0,0,0,0,1,1,1,1,0,0,0,2,10,0
64,27,1,44,0,0,0,0,0,0,0,28,0,0,0,3,7,184,0,46,1,1,10,2,2,5,1,0,7,0,1,17,0
14,26,1,46,0,0,0,0,0,0,0,3,0,1,0,3,7,184,0,45,0,5,10,1,1,5,1,0,7,0,1,17,30
12,24,2,40,2,0,2,0,0,0,0,0,15,0,0,3,7,184,2,40,4,5,11,3,4,10,3,2,6,3,2,16,30
16,23,1,39,3,0,1,0,0,0,0,1,14,0,0,3,7,184,2,39,3,5,10,2,4,9,3,2,5,2,2,16,15
-13,23,1,42,4,0,0,0,0,0,0,12,3,0,0,3,7,184,2,38,3,5,10,1,4,9,3,3,4,2,2,16,45
-18,22,2,40,6,0,0,0,0,0,0,4,11,0,0,3,7,184,3,35,2,5,8,3,6,10,4,2,4,2,2,16,30
227,22,2,23,5,0,0,0,0,0,0,11,4,0,0,3,7,184,3,35,4,6,9,2,6,10,3,1,4,2,2,12,30
0,22,3,38,5,0,0,0,0,0,0,14,1,0,0,3,7,184,2,34,4,5,8,2,6,9,4,1,3,2,1,16,0
3,21,2,32,6,0,1,0,0,0,0,10,5,0,0,3,7,184,3,31,2,3,6,4,6,10,5,3,3,1,1,15,0
-8,20,1,37,6,0,1,0,0,0,0,13,2,0,0,3,7,184,3,30,2,3,7,4,6,11,5,2,2,2,1,15,45
-6,20,1,35,5,0,1,0,0,0,0,8,7,0,0,3,7,184,2,30,2,3,7,3,5,10,5,2,2,1,1,15,30
-81,20,1,42,4,0,1,0,0,0,0,2,13,0,0,3,7,184,1,30,2,3,7,3,4,10,5,3,2,1,2,16,45
23,19,1,30,5,0,0,0,0,0,0,60,15,0,0,3,7,184,0,29,2,3,8,3,4,11,6,3,2,1,1,14,30
-27,19,1,32,5,0,0,0,0,0,0,53,22,0,0,3,7,184,1,28,1,2,8,2,3,10,5,3,2,1,1,15,0
-10,19,2,34,4,0,0,0,1,0,0,31,44,0,0,3,7,184,1,27,1,4,8,2,5,11,5,2,1,2,2,15,15
-141,18,1,44,3,0,0,0,1,0,0,14,61,0,0,3,7,184,0,27,2,4,11,2,6,11,5,2,1,1,1,17,0
-71,18,2,35,3,0,0,1,1,0,0,1,14,0,0,3,7,184,2,25,2,6,14,5,7,11,4,2,0,1,1,15,30
45,17,2,25,3,0,0,1,0,0,0,13,2,0,0,3,7,184,1,25,2,6,14,4,6,10,4,2,0,0,2,12,45
-49,17,2,31,3,0,0,1,0,0,0,5,10,0,0,3,7,184,2,24,3,5,15,3,7,9,3,1,0,0,2,14,45
67,17,2,29,3,0,0,1,0,0,0,13,2,0,0,3,7,184,2,23,2,5,14,4,6,9,3,1,0,0,1,13,15
-14,17,2,27,2,0,0,1,0,0,0,3,12,0,0,3,7,184,1,23,4,6,15,3,6,8,3,1,0,0,1,13,0
45,17,3,22,3,0,0,0,0,0,1,5,10,0,0,3,7,184,2,21,2,6,14,4,6,11,3,1,0,0,2,12,15
-4,17,3,25,2,0,0,0,0,0,1,3,12,0,0,3,7,184,2,21,2,7,14,3,5,10,2,0,0,0,2,12,45
12,15,5,20,4,0,0,0,0,0,0,9,6,0,0,3,7,184,0,19,3,9,16,4,4,11,5,2,0,0,1,12,0
-25,15,6,23,3,0,0,0,0,0,0,6,9,0,0,3,7,184,0,19,4,10,16,3,3,10,4,2,0,0,2,12,30
-1,15,7,20,3,0,0,0,0,0,0,12,3,0,0,3,7,184,1,18,5,9,15,2,3,9,3,2,0,0,1,12,0
-34,14,8,27,3,0,0,1,0,0,0,9,6,0,0,3,7,184,1,16,6,9,14,1,4,11,4,1,0,0,1,13,0
15,8,3,19,8,0,0,2,0,0,0,0,15,0,0,3,7,184,1,9,3,6,9,5,7,16,10,4,0,0,2,11,45
16,8,5,16,8,0,0,2,0,0,0,2,13,0,0,3,7,184,2,8,3,6,8,5,8,16,9,3,0,0,2,11,15
13,6,4,15,7,0,0,3,0,0,0,9,6,0,0,3,7,184,1,7,4,5,7,5,8,16,10,3,0,0,1,11,0
-10,6,4,17,7,0,0,2,0,0,0,6,9,0,0,3,7,184,1,7,4,6,7,4,8,15,9,2,0,0,1,11,30
35,6,4,11,6,0,0,2,0,0,0,5,10,0,0,3,7,184,1,7,4,6,7,3,7,14,8,1,0,0,2,10,30
44,6,5,9,5,0,1,2,0,0,0,12,3,0,0,3,7,184,2,6,3,6,6,2,7,13,7,1,0,0,2,10,15
-3,5,5,17,4,0,1,2,0,0,1,13,2,0,0,3,7,184,1,5,3,5,5,3,7,12,8,1,0,0,1,11,30
-9,4,4,9,7,0,0,2,0,0,1,6,9,0,0,3,7,184,2,2,2,2,2,5,10,13,9,1,0,0,2,10,15
17,4,4,11,6,0,0,2,0,0,1,2,13,0,0,3,7,184,2,2,2,2,2,4,9,12,8,1,0,0,2,10,30
26,3,3,13,5,0,0,2,0,0,1,12,3,0,0,3,7,184,1,2,2,2,2,4,9,11,8,1,0,0,1,10,45
41,2,2,5,5,0,1,1,0,0,1,8,7,0,0,3,7,184,1,1,1,1,1,4,8,10,8,1,0,0,2,9,45
68,2,2,5,4,0,1,1,0,0,1,0,15,0,0,3,7,184,1,1,1,1,1,5,7,9,7,1,0,0,2,9,45
14,1,1,3,3,0,1,1,0,0,2,0,15,0,0,3,7,184,1,0,0,0,0,6,6,8,7,0,0,0,2,9,30
10,0,0,2,2,0,1,1,0,0,2,11,4,0,0,3,7,184,0,0,0,0,0,5,5,7,7,0,0,0,2,9,15
27,0,0,7,1,0,1,1,0,0,2,3,12,0,0,3,7,184,0,0,0,0,0,4,5,6,6,0,0,0,2,10,0
13,0,0,1,1,0,0,1,0,0,2,0,15,0,0,3,7,184,0,0,0,0,0,3,4,5,5,0,0,0,1,9,0
2,0,0,7,1,0,0,0,0,0,2,0,1,0,0,3,7,184,0,0,0,0,0,2,3,4,4,0,0,0,2,10,0
-50,0,0,13,1,0,0,0,0,0,1,0,14,0,0,3,7,184,0,0,0,0,0,1,3,3,3,0,0,0,1,10,45
2,0,0,3,0,0,0,0,0,0,1,0,53,0,0,3,7,184,0,0,0,0,0,2,2,2,2,0,0,0,2,9,30
15,0,0,0,0,0,0,0,0,0,0,0,68,0,1,3,7,184,0,0,0,0,0,1,1,1,1,0,0,0,1,8,45
33,36,8,50,3,0,0,3,0,0,0,7,8,0,0,2,7,183,2,47,2,8,12,2,3,12,5,4,5,0,2,17,0
13,36,9,53,4,0,0,2,0,0,0,9,6,1,0,2,7,183,2,46,4,7,11,1,4,13,5,3,5,1,1,17,30
42,29,4,48,10,0,0,2,0,0,0,11,4,0,0,2,7,183,2,39,3,4,8,5,8,18,11,3,5,2,1,16,45
28,28,3,42,9,0,0,1,0,0,0,6,9,0,0,2,7,183,1,39,3,4,8,4,9,17,11,3,4,3,2,16,0
-10,28,3,51,9,0,0,1,0,0,0,6,9,0,0,2,7,183,1,39,3,4,8,4,9,17,11,3,4,3,1,17,15
50,27,3,40,8,0,1,1,0,0,0,8,7,0,0,2,7,183,1,38,2,3,7,5,9,16,10,4,4,2,2,15,45
7,27,3,44,8,0,1,1,0,0,0,5,10,0,0,2,7,183,2,37,2,2,6,4,8,16,9,4,4,2,2,16,15
-13,26,2,42,9,0,0,1,0,0,0,14,1,0,0,2,7,183,1,36,1,3,7,7,9,16,10,5,3,2,2,16,0
32,26,2,38,8,0,0,1,0,0,0,10,5,0,0,2,7,183,1,36,1,4,7,6,9,15,9,4,3,1,2,15,30
44,25,2,46,8,0,0,0,0,0,0,8,7,0,0,2,7,183,0,36,1,4,7,5,8,14,9,3,3,1,2,16,30
70,25,2,46,8,0,0,0,0,0,0,10,5,0,0,2,7,183,1,35,1,4,8,6,10,13,8,2,3,2,2,16,30
35,25,2,44,7,0,0,0,0,0,0,9,6,0,0,2,7,183,1,35,1,4,8,5,9,12,7,1,2,2,2,16,15
40,25,3,35,6,0,0,0,0,0,0,3,12,0,0,2,7,183,1,35,2,4,9,4,8,11,6,1,2,1,1,15,0
54,25,3,38,5,0,0,0,0,0,0,2,13,0,0,2,7,183,1,35,2,4,9,3,7,10,5,0,2,1,2,15,30
96,24,2,35,4,0,0,0,0,0,0,3,12,0,0,2,7,183,0,35,4,4,13,4,8,9,5,0,2,1,1,15,0
88,24,2,33,3,0,0,1,0,0,0,3,12,0,0,2,7,183,1,34,3,3,12,3,7,8,4,0,2,1,2,14,45
26,24,3,40,3,0,0,1,0,0,0,12,3,0,0,2,7,183,1,33,2,4,13,4,7,7,4,1,2,1,2,15,45
-7,23,2,33,4,0,0,1,0,0,0,3,12,0,0,2,7,183,2,31,0,3,13,5,6,7,4,1,2,1,2,14,45
27,23,2,32,3,0,0,1,0,0,0,2,13,0,0,2,7,183,1,31,0,3,13,4,5,6,4,0,2,1,2,14,30
-177,23,2,51,3,0,0,0,0,0,0,0,15,0,0,2,7,183,1,31,1,3,13,4,4,5,3,0,1,1,1,17,15
8,22,4,31,2,0,0,0,0,0,0,41,4,0,0,2,7,183,0,31,2,7,15,3,3,7,3,0,1,0,1,14,15
4,22,4,30,1,0,0,0,0,0,0,37,8,0,0,2,7,183,0,31,3,7,16,2,2,7,2,0,1,0,1,14,0
8,22,6,37,0,0,0,0,0,0,0,31,14,0,0,2,7,183,0,30,3,9,17,1,1,7,1,0,1,0,2,15,15
14,15,5,25,6,0,1,3,1,0,1,3,12,0,0,2,7,183,2,18,4,5,12,5,9,12,11,5,1,1,2,12,45
9,15,5,27,6,0,1,3,0,0,1,12,3,0,0,2,7,183,2,18,4,5,14,5,8,11,10,4,1,1,1,13,0
1,14,4,27,5,0,1,3,0,0,1,10,5,0,0,2,7,183,1,18,4,5,14,4,7,10,10,4,1,1,1,13,0
-3,13,4,29,6,0,1,3,0,0,1,11,4,0,0,2,7,183,2,16,3,5,14,5,7,15,10,5,1,1,1,13,15
-12,13,4,25,5,0,1,3,0,0,1,11,4,0,0,2,7,183,1,16,3,5,14,4,6,14,10,6,1,1,2,12,45
33,12,4,22,6,0,0,4,0,0,1,3,12,0,0,2,7,183,2,14,1,5,13,4,5,15,10,6,1,1,2,12,15
41,11,5,17,7,0,0,4,0,0,0,4,11,0,0,2,7,183,2,13,1,7,12,4,4,16,10,6,1,1,2,11,30
58,11,5,23,6,0,0,4,0,0,0,14,1,0,0,2,7,183,2,13,1,7,13,3,4,16,9,5,1,1,2,12,30
-5,10,5,23,6,0,0,3,0,0,0,5,10,0,0,2,7,183,1,13,3,7,13,2,4,17,9,6,0,1,2,12,30
81,10,7,17,6,0,0,3,0,0,0,6,9,0,0,2,7,183,2,12,5,8,12,1,3,17,8,5,0,0,2,11,30
48,6,6,19,9,0,0,4,1,0,0,1,14,0,0,2,7,183,2,6,2,6,6,6,12,19,13,8,0,0,1,11,45
51,6,6,14,9,0,0,3,1,0,0,12,3,0,0,2,7,183,2,6,3,6,6,7,12,18,12,8,0,0,2,11,0
-20,3,3,15,10,0,0,3,1,0,0,5,10,0,0,2,7,183,1,4,3,4,4,9,14,19,14,10,0,0,2,11,15
-262,3,3,48,9,0,0,3,1,0,0,3,12,0,0,2,7,183,0,4,3,4,4,9,13,18,14,10,0,0,1,16,45
20,3,3,19,9,0,0,2,1,0,0,3,12,0,0,2,7,183,0,4,3,4,4,8,12,17,13,9,0,0,1,11,45
83,3,3,6,9,0,0,1,1,0,0,2,13,0,0,2,7,183,0,4,4,4,4,7,11,16,12,8,0,0,2,10,0
5,3,3,12,10,0,0,0,1,0,0,14,1,0,0,2,7,183,1,3,3,3,3,7,11,15,11,7,0,0,1,10,45
-4,3,3,21,9,0,0,0,1,0,0,13,2,0,0,2,7,183,1,3,3,3,3,6,10,14,10,6,0,0,1,12,0
16,3,3,10,8,0,0,0,2,0,0,10,5,0,0,2,7,183,2,2,2,2,2,5,10,13,9,5,0,0,2,10,30
25,2,2,15,8,0,0,0,2,0,0,3,12,0,0,2,7,183,2,1,1,1,1,6,9,12,9,6,0,0,2,11,15
4,2,2,8,7,0,0,0,2,0,0,10,5,0,0,2,7,183,2,1,1,1,1,6,9,11,8,5,0,0,2,10,15
24,1,1,6,7,0,0,0,1,0,0,4,11,0,0,2,7,183,1,1,1,1,1,5,8,10,8,5,0,0,2,10,0
-6,0,0,12,6,0,0,1,1,0,0,0,15,0,0,2,7,183,1,0,0,0,0,5,7,9,8,4,0,0,1,10,45
24,0,0,4,5,0,0,1,1,0,0,7,8,0,0,2,7,183,1,0,0,0,0,5,7,8,7,3,0,0,2,9,45
11,0,0,10,4,0,0,1,1,0,0,5,10,0,0,2,7,183,1,0,0,0,0,4,6,7,6,3,0,0,2,10,30
78,0,0,4,3,0,0,1,1,0,0,13,2,0,0,2,7,183,0,0,0,0,0,4,6,6,6,4,0,0,2,9,45
22,0,0,2,2,0,0,1,1,0,0,1,14,0,0,2,7,183,0,0,0,0,0,3,5,5,5,3,0,0,2,9,30
-10,0,0,2,2,0,0,0,1,0,0,0,2,0,0,2,7,183,0,0,0,0,0,2,4,4,4,2,0,0,2,9,30
-11,0,0,8,1,0,0,0,1,0,0,0,17,0,0,2,7,183,0,0,0,0,0,3,3,3,3,1,0,0,2,10,15
33,0,0,0,1,0,0,0,0,0,0,0,34,0,1,2,7,183,0,0,0,0,0,2,2,2,2,1,0,0,1,9,0
25,0,0,1,0,0,0,0,0,0,0,0,41,0,0,2,7,183,0,0,0,0,0,1,1,1,1,1,0,0,2,9,15
17,27,4,44,0,0,0,2,0,0,0,23,7,1,0,6,6,180,1,42,3,4,8,2,2,8,2,1,5,0,1,17,30
41,25,2,43,1,0,0,2,0,0,0,11,4,0,0,6,6,180,1,40,2,4,9,1,3,7,3,2,5,0,1,17,0
12,23,3,41,2,0,0,3,1,0,0,10,20,0,0,6,6,180,2,36,1,4,7,4,6,10,5,1,5,0,1,16,45
74,23,3,38,2,0,0,2,1,0,0,12,3,0,0,6,6,180,1,36,2,5,8,4,5,9,5,1,5,0,2,16,0
-24,22,2,39,3,0,0,2,0,0,0,3,12,0,0,6,6,180,1,35,2,5,7,4,4,9,5,2,5,0,2,16,30
59,22,2,37,2,0,0,2,0,0,0,2,13,0,0,6,6,180,1,35,2,5,7,3,3,8,4,1,5,0,1,15,45
10,21,2,41,3,0,0,1,0,0,0,13,2,0,0,6,6,180,1,34,3,5,8,2,5,7,4,2,5,2,1,16,45
-7,20,1,39,2,0,0,1,0,0,0,10,5,0,0,6,6,180,0,34,3,5,8,1,4,6,4,2,5,2,2,16,30
-5,19,2,32,4,0,1,1,0,0,0,70,5,0,0,6,6,180,1,30,1,3,9,4,5,8,6,4,5,3,1,15,0
-19,19,2,35,5,0,0,1,0,0,0,66,9,0,0,6,6,180,1,29,0,2,8,3,4,8,6,3,4,3,1,15,30
12,19,2,34,4,0,0,1,0,0,0,62,13,0,0,6,6,180,1,29,1,2,8,2,3,7,5,2,3,2,2,15,15
25,18,3,35,4,0,0,0,0,0,0,43,32,0,0,6,6,180,0,29,2,3,9,2,2,7,5,2,2,1,1,15,30
33,18,4,32,3,0,0,1,0,0,0,23,52,0,0,6,6,180,1,28,2,5,11,1,2,9,4,1,2,0,1,15,0
2,14,3,30,5,0,1,2,0,0,0,11,4,0,0,6,6,180,2,23,3,6,9,4,8,12,7,2,2,0,2,14,45
-6,14,3,30,6,0,1,2,0,0,0,0,15,0,0,6,6,180,3,21,1,5,9,4,8,13,7,2,2,1,2,14,45
50,13,2,29,5,0,1,2,0,0,0,14,1,0,0,6,6,180,2,21,1,5,10,3,7,12,7,3,2,1,2,13,30
-5,13,3,26,5,0,1,1,0,0,0,8,7,0,0,6,6,180,2,21,2,5,10,4,6,11,6,3,2,1,1,13,0
48,12,4,26,6,0,1,0,0,0,0,5,10,0,0,6,6,180,1,20,3,6,12,4,7,14,7,5,2,1,1,13,0
14,12,4,22,6,0,1,0,0,0,0,9,6,0,0,6,6,180,1,19,3,5,13,4,6,14,7,5,2,1,2,12,30
2,12,4,28,5,0,1,0,0,0,0,9,6,0,0,6,6,180,1,19,3,5,13,3,5,13,6,4,2,1,1,13,15
21,11,3,21,6,0,1,0,0,0,0,29,1,0,0,6,6,180,2,17,3,3,13,3,4,13,6,4,2,1,2,12,15
-11,11,3,24,6,0,1,0,0,0,0,16,14,0,0,6,6,180,2,16,2,4,14,3,6,13,6,4,1,2,2,12,45
57,9,2,19,6,0,2,0,0,0,0,3,27,0,0,6,6,180,2,14,0,5,12,2,7,15,7,4,1,1,1,12,0
42,8,1,24,5,0,2,0,0,0,0,7,8,0,0,6,6,180,0,14,2,6,13,3,8,16,8,4,1,1,2,12,45
-18,8,6,22,4,0,2,0,0,0,0,26,4,0,0,6,6,180,0,14,5,10,14,7,9,18,7,3,1,1,2,12,30
8,8,6,17,4,0,2,0,0,0,0,23,7,0,0,6,6,180,1,13,5,11,13,6,8,17,6,3,1,1,2,11,30
-7,8,6,17,5,0,1,0,0,0,0,18,12,0,0,6,6,180,2,12,4,10,12,5,7,16,5,2,0,1,2,11,30
25,7,6,13,7,0,0,0,1,0,0,5,25,0,0,6,6,180,2,9,4,7,9,5,9,15,7,4,0,0,2,11,0
-11,7,6,19,6,0,0,0,1,0,0,3,27,0,0,6,6,180,2,9,5,7,9,4,9,14,6,3,0,0,1,12,0
-28,7,6,15,5,0,0,0,1,0,0,2,28,0,0,6,6,180,2,9,5,7,9,3,8,14,5,2,0,0,2,11,15
-17,7,6,13,4,0,0,0,1,0,0,13,2,0,0,6,6,180,2,9,5,7,9,3,8,13,4,2,0,0,2,11,0
48,5,4,15,4,0,1,0,1,0,0,13,2,0,0,6,6,180,2,7,5,7,7,3,10,13,5,2,0,0,2,11,15
9,4,4,11,6,0,1,0,1,0,0,2,13,0,0,6,6,180,3,4,2,4,4,5,9,13,6,3,0,0,2,10,30
12,2,2,7,8,0,0,0,1,0,0,3,12,0,0,6,6,180,2,2,1,2,2,6,9,12,8,4,0,0,2,10,0
31,1,1,3,7,0,0,0,1,0,0,10,5,0,0,6,6,180,1,2,2,2,2,7,8,11,8,4,0,0,2,9,30
-6,1,1,9,6,0,0,0,1,0,0,6,9,0,0,6,6,180,0,2,2,2,2,6,7,10,8,3,0,0,2,10,15
21,1,1,7,5,0,0,0,1,0,0,3,12,0,0,6,6,180,0,2,2,2,2,5,6,9,7,2,0,0,2,10,0
-6,1,1,5,4,0,0,0,1,0,0,13,2,0,0,6,6,180,0,2,2,2,2,5,6,8,6,2,0,0,2,9,45
66,1,1,11,3,0,0,0,1,0,0,10,5,0,0,6,6,180,0,2,2,2,2,4,5,7,5,2,0,0,2,10,30
46,1,1,3,4,0,0,0,0,0,1,2,13,0,0,6,6,180,2,0,0,0,0,3,5,6,4,2,0,0,2,9,30
-20,1,1,9,3,0,0,0,0,0,1,1,14,0,0,6,6,180,2,0,0,0,0,2,4,5,3,1,0,0,2,10,15
33,0,0,1,2,0,0,0,0,0,1,0,15,0,0,6,6,180,0,0,0,0,0,2,4,4,4,0,0,0,2,9,15
3,0,0,0,1,0,0,0,0,0,1,0,27,0,1,6,6,180,0,0,0,0,0,3,3,3,3,0,0,0,2,9,0
15,0,0,5,0,0,0,0,0,0,1,0,38,0,0,6,6,180,0,0,0,0,0,2,2,2,2,0,0,0,2,9,45
-2,0,0,1,0,0,0,0,0,0,0,0,57,0,0,6,6,180,0,0,0,0,0,1,1,1,1,0,0,0,2,9,15
75,27,3,42,4,0,0,0,0,0,0,16,14,0,0,5,6,179,3,43,2,3,9,3,4,6,2,2,5,2,1,16,15
-22,25,3,47,4,0,0,1,0,0,0,11,4,1,0,5,6,179,2,41,1,3,8,3,4,5,4,2,5,2,1,17,30
23,25,4,45,3,0,0,1,0,0,0,6,9,0,0,5,6,179,2,41,1,5,8,2,4,5,3,1,4,2,1,17,0
15,24,3,44,2,0,0,1,0,0,0,10,5,0,0,5,6,179,1,41,2,5,9,1,3,5,3,1,3,1,2,16,45
9,23,4,45,3,0,0,2,0,0,0,3,12,0,0,5,6,179,3,38,2,4,10,2,2,9,3,1,3,0,1,17,0
16,22,3,43,4,0,0,1,0,0,0,11,4,0,0,5,6,179,3,37,2,4,10,1,1,9,3,1,3,0,1,16,30
25,19,1,35,6,0,0,2,0,0,0,10,5,0,0,5,6,179,2,33,3,6,12,4,8,13,7,3,2,2,3,15,30
16,19,1,40,6,0,0,1,0,0,1,11,4,0,0,5,6,179,3,32,4,6,13,6,8,13,6,3,2,1,1,16,0
57,18,2,33,6,0,1,1,0,0,1,12,3,0,0,5,6,179,3,30,3,5,11,6,9,13,7,3,2,1,2,15,0
7,18,2,35,5,0,1,1,0,0,1,11,4,0,0,5,6,179,3,30,3,6,11,5,8,12,6,3,2,1,3,15,30
-61,18,2,40,4,0,1,1,0,0,1,9,6,0,0,5,6,179,3,30,3,6,11,4,7,11,5,2,1,1,1,16,0
-14,18,2,37,4,0,1,1,0,0,1,3,12,0,0,5,6,179,3,29,3,6,11,4,6,10,5,3,1,0,2,15,45
5,18,3,33,4,0,2,0,0,0,1,43,2,0,0,5,6,179,4,28,2,5,10,3,5,9,4,2,1,0,2,15,0
-83,18,6,37,4,0,1,0,0,0,1,29,16,0,0,5,6,179,2,28,3,6,10,4,5,12,5,2,1,0,2,15,45
-29,18,6,31,5,0,0,0,0,0,1,22,23,0,0,5,6,179,3,27,3,8,9,3,5,12,4,1,1,0,1,14,30
90,18,7,27,6,0,0,0,0,0,0,8,37,0,0,5,6,179,4,26,3,7,10,2,5,12,3,0,1,0,1,13,0
-15,18,7,32,5,0,0,0,0,0,0,8,37,0,0,5,6,179,4,26,3,7,10,1,4,11,2,0,1,0,2,14,45
-16,13,5,30,8,0,0,0,0,0,0,3,12,0,0,5,6,179,3,22,3,4,10,3,5,12,6,3,1,0,1,14,15
0,12,4,28,7,0,0,0,0,0,0,13,2,0,0,5,6,179,2,22,3,4,10,3,7,12,6,3,1,0,1,13,15
4,11,3,25,8,0,0,1,0,0,0,12,3,0,0,5,6,179,4,19,1,2,10,2,8,12,6,3,1,0,1,12,45
51,10,3,25,7,0,0,1,0,0,0,14,1,0,0,5,6,179,2,19,1,5,12,5,8,12,7,3,1,0,1,12,45
-60,9,4,29,7,0,0,1,0,0,0,11,4,0,0,5,6,179,2,18,1,6,12,6,8,11,7,3,1,1,1,13,30
71,8,3,20,6,0,0,1,0,0,0,1,14,0,0,5,6,179,0,18,4,6,14,6,7,11,8,5,1,1,1,12,0
9,8,3,20,5,0,0,1,0,0,0,0,15,0,0,5,6,179,0,18,4,6,14,5,7,11,7,4,1,1,1,12,0
3,8,3,22,4,0,0,1,0,0,0,14,1,0,0,5,6,179,0,18,4,6,14,4,6,10,6,3,1,1,2,12,15
57,8,3,23,3,0,0,1,0,0,0,11,4,0,0,5,6,179,0,18,4,6,14,3,5,9,5,3,1,1,2,12,30
124,8,3,12,3,0,0,1,0,0,0,13,2,0,0,5,6,179,1,17,5,8,13,3,5,9,4,2,1,1,2,11,0
105,7,4,15,3,0,0,2,0,0,0,3,12,0,0,5,6,179,2,15,3,7,13,2,5,11,4,3,1,1,1,11,15
-220,5,2,37,5,0,0,2,0,0,0,3,12,0,0,5,6,179,3,12,3,5,11,3,4,12,5,4,0,1,2,15,45
1,5,3,23,4,0,0,2,0,0,0,0,15,0,0,5,6,179,2,12,5,8,12,3,4,14,5,4,0,0,2,12,30
10,5,3,15,5,0,0,2,0,0,0,8,7,0,0,5,6,179,2,10,3,6,10,2,4,15,6,5,0,0,1,11,15
34,5,4,12,4,0,1,2,0,0,0,11,4,0,0,5,6,179,3,9,3,5,9,1,4,16,5,4,0,0,2,11,0
21,2,2,12,7,0,1,2,0,0,0,3,12,0,0,5,6,179,2,5,3,5,5,6,11,15,9,6,0,0,2,11,0
25,2,2,7,7,0,1,2,0,0,0,0,15,0,0,5,6,179,3,4,2,4,4,6,10,14,8,6,0,0,2,10,15
8,2,2,9,6,0,1,2,0,0,0,7,8,0,0,5,6,179,3,4,3,4,4,5,11,14,7,5,0,0,1,10,30
-36,1,1,18,6,0,1,1,0,0,0,11,4,0,0,5,6,179,1,4,3,4,4,7,12,13,8,7,0,0,2,11,45
-11,1,1,7,6,0,1,1,0,0,0,10,5,0,0,5,6,179,2,3,2,3,3,6,11,12,7,6,0,0,2,10,15
-47,1,1,18,6,0,1,1,0,0,0,5,10,0,0,5,6,179,3,2,2,2,2,6,10,11,6,5,0,0,2,11,45
-13,1,1,9,5,0,1,1,0,0,0,0,15,0,0,5,6,179,2,2,2,2,2,5,9,10,6,5,0,0,1,10,30
31,0,0,4,6,0,1,0,0,0,0,3,12,0,0,5,6,179,1,1,1,1,1,6,8,9,7,5,0,0,2,9,45
-70,0,0,11,5,0,1,0,0,0,0,0,15,0,0,5,6,179,1,1,1,1,1,5,7,8,6,5,0,0,3,10,45
19,0,0,2,4,0,1,0,0,0,0,14,1,0,0,5,6,179,1,1,1,1,1,4,6,7,5,4,0,0,1,9,30
-16,0,0,5,3,0,1,0,0,0,0,8,7,0,0,5,6,179,0,1,1,1,1,5,5,6,5,4,0,0,2,10,0
-46,0,0,5,3,0,1,0,0,0,0,0,3,0,0,5,6,179,1,0,0,0,0,4,4,5,4,3,0,0,2,10,0
-6,0,0,2,2,0,1,0,0,0,0,0,4,0,0,5,6,179,1,0,0,0,0,3,3,4,3,2,0,0,1,9,30
6,0,0,1,2,0,0,0,0,0,0,0,17,0,0,5,6,179,0,0,0,0,0,2,3,3,3,2,0,0,2,9,15
-6,0,0,0,1,0,0,0,0,0,0,0,18,0,1,5,6,179,0,0,0,0,0,1,2,2,2,1,0,0,1,9,0
-35,0,0,17,0,0,0,0,0,0,0,0,65,0,0,5,6,179,0,0,0,0,0,1,1,1,1,1,0,0,2,11,30
21,34,6,45,2,0,3,2,0,0,0,11,4,0,0,4,6,178,2,43,3,6,10,4,7,14,6,0,4,2,2,16,45
-20,33,5,50,2,0,2,2,0,0,0,8,7,1,0,4,6,178,1,43,4,6,10,3,7,13,6,1,4,1,1,17,30
47,32,4,45,3,0,1,2,0,0,0,2,13,0,0,4,6,178,1,42,4,6,9,2,7,14,6,1,4,2,2,16,45
69,30,3,37,5,0,0,2,0,0,0,11,4,0,0,4,6,178,1,40,3,4,8,4,8,14,7,2,4,2,1,15,45
30,29,3,49,6,0,0,2,0,0,0,12,3,0,0,4,6,178,2,38,2,4,9,6,7,13,7,1,4,2,1,17,15
28,28,3,40,5,0,0,2,0,0,0,10,5,0,0,4,6,178,1,38,2,4,9,5,6,12,7,1,3,2,2,16,15
17,28,3,47,4,0,0,2,0,0,0,8,7,0,0,4,6,178,0,38,2,5,9,4,5,11,7,0,3,1,1,17,0
29,28,3,39,3,0,1,2,0,0,0,9,6,0,0,4,6,178,0,37,1,4,9,4,7,11,7,1,3,1,3,16,0
34,28,3,40,3,0,1,2,0,0,0,6,9,0,0,4,6,178,1,36,1,3,9,3,6,10,6,1,2,1,2,16,15
33,27,2,43,3,0,1,1,0,0,0,13,2,0,0,4,6,178,0,36,2,3,11,2,7,9,6,2,2,1,2,16,30
-64,27,2,47,3,0,0,1,0,0,0,12,3,0,0,4,6,178,0,36,3,4,13,4,7,8,5,2,2,1,1,17,0
16,25,0,35,3,0,2,1,0,0,0,6,9,0,0,4,6,178,1,33,0,4,11,6,6,8,6,3,2,1,2,15,30
9,25,0,40,2,0,2,1,0,0,0,5,10,0,0,4,6,178,1,33,1,5,11,5,5,7,5,2,2,1,2,16,15
-21,25,0,43,2,0,2,0,0,0,0,0,15,0,0,4,6,178,1,33,1,5,11,4,4,6,4,2,2,1,2,16,30
2,25,2,34,2,0,1,0,0,0,0,5,10,0,0,4,6,178,0,33,3,7,13,3,4,5,4,2,1,1,2,15,15
41,25,2,31,2,0,0,0,0,0,0,3,12,0,0,4,6,178,0,33,3,7,13,2,3,4,3,1,1,0,1,14,30
27,25,3,37,1,0,0,0,0,0,0,10,5,0,0,4,6,178,0,33,4,8,13,1,2,4,2,0,1,0,1,15,45
-31,25,8,35,4,0,0,1,0,0,0,27,18,0,0,4,6,178,2,28,5,6,13,1,2,7,4,2,1,0,2,15,30
-9,20,5,30,7,0,0,1,1,0,0,3,12,0,0,4,6,178,2,23,3,6,14,1,4,14,8,6,1,0,1,14,15
42,17,6,28,9,0,0,1,1,0,0,1,14,0,0,4,6,178,2,20,4,7,14,3,8,19,10,7,1,0,1,13,15
-36,15,7,33,9,0,0,1,1,0,1,11,4,0,0,4,6,178,1,18,3,9,14,4,10,19,12,8,1,1,1,15,0
45,15,8,18,8,0,0,1,1,0,1,9,6,0,0,4,6,178,1,18,3,9,14,5,10,18,11,8,1,1,2,12,0
20,14,7,29,9,0,0,1,1,0,1,13,2,0,0,4,6,178,2,16,3,7,12,5,10,19,11,8,1,1,1,13,30
31,13,7,26,8,0,0,1,1,0,1,8,7,0,0,4,6,178,1,16,3,7,14,5,10,18,11,8,1,1,1,13,0
75,12,6,20,9,0,0,0,1,0,1,10,5,0,0,4,6,178,1,15,6,7,13,6,11,17,11,7,1,1,2,12,15
41,12,6,22,9,0,0,0,0,0,1,9,6,0,0,4,6,178,1,15,6,7,13,6,11,16,10,6,1,1,2,12,30
32,11,5,24,8,0,0,0,1,0,1,5,10,0,0,4,6,178,1,14,5,7,13,5,11,16,10,5,1,1,2,12,45
15,10,5,24,8,0,0,0,1,0,1,11,4,0,0,4,6,178,1,13,4,8,12,6,11,17,10,4,1,1,2,12,45
47,8,3,14,11,0,0,1,1,0,0,14,1,0,0,4,6,178,3,9,1,5,8,7,11,18,11,5,0,1,2,11,30
-35,8,5,32,10,0,0,1,1,0,0,11,4,0,0,4,6,178,3,9,1,5,8,6,10,17,10,4,0,0,1,14,45
44,7,4,26,9,0,0,1,1,0,0,10,5,0,0,4,6,178,2,9,1,5,8,5,9,16,10,4,0,0,1,13,0
55,7,4,10,8,0,0,1,1,0,0,4,11,0,0,4,6,178,2,9,2,5,9,6,8,15,9,3,0,0,2,11,0
26,7,5,20,7,0,0,1,1,0,0,11,4,0,0,4,6,178,1,9,4,5,9,6,9,14,9,4,0,0,2,12,15
12,6,5,14,6,0,0,1,1,0,0,2,13,0,0,4,6,178,0,8,5,7,9,6,8,14,9,4,0,0,2,11,30
-1,6,5,22,6,0,0,1,1,0,0,1,14,0,0,4,6,178,1,8,4,6,8,5,7,13,8,4,0,0,2,12,30
12,6,5,18,5,0,0,1,1,0,0,9,6,0,0,4,6,178,1,8,4,6,8,4,6,12,7,3,0,0,2,12,0
21,6,5,12,5,0,0,1,1,0,0,7,8,0,0,4,6,178,1,7,3,5,7,3,5,12,7,3,0,0,2,11,15
8,6,5,16,4,0,0,1,1,0,0,1,14,0,0,4,6,178,1,7,3,6,7,4,6,11,6,3,0,0,2,11,45
-7,5,4,10,4,0,0,1,2,0,0,19,11,0,0,4,6,178,2,5,3,4,5,3,8,12,6,3,0,0,2,11,0
25,3,2,12,5,0,0,1,1,0,0,3,27,0,0,4,6,178,1,4,3,4,4,3,7,12,7,3,0,0,2,11,15
41,3,2,8,4,0,0,1,1,0,0,2,28,0,0,4,6,178,1,4,3,4,4,3,6,11,6,2,0,0,2,10,45
25,1,1,8,5,0,0,0,1,0,1,6,9,0,0,4,6,178,0,2,2,2,2,5,7,10,8,1,0,0,2,10,45
-8,1,1,7,4,0,0,1,1,0,1,2,13,0,0,4,6,178,1,1,1,1,1,4,6,9,7,1,0,0,2,10,15
-34,1,1,16,3,0,0,1,1,0,1,12,3,0,0,4,6,178,1,1,1,1,1,3,5,8,6,1,0,0,2,11,45
72,1,1,1,3,0,0,1,0,0,1,8,7,0,0,4,6,178,1,1,1,1,1,2,6,7,5,0,0,0,1,9,15
14,1,1,5,2,0,0,1,0,0,1,6,9,0,0,4,6,178,1,1,1,1,1,1,5,6,4,0,0,0,1,10,0
43,0,0,5,2,0,0,1,0,0,1,3,12,0,0,4,6,178,0,0,0,0,0,4,5,5,5,2,0,0,1,10,0
14,0,0,0,1,0,0,1,0,0,1,0,7,0,1,4,6,178,0,0,0,0,0,3,4,4,4,2,0,0,1,9,0
57,0,0,2,0,0,0,1,0,0,1,0,19,0,0,4,6,178,0,0,0,0,0,3,3,3,3,1,0,0,2,9,30
17,0,0,3,0,0,0,1,0,0,0,0,20,0,0,4,6,178,0,0,0,0,0,2,2,2,2,1,0,0,2,9,45
-13,0,0,3,0,0,0,0,0,0,0,0,42,0,0,4,6,178,0,0,0,0,0,1,1,1,1,1,0,0,2,9,45
1,32,3,50,6,0,0,1,0,0,0,0,15,0,0,3,6,177,5,44,2,5,9,1,3,9,3,1,6,0,1,17,15
10,29,2,45,9,0,0,2,0,0,0,8,7,0,0,3,6,177,4,39,2,4,10,6,8,14,8,2,6,1,2,16,30
40,29,3,46,8,0,0,2,0,0,0,1,14,0,0,3,6,177,4,39,2,4,10,5,7,13,7,2,6,1,2,16,45
-1,28,3,48,9,0,0,2,0,0,0,12,3,0,0,3,6,177,5,37,0,3,9,5,6,12,7,3,6,1,1,17,0
11,28,3,51,8,0,0,2,0,0,0,10,5,1,0,3,6,177,5,37,0,3,9,4,6,11,6,3,6,2,1,17,30
12,28,3,42,8,0,0,1,0,0,0,0,15,0,0,3,6,177,4,37,1,3,9,4,7,10,6,3,6,2,1,16,0
-17,27,2,48,8,0,0,0,0,0,0,10,5,0,0,3,6,177,3,37,1,5,9,3,8,9,6,2,6,3,1,17,0
-24,27,2,46,7,0,0,0,0,0,0,12,3,0,0,3,6,177,2,37,3,6,12,2,8,10,6,3,6,3,2,16,45
44,27,3,39,6,0,0,0,0,0,0,3,12,0,0,3,6,177,2,37,3,6,13,4,7,9,5,3,5,3,1,15,15
19,25,3,42,8,0,0,0,0,0,0,11,4,0,0,3,6,177,3,34,3,6,12,6,6,10,6,3,4,2,1,16,0
57,25,3,35,7,0,0,0,0,0,0,7,8,0,0,3,6,177,3,34,3,6,12,5,5,9,5,2,4,1,2,14,45
-13,25,3,41,6,0,0,0,0,0,0,5,10,0,0,3,6,177,3,34,3,6,12,4,4,8,4,2,4,1,2,15,45
19,25,5,35,5,0,0,0,0,0,0,14,1,0,0,3,6,177,2,34,3,6,12,3,3,7,4,1,4,1,2,14,45
-22,25,5,44,6,0,0,0,0,0,0,12,3,0,0,3,6,177,4,32,2,4,10,2,2,7,3,1,3,1,1,16,15
1,25,5,37,5,0,0,0,0,0,0,8,7,0,0,3,6,177,4,32,3,5,11,1,1,6,2,1,3,0,1,15,0
-14,20,7,37,7,0,1,1,1,0,0,7,23,0,0,3,6,177,3,26,2,5,12,4,5,14,8,1,3,0,1,15,0
-17,19,6,34,6,0,1,1,1,0,0,5,25,0,0,3,6,177,2,26,2,6,12,3,4,14,8,2,3,0,2,14,30
56,17,4,32,6,0,2,1,1,0,0,3,12,0,0,3,6,177,2,24,2,5,13,2,7,13,9,4,3,1,1,13,30
-57,17,5,40,5,0,2,1,1,0,0,13,2,0,0,3,6,177,2,24,2,5,14,2,6,12,8,4,3,1,1,15,30
61,14,4,28,6,0,2,1,1,0,0,13,2,0,0,3,6,177,1,22,3,6,16,5,9,17,10,5,3,3,2,12,45
12,13,4,33,8,0,2,0,1,0,0,1,14,0,0,3,6,177,2,20,3,6,15,6,10,18,10,6,3,3,1,14,0
88,13,5,26,8,0,2,0,1,0,0,9,6,0,0,3,6,177,2,19,3,6,15,6,9,17,10,6,3,3,1,12,30
21,13,5,31,7,0,2,0,1,0,0,8,7,0,0,3,6,177,2,19,3,8,15,6,8,16,9,6,3,3,1,13,15
47,13,5,23,7,0,1,0,1,0,0,7,8,0,0,3,6,177,2,19,3,8,15,5,7,16,8,5,2,3,2,12,15
28,12,5,29,7,0,0,0,1,0,0,11,4,0,0,3,6,177,1,19,3,9,15,5,6,20,8,5,1,2,1,13,0
75,12,7,26,7,0,1,0,0,0,0,6,9,0,0,3,6,177,2,18,4,8,14,5,6,19,7,4,1,1,1,12,30
46,12,7,21,7,0,1,0,0,0,0,1,14,0,0,3,6,177,2,17,3,8,14,4,6,18,7,4,0,1,3,12,0
-13,11,7,23,8,0,0,0,0,0,0,9,6,0,0,3,6,177,2,16,4,10,13,3,8,18,7,3,0,0,2,12,15
62,10,6,21,7,0,0,0,0,0,0,13,2,0,0,3,6,177,1,16,6,10,13,2,8,17,7,3,0,0,3,12,0
109,9,5,17,7,0,0,1,0,0,0,6,9,0,0,3,6,177,2,14,4,8,12,2,8,16,7,4,0,0,2,11,30
24,6,3,23,8,0,0,2,1,0,0,9,6,0,0,3,6,177,2,10,4,6,9,7,14,19,10,5,0,0,2,12,15
-30,5,3,29,7,0,0,2,1,0,0,5,10,0,0,3,6,177,1,10,4,6,9,6,13,18,10,5,0,0,1,13,0
46,5,3,17,7,0,0,2,2,0,0,14,1,0,0,3,6,177,3,8,3,5,8,6,12,17,9,4,0,0,2,11,30
38,5,3,15,7,0,0,2,2,0,0,11,4,0,0,3,6,177,4,7,3,4,7,5,11,16,8,4,0,0,2,11,15
9,4,2,19,6,0,0,3,2,0,0,9,6,0,0,3,6,177,4,6,2,3,6,4,11,15,8,4,0,0,2,11,45
53,4,3,12,5,0,0,3,2,0,0,2,13,0,0,3,6,177,3,6,2,3,6,7,10,16,8,4,0,0,2,10,45
86,4,3,6,4,0,0,3,2,0,0,10,5,0,0,3,6,177,3,6,2,3,6,8,9,16,7,3,0,0,2,10,0
48,4,3,10,3,0,1,3,2,0,0,3,12,0,0,3,6,177,4,5,2,3,5,7,9,15,6,3,0,0,1,10,30
39,3,2,10,3,0,1,3,2,0,0,8,7,0,0,3,6,177,3,4,1,2,4,7,10,14,7,5,0,0,1,10,30
-27,3,2,13,2,0,1,3,2,0,0,5,10,0,0,3,6,177,3,4,1,3,4,6,9,13,6,4,0,0,2,11,0
7,3,2,13,2,0,1,3,1,0,0,4,11,0,0,3,6,177,3,4,1,3,4,5,8,12,5,3,0,0,2,11,0
86,3,2,2,1,0,1,3,1,0,0,2,13,0,0,3,6,177,3,4,1,3,4,4,7,11,4,2,0,0,2,9,30
-16,3,2,19,1,0,1,2,1,0,0,14,1,0,0,3,6,177,3,4,1,3,4,3,6,10,3,2,0,0,2,11,45
-25,3,2,15,1,0,1,1,1,0,0,12,3,0,0,3,6,177,2,4,1,3,4,2,6,9,3,1,0,0,2,11,15
46,2,2,4,2,0,1,0,1,0,0,9,6,0,0,3,6,177,2,3,1,3,3,4,5,8,3,1,0,0,2,9,45
-1,1,1,8,3,0,0,0,1,0,0,3,12,0,0,3,6,177,2,2,1,2,2,4,7,7,3,0,0,0,2,10,15
3,1,1,4,2,0,0,0,1,0,0,2,13,0,0,3,6,177,2,2,1,2,2,3,6,6,2,0,0,0,2,9,45
9,1,1,6,1,0,0,0,1,0,0,1,14,0,0,3,6,177,2,2,2,2,2,2,5,5,1,0,0,0,2,10,0
-3,1,1,2,1,0,0,0,1,0,0,13,2,0,0,3,6,177,1,1,1,1,1,3,4,4,2,1,0,0,2,9,30
2,0,0,0,1,0,0,0,1,0,0,0,8,0,1,3,6,177,0,0,0,0,0,3,3,3,3,1,0,0,1,9,0
-50,0,0,8,1,0,0,0,0,0,0,0,9,0,0,3,6,177,0,0,0,0,0,2,2,2,2,1,0,0,2,10,15
-20,0,0,1,0,0,0,0,0,0,0,0,19,0,0,3,6,177,0,0,0,0,0,1,1,1,1,1,0,0,2,9,15
10,39,5,46,2,0,0,0,0,0,0,2,13,1,0,2,6,176,0,44,4,8,13,1,3,8,3,2,2,0,1,17,30
23,37,5,41,4,0,0,1,0,0,0,25,5,0,0,2,6,176,2,40,5,8,11,3,7,10,4,1,2,1,1,16,30
4,35,4,41,6,0,1,1,0,0,0,8,22,0,0,2,6,176,3,36,2,5,11,3,6,11,6,2,2,1,1,16,30
3,34,3,44,5,0,1,1,0,0,0,2,28,0,0,2,6,176,2,36,4,5,11,3,5,10,6,2,2,1,1,17,0
3,34,4,45,5,0,1,1,0,0,0,10,5,0,0,2,6,176,2,35,3,4,10,4,4,10,6,2,2,1,1,17,15
-25,32,3,43,4,0,1,1,0,0,1,5,10,0,0,2,6,176,0,33,3,5,10,3,5,10,8,3,2,1,1,16,45
-2,32,4,39,4,0,0,3,0,0,1,0,15,0,0,2,6,176,2,32,1,3,9,2,4,9,7,2,1,1,2,16,0
25,32,4,36,3,0,0,3,0,0,1,26,4,0,0,2,6,176,2,32,1,3,10,1,3,8,6,2,1,0,2,15,30
53,30,6,33,4,0,0,3,0,0,0,8,7,0,0,2,6,176,1,31,3,7,13,4,6,9,7,3,1,0,1,14,45
20,30,6,39,4,0,0,2,0,0,0,2,13,0,0,2,6,176,1,31,5,7,13,3,6,8,6,2,1,0,2,16,0
71,28,6,35,5,0,0,2,0,0,0,11,4,0,0,2,6,176,1,29,4,7,14,4,5,8,7,2,1,0,1,15,0
23,28,6,37,5,0,0,2,0,0,0,10,5,0,0,2,6,176,2,28,3,6,13,3,4,7,6,2,1,0,2,15,45
43,26,6,32,7,0,0,2,0,0,0,58,2,0,0,2,6,176,3,25,1,6,10,3,4,6,7,3,1,0,2,14,30
-3,24,6,37,6,0,0,2,0,0,0,42,18,0,0,2,6,176,1,25,3,7,11,2,4,5,8,3,1,0,2,15,45
16,24,6,33,6,0,0,2,0,0,0,37,23,0,0,2,6,176,2,24,3,6,11,2,3,5,7,2,1,0,1,14,45
31,22,6,31,7,0,0,3,0,0,0,7,53,0,0,2,6,176,3,21,3,6,13,2,3,11,8,3,1,1,1,14,15
81,18,4,28,9,0,0,3,0,0,0,0,15,0,0,2,6,176,2,18,2,3,11,2,2,15,11,4,1,1,1,13,0
166,17,5,13,11,0,0,2,0,0,0,4,11,0,0,2,6,176,3,16,1,5,12,1,5,18,11,4,0,1,2,11,15
14,14,7,19,12,0,1,2,0,0,0,11,4,0,0,2,6,176,2,13,3,6,13,7,15,22,14,4,0,0,1,12,0
51,14,9,23,11,0,1,2,0,0,0,0,15,0,0,2,6,176,2,13,5,9,13,9,15,21,13,4,0,0,2,12,30
48,12,7,17,12,0,1,2,0,0,0,5,10,0,0,2,6,176,2,11,4,7,11,9,15,20,14,5,0,0,3,11,45
68,12,7,30,11,0,1,2,0,0,0,4,11,0,0,2,6,176,2,11,4,7,11,8,14,19,13,5,0,0,1,13,15
73,11,6,26,11,0,1,2,0,0,0,1,14,0,0,2,6,176,2,10,3,6,10,9,13,20,13,4,0,0,2,12,45
95,11,6,28,10,0,1,2,0,0,0,14,1,0,0,2,6,176,2,10,3,6,10,8,12,19,12,3,0,0,1,13,0
-11,11,6,26,9,0,1,2,0,0,0,13,2,0,0,2,6,176,2,10,3,6,10,7,11,18,11,3,0,0,2,12,45
17,10,7,23,9,0,1,2,0,0,0,9,6,0,0,2,6,176,2,9,2,6,9,9,10,17,10,4,0,0,2,12,30
76,9,6,22,9,0,1,2,0,0,0,6,9,0,0,2,6,176,2,8,2,5,8,8,10,17,10,4,0,0,3,12,15
90,9,6,15,8,0,1,2,0,0,0,0,15,0,0,2,6,176,2,8,4,6,8,7,9,17,9,4,0,0,2,11,30
59,9,6,23,7,0,1,2,0,0,0,13,2,0,0,2,6,176,2,8,4,6,8,6,9,16,8,4,0,0,2,12,30
8,8,6,19,8,0,0,2,0,0,0,2,13,0,0,2,6,176,2,7,3,6,7,6,10,15,8,3,0,0,1,12,0
81,8,6,17,7,0,0,2,0,0,0,1,14,0,0,2,6,176,2,7,3,6,7,5,10,14,7,3,0,0,3,11,45
38,7,5,11,6,0,0,2,0,0,0,12,3,0,0,2,6,176,1,7,3,7,7,4,9,13,7,3,0,0,2,11,0
76,7,5,19,6,0,0,1,0,0,0,12,3,0,0,2,6,176,1,7,3,7,7,3,8,12,6,2,0,0,1,12,0
17,7,5,13,5,0,0,1,0,0,0,10,5,0,0,2,6,176,1,7,3,7,7,2,7,11,5,2,0,0,2,11,15
40,5,5,9,8,0,0,0,0,0,0,7,8,0,0,2,6,176,2,4,3,4,4,5,6,11,6,3,0,0,2,10,45
23,3,3,11,8,0,0,0,0,0,0,8,7,0,0,2,6,176,1,3,3,3,3,5,8,11,8,3,0,0,2,11,0
41,3,3,7,8,0,0,0,0,0,0,13,2,0,0,2,6,176,2,2,2,2,2,4,8,11,7,3,0,0,2,10,30
10,3,3,15,7,0,0,0,0,0,0,12,3,0,0,2,6,176,2,2,2,2,2,3,7,10,6,3,0,0,2,11,30
36,3,3,6,7,0,0,0,0,0,0,9,6,0,0,2,6,176,2,1,1,1,1,2,6,9,6,3,0,0,2,10,15
-18,2,2,7,6,0,0,0,0,0,0,2,13,0,0,2,6,176,1,1,1,1,1,3,5,8,6,3,0,0,2,10,30
13,0,0,9,5,0,0,1,0,0,0,3,12,0,0,2,6,176,0,0,0,0,0,4,5,7,7,5,0,0,2,10,45
9,0,0,2,5,0,0,0,0,0,0,2,13,0,0,2,6,176,0,0,0,0,0,3,4,6,6,4,0,0,2,9,45
46,0,0,4,4,0,0,0,0,0,0,0,6,0,0,2,6,176,0,0,0,0,0,2,4,5,5,3,0,0,1,10,0
39,0,0,2,3,0,0,0,0,0,0,0,12,0,0,2,6,176,0,0,0,0,0,1,4,4,4,3,0,0,2,9,45
25,0,0,4,2,0,0,0,0,0,0,0,49,0,0,2,6,176,0,0,0,0,0,3,3,3,3,3,0,0,1,10,0
33,0,0,0,1,0,0,0,0,0,0,0,58,0,1,2,6,176,0,0,0,0,0,2,2,2,2,2,0,0,2,9,30
24,0,0,0,0,0,0,0,0,0,0,0,67,0,1,2,6,176,0,0,0,0,0,1,1,1,1,1,0,0,2,9,30
35,39,2,50,2,0,0,1,0,0,0,27,3,0,0,6,6,173,3,49,1,4,12,1,3,7,1,1,5,2,1,17,0
40,37,3,47,3,0,0,1,1,0,0,10,5,0,0,6,6,173,2,46,2,8,15,3,5,10,4,2,4,2,2,16,45
-15,37,6,52,3,0,0,1,1,0,0,29,1,1,0,6,6,173,3,45,4,8,15,2,5,10,3,1,4,1,2,17,30
-1,35,4,50,3,0,0,1,1,0,0,15,15,0,0,6,6,173,1,44,5,9,14,3,4,10,5,2,4,1,1,17,0
-6,34,4,45,5,0,0,2,0,0,0,12,3,0,0,6,6,173,2,41,4,7,12,3,4,10,6,3,4,1,3,16,30
38,34,5,42,6,0,1,1,0,0,0,0,15,0,0,6,6,173,4,39,4,7,11,2,5,9,5,3,3,1,1,15,45
14,32,3,47,6,0,2,1,0,0,0,7,8,0,0,6,6,173,4,37,2,6,10,1,5,8,6,4,3,0,2,16,45
8,30,5,40,8,0,1,1,0,0,0,3,12,0,0,6,6,173,2,35,4,6,10,5,7,12,9,6,3,0,2,15,30
25,30,5,44,8,0,1,1,0,0,0,9,6,0,0,6,6,173,3,34,4,6,11,5,6,12,8,5,3,0,2,16,0
-21,30,5,45,7,0,1,1,0,0,0,8,7,0,0,6,6,173,3,34,4,6,11,4,5,11,7,4,3,0,3,16,30
40,29,4,37,8,0,1,1,0,0,0,0,15,0,0,6,6,173,4,32,2,4,9,3,4,10,7,5,3,0,1,15,0
32,29,5,40,8,0,1,1,0,0,0,6,9,0,0,6,6,173,4,31,2,4,9,3,3,11,7,5,3,0,2,15,30
30,27,4,37,9,0,0,1,0,0,0,10,5,0,0,6,6,173,3,30,2,4,11,2,2,10,8,5,3,0,1,15,0
5,26,5,36,8,0,0,1,1,0,0,10,5,0,0,6,6,173,3,29,1,4,12,1,4,12,8,6,3,2,2,14,45
49,22,7,31,9,0,0,3,0,0,0,4,11,0,0,6,6,173,1,26,3,8,17,6,8,18,12,7,3,3,1,13,15
-30,21,7,42,8,0,0,3,0,0,0,13,2,0,0,6,6,173,0,26,3,8,18,5,9,17,12,8,2,3,1,15,45
32,21,7,33,9,0,0,2,0,0,0,12,3,0,0,6,6,173,1,25,2,8,17,4,9,16,11,7,1,2,1,14,0
-33,21,8,39,8,0,0,2,0,0,0,8,7,0,0,6,6,173,1,25,3,9,17,4,8,15,10,6,0,1,2,15,15
-77,21,8,47,7,0,0,2,0,0,0,4,11,0,0,6,6,173,1,25,5,9,17,4,8,15,9,6,0,0,2,16,45
19,21,9,34,6,0,0,2,0,0,0,0,15,0,0,6,6,173,1,25,5,10,17,3,9,15,8,5,0,0,1,14,15
16,18,9,29,8,0,0,2,0,0,0,8,7,0,0,6,6,173,1,22,6,9,17,5,9,18,10,7,0,0,1,13,0
51,17,8,24,8,0,0,1,0,0,0,7,8,0,0,6,6,173,0,22,6,9,17,5,8,17,10,7,0,0,2,12,30
47,15,9,32,9,0,1,1,1,0,0,3,12,0,0,6,6,173,2,18,4,9,14,7,10,20,11,9,0,0,1,13,30
6,14,9,27,8,0,1,1,1,0,0,13,2,0,0,6,6,173,1,18,5,9,14,6,9,19,11,9,0,0,2,12,45
29,14,9,29,7,0,1,1,1,0,0,12,3,0,0,6,6,173,1,18,5,10,15,5,8,18,10,8,0,0,1,13,0
-34,13,8,35,6,0,2,2,1,0,0,7,8,0,0,6,6,173,2,16,3,8,13,4,7,17,10,9,0,0,1,14,30
159,13,9,24,5,0,2,2,1,0,0,4,11,0,0,6,6,173,2,16,5,8,14,4,7,18,9,8,0,0,2,12,30
29,13,9,24,4,0,2,2,1,0,0,3,12,0,0,6,6,173,2,16,5,8,14,3,6,17,8,7,0,0,2,12,30
38,11,8,20,3,0,2,2,3,0,0,13,2,0,0,6,6,173,2,14,5,7,12,2,9,17,9,8,0,0,2,12,0
54,9,7,27,4,0,3,2,3,0,0,5,10,0,0,6,6,173,3,11,3,6,9,4,10,18,10,9,0,0,2,12,45
0,6,5,22,6,0,3,2,2,0,0,10,5,0,0,6,6,173,2,9,3,4,8,7,11,17,12,8,0,0,3,12,15
15,6,5,18,6,0,2,2,2,0,0,6,9,0,0,6,6,173,2,9,3,5,8,6,10,17,11,7,0,0,2,11,45
101,5,5,8,7,0,1,2,2,0,0,6,9,0,0,6,6,173,2,8,3,6,7,6,10,17,11,6,0,0,2,10,30
39,4,4,18,6,0,1,2,2,0,0,0,15,0,0,6,6,173,1,8,3,6,7,7,12,17,11,5,0,0,2,11,45
18,4,4,14,5,0,1,2,2,0,0,0,15,0,0,6,6,173,1,8,3,6,7,7,11,16,10,4,0,0,2,11,15
26,3,3,20,4,0,1,2,2,0,0,14,1,0,0,6,6,173,0,8,3,6,7,6,10,15,10,5,0,0,2,12,0
4,3,3,16,4,0,1,2,2,0,0,13,2,0,0,6,6,173,1,7,2,5,6,5,9,14,9,4,0,0,2,11,30
42,2,2,12,5,0,1,2,2,0,0,1,14,0,0,6,6,173,1,5,1,3,5,5,9,14,10,6,0,0,2,11,0
24,2,2,22,4,0,1,2,2,0,0,6,9,0,0,6,6,173,1,5,3,3,5,4,9,13,9,5,0,0,3,12,15
46,2,2,12,4,0,1,2,1,0,0,2,13,0,0,6,6,173,1,5,3,3,5,5,8,12,8,4,0,0,2,11,0
-20,2,2,14,4,0,0,2,1,0,0,0,15,0,0,6,6,173,1,5,3,4,5,5,7,12,7,3,0,0,2,11,15
34,1,1,8,4,0,0,2,1,0,0,6,9,0,0,6,6,173,1,4,2,3,4,4,7,11,7,3,0,0,2,10,30
31,0,0,16,4,0,1,1,1,0,1,6,9,0,0,6,6,173,2,2,0,1,2,5,7,11,7,4,0,0,2,11,30
92,0,0,3,3,0,1,1,1,0,1,4,11,0,0,6,6,173,2,2,0,1,2,4,7,10,6,4,0,0,2,9,45
15,0,0,10,2,0,1,1,1,0,1,0,15,0,0,6,6,173,2,2,1,1,2,3,6,9,5,4,0,0,2,10,45
15,0,0,6,2,0,1,1,0,0,1,4,11,0,0,6,6,173,0,2,1,2,2,3,6,8,6,3,0,0,2,10,15
-2,0,0,4,2,0,0,1,0,0,1,11,4,0,0,6,6,173,0,2,1,2,2,3,5,7,5,2,0,0,2,10,0
78,0,0,1,2,0,0,1,0,0,1,24,6,0,0,6,6,173,0,1,1,1,1,4,5,6,5,2,0,0,1,9,30
11,0,0,4,1,0,0,1,0,0,1,17,13,0,0,6,6,173,0,1,1,1,1,3,4,5,4,1,0,0,2,10,0
71,0,0,6,1,0,0,0,0,0,1,5,25,0,0,6,6,173,0,1,1,1,1,2,4,4,3,0,0,0,2,10,15
-5,0,0,1,0,0,0,0,0,0,1,0,5,0,0,6,6,173,0,1,1,1,1,2,3,3,2,0,0,0,1,9,30
-17,0,0,0,0,0,0,0,0,0,1,0,29,0,1,6,6,173,0,0,0,0,0,2,2,2,2,1,0,0,2,9,0
-47,0,0,10,0,0,0,0,0,0,0,0,50,0,0,6,6,173,0,0,0,0,0,1,1,1,1,0,0,0,2,10,45
26,37,7,52,1,0,0,0,0,0,0,19,0,1,0,5,6,172,1,51,3,9,13,1,1,5,1,0,6,0,1,17,30
6,29,4,48,8,0,1,1,0,0,2,11,4,0,0,5,6,172,4,39,1,3,9,4,10,16,9,5,5,4,1,16,45
-18,27,3,50,7,0,1,1,0,0,2,7,8,0,0,5,6,172,2,39,1,4,10,3,10,15,10,5,5,3,1,17,0
27,27,3,51,6,0,1,1,0,0,2,7,8,0,0,5,6,172,2,39,1,4,10,2,9,14,9,5,4,3,1,17,15
47,26,4,44,5,0,1,1,0,0,2,2,13,0,0,5,6,172,0,39,2,5,12,6,9,13,10,5,4,2,2,16,15
26,25,3,40,5,0,1,2,0,0,1,0,15,0,0,5,6,172,0,38,3,7,12,7,9,13,10,4,3,2,1,15,45
59,25,4,46,4,0,1,2,0,0,1,10,5,0,0,5,6,172,0,38,4,7,12,6,8,12,9,3,3,1,2,16,30
42,25,4,44,3,0,1,2,0,0,1,8,7,0,0,5,6,172,0,38,4,7,13,5,7,11,8,3,2,1,2,16,15
75,25,4,40,3,0,0,2,0,0,1,8,7,0,0,5,6,172,0,38,4,7,13,4,6,10,7,2,2,0,1,15,45
-41,25,4,48,3,0,0,1,0,0,1,6,9,0,0,5,6,172,0,38,4,7,14,3,5,10,6,1,2,0,1,16,45
335,25,5,17,4,0,0,2,0,0,0,13,2,0,0,5,6,172,2,36,2,6,13,4,7,10,5,1,2,0,2,11,45
53,25,6,38,3,0,0,2,0,0,0,10,5,0,0,5,6,172,2,36,3,6,13,3,6,9,4,1,2,0,3,15,30
41,22,4,40,4,0,0,2,0,0,0,3,12,0,0,5,6,172,1,34,3,7,11,3,5,10,6,3,2,0,1,15,45
4,22,4,46,3,0,0,2,0,0,0,1,14,0,0,5,6,172,1,34,4,8,11,2,4,9,5,3,2,0,2,16,30
23,21,5,34,4,0,0,3,0,0,0,4,11,0,0,5,6,172,2,31,4,7,10,3,5,11,6,2,2,0,2,15,0
36,20,4,36,5,0,0,2,0,0,0,14,1,0,0,5,6,172,2,30,4,6,9,2,5,11,6,2,2,0,2,15,15
35,20,4,31,4,0,0,2,0,0,0,14,1,0,0,5,6,172,2,30,4,6,10,1,4,10,5,2,2,0,2,14,45
11,18,3,34,6,0,0,3,0,0,0,22,23,0,0,5,6,172,2,26,3,3,11,3,7,15,8,3,2,0,2,15,0
-34,17,2,38,5,0,1,3,0,0,0,7,38,0,0,5,6,172,2,25,2,4,11,3,7,16,8,2,2,0,3,15,30
49,16,1,28,5,0,1,3,0,0,0,0,45,0,0,5,6,172,1,24,1,3,12,3,7,15,9,3,2,0,1,13,30
28,16,2,29,6,0,1,2,0,0,0,20,10,0,0,5,6,172,1,23,0,5,11,4,7,15,9,4,2,0,1,14,15
-65,15,4,30,5,0,1,2,0,0,0,5,25,0,0,5,6,172,0,23,2,6,14,4,7,14,9,4,2,1,3,14,30
-32,15,4,31,4,0,1,2,0,0,0,13,2,0,0,5,6,172,0,23,3,7,14,4,7,13,8,3,2,1,2,14,45
-102,15,4,36,4,0,0,2,0,0,0,13,2,0,0,5,6,172,0,23,3,7,14,3,6,12,7,3,2,1,2,15,15
64,15,4,23,3,0,0,2,0,0,0,1,14,0,0,5,6,172,0,23,5,8,15,3,10,13,6,2,2,1,1,12,30
122,15,5,23,5,0,0,1,0,0,0,4,11,0,0,5,6,172,2,21,5,8,14,4,9,12,5,2,2,1,1,12,30
86,14,5,26,6,0,1,1,0,0,0,6,9,0,0,5,6,172,4,18,3,6,12,6,9,13,5,2,2,1,1,13,0
-48,13,6,31,6,0,1,0,0,0,0,1,14,0,0,5,6,172,2,17,3,7,12,7,8,13,6,2,1,1,2,14,45
43,11,5,26,7,0,1,0,0,0,0,4,11,0,0,5,6,172,2,16,3,7,11,6,7,15,7,2,1,0,1,13,0
4,11,5,21,6,0,1,0,0,0,0,12,3,0,0,5,6,172,2,16,4,7,12,5,6,14,6,2,1,0,2,12,15
43,11,6,17,5,0,1,0,0,0,0,9,6,0,0,5,6,172,2,16,4,7,12,5,6,13,5,2,1,0,2,11,45
-221,11,6,43,5,0,0,0,0,0,0,9,6,0,0,5,6,172,2,16,4,7,12,4,5,12,4,2,1,0,2,16,0
28,11,6,25,5,0,0,0,0,0,0,5,10,0,0,5,6,172,2,15,3,6,12,3,5,13,4,2,1,0,2,12,45
10,11,6,19,4,0,0,0,0,0,0,3,12,0,0,5,6,172,1,15,3,7,12,2,4,12,4,2,1,0,2,12,0
40,9,5,15,6,0,0,0,0,0,0,11,4,0,0,5,6,172,2,12,3,6,12,1,5,12,5,2,1,0,2,11,30
-12,5,3,19,8,0,0,0,0,0,0,11,4,0,0,5,6,172,0,9,3,5,9,4,8,14,9,3,1,1,2,12,0
-23,5,3,21,7,0,0,0,0,0,0,7,8,0,0,5,6,172,0,9,3,5,9,3,7,13,8,3,1,1,2,12,15
37,4,3,12,6,0,1,1,0,0,1,12,3,0,0,5,6,172,2,6,2,6,6,6,9,14,8,2,1,1,1,11,0
27,4,3,9,5,0,1,1,0,0,1,11,4,0,0,5,6,172,2,6,2,6,6,5,8,13,7,1,1,1,1,10,30
0,3,3,15,4,0,1,1,0,0,1,1,14,0,0,5,6,172,0,6,3,6,6,6,9,13,8,3,0,1,2,11,30
11,3,3,7,4,0,0,1,0,0,1,0,15,0,0,5,6,172,0,6,3,6,6,5,8,12,7,3,0,0,2,10,15
56,3,3,7,3,0,0,1,0,0,1,29,1,0,0,5,6,172,0,6,3,6,6,4,7,11,6,2,0,0,2,10,15
18,3,3,12,2,0,1,1,0,0,1,19,11,0,0,5,6,172,1,5,3,5,5,4,6,10,5,2,0,0,1,11,0
-16,2,2,14,3,0,1,1,0,0,1,7,23,0,0,5,6,172,2,3,3,3,3,3,6,10,5,1,0,0,2,11,15
59,2,2,0,3,0,0,1,0,0,1,7,23,0,1,5,6,172,2,3,3,3,3,2,5,9,4,1,0,0,1,9,0
34,1,1,11,3,0,0,1,0,0,1,11,4,0,0,5,6,172,2,2,2,2,2,3,5,8,4,1,0,0,2,10,45
58,1,1,4,5,0,0,1,0,0,0,3,12,0,0,5,6,172,1,0,0,0,0,3,6,7,6,3,0,0,2,9,45
-12,1,1,4,4,0,0,1,0,0,0,2,13,0,0,5,6,172,1,0,0,0,0,2,5,6,5,3,0,0,2,9,45
-5,0,0,9,4,0,0,0,0,0,0,2,13,0,0,5,6,172,0,0,0,0,0,3,4,5,5,4,0,0,1,10,30
-27,0,0,4,3,0,0,0,0,0,0,0,19,0,0,5,6,172,0,0,0,0,0,3,4,4,4,3,0,0,2,9,45
18,0,0,2,2,0,0,0,0,0,0,0,20,0,0,5,6,172,0,0,0,0,0,2,3,3,3,2,0,0,3,9,30
2,0,0,1,1,0,0,0,0,0,0,0,41,0,0,5,6,172,0,0,0,0,0,2,2,2,2,2,0,0,2,9,15
-3,0,0,2,0,0,0,0,0,0,0,0,58,0,0,5,6,172,0,0,0,0,0,1,1,1,1,1,0,0,3,9,30
35,38,3,51,2,0,0,0,0,0,0,9,21,0,0,4,6,171,1,51,2,5,12,2,2,6,2,1,8,0,1,17,0
26,38,3,51,1,0,0,0,0,0,0,14,1,0,0,4,6,171,0,51,4,6,14,1,1,5,2,0,8,0,1,17,0
1,34,4,47,3,0,0,3,0,0,0,12,3,0,0,4,6,171,1,45,3,8,13,2,4,12,6,2,8,1,1,16,30
-31,34,4,53,2,0,0,3,0,0,0,11,4,1,0,4,6,171,1,45,3,8,13,2,3,11,5,2,8,1,1,17,30
17,31,3,45,2,0,0,4,0,0,1,27,3,0,0,4,6,171,1,42,5,7,14,2,6,12,7,2,8,2,3,16,0
28,31,6,42,4,0,0,4,0,0,1,11,19,0,0,4,6,171,3,39,3,6,12,4,8,12,7,2,7,3,2,15,30
-67,30,5,47,5,0,0,4,1,0,0,5,10,0,0,4,6,171,2,37,3,5,13,5,8,13,9,2,6,2,1,16,30
-19,28,5,47,4,0,0,4,1,0,0,0,15,0,0,4,6,171,0,37,3,6,13,5,7,12,10,3,6,1,1,16,30
48,28,5,43,4,0,0,3,1,0,1,11,4,0,0,4,6,171,1,36,3,6,13,5,6,11,9,3,6,1,2,15,45
65,28,5,38,4,0,0,2,1,0,1,10,5,0,0,4,6,171,1,36,3,6,13,4,5,10,8,2,6,1,3,14,45
-104,28,6,50,3,0,1,2,1,0,1,9,6,0,0,4,6,171,2,35,3,7,16,4,6,12,7,2,6,3,2,16,45
36,27,6,39,3,0,1,2,1,0,1,1,14,0,0,4,6,171,2,34,3,7,17,3,5,12,7,3,6,3,1,15,0
80,27,6,35,3,0,1,1,1,0,1,44,1,0,0,4,6,171,2,34,3,7,17,2,4,11,6,3,5,3,1,14,15
108,25,5,29,4,0,1,2,0,0,1,29,16,0,0,4,6,171,2,32,4,7,18,3,6,13,7,5,5,3,2,13,0
10,23,6,39,4,0,2,2,0,0,1,8,37,0,0,4,6,171,2,30,3,8,18,3,5,13,8,5,4,3,1,15,0
52,23,6,33,4,0,1,2,0,0,1,3,42,0,0,4,6,171,1,30,4,9,19,2,6,13,8,4,3,3,2,13,30
58,21,7,31,6,0,2,2,0,0,0,11,4,0,0,4,6,171,2,27,4,11,19,3,7,18,9,5,3,2,2,13,15
20,20,7,37,7,0,2,2,0,0,0,3,12,0,0,4,6,171,2,25,4,11,17,4,7,17,10,6,3,2,1,14,30
-36,20,7,43,6,0,2,2,0,0,0,2,13,0,0,4,6,171,2,25,5,11,17,3,6,16,9,6,2,2,2,15,45
57,17,5,31,8,0,2,2,0,0,0,8,7,0,0,4,6,171,2,22,6,10,17,4,8,18,11,9,2,2,2,13,15
-112,17,6,39,8,0,1,2,0,0,0,4,11,0,0,4,6,171,1,21,8,10,17,4,7,18,11,9,1,2,1,15,0
63,17,7,27,9,0,1,2,0,0,0,14,1,0,0,4,6,171,3,20,6,9,15,4,10,17,10,8,1,1,2,12,45
-38,16,7,35,11,0,0,2,0,0,0,7,8,0,0,4,6,171,3,18,4,7,14,4,11,16,11,9,1,1,1,14,15
1,14,6,33,14,0,1,1,0,0,0,5,10,0,0,4,6,171,4,14,2,6,14,4,11,19,13,10,1,1,2,13,30
25,13,6,25,13,0,1,1,0,0,0,0,15,0,0,4,6,171,3,14,3,6,14,7,11,18,13,9,1,1,2,12,30
23,13,6,20,12,0,1,1,0,0,0,14,1,0,0,4,6,171,3,14,3,6,14,6,10,17,12,8,0,1,2,12,0
-32,13,6,29,11,0,1,1,0,0,0,5,10,0,0,4,6,171,3,14,3,7,14,7,10,16,11,7,0,0,2,13,0
62,10,4,27,13,0,2,0,0,0,0,3,12,0,0,4,6,171,3,11,3,6,11,7,11,16,13,8,0,0,2,12,45
54,10,4,23,12,0,2,0,0,0,0,2,13,0,0,4,6,171,3,11,3,6,11,6,10,15,12,7,0,0,2,12,15
48,10,4,25,11,0,2,0,0,0,0,1,14,0,0,4,6,171,3,11,3,6,11,6,9,14,11,6,0,0,2,12,30
18,10,5,19,10,0,2,0,0,0,0,0,15,0,0,4,6,171,3,11,3,6,11,5,8,13,10,5,0,0,3,11,45
46,10,6,20,9,0,2,0,0,0,0,14,1,0,0,4,6,171,3,11,3,6,11,4,7,13,9,5,0,0,2,12,0
-4,10,6,23,8,0,2,0,0,0,0,13,2,0,0,4,6,171,3,11,3,6,11,3,6,12,8,4,0,0,2,12,15
40,8,5,20,8,0,2,0,1,0,0,14,1,0,0,4,6,171,3,9,3,6,9,3,7,13,9,5,0,0,2,12,0
65,8,7,16,8,0,2,0,1,0,0,2,13,0,0,4,6,171,3,8,3,8,8,4,8,15,9,5,0,0,1,11,15
-204,7,7,45,8,0,2,0,1,0,0,6,9,0,0,4,6,171,3,7,3,7,7,3,7,16,9,5,0,0,3,16,0
49,6,6,12,9,0,1,0,1,0,0,9,6,0,0,4,6,171,2,6,6,6,6,6,6,17,10,4,0,0,2,10,45
37,6,6,14,8,0,1,0,2,0,0,5,10,0,0,4,6,171,3,5,5,5,5,5,6,17,9,3,0,0,2,11,0
65,3,3,12,8,0,1,0,2,0,0,3,12,0,0,4,6,171,1,4,4,4,4,4,7,16,11,5,0,0,2,10,45
57,3,3,16,8,0,1,0,2,0,0,1,14,0,0,4,6,171,2,3,3,3,3,3,6,15,10,5,0,0,1,11,15
111,3,3,2,8,0,0,0,2,0,0,14,1,0,0,4,6,171,2,3,3,3,3,2,6,14,9,5,0,0,2,9,30
-27,3,3,18,7,0,0,0,3,0,0,12,3,0,0,4,6,171,3,2,2,2,2,1,7,13,8,4,0,0,1,11,30
54,0,0,11,7,0,1,0,3,0,0,6,9,0,0,4,6,171,1,0,0,0,0,7,12,12,11,5,0,0,2,10,30
46,0,0,9,7,0,1,0,2,0,0,14,1,0,0,4,6,171,0,0,0,0,0,6,11,11,11,6,0,0,1,10,15
26,0,0,5,6,0,1,0,2,0,0,3,12,0,0,4,6,171,0,0,0,0,0,7,10,10,10,5,0,0,2,9,45
41,0,0,2,5,0,1,0,2,0,0,0,15,0,0,4,6,171,0,0,0,0,0,7,9,9,9,5,0,0,2,9,30
-12,0,0,7,5,0,1,0,1,0,0,14,1,0,0,4,6,171,0,0,0,0,0,6,8,8,8,4,0,0,2,10,0
26,0,0,9,4,0,1,0,1,0,0,12,3,0,0,4,6,171,0,0,0,0,0,5,7,7,7,4,0,0,1,10,15
46,0,0,5,4,0,1,0,0,0,0,9,6,0,0,4,6,171,0,0,0,0,0,5,6,6,6,4,0,0,2,9,45
63,0,0,1,3,0,1,0,0,0,0,0,6,0,0,4,6,171,0,0,0,0,0,5,5,5,5,3,0,0,3,9,15
57,0,0,0,2,0,1,0,0,0,0,0,7,0,1,4,6,171,0,0,0,0,0,4,4,4,4,2,0,0,1,9,0
-14,0,0,14,1,0,1,0,0,0,0,0,12,0,0,4,6,171,0,0,0,0,0,3,3,3,3,1,0,0,2,11,0
59,0,0,2,0,0,1,0,0,0,0,0,21,0,0,4,6,171,0,0,0,0,0,2,2,2,2,1,0,0,2,9,30
-29,0,0,7,0,0,0,0,0,0,0,0,24,0,0,4,6,171,0,0,0,0,0,1,1,1,1,1,0,0,2,10,0
12,29,4,49,3,0,0,1,1,0,1,5,10,1,0,3,6,170,1,43,4,6,13,4,4,9,6,2,9,1,1,17,30
43,29,5,46,3,0,0,1,1,0,1,1,14,0,0,3,6,170,2,42,3,5,12,3,4,11,5,1,9,1,1,17,0
40,29,5,48,3,0,0,0,1,0,1,14,1,0,0,3,6,170,2,42,3,5,12,2,3,10,4,1,8,1,1,17,15
27,27,5,46,4,0,0,1,1,0,0,0,15,0,0,3,6,170,2,40,2,6,10,1,2,10,5,3,8,0,1,17,0
-26,24,5,45,7,0,0,0,1,0,0,1,14,0,0,3,6,170,1,37,5,7,12,3,8,13,8,5,8,1,2,16,45
48,21,2,40,8,0,1,1,1,0,0,4,11,0,0,3,6,170,1,33,3,5,10,5,9,15,11,5,8,1,2,16,0
72,21,2,35,7,0,1,1,1,0,0,3,12,0,0,3,6,170,1,33,3,5,11,4,8,14,10,4,7,1,2,15,30
57,20,1,43,6,0,1,1,1,0,1,9,6,0,0,3,6,170,1,32,2,4,11,5,9,13,10,4,7,0,1,16,30
41,19,1,41,8,0,1,1,0,0,1,13,2,0,0,3,6,170,2,30,0,4,10,6,8,13,10,4,7,0,2,16,15
77,19,2,29,7,0,1,1,0,0,1,5,10,0,0,3,6,170,2,30,2,4,11,5,7,12,9,3,7,0,1,14,45
43,19,2,38,6,0,1,1,0,0,1,2,13,0,0,3,6,170,2,30,2,5,11,5,7,11,8,3,7,1,1,15,45
43,19,2,43,5,0,1,1,0,0,1,2,13,0,0,3,6,170,2,30,2,5,11,4,6,10,7,2,7,1,1,16,30
27,19,4,32,5,0,1,1,0,0,0,3,12,0,0,3,6,170,0,30,4,6,13,4,8,11,8,3,7,3,2,15,0
31,19,4,29,4,0,1,1,0,0,0,14,1,0,0,3,6,170,0,30,4,6,13,3,7,10,7,2,7,3,1,14,45
28,19,6,35,3,0,1,2,1,0,0,2,13,0,0,3,6,170,2,28,3,6,13,3,6,9,6,2,7,3,2,15,30
4,19,6,38,3,0,1,1,1,0,0,13,2,0,0,3,6,170,2,28,3,7,14,2,5,8,5,2,7,3,1,15,45
-25,17,5,33,4,0,1,1,2,0,0,33,12,0,0,3,6,170,2,25,2,6,13,4,5,10,7,5,6,3,3,15,15
24,16,5,33,5,0,0,1,2,0,0,24,21,0,0,3,6,170,2,24,3,6,13,3,5,11,7,5,5,3,3,15,15
-38,15,5,41,4,0,0,1,2,0,0,21,24,0,0,3,6,170,1,24,3,7,13,2,5,10,7,4,4,3,2,16,15
-33,15,5,35,3,0,0,1,2,0,0,20,25,0,0,3,6,170,1,24,3,7,13,1,4,9,6,4,4,2,2,15,30
50,13,6,26,6,0,1,1,1,0,0,13,2,0,0,3,6,170,2,20,3,7,10,3,6,12,8,4,4,2,1,13,30
-5,12,7,28,7,0,1,0,1,0,0,13,2,0,0,3,6,170,2,19,5,8,10,2,7,13,8,4,3,3,3,14,30
35,10,5,22,7,0,0,1,1,0,0,7,8,0,0,3,6,170,1,18,4,7,11,1,6,13,9,4,2,2,1,13,0
53,8,4,25,8,0,1,2,1,0,0,6,9,0,0,3,6,170,2,14,3,3,7,5,6,17,11,5,2,1,1,13,15
82,7,3,19,6,0,1,3,1,0,0,5,10,0,0,3,6,170,2,13,2,2,6,4,6,16,11,4,2,1,1,12,30
28,7,3,19,6,0,1,3,1,0,0,5,10,0,0,3,6,170,2,13,2,2,6,4,6,16,11,4,2,1,1,12,30
107,5,1,15,6,0,1,4,1,0,0,2,13,0,0,3,6,170,2,11,0,2,7,3,7,16,11,4,2,1,1,11,45
59,5,1,22,5,0,1,4,1,0,0,0,15,0,0,3,6,170,2,11,0,2,7,2,6,15,10,4,1,1,1,13,0
8,5,2,21,4,0,1,4,1,0,0,10,5,0,0,3,6,170,2,11,2,4,9,4,12,16,9,4,1,1,3,12,45
-87,4,2,29,3,0,1,4,1,0,0,5,10,0,0,3,6,170,0,11,4,4,11,6,11,16,10,4,1,1,1,14,45
-96,4,2,27,4,0,1,3,1,0,0,3,12,0,0,3,6,170,1,10,3,3,10,6,11,15,9,4,1,1,1,14,15
13,4,2,18,4,0,0,3,1,0,0,1,14,0,0,3,6,170,1,10,3,4,10,6,10,14,8,3,1,1,2,12,15
81,4,2,11,5,0,0,3,0,0,0,6,9,0,0,3,6,170,2,9,2,5,9,8,10,14,7,2,1,1,1,11,0
45,4,3,17,5,0,0,2,0,0,0,14,1,0,0,3,6,170,2,9,2,5,9,7,9,13,6,2,1,1,1,12,0
54,4,3,9,5,0,0,1,0,0,0,11,4,0,0,3,6,170,1,9,2,6,9,6,8,12,6,2,1,1,2,10,45
11,4,4,22,5,0,0,1,1,0,0,5,10,0,0,3,6,170,3,7,0,5,7,5,8,12,5,2,1,1,1,13,0
81,4,4,9,4,0,0,1,1,0,0,1,14,0,0,3,6,170,3,7,1,5,7,5,7,11,4,1,1,1,2,10,45
34,4,4,14,4,0,0,0,1,0,0,13,2,0,0,3,6,170,3,7,1,5,7,4,7,11,3,0,0,1,2,11,30
-3,3,3,11,3,0,0,0,1,0,0,12,3,0,0,3,6,170,2,7,1,5,7,3,6,10,3,0,0,0,1,11,0
-6,3,3,15,2,0,0,0,1,0,0,11,4,0,0,3,6,170,2,7,1,5,7,2,5,9,2,0,0,0,1,11,45
12,2,2,8,1,0,0,0,1,0,0,5,10,0,0,3,6,170,0,7,5,7,7,3,5,10,3,2,0,0,2,10,30
-47,2,2,13,1,0,0,1,1,0,1,9,6,0,0,3,6,170,3,4,2,4,4,3,5,9,2,2,0,0,1,11,15
33,0,0,5,2,0,0,2,0,0,1,8,7,0,0,3,6,170,3,2,2,2,2,3,5,8,3,2,0,0,2,10,0
17,0,0,3,1,0,0,2,0,0,1,14,1,0,0,3,6,170,3,2,2,2,2,2,5,7,2,1,0,0,1,9,45
24,0,0,1,1,0,0,2,0,0,0,8,7,0,0,3,6,170,2,2,2,2,2,2,4,6,2,2,0,0,2,9,30
-48,0,0,6,3,0,0,1,0,0,0,0,4,0,0,3,6,170,0,0,0,0,0,3,5,5,5,3,0,0,1,10,15
-1,0,0,0,2,0,0,1,0,0,0,0,19,0,1,3,6,170,0,0,0,0,0,4,4,4,4,3,0,0,2,9,15
-35,0,0,6,1,0,0,1,0,0,0,0,29,0,0,3,6,170,0,0,0,0,0,3,3,3,3,2,0,0,1,10,15
-27,0,0,3,0,0,0,1,0,0,0,0,37,0,0,3,6,170,0,0,0,0,0,2,2,2,2,1,0,0,1,9,45
-5,0,0,1,0,0,0,0,0,0,0,0,46,0,0,3,6,170,0,0,0,0,0,1,1,1,1,0,0,0,2,9,30
27,30,5,52,4,0,0,1,0,0,0,10,5,1,0,2,6,169,2,47,4,7,13,1,3,11,4,3,8,0,1,17,30
55,27,5,44,6,0,0,3,0,0,0,6,9,0,0,2,6,169,3,42,4,8,11,2,3,12,7,5,8,0,2,16,30
46,25,4,46,5,0,0,3,1,0,0,4,11,0,0,2,6,169,2,41,4,7,11,2,7,13,8,5,8,3,2,16,45
62,25,6,44,5,0,1,4,1,0,0,14,1,0,0,2,6,169,4,38,4,5,8,4,9,14,8,4,8,6,2,16,30
16,22,4,48,6,0,2,3,2,0,1,4,11,0,0,2,6,169,5,34,1,3,6,8,9,14,10,3,8,7,2,17,0
1,22,4,50,5,0,2,3,2,0,1,1,14,0,0,2,6,169,5,34,1,3,7,7,9,13,9,3,7,7,1,17,15
51,22,5,40,4,0,2,3,2,0,1,0,15,0,0,2,6,169,5,34,1,3,7,6,9,12,8,2,7,6,2,16,0
43,21,4,42,4,0,2,2,2,0,1,8,7,0,0,2,6,169,4,34,2,4,7,6,8,11,8,2,6,6,2,16,15
22,21,4,42,4,0,2,2,1,0,1,4,11,0,0,2,6,169,4,34,2,4,7,5,7,10,7,1,5,5,2,16,15
24,20,3,36,4,0,1,2,1,0,1,1,14,0,0,2,6,169,3,34,2,4,7,4,6,9,7,2,4,4,2,15,30
-29,20,3,46,4,0,1,1,1,0,1,10,5,0,0,2,6,169,3,34,3,4,8,3,6,10,6,2,3,3,2,16,45
-11,20,3,50,4,0,1,0,1,0,1,8,7,0,0,2,6,169,3,34,3,4,8,2,5,9,5,2,2,2,1,17,15
12,19,2,38,5,0,1,0,1,0,0,9,6,0,0,2,6,169,2,33,3,3,8,3,5,9,6,3,1,1,2,15,45
-38,18,1,40,5,0,1,1,1,0,0,2,13,0,0,2,6,169,3,31,1,4,9,4,5,9,6,4,1,0,2,16,0
38,17,0,33,4,0,1,1,1,0,0,0,15,0,0,2,6,169,2,31,1,4,9,3,4,8,6,3,1,0,1,15,0
154,17,1,26,5,0,1,1,0,0,0,13,2,0,0,2,6,169,3,30,1,4,10,2,5,8,5,2,1,1,1,13,0
17,17,1,31,5,0,1,0,0,0,0,4,11,0,0,2,6,169,2,30,2,4,12,2,4,8,5,2,1,1,2,14,45
22,17,4,36,4,0,2,0,0,0,0,43,17,0,0,2,6,169,3,29,3,7,13,3,5,9,4,1,1,1,2,15,30
-49,16,5,35,5,0,2,1,0,0,0,15,45,0,0,2,6,169,3,26,4,6,11,4,5,13,6,3,0,1,2,15,15
14,16,6,33,4,0,2,1,0,0,0,15,45,0,0,2,6,169,3,26,4,6,11,3,4,12,5,2,0,0,1,15,0
-37,15,6,30,4,0,1,1,0,0,0,14,1,0,0,2,6,169,1,26,4,8,12,2,4,12,6,4,0,0,2,14,30
0,15,6,31,4,0,1,2,0,0,0,9,6,0,0,2,6,169,3,24,3,7,10,2,3,15,5,3,0,0,2,14,45
30,11,4,28,3,0,1,4,1,0,0,11,4,0,0,2,6,169,1,21,4,6,11,2,8,16,9,6,0,0,1,13,15
-207,10,4,48,2,0,1,6,2,0,0,6,9,0,0,2,6,169,2,18,2,3,9,5,8,15,10,6,0,0,2,17,0
78,7,2,17,3,0,1,5,2,0,0,2,13,0,0,2,6,169,0,17,2,5,10,7,12,14,12,8,0,0,2,11,45
-3,7,2,24,3,0,1,4,3,0,0,1,14,0,0,2,6,169,1,16,1,4,9,6,12,13,11,7,0,0,2,12,45
34,7,3,23,2,0,1,4,3,0,0,9,6,0,0,2,6,169,1,16,1,6,10,5,12,12,10,6,0,0,2,12,30
17,7,3,26,1,0,1,4,3,0,0,8,7,0,0,2,6,169,1,16,1,6,10,4,11,11,9,6,0,0,1,13,0
50,7,3,19,2,0,1,4,2,0,0,1,14,0,0,2,6,169,2,15,1,5,11,3,10,13,8,5,0,0,2,12,0
-57,7,3,29,2,0,1,3,2,0,0,14,1,0,0,2,6,169,1,15,1,5,11,3,9,12,8,4,0,0,1,14,15
30,7,3,19,2,0,0,3,2,0,0,10,5,0,0,2,6,169,1,15,1,5,11,4,8,12,7,3,0,0,2,12,0
30,6,4,21,3,0,0,2,2,0,0,14,1,0,0,2,6,169,1,14,4,6,13,7,7,16,7,4,0,0,1,12,15
-15,5,3,24,3,0,0,1,2,0,0,12,3,0,0,2,6,169,0,14,4,7,13,6,6,17,7,4,0,0,2,12,45
45,5,3,16,3,0,0,1,1,0,0,11,4,0,0,2,6,169,0,14,4,7,13,5,5,16,6,3,0,0,2,11,30
-29,5,3,21,3,0,0,0,0,0,0,10,5,0,0,2,6,169,0,14,4,7,13,4,4,15,5,3,0,0,1,12,15
49,5,3,15,3,0,0,0,0,0,0,10,5,0,0,2,6,169,0,14,4,7,13,4,4,15,5,3,0,0,1,11,15
19,5,3,17,3,0,0,1,0,0,0,2,13,0,0,2,6,169,2,12,2,5,12,2,2,14,3,2,0,0,2,11,45
35,4,2,13,4,0,0,1,0,0,0,9,6,0,0,2,6,169,3,10,1,4,10,1,1,14,3,2,0,0,1,11,0
9,2,2,10,5,0,0,3,0,0,0,7,8,0,0,2,6,169,1,6,5,6,6,7,13,15,8,3,0,0,1,10,30
-28,2,2,12,6,0,0,2,0,0,0,6,9,0,0,2,6,169,2,5,4,5,5,6,12,14,7,2,0,0,2,10,45
-340,1,1,38,7,0,0,1,0,0,0,3,12,0,0,2,6,169,2,4,3,4,4,5,11,13,7,3,0,0,2,15,45
58,1,1,8,6,0,0,1,0,0,0,12,3,0,0,2,6,169,2,4,3,4,4,8,11,12,6,2,0,0,2,10,15
30,1,1,4,5,0,0,1,0,0,0,10,5,0,0,2,6,169,1,4,3,4,4,7,10,11,6,2,0,0,2,9,45
-22,1,1,13,5,0,0,1,0,0,0,1,14,0,0,2,6,169,2,3,3,3,3,7,9,10,5,2,0,0,1,11,0
-2,1,1,2,5,0,1,1,0,0,0,10,5,0,0,2,6,169,2,1,1,1,1,7,8,9,6,4,0,0,2,9,30
28,0,0,10,5,0,1,0,0,0,0,2,13,0,0,2,6,169,0,1,1,1,1,6,8,8,7,5,0,0,1,10,30
-4,0,0,4,4,0,1,0,0,0,0,14,1,0,0,2,6,169,0,1,1,1,1,5,7,7,6,4,0,0,2,9,45
49,0,0,0,3,0,1,0,0,0,0,13,2,0,1,2,6,169,0,1,1,1,1,4,6,6,5,4,0,0,1,9,0
-6,0,0,2,2,0,1,0,0,0,0,12,3,0,0,2,6,169,0,1,1,1,1,4,5,5,4,3,0,0,2,9,30
6,0,0,1,3,0,0,0,0,0,0,4,11,0,0,2,6,169,1,0,0,0,0,3,4,4,3,2,0,0,2,9,15
-32,0,0,6,2,0,0,0,0,0,0,0,3,0,0,2,6,169,0,0,0,0,0,2,3,3,3,2,0,0,2,10,0
-11,0,0,8,1,0,0,0,0,0,0,0,18,0,0,2,6,169,0,0,0,0,0,2,2,2,2,1,0,0,2,10,15
-58,0,0,6,0,0,0,0,0,0,0,0,36,0,0,2,6,169,0,0,0,0,0,1,1,1,1,1,0,0,2,10,0
4,35,3,46,2,0,0,1,0,0,0,17,13,1,0,6,6,166,1,43,1,5,11,3,4,8,3,1,5,1,1,17,30
65,35,3,43,1,0,0,1,0,0,0,15,15,0,0,6,6,166,1,43,1,5,11,2,3,7,2,1,5,0,1,16,45
52,34,3,41,1,0,0,1,0,0,0,12,3,0,0,6,6,166,1,42,3,5,13,1,3,7,2,2,5,0,2,16,30
5,32,4,45,3,0,0,1,0,0,0,22,8,0,0,6,6,166,1,39,3,6,13,3,5,10,4,3,5,0,1,17,0
44,32,5,40,3,0,0,1,0,0,0,11,19,0,0,6,6,166,2,38,3,6,13,2,4,10,3,2,5,0,2,16,0
-2,31,6,41,3,0,0,2,0,0,0,9,6,0,0,6,6,166,2,36,3,7,13,3,4,9,4,2,5,0,2,16,30
67,29,5,35,2,0,1,2,0,0,0,1,14,0,0,6,6,166,1,35,6,7,13,3,3,9,5,3,5,0,2,15,15
-35,29,6,43,1,0,1,3,0,0,0,10,5,0,0,6,6,166,2,34,5,7,13,2,4,8,4,2,5,1,1,16,45
59,26,4,31,2,0,1,3,0,0,1,5,10,0,0,6,6,166,1,31,3,6,12,1,6,10,7,4,5,1,2,14,45
55,24,5,28,3,0,1,5,0,0,0,0,15,0,0,6,6,166,1,28,3,6,13,5,6,12,9,4,4,1,1,14,15
9,23,4,31,2,0,1,5,0,0,0,13,2,0,0,6,6,166,0,28,4,6,13,4,5,12,9,4,4,0,2,14,45
3,23,4,38,1,0,1,5,1,0,0,10,5,0,0,6,6,166,1,27,4,6,13,3,4,11,8,4,4,0,1,15,45
27,23,5,36,1,0,1,4,1,0,0,9,6,0,0,6,6,166,1,27,4,6,13,2,4,10,7,3,4,0,2,15,30
22,23,5,33,1,0,1,4,1,0,0,4,11,0,0,6,6,166,2,26,3,5,12,1,3,11,6,3,4,0,1,15,0
-2,21,6,28,1,0,1,4,3,0,0,16,29,0,0,6,6,166,2,23,2,6,11,3,4,14,8,5,4,0,1,14,15
52,18,6,30,3,0,1,3,3,0,0,9,6,0,0,6,6,166,1,21,3,7,12,3,7,17,10,6,4,1,2,14,30
87,18,6,27,2,0,1,3,3,0,0,2,13,0,0,6,6,166,1,21,4,7,13,2,8,17,9,5,4,1,2,13,30
-22,17,6,36,3,0,1,3,3,0,0,9,6,0,0,6,6,166,2,19,2,6,13,4,7,16,9,5,4,1,2,15,30
-26,15,5,33,3,0,3,2,3,0,0,14,1,0,0,6,6,166,1,17,3,5,14,6,11,17,11,5,3,3,1,15,0
44,15,5,26,3,0,3,2,2,0,0,13,2,0,0,6,6,166,1,17,3,5,14,5,10,17,10,4,3,2,1,13,15
59,15,5,22,3,0,2,2,2,0,0,11,4,0,0,6,6,166,1,17,4,5,14,4,10,16,9,3,3,2,2,12,45
119,13,3,19,3,0,2,1,3,0,1,0,15,0,0,6,6,166,1,15,3,5,12,4,11,15,10,4,3,3,2,12,30
47,12,3,19,3,0,2,1,3,0,1,8,7,0,0,6,6,166,1,14,2,5,12,4,10,16,10,4,3,3,2,12,30
102,12,4,19,3,0,2,1,2,0,1,5,10,0,0,6,6,166,1,14,2,5,12,3,10,15,9,4,3,3,2,12,30
22,11,5,15,4,0,1,2,2,0,1,17,13,0,0,6,6,166,2,12,2,6,10,7,9,15,9,5,2,3,3,12,15
45,10,5,15,3,0,1,2,2,0,1,13,17,0,0,6,6,166,1,12,2,6,11,7,9,15,9,6,1,2,3,12,15
20,10,6,15,3,0,1,2,1,0,1,4,26,0,0,6,6,166,1,12,3,8,11,7,8,15,8,6,1,1,3,12,15
43,10,7,13,3,0,1,2,1,0,0,3,27,0,0,6,6,166,1,12,3,9,11,6,7,15,7,5,1,1,4,11,45
70,10,7,13,3,0,1,1,1,0,0,14,1,0,0,6,6,166,0,12,5,9,11,5,7,14,7,6,1,1,4,11,45
40,10,7,22,2,0,1,1,1,0,0,13,2,0,0,6,6,166,0,12,5,9,11,4,7,13,6,6,1,1,2,12,45
-181,10,8,38,3,0,0,2,1,0,0,2,13,0,0,6,6,166,2,10,4,7,10,3,6,12,5,5,0,1,1,15,45
34,10,8,24,3,0,0,2,0,0,0,2,13,0,0,6,6,166,2,10,4,7,10,2,5,11,4,4,0,0,1,13,0
147,9,7,1,2,0,1,2,0,0,0,6,9,0,0,6,6,166,2,9,4,7,9,2,6,12,4,4,0,0,2,9,45
2,5,4,9,4,0,0,2,1,0,0,1,14,0,0,6,6,166,1,6,3,4,6,3,6,12,7,4,0,0,2,11,15
9,3,2,8,4,0,0,3,1,0,1,1,14,0,0,6,6,166,2,3,1,2,3,4,8,11,8,5,0,0,2,11,0
29,3,2,11,3,0,0,3,1,0,1,29,1,0,0,6,6,166,2,3,1,2,3,3,7,10,7,5,0,0,2,11,30
0,2,2,11,2,0,0,3,1,0,1,14,16,0,0,6,6,166,1,3,1,3,3,4,6,9,7,4,0,0,2,11,30
-29,2,2,15,3,0,0,2,1,0,1,11,19,0,0,6,6,166,2,2,1,2,2,3,5,9,6,3,0,0,3,12,15
5,1,1,9,3,0,0,1,1,0,1,8,7,0,0,6,6,166,1,2,2,2,2,4,6,9,6,2,0,0,2,11,15
35,1,1,3,2,0,0,1,1,0,1,0,15,0,0,6,6,166,1,2,2,2,2,3,6,8,5,2,0,0,1,10,0
17,1,1,6,2,0,0,1,1,0,1,8,7,0,0,6,6,166,2,1,1,1,1,4,5,7,4,2,0,0,1,10,45
51,1,1,3,2,0,0,1,0,0,1,4,11,0,0,6,6,166,2,1,1,1,1,3,4,6,3,1,0,0,1,10,0
33,0,0,5,3,0,0,0,0,0,1,0,5,0,0,6,6,166,1,0,0,0,0,3,4,5,4,1,0,0,2,10,15
27,0,0,1,2,0,0,0,0,0,1,0,6,0,0,6,6,166,1,0,0,0,0,2,3,4,3,1,0,0,2,9,45
13,0,0,0,1,0,0,0,0,0,1,0,23,0,1,6,6,166,0,0,0,0,0,1,3,3,3,1,0,0,2,9,30
-208,0,0,24,0,0,0,0,0,0,1,0,61,0,0,6,6,166,0,0,0,0,0,2,2,2,2,0,0,0,1,13,0
-83,0,0,6,0,0,0,0,0,0,0,0,76,0,0,6,6,166,0,0,0,0,0,1,1,1,1,0,0,0,1,10,45
19,35,5,52,2,0,2,2,0,0,1,11,4,0,0,5,6,165,2,46,4,6,12,4,7,12,6,4,9,4,1,17,15
17,33,5,53,3,0,2,1,0,0,1,6,9,1,0,5,6,165,1,45,4,9,13,6,10,12,7,3,9,3,1,17,30
105,33,5,41,3,0,1,1,0,0,1,5,10,0,0,5,6,165,1,45,4,9,13,5,9,11,6,2,8,3,1,15,30
137,33,6,37,4,0,1,1,0,0,0,2,13,0,0,5,6,165,2,44,4,8,12,4,8,11,5,1,8,2,2,15,0
8,32,6,49,5,0,1,1,0,0,0,20,10,0,0,5,6,165,3,42,4,7,12,4,7,11,5,2,7,2,1,16,45
26,32,6,51,5,0,0,1,0,0,0,19,11,0,0,5,6,165,3,42,4,7,12,3,6,10,4,2,6,1,1,17,0
19,32,6,47,5,0,0,0,0,0,0,17,13,0,0,5,6,165,3,42,4,7,12,2,5,9,3,2,6,0,2,16,30
68,30,6,49,6,0,0,2,0,0,0,6,9,0,0,5,6,165,5,38,3,5,9,4,6,11,4,3,6,2,1,16,45
37,28,4,41,5,0,0,2,0,0,0,14,1,0,0,5,6,165,3,38,3,5,9,4,5,11,5,2,6,2,1,15,30
77,28,4,34,5,0,0,1,0,0,0,14,1,0,0,5,6,165,3,38,3,5,9,3,4,10,4,1,6,2,2,14,30
29,28,4,45,5,0,0,1,0,0,0,9,6,0,0,5,6,165,4,37,2,5,10,2,3,10,3,1,6,2,2,16,0
10,26,4,45,4,0,0,2,0,0,1,0,15,0,0,5,6,165,4,35,2,5,10,2,4,11,4,1,5,2,2,16,0
13,25,3,39,5,0,0,2,0,0,0,8,7,0,0,5,6,165,3,34,3,5,12,2,6,12,5,3,4,2,3,15,15
26,24,4,35,7,0,0,1,0,0,0,4,11,0,0,5,6,165,3,32,3,5,12,4,8,11,6,4,4,2,2,14,45
-83,22,4,47,8,0,0,1,0,0,0,6,9,0,0,5,6,165,2,30,1,4,12,4,8,13,8,5,4,2,2,16,30
-12,22,5,35,7,0,0,2,0,0,0,41,4,0,0,5,6,165,3,29,2,4,12,5,7,12,7,4,4,2,2,14,45
4,22,5,44,7,0,0,1,0,0,0,38,7,0,0,5,6,165,3,29,2,4,12,4,7,11,6,4,3,3,2,15,45
97,22,6,29,6,0,0,1,0,0,0,30,15,0,0,5,6,165,3,29,2,6,13,4,6,12,5,4,3,2,1,13,15
62,21,7,32,5,0,0,1,0,0,0,16,29,0,0,5,6,165,1,29,4,8,15,4,6,13,6,5,3,2,1,13,30
18,21,7,39,4,0,0,1,0,0,0,12,33,0,0,5,6,165,1,29,4,8,15,3,5,12,5,4,2,2,3,15,15
6,20,6,33,3,0,1,2,0,0,0,7,38,0,0,5,6,165,2,27,2,6,15,3,4,12,5,4,2,1,1,14,15
-9,19,7,37,2,0,1,3,0,0,0,12,3,0,0,5,6,165,2,26,3,7,15,2,5,13,5,3,2,1,2,15,0
23,17,6,29,2,0,0,3,0,0,1,10,5,0,0,5,6,165,1,25,4,8,16,2,5,13,6,3,1,1,1,13,15
-91,14,5,41,3,0,1,3,0,0,1,9,6,0,0,5,6,165,1,22,3,7,14,3,7,13,8,4,1,1,1,15,30
6,13,6,27,5,0,1,3,0,0,0,2,13,0,0,5,6,165,2,20,4,8,14,4,9,17,8,4,1,1,3,13,0
79,12,5,23,6,0,1,2,0,0,0,14,1,0,0,5,6,165,2,19,3,7,13,4,9,16,8,4,1,1,2,12,30
43,12,6,25,5,0,1,2,0,0,0,8,7,0,0,5,6,165,1,19,4,9,13,4,8,16,8,4,1,1,2,12,45
69,10,4,17,7,0,0,2,0,0,0,8,7,0,0,5,6,165,1,17,5,9,12,5,8,15,9,5,1,1,2,11,45
26,10,4,23,7,0,0,2,0,0,0,1,14,0,0,5,6,165,2,16,4,8,13,6,7,15,8,5,1,1,2,12,30
10,9,4,29,8,0,0,1,0,0,0,9,6,0,0,5,6,165,2,15,5,7,12,5,7,15,8,5,0,1,1,13,15
67,8,4,15,7,0,0,1,0,0,0,2,13,0,0,5,6,165,1,15,5,8,14,4,8,14,8,4,0,0,2,11,30
20,8,4,19,9,0,0,1,0,0,0,10,5,0,0,5,6,165,3,12,3,5,11,4,8,14,8,4,0,0,2,12,0
72,7,3,19,9,0,0,0,0,0,0,5,10,0,0,5,6,165,2,12,4,5,11,3,8,13,8,3,0,0,2,12,0
39,7,3,15,8,0,0,0,0,0,0,1,14,0,0,5,6,165,2,12,4,6,11,2,8,14,7,3,0,0,2,11,30
39,6,2,11,8,0,0,1,0,0,0,0,15,0,0,5,6,165,2,10,3,5,10,4,8,15,8,4,0,0,2,11,0
-45,6,3,21,8,0,0,2,0,0,0,0,15,0,0,5,6,165,2,8,2,5,8,6,8,15,9,6,0,0,2,12,15
14,5,3,17,7,0,0,2,0,0,0,4,11,0,0,5,6,165,1,8,2,7,8,6,8,16,9,7,0,0,2,11,45
17,4,3,21,6,0,0,2,0,0,0,3,12,0,0,5,6,165,0,8,2,7,8,5,7,15,9,6,0,0,2,12,15
28,4,3,11,5,0,0,2,0,0,1,12,3,0,0,5,6,165,1,7,2,6,7,4,7,14,8,5,0,0,2,11,0
-2,4,3,13,4,0,0,2,0,0,1,8,7,0,0,5,6,165,1,7,2,6,7,3,6,13,7,4,0,0,2,11,15
-78,4,3,27,4,0,0,2,0,0,1,3,12,0,0,5,6,165,2,6,3,5,6,3,6,12,6,3,0,0,3,13,0
-17,4,3,25,3,0,0,2,0,0,1,11,4,0,0,5,6,165,2,6,3,5,6,3,8,11,5,3,0,0,2,12,45
-3,3,3,13,4,0,1,1,0,0,1,4,11,0,0,5,6,165,2,4,3,4,4,4,8,11,6,3,0,0,2,11,15
111,3,3,5,4,0,1,1,0,0,1,14,1,0,0,5,6,165,3,3,2,3,3,6,7,11,5,2,0,0,2,10,0
14,1,1,9,4,0,2,1,0,0,1,13,2,0,0,5,6,165,1,1,1,1,1,5,8,10,8,3,0,0,2,10,45
10,1,1,3,3,0,2,1,0,0,1,4,11,0,0,5,6,165,1,1,1,1,1,5,7,9,7,2,0,0,1,9,45
18,1,1,8,3,0,2,0,0,0,1,3,12,0,0,5,6,165,1,1,1,1,1,4,6,8,6,1,0,0,2,10,30
-29,1,1,6,2,0,2,0,0,0,1,1,14,0,0,5,6,165,1,1,1,1,1,3,5,7,5,1,0,0,1,10,15
3,1,1,3,2,0,1,0,0,0,1,0,15,0,0,5,6,165,1,1,1,1,1,2,4,6,4,1,0,0,1,9,45
35,0,0,2,2,0,1,0,0,0,1,12,3,0,0,5,6,165,1,0,0,0,0,3,4,5,4,2,0,0,2,9,30
-4,0,0,1,2,0,0,0,0,0,1,0,8,0,0,5,6,165,0,0,0,0,0,2,4,4,4,1,0,0,1,9,15
-28,0,0,9,2,0,0,0,0,0,0,0,10,0,0,5,6,165,0,0,0,0,0,2,3,3,3,1,0,0,2,10,45
-22,0,0,6,1,0,0,0,0,0,0,0,39,0,0,5,6,165,0,0,0,0,0,2,2,2,2,1,0,0,1,10,15
24,0,0,0,0,0,0,0,0,0,0,0,56,0,1,5,6,165,0,0,0,0,0,1,1,1,1,1,0,0,1,9,0
199,41,1,36,0,0,0,0,0,0,0,46,0,0,0,4,6,164,0,48,0,3,9,1,1,2,1,1,2,0,3,15,0
52,39,5,45,3,0,1,0,0,0,0,9,6,0,0,4,6,164,2,43,3,5,11,1,3,6,3,1,2,0,1,16,30
12,35,5,47,5,0,1,1,0,0,0,30,15,0,0,4,6,164,2,39,1,5,9,2,4,8,6,3,2,0,1,17,0
-11,35,7,48,5,0,0,1,0,0,0,24,21,1,0,4,6,164,2,39,1,5,9,1,4,7,5,3,2,0,1,17,30
9,31,4,46,7,0,0,1,0,0,0,14,1,0,0,4,6,164,1,36,3,5,10,3,5,12,8,5,2,0,1,16,45
66,31,4,44,6,0,0,2,0,0,0,6,9,0,0,4,6,164,2,35,3,5,9,2,4,11,7,4,2,0,1,15,45
49,29,2,43,6,0,0,2,0,0,0,11,4,0,0,4,6,164,1,34,3,4,9,1,4,13,8,4,2,0,1,15,30
26,27,2,34,7,0,0,2,1,0,0,7,8,0,0,4,6,164,1,31,1,3,9,4,8,14,10,4,2,2,4,14,45
107,27,3,33,6,0,0,2,1,0,0,1,14,0,0,4,6,164,1,31,2,5,10,4,8,13,9,4,2,2,2,14,30
65,27,5,36,6,0,1,1,1,0,0,2,13,0,0,4,6,164,2,30,2,4,12,6,8,14,8,4,2,2,3,15,0
61,27,5,34,5,0,1,1,1,0,0,7,8,0,0,4,6,164,1,30,2,5,14,5,9,13,8,4,2,2,4,14,45
90,26,4,30,4,0,1,1,1,0,0,5,10,0,0,4,6,164,0,30,2,5,15,5,8,12,8,3,2,2,2,14,0
45,26,5,36,4,0,1,1,1,0,0,29,1,0,0,4,6,164,1,29,3,5,15,4,8,12,7,2,2,2,3,15,0
10,26,5,36,4,0,1,0,1,0,0,26,4,0,0,4,6,164,1,29,3,6,15,3,7,12,6,2,1,2,3,15,0
-60,26,6,40,4,0,0,0,1,0,0,24,6,0,0,4,6,164,1,29,3,6,16,2,6,11,5,2,0,1,1,15,15
3,24,6,40,4,0,0,0,1,0,0,5,25,0,0,4,6,164,0,28,3,6,16,4,6,14,6,2,0,0,1,15,15
-25,23,6,40,5,0,0,0,1,0,0,5,10,0,0,4,6,164,1,26,3,7,16,5,7,14,6,1,0,0,1,15,15
80,22,5,24,5,0,0,0,0,0,0,12,3,0,0,4,6,164,0,26,4,9,16,4,6,13,6,2,0,0,2,12,45
28,22,6,31,5,0,0,0,0,0,0,11,4,0,0,4,6,164,1,25,3,9,15,3,5,12,5,2,0,0,1,14,15
51,22,7,26,4,0,0,0,0,0,0,5,10,0,0,4,6,164,1,25,3,10,16,2,4,12,4,2,0,0,1,13,0
6,20,7,29,4,0,0,1,0,0,0,5,10,0,0,4,6,164,1,23,4,10,17,3,5,13,5,3,0,0,1,13,30
25,17,6,23,6,0,1,1,0,0,0,6,9,0,0,4,6,164,2,19,6,8,16,4,9,13,7,4,0,0,2,12,30
87,17,6,19,5,0,1,1,0,0,0,6,9,0,0,4,6,164,2,19,6,8,16,3,8,12,6,3,0,0,2,12,0
2,14,5,28,7,0,1,1,1,0,0,3,12,0,0,4,6,164,1,15,3,7,14,6,9,15,10,6,0,0,1,13,15
-116,14,6,31,8,0,0,1,1,0,0,12,3,0,0,4,6,164,2,14,3,7,13,6,8,15,9,5,0,0,1,14,15
11,12,5,19,7,0,0,2,1,0,0,3,12,0,0,4,6,164,1,13,3,7,12,5,8,14,10,4,0,0,2,12,0
21,12,5,17,6,0,0,2,1,0,0,2,13,0,0,4,6,164,1,13,3,7,12,4,7,13,9,3,0,0,2,11,45
19,12,6,17,5,0,0,2,1,0,0,1,14,0,0,4,6,164,1,13,3,7,12,3,6,12,8,2,0,0,2,11,45
14,12,6,24,4,0,0,2,1,0,0,14,1,0,0,4,6,164,1,13,3,7,12,2,5,11,7,2,0,0,2,12,45
29,11,6,21,5,0,0,1,1,0,1,14,1,0,0,4,6,164,1,11,3,7,11,3,5,11,8,2,0,0,1,12,15
-1,9,7,14,6,0,0,1,1,0,0,21,9,0,0,4,6,164,0,10,6,9,10,3,8,12,9,2,0,0,2,11,30
59,9,7,14,5,0,1,2,1,0,0,18,12,0,0,4,6,164,2,8,4,7,8,2,7,11,8,2,0,0,2,11,30
20,8,6,21,4,0,1,3,1,0,0,9,21,0,0,4,6,164,2,7,4,6,7,2,7,12,8,2,0,0,1,12,15
17,5,5,9,5,0,1,4,1,0,0,14,1,0,0,4,6,164,2,4,3,4,4,6,7,14,10,3,0,0,2,10,30
-44,4,4,26,5,0,1,4,1,0,0,5,10,0,0,4,6,164,2,3,2,3,3,5,7,14,10,3,0,0,1,13,0
14,3,3,11,5,0,0,4,1,0,0,2,13,0,0,4,6,164,0,3,2,3,3,4,6,13,11,5,0,0,1,10,45
3,3,3,14,6,0,0,3,2,0,0,12,3,0,0,4,6,164,2,1,0,1,1,3,5,12,10,4,0,0,2,11,30
35,3,3,13,5,0,0,3,2,0,0,9,6,0,0,4,6,164,2,1,1,1,1,3,4,11,9,4,0,0,3,11,15
94,2,2,7,5,0,0,3,1,0,0,2,13,0,0,4,6,164,1,1,1,1,1,2,4,10,9,5,0,0,2,10,15
92,1,1,3,4,0,0,3,1,0,1,10,5,0,0,4,6,164,1,0,0,0,0,2,7,10,9,5,0,0,2,9,45
39,0,0,5,4,0,0,2,1,0,1,20,10,0,0,4,6,164,0,0,0,0,0,4,8,9,9,5,0,0,2,10,0
25,0,0,11,3,0,0,2,1,0,1,8,22,0,0,4,6,164,0,0,0,0,0,5,7,8,8,4,0,0,1,10,45
18,0,0,5,2,0,0,2,1,0,1,0,3,0,0,4,6,164,0,0,0,0,0,5,6,7,7,3,0,0,2,10,0
39,0,0,1,1,0,0,2,1,0,1,0,5,0,0,4,6,164,0,0,0,0,0,4,6,6,6,2,0,0,2,9,30
38,0,0,7,1,0,0,1,1,0,1,0,13,0,0,4,6,164,0,0,0,0,0,4,5,5,5,1,0,0,2,10,15
41,0,0,3,0,0,0,1,1,0,1,0,14,0,0,4,6,164,0,0,0,0,0,3,4,4,4,1,0,0,2,9,45
-10,0,0,9,0,0,0,0,1,0,1,0,26,0,0,4,6,164,0,0,0,0,0,2,3,3,3,1,0,0,2,10,30
22,0,0,1,0,0,0,0,0,0,1,0,36,0,0,4,6,164,0,0,0,0,0,2,2,2,2,0,0,0,2,9,30
33,0,0,0,0,0,0,0,0,0,0,0,65,0,1,4,6,164,0,0,0,0,0,1,1,1,1,0,0,0,2,9,0
18,33,5,51,2,0,0,1,0,0,0,2,13,1,0,3,6,163,2,50,4,8,13,1,2,8,2,2,5,2,1,17,30
142,28,4,36,7,0,1,2,0,0,0,7,8,0,0,3,6,163,3,42,1,5,8,4,6,12,8,7,4,2,2,15,0
27,28,4,44,7,0,0,2,0,0,0,0,15,0,0,3,6,163,3,42,2,5,9,3,6,13,7,6,4,2,1,16,15
8,27,5,48,6,0,0,3,0,0,0,14,1,0,0,3,6,163,2,41,3,4,9,3,7,13,8,5,4,2,2,17,0
3,27,5,47,5,0,0,3,0,0,0,13,2,0,0,3,6,163,2,41,3,4,9,2,7,12,7,4,4,2,1,16,45
-43,25,3,51,6,0,0,3,0,0,0,2,13,1,0,3,6,163,1,39,2,4,12,4,6,16,9,4,3,2,1,17,30
56,24,2,40,8,0,0,2,0,0,0,8,7,0,0,3,6,163,2,37,1,2,12,5,6,15,9,3,3,1,1,15,30
-47,24,2,46,8,0,0,1,0,0,0,3,12,0,0,3,6,163,2,37,2,3,12,4,8,14,8,2,2,2,1,16,30
18,23,1,38,7,0,0,1,0,0,0,8,7,0,0,3,6,163,1,37,2,4,13,3,7,14,8,1,2,1,2,15,15
10,22,0,43,6,0,0,1,0,0,0,14,1,0,0,3,6,163,0,37,2,5,14,3,7,13,8,1,2,2,2,16,0
-54,22,1,51,5,0,0,1,0,0,0,13,2,1,0,3,6,163,0,37,2,5,14,2,6,12,7,1,2,2,1,17,30
-19,22,5,36,5,0,0,2,0,0,0,0,15,0,0,3,6,163,1,35,3,8,16,5,10,11,7,1,2,2,2,15,0
43,22,5,34,4,0,0,2,0,0,0,7,8,0,0,3,6,163,1,35,4,10,18,5,9,12,6,0,2,2,2,14,45
50,22,5,42,3,0,1,2,0,0,0,5,10,0,0,3,6,163,2,34,3,9,17,4,8,11,5,0,2,2,1,15,45
18,22,5,40,3,0,1,1,0,0,0,3,12,0,0,3,6,163,2,34,5,9,17,3,7,10,4,0,1,2,1,15,30
-124,22,7,44,4,0,1,1,0,0,0,32,13,0,0,3,6,163,2,32,5,9,16,6,7,12,5,1,0,1,1,16,15
-71,20,6,49,4,0,1,1,0,0,0,23,22,0,0,3,6,163,1,31,6,8,16,5,6,12,6,3,0,0,3,17,15
39,19,5,33,4,0,1,2,0,0,0,17,28,0,0,3,6,163,2,29,4,8,14,4,5,11,6,3,0,0,2,14,30
-9,18,4,32,4,0,0,2,0,0,0,13,32,0,0,3,6,163,1,29,5,8,15,3,4,10,6,3,0,0,1,14,15
16,18,4,34,3,0,0,2,0,0,0,8,37,0,0,3,6,163,1,29,6,9,16,3,3,10,5,2,0,0,2,14,45
118,17,3,20,4,0,0,2,0,0,0,4,41,0,0,3,6,163,2,27,4,7,14,2,2,10,5,2,0,0,1,12,0
34,15,4,30,6,0,0,2,0,0,0,12,3,0,0,3,6,163,2,24,3,8,12,1,3,12,7,3,0,0,1,13,15
25,13,6,31,11,0,0,1,0,0,0,10,5,0,0,3,6,163,2,19,4,7,12,5,10,20,11,5,0,0,1,13,30
43,13,7,28,11,0,0,1,1,0,0,7,8,0,0,3,6,163,4,17,2,5,10,5,10,19,10,4,0,0,1,13,0
46,11,5,24,11,0,0,1,1,0,0,11,4,0,0,3,6,163,3,16,3,4,11,5,10,19,11,5,0,0,2,12,30
229,11,5,5,11,0,0,0,1,0,0,5,10,0,0,3,6,163,3,16,3,4,11,5,9,18,10,4,0,0,1,9,45
-106,11,5,38,10,0,0,0,1,0,0,4,11,0,0,3,6,163,3,16,3,4,11,4,8,17,9,4,0,0,2,15,15
14,9,3,23,9,0,0,1,1,0,0,10,5,0,0,3,6,163,2,15,3,5,11,5,8,19,10,5,0,0,2,12,15
62,7,2,20,9,0,0,1,1,0,0,13,2,0,0,3,6,163,1,14,2,5,11,5,8,20,11,6,0,0,1,12,0
21,7,2,20,9,0,0,1,1,0,0,5,10,0,0,3,6,163,2,13,1,5,11,5,9,19,10,6,0,0,1,12,0
-8,7,2,28,8,0,0,2,1,0,0,13,2,0,0,3,6,163,2,12,0,5,10,4,10,18,10,6,0,0,1,13,0
30,7,2,26,7,0,0,2,1,0,0,10,5,0,0,3,6,163,2,12,2,5,11,4,11,17,9,5,0,0,2,12,45
-6,6,1,26,6,0,0,2,1,0,0,8,7,0,0,3,6,163,1,12,3,5,11,4,10,16,9,5,0,0,2,12,45
-1,6,3,24,5,0,0,2,1,0,0,12,3,0,0,3,6,163,0,12,4,7,12,3,10,15,9,4,0,0,2,12,30
47,6,3,16,4,0,0,2,1,0,0,11,4,0,0,3,6,163,0,11,5,7,12,8,12,16,8,4,0,0,2,11,15
77,6,3,14,6,0,0,2,0,0,1,10,5,0,0,3,6,163,3,9,2,5,9,7,11,15,7,3,0,0,1,11,0
32,5,2,17,5,0,0,2,1,0,1,12,3,0,0,3,6,163,2,8,3,5,8,7,12,16,8,2,0,0,1,11,30
48,5,2,14,5,0,0,1,1,0,1,11,4,0,0,3,6,163,2,8,3,5,8,6,11,15,7,1,0,0,1,11,0
70,5,3,8,4,0,0,1,1,0,1,3,12,0,0,3,6,163,2,8,3,6,8,5,10,14,6,1,0,0,2,10,15
2,5,3,19,4,0,0,1,1,0,1,14,1,0,0,3,6,163,3,7,2,5,7,5,9,14,5,1,0,0,3,11,45
-341,5,3,49,3,0,0,1,1,0,1,13,2,0,0,3,6,163,3,7,2,5,7,5,8,13,4,0,0,0,3,17,15
-9,5,3,17,3,0,0,0,1,0,1,13,2,0,0,3,6,163,3,7,2,5,7,5,7,12,3,0,0,0,1,11,30
13,4,2,10,3,0,0,0,1,0,1,3,12,0,0,3,6,163,3,6,2,5,6,5,6,11,3,1,0,0,2,10,30
16,3,3,7,3,0,0,0,1,0,1,14,1,0,0,3,6,163,2,5,3,5,5,5,7,10,4,1,0,0,2,10,0
-47,3,3,12,3,0,0,0,1,0,0,13,2,0,0,3,6,163,1,5,3,5,5,4,6,9,4,1,0,0,2,10,45
-3,3,3,12,2,0,0,0,1,0,0,13,2,0,0,3,6,163,1,5,3,5,5,3,5,8,3,1,0,0,2,10,45
81,3,3,1,2,0,0,0,1,0,0,6,9,0,0,3,6,163,1,4,3,4,4,2,4,7,3,1,0,0,1,9,0
-17,3,3,10,2,0,0,1,0,0,0,0,15,0,0,3,6,163,2,3,3,3,3,1,5,6,2,0,0,0,2,10,30
2,0,0,2,2,0,0,1,1,0,1,9,6,0,0,3,6,163,1,0,0,0,0,4,5,6,5,2,0,0,2,9,15
-18,0,0,5,2,0,0,0,1,0,1,2,13,0,0,3,6,163,0,0,0,0,0,4,4,5,5,3,0,0,1,9,45
-20,0,0,8,1,0,0,0,1,0,1,3,12,0,0,3,6,163,0,0,0,0,0,3,3,4,4,2,0,0,2,10,15
7,0,0,3,0,0,0,0,1,0,1,1,14,0,0,3,6,163,0,0,0,0,0,2,2,3,3,2,0,0,2,9,30
-23,0,0,3,0,0,0,0,0,0,1,0,13,0,0,3,6,163,0,0,0,0,0,1,2,2,2,1,0,0,2,9,30
24,0,0,0,0,0,0,0,0,0,0,0,64,0,1,3,6,163,0,0,0,0,0,1,1,1,1,0,0,0,1,8,45
48,30,0,55,3,0,0,0,1,0,0,1,14,0,0,2,6,162,0,53,2,5,10,3,5,10,5,2,8,2,1,17,30
13,30,0,57,2,0,0,0,1,0,0,0,15,1,0,2,6,162,0,53,5,6,12,3,5,11,4,2,7,1,1,17,45
52,30,0,49,2,0,0,1,0,0,0,11,4,0,0,2,6,162,1,52,4,6,11,2,4,10,3,2,7,0,2,16,45
47,30,0,47,2,0,0,2,0,0,0,6,9,0,0,2,6,162,1,50,3,5,10,3,4,9,4,2,7,1,2,16,30
-27,30,0,49,3,0,0,2,0,0,0,8,7,0,0,2,6,162,1,48,2,4,9,2,6,9,5,3,7,3,2,16,45
2,30,1,51,2,0,0,2,0,0,0,14,1,0,0,2,6,162,0,48,2,5,10,2,5,8,5,3,7,3,2,17,0
-48,30,3,53,2,0,0,2,0,0,1,14,1,0,0,2,6,162,0,46,3,6,12,4,6,9,6,2,6,4,2,17,15
-45,30,3,53,3,0,0,1,0,0,1,2,13,0,0,2,6,162,1,45,4,5,12,5,5,8,5,1,5,3,2,17,15
-79,30,3,55,3,0,0,0,0,0,1,0,15,0,0,2,6,162,1,45,4,5,12,4,4,8,4,1,5,2,1,17,30
-29,30,3,46,2,0,0,0,0,0,1,11,4,0,0,2,6,162,0,45,4,6,12,3,4,8,4,0,4,2,2,16,15
-26,29,3,45,4,0,0,0,0,0,0,13,2,0,0,2,6,162,1,43,3,5,12,2,3,10,4,0,4,1,1,16,0
-31,29,3,47,3,0,0,0,0,0,0,11,4,0,0,2,6,162,1,43,3,5,12,1,3,10,3,0,3,1,2,16,30
6,27,4,39,5,0,0,1,0,0,0,0,15,0,0,2,6,162,1,39,4,6,15,3,4,14,6,3,3,0,1,14,45
-27,26,4,41,5,0,0,1,0,0,0,28,17,0,0,2,6,162,1,38,4,7,14,2,7,14,6,2,3,0,1,15,15
-106,26,4,51,5,0,0,1,0,0,0,21,24,0,0,2,6,162,2,37,4,8,15,1,8,13,5,1,3,0,2,17,0
25,23,4,34,6,0,0,3,0,0,0,2,13,0,0,2,6,162,0,33,4,9,16,7,10,14,10,5,3,0,1,13,15
17,23,4,37,6,0,0,2,0,0,0,12,3,0,0,2,6,162,0,33,5,9,18,6,10,15,9,4,3,0,1,14,15
63,23,4,32,6,0,0,2,0,0,0,7,8,0,0,2,6,162,1,32,5,8,17,6,9,15,8,3,3,0,2,13,0
22,23,4,34,6,0,0,1,0,0,0,7,8,0,0,2,6,162,1,32,5,8,17,5,8,14,7,3,3,0,1,13,15
-35,23,4,40,5,0,0,1,0,0,0,5,10,0,0,2,6,162,1,32,5,8,18,4,7,14,6,2,3,0,1,15,0
89,22,4,36,5,0,0,1,0,0,0,11,4,0,0,2,6,162,1,31,5,8,19,4,7,13,6,2,3,0,1,13,30
-115,22,5,43,6,0,0,1,0,0,0,7,8,0,0,2,6,162,3,29,3,6,18,3,6,12,5,2,3,0,1,15,45
-122,20,5,43,6,0,0,1,0,0,0,9,6,0,0,2,6,162,1,28,4,7,20,4,6,13,7,4,3,0,1,15,45
53,20,6,28,8,0,0,0,0,0,0,13,2,0,0,2,6,162,2,26,2,7,19,4,6,16,7,4,3,0,2,12,30
-133,19,6,42,8,0,0,0,0,0,0,4,11,0,0,2,6,162,1,25,3,8,18,3,5,18,8,5,3,0,2,15,30
40,19,7,24,8,0,0,0,0,0,0,1,14,0,0,2,6,162,2,24,2,7,18,2,4,17,7,4,3,0,2,12,0
-16,19,8,32,7,0,0,0,0,0,0,5,10,0,0,2,6,162,2,24,5,10,19,2,7,19,6,3,3,1,2,13,0
-14,16,9,30,8,0,0,1,0,0,0,13,2,0,0,2,6,162,2,21,6,12,18,4,6,21,8,4,3,1,2,12,45
46,14,8,26,9,0,0,1,0,0,0,2,13,0,0,2,6,162,2,19,5,12,17,5,10,21,9,3,3,1,2,12,15
33,12,8,20,11,0,0,1,0,0,1,14,1,0,0,2,6,162,4,15,5,9,15,4,13,20,10,4,2,1,1,11,30
-4,12,8,28,10,0,0,1,0,0,1,13,2,0,0,2,6,162,2,15,6,9,15,3,12,20,11,4,2,0,2,12,30
3,12,8,30,9,0,0,1,0,0,1,10,5,0,0,2,6,162,2,15,7,10,15,4,12,20,10,4,2,0,2,12,45
20,11,8,24,8,0,0,2,0,0,1,6,9,0,0,2,6,162,2,14,6,9,14,4,12,20,10,5,2,0,2,12,0
-62,7,6,26,11,0,2,2,0,0,1,12,3,0,0,2,6,162,2,8,3,6,8,10,15,23,15,9,2,1,2,12,15
5,7,6,20,10,0,2,2,0,0,1,10,5,0,0,2,6,162,2,8,3,6,8,9,14,23,14,8,2,1,1,11,30
24,7,6,14,10,0,2,2,0,0,0,7,8,0,0,2,6,162,2,8,3,6,8,9,13,22,13,8,2,1,2,10,45
1,7,6,23,9,0,2,2,0,0,0,5,10,0,0,2,6,162,2,8,3,6,8,9,12,21,12,7,2,1,2,11,45
82,7,6,12,8,0,2,2,0,0,0,4,11,0,0,2,6,162,2,8,4,6,8,8,12,20,11,6,2,2,2,10,30
-2,6,5,18,8,0,2,2,0,0,0,1,14,0,0,2,6,162,2,7,4,5,7,8,11,19,11,6,2,2,3,11,15
-38,6,5,20,7,0,2,2,0,0,0,11,4,0,0,2,6,162,2,7,4,5,7,7,10,18,10,6,2,2,1,11,30
-220,6,5,38,6,0,2,2,0,0,0,8,7,0,0,2,6,162,2,7,4,5,7,7,9,17,9,5,2,2,1,14,30
41,6,5,16,6,0,2,1,0,0,0,6,9,0,0,2,6,162,2,7,4,5,7,6,8,16,8,5,2,2,2,11,0
10,4,3,18,6,0,2,1,0,0,0,13,2,0,0,2,6,162,1,5,3,6,6,6,8,15,9,5,2,2,3,11,15
14,4,4,14,6,0,2,1,0,0,0,9,6,0,0,2,6,162,2,5,3,5,5,5,9,15,8,5,2,2,2,10,45
18,3,3,9,6,0,1,1,0,0,0,5,10,0,0,2,6,162,1,5,3,5,5,4,8,14,8,4,1,2,2,10,15
19,2,2,16,6,0,1,1,0,0,0,3,12,0,0,2,6,162,1,4,2,4,4,4,7,13,8,5,1,1,2,11,0
13,2,2,12,5,0,1,2,0,0,0,10,5,0,0,2,6,162,2,3,1,3,3,3,7,12,7,4,1,1,2,10,30
23,1,1,5,5,0,1,1,0,0,0,1,14,0,0,2,6,162,1,3,2,3,3,2,8,11,7,4,1,1,2,9,45
75,1,1,5,4,0,1,1,0,0,1,4,11,0,0,2,6,162,2,2,2,2,2,4,9,10,6,4,0,1,2,9,45
49,1,1,2,6,0,0,1,0,0,1,13,2,0,0,2,6,162,2,0,0,0,0,7,8,9,7,5,0,0,2,9,30
30,1,1,9,5,0,0,1,0,0,1,10,5,0,0,2,6,162,2,0,0,0,0,7,8,8,6,5,0,0,2,10,15
5,0,0,7,4,0,0,1,0,0,1,9,6,0,0,2,6,162,1,0,0,0,0,6,7,7,6,4,0,0,3,10,0
-14,0,0,2,4,0,0,1,0,0,0,0,3,0,0,2,6,162,0,0,0,0,0,5,6,6,6,3,0,0,2,9,30
-10,0,0,1,3,0,0,1,0,0,0,0,6,0,0,2,6,162,0,0,0,0,0,4,5,5,5,2,0,0,3,9,15
10,0,0,0,2,0,0,1,0,0,0,0,7,0,1,2,6,162,0,0,0,0,0,3,4,4,4,2,0,0,1,9,0
20,0,0,2,1,0,0,1,0,0,0,0,15,0,0,2,6,162,0,0,0,0,0,2,3,3,3,2,0,0,2,9,30
18,0,0,7,0,0,0,1,0,0,0,0,19,0,0,2,6,162,0,0,0,0,0,2,2,2,2,1,0,0,3,10,0
-45,0,0,9,0,0,0,0,0,0,0,0,48,0,0,2,6,162,0,0,0,0,0,1,1,1,1,1,0,0,2,10,15
9,31,3,46,2,0,1,0,0,0,0,5,10,1,0,6,6,159,1,43,3,5,11,3,5,7,3,2,5,1,1,17,0
39,30,2,45,2,0,1,1,0,0,0,6,9,0,0,6,6,159,2,41,2,5,10,2,4,7,3,1,5,1,1,16,45
44,30,2,40,2,0,0,1,0,0,0,2,13,0,0,6,6,159,2,41,2,5,10,2,3,6,2,0,5,1,1,16,0
16,29,3,42,2,0,0,2,0,0,0,3,12,0,0,6,6,159,2,39,3,6,9,2,2,6,3,1,4,1,2,16,15
38,29,3,43,1,0,0,2,0,0,0,12,3,0,0,6,6,159,2,39,4,7,11,1,3,5,2,0,4,0,1,16,30
-25,26,3,43,4,0,1,2,1,0,0,2,13,0,0,6,6,159,4,33,2,3,7,3,4,8,5,2,4,0,1,16,30
16,26,3,35,4,0,0,3,1,0,0,12,3,0,0,6,6,159,5,32,1,4,7,2,3,8,4,2,4,0,1,15,0
62,24,1,31,4,0,0,3,0,0,0,0,15,0,0,6,6,159,3,32,1,4,8,2,3,7,5,2,4,0,1,14,15
22,24,2,37,4,0,0,3,0,0,0,9,6,0,0,6,6,159,4,31,3,4,9,1,3,10,4,2,4,0,2,15,30
-15,23,3,38,6,0,0,2,0,0,1,23,22,0,0,6,6,159,5,28,1,3,12,2,5,9,5,2,4,1,2,15,45
9,22,3,33,5,0,0,2,0,0,1,1,44,0,0,6,6,159,3,28,2,5,15,3,5,13,6,2,4,1,1,14,45
-45,22,4,33,5,0,0,2,0,0,1,14,1,0,0,6,6,159,3,27,3,6,16,3,7,15,6,2,4,2,1,14,45
-137,21,5,40,5,0,0,3,0,0,0,3,12,0,0,6,6,159,3,26,3,7,16,3,6,15,6,2,3,2,1,16,0
22,20,4,32,6,0,0,2,0,0,0,14,1,0,0,6,6,159,3,25,2,9,17,3,5,14,6,1,3,1,2,14,30
42,19,7,30,5,0,1,2,0,0,0,7,8,0,0,6,6,159,2,24,4,10,18,4,8,15,7,3,3,1,1,13,30
-118,19,7,36,5,0,1,1,0,0,1,0,15,0,0,6,6,159,3,23,7,10,18,3,8,15,6,3,2,1,1,15,15
41,19,7,28,4,0,1,0,1,0,1,12,3,0,0,6,6,159,2,22,6,9,17,2,7,14,7,2,2,0,1,13,0
31,19,7,24,4,0,1,0,1,0,1,12,3,0,0,6,6,159,2,22,6,9,17,2,7,14,7,2,2,0,2,12,30
-27,13,7,24,11,0,0,0,1,0,2,0,15,0,0,6,6,159,3,14,3,8,12,8,11,19,12,5,2,2,2,12,30
4,13,7,21,10,0,0,0,1,0,2,13,2,0,0,6,6,159,3,14,3,8,12,7,10,18,11,5,2,2,1,12,0
-21,13,8,29,9,0,0,0,1,0,2,10,5,0,0,6,6,159,3,14,4,8,12,7,9,17,10,4,2,2,1,13,15
10,13,8,19,9,0,0,0,1,0,1,9,6,0,0,6,6,159,3,14,4,8,12,6,8,16,9,3,2,2,2,11,45
27,12,7,26,8,0,0,0,1,0,1,7,8,0,0,6,6,159,2,14,4,8,13,5,7,16,9,4,2,2,1,12,45
15,11,6,17,7,0,0,1,1,0,1,10,5,0,0,6,6,159,2,13,6,9,12,5,7,16,9,4,2,2,2,11,30
-197,10,5,38,8,0,0,1,1,0,0,7,8,0,0,6,6,159,2,12,6,8,11,5,7,16,9,5,1,2,2,15,45
-17,10,5,26,7,0,0,1,1,0,0,4,11,0,0,6,6,159,2,12,6,8,11,4,7,15,8,5,1,1,1,12,45
46,9,4,17,8,0,0,2,0,0,0,10,5,0,0,6,6,159,2,10,4,6,10,3,7,14,9,7,1,1,2,11,30
22,7,4,14,8,0,0,3,0,0,1,11,4,0,0,6,6,159,3,7,3,4,7,3,9,14,10,7,1,1,2,11,15
28,7,4,19,7,0,0,3,0,0,1,9,6,0,0,6,6,159,3,7,3,5,7,2,8,13,9,6,0,1,2,11,45
12,5,4,14,7,0,0,3,0,0,1,1,14,0,0,6,6,159,1,6,2,5,6,5,10,16,11,6,0,0,2,11,15
-6,5,4,13,6,0,0,5,0,0,1,9,6,0,0,6,6,159,3,4,2,3,4,7,9,15,10,6,0,0,3,11,0
26,5,4,23,5,0,0,5,0,0,1,6,9,0,0,6,6,159,3,4,2,3,4,6,9,14,9,6,0,0,2,12,15
-44,5,5,21,4,0,0,5,0,0,1,11,4,0,0,6,6,159,3,4,2,4,4,5,8,14,8,5,0,0,1,12,0
31,3,3,11,3,0,0,5,0,0,1,8,7,0,0,6,6,159,1,4,3,4,4,4,7,13,9,5,0,0,1,10,45
32,3,3,9,2,0,0,5,0,0,1,14,1,0,0,6,6,159,1,4,3,4,4,5,7,13,8,4,0,0,2,10,30
47,3,3,6,3,0,0,4,0,0,1,13,2,0,0,6,6,159,1,3,2,3,3,4,6,12,8,5,0,0,1,10,0
10,3,3,6,4,0,0,3,0,0,1,9,6,0,0,6,6,159,2,2,1,2,2,3,5,11,7,5,0,0,1,10,0
35,1,1,14,3,0,0,3,0,0,2,7,8,0,0,6,6,159,1,1,1,1,1,3,8,10,8,6,0,0,2,11,15
99,1,1,4,2,0,0,3,0,0,2,4,11,0,0,6,6,159,1,1,1,1,1,2,7,9,7,6,0,0,2,9,45
46,1,1,8,2,0,0,2,0,0,2,7,8,0,0,6,6,159,1,1,1,1,1,2,6,8,6,5,0,0,2,10,15
45,0,0,0,1,0,0,3,0,0,2,3,12,0,1,6,6,159,0,0,0,0,0,5,6,7,7,6,0,0,1,9,0
-17,0,0,2,1,0,0,2,0,0,2,0,9,0,0,6,6,159,0,0,0,0,0,4,6,6,6,6,0,0,2,9,30
12,0,0,9,1,0,0,1,0,0,2,0,15,0,0,6,6,159,0,0,0,0,0,4,5,5,5,5,0,0,2,10,30
2,0,0,1,1,0,0,1,0,0,1,0,16,0,0,6,6,159,0,0,0,0,0,3,4,4,4,4,0,0,2,9,15
-47,0,0,11,1,0,0,1,0,0,0,0,18,0,0,6,6,159,0,0,0,0,0,2,3,3,3,3,0,0,1,10,45
8,0,0,2,0,0,0,1,0,0,0,0,44,0,0,6,6,159,0,0,0,0,0,2,2,2,2,2,0,0,2,9,30
23,0,0,4,0,0,0,0,0,0,0,0,61,0,0,6,6,159,0,0,0,0,0,1,1,1,1,1,0,0,2,9,45
115,31,4,38,1,0,1,1,0,0,0,16,0,0,0,5,6,158,2,42,2,3,8,2,3,9,2,1,8,0,1,16,15
61,29,2,42,1,0,1,1,0,0,0,0,0,0,0,5,6,158,1,41,2,2,9,1,4,8,3,1,8,1,1,17,0
14,28,1,45,3,0,0,1,0,0,0,14,1,1,0,5,6,158,1,39,0,3,10,3,7,8,4,2,8,3,1,17,30
41,27,1,42,3,0,0,0,0,0,0,14,1,0,0,5,6,158,0,39,2,5,10,2,6,10,4,2,7,3,1,17,0
75,27,1,36,2,0,0,0,0,0,0,9,6,0,0,5,6,158,0,39,2,5,10,3,5,9,3,1,7,2,1,16,0
92,27,2,31,1,0,1,0,0,0,0,14,1,0,0,5,6,158,1,37,3,6,10,4,5,11,3,1,6,3,1,15,15
-26,27,2,40,1,0,1,0,0,0,0,14,1,0,0,5,6,158,1,37,3,6,10,4,5,11,3,1,6,3,2,16,45
-11,27,2,44,0,0,1,0,0,0,0,8,7,0,0,5,6,158,0,37,3,7,10,2,3,9,2,0,5,2,1,17,15
-18,27,2,39,0,0,0,0,0,0,0,6,9,0,0,5,6,158,0,37,4,7,10,1,2,8,1,0,5,1,2,16,30
-5,25,2,34,3,0,0,2,0,0,0,3,12,0,0,5,6,158,1,31,2,4,11,2,5,8,5,2,4,3,2,15,45
-37,24,1,36,3,0,0,2,1,0,0,9,6,0,0,5,6,158,2,29,1,3,12,4,6,9,5,2,3,3,1,16,0
7,23,0,34,3,0,0,1,1,0,0,2,13,0,0,5,6,158,1,29,2,4,14,3,5,8,5,2,2,2,2,15,45
3,23,0,29,2,0,0,1,1,0,0,1,14,0,0,5,6,158,1,29,2,4,14,3,4,7,4,2,2,1,2,15,0
19,23,2,29,1,0,0,1,1,0,0,5,10,0,0,5,6,158,1,29,2,6,15,3,3,7,3,2,2,1,2,15,0
-2,23,4,33,1,0,1,0,1,0,1,2,13,0,0,5,6,158,3,27,2,7,15,2,3,8,2,1,1,1,2,15,30
22,23,4,27,1,0,1,0,0,0,1,0,15,0,0,5,6,158,3,27,2,7,15,1,2,7,1,1,1,0,1,14,30
-165,19,7,40,4,0,3,2,0,0,0,20,10,0,0,5,6,158,3,20,3,8,15,3,6,14,7,4,1,1,2,16,45
-41,17,6,28,4,0,2,3,0,0,0,12,18,0,0,5,6,158,2,19,4,8,14,3,5,15,8,5,0,1,2,14,45
-29,17,7,26,3,0,2,4,0,0,0,10,20,0,0,5,6,158,3,18,3,7,14,2,4,14,7,5,0,0,1,14,15
36,15,6,23,4,0,1,4,0,0,2,14,1,0,0,5,6,158,3,15,3,4,11,3,8,19,9,7,0,0,1,13,0
41,13,5,21,5,0,0,4,0,0,2,2,13,0,0,5,6,158,2,14,3,7,12,3,9,18,10,7,0,0,2,12,45
59,13,7,17,6,0,0,4,0,0,2,9,6,0,0,5,6,158,4,12,1,7,11,3,9,19,9,7,0,0,2,12,15
25,9,5,19,7,0,0,4,0,0,1,8,7,0,0,5,6,158,1,11,3,7,11,6,11,19,12,7,0,0,2,12,30
97,9,6,7,7,0,0,4,0,0,0,14,1,0,0,5,6,158,1,11,4,7,11,6,12,18,11,6,0,0,2,11,0
43,9,7,19,6,0,0,4,0,0,0,8,7,0,0,5,6,158,0,11,6,7,11,6,12,17,11,5,0,0,2,12,30
14,9,7,15,5,0,0,4,0,0,0,2,13,0,0,5,6,158,0,11,6,7,11,5,13,16,10,4,0,0,2,12,0
12,9,7,15,4,0,0,4,0,0,0,14,1,0,0,5,6,158,0,11,6,7,11,5,12,17,9,4,0,0,2,12,0
24,9,7,13,4,0,0,5,0,0,0,11,4,0,0,5,6,158,2,9,4,5,9,5,11,16,8,4,0,0,2,11,45
9,8,6,21,5,0,0,4,0,0,1,3,12,0,0,5,6,158,3,7,3,4,7,6,10,15,8,4,0,0,2,12,45
37,6,5,23,5,0,0,3,0,0,1,13,2,0,0,5,6,158,1,7,3,5,7,6,10,14,9,5,0,0,1,13,0
-24,4,3,25,6,0,1,2,0,0,1,1,14,0,0,5,6,158,1,5,1,4,5,8,11,14,10,6,0,0,1,13,30
19,4,3,9,6,0,1,1,0,0,1,13,2,0,0,5,6,158,1,5,1,4,5,7,10,13,9,5,0,0,2,11,15
67,4,3,17,7,0,1,0,0,0,1,9,6,0,0,5,6,158,2,4,0,4,4,6,9,13,8,5,0,0,2,12,15
36,4,3,13,6,0,1,0,0,0,1,8,7,0,0,5,6,158,2,4,1,4,4,5,8,12,7,4,0,0,2,11,45
65,3,3,11,5,0,1,0,0,0,1,0,15,0,0,5,6,158,1,4,2,4,4,4,7,11,7,4,0,0,2,11,30
13,2,2,9,4,0,1,0,0,0,1,8,7,0,0,5,6,158,0,4,3,4,4,5,6,10,7,5,0,0,2,11,15
64,2,2,2,4,0,0,0,0,0,1,7,8,0,0,5,6,158,0,4,3,4,4,4,5,9,6,4,0,0,1,10,15
-198,2,2,31,3,0,0,0,0,0,1,5,10,0,0,5,6,158,0,4,3,4,4,3,4,8,5,3,0,0,1,15,15
46,2,2,5,2,0,0,1,0,0,2,0,15,0,0,5,6,158,2,2,2,2,2,3,5,8,4,3,0,0,2,10,45
19,1,1,7,2,0,0,1,0,0,2,12,3,0,0,5,6,158,2,1,1,1,1,2,4,7,4,2,0,0,2,11,0
15,1,1,5,2,0,0,1,0,0,1,2,13,0,0,5,6,158,2,1,1,1,1,1,3,6,3,2,0,0,2,10,45
-74,0,0,11,3,0,0,0,0,0,1,1,14,0,0,5,6,158,0,0,0,0,0,3,4,5,5,2,0,0,2,11,30
-18,0,0,4,2,0,0,0,0,0,1,0,15,0,0,5,6,158,0,0,0,0,0,2,3,4,4,1,0,0,2,10,30
18,0,0,0,1,0,0,0,0,0,1,0,28,0,1,5,6,158,0,0,0,0,0,2,3,3,3,1,0,0,1,9,45
39,0,0,2,0,0,0,0,0,0,1,0,36,0,0,5,6,158,0,0,0,0,0,1,2,2,2,1,0,0,1,10,15
29,0,0,1,0,0,0,0,0,0,0,0,68,0,0,5,6,158,0,0,0,0,0,1,1,1,1,0,0,0,2,10,0
71,35,5,49,2,0,0,1,0,0,0,5,0,0,0,4,6,157,2,48,2,5,13,1,2,7,2,0,4,0,1,17,0
40,31,5,47,4,0,0,3,0,0,0,1,14,0,0,4,6,157,3,43,5,7,12,3,5,11,5,3,4,0,2,16,45
35,30,4,51,5,0,1,2,0,0,0,4,11,1,0,4,6,157,3,41,4,6,10,3,5,11,6,3,4,0,1,17,30
46,29,3,44,4,0,1,2,0,0,0,1,14,0,0,4,6,157,2,41,4,6,11,2,5,11,6,4,4,0,1,16,15
16,27,2,49,5,0,1,3,0,0,0,10,5,0,0,4,6,157,3,38,3,5,10,2,6,11,7,5,4,1,1,17,0
32,26,3,42,5,0,1,3,0,0,0,7,8,0,0,4,6,157,2,37,3,6,9,3,7,13,8,6,4,1,2,16,0
23,26,3,46,7,0,1,2,0,0,0,9,6,0,0,4,6,157,4,35,2,4,8,4,6,14,7,5,4,1,2,16,30
28,26,3,40,6,0,1,2,0,0,0,1,14,0,0,4,6,157,3,35,3,4,8,3,7,13,7,4,4,1,2,15,45
28,25,3,39,7,0,1,1,1,0,0,1,14,0,0,4,6,157,4,33,2,5,7,4,7,14,7,4,4,1,2,15,30
-2,25,3,42,7,0,0,1,1,0,0,12,3,0,0,4,6,157,4,33,2,5,9,3,6,13,6,3,3,1,2,16,0
-6,23,1,47,8,0,0,0,1,0,0,1,14,0,0,4,6,157,3,32,2,4,8,4,8,12,7,5,3,1,2,16,45
70,23,1,37,7,0,0,0,1,0,0,14,1,0,0,4,6,157,2,32,2,4,8,4,7,11,7,4,3,1,1,15,15
3,23,2,35,8,0,0,0,0,0,0,4,11,0,0,4,6,157,3,31,3,4,12,4,8,12,6,3,3,1,2,15,0
21,23,2,44,7,0,0,0,0,0,0,2,13,0,0,4,6,157,3,31,3,4,12,4,7,12,5,2,3,1,1,16,15
-12,23,2,40,7,0,0,0,0,0,0,14,1,0,0,4,6,157,4,30,2,3,11,4,6,11,4,2,3,1,2,15,45
5,22,4,37,8,0,0,0,0,0,0,38,7,0,0,4,6,157,2,28,1,4,13,5,7,13,7,3,2,2,1,15,15
-2,22,4,31,7,0,0,0,0,0,0,34,11,0,0,4,6,157,2,28,1,4,13,4,6,13,6,2,2,1,1,14,15
-1,22,5,35,6,0,0,0,0,0,0,32,13,0,0,4,6,157,2,28,1,4,14,3,5,14,5,2,2,1,2,15,0
-14,22,6,32,5,0,0,0,0,0,0,21,24,0,0,4,6,157,2,28,2,5,14,4,4,13,4,2,2,1,2,14,30
18,21,5,33,4,0,0,0,0,0,0,14,31,0,0,4,6,157,1,28,2,6,15,3,4,14,4,3,2,1,2,14,45
70,21,8,27,4,0,0,0,0,0,1,11,4,0,0,4,6,157,3,26,3,10,17,2,5,14,3,2,1,2,2,13,15
-21,20,7,33,3,0,0,0,0,0,1,8,7,0,0,4,6,157,2,26,3,10,17,1,5,14,3,3,1,1,2,14,45
14,16,5,25,4,0,1,1,0,0,1,0,15,0,0,4,6,157,1,22,7,9,15,6,11,17,7,5,1,1,2,13,0
19,16,7,29,4,0,2,2,0,0,1,7,8,0,0,4,6,157,3,19,4,8,13,5,10,17,7,5,0,1,1,13,30
47,15,7,22,4,0,2,2,0,0,0,2,13,0,0,4,6,157,2,19,4,8,13,6,10,16,7,4,0,0,1,12,30
-2,13,5,24,6,0,1,2,0,0,1,10,5,0,0,4,6,157,3,16,2,7,11,6,9,16,8,4,0,0,2,12,45
47,13,5,20,5,0,1,2,0,0,1,5,10,0,0,4,6,157,3,16,2,8,11,5,9,16,7,4,0,0,2,12,15
25,11,3,25,4,0,1,2,0,0,1,3,12,0,0,4,6,157,1,16,3,8,11,5,8,15,8,4,0,0,2,13,0
33,11,5,17,5,0,1,2,0,0,0,7,8,0,0,4,6,157,1,15,4,7,11,6,8,14,8,3,0,0,1,11,45
72,11,5,13,5,0,0,2,0,0,0,4,11,0,0,4,6,157,0,15,4,7,11,5,7,13,8,3,0,0,2,11,15
84,11,5,15,6,0,0,1,0,0,0,2,13,0,0,4,6,157,1,14,3,6,10,4,7,12,7,2,0,0,2,11,30
19,11,5,19,6,0,0,1,0,0,0,5,10,0,0,4,6,157,2,13,5,6,10,4,8,13,6,1,0,0,2,12,0
-84,11,5,29,5,0,0,1,0,0,0,0,15,0,0,4,6,157,2,13,5,6,10,3,7,12,5,1,0,0,1,13,30
-3,9,4,20,5,0,1,1,0,0,0,7,8,0,0,4,6,157,2,11,3,5,8,3,7,12,6,2,0,0,2,12,15
5,8,5,15,7,0,0,1,0,0,0,9,6,0,0,4,6,157,3,9,2,4,7,4,8,11,6,3,0,0,2,11,30
-24,7,5,27,7,0,0,1,0,0,0,10,5,0,0,4,6,157,2,8,1,4,7,5,7,12,7,3,0,0,2,13,15
5,6,4,22,7,0,0,0,0,0,0,3,12,0,0,4,6,157,1,8,2,4,8,4,6,12,7,3,0,0,1,12,30
74,6,4,8,6,0,0,0,0,0,0,14,1,0,0,4,6,157,1,8,2,5,8,3,5,11,6,3,0,0,1,10,30
7,6,5,11,6,0,0,0,0,0,0,6,9,0,0,4,6,157,2,7,2,4,7,4,6,10,5,2,0,0,2,11,0
89,6,5,11,5,0,0,0,0,0,0,13,2,0,0,4,6,157,2,7,3,4,7,3,5,10,4,1,0,0,2,11,0
-23,3,2,17,6,0,0,0,0,0,0,10,5,0,0,4,6,157,1,5,2,3,5,2,5,10,6,3,0,0,1,11,45
70,3,2,8,5,0,0,0,0,0,0,10,5,0,0,4,6,157,1,5,2,3,5,3,4,9,5,3,0,0,1,10,30
1,2,2,13,6,0,0,0,0,0,0,10,5,0,0,4,6,157,2,3,1,3,3,3,6,8,5,3,0,0,2,11,15
63,2,2,2,5,0,0,0,0,0,0,10,5,0,0,4,6,157,2,3,1,3,3,2,5,7,4,2,0,0,2,9,30
27,1,1,5,4,0,0,0,0,0,0,9,6,0,0,4,6,157,0,3,2,3,3,4,5,8,5,1,0,0,1,10,0
40,1,1,5,4,0,0,0,0,0,0,5,10,0,0,4,6,157,1,2,2,2,2,3,5,7,4,1,0,0,1,10,0
28,1,1,3,3,0,0,0,0,0,0,4,11,0,0,4,6,157,1,2,2,2,2,2,4,6,3,0,0,0,2,9,45
-32,0,0,7,2,0,0,0,0,0,1,10,5,0,0,4,6,157,1,1,1,1,1,2,3,5,3,0,0,0,2,10,15
2,0,0,1,2,0,0,0,0,0,1,0,14,0,0,4,6,157,0,0,0,0,0,2,4,4,4,1,0,0,1,9,15
9,0,0,3,1,0,0,0,0,0,1,0,23,0,0,4,6,157,0,0,0,0,0,1,3,3,3,1,0,0,2,9,45
-1,0,0,0,0,0,0,0,0,0,1,0,72,0,1,4,6,157,0,0,0,0,0,2,2,2,2,1,0,0,1,9,0
-100,0,0,10,0,0,0,0,0,0,0,0,74,0,0,4,6,157,0,0,0,0,0,1,1,1,1,1,0,0,2,10,45
59,40,5,51,3,0,0,2,0,0,0,9,0,1,0,3,6,156,3,47,2,6,13,2,3,9,3,2,3,1,1,17,0
26,38,6,51,4,0,0,2,0,0,0,0,15,1,0,3,6,156,3,45,3,8,13,2,5,9,4,3,3,2,1,17,0
27,37,8,49,5,0,1,2,0,0,0,5,10,0,0,3,6,156,3,42,3,7,11,4,6,13,6,4,3,2,2,16,45
27,35,7,45,6,0,1,2,0,0,0,2,13,0,0,3,6,156,3,40,4,6,11,3,6,13,7,5,2,2,1,16,0
-6,34,6,49,5,0,1,2,0,0,0,12,3,0,0,3,6,156,2,40,4,8,11,3,5,12,7,5,2,1,2,16,45
43,34,6,47,6,0,1,1,0,0,0,7,8,0,0,3,6,156,3,39,4,7,11,3,5,11,6,5,1,1,1,16,15
62,31,3,45,7,0,2,1,0,0,0,0,15,0,0,3,6,156,3,36,2,4,10,3,7,13,8,7,1,0,1,16,0
41,29,3,41,7,0,2,1,0,0,0,7,8,0,0,3,6,156,2,35,3,4,10,3,7,12,9,7,1,0,2,15,30
29,29,3,43,7,0,2,1,0,0,0,11,4,0,0,3,6,156,3,34,2,4,11,4,8,11,8,7,1,0,2,15,45
44,28,3,35,9,0,1,1,0,0,0,9,6,0,0,3,6,156,3,32,1,3,12,5,7,11,9,8,1,0,2,14,45
46,28,3,37,8,0,1,1,0,0,0,0,15,0,0,3,6,156,2,32,2,4,13,6,7,10,9,9,1,0,2,15,0
74,28,4,33,7,0,1,1,0,0,0,12,3,0,0,3,6,156,2,32,2,4,13,5,6,9,8,8,1,0,1,14,15
-2,28,5,48,6,0,1,1,0,0,0,8,7,0,0,3,6,156,2,32,2,5,13,4,6,8,7,7,1,0,2,16,30
25,27,5,39,6,0,1,0,0,0,0,11,4,0,0,3,6,156,1,32,3,6,15,3,6,8,7,7,1,0,2,15,15
33,26,5,34,5,0,1,0,0,0,1,5,10,0,0,3,6,156,1,31,3,6,14,3,5,10,7,7,1,0,2,14,30
15,26,6,43,6,0,0,0,0,0,1,2,13,0,0,3,6,156,2,30,2,6,13,2,4,9,6,6,1,0,2,15,45
61,25,9,35,7,0,0,0,0,0,1,21,9,0,0,3,6,156,2,28,3,8,13,3,4,12,7,5,1,0,2,14,45
-2,24,9,32,7,0,0,0,0,0,0,10,20,0,0,3,6,156,1,28,5,9,15,2,3,16,7,5,1,0,1,14,0
-28,23,8,41,8,0,0,0,0,0,0,2,28,0,0,3,6,156,2,26,4,8,13,1,2,16,7,6,1,0,2,15,30
31,18,7,28,11,0,0,0,0,0,1,11,4,0,0,3,6,156,2,21,4,6,13,2,8,17,11,9,1,0,1,13,0
35,15,5,23,13,0,0,1,0,0,1,13,2,0,0,3,6,156,2,17,2,4,14,6,14,19,14,10,1,0,3,12,30
76,15,5,25,12,0,0,1,0,0,1,9,6,0,0,3,6,156,2,17,2,6,14,7,13,19,13,9,1,0,2,12,45
-13,15,5,37,11,0,0,1,0,0,1,9,6,0,0,3,6,156,2,17,2,6,14,6,12,19,12,9,1,0,2,15,0
58,14,4,31,10,0,0,1,0,0,1,6,9,0,0,3,6,156,1,17,2,6,14,5,11,19,12,9,1,0,1,13,30
68,14,6,30,9,0,0,1,0,0,1,1,14,0,0,3,6,156,1,17,3,7,14,5,11,18,11,8,1,0,1,13,15
73,11,4,23,10,0,0,1,0,0,1,14,1,0,0,3,6,156,0,15,2,7,12,9,11,19,13,7,1,0,3,12,30
37,11,4,21,9,0,0,1,0,0,1,11,4,0,0,3,6,156,0,15,2,7,12,8,10,18,12,6,1,0,2,12,15
67,11,4,17,9,0,0,1,0,0,0,10,5,0,0,3,6,156,0,15,4,7,12,7,9,17,11,5,1,0,2,11,45
62,11,5,21,8,0,0,1,0,0,0,2,13,0,0,3,6,156,0,15,5,8,12,7,8,16,10,5,1,0,2,12,15
39,11,5,28,8,0,0,1,0,0,0,1,14,0,0,3,6,156,1,14,4,8,12,6,8,15,9,5,1,1,1,13,0
66,11,6,19,7,0,0,1,0,0,0,1,14,0,0,3,6,156,1,14,4,8,12,5,7,14,8,4,1,1,2,12,0
39,11,6,25,6,0,0,1,0,0,0,0,15,0,0,3,6,156,1,14,4,8,12,4,6,13,7,3,1,1,2,12,45
101,11,6,12,5,0,0,1,0,0,0,0,15,0,0,3,6,156,1,14,4,8,12,3,5,12,6,2,1,1,2,11,0
30,10,5,16,4,0,0,1,1,0,0,4,11,0,0,3,6,156,1,13,4,10,13,3,6,14,6,3,1,1,2,11,30
66,8,6,14,5,0,0,1,1,0,1,4,11,0,0,3,6,156,2,10,2,7,10,2,8,14,7,4,1,1,1,11,15
29,8,6,17,5,0,0,1,1,0,1,8,7,0,0,3,6,156,3,9,5,6,9,4,8,14,6,3,1,1,2,11,45
-158,6,4,39,6,0,0,0,1,0,2,2,13,0,0,3,6,156,2,7,4,4,7,6,8,14,8,6,0,1,2,15,15
1,5,3,19,7,0,0,0,1,0,2,13,2,0,0,3,6,156,3,5,2,4,5,6,7,14,8,5,0,0,2,12,0
51,5,3,10,7,0,0,0,1,0,2,9,6,0,0,3,6,156,4,4,1,3,4,5,8,13,7,5,0,0,2,10,45
-100,3,2,25,7,0,0,0,2,0,1,12,3,0,0,3,6,156,3,3,0,3,3,5,8,13,8,6,0,0,2,12,45
39,3,2,6,6,0,0,0,2,0,1,9,6,0,0,3,6,156,3,3,0,3,3,4,8,12,7,5,0,0,2,10,15
5,3,3,14,5,0,0,0,2,0,1,7,8,0,0,3,6,156,3,3,0,3,3,3,7,11,6,4,0,0,1,11,15
20,2,2,12,5,0,0,0,1,0,1,1,14,0,0,3,6,156,2,3,1,3,3,2,6,10,6,4,0,0,2,11,0
3,2,2,8,4,0,0,0,1,0,1,14,1,0,0,3,6,156,1,3,3,3,3,4,7,9,6,4,0,0,2,10,30
65,2,2,4,5,0,0,0,1,0,1,11,4,0,0,3,6,156,3,1,1,1,1,5,7,9,5,3,0,0,2,10,0
61,2,2,3,4,0,0,0,1,0,1,10,5,0,0,3,6,156,3,1,1,1,1,4,6,8,4,2,0,0,2,9,45
52,2,2,1,3,0,0,0,1,0,1,8,7,0,0,3,6,156,2,1,1,1,1,3,5,7,4,2,0,0,1,9,30
-21,1,1,4,3,0,0,0,1,0,1,10,5,0,0,3,6,156,2,0,0,0,0,3,5,6,4,3,0,0,2,10,0
-23,0,0,8,3,0,0,0,0,0,1,0,1,0,0,3,6,156,1,0,0,0,0,3,4,5,4,4,0,0,2,10,30
19,0,0,6,2,0,0,0,0,0,1,0,9,0,0,3,6,156,0,0,0,0,0,2,3,4,4,3,0,0,2,10,15
7,0,0,1,1,0,0,0,0,0,1,0,29,0,0,3,6,156,0,0,0,0,0,2,2,3,3,2,0,0,1,9,30
7,0,0,0,0,0,0,0,0,0,1,0,40,0,1,3,6,156,0,0,0,0,0,1,2,2,2,1,0,0,2,9,15
-97,0,0,10,0,0,0,0,0,0,0,0,90,0,0,3,6,156,0,0,0,0,0,1,1,1,1,0,0,0,2,10,45
11,32,1,50,2,0,1,0,0,0,0,0,15,1,0,2,6,155,1,47,2,3,10,2,3,8,3,2,8,0,1,17,30
-1,31,3,45,3,0,1,0,0,0,0,5,10,0,0,2,6,155,0,45,1,5,9,2,5,11,5,2,8,1,2,16,45
-6,31,3,47,3,0,0,0,0,0,0,11,4,0,0,2,6,155,0,45,3,6,9,1,5,10,4,1,8,1,1,17,0
3,30,3,49,3,0,0,1,0,0,0,6,9,0,0,2,6,155,1,42,3,5,9,5,5,10,5,2,7,1,1,17,15
-14,30,3,43,3,0,0,1,0,0,0,6,9,0,0,2,6,155,1,42,3,5,9,5,5,10,5,2,7,1,1,16,15
8,28,2,40,3,0,1,1,0,0,0,8,7,0,0,2,6,155,1,40,2,4,9,3,6,9,5,3,7,2,1,15,45
8,28,2,44,2,0,1,1,0,0,0,14,1,0,0,2,6,155,1,40,3,4,11,2,6,10,4,2,7,2,2,16,30
9,28,2,39,3,0,0,1,0,0,0,9,6,0,0,2,6,155,2,39,2,4,10,1,5,9,3,2,7,2,2,15,30
1,26,2,40,3,0,1,1,0,0,0,1,14,0,0,2,6,155,0,37,2,6,12,4,5,12,6,1,6,2,1,15,45
-105,26,2,47,2,0,1,1,0,0,0,13,2,0,0,2,6,155,0,37,2,6,12,3,5,11,5,0,6,1,1,17,0
88,26,2,42,2,0,1,1,0,0,0,8,7,0,0,2,6,155,1,36,1,5,13,2,4,11,4,0,5,1,1,16,0
-2,26,3,37,2,0,0,1,0,0,0,5,10,0,0,2,6,155,0,36,2,5,13,1,3,11,4,0,5,0,1,15,0
2,25,6,38,3,0,0,1,0,0,0,5,10,0,0,2,6,155,1,34,5,7,15,2,6,11,4,0,5,0,1,15,15
-8,24,6,36,5,0,0,1,0,0,0,30,15,0,0,2,6,155,3,31,3,6,20,4,7,13,4,1,5,1,1,14,45
33,23,5,34,5,0,2,0,0,0,0,19,26,0,0,2,6,155,3,29,2,6,18,4,8,13,5,3,5,2,1,14,15
19,23,6,33,4,0,2,0,0,0,0,17,28,0,0,2,6,155,3,29,3,6,18,4,7,12,4,3,5,2,1,14,0
-53,22,6,35,3,0,2,0,0,0,0,4,41,0,0,2,6,155,2,28,4,8,20,4,6,15,4,4,5,2,1,14,30
56,21,6,29,3,0,3,0,0,0,0,12,3,0,0,2,6,155,3,27,3,6,18,3,5,14,4,3,5,2,2,13,0
5,19,5,31,3,0,2,0,0,0,0,4,11,0,0,2,6,155,1,26,4,9,19,4,5,13,5,2,4,2,1,13,15
21,19,6,31,3,0,3,0,0,0,0,11,4,0,0,2,6,155,3,25,3,12,19,3,6,12,4,1,4,1,1,13,15
24,18,7,26,5,0,2,0,0,0,0,9,6,0,0,2,6,155,3,23,4,12,18,3,7,13,5,1,3,2,2,12,45
63,18,7,23,5,0,1,0,0,0,0,6,9,0,0,2,6,155,3,23,4,12,18,2,6,12,4,1,3,1,2,12,15
31,15,8,21,7,0,1,0,0,0,0,10,5,0,0,2,6,155,1,20,9,11,18,5,9,16,8,3,3,1,1,12,0
53,14,7,21,10,0,0,0,0,0,0,2,13,0,0,2,6,155,3,17,6,10,15,4,8,16,8,3,3,1,1,12,0
-6,14,7,24,10,0,0,1,0,0,0,13,2,0,0,2,6,155,5,14,6,9,13,5,7,15,7,3,3,1,3,12,30
20,12,6,26,9,0,1,2,1,0,0,4,11,0,0,2,6,155,5,12,3,7,10,5,7,15,9,3,3,1,2,12,45
-17,12,7,29,9,0,1,2,1,0,0,14,1,0,0,2,6,155,6,11,2,6,9,5,7,16,8,3,2,1,2,13,0
30,9,6,19,8,0,1,3,1,0,0,1,14,0,0,2,6,155,4,10,3,6,8,4,7,17,10,4,2,1,2,11,45
4,9,6,24,8,0,1,3,1,0,0,0,15,0,0,2,6,155,5,9,2,5,7,3,6,16,9,3,2,1,3,12,30
28,9,7,17,7,0,1,3,1,0,0,11,4,0,0,2,6,155,5,9,3,6,7,2,7,15,8,2,2,1,2,11,30
20,8,6,19,6,0,1,3,1,0,0,4,11,0,0,2,6,155,4,9,4,6,8,2,6,15,8,3,2,1,2,11,45
31,6,5,14,9,0,1,3,1,0,0,6,9,0,0,2,6,155,5,5,2,3,5,5,9,16,10,5,2,2,1,11,0
66,5,4,13,8,0,1,3,1,0,0,2,13,0,0,2,6,155,4,5,2,3,5,5,8,15,10,6,2,2,2,10,45
-272,3,2,45,7,0,1,3,1,0,0,4,11,0,0,2,6,155,2,5,3,3,5,6,11,15,11,8,1,2,2,16,45
41,3,2,14,8,0,1,3,1,0,0,14,1,0,0,2,6,155,4,3,1,1,3,5,10,14,10,8,1,1,1,11,0
-50,2,1,26,7,0,1,3,1,0,0,13,2,0,0,2,6,155,3,3,1,1,3,4,9,14,10,7,1,1,2,12,45
21,2,1,16,7,0,0,3,1,0,0,4,11,0,0,2,6,155,3,3,1,2,3,4,9,14,9,7,1,1,2,11,15
68,2,2,10,6,0,0,3,1,0,1,2,3,0,0,2,6,155,4,2,0,1,2,5,8,14,8,6,1,1,1,10,15
64,2,2,9,6,0,0,2,1,0,1,9,1,0,0,2,6,155,4,2,0,1,2,5,7,13,7,5,0,1,2,10,10
5,1,1,6,6,0,0,2,1,0,0,11,4,0,0,2,6,155,3,2,0,2,2,5,7,12,7,4,0,0,1,10,0
63,1,1,4,5,0,0,2,1,0,0,2,13,0,0,2,6,155,2,2,1,2,2,5,7,11,7,5,0,0,3,9,45
58,1,1,6,4,0,0,2,1,0,0,0,15,0,0,2,6,155,2,2,1,2,2,4,6,10,6,4,0,0,1,10,0
59,1,1,2,3,0,0,2,1,0,0,10,5,0,0,2,6,155,2,2,1,2,2,3,5,9,5,3,0,0,2,9,30
24,1,1,10,2,0,0,2,1,0,0,7,8,0,0,2,6,155,2,2,1,2,2,2,5,8,4,3,0,0,1,10,15
-19,1,1,17,2,0,0,1,1,0,0,9,6,0,0,2,6,155,2,2,2,2,2,2,6,7,3,2,0,0,2,11,30
13,0,0,12,2,0,0,1,1,0,0,3,12,0,0,2,6,155,1,1,1,1,1,3,6,6,4,3,0,0,1,10,30
-30,0,0,4,2,0,0,1,1,0,0,0,6,0,0,2,6,155,2,0,0,0,0,4,5,5,3,2,0,0,3,9,45
-11,0,0,6,1,0,0,1,1,0,0,0,21,0,0,2,6,155,0,0,0,0,0,4,4,4,4,4,0,0,1,10,0
1,0,0,1,1,0,0,1,0,0,0,0,31,0,0,2,6,155,0,0,0,0,0,3,3,3,3,3,0,0,2,9,15
-9,0,0,0,0,0,0,1,0,0,0,0,35,0,1,2,6,155,0,0,0,0,0,2,2,2,2,2,0,0,1,9,0
-49,0,0,2,0,0,0,0,0,0,0,0,45,0,0,2,6,155,0,0,0,0,0,1,1,1,1,1,0,0,2,9,30
-4,35,4,46,2,0,1,0,2,0,0,0,30,1,0,6,6,152,2,41,2,4,9,2,4,7,4,2,3,0,1,17,30
35,35,5,45,1,0,1,0,2,0,0,12,3,0,0,6,6,152,2,41,2,4,9,1,3,6,3,1,3,0,1,17,0
20,32,3,43,4,0,0,0,2,0,0,19,11,0,0,6,6,152,2,38,2,4,10,3,4,7,5,3,3,0,1,16,45
53,32,4,40,5,0,0,0,1,0,0,4,26,0,0,6,6,152,2,37,1,4,9,3,4,9,5,3,3,1,1,16,0
53,30,2,40,6,0,0,0,0,0,0,6,9,0,0,6,6,152,1,36,2,4,10,2,4,10,6,4,3,1,1,16,0
28,29,1,43,5,0,0,0,0,0,0,1,14,0,0,6,6,152,0,36,2,6,10,1,3,9,6,3,3,1,1,16,45
2,28,2,38,6,0,0,0,0,0,0,7,8,0,0,6,6,152,0,34,4,6,11,3,6,11,7,4,2,1,2,15,45
53,28,4,36,6,0,0,1,0,0,0,10,5,0,0,6,6,152,2,32,2,5,11,2,7,11,6,4,2,0,2,15,30
-13,28,4,42,5,0,1,1,0,0,1,10,5,0,0,6,6,152,3,30,2,5,11,4,6,10,6,4,2,0,2,16,30
9,26,5,32,6,0,1,1,1,0,0,3,12,0,0,6,6,152,3,28,2,4,11,5,7,12,7,4,2,0,1,14,30
63,26,6,34,5,0,1,1,1,0,0,41,4,0,0,6,6,152,3,28,3,5,13,4,7,11,6,3,2,0,1,15,0
-39,26,6,36,4,0,1,1,1,0,0,41,4,0,0,6,6,152,3,28,3,5,13,3,6,10,5,2,2,0,2,15,30
42,25,5,35,3,0,1,1,1,0,0,34,11,0,0,6,6,152,2,28,3,5,14,2,5,9,5,3,2,0,2,15,15
31,25,6,33,2,0,1,1,1,0,0,32,13,0,0,6,6,152,2,28,4,6,14,1,4,8,4,2,2,0,1,14,45
15,21,5,30,4,0,0,2,1,0,1,4,11,0,0,6,6,152,1,24,4,7,13,4,7,11,8,5,2,0,1,14,15
35,21,5,29,4,0,0,2,0,0,1,3,12,0,0,6,6,152,1,24,4,7,13,3,6,10,7,5,2,0,2,13,30
-24,21,7,30,4,0,0,2,0,0,0,1,14,0,0,6,6,152,1,24,4,8,13,2,5,10,6,4,2,0,1,14,15
-20,19,7,38,4,0,0,3,0,0,0,1,14,0,0,6,6,152,1,22,3,8,12,2,4,12,7,5,2,0,2,15,45
30,18,9,24,6,0,1,2,0,0,0,9,6,0,0,6,6,152,3,19,4,7,12,3,6,13,7,5,2,1,2,12,45
36,16,7,26,6,0,1,1,0,0,0,1,14,0,0,6,6,152,1,19,5,8,13,2,5,12,8,4,2,1,1,13,0
44,16,7,28,6,0,1,1,0,0,0,12,3,0,0,6,6,152,2,17,4,7,13,1,5,14,7,3,2,2,1,13,15
19,12,4,24,9,0,2,0,0,0,0,10,5,0,0,6,6,152,2,14,3,6,11,4,9,16,10,4,1,2,2,12,45
32,12,5,20,11,0,1,0,0,0,0,6,9,0,0,6,6,152,4,12,1,4,10,3,9,17,9,4,1,1,1,12,0
34,11,5,26,10,0,1,0,0,0,0,4,11,0,0,6,6,152,3,12,1,5,11,2,8,17,9,5,1,1,1,13,0
34,9,3,15,10,0,0,1,0,0,0,0,15,0,0,6,6,152,1,11,1,5,10,5,7,17,11,6,0,1,2,11,30
46,9,5,15,9,0,0,1,0,0,0,2,13,0,0,6,6,152,1,11,4,7,11,6,11,18,10,5,0,0,2,11,30
-7,9,5,18,8,0,0,1,0,0,0,0,15,0,0,6,6,152,1,11,4,7,11,5,10,17,9,4,0,0,1,11,45
51,9,5,22,7,0,0,1,0,0,0,14,1,0,0,6,6,152,1,11,4,7,11,4,9,16,8,4,0,0,2,12,30
49,8,5,13,7,0,0,1,0,0,0,1,14,0,0,6,6,152,0,10,4,7,10,3,9,15,9,5,0,0,3,11,15
17,8,5,22,6,0,0,2,0,0,0,29,1,0,0,6,6,152,1,9,4,6,9,3,8,15,8,5,0,0,2,12,30
31,8,5,13,5,0,1,2,0,0,0,25,5,0,0,6,6,152,2,8,4,5,8,5,7,14,7,4,0,0,3,11,15
32,6,5,18,5,0,1,2,0,0,1,14,1,0,0,6,6,152,2,5,3,5,6,6,10,16,8,4,0,0,1,11,45
20,6,5,10,6,0,0,2,0,0,1,14,1,0,0,6,6,152,3,5,2,4,5,5,9,15,7,4,0,0,1,10,30
-28,5,4,15,5,0,0,2,0,0,1,13,2,0,0,6,6,152,2,5,2,4,5,4,8,14,7,3,0,0,2,11,30
22,5,4,21,4,0,0,2,0,0,1,12,3,0,0,6,6,152,2,5,2,4,5,3,7,13,6,2,0,0,2,12,15
81,5,4,10,4,0,0,2,0,0,1,6,9,0,0,6,6,152,3,4,2,4,4,4,7,12,5,2,0,0,1,10,30
99,3,3,6,3,0,0,2,0,0,1,7,8,0,0,6,6,152,1,4,3,4,4,4,7,11,6,3,0,0,2,10,0
13,3,3,8,2,0,1,2,0,0,1,9,6,0,0,6,6,152,2,3,2,3,3,4,7,10,5,3,0,0,2,10,15
10,3,3,12,2,0,1,1,0,0,1,7,8,0,0,6,6,152,2,3,3,3,3,3,6,9,4,3,0,0,2,11,0
38,3,3,8,3,0,1,0,1,0,1,4,11,0,0,6,6,152,3,1,1,1,1,4,6,8,4,2,0,0,2,10,15
26,1,1,4,2,0,1,0,1,0,1,3,12,0,0,6,6,152,1,1,1,1,1,3,7,7,5,4,0,0,2,9,45
13,1,1,2,2,0,1,0,1,0,1,7,8,0,0,6,6,152,1,0,0,0,0,3,6,6,5,3,0,0,2,9,30
-10,1,1,6,2,0,0,0,1,0,1,6,9,0,0,6,6,152,1,0,0,0,0,3,5,5,4,2,0,0,2,10,0
-8,0,0,2,2,0,0,0,1,0,0,0,15,0,0,6,6,152,0,0,0,0,0,4,4,4,4,3,0,0,2,9,30
5,0,0,1,1,0,0,0,1,0,0,0,8,0,0,6,6,152,0,0,0,0,0,3,3,3,3,3,0,0,2,9,15
36,0,0,4,0,0,0,0,1,0,0,0,14,0,0,6,6,152,0,0,0,0,0,2,2,2,2,2,0,0,2,9,45
33,0,0,0,0,0,0,0,0,0,0,0,27,0,1,6,6,152,0,0,0,0,0,1,1,1,1,1,0,0,1,9,0
38,29,4,52,1,0,0,1,0,0,0,1,0,1,0,5,5,151,0,50,2,6,10,1,1,7,3,2,6,1,1,17,30
41,25,2,50,4,0,2,1,0,0,0,6,9,0,0,5,5,151,0,44,3,7,12,4,8,16,8,3,5,5,1,17,0
121,25,3,42,6,0,2,0,0,0,0,6,9,0,0,5,5,151,2,42,2,7,11,5,9,16,7,2,4,5,2,16,0
22,25,3,44,6,0,1,0,0,0,0,5,10,0,0,5,5,151,2,42,2,7,11,4,8,15,6,2,3,4,2,16,15
-10,25,3,48,5,0,1,0,0,0,0,4,11,0,0,5,5,151,2,42,2,7,11,3,7,14,5,2,3,3,2,16,45
23,24,2,44,5,0,0,1,0,0,0,4,11,0,0,5,5,151,2,41,4,7,14,4,8,13,5,1,2,3,2,16,15
-38,24,2,50,4,0,0,1,0,0,0,0,15,0,0,5,5,151,0,41,4,8,14,4,7,12,6,0,1,2,1,17,0
30,24,3,48,5,0,0,2,0,0,0,11,4,0,0,5,5,151,3,38,3,6,13,4,10,12,5,0,1,1,2,16,45
28,23,2,46,4,0,0,2,0,0,0,7,8,0,0,5,5,151,1,38,4,6,13,4,9,11,6,1,1,1,2,16,30
11,23,2,40,4,0,0,2,0,0,0,1,14,0,0,5,5,151,2,37,4,5,14,4,8,10,5,1,0,1,2,15,45
-19,22,1,40,3,0,0,2,0,0,0,13,2,0,0,5,5,151,1,37,4,5,14,4,7,10,5,2,0,0,2,15,45
25,22,3,35,3,0,0,3,0,0,0,8,7,0,0,5,5,151,1,35,3,6,14,6,7,10,6,2,0,0,2,15,0
-20,22,3,39,4,0,0,2,0,0,0,6,9,0,0,5,5,151,2,34,2,5,13,5,6,9,5,2,0,0,2,15,30
-1,22,3,35,4,0,0,2,0,0,0,0,15,0,0,5,5,151,3,33,1,6,12,4,5,10,4,2,0,0,2,15,0
28,21,3,33,3,0,0,2,0,0,0,6,9,0,0,5,5,151,1,33,2,7,13,4,5,9,5,3,0,0,2,14,45
-41,21,4,46,2,0,1,2,0,0,0,0,15,0,0,5,5,151,2,32,2,7,13,3,4,8,4,2,0,0,2,16,30
-15,21,4,42,2,0,1,1,0,0,0,13,2,0,0,5,5,151,1,32,2,7,13,2,3,7,4,2,0,0,2,16,0
27,20,5,31,1,0,1,1,0,0,0,11,4,0,0,5,5,151,0,32,5,9,15,1,3,10,4,2,0,0,1,14,15
-3,19,6,33,3,0,2,1,0,0,1,9,21,0,0,5,5,151,2,27,4,7,12,2,5,14,6,3,0,0,2,14,45
12,15,4,30,5,0,1,2,1,0,1,14,1,0,0,5,5,151,2,23,2,6,11,4,6,17,9,5,0,0,1,14,0
-1,15,5,32,4,0,1,2,1,0,1,8,7,0,0,5,5,151,2,23,3,8,11,3,7,17,8,5,0,0,2,14,30
22,13,4,28,4,0,1,3,1,0,1,6,9,0,0,5,5,151,2,21,3,6,10,3,9,16,9,6,0,0,1,13,15
29,13,4,29,3,0,1,3,1,0,1,6,9,0,0,5,5,151,2,21,3,6,10,2,8,16,8,5,0,0,1,13,30
-89,11,2,37,5,0,0,3,1,0,1,9,6,0,0,5,5,151,1,19,4,5,11,7,11,16,10,6,0,0,1,15,15
-87,11,2,37,7,0,0,3,1,0,0,14,1,0,0,5,5,151,2,17,2,5,10,7,12,17,10,6,0,0,1,15,15
44,11,2,20,7,0,0,3,0,0,0,12,3,0,0,5,5,151,2,17,2,5,11,7,11,16,9,5,0,0,2,12,15
71,11,2,20,6,0,0,3,0,0,0,11,4,0,0,5,5,151,2,17,2,5,11,6,10,15,8,4,0,0,2,12,15
6,9,1,22,6,0,0,3,0,0,1,5,10,0,0,5,5,151,2,15,0,4,10,5,10,15,9,4,0,0,2,12,30
20,9,1,26,5,0,0,3,0,0,1,13,2,0,0,5,5,151,1,15,0,4,10,4,9,15,9,4,0,0,1,13,0
51,9,1,24,5,0,0,2,0,0,1,13,2,0,0,5,5,151,1,15,0,4,11,4,8,14,8,3,0,0,2,12,45
41,9,3,15,4,0,0,2,0,0,1,1,14,0,0,5,5,151,1,15,3,5,12,6,8,15,7,2,0,0,2,11,30
34,9,3,18,4,0,0,1,0,0,1,13,2,0,0,5,5,151,1,15,3,6,12,5,7,14,6,2,0,0,2,12,0
-8,9,4,16,4,0,0,1,0,0,0,13,2,0,0,5,5,151,0,15,4,6,15,5,7,15,6,3,0,0,2,11,45
110,9,4,13,5,0,0,0,0,0,0,12,3,0,0,5,5,151,1,14,3,6,14,4,6,15,5,2,0,0,1,11,15
-1,9,4,24,4,0,0,0,0,0,0,7,8,0,0,5,5,151,1,14,3,6,14,3,7,14,4,2,0,0,2,12,45
-13,9,4,22,3,0,0,0,0,0,0,6,9,0,0,5,5,151,1,14,3,6,14,2,6,13,3,1,0,0,2,12,30
-2,8,3,18,3,0,0,1,0,0,0,9,6,0,0,5,5,151,2,12,3,6,12,2,6,13,3,2,0,0,2,12,0
23,6,3,16,2,0,0,2,0,0,0,6,9,0,0,5,5,151,1,11,3,7,11,4,7,14,4,1,0,0,2,11,45
10,5,4,12,3,0,0,2,0,0,0,20,10,0,0,5,5,151,1,9,4,7,9,4,8,14,5,2,0,0,2,11,0
25,5,5,8,2,0,1,2,0,0,0,8,22,0,0,5,5,151,2,8,4,8,8,5,9,13,4,1,0,0,2,10,15
54,5,5,6,2,0,1,1,0,0,0,7,23,0,0,5,5,151,2,8,4,8,8,4,8,12,3,1,0,0,2,10,0
55,5,5,6,2,0,3,0,0,0,0,11,4,0,0,5,5,151,3,6,3,6,6,4,8,12,3,1,0,0,2,10,0
-5,5,5,10,1,0,4,0,0,0,0,5,10,0,0,5,5,151,3,5,3,5,5,4,8,11,3,1,0,0,1,10,45
19,3,3,4,2,0,3,0,0,0,0,9,6,0,0,5,5,151,2,4,4,4,4,5,7,10,4,0,0,0,2,9,45
-165,2,2,26,3,0,2,0,0,0,0,3,12,0,0,5,5,151,2,3,3,3,3,4,7,9,4,0,0,0,1,13,0
9,1,1,4,3,0,1,0,0,0,0,8,7,0,0,5,5,151,1,3,3,3,3,4,7,8,4,1,0,0,2,9,45
12,1,1,2,2,0,1,0,0,0,1,4,11,0,0,5,5,151,2,2,2,2,2,4,6,7,3,1,0,0,2,9,30
-5,0,0,8,2,0,1,1,0,0,1,13,2,0,0,5,5,151,3,0,0,0,0,3,5,6,3,0,0,0,2,10,15
-82,0,0,10,2,0,1,0,0,0,1,13,2,0,0,5,5,151,1,0,0,0,0,4,5,5,4,1,0,0,1,10,45
28,0,0,0,2,0,1,0,0,0,0,7,8,0,1,5,5,151,1,0,0,0,0,3,4,4,3,1,0,0,1,9,0
-9,0,0,1,2,0,0,0,0,0,0,0,9,0,0,5,5,151,0,0,0,0,0,2,3,3,3,2,0,0,2,9,15
-118,0,0,13,1,0,0,0,0,0,0,0,13,0,0,5,5,151,0,0,0,0,0,1,2,2,2,1,0,0,1,11,15
19,0,0,2,0,0,0,0,0,0,0,0,45,0,0,5,5,151,0,0,0,0,0,1,1,1,1,0,0,0,2,9,30
14,33,3,43,3,0,0,2,0,0,0,5,10,0,0,4,5,150,2,42,3,5,12,1,2,9,4,2,2,0,2,16,45
41,32,7,45,5,0,0,2,0,0,0,12,18,0,0,4,5,150,2,39,3,7,12,2,4,12,6,1,2,0,1,17,0
12,29,6,39,6,0,0,2,0,0,0,3,12,0,0,4,5,150,1,37,5,7,11,3,8,18,8,1,2,0,2,16,0
48,28,6,41,8,0,1,1,0,0,0,3,12,0,0,4,5,150,3,34,2,6,9,3,8,17,8,2,2,0,2,16,30
25,25,3,41,8,0,1,2,0,0,0,8,7,0,0,4,5,150,2,32,2,4,7,4,8,16,10,3,2,1,2,16,30
-14,25,4,43,7,0,1,2,0,0,0,9,6,0,0,4,5,150,2,32,3,5,11,6,10,15,9,2,2,1,2,16,45
29,24,4,39,6,0,1,2,0,0,0,2,13,0,0,4,5,150,1,32,4,5,12,6,12,14,9,2,2,1,2,16,0
16,23,3,35,7,0,1,2,0,0,0,9,6,0,0,4,5,150,2,30,2,4,11,5,12,13,9,3,2,1,1,15,15
46,23,3,33,6,0,1,2,0,0,0,6,9,0,0,4,5,150,1,30,2,4,11,4,11,12,9,3,2,1,2,15,0
18,23,3,37,5,0,1,2,0,0,0,4,11,0,0,4,5,150,1,30,2,4,11,3,11,11,8,2,2,2,1,15,30
-47,23,3,47,5,0,1,1,0,0,0,3,12,1,0,4,5,150,1,30,2,4,11,2,10,11,7,2,2,2,1,17,30
-9,22,2,33,6,0,1,1,0,0,0,2,13,0,0,4,5,150,1,28,1,3,12,7,9,12,8,4,1,2,2,15,0
69,21,3,28,6,0,1,1,0,0,0,2,13,0,0,4,5,150,1,27,1,4,14,8,8,11,8,4,1,1,1,14,15
-70,21,3,38,5,0,1,1,0,0,0,12,3,0,0,4,5,150,1,27,1,5,15,7,7,11,7,4,1,1,2,15,45
47,21,4,31,4,0,1,1,0,0,0,10,5,0,0,4,5,150,1,27,1,5,15,6,6,10,6,3,1,1,2,14,45
43,21,4,35,3,0,1,1,0,0,0,7,8,0,0,4,5,150,1,27,1,6,15,5,5,9,5,3,1,1,1,15,15
46,20,4,27,2,0,1,1,0,0,0,6,9,0,0,4,5,150,0,27,2,6,15,4,4,8,5,4,1,1,2,14,0
36,20,4,30,2,0,1,0,0,0,0,6,9,0,0,4,5,150,0,27,2,6,15,3,3,7,4,3,1,1,2,14,30
16,20,5,31,1,0,1,0,0,0,0,27,3,0,0,4,5,150,0,27,2,8,16,2,2,6,3,3,1,1,2,14,45
3,20,5,28,2,0,0,0,0,0,0,21,9,0,0,4,5,150,1,26,3,7,15,1,1,5,2,2,0,1,1,14,15
37,14,5,26,6,0,0,1,1,0,0,3,12,0,0,4,5,150,2,19,6,9,13,3,5,14,7,6,0,0,1,13,30
4,14,5,23,6,0,0,1,1,0,0,11,4,0,0,4,5,150,2,17,6,8,12,3,6,13,7,6,0,0,1,13,0
58,14,6,20,5,0,1,1,1,0,0,7,8,0,0,4,5,150,3,17,5,7,12,2,5,12,6,5,0,0,2,12,30
3,12,5,25,6,0,2,1,1,0,1,2,13,0,0,4,5,150,3,13,3,6,11,2,9,11,9,5,0,0,1,13,15
11,9,4,23,5,0,2,3,2,0,1,4,11,0,0,4,5,150,3,10,3,4,9,7,10,15,11,5,0,0,1,13,0
52,9,4,19,5,0,2,2,2,0,1,1,14,0,0,4,5,150,3,10,3,4,9,7,9,14,10,5,0,0,1,12,15
50,9,4,17,5,0,2,2,1,0,1,0,15,0,0,4,5,150,3,10,3,4,9,6,8,13,9,4,0,0,1,12,0
-275,8,3,45,5,0,1,2,1,0,1,6,9,0,0,4,5,150,2,10,3,5,9,5,7,12,9,4,0,0,1,17,0
-3,8,3,21,4,0,1,2,1,0,1,5,10,0,0,4,5,150,2,10,3,5,9,4,6,12,8,3,0,0,2,12,45
17,8,3,17,3,0,1,2,1,0,1,3,12,0,0,4,5,150,2,10,3,5,9,3,5,11,7,2,0,0,1,12,0
25,8,4,15,4,0,1,2,1,0,0,12,3,0,0,4,5,150,3,9,2,4,8,3,4,11,6,2,0,0,2,11,45
20,8,5,15,5,0,1,2,1,0,0,4,11,0,0,4,5,150,4,7,1,5,7,3,3,12,6,3,0,0,2,11,45
-9,5,4,21,4,0,1,2,1,0,0,13,2,0,0,4,5,150,1,7,2,5,7,2,6,12,8,4,0,0,2,12,45
84,5,4,11,4,0,0,2,1,0,0,8,7,0,0,4,5,150,1,7,2,6,7,1,6,12,7,4,0,0,2,11,0
-7,1,1,14,9,0,0,2,0,0,0,7,8,0,0,4,5,150,1,2,1,2,2,5,10,13,11,6,0,0,2,11,30
37,1,1,12,9,0,0,1,0,0,0,6,9,0,0,4,5,150,1,2,1,2,2,5,9,12,10,5,0,0,1,11,15
-7,1,1,9,8,0,0,1,0,0,0,5,10,0,0,4,5,150,1,2,1,2,2,4,8,11,9,4,0,0,1,10,45
22,1,1,12,8,0,0,0,0,0,0,2,13,0,0,4,5,150,1,2,1,2,2,3,7,11,8,4,0,0,1,11,15
37,1,1,8,8,0,0,0,0,0,0,8,7,0,0,4,5,150,1,1,1,1,1,3,6,10,8,4,0,0,2,10,30
20,0,0,9,7,0,0,0,0,0,0,6,9,0,0,4,5,150,0,1,1,1,1,5,7,9,8,5,0,0,1,10,45
23,0,0,1,6,0,0,0,0,0,0,0,15,0,0,4,5,150,0,1,1,1,1,4,6,8,7,5,0,0,2,9,30
8,0,0,7,6,0,0,0,0,0,0,23,7,0,0,4,5,150,1,0,0,0,0,4,5,7,6,4,0,0,1,10,15
92,0,0,3,5,0,0,0,0,0,0,21,9,0,0,4,5,150,1,0,0,0,0,3,4,6,5,4,0,0,2,9,45
32,0,0,5,4,0,0,0,0,0,0,8,22,0,0,4,5,150,0,0,0,0,0,3,4,5,5,4,0,0,1,10,0
-14,0,0,1,3,0,0,0,0,0,0,0,7,0,0,4,5,150,0,0,0,0,0,2,4,4,4,4,0,0,2,9,30
-6,0,0,5,2,0,0,0,0,0,0,0,12,0,0,4,5,150,0,0,0,0,0,1,3,3,3,3,0,0,1,10,0
68,0,0,0,1,0,0,0,0,0,0,0,50,0,1,4,5,150,0,0,0,0,0,2,2,2,2,2,0,0,2,9,0
23,0,0,3,0,0,0,0,0,0,0,0,58,0,0,4,5,150,0,0,0,0,0,1,1,1,1,1,0,0,2,9,45
57,32,3,53,1,0,0,2,0,0,0,13,2,1,0,3,5,149,0,50,2,4,13,1,2,7,4,2,4,1,1,17,45
75,30,6,51,5,0,0,1,0,0,0,3,12,0,0,3,5,149,2,46,4,8,13,4,5,11,5,4,4,0,1,17,15
73,28,5,45,6,0,0,1,0,0,1,0,15,0,0,3,5,149,3,43,4,6,10,4,5,11,6,6,4,0,2,16,30
28,26,3,52,6,0,0,0,0,0,1,9,6,0,0,3,5,149,1,43,5,6,12,3,4,11,7,6,4,0,1,17,30
11,26,5,47,5,0,0,1,0,0,1,3,12,0,0,3,5,149,2,42,4,6,11,2,4,10,6,5,4,1,2,16,45
16,25,4,47,5,0,0,2,0,0,1,8,7,0,0,3,5,149,3,40,3,4,11,2,3,10,6,4,4,1,2,16,45
13,24,3,45,4,0,0,4,0,0,1,0,15,0,0,3,5,149,3,38,2,5,10,2,6,12,7,5,4,1,2,16,30
30,22,2,40,4,0,0,5,1,0,0,4,11,0,0,3,5,149,3,36,3,5,11,5,7,14,8,6,3,1,2,16,0
33,21,1,36,4,0,0,4,1,0,0,4,11,0,0,3,5,149,2,36,3,7,12,5,8,13,8,6,3,0,1,15,15
41,21,1,40,4,0,0,4,1,0,0,0,15,0,0,3,5,149,1,35,3,6,12,4,8,12,9,6,3,0,2,16,0
60,21,1,32,4,0,0,3,1,0,0,12,3,0,0,3,5,149,1,35,3,6,12,4,7,11,8,5,3,0,2,14,45
54,21,2,37,4,0,0,4,1,0,0,7,8,0,0,3,5,149,3,33,2,4,10,3,6,11,7,4,3,0,2,15,30
66,21,2,30,4,0,0,4,0,0,0,8,7,0,0,3,5,149,1,33,4,6,12,3,8,11,8,3,3,2,1,14,15
13,21,3,40,4,0,0,4,0,0,0,12,3,0,0,3,5,149,2,32,3,5,12,4,8,11,7,2,3,2,2,16,0
-8,20,4,34,4,0,0,4,1,0,0,38,7,0,0,3,5,149,1,30,3,6,13,6,7,14,9,5,3,2,1,15,0
-119,20,4,49,4,0,0,3,2,0,0,37,8,0,0,3,5,149,2,29,2,5,12,5,6,13,8,5,3,2,1,17,0
19,20,4,34,3,0,0,3,2,0,0,32,13,0,0,3,5,149,2,29,2,5,13,4,5,12,7,4,3,2,1,15,0
-75,19,4,43,4,0,0,2,2,0,0,16,29,0,0,3,5,149,2,28,3,6,13,4,5,13,7,5,2,2,2,16,15
-5,19,4,32,3,0,0,2,2,0,0,15,30,0,0,3,5,149,2,28,3,6,14,3,4,12,6,5,2,1,2,14,45
-15,19,4,43,3,0,0,1,2,0,0,14,31,0,0,3,5,149,2,28,3,6,15,2,3,11,5,5,1,1,2,16,15
-17,18,4,31,3,0,0,1,2,0,0,14,1,0,0,3,5,149,1,27,4,7,15,1,4,13,6,4,1,0,2,14,30
26,15,5,29,6,0,0,2,1,0,0,9,6,0,0,3,5,149,2,23,3,8,16,3,7,16,8,3,1,0,1,13,30
111,14,5,22,8,0,0,1,1,0,0,10,5,0,0,3,5,149,1,21,4,8,15,6,8,17,10,4,1,0,2,12,30
-93,14,6,38,8,0,0,1,1,0,0,14,1,0,0,3,5,149,2,20,4,8,15,5,10,19,9,3,1,0,3,15,45
29,12,5,24,7,0,0,1,1,0,0,6,9,0,0,3,5,149,0,20,5,10,15,6,12,18,10,3,1,0,1,12,45
-123,12,5,38,8,0,0,1,0,0,0,6,9,0,0,3,5,149,1,19,4,9,14,5,11,17,9,3,1,0,3,15,45
17,12,5,27,7,0,0,1,0,0,1,3,12,0,0,3,5,149,2,18,3,8,14,4,10,16,8,3,1,0,1,13,15
39,11,5,24,6,0,0,1,0,0,1,2,13,0,0,3,5,149,1,18,3,8,14,3,9,15,8,4,1,0,1,12,45
52,10,5,14,6,0,0,2,1,0,1,8,7,0,0,3,5,149,2,15,5,8,13,8,9,16,9,6,1,0,2,11,30
42,10,5,18,5,0,0,2,1,0,1,7,8,0,0,3,5,149,2,15,5,8,14,7,8,15,8,6,1,0,2,12,0
-24,9,4,27,6,0,0,2,1,0,1,6,9,0,0,3,5,149,2,13,5,7,12,6,10,16,9,7,1,1,1,13,15
8,9,4,20,5,0,0,2,1,0,1,5,10,0,0,3,5,149,2,13,5,7,12,5,9,15,8,6,1,1,2,12,15
32,9,4,16,5,0,0,2,1,0,0,3,12,0,0,3,5,149,2,13,5,7,12,4,8,14,7,5,1,1,2,11,45
31,8,4,22,8,0,0,1,1,0,0,13,2,0,0,3,5,149,4,10,3,5,9,4,9,14,7,5,1,1,2,12,30
-1,7,3,20,7,0,0,1,1,0,0,11,4,0,0,3,5,149,3,10,3,5,9,3,8,13,7,6,1,1,2,12,15
-19,7,3,26,6,0,0,1,1,0,0,11,4,0,0,3,5,149,3,10,3,5,9,2,7,12,6,5,1,1,2,13,0
45,5,2,12,6,0,0,2,1,0,0,18,12,0,0,3,5,149,1,8,2,5,8,4,7,15,9,7,1,1,2,11,15
62,5,4,10,7,0,0,1,1,0,0,5,25,0,0,3,5,149,1,7,3,6,7,5,8,14,9,7,1,1,2,10,45
-8,5,4,18,7,0,0,1,1,0,0,10,5,0,0,3,5,149,2,6,3,5,6,5,8,15,8,7,1,1,2,12,0
61,5,4,7,6,0,0,1,1,0,0,6,9,0,0,3,5,149,2,6,3,5,6,4,7,14,7,6,0,1,2,10,30
40,5,4,7,5,0,0,1,1,0,0,3,12,0,0,3,5,149,2,6,3,5,6,3,6,14,6,5,0,0,2,10,30
92,4,3,4,5,0,0,1,1,0,0,0,15,0,0,3,5,149,1,5,2,4,5,2,6,13,7,6,0,0,1,9,45
-13,3,2,14,6,0,0,1,1,0,0,26,4,0,0,3,5,149,2,3,2,3,3,4,7,12,7,6,0,0,2,11,30
-364,1,1,49,6,0,0,1,0,0,0,11,19,0,0,3,5,149,0,3,2,3,3,4,8,11,8,8,0,0,1,17,0
-13,1,1,10,7,0,0,1,0,0,0,5,25,0,0,3,5,149,2,1,1,1,1,3,7,10,7,7,0,0,2,10,45
-41,1,1,16,7,0,0,0,0,0,0,4,26,0,0,3,5,149,2,1,1,1,1,2,6,9,6,6,0,0,2,11,45
12,1,1,12,6,0,0,0,0,0,0,0,15,0,0,3,5,149,0,1,1,1,1,5,8,8,7,6,0,0,2,11,15
-1,1,1,4,5,0,0,0,1,0,0,1,14,0,0,3,5,149,1,0,0,0,0,4,7,7,6,5,0,0,1,9,45
0,1,1,7,4,0,0,0,1,0,0,12,3,0,0,3,5,149,1,0,0,0,0,5,6,6,5,5,0,0,2,10,30
10,0,0,0,4,0,0,0,0,0,0,9,6,0,1,3,5,149,0,0,0,0,0,4,5,5,5,5,0,0,1,9,0
58,0,0,1,3,0,0,0,0,0,0,3,12,0,0,3,5,149,0,0,0,0,0,4,4,4,4,4,0,0,2,9,15
28,0,0,2,2,0,0,0,0,0,0,0,15,0,0,3,5,149,0,0,0,0,0,3,3,3,3,3,0,0,2,9,30
-36,0,0,6,1,0,0,0,0,0,0,0,18,0,0,3,5,149,0,0,0,0,0,2,2,2,2,2,0,0,3,10,15
30,0,0,2,0,0,0,0,0,0,0,0,25,0,0,3,5,149,0,0,0,0,0,1,1,1,1,1,0,0,2,9,30
-16,24,0,36,1,0,0,0,0,0,0,52,8,1,0,6,5,145,0,35,0,2,5,1,2,3,2,2,1,0,1,17,0
8,24,3,35,2,0,0,0,0,0,0,28,2,0,0,6,5,145,2,33,1,3,4,1,2,5,1,1,1,0,1,16,30
34,21,1,31,3,0,0,0,1,0,0,13,17,0,0,6,5,145,0,30,0,1,9,2,4,8,5,4,1,0,2,14,45
-15,21,2,32,2,0,0,0,1,0,0,3,27,0,0,6,5,145,0,30,0,4,11,2,3,8,4,3,1,0,1,15,0
-53,21,5,34,1,0,0,0,1,0,0,20,25,0,0,6,5,145,0,30,4,8,12,2,3,9,3,2,1,0,1,15,30
41,21,5,30,1,0,0,0,0,0,0,12,33,0,0,6,5,145,0,30,5,8,14,2,2,8,2,2,1,0,1,14,15
17,18,4,32,5,0,0,0,0,0,0,13,2,0,0,6,5,145,2,25,3,6,14,1,6,8,4,2,1,1,1,15,0
51,16,3,21,4,0,1,2,0,0,0,10,5,0,0,6,5,145,1,22,3,6,15,5,6,13,7,5,0,1,2,12,30
13,16,3,24,4,0,1,1,0,0,0,5,10,0,0,6,5,145,1,22,3,6,16,4,5,12,6,5,0,0,2,12,45
46,16,4,24,3,0,1,1,0,0,0,1,14,0,0,6,5,145,0,22,4,7,16,4,4,11,6,5,0,0,2,12,45
34,16,5,21,4,0,1,1,0,0,0,7,8,0,0,6,5,145,2,20,2,6,15,3,3,10,5,5,0,0,2,12,30
-43,15,5,29,5,0,0,1,0,0,0,1,14,0,0,6,5,145,2,19,2,8,17,2,3,9,5,4,0,0,1,13,30
14,14,5,26,4,0,0,1,0,0,0,4,11,0,0,6,5,145,0,19,4,8,17,1,4,11,6,3,0,0,1,13,0
-26,10,6,26,7,1,1,3,0,0,0,1,14,0,0,6,5,145,3,11,3,9,10,5,7,17,10,4,0,0,1,13,0
73,9,6,13,6,1,1,3,0,0,0,7,8,0,0,6,5,145,1,11,5,9,11,6,8,18,11,4,0,0,2,11,0
34,9,6,14,6,0,1,3,0,0,0,6,9,0,0,6,5,145,1,11,5,9,11,5,7,18,10,4,0,0,2,11,15
-55,9,6,21,7,0,0,3,0,0,0,1,14,0,0,6,5,145,2,10,4,8,10,4,7,17,9,4,0,0,2,12,30
20,9,6,19,6,0,0,3,0,0,0,13,2,0,0,6,5,145,2,10,5,8,10,3,6,16,8,3,0,0,1,12,0
-35,7,6,18,8,0,0,3,0,0,0,13,2,0,0,6,5,145,1,7,5,5,7,2,8,15,11,5,0,0,1,11,45
-7,7,6,20,7,0,0,3,0,0,0,11,4,0,0,6,5,145,1,7,5,5,7,2,7,14,10,5,0,0,3,12,15
-33,4,3,16,8,0,2,4,0,0,0,11,4,0,0,6,5,145,3,2,0,1,2,6,10,15,12,6,0,0,1,11,30
-18,3,2,28,7,0,2,4,0,0,0,9,6,0,0,6,5,145,2,2,0,1,2,5,11,16,12,6,0,0,1,13,15
-34,3,2,16,6,0,2,4,0,0,0,6,9,0,0,6,5,145,2,2,0,2,2,6,11,15,11,5,0,0,1,11,30
44,3,3,6,5,0,2,4,0,0,0,13,2,0,0,6,5,145,2,2,0,2,2,7,10,14,10,5,0,0,1,10,0
56,2,2,9,5,0,2,3,0,0,0,3,12,0,0,6,5,145,1,2,1,2,2,6,9,13,10,6,0,0,2,10,30
3,2,2,11,5,0,2,2,0,0,0,2,13,0,0,6,5,145,1,2,1,2,2,5,8,12,9,5,0,0,1,10,45
22,1,1,6,4,0,2,2,0,0,0,8,7,0,0,6,5,145,0,2,2,2,2,6,7,11,9,5,0,0,1,10,0
17,1,1,14,3,0,2,2,0,0,0,6,9,0,0,6,5,145,0,2,2,2,2,5,6,10,8,5,0,0,2,11,15
42,1,1,9,2,0,2,2,0,0,0,3,12,0,0,6,5,145,0,2,2,2,2,5,6,9,7,5,0,0,2,10,30
36,1,1,11,2,0,2,1,0,0,0,1,14,0,0,6,5,145,0,2,2,2,2,4,5,8,6,4,0,0,1,10,45
19,1,1,8,2,0,2,1,0,0,0,11,4,0,0,6,5,145,1,1,1,1,1,3,5,7,5,4,0,0,2,10,15
55,1,1,2,2,0,1,1,0,0,0,10,5,0,0,6,5,145,1,1,1,1,1,2,4,6,4,4,0,0,2,9,30
15,1,1,2,3,0,0,1,0,0,0,6,9,0,0,6,5,145,1,0,0,0,0,1,5,5,4,4,0,0,2,9,30
-7,0,0,1,2,0,0,1,0,0,0,0,26,0,0,6,5,145,0,0,0,0,0,4,4,4,4,4,0,0,2,9,15
4,0,0,4,2,0,0,0,0,0,0,0,31,0,0,6,5,145,0,0,0,0,0,3,3,3,3,3,0,0,2,9,45
1,0,0,0,1,0,0,0,0,0,0,0,50,0,1,6,5,145,0,0,0,0,0,2,2,2,2,2,0,0,1,9,0
26,0,0,4,0,0,0,0,0,0,0,0,51,0,0,6,5,145,0,0,0,0,0,1,1,1,1,1,0,0,2,9,45
9,33,3,52,0,0,2,0,1,0,1,7,8,0,0,5,5,144,2,49,3,6,12,3,6,11,3,1,10,4,1,17,15
1,33,3,51,0,0,1,0,1,0,1,5,10,0,0,5,5,144,1,49,3,6,12,2,5,10,3,1,9,3,1,17,0
-9,32,4,48,1,0,1,0,1,0,0,21,9,0,0,5,5,144,1,48,5,7,13,2,6,10,3,0,8,3,1,16,45
5,30,3,48,2,0,1,0,1,0,0,3,27,0,0,5,5,144,1,46,4,7,11,3,8,11,4,0,7,3,1,16,45
10,30,3,45,2,0,1,1,1,0,1,14,1,0,0,5,5,144,2,43,3,6,11,5,7,12,5,0,7,2,1,16,0
46,30,3,41,1,0,1,1,1,0,1,7,8,0,0,5,5,144,1,43,3,6,13,6,6,11,5,1,7,2,2,15,30
41,29,2,43,1,0,2,1,0,0,1,11,4,0,0,5,5,144,1,42,4,6,13,5,5,11,5,2,7,2,2,15,45
-18,28,1,45,1,0,3,1,0,0,0,7,8,0,0,5,5,144,1,41,3,5,12,4,5,10,5,2,6,2,1,16,0
-31,28,1,47,1,0,2,1,0,0,0,5,10,0,0,5,5,144,1,41,3,6,12,3,4,9,4,1,6,1,3,16,30
-59,27,0,48,0,0,2,1,0,0,1,8,7,0,0,5,5,144,1,40,3,5,13,2,5,9,4,1,6,2,1,16,45
30,27,0,35,0,0,2,1,0,0,0,7,8,0,0,5,5,144,1,40,3,5,13,1,4,8,3,1,5,2,3,14,45
-25,27,3,37,2,0,2,2,0,0,0,9,6,0,0,5,5,144,0,36,2,7,16,5,6,12,7,5,5,3,1,15,0
-31,27,3,37,1,0,2,3,0,0,0,1,14,0,0,5,5,144,1,35,3,7,15,4,5,12,6,4,5,3,1,15,0
7,27,3,40,1,0,1,3,0,0,0,0,15,0,0,5,5,144,1,35,3,7,16,3,4,11,5,3,4,3,2,15,15
29,27,5,37,2,0,1,2,0,0,0,29,16,0,0,5,5,144,1,34,4,7,17,3,6,14,5,3,4,3,1,15,0
-42,27,5,43,2,0,0,2,0,0,0,27,18,0,0,5,5,144,1,34,5,7,17,2,6,13,4,2,3,3,2,15,45
-175,25,6,53,4,0,2,1,0,0,0,5,40,1,0,5,5,144,2,30,3,8,16,2,5,16,6,2,2,2,1,17,30
-41,22,5,41,5,0,2,1,0,0,1,12,3,0,0,5,5,144,2,27,4,9,18,4,8,19,8,3,2,1,2,15,30
-32,22,7,35,5,0,2,0,0,0,1,5,10,0,0,5,5,144,1,27,5,9,18,3,10,18,8,4,1,1,3,14,45
36,22,7,29,4,0,2,0,0,0,1,3,12,0,0,5,5,144,1,27,5,10,18,4,9,17,7,4,1,0,1,13,0
30,22,7,31,4,0,1,0,0,0,1,13,2,0,0,5,5,144,1,27,6,10,19,3,8,16,6,4,1,0,1,13,15
29,19,6,27,8,0,0,1,0,0,1,5,10,0,0,5,5,144,2,22,4,8,17,7,11,17,9,3,1,0,2,12,45
14,19,6,29,8,0,0,1,0,0,0,3,12,0,0,5,5,144,2,22,5,8,17,6,10,17,8,3,1,0,1,13,0
139,18,7,16,8,0,0,2,0,0,0,8,7,0,0,5,5,144,2,20,4,8,15,5,10,18,9,4,1,1,1,11,15
26,17,9,23,8,0,0,2,0,0,0,13,2,0,0,5,5,144,1,19,3,10,15,6,11,17,10,4,1,1,2,12,15
14,17,9,25,8,0,0,2,0,0,0,9,6,0,0,5,5,144,2,18,2,9,14,5,11,18,9,4,1,1,2,12,30
-24,16,8,32,7,0,0,2,0,0,0,8,7,0,0,5,5,144,1,18,2,9,14,5,10,18,9,4,1,1,1,13,30
-29,16,9,27,7,0,0,1,0,0,0,7,8,0,0,5,5,144,1,18,3,9,14,5,9,17,8,3,1,1,2,12,45
17,15,10,21,6,0,0,1,0,0,1,4,11,0,0,5,5,144,2,16,4,9,13,6,9,18,8,3,1,1,2,12,0
-26,15,10,33,6,0,0,1,0,0,1,4,11,0,0,5,5,144,2,16,4,9,13,6,9,18,8,3,1,1,1,14,15
39,13,9,23,5,0,0,1,0,0,1,9,6,0,0,5,5,144,0,16,7,11,15,6,7,17,8,4,1,1,2,12,15
8,13,9,21,4,0,0,1,0,0,1,8,7,0,0,5,5,144,0,16,7,11,15,5,6,16,7,4,1,1,2,12,0
21,11,8,19,6,0,0,1,0,0,2,9,6,0,0,5,5,144,2,12,4,7,11,5,9,17,8,5,0,1,2,11,45
43,11,8,19,5,0,0,1,0,0,2,7,8,0,0,5,5,144,2,12,5,7,11,4,8,16,7,4,0,0,2,11,45
-1,10,7,25,4,0,0,2,0,0,2,0,15,0,0,5,5,144,2,11,5,7,10,3,7,15,7,4,0,0,2,12,30
-101,8,5,34,4,0,1,2,0,0,2,13,2,0,0,5,5,144,2,9,3,5,8,2,6,15,8,4,0,0,2,14,30
18,6,4,18,5,0,1,2,0,0,1,10,5,0,0,5,5,144,1,8,3,5,8,5,8,16,9,6,0,0,2,11,30
60,4,2,7,7,0,1,2,0,0,1,7,8,0,0,5,5,144,1,5,1,4,5,7,11,15,11,9,0,0,2,10,15
58,4,3,7,7,0,1,1,0,0,1,3,12,0,0,5,5,144,1,5,2,4,5,6,11,15,10,9,0,0,2,10,15
8,4,4,14,7,0,0,1,0,0,1,0,15,0,0,5,5,144,1,5,2,4,5,5,10,14,9,8,0,0,2,11,0
33,4,4,16,6,0,0,1,0,0,1,11,4,0,0,5,5,144,1,5,2,4,5,4,9,14,8,7,0,0,1,11,15
28,3,3,14,5,0,0,1,0,0,2,12,3,0,0,5,5,144,1,4,2,3,4,6,9,13,8,7,0,0,2,11,0
48,3,3,10,4,0,0,1,0,0,2,11,4,0,0,5,5,144,1,4,3,3,4,5,8,12,7,7,0,0,2,10,30
6,3,3,12,4,0,0,0,0,0,2,9,6,0,0,5,5,144,1,4,3,3,4,4,8,11,6,6,0,0,2,10,45
39,2,2,4,3,0,0,0,1,0,2,9,6,0,0,5,5,144,0,3,2,3,3,5,8,10,7,6,0,0,1,9,45
-14,2,2,7,3,0,0,0,1,0,1,5,10,0,0,5,5,144,0,3,2,3,3,4,7,9,6,5,0,0,2,10,15
55,2,2,10,2,0,0,1,1,0,1,2,13,0,0,5,5,144,1,2,1,2,2,3,6,8,5,5,0,0,2,10,30
-5,2,2,12,3,0,0,1,1,0,0,8,7,0,0,5,5,144,2,1,0,1,1,4,5,7,4,4,0,0,2,10,45
61,2,2,4,2,0,0,1,1,0,0,6,9,0,0,5,5,144,2,1,0,1,1,3,4,6,3,3,0,0,1,9,45
59,0,0,6,1,0,0,1,1,0,0,15,15,0,0,5,5,144,0,1,1,1,1,3,5,5,4,3,0,0,3,10,0
26,0,0,2,1,0,0,1,0,0,0,10,5,0,0,5,5,144,0,1,1,1,1,2,4,4,3,2,0,0,2,9,30
17,0,0,1,1,0,0,1,0,0,0,0,4,0,0,5,5,144,1,0,0,0,0,3,3,3,2,1,0,0,2,9,15
5,0,0,2,1,0,0,0,0,0,0,0,26,0,0,5,5,144,0,0,0,0,0,2,2,2,2,1,0,0,2,9,30
-6,0,0,0,0,0,0,0,0,0,0,0,31,0,1,5,5,144,0,0,0,0,0,1,1,1,1,1,0,0,1,9,0
40,43,7,53,5,0,0,1,0,0,1,11,4,0,0,4,5,143,2,48,4,7,14,3,6,7,6,4,6,1,1,17,0
24,41,5,53,5,0,0,1,0,0,1,1,14,0,0,4,5,143,1,47,5,7,14,4,5,9,7,4,6,0,1,17,0
-15,41,6,55,5,0,0,1,0,0,1,11,4,1,0,4,5,143,2,46,4,7,13,3,4,13,6,3,6,0,1,17,30
31,38,5,49,6,0,0,1,0,0,1,7,8,0,0,4,5,143,1,44,4,7,12,3,4,16,8,2,6,1,2,16,30
4,38,5,51,7,0,0,1,0,0,0,4,11,0,0,4,5,143,2,43,3,6,12,2,3,15,7,2,6,1,2,16,45
8,36,5,49,8,0,0,1,0,0,0,13,2,0,0,4,5,143,1,41,4,7,11,2,2,16,9,2,6,1,2,16,30
56,34,5,48,8,0,1,0,1,0,0,6,9,0,0,4,5,143,1,39,5,6,12,1,9,17,10,3,5,3,2,16,15
60,30,2,46,12,0,1,0,1,0,0,8,7,0,0,4,5,143,0,34,2,4,11,11,15,16,15,7,5,2,1,16,0
119,30,2,30,12,0,1,0,1,0,0,5,10,0,0,4,5,143,1,33,1,3,10,11,14,15,14,6,5,2,1,13,0
-37,30,2,46,11,0,1,0,1,0,0,4,11,0,0,4,5,143,1,33,1,3,10,10,13,14,13,5,4,2,1,16,0
65,29,3,44,10,0,1,0,1,0,0,1,14,0,0,4,5,143,0,33,2,3,10,10,12,14,13,5,4,1,2,15,45
65,29,3,42,9,0,1,0,1,0,0,0,15,0,0,4,5,143,0,33,2,4,10,10,11,13,12,5,4,1,2,15,30
76,29,3,34,8,0,1,0,1,0,0,0,15,0,0,4,5,143,0,33,2,4,10,9,10,12,11,5,4,1,1,13,30
25,29,3,40,8,0,1,0,0,0,0,14,1,0,0,4,5,143,0,33,2,5,10,8,9,11,10,4,3,1,2,15,15
-12,29,3,44,8,0,0,0,0,0,0,12,3,0,0,4,5,143,0,33,3,5,10,7,8,10,9,3,3,0,2,15,45
7,29,3,38,7,0,0,0,0,0,0,5,10,0,0,4,5,143,0,33,3,6,12,6,8,10,8,2,3,0,2,15,0
53,29,3,42,6,0,0,0,0,0,0,4,11,0,0,4,5,143,0,33,3,6,12,5,7,9,7,2,3,0,2,15,30
78,29,3,38,5,0,0,0,0,0,0,3,12,0,0,4,5,143,0,33,3,6,12,4,6,8,6,2,3,0,2,15,0
-37,29,5,51,5,0,0,0,0,0,0,52,8,0,0,4,5,143,1,32,2,6,12,4,5,7,5,2,3,0,2,16,45
53,29,5,35,5,0,0,0,0,0,0,48,12,0,0,4,5,143,2,31,1,5,11,3,4,6,4,2,3,0,2,14,30
59,29,5,36,4,0,0,0,0,0,0,46,14,0,0,4,5,143,2,31,1,5,11,2,3,5,3,2,3,0,2,14,45
54,28,7,40,4,0,0,0,0,0,0,26,34,0,0,4,5,143,2,30,4,7,13,2,2,8,3,2,3,0,2,15,15
9,26,7,36,4,0,0,1,0,0,0,7,53,0,0,4,5,143,2,28,3,6,13,1,2,9,4,3,3,1,2,14,45
15,21,7,30,7,0,0,1,1,0,0,2,13,0,0,4,5,143,2,23,3,7,14,2,6,13,8,5,2,2,1,13,0
75,19,6,30,6,0,2,1,1,0,0,6,9,0,0,4,5,143,2,21,3,7,14,4,7,15,9,6,2,2,1,13,0
34,18,8,33,5,0,2,2,1,0,0,0,15,0,0,4,5,143,1,20,4,9,14,4,9,17,10,7,2,2,1,13,15
43,18,8,28,5,0,2,1,1,0,0,13,2,0,0,4,5,143,1,20,5,9,14,4,8,16,9,6,2,2,3,12,45
64,18,9,28,5,0,2,1,1,0,0,10,5,0,0,4,5,143,2,19,4,8,13,4,8,16,8,5,1,2,3,12,45
-1,15,7,26,7,0,1,1,1,0,0,12,3,0,0,4,5,143,1,17,4,8,12,4,7,15,10,6,1,1,2,12,30
49,14,7,21,7,0,1,1,1,0,0,14,1,0,0,4,5,143,1,16,5,8,13,5,8,17,10,6,0,1,2,11,45
62,14,8,22,8,0,1,1,0,0,0,11,4,0,0,4,5,143,2,15,4,7,13,5,9,16,9,5,0,0,2,12,0
74,12,6,24,8,0,2,1,0,0,0,1,14,0,0,4,5,143,2,13,3,6,13,4,10,15,10,5,0,0,2,12,15
36,10,6,26,7,0,3,1,0,0,0,6,9,0,0,4,5,143,1,12,3,6,12,4,10,15,11,4,0,0,2,12,30
44,10,6,22,6,0,3,1,0,0,0,5,10,0,0,4,5,143,1,12,3,6,12,3,9,14,10,3,0,0,2,12,0
24,10,6,24,5,0,3,2,0,0,0,13,2,0,0,4,5,143,2,11,3,5,11,4,8,13,9,2,0,0,2,12,15
64,8,6,15,5,0,4,2,0,0,0,7,8,0,0,4,5,143,2,9,3,6,9,6,9,15,10,3,0,0,2,11,0
39,7,5,19,5,0,4,1,0,0,0,1,14,0,0,4,5,143,1,9,3,6,9,6,8,16,10,4,0,0,1,11,30
93,7,5,11,5,0,4,1,0,0,0,13,2,0,0,4,5,143,2,8,2,5,8,5,9,15,9,3,0,0,2,10,30
20,6,4,17,4,0,4,1,0,0,0,11,4,0,0,4,5,143,1,8,2,5,8,4,8,14,9,3,0,0,2,11,15
27,6,5,15,4,0,4,1,0,0,0,6,9,0,0,4,5,143,2,7,2,6,7,4,7,14,8,3,0,0,2,11,0
8,6,5,19,4,0,3,1,0,0,0,4,11,0,0,4,5,143,2,7,2,6,7,3,6,13,7,3,0,0,1,11,30
34,4,4,17,3,0,3,1,1,0,0,6,9,0,0,4,5,143,1,6,3,6,6,3,6,13,8,5,0,0,2,11,15
52,4,4,11,3,0,2,1,1,0,0,11,4,0,0,4,5,143,1,6,4,6,6,4,5,13,7,5,0,0,2,10,30
47,2,2,9,4,0,2,1,1,0,0,11,4,0,0,4,5,143,1,4,4,4,4,4,7,13,8,6,0,0,2,10,15
28,2,2,13,5,0,2,0,1,0,0,1,14,0,0,4,5,143,1,3,3,3,3,3,8,12,8,7,0,0,2,10,45
57,2,2,5,5,0,1,0,1,0,0,0,15,0,0,4,5,143,1,3,3,3,3,2,7,11,7,6,0,0,2,9,45
-12,1,1,7,8,0,0,0,1,0,0,1,14,0,0,4,5,143,2,0,0,0,0,3,7,10,8,6,0,0,2,10,0
-21,0,0,5,7,0,0,0,1,0,0,8,7,0,0,4,5,143,0,0,0,0,0,6,8,9,9,6,0,0,2,9,45
-74,0,0,13,6,0,0,0,1,0,0,5,10,0,0,4,5,143,0,0,0,0,0,5,7,8,8,5,0,0,2,10,45
70,0,0,2,5,0,0,0,1,0,0,0,4,0,0,4,5,143,0,0,0,0,0,5,7,7,7,4,0,0,2,9,15
21,0,0,7,4,0,0,0,1,0,0,0,12,0,0,4,5,143,0,0,0,0,0,4,6,6,6,3,0,0,2,10,0
69,0,0,0,4,0,0,0,0,0,0,0,13,0,1,4,5,143,0,0,0,0,0,3,5,5,5,2,0,0,1,9,0
25,0,0,0,3,0,0,0,0,0,0,0,22,0,1,4,5,143,0,0,0,0,0,3,4,4,4,1,0,0,1,9,0
36,0,0,9,2,0,0,0,0,0,0,0,33,0,0,4,5,143,0,0,0,0,0,3,3,3,3,1,0,0,2,10,15
26,0,0,3,1,0,0,0,0,0,0,0,49,0,0,4,5,143,0,0,0,0,0,2,2,2,2,0,0,0,2,9,30
8,0,0,3,0,0,0,0,0,0,0,0,60,0,0,4,5,143,0,0,0,0,0,1,1,1,1,0,0,0,2,9,30
1,29,7,49,1,0,2,0,0,0,0,3,12,1,0,3,5,142,2,47,2,8,10,3,4,12,2,1,7,3,2,17,30
18,27,6,47,2,0,2,0,0,0,0,10,5,0,0,3,5,142,2,45,4,7,11,3,6,13,3,1,6,2,2,17,15
17,26,5,45,2,0,1,0,0,0,0,7,8,0,0,3,5,142,1,45,5,7,12,2,6,13,3,1,5,1,2,17,0
10,25,4,45,2,0,1,0,0,0,1,9,6,0,0,3,5,142,2,43,4,5,12,1,7,12,3,2,5,0,2,17,0
64,22,2,35,4,0,0,1,0,0,3,4,11,0,0,3,5,142,2,38,0,4,8,6,8,13,7,3,5,0,2,15,45
-14,22,2,43,4,0,0,1,0,0,2,1,14,0,0,3,5,142,2,38,0,4,8,5,8,12,6,2,5,0,2,16,45
5,21,1,41,3,0,0,1,0,0,2,13,2,0,0,3,5,142,1,38,0,4,8,4,7,11,6,2,5,0,2,16,30
18,21,2,37,3,0,0,1,0,0,1,8,7,0,0,3,5,142,0,38,0,5,9,4,7,10,6,2,5,1,2,16,0
9,21,2,43,2,0,0,1,0,0,1,7,8,0,0,3,5,142,0,38,1,5,9,3,7,10,5,1,5,2,2,16,45
7,21,2,39,1,0,0,1,0,0,1,2,13,0,0,3,5,142,0,38,1,6,9,3,6,10,4,0,5,2,2,16,15
-22,21,2,41,1,0,0,1,0,0,0,25,5,0,0,3,5,142,0,38,5,7,12,4,6,10,3,0,5,2,2,16,30
29,21,2,34,1,0,0,1,0,0,0,19,11,0,0,3,5,142,1,37,5,6,12,4,6,9,2,0,5,2,2,15,30
7,20,1,32,1,0,1,1,0,0,1,1,29,0,0,3,5,142,2,34,3,4,11,4,5,10,3,1,5,2,1,15,0
-20,19,0,39,1,0,1,0,0,0,1,12,3,0,0,3,5,142,0,34,3,4,12,3,4,9,4,1,4,2,2,16,15
-125,19,0,47,2,0,1,0,0,0,0,7,8,0,0,3,5,142,1,33,2,4,11,3,4,8,3,1,3,1,2,17,15
-151,19,0,49,4,0,0,0,0,0,0,7,8,1,0,3,5,142,2,31,1,4,11,2,5,7,3,1,3,0,2,17,30
-14,19,2,30,3,0,0,0,0,0,0,9,6,0,0,3,5,142,0,31,2,6,13,1,4,9,4,2,3,0,2,14,45
27,19,4,29,3,0,0,0,0,0,1,22,23,0,0,3,5,142,1,29,4,7,13,3,5,11,4,2,3,0,2,14,30
-16,19,4,32,2,0,0,0,0,0,1,20,25,0,0,3,5,142,1,29,4,8,14,2,4,10,3,1,3,0,1,15,0
-57,19,4,30,2,0,0,0,1,0,0,13,32,0,0,3,5,142,1,28,4,8,13,2,3,11,3,1,3,0,2,14,45
-80,17,5,35,3,0,1,0,1,0,0,2,13,0,0,3,5,142,2,25,4,7,14,2,6,13,4,3,3,1,2,15,45
-17,17,6,28,3,0,2,0,1,0,0,8,7,0,0,3,5,142,2,23,3,6,12,1,6,12,5,3,3,1,1,14,15
-166,15,7,37,5,0,1,1,1,0,0,7,8,0,0,3,5,142,2,20,3,7,12,5,10,17,7,4,2,2,2,16,0
-14,15,7,27,4,0,1,1,1,0,0,5,10,0,0,3,5,142,2,20,3,7,12,4,9,16,6,3,2,1,1,13,30
2,13,6,24,5,0,0,1,1,0,1,27,3,0,0,3,5,142,2,18,2,6,10,4,8,15,7,3,2,1,1,13,0
4,12,7,21,5,0,0,0,1,0,1,17,13,0,0,3,5,142,1,18,3,7,11,5,8,14,7,3,2,1,1,12,30
16,11,6,26,6,0,0,0,0,0,1,13,17,0,0,3,5,142,1,17,3,6,11,4,7,13,7,4,2,1,1,13,15
20,11,6,19,6,0,0,0,0,0,0,2,28,0,0,3,5,142,1,17,4,7,11,5,7,14,6,3,2,1,2,12,0
41,10,6,23,7,0,0,0,0,0,0,3,12,0,0,3,5,142,2,15,4,6,12,5,9,14,6,4,2,2,2,12,45
4,10,6,21,6,0,0,0,0,0,0,3,12,0,0,3,5,142,2,15,4,6,12,4,9,13,5,3,1,2,1,12,30
62,10,6,19,6,0,0,0,0,0,0,12,3,0,0,3,5,142,3,14,3,6,11,3,8,12,4,3,1,1,2,12,0
-13,9,5,24,5,0,0,0,0,0,0,12,3,0,0,3,5,142,2,13,3,6,11,2,7,11,4,3,1,1,1,13,0
12,5,1,16,6,0,1,0,0,0,0,5,10,0,0,3,5,142,1,11,2,3,10,5,7,13,7,2,1,1,2,11,30
29,5,2,17,6,0,1,0,0,0,0,3,12,0,0,3,5,142,1,10,2,4,9,6,8,14,7,3,1,1,2,11,45
6,5,3,15,5,0,1,0,0,0,0,1,14,0,0,3,5,142,1,10,2,4,9,5,7,13,6,2,1,1,1,11,15
-34,5,3,17,5,0,0,0,0,0,0,11,4,0,0,3,5,142,1,10,2,6,10,4,7,12,5,2,1,1,2,11,45
53,4,3,10,5,0,0,0,0,0,0,6,9,0,0,3,5,142,1,9,1,6,9,3,6,12,5,1,0,1,1,10,30
75,4,3,13,4,0,0,0,0,0,0,3,12,0,0,3,5,142,1,9,2,6,9,2,5,11,4,1,0,0,1,10,45
33,4,4,14,4,0,0,0,0,0,0,9,6,0,0,3,5,142,2,8,2,6,8,2,4,10,3,0,0,0,1,11,0
37,4,4,8,5,0,0,0,0,0,0,10,5,0,0,3,5,142,2,6,4,5,6,3,7,10,4,1,0,0,3,10,15
84,4,4,8,4,0,0,0,0,0,0,8,7,0,0,3,5,142,2,6,4,5,6,3,6,11,3,1,0,0,3,10,15
-11,2,2,10,4,0,0,0,0,0,0,13,2,0,0,3,5,142,1,5,3,5,5,2,6,10,4,3,0,0,1,10,30
37,0,0,2,5,0,0,1,0,0,0,8,7,0,0,3,5,142,1,2,1,2,2,4,6,9,6,3,0,0,2,9,30
10,0,0,4,4,0,0,1,0,0,0,12,3,0,0,3,5,142,1,2,2,2,2,4,5,8,5,2,0,0,2,9,45
44,0,0,0,3,0,0,1,0,0,0,10,5,0,1,3,5,142,1,2,2,2,2,3,4,7,4,1,0,0,1,9,0
-5,0,0,10,3,0,0,1,0,0,0,5,10,0,0,3,5,142,1,1,1,1,1,3,4,6,4,2,0,0,1,10,30
-16,0,0,6,2,0,0,1,0,0,0,7,8,0,0,3,5,142,0,1,1,1,1,2,5,5,4,2,0,0,2,10,0
2,0,0,6,2,0,0,1,0,0,0,0,8,0,0,3,5,142,0,0,0,0,0,1,4,4,4,2,0,0,2,10,0
-33,0,0,4,1,0,0,1,0,0,0,0,39,0,0,3,5,142,0,0,0,0,0,3,3,3,3,1,0,0,2,9,45
-5,0,0,2,1,0,0,0,0,0,0,0,51,0,0,3,5,142,0,0,0,0,0,2,2,2,2,1,0,0,2,9,30
-20,0,0,1,0,0,0,0,0,0,0,0,52,0,0,3,5,142,0,0,0,0,0,1,1,1,1,0,0,0,2,9,15
-7,32,4,47,0,0,0,2,0,0,0,2,28,1,0,2,5,141,0,45,2,6,12,2,4,8,3,2,7,2,1,17,30
53,32,5,45,0,0,1,1,0,0,0,0,15,0,0,2,5,141,1,44,3,7,13,1,4,9,2,1,6,3,1,17,0
13,28,3,45,5,0,1,0,0,0,0,11,19,0,0,2,5,141,2,39,2,5,12,4,6,11,5,3,6,2,1,17,0
52,28,4,39,5,0,0,0,0,0,0,4,26,0,0,2,5,141,2,39,2,6,13,3,5,11,4,2,5,2,2,15,45
-27,27,4,42,5,0,0,0,0,0,0,7,8,0,0,2,5,141,1,38,3,7,13,2,5,10,5,3,4,1,1,16,30
29,27,6,40,4,0,1,0,0,0,0,13,2,0,0,2,5,141,1,37,3,7,13,3,5,9,5,3,4,0,2,16,0
30,25,5,37,4,0,2,0,0,0,0,6,9,0,0,2,5,141,1,35,4,7,13,3,7,10,6,4,4,1,1,15,30
60,25,5,36,3,0,2,1,0,0,0,14,1,0,0,2,5,141,2,34,4,7,12,3,6,9,5,3,4,1,2,15,15
16,24,6,40,3,0,2,1,0,0,0,1,14,0,0,2,5,141,2,33,4,7,11,4,6,10,5,3,4,1,2,16,0
24,22,5,34,4,0,1,2,0,0,0,2,13,0,0,2,5,141,1,31,3,7,9,4,5,12,7,5,4,1,1,15,0
-42,21,6,42,4,0,1,3,0,0,0,6,9,0,0,2,5,141,2,29,3,6,8,4,5,11,7,5,4,1,1,16,30
-1,21,6,34,3,0,1,3,0,0,0,1,14,0,0,2,5,141,2,29,3,7,9,3,4,11,6,4,4,1,1,15,0
189,20,5,20,3,0,0,3,0,0,0,11,4,0,0,2,5,141,0,29,4,7,10,2,4,10,7,5,3,1,2,12,30
-63,20,7,37,3,0,0,3,1,0,0,37,8,0,0,2,5,141,2,27,4,5,11,2,5,11,6,5,3,0,1,15,30
20,17,4,32,5,0,0,3,2,0,0,10,35,0,0,2,5,141,3,23,1,2,9,3,7,14,8,6,3,0,2,14,45
15,15,2,32,6,0,0,2,2,0,0,0,45,0,0,2,5,141,2,22,0,2,10,3,7,13,9,6,3,0,2,14,45
23,13,1,28,5,0,0,2,2,0,0,12,3,0,0,2,5,141,0,22,0,5,11,5,6,14,10,6,3,0,1,13,15
31,13,2,30,5,0,0,1,2,0,0,7,8,0,0,2,5,141,0,22,1,6,11,4,7,13,9,6,3,2,1,14,15
32,13,3,29,4,0,0,1,1,0,0,8,7,0,0,2,5,141,0,22,4,7,13,4,9,14,8,5,3,2,1,13,30
66,13,3,26,4,0,0,1,1,0,0,8,7,0,0,2,5,141,0,22,4,7,13,4,9,14,8,5,3,2,1,13,0
18,13,4,31,3,0,0,1,1,0,0,3,12,0,0,2,5,141,0,22,4,8,14,2,7,13,6,4,3,2,2,14,30
50,13,5,26,2,0,1,1,1,0,0,3,12,0,0,2,5,141,1,21,5,9,14,3,7,13,5,4,3,2,1,13,0
-3,11,4,20,5,0,1,2,1,0,0,11,4,0,0,2,5,141,2,16,2,5,13,6,8,15,8,6,2,2,2,12,30
-15,11,4,24,5,0,0,2,1,0,0,10,5,0,0,2,5,141,2,16,2,5,13,5,7,14,7,6,1,1,2,12,45
65,11,5,18,4,0,0,2,1,0,0,2,13,0,0,2,5,141,2,16,4,6,13,4,6,14,6,5,1,0,4,12,15
69,11,5,20,4,0,0,2,0,0,0,1,14,0,0,2,5,141,2,16,4,7,13,3,5,14,5,5,1,0,2,12,30
117,11,5,20,4,0,0,1,0,0,0,0,15,0,0,2,5,141,2,16,4,7,13,2,5,13,4,4,1,0,2,12,30
31,9,4,24,4,0,0,1,1,0,0,1,14,0,0,2,5,141,2,14,2,6,12,3,6,13,5,4,1,1,2,12,45
4,8,5,18,6,0,0,0,1,0,0,8,7,0,0,2,5,141,2,12,3,7,10,4,7,13,6,4,1,1,4,12,15
8,7,4,15,5,0,0,0,1,0,0,6,9,0,0,2,5,141,1,12,4,7,10,3,6,12,6,4,1,1,1,11,30
12,6,3,17,7,0,0,0,1,0,0,1,14,0,0,2,5,141,3,9,3,6,9,4,9,12,6,4,1,1,2,12,0
59,6,3,11,6,0,0,0,1,0,0,10,5,0,0,2,5,141,2,9,3,7,9,3,8,11,6,4,0,1,1,11,0
49,6,4,11,6,0,0,0,1,0,0,4,11,0,0,2,5,141,3,8,3,6,8,4,8,10,5,3,0,0,1,11,0
-10,5,3,16,6,0,0,0,0,0,0,14,1,0,0,2,5,141,2,8,4,6,8,4,7,9,5,4,0,0,1,11,45
34,4,3,7,7,0,0,0,0,0,0,9,6,0,0,2,5,141,2,6,4,4,6,6,7,10,6,6,0,0,2,10,30
-18,3,2,14,7,0,0,0,0,0,0,4,11,0,0,2,5,141,1,5,3,3,5,5,6,10,7,5,0,0,1,11,15
-24,3,2,11,7,0,0,0,0,0,0,0,15,0,0,2,5,141,1,4,2,3,4,4,5,9,7,4,0,0,1,11,0
37,3,2,9,7,0,0,0,0,0,0,21,9,0,0,2,5,141,2,3,1,3,3,3,5,9,6,3,0,0,3,10,45
2,3,3,9,6,0,0,0,0,0,0,16,14,0,0,2,5,141,1,3,1,3,3,3,4,9,6,3,0,0,3,10,45
-389,3,3,44,6,0,0,0,0,0,0,9,21,0,0,2,5,141,2,2,0,2,2,2,3,8,5,2,0,0,2,16,45
38,1,1,3,5,0,0,0,0,0,0,4,11,0,0,2,5,141,0,2,2,2,2,2,3,8,6,4,0,0,2,9,45
-9,1,1,7,6,0,0,0,0,0,0,12,18,0,0,2,5,141,1,0,0,0,0,1,4,7,6,4,0,0,2,10,30
-32,0,0,3,5,0,0,0,0,0,0,0,24,0,0,2,5,141,0,0,0,0,0,4,6,6,6,4,0,0,2,9,45
4,0,0,0,4,0,0,0,0,0,0,0,35,0,1,2,5,141,0,0,0,0,0,4,5,5,5,4,0,0,2,9,0
23,0,0,5,3,0,0,0,0,0,0,0,37,0,0,2,5,141,0,0,0,0,0,3,4,4,4,4,0,0,2,10,15
-13,0,0,5,2,0,0,0,0,0,0,0,52,0,0,2,5,141,0,0,0,0,0,3,3,3,3,3,0,0,2,10,15
23,0,0,1,1,0,0,0,0,0,0,0,55,0,0,2,5,141,0,0,0,0,0,2,2,2,2,2,0,0,2,9,30
10,0,0,1,0,0,0,0,0,0,0,0,69,0,0,2,5,141,0,0,0,0,0,1,1,1,1,1,0,0,2,9,30
77,30,3,40,1,0,0,1,0,0,1,10,5,0,0,6,5,138,1,43,4,4,11,3,4,8,3,0,3,1,3,16,30
24,28,2,45,3,0,1,0,0,0,1,5,10,0,0,6,5,138,1,40,1,3,10,3,4,9,5,2,3,1,1,17,0
-46,27,1,46,3,0,0,0,0,0,1,0,15,1,0,6,5,138,0,40,1,4,10,2,4,8,5,3,2,1,1,17,30
29,27,1,42,3,0,0,1,0,0,0,5,10,0,0,6,5,138,1,39,0,3,9,2,5,7,4,2,2,0,1,16,45
20,27,3,39,2,0,0,1,0,0,0,9,6,0,0,6,5,138,0,39,3,7,10,2,4,9,4,3,2,0,2,16,15
9,26,4,42,2,0,0,2,0,0,0,2,13,0,0,6,5,138,1,37,4,7,11,3,5,10,4,2,2,0,1,16,45
9,26,4,35,2,0,0,2,0,0,0,6,9,0,0,6,5,138,1,36,5,6,10,2,4,9,4,3,2,0,1,15,30
-19,26,4,40,2,0,0,1,0,0,0,5,10,0,0,6,5,138,1,36,5,6,10,1,3,8,3,3,2,0,3,16,30
23,24,4,31,6,0,0,1,0,0,0,14,1,0,0,6,5,138,3,31,2,3,10,2,6,9,5,3,2,0,2,14,45
31,24,4,37,5,0,0,1,0,0,0,14,1,0,0,6,5,138,3,31,2,3,11,1,5,8,4,3,2,0,1,16,0
-81,21,3,42,7,0,0,0,0,0,0,39,6,0,0,6,5,138,1,29,2,5,12,4,6,10,7,3,2,0,1,16,45
-43,21,3,34,6,0,0,0,0,0,0,36,9,0,0,6,5,138,1,29,2,5,12,3,5,9,6,2,2,0,1,15,15
-1,20,4,32,5,0,0,0,0,0,0,26,19,0,0,6,5,138,0,29,3,6,13,3,5,9,6,1,2,0,1,15,0
9,20,5,30,5,0,0,0,0,0,0,15,30,0,0,6,5,138,1,28,4,7,14,3,4,10,5,0,2,0,1,14,30
18,19,5,32,5,0,0,0,0,0,0,5,40,0,0,6,5,138,1,27,3,8,15,2,3,12,5,0,2,0,1,15,0
26,18,6,29,7,0,0,0,0,0,0,1,14,0,0,6,5,138,2,24,3,7,14,2,4,16,6,2,2,0,1,14,15
-9,16,4,28,6,0,1,0,0,0,0,1,14,0,0,6,5,138,1,23,4,7,14,1,4,16,7,2,2,0,1,13,30
61,13,2,26,7,0,2,1,0,0,0,11,4,0,0,6,5,138,1,19,3,7,14,4,13,19,10,4,2,0,1,13,15
161,12,1,12,7,0,2,2,0,0,0,5,10,0,0,6,5,138,2,17,3,6,12,4,13,19,10,5,2,1,2,11,15
38,12,1,25,6,0,2,2,0,0,0,14,1,0,0,6,5,138,2,17,3,7,13,5,12,18,9,5,2,1,2,13,0
5,12,3,26,6,0,2,2,0,0,0,13,2,0,0,6,5,138,1,16,4,7,13,8,12,19,10,6,2,1,1,13,15
22,12,3,21,7,0,1,2,0,0,1,7,8,0,0,6,5,138,2,14,2,6,11,9,11,18,10,6,2,1,2,12,30
17,12,4,23,6,0,1,2,0,0,1,3,12,0,0,6,5,138,2,14,3,7,12,9,10,17,9,6,2,1,1,12,45
41,12,4,17,6,0,0,2,0,0,1,0,15,0,0,6,5,138,1,14,4,7,12,8,10,16,9,6,2,1,2,12,0
-12,11,4,19,6,0,0,1,0,0,1,7,8,0,0,6,5,138,0,14,4,7,13,7,10,15,9,5,2,2,2,12,15
11,11,5,14,7,0,0,1,0,0,1,5,10,0,0,6,5,138,2,12,3,5,11,6,10,14,8,4,2,2,1,11,30
17,11,5,23,6,0,0,1,0,0,1,2,13,0,0,6,5,138,2,12,3,6,11,6,9,14,7,4,2,2,1,12,45
-37,11,5,21,5,0,0,1,0,0,1,14,1,0,0,6,5,138,1,12,3,6,11,5,8,13,7,5,2,2,2,12,30
-15,11,5,17,4,0,0,1,0,0,1,12,3,0,0,6,5,138,0,12,3,7,11,4,8,13,7,4,2,2,2,12,0
-15,11,5,16,4,0,0,1,0,0,0,11,4,0,0,6,5,138,0,12,3,7,11,3,7,12,6,4,2,2,2,11,45
-181,11,6,36,3,0,0,1,0,0,0,7,8,0,0,6,5,138,0,12,4,7,12,2,6,11,5,3,1,2,2,15,45
-14,10,5,19,4,0,0,2,0,0,0,3,12,0,0,6,5,138,2,9,2,6,9,4,7,10,5,3,1,1,2,12,15
60,8,6,14,4,0,1,2,0,0,0,11,14,0,0,6,5,138,2,7,3,5,7,5,7,11,6,4,1,1,1,11,30
15,8,6,10,4,0,0,2,0,0,0,3,22,0,0,6,5,138,2,7,3,6,7,5,6,11,5,3,0,1,1,10,35
-271,6,5,37,3,0,0,2,0,0,0,0,25,0,0,6,5,138,0,7,3,6,7,4,5,12,6,3,0,0,1,16,0
28,6,5,9,3,0,0,3,0,0,0,13,2,0,0,6,5,138,2,5,2,4,5,4,6,11,5,3,0,0,1,10,30
53,5,4,3,2,0,0,3,0,0,0,6,9,0,0,6,5,138,1,5,3,5,5,3,5,11,5,3,0,0,2,9,45
85,5,5,11,3,0,0,2,0,0,0,12,3,0,0,6,5,138,1,4,3,4,4,2,4,10,5,4,0,0,2,11,0
-55,4,4,12,4,0,0,1,0,0,0,13,2,0,0,6,5,138,1,3,2,3,3,3,3,9,5,3,0,0,2,11,15
68,1,1,5,5,0,0,1,0,0,0,5,10,0,0,6,5,138,0,1,1,1,1,2,7,8,7,3,0,0,2,10,0
19,1,1,2,4,0,0,1,0,0,0,14,1,0,0,6,5,138,0,1,1,1,1,1,6,7,6,2,0,0,2,9,30
12,0,0,3,4,0,0,1,0,0,0,0,2,0,0,6,5,138,0,0,0,0,0,5,6,6,6,2,0,0,2,9,45
11,0,0,7,4,0,0,0,0,0,0,0,8,0,0,6,5,138,0,0,0,0,0,5,5,5,5,2,0,0,1,10,15
1,0,0,5,3,0,0,0,0,0,0,0,19,0,0,6,5,138,0,0,0,0,0,4,4,4,4,1,0,0,2,10,0
37,0,0,0,2,0,0,0,0,0,0,0,23,0,1,6,5,138,0,0,0,0,0,3,3,3,3,1,0,0,1,9,0
21,0,0,7,1,0,0,0,0,0,0,0,24,0,0,6,5,138,0,0,0,0,0,2,2,2,2,1,0,0,1,10,15
2,0,0,1,0,0,0,0,0,0,0,0,35,0,0,6,5,138,0,0,0,0,0,1,1,1,1,1,0,0,1,9,15
93,32,3,44,2,0,0,1,0,0,0,25,5,0,0,5,5,137,1,49,3,5,11,1,1,10,3,2,7,1,3,16,30
38,29,3,47,4,0,1,2,0,0,0,9,6,0,0,5,5,137,2,44,4,6,12,5,9,15,6,3,7,2,2,16,45
24,29,5,52,4,0,1,2,0,0,0,4,11,1,0,5,5,137,2,43,3,6,11,4,9,14,6,3,7,2,1,17,30
11,29,5,44,3,0,1,2,0,0,0,4,11,0,0,5,5,137,2,43,3,6,11,3,8,13,5,3,7,2,3,16,30
31,28,4,50,3,0,2,2,0,0,0,6,9,0,0,5,5,137,3,41,3,5,10,5,8,13,5,3,7,2,1,17,0
-41,27,4,50,4,0,1,2,0,0,0,13,2,0,0,5,5,137,3,40,2,5,10,5,7,12,5,3,6,2,1,17,0
15,26,3,47,4,0,1,1,0,0,0,4,11,0,0,5,5,137,0,40,3,5,11,5,6,12,7,5,6,1,2,16,45
-35,26,3,44,3,0,1,1,0,0,0,2,13,0,0,5,5,137,0,40,3,5,12,4,6,11,6,5,6,1,3,16,30
-16,26,3,47,3,0,1,1,0,0,0,12,3,0,0,5,5,137,1,39,3,4,11,4,7,10,5,4,6,2,2,16,45
-26,26,3,43,3,0,1,1,0,0,0,3,12,0,0,5,5,137,2,38,2,4,10,3,7,10,4,3,5,2,3,16,15
26,25,2,38,3,0,0,1,0,0,0,6,9,0,0,5,5,137,1,38,3,6,11,2,6,10,4,3,5,1,2,15,30
43,24,1,38,4,0,0,0,0,0,0,14,1,0,0,5,5,137,1,37,2,5,12,4,6,9,4,2,5,2,2,15,30
22,23,2,35,4,0,0,1,0,0,0,3,12,0,0,5,5,137,1,35,3,7,15,4,6,11,5,3,5,2,1,15,0
17,23,2,40,3,0,0,1,0,0,0,1,14,0,0,5,5,137,1,35,3,7,15,4,5,10,4,3,4,2,1,15,45
64,23,2,31,2,0,0,1,0,0,0,14,1,0,0,5,5,137,0,35,3,7,15,3,4,9,4,3,4,1,1,14,15
-37,23,2,40,1,0,0,1,0,0,0,12,3,0,0,5,5,137,0,35,4,7,15,2,3,8,3,3,4,1,1,15,45
-31,23,4,37,3,0,0,1,0,0,0,3,12,0,0,5,5,137,2,32,4,6,14,2,4,9,3,3,3,2,2,15,15
-29,23,5,35,5,0,0,0,0,0,0,22,23,0,0,5,5,137,2,30,3,9,15,3,6,12,4,4,3,1,1,15,0
13,21,6,33,5,0,0,0,0,0,1,6,39,0,0,5,5,137,2,28,3,8,15,3,6,13,5,4,3,1,2,14,45
-28,20,5,33,5,0,0,0,0,0,1,1,44,0,0,5,5,137,1,27,2,8,14,3,5,12,6,3,2,1,2,14,45
34,19,7,29,4,0,0,2,0,0,1,8,7,0,0,5,5,137,2,25,5,8,16,4,7,13,6,3,2,1,1,13,15
-146,19,7,42,4,0,0,2,0,0,0,4,11,0,0,5,5,137,2,25,5,8,16,3,6,13,5,3,2,1,1,16,0
-21,18,7,32,4,0,0,2,0,0,0,8,7,0,0,5,5,137,1,24,5,9,17,3,7,13,6,5,2,1,2,14,30
21,17,8,30,7,0,0,2,0,0,0,12,3,0,0,5,5,137,4,20,3,7,15,2,8,14,6,5,2,1,1,13,30
33,15,7,27,7,0,0,2,0,0,0,10,5,0,0,5,5,137,3,19,4,7,16,4,7,16,7,5,2,1,1,13,0
67,12,6,21,7,0,0,3,0,0,0,11,4,0,0,5,5,137,1,17,4,7,14,6,8,15,10,7,2,1,2,12,15
48,12,6,21,7,0,0,2,0,0,0,8,7,0,0,5,5,137,1,17,4,8,14,5,7,14,9,6,1,1,2,12,15
48,12,7,17,7,0,0,2,0,0,0,1,14,0,0,5,5,137,2,16,3,7,13,4,7,13,8,5,1,0,1,11,30
37,11,8,20,6,0,0,3,0,0,0,9,6,0,0,5,5,137,2,15,3,8,12,3,7,14,8,5,1,0,3,12,0
-16,10,7,24,6,0,0,2,0,0,0,1,14,0,0,5,5,137,1,15,4,10,13,3,7,17,8,5,1,0,1,12,30
-4,9,6,27,7,0,0,1,0,0,0,13,2,0,0,5,5,137,1,14,4,9,12,2,7,16,8,6,1,0,1,13,0
10,7,5,24,7,0,0,2,0,0,0,5,10,0,0,5,5,137,1,12,6,9,11,5,9,16,9,7,1,1,1,12,30
3,6,5,26,6,0,1,2,0,0,1,12,3,0,0,5,5,137,2,10,5,7,10,5,8,17,9,7,1,1,2,12,45
36,6,5,19,5,0,1,2,0,0,2,6,9,0,0,5,5,137,3,9,4,6,9,6,7,17,8,6,1,1,1,11,45
41,5,4,17,4,0,1,2,0,0,2,1,14,0,0,5,5,137,1,9,4,6,9,5,6,17,9,6,1,1,1,11,30
44,3,2,15,5,0,2,2,0,0,2,5,10,0,0,5,5,137,2,6,3,3,6,5,10,18,10,5,1,1,2,11,15
-70,3,2,21,5,0,2,2,0,0,2,14,1,0,0,5,5,137,3,5,2,3,5,4,10,17,9,5,1,1,2,12,15
12,3,2,11,5,0,2,2,0,0,1,11,4,0,0,5,5,137,3,5,2,3,5,3,9,16,8,4,1,1,2,10,45
18,3,2,11,5,0,2,2,0,0,0,11,4,0,0,5,5,137,3,5,2,3,5,2,8,15,7,4,0,1,2,10,45
26,2,1,9,5,0,2,3,0,0,0,12,3,0,0,5,5,137,4,3,0,2,3,2,7,14,7,4,0,0,2,10,30
63,1,1,7,4,0,2,3,0,0,0,13,2,0,0,5,5,137,2,3,2,3,3,6,11,13,8,4,0,0,2,10,15
28,1,1,13,3,0,2,3,0,0,0,10,5,0,0,5,5,137,2,3,2,3,3,5,10,12,7,3,0,0,2,11,0
96,1,1,3,3,0,2,2,0,0,0,8,7,0,0,5,5,137,2,3,2,3,3,4,10,11,6,2,0,0,2,9,45
31,1,1,15,3,0,2,1,0,0,0,7,8,0,0,5,5,137,2,3,2,3,3,3,10,10,5,1,0,0,2,11,15
27,1,1,5,3,0,1,1,0,0,0,5,10,0,0,5,5,137,2,3,2,3,3,2,9,9,4,1,0,0,2,10,0
46,1,1,13,2,0,1,1,0,0,0,4,11,0,0,5,5,137,2,3,2,3,3,2,8,8,3,1,0,0,2,11,0
-13,1,1,7,4,0,1,0,0,0,0,20,10,0,0,5,5,137,0,1,1,1,1,7,7,7,6,2,0,0,2,10,15
75,1,1,0,3,0,1,0,0,0,0,19,11,0,1,5,5,137,0,1,1,1,1,6,6,6,5,2,0,0,1,9,0
-5,1,1,2,4,0,0,0,0,0,0,15,15,0,0,5,5,137,1,0,0,0,0,5,5,5,4,2,0,0,2,9,30
-23,1,1,3,3,0,0,0,0,0,0,8,22,0,0,5,5,137,1,0,0,0,0,4,4,4,3,2,0,0,2,9,45
-21,1,1,5,2,0,0,0,0,0,0,4,26,0,0,5,5,137,1,0,0,0,0,3,3,3,2,1,0,0,2,10,0
-43,0,0,9,1,0,0,0,0,0,0,0,6,0,0,5,5,137,0,0,0,0,0,2,2,2,2,1,0,0,2,10,30
2,0,0,0,0,0,0,0,0,0,0,0,8,0,1,5,5,137,0,0,0,0,0,1,1,1,1,0,0,0,1,9,0
33,35,3,45,3,0,0,4,0,0,0,8,7,0,0,4,5,136,1,39,1,3,8,2,3,11,7,3,5,1,1,17,15
52,34,3,42,2,0,0,4,0,0,1,15,15,0,0,4,5,136,1,38,2,4,8,1,4,11,7,2,5,1,1,16,45
-53,32,2,44,4,0,0,4,0,0,0,11,4,0,0,4,5,136,0,36,2,4,11,3,7,12,9,2,5,3,1,17,0
-24,32,3,46,4,0,0,3,0,0,0,3,12,1,0,4,5,136,0,36,2,6,11,2,8,12,8,2,5,3,2,17,30
52,32,3,40,4,0,0,2,0,0,0,12,3,0,0,4,5,136,0,36,2,6,12,1,7,12,7,2,4,3,2,16,30
20,30,4,40,5,0,0,2,0,0,0,10,5,0,0,4,5,136,0,34,4,7,14,6,9,11,8,2,3,2,2,16,30
53,30,4,38,6,0,0,1,0,0,0,8,7,0,0,4,5,136,1,33,3,6,13,5,8,10,7,2,2,1,1,15,45
75,30,6,37,7,0,0,0,0,0,0,13,2,0,0,4,5,136,2,32,2,7,12,6,7,10,6,1,2,0,1,15,30
23,30,6,39,6,0,0,0,0,0,0,12,3,0,0,4,5,136,2,32,2,7,12,5,6,9,5,0,2,0,2,16,0
62,30,6,33,5,0,0,0,0,0,0,11,4,0,0,4,5,136,2,32,2,7,13,5,5,8,4,0,2,0,1,14,45
31,30,6,36,4,0,0,0,0,0,0,10,5,0,0,4,5,136,1,32,3,7,13,4,4,7,4,0,2,0,1,15,15
19,28,7,35,4,0,0,0,1,0,0,3,12,0,0,4,5,136,1,30,3,7,14,3,5,8,5,2,2,0,1,15,0
-5,28,7,33,3,0,0,0,1,0,0,43,2,0,0,4,5,136,1,30,4,7,14,2,4,8,4,2,2,0,1,14,45
35,28,7,32,2,0,0,0,1,0,0,41,4,0,0,4,5,136,1,30,5,8,14,1,3,7,3,2,2,0,2,14,30
23,24,6,31,4,0,2,0,1,0,0,7,38,0,0,4,5,136,2,25,3,8,11,2,3,9,6,3,2,0,1,14,15
57,23,5,27,4,0,1,0,1,0,0,3,42,0,0,4,5,136,1,25,4,8,11,1,3,8,6,3,2,0,1,13,0
47,20,6,27,6,0,2,1,1,0,0,8,7,0,0,4,5,136,2,20,4,5,10,3,7,13,9,5,2,1,1,13,0
36,18,5,30,9,0,2,1,0,0,0,4,11,0,0,4,5,136,3,17,1,3,10,4,6,13,10,7,2,1,1,13,30
-223,18,5,42,9,0,1,2,0,0,0,13,2,0,0,4,5,136,4,16,1,3,9,3,6,14,9,6,1,1,1,16,45
63,16,4,29,8,0,1,2,0,0,0,14,1,0,0,4,5,136,2,16,1,4,11,4,6,14,10,7,1,0,1,13,15
61,16,5,25,8,0,0,2,0,0,0,8,7,0,0,4,5,136,2,16,2,4,12,3,6,13,9,6,1,0,2,12,45
64,15,5,23,7,0,0,3,0,0,0,13,2,0,0,4,5,136,2,15,2,5,12,3,6,13,9,7,1,0,2,12,30
69,15,5,21,6,0,0,3,0,0,0,12,3,0,0,4,5,136,2,15,2,5,13,2,6,12,8,6,1,0,2,12,15
40,13,7,25,5,0,0,4,0,0,0,3,12,0,0,4,5,136,1,14,3,7,14,4,8,14,9,7,1,0,2,12,45
36,12,7,23,6,0,0,4,0,0,0,1,14,0,0,4,5,136,2,12,3,7,12,6,8,16,9,7,1,0,2,12,30
45,11,6,19,5,0,0,4,0,0,0,9,6,0,0,4,5,136,1,12,4,8,12,5,8,16,9,6,1,0,2,12,0
10,11,8,15,4,0,0,4,1,0,0,3,12,0,0,4,5,136,2,11,4,7,11,5,7,16,8,5,1,0,2,11,15
17,10,7,16,3,0,0,4,1,0,1,13,2,0,0,4,5,136,2,10,3,8,10,5,7,15,8,4,1,1,1,11,30
24,10,7,21,3,0,0,3,1,0,1,11,4,0,0,4,5,136,2,10,3,8,10,4,6,14,7,3,1,1,2,12,15
23,9,6,19,4,0,0,2,1,0,1,6,9,0,0,4,5,136,2,9,3,8,9,3,5,13,7,3,1,1,2,12,0
22,6,5,18,5,0,0,2,1,0,1,4,11,0,0,4,5,136,1,7,3,7,7,3,7,13,9,5,1,1,2,11,45
114,6,5,10,4,0,0,2,1,0,1,14,1,0,0,4,5,136,1,7,4,7,7,3,7,12,8,4,1,1,1,10,30
69,5,5,12,5,0,0,1,1,0,2,0,15,0,0,4,5,136,1,5,4,5,5,4,8,13,9,5,1,1,2,10,45
32,3,3,8,6,0,0,1,1,0,2,14,1,0,0,4,5,136,1,3,3,3,3,5,9,14,10,5,0,1,2,10,15
11,3,3,13,7,0,0,0,2,0,2,5,10,0,0,4,5,136,2,1,1,1,1,6,8,13,10,5,0,0,1,11,0
0,2,2,13,6,0,0,0,2,0,2,2,13,0,0,4,5,136,1,1,1,1,1,5,7,12,10,5,0,0,1,11,0
68,2,2,4,6,0,0,0,1,0,2,14,1,0,0,4,5,136,1,1,1,1,1,4,6,11,9,5,0,0,2,9,45
-72,1,1,16,7,0,0,0,1,0,1,2,13,0,0,4,5,136,1,0,0,0,0,5,6,10,9,5,0,0,1,11,30
10,1,1,10,6,0,0,0,1,0,1,10,5,0,0,4,5,136,1,0,0,0,0,4,5,9,8,4,0,0,1,10,30
27,0,0,6,5,0,0,0,1,0,1,7,8,0,0,4,5,136,0,0,0,0,0,3,4,8,8,4,0,0,2,10,0
19,0,0,8,4,0,0,0,1,0,1,11,4,0,0,4,5,136,0,0,0,0,0,2,5,7,7,4,0,0,2,10,15
-8,0,0,6,4,0,0,0,1,0,0,8,7,0,0,4,5,136,0,0,0,0,0,2,5,6,6,3,0,0,2,10,0
18,0,0,2,3,0,0,0,1,0,0,0,22,0,0,4,5,136,0,0,0,0,0,4,5,5,5,2,0,0,2,9,30
18,0,0,4,2,0,0,0,1,0,0,0,39,0,0,4,5,136,0,0,0,0,0,4,4,4,4,2,0,0,2,9,45
36,0,0,2,1,0,0,0,1,0,0,0,40,0,0,4,5,136,0,0,0,0,0,3,3,3,3,2,0,0,2,9,30
23,0,0,0,0,0,0,0,1,0,0,0,49,0,1,4,5,136,0,0,0,0,0,2,2,2,2,2,0,0,1,9,0
21,0,0,1,0,0,0,0,0,0,0,0,57,0,0,4,5,136,0,0,0,0,0,1,1,1,1,1,0,0,2,9,15
32,32,7,41,4,0,1,0,0,0,0,2,13,0,0,3,5,135,1,40,5,7,10,2,5,10,5,3,4,1,2,16,45
30,30,6,43,6,0,1,0,0,0,0,13,17,0,0,3,5,135,2,37,3,5,8,4,5,10,6,2,4,1,1,17,0
61,26,3,43,8,0,1,0,0,0,0,2,13,0,0,3,5,135,1,34,1,4,8,4,6,11,9,2,4,1,1,17,0
-10,26,3,45,7,0,1,0,0,0,0,0,15,1,0,3,5,135,1,34,1,4,8,3,5,10,8,2,3,1,1,17,15
48,26,3,37,6,0,1,0,0,0,0,14,1,0,0,3,5,135,1,34,2,4,8,2,4,9,7,2,3,0,2,16,0
56,25,2,35,7,0,0,0,0,0,0,10,5,0,0,3,5,135,1,33,2,4,8,3,5,10,7,1,3,1,2,15,45
24,24,3,37,7,0,0,0,0,0,0,39,6,0,0,3,5,135,1,32,2,4,9,2,5,9,7,1,3,1,2,16,0
22,24,3,39,6,0,0,0,0,0,0,38,7,0,0,3,5,135,1,32,2,5,9,2,4,8,6,1,3,1,2,16,15
11,23,4,39,6,0,1,0,0,0,0,9,36,0,0,3,5,135,1,30,3,4,11,3,6,8,7,1,3,1,2,16,15
-23,23,4,32,6,0,0,0,0,0,0,5,40,0,0,3,5,135,1,30,3,4,11,2,5,7,6,0,2,1,2,15,30
79,22,3,29,5,0,0,1,0,0,0,21,9,0,0,3,5,135,1,29,2,4,12,3,5,6,6,0,2,0,2,14,15
21,21,4,35,6,0,0,1,0,0,0,4,26,0,0,3,5,135,2,27,2,6,14,3,4,8,6,1,2,0,2,15,45
67,21,4,30,5,0,0,1,0,0,0,1,29,0,0,3,5,135,2,27,2,6,14,3,3,7,5,1,2,0,3,14,45
45,19,3,32,4,0,0,1,1,0,0,25,20,0,0,3,5,135,1,26,2,7,13,2,3,8,6,2,2,0,2,15,30
24,19,4,30,3,0,0,1,2,0,0,19,26,0,0,3,5,135,2,25,4,6,12,1,2,8,5,2,2,0,3,14,45
96,16,6,25,6,0,1,2,2,0,0,1,14,0,0,3,5,135,4,19,3,6,9,1,5,14,8,2,2,1,1,13,0
28,12,3,23,9,0,0,2,2,0,0,14,1,0,0,3,5,135,3,16,3,5,8,4,11,17,11,4,1,1,2,12,45
49,12,3,23,9,0,0,2,1,0,0,11,4,0,0,3,5,135,3,16,3,5,9,4,11,16,10,4,1,0,2,12,45
56,12,3,28,10,0,1,1,2,0,0,4,11,0,0,3,5,135,6,13,0,2,6,3,10,17,9,4,1,0,1,13,30
51,11,2,27,9,0,1,1,2,0,0,7,8,0,0,3,5,135,5,13,1,3,7,7,10,17,9,4,1,0,1,13,15
-138,10,2,32,8,0,1,1,2,0,0,14,1,0,0,3,5,135,4,13,2,3,9,8,9,16,9,4,1,0,2,15,30
5,10,2,22,7,0,1,1,2,0,0,4,11,0,0,3,5,135,3,13,2,4,10,7,8,15,9,5,1,0,2,12,30
56,10,2,25,6,0,1,1,2,0,0,4,11,0,0,3,5,135,3,13,2,4,10,6,7,15,8,5,1,0,1,13,0
48,10,2,18,5,0,1,1,2,0,0,3,12,0,0,3,5,135,3,13,2,4,10,5,6,14,7,4,1,0,2,12,0
-289,10,3,41,6,0,0,1,2,0,0,12,3,0,0,3,5,135,4,12,2,4,10,4,7,13,6,4,1,0,2,16,45
83,10,4,14,5,0,0,1,2,0,0,10,5,0,0,3,5,135,4,12,2,4,10,3,7,12,5,3,1,0,2,11,30
66,10,4,20,5,0,0,1,1,0,0,6,9,0,0,3,5,135,4,12,2,4,11,3,6,12,4,2,1,0,1,12,15
50,9,3,12,6,0,0,1,0,0,0,14,1,0,0,3,5,135,3,11,1,3,10,2,6,12,5,3,1,0,2,11,15
15,9,3,20,6,0,0,1,0,0,0,8,7,0,0,3,5,135,3,10,2,4,10,4,8,13,5,4,1,0,1,12,15
27,8,5,16,7,0,0,1,0,0,0,0,15,0,0,3,5,135,4,8,2,6,8,7,8,13,5,3,1,0,2,11,45
5,7,4,11,6,0,0,1,0,0,0,14,1,0,0,3,5,135,3,8,2,6,8,6,7,12,5,2,1,0,2,11,0
-16,6,3,14,5,0,0,1,0,0,0,11,4,0,0,3,5,135,2,8,2,6,8,5,6,11,5,2,1,0,2,11,30
44,6,5,10,4,0,0,1,0,0,0,3,12,0,0,3,5,135,1,8,3,7,8,4,6,11,5,2,1,0,1,10,45
41,6,6,6,5,0,0,0,0,0,0,9,6,0,0,3,5,135,1,7,3,6,7,3,6,12,5,1,1,1,1,10,0
-26,6,6,18,4,0,0,0,0,0,0,8,7,0,0,3,5,135,1,7,3,6,7,2,5,11,4,1,1,1,2,12,0
-37,6,6,12,3,0,0,0,0,0,0,4,11,0,0,3,5,135,1,7,4,7,7,2,5,10,3,1,1,1,2,11,15
-75,3,3,16,5,0,0,0,0,0,1,4,11,0,0,3,5,135,2,3,3,3,3,4,6,10,5,3,1,1,2,11,45
29,2,2,8,6,0,0,0,0,0,1,7,8,0,0,3,5,135,2,1,1,1,1,4,5,9,6,4,1,1,1,10,15
20,1,1,2,6,0,0,0,0,0,0,2,13,0,0,3,5,135,1,1,1,1,1,3,5,8,6,5,0,1,1,9,30
3,0,0,2,5,0,0,0,0,0,0,8,7,0,0,3,5,135,0,1,1,1,1,2,6,7,6,5,0,0,1,9,30
41,0,0,0,4,0,0,1,0,0,0,8,7,0,1,3,5,135,1,0,0,0,0,2,5,6,5,4,0,0,1,9,0
10,0,0,1,3,0,0,1,0,0,0,0,8,0,0,3,5,135,0,0,0,0,0,4,5,5,5,4,0,0,3,9,15
9,0,0,5,2,0,0,1,0,0,0,0,27,0,0,3,5,135,0,0,0,0,0,3,4,4,4,3,0,0,2,9,45
-25,0,0,2,2,0,0,0,0,0,0,0,32,0,0,3,5,135,0,0,0,0,0,3,3,3,3,2,0,0,1,9,30
-46,0,0,9,1,0,0,0,0,0,0,0,35,0,0,3,5,135,0,0,0,0,0,2,2,2,2,2,0,0,1,10,30
0,0,0,6,0,0,0,0,0,0,0,0,58,0,0,3,5,135,0,0,0,0,0,1,1,1,1,1,0,0,1,10,0
28,33,4,45,2,0,1,1,1,0,0,20,10,0,0,2,5,134,1,42,2,4,12,3,5,8,5,2,6,2,1,17,0
-19,33,5,45,3,0,1,1,1,0,0,10,5,0,0,2,5,134,3,40,2,6,10,4,4,10,4,2,5,2,1,17,0
35,33,5,43,3,0,1,1,0,0,0,9,6,0,0,2,5,134,3,40,2,6,10,3,3,9,3,1,5,1,1,16,15
44,30,3,44,4,0,1,1,0,0,0,1,14,0,0,2,5,134,2,38,2,6,9,2,4,12,5,3,5,1,2,16,45
58,30,3,39,4,0,0,1,0,0,0,11,4,0,0,2,5,134,2,38,4,6,9,1,4,11,4,3,4,2,2,15,45
6,27,2,41,6,0,1,2,0,0,0,0,15,0,0,2,5,134,2,33,3,3,10,3,9,11,8,3,4,2,1,16,0
-122,27,2,47,5,0,1,2,0,0,1,5,10,1,0,2,5,134,2,32,2,2,11,4,9,10,8,2,4,2,1,17,30
-1,27,2,36,5,0,0,2,0,0,1,29,1,0,0,2,5,134,2,32,2,3,11,4,8,12,7,2,3,2,1,15,15
-3,27,2,32,7,0,0,2,0,0,0,14,16,0,0,2,5,134,2,30,0,2,9,6,7,12,8,2,3,1,2,14,45
37,27,4,32,6,0,0,2,0,0,0,7,23,0,0,2,5,134,2,30,0,4,11,6,6,12,7,2,3,1,2,14,45
40,26,3,36,5,0,0,2,0,0,0,2,28,0,0,2,5,134,1,30,1,4,13,5,6,11,7,3,3,1,1,15,15
38,25,3,34,4,0,0,2,0,0,0,6,9,0,0,2,5,134,0,30,1,6,14,4,5,10,7,4,3,1,2,15,0
48,25,3,31,3,0,0,2,0,0,0,5,10,0,0,2,5,134,0,30,1,6,14,3,4,9,6,4,3,1,2,14,15
27,25,3,38,3,0,0,1,0,0,0,5,10,0,0,2,5,134,0,30,1,6,14,2,3,8,5,4,2,1,2,15,30
-20,25,5,34,3,0,0,0,0,0,0,27,3,0,0,2,5,134,0,30,2,7,15,1,2,7,4,3,2,0,2,15,0
-61,23,6,41,5,0,0,1,0,0,0,7,8,0,0,2,5,134,2,26,4,7,17,1,6,11,5,3,2,1,1,16,0
21,19,7,30,6,0,0,4,0,0,0,3,12,0,0,2,5,134,1,21,4,9,17,5,8,15,10,7,1,1,1,14,0
86,19,7,24,5,0,0,4,0,0,0,14,1,0,0,2,5,134,1,21,4,10,17,4,9,14,9,6,1,1,2,12,45
12,19,7,28,4,0,0,4,0,0,0,14,1,0,0,2,5,134,1,21,4,10,17,3,8,13,8,5,1,1,1,13,15
18,19,7,24,4,0,0,3,0,0,0,7,8,0,0,2,5,134,1,21,5,10,18,2,7,12,7,5,1,1,2,12,45
27,17,5,23,4,0,1,3,0,0,0,8,7,0,0,2,5,134,1,19,7,9,18,1,6,15,8,4,1,1,2,12,30
-11,12,6,29,9,0,1,4,0,0,0,6,9,0,0,2,5,134,1,12,3,8,12,5,10,17,14,6,1,1,1,13,30
-9,12,6,26,9,0,1,3,0,0,0,5,10,0,0,2,5,134,1,12,3,8,12,4,9,16,13,5,1,1,1,13,0
72,12,6,21,8,0,1,3,0,0,0,4,11,0,0,2,5,134,1,12,4,8,12,4,8,15,12,4,1,1,1,12,15
-202,12,6,39,8,0,0,3,0,0,0,3,12,0,0,2,5,134,1,12,4,8,12,3,7,14,11,3,0,1,2,15,45
10,12,6,21,8,0,0,3,0,0,0,2,13,0,0,2,5,134,2,11,3,7,11,2,6,13,10,2,0,0,1,12,15
50,9,8,19,9,0,0,3,1,0,0,4,11,0,0,2,5,134,2,8,4,7,8,5,9,15,12,3,0,0,2,12,0
12,9,8,26,8,0,0,3,1,0,0,1,14,0,0,2,5,134,2,8,4,7,8,4,8,14,11,3,0,0,1,13,0
29,9,8,18,8,0,0,2,1,0,0,13,2,0,0,2,5,134,2,8,5,7,8,3,7,13,10,2,0,0,2,11,45
59,7,6,16,10,0,1,1,1,0,0,4,11,0,0,2,5,134,3,5,2,5,5,3,8,12,11,2,0,0,1,11,30
-6,7,6,19,9,0,1,1,1,0,0,3,12,0,0,2,5,134,3,5,2,5,5,2,7,11,10,2,0,0,2,12,0
32,5,5,16,9,0,1,2,1,0,0,6,9,0,0,2,5,134,2,3,2,3,3,6,9,13,12,4,0,0,1,11,30
44,4,4,14,10,0,1,1,1,0,0,1,14,0,0,2,5,134,2,2,2,2,2,5,8,13,12,4,0,0,2,11,15
53,4,4,12,9,0,1,1,1,0,0,1,14,0,0,2,5,134,2,2,2,2,2,4,7,12,11,4,0,0,2,11,0
52,3,3,10,8,0,1,1,1,0,0,13,2,0,0,2,5,134,1,2,2,2,2,4,7,12,11,5,0,0,1,10,30
54,1,1,8,7,0,2,1,1,0,0,10,5,0,0,2,5,134,0,1,1,1,1,5,6,12,12,7,0,0,1,10,15
-19,1,1,14,7,0,1,1,1,0,0,8,7,0,0,2,5,134,0,1,1,1,1,4,5,11,11,7,0,0,2,11,15
57,1,1,12,7,0,1,1,1,0,0,0,15,0,0,2,5,134,1,0,0,0,0,4,5,10,10,6,0,0,2,11,0
38,0,0,11,6,0,1,1,1,0,0,2,13,0,0,2,5,134,0,0,0,0,0,3,6,10,10,5,0,0,2,10,45
106,0,0,0,5,0,1,1,1,0,0,12,3,0,1,2,5,134,0,0,0,0,0,2,5,9,9,5,0,0,1,9,0
68,0,0,6,5,0,1,1,0,0,0,1,14,0,0,2,5,134,0,0,0,0,0,1,5,8,8,5,0,0,2,10,0
51,0,0,6,4,0,1,1,0,0,0,1,14,0,0,2,5,134,0,0,0,0,0,4,6,7,7,5,0,0,2,10,0
65,0,0,8,3,0,1,1,0,0,0,0,3,0,0,2,5,134,0,0,0,0,0,4,5,6,6,4,0,0,1,10,15
65,0,0,2,2,0,1,1,0,0,0,0,9,0,0,2,5,134,0,0,0,0,0,3,5,5,5,3,0,0,2,9,30
44,0,0,4,2,0,1,0,0,0,0,0,24,0,0,2,5,134,0,0,0,0,0,3,4,4,4,3,0,0,2,9,45
53,0,0,2,1,0,1,0,0,0,0,0,30,0,0,2,5,134,0,0,0,0,0,2,3,3,3,2,0,0,2,9,30
3,0,0,4,0,0,1,0,0,0,0,0,45,0,0,2,5,134,0,0,0,0,0,2,2,2,2,1,0,0,2,9,45
68,0,0,1,0,0,0,0,0,0,0,0,66,0,0,2,5,134,0,0,0,0,0,1,1,1,1,1,0,0,2,9,15
6,31,3,47,1,0,1,0,0,0,0,5,25,1,0,6,5,131,0,45,4,4,8,2,5,9,3,2,3,1,1,17,30
8,30,3,45,3,0,1,0,0,0,0,0,15,0,0,6,5,131,1,42,1,4,7,3,5,9,4,3,2,1,1,17,0
-13,28,2,45,4,0,0,0,0,0,0,1,14,0,0,6,5,131,0,41,0,3,6,3,5,8,5,3,2,0,1,17,0
5,28,2,43,3,0,0,0,0,0,0,22,8,0,0,6,5,131,0,41,1,3,10,2,5,8,4,2,2,1,2,16,45
4,28,2,41,2,0,0,0,0,0,0,15,15,0,0,6,5,131,0,41,3,3,11,2,4,7,3,2,2,1,2,16,30
46,27,2,43,2,0,1,1,0,0,0,1,14,0,0,6,5,131,2,38,0,3,10,3,5,7,3,3,2,2,2,16,45
35,26,1,40,1,0,1,1,0,0,0,4,11,0,0,6,5,131,0,38,1,3,11,3,4,6,4,3,2,2,2,16,0
5,26,1,38,1,0,0,1,0,0,0,23,7,0,0,6,5,131,0,38,2,6,13,2,4,7,3,2,1,2,1,15,45
-6,26,3,38,1,0,0,0,0,0,0,11,19,0,0,6,5,131,0,38,3,8,14,2,3,6,2,1,0,1,1,15,45
-2,26,4,36,3,0,0,0,0,0,0,2,13,0,0,6,5,131,2,35,5,6,14,2,3,6,2,1,0,0,1,15,0
8,25,4,37,2,0,0,0,0,0,0,0,15,0,0,6,5,131,0,35,6,8,15,2,4,8,3,0,0,0,2,15,30
7,23,7,33,6,0,0,1,0,0,0,31,14,0,0,6,5,131,4,29,2,6,12,3,4,10,4,1,0,0,1,14,15
2,21,8,35,6,0,1,1,0,0,0,3,42,0,0,6,5,131,3,27,4,7,12,3,4,12,6,3,0,0,1,14,45
60,21,8,28,5,0,1,1,0,0,0,2,43,0,0,6,5,131,3,27,4,7,13,2,4,12,5,3,0,0,1,13,0
-117,17,5,41,6,0,1,2,0,0,0,7,8,0,0,6,5,131,2,24,4,6,13,2,6,14,8,3,0,0,2,16,30
27,14,4,28,8,0,1,2,0,0,0,13,2,0,0,6,5,131,2,21,2,5,12,5,8,17,10,6,0,0,1,13,0
-41,13,3,34,8,0,1,2,0,0,0,3,12,0,0,6,5,131,2,20,2,6,12,5,8,18,10,6,0,0,1,14,30
20,13,3,28,8,0,1,1,0,0,0,1,14,0,0,6,5,131,2,20,3,6,12,4,8,17,9,5,0,0,1,13,0
42,12,4,32,7,0,1,1,0,0,0,4,11,0,0,6,5,131,0,20,4,7,14,5,9,17,10,5,0,0,1,13,30
52,12,4,24,8,0,0,1,0,0,0,0,15,0,0,6,5,131,1,19,3,8,13,4,8,16,9,4,0,0,2,12,30
104,11,3,20,8,0,0,1,0,0,0,4,11,0,0,6,5,131,1,18,3,7,15,4,9,16,9,4,0,0,2,12,0
37,11,4,24,7,0,0,2,0,0,0,0,15,0,0,6,5,131,2,17,3,6,14,4,8,16,8,4,0,0,2,12,30
42,11,4,20,6,0,0,2,0,0,0,9,6,0,0,6,5,131,2,17,4,6,15,4,7,16,7,3,0,0,2,12,0
7,10,3,26,5,0,0,2,0,0,1,10,5,0,0,6,5,131,1,16,5,7,15,5,10,15,8,4,0,0,3,12,45
29,10,4,22,6,0,0,2,0,0,1,2,13,0,0,6,5,131,2,14,3,6,13,5,10,15,8,3,0,0,2,12,15
60,10,5,16,6,0,0,2,0,0,1,10,5,0,0,6,5,131,2,13,2,7,13,4,9,14,8,2,0,0,2,11,30
-12,9,4,18,6,0,0,2,0,0,0,5,10,0,0,6,5,131,1,13,3,7,13,4,9,15,8,2,0,0,2,11,45
-24,8,4,26,6,0,0,2,0,0,1,10,5,0,0,6,5,131,2,11,2,6,11,6,8,15,8,2,0,0,3,12,45
2,8,5,31,5,0,0,2,0,0,1,4,11,0,0,6,5,131,1,11,3,8,11,6,8,14,8,1,0,0,1,13,15
19,7,4,12,4,0,0,2,0,0,1,8,7,0,0,6,5,131,0,11,5,9,11,5,9,14,8,2,0,0,2,11,0
-23,7,4,22,5,0,0,2,0,0,1,1,14,0,0,6,5,131,2,9,3,7,9,5,8,14,7,2,0,0,2,12,15
2,7,4,12,4,0,0,2,0,0,1,13,2,0,0,6,5,131,2,9,3,7,9,4,7,13,6,2,0,0,2,11,0
-10,7,5,14,4,0,0,2,0,0,0,12,3,0,0,6,5,131,2,9,4,7,9,3,6,12,5,1,0,0,2,11,15
-2,7,5,16,4,0,0,2,0,0,0,5,10,0,0,6,5,131,2,8,5,7,8,3,5,13,5,2,0,0,2,11,30
62,5,5,10,5,0,0,2,0,0,0,7,8,0,0,6,5,131,2,6,4,6,6,4,7,12,6,2,0,0,2,10,45
22,4,4,18,5,0,0,2,0,0,0,10,5,0,0,6,5,131,1,5,4,5,5,3,7,12,7,2,0,0,2,11,45
6,3,3,14,4,0,1,2,0,0,1,3,12,0,0,6,5,131,2,3,2,3,3,3,6,12,7,2,0,0,2,11,15
5,3,3,4,3,0,1,2,0,0,1,28,2,0,0,6,5,131,2,3,3,3,3,2,6,11,6,2,0,0,2,10,0
15,2,2,6,4,0,1,2,0,0,1,4,26,0,0,6,5,131,1,1,1,1,1,4,8,10,8,4,0,0,2,10,15
-6,0,0,10,4,0,2,1,0,0,1,9,6,0,0,6,5,131,0,0,0,0,0,4,7,9,9,4,0,0,2,10,45
-36,0,0,8,4,0,1,1,0,0,1,7,8,0,0,6,5,131,0,0,0,0,0,3,6,8,8,3,0,0,2,10,30
-12,0,0,4,4,0,1,1,0,0,0,14,1,0,0,6,5,131,0,0,0,0,0,3,6,7,7,2,0,0,2,10,0
18,0,0,6,3,0,1,1,0,0,0,2,13,0,0,6,5,131,0,0,0,0,0,4,6,6,6,2,0,0,2,10,15
10,0,0,1,3,0,0,1,0,0,0,0,12,0,0,6,5,131,0,0,0,0,0,4,5,5,5,2,0,0,2,9,15
-16,0,0,8,3,0,0,0,0,0,0,0,19,0,0,6,5,131,0,0,0,0,0,3,4,4,4,2,0,0,2,10,30
33,0,0,0,2,0,0,0,0,0,0,0,24,0,1,6,5,131,0,0,0,0,0,2,3,3,3,1,0,0,1,9,0
49,0,0,2,1,0,0,0,0,0,0,0,41,0,0,6,5,131,0,0,0,0,0,2,2,2,2,1,0,0,2,9,30
13,0,0,2,0,0,0,0,0,0,0,0,55,0,0,6,5,131,0,0,0,0,0,1,1,1,1,1,0,0,2,9,30
34,36,7,52,1,0,0,1,0,0,0,20,0,1,0,5,5,130,2,50,3,5,13,1,2,5,1,0,7,0,1,17,30
19,31,6,50,3,0,1,2,0,0,0,3,27,0,0,5,5,130,2,45,2,7,12,1,4,12,5,2,7,1,1,17,0
99,28,7,43,7,0,1,1,0,0,0,0,15,0,0,5,5,130,2,41,4,7,13,3,7,15,8,4,7,3,2,16,0
64,28,7,48,6,0,1,1,0,0,0,12,3,0,0,5,5,130,2,41,5,8,13,2,8,14,7,4,6,3,2,16,45
10,27,6,50,5,0,1,1,0,0,0,9,6,0,0,5,5,130,1,40,5,8,13,2,7,13,7,4,6,2,1,17,0
76,22,2,45,8,0,1,2,0,0,0,9,6,0,0,5,5,130,1,36,3,4,12,6,9,14,11,8,5,4,1,16,15
60,22,2,43,8,0,0,2,0,0,0,8,7,0,0,5,5,130,1,36,3,4,12,5,8,13,10,7,4,3,2,16,0
24,21,2,47,9,0,0,2,0,0,0,3,12,0,0,5,5,130,2,34,1,6,11,7,10,15,10,7,4,2,2,16,30
6,21,2,45,8,0,0,2,0,0,0,2,13,0,0,5,5,130,2,34,1,6,11,6,9,15,9,6,4,2,1,16,15
56,21,2,35,7,0,0,2,0,0,0,0,15,0,0,5,5,130,2,34,1,6,11,5,8,14,8,6,4,2,2,15,0
19,21,2,41,7,0,0,2,0,0,0,13,2,0,0,5,5,130,3,33,0,5,10,4,7,13,7,5,4,2,2,15,45
42,21,2,32,7,0,0,1,0,0,0,8,7,0,0,5,5,130,3,33,1,5,11,3,6,13,6,5,3,2,2,14,45
-19,21,2,48,6,0,0,1,0,0,0,6,9,0,0,5,5,130,3,33,1,5,12,2,5,12,5,4,2,1,2,16,45
14,21,2,39,6,0,0,0,0,0,0,3,12,0,0,5,5,130,3,33,1,6,12,2,4,11,4,3,2,0,2,15,30
25,19,1,41,6,0,0,0,0,0,0,4,11,0,0,5,5,130,2,32,5,8,12,3,7,12,5,3,2,1,2,15,45
35,19,1,39,5,0,0,0,0,0,0,13,2,0,0,5,5,130,2,32,6,9,14,2,6,11,4,3,2,1,2,15,30
24,19,1,37,6,0,0,0,0,0,0,8,7,0,0,5,5,130,4,30,4,7,12,1,5,10,3,2,2,1,2,15,15
-31,19,2,32,7,0,1,0,0,0,2,1,29,0,0,5,5,130,5,25,2,4,11,6,9,14,6,3,2,2,2,14,45
11,19,2,32,7,0,1,0,0,0,2,14,1,0,0,5,5,130,5,24,1,3,10,5,8,13,6,3,2,2,2,14,45
-9,19,3,31,6,0,1,0,0,0,2,7,8,0,0,5,5,130,5,24,2,4,11,5,7,15,5,2,2,2,3,14,30
-81,18,2,37,6,0,0,0,0,0,2,5,10,0,0,5,5,130,4,24,3,4,11,4,6,14,5,1,1,2,2,15,15
52,18,4,23,6,0,1,0,0,0,1,4,11,0,0,5,5,130,4,23,2,5,12,5,6,13,5,1,1,1,2,12,45
50,17,3,28,5,0,1,0,0,0,1,2,13,0,0,5,5,130,3,23,2,5,12,4,5,13,5,2,0,1,2,13,45
17,17,4,24,6,0,0,0,0,0,1,9,6,0,0,5,5,130,4,22,2,6,12,3,6,13,4,2,0,0,1,13,0
-60,17,5,35,6,0,0,0,0,0,1,10,5,0,0,5,5,130,4,21,3,5,13,2,6,13,4,2,0,0,2,15,0
-30,17,5,29,5,0,0,0,0,0,1,6,9,0,0,5,5,130,4,21,3,5,14,2,6,13,3,2,0,0,1,14,15
-9,15,4,27,6,0,1,0,0,0,1,7,8,0,0,5,5,130,3,18,2,7,12,5,8,16,6,4,0,0,1,13,30
26,14,3,20,6,0,1,0,0,0,0,2,13,0,0,5,5,130,2,18,3,7,12,4,8,15,6,4,0,0,1,12,15
-16,13,2,24,5,0,1,0,0,0,0,12,3,0,0,5,5,130,1,17,4,8,12,4,7,15,6,3,0,0,1,13,0
20,13,3,18,7,0,0,0,0,0,0,5,10,0,0,5,5,130,2,16,3,6,12,5,7,15,6,3,0,0,2,12,0
-19,12,4,26,6,0,0,0,0,0,0,7,8,0,0,5,5,130,1,16,5,9,13,4,8,16,6,2,0,0,1,13,15
-106,12,5,29,7,0,0,0,0,0,0,14,1,0,0,5,5,130,3,14,4,7,13,4,8,17,5,1,0,0,1,14,15
-6,11,5,20,6,0,0,0,0,0,0,9,6,0,0,5,5,130,2,14,4,7,13,4,7,16,5,2,0,0,1,12,15
2,11,5,18,5,0,0,0,0,0,0,9,6,0,0,5,5,130,2,14,4,7,13,3,6,15,4,2,0,0,2,12,0
-52,11,6,22,6,0,0,1,0,0,0,4,11,0,0,5,5,130,2,11,4,5,11,5,8,15,6,4,0,0,1,12,30
76,10,5,14,6,0,0,1,0,0,0,12,3,0,0,5,5,130,2,10,3,4,10,4,8,14,6,3,0,0,1,11,15
55,9,5,11,6,0,0,1,0,0,0,14,1,0,0,5,5,130,2,9,3,5,9,5,8,13,6,3,0,0,1,10,45
32,8,5,16,6,0,1,1,0,0,0,8,7,0,0,5,5,130,2,7,1,4,7,5,9,13,7,4,0,0,2,11,45
-19,8,5,16,5,0,1,1,0,0,0,5,10,0,0,5,5,130,2,7,1,5,7,4,9,13,6,4,0,0,2,11,45
-3,6,3,13,4,0,1,1,0,0,0,7,8,0,0,5,5,130,0,7,3,6,7,4,10,12,7,5,0,0,1,11,0
-7,6,4,15,4,0,1,1,0,0,0,1,14,0,0,5,5,130,1,6,2,5,6,4,9,11,6,4,0,0,2,11,30
15,6,4,9,4,0,0,1,0,0,0,13,2,0,0,5,5,130,1,6,2,5,6,3,8,10,5,3,0,0,2,10,30
11,5,5,9,3,0,0,1,0,0,0,14,1,0,0,5,5,130,0,6,5,6,6,6,7,9,5,3,0,0,2,10,30
11,5,5,7,4,0,0,1,0,0,0,5,10,0,0,5,5,130,2,4,3,4,4,6,6,8,4,3,0,0,2,10,15
72,4,4,5,4,0,0,0,0,0,0,11,4,0,0,5,5,130,1,4,3,4,4,5,5,8,4,2,0,0,2,10,0
16,3,3,11,4,0,0,0,0,0,0,8,7,0,0,5,5,130,1,3,3,3,3,4,5,8,4,3,0,0,1,10,45
42,3,3,7,3,0,0,0,0,0,0,7,8,0,0,5,5,130,1,3,3,3,3,3,4,7,3,2,0,0,2,10,15
17,3,3,3,3,0,0,0,0,0,0,3,12,0,0,5,5,130,1,2,2,2,2,2,4,6,3,2,0,0,2,9,45
-11,3,3,5,3,0,0,0,0,0,0,9,6,0,0,5,5,130,2,1,1,1,1,1,3,5,2,2,0,0,2,10,0
11,0,0,3,3,0,0,0,0,0,0,0,6,0,0,5,5,130,0,0,0,0,0,2,4,4,4,4,0,0,2,9,45
3,0,0,1,2,0,0,0,0,0,0,0,9,0,0,5,5,130,0,0,0,0,0,1,3,3,3,3,0,0,1,9,15
2,0,0,2,1,0,0,0,0,0,0,0,61,0,0,5,5,130,0,0,0,0,0,2,2,2,2,2,0,0,2,9,30
26,0,0,0,0,0,0,0,0,0,0,0,66,0,1,5,5,130,0,0,0,0,0,1,1,1,1,1,0,0,1,9,0
-38,21,2,38,1,0,0,1,0,0,0,42,3,1,0,4,5,129,2,36,2,2,5,1,3,6,1,0,0,0,1,17,30
-21,20,1,35,2,0,0,1,0,0,0,7,38,0,0,4,5,129,1,34,0,1,5,3,3,5,3,1,0,0,1,16,45
-30,19,0,36,2,0,0,0,0,0,0,1,14,0,0,4,5,129,0,34,1,3,5,2,4,4,3,2,0,0,1,17,0
47,19,0,33,1,0,0,0,0,0,0,11,4,0,0,4,5,129,0,34,1,3,6,1,3,3,2,1,0,0,1,15,45
66,19,1,30,0,0,1,0,0,0,0,4,26,0,0,4,5,129,0,33,3,4,10,2,2,5,2,1,0,0,1,15,0
-22,19,1,32,0,0,0,0,0,0,0,1,29,0,0,4,5,129,0,33,3,4,10,1,1,4,1,0,0,0,1,15,30
1,18,4,27,4,0,0,0,0,0,0,9,36,0,0,4,5,129,1,28,5,9,14,3,5,10,4,4,0,0,2,14,15
-30,18,5,30,3,0,0,0,0,0,0,11,4,0,0,4,5,129,0,28,6,10,16,3,4,11,4,4,0,0,1,15,0
-10,18,6,28,4,0,0,0,0,0,0,7,8,0,0,4,5,129,2,26,5,9,15,2,3,11,3,3,0,0,2,14,45
-71,15,5,28,5,0,0,0,2,0,0,11,4,0,0,4,5,129,2,22,4,6,14,2,6,13,6,4,0,0,2,14,45
-141,15,5,34,4,0,1,0,2,0,0,7,8,0,0,4,5,129,3,21,4,6,13,1,5,12,5,3,0,0,1,16,0
12,12,4,23,7,0,2,0,2,0,0,11,4,0,0,4,5,129,3,16,2,6,13,5,9,17,9,5,0,0,1,13,0
31,12,5,20,7,0,2,0,1,0,0,9,6,0,0,4,5,129,3,16,2,6,13,4,8,17,8,5,0,0,1,12,30
-16,12,5,26,6,0,2,0,1,0,0,8,7,0,0,4,5,129,3,16,2,6,13,3,7,16,7,4,0,0,1,13,30
59,11,4,17,6,0,2,0,0,0,0,7,8,0,0,4,5,129,2,16,2,6,13,2,6,15,7,5,0,0,1,12,0
-45,10,5,22,7,0,1,0,0,0,0,4,11,0,0,4,5,129,1,15,4,7,12,5,9,17,8,6,0,0,2,12,45
-21,10,6,23,7,0,1,0,0,0,0,6,9,0,0,4,5,129,1,14,4,9,13,4,9,17,8,6,0,0,1,13,0
-328,9,5,37,6,0,1,0,0,0,0,5,10,0,0,4,5,129,0,14,5,9,13,5,8,16,8,5,0,0,1,17,15
10,8,5,20,7,0,1,0,0,0,0,7,8,0,0,4,5,129,0,11,4,8,11,4,9,16,9,5,0,0,1,12,30
15,8,5,19,7,0,1,0,0,0,0,6,9,0,0,4,5,129,1,11,3,7,11,4,8,15,8,4,0,0,2,12,15
-60,7,4,25,7,0,1,1,0,0,0,5,10,0,0,4,5,129,2,9,4,6,9,5,10,16,8,4,0,0,1,13,15
53,7,4,12,7,0,0,1,0,0,0,5,10,0,0,4,5,129,2,9,4,6,9,4,9,15,7,4,0,0,2,11,15
6,5,2,14,7,0,0,1,0,0,0,7,8,0,0,4,5,129,1,8,4,5,8,5,10,16,8,4,0,0,1,11,30
3,5,2,17,6,0,0,1,0,0,0,6,9,0,0,4,5,129,1,8,4,5,8,4,9,15,7,4,0,0,1,12,0
54,4,2,14,6,0,1,1,1,0,0,8,7,0,0,4,5,129,2,5,2,4,5,5,9,14,8,4,0,0,1,11,30
-21,3,2,16,6,0,1,1,1,0,0,12,3,0,0,4,5,129,2,4,1,3,4,5,8,14,8,5,0,0,2,11,45
37,3,2,8,5,0,1,1,1,0,0,9,6,0,0,4,5,129,2,4,1,3,4,6,7,13,7,5,0,0,2,10,45
-32,3,3,12,4,0,1,1,1,0,0,2,13,0,0,4,5,129,2,4,1,4,4,5,7,12,6,4,0,0,2,11,15
1,3,3,7,4,0,0,2,1,0,0,25,5,0,0,4,5,129,2,3,2,3,3,5,6,11,6,5,0,0,2,10,30
9,3,3,10,3,0,0,2,1,0,0,21,9,0,0,4,5,129,2,3,2,3,3,4,7,10,5,4,0,0,2,11,0
7,3,3,8,2,0,0,2,1,0,0,10,20,0,0,4,5,129,2,3,2,3,3,3,8,9,4,3,0,0,2,10,45
33,3,3,5,1,0,0,2,1,0,0,9,21,0,0,4,5,129,2,3,2,3,3,2,7,8,3,2,0,0,1,10,15
3,2,2,10,3,0,0,1,1,0,0,0,30,0,0,4,5,129,3,1,1,1,1,2,6,7,3,1,0,0,2,11,0
8,0,0,2,2,0,0,1,1,0,0,8,7,0,0,4,5,129,1,1,1,1,1,5,6,6,4,2,0,0,1,9,30
-8,0,0,2,3,0,0,1,0,0,0,9,6,0,0,4,5,129,0,0,0,0,0,4,5,5,5,3,0,0,1,9,30
-2,0,0,5,2,0,0,1,0,0,0,8,7,0,0,4,5,129,0,0,0,0,0,3,4,4,4,3,0,0,1,10,15
2,0,0,4,2,0,0,0,0,0,0,5,10,0,0,4,5,129,0,0,0,0,0,2,3,3,3,2,0,0,2,9,45
-1,0,0,1,1,0,0,0,0,0,0,2,13,0,0,4,5,129,0,0,0,0,0,1,2,2,2,2,0,0,2,9,15
23,0,0,0,0,0,0,0,0,0,0,0,29,0,1,4,5,129,0,0,0,0,0,1,1,1,1,1,0,0,1,9,0
18,33,3,47,0,0,0,0,0,0,0,1,0,1,0,3,5,128,0,47,1,5,11,1,2,8,1,0,2,0,1,17,30
7,32,3,45,0,0,0,0,0,0,0,13,2,0,0,3,5,128,0,46,4,9,11,1,4,9,1,0,2,0,1,17,0
-8,30,3,42,2,0,1,0,0,0,1,0,15,0,0,3,5,128,1,41,4,6,10,4,7,12,4,2,2,1,1,16,30
1,30,3,42,1,0,2,0,0,0,1,8,7,0,0,3,5,128,1,40,3,5,11,4,6,12,4,2,2,1,1,16,30
-23,29,3,44,3,0,3,0,0,0,0,14,1,0,0,3,5,128,3,37,1,2,9,5,5,11,4,2,2,1,2,16,45
-47,29,3,45,3,0,2,0,0,0,0,11,4,0,0,3,5,128,3,37,1,2,9,4,5,10,3,2,1,2,1,17,0
4,28,2,39,3,0,1,0,0,0,0,13,2,0,0,3,5,128,1,37,2,4,10,3,5,9,4,1,1,1,1,16,0
47,28,2,39,3,0,1,0,0,0,0,5,10,0,0,3,5,128,2,36,1,3,10,2,5,8,3,1,1,1,1,16,0
-2,27,2,37,3,0,0,0,0,0,0,0,15,0,0,3,5,128,1,36,1,5,10,1,5,7,3,0,1,1,2,15,45
15,26,2,35,3,0,0,0,0,0,0,13,2,0,0,3,5,128,0,35,4,7,12,4,6,7,4,1,0,1,2,15,30
1,26,2,35,2,0,0,0,0,0,0,11,4,0,0,3,5,128,0,35,4,7,12,4,5,6,3,1,0,0,2,15,30
-19,26,5,37,2,0,0,0,0,0,1,6,9,0,0,3,5,128,1,33,4,7,12,4,4,6,3,1,0,0,2,15,45
36,26,5,32,2,0,0,0,0,0,1,5,10,0,0,3,5,128,2,32,3,6,11,3,3,5,2,1,0,0,1,14,30
-90,25,4,41,2,0,0,1,0,0,0,42,3,0,0,3,5,128,2,31,3,5,10,2,2,4,2,1,0,0,2,16,15
-23,25,5,33,3,0,1,0,0,0,0,24,21,0,0,3,5,128,2,29,2,5,10,1,1,4,3,2,0,0,1,14,45
-40,19,4,34,7,0,1,0,1,0,0,7,8,0,0,3,5,128,2,23,2,4,12,2,3,14,8,4,0,0,2,15,0
60,16,4,25,8,0,1,0,1,0,0,12,3,0,0,3,5,128,1,21,2,5,12,2,8,17,10,5,0,0,2,12,45
47,15,5,29,7,0,1,1,1,0,0,10,5,0,0,3,5,128,1,20,2,7,14,4,8,17,10,5,0,0,1,13,15
6,15,6,25,6,0,1,2,1,0,0,4,11,0,0,3,5,128,2,19,3,8,14,6,11,20,9,4,0,0,2,12,45
13,14,5,23,6,0,0,2,1,0,0,4,11,0,0,3,5,128,1,19,3,8,14,5,10,19,9,4,0,0,2,12,30
45,14,6,31,5,0,0,2,2,0,0,28,2,0,0,3,5,128,2,18,4,8,13,4,10,19,8,4,0,0,1,13,45
32,13,5,23,4,0,0,2,2,0,0,23,7,0,0,3,5,128,1,18,5,8,13,5,10,19,8,4,0,0,2,12,30
37,12,5,27,4,0,0,2,2,0,1,13,17,0,0,3,5,128,2,16,4,7,13,6,11,19,8,5,0,0,1,13,0
21,12,5,27,3,0,0,2,2,0,1,12,18,0,0,3,5,128,2,16,5,7,13,5,10,19,7,5,0,0,1,13,0
16,10,4,21,3,0,0,3,3,0,1,12,3,0,0,3,5,128,2,13,3,7,11,6,10,19,9,6,0,0,2,12,15
20,10,4,30,2,0,0,3,3,0,1,9,6,0,0,3,5,128,2,13,3,7,11,6,10,18,8,6,0,0,1,13,30
-46,10,4,21,2,0,0,2,3,0,1,7,8,0,0,3,5,128,2,13,3,7,11,5,10,17,7,6,0,0,2,12,15
69,10,4,19,3,0,0,2,2,0,1,6,9,0,0,3,5,128,2,12,2,6,11,4,9,16,7,7,0,0,2,12,0
41,9,5,14,3,0,0,1,2,0,2,12,3,0,0,3,5,128,2,11,2,5,10,5,9,15,7,7,0,0,2,11,15
21,8,4,17,4,0,0,1,1,0,2,14,1,0,0,3,5,128,1,10,4,5,10,5,10,16,8,8,0,0,2,11,30
49,8,4,8,4,0,0,1,1,0,1,12,3,0,0,3,5,128,1,10,4,5,10,4,10,15,7,7,0,0,2,10,15
-38,7,3,19,3,0,0,1,1,0,1,3,12,0,0,3,5,128,0,10,4,7,10,6,10,14,7,6,0,0,2,12,0
34,7,3,17,3,0,0,0,1,0,1,1,14,0,0,3,5,128,0,10,4,7,10,5,9,13,6,5,0,0,2,11,30
-5,6,4,14,4,0,0,0,2,0,1,1,14,0,0,3,5,128,2,7,2,5,7,5,10,14,6,4,0,0,2,11,15
23,6,4,14,4,0,0,0,3,0,0,10,5,0,0,3,5,128,3,6,1,4,6,6,9,13,5,3,0,0,2,11,15
17,6,4,13,4,0,0,0,2,0,0,9,6,0,0,3,5,128,3,6,1,4,6,5,8,12,4,2,0,0,3,11,0
19,5,4,10,3,0,0,0,2,0,0,3,12,0,0,3,5,128,2,6,3,5,6,5,7,11,4,2,0,0,1,10,30
44,4,3,12,2,0,0,0,2,0,0,12,3,0,0,3,5,128,1,6,3,5,6,5,6,11,4,3,0,0,1,10,45
-23,4,3,10,2,0,0,0,2,0,0,1,14,0,0,3,5,128,1,5,3,5,5,5,6,10,4,2,0,0,1,10,30
19,4,4,8,1,0,0,0,2,0,0,13,2,0,0,3,5,128,1,5,3,5,5,4,6,9,3,2,0,0,2,10,15
-5,4,4,6,2,0,0,0,2,0,0,6,9,0,0,3,5,128,2,3,2,3,3,3,5,8,3,3,0,0,2,10,0
30,4,4,4,2,0,0,0,1,0,0,12,3,0,0,3,5,128,2,3,2,3,3,2,4,7,2,2,0,0,2,9,45
20,4,4,6,2,0,0,0,0,0,0,9,6,0,0,3,5,128,2,3,2,3,3,2,4,6,1,1,0,0,2,10,0
6,1,1,2,3,0,0,0,0,0,0,9,6,0,0,3,5,128,1,1,1,1,1,3,5,5,3,2,0,0,2,9,30
3,1,1,1,3,0,0,0,0,0,0,1,14,0,0,3,5,128,1,0,0,0,0,3,4,4,3,2,0,0,2,9,15
-37,0,0,4,2,0,0,0,0,0,0,0,21,0,0,3,5,128,0,0,0,0,0,3,3,3,3,2,0,0,2,9,45
3,0,0,2,1,0,0,0,0,0,0,0,25,0,0,3,5,128,0,0,0,0,0,2,2,2,2,1,0,0,2,9,30
0,0,0,0,0,0,0,0,0,0,0,0,45,0,1,3,5,128,0,0,0,0,0,1,1,1,1,1,0,0,1,9,0
29,24,3,41,4,0,0,0,1,0,0,12,3,0,0,2,5,127,2,37,3,5,9,1,3,9,4,3,3,0,1,17,0
90,22,5,31,6,0,0,2,0,0,0,1,14,0,0,2,5,127,2,33,2,4,7,2,6,12,7,2,3,1,1,15,30
-4,21,4,39,5,0,0,2,0,0,0,5,10,0,0,2,5,127,1,33,3,5,7,4,7,12,7,2,3,1,1,16,45
45,20,4,39,6,0,0,2,0,0,0,0,15,0,0,2,5,127,1,31,2,4,6,4,8,11,8,2,3,1,1,16,45
-54,20,4,42,5,0,0,2,0,0,0,12,3,1,0,2,5,127,1,31,2,4,6,3,7,10,7,2,3,1,1,17,30
37,20,4,36,4,0,0,2,1,0,0,10,5,0,0,2,5,127,2,30,1,3,5,2,6,9,6,2,2,1,1,16,15
21,19,3,34,4,0,0,2,1,0,0,13,2,0,0,2,5,127,2,29,1,2,4,3,7,9,6,2,2,0,2,16,0
46,17,2,38,3,0,0,3,1,0,0,8,7,0,0,2,5,127,1,28,1,2,6,4,7,9,7,3,2,1,2,16,30
-14,17,2,36,3,0,0,2,1,0,0,7,8,0,0,2,5,127,1,28,1,2,6,3,6,8,6,2,2,1,1,16,15
7,17,2,34,3,0,0,1,1,0,0,6,9,0,0,2,5,127,1,28,1,3,7,4,5,9,5,2,2,1,2,16,0
5,17,2,29,3,0,0,1,0,0,0,3,12,0,0,2,5,127,1,28,2,3,7,3,4,8,4,1,2,1,2,15,15
17,16,2,28,2,0,1,1,0,0,0,4,11,0,0,2,5,127,1,27,1,2,7,3,4,7,4,1,2,1,2,15,0
5,16,2,33,1,0,1,1,0,0,0,1,14,0,0,2,5,127,1,27,1,2,7,2,3,6,3,1,2,1,2,15,45
24,16,3,29,1,0,1,1,0,0,0,40,5,0,0,2,5,127,1,26,1,4,10,1,3,8,3,1,1,1,2,15,15
-23,14,2,27,2,0,0,1,0,0,0,5,40,0,0,2,5,127,0,25,3,5,13,2,4,10,4,2,1,0,1,14,45
16,14,2,26,2,0,1,1,0,0,0,8,7,0,0,2,5,127,2,23,2,4,11,3,5,10,3,2,1,0,1,14,30
28,13,3,19,3,0,1,1,0,0,0,0,15,0,0,2,5,127,2,21,1,6,10,3,5,12,4,1,1,0,2,12,45
-55,13,3,25,3,0,0,1,0,0,0,13,2,0,0,2,5,127,2,21,2,6,10,3,4,11,3,1,1,0,1,14,15
54,12,3,23,2,0,0,2,0,0,0,1,14,0,0,2,5,127,0,20,5,8,13,3,7,10,5,3,1,0,1,13,15
46,12,4,21,2,0,0,2,0,0,0,14,1,0,0,2,5,127,1,19,4,7,12,2,6,9,4,3,1,0,1,13,0
27,12,5,18,1,0,0,3,0,0,0,5,10,0,0,2,5,127,1,18,5,7,12,1,5,11,4,3,1,0,2,12,30
2,10,3,16,4,0,0,3,1,0,0,3,12,0,0,2,5,127,3,13,2,4,10,4,7,12,6,2,1,1,1,12,0
-32,10,3,24,4,0,0,2,1,0,0,3,12,0,0,2,5,127,3,13,2,4,10,3,6,11,5,2,1,1,1,13,30
-31,10,3,19,4,0,0,1,1,0,0,9,6,0,0,2,5,127,3,13,2,4,11,4,5,10,4,1,1,1,2,12,45
-37,9,3,21,3,0,0,2,1,0,0,4,11,0,0,2,5,127,3,12,1,4,10,3,4,10,4,1,1,1,1,13,0
-179,7,2,31,4,0,0,1,1,0,0,1,14,0,0,2,5,127,1,11,2,5,11,3,6,13,6,1,0,1,1,15,30
23,7,2,15,3,0,0,1,1,0,0,14,1,0,0,2,5,127,1,11,2,5,11,2,5,12,5,1,0,0,1,11,45
-63,7,2,17,2,0,0,1,1,0,0,2,13,0,0,2,5,127,0,11,3,7,11,1,4,12,5,2,0,0,1,12,15
0,6,4,13,3,0,0,1,3,0,0,13,2,0,0,2,5,127,2,7,3,6,7,3,7,14,6,3,0,0,1,11,30
-9,6,4,13,3,0,0,0,3,0,0,12,3,0,0,2,5,127,2,7,4,6,7,2,7,14,5,3,0,0,1,11,30
67,6,5,9,3,0,0,0,2,0,0,9,6,0,0,2,5,127,1,7,4,6,7,1,7,13,5,3,0,0,1,10,30
68,3,3,7,4,0,0,1,2,0,1,9,6,0,0,2,5,127,1,3,2,3,3,6,8,12,8,5,0,0,2,10,15
6,3,3,9,4,0,0,1,1,0,1,8,7,0,0,2,5,127,1,3,2,3,3,5,7,11,7,4,0,0,1,10,30
-7,2,2,7,5,0,0,0,1,0,1,8,7,0,0,2,5,127,1,2,2,2,2,6,7,10,7,4,0,0,2,10,15
-31,2,2,12,4,0,0,0,1,0,1,2,13,0,0,2,5,127,1,2,2,2,2,5,8,9,6,4,0,0,2,11,15
17,2,2,6,5,0,0,0,0,0,1,13,2,0,0,2,5,127,2,1,1,1,1,4,8,8,5,3,0,0,2,10,0
3,2,2,4,5,0,0,0,0,0,0,10,5,0,0,2,5,127,1,1,1,1,1,3,7,7,5,2,0,0,1,9,45
13,1,1,4,5,0,0,0,0,0,0,8,7,0,0,2,5,127,1,0,0,0,0,2,6,6,5,1,0,0,1,9,45
-34,0,0,11,4,0,0,0,0,0,0,12,3,0,0,2,5,127,0,0,0,0,0,2,5,5,5,2,0,0,1,11,0
13,0,0,0,3,0,0,0,0,0,0,0,16,0,1,2,5,127,0,0,0,0,0,4,4,4,4,2,0,0,1,9,0
10,0,0,1,2,0,0,0,0,0,0,0,22,0,0,2,5,127,0,0,0,0,0,3,3,3,3,1,0,0,2,9,15
27,0,0,2,1,0,0,0,0,0,0,0,26,0,0,2,5,127,0,0,0,0,0,2,2,2,2,1,0,0,2,9,30
-4,0,0,2,0,0,0,0,0,0,0,0,32,0,0,2,5,127,0,0,0,0,0,1,1,1,1,0,0,0,2,9,30
9,33,2,43,3,0,0,1,0,0,1,4,26,1,0,6,5,124,1,38,2,2,9,2,4,8,5,1,2,0,1,17,30
-32,32,4,42,4,0,0,1,0,0,0,6,24,0,0,6,5,124,0,37,1,6,10,3,6,12,6,3,2,0,1,17,0
22,32,5,39,3,0,0,1,0,0,1,14,1,0,0,6,5,124,1,36,1,5,10,4,6,11,5,2,2,0,2,16,0
112,31,4,35,2,0,0,1,0,0,1,5,10,0,0,6,5,124,0,36,2,7,10,3,5,10,5,2,2,0,1,15,30
36,31,5,40,2,0,0,0,0,0,1,1,14,0,0,6,5,124,0,36,5,7,13,4,5,11,4,2,2,0,1,16,30
68,31,5,35,1,0,0,0,0,0,1,0,15,0,0,6,5,124,0,36,5,7,13,3,4,10,3,1,2,0,1,15,30
18,28,4,40,4,0,0,0,1,0,1,6,24,0,0,6,5,124,2,31,2,4,10,2,7,9,5,2,2,1,1,16,30
8,28,4,38,4,0,0,0,1,0,0,2,28,0,0,6,5,124,2,31,2,5,10,2,6,8,4,2,2,1,1,15,45
10,27,6,33,5,0,0,0,1,0,0,2,13,0,0,6,5,124,2,29,3,6,10,5,7,8,5,1,2,1,3,15,0
1,26,6,33,5,0,0,0,1,0,0,9,6,0,0,6,5,124,2,28,2,6,10,4,6,8,5,1,2,1,3,15,0
35,25,5,32,4,0,0,0,1,0,0,7,8,0,0,6,5,124,1,28,2,6,10,3,5,7,5,1,2,1,2,14,45
-46,25,5,35,3,0,0,0,1,0,0,4,11,0,0,6,5,124,1,28,3,6,11,2,4,7,4,1,1,1,1,15,30
38,25,5,31,2,0,0,0,1,0,0,73,2,0,0,6,5,124,1,28,3,7,12,1,3,6,3,1,1,0,1,14,30
16,21,5,30,6,0,0,0,0,0,0,40,35,0,0,6,5,124,1,24,3,5,10,2,2,9,6,1,1,0,1,14,15
142,21,5,20,6,0,0,0,0,0,0,34,41,0,0,6,5,124,2,23,2,4,10,1,1,8,5,1,1,0,2,12,0
53,16,5,28,7,0,0,0,2,0,0,3,12,0,0,6,5,124,0,19,5,7,13,4,8,15,10,5,1,0,1,13,0
71,16,6,28,6,0,0,0,2,0,0,11,4,0,0,6,5,124,0,19,5,8,14,4,8,16,9,5,1,0,1,13,0
79,16,6,24,5,0,0,1,2,0,0,6,9,0,0,6,5,124,1,18,4,7,14,4,7,15,8,5,1,0,2,12,30
57,15,7,22,6,0,0,1,2,0,0,12,3,0,0,6,5,124,2,16,2,5,12,4,10,17,8,4,1,0,2,12,15
71,13,6,24,7,0,0,1,2,0,0,12,3,0,0,6,5,124,2,14,3,5,10,5,10,16,9,5,1,0,2,12,30
59,12,5,20,6,0,0,1,2,0,0,8,7,0,0,6,5,124,1,14,3,6,12,4,9,15,9,5,1,0,2,12,0
44,11,4,26,5,0,0,1,2,0,0,2,13,0,0,6,5,124,0,14,3,7,12,3,8,15,9,5,1,0,2,12,45
166,11,6,5,6,0,0,1,1,0,0,4,11,0,0,6,5,124,1,13,4,7,13,7,8,14,8,4,1,0,2,10,0
51,10,5,16,6,0,0,2,1,0,0,2,13,0,0,6,5,124,2,11,2,5,11,6,8,13,8,4,1,1,2,11,30
43,8,4,22,5,0,0,2,1,0,0,1,14,0,0,6,5,124,0,11,4,7,11,5,9,13,9,5,1,1,2,12,15
3,8,4,16,4,0,0,2,1,0,0,1,14,0,0,6,5,124,0,11,4,7,11,4,8,12,8,5,1,1,2,11,30
27,8,4,18,3,0,0,2,1,0,0,14,1,0,0,6,5,124,0,11,5,7,11,3,7,11,7,5,1,1,2,11,45
65,8,4,12,3,0,0,2,0,0,0,14,1,0,0,6,5,124,0,11,5,7,11,2,6,10,6,4,1,1,2,11,0
-4,8,4,26,2,0,0,2,0,0,0,12,3,0,0,6,5,124,0,11,5,7,11,1,7,9,5,3,1,1,2,12,45
17,5,3,12,5,0,1,1,1,0,0,10,5,0,0,6,5,124,1,6,2,5,6,6,7,11,8,2,1,1,2,11,0
36,5,4,10,5,0,1,0,1,0,0,2,13,0,0,6,5,124,1,6,2,6,6,5,6,11,7,2,0,1,2,10,45
-22,5,4,14,5,0,0,0,1,0,0,13,2,0,0,6,5,124,1,6,2,6,6,4,5,10,6,1,0,0,2,11,15
72,4,4,1,5,0,0,1,1,0,0,3,12,0,0,6,5,124,2,4,2,4,4,4,5,10,6,2,0,0,2,9,30
4,4,4,18,4,0,0,1,1,0,0,13,2,0,0,6,5,124,2,4,3,4,4,3,4,9,5,2,0,0,2,11,45
39,4,4,14,3,0,0,1,1,0,0,12,3,0,0,6,5,124,1,4,3,4,4,2,3,9,5,2,0,0,2,11,15
32,3,3,9,3,0,1,1,1,0,0,8,7,0,0,6,5,124,2,2,2,2,2,1,3,8,5,3,0,0,2,10,30
-10,1,1,5,4,0,0,1,2,0,0,8,7,0,0,6,5,124,1,0,0,0,0,2,6,8,7,3,0,0,2,10,0
-2,0,0,7,4,0,0,1,1,0,0,0,14,0,0,6,5,124,0,0,0,0,0,4,6,7,7,4,0,0,1,10,15
10,0,0,7,3,0,0,1,1,0,0,0,26,0,0,6,5,124,0,0,0,0,0,4,5,6,6,3,0,0,1,10,15
7,0,0,0,3,0,0,1,0,0,0,0,34,0,1,6,5,124,0,0,0,0,0,4,5,5,5,2,0,0,2,9,15
13,0,0,3,3,0,0,0,0,0,0,0,36,0,0,6,5,124,0,0,0,0,0,3,4,4,4,1,0,0,2,9,45
1,0,0,3,2,0,0,0,0,0,0,0,50,0,0,6,5,124,0,0,0,0,0,2,3,3,3,0,0,0,2,9,45
6,0,0,1,1,0,0,0,0,0,0,0,63,0,0,6,5,124,0,0,0,0,0,1,2,2,2,0,0,0,2,9,30
0,0,0,10,0,0,0,0,0,0,0,0,94,0,0,6,5,124,0,0,0,0,0,1,1,1,1,0,0,0,2,10,45
51,24,3,37,0,0,0,0,0,0,0,3,0,0,0,5,5,123,0,41,4,6,8,1,2,3,1,1,2,0,2,16,45
26,21,2,37,1,0,0,2,0,0,1,11,4,0,0,5,5,123,2,36,2,2,7,2,2,8,3,0,2,1,2,16,45
11,19,0,39,2,0,0,2,0,0,1,18,12,0,0,5,5,123,2,34,0,1,8,1,5,9,4,0,1,1,1,17,0
-83,19,3,39,2,0,0,2,0,0,1,0,15,0,0,5,5,123,1,33,3,6,12,5,6,12,5,1,1,1,1,17,0
0,19,3,35,2,0,0,1,0,0,1,28,2,0,0,5,5,123,1,33,3,6,12,4,5,11,4,0,1,1,2,16,30
50,19,3,34,2,0,0,0,0,0,1,27,3,0,0,5,5,123,1,33,3,6,12,3,5,10,3,0,1,1,2,16,0
81,19,3,28,1,0,0,0,0,0,1,26,4,0,0,5,5,123,1,33,3,6,12,2,4,9,2,0,1,1,2,15,0
-14,17,1,32,3,0,0,0,0,0,1,0,30,0,0,5,5,123,2,30,3,5,12,2,6,9,3,1,0,1,1,15,45
6,16,1,28,4,0,0,0,0,0,0,5,10,0,0,5,5,123,2,29,3,7,12,3,5,9,3,2,0,0,2,15,0
25,16,4,25,3,0,2,0,0,0,0,13,2,0,0,5,5,123,2,27,2,6,16,4,6,9,4,2,0,0,2,14,30
21,16,4,26,2,0,2,0,0,0,0,11,4,0,0,5,5,123,2,27,2,6,16,3,5,9,3,1,0,0,2,14,45
-47,16,4,30,2,0,2,1,0,0,0,39,6,0,0,5,5,123,3,25,3,6,15,3,4,9,3,1,0,0,2,15,30
-71,16,5,32,2,0,1,1,0,0,0,34,11,0,0,5,5,123,3,25,3,7,15,2,4,8,2,1,0,0,1,15,45
-193,14,4,41,4,0,1,1,0,0,0,10,35,1,0,5,5,123,3,22,3,11,14,2,4,11,4,2,0,0,1,17,30
-23,14,5,24,3,0,1,1,0,0,0,2,43,0,0,5,5,123,3,22,4,11,14,2,4,10,3,1,0,0,1,14,15
27,11,4,23,4,0,2,1,0,0,0,6,9,0,0,5,5,123,1,19,8,9,13,3,5,12,7,3,0,0,1,13,30
47,11,4,20,5,0,1,1,0,0,0,0,15,0,0,5,5,123,2,18,7,8,12,2,4,11,6,2,0,0,1,13,0
17,9,3,22,8,0,1,4,0,0,0,6,24,0,0,5,5,123,7,11,1,3,8,3,7,12,7,3,0,0,1,13,15
-189,8,2,35,8,0,0,4,0,0,0,13,2,0,0,5,5,123,6,11,2,3,8,3,6,15,7,2,0,0,2,16,30
29,8,3,20,7,0,0,4,0,0,0,11,4,0,0,5,5,123,6,11,2,4,8,2,5,14,6,1,0,0,1,13,0
53,7,3,16,8,0,0,3,0,0,0,14,1,0,0,5,5,123,5,10,2,4,9,4,7,14,7,3,0,0,2,12,15
22,7,4,16,8,0,0,3,0,0,0,4,11,0,0,5,5,123,6,9,2,4,9,3,7,14,6,3,0,0,2,12,15
-99,7,4,26,7,0,0,3,0,0,0,3,12,0,0,5,5,123,6,9,2,4,9,2,6,13,5,3,0,0,2,14,45
51,6,3,14,6,0,0,3,0,0,0,14,1,0,0,5,5,123,5,9,2,5,9,2,6,13,5,3,0,0,2,12,0
30,5,5,10,7,0,0,3,0,0,0,14,1,0,0,5,5,123,5,7,3,4,7,5,10,13,6,3,0,0,1,11,15
1,5,5,18,7,0,0,2,0,0,0,13,2,0,0,5,5,123,5,7,3,4,7,4,9,13,5,3,0,0,2,12,30
-28,5,5,18,7,0,0,2,0,0,0,7,8,0,0,5,5,123,5,6,3,3,6,3,8,12,5,3,0,0,2,12,30
9,4,4,14,6,0,0,2,0,0,0,13,2,0,0,5,5,123,4,6,3,5,6,6,7,12,5,2,0,0,2,12,0
6,3,3,9,6,0,0,2,0,0,0,1,14,0,0,5,5,123,3,5,2,5,5,6,7,12,6,3,0,0,2,11,0
10,1,1,7,8,0,0,1,0,0,0,4,11,0,0,5,5,123,3,3,1,3,3,5,8,13,7,4,0,0,1,10,45
-273,1,1,30,7,0,0,1,0,0,0,3,12,0,0,5,5,123,3,3,1,3,3,4,7,12,6,3,0,0,2,15,30
12,1,1,10,6,0,0,1,0,0,0,2,13,0,0,5,5,123,3,3,1,3,3,3,6,11,5,2,0,0,1,11,15
-9,1,1,12,5,0,0,1,0,0,0,1,14,0,0,5,5,123,3,3,1,3,3,2,5,10,4,1,0,0,1,11,30
-32,0,0,13,4,0,0,1,0,0,0,2,13,0,0,5,5,123,1,3,3,3,3,2,4,9,5,3,0,0,2,11,45
30,0,0,1,5,0,0,2,0,0,0,8,7,0,0,5,5,123,2,0,0,0,0,3,6,8,6,5,0,0,2,10,0
8,0,0,5,4,0,0,2,0,0,0,1,14,0,0,5,5,123,1,0,0,0,0,2,6,7,6,4,0,0,2,10,30
-18,0,0,3,3,0,0,2,0,0,0,0,8,0,0,5,5,123,1,0,0,0,0,2,6,6,5,4,0,0,2,10,15
24,0,0,3,2,0,0,2,0,0,0,0,32,0,0,5,5,123,0,0,0,0,0,5,5,5,5,4,0,0,2,10,15
-11,0,0,1,1,0,0,2,0,0,0,0,40,0,0,5,5,123,0,0,0,0,0,4,4,4,4,3,0,0,2,10,0
-17,0,0,7,0,0,0,2,0,0,0,0,48,0,0,5,5,123,0,0,0,0,0,3,3,3,3,3,0,0,1,10,45
-25,0,0,5,0,0,0,1,0,0,0,0,59,0,0,5,5,123,0,0,0,0,0,2,2,2,2,2,0,0,2,10,30
-8,0,0,0,0,0,0,0,0,0,0,0,61,0,1,5,5,123,0,0,0,0,0,1,1,1,1,1,0,0,2,9,45
0,26,3,40,3,0,0,1,0,0,0,11,4,0,0,4,5,122,1,38,2,6,11,3,4,13,4,1,4,1,1,17,0
-22,26,4,41,2,0,0,1,0,0,0,8,7,0,0,4,5,122,1,38,2,6,11,2,3,12,3,1,4,0,1,17,15
-20,26,5,42,3,0,0,1,0,0,0,18,12,1,0,4,5,122,2,36,3,7,11,1,5,11,3,1,4,2,1,17,30
31,23,3,31,6,0,0,1,0,0,0,11,4,0,0,4,5,122,2,32,4,5,10,6,10,15,6,3,4,2,2,15,30
-15,22,3,38,5,0,0,1,0,0,0,3,12,0,0,4,5,122,1,32,4,5,10,6,9,14,6,3,4,2,1,16,45
-18,21,2,36,6,0,0,0,0,0,1,9,6,0,0,4,5,122,2,30,2,5,8,6,8,13,6,3,3,2,2,16,30
9,21,2,33,6,0,0,0,0,0,1,3,12,0,0,4,5,122,2,29,1,4,7,6,7,12,6,2,2,1,1,15,45
43,21,2,35,5,0,0,0,0,0,1,1,14,0,0,4,5,122,1,29,2,4,8,5,6,11,6,2,2,0,2,16,0
9,21,2,31,4,0,0,0,0,0,1,13,2,0,0,4,5,122,1,29,2,5,8,4,5,10,5,2,2,0,2,15,30
-83,21,2,38,3,0,1,0,0,0,1,5,10,0,0,4,5,122,2,28,1,5,8,4,4,10,4,1,2,0,1,16,45
-73,20,1,36,3,0,1,0,0,0,0,11,4,0,0,4,5,122,1,28,3,5,10,3,6,9,4,1,2,0,2,16,30
22,20,2,33,2,0,1,0,0,0,0,5,10,0,0,4,5,122,1,28,3,6,10,2,5,8,3,1,2,0,1,15,45
31,20,2,28,2,0,1,0,0,0,0,12,3,0,0,4,5,122,2,27,3,5,10,1,6,7,2,0,2,0,1,15,0
46,19,3,24,4,0,1,0,1,0,0,2,13,0,0,4,5,122,2,23,1,5,10,5,6,8,5,3,2,0,1,14,15
40,19,3,23,4,0,0,0,1,0,0,28,2,0,0,4,5,122,1,23,1,5,10,4,5,8,5,3,2,0,1,14,0
-37,19,3,26,3,0,0,0,1,0,0,27,3,0,0,4,5,122,1,23,1,5,10,3,4,7,4,2,2,0,2,14,45
-2,18,3,25,3,0,0,0,1,0,0,13,17,0,0,4,5,122,1,22,1,5,11,2,3,6,4,2,2,0,2,14,30
-61,18,3,28,2,0,0,0,1,0,0,12,18,0,0,4,5,122,1,22,1,5,11,1,2,6,3,1,2,0,1,15,0
-28,17,6,26,2,0,0,0,1,0,1,23,22,0,0,4,5,122,2,20,3,6,11,1,2,7,3,1,2,0,2,14,45
21,13,6,21,3,0,0,1,2,0,0,13,17,0,0,4,5,122,0,16,4,7,12,3,4,11,7,3,2,0,1,12,45
158,11,5,11,3,0,2,2,2,0,0,3,12,0,0,4,5,122,2,13,2,4,10,3,5,12,8,2,2,0,2,11,0
100,10,4,20,3,0,2,2,1,0,0,14,1,0,0,4,5,122,1,13,2,4,10,2,5,11,8,2,2,0,1,12,15
-29,9,4,22,4,0,2,2,1,0,0,12,3,0,0,4,5,122,2,11,2,2,11,3,7,13,8,2,2,1,1,13,30
60,7,3,13,4,0,1,2,2,0,0,12,3,0,0,4,5,122,1,10,1,5,10,3,7,13,9,3,2,1,2,11,15
45,7,3,19,4,0,1,2,1,0,0,10,5,0,0,4,5,122,1,10,1,5,10,2,6,12,8,3,2,1,1,12,0
45,6,3,17,4,0,1,2,1,0,0,1,14,0,0,4,5,122,1,9,4,6,9,5,7,15,8,3,2,1,1,11,45
78,6,4,6,3,0,1,2,1,0,0,6,9,0,0,4,5,122,1,9,4,8,9,5,8,14,7,3,1,1,2,10,15
60,6,4,15,3,0,1,1,1,0,0,4,11,0,0,4,5,122,1,9,4,8,9,4,7,13,6,2,1,0,2,11,30
3,6,4,17,3,0,0,1,1,0,0,3,12,0,0,4,5,122,1,9,4,8,9,3,6,12,5,2,1,0,1,11,45
45,5,3,15,3,0,0,1,1,0,1,11,4,0,0,4,5,122,2,7,3,7,7,3,6,11,5,2,1,0,2,11,30
-280,4,4,30,3,0,0,2,1,0,1,6,9,0,0,4,5,122,2,5,4,5,5,4,6,12,6,3,1,1,2,15,15
3,3,3,8,4,0,0,2,1,0,0,0,15,0,0,4,5,122,2,4,3,4,4,4,6,11,6,4,1,1,1,10,30
62,2,2,11,5,0,0,2,1,0,0,26,4,0,0,4,5,122,1,2,2,2,2,4,8,11,8,5,1,1,2,11,0
15,2,2,13,4,0,0,2,2,0,0,22,8,0,0,4,5,122,2,1,1,1,1,3,7,10,7,5,1,1,2,11,15
74,2,2,2,4,0,0,2,1,0,0,16,14,0,0,4,5,122,1,1,1,1,1,3,6,9,7,4,1,1,2,9,30
21,2,2,10,3,0,0,2,2,0,0,11,19,0,0,4,5,122,2,0,0,0,0,4,6,8,6,3,0,1,2,10,45
-16,0,0,6,2,0,0,2,2,0,0,3,12,0,0,4,5,122,0,0,0,0,0,4,6,7,7,5,0,0,2,10,15
19,0,0,4,1,0,0,2,2,0,0,12,3,0,0,4,5,122,0,0,0,0,0,3,5,6,6,4,0,0,2,10,0
-17,0,0,8,1,0,0,1,2,0,0,12,3,0,0,4,5,122,0,0,0,0,0,2,4,5,5,3,0,0,1,10,30
28,0,0,2,1,0,0,0,2,0,0,8,7,0,0,4,5,122,0,0,0,0,0,2,3,4,4,2,0,0,2,9,30
-14,0,0,4,0,0,0,0,2,0,0,0,19,0,0,4,5,122,0,0,0,0,0,2,3,3,3,2,0,0,2,10,0
20,0,0,1,0,0,0,0,1,0,0,0,29,0,0,4,5,122,0,0,0,0,0,2,2,2,2,2,0,0,2,9,15
25,0,0,0,0,0,0,0,0,0,0,0,55,0,1,4,5,122,0,0,0,0,0,1,1,1,1,1,0,0,1,9,0
43,13,0,40,0,0,0,2,0,0,0,5,10,0,0,3,5,121,0,40,3,6,10,1,2,9,3,1,5,1,1,17,30
-46,13,3,40,3,0,0,3,1,0,0,22,8,0,0,3,5,121,2,34,2,4,10,3,8,12,6,2,5,3,1,17,30
33,13,4,38,4,0,0,2,1,0,0,16,14,0,0,3,5,121,2,33,2,3,10,4,7,13,6,1,4,3,2,17,15
62,13,5,35,4,0,0,1,1,0,0,12,18,0,0,3,5,121,2,33,3,5,10,3,6,12,5,1,4,2,1,16,30
-26,11,3,38,5,0,0,0,1,0,0,7,8,0,0,3,5,121,1,32,2,5,10,5,6,12,6,1,3,2,2,17,15
-10,11,3,35,6,0,0,0,0,0,0,2,13,0,0,3,5,121,2,31,1,5,9,4,5,12,5,1,3,1,1,16,30
-49,10,2,42,6,0,0,0,0,0,0,6,9,1,0,3,5,121,2,30,3,6,9,3,5,11,5,2,2,2,1,17,45
-19,10,2,37,5,0,0,0,0,0,0,0,15,0,0,3,5,121,2,30,3,6,9,2,5,11,4,2,2,1,2,16,45
25,10,2,31,4,0,0,0,0,0,0,27,3,0,0,3,5,121,2,30,3,6,9,1,5,11,3,2,2,1,2,15,45
7,8,0,33,6,0,0,0,0,0,0,11,4,0,0,3,5,121,2,27,3,5,9,4,7,12,5,3,2,2,2,16,0
-23,8,0,29,7,0,0,0,0,0,0,14,1,0,0,3,5,121,2,25,2,3,9,5,7,11,6,3,1,2,2,15,30
0,8,0,31,7,0,0,0,0,0,0,5,10,0,0,3,5,121,2,24,2,3,9,5,6,10,6,4,1,1,2,15,45
60,8,0,22,6,0,0,0,0,0,0,13,2,0,0,3,5,121,2,24,2,3,9,4,7,10,5,3,1,1,1,14,15
37,8,0,24,6,0,0,0,0,0,0,5,10,0,0,3,5,121,1,23,1,3,10,4,6,9,6,4,1,1,3,14,45
-23,8,0,26,5,0,0,0,0,0,0,3,12,0,0,3,5,121,1,23,1,3,10,3,5,8,5,3,0,1,2,15,0
-35,8,0,29,4,0,0,0,0,0,0,39,6,0,0,3,5,121,1,23,1,4,10,2,5,8,4,2,0,0,2,15,30
-66,8,2,33,4,0,0,0,0,0,0,20,25,0,0,3,5,121,0,22,1,5,9,3,5,8,5,2,0,0,2,16,0
-37,8,4,26,4,0,0,0,0,0,0,3,42,0,0,3,5,121,1,21,2,6,9,4,4,9,4,2,0,0,2,15,0
-3,8,4,23,3,0,0,0,0,0,0,14,1,0,0,3,5,121,0,21,3,6,9,3,4,8,4,3,0,0,2,14,30
-68,8,4,26,3,0,0,0,0,0,0,3,12,0,0,3,5,121,1,20,3,7,9,2,3,8,3,2,0,0,2,15,0
-1,8,4,21,2,0,0,1,0,0,0,8,7,0,0,3,5,121,2,19,4,6,10,1,3,8,2,2,0,0,1,13,30
10,4,1,17,5,0,0,1,0,0,0,3,12,0,0,3,5,121,1,15,2,3,7,3,5,12,6,5,0,0,1,12,45
17,4,2,16,6,0,0,1,0,0,0,28,2,0,0,3,5,121,1,13,0,2,7,3,6,12,7,4,0,0,2,12,30
3,4,2,19,6,0,0,0,0,0,0,20,10,0,0,3,5,121,1,13,0,4,8,3,5,11,6,4,0,0,1,13,0
22,3,2,14,5,0,0,0,0,0,0,14,1,0,0,3,5,121,0,13,2,5,10,3,7,12,6,4,0,0,1,12,15
-54,3,2,24,4,0,0,0,0,0,0,13,2,0,0,3,5,121,0,13,2,5,10,3,6,11,5,3,0,0,3,14,45
-16,3,2,17,5,0,0,0,0,0,0,4,11,0,0,3,5,121,2,11,3,4,11,4,7,10,4,2,0,0,1,12,45
-20,2,1,20,4,0,0,0,0,0,0,13,2,0,0,3,5,121,1,11,3,5,11,4,7,10,4,2,0,0,1,13,15
-1,2,1,14,5,0,0,0,0,0,0,4,11,0,0,3,5,121,2,9,1,4,9,5,6,10,4,2,0,0,1,12,15
18,2,1,9,4,0,0,0,0,0,0,4,11,0,0,3,5,121,2,9,1,5,9,4,5,9,3,2,0,0,1,11,0
18,1,0,13,4,0,0,0,0,0,0,16,14,0,0,3,5,121,0,8,1,5,8,3,6,10,5,4,0,0,2,11,45
-32,1,0,11,3,0,0,0,0,0,0,10,20,0,0,3,5,121,0,8,2,5,8,3,5,9,4,3,0,0,1,11,30
-20,1,0,11,2,0,0,0,0,0,0,9,21,0,0,3,5,121,0,8,2,5,8,2,4,8,3,3,0,0,1,11,30
34,1,0,5,3,0,0,0,0,0,0,0,15,0,0,3,5,121,2,6,3,6,6,3,3,8,2,2,0,0,2,10,15
-22,1,1,7,4,0,0,0,0,0,0,12,3,0,0,3,5,121,1,4,3,4,4,2,5,9,4,2,0,0,1,10,30
-27,1,1,10,3,0,0,1,0,0,0,3,12,0,0,3,5,121,2,3,3,3,3,1,5,8,3,2,0,0,2,11,15
-35,1,1,4,4,0,0,1,0,0,1,14,16,0,0,3,5,121,1,0,0,0,0,4,5,7,6,3,0,0,2,10,0
-3,1,1,2,3,0,0,1,0,0,1,12,18,0,0,3,5,121,1,0,0,0,0,3,4,6,5,3,0,0,1,9,45
-16,0,0,5,2,0,0,1,0,0,1,2,28,0,0,3,5,121,0,0,0,0,0,2,4,5,5,2,0,0,2,10,15
-25,0,0,7,1,0,0,1,0,0,1,0,7,0,0,3,5,121,0,0,0,0,0,2,4,4,4,2,0,0,1,10,30
8,0,0,0,1,0,0,1,0,0,0,0,31,0,1,3,5,121,0,0,0,0,0,3,3,3,3,1,0,0,1,9,0
-9,0,0,2,1,0,0,0,0,0,0,0,51,0,0,3,5,121,0,0,0,0,0,2,2,2,2,1,0,0,1,9,45
-2,0,0,1,0,0,0,0,0,0,0,0,58,0,0,3,5,121,0,0,0,0,0,1,1,1,1,0,0,0,2,9,30
12,26,2,41,4,0,0,0,0,0,1,13,2,1,0,2,4,120,2,37,1,5,7,2,3,8,4,0,3,2,1,17,0
-26,25,3,39,4,0,0,0,0,0,1,21,9,0,0,2,4,120,1,36,4,6,8,1,5,10,5,2,2,1,2,16,45
-11,24,3,39,5,0,0,2,0,0,1,3,12,0,0,2,4,120,2,32,2,2,5,4,6,11,7,2,2,0,2,16,45
2,24,3,41,4,0,0,2,0,0,1,23,7,1,0,2,4,120,1,32,2,2,7,5,6,10,7,2,2,1,1,17,0
32,24,3,37,4,0,0,3,0,0,0,16,14,0,0,2,4,120,2,31,1,2,6,4,7,9,6,2,2,1,1,16,15
-36,22,1,38,4,0,0,3,0,0,0,7,23,0,0,2,4,120,1,30,0,2,7,3,6,8,7,3,2,1,2,16,30
44,22,1,34,3,0,0,3,0,0,0,14,1,0,0,2,4,120,1,30,0,2,8,2,5,7,6,2,2,1,1,15,30
15,22,1,32,3,0,0,2,0,0,0,12,3,0,0,2,4,120,1,30,0,2,8,1,4,6,5,1,2,1,2,15,0
-1,21,1,34,3,0,0,1,0,0,0,11,19,0,0,2,4,120,0,30,2,3,13,3,5,9,5,0,1,1,1,15,30
55,21,1,30,4,0,0,0,0,0,0,4,26,0,0,2,4,120,1,29,1,4,12,2,4,8,4,0,1,0,2,14,45
-4,21,1,36,3,0,0,0,0,0,0,2,28,0,0,2,4,120,1,29,1,4,12,1,3,8,3,0,1,0,1,15,45
12,21,7,32,2,0,0,1,0,0,0,26,34,0,0,2,4,120,1,28,4,11,14,2,2,13,3,1,1,0,2,15,0
7,21,7,30,1,0,0,1,0,0,0,24,36,0,0,2,4,120,1,28,4,11,14,1,1,12,2,1,1,0,2,14,45
7,13,3,25,9,0,0,3,0,0,0,4,11,0,0,2,4,120,3,17,1,4,11,6,12,16,10,5,1,1,1,13,0
-6,13,3,29,8,0,0,3,0,0,0,3,12,0,0,2,4,120,3,17,1,4,11,5,11,15,9,4,1,1,2,14,15
35,13,3,25,8,0,0,2,0,0,0,3,12,0,0,2,4,120,3,17,1,4,12,4,10,14,8,3,1,1,1,13,0
14,12,2,25,7,0,0,2,0,0,0,0,15,0,0,2,4,120,2,17,1,4,12,4,9,13,8,3,0,1,1,13,0
0,12,3,23,7,0,0,1,0,0,0,2,13,0,0,2,4,120,2,17,3,5,12,5,10,17,7,3,0,0,3,12,45
-24,11,2,28,6,0,0,1,0,0,1,11,4,0,0,2,4,120,1,16,2,5,12,6,10,16,8,3,0,0,1,13,15
17,11,3,19,5,0,0,1,0,0,1,1,14,0,0,2,4,120,1,16,3,6,13,6,9,15,7,3,0,0,2,12,15
-2,11,5,19,5,0,0,1,0,0,1,13,2,0,0,2,4,120,1,15,2,6,12,7,8,14,7,4,0,0,2,12,15
67,11,5,16,5,0,0,1,0,0,1,10,5,0,0,2,4,120,2,14,2,6,12,6,7,13,6,3,0,0,1,11,45
27,11,6,16,5,0,0,1,0,0,0,0,15,0,0,2,4,120,1,14,2,7,12,6,7,14,6,3,0,0,1,11,45
30,11,6,21,4,0,0,1,0,0,0,14,1,0,0,2,4,120,1,14,2,7,12,5,6,13,5,3,0,0,2,12,30
29,10,5,23,4,0,0,1,0,0,0,6,9,0,0,2,4,120,1,13,2,7,11,4,5,12,5,4,0,0,3,12,45
64,10,7,14,3,0,0,1,0,0,0,14,1,0,0,2,4,120,1,13,4,8,12,3,4,11,4,3,0,0,2,11,30
-9,10,7,18,2,0,0,1,0,0,0,13,2,0,0,2,4,120,1,13,4,8,13,2,3,10,3,2,0,0,2,12,0
-31,9,7,21,2,0,1,0,0,0,0,2,13,0,0,2,4,120,1,12,4,7,12,2,7,9,3,2,0,0,2,12,30
43,5,4,12,3,0,2,1,0,0,0,2,13,0,0,2,4,120,0,8,3,6,8,6,7,12,7,5,0,0,1,11,0
28,3,3,9,5,0,2,1,0,0,0,13,2,0,0,2,4,120,1,5,2,5,5,5,7,11,8,6,0,0,1,10,30
-41,3,3,14,5,0,1,1,0,0,0,11,4,0,0,2,4,120,1,5,2,5,5,4,6,10,7,5,0,0,2,11,30
11,3,3,13,4,0,1,1,0,0,0,8,7,0,0,2,4,120,1,5,3,5,5,3,5,9,6,4,0,0,2,11,15
7,3,3,11,4,0,1,0,0,0,0,7,8,0,0,2,4,120,1,5,3,5,5,2,4,8,5,4,0,0,1,10,45
53,3,3,7,4,0,0,0,0,0,0,4,11,0,0,2,4,120,1,5,3,5,5,1,3,7,4,3,0,0,2,10,15
17,1,1,5,6,0,0,0,0,0,0,2,13,0,0,2,4,120,2,2,2,2,2,2,6,9,5,3,0,0,2,10,0
89,1,1,1,5,0,0,0,0,0,0,2,13,0,0,2,4,120,2,2,2,2,2,1,5,8,4,3,0,0,2,9,30
3,0,0,9,5,0,0,0,0,0,1,0,7,0,0,2,4,120,0,0,0,0,0,4,7,7,7,6,0,0,1,10,30
-24,0,0,3,5,0,0,0,0,0,0,0,10,0,0,2,4,120,0,0,0,0,0,3,6,6,6,5,0,0,2,9,45
-3,0,0,0,4,0,0,0,0,0,0,0,19,0,1,2,4,120,0,0,0,0,0,2,5,5,5,4,0,0,2,9,15
15,0,0,7,3,0,0,0,0,0,0,0,24,0,0,2,4,120,0,0,0,0,0,1,4,4,4,4,0,0,2,10,15
2,0,0,5,2,0,0,0,0,0,0,0,57,0,0,2,4,120,0,0,0,0,0,3,3,3,3,3,0,0,2,10,0
-4,0,0,3,1,0,0,0,0,0,0,0,58,0,0,2,4,120,0,0,0,0,0,2,2,2,2,2,0,0,2,9,45
4,0,0,1,0,0,0,0,0,0,0,0,65,0,0,2,4,120,0,0,0,0,0,1,1,1,1,1,0,0,2,9,30
34,25,2,41,5,0,0,1,0,0,0,16,14,0,0,6,4,117,0,37,1,3,7,4,6,11,7,3,2,1,1,16,45
46,24,1,43,6,0,0,0,0,0,0,28,2,1,0,6,4,117,0,36,2,3,9,4,5,10,7,4,2,0,1,17,0
31,24,1,39,5,0,0,0,0,0,0,27,3,0,0,6,4,117,0,36,2,3,9,3,4,9,6,3,2,0,2,16,30
-10,24,2,39,4,0,0,0,0,0,0,20,10,0,0,6,4,117,0,36,2,3,9,3,4,8,5,2,2,0,2,16,30
-10,24,2,41,4,0,0,0,0,0,0,11,19,0,0,6,4,117,1,35,2,3,9,2,5,8,4,2,2,0,1,16,45
1,23,2,37,4,0,0,0,0,0,0,23,7,0,0,6,4,117,1,34,1,4,11,1,6,7,4,2,2,0,2,16,0
53,22,2,37,3,0,0,0,0,0,1,6,9,0,0,6,4,117,0,33,3,6,11,5,5,7,5,2,2,0,2,16,0
161,22,2,31,2,0,0,0,0,0,1,2,13,0,0,6,4,117,0,33,3,6,11,4,5,6,4,1,2,0,2,14,45
27,22,3,33,2,0,0,0,0,0,1,13,2,0,0,6,4,117,1,32,3,5,12,3,4,5,3,1,2,0,2,15,0
26,22,4,30,2,0,0,0,0,0,0,6,9,0,0,6,4,117,1,32,3,6,12,2,3,5,2,1,2,0,2,14,30
-11,22,4,35,2,0,0,0,0,0,0,1,14,0,0,6,4,117,1,31,3,6,11,1,2,4,2,2,2,0,2,15,30
10,20,5,29,3,0,0,1,1,0,0,19,26,0,0,6,4,117,2,27,4,5,10,2,2,9,4,2,2,1,1,14,15
-56,17,3,35,6,0,0,1,1,0,0,8,7,0,0,6,4,117,2,23,1,4,10,1,4,11,7,4,1,1,2,15,30
46,15,2,25,8,0,0,2,0,0,0,11,4,0,0,6,4,117,2,20,1,5,13,3,9,13,9,5,1,0,1,13,0
45,15,4,28,8,0,0,2,0,0,0,14,1,0,0,6,4,117,2,19,0,6,14,3,9,14,9,5,1,0,1,13,30
-56,14,4,33,7,0,0,2,0,0,0,12,3,0,0,6,4,117,1,19,0,6,14,2,8,13,9,5,1,0,2,15,0
-72,14,7,31,6,0,0,2,0,0,0,0,15,0,0,6,4,117,0,19,6,10,17,7,8,16,9,5,1,0,2,14,45
24,14,8,21,6,0,0,1,0,0,0,12,3,0,0,6,4,117,0,19,6,12,17,6,8,15,8,4,1,0,2,12,30
-8,14,8,23,5,0,0,1,1,0,0,11,4,0,0,6,4,117,1,18,5,11,16,5,7,14,7,3,1,0,2,12,45
44,14,8,23,5,0,0,1,1,0,0,9,6,0,0,6,4,117,2,17,4,10,15,4,6,13,6,3,1,0,2,12,45
27,14,9,27,5,0,0,0,1,0,0,4,11,0,0,6,4,117,2,17,6,10,15,4,5,12,5,2,1,0,1,13,15
-9,14,9,25,4,0,0,0,1,0,0,2,13,0,0,6,4,117,2,17,6,10,15,3,5,12,4,2,1,0,1,13,0
13,12,8,19,5,0,0,0,1,0,0,5,10,0,0,6,4,117,1,15,6,10,13,2,5,12,6,4,1,0,2,12,15
7,10,6,16,7,0,1,0,1,0,0,4,11,0,0,6,4,117,2,11,4,7,11,2,6,12,8,4,1,0,1,11,30
-34,6,3,18,10,0,0,0,1,0,1,12,3,0,0,6,4,117,2,7,3,5,7,4,8,14,11,4,1,0,2,12,0
-1,5,4,19,9,0,0,0,1,0,1,3,12,0,0,6,4,117,1,7,3,5,7,4,8,14,11,5,1,0,2,12,15
46,4,3,12,9,1,0,0,0,0,2,5,10,0,0,6,4,117,2,5,2,3,5,5,8,16,11,4,1,0,2,11,0
19,4,3,14,8,1,0,0,0,0,2,4,11,0,0,6,4,117,2,5,2,3,5,4,7,16,10,3,1,0,1,11,15
58,4,3,9,7,1,0,1,0,0,2,6,9,0,0,6,4,117,2,4,2,4,4,4,7,16,10,4,1,0,1,10,30
94,3,3,4,6,1,0,1,0,0,2,7,8,0,0,6,4,117,0,4,2,4,4,5,7,15,11,6,1,0,1,9,45
166,3,3,9,6,1,0,1,0,0,2,6,9,0,0,6,4,117,1,3,1,3,3,4,6,14,10,6,1,0,1,10,30
60,3,3,6,5,1,0,1,0,0,2,3,12,0,0,6,4,117,1,3,1,3,3,3,5,13,9,6,1,0,2,10,0
-48,1,1,14,5,1,0,1,0,0,2,3,12,0,0,6,4,117,0,2,2,2,2,3,7,12,10,7,1,1,1,11,15
20,1,1,2,5,1,0,1,0,0,1,13,2,0,0,6,4,117,0,2,2,2,2,3,7,11,9,6,1,1,2,9,30
-44,1,1,21,5,1,1,1,0,0,1,11,4,0,0,6,4,117,2,0,0,0,0,5,10,10,8,5,1,1,2,12,30
63,0,0,1,5,0,1,1,0,0,1,1,14,0,0,6,4,117,0,0,0,0,0,4,9,9,9,5,1,1,2,9,15
-82,0,0,11,5,0,0,1,0,0,1,0,1,0,0,6,4,117,0,0,0,0,0,8,8,8,8,4,0,1,2,10,45
10,0,0,12,4,0,0,1,0,0,1,0,1,0,0,6,4,117,0,0,0,0,0,7,7,7,7,4,0,0,2,11,0
80,0,0,2,3,0,0,1,0,0,1,0,4,0,0,6,4,117,0,0,0,0,0,6,6,6,6,4,0,0,2,9,30
50,0,0,7,2,0,0,1,0,0,1,0,16,0,0,6,4,117,0,0,0,0,0,5,5,5,5,3,0,0,2,10,15
27,0,0,7,2,0,0,1,0,0,0,0,21,0,0,6,4,117,0,0,0,0,0,4,4,4,4,3,0,0,2,10,15
18,0,0,0,1,0,0,1,0,0,0,0,23,0,1,6,4,117,0,0,0,0,0,3,3,3,3,3,0,0,1,9,0
6,0,0,4,0,0,0,1,0,0,0,0,26,0,0,6,4,117,0,0,0,0,0,2,2,2,2,2,0,0,1,9,45
-87,0,0,17,0,0,0,0,0,0,0,0,27,0,0,6,4,117,0,0,0,0,0,1,1,1,1,1,0,0,1,11,45
60,37,3,48,0,0,1,0,0,0,0,4,0,0,0,5,4,116,0,49,3,5,10,1,2,6,2,0,3,1,1,17,0
8,35,3,50,1,0,0,1,0,0,1,10,5,1,0,5,4,116,1,46,2,5,10,3,5,8,3,0,3,0,1,17,30
101,34,4,38,2,0,0,1,0,0,1,28,2,0,0,5,4,116,1,44,2,5,11,4,6,11,4,1,3,2,2,15,15
23,34,4,45,2,0,0,1,0,0,0,28,2,0,0,5,4,116,1,44,2,5,11,3,5,10,3,1,3,2,2,16,45
6,33,3,43,3,0,0,1,0,0,0,13,17,0,0,5,4,116,2,42,2,6,10,2,5,11,3,1,3,3,3,16,30
-19,33,3,48,3,0,0,0,0,0,0,6,24,0,0,5,4,116,1,42,3,6,10,1,4,10,3,1,3,3,1,17,0
55,31,3,40,4,0,0,0,0,0,1,3,27,0,0,5,4,116,2,39,3,4,9,3,6,10,4,2,2,3,1,15,30
-32,31,3,45,3,0,0,0,0,0,1,1,29,0,0,5,4,116,2,39,3,5,9,2,6,9,3,2,1,2,2,16,45
49,30,3,36,5,0,0,0,0,0,0,2,13,0,0,5,4,116,2,37,1,4,8,2,7,8,4,2,0,1,2,15,0
31,28,1,36,5,0,0,0,0,0,0,9,6,0,0,5,4,116,0,36,3,4,11,4,6,9,6,3,0,0,2,15,0
-13,28,1,40,5,0,0,0,0,0,0,14,1,0,0,5,4,116,1,35,3,4,13,5,5,8,5,3,0,0,1,15,30
1,28,1,42,4,0,0,0,0,0,0,8,7,0,0,5,4,116,1,35,3,4,13,4,5,8,4,3,0,0,2,16,0
-69,28,2,43,4,0,0,0,0,0,0,3,12,0,0,5,4,116,2,34,2,4,14,3,4,7,3,2,0,0,3,16,30
17,27,1,34,3,0,0,0,0,0,0,7,8,0,0,5,4,116,1,33,1,4,15,2,3,7,4,2,0,0,2,14,45
32,27,2,33,2,0,0,0,0,0,0,3,12,0,0,5,4,116,1,33,2,4,15,1,2,6,3,2,0,0,2,14,30
-30,27,7,32,4,0,0,0,0,0,0,9,36,0,0,5,4,116,1,31,4,9,16,2,4,12,4,2,0,0,1,14,15
-17,24,7,34,5,0,0,1,0,0,0,0,15,0,0,5,4,116,1,28,6,10,17,2,4,12,6,2,0,0,2,14,45
54,22,6,31,7,0,0,1,0,0,0,2,13,0,0,5,4,116,2,25,5,8,16,3,7,15,7,2,0,0,1,13,30
2,21,7,30,8,0,0,2,0,0,0,14,1,0,0,5,4,116,3,22,4,6,15,2,9,18,8,3,0,0,1,13,15
37,19,5,26,9,0,0,2,0,0,0,2,13,0,0,5,4,116,3,20,3,6,14,5,9,18,9,5,0,0,1,12,30
111,17,6,19,10,0,0,2,0,0,0,8,7,0,0,5,4,116,2,18,3,8,14,7,10,21,11,6,0,0,2,11,45
28,17,6,23,9,0,0,2,0,0,0,6,9,0,0,5,4,116,2,18,4,8,15,6,11,20,10,6,0,0,1,12,15
-170,17,7,45,8,0,0,2,0,0,0,4,11,0,0,5,4,116,2,18,4,8,15,5,10,19,9,5,0,0,2,16,45
19,17,7,28,8,0,0,1,0,0,0,4,11,0,0,5,4,116,2,18,4,8,15,4,9,18,8,4,0,0,1,13,0
12,16,7,23,7,0,0,2,0,0,1,9,6,0,0,5,4,116,3,16,3,8,13,4,10,17,8,5,0,0,1,12,15
22,15,6,27,6,0,0,2,0,0,1,7,8,0,0,5,4,116,2,16,4,8,15,3,10,16,8,4,0,0,2,12,45
-4,14,7,28,5,0,0,2,0,0,1,6,9,0,0,5,4,116,1,16,4,8,15,2,9,15,8,4,0,0,1,13,0
24,14,9,21,5,0,1,2,0,0,1,4,11,0,0,5,4,116,3,14,4,8,14,5,10,17,7,3,0,0,3,12,0
54,12,8,13,7,0,1,2,0,0,1,14,1,0,0,5,4,116,3,11,3,7,11,8,13,20,9,4,0,0,2,11,0
14,11,7,15,7,0,1,2,0,0,1,9,6,0,0,5,4,116,3,10,4,6,10,8,12,19,9,4,0,0,2,11,15
2,11,8,21,6,0,1,2,0,0,1,7,8,0,0,5,4,116,3,10,4,6,10,7,11,18,8,3,0,0,3,12,0
97,11,8,13,5,0,1,2,0,0,1,7,8,0,0,5,4,116,3,10,4,7,10,6,10,17,7,2,0,0,2,11,0
6,10,7,19,5,0,1,1,1,0,1,1,14,0,0,5,4,116,3,9,3,6,9,5,9,16,7,2,0,0,2,11,45
-12,9,6,17,5,0,1,1,1,0,1,14,1,0,0,5,4,116,3,8,2,5,8,4,8,15,7,2,0,0,2,11,30
30,9,7,10,5,0,0,1,1,0,1,9,6,0,0,5,4,116,3,8,2,5,8,3,7,14,6,2,0,0,1,10,30
81,7,5,17,4,0,0,1,1,0,1,5,10,0,0,5,4,116,1,8,3,7,8,5,6,13,7,2,0,0,2,11,30
-185,7,7,38,3,0,1,1,1,0,2,11,4,0,0,5,4,116,2,6,2,5,6,5,7,13,7,3,0,0,2,15,15
-94,5,5,23,3,0,1,0,1,0,2,9,6,0,0,5,4,116,0,6,4,6,6,4,9,13,8,3,0,0,1,12,15
58,5,5,8,3,0,1,0,1,0,1,7,8,0,0,5,4,116,0,6,5,6,6,3,9,12,7,2,0,0,2,10,15
14,5,5,15,3,0,1,0,1,0,1,6,9,0,0,5,4,116,1,5,4,5,5,2,8,11,6,2,0,0,2,11,15
4,5,5,10,3,0,1,0,1,0,0,4,11,0,0,5,4,116,1,5,4,5,5,1,7,10,5,1,0,0,1,10,30
111,1,1,0,5,0,1,1,1,0,0,0,15,0,1,5,4,116,1,1,1,1,1,7,8,10,8,3,0,0,1,9,0
20,0,0,8,5,0,0,1,1,0,0,12,3,0,0,5,4,116,0,1,1,1,1,6,7,9,8,3,0,0,2,10,15
19,0,0,12,5,0,0,1,1,0,0,8,7,0,0,5,4,116,1,0,0,0,0,5,6,8,7,3,0,0,2,10,45
17,0,0,2,5,0,0,0,1,0,0,12,3,0,0,5,4,116,0,0,0,0,0,4,5,7,7,2,0,0,2,9,30
52,0,0,6,5,0,0,0,0,0,0,11,4,0,0,5,4,116,0,0,0,0,0,3,4,6,6,1,0,0,2,10,0
29,0,0,4,4,0,0,0,0,0,0,8,7,0,0,5,4,116,0,0,0,0,0,2,4,5,5,1,0,0,2,9,45
-14,0,0,4,3,0,0,0,0,0,0,4,11,0,0,5,4,116,0,0,0,0,0,1,3,4,4,0,0,0,2,9,45
8,0,0,6,2,0,0,0,0,0,0,0,13,0,0,5,4,116,0,0,0,0,0,2,3,3,3,0,0,0,2,10,0
24,0,0,2,1,0,0,0,0,0,0,0,36,0,0,5,4,116,0,0,0,0,0,2,2,2,2,0,0,0,2,9,30
27,0,0,1,0,0,0,0,0,0,0,0,55,0,0,5,4,116,0,0,0,0,0,1,1,1,1,0,0,0,2,9,15
61,35,5,45,0,0,0,0,0,0,1,6,0,0,0,4,4,115,1,47,4,6,12,2,3,7,1,1,6,1,1,17,0
-2,33,4,48,1,0,0,1,0,0,1,12,3,1,0,4,4,115,1,44,3,5,11,2,5,8,3,2,5,2,1,17,15
17,31,2,44,1,0,0,1,0,0,1,5,10,0,0,4,4,115,0,43,4,6,12,4,4,10,4,3,5,1,3,16,45
62,30,1,37,3,0,0,2,0,0,0,3,12,0,0,4,4,115,2,40,3,5,11,3,4,10,4,3,4,1,2,15,45
42,30,2,41,3,0,1,1,0,0,0,13,2,0,0,4,4,115,2,39,2,4,11,2,4,10,4,3,4,0,2,16,15
28,30,2,39,2,0,1,1,0,0,0,9,6,0,0,4,4,115,2,39,2,4,12,1,4,9,3,2,4,1,1,16,0
5,29,3,42,2,0,1,3,0,0,0,14,1,0,0,4,4,115,1,36,3,6,12,3,6,10,6,4,4,3,1,16,30
-12,28,4,42,1,0,1,4,0,0,0,0,15,0,0,4,4,115,1,35,4,7,12,4,6,11,6,3,4,3,1,16,30
31,28,4,36,1,0,0,4,0,0,0,12,3,0,0,4,4,115,1,35,4,7,13,3,6,12,5,3,3,3,2,15,30
-54,27,5,45,2,0,0,5,1,0,0,3,12,0,0,4,4,115,2,31,2,5,11,4,5,13,7,3,2,2,1,17,0
-16,26,4,39,2,0,0,4,1,0,0,0,15,0,0,4,4,115,1,31,3,5,11,3,4,13,7,3,1,1,1,16,0
-9,26,5,37,1,0,0,4,1,0,0,11,4,0,0,4,4,115,1,31,3,5,11,3,4,12,6,3,1,0,2,15,45
-5,25,6,34,1,0,0,4,1,0,1,8,7,0,0,4,4,115,2,29,2,6,10,2,6,11,6,2,1,0,1,15,0
1,24,5,35,1,0,0,3,2,0,1,44,1,0,0,4,4,115,1,28,2,5,9,2,5,11,7,4,1,0,1,15,15
-29,22,6,33,2,0,0,3,2,0,1,15,30,0,0,4,4,115,1,26,3,6,12,4,9,12,8,5,1,0,1,14,45
32,21,5,31,3,0,1,3,1,0,1,4,41,0,0,4,4,115,2,24,2,4,10,6,8,12,8,4,1,0,1,14,15
26,20,4,32,3,0,1,2,1,0,1,12,3,0,0,4,4,115,1,24,3,4,11,6,7,12,8,3,1,0,1,14,30
-112,19,3,45,3,0,1,1,1,0,1,11,4,0,0,4,4,115,0,24,3,5,11,5,6,11,8,3,1,0,1,17,0
67,19,5,28,4,0,1,1,1,0,0,14,1,0,0,4,4,115,1,23,3,4,11,5,6,13,7,3,1,0,1,13,15
85,19,5,26,5,0,1,0,1,0,0,13,2,0,0,4,4,115,2,22,2,3,10,4,5,14,6,2,1,0,2,13,0
51,18,4,26,5,0,1,0,0,0,0,4,11,0,0,4,4,115,1,22,2,5,10,3,4,13,6,2,1,0,2,13,0
30,17,4,30,5,0,1,0,0,0,0,13,2,0,0,4,4,115,1,21,1,4,12,2,5,14,6,3,1,0,1,13,30
42,16,4,24,5,0,0,1,0,0,0,1,14,0,0,4,4,115,1,20,1,6,11,2,4,13,6,2,1,0,2,12,45
42,14,3,24,5,0,0,1,0,0,0,3,12,0,0,4,4,115,0,19,5,6,14,3,6,14,7,1,1,0,2,12,45
64,13,3,18,6,0,0,1,0,0,0,3,12,0,0,4,4,115,1,17,3,5,13,3,9,15,7,1,1,0,2,12,0
34,13,3,22,5,0,0,1,0,0,0,3,12,0,0,4,4,115,1,17,3,5,13,2,8,15,6,0,1,0,2,12,30
22,12,5,18,5,0,2,1,0,0,0,13,2,0,0,4,4,115,2,14,2,6,11,6,9,14,7,1,1,0,2,12,0
6,12,7,20,5,0,2,1,0,0,0,1,14,0,0,4,4,115,2,13,1,7,11,6,9,14,7,2,1,0,2,12,15
19,11,7,15,4,0,2,1,0,0,0,4,11,0,0,4,4,115,1,13,4,8,12,7,9,15,7,2,1,1,1,11,30
29,11,7,28,3,0,2,1,0,0,0,2,13,0,0,4,4,115,1,13,4,8,12,6,8,14,6,1,1,1,1,13,15
-8,10,6,17,4,0,1,1,0,0,0,1,14,0,0,4,4,115,1,12,4,7,11,5,7,13,6,2,1,1,2,11,45
34,10,7,15,3,0,1,1,0,0,0,13,2,0,0,4,4,115,1,12,4,8,11,4,6,12,5,1,1,1,1,11,30
24,10,7,22,2,0,1,1,0,0,0,13,2,0,0,4,4,115,1,12,4,8,11,3,5,11,4,1,1,1,2,12,30
27,9,7,13,3,0,0,1,0,0,0,0,15,0,0,4,4,115,1,11,5,7,11,3,7,11,4,1,1,1,1,11,0
-18,9,7,20,2,0,0,1,0,0,1,0,15,0,0,4,4,115,2,10,4,6,10,2,6,10,3,1,1,1,2,12,15
6,5,4,11,5,0,0,2,0,0,0,2,13,0,0,4,4,115,2,6,2,4,6,5,6,14,6,4,1,1,1,10,45
2,5,4,14,5,0,0,1,0,0,0,11,4,0,0,4,4,115,2,6,3,4,6,4,6,13,5,3,0,1,2,11,15
18,3,3,11,5,0,0,2,0,0,0,10,5,0,0,4,4,115,2,4,2,4,4,4,6,12,6,2,0,0,1,10,45
10,3,3,7,4,0,0,2,0,0,0,9,6,0,0,4,4,115,2,4,2,4,4,3,5,11,5,2,0,0,2,10,15
38,2,2,7,3,0,0,2,0,0,0,3,12,0,0,4,4,115,1,4,2,4,4,2,5,10,5,3,0,0,2,10,15
29,2,2,3,2,0,1,2,1,0,0,10,5,0,0,4,4,115,2,2,2,2,2,3,9,9,5,3,0,0,2,9,45
4,1,1,9,1,0,1,2,1,0,0,0,15,0,0,4,4,115,1,2,2,2,2,3,8,8,5,3,0,0,2,10,30
8,1,1,9,1,0,1,1,1,0,0,10,5,0,0,4,4,115,0,2,2,2,2,4,7,7,5,3,0,0,2,10,30
-12,0,0,5,2,0,1,0,1,0,1,5,10,0,0,4,4,115,1,0,0,0,0,6,6,6,5,3,0,0,2,10,0
1,0,0,1,1,0,1,0,1,0,1,0,4,0,0,4,4,115,0,0,0,0,0,5,5,5,5,2,0,0,1,9,15
32,0,0,0,1,0,1,0,0,0,1,0,4,0,1,4,4,115,0,0,0,0,0,4,4,4,4,1,0,0,1,9,0
-42,0,0,3,1,0,1,0,0,0,0,0,9,0,0,4,4,115,0,0,0,0,0,3,3,3,3,1,0,0,2,9,45
37,0,0,2,0,0,1,0,0,0,0,0,10,0,0,4,4,115,0,0,0,0,0,2,2,2,2,1,0,0,2,9,30
-33,0,0,5,0,0,0,0,0,0,0,0,19,0,0,4,4,115,0,0,0,0,0,1,1,1,1,0,0,0,2,10,0
0,32,2,43,0,0,0,0,0,0,0,24,21,1,0,3,4,114,0,43,3,5,10,1,1,5,1,1,3,0,1,17,30
16,30,2,40,3,0,1,0,0,0,0,5,25,0,0,3,4,114,1,38,2,5,11,2,4,9,4,2,3,0,1,16,30
-14,30,4,42,4,0,1,0,0,0,0,12,18,0,0,3,4,114,2,36,2,6,11,3,4,10,4,2,3,1,1,16,45
-5,29,3,39,4,0,0,0,0,0,0,9,6,0,0,3,4,114,1,36,5,7,13,2,6,10,4,1,3,2,2,16,0
-6,29,3,40,5,0,0,0,0,0,0,2,13,0,0,3,4,114,3,34,4,6,12,2,5,10,3,0,3,2,1,16,30
42,26,2,38,6,0,1,0,0,0,0,6,9,0,0,3,4,114,2,31,3,6,10,4,7,9,6,2,2,2,1,15,30
47,26,2,30,6,0,1,0,0,0,0,8,7,0,0,3,4,114,2,30,3,5,10,4,6,11,6,3,2,1,1,14,15
6,26,2,32,6,0,0,0,0,0,0,7,8,0,0,3,4,114,2,30,3,5,10,3,5,10,5,3,1,1,2,14,45
13,26,3,35,5,0,0,0,0,0,0,4,11,0,0,3,4,114,2,30,3,5,11,2,4,9,4,2,1,0,1,15,0
57,26,4,31,4,0,0,2,0,0,0,1,14,0,0,3,4,114,3,28,3,6,10,3,5,10,4,2,1,0,3,14,30
-2,24,4,35,3,0,1,3,0,0,0,28,17,0,0,3,4,114,3,26,3,5,12,2,4,10,5,2,1,0,1,15,0
-36,24,4,37,3,0,1,3,0,0,0,25,20,0,0,3,4,114,4,25,2,4,11,1,3,10,4,1,1,0,1,15,15
-60,22,2,32,5,0,0,3,0,0,0,10,5,0,0,3,4,114,3,23,2,4,14,2,7,10,6,0,1,1,2,14,45
78,22,3,23,5,0,0,2,0,0,0,8,7,0,0,3,4,114,3,23,2,4,14,1,6,9,5,0,1,1,2,12,45
32,20,5,25,5,0,0,2,1,0,0,4,11,0,0,3,4,114,3,21,2,7,16,5,7,12,6,1,1,1,2,13,0
46,20,6,27,5,0,0,1,1,0,0,14,1,0,0,3,4,114,3,21,4,9,16,4,6,12,5,1,0,1,1,13,15
-21,20,6,32,4,0,0,1,1,0,0,13,2,0,0,3,4,114,3,21,4,9,16,4,5,13,4,1,0,0,2,14,45
30,20,7,21,4,0,0,2,1,0,0,4,11,0,0,3,4,114,5,19,3,8,15,3,5,12,3,1,0,0,2,12,30
6,20,8,25,3,0,0,2,1,0,0,11,4,0,0,3,4,114,5,19,5,10,16,3,4,11,2,1,0,0,2,13,0
7,18,8,29,3,0,1,2,1,0,0,14,1,0,0,3,4,114,3,17,5,8,14,2,4,11,5,2,0,0,1,13,30
-24,16,7,23,4,0,2,2,1,0,0,12,3,0,0,3,4,114,3,14,4,8,13,2,6,13,7,2,0,0,2,12,45
-21,14,7,21,6,0,1,2,1,0,0,9,6,0,0,3,4,114,3,12,4,8,11,3,8,13,8,3,0,0,2,12,30
0,12,8,19,7,0,1,3,1,0,0,7,8,0,0,3,4,114,3,9,3,6,9,4,7,12,10,5,0,0,2,12,15
34,10,6,15,7,0,1,3,1,0,0,11,4,0,0,3,4,114,2,8,4,5,8,6,7,12,11,7,0,0,1,11,30
36,10,7,14,8,0,0,3,1,0,0,3,12,0,0,3,4,114,3,7,3,5,7,5,8,15,10,7,0,0,2,11,15
-20,9,7,17,8,0,0,2,1,0,0,27,3,0,0,3,4,114,2,7,4,6,7,4,8,15,10,7,0,0,1,11,45
37,8,7,13,9,0,0,2,1,0,0,18,12,0,0,3,4,114,3,5,2,4,5,3,7,16,10,7,0,0,1,11,0
6,7,6,18,9,0,0,1,1,0,0,14,16,0,0,3,4,114,2,5,2,4,5,3,7,15,10,6,0,0,2,12,0
17,7,6,15,8,0,0,1,1,0,0,14,16,0,0,3,4,114,2,5,2,4,5,2,6,14,9,6,0,0,1,11,30
9,4,4,19,10,0,0,0,1,0,0,3,12,0,0,3,4,114,1,3,2,3,3,4,5,15,11,6,0,0,2,12,15
46,4,4,7,9,0,0,0,1,0,0,7,8,0,0,3,4,114,1,3,3,3,3,4,8,14,10,5,0,0,2,10,0
-50,4,4,27,9,0,0,0,0,0,0,7,8,0,0,3,4,114,1,3,3,3,3,3,7,13,9,5,0,0,1,13,15
45,2,2,12,9,0,0,0,0,0,0,14,1,0,0,3,4,114,0,2,2,2,2,2,7,12,10,6,0,0,1,10,30
42,1,1,5,9,0,0,0,0,0,0,14,1,0,0,3,4,114,0,1,1,1,1,1,9,11,10,6,0,0,3,9,45
59,0,0,10,8,0,0,0,0,0,1,13,2,0,0,3,4,114,0,0,0,0,0,8,10,10,10,5,0,0,1,10,15
43,0,0,10,7,0,0,0,0,0,1,10,5,0,0,3,4,114,0,0,0,0,0,7,9,9,9,4,0,0,1,10,15
66,0,0,3,6,0,0,0,0,0,1,10,5,0,0,3,4,114,0,0,0,0,0,6,8,8,8,4,0,0,2,9,30
50,0,0,2,5,0,0,0,0,0,1,8,7,0,0,3,4,114,0,0,0,0,0,6,7,7,7,4,0,0,2,9,15
51,0,0,7,4,0,0,0,0,0,1,4,11,0,0,3,4,114,0,0,0,0,0,5,6,6,6,3,0,0,2,10,0
61,0,0,0,3,0,0,0,0,0,1,0,1,0,1,3,4,114,0,0,0,0,0,5,5,5,5,2,0,0,1,9,0
92,0,0,7,2,0,0,0,0,0,1,0,4,0,0,3,4,114,0,0,0,0,0,4,4,4,4,1,0,0,2,10,0
31,0,0,0,2,0,0,0,0,0,0,0,7,0,1,3,4,114,0,0,0,0,0,3,3,3,3,1,0,0,1,9,0
44,0,0,5,1,0,0,0,0,0,0,0,20,0,0,3,4,114,0,0,0,0,0,2,2,2,2,1,0,0,3,9,45
23,0,0,3,0,0,0,0,0,0,0,0,30,0,0,3,4,114,0,0,0,0,0,1,1,1,1,1,0,0,2,9,30
2,37,4,48,2,0,0,0,0,0,0,14,1,1,0,2,4,113,2,46,1,3,11,1,2,7,1,0,6,1,2,17,45
14,34,3,46,1,0,0,0,2,0,0,0,15,0,0,2,4,113,1,44,3,8,13,2,5,11,3,2,5,2,1,17,15
6,33,3,45,3,0,0,0,1,0,0,5,10,0,0,2,4,113,2,42,4,9,13,4,6,14,3,2,5,3,1,17,0
17,33,4,41,4,0,0,0,0,0,1,25,5,0,0,2,4,113,2,40,5,7,11,3,5,13,4,2,5,3,2,16,30
13,33,4,47,3,0,0,0,0,0,1,24,6,0,0,2,4,113,2,40,5,7,11,2,4,12,3,1,5,3,1,17,30
-11,33,5,43,2,0,0,0,0,0,1,18,12,0,0,2,4,113,2,40,5,8,11,2,4,11,2,1,4,4,1,16,45
17,30,3,39,4,0,1,2,0,0,0,6,9,0,0,2,4,113,3,35,3,4,9,2,6,11,5,5,3,3,2,16,0
124,30,4,29,4,0,0,3,0,0,0,6,9,0,0,2,4,113,4,33,2,5,10,3,9,11,4,4,2,2,1,14,0
4,28,2,36,5,0,0,3,0,0,0,4,11,0,0,2,4,113,2,32,1,3,12,5,8,13,7,6,1,1,2,15,30
-12,28,2,43,4,0,0,3,0,0,0,2,13,0,0,2,4,113,2,32,1,4,12,5,7,12,6,6,1,0,1,16,45
-14,28,3,37,5,0,0,2,0,0,0,3,12,0,0,2,4,113,2,31,2,4,11,6,7,11,6,5,1,0,2,15,45
22,27,2,33,4,0,0,2,0,0,0,2,13,0,0,2,4,113,1,31,2,4,12,5,6,10,6,4,1,0,1,15,0
-13,27,4,41,3,0,0,2,0,0,0,5,10,0,0,2,4,113,1,31,2,5,13,4,5,9,5,3,1,0,2,16,30
2,26,3,33,2,0,0,2,0,0,0,3,12,0,0,2,4,113,0,31,2,6,14,3,5,8,5,3,1,0,1,15,0
41,26,3,35,1,0,0,3,0,0,0,12,3,0,0,2,4,113,1,30,3,5,13,3,4,7,4,3,1,0,1,15,15
-41,26,4,39,1,0,0,2,0,0,0,8,7,0,0,2,4,113,1,30,3,6,13,2,3,6,3,2,1,0,2,16,0
18,25,7,31,2,0,0,2,0,0,1,1,14,0,0,2,4,113,2,27,2,7,13,2,5,6,4,2,1,0,1,14,30
-39,23,8,37,3,0,0,1,0,0,1,20,10,0,0,2,4,113,1,26,5,8,14,4,4,10,5,3,1,0,2,15,45
22,21,7,28,4,0,2,1,0,0,0,0,30,0,0,2,4,113,2,23,4,8,13,3,3,10,6,5,1,0,1,13,30
-27,21,7,32,4,0,2,1,0,0,0,13,2,0,0,2,4,113,3,22,3,7,12,2,2,9,5,4,1,0,2,14,45
2,20,6,30,3,0,2,1,0,0,0,8,7,0,0,2,4,113,2,22,4,7,13,1,2,9,5,3,1,0,1,14,15
41,14,5,25,10,0,1,1,0,0,0,12,3,0,0,2,4,113,2,15,3,5,13,6,7,14,11,6,1,1,1,13,0
110,13,6,15,11,0,1,1,0,0,0,12,3,0,0,2,4,113,2,13,1,6,12,6,10,15,12,6,1,1,1,11,45
40,13,7,27,10,0,1,1,0,0,0,9,6,0,0,2,4,113,2,13,2,7,12,5,9,14,11,5,1,1,1,13,15
48,13,7,18,9,0,1,1,0,0,0,8,7,0,0,2,4,113,2,13,2,7,12,4,8,13,10,4,1,1,2,12,15
41,13,7,22,10,0,0,1,0,0,0,4,11,0,0,2,4,113,3,12,2,7,11,3,8,13,9,4,0,1,2,12,45
35,13,7,22,10,0,0,0,0,0,0,14,1,0,0,2,4,113,3,12,2,7,11,2,7,12,8,4,0,0,2,12,45
36,11,7,17,9,0,0,0,0,0,0,2,13,0,0,2,4,113,1,12,5,8,12,3,8,17,9,5,0,0,2,12,0
37,8,6,20,10,0,0,0,0,0,0,10,20,0,0,2,4,113,0,10,5,8,10,5,8,18,11,6,0,0,3,12,30
-6,8,6,20,10,0,0,0,0,0,0,7,23,0,0,2,4,113,1,9,4,7,9,4,7,18,10,5,0,0,3,12,30
37,7,6,18,11,0,0,0,0,0,0,13,2,0,0,2,4,113,2,7,3,6,7,5,7,18,10,5,0,0,2,12,15
36,7,6,22,10,0,0,0,0,0,0,12,3,0,0,2,4,113,2,7,3,6,7,4,6,17,9,5,0,0,2,12,45
-25,6,5,25,10,0,0,0,1,0,0,6,9,0,0,2,4,113,3,5,2,4,5,3,6,16,9,6,0,0,1,13,0
29,5,5,15,9,0,0,0,1,0,0,6,9,0,0,2,4,113,2,5,3,5,5,3,9,15,9,6,0,0,1,11,45
42,4,4,10,8,0,0,1,1,0,0,3,12,0,0,2,4,113,2,4,2,4,4,2,9,15,9,7,0,0,1,10,45
81,2,2,8,8,0,1,1,1,0,0,10,5,0,0,2,4,113,1,2,2,2,2,6,11,14,11,9,0,0,2,10,30
74,2,2,5,7,0,1,1,1,0,0,3,12,0,0,2,4,113,1,2,2,2,2,7,12,13,10,8,0,0,2,10,0
74,1,1,6,7,0,1,1,1,0,0,8,7,0,0,2,4,113,1,1,1,1,1,8,11,12,10,8,0,0,2,10,15
62,1,1,0,7,0,0,1,1,0,0,13,2,0,1,2,4,113,1,1,1,1,1,8,10,11,9,7,0,0,2,9,15
17,1,1,6,6,0,0,1,1,0,0,11,4,0,0,2,4,113,1,1,1,1,1,7,9,10,8,6,0,0,2,10,15
74,1,1,3,6,0,0,2,0,0,0,10,5,0,0,2,4,113,2,0,0,0,0,6,8,9,7,6,0,0,1,9,45
34,1,1,13,5,0,0,2,0,0,0,10,5,0,0,2,4,113,2,0,0,0,0,5,7,8,6,5,0,0,2,11,15
100,0,0,1,4,0,0,2,0,0,0,3,12,0,0,2,4,113,0,0,0,0,0,6,7,7,7,6,0,0,2,9,30
42,0,0,12,3,0,0,2,0,0,0,3,12,0,0,2,4,113,0,0,0,0,0,5,6,6,6,5,0,0,2,11,0
65,0,0,3,2,0,0,2,0,0,0,2,13,0,0,2,4,113,0,0,0,0,0,4,5,5,5,5,0,0,1,9,45
-55,0,0,10,2,0,0,1,0,0,0,4,11,0,0,2,4,113,0,0,0,0,0,3,4,4,4,4,0,0,1,10,45
11,0,0,8,2,0,0,0,0,0,0,9,6,0,0,2,4,113,0,0,0,0,0,2,3,3,3,3,0,0,2,10,30
-41,0,0,13,1,0,0,0,0,0,0,4,11,0,0,2,4,113,0,0,0,0,0,2,2,2,2,2,0,0,2,11,15
22,0,0,1,0,0,0,0,0,0,0,0,25,0,0,2,4,113,0,0,0,0,0,1,1,1,1,1,0,0,2,9,30
27,38,5,48,1,0,0,1,1,0,1,17,13,1,0,6,4,110,1,45,4,9,12,2,4,10,4,3,6,1,1,17,30
49,38,8,46,1,0,1,1,1,0,0,8,7,0,0,6,4,110,2,44,7,10,12,3,4,10,3,3,6,1,2,17,0
-38,36,6,48,4,0,0,3,1,0,1,4,11,1,0,6,4,110,5,38,4,5,9,3,5,13,5,4,6,1,1,17,30
33,35,5,46,3,0,0,4,1,0,1,26,4,0,0,6,4,110,5,37,3,4,8,2,6,13,5,3,6,2,2,17,0
40,33,4,44,3,0,0,3,1,0,2,14,16,0,0,6,4,110,4,36,2,4,8,3,6,12,6,3,5,2,2,16,45
78,30,2,34,5,0,0,3,1,0,1,6,9,0,0,6,4,110,3,34,1,3,8,4,6,11,8,4,5,2,2,15,0
32,30,2,40,4,0,0,3,1,0,1,4,11,0,0,6,4,110,3,34,1,4,9,4,5,10,7,4,5,2,2,16,0
51,30,3,38,3,0,0,3,2,0,1,4,11,0,0,6,4,110,3,33,1,4,8,4,8,9,7,4,4,3,2,15,45
-61,30,3,44,2,0,0,3,2,0,1,28,2,0,0,6,4,110,3,33,1,4,10,3,8,8,6,4,4,2,2,16,45
12,30,3,42,2,0,0,3,2,0,0,20,10,0,0,6,4,110,3,33,3,4,10,2,7,9,5,4,4,2,2,16,30
22,29,2,40,3,0,0,2,2,0,0,11,19,0,0,6,4,110,3,32,2,4,9,2,6,9,5,4,3,2,2,16,0
-84,28,3,42,4,0,0,2,2,0,0,12,3,0,0,6,4,110,3,30,2,5,10,5,5,10,6,4,3,1,2,16,30
29,28,3,38,4,0,0,1,2,0,0,11,4,0,0,6,4,110,2,30,2,5,10,4,4,9,6,4,2,1,2,15,45
18,28,3,34,4,0,0,1,1,0,0,10,5,0,0,6,4,110,2,30,2,5,10,3,3,8,5,3,2,0,2,15,0
27,27,3,36,4,0,0,1,1,0,0,6,9,0,0,6,4,110,1,29,1,4,9,2,2,8,6,4,2,0,2,15,30
24,27,4,36,3,0,0,1,1,0,0,14,1,0,0,6,4,110,1,29,2,6,10,1,1,8,5,4,2,0,2,15,30
-22,23,5,31,5,0,1,4,0,0,0,10,50,0,0,6,4,110,2,23,2,4,10,3,7,13,9,5,2,1,2,14,30
44,23,5,30,4,0,1,4,0,0,0,9,51,0,0,6,4,110,2,23,2,4,10,2,6,12,8,4,2,1,1,14,15
37,22,4,27,4,0,0,4,0,0,0,13,2,0,0,6,4,110,1,23,3,5,11,2,5,11,8,5,2,1,1,13,0
115,20,5,25,5,0,0,4,0,0,0,2,13,0,0,6,4,110,1,21,3,6,13,4,9,13,9,7,1,1,2,12,45
-4,20,5,32,5,0,0,4,0,0,0,12,3,0,0,6,4,110,2,20,2,6,13,3,8,12,8,6,1,0,2,14,45
-9,20,5,32,4,0,0,4,0,0,0,10,5,0,0,6,4,110,2,20,3,6,13,2,7,11,7,5,1,0,2,14,45
41,20,5,29,4,0,0,3,0,0,0,5,10,0,0,6,4,110,2,20,3,6,13,2,6,11,6,4,1,0,1,13,15
112,18,6,20,4,0,0,4,0,0,1,9,6,0,0,6,4,110,3,17,3,6,12,5,7,11,7,6,1,0,2,12,0
79,17,6,22,3,0,0,4,0,0,1,1,14,0,0,6,4,110,2,17,3,6,13,4,7,12,7,6,1,0,1,12,15
15,15,6,27,4,0,0,3,0,0,1,6,9,0,0,6,4,110,1,16,3,7,14,4,7,13,8,7,1,0,1,13,0
18,15,6,24,3,0,0,3,0,0,1,6,9,0,0,6,4,110,1,16,3,7,14,3,6,12,7,6,1,0,2,12,30
14,15,6,25,3,0,0,2,0,0,1,5,10,0,0,6,4,110,1,16,3,8,14,2,5,11,6,5,1,0,2,12,45
22,14,7,18,5,0,0,3,0,0,0,13,2,0,0,6,4,110,2,13,3,7,13,4,5,13,7,4,1,0,2,11,45
48,12,6,18,4,0,0,4,0,0,1,9,6,0,0,6,4,110,2,11,4,6,11,3,5,13,8,5,1,0,2,11,45
-12,12,6,20,3,0,0,4,0,0,1,8,7,0,0,6,4,110,2,11,4,6,11,3,5,12,7,4,1,0,2,12,0
16,11,6,22,4,0,0,3,0,0,1,14,1,0,0,6,4,110,2,10,4,6,10,2,5,12,7,4,1,0,1,12,15
3,7,4,13,5,0,1,3,0,0,1,9,6,0,0,6,4,110,1,7,2,5,7,2,6,14,10,5,1,1,1,11,0
23,7,6,16,4,0,1,4,0,0,1,7,8,0,0,6,4,110,2,6,4,6,6,5,9,13,9,5,1,1,2,11,30
24,6,6,16,5,0,1,3,0,0,1,8,7,0,0,6,4,110,1,5,3,5,5,4,8,16,10,6,1,1,2,11,30
15,6,6,15,4,0,2,3,0,0,1,3,12,0,0,6,4,110,2,4,3,4,4,4,7,15,9,5,1,1,2,11,15
26,5,5,8,5,0,1,3,0,0,1,12,3,0,0,6,4,110,2,3,3,3,3,5,7,14,9,6,1,1,2,10,15
32,4,4,12,6,0,1,2,0,0,1,7,8,0,0,6,4,110,2,2,2,2,2,5,8,13,9,5,0,1,2,10,45
47,3,3,6,5,0,1,2,0,0,1,6,9,0,0,6,4,110,1,2,2,2,2,4,8,12,9,6,0,0,2,10,0
10,2,2,4,7,0,0,2,0,0,1,2,13,0,0,6,4,110,2,0,0,0,0,4,7,11,9,5,0,0,2,9,45
27,2,2,13,6,0,0,2,0,0,1,1,14,0,0,6,4,110,2,0,0,0,0,3,6,10,8,5,0,0,1,11,0
15,2,2,4,5,0,0,2,0,0,1,12,3,0,0,6,4,110,2,0,0,0,0,2,5,9,7,4,0,0,2,9,45
28,0,0,10,5,0,0,1,0,0,1,3,12,0,0,6,4,110,0,0,0,0,0,4,8,8,8,5,0,0,1,10,30
18,0,0,6,4,0,0,1,0,0,1,0,3,0,0,6,4,110,0,0,0,0,0,3,7,7,7,5,0,0,2,10,0
8,0,0,1,3,0,0,1,0,0,1,0,8,0,0,6,4,110,0,0,0,0,0,2,6,6,6,4,0,0,2,9,15
40,0,0,8,3,0,0,1,0,0,0,0,19,0,0,6,4,110,0,0,0,0,0,5,5,5,5,3,0,0,2,10,15
-13,0,0,10,3,0,0,0,0,0,0,0,41,0,0,6,4,110,0,0,0,0,0,4,4,4,4,3,0,0,1,10,30
9,0,0,2,2,0,0,0,0,0,0,0,45,0,0,6,4,110,0,0,0,0,0,3,3,3,3,2,0,0,2,9,30
11,0,0,0,1,0,0,0,0,0,0,0,46,0,1,6,4,110,0,0,0,0,0,2,2,2,2,1,0,0,1,9,0
3,0,0,2,0,0,0,0,0,0,0,0,47,0,0,6,4,110,0,0,0,0,0,1,1,1,1,0,0,0,2,9,30
31,31,3,43,0,0,0,2,0,0,0,11,19,0,0,5,4,109,0,43,2,5,10,1,3,8,3,2,6,1,1,17,0
4,29,4,39,2,0,1,3,0,0,0,22,8,0,0,5,4,109,2,38,3,5,10,3,5,10,5,3,6,2,2,16,30
91,28,3,36,2,0,1,2,0,0,0,12,18,0,0,5,4,109,1,38,3,5,10,4,6,9,5,3,5,2,2,15,45
14,28,3,43,3,0,1,1,0,0,0,6,24,0,0,5,4,109,2,37,2,5,9,3,6,8,4,3,4,2,1,17,0
-26,28,4,39,4,0,0,2,0,0,0,5,10,0,0,5,4,109,2,35,2,3,9,2,5,7,5,3,4,1,2,16,30
55,28,5,37,3,0,0,2,0,0,0,2,13,0,0,5,4,109,2,35,2,3,9,3,4,6,4,2,4,1,2,16,0
11,25,4,35,3,0,0,3,0,0,0,19,11,0,0,5,4,109,1,33,1,5,9,3,5,7,6,4,4,2,1,15,30
-14,25,4,41,3,0,0,2,0,0,0,19,11,0,0,5,4,109,1,33,1,5,9,2,4,6,5,4,4,2,2,16,45
12,25,4,37,2,0,0,2,0,0,0,10,20,0,0,5,4,109,1,33,2,5,10,1,3,5,4,3,3,2,2,16,0
-96,23,4,45,2,0,0,3,0,0,0,5,10,1,0,5,4,109,1,31,3,6,12,2,2,8,5,4,3,1,1,17,30
31,22,3,33,3,0,0,2,0,0,0,2,13,0,0,5,4,109,1,30,2,5,12,1,1,7,5,4,2,1,1,15,0
81,18,5,21,7,0,0,2,0,0,0,0,45,0,0,5,4,109,0,24,3,7,13,2,6,14,10,6,2,0,2,12,15
39,18,6,32,8,0,0,1,0,0,0,5,10,0,0,5,4,109,1,24,3,7,14,2,6,13,9,6,2,0,2,14,45
93,16,6,26,10,0,0,1,0,0,0,10,5,0,0,5,4,109,2,21,4,7,12,4,10,16,10,6,2,1,1,13,0
81,14,5,29,9,0,0,1,0,0,0,0,15,0,0,5,4,109,0,20,5,8,14,6,9,17,11,7,2,1,1,13,30
-11,14,5,30,10,0,0,1,0,0,0,12,3,0,0,5,4,109,2,19,3,6,13,6,8,17,10,6,2,1,1,14,15
-68,14,5,33,9,0,0,1,0,0,0,7,8,0,0,5,4,109,2,19,4,6,13,5,8,16,9,6,2,1,1,15,0
17,12,4,31,10,0,0,0,1,0,0,6,9,0,0,5,4,109,2,17,4,7,13,6,8,19,10,7,2,1,1,14,30
46,11,3,24,9,0,0,0,1,0,0,3,12,0,0,5,4,109,1,17,4,7,13,5,7,18,10,6,2,1,2,12,45
73,11,3,28,8,0,0,0,1,0,0,1,14,0,0,5,4,109,1,16,4,7,13,4,6,17,9,5,2,1,1,13,15
15,11,3,24,8,0,0,0,1,0,0,0,15,0,0,5,4,109,2,16,3,6,12,3,5,16,8,4,2,1,2,12,45
17,10,3,22,9,0,0,0,1,0,0,1,14,0,0,5,4,109,2,14,2,5,10,4,7,17,9,5,2,1,2,12,30
47,10,5,26,8,0,0,0,1,0,0,12,3,0,0,5,4,109,2,14,3,5,11,3,7,16,8,5,1,1,1,13,0
97,9,5,15,7,0,0,1,1,0,0,11,4,0,0,5,4,109,2,13,3,7,11,2,9,15,8,5,1,1,2,11,30
61,9,6,17,7,0,0,1,1,0,0,3,12,0,0,5,4,109,2,12,2,6,11,3,9,17,8,5,1,1,2,11,45
66,7,4,15,7,0,0,2,1,0,0,7,8,0,0,5,4,109,1,10,4,6,10,7,12,19,10,6,1,1,2,11,30
54,7,5,12,6,0,0,2,1,0,0,6,9,0,0,5,4,109,1,10,4,6,10,7,12,18,9,6,1,1,1,11,0
11,7,5,19,6,0,1,2,0,0,0,1,14,0,0,5,4,109,2,9,3,5,9,8,11,17,8,5,1,1,1,12,0
-279,7,5,41,5,0,1,2,0,0,0,0,15,0,0,5,4,109,2,9,4,6,9,7,10,16,7,4,1,1,2,16,45
-62,5,4,22,6,0,1,2,0,0,0,5,10,0,0,5,4,109,2,7,3,5,7,7,9,15,8,5,1,1,2,12,30
27,4,3,19,5,0,1,2,0,0,0,1,14,0,0,5,4,109,1,7,3,5,7,6,8,14,8,5,0,1,1,12,0
63,4,3,14,4,0,2,2,0,0,0,12,3,0,0,5,4,109,2,6,2,4,6,6,7,13,7,4,0,0,2,11,15
28,4,3,8,4,0,1,2,0,0,0,6,9,0,0,5,4,109,2,6,2,5,6,6,9,12,6,4,0,0,2,10,30
28,3,2,10,4,0,1,1,0,0,0,3,12,0,0,5,4,109,1,6,2,5,6,5,8,11,6,4,0,0,2,10,45
-9,3,2,17,3,0,1,1,0,0,0,2,13,0,0,5,4,109,1,6,2,5,6,4,7,10,5,3,0,0,2,11,45
30,3,2,12,3,0,2,0,0,0,0,12,3,0,0,5,4,109,2,5,2,4,5,3,7,9,4,2,0,0,1,11,0
20,3,3,8,3,0,2,0,0,0,0,14,1,0,0,5,4,109,2,4,2,4,4,2,7,10,4,3,0,0,2,10,30
80,3,3,1,3,0,1,0,0,0,0,6,9,0,0,5,4,109,2,4,3,4,4,4,7,9,3,2,0,0,1,9,15
44,1,1,6,4,0,1,0,0,0,0,11,4,0,0,5,4,109,0,2,2,2,2,5,6,8,6,2,0,0,2,10,15
6,1,1,5,4,0,0,0,0,0,0,11,4,0,0,5,4,109,0,2,2,2,2,4,5,7,5,2,0,0,2,10,0
7,1,1,3,4,0,0,0,0,0,0,7,8,0,0,5,4,109,1,1,1,1,1,4,4,6,4,2,0,0,1,9,45
-2,1,1,3,3,0,0,0,0,0,0,1,14,0,0,5,4,109,1,1,1,1,1,3,3,5,3,2,0,0,1,9,45
-24,0,0,10,3,0,0,0,0,0,0,1,14,0,0,5,4,109,0,0,0,0,0,2,4,4,4,1,0,0,2,10,45
-13,0,0,2,2,0,0,0,0,0,0,9,6,0,0,5,4,109,0,0,0,0,0,1,3,3,3,0,0,0,2,9,30
22,0,0,0,1,0,0,0,0,0,0,0,36,0,1,5,4,109,0,0,0,0,0,2,2,2,2,0,0,0,1,9,0
-22,0,0,6,0,0,0,0,0,0,0,0,39,0,0,5,4,109,0,0,0,0,0,1,1,1,1,0,0,0,2,10,15
-3,25,2,43,3,0,0,0,0,0,0,5,10,1,0,4,4,108,2,41,1,4,10,2,5,7,2,1,5,1,1,17,0
-2,25,2,43,2,0,0,0,0,0,0,4,11,1,0,4,4,108,2,41,1,4,10,1,4,6,1,1,5,0,1,17,0
3,24,5,39,3,0,0,1,0,0,0,4,11,0,0,4,4,108,2,38,3,6,10,4,4,7,3,0,5,0,1,16,0
-20,24,5,41,2,0,0,1,0,0,0,28,2,0,0,4,4,108,1,38,3,7,10,3,4,6,3,0,5,1,2,16,45
-13,23,4,41,2,0,0,1,0,0,0,20,10,0,0,4,4,108,0,37,3,6,9,2,3,5,4,2,5,1,2,16,45
69,23,4,32,2,0,0,2,0,0,0,9,21,0,0,4,4,108,2,35,3,4,9,1,2,6,3,2,5,1,2,14,30
-5,19,2,38,5,0,0,2,0,0,0,14,1,0,0,4,4,108,2,31,0,3,10,3,3,9,6,2,4,1,1,15,45
-46,19,3,40,4,0,0,2,0,0,0,8,7,0,0,4,4,108,1,31,2,5,11,2,4,10,6,1,4,1,2,16,30
33,18,3,33,4,0,0,1,0,0,0,3,12,0,0,4,4,108,0,31,3,5,12,1,3,10,6,1,4,1,2,14,45
0,17,5,37,5,0,1,1,0,0,0,5,10,0,0,4,4,108,2,28,4,8,13,4,7,15,6,1,3,2,1,15,15
5,16,4,35,5,0,1,1,0,0,0,14,1,0,0,4,4,108,2,27,4,7,13,3,6,14,6,0,3,1,1,15,0
-9,15,5,33,6,0,1,1,0,0,0,9,6,0,0,4,4,108,2,25,5,7,12,5,7,17,7,0,3,2,2,14,45
5,15,5,31,6,0,1,0,0,0,0,8,7,0,0,4,4,108,2,25,5,7,12,4,6,16,6,0,3,2,1,14,15
139,14,5,22,7,0,1,0,0,0,0,11,4,0,0,4,4,108,2,23,3,6,12,4,7,15,7,2,3,3,2,12,30
-43,14,5,30,7,0,0,0,0,0,0,11,4,0,0,4,4,108,2,23,3,6,12,3,6,14,6,2,2,3,1,13,45
2,12,5,29,6,0,0,2,1,0,0,11,4,0,0,4,4,108,3,20,2,5,12,3,8,15,7,3,2,2,1,13,30
8,11,4,26,5,0,0,2,1,0,0,12,3,0,0,4,4,108,2,20,3,6,12,4,8,14,7,3,2,2,1,13,0
45,10,3,26,4,0,0,2,1,0,0,3,12,0,0,4,4,108,0,20,5,7,12,4,9,13,8,4,1,2,1,13,0
-25,9,3,24,5,0,0,2,1,0,1,2,13,0,0,4,4,108,2,17,2,5,11,6,10,15,8,5,0,1,2,12,45
21,9,3,22,4,0,0,2,1,0,1,14,1,0,0,4,4,108,2,17,3,6,11,5,9,14,7,4,0,0,2,12,30
-103,8,3,35,4,0,1,2,1,0,1,5,10,0,0,4,4,108,2,15,2,6,11,6,9,13,8,4,0,0,1,15,0
4,8,3,28,3,0,1,2,1,0,1,1,14,0,0,4,4,108,2,15,2,6,11,6,9,12,7,4,0,0,1,13,15
19,8,3,18,3,0,1,2,0,0,1,0,15,0,0,4,4,108,2,15,2,6,11,6,8,11,6,4,0,0,2,12,0
23,7,2,16,3,0,1,1,0,0,1,9,6,0,0,4,4,108,0,15,2,7,11,5,7,11,7,5,0,0,2,11,45
25,7,3,14,4,0,1,1,0,0,0,26,4,0,0,4,4,108,1,14,3,6,13,4,6,13,6,4,0,0,2,11,30
-3,7,3,16,4,0,0,2,0,0,0,24,6,0,0,4,4,108,2,13,2,5,12,3,5,12,5,4,0,0,2,11,45
5,7,3,24,3,0,0,2,0,0,0,18,12,0,0,4,4,108,1,13,4,5,12,4,4,12,5,3,0,0,2,12,45
28,7,4,18,3,0,0,1,0,0,0,15,15,0,0,4,4,108,1,13,4,5,12,3,6,11,4,2,0,0,2,12,0
-19,5,3,20,4,0,0,1,0,0,0,7,8,0,0,4,4,108,0,11,3,7,11,2,5,11,6,3,0,0,2,12,15
-52,5,3,20,5,0,0,1,0,0,0,4,11,0,0,4,4,108,2,9,1,5,9,1,4,11,5,2,0,0,2,12,15
12,4,3,14,5,0,0,1,0,0,0,3,12,0,0,4,4,108,2,8,4,7,8,3,8,14,5,3,0,0,2,11,30
53,3,2,7,4,0,0,0,0,0,0,1,14,0,0,4,4,108,1,8,4,7,8,2,7,13,5,2,0,0,1,10,15
13,3,2,10,4,0,0,0,0,0,0,1,14,0,0,4,4,108,1,8,4,7,8,2,7,13,5,2,0,0,2,10,45
56,1,1,1,6,0,0,0,0,0,1,11,4,0,0,4,4,108,1,4,4,4,4,5,8,12,7,2,0,0,2,9,15
-8,1,1,12,6,0,0,0,0,0,1,7,8,0,0,4,4,108,1,3,3,3,3,4,9,11,7,1,0,0,2,11,0
8,1,1,9,5,0,0,0,0,0,1,1,14,0,0,4,4,108,0,3,3,3,3,3,8,10,7,2,0,0,2,10,30
-51,1,1,12,4,0,0,0,0,0,1,14,1,0,0,4,4,108,0,2,3,3,3,2,7,9,6,1,0,0,2,11,0
-6,1,1,4,6,0,0,0,0,0,0,7,8,0,0,4,4,108,1,1,1,1,1,2,7,8,6,1,0,0,1,9,45
-22,0,0,4,6,0,0,0,0,0,0,0,6,0,0,4,4,108,0,0,0,0,0,6,7,7,7,2,0,0,1,9,45
-12,0,0,2,5,0,0,0,0,0,0,0,8,0,0,4,4,108,0,0,0,0,0,5,6,6,6,2,0,0,2,9,30
-2,0,0,6,4,0,0,0,0,0,0,0,16,0,0,4,4,108,0,0,0,0,0,4,5,5,5,2,0,0,2,10,0
10,0,0,0,3,0,0,0,0,0,0,0,20,0,1,4,4,108,0,0,0,0,0,4,4,4,4,2,0,0,1,9,0
-73,0,0,10,2,0,0,0,0,0,0,0,22,0,0,4,4,108,0,0,0,0,0,3,3,3,3,1,0,0,2,10,45
2,0,0,7,1,0,0,0,0,0,0,0,33,0,0,4,4,108,0,0,0,0,0,2,2,2,2,0,0,0,1,10,15
13,0,0,2,0,0,0,0,0,0,0,0,47,0,0,4,4,108,0,0,0,0,0,1,1,1,1,0,0,0,2,9,30
30,45,6,53,3,0,2,0,1,0,0,25,5,1,0,3,4,107,2,47,2,7,12,1,2,6,5,4,7,0,1,17,30
67,41,7,49,6,0,1,0,1,0,1,12,3,0,0,3,4,107,2,43,4,8,11,2,4,12,8,7,7,2,2,16,45
69,37,6,47,8,0,1,1,1,0,1,13,2,0,0,3,4,107,1,39,4,7,10,3,5,13,12,8,6,2,2,16,30
43,37,6,49,7,0,1,1,1,0,1,10,5,0,0,3,4,107,1,39,4,7,10,2,4,12,11,7,6,1,2,16,45
48,35,5,44,9,0,1,3,1,0,0,1,14,0,0,3,4,107,3,35,2,3,8,3,9,14,12,6,5,3,1,16,0
45,33,3,42,9,0,0,3,1,0,0,6,9,0,0,3,4,107,1,35,3,4,11,3,8,13,13,5,5,2,2,15,45
79,32,3,47,8,0,0,3,1,0,1,6,9,0,0,3,4,107,1,34,2,4,12,5,9,16,13,6,5,3,2,16,30
-26,31,3,51,9,0,0,3,1,0,1,9,6,0,0,3,4,107,2,32,0,3,12,6,8,16,13,5,5,3,1,17,0
52,31,3,44,8,0,0,3,1,0,1,3,12,0,0,3,4,107,2,32,1,5,12,5,7,15,12,4,5,3,1,16,0
6,30,2,46,7,0,0,3,1,0,1,9,6,0,0,3,4,107,1,32,2,5,14,4,7,15,12,3,5,3,2,16,15
16,30,2,39,6,0,0,3,1,0,1,7,8,0,0,3,4,107,1,32,2,5,14,4,6,14,11,2,5,3,1,15,15
55,30,3,36,6,0,0,2,1,0,1,5,10,0,0,3,4,107,1,32,2,5,14,4,6,13,10,1,4,3,2,15,0
0,30,3,42,5,0,0,2,1,0,1,1,14,0,0,3,4,107,1,32,3,5,14,3,6,12,9,1,3,2,2,15,45
46,29,7,32,7,0,0,2,1,0,0,7,8,0,0,3,4,107,1,30,3,8,14,3,9,13,10,1,2,2,2,14,30
16,29,7,51,7,0,0,2,0,0,0,6,9,0,0,3,4,107,1,30,3,8,14,2,8,12,9,1,2,1,1,17,0
114,28,9,30,10,0,0,1,0,0,0,25,20,0,0,3,4,107,2,27,4,9,12,7,9,13,10,1,2,1,2,14,15
120,27,8,36,9,0,0,1,0,0,0,21,24,0,0,3,4,107,1,27,5,9,12,6,8,12,10,1,2,1,2,15,0
112,27,8,34,8,0,0,1,0,0,0,17,28,0,0,3,4,107,1,27,5,9,13,5,7,13,9,0,2,1,3,14,45
11,25,7,30,9,0,0,1,0,0,1,6,39,0,0,3,4,107,2,24,4,7,11,5,6,13,10,2,2,1,2,14,15
110,23,5,32,9,0,0,1,0,0,1,1,44,0,0,3,4,107,1,23,4,6,11,4,5,12,11,2,2,1,2,14,30
-46,23,5,41,8,0,0,1,0,0,1,0,45,0,0,3,4,107,1,23,4,6,11,3,5,11,10,2,2,1,2,15,30
26,23,5,39,8,0,0,0,0,0,1,14,1,0,0,3,4,107,1,23,4,6,11,2,4,10,9,2,1,1,1,15,15
15,21,4,34,8,0,0,1,0,0,1,13,2,0,0,3,4,107,1,21,4,5,12,2,5,10,10,4,1,1,3,14,45
70,19,3,26,9,0,0,2,0,0,1,12,3,0,0,3,4,107,2,18,2,3,10,2,4,11,11,5,1,1,1,13,0
16,18,5,29,8,0,0,3,0,0,1,1,14,0,0,3,4,107,2,17,1,5,12,3,7,13,11,6,1,1,2,13,30
47,17,6,24,8,0,0,3,0,0,1,9,6,0,0,3,4,107,2,16,1,6,11,3,7,13,11,5,1,1,2,12,45
49,17,6,24,8,0,0,3,0,0,0,5,10,0,0,3,4,107,2,16,1,6,11,2,6,12,10,5,0,1,2,12,45
65,16,8,20,8,0,0,3,0,0,0,11,4,0,0,3,4,107,2,15,4,7,12,5,7,15,10,6,0,0,2,12,15
42,15,8,22,8,0,0,2,0,0,0,5,10,0,0,3,4,107,1,15,5,8,12,4,6,15,10,5,0,0,2,12,30
86,15,8,19,7,0,0,2,1,0,0,4,11,0,0,3,4,107,2,14,4,7,11,3,5,14,9,4,0,0,2,12,0
-52,15,8,36,6,0,0,2,1,0,0,0,15,0,0,3,4,107,2,14,4,8,12,2,4,13,8,3,0,0,2,15,0
32,13,7,22,8,0,0,1,1,0,0,13,2,0,0,3,4,107,2,12,4,7,11,2,6,15,9,4,0,0,2,12,30
30,9,6,20,9,0,0,3,1,0,0,0,15,0,0,3,4,107,2,8,3,5,8,5,9,16,12,6,0,0,2,12,15
36,8,5,28,8,0,0,3,1,0,0,12,3,0,0,3,4,107,1,8,3,5,8,4,8,16,12,5,0,0,1,13,15
39,7,5,26,9,0,0,3,1,0,0,0,15,0,0,3,4,107,2,6,1,4,6,4,9,17,12,5,0,0,1,13,0
36,6,4,15,8,0,0,3,1,0,0,5,10,0,0,3,4,107,1,6,3,4,6,5,10,17,12,4,0,0,1,11,15
73,6,4,15,9,0,0,2,1,0,0,1,14,0,0,3,4,107,2,5,2,4,5,4,10,16,11,4,0,0,1,11,15
25,6,5,13,8,0,0,2,1,0,0,12,3,0,0,3,4,107,2,5,2,4,5,4,9,15,10,4,0,0,2,11,0
49,4,4,11,9,0,0,2,0,0,0,12,3,0,0,3,4,107,1,4,2,4,4,6,9,16,11,4,0,0,2,10,45
20,4,4,18,9,0,0,2,0,0,0,9,6,0,0,3,4,107,2,3,1,3,3,5,8,15,10,3,0,0,1,11,45
12,3,3,17,8,0,0,2,0,0,0,0,15,0,0,3,4,107,1,3,2,3,3,6,8,14,10,3,0,0,1,11,30
32,3,3,2,7,0,0,2,0,0,0,11,4,0,0,3,4,107,1,3,3,3,3,5,8,13,9,3,0,0,2,9,30
27,3,3,13,6,0,0,2,0,0,0,8,7,0,0,3,4,107,1,3,3,3,3,5,8,12,8,2,0,0,2,11,0
51,2,2,6,6,0,0,2,0,0,0,14,1,0,0,3,4,107,1,2,2,2,2,4,8,11,8,3,0,0,1,10,0
33,2,2,9,5,0,0,2,0,0,0,6,9,0,0,3,4,107,1,2,2,2,2,3,8,10,7,3,0,0,2,10,30
55,2,2,4,5,0,0,2,0,0,0,2,13,0,0,3,4,107,2,1,1,1,1,3,7,9,6,2,0,0,2,9,45
31,1,1,11,5,0,0,2,0,0,0,11,4,0,0,3,4,107,2,0,0,0,0,3,6,8,6,3,0,0,2,10,45
29,0,0,9,5,0,0,1,0,0,0,2,13,0,0,3,4,107,0,0,0,0,0,5,7,7,7,5,0,0,2,10,30
-52,0,0,6,5,0,0,0,0,0,0,0,2,0,0,3,4,107,0,0,0,0,0,4,6,6,6,5,0,0,1,10,0
9,0,0,8,4,0,0,0,0,0,0,0,7,0,0,3,4,107,0,0,0,0,0,3,5,5,5,4,0,0,2,10,15
15,0,0,1,3,0,0,0,0,0,0,0,8,0,0,3,4,107,0,0,0,0,0,2,4,4,4,3,0,0,2,9,15
24,0,0,0,2,0,0,0,0,0,0,0,21,0,1,3,4,107,0,0,0,0,0,3,3,3,3,2,0,0,1,9,0
29,0,0,4,1,0,0,0,0,0,0,0,39,0,0,3,4,107,0,0,0,0,0,2,2,2,2,1,0,0,2,9,45
20,0,0,2,0,0,0,0,0,0,0,0,40,0,0,3,4,107,0,0,0,0,0,1,1,1,1,1,0,0,2,9,30
25,15,1,31,2,0,2,1,0,0,2,3,12,0,0,2,4,106,1,35,3,6,8,6,8,14,7,3,6,2,2,15,30
-47,15,1,42,1,0,2,1,0,0,2,3,12,1,0,2,4,106,1,35,3,6,8,5,7,13,6,2,6,2,1,17,30
-15,15,1,38,1,0,1,2,0,0,2,9,6,0,0,2,4,106,1,34,4,5,7,4,6,13,6,3,6,2,2,16,30
-10,15,1,40,1,0,1,2,0,0,1,9,6,0,0,2,4,106,1,34,4,5,7,3,5,12,5,3,6,2,1,16,45
8,15,1,35,1,0,1,2,0,0,1,27,3,0,0,2,4,106,1,33,4,4,8,4,6,11,5,2,6,3,1,16,0
18,14,0,37,1,0,1,1,0,0,1,24,6,0,0,2,4,106,0,33,4,4,8,3,5,10,5,2,5,3,2,16,15
-46,14,0,38,4,0,1,1,0,0,0,9,21,0,0,2,4,106,3,30,1,3,6,2,5,9,4,1,5,2,2,16,30
-6,14,1,35,4,0,0,1,0,0,1,14,1,0,0,2,4,106,3,29,0,2,5,1,4,8,4,0,4,2,1,16,0
41,14,1,28,3,0,0,1,0,0,1,13,17,0,0,2,4,106,2,29,2,2,9,3,7,10,4,1,4,1,1,14,45
-12,14,1,33,3,0,0,0,0,0,1,13,17,0,0,2,4,106,2,29,2,3,9,2,6,9,3,1,3,1,2,15,45
-109,14,1,40,3,0,0,0,0,0,0,6,24,0,0,2,4,106,2,29,2,4,12,3,5,9,2,1,3,0,1,16,45
-24,13,1,31,4,0,0,0,0,0,0,28,17,0,0,2,4,106,1,27,1,3,13,4,4,8,4,1,3,0,2,15,30
-33,13,1,28,3,0,0,0,0,0,0,24,21,0,0,2,4,106,1,27,2,3,13,3,3,7,3,1,3,0,1,14,45
-16,13,1,27,2,0,0,0,0,0,0,19,26,0,0,2,4,106,1,27,2,4,13,2,2,6,2,0,3,0,2,14,15
30,13,1,26,1,0,0,0,0,0,0,15,30,0,0,2,4,106,1,27,2,6,13,1,1,5,1,0,3,0,1,13,30
34,12,4,22,3,0,1,2,0,0,0,12,3,0,0,2,4,106,3,21,5,7,14,4,4,12,4,2,2,2,1,12,45
-175,12,4,33,2,0,1,2,0,0,0,5,10,0,0,2,4,106,3,21,7,7,14,3,3,12,3,2,1,1,2,15,45
-120,12,4,30,1,0,1,2,0,0,0,4,11,0,0,2,4,106,3,21,7,7,14,2,2,11,2,2,1,0,2,15,0
-3,11,3,22,4,0,0,3,0,0,0,9,6,0,0,2,4,106,6,17,3,4,11,1,2,10,2,1,1,0,1,12,45
-11,8,4,19,6,0,0,3,0,0,0,0,30,0,0,2,4,106,1,14,4,7,14,5,9,14,9,2,1,1,1,12,15
-75,7,4,24,6,0,0,4,0,0,0,2,13,0,0,2,4,106,1,12,4,6,12,6,9,14,10,3,0,1,1,13,0
-20,7,4,17,5,0,0,4,0,0,1,14,1,0,0,2,4,106,2,11,3,6,11,6,8,13,9,3,0,0,2,12,0
-13,6,3,21,6,0,0,3,0,0,1,3,12,0,0,2,4,106,2,10,3,6,10,6,9,14,9,2,0,0,2,12,30
8,6,3,17,5,0,0,3,0,0,1,1,14,0,0,2,4,106,2,10,3,6,10,5,8,14,8,1,0,0,2,12,0
57,6,3,14,4,0,0,3,0,0,1,11,4,0,0,2,4,106,2,10,4,7,10,4,8,15,7,1,0,0,1,11,15
-82,6,3,25,4,0,0,2,0,0,1,10,5,0,0,2,4,106,2,10,4,7,10,3,7,14,6,1,0,0,1,13,15
123,6,3,9,6,0,0,1,0,0,1,1,14,0,0,2,4,106,2,8,2,5,8,3,6,13,7,2,0,0,2,10,30
26,6,5,16,6,0,0,1,0,0,1,12,3,0,0,2,4,106,2,7,3,5,7,2,5,12,7,2,0,0,2,11,30
-24,3,3,14,6,0,0,1,0,0,1,2,13,0,0,2,4,106,0,6,3,6,6,4,6,12,9,4,0,0,1,11,15
-50,3,3,19,5,0,0,2,1,0,1,10,5,0,0,2,4,106,2,4,3,4,4,3,5,12,8,4,0,0,1,12,15
78,3,3,6,5,0,0,1,1,0,1,7,8,0,0,2,4,106,2,4,4,4,4,3,5,11,7,3,0,0,2,10,0
3,3,3,9,4,0,0,2,1,0,1,11,4,0,0,2,4,106,2,3,3,3,3,3,8,12,7,4,0,0,2,10,30
-17,1,1,7,6,0,1,1,1,0,1,8,7,0,0,2,4,106,2,0,0,0,0,3,7,11,9,4,0,0,2,10,15
20,0,0,11,6,0,1,1,1,0,0,14,1,0,0,2,4,106,0,0,0,0,0,5,6,10,10,3,0,0,1,10,45
48,0,0,2,5,0,1,1,1,0,0,8,7,0,0,2,4,106,0,0,0,0,0,5,7,9,9,3,0,0,2,9,30
-12,0,0,13,4,0,1,1,1,0,0,3,12,0,0,2,4,106,0,0,0,0,0,4,7,8,8,2,0,0,2,11,0
-4,0,0,4,3,0,1,1,1,0,0,2,13,0,0,2,4,106,0,0,0,0,0,3,7,7,7,1,0,0,1,9,45
-3,0,0,11,2,0,1,1,1,0,0,0,1,0,0,2,4,106,0,0,0,0,0,2,6,6,6,1,0,0,1,10,45
-8,0,0,4,1,0,1,1,1,0,0,0,2,0,0,2,4,106,0,0,0,0,0,1,5,5,5,1,0,0,1,9,45
32,0,0,0,1,0,0,1,1,0,0,0,35,0,1,2,4,106,0,0,0,0,0,4,4,4,4,1,0,0,1,9,0
16,0,0,2,1,0,0,0,1,0,0,0,48,0,0,2,4,106,0,0,0,0,0,3,3,3,3,1,0,0,2,9,30
27,0,0,1,1,0,0,0,0,0,0,0,55,0,0,2,4,106,0,0,0,0,0,2,2,2,2,0,0,0,2,9,15
18,0,0,7,0,0,0,0,0,0,0,0,58,0,0,2,4,106,0,0,0,0,0,1,1,1,1,0,0,0,2,10,15
16,31,2,44,1,0,0,0,0,0,0,14,16,1,0,6,4,103,0,43,3,4,10,1,3,7,2,2,6,0,1,17,30
33,29,0,41,2,0,0,0,0,0,1,8,7,0,0,6,4,103,1,40,1,3,10,2,5,8,3,2,6,1,1,16,45
8,29,1,39,1,0,0,0,0,0,1,28,2,0,0,6,4,103,1,40,1,4,10,2,4,9,2,1,6,1,2,16,30
-20,29,3,41,2,0,0,0,0,0,0,8,22,0,0,6,4,103,0,39,2,6,10,3,4,10,3,2,6,2,1,16,45
-49,29,5,43,1,0,0,0,0,0,0,11,4,0,0,6,4,103,0,39,4,8,11,2,3,9,2,2,5,2,1,17,0
12,29,6,39,0,0,1,1,0,0,0,11,4,0,0,6,4,103,2,37,4,7,10,2,3,8,1,1,5,1,2,16,30
-22,27,4,38,3,0,0,2,0,0,0,14,16,0,0,6,4,103,2,33,3,4,9,2,7,8,4,3,4,1,2,16,0
6,23,1,35,5,0,0,2,0,0,0,8,7,0,0,6,4,103,1,30,0,2,9,4,6,10,7,3,4,0,1,15,30
-13,23,3,35,5,0,0,1,0,0,0,9,6,0,0,6,4,103,1,30,1,4,10,5,5,10,6,3,4,0,1,15,30
33,23,3,30,4,0,0,1,0,0,0,5,10,0,0,6,4,103,1,30,1,4,11,4,4,9,5,2,4,0,2,14,30
9,23,4,33,3,0,0,1,0,0,0,3,12,0,0,6,4,103,1,30,1,4,12,3,3,8,4,2,4,0,2,15,0
24,23,4,33,4,0,0,0,0,0,0,2,13,0,0,6,4,103,2,29,2,4,12,2,3,9,3,1,4,1,2,15,0
10,23,4,31,3,0,0,0,0,0,0,2,13,0,0,6,4,103,2,29,2,4,12,1,2,8,2,0,4,1,2,14,45
48,19,6,29,4,0,1,0,0,0,0,10,5,0,0,6,4,103,0,26,5,9,15,4,7,14,6,3,3,2,1,14,15
-30,19,6,31,5,0,1,0,0,0,0,12,3,0,0,6,4,103,2,24,4,8,15,4,6,14,5,3,3,1,2,14,45
29,19,7,27,5,0,0,0,0,0,0,11,4,0,0,6,4,103,2,24,4,9,15,3,5,13,4,2,3,1,1,13,15
33,17,6,24,5,0,0,0,0,0,1,14,1,0,0,6,4,103,2,22,4,8,14,3,5,14,5,3,2,2,1,13,0
31,16,6,28,5,0,0,1,0,0,1,13,2,0,0,6,4,103,3,20,4,8,13,3,5,13,5,2,2,1,1,13,30
80,15,5,20,4,0,2,1,0,0,1,2,13,0,0,6,4,103,3,18,4,6,13,3,8,14,6,3,2,1,1,12,30
7,14,4,24,3,0,2,2,0,0,1,12,3,0,0,6,4,103,3,17,3,6,12,2,8,13,6,3,2,1,1,13,0
11,12,4,20,4,0,2,2,0,0,1,5,10,0,0,6,4,103,3,15,3,7,11,5,8,14,7,4,1,1,1,12,30
12,10,4,18,5,0,1,3,0,0,1,0,15,0,0,6,4,103,2,13,4,6,11,7,9,14,9,4,1,0,3,12,15
54,10,4,18,5,0,1,3,0,0,1,28,2,0,0,6,4,103,3,12,3,6,10,6,8,14,8,4,1,0,3,12,15
-19,10,4,24,4,0,1,3,0,0,1,27,3,0,0,6,4,103,3,12,3,6,10,5,7,13,7,4,1,0,1,13,0
42,10,4,14,4,0,0,3,0,0,1,24,6,0,0,6,4,103,2,12,3,6,10,4,6,12,7,4,1,0,2,11,45
17,10,4,14,4,0,0,3,0,0,0,19,11,0,0,6,4,103,2,12,4,7,11,3,7,13,6,3,1,1,2,11,45
-26,10,4,20,4,0,0,3,0,0,0,14,16,0,0,6,4,103,2,11,3,6,10,4,6,14,6,2,1,1,1,12,30
5,10,4,23,4,0,0,2,0,0,0,6,24,0,0,6,4,103,2,11,4,6,11,3,5,13,5,2,1,1,3,12,45
-19,8,4,16,5,0,2,1,0,0,0,3,12,0,0,6,4,103,2,8,3,4,8,4,6,12,7,5,1,1,2,12,0
-42,7,3,16,4,0,2,1,0,0,0,0,15,0,0,6,4,103,1,8,3,5,8,3,5,13,7,5,1,1,2,12,0
6,6,6,10,5,0,1,1,2,0,0,20,10,0,0,6,4,103,2,5,1,4,5,4,7,12,8,6,1,1,2,11,0
-252,6,6,37,4,0,1,1,2,0,0,19,11,0,0,6,4,103,2,5,1,4,5,3,6,11,7,5,0,1,1,15,45
60,6,6,8,3,0,1,1,2,0,0,5,25,0,0,6,4,103,2,5,3,5,5,3,8,11,6,5,0,0,2,10,45
57,5,5,12,3,0,1,1,2,0,0,8,7,0,0,6,4,103,2,4,2,4,4,4,7,11,6,6,0,0,2,11,15
11,3,3,10,2,0,1,1,2,0,1,10,5,0,0,6,4,103,1,3,3,3,3,6,8,10,7,6,0,0,2,11,0
0,2,2,8,2,0,1,1,2,0,1,14,1,0,0,6,4,103,1,2,2,2,2,5,7,9,7,5,0,0,2,10,45
0,1,1,7,2,0,1,1,1,0,1,9,6,0,0,6,4,103,0,2,2,2,2,4,6,8,7,5,0,0,2,10,15
5,0,0,6,2,0,1,2,0,0,1,4,11,0,0,6,4,103,0,1,1,1,1,3,5,7,7,4,0,0,1,10,0
5,0,0,2,2,0,1,1,0,0,1,3,12,0,0,6,4,103,0,1,1,1,1,2,4,6,6,3,0,0,2,9,30
91,0,0,2,1,0,1,1,0,0,1,0,15,0,0,6,4,103,0,1,1,1,1,3,3,5,5,3,0,0,2,9,30
43,0,0,0,1,0,1,1,0,0,1,2,28,0,1,6,4,103,0,0,0,0,0,2,4,5,5,2,0,0,2,9,0
-29,0,0,12,1,0,0,1,0,0,1,2,28,0,0,6,4,103,0,0,0,0,0,1,3,4,4,1,0,0,2,11,15
-36,0,0,4,0,0,0,1,0,0,1,0,31,0,0,6,4,103,0,0,0,0,0,2,2,3,3,0,0,0,1,9,45
8,0,0,4,0,0,0,0,0,0,1,0,42,0,0,6,4,103,0,0,0,0,0,1,2,2,2,0,0,0,1,9,45
56,0,0,0,0,0,0,0,0,0,0,0,92,0,1,6,4,103,0,0,0,0,0,1,1,1,1,0,0,0,2,9,0
93,27,2,40,0,0,1,2,0,0,0,15,15,0,0,5,4,102,0,43,1,3,8,3,4,7,4,4,6,1,2,16,0
19,27,2,45,0,0,1,1,0,0,0,11,4,0,0,5,4,102,0,43,3,4,9,3,4,6,3,3,6,2,1,17,0
1,27,2,46,0,0,0,1,0,0,0,9,6,1,0,5,4,102,0,43,3,4,9,2,3,6,2,2,6,2,2,17,30
53,26,1,43,1,0,1,1,0,0,0,7,8,0,0,5,4,102,2,40,0,3,9,2,2,6,2,2,5,2,1,16,45
9,25,3,41,1,0,0,1,0,0,0,11,19,0,0,5,4,102,0,40,3,5,11,1,3,6,3,2,4,1,2,16,30
-39,24,3,41,2,0,0,3,0,0,0,3,12,0,0,5,4,102,2,36,1,5,10,2,4,10,4,2,4,0,2,16,30
50,24,3,37,1,0,0,3,0,0,0,13,2,0,0,5,4,102,2,36,2,5,10,1,3,9,3,2,4,0,1,15,30
-17,21,0,43,3,0,0,2,0,0,0,10,5,0,0,5,4,102,1,34,3,5,13,2,4,10,5,5,4,0,1,16,45
4,21,1,37,3,0,0,1,0,0,0,8,7,0,0,5,4,102,1,34,3,6,13,1,3,9,4,4,4,0,1,15,30
-19,21,4,34,6,0,0,1,0,0,0,5,10,0,0,5,4,102,1,30,4,6,13,2,7,11,7,3,4,1,1,15,0
22,21,4,34,7,0,0,0,0,0,0,41,4,0,0,5,4,102,1,29,3,6,12,3,6,12,7,4,4,1,1,15,0
42,20,7,31,8,0,1,0,0,0,0,12,33,0,0,5,4,102,3,26,3,7,13,5,7,15,7,4,4,3,2,14,30
15,20,7,32,7,0,1,0,0,0,0,12,33,0,0,5,4,102,3,26,3,7,13,4,6,14,6,3,4,3,2,14,45
-2,19,6,30,6,0,1,0,0,0,0,4,41,0,0,5,4,102,2,26,4,7,13,3,5,14,6,2,4,3,1,14,15
-24,19,6,36,5,0,1,0,0,0,0,3,42,0,0,5,4,102,2,26,4,7,13,2,4,13,5,1,3,3,2,15,15
-15,18,5,32,5,0,1,0,0,0,0,8,7,0,0,5,4,102,2,25,4,8,14,2,5,16,5,2,3,2,2,14,45
-81,14,4,39,7,0,1,0,0,0,1,1,14,0,0,5,4,102,2,21,3,6,12,2,7,17,8,5,2,2,1,15,45
40,13,4,21,8,0,1,1,0,0,0,12,3,0,0,5,4,102,2,19,2,6,11,4,9,20,9,7,1,1,2,12,30
8,13,5,29,8,0,0,1,1,0,0,14,1,0,0,5,4,102,2,18,3,6,12,5,9,19,9,8,1,0,1,13,30
69,13,5,24,7,0,0,1,1,0,0,8,7,0,0,5,4,102,2,18,3,7,13,7,12,19,8,8,1,0,2,12,45
53,11,4,19,6,0,1,1,1,0,0,2,13,0,0,5,4,102,1,17,3,7,12,6,11,18,9,8,1,0,3,12,15
59,11,4,21,5,0,1,1,1,0,0,11,4,0,0,5,4,102,1,17,4,8,12,5,11,19,8,7,1,0,2,12,30
7,11,5,28,5,0,1,2,1,0,0,3,12,0,0,5,4,102,3,15,2,6,11,5,11,18,7,6,1,0,1,13,15
-7,9,3,26,4,0,1,2,1,0,0,12,3,0,0,5,4,102,1,15,4,6,11,5,11,17,8,7,1,1,1,13,0
33,9,3,19,3,0,1,2,1,0,0,10,5,0,0,5,4,102,1,15,4,7,12,5,11,16,7,6,1,1,3,12,15
-12,9,3,24,3,0,1,1,1,0,0,8,7,0,0,5,4,102,1,15,4,7,12,6,11,15,6,5,1,1,2,12,45
136,8,3,3,5,0,0,1,1,0,0,7,8,0,0,5,4,102,2,13,4,6,12,6,11,14,6,4,1,1,1,9,45
22,8,3,18,5,0,0,1,1,0,0,14,1,0,0,5,4,102,1,12,3,6,12,6,11,13,7,3,1,1,2,12,0
-59,8,3,21,5,0,0,1,1,0,0,12,3,0,0,5,4,102,2,11,2,5,11,6,10,12,6,3,1,1,2,12,30
67,8,3,12,5,0,0,1,0,0,0,10,5,0,0,5,4,102,2,11,3,6,11,6,9,11,5,3,1,1,2,11,15
2,8,3,26,4,0,0,1,0,0,0,10,5,0,0,5,4,102,2,11,3,6,11,5,8,10,4,2,1,1,1,13,0
-21,7,3,16,3,0,0,2,0,0,0,14,1,0,0,5,4,102,1,10,2,5,10,6,7,11,5,1,1,1,1,11,45
-11,6,2,16,3,0,1,1,0,0,0,7,8,0,0,5,4,102,0,9,2,5,9,5,8,10,6,2,1,1,1,11,45
9,6,3,10,3,0,1,0,0,0,0,12,3,0,0,5,4,102,0,9,3,5,9,5,7,9,5,2,0,1,2,11,0
-19,6,3,14,3,0,0,0,0,0,0,11,4,0,0,5,4,102,0,9,3,5,9,4,6,8,4,2,0,0,2,11,30
19,6,3,10,3,0,0,0,0,0,0,10,5,0,0,5,4,102,1,8,3,5,8,3,5,9,3,1,0,0,2,11,0
32,6,3,14,2,0,0,0,0,0,0,5,10,0,0,5,4,102,1,8,3,5,8,2,4,8,2,1,0,0,2,11,30
27,5,5,12,2,0,1,0,0,0,0,14,1,0,0,5,4,102,2,6,2,6,6,3,3,9,2,0,0,0,2,11,15
17,4,4,7,2,0,1,0,0,0,0,13,2,0,0,5,4,102,1,5,3,5,5,2,4,8,3,1,0,0,1,10,30
-2,4,4,7,2,0,0,0,0,0,0,11,4,0,0,5,4,102,1,5,4,5,5,1,3,8,2,1,0,0,1,10,30
2,0,0,6,6,0,0,0,0,0,0,1,14,0,0,5,4,102,1,0,0,0,0,4,6,7,6,3,0,0,2,10,15
1,0,0,5,5,0,0,0,0,0,0,14,1,0,0,5,4,102,1,0,0,0,0,3,5,6,5,3,0,0,1,10,0
41,0,0,0,4,0,0,0,0,0,0,0,4,0,1,5,4,102,0,0,0,0,0,4,5,5,5,3,0,0,1,9,0
-37,0,0,9,3,0,0,0,0,0,0,0,5,0,0,5,4,102,0,0,0,0,0,3,4,4,4,2,0,0,2,10,45
16,0,0,1,2,0,0,0,0,0,0,0,26,0,0,5,4,102,0,0,0,0,0,3,3,3,3,1,0,0,1,9,15
-35,0,0,3,1,0,0,0,0,0,0,0,27,0,0,5,4,102,0,0,0,0,0,2,2,2,2,0,0,0,1,9,45
5,0,0,2,0,0,0,0,0,0,0,0,48,0,0,5,4,102,0,0,0,0,0,1,1,1,1,0,0,0,2,9,30
84,28,2,43,0,0,0,3,0,0,0,10,5,0,0,4,4,101,0,45,2,3,10,2,3,9,4,0,3,2,2,16,45
86,27,2,45,0,0,0,4,0,0,0,2,13,0,0,4,4,101,1,43,1,4,9,2,5,8,4,0,3,2,1,17,0
46,26,3,47,1,0,0,3,0,0,0,41,4,0,0,4,4,101,1,42,1,5,9,3,4,8,4,0,2,2,1,17,15
69,26,6,41,1,0,0,2,0,0,0,24,21,0,0,4,4,101,0,42,3,7,10,3,6,9,4,1,2,2,1,15,45
-12,26,6,43,1,0,0,2,0,0,0,11,34,0,0,4,4,101,1,41,4,7,10,2,5,9,3,1,2,2,2,16,45
4,25,6,48,2,0,0,1,0,0,1,4,41,1,0,4,4,101,2,39,3,5,8,2,4,8,3,1,1,2,1,17,30
9,22,3,45,3,0,1,0,0,0,1,8,7,0,0,4,4,101,0,37,3,5,8,3,4,9,6,4,1,1,1,17,0
22,21,2,38,4,0,1,0,0,0,0,0,15,0,0,4,4,101,0,36,2,4,7,2,5,9,6,5,0,1,1,15,30
12,20,1,38,5,0,0,0,0,0,0,11,4,0,0,4,4,101,0,35,1,3,6,1,4,8,6,5,0,0,1,15,30
-1,19,1,42,5,0,0,0,0,0,0,8,7,0,0,4,4,101,0,34,2,3,8,3,5,10,6,5,0,0,2,16,0
68,19,2,35,6,0,0,0,0,0,0,21,9,0,0,4,4,101,1,32,1,3,9,3,5,10,6,5,0,0,1,15,0
8,19,3,38,5,0,0,0,0,0,0,19,11,0,0,4,4,101,1,32,1,3,9,2,4,9,5,4,0,0,1,15,30
-10,19,4,35,4,0,0,0,0,0,0,1,29,0,0,4,4,101,0,32,1,5,11,3,6,9,5,5,0,0,1,15,0
50,18,4,32,4,0,0,0,0,0,0,33,12,0,0,4,4,101,0,31,2,4,13,2,5,11,5,4,0,0,2,14,15
17,18,5,37,3,0,0,0,0,0,0,17,28,0,0,4,4,101,0,31,3,6,16,4,6,12,4,3,0,0,3,15,15
10,16,6,31,3,0,0,0,0,0,1,2,43,0,0,4,4,101,0,29,2,6,15,3,6,12,5,2,0,0,1,13,30
42,15,5,33,3,0,0,0,0,0,1,10,5,0,0,4,4,101,0,28,2,6,15,2,5,11,5,3,0,0,2,14,45
-21,15,5,33,2,0,0,0,0,0,1,7,8,0,0,4,4,101,0,28,2,7,15,2,4,10,4,2,0,0,2,14,45
55,14,8,30,2,0,1,0,0,0,1,10,5,0,0,4,4,101,1,26,4,10,14,3,6,13,4,2,0,0,1,13,15
9,13,8,29,2,0,0,0,0,0,1,3,12,0,0,4,4,101,0,26,5,11,16,2,7,13,4,2,0,0,1,13,0
175,10,6,10,3,0,1,0,0,0,1,3,12,0,0,4,4,101,0,23,5,9,14,4,7,14,6,1,0,0,2,10,30
5,9,7,27,3,0,2,2,0,0,1,12,3,0,0,4,4,101,2,19,4,7,12,5,8,16,7,1,0,0,1,12,45
49,8,6,27,4,0,2,2,0,0,0,8,7,0,0,4,4,101,2,18,4,6,11,4,9,15,7,1,0,0,1,12,45
12,8,6,25,3,0,2,2,0,0,0,8,7,0,0,4,4,101,2,18,4,6,11,3,8,14,6,1,0,0,2,12,30
-12,6,4,25,4,0,2,3,0,0,0,7,8,0,0,4,4,101,3,15,2,5,9,3,8,14,7,2,0,0,2,12,30
24,5,3,23,4,0,1,3,0,0,0,3,12,0,0,4,4,101,2,15,3,5,9,2,7,13,7,2,0,0,2,12,15
49,4,3,19,3,0,1,4,0,0,0,4,11,0,0,4,4,101,1,14,2,5,10,5,8,12,8,3,0,0,2,11,45
19,2,2,17,3,0,2,4,0,0,0,3,12,0,0,4,4,101,0,12,2,5,10,5,8,13,10,4,0,0,2,11,30
34,2,2,12,3,0,1,4,0,0,0,13,2,0,0,4,4,101,0,12,3,5,11,5,9,13,9,4,0,0,2,10,45
28,2,2,16,3,0,0,4,0,0,0,12,3,0,0,4,4,101,0,12,3,5,11,4,8,12,8,3,0,0,2,11,15
-23,2,2,21,3,0,0,3,0,0,0,10,5,0,0,4,4,101,0,12,3,5,11,3,7,11,7,3,0,0,2,12,0
9,2,2,21,3,0,0,2,0,0,0,9,6,0,0,4,4,101,0,12,4,6,12,4,7,12,6,2,0,0,2,12,0
-4,2,2,17,5,0,0,1,0,0,0,2,13,0,0,4,4,101,2,10,3,4,10,3,6,11,5,2,0,0,2,11,30
5,1,1,23,5,0,0,1,0,0,0,6,9,0,0,4,4,101,2,9,2,5,9,4,5,13,5,3,0,0,2,12,15
56,1,1,14,4,0,0,2,0,0,0,12,3,0,0,4,4,101,2,8,2,4,8,3,4,12,5,2,0,0,1,11,0
19,0,0,14,3,0,0,3,0,0,0,2,13,0,0,4,4,101,2,7,1,5,7,3,5,12,5,2,0,0,1,11,0
77,0,0,12,2,0,0,3,0,0,0,0,15,0,0,4,4,101,2,7,1,5,7,2,4,11,4,2,0,0,2,10,45
10,0,0,10,2,0,0,3,0,0,0,10,5,0,0,4,4,101,2,6,2,6,6,2,6,12,4,2,0,0,2,10,30
-73,0,0,19,4,0,0,2,0,0,0,12,3,0,0,4,4,101,0,4,4,4,4,5,8,11,7,3,0,0,2,11,45
-7,0,0,4,5,0,0,2,0,0,0,3,12,0,0,4,4,101,2,2,2,2,2,4,8,10,6,3,0,0,2,9,45
-25,0,0,6,4,0,0,2,0,0,0,0,15,0,0,4,4,101,2,2,2,2,2,4,7,9,5,3,0,0,2,10,0
21,0,0,6,5,0,0,1,0,0,0,9,6,0,0,4,4,101,1,1,1,1,1,5,7,8,6,4,0,0,2,10,0
-11,0,0,8,4,0,0,1,0,0,0,7,8,0,0,4,4,101,0,1,1,1,1,4,6,7,6,4,0,0,2,10,15
-16,0,0,2,4,0,0,1,0,0,0,0,14,0,0,4,4,101,0,0,0,0,0,4,6,6,6,4,0,0,2,9,30
-3,0,0,4,3,0,0,1,0,0,0,0,19,0,0,4,4,101,0,0,0,0,0,4,5,5,5,3,0,0,2,9,45
-6,0,0,1,2,0,0,1,0,0,0,0,20,0,0,4,4,101,0,0,0,0,0,3,4,4,4,2,0,0,2,9,15
-18,0,0,2,1,0,0,1,0,0,0,0,37,0,0,4,4,101,0,0,0,0,0,3,3,3,3,2,0,0,2,9,30
-40,0,0,8,1,0,0,0,0,0,0,0,48,0,0,4,4,101,0,0,0,0,0,2,2,2,2,2,0,0,2,10,15
-2,0,0,0,0,0,0,0,0,0,0,0,56,0,1,4,4,101,0,0,0,0,0,1,1,1,1,1,0,0,1,9,0
61,34,7,52,6,0,1,1,0,0,0,0,15,0,0,3,4,100,3,46,2,6,8,3,5,13,6,2,3,0,1,17,0
48,33,6,51,5,0,1,1,0,0,0,5,10,0,0,3,4,100,2,46,4,7,10,2,5,13,6,3,3,0,2,16,45
26,33,6,52,5,0,1,0,0,0,0,4,11,0,0,3,4,100,2,46,4,7,10,1,5,12,5,2,3,1,1,17,0
-17,29,2,54,6,0,1,2,0,0,0,2,13,1,0,3,4,100,2,42,4,4,9,4,9,14,8,5,3,2,1,17,15
53,27,0,47,6,0,1,2,0,0,1,2,13,0,0,3,4,100,2,40,2,2,9,5,9,13,9,5,3,2,2,16,15
27,27,1,49,7,0,0,2,0,0,1,5,10,0,0,3,4,100,3,39,1,3,10,6,9,13,8,5,3,2,1,16,30
21,27,1,47,6,0,0,2,0,0,1,4,11,0,0,3,4,100,3,39,1,3,10,6,8,12,7,5,2,2,2,16,15
39,27,1,39,7,0,0,1,0,0,1,11,4,0,0,3,4,100,3,38,0,2,11,6,7,12,7,4,1,1,1,15,15
32,27,1,42,7,0,0,0,0,0,1,4,11,0,0,3,4,100,3,38,0,3,11,5,6,11,6,4,1,0,2,15,30
-13,27,1,43,7,0,0,0,0,0,0,14,1,0,0,3,4,100,2,38,0,3,13,4,6,11,6,3,1,0,2,15,45
10,27,1,45,6,0,0,0,0,0,0,7,8,0,0,3,4,100,2,38,2,5,13,4,6,10,5,3,1,0,2,16,0
15,27,1,45,5,0,0,0,0,0,0,4,11,0,0,3,4,100,2,38,2,5,14,3,5,9,4,2,1,0,2,16,0
74,27,2,39,4,0,0,0,0,0,0,14,1,0,0,3,4,100,2,38,2,5,14,2,5,8,3,1,1,0,1,15,15
48,27,3,37,3,0,0,1,0,0,0,10,5,0,0,3,4,100,3,37,3,8,16,3,5,11,2,1,1,0,3,15,0
-76,26,6,49,3,0,0,2,0,0,0,0,15,0,0,3,4,100,2,35,4,10,16,3,6,12,4,1,1,1,1,16,30
6,26,6,35,2,0,0,2,0,0,0,43,2,0,0,3,4,100,1,34,6,10,16,3,5,11,4,1,1,1,1,14,30
-70,26,7,43,2,0,0,2,0,0,1,32,13,0,0,3,4,100,3,33,6,9,15,2,4,11,3,1,1,1,2,15,45
-31,24,8,37,5,0,0,1,0,0,2,13,32,0,0,3,4,100,3,29,4,7,13,3,6,11,6,4,1,1,3,15,0
29,22,8,33,5,0,0,2,1,0,1,12,3,0,0,3,4,100,3,27,4,7,14,2,7,17,7,5,1,1,1,13,30
-62,21,7,39,6,0,0,1,1,0,1,4,11,0,0,3,4,100,3,26,3,7,13,2,7,17,7,6,0,1,1,15,15
-48,17,5,36,8,0,0,1,1,0,1,9,6,0,0,3,4,100,2,23,3,5,14,5,8,19,10,8,0,0,2,14,45
61,16,4,28,8,0,0,1,1,0,0,3,12,0,0,3,4,100,1,23,4,6,15,5,7,18,10,8,0,0,2,12,45
64,16,4,26,7,0,0,1,2,0,0,14,1,0,0,3,4,100,2,22,3,6,14,4,6,17,9,7,0,0,2,12,30
50,16,4,28,7,0,0,1,2,0,0,11,4,0,0,3,4,100,3,21,2,5,13,3,5,17,8,6,0,0,2,12,45
0,15,6,30,6,0,0,1,2,0,0,3,12,0,0,3,4,100,2,21,3,7,14,3,9,17,8,6,0,0,1,13,0
-31,14,6,34,6,0,0,1,2,0,0,6,9,0,0,3,4,100,2,20,3,7,13,3,11,17,8,6,0,0,1,14,15
50,12,5,26,7,0,0,1,1,0,0,10,5,0,0,3,4,100,1,19,3,8,14,2,11,18,9,6,0,0,2,12,30
3,12,7,32,7,0,0,0,1,0,1,14,1,0,0,3,4,100,2,18,5,9,15,8,12,17,8,5,0,0,1,13,15
65,11,7,20,8,0,0,0,2,0,1,9,6,0,0,3,4,100,2,15,4,7,12,9,12,18,10,6,0,0,2,11,45
-1,11,7,22,8,0,0,0,2,0,0,5,10,0,0,3,4,100,2,15,4,7,14,9,12,18,9,5,0,0,2,12,0
84,11,7,20,7,0,0,0,2,0,0,5,10,0,0,3,4,100,2,15,5,7,14,8,11,17,8,5,0,0,2,11,45
20,10,6,24,7,0,0,0,2,0,0,4,11,0,0,3,4,100,2,14,4,7,13,7,10,16,8,6,0,0,2,12,15
34,9,5,13,7,0,0,0,1,0,0,3,12,0,0,3,4,100,1,14,4,7,13,6,9,15,8,6,0,0,3,11,0
44,9,5,24,6,0,0,0,1,0,0,2,13,0,0,3,4,100,1,14,4,7,13,6,8,14,7,5,0,0,2,12,15
12,9,5,22,5,0,0,0,1,0,0,0,15,0,0,3,4,100,1,14,4,7,13,5,7,13,6,4,0,0,2,12,0
45,9,6,18,5,0,0,0,1,0,0,12,3,0,0,3,4,100,2,13,4,6,12,4,7,13,5,4,0,0,2,11,30
25,7,4,15,5,0,0,1,1,0,0,12,3,0,0,3,4,100,2,11,3,6,11,4,7,13,6,4,0,0,2,11,15
5,7,4,18,4,0,0,1,1,0,0,9,6,0,0,3,4,100,2,11,3,6,11,3,7,12,5,3,0,0,2,11,30
73,5,2,15,3,0,0,2,1,0,0,3,12,0,0,3,4,100,1,10,3,6,10,3,6,12,6,2,0,0,2,11,15
97,4,3,4,2,0,1,3,1,0,0,12,3,0,0,3,4,100,1,8,3,5,8,4,7,13,7,2,0,0,2,9,45
-68,4,3,30,1,0,1,3,1,0,0,9,6,0,0,3,4,100,1,8,4,5,8,4,6,12,6,2,0,0,1,13,0
6,3,2,13,0,0,1,4,1,0,0,12,3,0,0,3,4,100,0,7,4,6,7,4,7,13,7,3,0,0,3,11,0
61,3,3,8,1,0,1,4,0,0,0,3,12,0,0,3,4,100,1,6,3,6,6,4,7,12,6,3,0,0,2,10,15
46,3,3,6,1,0,0,4,0,0,1,12,3,0,0,3,4,100,1,5,2,5,5,3,6,11,6,2,0,0,2,10,0
38,3,3,10,2,0,0,4,0,0,1,13,2,0,0,3,4,100,2,3,2,3,3,4,6,11,6,2,0,0,1,10,30
-10,3,3,12,2,0,0,3,0,0,1,9,6,0,0,3,4,100,2,3,3,3,3,3,5,10,5,2,0,0,2,10,45
-8,1,1,8,3,0,0,3,1,0,0,7,8,0,0,3,4,100,2,1,1,1,1,3,6,9,6,1,0,0,2,10,15
-20,1,1,15,3,0,0,2,1,0,0,14,1,0,0,3,4,100,2,1,1,1,1,3,7,8,5,1,0,0,2,11,15
27,0,0,6,4,0,0,1,1,0,0,8,7,0,0,3,4,100,2,0,0,0,0,2,6,7,5,1,0,0,2,10,0
25,0,0,0,3,0,0,1,1,0,0,6,9,0,1,3,4,100,1,0,0,0,0,3,6,6,5,1,0,0,1,9,0
7,0,0,4,3,0,0,0,1,0,0,0,8,0,0,3,4,100,0,0,0,0,0,4,5,5,5,1,0,0,2,9,45
-18,0,0,10,2,0,0,0,1,0,0,0,13,0,0,3,4,100,0,0,0,0,0,3,4,4,4,1,0,0,1,10,30
-12,0,0,2,2,0,0,0,0,0,0,0,25,0,0,3,4,100,0,0,0,0,0,3,3,3,3,1,0,0,2,9,30
15,0,0,2,1,0,0,0,0,0,0,0,31,0,0,3,4,100,0,0,0,0,0,2,2,2,2,0,0,0,2,9,30
-11,0,0,1,0,0,0,0,0,0,0,0,50,0,0,3,4,100,0,0,0,0,0,1,1,1,1,0,0,0,2,9,15
-33,33,2,47,1,0,0,0,1,0,0,5,10,1,0,2,4,99,1,45,1,4,9,2,4,7,2,1,4,1,1,17,30
69,33,2,44,0,0,0,0,1,0,0,13,2,0,0,2,4,99,1,45,2,5,9,2,3,6,1,0,4,1,1,16,45
36,31,2,39,1,0,0,0,1,0,0,29,16,0,0,2,4,99,1,43,3,7,9,2,4,8,2,2,3,1,2,15,45
5,31,2,42,1,0,0,1,0,0,0,20,25,0,0,2,4,99,2,42,4,6,8,1,3,7,1,1,3,0,2,16,30
6,30,3,38,4,0,0,2,0,0,0,4,11,0,0,2,4,99,2,37,1,3,9,3,5,9,5,1,3,1,3,15,30
-27,29,2,42,4,0,0,2,0,0,0,14,1,0,0,2,4,99,2,36,0,2,9,2,5,8,5,2,3,1,2,16,30
-66,28,1,44,4,0,0,1,0,0,0,14,1,0,0,2,4,99,1,36,1,2,11,3,4,8,5,2,3,1,1,16,45
-20,28,2,39,3,0,0,1,0,0,0,24,6,0,0,2,4,99,1,36,2,4,14,3,6,10,4,1,3,2,2,15,45
-66,28,3,46,4,0,0,0,0,0,0,16,14,0,0,2,4,99,2,35,1,5,14,2,5,10,3,1,2,2,1,17,0
14,27,2,32,4,0,0,0,0,0,0,0,30,0,0,2,4,99,1,34,1,7,15,3,4,11,4,2,2,1,2,14,15
34,27,4,33,3,0,0,0,0,0,0,27,18,0,0,2,4,99,1,34,4,9,17,3,5,10,3,1,2,1,2,14,45
15,27,5,33,3,0,0,0,0,0,0,21,24,0,0,2,4,99,2,33,5,10,16,2,5,10,2,0,2,1,2,14,45
-60,26,4,37,3,0,0,0,0,0,0,10,35,0,0,2,4,99,2,32,7,10,17,1,5,9,2,0,1,1,1,15,15
-90,24,8,35,6,0,2,1,0,0,0,3,12,0,0,2,4,99,4,25,3,6,16,4,7,13,6,2,1,1,1,15,0
11,24,8,31,5,0,2,1,0,0,0,14,1,0,0,2,4,99,4,25,4,7,16,5,6,14,5,2,1,1,1,13,30
32,22,6,28,5,0,2,1,1,0,0,7,8,0,0,2,4,99,4,23,3,6,15,4,6,15,6,3,1,1,1,13,0
-101,22,8,35,5,0,1,1,1,0,0,12,3,0,0,2,4,99,4,23,4,7,16,4,5,14,5,3,1,1,1,15,0
-154,21,8,39,6,0,0,1,1,0,0,3,12,0,0,2,4,99,3,22,3,7,15,3,5,14,6,5,0,1,2,15,45
14,21,9,28,7,0,0,0,1,0,0,14,1,0,0,2,4,99,4,21,3,6,14,2,5,14,5,4,0,0,1,13,0
28,19,8,25,7,0,0,1,1,0,0,1,14,0,0,2,4,99,4,19,2,8,15,2,5,15,6,4,0,0,1,12,30
26,16,7,25,8,0,0,1,1,0,0,7,8,0,0,2,4,99,2,17,4,8,15,4,9,19,9,6,0,0,1,12,30
21,13,6,23,9,0,0,2,0,0,0,3,12,0,0,2,4,99,1,15,6,8,15,5,10,19,11,7,0,0,2,12,15
37,12,5,19,8,0,0,2,0,0,0,2,13,0,0,2,4,99,0,15,6,8,15,5,9,18,11,6,0,0,2,11,45
-35,12,5,30,7,0,0,2,0,0,0,12,3,0,0,2,4,99,0,15,6,10,15,5,9,18,10,6,0,0,1,13,15
15,11,6,21,9,0,0,3,0,0,0,9,6,0,0,2,4,99,2,11,4,8,11,6,10,18,11,6,0,0,2,12,0
-44,11,6,27,9,0,0,3,0,0,0,5,10,0,0,2,4,99,2,10,3,7,10,6,10,17,11,6,0,0,2,12,45
10,10,5,23,9,0,0,3,0,0,0,2,13,0,0,2,4,99,2,9,2,6,9,5,10,16,11,6,0,0,2,12,15
53,10,5,15,8,0,0,3,0,0,0,14,1,0,0,2,4,99,2,9,2,6,9,5,9,16,10,5,0,0,2,11,15
7,9,5,21,8,0,0,2,0,0,0,9,6,0,0,2,4,99,1,9,4,7,9,5,11,16,10,5,0,0,2,12,0
61,9,5,12,8,0,0,2,0,0,0,7,8,0,0,2,4,99,2,8,4,6,8,4,10,15,9,4,0,0,2,10,45
9,7,5,15,8,0,0,2,0,0,0,6,9,0,0,2,4,99,1,7,4,7,7,4,10,15,10,6,0,0,2,11,15
47,7,5,6,7,0,0,2,0,0,0,0,15,0,0,2,4,99,1,7,4,7,7,5,9,15,9,6,0,0,2,10,0
45,7,6,13,7,0,0,2,1,0,0,10,5,0,0,2,4,99,2,5,3,5,5,7,10,15,9,5,0,0,2,11,0
-5,6,5,10,7,0,0,2,1,0,0,4,11,0,0,2,4,99,2,4,2,4,4,6,9,14,9,6,0,0,1,10,30
21,5,5,6,7,0,0,2,1,0,0,6,9,0,0,2,4,99,2,3,3,3,3,6,8,13,9,7,0,0,2,10,0
4,5,5,17,7,0,0,1,1,0,0,4,11,0,0,2,4,99,2,3,3,3,3,5,7,12,8,6,0,0,2,11,30
-21,5,5,17,7,0,0,0,1,0,0,14,1,0,0,2,4,99,2,3,3,3,3,5,7,11,7,5,0,0,2,11,30
32,5,5,13,6,0,0,0,1,0,0,13,2,0,0,2,4,99,2,3,3,3,3,4,6,10,6,5,0,0,2,11,0
42,4,4,8,5,0,0,0,1,0,0,12,3,0,0,2,4,99,1,3,3,3,3,3,6,9,6,5,0,0,2,10,15
-28,2,2,19,6,0,0,1,1,0,0,9,6,0,0,2,4,99,2,0,0,0,0,3,6,9,7,4,0,0,2,11,45
50,1,1,8,5,0,0,1,1,0,0,14,1,0,0,2,4,99,1,0,0,0,0,3,6,8,7,3,0,0,2,10,15
16,1,1,10,4,0,0,1,1,0,0,10,5,0,0,2,4,99,1,0,0,0,0,3,6,7,6,2,0,0,1,10,30
25,0,0,1,3,0,0,1,1,0,0,2,13,0,0,2,4,99,0,0,0,0,0,4,5,6,6,2,0,0,2,9,15
27,0,0,4,2,0,0,1,1,0,0,0,2,0,0,2,4,99,0,0,0,0,0,4,4,5,5,2,0,0,2,9,45
13,0,0,4,1,0,0,1,1,0,0,0,16,0,0,2,4,99,0,0,0,0,0,3,3,4,4,1,0,0,2,9,45
16,0,0,2,0,0,0,1,1,0,0,0,28,0,0,2,4,99,0,0,0,0,0,2,3,3,3,1,0,0,2,9,30
0,0,0,2,0,0,0,0,1,0,0,0,32,0,0,2,4,99,0,0,0,0,0,1,2,2,2,1,0,0,2,9,30
18,0,0,0,0,0,0,0,0,0,0,0,76,0,1,2,4,99,0,0,0,0,0,1,1,1,1,1,0,0,1,9,0
10,28,3,48,3,0,1,2,0,0,0,6,9,1,0,6,4,96,2,42,2,3,9,2,4,8,5,4,4,1,1,17,30
-14,27,2,47,3,0,0,2,0,0,0,9,6,0,0,6,4,96,0,42,3,5,10,1,4,8,6,6,4,1,1,17,0
63,27,5,46,6,0,0,1,0,0,0,3,27,0,0,6,4,96,2,39,3,5,9,3,5,12,6,6,3,2,1,16,45
58,26,4,42,6,0,0,0,0,0,0,10,5,0,0,6,4,96,1,39,4,6,11,4,4,12,6,6,3,1,2,16,0
-10,25,5,44,6,0,0,1,0,0,0,14,1,0,0,6,4,96,2,37,2,5,11,3,5,12,6,5,3,1,1,16,30
41,24,4,44,5,0,0,2,0,0,0,1,14,0,0,6,4,96,1,36,2,4,10,2,6,12,7,5,3,1,1,16,30
92,24,4,42,4,0,0,2,1,0,0,1,14,0,0,6,4,96,2,35,1,3,9,1,5,11,6,4,2,1,2,16,0
30,21,3,34,5,0,1,1,1,0,0,7,8,0,0,6,4,96,0,33,2,6,8,5,9,16,9,4,2,1,2,15,0
-19,21,4,36,5,0,0,1,1,0,0,2,13,0,0,6,4,96,0,33,2,6,9,4,8,15,8,4,2,1,2,15,15
3,20,4,38,6,0,0,0,1,0,0,5,10,0,0,6,4,96,0,32,1,6,9,5,7,14,8,4,2,1,2,15,30
71,20,4,32,5,0,0,0,1,0,0,2,13,0,0,6,4,96,0,32,2,6,10,4,7,13,7,3,2,1,2,14,45
72,20,4,38,4,0,0,0,2,0,0,14,1,0,0,6,4,96,1,31,3,5,9,3,6,12,6,2,2,1,2,15,30
-7,20,4,40,3,0,0,0,2,0,0,57,3,0,0,6,4,96,0,31,5,6,11,4,7,12,6,2,1,1,2,15,45
25,20,4,34,3,0,0,0,1,0,0,51,9,0,0,6,4,96,0,31,5,6,13,3,7,12,5,2,1,0,2,15,0
29,19,3,30,3,0,1,0,1,0,1,43,17,0,0,6,4,96,2,28,2,3,10,3,8,12,5,2,1,0,1,14,15
9,18,2,32,2,0,1,0,1,0,1,38,22,0,0,6,4,96,1,28,2,3,10,2,7,11,5,2,1,0,2,14,45
-12,16,1,31,3,0,1,0,0,0,2,19,41,0,0,6,4,96,1,26,1,3,9,5,7,11,6,3,1,0,2,14,30
9,16,1,40,2,0,1,0,0,0,2,4,56,0,0,6,4,96,0,26,2,6,11,6,6,11,6,2,1,0,2,15,45
-106,16,1,36,2,0,1,0,0,0,1,2,58,0,0,6,4,96,0,26,2,6,11,5,5,11,5,2,1,0,2,15,15
46,16,2,29,2,0,1,0,0,0,1,10,5,0,0,6,4,96,1,25,1,6,11,4,5,10,4,2,1,0,1,13,15
57,16,3,27,2,0,1,0,0,0,0,5,10,0,0,6,4,96,1,25,2,7,12,3,5,9,3,2,1,0,1,13,0
48,16,3,27,2,0,0,0,0,0,0,3,12,0,0,6,4,96,1,25,3,7,13,2,5,8,2,1,1,0,1,13,0
62,16,4,25,1,0,0,0,0,0,0,7,8,0,0,6,4,96,1,25,4,7,14,1,4,7,1,1,1,0,2,12,45
-6,15,5,25,4,0,0,1,0,0,0,1,14,0,0,6,4,96,2,20,2,5,12,3,6,12,4,1,1,0,2,12,45
-1,14,4,23,4,0,0,2,0,0,0,9,6,0,0,6,4,96,2,18,0,4,10,3,5,12,5,1,1,0,2,12,30
-6,13,5,23,3,0,0,2,0,0,0,4,11,0,0,6,4,96,1,18,1,6,12,2,4,12,5,1,1,0,2,12,30
8,12,4,20,2,0,0,2,0,0,0,0,15,0,0,6,4,96,0,18,4,8,14,3,4,12,5,2,1,0,2,12,0
24,10,4,21,2,0,1,3,0,0,0,19,11,0,0,6,4,96,1,15,5,6,12,3,6,12,6,3,1,0,2,12,15
-1,10,4,21,2,0,1,2,0,0,0,18,12,0,0,6,4,96,1,15,5,6,13,2,6,11,5,3,1,0,2,12,15
37,8,4,14,4,0,0,2,2,0,0,7,8,0,0,6,4,96,2,11,2,5,11,4,8,15,7,6,1,1,1,10,45
-28,7,6,16,3,0,0,3,2,0,0,0,15,0,0,6,4,96,1,10,4,7,10,7,8,17,8,7,1,1,2,11,30
41,7,6,16,2,0,1,3,2,0,0,13,2,0,0,6,4,96,2,9,3,6,9,6,7,16,7,6,1,1,2,11,30
13,7,6,18,2,0,1,2,2,0,0,11,4,0,0,6,4,96,1,9,3,6,9,5,7,15,7,5,1,1,1,11,45
5,6,5,15,1,0,1,2,2,0,0,3,12,0,0,6,4,96,0,9,4,7,9,5,6,14,7,5,1,1,2,11,0
64,6,5,9,1,0,1,2,2,0,0,1,14,0,0,6,4,96,1,8,4,6,8,4,5,13,6,4,0,1,2,10,15
9,6,6,9,1,0,0,2,2,0,0,11,4,0,0,6,4,96,1,8,4,7,8,3,5,12,5,3,0,0,2,10,15
37,6,6,12,1,0,0,2,1,0,0,9,6,0,0,6,4,96,1,8,4,8,8,2,4,11,4,2,0,0,1,10,30
-59,4,4,18,0,0,1,2,2,0,1,4,11,0,0,6,4,96,2,5,3,5,5,2,7,12,5,3,0,0,1,11,45
9,1,1,5,1,0,2,2,2,0,0,13,2,0,0,6,4,96,0,3,3,3,3,5,9,11,8,4,0,0,2,9,45
-43,1,1,9,1,0,2,2,2,0,0,1,14,0,0,6,4,96,1,1,2,2,2,5,8,10,7,3,0,0,2,10,15
-3,0,0,12,2,0,3,1,2,0,0,0,15,0,0,6,4,96,1,0,0,0,0,7,7,9,8,3,0,0,1,10,30
5,0,0,2,2,0,3,1,1,0,0,0,1,0,0,6,4,96,1,0,0,0,0,6,6,8,7,3,0,0,2,9,30
3,0,0,5,2,0,2,1,1,0,0,0,2,0,0,6,4,96,1,0,0,0,0,5,6,7,6,2,0,0,2,9,45
4,0,0,2,2,0,1,1,1,0,0,0,2,0,0,6,4,96,1,0,0,0,0,4,5,6,5,1,0,0,2,9,30
6,0,0,7,2,0,1,0,1,0,0,0,17,0,0,6,4,96,0,0,0,0,0,3,5,5,5,2,0,0,3,10,0
-19,0,0,2,2,0,0,0,1,0,0,0,22,0,0,6,4,96,0,0,0,0,0,2,4,4,4,1,0,0,2,9,30
87,0,0,1,2,0,0,0,0,0,0,0,27,0,0,6,4,96,0,0,0,0,0,1,3,3,3,1,0,0,3,9,15
13,0,0,0,1,0,0,0,0,0,0,0,61,0,1,6,4,96,0,0,0,0,0,2,2,2,2,1,0,0,1,9,0
-66,0,0,7,0,0,0,0,0,0,0,0,71,0,0,6,4,96,0,0,0,0,0,1,1,1,1,1,0,0,3,10,0
115,33,2,38,0,0,0,0,0,0,0,43,0,0,0,5,4,95,0,43,1,3,5,1,2,4,1,1,4,0,2,16,30
19,31,1,42,0,0,0,1,0,0,0,8,7,0,0,5,4,95,0,41,1,2,9,2,3,3,2,1,4,0,1,17,15
6,30,0,43,1,0,0,0,0,0,0,19,11,1,0,5,4,95,0,40,1,2,8,1,2,3,2,1,4,0,1,17,30
19,30,4,40,0,0,0,1,0,0,0,40,5,0,0,5,4,95,1,39,1,6,10,1,1,7,1,1,4,0,1,16,45
-21,25,3,40,7,0,0,0,0,0,0,9,6,0,0,5,4,95,1,32,2,7,14,3,6,12,7,4,4,1,1,16,45
33,25,4,32,6,0,0,0,0,0,0,10,5,0,0,5,4,95,0,32,3,8,15,5,6,12,7,3,4,1,2,15,0
-5,25,6,34,6,0,1,0,0,0,0,9,6,0,0,5,4,95,1,30,5,7,14,4,5,12,7,3,3,1,1,15,15
65,25,6,29,5,0,2,0,0,0,0,6,9,0,0,5,4,95,2,29,4,7,14,3,5,11,6,3,3,0,2,14,30
25,25,6,32,4,0,2,0,0,0,0,5,10,0,0,5,4,95,2,29,4,7,15,2,5,10,5,2,3,1,2,15,0
31,25,7,36,3,0,2,0,0,0,0,14,1,0,0,5,4,95,2,29,4,8,15,1,4,10,4,1,3,1,1,15,30
0,21,8,28,7,0,2,0,0,0,0,26,19,0,0,5,4,95,2,24,3,7,13,3,7,13,8,2,3,1,1,14,15
51,19,7,30,7,0,2,0,0,0,0,8,37,0,0,5,4,95,1,23,5,8,14,5,7,14,9,2,3,2,2,14,45
-29,19,8,34,8,0,1,0,0,0,0,6,39,0,0,5,4,95,2,22,4,7,13,4,6,13,8,2,2,2,1,15,15
-85,18,8,38,8,0,1,0,0,0,0,10,5,0,0,5,4,95,2,21,4,7,13,4,6,13,8,2,2,1,2,16,30
56,16,7,27,10,0,0,1,0,0,0,12,3,0,0,5,4,95,3,18,2,5,11,4,8,13,9,3,2,1,1,13,30
72,15,6,26,9,0,0,1,0,0,0,9,6,0,0,5,4,95,2,18,2,5,13,3,7,13,9,4,2,1,1,13,15
59,15,6,20,8,0,0,1,0,0,0,3,12,0,0,5,4,95,2,18,4,6,13,3,7,13,8,4,2,1,2,12,30
-92,12,4,37,8,0,0,2,0,0,0,2,13,0,0,5,4,95,1,16,3,5,13,2,7,14,10,6,1,1,2,15,45
68,10,4,22,9,0,0,2,0,0,0,3,12,0,0,5,4,95,1,14,2,6,12,5,7,15,11,7,1,0,2,12,45
74,9,5,20,9,0,0,2,0,0,0,0,15,0,0,5,4,95,1,13,3,6,11,6,7,15,11,7,1,0,2,12,30
55,9,5,18,8,0,0,2,0,0,0,13,2,0,0,5,4,95,1,13,4,6,11,5,7,15,10,6,1,0,2,12,15
59,9,5,24,7,0,0,2,0,0,0,13,2,0,0,5,4,95,1,13,4,6,11,4,6,14,9,5,1,0,1,13,0
82,9,5,16,6,0,0,2,0,0,0,8,7,0,0,5,4,95,1,13,4,8,11,3,6,14,8,4,1,0,2,12,0
76,8,5,14,8,0,0,1,0,0,0,3,12,0,0,5,4,95,1,11,4,8,10,3,7,17,9,4,1,0,2,11,45
38,8,6,22,7,0,0,2,0,0,0,1,14,0,0,5,4,95,2,10,3,7,9,2,7,16,8,3,1,0,2,12,45
58,5,4,16,8,0,0,2,0,0,0,12,3,0,0,5,4,95,1,8,3,6,8,4,8,16,10,2,1,0,2,12,0
30,4,4,10,7,0,1,2,0,0,0,14,1,0,0,5,4,95,1,7,4,5,7,5,8,15,10,2,1,0,2,11,15
38,4,4,10,7,0,1,2,0,0,0,10,5,0,0,5,4,95,1,6,4,4,6,4,9,16,10,3,1,0,2,11,15
27,4,4,8,7,0,1,2,0,0,0,5,10,0,0,5,4,95,2,5,3,3,5,5,10,15,9,3,1,1,2,11,0
47,3,3,4,8,0,0,2,0,0,0,4,11,0,0,5,4,95,1,4,2,3,4,5,11,15,10,5,1,1,2,10,30
78,3,3,12,7,0,0,2,0,0,1,3,12,0,0,5,4,95,2,3,1,2,3,4,10,14,9,4,1,1,2,11,30
140,1,1,2,7,0,1,1,0,0,1,9,6,0,0,5,4,95,1,2,0,1,2,5,9,13,10,4,1,1,2,10,15
93,1,1,6,6,0,1,1,0,0,1,5,10,0,0,5,4,95,1,2,0,2,2,6,8,12,9,4,1,1,2,10,45
45,1,1,2,5,0,1,1,0,0,1,11,4,0,0,5,4,95,1,2,1,2,2,6,8,11,8,4,1,1,2,10,15
66,0,0,12,4,0,1,1,0,0,1,13,2,0,0,5,4,95,0,2,1,2,2,6,8,10,8,4,1,1,2,11,30
-85,0,0,18,3,0,1,1,0,0,1,10,5,0,0,5,4,95,0,2,1,2,2,5,8,9,7,3,1,1,2,12,15
-34,0,0,14,2,0,1,1,0,0,1,8,7,0,0,5,4,95,0,2,1,2,2,4,7,8,6,2,0,1,2,11,45
37,0,0,8,2,0,1,0,0,0,1,6,9,0,0,5,4,95,0,2,1,2,2,3,6,7,5,1,0,0,2,11,0
10,0,0,4,3,0,1,0,0,0,0,2,13,0,0,5,4,95,1,1,1,1,1,2,5,6,4,1,0,0,2,10,30
35,0,0,0,3,0,0,0,0,0,0,10,5,0,1,5,4,95,1,1,1,1,1,2,5,5,3,1,0,0,1,9,45
-307,0,0,30,2,0,1,0,0,0,0,0,15,0,0,5,4,95,1,0,0,0,0,4,4,4,3,1,0,0,2,14,45
2,0,0,6,1,0,1,0,0,0,0,0,31,0,0,5,4,95,0,0,0,0,0,3,3,3,3,0,0,0,2,10,45
-62,0,0,24,0,0,1,0,0,0,0,0,32,0,0,5,4,95,0,0,0,0,0,2,2,2,2,0,0,0,1,13,0
-31,0,0,1,0,0,0,0,0,0,0,0,45,0,0,5,4,95,0,0,0,0,0,1,1,1,1,0,0,0,2,10,0
85,27,2,41,0,0,0,0,0,0,1,17,0,0,0,4,4,94,0,46,3,4,10,2,2,7,2,0,9,1,2,16,45
30,27,2,47,2,0,0,0,0,0,0,14,1,1,0,4,4,94,2,44,1,4,10,1,4,6,1,0,9,1,1,17,30
24,25,1,41,2,0,2,0,0,0,0,9,6,0,0,4,4,94,1,41,2,5,11,4,5,10,4,2,9,2,2,16,45
-31,25,1,45,3,0,1,0,0,0,0,6,9,0,0,4,4,94,2,40,2,6,10,3,4,9,3,1,8,2,1,17,15
11,25,1,45,2,0,1,0,0,0,0,2,13,0,0,4,4,94,1,40,2,6,10,2,3,8,3,1,8,1,1,17,15
-26,25,1,43,2,0,0,0,0,0,0,24,6,0,0,4,4,94,1,40,3,6,11,1,3,8,2,0,7,2,2,17,0
-23,24,2,39,3,0,0,2,0,0,0,4,11,0,0,4,4,94,2,36,2,5,9,2,5,9,4,2,7,1,2,16,30
-9,24,3,43,2,0,0,4,0,0,0,14,1,0,0,4,4,94,2,34,2,4,9,2,5,10,5,3,6,1,2,17,0
66,24,3,34,1,0,0,4,0,0,0,4,11,0,0,4,4,94,0,34,3,5,10,3,6,11,6,5,6,1,2,15,15
-28,22,1,39,2,0,0,4,0,0,0,11,4,0,0,4,4,94,0,32,2,4,10,3,6,12,7,5,6,1,2,16,30
-8,22,1,35,2,0,0,3,0,0,0,8,7,0,0,4,4,94,0,32,3,4,10,3,5,11,6,4,6,1,1,15,30
-15,22,1,38,2,0,0,3,0,0,0,13,2,0,0,4,4,94,1,30,2,4,10,4,4,11,5,3,6,1,2,16,0
-8,21,2,35,4,0,0,2,0,0,0,9,6,0,0,4,4,94,1,29,1,5,11,3,5,12,6,3,6,1,1,15,30
-4,21,3,37,4,0,0,1,0,0,0,7,8,0,0,4,4,94,1,29,1,5,12,2,5,11,5,2,5,1,1,15,45
47,21,3,28,3,0,0,1,0,0,0,3,12,0,0,4,4,94,1,29,2,5,12,1,5,10,4,1,5,0,1,14,15
12,20,4,30,5,0,1,1,0,0,0,1,44,0,0,4,4,94,2,25,2,5,11,5,8,13,6,2,5,1,2,14,45
-46,20,4,32,4,0,1,1,0,0,0,0,45,0,0,4,4,94,2,25,2,5,12,5,7,12,5,1,5,1,1,15,0
-24,19,4,32,5,0,1,0,0,0,0,9,6,0,0,4,4,94,2,24,2,6,12,4,7,11,5,2,5,1,1,15,0
28,18,3,24,5,0,0,0,0,0,0,5,10,0,0,4,4,94,1,24,2,7,12,4,6,11,5,2,5,1,1,13,0
9,18,5,26,5,0,0,0,0,0,0,6,9,0,0,4,4,94,1,23,3,7,13,4,6,11,5,2,5,1,1,13,15
-53,18,5,30,4,0,0,0,0,0,0,0,15,0,0,4,4,94,1,23,3,7,15,3,5,11,4,2,5,1,2,14,45
3,18,5,29,4,0,0,0,0,0,0,8,7,0,0,4,4,94,2,22,4,6,16,3,4,11,3,1,5,1,2,14,30
-13,17,5,27,4,0,0,1,0,0,0,8,7,0,0,4,4,94,3,20,4,5,15,3,4,13,3,2,4,1,1,13,30
37,15,4,24,3,0,0,2,0,0,0,11,4,0,0,4,4,94,1,19,3,7,15,2,5,13,5,3,4,1,1,13,0
4,14,4,21,4,0,0,2,0,0,0,3,12,0,0,4,4,94,2,17,1,5,13,1,5,12,5,4,4,1,1,12,30
13,12,6,21,3,0,0,3,0,0,0,2,13,0,0,4,4,94,0,16,4,10,14,4,7,13,7,7,4,3,1,12,30
31,12,8,17,4,0,0,2,0,0,0,5,10,0,0,4,4,94,1,15,6,11,14,5,9,13,6,6,4,3,2,11,45
-13,12,8,23,5,0,0,1,0,0,0,3,12,0,0,4,4,94,2,14,5,10,13,4,8,13,5,5,3,3,2,12,45
19,10,6,18,5,0,0,2,0,0,0,5,10,0,0,4,4,94,2,12,6,8,12,4,8,12,6,4,3,3,1,12,0
29,9,6,18,5,0,0,2,1,0,0,8,7,0,0,4,4,94,2,10,5,7,10,6,8,13,7,3,3,3,1,12,0
-11,9,6,16,4,0,0,2,1,0,0,6,9,0,0,4,4,94,1,10,6,7,10,5,7,12,7,2,2,3,1,11,30
51,7,5,13,5,0,0,3,1,0,1,8,7,0,0,4,4,94,3,6,2,4,6,5,6,13,8,3,1,2,2,11,0
-7,6,4,14,5,0,0,3,1,0,1,0,15,0,0,4,4,94,3,5,2,3,5,5,7,14,8,3,1,1,1,11,15
-25,6,5,20,4,0,0,3,1,0,1,12,3,0,0,4,4,94,3,5,2,4,5,4,6,13,7,3,1,1,2,12,15
56,6,5,9,3,0,0,3,1,0,1,11,4,0,0,4,4,94,3,5,2,4,5,3,5,12,6,2,1,1,2,10,30
4,4,3,11,4,0,0,3,1,0,0,1,14,0,0,4,4,94,2,4,2,3,4,2,5,13,7,3,0,1,1,10,45
16,4,4,14,4,0,0,3,1,0,0,1,14,0,0,4,4,94,3,3,1,3,3,3,4,12,6,2,0,0,1,11,15
45,2,2,9,4,0,0,3,1,0,0,7,8,0,0,4,4,94,2,2,2,2,2,3,7,11,7,2,0,0,2,10,30
55,2,2,3,3,0,0,3,1,0,0,1,14,0,0,4,4,94,2,2,2,2,2,2,7,10,6,2,0,0,2,9,45
41,1,1,7,3,0,0,3,1,0,0,5,10,0,0,4,4,94,2,1,1,1,1,4,9,9,6,2,0,0,2,10,15
27,0,0,0,2,0,0,4,1,0,0,9,21,0,1,4,4,94,0,0,0,0,0,7,8,8,8,4,0,0,2,9,0
13,0,0,5,1,0,0,4,1,0,0,9,21,0,0,4,4,94,0,0,0,0,0,6,7,7,7,4,0,0,2,10,0
77,0,0,3,1,0,0,4,0,0,0,6,24,0,0,4,4,94,0,0,0,0,0,5,6,6,6,4,0,0,2,9,45
25,0,0,7,1,0,0,3,0,0,0,3,27,0,0,4,4,94,0,0,0,0,0,5,5,5,5,3,0,0,2,10,15
14,0,0,1,1,0,0,2,0,0,0,0,10,0,0,4,4,94,0,0,0,0,0,4,4,4,4,3,0,0,2,9,30
30,0,0,1,0,0,0,2,0,0,0,0,15,0,0,4,4,94,0,0,0,0,0,3,3,3,3,2,0,0,2,9,30
-47,0,0,5,0,0,0,1,0,0,0,0,20,0,0,4,4,94,0,0,0,0,0,2,2,2,2,2,0,0,2,10,0
-76,0,0,11,0,0,0,0,0,0,0,0,25,0,0,4,4,94,0,0,0,0,0,1,1,1,1,1,0,0,1,10,45
44,27,4,44,4,0,2,2,0,0,0,5,10,0,0,3,4,93,1,40,3,6,11,7,8,12,8,3,7,3,2,16,45
26,27,4,42,5,0,1,2,0,0,0,4,11,0,0,3,4,93,2,39,2,5,10,6,7,11,7,3,7,3,2,16,30
40,27,4,42,5,0,1,1,0,0,0,2,13,0,0,3,4,93,2,39,2,5,11,5,6,10,6,3,7,3,2,16,30
-26,27,4,48,4,0,1,1,0,0,0,1,14,1,0,3,4,93,2,39,2,5,11,4,5,9,5,2,7,3,1,17,30
-11,27,4,46,3,0,1,1,0,0,0,9,6,0,0,3,4,93,1,39,3,6,12,4,4,8,5,1,7,3,1,17,0
-12,24,2,46,4,0,0,2,0,0,0,11,4,0,0,3,4,93,0,37,1,5,12,3,3,8,7,2,6,3,1,17,0
5,24,3,41,3,0,0,2,0,0,0,6,9,0,0,3,4,93,0,37,3,5,12,2,3,7,6,2,5,3,2,16,15
14,24,3,39,2,0,0,2,0,0,0,1,14,0,0,3,4,93,0,37,3,6,12,1,2,7,5,2,4,2,1,16,0
98,21,1,30,5,0,0,2,0,0,1,8,7,0,0,3,4,93,1,32,3,7,10,4,5,14,8,3,3,2,2,15,0
6,21,3,33,5,0,0,3,0,0,0,9,6,0,0,3,4,93,2,31,4,6,9,3,6,14,7,3,3,2,2,15,15
53,21,3,37,4,0,0,3,0,0,0,4,11,0,0,3,4,93,1,31,5,7,10,2,6,13,7,2,3,2,2,15,45
2,21,4,37,5,0,0,3,0,0,0,11,4,0,0,3,4,93,2,29,4,5,10,2,6,14,7,2,2,2,2,15,45
23,20,3,28,7,0,0,4,0,0,0,41,4,0,0,3,4,93,3,25,1,2,10,5,8,15,9,3,2,1,3,14,45
41,19,2,35,7,0,0,3,0,0,0,33,12,0,0,3,4,93,2,25,1,3,11,4,9,15,9,4,1,1,2,15,30
-44,19,3,39,6,0,0,3,0,0,0,28,17,0,0,3,4,93,2,25,1,3,12,4,9,14,8,4,1,0,1,16,0
-19,18,3,44,5,0,0,3,0,0,0,22,23,0,0,3,4,93,1,25,1,4,13,3,8,13,8,3,1,0,2,16,45
-56,18,3,35,5,0,0,3,0,0,0,15,30,0,0,3,4,93,2,24,0,5,13,4,7,13,7,3,1,0,2,15,30
-23,17,3,33,5,0,0,2,0,0,0,14,1,0,0,3,4,93,1,24,2,7,15,6,9,13,7,3,1,0,2,15,15
34,17,4,25,4,0,0,2,0,0,0,5,10,0,0,3,4,93,1,24,3,8,16,5,9,12,6,3,1,0,1,13,30
-2,17,4,28,3,0,0,2,0,0,0,5,10,0,0,3,4,93,1,24,3,8,16,4,8,11,5,2,1,0,3,14,45
9,17,5,26,2,0,1,2,0,0,0,10,5,0,0,3,4,93,2,23,4,8,15,5,7,11,4,1,1,0,1,14,15
-37,17,5,30,1,0,1,3,0,0,0,9,6,0,0,3,4,93,3,22,3,8,14,4,6,10,3,0,1,0,2,15,0
41,16,5,23,0,0,1,3,0,0,0,1,14,0,0,3,4,93,2,22,4,9,14,3,6,9,3,1,1,0,1,13,0
43,15,6,24,1,0,3,2,0,0,0,29,1,0,0,3,4,93,2,19,4,8,12,4,6,10,5,3,1,0,1,13,15
62,15,7,18,1,0,2,2,0,0,0,28,2,0,0,3,4,93,2,19,4,8,12,3,5,10,4,3,1,0,2,12,0
-101,14,6,27,3,0,1,2,0,0,0,14,16,0,0,3,4,93,2,17,4,8,10,3,5,13,5,4,1,1,2,14,30
-128,14,6,30,3,0,1,1,0,0,0,12,18,0,0,3,4,93,2,17,4,9,10,2,4,13,4,3,1,1,2,15,0
-8,12,7,22,5,0,1,1,0,0,0,6,9,0,0,3,4,93,2,14,5,6,8,3,4,13,6,4,1,1,1,12,45
69,10,6,16,6,0,1,1,0,0,0,5,10,0,0,3,4,93,2,12,4,4,9,2,5,13,7,3,1,1,2,11,45
44,8,4,14,6,0,0,1,0,0,1,10,5,0,0,3,4,93,1,10,3,4,10,2,6,13,8,5,0,1,2,11,30
23,6,3,18,6,0,0,2,1,0,1,4,11,0,0,3,4,93,2,8,1,1,8,3,9,14,9,5,0,0,2,12,0
20,4,1,20,5,0,0,2,1,0,1,11,4,0,0,3,4,93,0,8,1,4,8,8,10,13,10,5,0,0,1,12,15
-4,4,1,20,4,0,0,2,1,0,1,8,7,0,0,3,4,93,0,8,1,4,8,7,9,13,9,4,0,0,1,12,15
25,4,2,11,5,0,0,2,0,0,1,13,2,0,0,3,4,93,1,7,0,5,7,7,9,13,8,4,0,0,1,11,0
20,4,2,10,5,0,0,2,0,0,0,12,3,0,0,3,4,93,1,7,0,5,7,6,8,12,7,4,0,0,2,10,45
17,4,2,16,4,0,0,2,0,0,0,9,6,0,0,3,4,93,1,7,1,6,7,5,7,11,6,4,0,0,2,11,45
15,4,3,14,3,0,0,2,0,0,0,7,8,0,0,3,4,93,1,7,1,6,7,4,6,10,5,4,0,0,2,11,30
43,3,2,11,3,0,0,1,0,0,0,0,15,0,0,3,4,93,0,7,3,6,7,4,6,10,5,4,0,0,1,11,0
40,3,2,13,2,0,0,1,0,0,0,12,3,0,0,3,4,93,0,7,3,6,7,3,5,9,4,3,0,0,2,11,15
45,3,3,8,2,0,0,0,0,0,0,14,1,0,0,3,4,93,0,7,5,7,7,3,5,9,3,3,0,0,1,10,30
72,3,3,6,2,0,0,0,0,0,0,5,10,0,0,3,4,93,0,6,5,6,6,3,4,9,3,2,0,0,2,10,15
50,2,2,4,4,0,0,1,0,0,0,14,1,0,0,3,4,93,1,2,2,2,2,3,5,8,5,2,0,0,1,9,45
-25,1,1,8,4,0,0,1,0,0,0,6,9,0,0,3,4,93,1,1,1,1,1,2,4,7,5,2,0,0,1,10,30
-14,1,1,5,4,0,0,1,0,0,0,9,6,0,0,3,4,93,2,0,0,0,0,2,4,6,4,2,0,0,2,10,0
-4,0,0,1,3,0,0,1,0,0,0,0,5,0,0,3,4,93,0,0,0,0,0,3,5,5,5,2,0,0,2,9,15
24,0,0,0,2,0,0,1,0,0,0,0,12,0,1,3,4,93,0,0,0,0,0,3,4,4,4,2,0,0,1,9,0
-23,0,0,6,1,0,0,1,0,0,0,0,28,0,0,3,4,93,0,0,0,0,0,3,3,3,3,2,0,0,2,10,15
19,0,0,2,1,0,0,0,0,0,0,0,39,0,0,3,4,93,0,0,0,0,0,2,2,2,2,2,0,0,1,9,30
7,0,0,2,0,0,0,0,0,0,0,0,52,0,0,3,4,93,0,0,0,0,0,1,1,1,1,1,0,0,1,9,30
-7,34,3,46,0,0,1,0,0,0,0,12,18,1,0,2,4,92,0,45,2,5,13,2,2,5,2,1,5,1,1,17,30
29,34,5,45,1,0,0,0,0,0,0,9,6,0,0,2,4,92,1,44,3,7,13,1,1,6,1,1,4,1,1,17,0
11,28,3,41,5,0,1,1,0,0,0,11,4,0,0,2,4,92,1,37,5,7,12,3,6,12,7,3,4,1,2,16,30
22,28,3,40,4,0,1,1,0,0,0,9,6,0,0,2,4,92,1,37,5,7,12,2,5,11,6,2,4,1,2,16,0
55,28,3,36,5,0,0,3,0,0,0,7,8,0,0,2,4,92,3,34,3,5,11,3,5,12,6,2,3,2,2,15,15
-27,27,2,41,7,0,0,3,0,0,0,12,3,0,0,2,4,92,3,31,1,3,10,4,8,12,8,4,3,1,2,16,30
2,27,3,43,6,0,0,3,0,0,0,10,5,0,0,2,4,92,3,31,1,3,10,3,7,11,7,3,3,1,1,16,45
63,27,4,34,5,0,0,3,0,0,0,6,9,0,0,2,4,92,3,31,2,4,11,2,6,10,6,3,3,1,1,15,0
0,25,4,39,5,0,0,3,0,0,0,17,13,0,0,2,4,92,2,30,2,5,12,4,7,11,7,4,2,2,1,15,45
94,25,6,29,5,0,0,3,0,0,0,2,28,0,0,2,4,92,3,29,2,6,13,5,7,10,6,3,2,2,1,13,15
49,25,6,31,4,0,0,3,0,0,0,0,30,0,0,2,4,92,3,29,2,6,13,4,6,9,5,2,2,2,2,14,15
-66,25,6,43,3,0,0,3,0,0,0,44,1,0,0,2,4,92,2,29,2,6,13,3,5,8,5,2,2,2,1,16,45
-10,25,7,37,4,0,0,2,0,0,0,28,17,0,0,2,4,92,2,28,4,7,15,4,5,8,5,2,2,2,1,15,30
-49,23,6,34,4,0,0,2,0,0,0,18,27,0,0,2,4,92,1,27,4,7,15,3,4,8,6,3,1,2,1,15,0
-30,22,6,32,5,0,0,2,0,0,0,9,36,0,0,2,4,92,2,25,3,5,13,3,5,8,6,3,1,1,2,14,45
-17,21,5,37,5,0,1,1,0,0,0,0,45,0,0,2,4,92,2,24,3,6,13,2,4,7,6,3,0,1,1,15,30
0,19,4,32,4,0,1,2,0,0,0,12,3,0,0,2,4,92,1,23,3,7,15,2,3,10,7,4,0,0,2,14,45
26,17,5,30,5,0,1,3,0,0,0,2,13,0,0,2,4,92,2,20,4,8,15,2,4,13,8,5,0,0,1,13,30
30,16,5,27,5,0,0,3,0,0,0,12,3,0,0,2,4,92,0,20,4,8,16,1,3,14,9,5,0,0,1,13,0
75,14,8,23,7,0,1,4,1,0,0,4,11,0,0,2,4,92,2,14,3,7,13,3,8,15,12,6,0,0,2,12,30
42,13,7,19,7,0,1,4,1,0,0,10,5,0,0,2,4,92,2,13,3,8,12,3,9,15,12,6,0,0,2,12,0
34,11,6,23,8,0,1,3,1,0,0,11,4,0,0,2,4,92,1,12,4,8,12,5,11,16,13,7,0,0,2,12,30
-28,11,7,27,8,0,1,3,1,0,0,0,15,0,0,2,4,92,2,11,6,7,11,5,11,15,12,7,0,0,1,13,0
59,9,6,12,9,0,0,3,1,0,0,3,12,0,0,2,4,92,1,10,5,8,10,7,11,16,13,8,0,0,2,11,0
114,8,5,19,8,0,0,4,1,0,0,1,14,0,0,2,4,92,1,9,4,7,9,6,10,15,13,8,0,0,2,12,0
112,8,6,17,8,0,0,3,1,0,0,0,15,0,0,2,4,92,1,9,4,7,9,6,9,15,12,7,0,0,2,11,45
53,7,5,15,10,0,0,3,0,0,0,7,8,0,0,2,4,92,2,7,3,6,7,6,8,15,12,7,0,0,2,11,30
33,6,5,25,10,0,1,3,0,0,0,0,15,0,0,2,4,92,3,5,1,4,5,6,8,14,12,7,0,0,2,12,45
39,6,5,21,10,0,1,2,0,0,0,13,2,0,0,2,4,92,3,5,2,4,5,6,7,13,11,6,0,0,2,12,15
-3,5,4,25,9,0,1,2,0,0,0,6,9,0,0,2,4,92,2,5,2,4,5,5,6,13,11,6,0,0,2,12,45
26,5,4,17,9,0,1,1,0,0,0,0,15,0,0,2,4,92,2,5,3,5,5,4,7,13,10,6,0,0,2,11,45
-4,5,4,21,8,0,1,1,0,0,0,13,2,0,0,2,4,92,2,5,3,5,5,3,6,12,9,6,0,0,2,12,15
24,5,4,15,7,0,1,1,1,0,0,5,10,0,0,2,4,92,3,4,3,4,4,2,5,13,8,5,0,0,2,11,30
22,4,4,10,7,0,1,0,1,0,0,0,15,0,0,2,4,92,2,4,3,4,4,2,4,12,8,5,0,0,1,10,45
31,2,2,13,9,0,1,0,1,0,0,3,12,0,0,2,4,92,2,1,1,1,1,3,7,13,10,6,0,0,2,11,15
14,1,1,13,8,0,1,0,1,0,0,5,10,0,0,2,4,92,1,1,1,1,1,4,7,12,10,7,0,0,2,11,15
39,1,1,6,8,0,0,0,1,0,0,4,11,0,0,2,4,92,1,1,1,1,1,3,7,11,9,6,0,0,2,10,15
41,0,0,2,9,0,0,0,0,0,0,14,1,0,0,2,4,92,0,0,0,0,0,4,8,10,10,6,0,0,2,9,45
35,0,0,8,8,0,0,0,0,0,0,10,5,0,0,2,4,92,0,0,0,0,0,4,7,9,9,5,0,0,2,10,30
33,0,0,10,7,0,0,0,0,0,0,0,15,0,0,2,4,92,0,0,0,0,0,4,7,8,8,4,0,0,1,10,45
-49,0,0,8,6,0,0,0,0,0,0,0,4,0,0,2,4,92,0,0,0,0,0,4,7,7,7,4,0,0,2,10,30
-11,0,0,6,5,0,0,0,0,0,0,0,20,0,0,2,4,92,0,0,0,0,0,4,6,6,6,4,0,0,2,10,15
15,0,0,0,4,0,0,0,0,0,0,0,25,0,1,2,4,92,0,0,0,0,0,4,5,5,5,4,0,0,1,9,15
77,0,0,4,3,0,0,0,0,0,0,0,32,0,0,2,4,92,0,0,0,0,0,3,4,4,4,3,0,0,2,10,0
34,0,0,4,2,0,0,0,0,0,0,0,38,0,0,2,4,92,0,0,0,0,0,3,3,3,3,3,0,0,2,10,0
30,0,0,1,1,0,0,0,0,0,0,0,52,0,0,2,4,92,0,0,0,0,0,2,2,2,2,2,0,0,2,9,30
31,0,0,2,0,0,0,0,0,0,0,0,64,0,0,2,4,92,0,0,0,0,0,1,1,1,1,1,0,0,2,9,45
26,25,1,38,1,0,0,0,0,0,1,34,11,0,0,6,3,89,0,39,0,5,10,3,3,6,3,0,2,0,1,16,45
-5,25,1,38,1,0,0,0,0,0,0,32,13,0,0,6,3,89,0,39,0,5,10,2,2,5,2,0,2,0,1,16,45
35,25,3,41,0,0,0,0,0,0,0,9,36,1,0,6,3,89,0,39,4,8,12,1,3,5,1,0,2,0,1,17,0
-60,23,2,38,3,0,0,1,0,0,1,22,8,0,0,6,3,89,2,33,2,4,8,2,4,7,4,1,2,0,1,16,45
-15,23,3,37,3,0,0,1,0,0,0,21,9,0,0,6,3,89,2,33,2,4,8,1,3,7,3,0,2,0,3,16,0
8,22,5,34,5,0,0,1,0,0,0,0,15,0,0,6,3,89,3,30,1,3,8,2,4,8,4,0,2,1,1,15,30
28,21,5,31,5,0,0,1,0,0,0,11,4,0,0,6,3,89,2,29,2,4,9,3,3,7,5,2,2,1,1,14,45
-15,18,2,34,6,0,0,1,0,0,0,38,7,0,0,6,3,89,1,27,1,2,9,2,4,8,7,4,1,1,1,15,30
6,18,2,29,5,0,0,1,0,0,0,33,12,0,0,6,3,89,1,27,1,3,10,1,4,8,6,4,1,0,1,14,15
39,16,3,28,6,0,0,1,0,0,0,9,6,0,0,6,3,89,1,25,2,5,12,4,4,11,7,4,1,0,1,13,30
9,16,3,30,6,0,0,0,0,0,0,7,8,0,0,6,3,89,1,25,3,5,13,3,3,10,6,4,1,0,2,14,30
36,16,4,26,6,0,0,0,0,0,0,5,10,0,0,6,3,89,1,24,3,7,15,2,5,9,6,4,1,1,1,13,0
24,16,5,33,5,0,1,0,0,0,0,0,15,0,0,6,3,89,2,23,3,6,14,1,5,9,5,4,1,1,2,15,0
92,13,6,24,7,0,2,1,0,0,0,3,12,0,0,6,3,89,3,18,2,6,14,5,7,11,8,4,1,1,1,12,45
-171,12,5,36,7,0,1,1,0,0,0,1,14,0,0,6,3,89,2,18,3,7,14,4,6,12,8,4,0,1,1,15,45
86,12,6,22,6,0,1,1,0,0,0,6,9,0,0,6,3,89,2,18,4,9,15,4,5,12,7,4,0,0,2,12,30
-9,12,7,27,5,0,1,1,0,0,1,2,13,0,0,6,3,89,3,17,4,8,15,3,5,12,6,3,0,0,1,13,15
32,11,6,18,6,0,0,1,0,0,1,10,5,0,0,6,3,89,2,16,3,9,14,3,4,12,7,4,0,0,2,12,0
26,10,6,18,5,0,1,1,0,0,2,10,5,0,0,6,3,89,2,14,3,8,13,2,5,15,8,4,0,0,2,12,0
-1,9,7,31,5,0,1,1,0,0,2,12,3,0,0,6,3,89,2,13,6,9,12,2,5,15,8,5,0,0,1,14,45
-27,6,4,20,7,0,1,2,0,0,2,4,11,0,0,6,3,89,3,9,4,7,9,4,7,18,10,5,0,0,2,12,15
-44,5,4,16,9,0,1,2,0,0,1,7,8,0,0,6,3,89,3,7,3,5,7,3,8,18,11,6,0,0,2,11,45
38,4,3,12,9,0,0,2,0,0,1,1,14,0,0,6,3,89,2,7,3,5,7,4,7,18,11,7,0,0,2,11,0
12,3,3,13,10,0,0,3,0,0,0,4,11,0,0,6,3,89,2,5,3,4,5,4,11,18,12,7,0,0,1,11,15
34,2,2,7,10,0,0,3,0,0,0,2,13,0,0,6,3,89,1,4,2,4,4,5,12,17,13,7,0,0,2,10,15
10,2,2,24,9,0,0,3,0,0,0,2,13,0,0,6,3,89,1,4,2,4,4,4,11,16,12,6,0,0,1,12,45
2,2,2,20,9,0,0,2,0,0,0,0,15,0,0,6,3,89,1,4,2,4,4,4,11,15,11,6,0,0,2,12,15
6,2,2,13,9,0,0,3,0,0,0,3,12,0,0,6,3,89,2,2,1,2,2,7,11,15,11,6,0,0,1,11,15
-28,1,1,22,8,0,0,3,0,0,0,13,2,0,0,6,3,89,1,2,1,2,2,6,10,14,11,7,0,0,2,12,30
-24,1,1,9,8,0,0,2,0,0,0,1,14,0,0,6,3,89,1,2,2,2,2,8,11,13,10,6,0,0,1,10,30
24,1,1,15,8,0,0,2,0,0,0,11,4,0,0,6,3,89,1,1,1,1,1,8,10,12,10,5,0,0,2,11,30
17,1,1,16,7,0,0,2,0,0,0,11,4,0,0,6,3,89,1,1,1,1,1,7,9,11,9,5,0,0,2,11,45
63,1,1,5,6,0,0,2,0,0,0,10,5,0,0,6,3,89,1,1,1,1,1,6,8,10,8,4,0,0,2,10,0
-8,1,1,9,5,0,0,2,0,0,0,7,8,0,0,6,3,89,1,1,1,1,1,5,8,9,7,3,0,0,1,10,30
85,0,0,3,5,0,0,1,0,0,0,9,6,0,0,6,3,89,0,1,1,1,1,4,7,8,7,3,0,0,2,9,45
15,0,0,3,4,0,0,1,0,0,0,8,7,0,0,6,3,89,0,1,1,1,1,4,6,7,6,3,0,0,2,9,45
-4,0,0,11,4,0,0,1,0,0,0,2,13,0,0,6,3,89,1,0,0,0,0,4,5,6,5,2,0,0,1,10,45
64,0,0,1,3,0,0,1,0,0,0,0,1,0,0,6,3,89,1,0,0,0,0,3,4,5,4,2,0,0,2,9,30
-18,0,0,1,2,0,0,1,0,0,0,0,21,0,0,6,3,89,0,0,0,0,0,3,4,4,4,1,0,0,2,9,30
34,0,0,5,2,0,0,0,0,0,0,0,25,0,0,6,3,89,0,0,0,0,0,2,3,3,3,1,0,0,2,10,0
21,0,0,0,1,0,0,0,0,0,0,0,38,0,1,6,3,89,0,0,0,0,0,2,2,2,2,0,0,0,2,9,15
-32,0,0,7,0,0,0,0,0,0,0,0,61,0,0,6,3,89,0,0,0,0,0,1,1,1,1,0,0,0,2,10,15
-10,41,5,56,2,0,1,3,0,0,1,5,10,1,0,5,3,88,2,49,3,6,12,4,7,9,6,2,7,3,1,17,30
28,40,4,53,4,0,1,2,0,0,1,8,7,0,0,5,3,88,2,47,3,5,11,4,6,11,7,3,6,3,1,17,15
-8,40,4,53,4,0,1,2,0,0,0,7,8,0,0,5,3,88,2,47,3,5,11,3,5,10,6,2,5,2,1,17,15
79,39,4,49,3,0,1,3,0,0,0,6,9,0,0,5,3,88,2,46,3,5,10,4,4,11,6,2,5,1,2,16,45
51,38,3,49,3,0,1,3,0,0,0,0,15,0,0,5,3,88,2,45,3,5,10,3,3,10,6,3,5,1,2,16,45
12,36,2,47,3,0,1,3,0,0,0,10,20,0,0,5,3,88,0,44,3,7,12,2,3,12,8,4,5,1,2,16,30
-16,36,2,53,3,0,0,3,0,0,0,9,21,0,0,5,3,88,0,44,3,7,12,1,2,11,7,3,4,1,1,17,15
11,34,4,51,8,0,0,4,0,0,0,14,1,0,0,5,3,88,3,37,1,5,14,6,9,17,10,5,4,1,3,17,0
49,34,4,43,7,0,0,4,0,0,0,6,9,0,0,5,3,88,2,37,1,5,15,6,9,16,10,5,4,1,2,15,45
26,33,4,47,7,0,0,3,0,0,0,14,1,0,0,5,3,88,1,37,2,7,16,6,8,15,10,5,4,1,2,16,30
-31,33,5,45,7,0,0,3,0,0,0,12,3,0,0,5,3,88,2,36,1,6,15,6,8,15,9,4,3,1,2,16,0
41,33,5,43,7,0,0,2,0,0,0,11,4,0,0,5,3,88,2,36,2,6,15,5,7,14,8,3,3,0,2,15,45
-11,32,5,45,6,0,0,2,0,0,0,0,15,0,0,5,3,88,1,36,4,7,16,4,8,13,8,3,3,1,2,16,0
-17,32,6,41,5,0,0,2,0,0,0,13,2,0,0,5,3,88,1,36,4,9,16,3,7,12,7,3,3,1,2,15,30
5,32,7,37,6,0,0,1,0,0,0,0,15,0,0,5,3,88,1,35,5,9,17,3,8,12,7,3,3,1,2,14,45
48,32,8,36,5,0,0,1,0,0,0,13,2,0,0,5,3,88,1,35,5,9,17,2,8,11,6,2,3,2,1,14,30
80,30,9,38,6,0,1,0,0,0,1,41,4,0,0,5,3,88,2,32,5,9,16,4,8,12,7,3,3,2,1,15,0
45,29,9,35,7,0,1,0,0,0,1,27,18,0,0,5,3,88,2,30,5,9,16,6,8,12,8,5,3,2,1,14,15
-49,28,8,51,6,0,1,0,0,0,1,23,22,0,0,5,3,88,1,30,6,9,16,5,7,11,8,4,2,2,3,17,0
-50,27,8,41,6,0,1,0,0,0,1,17,28,0,0,5,3,88,1,29,5,8,17,5,6,10,8,4,2,1,2,15,30
49,26,7,38,7,0,1,0,0,0,1,7,38,0,0,5,3,88,2,27,5,8,15,4,5,11,8,5,2,1,1,15,0
74,25,7,28,7,0,1,0,0,0,1,0,45,0,0,5,3,88,2,26,4,8,16,3,5,10,8,4,2,1,1,12,30
47,25,7,33,7,0,0,0,0,0,1,29,1,0,0,5,3,88,2,26,5,8,16,2,4,10,7,3,1,1,1,13,30
27,23,5,33,7,0,0,1,0,0,1,23,7,0,0,5,3,88,2,24,3,6,14,2,3,9,8,3,1,0,1,13,30
63,20,6,31,8,0,0,2,0,0,1,13,2,0,0,5,3,88,2,21,3,7,14,2,5,11,10,4,1,1,2,13,0
69,18,8,26,9,0,0,2,0,0,1,2,13,0,0,5,3,88,1,19,5,9,13,4,6,15,12,4,1,1,2,12,15
58,18,9,28,9,0,0,3,0,0,1,6,9,0,0,5,3,88,3,17,3,7,12,3,6,16,11,4,1,1,1,12,30
-73,16,7,40,10,0,0,3,0,0,0,1,14,0,0,5,3,88,2,16,4,7,11,2,5,16,12,3,0,1,2,15,15
92,14,7,24,10,0,0,3,0,0,0,3,12,0,0,5,3,88,1,14,4,7,12,3,6,17,13,2,0,0,2,12,0
48,12,6,31,12,0,0,3,0,0,0,0,15,0,0,5,3,88,2,12,3,6,11,3,8,18,14,3,0,0,2,13,0
71,11,5,24,11,0,0,3,0,0,0,8,7,0,0,5,3,88,1,12,4,6,11,4,9,20,14,4,0,0,2,12,0
125,10,4,26,11,0,1,3,0,0,0,0,15,0,0,5,3,88,2,10,3,4,9,3,9,19,14,5,0,0,2,12,15
108,9,5,18,11,0,1,2,0,1,0,0,15,0,0,5,3,88,2,9,3,4,9,5,11,20,14,5,0,0,2,11,15
91,9,5,22,11,0,1,1,0,1,0,12,3,0,0,5,3,88,2,9,3,4,9,5,10,19,13,5,0,0,2,11,45
93,7,4,14,12,0,1,1,0,1,0,14,1,0,0,5,3,88,2,7,1,4,7,6,12,18,14,6,0,0,2,10,45
141,7,4,8,11,0,1,1,0,1,0,12,3,0,0,5,3,88,2,7,2,5,7,5,11,17,13,6,0,0,2,10,0
112,7,4,10,10,0,1,1,0,1,0,11,4,0,0,5,3,88,2,7,2,5,7,4,10,16,12,6,0,0,2,10,15
48,6,5,22,10,0,1,1,0,1,0,13,2,0,0,5,3,88,2,6,1,5,6,6,11,16,12,7,0,0,2,11,45
-2,6,5,30,9,0,1,1,0,1,0,11,4,0,0,5,3,88,2,6,1,5,6,5,11,15,11,6,0,0,2,12,45
97,6,5,18,8,0,1,1,0,1,0,4,11,0,0,5,3,88,2,6,3,5,6,6,11,14,10,6,0,0,2,11,15
157,4,3,0,8,0,1,1,0,1,0,10,5,0,1,5,3,88,1,5,3,4,5,6,10,14,11,6,0,0,1,9,0
110,4,3,10,8,0,1,0,0,1,0,8,7,0,0,5,3,88,1,5,3,4,5,6,11,13,10,5,0,0,2,10,15
23,4,3,16,8,0,0,0,0,1,0,3,12,0,0,5,3,88,1,5,4,4,5,5,10,13,9,5,0,0,2,11,0
22,3,3,20,7,0,0,0,0,1,0,11,4,0,0,5,3,88,0,5,4,5,5,6,9,12,9,6,0,0,2,11,30
72,3,3,8,6,0,1,0,0,1,0,7,8,0,0,5,3,88,1,4,3,4,4,6,8,11,8,6,0,0,2,10,0
20,3,3,20,6,0,1,0,0,1,0,14,1,0,0,5,3,88,2,3,2,3,3,5,7,10,7,5,0,0,2,11,30
-32,3,3,12,6,0,0,0,0,1,1,8,7,0,0,5,3,88,2,2,1,2,2,6,7,9,7,5,0,0,2,10,30
3,1,1,14,6,0,0,0,0,1,1,13,2,0,0,5,3,88,1,1,1,1,1,5,6,9,8,4,0,0,2,10,45
4,1,1,16,6,0,0,0,0,0,1,12,3,0,0,5,3,88,1,1,1,1,1,4,5,8,7,3,0,0,2,11,0
71,1,1,12,5,0,0,0,0,0,1,8,7,0,0,5,3,88,1,1,1,1,1,3,4,8,6,2,0,0,2,10,30
42,1,1,3,4,0,0,0,0,0,1,10,5,0,0,5,3,88,0,1,1,1,1,3,4,7,6,2,0,0,3,9,30
43,1,1,5,3,0,0,0,0,0,1,9,6,0,0,5,3,88,0,1,1,1,1,2,3,6,5,1,0,0,2,9,45
35,0,0,2,2,0,0,0,0,0,2,0,5,0,0,5,3,88,0,0,0,0,0,2,3,5,5,2,0,0,2,9,15
7,0,0,5,2,0,0,0,0,0,1,0,30,0,0,5,3,88,0,0,0,0,0,2,4,4,4,2,0,0,2,9,45
-13,0,0,5,1,0,0,0,0,0,1,0,40,0,0,5,3,88,0,0,0,0,0,1,3,3,3,2,0,0,2,9,45
59,0,0,3,0,0,0,0,0,0,1,0,74,0,0,5,3,88,0,0,0,0,0,2,2,2,2,1,0,0,3,9,30
12,0,0,0,0,0,0,0,0,0,0,0,78,0,1,5,3,88,0,0,0,0,0,1,1,1,1,1,0,0,1,9,0
29,21,3,47,0,0,0,0,0,0,0,1,0,1,0,4,3,87,0,47,2,4,6,1,1,6,1,1,3,0,2,17,30
-17,18,1,43,2,0,0,0,0,0,2,35,10,0,0,4,3,87,1,41,1,3,8,4,5,7,4,1,3,2,2,16,45
12,17,1,45,2,0,0,0,1,0,1,16,29,0,0,4,3,87,0,41,0,2,9,4,4,8,5,2,3,2,1,17,0
-18,17,1,41,1,0,0,0,1,0,1,14,31,0,0,4,3,87,0,41,1,2,9,3,4,7,4,2,2,2,2,16,30
9,17,1,41,0,0,0,0,1,0,1,10,35,0,0,4,3,87,0,41,1,3,9,2,3,6,3,2,2,1,2,16,30
19,17,2,40,0,0,0,0,0,0,1,11,4,0,0,4,3,87,0,41,2,5,10,1,2,6,2,2,1,1,2,15,45
14,16,1,43,2,0,0,0,0,0,0,0,15,0,0,4,3,87,1,39,4,7,14,1,4,9,2,1,1,1,2,16,45
-131,15,1,45,4,0,0,1,0,0,0,13,2,0,0,4,3,87,2,35,3,6,14,3,6,12,4,0,0,1,1,17,0
-43,15,4,36,4,0,0,2,0,0,0,39,6,0,0,4,3,87,2,33,2,6,14,4,7,13,5,1,0,0,2,15,15
10,15,4,35,3,0,0,2,0,0,0,35,10,0,0,4,3,87,1,33,2,6,14,4,6,13,5,1,0,0,2,15,0
30,15,5,30,3,0,1,2,0,0,0,16,29,0,0,4,3,87,2,31,3,8,13,4,7,13,5,2,0,0,1,14,15
-19,14,4,33,2,0,1,2,0,0,0,11,34,0,0,4,3,87,1,31,4,9,14,4,6,15,5,2,0,0,1,14,45
-33,14,4,33,2,0,1,1,0,0,0,9,36,0,0,4,3,87,1,31,4,9,14,3,5,14,4,2,0,0,1,14,45
-84,12,3,38,5,0,1,0,0,0,0,6,9,0,0,4,3,87,1,28,4,7,12,4,6,14,6,4,0,0,1,15,30
15,12,4,29,5,0,0,0,0,0,1,12,3,0,0,4,3,87,1,27,5,8,13,3,7,13,6,4,0,0,2,13,30
57,11,3,23,5,0,0,0,0,0,2,27,3,0,0,4,3,87,1,25,4,6,13,4,7,15,7,5,0,0,2,12,30
-83,11,3,36,5,0,0,0,0,0,2,22,8,0,0,4,3,87,2,24,3,5,12,3,7,14,6,4,0,0,2,15,15
-77,10,4,32,5,0,0,1,1,0,2,3,27,0,0,4,3,87,2,21,2,5,12,5,9,14,8,5,0,0,2,14,30
40,10,4,23,5,0,0,1,1,0,1,2,28,0,0,4,3,87,2,21,2,5,12,4,8,14,7,5,0,0,2,12,30
7,8,2,28,4,0,0,2,1,0,1,1,14,0,0,4,3,87,1,20,2,5,13,4,8,15,8,6,0,0,1,13,15
-9,8,2,26,4,0,0,2,1,0,1,13,2,0,0,4,3,87,2,19,2,5,13,6,7,14,7,5,0,0,1,13,0
-1,8,2,26,3,0,0,2,1,0,1,8,7,0,0,4,3,87,2,19,2,5,13,5,6,13,6,5,0,0,1,13,0
22,8,3,20,3,0,0,1,1,0,1,8,7,0,0,4,3,87,1,19,3,7,14,5,8,15,6,5,0,0,1,12,0
77,7,3,16,2,0,0,1,2,0,1,1,14,0,0,4,3,87,1,18,3,7,15,4,7,15,6,5,0,0,2,11,30
19,7,3,20,2,0,0,1,1,0,2,0,15,0,0,4,3,87,2,17,2,7,14,3,6,16,5,4,0,0,1,12,0
-34,7,3,23,2,0,0,1,1,0,1,14,1,0,0,4,3,87,2,17,3,7,15,2,5,15,4,3,0,0,2,12,30
-3,6,4,18,3,0,0,1,1,0,0,1,14,0,0,4,3,87,1,16,4,7,16,3,6,15,5,3,0,0,2,11,45
-117,5,3,38,5,0,0,1,1,0,1,4,11,0,0,4,3,87,2,12,3,6,12,4,9,18,7,4,0,0,1,15,30
5,5,3,16,5,0,0,1,0,0,1,4,11,0,0,4,3,87,2,12,3,7,12,3,8,17,6,3,0,0,2,11,30
-5,5,3,14,4,0,0,1,0,0,1,0,15,0,0,4,3,87,2,12,3,7,12,3,7,16,5,3,0,0,2,11,15
50,3,2,6,5,0,0,2,0,0,0,7,8,0,0,4,3,87,1,10,4,10,10,5,11,16,7,5,0,0,3,10,15
7,3,2,18,5,0,0,1,0,0,1,3,12,0,0,4,3,87,2,9,4,9,9,5,10,15,6,4,0,0,2,11,45
-56,2,2,22,5,0,0,1,0,0,1,9,6,0,0,4,3,87,1,8,3,8,8,5,10,15,7,5,0,0,3,12,15
-100,2,2,30,4,0,0,1,0,0,1,6,9,0,0,4,3,87,1,8,3,8,8,4,10,14,6,4,0,0,1,14,15
-21,2,2,14,5,0,0,1,0,0,1,7,8,0,0,4,3,87,1,6,6,6,6,7,11,14,7,4,0,0,2,11,15
-49,2,2,12,4,0,0,1,0,0,1,5,10,0,0,4,3,87,1,6,6,6,6,6,10,13,6,3,0,0,2,11,0
13,1,1,3,4,0,0,1,0,0,1,10,5,0,0,4,3,87,0,5,5,5,5,6,10,12,7,4,0,0,2,9,45
-1,1,1,4,3,0,1,1,0,0,1,3,12,0,0,4,3,87,1,4,4,4,4,7,9,11,6,3,0,0,2,10,0
19,1,1,8,2,0,1,2,0,0,1,1,14,0,0,4,3,87,2,3,3,3,3,7,8,10,5,3,0,0,1,10,30
-29,1,1,12,2,0,1,1,0,0,1,0,15,0,0,4,3,87,2,3,3,3,3,6,7,9,4,2,0,0,2,11,0
-31,1,1,11,2,0,2,1,0,0,1,7,8,0,0,4,3,87,2,0,1,1,1,5,6,8,5,3,0,0,2,10,45
13,0,0,8,1,0,2,2,0,0,1,26,4,0,0,4,3,87,2,0,0,0,0,5,6,7,5,3,0,0,1,10,30
-31,0,0,6,1,0,1,2,0,0,1,22,8,0,0,4,3,87,1,0,0,0,0,4,5,6,5,4,0,0,3,10,15
2,0,0,8,1,0,1,2,0,0,0,19,11,0,0,4,3,87,1,0,0,0,0,3,5,5,4,3,0,0,1,10,30
-22,0,0,4,0,0,1,2,0,0,0,17,13,0,0,4,3,87,0,0,0,0,0,2,4,4,4,4,0,0,2,10,0
28,0,0,0,0,0,0,2,0,0,0,0,4,0,1,4,3,87,0,0,0,0,0,2,3,3,3,3,0,0,2,9,0
-12,0,0,1,0,0,0,1,0,0,0,0,27,0,0,4,3,87,0,0,0,0,0,2,2,2,2,2,0,0,1,9,30
-6,0,0,1,0,0,0,0,0,0,0,0,40,0,0,4,3,87,0,0,0,0,0,1,1,1,1,1,0,0,1,9,30
20,25,2,46,2,0,1,3,0,0,0,2,13,1,0,3,3,86,2,40,1,4,9,4,6,10,5,3,5,0,1,17,30
-13,25,3,45,2,0,2,2,0,0,0,3,12,0,0,3,3,86,2,39,2,4,10,3,6,10,5,4,5,0,1,17,0
-5,25,3,43,2,0,1,2,0,0,0,13,2,0,0,3,3,86,2,39,2,4,11,2,5,11,4,3,5,0,1,16,30
82,23,2,31,2,0,0,2,0,0,0,4,11,0,0,3,3,86,0,39,3,5,11,2,4,10,5,4,5,0,1,14,30
6,23,2,44,3,0,0,2,0,0,0,10,5,0,0,3,3,86,2,37,2,5,11,3,6,10,4,3,5,1,1,16,45
38,23,2,39,3,0,0,2,0,0,0,3,12,0,0,3,3,86,2,36,2,5,10,2,5,10,4,2,5,1,1,15,45
-40,23,2,41,2,0,0,2,0,0,0,9,6,0,0,3,3,86,1,36,3,6,12,1,4,10,4,3,5,1,1,16,0
-13,21,2,38,4,0,1,1,0,0,0,3,12,0,0,3,3,86,0,33,4,6,14,4,7,15,7,3,5,2,2,15,30
-38,21,3,35,5,0,0,1,0,0,0,12,3,0,0,3,3,86,1,32,4,6,15,5,6,15,6,2,4,2,1,15,15
-27,21,3,35,4,0,0,1,0,0,0,11,4,0,0,3,3,86,1,32,4,6,15,4,5,14,5,2,4,1,1,15,15
42,20,4,35,6,0,0,0,0,0,0,34,11,0,0,3,3,86,1,30,3,7,16,4,7,14,6,4,3,1,1,15,15
36,20,4,30,6,0,0,0,0,0,0,32,13,0,0,3,3,86,2,29,2,6,15,3,6,13,5,3,3,0,1,14,15
-5,20,5,42,5,0,0,0,1,0,0,29,16,0,0,3,3,86,3,28,1,6,15,2,5,12,4,3,3,0,1,16,15
4,19,6,33,4,0,0,1,1,0,0,10,35,0,0,3,3,86,2,27,3,7,17,3,6,12,5,3,3,0,3,15,0
-39,17,6,33,3,0,0,1,1,0,1,18,12,0,0,3,3,86,0,26,5,9,16,4,9,17,7,4,3,3,3,15,0
-46,17,6,32,2,0,0,1,1,0,1,18,12,0,0,3,3,86,0,26,6,9,16,3,8,17,6,3,3,3,2,14,45
22,17,8,29,1,0,1,2,1,0,1,6,24,0,0,3,3,86,2,24,4,10,14,5,8,18,5,2,3,3,1,13,30
32,15,7,26,3,0,1,2,0,0,1,9,6,0,0,3,3,86,2,22,5,10,12,6,7,18,6,4,3,3,1,13,0
65,13,7,26,3,0,1,3,0,0,1,14,1,0,0,3,3,86,2,20,4,9,11,5,7,17,7,4,3,3,1,13,0
21,13,7,24,3,0,0,3,0,0,1,10,5,0,0,3,3,86,2,20,4,10,12,5,6,17,6,3,3,3,3,12,45
32,13,7,21,3,0,0,2,0,0,1,7,8,0,0,3,3,86,2,20,5,10,13,4,5,16,5,2,2,3,2,12,30
34,12,7,24,4,0,0,2,0,0,0,4,11,0,0,3,3,86,2,19,5,9,12,3,7,15,5,1,1,2,3,12,45
-129,12,7,39,4,0,0,1,0,0,0,1,14,0,0,3,3,86,1,19,5,9,12,2,7,14,5,1,0,1,1,15,45
37,9,4,19,5,0,1,1,0,0,0,13,2,0,0,3,3,86,1,16,6,6,11,2,11,16,7,3,0,0,3,12,15
-29,6,1,26,6,0,3,1,0,0,0,18,12,0,0,3,3,86,0,12,2,2,10,8,11,15,11,6,0,0,1,13,0
-1,6,1,17,7,0,2,1,0,0,1,7,23,0,0,3,3,86,2,10,0,3,9,9,11,14,10,6,0,0,2,12,0
-20,5,1,21,6,0,2,1,0,0,1,5,25,0,0,3,3,86,1,10,0,3,9,8,10,13,10,6,0,0,2,12,30
33,5,1,13,6,0,1,1,0,0,1,4,26,0,0,3,3,86,1,10,0,3,9,7,9,12,9,5,0,0,2,11,15
28,5,1,17,5,0,1,1,0,0,1,2,28,0,0,3,3,86,1,10,0,3,9,7,8,11,8,4,0,0,2,12,0
35,5,1,19,4,0,1,1,0,0,1,0,30,0,0,3,3,86,1,10,0,3,9,6,7,10,7,3,0,0,3,12,15
76,5,1,11,4,0,0,1,0,0,1,6,9,0,0,3,3,86,0,10,0,5,10,5,6,11,7,2,0,0,2,11,0
50,5,1,9,4,0,0,1,0,0,0,3,12,0,0,3,3,86,0,10,0,5,10,4,6,10,6,2,0,0,2,10,45
33,5,1,15,3,0,0,1,0,0,0,1,14,0,0,3,3,86,0,10,0,5,10,3,6,9,5,2,0,0,2,11,30
35,5,1,13,2,0,0,1,0,0,0,13,2,0,0,3,3,86,0,10,1,5,10,3,5,8,4,1,0,0,2,11,15
6,5,2,21,2,0,0,0,0,0,0,2,13,0,0,3,3,86,0,10,3,7,10,2,5,8,3,1,0,0,2,12,30
73,5,3,11,2,0,0,0,0,0,0,13,2,0,0,3,3,86,1,9,4,8,9,3,4,12,2,1,0,0,2,11,0
-5,4,4,15,3,0,0,2,0,0,0,3,12,0,0,3,3,86,3,5,3,5,5,3,5,11,3,1,0,0,2,11,30
6,4,4,7,2,0,0,2,0,0,0,2,13,0,0,3,3,86,3,5,4,5,5,2,4,10,2,1,0,0,2,10,30
-2,4,4,7,2,0,0,1,0,0,0,13,2,0,0,3,3,86,3,5,4,5,5,1,3,9,1,1,0,0,2,10,30
53,0,0,0,4,0,0,2,0,0,0,13,2,0,1,3,3,86,0,1,1,1,1,3,8,8,7,5,0,0,2,9,15
3,0,0,1,3,0,0,2,0,0,0,10,5,0,0,3,3,86,0,1,1,1,1,4,7,7,6,4,0,0,2,9,30
-13,0,0,5,3,0,0,2,0,0,0,0,7,0,0,3,3,86,0,0,0,0,0,6,6,6,6,5,0,0,1,10,0
-37,0,0,3,2,0,0,2,0,0,0,0,18,0,0,3,3,86,0,0,0,0,0,5,5,5,5,5,0,0,1,9,45
3,0,0,1,2,0,0,1,0,0,0,0,20,0,0,3,3,86,0,0,0,0,0,4,4,4,4,4,0,0,2,9,30
-7,0,0,6,2,0,0,0,0,0,0,0,25,0,0,3,3,86,0,0,0,0,0,3,3,3,3,3,0,0,2,10,15
9,0,0,3,1,0,0,0,0,0,0,0,26,0,0,3,3,86,0,0,0,0,0,2,2,2,2,2,0,0,1,9,45
-36,0,0,9,0,0,0,0,0,0,0,0,30,0,0,3,3,86,0,0,0,0,0,1,1,1,1,1,0,0,2,10,45
-38,33,3,52,3,0,0,2,0,0,1,2,13,0,0,2,3,85,3,47,4,7,11,3,6,10,4,1,7,2,1,17,30
-10,32,5,51,6,0,0,2,0,0,1,9,6,0,0,2,3,85,2,43,3,5,9,4,7,11,8,4,6,2,1,17,15
18,32,5,46,5,0,0,2,0,0,1,3,12,0,0,2,3,85,2,43,3,5,9,4,7,11,7,4,6,1,2,16,30
29,30,3,45,5,0,0,3,0,0,1,10,5,0,0,2,3,85,2,41,2,3,9,4,6,12,8,4,6,1,2,16,15
-4,30,3,46,4,0,0,3,0,0,1,6,9,0,0,2,3,85,2,41,2,3,11,3,5,13,7,4,6,1,2,16,30
-16,30,4,48,5,0,0,2,0,0,1,7,8,0,0,2,3,85,2,40,2,3,10,3,5,12,7,4,5,2,1,16,45
-99,30,5,53,5,0,0,2,0,0,0,1,14,1,0,2,3,85,2,40,2,4,11,3,4,12,6,3,5,1,1,18,0
29,28,4,43,5,0,0,2,1,0,0,3,12,0,0,2,3,85,2,38,0,3,10,2,5,11,7,4,5,1,1,15,45
32,27,3,42,4,0,0,2,1,0,0,6,9,0,0,2,3,85,1,38,1,4,11,2,4,11,7,4,5,1,1,15,30
-31,26,3,50,5,0,0,1,1,0,0,0,15,0,0,2,3,85,1,37,2,7,12,3,8,10,7,4,4,2,1,17,0
46,24,2,40,4,0,0,2,1,0,0,12,3,0,0,2,3,85,0,36,4,7,14,5,8,11,8,3,4,2,1,15,15
44,24,3,34,5,0,0,2,0,0,0,5,10,0,0,2,3,85,1,35,5,7,13,6,7,11,7,2,4,2,2,14,30
1,24,5,36,4,0,1,2,0,0,0,49,11,0,0,2,3,85,0,34,5,7,14,6,7,11,8,2,4,2,2,14,45
28,24,5,38,4,0,1,1,0,0,0,48,12,0,0,2,3,85,0,34,5,8,14,5,6,10,7,2,4,2,2,15,0
-18,23,4,44,3,0,1,3,0,0,0,42,18,0,0,2,3,85,1,32,3,6,14,4,5,9,7,1,3,2,1,16,0
13,23,5,33,3,0,1,2,0,0,0,40,20,0,0,2,3,85,1,32,3,6,14,3,4,9,6,1,3,1,2,14,15
21,23,5,38,3,0,1,2,0,0,0,38,22,0,0,2,3,85,1,31,3,5,14,2,3,8,6,2,3,1,2,15,0
-25,23,6,34,4,0,0,2,0,0,0,20,40,0,0,2,3,85,2,30,3,6,15,2,3,12,5,2,2,1,2,14,30
97,21,7,29,4,0,0,3,0,0,0,1,59,0,0,2,3,85,2,28,3,7,17,1,5,15,6,3,2,1,1,13,0
30,17,7,27,6,0,0,3,1,0,0,10,5,0,0,2,3,85,1,24,4,7,14,4,10,17,10,4,2,1,3,12,45
18,16,7,32,7,0,0,3,1,0,0,14,1,0,0,2,3,85,2,22,3,9,13,3,10,17,10,4,2,1,1,13,15
-14,15,6,29,6,0,0,3,1,0,0,6,9,0,0,2,3,85,1,22,5,11,13,3,10,18,10,4,2,1,1,13,0
-81,14,6,40,6,0,0,3,1,0,0,1,14,0,0,2,3,85,1,21,4,10,12,4,10,18,10,5,1,1,1,15,15
3,12,5,24,7,0,0,4,1,0,0,12,3,0,0,2,3,85,2,18,7,7,12,7,11,18,11,6,1,0,1,12,15
-41,11,5,36,6,0,1,4,1,0,0,4,11,0,0,2,3,85,2,17,6,7,11,7,12,17,11,5,1,0,2,14,45
10,11,5,29,5,0,1,4,1,0,0,4,11,0,0,2,3,85,2,17,6,7,11,6,11,16,10,4,1,0,1,13,0
88,11,5,15,5,0,1,4,0,0,0,1,14,0,0,2,3,85,2,17,6,7,12,7,10,15,9,4,1,0,1,11,15
118,10,5,21,5,0,1,3,0,0,0,12,3,0,0,2,3,85,1,17,6,7,12,6,9,14,9,4,1,0,2,12,0
3,10,5,21,4,0,1,3,0,0,0,11,4,0,0,2,3,85,1,17,6,7,12,5,8,13,8,4,1,0,2,12,0
53,10,5,26,6,0,1,4,0,0,0,1,14,0,0,2,3,85,4,13,2,4,11,5,8,14,8,3,1,0,2,12,30
11,9,5,27,8,0,1,3,0,0,0,11,4,0,0,2,3,85,4,11,0,2,9,4,9,15,9,4,1,1,3,12,45
37,8,5,19,7,0,1,3,0,0,0,2,13,0,0,2,3,85,3,11,1,2,10,5,9,16,9,4,1,1,3,11,45
93,8,5,13,6,0,1,3,0,0,0,1,14,0,0,2,3,85,3,11,1,2,10,4,8,15,8,3,1,1,3,11,0
-16,7,4,19,6,0,1,2,0,0,0,3,12,0,0,2,3,85,2,11,1,4,11,4,7,16,8,3,1,1,3,11,45
-38,7,5,24,6,0,0,2,0,0,0,11,4,0,0,2,3,85,2,11,2,5,11,5,7,15,7,3,1,1,1,12,15
24,7,5,18,5,0,0,2,0,0,0,10,5,0,0,2,3,85,2,11,2,5,11,4,6,14,6,3,1,1,2,11,30
6,5,3,21,6,0,0,1,0,0,0,5,10,0,0,2,3,85,1,10,3,8,10,4,7,15,7,4,1,1,2,12,0
29,4,3,15,6,0,0,1,0,0,0,13,2,0,0,2,3,85,1,9,3,7,9,4,7,16,7,3,0,1,1,11,15
14,4,3,10,5,0,0,1,0,0,0,12,3,0,0,2,3,85,1,9,3,7,9,3,6,15,6,2,0,0,1,10,30
45,3,3,12,4,0,0,1,0,0,0,3,12,0,0,2,3,85,0,9,4,8,9,2,8,14,6,2,0,0,2,10,45
19,3,3,6,6,0,0,0,0,0,0,2,13,0,0,2,3,85,2,7,5,7,7,3,9,14,5,1,0,0,2,10,0
-74,2,2,15,7,0,0,0,0,0,0,9,6,0,0,2,3,85,0,5,5,5,5,6,10,13,8,3,0,0,1,11,15
37,2,2,8,7,0,0,1,1,0,0,7,8,0,0,2,3,85,3,2,2,2,2,5,9,12,7,2,0,0,2,10,15
19,1,1,13,6,0,0,1,1,0,0,13,2,0,0,2,3,85,2,2,2,2,2,6,9,11,7,2,0,0,3,11,0
-2,1,1,4,5,0,0,1,1,0,0,12,3,0,0,2,3,85,2,2,2,2,2,5,9,10,6,2,0,0,2,9,45
51,1,1,8,4,0,0,1,1,0,0,9,6,0,0,2,3,85,2,2,2,2,2,4,8,9,5,1,0,0,2,10,15
3,0,0,2,5,0,0,0,1,0,0,7,8,0,0,2,3,85,2,1,1,1,1,3,7,8,5,2,0,0,2,9,30
-9,0,0,2,5,0,0,0,1,0,0,4,11,0,0,2,3,85,0,0,0,0,0,4,6,7,7,4,0,0,2,9,30
1,0,0,10,4,0,0,0,1,0,0,3,12,0,0,2,3,85,0,0,0,0,0,3,6,6,6,3,0,0,1,10,30
22,0,0,0,4,0,0,0,0,0,0,0,9,0,1,2,3,85,0,0,0,0,0,4,5,5,5,3,0,0,1,9,0
-417,0,0,48,3,0,0,0,0,0,0,0,20,0,0,2,3,85,0,0,0,0,0,3,4,4,4,2,0,0,1,16,45
-3,0,0,1,2,0,0,0,0,0,0,0,31,0,0,2,3,85,0,0,0,0,0,3,3,3,3,2,0,0,2,9,15
-38,0,0,4,1,0,0,0,0,0,0,0,32,0,0,2,3,85,0,0,0,0,0,2,2,2,2,1,0,0,2,9,45
1,0,0,6,0,0,0,0,0,0,0,0,56,0,0,2,3,85,0,0,0,0,0,1,1,1,1,1,0,0,2,10,0
4,36,5,51,2,0,0,0,0,0,0,22,8,1,0,6,3,82,1,50,5,7,11,2,5,10,2,1,1,0,1,17,30
-15,36,5,51,3,0,0,0,0,0,0,6,24,1,0,6,3,82,2,48,5,6,11,1,6,10,2,1,1,0,1,17,30
18,32,3,48,5,0,1,1,0,0,0,2,13,0,0,6,3,82,2,43,2,4,9,5,8,12,6,1,1,0,1,16,45
20,32,3,46,5,0,0,1,0,0,0,1,14,0,0,6,3,82,2,43,2,4,9,4,7,11,5,1,1,0,2,16,30
-4,31,3,50,5,0,0,0,0,0,0,23,7,0,0,6,3,82,0,43,2,4,10,3,6,10,6,2,1,0,2,17,0
50,31,3,48,4,0,0,0,0,0,0,16,14,0,0,6,3,82,0,43,2,5,10,2,6,11,5,2,1,0,1,16,45
39,31,3,44,3,0,0,0,0,0,0,11,19,0,0,6,3,82,0,43,4,5,11,2,5,10,4,2,1,0,2,16,0
27,30,4,41,3,0,1,0,0,0,0,0,15,0,0,6,3,82,1,41,3,6,13,4,5,10,4,2,1,0,1,15,30
76,30,4,43,3,0,1,1,0,0,0,10,5,0,0,6,3,82,2,39,1,4,11,3,5,9,4,2,1,0,2,15,45
-1,29,3,46,2,0,1,1,0,0,0,3,12,0,0,6,3,82,1,39,2,5,12,2,5,8,4,2,1,0,2,16,30
59,28,2,41,1,0,1,1,0,0,0,7,8,0,0,6,3,82,0,39,4,6,14,2,5,8,4,1,1,0,1,15,30
-16,26,1,44,4,0,0,2,0,0,0,14,1,0,0,6,3,82,2,35,2,4,11,3,6,10,5,3,1,0,2,16,0
26,26,3,36,3,0,0,2,0,0,0,12,3,0,0,6,3,82,2,35,3,7,14,4,5,10,4,2,1,0,2,14,45
35,26,3,38,3,0,0,2,0,0,0,5,10,0,0,6,3,82,1,34,3,7,15,3,4,9,5,2,1,0,1,15,0
32,26,5,34,2,0,0,3,0,0,0,7,8,0,0,6,3,82,2,33,2,8,14,3,4,9,4,2,1,0,2,14,30
26,26,5,38,2,0,0,2,0,0,0,7,8,0,0,6,3,82,2,33,2,8,14,2,3,8,3,1,1,0,1,15,0
-21,25,6,34,3,0,0,2,0,0,0,29,16,0,0,6,3,82,2,31,5,7,14,2,5,10,4,1,1,0,2,14,30
-5,21,5,36,5,0,2,2,0,0,0,14,1,0,0,6,3,82,2,26,2,7,11,4,5,13,8,2,1,0,2,14,45
-36,20,6,33,6,0,1,2,0,0,0,8,7,0,0,6,3,82,2,25,5,6,13,4,8,16,8,3,1,0,2,14,15
75,19,5,23,5,0,1,2,0,0,0,6,9,0,0,6,3,82,1,25,6,7,13,3,7,15,8,3,1,0,1,12,15
46,19,5,28,5,0,1,1,0,0,0,4,11,0,0,6,3,82,1,25,6,7,13,2,6,15,7,3,1,0,2,13,0
65,18,6,30,5,0,2,2,0,0,1,12,3,0,0,6,3,82,3,21,2,5,13,4,7,16,8,2,1,0,1,13,15
22,15,4,32,6,0,2,2,0,0,1,12,3,0,0,6,3,82,2,19,2,5,11,4,9,17,10,3,1,0,1,13,30
8,15,6,26,6,0,1,2,0,0,1,6,9,0,0,6,3,82,2,19,2,7,14,3,8,17,9,3,1,0,2,12,45
-15,15,6,30,6,0,0,2,0,0,1,5,10,0,0,6,3,82,2,19,2,7,14,2,8,16,8,3,1,0,1,13,15
-34,14,6,26,6,0,0,1,0,0,1,11,4,0,0,6,3,82,0,19,3,7,14,3,9,15,9,5,1,0,2,12,45
67,13,7,21,6,0,0,2,0,0,1,3,12,0,0,6,3,82,1,17,5,6,16,6,9,14,9,5,1,1,2,12,0
89,12,6,21,5,0,0,3,0,0,1,14,1,0,0,6,3,82,1,16,4,8,15,6,9,14,9,5,1,1,2,12,0
11,12,6,28,4,0,0,3,0,0,1,10,5,0,0,6,3,82,1,16,4,8,15,6,9,14,8,5,1,1,2,13,0
11,11,6,25,5,0,0,3,0,0,0,14,1,0,0,6,3,82,1,15,4,7,14,6,10,14,8,5,1,1,2,12,30
42,11,6,17,5,0,0,3,0,0,0,13,2,0,0,6,3,82,2,14,3,6,13,5,9,13,7,5,1,1,2,11,30
17,9,4,23,5,0,1,3,0,0,0,5,10,0,0,6,3,82,2,12,1,7,11,4,9,12,8,5,1,1,1,12,15
57,8,5,17,4,0,1,3,0,0,0,14,1,0,0,6,3,82,1,12,4,7,12,4,8,12,8,5,1,1,2,11,30
0,8,5,15,4,0,0,3,0,0,0,11,4,0,0,6,3,82,1,12,4,7,12,4,7,12,7,5,1,1,2,11,15
-36,7,4,40,4,0,0,2,0,0,0,5,10,0,0,6,3,82,0,12,4,8,12,4,6,11,7,5,0,1,2,15,15
5,6,5,19,5,0,0,2,0,0,1,1,14,0,0,6,3,82,2,9,4,8,9,5,5,12,7,4,0,0,2,11,45
0,6,5,19,5,0,0,1,0,0,2,12,3,0,0,6,3,82,3,8,3,7,8,4,5,11,6,3,0,0,2,11,45
23,6,5,13,4,0,0,1,0,0,2,6,9,0,0,6,3,82,2,8,4,7,8,3,5,10,6,3,0,0,2,11,0
23,5,5,13,3,0,0,1,0,0,2,3,12,0,0,6,3,82,1,8,4,7,8,2,5,10,6,4,0,0,2,11,0
5,5,5,9,5,0,0,1,0,0,1,7,8,0,0,6,3,82,3,6,4,5,6,1,4,9,5,3,0,0,2,10,30
90,1,1,6,8,0,0,1,0,0,2,14,1,0,0,6,3,82,2,1,1,1,1,4,7,12,10,6,0,0,1,10,0
-37,1,1,15,7,0,0,1,0,0,2,12,3,0,0,6,3,82,2,1,1,1,1,3,6,11,9,5,0,0,2,11,15
4,0,0,11,6,0,0,1,0,0,2,5,10,0,0,6,3,82,1,1,1,1,1,3,6,11,9,6,0,0,2,10,45
77,0,0,0,5,0,0,1,0,0,2,2,13,0,1,6,3,82,0,1,1,1,1,3,6,10,9,6,0,0,1,9,0
-26,0,0,6,5,0,0,1,0,0,2,12,3,0,0,6,3,82,0,0,0,0,0,3,5,9,9,6,0,0,1,10,0
5,0,0,5,4,0,0,1,0,0,2,4,11,0,0,6,3,82,0,0,0,0,0,3,5,8,8,6,0,0,2,9,45
-2,0,0,2,3,0,0,1,0,0,2,0,13,0,0,6,3,82,0,0,0,0,0,3,6,7,7,6,0,0,2,9,15
-57,0,0,11,3,0,0,1,0,0,1,0,25,0,0,6,3,82,0,0,0,0,0,2,6,6,6,5,0,0,2,10,45
0,0,0,8,2,0,0,1,0,0,1,0,38,0,0,6,3,82,0,0,0,0,0,4,5,5,5,4,0,0,2,10,15
5,0,0,3,2,0,0,0,0,0,1,0,55,0,0,6,3,82,0,0,0,0,0,4,4,4,4,4,0,0,1,9,30
-27,0,0,9,1,0,0,0,0,0,1,0,56,0,0,6,3,82,0,0,0,0,0,3,3,3,3,3,0,0,2,10,30
96,0,0,3,0,0,0,0,0,0,1,0,67,0,0,6,3,82,0,0,0,0,0,2,2,2,2,2,0,0,1,9,30
52,0,0,0,0,0,0,0,0,0,0,0,84,0,1,6,3,82,0,0,0,0,0,1,1,1,1,1,0,0,1,9,0
36,28,5,45,2,0,0,1,0,0,0,17,13,0,0,5,3,81,2,44,3,6,10,2,3,9,2,0,3,1,1,17,0
16,26,3,45,2,0,0,2,0,0,0,1,29,0,0,5,3,81,2,42,2,6,10,1,5,9,3,2,3,1,1,17,0
-4,23,0,47,3,0,0,2,0,0,2,25,5,1,0,5,3,81,3,38,2,4,9,5,6,11,5,2,3,1,2,17,30
61,23,0,36,3,0,0,2,0,0,1,15,15,0,0,5,3,81,2,38,2,5,9,5,7,12,5,2,2,1,2,15,45
-27,23,0,42,4,0,0,2,0,0,0,10,20,0,0,5,3,81,3,37,2,4,8,4,6,11,4,1,2,0,2,16,45
33,23,0,38,4,0,0,1,0,0,0,8,22,0,0,5,3,81,3,37,2,4,8,3,5,10,3,1,2,0,2,16,0
39,23,0,40,3,0,0,2,0,0,0,12,3,0,0,5,3,81,4,36,2,4,9,2,4,10,2,1,2,0,3,16,30
-50,23,0,42,3,0,0,1,0,0,0,3,12,0,0,5,3,81,3,36,2,4,9,2,3,9,2,1,2,0,2,16,45
0,23,1,42,3,0,0,2,0,0,0,24,6,0,0,5,3,81,3,34,2,5,10,2,5,9,3,2,2,0,2,16,45
-51,23,1,40,3,0,0,2,0,0,0,15,15,0,0,5,3,81,3,33,1,4,10,1,6,8,3,2,2,0,3,16,30
-10,22,1,36,4,0,0,2,0,0,0,4,11,0,0,5,3,81,2,31,3,5,13,6,7,9,5,3,2,0,2,15,45
-40,22,1,38,4,0,0,2,0,0,0,1,14,0,0,5,3,81,3,30,2,4,12,5,6,8,4,2,2,0,2,16,0
-17,22,1,35,4,0,0,1,0,0,0,0,15,0,0,5,3,81,3,30,2,4,12,4,5,7,3,2,2,0,2,15,30
-5,22,2,34,4,0,0,1,0,0,0,6,9,0,0,5,3,81,2,29,2,5,12,3,4,7,4,2,2,0,1,15,0
-17,22,2,32,4,0,0,0,0,0,0,4,11,0,0,5,3,81,2,29,2,5,12,2,3,6,3,2,2,0,1,14,45
-7,22,3,31,3,0,0,0,0,0,0,23,7,0,0,5,3,81,1,29,3,7,15,2,4,6,3,1,2,0,2,14,30
-28,21,5,32,5,0,0,0,0,0,0,12,3,0,0,5,3,81,3,26,4,6,15,1,3,10,3,2,2,0,1,14,45
53,19,7,25,6,0,0,1,0,0,1,11,4,0,0,5,3,81,3,22,2,7,14,2,4,15,6,3,2,0,1,13,0
28,19,7,30,5,0,0,1,0,0,1,11,4,0,0,5,3,81,3,22,2,7,14,1,3,14,5,2,2,0,1,14,15
3,13,6,27,7,0,0,2,0,0,2,8,7,0,0,5,3,81,2,17,5,8,13,5,9,19,10,5,2,1,1,13,15
53,12,6,18,8,0,0,2,0,0,2,0,15,0,0,5,3,81,2,15,4,7,11,5,12,18,11,6,2,1,3,12,15
44,11,6,23,8,0,0,2,0,0,2,7,8,0,0,5,3,81,1,14,3,7,10,6,11,17,12,6,2,1,2,12,45
13,11,6,20,7,0,0,3,0,0,3,2,13,0,0,5,3,81,3,12,3,5,9,5,12,18,11,6,2,2,2,12,30
-1,10,5,28,6,0,0,3,0,0,3,11,4,0,0,5,3,81,2,12,3,6,10,4,12,17,11,5,2,2,1,13,30
14,9,4,18,7,0,0,3,0,0,2,3,12,0,0,5,3,81,2,11,3,6,10,6,12,16,11,4,2,2,3,12,15
-29,9,4,29,7,0,0,3,0,0,1,12,3,0,0,5,3,81,2,11,3,6,10,7,12,15,10,3,1,2,1,13,45
27,9,4,20,7,0,0,2,0,0,1,12,3,0,0,5,3,81,2,11,3,6,10,6,11,14,9,3,1,1,2,12,30
6,7,4,14,8,0,0,3,0,0,0,11,4,0,0,5,3,81,2,9,3,5,9,8,10,14,10,3,1,1,2,11,45
11,6,3,20,7,0,0,3,0,0,0,4,11,0,0,5,3,81,1,9,4,5,9,8,10,14,10,4,1,1,2,12,30
18,6,3,16,6,0,0,3,0,0,0,4,11,0,0,5,3,81,1,9,4,5,9,7,9,13,9,4,1,1,2,12,0
11,6,3,16,5,0,0,4,0,0,0,3,12,0,0,5,3,81,2,8,3,4,8,6,8,12,8,4,1,1,2,12,0
-27,6,3,23,4,0,0,4,0,0,0,3,12,0,0,5,3,81,2,8,3,4,8,5,7,11,7,4,1,1,2,12,45
80,5,3,11,4,0,0,4,0,0,0,4,11,0,0,5,3,81,1,7,2,4,7,5,8,10,8,3,0,1,2,11,15
-52,5,3,25,3,0,0,4,0,0,0,3,12,0,0,5,3,81,1,7,2,4,7,4,7,9,7,3,0,0,1,13,0
7,5,3,12,2,0,0,4,0,0,0,1,14,0,0,5,3,81,1,7,2,4,7,3,6,9,6,2,0,0,2,11,30
31,5,4,12,2,0,0,5,0,0,0,20,10,0,0,5,3,81,2,5,1,4,5,3,5,8,6,3,0,0,2,11,30
99,5,4,5,2,0,0,4,0,0,0,15,15,0,0,5,3,81,2,5,1,4,5,2,4,9,5,3,0,0,1,10,0
-37,3,3,14,3,0,0,3,0,0,0,10,5,0,0,5,3,81,1,4,2,4,4,3,5,10,6,3,0,0,2,11,45
22,2,2,9,3,0,0,3,0,0,0,6,9,0,0,5,3,81,1,3,3,3,3,2,4,10,6,4,0,0,1,11,0
54,2,2,7,3,0,0,2,0,0,0,4,11,0,0,5,3,81,1,3,3,3,3,1,3,9,5,3,0,0,1,10,15
-2,1,1,9,6,0,0,1,0,0,0,4,11,0,0,5,3,81,2,0,0,0,0,2,7,8,6,5,0,0,1,11,0
5,0,0,8,6,0,0,0,0,0,0,10,5,0,0,5,3,81,0,0,0,0,0,2,6,7,7,5,0,0,2,10,30
45,0,0,1,5,0,0,0,0,0,0,1,14,0,0,5,3,81,0,0,0,0,0,5,6,6,6,4,0,0,2,9,15
-3,0,0,4,4,0,0,0,0,0,0,0,12,0,0,5,3,81,0,0,0,0,0,4,5,5,5,3,0,0,2,9,45
58,0,0,2,3,0,0,0,0,0,0,0,14,0,0,5,3,81,0,0,0,0,0,3,4,4,4,2,0,0,1,9,30
27,0,0,0,2,0,0,0,0,0,0,0,19,0,1,5,3,81,0,0,0,0,0,3,3,3,3,2,0,0,1,9,0
-29,0,0,5,1,0,0,0,0,0,0,0,22,0,0,5,3,81,0,0,0,0,0,2,2,2,2,1,0,0,1,10,0
43,0,0,2,0,0,0,0,0,0,0,0,45,0,0,5,3,81,0,0,0,0,0,1,1,1,1,1,0,0,1,9,30
-16,21,4,39,3,0,0,1,0,0,0,13,17,1,0,4,3,80,1,35,2,5,7,4,5,8,4,2,3,1,1,16,45
27,19,2,34,4,0,0,1,0,0,0,13,2,0,0,4,3,80,1,33,1,3,6,3,5,8,5,3,3,1,2,15,0
48,19,2,34,3,0,0,1,0,0,0,7,8,0,0,4,3,80,1,33,2,4,7,2,5,7,4,3,3,1,2,15,0
46,18,1,30,2,0,0,1,0,0,0,1,14,0,0,4,3,80,0,33,3,4,7,2,4,7,4,2,3,1,2,14,30
25,17,1,36,3,0,0,2,0,0,0,2,13,0,0,4,3,80,2,30,1,2,6,3,4,8,4,2,2,1,1,15,15
21,17,1,32,2,0,0,2,0,0,0,12,3,0,0,4,3,80,2,30,1,2,7,2,3,7,3,2,2,0,2,14,45
17,17,1,36,2,0,0,1,0,0,0,56,4,0,0,4,3,80,2,30,2,4,9,1,3,8,2,2,2,0,1,15,15
-22,16,1,29,2,0,0,1,0,0,1,22,38,0,0,4,3,80,1,28,2,4,14,2,5,8,4,1,2,1,2,14,15
4,16,3,30,2,0,0,1,0,0,1,5,55,0,0,4,3,80,1,27,1,6,14,3,4,10,4,1,2,1,2,14,30
-68,16,4,32,2,0,1,1,0,0,0,7,8,0,0,4,3,80,2,26,2,6,15,3,6,9,3,0,1,2,2,14,45
52,16,4,26,2,0,1,0,0,0,0,14,1,0,0,4,3,80,2,26,3,7,16,2,5,9,2,0,1,1,1,13,0
-97,15,6,38,1,0,1,0,0,0,1,8,7,0,0,4,3,80,2,25,5,11,18,3,4,11,2,0,1,1,1,15,45
6,13,5,24,4,0,1,0,0,0,1,0,15,0,0,4,3,80,2,21,6,9,17,3,6,16,5,1,1,1,2,12,45
17,13,5,21,4,0,1,0,0,0,0,14,1,0,0,4,3,80,2,21,6,9,18,2,5,15,4,1,1,1,1,12,15
-41,12,5,26,4,0,0,0,1,0,0,7,8,0,0,4,3,80,2,20,6,9,17,1,4,14,4,1,0,1,1,13,0
37,9,5,13,7,0,0,2,1,0,0,3,12,0,0,4,3,80,4,14,4,7,13,3,8,20,7,4,0,0,2,11,15
0,9,5,17,7,0,0,1,1,0,0,0,15,0,0,4,3,80,4,14,4,7,14,3,8,20,6,4,0,0,2,11,45
-56,9,5,28,7,0,0,1,1,0,0,5,10,0,0,4,3,80,4,13,4,9,13,4,11,19,6,4,0,0,1,13,15
11,6,4,21,8,0,1,1,1,0,0,1,14,0,0,4,3,80,2,10,3,7,10,6,11,18,10,6,0,0,1,12,15
24,6,4,15,8,0,1,1,0,0,0,14,1,0,0,4,3,80,2,10,3,7,10,7,10,17,9,6,0,0,2,11,30
-70,6,4,23,8,0,1,1,0,0,0,9,6,0,0,4,3,80,2,9,4,6,9,6,10,17,9,6,0,0,2,12,30
5,5,4,11,8,0,0,1,0,0,0,4,11,0,0,4,3,80,1,9,5,7,9,7,11,16,9,6,0,0,2,11,0
-27,5,4,15,9,0,0,1,0,0,0,6,9,0,0,4,3,80,2,7,4,6,7,6,13,15,9,6,0,0,2,11,30
-2,4,3,19,8,0,0,1,0,0,0,2,13,0,0,4,3,80,0,7,4,7,7,6,12,15,10,7,0,0,2,12,0
10,4,3,19,7,0,0,1,0,0,0,14,1,0,0,4,3,80,0,7,4,7,7,5,12,14,9,6,0,0,2,12,0
-20,4,3,17,7,0,0,0,0,0,0,14,1,0,0,4,3,80,0,7,4,7,7,4,11,13,8,5,0,0,2,11,45
10,4,4,11,7,0,0,0,0,0,1,8,7,0,0,4,3,80,2,5,2,5,5,4,10,12,7,4,0,0,2,11,0
22,4,4,9,6,0,0,1,0,0,1,6,9,0,0,4,3,80,3,4,2,4,4,4,9,11,6,4,0,0,1,10,30
-31,2,2,13,5,0,0,2,0,0,1,3,12,0,0,4,3,80,2,3,3,3,3,7,8,12,7,4,0,0,2,11,15
64,2,2,6,4,0,0,2,0,0,1,12,3,0,0,4,3,80,2,3,3,3,3,7,7,11,6,3,0,0,1,10,15
-19,2,2,6,5,0,0,2,0,0,0,6,9,0,0,4,3,80,1,2,2,2,2,6,7,10,7,3,0,0,1,10,15
35,1,1,4,4,0,0,2,0,0,0,5,10,0,0,4,3,80,0,2,2,2,2,5,6,9,7,3,0,0,3,10,0
1,1,1,6,4,0,0,1,0,0,0,0,15,0,0,4,3,80,0,2,2,2,2,4,5,8,6,2,0,0,1,10,15
-110,1,1,24,4,0,0,1,0,0,0,12,3,0,0,4,3,80,1,1,1,1,1,3,4,7,5,2,0,0,2,12,45
-12,1,1,10,3,0,0,1,0,0,0,6,9,0,0,4,3,80,0,1,1,1,1,2,3,6,5,2,0,0,2,10,45
-4,1,1,3,3,0,0,1,0,0,0,1,14,0,0,4,3,80,1,0,0,0,0,1,3,5,4,2,0,0,2,9,45
42,0,0,1,2,0,0,1,0,0,0,0,4,0,0,4,3,80,0,0,0,0,0,2,4,4,4,2,0,0,1,9,30
-9,0,0,4,2,0,0,0,0,0,0,0,26,0,0,4,3,80,0,0,0,0,0,3,3,3,3,1,0,0,3,10,0
21,0,0,1,1,0,0,0,0,0,0,0,54,0,0,4,3,80,0,0,0,0,0,2,2,2,2,1,0,0,1,9,30
27,0,0,0,0,0,0,0,0,0,0,0,55,0,1,4,3,80,0,0,0,0,0,1,1,1,1,1,0,0,2,9,0
44,24,1,46,1,0,1,1,0,0,0,1,14,1,0,3,3,79,1,43,1,3,9,3,3,8,3,1,6,1,1,17,30
17,23,1,45,0,0,1,1,0,0,0,4,11,0,0,3,3,79,0,43,1,4,9,2,3,7,3,0,5,2,1,17,15
116,23,1,36,0,0,0,2,0,0,0,0,15,0,0,3,3,79,1,42,0,3,9,1,2,7,2,0,5,1,2,15,30
12,23,3,43,2,0,0,1,0,0,1,11,4,0,0,3,3,79,2,39,3,5,9,2,5,7,3,2,4,2,1,17,0
20,21,1,37,2,0,0,3,0,0,0,6,9,0,0,3,3,79,2,37,2,5,7,4,5,9,4,2,3,1,1,15,45
-15,20,2,39,3,0,0,2,0,0,0,14,1,0,0,3,3,79,0,36,4,4,8,4,4,9,6,3,3,0,2,16,0
-28,20,2,42,2,0,0,2,0,0,0,12,3,0,0,3,3,79,0,36,4,5,9,3,3,8,5,3,3,0,2,16,45
-4,20,2,40,2,0,0,2,0,0,0,7,8,0,0,3,3,79,1,35,3,4,8,2,3,7,4,2,3,0,1,16,15
-89,20,2,43,3,0,0,2,0,0,0,1,14,0,0,3,3,79,1,33,1,3,8,1,3,7,5,2,3,0,1,17,0
51,18,2,31,5,0,0,1,0,0,0,52,8,0,0,3,3,79,1,31,1,4,12,4,5,9,6,2,3,1,3,15,0
41,18,3,31,5,0,0,1,0,0,0,32,28,0,0,3,3,79,1,30,2,5,13,4,5,11,6,3,3,2,3,15,0
-56,18,3,40,4,0,0,1,0,0,0,27,33,0,0,3,3,79,0,30,3,5,14,3,4,10,6,3,3,2,1,16,15
-6,18,3,33,3,0,0,1,0,0,0,26,34,0,0,3,3,79,0,30,3,5,14,2,3,9,5,2,2,2,1,15,15
2,18,5,29,4,0,0,1,0,0,0,9,51,0,0,3,3,79,2,28,3,6,14,2,4,15,4,2,2,1,2,14,45
-32,16,6,28,6,0,0,1,0,0,0,10,5,0,0,3,3,79,2,25,3,8,14,3,6,15,6,4,1,2,2,14,30
95,14,4,26,7,0,0,0,0,0,0,6,9,0,0,3,3,79,1,24,5,8,17,3,8,18,7,5,1,1,1,13,15
25,14,5,24,6,0,0,1,0,0,0,3,12,0,0,3,3,79,2,23,4,7,16,2,8,18,6,5,1,1,1,13,0
-69,12,3,33,6,0,1,1,0,0,0,2,13,0,0,3,3,79,1,21,4,7,17,4,11,18,8,5,0,1,1,15,15
-1,10,3,27,8,0,1,1,0,0,1,14,1,0,0,3,3,79,2,17,1,6,14,8,11,21,10,6,0,0,1,13,30
26,10,3,21,7,0,1,1,0,0,1,14,1,0,0,3,3,79,2,17,1,6,14,7,10,20,9,5,0,0,1,12,30
31,10,4,15,7,0,1,1,0,0,0,8,7,0,0,3,3,79,2,17,3,7,14,8,9,19,8,5,0,0,2,11,45
20,10,6,19,7,0,1,1,0,0,0,9,6,0,0,3,3,79,2,16,3,9,13,8,10,20,8,6,0,0,2,12,15
97,10,6,17,6,0,1,1,0,0,0,8,7,0,0,3,3,79,2,16,3,9,13,7,9,19,7,5,0,0,2,12,0
11,9,6,19,6,0,0,1,0,0,0,3,12,0,0,3,3,79,0,16,3,9,13,6,11,18,8,4,0,0,2,12,15
-127,9,6,29,5,0,0,1,0,0,0,2,13,0,0,3,3,79,0,16,4,9,13,5,10,17,7,3,0,0,2,14,45
-189,9,6,33,4,0,0,1,0,0,0,0,15,0,0,3,3,79,0,16,5,9,14,4,9,16,6,3,0,0,1,15,15
42,9,6,17,5,0,1,0,0,0,0,11,4,0,0,3,3,79,2,14,3,8,13,3,8,15,5,2,0,0,2,12,0
4,9,6,24,4,0,1,0,0,0,0,10,5,0,0,3,3,79,2,14,3,8,13,2,7,14,4,2,0,0,1,13,0
-10,8,5,21,3,0,1,0,0,0,0,0,15,0,0,3,3,79,1,14,6,10,14,2,7,14,4,1,0,0,1,12,30
2,6,4,14,4,0,1,2,0,0,1,5,10,0,0,3,3,79,3,9,5,6,9,6,10,14,6,2,0,0,2,11,30
-54,5,3,23,4,0,1,2,0,0,1,0,15,0,0,3,3,79,3,8,4,5,8,5,9,13,6,2,0,0,2,12,45
10,4,2,11,4,0,1,2,0,0,1,8,7,0,0,3,3,79,2,7,4,4,7,5,10,13,7,3,0,0,1,11,0
-264,4,2,37,4,0,0,2,0,0,1,7,8,0,0,3,3,79,2,7,4,4,7,4,9,14,6,3,0,0,1,15,45
4,3,1,15,3,0,0,2,0,0,1,4,11,0,0,3,3,79,1,7,4,4,7,4,8,13,6,2,0,0,2,11,45
-3,3,2,11,2,0,0,3,0,0,1,8,7,0,0,3,3,79,2,6,3,5,6,5,7,12,5,2,0,0,1,11,0
5,3,2,13,5,0,0,3,0,0,0,10,5,0,0,3,3,79,4,3,0,3,3,6,7,11,5,3,0,0,1,11,15
34,3,2,5,4,0,0,3,0,0,0,6,9,0,0,3,3,79,4,3,0,3,3,5,7,10,4,2,0,0,2,10,15
-7,3,3,9,4,0,0,2,0,0,0,3,12,0,0,3,3,79,4,3,0,3,3,4,6,9,3,2,0,0,2,10,45
16,3,3,9,3,0,0,2,0,0,0,2,13,0,0,3,3,79,4,3,0,3,3,3,5,8,2,1,0,0,2,10,45
73,2,2,3,3,0,0,1,0,0,0,12,3,0,0,3,3,79,2,3,3,3,3,3,5,8,3,1,0,0,1,9,45
-4,2,2,5,2,0,0,1,0,0,0,11,4,0,0,3,3,79,2,3,3,3,3,2,4,7,2,0,0,0,2,10,15
11,1,1,4,2,0,1,1,0,0,0,6,9,0,0,3,3,79,1,1,1,1,1,2,5,6,4,2,0,0,2,10,0
-44,1,1,7,3,0,1,0,0,0,0,7,8,0,0,3,3,79,1,0,0,0,0,4,4,5,4,2,0,0,2,10,30
-43,0,0,7,2,0,1,0,0,0,0,0,16,0,0,3,3,79,0,0,0,0,0,3,4,4,4,3,0,0,2,10,30
10,0,0,1,1,0,1,0,0,0,0,0,23,0,0,3,3,79,0,0,0,0,0,2,3,3,3,2,0,0,1,9,30
-2,0,0,1,1,0,0,0,0,0,0,0,23,0,0,3,3,79,0,0,0,0,0,1,2,2,2,1,0,0,1,9,30
6,0,0,0,0,0,0,0,0,0,0,0,64,0,1,3,3,79,0,0,0,0,0,1,1,1,1,1,0,0,2,9,15
5,25,2,50,0,0,0,1,0,0,0,12,3,1,0,2,3,78,0,49,3,5,12,1,1,8,2,1,7,0,1,17,30
39,23,2,39,3,0,0,2,0,0,0,14,1,0,0,2,3,78,0,44,4,7,14,4,8,12,6,3,6,4,2,16,0
-13,23,2,48,2,0,0,2,0,0,0,13,2,0,0,2,3,78,0,44,4,7,14,3,7,11,5,3,5,3,1,17,15
72,22,2,41,4,0,0,1,0,0,0,11,4,0,0,2,3,78,1,42,5,7,14,5,7,10,5,3,4,3,2,16,15
-24,21,1,48,5,0,0,1,0,0,0,5,10,0,0,2,3,78,2,40,3,7,12,5,6,11,5,2,4,2,1,17,15
35,21,2,35,4,0,1,1,0,0,0,10,5,0,0,2,3,78,1,39,3,6,12,4,6,11,6,3,4,3,2,15,30
55,21,2,37,4,0,1,2,0,0,0,3,12,0,0,2,3,78,3,37,1,4,11,3,5,11,5,2,4,3,2,15,45
-64,21,2,45,4,0,0,2,0,0,0,14,1,0,0,2,3,78,2,37,2,4,11,3,4,10,5,2,3,3,1,16,45
-47,21,2,43,3,0,0,2,0,0,0,6,9,0,0,2,3,78,1,37,3,6,12,2,4,11,5,2,3,2,2,16,30
-110,20,3,47,3,0,0,2,0,0,0,14,1,0,0,2,3,78,0,35,3,7,12,2,4,12,6,2,2,2,2,17,0
-14,19,2,37,5,0,0,1,0,0,1,14,1,0,0,2,3,78,1,33,3,6,11,3,6,12,7,3,1,1,2,15,45
-2,19,3,45,4,0,0,1,2,0,1,55,5,0,0,2,3,78,2,31,3,6,11,3,7,12,7,3,1,1,1,16,45
-5,19,3,33,3,0,0,1,2,0,1,48,12,0,0,2,3,78,2,31,3,6,12,4,8,13,6,2,1,1,1,15,0
16,17,2,30,4,0,0,2,2,0,1,26,34,0,0,2,3,78,2,28,3,4,13,5,9,14,8,3,1,1,2,14,30
40,17,2,34,3,0,0,2,2,0,1,25,35,0,0,2,3,78,2,28,3,5,13,4,8,13,7,2,1,1,2,15,15
-65,17,3,43,2,0,0,2,2,0,1,18,42,0,0,2,3,78,2,28,3,5,13,4,7,13,6,2,1,1,2,16,30
16,16,3,31,4,0,0,1,2,0,1,4,56,0,0,2,3,78,2,26,2,6,12,4,7,13,7,3,1,1,1,14,45
-103,16,3,41,5,0,0,1,2,0,0,12,3,0,0,2,3,78,2,25,1,5,12,5,6,15,7,3,0,1,2,16,15
30,16,3,28,5,0,0,1,1,0,0,8,7,0,0,2,3,78,2,25,2,6,13,4,6,14,6,3,0,0,1,13,30
-29,16,3,31,5,0,0,1,0,0,0,3,12,0,0,2,3,78,2,25,2,6,14,3,6,14,5,2,0,0,1,14,45
-103,15,4,35,5,0,0,0,1,0,0,1,14,0,0,2,3,78,2,24,4,8,15,3,7,14,5,3,0,0,2,15,30
-149,15,4,39,4,0,0,0,1,0,0,14,1,0,0,2,3,78,1,24,4,8,16,2,6,13,5,2,0,0,2,16,0
30,14,6,28,4,0,0,2,1,0,0,10,5,0,0,2,3,78,3,21,4,7,14,4,7,15,5,3,0,0,1,13,30
-25,13,6,25,6,0,0,1,1,0,0,8,7,0,0,2,3,78,3,19,4,7,13,4,9,16,6,5,0,0,1,13,0
20,13,7,27,5,0,0,1,1,0,0,7,8,0,0,2,3,78,3,19,4,7,13,3,8,16,5,4,0,0,2,13,15
37,13,8,19,5,0,0,1,0,0,0,1,14,0,0,2,3,78,3,19,4,9,14,4,8,15,4,3,0,0,2,12,15
27,11,7,23,6,0,0,2,0,0,0,2,13,0,0,2,3,78,3,16,3,7,14,5,8,16,6,2,0,0,2,12,45
1,9,6,19,5,0,0,2,0,0,1,4,11,0,0,2,3,78,2,15,4,7,13,6,9,17,7,3,0,0,2,12,15
8,8,5,18,4,0,0,2,0,0,1,2,13,0,0,2,3,78,1,15,5,8,13,5,8,17,7,4,0,0,2,12,0
-63,8,5,23,5,0,0,2,0,0,1,3,12,0,0,2,3,78,2,13,4,6,13,5,9,16,7,5,0,0,2,12,45
-1,8,5,25,4,0,0,2,0,0,1,2,13,0,0,2,3,78,2,13,4,6,13,4,8,15,6,4,0,0,1,13,0
11,8,5,16,4,0,0,2,0,0,0,0,15,0,0,2,3,78,2,13,5,6,13,3,8,14,5,4,0,0,1,11,45
8,5,2,21,5,0,0,2,0,0,0,5,10,0,0,2,3,78,1,11,3,6,11,4,8,14,7,4,0,0,2,12,30
23,5,2,11,5,0,0,3,0,0,0,6,9,0,0,2,3,78,2,9,2,6,9,4,9,14,7,3,0,0,2,11,0
59,4,2,11,6,0,0,2,0,0,0,10,5,0,0,2,3,78,2,8,1,6,8,5,8,13,7,4,0,0,2,11,0
-18,4,3,21,5,0,0,2,0,0,0,5,10,0,0,2,3,78,2,8,3,6,8,5,9,12,6,3,0,0,2,12,30
13,3,2,13,5,0,0,2,0,0,0,12,3,0,0,2,3,78,2,7,3,6,7,4,9,12,6,3,0,0,1,11,15
-19,3,2,15,4,0,0,2,0,0,0,5,10,0,0,2,3,78,2,7,4,7,7,5,8,11,5,2,0,0,2,11,30
4,3,2,16,3,0,0,2,0,0,0,1,14,0,0,2,3,78,0,7,5,7,7,4,7,12,6,4,0,0,1,11,45
-13,3,3,10,3,0,0,2,0,0,0,8,7,0,0,2,3,78,1,6,4,6,6,4,7,11,5,3,0,0,2,10,45
51,3,3,7,4,0,0,2,0,0,0,11,4,0,0,2,3,78,2,4,3,4,4,5,7,11,5,3,0,0,1,10,30
-9,3,3,7,3,0,0,2,0,0,0,8,7,0,0,2,3,78,2,4,3,4,4,4,6,10,4,3,0,0,1,10,30
-40,2,2,13,4,0,0,2,0,0,0,9,6,0,0,2,3,78,2,2,2,2,2,4,5,9,5,4,0,0,1,11,15
62,1,1,5,4,0,0,1,0,0,0,6,9,0,0,2,3,78,1,2,2,2,2,3,4,8,5,4,0,0,1,10,0
-23,1,1,7,3,0,0,1,0,0,0,3,12,0,0,2,3,78,1,2,2,2,2,3,3,7,4,3,0,0,1,10,30
35,0,0,6,4,0,0,1,0,0,0,25,5,0,0,2,3,78,1,0,0,0,0,2,5,6,5,3,0,0,3,10,15
21,0,0,3,3,0,0,1,0,0,0,20,10,0,0,2,3,78,0,0,0,0,0,1,4,5,5,3,0,0,1,9,45
22,0,0,1,3,0,0,0,0,0,0,0,15,0,0,2,3,78,0,0,0,0,0,3,4,4,4,2,0,0,2,9,30
30,0,0,0,2,0,0,0,0,0,0,0,26,0,1,2,3,78,0,0,0,0,0,3,3,3,3,1,0,0,2,9,0
-5,0,0,3,1,0,0,0,0,0,0,0,27,0,0,2,3,78,0,0,0,0,0,2,2,2,2,1,0,0,1,9,45
-5,0,0,1,0,0,0,0,0,0,0,0,46,0,0,2,3,78,0,0,0,0,0,1,1,1,1,0,0,0,2,9,30
19,36,4,47,3,0,0,1,0,0,0,9,6,1,0,6,3,75,1,43,3,5,9,2,6,9,4,2,8,1,1,17,30
67,35,3,43,3,0,1,1,0,0,0,1,14,0,0,6,3,75,1,41,3,4,8,3,6,11,5,3,8,2,2,17,0
-7,35,3,45,2,0,1,2,0,0,0,8,7,0,0,6,3,75,1,40,2,5,8,4,6,10,5,3,8,2,1,17,15
-2,32,1,43,4,0,0,2,0,0,0,6,9,0,0,6,3,75,0,38,0,4,7,3,5,9,7,3,7,2,2,17,0
32,32,3,45,4,0,0,1,0,0,0,12,3,0,0,6,3,75,0,38,1,4,7,3,5,9,6,3,7,2,1,17,15
10,32,3,40,3,0,0,1,0,0,0,10,5,0,0,6,3,75,0,38,3,4,7,2,4,8,5,2,7,2,1,16,30
62,32,3,39,2,0,0,1,0,0,0,5,10,0,0,6,3,75,0,38,4,5,8,2,6,9,4,2,6,3,2,16,15
106,32,4,37,2,0,1,2,0,0,0,10,5,0,0,6,3,75,2,35,1,3,5,2,5,8,4,1,6,2,1,15,45
5,29,3,42,3,0,1,1,0,0,0,29,1,0,0,6,3,75,0,34,1,3,7,4,5,9,6,1,5,2,2,16,45
-4,29,3,38,3,0,0,1,0,0,0,24,6,0,0,6,3,75,0,34,2,4,7,3,4,8,5,1,4,1,1,16,0
34,29,3,34,2,0,0,1,0,0,0,18,12,0,0,6,3,75,0,34,3,4,8,2,5,8,4,1,4,1,2,15,0
6,29,4,40,1,0,0,1,0,0,0,11,19,0,0,6,3,75,0,34,3,4,9,1,4,8,3,1,4,1,1,16,30
13,26,2,35,2,0,1,1,0,0,0,18,12,0,0,6,3,75,0,31,1,4,9,3,4,7,5,2,4,1,1,15,30
4,26,3,32,2,0,1,1,0,0,0,6,24,0,0,6,3,75,1,30,0,3,11,2,4,6,4,2,4,1,1,14,45
5,26,3,35,2,0,1,0,0,0,0,6,24,0,0,6,3,75,1,30,0,3,11,1,3,5,3,2,3,1,1,15,30
12,25,4,32,1,0,1,0,0,0,0,18,27,0,0,6,3,75,0,30,4,6,14,3,4,5,3,2,3,1,1,14,45
1,24,5,31,3,0,0,1,0,0,0,0,45,0,0,6,3,75,2,27,3,6,13,3,3,5,3,2,3,1,2,14,15
82,22,3,29,3,0,0,1,0,0,0,5,10,0,0,6,3,75,1,26,2,7,14,2,2,5,4,2,3,1,1,13,15
5,22,5,30,4,0,0,0,0,0,0,11,4,0,0,6,3,75,2,25,2,8,15,1,1,6,3,1,2,1,1,13,30
35,17,7,24,7,0,0,2,2,0,0,6,9,0,0,6,3,75,3,17,2,9,15,2,7,18,9,2,2,0,1,12,30
18,14,7,21,7,0,0,2,2,0,0,14,1,0,0,6,3,75,0,16,6,11,16,4,12,18,12,3,2,0,1,12,0
36,12,7,17,8,0,0,4,2,0,0,10,5,0,0,6,3,75,2,12,5,9,12,7,14,20,13,5,2,1,2,11,30
44,12,8,21,9,0,0,4,1,0,0,4,11,0,0,6,3,75,3,11,5,8,11,10,13,20,12,4,2,1,1,12,0
-15,11,7,23,9,0,0,3,1,0,1,2,13,0,0,6,3,75,2,10,5,7,10,9,13,19,13,4,2,2,2,12,15
-2,11,7,26,8,0,0,3,1,0,1,11,4,0,0,6,3,75,2,10,5,8,10,9,12,18,12,4,2,2,2,12,45
45,11,7,17,9,0,1,3,0,0,1,9,6,0,0,6,3,75,4,8,3,6,8,9,11,17,11,4,2,2,2,11,30
21,10,7,27,8,0,1,3,0,0,1,4,11,0,0,6,3,75,3,8,3,6,8,8,11,16,11,4,2,2,1,13,0
96,10,7,14,8,0,1,2,0,0,1,4,11,0,0,6,3,75,3,8,3,6,8,8,10,15,10,3,2,2,2,11,0
21,8,6,27,8,0,1,3,0,0,1,7,8,0,0,6,3,75,3,6,3,5,6,7,9,14,11,3,2,2,1,13,0
-2,8,6,24,7,0,1,3,0,0,1,7,8,0,0,6,3,75,3,6,3,5,6,6,8,13,10,3,2,2,1,12,30
-26,8,7,19,7,0,1,2,0,0,1,6,9,0,0,6,3,75,3,6,3,5,6,5,8,12,9,3,2,2,2,11,45
12,8,7,15,6,0,1,2,0,0,1,5,10,0,0,6,3,75,3,6,3,5,6,4,7,11,8,3,2,2,2,11,15
15,7,6,19,6,0,1,2,0,0,1,13,2,0,0,6,3,75,3,5,3,5,5,4,6,11,8,3,2,2,2,11,45
24,7,6,12,5,0,1,2,0,0,1,10,5,0,0,6,3,75,3,5,3,5,5,3,5,10,7,3,1,2,1,10,45
83,7,7,10,4,0,1,2,0,0,1,4,11,0,0,6,3,75,3,5,3,5,5,3,4,10,6,3,1,1,2,10,30
19,4,4,10,5,0,1,2,0,0,1,3,12,0,0,6,3,75,2,3,3,3,3,3,7,12,8,5,0,1,2,10,30
10,3,3,15,6,0,1,1,0,0,1,6,9,0,0,6,3,75,2,2,2,2,2,2,6,11,8,5,0,0,2,11,15
64,2,2,8,5,0,1,2,0,0,1,7,8,0,0,6,3,75,2,1,1,1,1,5,5,11,8,4,0,0,2,10,15
61,0,0,6,5,0,0,2,1,0,1,3,12,0,0,6,3,75,0,0,0,0,0,4,6,10,10,5,0,0,2,10,0
12,0,0,4,4,0,0,2,1,0,1,2,13,0,0,6,3,75,0,0,0,0,0,3,5,9,9,5,0,0,2,9,45
6,0,0,4,4,0,0,1,1,0,1,12,3,0,0,6,3,75,0,0,0,0,0,2,5,8,8,5,0,0,2,9,45
89,0,0,2,3,0,0,1,1,0,1,7,8,0,0,6,3,75,0,0,0,0,0,1,6,7,7,4,0,0,2,9,30
25,0,0,6,2,0,0,1,1,0,1,0,13,0,0,6,3,75,0,0,0,0,0,5,6,6,6,4,0,0,2,10,0
38,0,0,2,1,0,0,1,1,0,1,0,26,0,0,6,3,75,0,0,0,0,0,4,5,5,5,3,0,0,2,9,30
81,0,0,0,0,0,0,1,1,0,1,0,29,0,1,6,3,75,0,0,0,0,0,3,4,4,4,2,0,0,1,9,0
23,0,0,1,0,0,0,1,0,0,1,0,34,0,0,6,3,75,0,0,0,0,0,3,3,3,3,2,0,0,2,9,15
-59,0,0,12,0,0,0,1,0,0,0,0,35,0,0,6,3,75,0,0,0,0,0,2,2,2,2,1,0,0,1,10,45
13,0,0,8,0,0,0,0,0,0,0,0,60,0,0,6,3,75,0,0,0,0,0,1,1,1,1,1,0,0,2,10,15
53,39,3,51,0,0,0,0,0,0,0,32,0,1,0,5,3,74,0,51,2,3,8,1,2,3,1,0,4,0,1,17,30
0,36,4,50,1,0,0,1,0,0,0,3,12,0,0,5,3,74,0,48,3,5,11,1,2,4,3,0,4,0,1,17,15
11,33,3,47,5,0,0,1,0,0,0,7,23,0,0,5,3,74,2,43,2,6,12,3,3,11,5,1,4,0,1,16,30
31,31,2,49,5,0,0,1,0,0,0,5,10,0,0,5,3,74,1,42,2,6,13,2,4,12,6,3,4,1,1,17,0
62,31,4,47,4,0,0,1,0,0,1,8,7,0,0,5,3,74,2,41,4,6,14,1,5,11,5,3,4,1,1,16,30
-14,29,3,44,5,0,1,2,0,0,1,14,1,0,0,5,3,74,1,37,4,7,15,4,8,14,9,5,3,1,2,15,45
23,29,4,45,5,0,1,2,0,0,1,6,9,0,0,5,3,74,2,36,4,7,16,4,9,13,8,5,3,0,2,16,0
55,28,3,42,4,0,1,2,0,0,1,14,1,0,0,5,3,74,1,36,5,8,16,5,8,12,8,6,3,0,1,15,30
63,28,3,38,3,0,1,3,0,0,1,12,3,0,0,5,3,74,2,35,4,7,15,4,7,11,7,5,3,0,2,15,0
14,27,4,36,5,0,0,3,0,0,1,13,2,0,0,5,3,74,2,33,3,7,13,4,6,13,8,5,3,0,2,14,45
-10,27,5,40,5,0,0,3,0,0,1,6,9,0,0,5,3,74,2,32,3,6,14,5,7,12,8,5,3,0,2,15,15
-27,27,6,45,5,0,0,2,0,0,1,2,13,0,0,5,3,74,2,32,4,7,14,4,7,12,7,4,3,0,2,16,0
20,27,6,42,5,0,0,2,0,0,1,41,4,0,0,5,3,74,2,31,3,7,14,3,6,11,7,3,3,0,1,15,30
10,26,7,34,6,0,0,2,0,0,0,26,19,0,0,5,3,74,2,30,4,8,14,2,6,13,7,2,3,0,2,14,30
14,25,7,38,6,0,0,1,0,0,0,24,21,0,0,5,3,74,1,30,4,10,15,2,5,13,7,3,3,0,2,15,0
75,23,8,32,6,0,0,3,1,0,0,10,5,0,0,5,3,74,2,26,5,7,14,4,7,15,9,4,3,2,1,13,30
-1,23,8,33,5,0,0,3,1,0,0,8,7,0,0,5,3,74,2,26,6,7,14,3,6,14,8,3,3,2,2,14,15
51,22,7,31,4,0,0,3,1,0,0,5,10,0,0,5,3,74,1,26,6,8,15,2,5,13,8,4,3,2,1,13,15
-15,19,5,36,5,0,1,2,1,0,0,7,8,0,0,5,3,74,0,24,4,7,15,2,6,13,10,5,3,3,2,14,45
84,17,7,23,8,0,1,3,0,0,0,7,8,0,0,5,3,74,2,20,3,7,15,5,11,16,11,5,3,3,2,12,15
-8,17,7,34,7,0,1,3,0,0,0,3,12,0,0,5,3,74,2,20,3,7,15,4,10,15,10,5,2,3,2,14,30
22,16,6,27,7,0,0,3,0,0,0,13,2,0,0,5,3,74,1,20,4,7,15,4,9,16,10,6,1,2,2,12,45
54,15,6,29,7,0,0,4,0,0,0,4,11,0,0,5,3,74,2,18,3,7,15,7,8,19,10,6,1,1,1,13,0
-82,14,6,40,7,0,0,4,0,0,0,10,5,0,0,5,3,74,2,17,4,8,14,6,8,18,10,6,0,1,2,15,15
69,13,6,21,6,0,0,4,0,0,0,0,15,0,0,5,3,74,1,17,4,9,15,6,8,17,10,6,0,0,2,12,0
39,12,5,29,6,0,0,4,0,0,0,12,3,0,0,5,3,74,1,16,4,9,14,5,7,16,10,7,0,0,1,13,0
40,12,5,23,5,0,0,4,0,0,0,11,4,0,0,5,3,74,1,16,4,9,14,4,6,15,9,7,0,0,2,12,15
53,12,5,21,4,0,0,5,0,0,0,9,6,0,0,5,3,74,2,15,3,8,13,3,6,14,8,7,0,0,2,12,0
32,12,5,27,4,0,0,4,0,0,0,6,9,0,0,5,3,74,2,15,4,8,13,2,5,14,7,6,0,0,2,12,45
52,10,5,25,4,0,1,4,0,0,0,10,5,0,0,5,3,74,2,13,4,8,11,2,5,13,8,7,0,0,2,12,30
18,8,5,13,6,0,1,5,0,0,0,0,15,0,0,5,3,74,2,9,3,6,8,4,11,16,11,7,0,0,2,11,0
44,8,5,15,5,0,1,5,0,0,0,5,10,0,0,5,3,74,2,9,4,7,9,4,10,16,10,7,0,0,2,11,15
60,7,5,11,7,0,1,4,0,0,0,10,5,0,0,5,3,74,2,7,2,5,7,6,9,15,11,7,0,0,2,10,45
91,6,5,6,6,0,1,4,0,0,0,5,10,0,0,5,3,74,1,7,4,5,7,7,9,15,11,6,0,0,3,10,15
-28,5,4,19,8,0,1,3,0,0,0,7,8,0,0,5,3,74,2,5,2,3,5,7,9,16,11,5,0,0,2,11,45
18,5,4,19,8,0,1,2,0,0,0,1,14,0,0,5,3,74,2,5,3,3,5,6,8,16,10,5,0,0,2,11,45
115,5,4,8,8,0,1,1,0,0,0,0,15,0,0,5,3,74,2,5,3,3,5,5,7,15,9,4,0,0,2,10,30
2,5,4,25,7,0,1,1,0,0,0,13,2,0,0,5,3,74,2,5,3,3,5,4,6,14,8,4,0,0,2,12,30
46,3,2,17,7,0,1,1,0,0,0,8,7,0,0,5,3,74,1,4,2,3,4,4,6,13,9,3,0,0,2,11,30
19,3,2,8,6,0,1,1,0,0,0,7,8,0,0,5,3,74,1,4,2,3,4,3,5,12,8,2,0,0,2,10,30
-1,3,2,17,7,0,1,0,0,0,0,4,11,0,0,5,3,74,2,3,1,2,3,2,5,11,7,2,0,0,2,11,30
54,2,2,8,8,0,0,0,0,0,0,8,7,0,0,5,3,74,1,2,1,2,2,3,7,11,8,3,0,0,2,10,30
-6,1,1,6,7,0,0,0,0,0,0,8,7,0,0,5,3,74,0,2,2,2,2,4,8,10,8,3,0,0,3,10,15
3,1,1,13,7,0,0,0,0,0,0,10,5,0,0,5,3,74,1,1,1,1,1,5,8,9,7,2,0,0,2,11,0
6,1,1,11,6,0,0,0,0,0,0,5,10,0,0,5,3,74,1,1,1,1,1,4,7,8,6,2,0,0,2,10,45
27,0,0,4,5,0,0,0,0,0,0,1,14,0,0,5,3,74,0,1,1,1,1,3,6,7,6,2,0,0,2,10,0
41,0,0,3,5,0,0,0,0,0,0,7,8,0,0,5,3,74,1,0,0,0,0,4,6,6,5,2,0,0,2,9,45
0,0,0,4,4,0,0,0,0,0,0,0,5,0,0,5,3,74,0,0,0,0,0,4,5,5,5,2,0,0,2,10,0
4,0,0,1,3,0,0,0,0,0,0,0,19,0,0,5,3,74,0,0,0,0,0,4,4,4,4,1,0,0,1,9,15
-3,0,0,0,2,0,0,0,0,0,0,0,20,0,1,5,3,74,0,0,0,0,0,3,3,3,3,1,0,0,1,9,0
-14,0,0,15,1,0,0,0,0,0,0,0,25,0,0,5,3,74,0,0,0,0,0,2,2,2,2,1,0,0,2,11,15
23,0,0,2,0,0,0,0,0,0,0,0,49,0,0,5,3,74,0,0,0,0,0,1,1,1,1,0,0,0,1,9,30
25,18,0,38,1,0,0,2,0,0,0,14,1,1,0,4,3,73,0,35,0,1,6,1,3,8,4,0,8,1,1,17,15
38,18,1,34,0,0,0,2,0,0,0,26,4,0,0,4,3,73,0,35,1,4,8,2,3,7,3,0,8,1,2,16,45
7,18,3,36,0,0,0,2,0,0,0,5,25,0,0,4,3,73,0,34,3,4,8,2,5,7,3,0,8,2,1,17,0
14,18,3,36,0,0,0,1,0,0,0,11,4,0,0,4,3,73,0,34,3,5,8,1,5,7,2,0,7,2,1,17,0
47,16,3,28,2,0,0,1,0,0,1,9,6,0,0,4,3,73,1,30,3,4,8,4,5,9,4,3,6,1,1,15,0
-33,16,3,34,2,0,0,0,0,0,1,8,7,0,0,4,3,73,1,30,3,4,8,3,4,8,3,2,6,0,2,16,45
-35,16,3,32,2,0,0,0,0,0,0,8,7,0,0,4,3,73,1,30,3,4,8,2,3,7,2,2,6,0,1,16,0
7,15,2,28,1,0,0,0,1,0,0,2,13,0,0,4,3,73,1,29,2,3,8,1,3,6,2,2,6,0,1,15,0
-117,14,1,33,1,0,1,1,1,0,0,9,6,0,0,4,3,73,2,26,0,3,7,2,3,9,3,2,6,0,2,16,30
3,13,3,25,1,0,1,0,1,0,0,33,12,0,0,4,3,73,1,26,2,4,10,2,4,8,3,2,6,1,1,14,15
27,13,4,27,0,0,1,0,1,0,0,21,24,0,0,4,3,73,1,26,3,6,11,2,4,9,2,2,6,2,2,14,45
-47,13,5,26,1,0,2,0,1,0,0,23,7,0,0,4,3,73,2,23,3,4,13,2,6,12,3,2,6,4,1,14,30
-101,11,4,30,2,0,1,0,1,0,0,12,18,0,0,4,3,73,1,22,3,6,13,3,5,11,4,2,5,4,1,15,15
18,9,3,22,3,0,1,0,1,0,0,7,8,0,0,4,3,73,1,20,2,5,13,4,6,12,5,2,4,4,1,13,0
74,9,3,24,3,0,1,1,0,0,0,4,11,0,0,4,3,73,2,19,2,4,12,3,5,11,4,2,4,3,1,13,30
63,8,2,17,3,0,0,1,0,0,0,11,4,0,0,4,3,73,1,19,3,6,13,2,4,11,4,2,3,3,2,12,15
12,8,4,19,2,0,0,1,0,0,0,13,2,0,0,4,3,73,0,19,3,8,14,2,4,11,4,2,2,2,1,12,30
-25,6,3,22,3,0,1,0,0,0,1,0,15,0,0,4,3,73,0,16,5,9,12,3,8,13,6,3,2,2,1,13,0
17,6,4,15,3,0,0,0,0,0,1,26,4,0,0,4,3,73,0,16,5,9,12,4,7,12,5,2,1,2,2,12,0
38,5,3,17,6,0,0,0,0,0,1,4,26,0,0,4,3,73,2,12,5,6,10,6,8,11,6,2,1,1,2,12,15
35,4,3,19,5,0,0,1,0,0,0,12,3,0,0,4,3,73,2,11,4,6,10,5,7,10,6,2,0,1,1,12,30
30,4,3,12,5,0,0,1,0,0,0,12,3,0,0,4,3,73,2,11,4,6,10,5,7,10,6,2,0,1,2,11,30
-12,4,3,15,4,0,0,1,0,0,0,10,5,0,0,4,3,73,2,11,4,6,10,3,5,8,4,2,0,0,2,12,0
94,4,3,4,3,0,2,1,0,0,0,11,4,0,0,4,3,73,2,9,3,5,8,3,6,10,5,3,0,0,1,10,0
-273,4,3,31,4,0,1,1,0,0,0,9,6,0,0,4,3,73,3,8,2,4,8,2,5,9,4,2,0,0,1,15,45
0,2,1,8,4,0,1,1,0,0,0,15,15,0,0,4,3,73,1,7,3,4,7,4,5,12,6,2,0,0,2,11,0
-17,2,1,12,5,0,0,1,0,0,0,8,22,0,0,4,3,73,2,6,2,3,6,3,4,11,5,2,0,0,2,11,30
-44,1,0,21,6,0,0,1,0,0,0,5,10,0,0,4,3,73,1,4,1,3,4,3,4,11,7,4,0,0,2,12,45
-52,1,0,10,5,0,0,1,0,0,0,1,14,0,0,4,3,73,1,4,1,3,4,2,4,10,6,3,0,0,3,11,15
-3,1,1,8,5,0,0,0,0,0,0,6,9,0,0,4,3,73,0,4,2,4,4,1,5,10,6,3,0,0,2,11,0
29,1,1,7,6,0,0,0,1,0,0,5,10,0,0,4,3,73,2,1,1,1,1,6,8,9,6,3,0,0,2,10,30
-12,1,1,4,5,0,0,0,1,0,0,2,13,0,0,4,3,73,2,1,1,1,1,6,7,8,5,3,0,0,1,10,0
15,0,0,10,4,0,0,0,1,0,0,0,15,0,0,4,3,73,1,1,1,1,1,5,6,7,5,3,0,0,3,11,15
-55,0,0,12,4,0,0,0,1,0,0,8,7,0,0,4,3,73,1,0,0,0,0,4,5,6,5,3,0,0,2,11,30
62,0,0,2,3,0,0,0,1,0,0,1,14,0,0,4,3,73,0,0,0,0,0,3,5,5,5,3,0,0,1,9,30
-7,0,0,6,2,0,0,0,1,0,0,0,4,0,0,4,3,73,0,0,0,0,0,3,4,4,4,2,0,0,1,10,15
-40,0,0,3,1,0,0,0,1,0,0,0,11,0,0,4,3,73,0,0,0,0,0,2,3,3,3,2,0,0,2,9,45
-2,0,0,1,0,0,0,0,1,0,0,0,33,0,0,4,3,73,0,0,0,0,0,2,2,2,2,1,0,0,1,9,15
16,0,0,0,0,0,0,0,0,0,0,0,53,0,1,4,3,73,0,0,0,0,0,1,1,1,1,1,0,0,1,9,0
-7,5,1,9,1,0,1,1,0,0,0,13,17,0,0,3,3,72,2,10,1,1,6,5,5,6,2,1,1,1,1,13,0
-22,5,1,12,1,0,1,0,0,0,0,11,19,0,0,3,3,72,2,10,1,1,6,4,4,5,1,0,1,0,1,14,15
-34,4,0,9,1,0,1,0,0,0,0,8,7,0,0,3,3,72,0,9,0,2,7,3,3,5,3,3,1,0,1,13,0
-27,4,0,8,0,0,1,0,0,0,0,7,8,0,0,3,3,72,0,9,0,2,7,2,2,4,2,2,1,0,3,12,45
25,4,0,6,0,0,0,0,0,0,0,4,11,0,0,3,3,72,0,9,0,2,7,1,1,4,1,1,1,0,1,12,0
-110,4,4,9,1,0,0,1,1,0,0,17,73,0,0,3,3,72,2,5,2,3,5,1,3,7,2,1,0,1,1,13,0
31,2,2,3,0,0,0,3,1,0,0,11,19,0,0,3,3,72,1,3,1,2,3,2,4,7,4,3,0,0,1,10,0
-224,1,1,13,1,0,0,3,0,0,0,7,23,1,0,3,3,72,1,2,1,2,2,1,3,6,4,3,0,0,1,14,30
0,0,0,5,2,0,0,2,0,0,0,3,27,0,0,3,3,72,1,1,1,1,1,2,5,6,4,3,0,0,1,10,30
-86,0,0,7,2,0,0,1,0,0,0,10,5,0,0,3,3,72,0,1,1,1,1,1,4,5,4,2,0,0,1,12,15
37,0,0,1,3,0,0,0,0,0,0,0,21,0,0,3,3,72,0,0,0,0,0,3,4,4,4,2,0,0,2,9,30
25,0,0,1,2,0,0,0,0,0,0,0,25,0,0,3,3,72,0,0,0,0,0,2,3,3,3,2,0,0,2,9,30
-31,0,0,3,1,0,0,0,0,0,0,0,36,0,0,3,3,72,0,0,0,0,0,1,2,2,2,1,0,0,1,10,0
-13,0,0,0,0,0,0,0,0,0,0,0,71,0,1,3,3,72,0,0,0,0,0,1,1,1,1,1,0,0,2,9,15
23,34,2,51,0,0,0,0,0,0,0,4,26,0,0,2,3,71,0,52,1,5,11,1,2,6,1,0,11,0,1,18,0
28,32,4,47,0,0,2,1,0,0,0,13,2,0,0,2,3,71,2,48,3,7,14,1,4,7,2,2,11,3,2,17,0
18,29,3,46,1,0,3,2,0,0,0,12,3,0,0,2,3,71,0,44,4,8,13,5,6,12,7,4,10,5,1,16,45
-78,29,4,52,3,0,3,2,0,0,0,5,10,1,0,2,3,71,3,41,3,5,10,4,5,11,6,4,9,4,1,18,30
-17,29,4,48,3,0,2,2,0,0,0,2,13,0,0,2,3,71,3,41,4,7,10,3,4,10,5,3,8,3,1,17,15
4,28,4,48,3,0,1,2,0,0,0,10,5,0,0,2,3,71,2,41,4,7,10,3,3,9,5,3,8,2,1,17,15
23,28,4,42,3,0,0,2,0,0,0,4,11,0,0,2,3,71,2,41,4,8,12,2,3,9,4,2,7,2,1,16,15
0,27,4,42,4,0,1,3,0,0,0,11,4,0,0,2,3,71,3,37,3,6,10,1,4,11,6,2,6,1,1,16,15
42,24,2,38,6,0,1,4,0,0,0,4,11,0,0,2,3,71,3,33,2,4,11,6,7,12,9,3,6,0,2,15,45
22,24,2,36,5,0,1,4,0,0,0,0,15,0,0,2,3,71,3,33,2,4,12,5,8,12,8,3,6,0,2,15,30
39,24,3,30,5,0,1,4,0,0,0,5,10,0,0,2,3,71,2,32,1,4,12,4,8,14,9,3,6,1,2,14,45
-14,23,2,40,6,0,0,4,0,0,0,10,5,0,0,2,3,71,2,31,0,4,12,3,7,14,9,3,6,1,3,16,0
-34,23,3,45,6,0,0,3,0,0,0,7,8,0,0,2,3,71,2,31,0,4,14,3,7,13,8,2,6,2,1,16,30
-61,23,3,50,6,0,0,2,0,0,0,5,10,0,0,2,3,71,2,31,2,5,14,2,6,12,7,2,6,2,1,17,30
18,22,5,28,5,0,0,2,0,0,0,70,5,0,0,2,3,71,0,31,4,8,17,5,6,13,8,1,6,2,1,14,15
16,22,6,29,4,0,1,3,0,0,0,64,11,0,0,2,3,71,2,29,3,7,16,4,5,12,7,1,6,2,2,14,30
25,22,6,30,3,0,1,3,0,0,0,61,14,0,0,2,3,71,2,29,4,8,16,3,5,12,6,1,6,2,2,14,45
-20,21,5,34,2,0,1,3,0,0,0,56,19,0,0,2,3,71,1,29,5,8,16,2,7,11,6,1,5,5,2,15,15
39,21,8,32,4,0,1,2,0,0,0,40,35,0,0,2,3,71,2,27,4,8,17,2,7,11,6,2,4,4,2,15,0
-156,18,7,40,5,0,1,3,0,0,0,20,55,0,0,2,3,71,1,24,4,8,16,5,7,15,9,4,4,3,3,16,0
30,16,7,26,7,0,1,3,0,0,0,2,73,0,0,2,3,71,2,21,4,8,16,6,8,17,10,4,4,3,1,13,0
-33,16,7,32,7,0,1,2,0,0,0,0,75,0,0,2,3,71,2,21,4,8,16,5,7,16,9,3,3,3,2,15,0
-96,16,7,36,7,0,0,2,0,0,0,14,1,0,0,2,3,71,2,21,5,8,16,4,6,15,8,3,2,2,2,15,30
-47,16,8,42,6,0,0,2,0,0,0,13,2,0,0,2,3,71,2,21,5,8,16,3,5,14,7,2,1,1,1,16,15
39,14,6,20,7,0,0,2,0,0,0,12,3,0,0,2,3,71,2,19,4,9,14,3,5,14,8,1,1,0,2,12,15
-50,12,6,38,7,0,0,3,0,0,0,2,13,0,0,2,3,71,2,17,4,8,12,3,7,16,9,3,1,0,2,15,45
38,11,7,26,7,0,0,3,0,0,0,1,14,0,0,2,3,71,1,16,5,9,11,2,10,16,10,4,1,0,1,13,0
66,10,7,20,8,0,0,4,0,0,0,3,12,0,0,2,3,71,2,13,4,7,9,5,10,16,11,6,1,0,2,12,15
52,8,6,13,10,0,0,3,0,0,0,1,14,0,0,2,3,71,2,11,4,6,8,8,10,17,12,7,1,0,2,11,15
32,8,7,24,10,0,0,3,0,0,0,10,5,0,0,2,3,71,2,10,4,5,7,8,10,17,12,6,1,1,2,12,45
24,8,7,24,9,0,0,3,0,0,0,10,5,0,0,2,3,71,2,10,4,5,8,7,9,16,11,5,1,1,2,12,45
-17,7,6,22,8,0,0,3,0,0,0,8,7,0,0,2,3,71,1,10,4,5,8,6,8,15,11,5,1,1,2,12,30
164,5,4,13,9,0,0,2,0,0,1,14,1,0,0,2,3,71,1,8,3,3,6,5,9,15,12,6,1,1,2,11,15
54,5,4,17,8,0,0,2,0,0,1,7,8,0,0,2,3,71,1,8,3,3,7,4,9,16,11,6,1,1,1,11,45
35,5,4,17,9,0,0,1,0,0,1,3,12,0,0,2,3,71,2,7,2,2,6,4,8,15,10,5,1,1,1,11,45
41,5,4,19,8,0,0,1,0,0,1,3,12,0,0,2,3,71,2,7,2,2,6,3,7,14,9,4,1,1,2,12,0
80,4,3,15,9,0,0,0,0,0,1,11,4,0,0,2,3,71,2,6,1,1,6,2,6,13,9,3,1,1,2,11,30
80,2,1,6,9,0,0,1,0,0,0,6,9,0,0,2,3,71,1,5,0,1,5,5,7,13,10,4,1,1,2,10,15
63,1,0,11,8,0,0,1,0,0,0,11,4,0,0,2,3,71,0,5,0,2,5,4,8,13,10,4,0,1,2,11,0
-3,1,0,22,7,0,0,1,0,0,0,7,8,0,0,2,3,71,0,5,0,3,5,3,7,13,9,3,0,0,2,12,30
28,1,0,15,6,0,0,1,0,0,0,4,11,0,0,2,3,71,0,5,1,3,5,3,6,12,8,3,0,0,2,11,30
46,1,0,8,5,0,0,1,0,0,0,10,5,0,0,2,3,71,0,5,1,4,5,2,8,11,7,3,0,0,1,10,30
70,1,0,4,4,0,0,1,0,0,0,7,8,0,0,2,3,71,0,5,3,5,5,4,8,11,6,3,0,0,2,10,0
60,1,1,8,4,0,0,1,0,0,0,7,8,0,0,2,3,71,0,4,3,4,4,6,7,10,6,3,0,0,1,10,30
-212,1,1,34,3,0,0,1,0,0,0,6,9,0,0,2,3,71,0,4,3,4,4,5,6,9,5,2,0,0,2,15,15
54,1,1,10,3,0,0,1,0,0,0,0,15,0,0,2,3,71,1,3,2,3,3,4,5,8,4,2,0,0,2,10,45
-66,1,1,11,3,0,0,1,0,0,0,2,13,0,0,2,3,71,1,2,2,2,2,4,6,7,4,2,0,0,2,11,0
74,1,1,3,2,0,0,1,1,0,0,11,4,0,0,2,3,71,1,1,1,1,1,3,5,6,4,3,0,0,2,9,45
29,1,1,6,2,0,0,0,1,0,0,11,4,0,0,2,3,71,1,1,1,1,1,2,4,5,3,2,0,0,2,10,15
-24,1,1,4,2,0,0,0,1,0,0,9,6,0,0,2,3,71,1,0,0,0,0,3,4,4,3,1,0,0,2,10,0
4,0,0,0,1,0,0,0,1,0,0,0,16,0,1,2,3,71,0,0,0,0,0,2,3,3,3,1,0,0,1,9,0
-3,0,0,1,1,0,0,0,0,0,0,0,19,0,0,2,3,71,0,0,0,0,0,2,2,2,2,1,0,0,1,9,15
-2,0,0,2,0,0,0,0,0,0,0,0,49,0,0,2,3,71,0,0,0,0,0,1,1,1,1,1,0,0,1,9,30
14,35,2,48,0,0,0,0,0,0,0,9,0,1,0,6,3,68,0,48,1,3,10,2,2,5,1,0,3,1,1,17,45
5,34,3,47,0,0,0,0,0,0,0,4,11,0,0,6,3,68,0,47,1,6,10,1,2,6,1,0,3,0,1,17,30
7,31,3,43,2,0,1,2,0,0,0,5,10,0,0,6,3,68,2,41,2,4,8,3,5,9,4,1,3,0,2,16,45
47,31,3,40,1,0,1,2,0,0,0,28,2,0,0,6,3,68,1,41,3,4,9,2,4,10,4,1,3,0,1,16,0
-17,31,3,45,1,0,0,2,0,0,0,23,7,0,0,6,3,68,1,41,3,5,10,1,3,10,3,1,3,0,1,17,0
24,29,2,39,2,0,0,3,0,0,0,5,10,0,0,6,3,68,2,38,2,5,9,3,5,10,4,2,3,1,2,15,45
-31,28,1,45,2,0,0,3,0,0,0,12,3,0,0,6,3,68,2,37,1,4,9,3,4,9,4,2,3,1,1,17,0
-29,28,2,40,2,0,0,3,0,0,0,6,9,0,0,6,3,68,1,36,3,5,8,3,7,8,5,3,2,1,1,16,0
29,28,3,42,2,0,0,2,0,0,0,14,1,0,0,6,3,68,1,36,3,5,9,2,6,7,4,2,2,0,2,16,30
79,27,2,32,4,0,0,2,0,0,0,8,7,0,0,6,3,68,2,33,2,4,8,5,6,8,5,4,2,0,2,14,30
-92,27,3,43,3,0,0,2,0,0,0,8,7,0,0,6,3,68,2,33,3,5,9,4,5,9,4,4,2,0,2,16,45
-1,27,4,38,3,0,0,1,0,0,0,1,14,0,0,6,3,68,1,33,4,5,10,3,4,8,4,4,2,0,1,15,30
56,27,4,35,2,0,0,1,0,0,0,13,2,0,0,6,3,68,1,32,4,5,11,2,3,7,3,3,2,0,1,15,0
16,27,4,33,1,0,0,2,0,0,0,12,3,0,0,6,3,68,2,32,3,4,10,1,2,6,2,2,2,0,2,14,45
-28,25,2,35,4,0,0,1,0,0,0,23,22,0,0,6,3,68,2,29,1,4,12,1,3,7,4,2,2,0,1,15,0
57,23,5,30,5,0,0,1,0,0,0,8,7,0,0,6,3,68,1,27,3,8,17,4,4,12,6,4,2,0,1,13,30
32,23,5,27,4,0,0,2,0,0,0,1,14,0,0,6,3,68,2,26,3,8,16,3,3,11,5,3,2,0,1,13,0
-44,21,5,31,4,0,0,2,0,0,0,1,14,0,0,6,3,68,1,25,5,9,18,2,5,13,6,3,2,1,1,14,15
104,21,7,23,3,0,0,3,0,0,0,8,7,0,0,6,3,68,2,24,5,10,18,1,4,13,5,2,2,1,2,12,30
5,18,7,23,8,0,0,3,0,0,0,0,30,0,0,6,3,68,2,18,6,8,16,5,9,18,10,5,2,2,2,12,30
-38,17,7,33,8,0,0,3,0,0,0,13,2,0,0,6,3,68,2,17,5,8,15,4,8,17,10,6,1,2,2,14,45
20,17,9,21,7,0,0,3,0,0,0,6,9,0,0,6,3,68,2,17,6,9,15,4,8,18,9,6,1,1,2,12,0
55,14,7,17,7,0,0,4,0,0,1,7,8,0,0,6,3,68,2,14,4,8,13,5,9,17,11,7,1,1,2,11,30
4,13,7,25,8,0,0,3,0,0,1,4,11,0,0,6,3,68,2,13,3,7,12,4,8,16,11,7,0,1,2,12,45
-23,11,5,27,8,0,1,3,0,0,1,10,5,0,0,6,3,68,2,11,2,5,11,4,11,19,12,7,0,0,1,13,0
26,11,7,14,9,0,1,3,0,0,0,14,1,0,0,6,3,68,3,10,3,6,10,5,11,18,11,7,0,0,2,11,15
36,11,8,13,8,0,1,3,0,0,0,10,5,0,0,6,3,68,3,10,4,6,10,5,10,18,10,6,0,0,3,11,0
37,11,9,29,7,0,1,3,0,0,0,1,14,0,0,6,3,68,3,10,4,8,10,5,10,19,9,5,0,0,1,13,15
-170,9,7,37,7,0,1,4,0,0,0,7,8,0,0,6,3,68,3,8,2,6,8,8,10,18,10,6,0,0,1,15,15
50,8,6,21,7,0,1,3,0,0,0,5,10,0,0,6,3,68,2,8,3,6,8,7,10,17,10,6,0,0,2,12,0
-38,7,6,25,7,0,1,3,0,0,0,13,2,0,0,6,3,68,2,7,3,6,7,6,9,16,10,7,0,0,2,12,45
15,6,5,19,6,0,1,3,0,0,1,4,11,0,0,6,3,68,2,6,4,5,6,6,8,16,10,6,0,0,2,11,45
22,6,5,7,6,0,1,3,0,0,0,14,1,0,0,6,3,68,2,6,4,5,6,5,10,15,9,5,0,0,1,10,15
15,6,5,17,6,0,1,2,0,0,0,12,3,0,0,6,3,68,2,6,4,6,6,4,10,14,8,5,0,0,2,11,30
40,6,5,11,6,0,0,2,0,0,0,10,5,0,0,6,3,68,2,6,4,6,6,4,9,13,7,4,0,0,1,10,45
5,6,5,19,5,0,0,2,0,0,0,9,6,0,0,6,3,68,2,6,4,6,6,3,8,12,6,4,0,0,2,11,45
45,3,3,7,5,0,0,3,0,0,0,10,5,0,0,6,3,68,1,4,3,4,4,3,8,12,8,5,0,0,1,10,15
14,2,2,6,7,0,0,2,0,0,0,11,4,0,0,6,3,68,2,2,2,2,2,6,9,12,8,4,0,0,3,10,0
12,2,2,14,7,0,0,1,0,0,0,6,9,0,0,6,3,68,2,2,2,2,2,5,8,11,7,4,0,0,2,11,15
4,1,1,7,6,0,0,2,0,0,0,3,12,0,0,6,3,68,2,1,1,1,1,7,8,10,7,4,0,0,1,10,15
36,1,1,2,5,0,0,2,0,0,0,3,12,0,0,6,3,68,2,1,1,1,1,6,7,9,6,3,0,0,1,9,30
25,1,1,10,4,0,0,2,0,0,0,2,13,0,0,6,3,68,2,1,1,1,1,5,6,8,5,3,0,0,2,10,30
1,1,1,11,4,0,0,1,0,0,0,13,2,0,0,6,3,68,1,1,1,1,1,4,5,7,5,2,0,0,1,10,45
81,0,0,2,4,0,0,1,0,0,0,13,2,0,0,6,3,68,1,0,0,0,0,3,5,6,5,1,0,0,1,9,30
-16,0,0,5,4,0,0,0,0,0,0,8,7,0,0,6,3,68,1,0,0,0,0,2,4,5,4,1,0,0,1,9,45
47,0,0,2,3,0,0,0,0,0,0,5,10,0,0,6,3,68,1,0,0,0,0,2,3,4,3,1,0,0,1,9,30
14,0,0,0,2,0,0,0,0,0,0,0,24,0,1,6,3,68,0,0,0,0,0,2,3,3,3,2,0,0,1,9,0
-139,0,0,14,1,0,0,0,0,0,0,0,46,0,0,6,3,68,0,0,0,0,0,2,2,2,2,2,0,0,2,11,15
32,0,0,1,0,0,0,0,0,0,0,0,56,0,0,6,3,68,0,0,0,0,0,1,1,1,1,1,0,0,3,9,15
10,30,4,40,6,0,0,2,0,0,2,2,28,0,0,5,3,67,2,36,4,5,7,7,10,17,9,3,8,4,2,16,30
16,29,3,43,6,0,1,2,0,0,1,9,6,0,0,5,3,67,2,35,3,4,8,6,10,16,9,3,7,3,1,16,45
23,29,3,40,6,0,1,2,0,0,1,6,9,0,0,5,3,67,3,34,2,3,7,6,9,15,8,3,7,2,2,16,30
32,27,1,38,5,0,1,2,0,0,1,14,1,0,0,5,3,67,1,34,3,4,9,6,9,14,9,2,7,2,3,16,0
-43,27,1,46,4,0,1,2,0,0,1,9,6,1,0,5,3,67,1,34,3,4,9,5,8,13,8,2,7,2,1,17,30
18,27,1,43,3,0,1,3,0,0,1,5,10,0,0,5,3,67,2,33,2,3,8,5,8,12,7,2,7,2,1,16,45
49,27,1,33,2,0,1,3,0,0,1,4,11,0,0,5,3,67,2,33,2,3,8,4,7,11,6,2,6,2,2,15,30
16,27,1,36,3,0,1,3,0,0,0,21,9,0,0,5,3,67,2,32,1,2,9,4,7,10,6,2,6,2,2,15,45
-43,27,1,45,3,0,1,2,0,0,0,20,10,0,0,5,3,67,2,32,1,2,9,3,6,9,5,2,5,2,1,17,0
4,26,0,38,3,0,1,2,0,0,0,6,24,0,0,5,3,67,1,31,1,2,9,4,8,8,6,2,5,1,3,16,0
-13,26,1,33,2,0,1,2,0,0,0,13,2,0,0,5,3,67,0,31,1,3,10,3,7,7,6,2,5,1,2,15,30
62,26,2,30,2,0,0,2,0,0,0,4,11,0,0,5,3,67,0,30,1,4,11,3,6,7,5,2,5,1,1,14,45
17,26,3,33,1,0,1,2,0,0,0,22,8,0,0,5,3,67,1,30,1,5,13,4,5,7,4,2,5,1,2,15,30
26,26,5,30,1,0,1,1,0,0,0,7,23,0,0,5,3,67,0,30,3,7,15,4,4,7,4,2,4,1,1,14,45
-21,26,6,36,0,0,1,1,0,0,0,2,28,0,0,5,3,67,0,30,3,7,15,3,3,7,3,1,4,0,2,15,45
-33,26,6,32,1,0,0,1,0,0,0,42,3,0,0,5,3,67,1,29,4,7,15,2,2,6,2,1,4,0,3,15,0
-85,26,6,40,1,0,0,0,0,0,0,37,8,0,0,5,3,67,1,29,4,7,16,1,1,5,1,1,4,0,2,16,30
25,19,7,27,5,0,1,2,0,0,0,13,2,0,0,5,3,67,1,21,6,9,14,3,5,16,8,3,3,2,1,13,30
60,17,8,22,7,0,1,2,0,0,0,9,6,0,0,5,3,67,2,18,5,8,12,3,7,16,9,3,2,1,1,12,30
20,15,6,24,8,0,1,2,0,0,1,13,2,0,0,5,3,67,3,15,3,6,10,3,8,15,10,5,2,0,1,13,0
32,14,6,27,7,0,1,2,0,0,1,3,12,0,0,5,3,67,2,15,4,6,10,4,11,16,10,4,2,1,1,13,30
15,13,6,23,8,0,1,2,0,0,1,6,9,0,0,5,3,67,2,13,4,5,10,4,11,16,11,4,2,1,2,12,45
31,11,4,26,8,0,1,2,0,0,1,9,6,0,0,5,3,67,1,12,3,5,10,7,11,18,12,3,2,1,2,13,15
50,11,4,18,8,0,1,2,0,0,1,5,10,0,0,5,3,67,2,11,2,4,10,7,10,18,11,3,2,1,2,12,0
-72,11,5,29,7,0,1,2,0,0,1,2,13,0,0,5,3,67,2,11,2,4,10,7,10,17,10,3,2,2,2,14,15
27,9,3,24,7,0,1,3,0,0,1,0,15,0,0,5,3,67,2,9,2,4,9,7,9,16,11,4,2,2,1,13,0
23,9,3,18,7,0,1,3,0,0,0,14,1,0,0,5,3,67,2,9,2,4,9,6,8,15,10,4,2,2,2,12,0
12,8,2,13,7,0,1,2,0,0,0,12,3,0,0,5,3,67,1,9,2,4,9,6,8,14,10,4,2,2,2,11,15
81,8,2,15,7,0,1,1,0,0,0,11,4,0,0,5,3,67,1,9,2,4,9,5,7,13,9,4,1,2,1,11,30
-5,8,2,20,6,0,1,1,0,0,0,9,6,0,0,5,3,67,1,9,2,4,9,4,6,12,8,4,1,1,1,12,15
15,8,3,17,6,0,0,1,0,0,0,5,10,0,0,5,3,67,1,9,2,4,9,3,6,12,7,4,1,1,2,11,45
17,7,2,20,6,0,0,1,0,0,0,7,8,0,0,5,3,67,1,8,2,5,8,3,6,12,7,4,1,1,1,12,15
94,7,4,11,5,0,0,2,0,0,0,13,2,0,0,5,3,67,2,7,2,5,7,2,8,11,6,3,1,1,2,11,0
104,6,3,8,5,0,0,1,0,0,0,2,13,0,0,5,3,67,1,7,2,6,7,3,8,10,6,2,0,1,1,10,30
28,6,5,15,4,0,1,2,0,0,0,12,3,0,0,5,3,67,2,5,3,5,5,6,7,10,6,2,0,0,1,11,30
30,5,4,13,3,0,1,2,0,0,0,5,10,0,0,5,3,67,1,5,4,5,5,6,7,10,6,3,0,0,2,11,15
100,5,5,5,3,0,1,2,0,0,0,0,15,0,0,5,3,67,1,4,3,4,4,5,6,9,6,3,0,0,2,10,0
44,5,5,8,2,0,2,2,0,0,0,6,9,0,0,5,3,67,2,3,3,3,3,4,6,9,5,2,0,0,1,10,30
35,4,4,6,1,0,2,2,0,0,0,1,14,0,0,5,3,67,1,3,3,3,3,3,5,8,5,3,0,0,2,10,15
7,4,4,6,1,0,1,2,0,0,0,0,15,0,0,5,3,67,1,3,3,3,3,2,4,7,4,3,0,0,2,10,15
-10,3,3,10,2,0,1,1,0,0,0,7,8,0,0,5,3,67,1,2,2,2,2,2,3,6,4,2,0,0,2,10,45
15,1,1,4,3,0,0,1,0,0,1,23,7,0,0,5,3,67,1,0,0,0,0,2,4,6,5,4,0,0,1,9,45
-41,0,0,11,3,0,0,0,0,0,1,8,22,0,0,5,3,67,0,0,0,0,0,1,4,5,5,5,0,0,2,11,0
20,0,0,0,3,0,0,0,0,0,0,0,23,0,1,5,3,67,0,0,0,0,0,3,4,4,4,4,0,0,2,9,0
34,0,0,2,2,0,0,0,0,0,0,0,35,0,0,5,3,67,0,0,0,0,0,2,3,3,3,3,0,0,1,9,30
16,0,0,2,1,0,0,0,0,0,0,0,47,0,0,5,3,67,0,0,0,0,0,2,2,2,2,2,0,0,1,9,30
40,0,0,0,0,0,0,0,0,0,0,0,72,0,1,5,3,67,0,0,0,0,0,1,1,1,1,1,0,0,2,9,0
28,20,3,40,0,0,0,1,0,0,0,24,0,1,0,4,3,66,1,40,1,2,4,1,2,4,1,1,3,0,2,17,0
0,17,0,40,0,0,0,1,1,0,0,14,16,1,0,4,3,66,0,38,2,2,6,3,3,6,3,2,3,1,2,17,0
28,17,0,38,0,0,0,2,0,0,0,11,4,0,0,4,3,66,1,37,1,1,5,2,4,7,2,1,2,2,1,16,15
76,17,0,37,0,0,0,2,0,0,0,6,9,0,0,4,3,66,2,36,0,1,4,1,3,6,1,1,2,1,1,16,0
-3,17,1,36,0,0,0,1,0,0,0,4,26,0,0,4,3,66,0,36,3,4,9,2,5,6,2,1,2,1,1,15,45
-48,17,1,39,0,0,0,0,0,0,0,0,30,0,0,4,3,66,0,36,3,4,10,1,4,5,1,1,1,1,2,16,45
-28,16,1,34,2,0,1,0,0,0,0,22,8,0,0,4,3,66,1,32,0,4,8,3,4,5,3,1,1,0,1,15,15
-24,16,2,33,2,0,0,0,0,0,0,11,19,0,0,4,3,66,0,32,3,5,10,2,3,4,3,1,1,0,2,15,0
14,16,2,31,1,0,0,0,0,0,0,10,20,0,0,4,3,66,0,32,3,5,10,1,2,3,2,0,1,0,1,14,45
-30,16,3,34,3,0,0,0,1,0,0,11,34,0,0,4,3,66,3,28,2,4,11,2,2,6,2,1,1,0,1,15,15
-84,14,4,31,3,0,0,1,1,0,0,12,3,0,0,4,3,66,2,26,2,5,13,1,3,10,4,4,1,0,1,14,45
19,11,4,28,6,0,0,2,1,0,0,6,9,0,0,4,3,66,3,21,2,7,14,2,8,18,7,5,1,0,1,13,15
-27,10,4,30,5,0,0,2,1,0,0,0,15,0,0,4,3,66,2,21,3,8,15,2,7,17,7,4,1,0,2,14,15
-18,8,3,26,5,0,0,1,2,0,1,6,9,0,0,4,3,66,0,19,5,7,16,6,11,19,10,5,1,1,1,13,0
70,8,3,23,5,0,1,1,1,0,1,0,15,0,0,4,3,66,1,18,5,7,16,5,13,19,9,5,1,1,1,12,30
6,7,2,17,5,0,2,1,1,0,0,7,8,0,0,4,3,66,0,17,4,7,15,6,12,18,10,5,1,1,2,11,45
11,7,4,15,7,0,1,1,2,0,0,10,5,0,0,4,3,66,2,14,2,6,13,7,12,17,10,4,1,1,2,11,30
-21,7,4,19,7,0,0,1,2,0,0,9,6,0,0,4,3,66,2,14,2,6,13,6,11,16,9,4,1,1,2,12,0
14,7,4,21,6,0,0,1,2,0,0,7,8,0,0,4,3,66,1,14,2,7,13,6,11,15,9,3,1,1,2,12,15
1,6,3,26,6,0,1,0,2,0,0,13,2,0,0,4,3,66,1,13,2,7,12,8,10,15,9,4,1,1,1,13,0
19,6,3,19,5,0,1,0,2,0,0,11,4,0,0,4,3,66,1,13,2,8,12,7,9,15,8,3,1,1,2,12,0
33,5,3,15,6,0,1,0,1,0,0,2,13,0,0,4,3,66,1,12,3,8,12,6,8,18,8,3,1,1,2,11,30
-61,5,3,23,5,0,1,0,1,0,0,11,4,0,0,4,3,66,0,12,4,9,12,6,9,17,8,2,0,1,1,12,30
-34,5,3,25,4,0,1,0,1,0,0,8,7,0,0,4,3,66,0,12,4,9,12,6,9,16,7,2,0,0,2,12,45
36,5,4,8,5,0,0,0,1,0,0,4,11,0,0,4,3,66,1,11,4,8,11,5,8,15,6,2,0,0,2,10,30
21,5,4,12,4,0,0,0,1,0,0,4,11,0,0,4,3,66,1,11,4,8,11,4,7,14,5,2,0,0,1,11,0
-2,5,4,12,3,0,0,0,1,0,0,1,14,0,0,4,3,66,1,11,5,9,11,3,6,13,4,1,0,0,1,11,0
-93,3,2,29,3,0,0,1,1,0,0,13,2,0,0,4,3,66,0,9,6,8,9,3,6,15,6,1,0,0,1,13,30
49,3,2,17,2,0,0,2,1,0,0,8,7,0,0,4,3,66,1,8,5,7,8,4,5,14,5,1,0,0,2,11,45
16,2,2,7,4,0,0,4,1,0,0,13,2,0,0,4,3,66,2,3,2,3,3,4,10,13,8,2,0,0,2,10,15
-56,2,2,14,4,0,0,3,1,0,0,12,3,0,0,4,3,66,2,3,2,3,3,3,9,12,7,2,0,0,2,11,15
-32,2,2,10,3,0,0,3,1,0,0,9,6,0,0,4,3,66,2,3,2,3,3,2,8,11,6,2,0,0,2,10,45
-27,1,1,8,3,0,0,3,1,0,0,0,15,0,0,4,3,66,1,2,1,2,2,2,7,10,7,3,0,0,2,10,30
-53,1,1,21,4,0,0,3,0,0,0,18,12,0,0,4,3,66,0,1,1,1,1,6,9,9,8,4,0,0,2,12,15
-2,1,1,10,3,0,0,3,0,0,0,12,18,0,0,4,3,66,0,1,1,1,1,6,8,8,7,4,0,0,2,10,45
19,1,1,1,3,0,0,3,0,0,0,10,20,0,0,4,3,66,1,0,0,0,0,5,7,7,6,4,0,0,2,9,30
44,1,1,3,3,0,0,2,0,0,0,6,24,0,0,4,3,66,1,0,0,0,0,4,6,6,5,3,0,0,2,9,45
10,1,1,5,3,0,0,1,0,0,0,4,26,0,0,4,3,66,1,0,0,0,0,4,5,5,4,3,0,0,1,10,0
-15,1,1,5,3,0,0,0,0,0,0,3,27,0,0,4,3,66,1,0,0,0,0,3,4,4,3,3,0,0,1,10,0
-12,0,0,3,2,0,0,0,0,0,0,0,16,0,0,4,3,66,0,0,0,0,0,3,3,3,3,2,0,0,2,9,45
0,0,0,0,1,0,0,0,0,0,0,0,24,0,1,4,3,66,0,0,0,0,0,2,2,2,2,1,0,0,2,9,0
-8,0,0,1,0,0,0,0,0,0,0,0,29,0,0,4,3,66,0,0,0,0,0,1,1,1,1,1,0,0,2,9,30
27,37,4,53,0,0,0,0,0,0,0,20,10,1,0,3,3,65,0,53,3,7,13,1,2,5,1,0,0,1,1,18,0
17,34,6,50,3,0,0,2,0,0,0,3,12,0,0,3,3,65,2,47,2,6,13,1,4,7,4,3,0,0,1,17,15
-3,33,7,52,4,0,0,2,0,0,0,2,28,0,0,3,3,65,2,45,4,7,12,3,3,11,5,3,0,0,1,17,30
62,31,6,44,4,0,0,2,0,0,0,11,4,0,0,3,3,65,1,44,4,7,11,2,3,10,6,3,0,0,1,16,0
15,29,6,48,4,0,0,3,1,0,0,0,15,0,0,3,3,65,2,41,2,6,8,1,2,11,7,3,0,0,2,17,0
37,25,4,47,6,0,1,3,1,0,0,13,2,0,0,3,3,65,2,37,3,4,9,6,8,14,10,4,0,0,2,16,30
59,22,1,36,7,0,1,5,0,0,0,7,8,0,0,3,3,65,1,34,1,1,8,7,9,15,13,5,0,0,2,15,0
47,22,1,42,6,0,1,5,0,0,0,5,10,0,0,3,3,65,1,34,1,2,8,6,8,14,12,5,0,0,2,15,45
9,22,1,46,5,0,1,5,0,0,0,3,12,0,0,3,3,65,1,34,1,3,9,5,8,13,11,4,0,0,1,16,15
86,22,2,36,4,0,1,5,0,0,0,0,15,0,0,3,3,65,1,34,1,3,9,4,8,13,10,3,0,0,2,15,0
32,22,2,36,3,0,1,5,0,0,0,14,1,0,0,3,3,65,1,34,1,3,9,3,7,12,9,3,0,0,2,15,0
-9,22,2,48,3,0,1,4,0,0,0,4,11,0,0,3,3,65,1,34,1,3,10,4,7,12,8,2,0,0,2,17,0
38,21,1,34,3,0,0,4,0,0,0,9,6,0,0,3,3,65,0,34,1,4,12,3,6,13,8,2,0,0,3,14,45
61,21,3,39,3,0,0,4,0,0,0,10,5,0,0,3,3,65,1,33,2,5,12,5,6,13,7,1,0,0,1,15,15
25,21,3,42,3,0,0,3,0,0,0,5,10,0,0,3,3,65,1,33,2,5,13,4,6,12,6,1,0,0,2,15,45
35,21,4,39,3,0,0,3,0,0,0,34,11,0,0,3,3,65,1,32,2,7,14,3,6,11,6,1,0,0,1,15,15
54,21,4,33,3,0,0,3,0,0,0,32,13,0,0,3,3,65,2,31,3,6,13,3,5,10,5,1,0,0,2,14,30
27,20,3,34,2,0,0,3,0,0,0,27,18,0,0,3,3,65,1,31,3,6,15,2,5,9,5,1,0,0,3,14,45
25,18,3,32,3,0,0,3,0,0,0,3,42,0,0,3,3,65,1,29,4,7,16,3,7,11,6,2,0,0,1,14,15
-19,18,4,41,4,0,0,2,0,0,0,10,5,0,0,3,3,65,2,28,3,7,15,4,7,12,5,2,0,0,2,15,30
6,17,5,31,5,0,0,2,0,0,0,10,5,0,0,3,3,65,2,26,4,8,15,5,6,12,6,3,0,0,1,13,30
94,17,5,21,5,0,0,1,0,0,1,0,15,0,0,3,3,65,2,25,3,7,15,4,5,12,6,3,0,0,2,12,0
-184,17,7,50,4,0,0,1,0,0,1,10,5,0,0,3,3,65,1,25,4,9,16,4,4,11,6,4,0,0,1,17,15
19,17,7,28,3,0,0,2,0,0,1,0,15,0,0,3,3,65,2,24,5,9,16,3,4,13,5,4,0,0,1,13,0
-10,16,7,30,3,0,0,2,0,0,1,12,3,0,0,3,3,65,2,23,5,9,16,2,4,14,5,4,0,0,1,13,15
-168,14,6,44,2,0,0,4,0,0,1,13,2,0,0,3,3,65,2,21,4,8,14,1,5,15,6,4,0,0,1,16,0
76,10,5,26,4,0,0,6,0,0,1,6,9,0,0,3,3,65,2,16,3,7,13,6,7,16,10,7,0,0,2,12,45
-2,9,5,28,4,0,1,6,0,0,0,0,15,0,0,3,3,65,1,15,4,7,12,5,10,17,11,7,0,0,1,13,0
30,9,6,23,3,0,2,6,0,0,0,5,10,0,0,3,3,65,2,14,3,7,12,4,10,17,10,6,0,0,1,12,15
41,8,5,21,4,0,2,5,0,0,0,0,15,0,0,3,3,65,2,13,3,6,11,4,11,17,10,5,0,0,2,12,0
-55,8,5,26,4,0,2,4,0,0,0,10,5,0,0,3,3,65,2,13,4,6,11,3,10,18,9,4,0,0,2,12,45
69,7,4,7,4,0,1,4,0,0,0,7,8,0,0,3,3,65,1,13,4,6,11,2,9,18,9,5,0,0,2,10,15
16,6,3,23,3,0,1,6,0,0,0,4,11,0,0,3,3,65,1,11,4,6,10,7,10,18,10,5,0,0,1,12,15
45,5,4,17,4,0,1,6,0,0,0,6,9,0,0,3,3,65,2,9,2,6,9,7,9,17,10,6,0,0,2,11,30
31,5,4,19,3,0,1,6,0,0,0,6,9,0,0,3,3,65,2,9,2,6,9,6,8,16,9,5,0,0,2,11,45
-6,5,4,25,3,0,1,5,0,0,0,4,11,0,0,3,3,65,2,9,3,6,9,5,7,15,8,4,0,0,2,12,30
58,4,3,13,3,0,1,5,0,0,0,0,15,0,0,3,3,65,2,8,2,5,8,4,8,14,8,4,0,0,2,11,0
20,3,2,13,3,0,1,5,0,0,0,13,2,0,0,3,3,65,2,7,2,4,7,4,7,13,8,4,0,0,2,11,0
0,3,2,19,3,0,1,4,0,0,0,5,10,0,0,3,3,65,2,7,2,5,7,4,7,12,7,4,0,0,2,11,45
19,3,2,15,3,0,0,4,0,0,0,2,13,0,0,3,3,65,2,7,2,5,7,3,7,11,6,3,0,0,2,11,15
45,3,3,15,4,0,0,3,0,0,0,14,1,0,0,3,3,65,1,6,3,5,6,4,10,11,7,5,0,0,2,11,15
19,3,3,9,3,0,1,3,0,0,0,11,4,0,0,3,3,65,2,5,3,4,5,3,9,11,6,4,0,0,2,10,30
28,1,1,7,5,0,1,2,0,0,0,4,11,0,0,3,3,65,1,3,1,3,3,7,8,12,8,5,0,0,2,10,15
-26,1,1,17,5,0,1,1,0,0,0,3,12,0,0,3,3,65,1,3,1,3,3,6,7,11,7,5,0,0,2,11,30
-11,1,1,5,4,0,1,1,1,0,0,6,9,0,0,3,3,65,1,2,1,2,2,6,6,10,7,5,0,0,2,10,0
17,1,1,11,4,0,1,0,1,0,0,3,12,0,0,3,3,65,1,2,1,2,2,5,5,9,6,5,0,0,2,10,45
30,1,1,2,3,0,1,0,1,0,0,0,15,0,0,3,3,65,1,2,2,2,2,4,4,8,5,4,0,0,2,9,30
-23,1,1,11,2,0,1,0,1,0,0,12,3,0,0,3,3,65,1,2,2,2,2,3,3,7,4,4,0,0,2,10,45
-15,1,1,5,1,0,1,0,1,0,0,9,6,0,0,3,3,65,1,2,2,2,2,2,2,6,3,3,0,0,2,10,0
15,0,0,3,1,0,0,0,1,0,0,2,13,0,0,3,3,65,0,2,2,2,2,1,2,5,3,3,0,0,2,9,45
4,0,0,1,2,0,0,1,0,0,0,0,37,0,0,3,3,65,0,0,0,0,0,4,4,4,4,4,0,0,1,9,15
-43,0,0,3,2,0,0,0,0,0,0,0,47,0,0,3,3,65,0,0,0,0,0,3,3,3,3,3,0,0,2,9,45
-8,0,0,0,1,0,0,0,0,0,0,0,57,0,1,3,3,65,0,0,0,0,0,2,2,2,2,2,0,0,1,9,0
-1,0,0,9,0,0,0,0,0,0,0,0,63,0,0,3,3,65,0,0,0,0,0,1,1,1,1,1,0,0,2,10,30
28,34,3,51,3,0,0,3,0,0,0,8,7,0,0,2,3,64,0,46,1,4,11,4,8,11,7,4,6,3,1,17,15
-1,34,3,50,3,0,0,2,0,0,0,11,4,0,0,2,3,64,0,46,2,6,11,5,7,11,6,4,6,2,1,17,0
30,34,3,47,3,0,0,2,0,0,0,9,6,0,0,2,3,64,1,45,1,5,11,5,6,10,5,3,6,2,2,16,30
-20,34,4,52,3,0,0,1,0,0,0,2,13,1,0,2,3,64,1,45,3,6,11,4,5,9,4,2,5,2,1,17,30
15,33,4,45,2,0,0,1,0,0,0,4,11,0,0,2,3,64,0,45,3,6,12,4,6,9,4,2,5,1,1,16,0
57,33,4,46,2,0,0,1,0,0,0,1,14,0,0,2,3,64,1,44,3,6,11,3,5,10,3,1,5,1,1,16,15
53,33,4,48,1,0,0,1,0,0,0,10,5,0,0,2,3,64,1,44,4,8,11,2,5,9,2,1,5,2,1,16,45
0,32,5,48,3,0,0,0,0,0,0,13,2,0,0,2,3,64,2,42,3,6,11,3,4,9,2,1,4,2,1,16,45
34,30,4,37,5,0,0,0,0,0,0,1,14,0,0,2,3,64,1,39,3,5,10,3,4,11,5,2,4,1,2,14,45
23,30,4,41,4,0,0,0,0,0,0,0,15,0,0,2,3,64,1,39,3,5,10,2,3,10,4,1,4,1,2,15,30
-16,29,3,43,4,0,0,0,1,0,0,0,15,0,0,2,3,64,2,37,2,4,10,1,5,9,4,1,3,2,1,15,45
23,27,4,40,4,0,1,0,1,0,0,14,16,0,0,2,3,64,2,35,2,6,13,4,7,10,5,2,3,1,2,15,15
-21,26,5,43,4,0,1,1,1,0,0,8,7,0,0,2,3,64,2,33,2,6,14,5,7,11,6,4,3,1,1,15,45
37,26,5,35,3,0,1,1,1,0,0,3,12,0,0,2,3,64,2,33,2,6,15,4,6,11,5,3,3,1,1,14,15
50,26,6,34,3,0,0,1,1,0,0,2,13,0,0,2,3,64,2,33,2,6,15,3,5,10,4,3,2,1,2,14,0
-62,25,6,41,2,0,1,1,1,0,0,19,11,0,0,2,3,64,1,32,3,7,16,4,4,12,5,4,2,0,2,15,30
6,25,8,38,2,0,1,1,1,0,0,11,19,0,0,2,3,64,2,31,4,7,16,3,4,11,4,3,2,0,1,15,0
-65,24,8,38,2,0,1,1,0,0,0,2,28,0,0,2,3,64,1,31,4,9,17,2,4,13,4,4,2,0,1,15,0
4,23,7,35,3,0,1,0,1,0,0,11,4,0,0,2,3,64,2,29,2,7,15,1,3,12,4,3,2,0,1,14,15
18,19,9,29,5,0,1,1,1,0,0,2,13,0,0,2,3,64,2,25,5,9,16,2,8,15,7,4,2,0,1,13,0
31,17,8,29,6,0,0,2,1,0,0,4,11,0,0,2,3,64,2,23,5,8,15,4,7,18,8,5,2,0,1,13,0
22,14,6,33,8,0,0,2,1,0,1,0,15,0,0,2,3,64,3,19,4,7,13,6,9,19,10,6,2,1,1,13,30
17,13,5,32,7,0,0,2,1,0,1,13,2,0,0,2,3,64,1,19,4,7,14,5,10,18,11,6,2,1,1,13,15
31,13,5,27,7,0,0,2,0,0,1,7,8,0,0,2,3,64,1,19,4,7,15,4,9,19,10,5,2,1,3,12,45
33,11,4,21,8,0,0,2,0,0,1,9,6,0,0,2,3,64,1,17,3,7,13,6,10,19,11,6,2,1,1,12,0
41,11,5,21,7,0,0,2,0,0,1,7,8,0,0,2,3,64,1,17,3,8,13,5,9,18,10,5,2,1,1,12,0
14,10,4,25,7,0,0,2,0,0,1,6,9,0,0,2,3,64,1,16,3,7,12,4,8,17,10,5,2,1,2,12,30
19,9,5,19,8,0,0,2,0,0,0,4,11,0,0,2,3,64,1,15,3,7,13,5,11,21,10,5,2,1,3,11,45
11,9,5,27,8,0,0,1,0,0,0,3,12,0,0,2,3,64,1,15,3,7,13,4,10,21,9,4,1,1,3,12,45
-2,9,5,24,8,0,0,1,0,0,0,2,13,0,0,2,3,64,2,14,2,7,12,3,9,20,8,4,1,0,2,12,15
33,8,4,25,8,0,0,2,0,0,0,0,15,0,0,2,3,64,2,12,3,6,11,4,10,19,9,5,1,0,2,12,30
53,8,4,17,7,0,0,2,0,0,0,15,15,0,0,2,3,64,2,12,3,6,11,3,9,18,8,4,1,0,2,11,30
23,8,5,21,7,0,0,1,0,0,0,2,13,0,0,2,3,64,2,12,5,8,12,6,11,17,7,4,1,0,1,12,0
54,7,4,13,7,0,0,1,0,0,0,12,3,0,0,2,3,64,1,11,4,7,11,5,10,16,8,5,1,0,2,11,0
11,5,3,15,9,0,0,1,0,0,0,11,4,0,0,2,3,64,2,8,3,6,8,6,12,15,9,6,1,0,2,11,15
30,5,3,19,8,0,0,1,0,0,0,6,9,0,0,2,3,64,2,8,4,6,8,7,13,15,8,5,1,1,3,11,45
10,4,2,17,7,0,0,1,0,0,0,6,9,0,0,2,3,64,1,8,4,6,8,6,12,14,8,4,1,1,2,11,30
15,4,2,11,6,0,0,1,0,0,0,5,10,0,0,2,3,64,1,8,4,6,8,6,11,13,7,3,1,1,2,10,45
23,4,2,9,6,0,0,1,0,0,0,9,6,0,0,2,3,64,0,7,3,5,7,5,11,13,8,5,1,1,2,10,30
36,4,2,15,6,0,0,1,0,0,0,6,9,0,0,2,3,64,1,6,2,4,6,4,10,13,7,5,1,1,2,11,15
30,3,2,7,6,0,0,1,0,0,0,10,5,0,0,2,3,64,1,5,3,5,5,6,9,13,7,4,1,1,2,10,15
36,3,2,6,5,0,0,1,0,0,0,10,5,0,0,2,3,64,1,5,3,5,5,5,8,12,6,3,1,1,2,10,0
-94,3,2,29,4,0,0,2,0,0,0,5,10,0,0,2,3,64,2,4,2,4,4,6,7,11,5,3,1,1,1,13,0
-1,2,2,13,4,0,0,1,0,0,0,2,13,0,0,2,3,64,0,4,3,4,4,6,6,10,6,3,1,1,2,11,0
-15,2,2,7,5,0,0,0,0,0,0,0,15,0,0,2,3,64,1,3,2,3,3,5,5,9,5,2,1,1,2,10,15
-15,2,2,11,4,0,1,0,0,0,0,11,4,0,0,2,3,64,2,2,1,2,2,4,4,8,4,2,1,1,2,10,45
7,2,2,4,3,0,1,0,0,0,0,9,6,0,0,2,3,64,2,2,2,2,2,3,4,7,3,1,1,1,1,9,45
-3,2,2,9,2,0,1,0,0,0,0,7,8,0,0,2,3,64,2,2,2,2,2,2,3,6,2,1,0,1,2,10,30
44,2,2,2,1,0,1,0,0,0,0,4,11,0,0,2,3,64,2,2,2,2,2,1,3,5,1,0,0,0,2,9,30
1,0,0,1,3,0,0,0,0,0,0,0,21,0,0,2,3,64,0,0,0,0,0,4,4,4,4,3,0,0,2,9,15
3,0,0,0,2,0,0,0,0,0,0,0,26,0,1,2,3,64,0,0,0,0,0,3,3,3,3,3,0,0,1,9,0
-19,0,0,2,1,0,0,0,0,0,0,0,36,0,0,2,3,64,0,0,0,0,0,2,2,2,2,2,0,0,2,9,30
-17,0,0,4,0,0,0,0,0,0,0,0,44,0,0,2,3,64,0,0,0,0,0,1,1,1,1,1,0,0,1,9,45
136,23,2,27,2,0,0,2,2,0,0,13,2,0,0,6,3,61,1,40,4,6,12,2,4,10,6,4,9,0,2,14,45
62,22,3,43,3,0,0,1,2,0,2,5,10,0,0,6,3,61,2,37,2,4,10,3,6,13,7,4,9,2,1,17,0
-3,22,4,41,3,0,0,2,2,0,1,21,9,0,0,6,3,61,1,36,2,6,10,2,5,13,8,4,9,2,3,16,45
7,22,4,39,2,0,0,2,2,0,1,16,14,0,0,6,3,61,1,36,2,6,10,2,4,13,7,3,9,2,2,16,30
44,19,1,43,2,0,1,3,1,0,1,3,12,0,0,6,3,61,0,34,4,7,9,3,8,14,9,4,8,3,1,17,0
75,19,2,37,2,0,1,3,0,0,2,8,7,0,0,6,3,61,1,33,4,6,8,4,9,14,8,3,7,2,2,16,0
-67,19,2,46,1,0,1,3,0,0,2,5,10,1,0,6,3,61,1,33,4,6,9,3,8,13,7,3,7,1,1,17,30
40,18,1,31,4,0,1,3,0,0,2,12,3,0,0,6,3,61,2,29,2,4,6,7,10,14,9,5,7,4,2,15,15
66,18,1,39,4,0,1,2,0,0,2,10,5,0,0,6,3,61,2,29,2,4,6,6,9,13,8,5,7,4,2,16,30
-1,18,1,29,4,0,1,2,0,0,2,14,1,0,0,6,3,61,1,28,1,3,5,5,9,12,9,6,7,4,2,15,0
33,18,1,29,5,0,1,2,0,0,1,7,8,0,0,6,3,61,1,27,1,2,5,5,8,12,9,5,6,4,2,15,0
-93,18,1,43,5,0,0,2,0,0,1,4,11,0,0,6,3,61,1,27,1,2,6,4,7,11,8,4,6,3,1,17,0
76,18,1,37,4,0,0,2,0,0,1,2,13,0,0,6,3,61,1,27,1,2,6,4,6,11,7,3,6,3,2,16,0
-17,17,1,41,4,0,0,2,0,0,0,29,1,0,0,6,3,61,0,27,2,2,8,4,5,10,7,2,6,3,3,16,45
20,17,1,33,4,0,0,1,1,0,0,12,18,0,0,6,3,61,1,26,1,2,9,4,7,9,6,1,5,4,2,15,30
-22,17,1,33,3,0,0,1,1,0,0,2,28,0,0,6,3,61,1,26,1,2,9,3,6,9,5,1,4,3,2,15,30
52,17,1,31,3,0,0,1,1,0,0,59,1,0,0,6,3,61,1,25,0,2,9,2,5,8,5,1,3,2,2,15,15
-27,17,1,35,2,0,0,1,1,0,0,55,5,0,0,6,3,61,1,25,0,2,9,1,4,7,4,0,3,1,2,15,45
-46,16,0,35,1,0,0,1,1,0,0,24,36,0,0,6,3,61,0,25,2,6,16,3,5,10,4,0,3,2,2,15,45
91,16,2,24,0,0,0,2,1,0,0,17,43,0,0,6,3,61,0,24,1,5,15,2,4,10,4,0,3,2,1,13,15
-1,16,2,26,0,0,0,2,0,0,0,16,44,0,0,6,3,61,0,24,1,6,15,1,3,9,3,0,2,2,2,14,15
-9,16,5,24,1,0,0,2,0,0,0,9,6,0,0,6,3,61,1,22,5,9,18,2,5,13,3,0,1,2,1,13,15
45,16,5,22,2,0,0,1,0,0,0,3,12,0,0,6,3,61,2,21,4,9,17,2,5,13,2,0,1,1,2,13,0
7,14,5,19,4,0,0,2,0,0,0,5,10,0,0,6,3,61,3,17,5,8,17,3,8,15,4,3,1,1,1,12,30
-11,12,5,19,3,0,2,3,0,0,0,5,10,0,0,6,3,61,2,14,5,8,14,5,9,14,7,5,1,1,1,12,30
-73,12,6,27,3,0,2,2,0,0,0,14,1,0,0,6,3,61,1,14,5,8,14,6,9,14,7,4,0,1,2,14,45
38,11,6,15,2,0,2,4,0,0,0,4,11,0,0,6,3,61,2,12,3,8,12,5,9,13,7,5,0,0,2,12,0
-14,9,5,22,1,0,2,5,1,0,1,11,4,0,0,6,3,61,3,9,2,6,9,4,8,14,8,5,0,0,2,13,0
-31,9,6,21,0,0,2,5,1,0,1,8,7,0,0,6,3,61,3,9,3,7,9,4,8,13,7,4,0,0,2,12,45
-14,9,6,17,0,0,1,5,1,0,1,0,15,0,0,6,3,61,3,9,3,7,9,5,7,12,6,4,0,0,2,12,15
11,9,6,15,0,0,0,5,1,0,1,0,15,0,0,6,3,61,3,9,3,7,9,4,6,11,5,4,0,0,2,12,0
15,8,7,11,0,0,1,4,2,0,1,11,4,0,0,6,3,61,2,7,4,7,7,4,7,11,7,5,0,0,2,11,30
-23,7,7,13,1,0,1,4,2,0,0,6,9,0,0,6,3,61,2,6,4,6,6,4,6,11,7,5,0,0,2,11,45
2,7,7,13,1,0,1,3,2,0,0,1,14,0,0,6,3,61,2,6,4,6,6,3,6,10,6,5,0,0,2,11,45
0,5,5,17,2,0,1,3,2,0,0,36,9,0,0,6,3,61,2,4,4,4,4,3,5,12,7,7,0,0,2,12,15
9,3,3,7,3,0,0,3,2,0,0,25,20,0,0,6,3,61,1,3,3,3,3,3,6,12,8,7,0,0,2,11,0
16,3,3,7,4,0,0,3,1,0,0,15,30,0,0,6,3,61,2,2,2,2,2,3,5,11,7,6,0,0,2,11,0
43,2,2,9,6,0,0,2,1,0,0,6,39,0,0,6,3,61,2,0,0,0,0,2,5,10,8,7,0,0,2,11,15
59,0,0,3,6,0,0,2,0,0,0,1,14,0,0,6,3,61,0,0,0,0,0,3,5,9,9,8,0,0,2,10,0
-2,0,0,11,6,0,0,1,0,0,0,0,15,0,0,6,3,61,0,0,0,0,0,3,7,8,8,7,0,0,2,11,30
40,0,0,5,5,0,0,1,0,0,0,14,1,0,0,6,3,61,0,0,0,0,0,2,7,7,7,6,0,0,2,10,15
73,0,0,0,5,0,0,0,0,0,0,0,2,0,1,6,3,61,0,0,0,0,0,2,6,6,6,5,0,0,1,9,30
40,0,0,3,4,0,0,0,0,0,0,0,21,0,0,6,3,61,0,0,0,0,0,5,5,5,5,4,0,0,2,10,0
13,0,0,5,3,0,0,0,0,0,0,0,35,0,0,6,3,61,0,0,0,0,0,4,4,4,4,4,0,0,2,10,15
26,0,0,2,2,0,0,0,0,0,0,0,35,0,0,6,3,61,0,0,0,0,0,3,3,3,3,3,0,0,2,9,45
-46,0,0,9,1,0,0,0,0,0,0,0,37,0,0,6,3,61,0,0,0,0,0,2,2,2,2,2,0,0,2,11,15
42,0,0,0,0,0,0,0,0,0,0,0,46,0,1,6,3,61,0,0,0,0,0,1,1,1,1,1,0,0,1,9,30
58,18,1,40,2,0,0,0,1,0,0,2,13,1,0,5,3,60,0,37,3,6,10,4,4,9,4,2,9,1,2,17,30
38,18,2,38,2,0,0,0,0,0,0,13,2,0,0,5,3,60,0,37,3,6,10,3,3,8,3,2,8,1,1,17,15
79,18,2,35,4,0,0,0,0,0,0,0,15,0,0,5,3,60,3,34,1,4,8,2,4,9,2,1,8,1,2,16,45
-2,18,3,36,3,0,0,0,0,0,0,3,12,0,0,5,3,60,2,34,3,4,10,1,4,8,2,1,8,1,2,17,0
83,16,4,32,3,0,0,1,0,0,1,11,19,0,0,5,3,60,1,31,2,4,10,3,6,11,5,1,7,2,1,16,0
-6,16,4,34,2,0,0,1,0,0,1,5,25,0,0,5,3,60,1,30,2,5,10,2,5,10,4,1,7,1,1,16,30
-28,15,4,38,2,0,0,1,0,0,1,4,11,0,0,5,3,60,1,30,3,6,10,3,5,13,4,1,7,2,1,17,15
46,13,3,24,2,0,1,1,0,0,1,6,9,0,0,5,3,60,1,28,4,6,11,4,8,14,5,2,7,2,2,15,0
164,13,3,18,2,0,1,0,0,0,1,6,9,0,0,5,3,60,1,28,4,6,11,3,7,13,4,2,6,2,1,13,30
100,13,3,24,2,0,1,0,0,0,1,13,2,0,0,5,3,60,1,27,4,6,11,2,6,12,4,2,6,1,2,15,0
-105,11,1,36,2,0,1,0,0,0,1,1,14,0,0,5,3,60,0,26,4,6,11,2,6,11,5,2,5,2,2,17,0
14,10,1,26,4,0,1,0,0,0,1,9,6,0,0,5,3,60,1,23,2,5,11,4,10,11,6,3,5,4,2,15,15
12,10,2,30,5,0,1,0,0,0,0,12,3,0,0,5,3,60,1,22,2,5,11,5,9,11,6,2,5,4,2,15,45
26,10,2,22,4,0,1,0,0,0,0,9,6,0,0,5,3,60,1,22,2,5,11,5,8,11,5,2,5,4,2,14,45
16,10,2,21,3,0,1,0,0,0,0,8,7,0,0,5,3,60,1,22,2,5,11,4,7,11,4,2,5,4,2,14,30
-79,10,4,28,3,0,1,0,0,0,0,32,13,0,0,5,3,60,0,21,3,6,14,6,6,10,5,2,4,4,2,15,30
46,10,4,20,3,0,1,0,0,0,0,30,15,0,0,5,3,60,1,20,2,5,13,5,5,9,4,1,3,3,1,14,15
-47,10,4,26,2,0,1,0,0,0,0,26,19,0,0,5,3,60,1,20,3,6,14,4,5,8,3,1,3,2,2,15,15
-79,10,4,28,2,0,0,0,0,0,0,21,24,0,0,5,3,60,0,20,3,6,14,3,4,7,3,2,2,2,2,15,30
-1,10,4,22,1,0,0,0,0,0,0,19,26,0,0,5,3,60,0,20,4,7,14,2,3,6,2,2,2,1,2,14,45
-111,10,4,30,1,0,0,0,0,0,0,9,36,0,0,5,3,60,1,18,3,7,15,1,2,7,1,1,1,1,2,15,45
9,6,3,18,3,0,1,1,0,0,0,13,2,0,0,5,3,60,2,14,3,7,11,2,4,11,4,0,1,1,1,13,30
81,6,4,6,4,0,1,1,0,0,0,5,10,0,0,5,3,60,3,12,4,8,10,3,5,12,4,1,1,1,2,11,45
-195,6,4,32,4,0,1,1,0,0,0,10,5,0,0,5,3,60,3,11,5,7,11,2,5,13,4,2,0,1,1,16,0
17,5,3,17,3,0,1,1,0,0,0,8,7,0,0,5,3,60,2,11,5,7,11,1,4,12,4,1,0,0,2,13,15
66,2,2,8,7,0,2,0,0,0,0,1,14,0,0,5,3,60,3,6,2,3,6,3,8,12,7,1,0,0,2,12,0
26,2,2,6,8,0,1,0,0,0,0,10,5,0,0,5,3,60,2,5,1,3,5,6,7,13,8,2,0,0,2,11,45
28,2,2,5,8,0,1,0,0,0,0,4,11,0,0,5,3,60,2,4,1,2,4,5,7,13,8,2,0,0,2,11,30
-13,1,1,14,7,0,1,0,0,0,0,15,15,0,0,5,3,60,1,4,1,4,4,5,8,12,8,3,0,0,1,12,45
-25,1,1,12,6,0,1,0,0,0,0,14,16,0,0,5,3,60,1,4,1,4,4,4,7,11,7,2,0,0,2,12,30
-54,1,1,12,5,0,1,0,0,0,0,13,17,0,0,5,3,60,1,4,1,4,4,3,6,10,6,2,0,0,2,12,30
2,1,1,10,4,0,1,0,0,0,0,11,19,0,0,5,3,60,1,4,2,4,4,2,6,9,5,2,0,0,2,12,15
-32,0,0,10,4,0,1,0,0,0,0,2,13,0,0,5,3,60,1,3,3,3,3,4,5,9,5,3,0,0,2,12,15
21,0,0,4,3,0,1,0,0,0,1,8,7,0,0,5,3,60,2,2,2,2,2,4,6,8,4,3,0,0,1,11,0
-75,0,0,16,2,0,1,0,0,0,1,3,12,0,0,5,3,60,1,2,2,2,2,3,6,7,4,2,0,0,1,13,0
-128,0,0,14,2,0,0,2,0,0,1,25,5,0,0,5,3,60,2,0,0,0,0,2,5,6,4,1,0,0,1,12,45
-4,0,0,1,2,0,0,2,0,0,0,12,18,0,0,5,3,60,1,0,0,0,0,3,4,5,4,1,0,0,1,10,30
25,0,0,8,1,0,0,2,0,0,0,0,14,0,0,5,3,60,0,0,0,0,0,3,4,4,4,2,0,0,2,12,0
6,0,0,3,0,0,0,2,0,0,0,0,15,0,0,5,3,60,0,0,0,0,0,2,3,3,3,2,0,0,1,10,45
-11,0,0,0,0,0,0,1,0,0,0,0,24,0,1,5,3,60,0,0,0,0,0,1,2,2,2,1,0,0,2,10,0
-18,0,0,1,0,0,0,0,0,0,0,0,54,0,0,5,3,60,0,0,0,0,0,1,1,1,1,0,0,0,1,10,30
5,24,1,43,3,0,0,0,0,0,0,5,10,0,0,4,2,59,0,42,4,6,10,4,7,8,4,1,5,3,1,17,15
5,24,1,44,3,0,0,0,0,0,0,0,15,0,0,4,2,59,1,41,3,5,10,4,6,7,3,1,5,2,1,17,30
8,23,1,39,3,0,0,0,0,0,1,12,3,0,0,4,2,59,2,39,2,4,11,5,6,7,3,1,5,2,2,16,45
36,23,1,37,3,0,0,0,0,0,1,6,9,0,0,4,2,59,2,38,2,3,10,4,5,7,3,0,5,2,2,16,30
13,23,1,45,2,0,0,0,0,0,1,1,14,1,0,4,2,59,2,38,2,3,10,3,4,6,2,0,5,2,1,18,0
-31,23,1,41,3,0,0,0,0,0,0,21,9,0,0,4,2,59,1,37,1,4,10,2,3,7,3,1,4,2,1,17,0
-18,23,1,39,2,0,0,0,0,0,0,17,13,0,0,4,2,59,1,37,1,4,11,1,2,6,2,1,3,1,2,16,45
-20,23,3,41,2,0,0,0,0,0,0,0,15,0,0,4,2,59,1,36,3,7,12,1,2,9,2,0,3,0,1,17,0
-13,22,4,35,2,0,0,4,0,0,0,13,2,0,0,4,2,59,2,31,3,5,11,2,5,10,5,0,3,0,1,15,45
13,20,3,33,4,0,0,4,0,0,0,12,3,0,0,4,2,59,2,28,2,4,10,3,7,11,7,1,3,1,1,15,30
-11,19,3,33,4,0,0,3,0,0,0,11,4,0,0,4,2,59,1,28,2,5,12,3,7,13,7,2,3,1,1,15,30
-12,19,3,31,3,0,0,3,0,0,0,11,4,0,0,4,2,59,1,28,2,5,12,2,6,12,6,2,3,1,1,15,0
-24,18,3,37,2,0,1,3,0,0,1,39,6,0,0,4,2,59,2,26,3,5,11,4,6,12,6,2,3,1,2,16,30
-112,18,3,36,2,0,0,3,0,0,1,25,20,0,0,4,2,59,0,26,3,6,12,4,6,13,7,3,3,1,2,16,0
-42,18,4,29,3,0,0,3,0,0,0,24,21,0,0,4,2,59,1,25,3,5,11,3,5,12,6,3,2,1,1,14,45
-11,18,4,32,3,0,0,2,0,0,0,22,23,0,0,4,2,59,1,25,3,6,11,2,4,11,5,2,2,0,2,15,15
24,16,4,28,5,0,0,1,0,0,0,0,45,0,0,4,2,59,0,23,3,6,13,2,5,13,7,2,2,0,2,14,30
37,16,4,27,6,0,0,1,0,0,0,2,13,0,0,4,2,59,2,21,3,5,12,3,6,14,6,1,2,0,1,14,15
82,15,5,22,6,0,0,1,0,0,0,11,4,0,0,4,2,59,1,20,4,6,13,5,8,14,7,1,2,2,2,13,0
78,14,4,24,5,0,0,1,2,0,0,7,8,0,0,4,2,59,2,18,2,4,11,4,8,14,7,2,2,2,1,13,15
15,13,4,26,4,0,0,1,2,0,0,2,13,0,0,4,2,59,1,18,4,6,14,4,9,15,7,2,2,2,1,13,30
57,12,3,17,3,0,1,1,2,0,0,13,2,0,0,4,2,59,1,17,3,7,13,5,9,14,7,3,2,2,2,12,15
9,12,3,21,2,0,1,1,2,0,0,12,3,0,0,4,2,59,1,17,3,7,13,4,8,14,6,3,2,2,2,12,45
-68,12,5,29,3,0,1,1,2,0,0,9,6,0,0,4,2,59,2,15,2,6,11,6,9,13,6,2,1,2,1,14,45
5,10,3,19,4,0,1,1,1,0,0,2,13,0,0,4,2,59,1,14,2,7,10,5,8,12,7,4,1,1,1,12,30
33,10,3,22,3,0,1,1,1,0,0,14,1,0,0,4,2,59,1,14,4,7,10,5,7,12,6,3,0,1,2,13,0
-8,10,3,19,2,0,1,1,1,0,0,7,8,0,0,4,2,59,1,14,4,7,12,5,7,11,5,3,0,0,1,12,30
31,9,4,15,3,0,1,1,0,0,0,28,2,0,0,4,2,59,1,13,4,8,11,5,8,12,5,4,0,0,2,12,0
95,9,4,8,2,0,1,1,0,0,0,24,6,0,0,4,2,59,0,13,4,8,11,4,7,11,5,3,0,0,1,10,30
23,9,6,14,4,0,0,1,1,0,0,15,15,0,0,4,2,59,3,10,3,6,9,3,6,12,4,2,0,0,2,11,45
-19,9,6,15,3,0,0,1,1,0,0,10,20,0,0,4,2,59,3,10,3,6,9,2,6,11,3,1,0,0,2,12,0
-5,9,7,24,4,0,0,0,1,0,0,1,29,0,0,4,2,59,3,9,4,5,9,2,5,10,3,1,0,0,1,13,15
36,7,5,12,4,0,0,0,1,0,1,8,7,0,0,4,2,59,3,7,3,4,7,4,5,11,4,1,0,0,1,11,15
11,5,4,11,5,0,0,0,1,0,1,14,1,0,0,4,2,59,3,5,1,3,5,3,6,11,5,1,0,0,2,11,0
6,5,4,10,5,0,0,0,1,0,0,13,2,0,0,4,2,59,3,5,1,3,5,2,5,10,4,1,0,0,1,10,45
21,3,2,8,4,0,0,1,1,0,0,12,3,0,0,4,2,59,2,4,0,3,4,2,6,10,5,1,0,0,1,10,30
-54,2,2,17,3,0,0,1,1,0,0,0,15,0,0,4,2,59,1,4,3,4,4,5,7,10,5,1,0,0,2,12,15
22,2,2,7,4,0,0,1,1,0,0,6,9,0,0,4,2,59,2,2,2,2,2,4,6,9,5,2,0,0,2,10,15
-77,2,2,12,3,0,0,1,1,0,0,5,10,0,0,4,2,59,2,2,2,2,2,3,5,8,4,2,0,0,1,11,15
31,1,1,5,2,0,0,1,1,0,0,5,10,0,0,4,2,59,1,2,2,2,2,3,6,7,4,1,0,0,1,10,0
5,1,1,4,1,0,0,1,1,0,0,2,13,0,0,4,2,59,1,2,2,2,2,3,5,6,3,1,0,0,2,9,45
100,0,0,2,3,0,0,1,0,0,0,10,5,0,0,4,2,59,0,0,0,0,0,4,4,5,5,3,0,0,1,9,30
-5,0,0,1,2,0,0,1,0,0,0,4,11,0,0,4,2,59,0,0,0,0,0,3,4,4,4,3,0,0,2,9,15
26,0,0,0,1,0,0,1,0,0,0,0,13,0,1,4,2,59,0,0,0,0,0,2,3,3,3,2,0,0,1,9,0
21,0,0,5,1,0,0,0,0,0,0,0,19,0,0,4,2,59,0,0,0,0,0,1,2,2,2,1,0,0,1,10,0
-3,0,0,2,0,0,0,0,0,0,0,0,54,0,0,4,2,59,0,0,0,0,0,1,1,1,1,0,0,0,1,9,30
73,36,6,40,3,0,1,1,0,0,0,6,9,0,0,3,2,58,1,43,3,8,13,2,6,10,5,1,7,3,2,16,15
10,33,5,43,5,0,1,1,0,0,0,0,15,0,0,3,2,58,1,40,3,8,10,5,7,12,7,4,6,4,1,16,45
-11,33,5,48,5,0,1,0,0,0,0,3,12,1,0,3,2,58,0,40,6,8,11,4,7,11,7,3,6,3,1,17,30
-9,32,4,46,5,0,1,1,0,0,0,9,6,0,0,3,2,58,1,38,5,6,10,3,7,11,7,2,5,3,1,17,15
84,32,4,41,4,0,1,2,0,0,0,4,11,0,0,3,2,58,2,37,4,6,9,2,6,10,6,2,5,2,2,16,30
3,32,4,46,3,0,1,2,0,0,0,3,12,0,0,3,2,58,2,37,4,6,9,1,5,9,5,2,5,2,1,17,15
41,28,3,36,5,0,1,3,0,0,0,2,13,0,0,3,2,58,1,33,2,3,7,4,6,12,9,5,4,2,2,15,45
3,28,3,38,5,0,0,4,0,0,0,1,14,0,0,3,2,58,2,32,1,2,7,3,6,11,8,5,3,2,1,16,0
18,28,3,43,4,0,0,4,0,0,0,14,1,0,0,3,2,58,2,32,1,3,7,2,5,10,7,5,3,1,1,16,45
82,28,3,34,3,0,0,4,0,0,0,12,3,0,0,3,2,58,1,32,2,4,9,2,5,10,7,5,3,2,2,15,30
-30,27,4,41,3,0,0,5,0,0,0,3,12,0,0,3,2,58,2,30,1,3,10,3,7,12,7,4,3,2,2,16,30
8,25,2,38,3,0,0,4,0,0,0,3,12,0,0,3,2,58,0,30,2,3,11,3,7,13,8,3,3,2,1,16,0
30,25,2,36,3,0,0,3,0,0,0,1,14,0,0,3,2,58,0,30,2,5,11,3,6,12,7,2,2,2,2,15,45
-2,25,4,34,4,0,1,2,0,0,0,14,1,0,0,3,2,58,2,28,1,5,12,5,5,13,6,2,1,1,2,15,30
-26,24,4,45,3,0,1,2,0,0,0,1,14,0,0,3,2,58,0,28,3,6,13,4,5,12,7,2,1,1,2,17,0
-16,24,6,30,3,0,1,2,0,0,0,35,10,0,0,3,2,58,1,27,2,7,14,3,7,11,6,2,1,1,1,14,45
4,23,5,28,3,0,0,2,0,0,0,33,12,0,0,3,2,58,0,27,2,7,14,2,6,10,6,2,1,1,1,14,15
33,23,5,30,3,0,0,1,0,0,0,32,13,0,0,3,2,58,0,27,3,7,14,1,5,9,5,1,1,1,1,14,45
23,21,7,29,6,0,0,0,1,0,0,14,1,0,0,3,2,58,2,23,3,7,12,5,8,11,6,2,0,1,2,14,30
34,20,7,27,6,0,0,0,1,0,0,13,2,0,0,3,2,58,2,22,3,7,12,5,7,13,6,2,0,0,1,13,30
36,20,7,33,5,0,0,0,1,0,0,12,3,0,0,3,2,58,2,22,4,7,12,4,6,12,5,2,0,0,2,15,15
1,20,8,32,4,0,0,0,1,0,0,11,4,0,0,3,2,58,2,22,4,7,13,3,5,11,4,1,0,0,1,15,0
21,18,6,26,3,0,0,1,2,0,0,14,1,0,0,3,2,58,2,20,4,7,12,4,4,11,5,2,0,0,1,13,15
40,17,7,25,3,0,0,1,2,0,0,9,6,0,0,3,2,58,2,19,3,8,11,3,3,10,5,2,0,0,1,13,0
36,14,6,23,3,0,0,2,2,0,1,1,14,0,0,3,2,58,2,16,3,5,10,2,4,12,7,4,0,0,1,12,45
69,14,6,17,3,0,0,2,1,0,1,0,15,0,0,3,2,58,2,16,3,5,10,1,3,11,6,4,0,0,2,12,0
14,10,4,21,5,0,0,4,1,0,1,9,6,0,0,3,2,58,2,11,1,3,8,5,7,15,10,6,0,0,2,12,30
14,8,2,23,5,0,0,3,1,0,1,2,13,0,0,3,2,58,0,11,3,5,11,6,9,15,11,6,0,0,1,12,45
35,8,3,17,5,0,0,3,0,0,1,14,1,0,0,3,2,58,0,11,3,6,11,5,8,14,10,6,0,0,2,12,0
-3,8,3,19,6,0,0,3,0,0,0,12,3,0,0,3,2,58,1,10,2,5,10,4,7,13,9,5,0,0,2,12,15
26,8,3,16,5,0,0,3,0,0,0,11,4,0,0,3,2,58,1,10,2,5,10,3,6,12,8,5,0,0,2,11,45
4,8,4,21,4,0,0,3,0,0,0,5,10,0,0,3,2,58,1,10,2,5,10,2,7,11,7,4,0,0,2,12,30
72,7,3,13,5,0,0,2,0,0,0,10,5,0,0,3,2,58,1,9,3,5,9,2,9,12,7,4,0,0,2,11,15
54,6,4,19,5,0,0,2,0,0,0,4,11,0,0,3,2,58,0,8,3,5,8,5,9,14,8,5,0,0,2,12,15
59,6,5,11,7,0,0,1,0,0,0,6,9,0,0,3,2,58,2,6,3,6,6,7,8,14,7,5,0,0,1,11,0
4,6,5,14,6,0,0,1,0,0,0,6,9,0,0,3,2,58,2,6,3,6,6,6,7,13,6,4,0,0,1,11,30
-1,5,5,11,5,0,0,1,1,0,0,9,6,0,0,3,2,58,1,5,2,5,5,5,6,13,7,3,0,0,1,11,0
28,5,5,14,5,0,0,0,1,0,0,8,7,0,0,3,2,58,1,5,2,5,5,5,5,12,6,2,0,0,1,11,30
70,4,4,7,5,0,0,0,1,0,0,1,14,0,0,3,2,58,1,4,2,4,4,4,5,11,6,3,0,0,2,10,30
30,4,4,9,4,0,0,0,1,0,0,13,2,0,0,3,2,58,1,4,2,4,4,3,4,10,5,3,0,0,2,10,45
28,4,4,7,3,0,0,0,1,0,0,12,3,0,0,3,2,58,1,4,3,4,4,2,4,9,4,2,0,0,2,10,30
20,3,3,5,3,0,0,1,0,0,0,9,6,0,0,3,2,58,1,3,3,3,3,1,6,8,4,2,0,0,1,10,0
-1,0,0,1,4,0,0,1,1,0,0,20,10,0,0,3,2,58,0,0,0,0,0,5,7,7,7,4,0,0,2,9,30
17,0,0,6,3,0,0,1,1,0,0,13,17,0,0,3,2,58,0,0,0,0,0,4,6,6,6,3,0,0,2,10,15
-10,0,0,9,2,0,0,1,1,0,0,10,20,0,0,3,2,58,0,0,0,0,0,4,5,5,5,3,0,0,2,10,45
10,0,0,3,1,0,0,1,1,0,0,6,24,0,0,3,2,58,0,0,0,0,0,3,4,4,4,3,0,0,1,9,45
27,0,0,0,1,0,0,1,0,0,0,0,6,0,1,3,2,58,0,0,0,0,0,3,3,3,3,2,0,0,2,9,0
7,0,0,3,1,0,0,0,0,0,0,0,17,0,0,3,2,58,0,0,0,0,0,2,2,2,2,1,0,0,1,9,45
12,0,0,1,0,0,0,0,0,0,0,0,27,0,0,3,2,58,0,0,0,0,0,1,1,1,1,1,0,0,2,9,30
54,30,2,45,4,0,0,0,0,0,0,0,15,0,0,2,2,57,1,43,2,6,11,2,7,11,4,2,5,0,1,17,0
-35,30,3,47,5,0,0,0,0,0,0,4,11,1,0,2,2,57,1,41,3,5,11,5,8,11,5,4,5,1,1,17,30
37,30,4,43,4,0,0,0,0,0,0,14,1,0,0,2,2,57,0,41,4,6,13,5,7,11,5,4,5,1,2,16,45
9,29,3,39,4,0,0,0,0,0,0,8,7,0,0,2,2,57,0,40,3,5,12,5,7,11,5,5,5,1,2,16,0
32,29,3,40,3,0,0,0,0,0,0,6,9,0,0,2,2,57,0,40,3,5,12,4,6,10,4,4,5,1,1,16,15
-13,29,4,42,2,0,1,0,0,0,0,13,2,0,0,2,2,57,1,39,3,5,12,3,6,10,3,3,5,1,2,16,30
-33,28,4,45,1,0,1,0,1,0,0,3,12,0,0,2,2,57,1,38,2,6,12,3,5,10,3,2,5,1,1,17,0
21,28,4,36,1,0,0,1,1,0,0,9,6,0,0,2,2,57,1,37,2,5,11,3,5,10,3,2,4,1,1,15,30
-2,27,4,43,1,0,0,1,1,0,0,5,10,0,0,2,2,57,1,36,4,6,12,3,4,9,3,3,4,0,2,16,45
-31,26,3,40,2,0,0,1,0,0,0,10,5,0,0,2,2,57,1,35,3,7,11,3,4,9,3,3,4,0,1,16,15
9,25,2,34,2,0,0,0,0,0,0,1,14,0,0,2,2,57,0,35,4,7,13,2,5,8,3,2,4,0,2,15,15
5,24,3,32,4,0,0,0,0,0,0,14,1,0,0,2,2,57,2,32,4,6,10,2,5,7,3,1,4,0,2,15,0
18,23,3,32,4,0,1,1,0,0,0,2,13,0,0,2,2,57,2,29,3,5,12,4,6,9,5,3,4,0,2,15,0
24,23,3,30,3,0,1,2,0,0,0,38,7,0,0,2,2,57,2,28,2,4,13,4,5,10,5,2,4,0,1,14,30
19,23,4,29,2,0,1,2,0,0,0,34,11,0,0,2,2,57,2,28,2,5,13,3,4,11,4,2,4,0,1,14,15
-16,22,4,31,2,0,1,3,0,0,0,18,27,0,0,2,2,57,2,26,2,4,12,2,3,11,5,3,4,0,2,14,45
-60,21,4,34,2,0,1,2,0,0,0,13,32,0,0,2,2,57,1,26,2,5,12,2,2,10,5,2,4,0,2,15,15
-66,20,6,36,2,0,2,2,0,0,0,3,12,0,0,2,2,57,2,24,2,7,14,1,4,12,5,3,4,1,1,15,30
7,16,4,25,7,0,2,2,0,0,1,12,3,0,0,2,2,57,3,17,2,6,12,7,11,16,10,5,4,3,1,13,0
1,14,2,23,6,0,2,2,0,0,1,4,11,0,0,2,2,57,1,17,3,7,13,7,10,17,11,5,3,3,2,12,45
75,14,2,20,6,0,2,1,0,0,1,4,11,0,0,2,2,57,1,17,3,7,13,6,9,16,10,4,3,2,2,12,30
-16,14,3,28,5,0,2,1,0,0,1,14,1,0,0,2,2,57,1,17,3,7,13,5,8,15,9,4,3,2,1,13,30
33,14,4,25,4,0,2,2,0,0,1,11,4,0,0,2,2,57,2,16,2,6,13,5,7,14,8,4,3,2,1,13,0
37,14,4,27,5,0,2,1,0,0,1,5,10,0,0,2,2,57,3,15,3,6,12,5,6,15,7,3,2,2,1,13,15
-7,14,5,23,5,0,2,1,0,0,0,5,10,0,0,2,2,57,3,15,3,6,12,4,5,14,6,2,2,1,2,12,45
30,13,4,16,4,0,2,1,0,0,0,11,4,0,0,2,2,57,2,15,4,7,12,4,4,13,6,2,2,1,2,12,0
31,12,4,20,4,0,2,1,0,0,0,12,3,0,0,2,2,57,1,14,4,8,13,3,4,12,7,3,1,2,2,12,30
6,12,6,18,5,0,2,1,0,0,0,6,9,0,0,2,2,57,3,12,3,6,11,2,5,11,6,3,1,1,3,12,15
23,12,7,16,5,0,1,2,0,0,0,28,2,0,0,2,2,57,3,11,3,6,10,1,6,11,6,3,1,1,2,12,0
-105,8,5,38,9,0,0,2,0,0,0,4,11,0,0,2,2,57,2,7,3,5,7,7,9,14,10,7,0,1,1,15,45
35,7,5,8,9,0,0,2,0,0,0,10,5,0,0,2,2,57,1,6,3,5,6,6,8,13,11,9,0,0,2,10,30
13,6,4,14,9,0,0,1,0,0,0,7,8,0,0,2,2,57,0,6,3,5,6,6,7,12,11,8,0,0,2,11,45
27,6,5,10,9,0,0,0,0,0,0,5,10,0,0,2,2,57,0,6,3,5,6,6,6,11,10,7,0,0,1,10,45
55,6,5,12,9,0,0,0,0,0,0,1,14,0,0,2,2,57,1,5,2,4,5,5,6,10,9,6,0,0,1,11,0
-3,5,4,14,8,0,0,0,0,0,0,9,6,0,0,2,2,57,0,5,2,5,5,4,6,11,9,6,0,0,2,11,45
31,5,4,10,8,0,0,0,0,0,0,5,10,0,0,2,2,57,1,4,2,4,4,3,5,12,8,6,0,0,1,10,45
-53,5,5,18,8,0,0,0,0,0,0,7,8,0,0,2,2,57,2,3,2,3,3,2,6,12,7,5,0,0,3,12,15
-56,4,4,20,7,0,0,0,0,0,0,5,10,0,0,2,2,57,1,3,2,3,3,1,5,11,7,5,0,0,2,12,30
24,1,1,8,8,0,0,0,0,0,0,3,12,0,0,2,2,57,0,1,1,1,1,4,5,10,9,7,0,0,2,10,30
-42,1,1,13,7,0,0,0,0,0,0,12,3,0,0,2,2,57,0,1,1,1,1,4,5,9,8,6,0,0,2,11,30
55,1,1,4,7,0,0,0,0,0,0,4,11,0,0,2,2,57,1,0,0,0,0,3,7,8,7,5,0,0,1,9,45
14,0,0,7,6,0,0,0,0,0,0,7,8,0,0,2,2,57,0,0,0,0,0,2,7,7,7,5,0,0,2,10,15
37,0,0,6,5,0,0,0,0,0,0,0,15,0,0,2,2,57,0,0,0,0,0,1,6,6,6,4,0,0,1,10,0
28,0,0,2,4,0,0,0,0,0,0,0,32,0,0,2,2,57,0,0,0,0,0,5,5,5,5,4,0,0,2,9,30
21,0,0,4,3,0,0,0,0,0,0,0,35,0,0,2,2,57,0,0,0,0,0,4,4,4,4,3,0,0,1,9,45
19,0,0,0,2,0,0,0,0,0,0,0,38,0,1,2,2,57,0,0,0,0,0,3,3,3,3,2,0,0,1,9,0
13,0,0,2,1,0,0,0,0,0,0,0,39,0,0,2,2,57,0,0,0,0,0,2,2,2,2,1,0,0,2,9,30
21,0,0,1,0,0,0,0,0,0,0,0,46,0,0,2,2,57,0,0,0,0,0,1,1,1,1,0,0,0,2,9,15
10,35,2,41,0,0,0,1,0,0,0,10,5,1,0,6,2,54,0,40,0,4,9,2,2,7,2,0,3,2,1,17,30
65,35,3,40,0,0,0,0,0,0,0,3,12,0,0,6,2,54,0,40,1,5,9,1,1,7,1,0,2,1,1,17,15
5,32,5,37,1,0,1,2,0,0,0,18,12,0,0,6,2,54,2,35,2,4,9,2,7,9,3,1,2,1,1,16,30
2,29,3,37,1,0,1,1,0,0,1,1,29,0,0,6,2,54,0,34,3,5,11,2,7,11,5,3,2,1,1,16,30
25,29,4,34,0,0,2,1,0,0,1,14,1,0,0,6,2,54,0,33,3,4,11,6,7,11,5,4,2,1,1,15,45
3,28,3,36,0,0,2,2,0,0,1,14,1,0,0,6,2,54,1,31,2,3,11,5,6,11,5,3,2,1,2,16,0
18,28,3,34,0,0,2,2,0,0,0,10,5,0,0,6,2,54,1,31,2,4,11,4,5,10,4,2,2,1,1,15,45
70,28,4,32,0,0,2,1,0,0,0,6,9,0,0,6,2,54,1,31,2,5,11,4,4,9,3,1,2,1,1,15,15
4,27,3,33,0,0,1,1,0,0,0,3,12,0,0,6,2,54,0,31,2,5,12,3,3,8,3,2,1,1,2,15,30
-61,27,3,39,0,0,0,1,0,0,0,2,13,0,0,6,2,54,0,31,2,5,12,2,2,7,2,2,1,0,1,16,45
42,26,5,28,0,0,0,1,1,0,0,10,5,0,0,6,2,54,1,29,2,6,10,1,4,8,2,2,1,0,2,14,30
3,24,7,29,3,0,0,1,0,0,0,1,14,0,0,6,2,54,2,26,4,7,10,4,5,11,3,2,1,0,1,14,45
21,23,7,31,4,0,0,1,0,0,0,40,5,0,0,6,2,54,2,24,3,5,8,3,4,10,4,1,1,0,1,15,0
-32,23,7,29,3,0,0,1,0,0,0,32,13,0,0,6,2,54,2,24,4,5,10,2,3,9,3,0,1,0,1,14,45
8,20,4,27,3,0,0,1,0,0,0,20,25,0,0,6,2,54,0,23,3,7,9,2,4,10,5,1,1,1,1,14,15
43,18,4,26,4,0,1,1,0,0,0,1,44,0,0,6,2,54,1,20,1,4,10,1,7,9,6,2,1,1,1,13,30
57,16,3,23,4,0,1,1,0,0,0,8,2,0,0,6,2,54,0,19,3,5,13,6,7,9,7,3,1,1,1,13,0
71,16,3,22,3,0,1,1,0,0,0,6,4,0,0,6,2,54,0,19,3,5,14,5,6,8,6,3,0,1,2,12,50
32,16,5,25,4,0,1,2,0,0,0,3,2,0,0,6,2,54,3,16,0,2,11,4,6,9,5,2,0,0,1,13,15
54,16,5,23,3,0,1,2,0,0,0,0,5,0,0,6,2,54,3,16,0,4,11,3,5,9,4,1,0,0,1,13,0
67,14,5,19,2,0,1,2,0,0,0,4,11,0,0,6,2,54,1,16,2,6,11,2,4,9,5,1,0,0,1,12,30
39,14,5,21,2,0,0,2,0,0,0,3,12,0,0,6,2,54,1,16,2,6,12,1,3,8,4,1,0,0,1,12,45
72,13,7,16,4,0,0,1,0,0,0,2,13,0,0,6,2,54,2,14,4,8,11,2,2,9,4,2,0,0,1,12,0
24,13,8,18,3,0,0,1,0,0,0,11,4,0,0,6,2,54,2,14,5,9,11,1,2,9,3,1,0,0,2,12,15
34,5,3,11,6,0,1,4,0,0,0,1,14,0,0,6,2,54,1,6,2,3,6,5,7,14,11,6,0,0,2,11,15
6,5,3,19,5,0,1,5,0,0,0,26,4,0,0,6,2,54,2,5,2,2,5,5,7,13,10,6,0,0,1,12,30
12,5,3,13,4,0,1,5,0,0,0,23,7,0,0,6,2,54,2,5,2,2,5,4,6,12,9,6,0,0,1,11,30
14,4,2,16,4,0,1,4,0,0,0,16,14,0,0,6,2,54,0,5,2,2,5,4,8,13,10,8,0,0,1,12,0
16,4,2,11,4,0,1,3,0,0,0,11,19,0,0,6,2,54,0,5,2,4,5,3,8,13,9,7,0,0,2,11,15
85,4,3,8,4,0,1,3,0,0,0,14,1,0,0,6,2,54,1,4,1,4,4,2,8,12,8,6,0,0,2,10,30
-2,3,2,13,5,0,1,2,0,0,0,4,11,0,0,6,2,54,1,3,0,3,3,4,7,12,8,6,0,0,1,11,30
40,2,2,9,5,0,1,1,0,0,0,14,1,0,0,6,2,54,0,3,3,3,3,6,7,11,8,5,0,0,2,11,0
47,2,2,6,4,0,1,1,0,0,0,7,8,0,0,6,2,54,0,3,3,3,3,5,6,10,7,4,0,0,1,10,15
97,2,2,2,3,0,1,1,0,0,0,4,11,0,0,6,2,54,0,3,3,3,3,4,7,9,6,3,0,0,1,9,30
15,2,2,9,2,0,1,1,0,0,0,2,13,0,0,6,2,54,0,3,3,3,3,3,6,8,5,2,0,0,2,11,0
24,2,2,4,1,0,1,1,0,0,0,0,15,0,0,6,2,54,0,3,3,3,3,2,5,7,4,2,0,0,1,9,45
25,2,2,5,0,0,3,2,0,0,0,3,12,0,0,6,2,54,3,0,0,0,0,2,5,6,3,2,0,0,2,10,0
31,1,1,6,0,0,3,1,0,0,0,12,3,0,0,6,2,54,1,0,0,0,0,4,5,5,4,2,0,0,1,10,15
7,0,0,0,0,0,2,1,0,0,0,0,10,0,1,6,2,54,0,0,0,0,0,4,4,4,4,1,0,0,1,9,0
-57,0,0,15,0,0,1,1,0,0,0,0,10,0,0,6,2,54,0,0,0,0,0,3,3,3,3,1,0,0,2,11,45
14,0,0,1,0,0,0,1,0,0,0,0,16,0,0,6,2,54,0,0,0,0,0,2,2,2,2,0,0,0,2,9,15
-13,0,0,2,0,0,0,0,0,0,0,0,38,0,0,6,2,54,0,0,0,0,0,1,1,1,1,0,0,0,1,9,30
-22,34,1,49,2,0,0,0,0,0,0,17,13,1,0,5,2,53,0,47,2,7,11,2,3,11,3,1,4,3,1,17,45
34,33,1,46,1,0,0,2,0,0,0,2,28,0,0,5,2,53,1,45,3,6,11,1,3,11,3,2,3,3,1,17,0
24,33,6,44,3,0,0,2,0,0,0,26,4,0,0,5,2,53,2,42,4,6,11,2,7,11,4,2,2,2,2,16,45
-25,32,5,46,4,0,0,2,0,0,0,10,20,0,0,5,2,53,1,40,3,6,10,3,8,12,6,2,1,1,1,17,0
-5,30,4,42,6,0,0,1,0,0,0,3,12,0,0,5,2,53,1,38,2,5,10,7,8,11,7,2,1,0,2,16,30
-42,29,4,48,7,0,0,0,0,0,0,10,5,0,0,5,2,53,1,37,3,4,10,6,8,10,7,2,1,0,1,17,30
55,28,3,42,7,0,0,0,0,0,0,5,10,0,0,5,2,53,1,36,2,4,9,6,7,10,7,1,1,0,2,16,30
10,28,3,41,6,0,0,0,0,0,0,3,12,0,0,5,2,53,1,36,2,4,10,5,6,9,6,1,1,0,2,16,0
-20,28,3,44,5,0,0,0,0,0,0,1,14,0,0,5,2,53,1,36,3,4,10,4,5,8,5,1,1,0,2,16,45
24,27,3,36,4,0,0,0,0,0,0,6,9,0,0,5,2,53,0,36,3,5,11,3,4,7,5,1,1,0,1,15,15
5,27,3,39,3,0,0,0,0,0,0,6,9,0,0,5,2,53,0,36,3,5,11,2,3,7,4,1,1,0,1,15,45
16,27,4,39,4,0,0,0,0,0,0,7,8,0,0,5,2,53,2,34,2,5,10,2,4,6,3,1,1,0,1,15,45
15,25,5,38,4,0,0,0,0,0,0,13,2,0,0,5,2,53,0,33,3,5,12,2,3,9,5,3,1,0,2,15,30
14,23,6,36,5,0,1,0,0,0,0,44,1,0,0,5,2,53,1,30,2,5,11,2,4,11,6,3,1,0,1,15,15
18,23,6,34,4,0,1,0,0,0,0,42,3,0,0,5,2,53,1,30,2,5,11,1,3,10,5,3,1,0,1,14,45
-4,20,6,35,5,0,1,1,0,0,0,7,38,0,0,5,2,53,1,27,3,6,14,2,6,13,7,4,1,0,2,15,0
81,18,5,28,5,0,1,1,0,0,1,6,9,0,0,5,2,53,1,25,2,6,13,5,8,14,8,4,1,0,1,13,0
4,16,6,32,3,0,1,1,0,0,2,0,15,0,0,5,2,53,0,24,4,8,14,5,9,14,9,4,1,0,1,14,15
13,16,6,33,3,0,1,1,0,0,2,0,15,0,0,5,2,53,0,24,4,8,14,5,9,14,9,4,1,0,1,14,30
30,16,6,31,3,0,0,1,0,0,2,14,1,0,0,5,2,53,0,24,4,9,14,3,7,12,7,3,1,0,1,13,30
26,16,7,28,3,0,0,1,0,0,2,9,6,0,0,5,2,53,1,23,3,8,14,3,7,12,6,3,1,1,1,13,0
29,14,6,26,3,0,1,2,0,0,1,6,9,0,0,5,2,53,1,21,3,8,13,4,7,15,7,5,1,1,2,12,45
61,13,5,19,4,0,1,2,0,0,0,12,3,0,0,5,2,53,1,20,5,7,13,4,7,14,7,5,1,1,2,12,0
88,13,5,24,4,0,1,2,0,0,0,6,9,0,0,5,2,53,2,19,4,7,13,4,7,13,6,4,1,1,2,12,30
22,11,5,24,3,0,2,2,0,0,0,6,9,0,0,5,2,53,1,18,5,7,13,4,7,13,7,3,1,1,2,12,30
91,10,5,22,2,0,4,2,0,0,0,0,15,0,0,5,2,53,2,16,3,6,12,4,6,14,7,3,1,1,2,12,15
35,9,4,19,3,0,3,2,0,0,0,11,4,0,0,5,2,53,2,15,2,6,11,3,6,13,7,2,0,1,2,12,0
17,9,4,30,3,0,3,2,0,0,0,13,2,0,0,5,2,53,2,14,2,6,11,4,9,13,7,3,0,0,1,13,15
61,8,4,12,4,0,2,2,0,0,0,5,10,0,0,5,2,53,2,13,2,5,11,3,8,12,7,3,0,0,2,11,0
1,8,5,26,5,0,2,1,0,0,0,9,6,0,0,5,2,53,2,12,3,6,11,4,7,13,7,2,0,0,2,12,45
-13,7,5,19,4,0,2,1,0,0,0,0,15,0,0,5,2,53,1,12,4,7,11,6,7,12,7,2,0,0,2,12,0
0,5,3,22,4,0,3,1,0,0,0,14,1,0,0,5,2,53,1,10,3,6,9,5,8,14,8,1,0,0,2,12,15
29,5,3,16,5,0,2,1,0,0,0,9,6,0,0,5,2,53,1,9,3,5,8,4,7,13,8,2,0,0,1,11,30
23,5,3,18,4,0,2,1,0,0,0,6,9,0,0,5,2,53,1,9,3,5,9,3,7,13,7,2,0,0,3,11,45
26,5,3,14,4,0,1,1,0,0,0,5,10,0,0,5,2,53,1,9,4,5,9,2,6,12,6,2,0,0,2,11,15
-3,5,3,16,3,0,1,1,0,0,0,4,11,0,0,5,2,53,1,9,4,5,9,1,5,11,5,2,0,0,1,11,30
-18,2,2,14,6,0,1,1,0,0,0,3,12,0,0,5,2,53,1,5,1,4,5,4,6,13,8,5,0,0,2,11,15
20,2,2,12,6,0,2,0,0,0,0,1,14,0,0,5,2,53,1,4,2,3,4,3,8,12,8,4,0,0,2,11,0
0,2,2,8,5,0,2,0,0,0,0,1,14,0,0,5,2,53,1,4,2,3,4,2,7,11,7,3,0,0,2,10,30
37,2,2,8,4,0,2,0,0,0,0,8,7,0,0,5,2,53,1,4,3,3,4,3,7,11,6,3,0,0,2,10,30
49,0,0,2,4,0,2,1,0,0,0,13,2,0,0,5,2,53,0,2,1,2,2,5,7,10,8,3,0,0,2,9,30
-22,0,0,10,3,0,2,1,0,0,0,12,3,0,0,5,2,53,0,2,1,2,2,4,7,9,7,2,0,0,2,10,45
-8,0,0,7,4,0,1,1,0,0,0,11,4,0,0,5,2,53,0,1,1,1,1,5,7,8,7,1,0,0,2,10,15
3,0,0,4,4,0,0,1,0,0,0,8,7,0,0,5,2,53,0,1,1,1,1,4,6,7,6,1,0,0,1,9,45
16,0,0,10,3,0,0,1,0,0,0,7,8,0,0,5,2,53,0,1,1,1,1,3,5,6,5,1,0,0,2,10,45
-39,0,0,6,2,0,0,1,0,0,0,0,7,0,0,5,2,53,0,1,1,1,1,3,5,5,4,1,0,0,1,10,0
13,0,0,1,2,0,0,1,0,0,0,0,11,0,0,5,2,53,1,0,0,0,0,3,4,4,3,1,0,0,2,9,15
69,0,0,2,1,0,0,1,0,0,0,0,33,0,0,5,2,53,0,0,0,0,0,2,3,3,3,2,0,0,2,9,30
-20,0,0,0,0,0,0,1,0,0,0,0,38,0,1,5,2,53,0,0,0,0,0,2,2,2,2,1,0,0,1,9,0
-9,0,0,4,0,0,0,0,0,0,0,0,63,0,0,5,2,53,0,0,0,0,0,1,1,1,1,0,0,0,1,9,45
4,27,7,48,0,0,2,1,0,0,0,5,10,1,0,4,2,52,0,46,5,10,15,3,3,9,4,0,7,0,1,17,30
17,26,8,48,2,0,1,1,0,0,0,4,11,1,0,4,2,52,1,44,5,10,13,2,2,11,4,1,7,0,1,17,30
51,25,8,42,3,0,0,1,0,0,0,14,1,0,0,4,2,52,1,43,4,9,12,1,1,12,4,1,7,0,1,16,30
10,17,2,45,9,0,1,1,0,0,1,8,7,0,0,4,2,52,0,34,3,4,5,6,12,15,13,4,7,4,1,17,0
16,17,3,44,8,0,1,1,0,0,1,14,1,0,0,4,2,52,0,34,3,4,6,6,12,15,12,3,7,4,2,16,45
79,17,3,33,8,0,0,1,0,0,1,12,3,0,0,4,2,52,0,34,3,4,6,6,11,14,11,3,7,4,1,15,0
-19,17,3,45,7,0,0,1,0,0,1,12,3,0,0,4,2,52,0,34,3,4,6,5,10,13,10,3,7,4,1,17,0
22,17,3,40,6,0,0,1,0,0,1,10,5,0,0,4,2,52,0,34,3,4,6,4,10,12,9,2,6,4,2,16,0
26,17,3,42,5,0,0,1,0,0,1,14,1,0,0,4,2,52,0,34,3,4,6,6,10,11,8,2,6,3,1,16,30
120,16,2,36,7,0,1,0,0,0,1,5,10,0,0,4,2,52,2,31,1,1,5,6,9,11,8,3,5,3,2,15,30
44,16,2,38,6,0,1,0,0,0,1,13,2,0,0,4,2,52,2,31,1,1,7,6,8,10,7,3,5,2,2,15,45
32,16,2,40,5,0,1,0,0,0,1,9,6,0,0,4,2,52,2,31,1,1,7,6,7,9,6,2,4,2,2,16,0
64,15,1,38,5,0,1,0,0,0,0,2,13,0,0,4,2,52,1,31,1,2,7,6,6,8,6,2,4,1,2,15,45
-79,15,1,47,4,0,1,0,0,0,0,14,1,0,0,4,2,52,1,31,1,2,7,5,5,7,5,2,3,1,2,17,15
36,15,2,31,4,0,0,0,1,0,0,11,4,0,0,4,2,52,2,30,0,1,6,4,4,7,4,2,3,0,2,14,45
22,14,1,31,3,0,0,0,1,0,0,3,12,0,0,4,2,52,0,30,0,1,7,3,4,6,5,3,3,0,2,14,45
48,14,1,35,2,0,0,0,1,0,0,12,3,0,0,4,2,52,0,30,0,2,8,2,3,5,4,3,3,0,2,15,15
42,14,1,36,1,0,0,0,1,0,0,6,9,0,0,4,2,52,0,30,1,2,8,1,2,4,3,2,3,0,2,15,30
35,13,4,29,2,0,0,0,0,0,0,18,27,0,0,4,2,52,0,29,3,6,10,2,3,6,3,2,3,0,1,14,15
28,13,5,28,2,0,0,0,0,0,0,13,2,0,0,4,2,52,0,28,4,7,14,1,2,9,3,1,3,0,1,13,30
-5,10,4,33,4,0,0,1,0,0,0,12,3,0,0,4,2,52,1,24,3,4,12,2,3,10,5,1,3,1,1,15,0
-50,8,3,30,5,0,0,2,0,0,0,13,2,0,0,4,2,52,2,21,1,7,12,2,7,14,6,2,3,2,2,14,30
48,7,2,22,4,0,0,2,0,0,0,4,11,0,0,4,2,52,1,21,2,8,13,2,8,13,6,2,2,2,1,12,30
19,6,1,25,5,0,0,1,0,0,0,9,6,0,0,4,2,52,0,20,7,8,16,7,7,15,7,4,1,1,1,12,45
-50,6,1,26,6,0,0,0,0,0,0,0,15,0,0,4,2,52,1,19,6,8,16,6,7,14,6,4,1,0,1,13,0
8,6,1,27,5,0,0,0,0,0,0,14,1,0,0,4,2,52,1,19,6,8,16,5,7,13,5,3,1,0,1,13,15
-49,5,0,22,6,0,0,0,0,0,0,6,9,0,0,4,2,52,1,17,5,7,14,4,7,13,6,3,1,0,1,12,30
25,5,0,20,7,0,0,1,0,0,0,14,1,0,0,4,2,52,4,14,2,5,11,3,8,12,5,3,1,1,3,12,15
24,5,0,22,6,0,0,1,0,0,0,12,3,0,0,4,2,52,4,14,2,5,11,2,7,11,4,2,1,1,1,12,30
17,5,0,17,5,0,0,2,0,0,0,11,4,0,0,4,2,52,5,13,1,5,10,1,6,10,3,1,1,1,1,11,45
-34,5,2,19,4,0,1,3,0,0,0,6,9,0,0,4,2,52,3,11,3,7,11,5,8,14,6,3,1,1,2,12,0
5,5,3,20,3,0,1,3,0,0,0,14,1,0,0,4,2,52,2,11,5,8,11,5,7,13,6,4,1,1,3,12,15
-13,5,4,11,3,0,1,3,0,0,0,8,7,0,0,4,2,52,2,10,4,7,10,4,7,14,6,5,1,1,2,11,0
-4,5,4,10,4,0,0,3,0,0,0,1,14,0,0,4,2,52,2,9,5,6,9,4,6,15,6,4,0,1,2,10,45
27,5,4,13,3,0,0,3,0,0,0,29,1,0,0,4,2,52,2,9,5,6,9,4,5,14,5,3,0,0,2,11,15
-34,4,3,17,5,0,0,3,0,0,0,15,15,0,0,4,2,52,2,6,3,4,6,3,5,14,7,5,0,0,1,11,45
47,4,3,2,4,0,0,3,0,0,0,8,22,0,0,4,2,52,2,6,3,5,6,3,4,14,6,4,0,0,2,9,30
-28,3,2,15,6,0,0,2,0,0,0,0,30,0,0,4,2,52,3,4,1,4,4,2,6,13,6,5,0,0,2,11,30
-34,2,2,15,7,0,0,1,0,0,0,10,5,0,0,4,2,52,2,3,1,3,3,2,7,12,7,5,0,0,2,11,30
-40,1,1,13,6,0,0,1,0,0,0,7,8,0,0,4,2,52,0,3,3,3,3,5,10,11,8,6,0,0,2,11,15
-10,1,1,8,7,0,0,1,0,0,0,7,8,0,0,4,2,52,1,1,1,1,1,6,10,10,8,6,0,0,1,10,30
-36,1,1,6,6,0,0,1,0,0,0,7,8,0,0,4,2,52,1,1,1,1,1,5,9,9,7,5,0,0,2,10,0
23,1,1,1,6,0,0,1,0,0,0,3,12,0,0,4,2,52,2,0,0,0,0,5,8,8,6,4,0,0,2,9,15
-14,0,0,8,5,0,0,1,0,0,0,0,4,0,0,4,2,52,0,0,0,0,0,6,7,7,7,4,0,0,1,10,30
-69,0,0,11,4,0,0,1,0,0,0,0,18,0,0,4,2,52,0,0,0,0,0,5,6,6,6,3,0,0,2,11,0
22,0,0,4,4,0,0,0,0,0,0,0,22,0,0,4,2,52,0,0,0,0,0,5,5,5,5,3,0,0,2,9,45
-59,0,0,6,3,0,0,0,0,0,0,0,24,0,0,4,2,52,0,0,0,0,0,4,4,4,4,2,0,0,2,10,0
-21,0,0,2,2,0,0,0,0,0,0,0,27,0,0,4,2,52,0,0,0,0,0,3,3,3,3,1,0,0,2,9,30
0,0,0,0,1,0,0,0,0,0,0,0,33,0,1,4,2,52,0,0,0,0,0,2,2,2,2,1,0,0,1,9,0
5,0,0,4,0,0,0,0,0,0,0,0,51,0,0,4,2,52,0,0,0,0,0,1,1,1,1,1,0,0,2,9,45
74,35,4,42,1,0,1,1,0,0,0,3,27,0,0,3,2,51,1,42,5,7,12,3,3,8,3,2,6,1,1,17,0
-14,35,5,45,1,0,0,1,0,0,0,14,1,1,0,3,2,51,1,42,5,7,12,2,2,9,2,1,6,0,1,17,30
5,34,4,42,0,0,0,2,0,0,1,1,14,0,0,3,2,51,2,40,4,6,10,1,1,8,2,0,6,0,1,17,0
45,30,5,38,4,0,1,3,0,0,1,9,6,0,0,3,2,51,3,33,2,4,8,4,7,11,7,3,5,1,1,16,0
19,29,4,40,5,0,1,2,0,0,1,1,14,0,0,3,2,51,3,32,2,4,9,5,8,10,7,2,5,2,1,16,30
39,29,4,38,4,0,1,2,0,0,1,12,3,0,0,3,2,51,3,32,2,4,10,5,7,10,6,2,5,2,1,16,0
56,29,4,35,3,0,1,2,0,0,1,11,4,0,0,3,2,51,3,32,2,4,10,4,6,9,5,2,5,2,1,15,30
18,27,4,37,4,0,1,2,0,0,1,3,12,0,0,3,2,51,3,30,2,5,9,4,5,9,6,4,5,2,2,15,45
36,27,4,33,4,0,0,2,0,0,1,2,13,0,0,3,2,51,3,30,2,5,9,4,4,8,5,3,5,2,1,15,0
-53,27,4,41,4,0,0,1,0,0,1,14,1,0,0,3,2,51,3,30,2,5,9,3,3,7,4,3,5,2,3,16,45
-38,25,3,42,5,0,0,0,0,0,1,8,7,0,0,3,2,51,2,29,2,4,10,2,4,7,5,4,4,2,1,17,0
43,25,4,30,5,0,0,0,0,0,1,2,13,0,0,3,2,51,2,28,3,4,10,1,3,7,5,3,3,1,2,14,30
9,23,4,34,6,0,0,1,0,0,1,27,18,0,0,3,2,51,2,25,3,4,12,3,4,10,7,3,3,1,2,15,15
9,22,5,31,5,0,0,1,0,0,1,9,36,0,0,3,2,51,1,25,3,6,14,3,4,10,7,3,3,1,1,14,45
27,21,5,29,5,0,0,1,0,0,2,13,2,0,0,3,2,51,2,23,2,5,13,2,5,11,7,3,3,1,1,14,15
-55,20,6,35,5,0,0,1,1,0,1,5,10,0,0,3,2,51,2,22,2,6,13,2,5,12,7,2,2,1,1,15,30
77,18,7,25,6,0,0,1,1,0,1,11,4,0,0,3,2,51,2,20,2,7,14,4,6,16,8,2,2,0,1,13,0
-24,16,8,31,5,0,0,2,1,0,1,7,8,0,0,3,2,51,1,19,5,8,14,3,6,16,9,2,2,0,1,14,45
26,16,9,24,6,0,0,2,1,0,0,14,1,0,0,3,2,51,2,18,5,8,14,4,6,16,8,2,2,0,2,12,45
35,15,8,28,5,0,0,2,1,0,0,12,3,0,0,3,2,51,1,18,5,8,14,3,6,15,8,2,2,1,1,13,30
37,12,6,27,7,0,0,2,1,0,1,4,11,0,0,3,2,51,2,14,3,7,11,3,10,16,10,4,2,2,1,13,15
37,12,6,25,6,0,0,2,1,0,1,3,12,0,0,3,2,51,2,14,4,7,11,2,9,15,9,3,2,2,1,13,0
70,8,5,8,7,0,0,3,1,0,1,9,6,0,0,3,2,51,1,11,4,6,9,8,11,18,12,3,2,2,1,10,30
26,7,4,18,7,0,0,3,1,0,1,0,15,0,0,3,2,51,1,10,3,6,8,9,11,17,12,4,2,2,2,12,0
54,7,5,22,6,0,0,3,1,0,1,13,2,0,0,3,2,51,1,10,4,6,8,8,10,16,11,4,1,2,1,12,30
42,7,5,20,6,0,0,3,0,0,1,11,4,0,0,3,2,51,1,10,4,6,8,7,9,15,10,4,1,1,2,12,15
25,7,5,16,6,0,0,2,0,0,1,11,4,0,0,3,2,51,1,10,4,6,8,6,8,14,9,4,0,1,2,11,45
43,6,5,14,7,0,0,3,0,0,0,1,14,0,0,3,2,51,2,8,3,4,7,6,7,14,9,4,0,0,2,11,30
16,6,5,16,6,0,0,3,0,0,0,1,14,0,0,3,2,51,2,8,3,4,7,5,6,13,8,3,0,0,2,11,45
23,6,5,20,6,0,0,3,0,0,0,10,5,0,0,3,2,51,3,7,2,4,6,4,5,12,7,3,0,0,2,12,15
20,6,5,14,5,0,0,3,0,0,0,3,12,0,0,3,2,51,2,7,3,4,7,4,6,12,7,3,0,0,2,11,30
27,6,5,18,5,0,0,2,0,0,0,2,13,0,0,3,2,51,2,7,3,4,7,3,5,11,6,3,0,0,2,12,0
15,4,4,22,5,0,1,2,0,0,0,1,14,0,0,3,2,51,2,5,1,3,5,2,6,11,7,4,0,0,1,12,30
21,3,3,10,4,0,1,2,0,0,0,6,9,0,0,3,2,51,1,5,2,3,5,3,7,11,7,4,0,0,2,11,0
83,1,1,1,5,0,1,2,0,0,0,8,7,0,0,3,2,51,1,3,1,2,3,6,7,12,8,5,0,0,2,9,30
31,1,1,12,4,0,1,2,0,0,0,7,8,0,0,3,2,51,1,3,1,2,3,5,6,11,7,4,0,0,2,11,15
40,1,1,5,4,0,0,2,0,0,0,0,15,0,0,3,2,51,1,3,1,3,3,4,6,10,6,4,0,0,1,10,0
37,1,1,10,4,0,0,1,0,0,0,14,1,0,0,3,2,51,1,3,1,3,3,3,6,9,5,3,0,0,2,11,0
-6,0,0,12,5,0,0,0,0,0,0,1,14,0,0,3,2,51,1,2,1,2,2,3,5,8,5,2,0,0,2,11,15
15,0,0,9,4,0,0,0,0,0,0,10,5,0,0,3,2,51,1,2,1,2,2,2,5,7,4,2,0,0,2,10,45
14,0,0,7,4,0,0,0,0,0,0,5,10,0,0,3,2,51,1,1,1,1,1,3,5,6,4,3,0,0,1,10,15
-34,0,0,3,4,0,0,0,0,0,0,0,12,0,0,3,2,51,1,0,0,0,0,3,5,5,4,3,0,0,2,9,45
24,0,0,5,3,0,0,0,0,0,0,0,15,0,0,3,2,51,1,0,0,0,0,3,4,4,3,2,0,0,1,10,0
10,0,0,3,2,0,0,0,0,0,0,0,31,0,0,3,2,51,0,0,0,0,0,3,3,3,3,2,0,0,2,9,45
-16,0,0,0,1,0,0,0,0,0,0,0,44,0,1,3,2,51,0,0,0,0,0,2,2,2,2,2,0,0,2,9,15
-1,0,0,1,0,0,0,0,0,0,0,0,58,0,0,3,2,51,0,0,0,0,0,1,1,1,1,1,0,0,2,9,30
27,28,1,48,1,0,1,2,0,0,0,12,3,0,0,6,2,47,1,45,1,3,9,3,6,7,4,1,6,2,1,17,15
-14,27,0,49,1,0,1,1,0,0,0,24,6,1,0,6,2,47,0,45,1,5,13,4,5,10,4,1,6,1,1,17,30
26,27,0,43,0,0,1,1,0,0,0,21,9,0,0,6,2,47,0,45,1,5,13,4,4,10,3,1,5,1,2,16,30
31,27,2,42,1,0,1,0,0,0,0,2,28,0,0,6,2,47,0,44,3,8,14,3,4,10,3,0,5,0,3,16,0
-15,27,2,43,0,0,1,0,0,0,0,14,1,0,0,6,2,47,0,44,4,8,14,2,3,9,2,0,5,0,2,16,30
10,27,2,46,0,0,0,0,0,0,0,7,8,0,0,6,2,47,0,44,4,8,16,1,2,9,1,0,5,0,1,16,45
-55,26,4,43,3,0,1,1,0,0,0,10,5,0,0,6,2,47,1,38,2,7,16,1,6,11,5,2,5,3,2,16,30
-8,25,7,40,5,0,1,1,0,0,0,8,7,0,0,6,2,47,2,35,4,9,16,5,8,10,6,1,4,3,1,15,30
-27,25,7,39,5,0,1,1,0,0,0,3,12,0,0,6,2,47,2,34,4,9,16,4,7,10,6,2,4,2,1,15,15
-84,24,8,46,4,0,1,2,0,0,0,12,3,0,0,6,2,47,1,33,4,9,15,4,7,11,7,3,3,2,1,16,45
10,24,8,38,3,0,2,2,0,0,0,10,5,0,0,6,2,47,2,32,4,8,15,3,6,12,6,3,3,1,1,15,0
-11,24,8,41,3,0,2,1,0,0,0,7,8,0,0,6,2,47,2,32,4,8,16,3,5,11,5,3,2,1,1,15,45
-7,21,7,36,4,0,1,2,0,0,0,2,13,0,0,6,2,47,1,30,5,9,16,3,5,11,7,5,2,0,1,14,45
-2,20,7,35,4,0,1,3,0,0,0,23,7,0,0,6,2,47,2,28,4,8,14,3,4,10,7,4,2,0,2,14,30
54,18,5,34,3,0,1,4,0,0,0,12,18,0,0,6,2,47,1,27,5,8,14,2,3,10,8,4,2,0,1,14,15
30,17,5,33,2,0,1,5,0,0,1,2,28,0,0,6,2,47,2,25,4,7,12,2,4,12,8,5,2,0,1,14,0
51,15,7,31,3,0,2,5,0,0,1,11,4,0,0,6,2,47,2,22,3,8,11,1,7,13,10,7,2,0,1,13,15
82,13,7,25,5,0,3,5,0,0,1,6,9,0,0,6,2,47,4,18,4,5,11,6,9,17,11,7,2,1,1,12,30
43,13,7,29,5,0,3,4,0,0,1,2,13,0,0,6,2,47,4,18,4,5,11,5,9,16,10,7,2,1,1,13,0
56,12,6,29,4,0,3,4,0,0,1,0,15,0,0,6,2,47,3,18,4,5,11,4,8,15,10,8,2,1,1,13,0
62,10,4,25,4,0,3,5,0,0,0,10,5,0,0,6,2,47,2,17,3,5,10,3,7,14,11,8,2,1,1,12,30
124,10,4,23,4,0,2,5,0,0,0,10,5,0,0,6,2,47,2,17,3,5,10,2,6,13,10,7,2,1,3,12,15
51,9,3,32,5,0,2,5,0,0,0,2,13,0,0,6,2,47,3,15,1,3,10,1,6,14,10,7,2,1,1,13,30
-85,7,3,36,6,0,1,5,0,0,0,0,15,0,0,6,2,47,2,14,2,6,12,5,9,18,11,7,1,2,1,14,45
26,7,3,21,6,0,1,5,0,0,0,12,3,0,0,6,2,47,3,13,1,6,11,5,9,17,10,6,1,1,2,12,0
53,7,3,16,6,0,1,4,0,0,0,10,5,0,0,6,2,47,3,13,2,6,11,4,8,16,9,6,1,1,2,11,30
33,6,3,28,6,0,1,3,0,0,0,3,12,0,0,6,2,47,1,13,3,6,12,5,8,16,10,6,1,1,2,12,45
47,6,4,19,6,0,0,4,0,0,0,8,7,0,0,6,2,47,2,12,4,5,12,4,7,15,9,5,1,1,2,11,45
128,6,5,12,5,0,0,4,0,0,0,14,1,0,0,6,2,47,2,12,4,7,12,4,8,18,8,4,1,1,1,11,0
58,5,4,25,5,0,1,3,0,0,0,9,6,0,0,6,2,47,2,11,4,7,11,4,8,17,8,4,1,1,1,12,30
39,5,4,23,6,0,1,2,0,0,0,3,12,0,0,6,2,47,3,10,3,6,10,4,7,16,7,3,1,1,3,12,15
56,4,3,16,6,0,1,3,0,0,0,4,11,0,0,6,2,47,2,8,2,5,8,5,8,17,9,4,0,1,2,11,30
52,4,3,12,5,0,1,3,0,0,0,12,3,0,0,6,2,47,1,8,4,6,8,5,9,17,9,5,0,0,1,11,0
18,3,2,10,5,0,0,4,0,0,0,7,8,0,0,6,2,47,1,7,3,5,7,4,9,16,9,4,0,0,3,10,45
60,2,2,15,6,0,0,3,0,0,0,6,9,0,0,6,2,47,1,6,3,6,6,4,8,15,9,3,0,0,3,11,15
-33,2,2,16,5,0,0,3,0,0,0,4,11,0,0,6,2,47,1,6,3,6,6,4,8,14,8,3,0,0,2,11,30
39,1,1,7,7,0,0,2,0,0,0,12,3,0,0,6,2,47,1,4,2,4,4,5,10,14,9,3,0,0,2,10,30
-20,1,1,21,7,0,0,2,0,0,0,24,6,0,0,6,2,47,1,3,3,3,3,5,11,13,9,3,0,0,2,12,0
3,1,1,5,6,0,0,2,0,0,0,21,9,0,0,6,2,47,0,3,3,3,3,4,10,12,9,2,0,0,3,10,15
38,1,1,3,5,0,0,3,0,0,0,18,12,0,0,6,2,47,1,2,2,2,2,5,9,11,8,2,0,0,2,10,0
51,1,1,10,4,0,0,3,0,0,0,17,13,0,0,6,2,47,1,2,2,2,2,5,9,10,7,2,0,0,3,10,45
-62,1,1,19,4,0,0,2,0,0,0,9,21,0,0,6,2,47,1,2,2,2,2,5,8,9,6,2,0,0,2,11,45
-17,0,0,7,3,0,1,3,0,0,0,4,11,0,0,6,2,47,1,0,0,0,0,6,7,8,7,2,0,0,2,10,30
-20,0,0,5,2,0,1,3,0,0,0,3,12,0,0,6,2,47,1,0,0,0,0,5,6,7,6,1,0,0,3,10,15
-3,0,0,12,1,0,1,3,0,0,0,3,12,0,0,6,2,47,1,0,0,0,0,4,5,6,5,1,0,0,1,11,0
-8,0,0,3,0,0,1,3,0,0,0,1,14,0,0,6,2,47,1,0,0,0,0,4,4,5,4,1,0,0,2,10,0
56,0,0,1,0,0,1,2,0,0,0,0,13,0,0,6,2,47,0,0,0,0,0,3,4,4,4,1,0,0,2,9,30
-63,0,0,7,0,0,1,1,0,0,0,0,15,0,0,6,2,47,0,0,0,0,0,2,3,3,3,1,0,0,2,10,30
-12,0,0,0,0,0,0,1,0,0,0,0,28,0,1,6,2,47,0,0,0,0,0,1,2,2,2,1,0,0,2,9,15
6,0,0,1,0,0,0,0,0,0,0,0,60,0,0,6,2,47,0,0,0,0,0,1,1,1,1,1,0,0,2,9,30
26,31,4,42,2,0,0,1,1,0,0,15,15,0,0,5,2,46,3,41,2,4,10,3,3,8,2,2,6,2,1,16,45
2,31,4,45,2,0,0,0,1,0,0,14,16,1,0,5,2,46,3,41,2,4,10,2,2,7,1,1,5,1,1,17,30
2,28,5,42,1,0,0,2,1,0,0,3,12,0,0,5,2,46,2,39,2,5,10,1,3,9,3,3,5,1,1,16,45
10,25,3,36,3,0,2,2,1,0,0,14,1,0,0,5,2,46,3,34,1,3,7,3,7,11,6,2,4,3,1,15,45
18,25,3,40,3,0,2,2,0,0,0,11,4,0,0,5,2,46,3,34,1,4,7,2,6,11,5,2,4,2,2,16,30
13,23,1,40,2,0,2,2,0,0,0,2,13,0,0,5,2,46,1,34,3,5,8,3,6,11,6,2,4,2,2,16,30
29,23,2,38,3,0,2,1,0,0,0,7,8,0,0,5,2,46,1,32,4,5,9,5,7,11,6,1,3,3,1,16,0
-88,23,2,44,4,0,1,1,0,0,0,5,10,0,0,5,2,46,2,32,3,4,8,4,6,10,5,1,3,2,1,17,15
10,22,1,34,4,0,0,2,0,0,0,13,2,0,0,5,2,46,2,31,3,3,8,3,5,9,5,2,2,2,2,15,30
39,22,1,33,3,0,0,2,0,0,0,6,9,0,0,5,2,46,2,31,3,4,9,4,5,9,4,2,2,1,2,15,15
8,22,1,34,3,0,0,2,0,0,0,10,5,0,0,5,2,46,2,30,2,3,10,3,5,10,4,3,2,1,2,15,30
19,21,2,30,3,0,0,3,0,0,0,11,4,0,0,5,2,46,3,28,0,3,9,2,6,9,4,3,2,2,2,14,45
-67,21,2,39,3,0,0,2,0,0,0,9,6,0,0,5,2,46,2,28,1,3,9,1,5,8,4,2,1,2,2,16,15
-81,21,4,36,3,0,0,2,0,0,0,23,22,0,0,5,2,46,2,27,3,5,13,4,5,10,4,2,1,1,1,15,45
2,21,5,29,2,0,0,2,0,0,0,12,33,0,0,5,2,46,2,27,3,7,13,3,6,9,3,2,1,1,1,14,30
-6,20,5,28,3,0,0,1,0,0,0,2,43,0,0,5,2,46,2,26,2,6,14,2,5,10,3,2,0,1,1,14,15
-17,19,4,31,3,0,0,0,0,0,0,12,3,0,0,5,2,46,1,26,3,7,14,1,4,10,3,2,0,0,1,15,0
1,17,6,27,3,0,1,0,1,0,0,12,3,0,0,5,2,46,1,23,4,9,13,3,6,13,5,3,0,0,1,13,30
39,16,6,24,5,0,1,0,1,0,0,13,2,0,0,5,2,46,2,20,2,6,12,4,5,14,6,5,0,0,1,13,0
-21,16,6,26,5,0,0,0,1,0,0,12,3,0,0,5,2,46,2,20,2,6,12,3,4,13,5,4,0,0,1,13,15
45,15,6,21,5,0,0,0,1,0,0,8,7,0,0,5,2,46,2,19,5,7,14,3,6,13,5,4,0,0,1,12,30
27,15,6,23,5,0,0,0,0,0,0,6,9,0,0,5,2,46,2,19,5,8,14,2,6,13,4,4,0,0,2,12,45
-121,11,4,31,6,0,1,1,0,0,0,0,15,0,0,5,2,46,1,15,3,5,13,4,7,15,8,8,0,0,1,15,0
15,10,4,21,5,0,1,2,0,0,0,12,3,0,0,5,2,46,0,14,4,6,13,4,9,14,9,8,0,0,1,12,30
25,10,4,20,6,0,1,2,0,0,0,3,12,0,0,5,2,46,2,12,2,5,11,4,9,14,8,7,0,0,2,12,15
24,10,4,16,5,0,1,2,0,0,0,1,14,0,0,5,2,46,2,12,2,5,11,3,8,13,7,6,0,0,2,11,45
-58,9,4,24,5,0,1,1,0,0,0,7,8,0,0,5,2,46,1,12,2,7,12,6,7,12,7,5,0,0,1,13,0
45,8,4,14,5,0,1,2,0,0,0,11,4,0,0,5,2,46,2,10,3,5,10,6,9,11,7,4,0,0,2,11,30
36,7,4,14,4,0,1,2,0,0,0,1,14,0,0,5,2,46,1,10,3,8,10,5,9,10,7,4,0,0,2,11,30
15,7,4,18,3,0,1,2,0,0,0,14,1,0,0,5,2,46,1,10,4,8,10,4,8,9,6,3,0,0,1,12,0
-3,7,4,16,3,0,1,1,0,0,0,9,6,0,0,5,2,46,1,10,5,8,10,3,7,9,5,2,0,0,2,11,45
29,7,4,13,3,0,0,1,0,0,0,8,7,0,0,5,2,46,1,10,5,8,10,2,6,8,4,1,0,0,2,11,15
19,6,4,11,2,0,0,3,0,0,0,12,3,0,0,5,2,46,1,8,3,7,8,4,5,8,5,1,0,0,1,11,0
54,5,4,8,3,0,0,4,0,0,0,7,8,0,0,5,2,46,2,5,3,5,5,4,5,11,6,3,0,0,2,10,30
6,4,3,11,3,0,0,3,0,0,0,2,13,0,0,5,2,46,1,5,3,5,5,3,4,10,6,4,0,0,1,11,0
-2,4,4,9,3,0,0,2,0,0,0,0,15,0,0,5,2,46,1,5,4,5,5,2,3,9,5,3,0,0,2,10,45
-87,3,3,18,3,0,0,3,0,0,0,8,7,0,0,5,2,46,2,3,2,3,3,1,2,8,5,4,0,0,1,12,0
8,2,2,9,3,0,0,4,0,0,0,6,9,0,0,5,2,46,2,1,1,1,1,1,4,9,6,5,0,0,2,10,45
-40,0,0,6,4,0,0,3,0,0,0,0,3,0,0,5,2,46,0,0,0,0,0,4,7,8,8,7,0,0,1,10,0
14,0,0,7,4,0,0,2,0,0,0,0,9,0,0,5,2,46,0,0,0,0,0,5,7,7,7,6,0,0,1,10,15
17,0,0,1,3,0,0,2,0,0,0,0,21,0,0,5,2,46,0,0,0,0,0,4,6,6,6,5,0,0,2,9,15
47,0,0,2,3,0,0,1,0,0,0,0,26,0,0,5,2,46,0,0,0,0,0,4,5,5,5,5,0,0,2,9,30
-8,0,0,4,3,0,0,0,0,0,0,0,35,0,0,5,2,46,0,0,0,0,0,3,4,4,4,4,0,0,1,9,45
17,0,0,0,2,0,0,0,0,0,0,0,38,0,1,5,2,46,0,0,0,0,0,3,3,3,3,3,0,0,1,9,0
16,0,0,2,1,0,0,0,0,0,0,0,55,0,0,5,2,46,0,0,0,0,0,2,2,2,2,2,0,0,2,9,30
23,0,0,4,0,0,0,0,0,0,0,0,66,0,0,5,2,46,0,0,0,0,0,1,1,1,1,1,0,0,1,9,45
-68,24,3,41,2,0,0,0,0,0,1,42,18,1,0,4,2,45,1,38,1,4,9,3,4,6,3,0,0,0,1,17,30
12,24,4,39,2,0,0,0,0,0,1,35,25,0,0,4,2,45,2,37,2,4,8,2,3,5,2,0,0,0,1,16,30
10,24,4,40,2,0,0,0,0,0,0,27,33,0,0,4,2,45,2,37,3,7,8,2,3,5,1,0,0,0,1,17,0
38,22,3,36,2,0,0,1,0,0,0,1,59,0,0,4,2,45,2,35,5,6,7,1,3,7,2,2,0,0,1,15,15
14,20,1,36,4,0,1,2,0,0,0,0,15,0,0,4,2,45,4,30,1,1,3,2,3,8,4,2,0,0,1,15,15
52,19,0,34,3,0,1,3,0,0,0,2,13,0,0,4,2,45,3,29,0,0,6,2,5,8,5,3,0,0,2,15,0
-12,19,1,38,3,0,1,2,0,0,0,34,26,0,0,4,2,45,2,29,0,2,9,3,5,10,5,3,0,0,1,15,30
112,19,3,29,2,0,1,2,0,0,0,21,39,0,0,4,2,45,2,29,1,4,12,3,6,9,4,3,0,0,1,13,15
-6,19,5,32,2,0,1,1,0,0,0,5,55,0,0,4,2,45,2,29,2,6,13,3,5,8,3,3,0,0,2,14,45
2,19,6,32,1,0,1,1,0,0,0,3,57,0,0,4,2,45,2,29,2,6,13,2,4,7,2,2,0,0,2,14,45
-24,19,6,31,2,0,1,0,0,0,0,2,13,0,0,4,2,45,2,28,4,7,15,3,5,7,2,2,0,0,2,14,30
-12,18,5,30,2,0,1,0,0,0,0,0,15,0,0,4,2,45,1,27,4,8,15,2,5,10,3,3,0,0,1,13,30
16,16,4,28,4,0,0,0,0,0,0,7,8,0,0,4,2,45,1,25,4,8,14,1,4,9,4,4,0,0,1,13,0
-114,13,3,34,6,0,1,0,0,0,0,4,11,0,0,4,2,45,2,21,4,8,16,3,4,12,6,3,0,0,2,15,0
45,13,3,21,6,0,0,0,0,0,0,3,12,0,0,4,2,45,1,21,4,8,16,2,3,11,6,2,0,0,2,12,0
22,13,4,25,5,0,0,0,0,0,0,1,14,0,0,4,2,45,1,21,4,8,16,1,2,10,5,2,0,0,1,12,30
88,10,5,18,8,0,2,1,0,0,0,9,6,0,0,4,2,45,3,14,3,8,13,5,7,16,9,3,0,0,1,11,30
38,9,5,16,9,0,1,1,0,0,0,13,2,0,0,4,2,45,2,13,4,9,13,5,9,17,10,4,0,0,2,11,15
50,9,6,20,8,0,1,1,0,0,0,9,6,0,0,4,2,45,2,13,4,9,13,5,8,17,9,3,0,0,2,11,45
34,9,6,21,8,0,1,1,0,0,0,4,11,0,0,4,2,45,3,12,4,9,12,4,8,17,8,3,0,0,2,12,0
-1,9,6,23,7,0,1,1,0,0,0,1,14,0,0,4,2,45,2,12,4,9,12,3,7,16,8,4,0,0,2,12,15
53,8,5,12,8,0,1,0,0,0,0,7,8,0,0,4,2,45,1,11,6,8,11,4,7,16,9,6,0,0,2,10,45
-27,7,6,27,8,0,1,0,0,0,1,11,4,0,0,4,2,45,2,9,5,7,9,4,9,18,9,5,0,0,1,12,45
16,5,4,14,9,0,1,0,1,0,1,9,6,0,0,4,2,45,1,6,3,5,6,5,9,17,12,6,0,0,2,11,0
41,5,4,12,9,0,1,0,1,0,1,8,7,0,0,4,2,45,2,5,2,5,5,4,8,17,11,5,0,0,2,10,45
-60,4,4,23,9,0,1,0,1,0,1,0,15,0,0,4,2,45,2,4,2,4,4,6,9,16,11,5,0,0,2,12,15
-27,3,3,18,9,0,0,0,1,0,1,7,8,0,0,4,2,45,1,4,2,4,4,5,9,15,11,5,0,0,1,11,30
-4,3,3,11,9,0,0,0,1,0,1,1,14,0,0,4,2,45,2,3,1,3,3,4,9,14,10,4,0,0,2,10,30
20,3,3,6,8,0,0,0,1,0,1,6,9,0,0,4,2,45,2,3,3,3,3,5,10,14,9,4,0,0,2,10,0
-25,3,3,14,7,0,0,1,1,0,1,3,12,0,0,4,2,45,3,2,2,2,2,5,9,13,8,4,0,0,2,11,0
46,2,2,6,6,0,0,1,1,0,1,1,14,0,0,4,2,45,2,2,2,2,2,4,8,12,8,4,0,0,2,10,0
-23,1,1,16,5,0,1,1,1,0,1,13,2,0,0,4,2,45,1,1,1,1,1,5,9,11,9,6,0,0,2,11,15
15,1,1,9,5,0,1,1,1,0,1,8,7,0,0,4,2,45,2,0,0,0,0,5,9,10,8,5,0,0,1,10,15
-39,0,0,25,4,0,1,1,1,0,1,4,11,0,0,4,2,45,1,0,0,0,0,5,8,9,8,5,0,0,1,12,30
44,0,0,9,3,0,1,1,1,0,1,11,4,0,0,4,2,45,0,0,0,0,0,6,7,8,8,6,0,0,1,10,15
39,0,0,2,3,0,1,1,0,0,1,6,9,0,0,4,2,45,0,0,0,0,0,5,6,7,7,5,0,0,2,9,30
20,0,0,0,3,0,0,1,0,0,1,0,6,0,1,4,2,45,0,0,0,0,0,4,6,6,6,4,0,0,1,9,0
54,0,0,4,3,0,0,1,0,0,0,0,8,0,0,4,2,45,0,0,0,0,0,4,5,5,5,4,0,0,3,9,45
-26,0,0,6,3,0,0,0,0,0,0,0,15,0,0,4,2,45,0,0,0,0,0,3,4,4,4,4,0,0,2,10,0
-1,0,0,1,2,0,0,0,0,0,0,0,15,0,0,4,2,45,0,0,0,0,0,2,3,3,3,3,0,0,2,9,15
13,0,0,2,1,0,0,0,0,0,0,0,37,0,0,4,2,45,0,0,0,0,0,2,2,2,2,2,0,0,2,9,30
2,0,0,4,0,0,0,0,0,0,0,0,65,0,0,4,2,45,0,0,0,0,0,1,1,1,1,1,0,0,3,9,45
45,29,1,47,0,0,0,2,0,0,0,11,4,0,0,3,2,44,0,47,3,6,14,2,5,9,3,2,10,3,1,17,0
-12,29,3,49,1,0,0,1,0,0,0,0,15,1,0,3,2,44,0,46,5,8,13,4,4,11,3,2,9,3,1,17,30
-2,28,3,45,3,0,1,1,0,0,0,13,17,0,0,3,2,44,2,42,3,6,10,3,4,13,4,1,8,2,2,16,45
-9,28,4,43,3,0,0,1,0,0,0,6,24,0,0,3,2,44,1,42,4,8,11,2,4,14,4,1,8,1,2,16,30
19,28,4,45,3,0,0,0,0,0,0,5,25,0,0,3,2,44,1,42,4,8,11,1,3,13,3,1,7,1,2,16,45
74,25,2,35,6,0,1,0,0,0,0,2,13,0,0,3,2,44,1,37,4,4,11,4,10,13,7,4,7,3,2,15,0
-21,24,1,43,6,0,2,0,0,0,0,8,7,0,0,3,2,44,1,35,2,4,11,3,10,12,8,6,7,3,2,16,30
25,24,1,36,6,0,1,1,0,0,0,5,10,0,0,3,2,44,2,34,1,3,11,2,10,12,7,5,7,4,2,15,15
-9,24,1,38,6,0,1,1,0,0,0,14,1,0,0,3,2,44,2,33,0,3,10,4,9,11,7,5,7,4,2,15,30
-57,23,2,42,6,0,0,1,0,0,0,5,10,0,0,3,2,44,0,33,2,5,12,8,8,12,8,4,6,4,2,16,0
54,23,2,31,5,0,0,1,0,0,0,2,13,0,0,3,2,44,0,33,3,5,13,7,7,11,7,3,6,3,1,14,15
-64,23,3,47,4,0,0,1,0,0,0,1,14,0,0,3,2,44,0,33,3,5,13,6,6,10,6,2,6,3,1,17,0
-49,23,3,40,4,0,0,0,0,0,0,14,1,0,0,3,2,44,0,33,3,5,13,5,6,9,5,1,5,3,1,15,45
9,23,3,40,3,0,0,0,0,0,0,13,2,0,0,3,2,44,0,33,3,5,14,4,5,8,4,1,5,2,1,15,45
-21,23,3,38,2,0,0,0,0,0,0,12,3,0,0,3,2,44,0,33,3,5,14,3,4,7,3,1,4,2,2,15,30
14,23,4,36,2,0,0,0,0,0,0,42,3,0,0,3,2,44,1,32,4,7,15,2,3,6,2,0,4,1,2,15,15
2,23,6,34,1,0,1,0,0,0,0,37,8,0,0,3,2,44,1,31,3,7,14,1,2,5,2,0,3,1,1,14,45
-22,20,7,33,2,0,1,0,1,0,0,0,45,0,0,3,2,44,1,28,5,8,13,2,4,14,4,1,3,0,1,14,30
42,17,5,29,3,0,1,2,1,0,0,7,8,0,0,3,2,44,1,24,3,7,13,3,3,15,7,3,3,0,1,13,15
18,15,5,30,3,0,1,3,2,0,0,14,1,0,0,3,2,44,2,21,3,6,13,2,8,16,8,3,3,1,2,13,30
46,15,5,26,3,0,1,3,1,0,0,12,3,0,0,3,2,44,2,21,4,6,13,1,7,15,7,3,3,1,2,12,45
53,12,5,21,6,0,1,2,1,0,1,7,8,0,0,3,2,44,2,17,2,6,12,8,12,17,10,4,3,2,2,12,0
60,12,5,21,6,0,0,2,1,0,1,6,9,0,0,3,2,44,2,17,2,6,12,7,11,16,9,4,3,2,2,12,0
10,12,5,27,6,0,0,2,1,0,1,4,11,0,0,3,2,44,2,16,1,5,11,6,10,16,9,4,3,2,1,13,0
-51,12,5,31,5,0,0,2,1,0,1,2,13,0,0,3,2,44,2,16,1,6,11,7,9,16,8,3,3,2,1,14,15
-11,12,5,25,4,0,0,2,1,0,1,2,13,0,0,3,2,44,2,16,1,6,11,6,8,15,7,2,3,2,1,12,30
16,12,6,27,4,0,0,1,1,0,1,10,5,0,0,3,2,44,2,16,3,6,12,5,8,14,6,1,2,2,1,13,0
20,10,5,23,4,0,0,2,0,0,1,9,6,0,0,3,2,44,1,15,3,7,12,6,8,15,7,1,2,1,1,12,15
-9,10,5,23,4,0,0,2,0,0,0,7,8,0,0,3,2,44,1,15,4,7,12,5,9,15,6,1,2,2,1,12,15
84,9,4,19,4,0,0,1,0,0,0,4,11,0,0,3,2,44,0,15,5,8,13,4,8,15,6,1,1,2,2,11,45
50,9,4,19,3,0,0,1,0,0,0,4,11,0,0,3,2,44,0,15,5,8,13,3,7,14,5,1,1,1,2,11,45
23,8,5,13,4,0,0,2,0,0,0,14,1,0,0,3,2,44,2,12,4,6,11,4,7,14,5,2,1,1,2,11,0
40,8,5,15,3,0,0,2,0,0,0,10,5,0,0,3,2,44,1,12,4,6,11,3,6,13,5,2,1,1,2,11,15
-2,6,3,15,4,0,0,2,0,0,0,12,3,0,0,3,2,44,1,10,3,6,10,4,7,14,6,3,1,1,2,11,15
47,5,2,17,4,0,0,2,1,0,0,0,15,0,0,3,2,44,2,8,2,4,8,4,8,13,6,3,1,1,2,11,30
6,5,3,17,4,0,0,1,1,0,0,8,7,0,0,3,2,44,1,8,2,5,8,3,8,12,6,3,1,1,2,11,30
64,5,4,11,3,0,0,1,1,0,0,7,8,0,0,3,2,44,1,8,3,5,8,2,7,11,5,3,0,1,2,10,45
42,3,2,7,3,0,1,1,1,0,0,2,13,0,0,3,2,44,1,6,2,5,6,4,7,12,6,4,0,0,2,10,15
9,3,2,13,4,0,1,0,1,0,0,5,10,0,0,3,2,44,1,5,2,5,5,6,8,11,6,5,0,0,2,11,0
-18,3,2,9,4,0,0,0,1,0,0,3,12,0,0,3,2,44,1,5,4,5,5,5,7,10,5,4,0,0,2,10,30
23,3,3,9,4,0,0,0,1,0,0,3,12,0,0,3,2,44,1,4,3,4,4,4,7,10,5,3,0,0,2,10,30
-5,3,3,11,3,0,0,0,1,0,0,1,14,0,0,3,2,44,1,4,3,4,4,3,6,9,4,2,0,0,2,10,45
9,2,2,7,4,0,0,0,0,0,0,9,6,0,0,3,2,44,1,3,2,3,3,3,5,8,4,1,0,0,2,10,15
23,1,1,5,3,0,0,0,0,0,0,5,10,0,0,3,2,44,0,3,3,3,3,3,4,7,4,0,0,0,2,10,0
-8,1,1,2,4,0,0,0,0,0,0,0,15,0,0,3,2,44,0,1,1,1,1,3,5,6,5,1,0,0,1,9,30
23,1,1,1,4,0,0,0,0,0,0,6,9,0,0,3,2,44,1,0,0,0,0,2,4,5,4,0,0,0,2,9,15
-2,0,0,5,3,0,0,0,0,0,0,0,2,0,0,3,2,44,0,0,0,0,0,2,3,4,4,1,0,0,2,10,0
13,0,0,2,2,0,0,0,0,0,0,0,25,0,0,3,2,44,0,0,0,0,0,2,3,3,3,1,0,0,1,9,30
-21,0,0,4,1,0,0,0,0,0,0,0,40,0,0,3,2,44,0,0,0,0,0,2,2,2,2,1,0,0,2,9,45
1,0,0,0,0,0,0,0,0,0,0,0,65,0,1,3,2,44,0,0,0,0,0,1,1,1,1,1,0,0,1,9,0
14,27,1,43,2,0,0,1,0,0,0,0,15,0,0,2,2,43,1,42,1,5,12,2,4,9,3,1,2,0,1,16,45
69,27,3,41,1,0,0,1,0,0,0,20,10,0,0,2,2,43,0,42,3,6,12,2,3,8,3,2,2,0,2,16,15
-1,27,3,45,0,0,0,1,0,0,1,12,3,1,0,2,2,43,1,41,4,7,12,2,3,9,2,1,2,0,1,17,0
-7,26,3,43,3,0,0,1,0,0,1,1,14,0,0,2,2,43,2,37,3,6,10,2,6,12,4,2,2,0,1,16,45
-4,24,2,41,3,0,0,2,0,0,1,10,5,0,0,2,2,43,2,35,4,5,11,3,6,13,5,2,2,0,2,16,15
24,24,2,35,4,0,0,2,0,0,1,9,6,0,0,2,2,43,2,33,3,4,10,4,8,12,6,3,2,0,2,15,30
-35,23,1,39,4,0,1,2,0,0,0,12,3,0,0,2,2,43,2,32,2,5,10,4,8,11,6,3,2,0,2,16,0
40,23,1,33,4,0,1,2,0,0,0,6,9,0,0,2,2,43,2,31,2,4,13,3,8,10,6,4,2,1,1,15,0
-7,23,1,39,3,0,1,2,0,0,0,2,13,0,0,2,2,43,2,31,2,4,14,3,7,9,5,4,2,1,2,16,0
-43,23,2,35,3,0,0,2,1,0,0,2,13,0,0,2,2,43,1,30,3,6,14,5,7,9,6,4,2,1,2,15,30
15,22,3,30,2,0,0,3,1,0,0,6,9,0,0,2,2,43,1,29,2,5,14,5,7,9,6,3,2,1,1,14,45
-36,22,4,34,1,0,0,3,1,0,0,42,3,0,0,2,2,43,0,29,3,6,14,4,6,9,6,4,2,1,2,15,15
54,22,4,30,1,0,0,2,1,0,0,40,5,0,0,2,2,43,0,29,3,6,14,3,5,9,5,4,2,1,1,14,45
-28,22,4,30,2,0,0,1,1,0,0,37,8,0,0,2,2,43,1,28,3,5,14,2,4,8,4,3,2,1,1,14,45
-24,22,6,37,3,0,0,0,1,0,0,22,23,0,0,2,2,43,1,27,3,8,15,3,3,8,4,2,1,1,2,15,45
14,21,6,28,5,0,0,0,0,0,0,7,38,0,0,2,2,43,2,25,3,9,13,2,3,8,4,2,1,0,1,14,15
-49,20,6,37,5,0,0,0,0,0,0,12,3,0,0,2,2,43,2,24,2,9,12,1,2,9,4,2,1,0,2,15,45
22,15,6,23,8,0,2,1,1,0,0,11,4,0,0,2,2,43,5,16,1,4,8,3,6,15,8,4,1,1,1,12,45
27,14,6,21,8,0,2,1,1,0,0,12,3,0,0,2,2,43,5,15,3,3,8,3,7,16,8,4,0,1,2,12,30
7,13,5,26,7,0,2,1,1,0,0,4,11,0,0,2,2,43,4,15,3,4,8,3,7,15,8,5,0,0,1,13,15
-37,12,4,29,6,0,2,1,1,0,0,26,4,0,0,2,2,43,3,15,3,4,11,3,8,14,8,5,0,0,3,14,30
17,11,6,27,7,0,2,1,2,0,0,11,19,0,0,2,2,43,4,12,0,3,9,4,9,15,9,6,0,0,1,13,30
47,10,5,23,6,0,2,1,2,0,0,0,30,0,0,2,2,43,3,12,1,4,10,6,10,14,9,6,0,0,1,12,45
19,8,3,19,6,0,1,1,2,0,0,5,10,0,0,2,2,43,1,12,3,4,10,6,10,14,10,6,0,0,2,12,15
15,8,3,25,5,0,1,1,2,0,0,0,15,0,0,2,2,43,1,12,3,5,11,6,9,13,9,5,0,0,1,13,0
26,8,5,19,4,0,1,1,2,0,0,10,5,0,0,2,2,43,1,12,3,5,11,5,9,13,8,4,0,0,2,12,15
26,8,5,16,4,0,1,1,2,0,0,3,12,0,0,2,2,43,2,11,3,4,10,5,8,12,7,4,0,0,2,11,30
27,8,5,17,3,0,1,1,2,0,0,0,15,0,0,2,2,43,2,11,3,5,10,4,7,12,6,3,0,0,2,11,45
72,8,5,14,3,0,1,0,2,0,0,10,5,0,0,2,2,43,2,11,3,7,10,4,6,11,5,2,0,0,1,11,15
28,5,3,14,5,0,1,0,1,0,0,2,13,0,0,2,2,43,1,9,2,5,9,4,6,11,7,2,0,0,1,11,15
-25,5,3,21,4,0,1,0,1,0,0,10,5,0,0,2,2,43,1,9,2,6,9,4,6,10,6,2,0,0,2,12,30
40,5,4,9,3,0,2,0,1,0,0,0,15,0,0,2,2,43,2,8,2,6,8,3,5,10,5,1,0,0,2,10,30
25,5,4,17,2,0,2,0,1,0,0,5,10,0,0,2,2,43,2,8,4,6,8,2,5,10,4,1,0,0,2,11,45
32,4,3,9,1,0,2,1,1,0,0,12,3,0,0,2,2,43,2,7,3,6,7,3,4,11,4,2,0,0,2,10,30
40,2,1,13,3,0,3,1,0,0,0,3,12,0,0,2,2,43,1,4,2,4,4,3,6,12,7,3,0,0,2,11,0
-27,2,2,11,3,0,2,1,0,0,0,0,15,0,0,2,2,43,1,4,3,4,4,2,5,11,6,3,0,0,1,10,45
-42,1,1,11,4,0,1,2,0,0,0,8,7,0,0,2,2,43,1,2,2,2,2,4,5,10,7,3,0,0,1,10,45
63,1,1,6,3,0,1,2,1,0,0,10,5,0,0,2,2,43,2,1,1,1,1,3,8,9,6,3,0,0,1,10,0
28,1,1,6,3,0,0,2,1,0,0,0,15,0,0,2,2,43,1,1,1,1,1,3,8,8,6,4,0,0,1,10,0
7,1,1,4,3,0,0,2,1,0,0,9,6,0,0,2,2,43,1,0,0,0,0,2,7,7,6,4,0,0,2,9,45
-1,0,0,1,3,0,0,2,0,0,0,0,10,0,0,2,2,43,0,0,0,0,0,5,6,6,6,4,0,0,2,9,15
55,0,0,2,3,0,0,1,0,0,0,0,22,0,0,2,2,43,0,0,0,0,0,5,5,5,5,3,0,0,2,9,30
-30,0,0,8,2,0,0,1,0,0,0,0,27,0,0,2,2,43,0,0,0,0,0,4,4,4,4,2,0,0,2,10,15
1,0,0,0,1,0,0,1,0,0,0,0,28,0,1,2,2,43,0,0,0,0,0,3,3,3,3,2,0,0,1,9,0
19,0,0,4,0,0,0,1,0,0,0,0,34,0,0,2,2,43,0,0,0,0,0,2,2,2,2,1,0,0,2,9,45
-8,0,0,2,0,0,0,0,0,0,0,0,41,0,0,2,2,43,0,0,0,0,0,1,1,1,1,1,0,0,2,9,30
51,29,6,46,3,0,1,2,1,0,0,8,7,0,0,6,2,40,1,41,4,8,10,3,5,12,7,4,5,1,1,17,0
1,27,6,47,6,0,1,2,0,0,0,20,10,0,0,6,2,40,2,38,4,6,7,4,6,13,8,4,5,1,1,17,15
30,27,7,43,5,0,1,3,0,0,0,13,17,0,0,6,2,40,3,37,4,5,6,3,6,12,7,3,5,1,1,16,30
57,25,5,45,6,0,2,2,0,0,0,5,25,0,0,6,2,40,3,35,2,4,6,2,6,12,8,3,4,1,1,16,45
10,25,5,48,6,0,2,1,0,0,0,1,29,1,0,6,2,40,3,35,2,4,6,1,6,12,7,2,4,1,1,17,30
50,21,1,41,9,0,1,1,0,0,0,7,8,0,0,6,2,40,2,32,1,1,7,5,9,14,10,2,4,2,2,16,0
40,21,1,43,8,0,1,1,0,0,0,5,10,0,0,6,2,40,2,32,1,1,7,4,8,13,9,1,4,2,1,16,30
36,21,1,39,7,0,1,1,0,0,0,4,11,0,0,6,2,40,2,32,1,1,8,3,7,12,8,1,4,2,2,15,45
43,20,0,35,7,0,0,1,0,0,0,9,6,0,0,6,2,40,0,32,1,2,9,4,7,11,9,1,4,3,2,15,15
4,20,0,37,7,0,0,1,0,0,0,3,12,0,0,6,2,40,1,31,0,2,9,4,6,11,8,1,3,3,2,15,30
25,20,0,33,6,0,0,1,0,0,0,4,11,0,0,6,2,40,1,31,0,3,12,4,7,10,7,0,3,2,2,15,0
2,20,1,35,5,0,0,1,0,0,0,2,13,0,0,6,2,40,1,31,0,5,12,3,6,9,6,0,3,2,2,15,15
40,20,2,37,4,0,0,1,0,0,0,7,8,0,0,6,2,40,1,31,1,5,14,3,6,9,5,0,2,2,2,15,30
-46,20,3,41,4,0,0,0,0,0,0,13,2,0,0,6,2,40,1,31,2,6,14,3,5,8,4,0,2,1,2,16,0
69,20,4,32,3,0,0,0,0,0,0,42,3,0,0,6,2,40,1,31,5,8,18,4,5,7,3,0,1,1,2,14,45
49,20,6,39,3,0,1,0,0,0,0,31,14,0,0,6,2,40,3,29,3,8,17,3,5,6,2,0,1,0,2,15,45
71,20,6,33,3,0,1,0,0,0,0,24,21,0,0,6,2,40,3,28,3,8,17,3,4,7,2,1,1,0,2,15,0
-18,19,7,30,5,0,0,0,0,0,0,14,31,0,0,6,2,40,3,26,3,7,16,2,4,7,3,2,1,1,1,14,15
-40,17,8,31,4,0,0,1,0,0,0,12,3,0,0,6,2,40,2,25,5,8,16,2,3,8,4,3,1,1,1,14,30
7,14,7,28,5,0,0,2,0,0,0,4,11,0,0,6,2,40,1,22,5,9,14,2,2,9,7,4,1,1,1,13,30
33,12,6,27,7,0,0,2,0,0,0,1,14,0,0,6,2,40,1,19,4,8,13,1,4,10,9,5,0,1,2,13,15
-1,7,4,25,8,0,1,4,0,0,2,0,15,0,0,6,2,40,3,12,2,5,9,5,9,18,13,9,0,0,1,13,0
55,6,3,20,7,0,1,4,0,0,2,12,3,0,0,6,2,40,2,12,3,5,9,4,8,17,13,9,0,0,2,12,15
46,6,4,24,7,0,1,4,0,0,2,4,11,0,0,6,2,40,3,11,2,5,8,3,7,17,12,8,0,0,2,12,45
20,6,4,15,8,0,1,4,0,0,1,10,5,0,0,6,2,40,3,10,2,4,7,4,7,16,12,7,0,0,3,11,45
28,6,4,17,8,0,1,4,0,0,0,8,7,0,0,6,2,40,3,10,2,4,7,3,6,15,11,7,0,0,2,12,0
-23,5,4,15,8,0,0,4,1,0,0,4,11,0,0,6,2,40,2,9,3,5,8,4,10,14,12,8,0,0,3,11,45
43,3,2,17,7,0,1,4,1,0,0,12,3,0,0,6,2,40,1,8,2,4,7,4,11,16,13,7,0,0,2,12,0
-11,3,2,17,6,0,1,4,1,0,0,3,12,0,0,6,2,40,1,8,3,4,8,3,11,15,12,6,0,0,2,12,0
20,3,2,25,6,0,1,3,1,0,0,3,12,0,0,6,2,40,1,8,3,4,8,2,10,14,11,6,0,0,1,13,0
22,2,1,22,6,0,1,3,1,0,1,0,15,0,0,6,2,40,2,6,2,3,6,7,10,15,11,6,0,0,1,12,30
79,2,1,14,6,0,1,3,1,0,1,2,13,0,0,6,2,40,2,5,2,3,5,8,9,16,11,7,0,0,2,11,30
-11,2,1,28,5,0,1,3,1,0,1,0,15,0,0,6,2,40,2,5,2,3,5,7,8,15,10,6,0,0,1,13,30
2,2,1,12,4,0,1,3,1,0,1,14,1,0,0,6,2,40,2,5,2,3,5,6,7,14,9,5,0,0,1,11,15
6,2,2,22,4,0,1,2,1,0,1,10,5,0,0,6,2,40,2,5,2,3,5,5,6,13,8,5,0,0,1,12,30
58,2,2,12,4,0,1,1,1,0,1,5,10,0,0,6,2,40,2,5,2,4,5,5,5,12,7,4,0,0,1,11,15
13,1,1,10,5,0,1,1,0,0,1,1,14,0,0,6,2,40,2,4,1,3,4,4,5,11,7,4,0,0,2,11,0
24,1,1,7,5,0,1,1,0,0,0,13,2,0,0,6,2,40,2,4,1,3,4,3,5,11,6,4,0,0,1,10,30
51,1,1,20,5,0,1,0,0,0,0,9,6,0,0,6,2,40,2,4,1,3,4,2,5,11,5,4,0,0,2,12,15
59,1,1,10,5,0,1,0,0,0,0,6,9,0,0,6,2,40,2,3,2,3,3,1,5,10,5,4,0,0,2,11,0
-42,0,0,7,7,0,0,0,0,0,0,2,13,0,0,6,2,40,1,1,1,1,1,5,7,9,7,5,0,0,1,10,30
90,0,0,4,6,0,0,0,0,0,0,14,1,0,0,6,2,40,1,1,1,1,1,4,7,8,6,4,0,0,1,10,0
49,0,0,2,5,0,0,0,0,0,0,13,2,0,0,6,2,40,1,1,1,1,1,3,6,7,5,3,0,0,1,9,30
-10,0,0,6,5,0,0,0,0,0,0,0,2,0,0,6,2,40,0,0,0,0,0,4,6,6,6,4,0,0,2,10,15
28,0,0,0,4,0,0,0,0,0,0,0,13,0,1,6,2,40,0,0,0,0,0,3,5,5,5,4,0,0,1,9,0
-15,0,0,1,3,0,0,0,0,0,0,0,20,0,0,6,2,40,0,0,0,0,0,4,4,4,4,4,0,0,1,9,15
-36,0,0,3,2,0,0,0,0,0,0,0,28,0,0,6,2,40,0,0,0,0,0,3,3,3,3,3,0,0,2,9,45
-15,0,0,4,1,0,0,0,0,0,0,0,46,0,0,6,2,40,0,0,0,0,0,2,2,2,2,2,0,0,1,10,0
-3,0,0,9,0,0,0,0,0,0,0,0,49,0,0,6,2,40,0,0,0,0,0,1,1,1,1,1,0,0,2,10,45
2,29,2,53,1,0,0,1,0,0,0,1,14,1,0,5,2,39,1,51,2,4,11,2,3,7,2,0,5,1,1,17,45
38,29,2,49,1,0,0,1,0,0,0,14,1,0,0,5,2,39,1,50,1,5,12,1,4,6,2,0,5,1,1,17,0
10,27,4,47,1,0,0,2,0,0,1,4,11,0,0,5,2,39,2,47,2,6,12,3,5,13,3,1,5,1,2,16,45
-16,27,5,52,1,0,0,2,0,0,1,21,9,0,0,5,2,39,1,46,2,7,12,3,4,12,4,2,5,1,1,17,30
-32,27,5,49,2,0,0,2,0,0,0,18,12,0,0,5,2,39,2,45,1,7,11,2,3,11,3,2,4,1,1,17,0
-21,26,4,46,1,0,0,2,0,0,0,13,2,0,0,5,2,39,0,45,5,8,12,2,6,13,4,2,4,1,2,16,30
25,25,4,47,3,0,0,1,0,0,0,14,1,0,0,5,2,39,1,43,5,7,12,1,7,12,4,2,4,1,2,16,45
-46,22,2,51,5,0,1,1,1,0,0,13,2,0,0,5,2,39,2,38,2,4,11,6,9,14,7,4,3,2,1,17,15
28,22,2,39,4,0,1,1,1,0,0,10,5,0,0,5,2,39,2,38,3,5,12,5,8,13,6,3,3,1,2,15,15
2,22,2,43,3,0,1,1,1,0,0,7,8,0,0,5,2,39,2,38,3,5,12,4,8,12,5,2,3,2,2,15,45
24,22,2,37,2,0,1,1,1,0,0,1,14,0,0,5,2,39,1,38,4,5,13,5,7,12,5,1,3,2,2,15,0
12,21,2,44,3,0,1,1,1,0,0,3,12,0,0,5,2,39,1,36,2,5,11,4,7,12,6,1,3,2,1,16,0
-8,21,2,39,3,0,0,1,1,0,0,1,14,0,0,5,2,39,1,36,2,5,12,3,6,11,5,1,3,2,2,15,15
4,21,3,35,2,0,1,1,1,0,0,7,8,0,0,5,2,39,2,35,2,5,13,4,5,10,4,1,3,2,2,14,45
-34,21,3,44,1,0,1,1,1,0,0,4,11,0,0,5,2,39,2,35,2,5,13,3,4,9,3,0,2,2,1,16,0
-30,20,3,41,2,0,1,1,0,0,0,14,1,0,0,5,2,39,0,34,3,7,13,3,6,10,5,1,2,1,1,15,30
82,20,4,32,3,0,1,0,0,0,0,9,6,0,0,5,2,39,1,33,3,7,13,2,5,9,4,1,1,1,1,14,15
-38,19,3,37,3,0,0,0,0,0,0,0,15,0,0,5,2,39,0,33,3,8,14,1,5,10,4,1,1,0,2,15,0
-12,18,5,31,5,0,0,0,0,0,0,14,1,0,0,5,2,39,0,30,5,8,15,4,5,12,6,3,1,0,2,14,0
-40,18,5,32,6,0,1,0,0,0,0,7,8,0,0,5,2,39,3,27,2,6,13,3,4,12,5,2,1,0,1,14,15
-31,17,4,35,5,0,1,0,0,0,0,14,1,0,0,5,2,39,2,27,4,6,13,3,5,12,5,2,1,1,2,14,45
109,16,3,25,5,0,1,0,0,0,0,2,13,0,0,5,2,39,2,26,4,6,12,2,5,14,5,2,1,1,2,12,45
32,15,5,25,5,0,1,0,0,0,0,4,11,0,0,5,2,39,1,25,4,7,15,1,5,16,6,2,1,1,2,12,45
-93,13,6,34,5,0,2,1,1,0,0,4,11,0,0,5,2,39,2,21,3,7,13,4,9,19,8,3,0,1,2,14,30
8,13,6,30,4,0,2,1,1,0,0,2,13,0,0,5,2,39,2,21,3,7,13,3,8,18,7,3,0,0,1,13,30
118,13,7,12,5,0,1,1,1,0,0,5,10,0,0,5,2,39,2,20,4,6,14,4,9,17,7,3,0,0,3,10,45
12,12,6,27,4,0,1,2,1,0,0,1,14,0,0,5,2,39,2,19,4,5,13,4,10,16,7,3,0,0,1,13,0
14,10,5,23,5,0,2,2,1,0,0,7,8,0,0,5,2,39,2,16,2,6,13,7,11,17,9,2,0,0,2,12,30
61,10,6,27,4,0,2,2,1,0,0,6,9,0,0,5,2,39,2,16,2,7,13,6,10,16,8,1,0,0,1,13,0
15,10,6,19,3,0,2,2,1,0,0,5,10,0,0,5,2,39,2,16,2,7,13,5,10,15,7,1,0,0,1,11,45
26,8,4,23,2,0,2,2,1,0,2,9,6,0,0,5,2,39,2,14,2,6,12,7,11,16,8,3,0,0,2,12,30
-2,7,4,21,2,0,2,2,0,0,2,6,9,0,0,5,2,39,1,14,3,6,12,7,10,15,8,4,0,0,2,12,15
20,7,5,18,1,0,2,2,0,0,2,13,2,0,0,5,2,39,1,14,4,6,13,6,10,14,7,4,0,0,1,11,30
-46,7,5,29,1,0,1,2,0,0,2,11,4,0,0,5,2,39,1,14,4,8,13,5,9,13,6,4,0,0,1,13,15
23,6,4,14,1,0,1,2,0,0,1,2,13,0,0,5,2,39,0,14,5,8,14,5,8,13,6,4,0,0,1,11,0
18,6,4,17,1,0,0,2,0,0,1,1,14,0,0,5,2,39,0,14,5,8,14,4,7,12,5,3,0,0,1,11,15
1,6,4,20,2,0,0,1,0,0,1,14,1,0,0,5,2,39,1,13,4,7,13,4,6,11,4,2,0,0,2,12,0
10,6,5,14,2,0,0,2,0,0,0,8,7,0,0,5,2,39,1,12,4,6,12,4,6,10,4,2,0,0,1,11,0
-275,4,3,41,3,0,1,2,0,0,0,5,10,0,0,5,2,39,2,9,3,6,9,4,6,12,5,2,0,0,1,15,30
-26,4,4,21,3,0,1,1,0,0,0,14,1,0,0,5,2,39,2,9,3,7,9,3,6,11,4,2,0,0,2,12,15
11,4,4,10,4,0,0,1,0,0,0,10,5,0,0,5,2,39,2,8,2,6,8,3,6,12,4,3,0,0,2,10,30
47,3,3,12,3,0,0,1,0,0,0,4,11,0,0,5,2,39,1,8,3,6,8,3,5,11,4,2,0,0,3,10,45
-33,2,2,14,2,0,0,2,0,0,1,11,4,0,0,5,2,39,1,6,4,6,6,4,5,12,5,3,0,0,1,11,0
13,1,1,6,2,0,0,2,0,0,1,5,10,0,0,5,2,39,1,5,3,5,5,3,5,11,5,2,0,0,2,10,0
6,1,1,10,4,0,0,1,1,0,1,3,12,0,0,5,2,39,3,2,2,2,2,3,6,10,5,2,0,0,2,10,30
-17,0,0,8,4,0,0,1,1,0,0,12,3,0,0,5,2,39,2,2,2,2,2,2,5,9,5,3,0,0,2,10,15
17,0,0,1,4,0,0,1,1,0,1,7,8,0,0,5,2,39,2,0,0,0,0,3,8,8,6,3,0,0,2,9,15
8,0,0,8,3,0,0,1,1,0,1,0,8,0,0,5,2,39,0,0,0,0,0,5,7,7,7,2,0,0,2,10,15
-28,0,0,2,3,0,0,1,1,0,0,0,13,0,0,5,2,39,0,0,0,0,0,4,6,6,6,2,0,0,2,9,30
-2,0,0,0,2,0,0,1,1,0,0,0,24,0,1,5,2,39,0,0,0,0,0,5,5,5,5,2,0,0,1,9,0
-24,0,0,4,1,0,0,1,1,0,0,0,33,0,0,5,2,39,0,0,0,0,0,4,4,4,4,2,0,0,2,9,45
10,0,0,4,1,0,0,0,1,0,0,0,34,0,0,5,2,39,0,0,0,0,0,3,3,3,3,1,0,0,2,9,45
-19,0,0,2,1,0,0,0,0,0,0,0,44,0,0,5,2,39,0,0,0,0,0,2,2,2,2,1,0,0,2,9,30
-17,0,0,6,0,0,0,0,0,0,0,0,45,0,0,5,2,39,0,0,0,0,0,1,1,1,1,1,0,0,2,10,0
30,31,5,47,0,0,0,1,0,0,0,0,0,1,0,4,2,38,0,46,2,6,14,2,2,7,2,2,3,1,1,17,30
49,29,4,45,2,0,0,0,0,0,0,3,12,0,0,4,2,38,0,44,4,8,14,1,3,9,3,2,3,0,1,17,0
32,26,5,44,3,0,2,0,0,0,2,22,8,0,0,4,2,38,2,38,4,6,9,2,6,13,6,1,3,0,1,16,45
-24,26,5,46,3,0,2,0,0,0,1,22,8,0,0,4,2,38,2,38,4,6,9,1,5,12,5,1,3,0,1,17,15
32,24,6,40,5,0,1,0,1,0,2,4,11,0,0,4,2,38,2,34,2,5,7,5,7,15,8,2,3,0,2,16,0
39,24,6,40,4,0,1,0,1,0,2,4,11,0,0,4,2,38,2,34,3,5,7,4,6,14,7,2,3,0,2,16,0
-12,24,6,42,4,0,0,0,1,0,2,1,14,0,0,4,2,38,2,34,3,5,7,3,5,13,6,2,3,0,1,16,30
1,21,4,38,4,0,0,2,0,0,2,8,7,0,0,4,2,38,1,32,3,3,7,4,8,13,8,3,3,0,2,15,45
35,21,4,37,4,0,0,2,0,0,1,5,10,0,0,4,2,38,1,32,3,3,7,3,7,12,7,2,3,0,2,15,30
60,20,3,33,3,0,0,2,0,0,2,0,15,0,0,4,2,38,1,31,2,2,7,2,7,11,7,3,3,0,2,15,0
77,19,2,35,3,0,0,3,0,0,1,2,13,0,0,4,2,38,1,30,1,3,7,4,6,10,7,2,3,0,1,15,15
1,18,3,38,2,0,1,3,0,0,1,10,5,0,0,4,2,38,1,29,0,4,8,5,9,9,7,2,3,1,2,15,45
-16,17,2,42,1,0,1,3,0,0,1,3,12,0,0,4,2,38,0,29,1,4,8,4,8,8,7,3,3,1,1,16,30
10,17,2,33,1,0,1,3,0,0,0,2,13,0,0,4,2,38,0,29,2,4,9,3,7,7,6,3,3,1,2,15,0
7,17,2,30,1,0,0,3,0,0,0,12,3,0,0,4,2,38,0,29,2,4,9,3,6,7,5,3,3,1,2,14,30
140,17,3,31,0,0,0,3,0,0,0,3,12,0,0,4,2,38,0,29,2,4,11,4,5,8,4,2,3,1,2,14,45
72,17,4,29,1,0,1,2,0,0,0,29,16,0,0,4,2,38,2,27,2,4,9,4,4,7,3,1,3,1,1,14,15
4,17,4,35,1,0,1,1,0,0,0,26,19,0,0,4,2,38,2,27,2,5,9,3,3,6,2,1,3,1,1,15,15
15,17,4,31,1,0,1,0,0,0,0,22,23,0,0,4,2,38,2,27,2,5,11,2,2,6,1,0,2,1,2,14,45
19,15,2,28,2,0,1,0,0,0,0,12,33,0,0,4,2,38,2,25,1,3,11,1,1,6,2,0,2,0,1,13,30
66,13,3,23,4,0,2,1,0,0,0,0,15,0,0,4,2,38,2,20,2,8,14,3,6,15,6,3,2,1,2,12,45
53,12,2,21,4,0,1,1,0,0,0,11,4,0,0,4,2,38,1,20,2,8,15,2,6,15,6,3,2,1,2,12,30
-3,11,1,23,5,0,0,1,0,0,0,7,8,0,0,4,2,38,1,19,3,8,15,2,5,14,6,3,1,1,2,12,45
-17,10,1,25,5,0,0,1,0,0,1,7,8,0,0,4,2,38,1,16,6,10,15,4,7,18,7,4,1,0,1,13,0
-1,10,2,27,6,0,0,1,0,0,1,2,13,0,0,4,2,38,3,15,4,8,13,3,8,19,6,3,1,1,1,13,15
-6,10,2,15,7,0,0,1,0,0,1,6,9,0,0,4,2,38,2,13,3,7,12,4,10,18,8,2,1,1,2,11,45
-28,10,4,19,7,0,0,1,0,0,1,12,3,0,0,4,2,38,2,12,3,7,12,3,9,17,8,2,1,1,2,12,15
11,10,5,19,6,0,1,1,0,0,1,12,3,0,0,4,2,38,2,11,5,7,11,5,11,17,8,3,1,1,2,12,15
8,10,5,25,5,0,1,1,0,0,1,11,4,0,0,4,2,38,2,11,5,7,11,4,10,16,7,3,1,1,1,13,0
-37,9,6,17,6,0,1,3,0,0,0,11,4,0,0,4,2,38,1,8,3,6,8,7,12,16,10,4,1,1,2,12,0
86,9,7,10,6,0,1,3,0,0,0,6,9,0,0,4,2,38,2,7,3,5,7,6,11,15,9,3,1,1,1,11,0
-28,9,7,21,6,0,1,2,0,0,0,6,9,0,0,4,2,38,2,7,3,5,7,5,10,14,8,3,0,1,2,12,30
7,8,6,17,6,0,1,2,0,0,0,11,4,0,0,4,2,38,2,6,2,5,6,6,11,13,8,3,0,0,2,12,0
-1,8,6,13,5,0,1,2,0,0,0,10,5,0,0,4,2,38,2,6,3,5,6,5,10,12,7,3,0,0,2,11,30
-8,8,6,15,4,0,1,2,0,0,0,9,6,0,0,4,2,38,2,6,3,5,6,4,9,11,6,3,0,0,2,11,45
-7,6,5,12,5,0,0,2,0,0,0,11,4,0,0,4,2,38,1,5,2,5,5,6,8,11,7,5,0,0,2,11,15
1,5,5,7,5,0,0,2,0,0,0,2,13,0,0,4,2,38,1,4,2,4,4,7,7,10,7,5,0,0,1,10,30
-2,5,5,10,4,0,0,2,0,0,0,28,2,0,0,4,2,38,1,4,3,4,4,6,7,9,6,4,0,0,1,11,0
3,4,4,9,4,0,0,2,0,0,0,20,10,0,0,4,2,38,1,3,2,3,3,5,7,10,6,5,0,0,2,10,45
10,3,3,5,3,0,0,2,0,0,0,16,14,0,0,4,2,38,0,3,2,3,3,4,6,9,6,5,0,0,2,10,15
30,3,3,7,3,0,0,1,0,0,0,15,15,0,0,4,2,38,0,3,2,3,3,3,5,8,5,5,0,0,1,10,30
18,2,2,5,4,0,0,0,0,0,0,5,25,0,0,4,2,38,0,2,2,2,2,2,4,7,5,4,0,0,2,10,15
-19,2,2,13,3,0,0,0,0,0,0,3,27,0,0,4,2,38,0,2,2,2,2,1,3,6,4,3,0,0,2,11,30
37,0,0,1,4,0,0,0,0,0,0,13,2,0,0,4,2,38,0,0,0,0,0,2,3,5,5,4,0,0,2,9,15
36,0,0,2,3,0,0,0,0,0,0,7,8,0,0,4,2,38,0,0,0,0,0,1,3,4,4,4,0,0,1,9,30
6,0,0,2,2,0,0,0,0,0,0,0,29,0,0,4,2,38,0,0,0,0,0,3,3,3,3,3,0,0,1,9,30
21,0,0,0,1,0,0,0,0,0,0,0,47,0,1,4,2,38,0,0,0,0,0,2,2,2,2,2,0,0,1,9,0
17,0,0,4,0,0,0,0,0,0,0,0,54,0,0,4,2,38,0,0,0,0,0,1,1,1,1,1,0,0,2,9,45
32,27,4,36,5,0,0,1,0,0,1,7,8,0,0,3,2,37,2,35,3,4,9,3,7,13,6,3,6,2,1,16,15
-30,26,3,41,5,0,0,1,0,0,1,4,11,0,0,3,2,37,1,34,3,4,8,5,8,13,7,2,6,3,1,17,15
-27,25,2,40,7,0,0,1,0,0,0,11,4,0,0,3,2,37,2,32,1,3,6,5,8,12,7,2,6,4,1,17,0
35,25,3,38,7,0,0,0,0,0,0,2,13,0,0,3,2,37,2,32,2,3,6,5,9,12,6,2,5,4,1,16,30
-37,25,3,42,6,0,0,0,0,0,0,1,14,1,0,3,2,37,2,32,2,3,6,4,8,11,5,1,5,3,1,17,30
36,23,1,33,5,0,1,0,0,0,0,6,9,0,0,3,2,37,1,31,1,3,7,4,7,10,6,1,4,3,1,15,45
-17,23,2,39,4,0,1,0,0,0,0,2,13,0,0,3,2,37,1,31,2,3,7,3,6,9,5,1,4,2,1,16,45
15,23,2,31,4,0,1,0,0,0,0,6,9,0,0,3,2,37,1,30,1,4,7,4,6,8,5,1,4,3,2,15,30
-30,23,3,35,4,0,0,0,0,0,0,29,1,0,0,3,2,37,1,30,1,4,8,4,6,7,4,1,3,3,2,16,0
-2,23,4,36,4,0,0,0,0,0,0,12,18,0,0,3,2,37,1,29,1,3,9,4,5,6,4,1,2,2,1,16,15
-2,23,4,30,3,0,0,0,0,0,0,9,21,0,0,3,2,37,1,29,3,3,9,3,4,6,3,1,2,1,2,15,15
17,23,4,33,2,0,0,0,0,0,0,5,25,0,0,3,2,37,1,29,3,3,9,2,4,5,2,1,2,1,1,15,45
94,21,3,23,2,0,0,0,0,0,0,12,18,0,0,3,2,37,0,28,2,4,11,2,3,7,3,2,1,1,1,13,0
15,20,2,31,3,0,0,0,0,0,0,44,1,0,0,3,2,37,1,26,1,4,11,2,2,10,3,1,1,0,2,15,30
5,19,4,28,2,0,0,0,0,0,0,22,23,0,0,3,2,37,0,26,3,6,13,1,2,9,3,2,1,0,1,14,45
-48,15,5,27,5,0,1,1,0,0,0,9,6,0,0,3,2,37,1,20,3,7,13,6,8,14,7,5,1,1,2,14,15
75,14,5,23,5,0,1,1,0,0,0,14,1,0,0,3,2,37,1,19,4,8,13,7,7,14,7,5,1,1,1,13,0
42,14,5,26,4,0,1,1,0,0,0,11,4,0,0,3,2,37,1,19,4,8,13,6,6,13,6,5,1,1,1,13,30
13,14,6,25,6,0,1,0,0,0,0,14,1,0,0,3,2,37,2,17,3,8,12,5,5,14,6,5,1,1,1,13,15
35,14,6,18,5,0,1,0,0,0,0,11,4,0,0,3,2,37,2,17,4,8,12,4,4,15,5,4,1,1,3,12,30
7,14,6,20,5,0,0,0,0,0,0,10,5,0,0,3,2,37,2,17,4,8,12,3,4,14,4,4,0,1,2,12,45
29,13,5,18,4,0,0,0,0,0,0,8,7,0,0,3,2,37,1,17,4,8,12,2,4,14,4,4,0,0,3,12,30
27,12,4,20,4,0,0,1,0,0,0,3,12,0,0,3,2,37,2,15,3,7,10,1,5,14,4,3,0,0,2,12,45
23,8,3,15,6,0,1,2,1,0,0,11,4,0,0,3,2,37,1,9,2,4,9,6,11,15,10,5,0,0,1,12,0
40,8,3,14,5,0,1,2,1,0,0,10,5,0,0,3,2,37,1,9,2,4,9,5,10,14,9,5,0,0,2,11,45
-28,8,3,17,4,0,1,2,1,0,0,7,8,0,0,3,2,37,1,9,2,4,9,4,10,13,8,4,0,0,2,12,15
-129,8,3,28,3,0,1,2,2,0,0,4,11,0,0,3,2,37,1,8,2,3,8,4,10,13,8,3,0,0,1,14,45
-3,8,4,12,2,0,1,2,2,0,0,0,15,0,0,3,2,37,1,8,2,3,8,3,9,12,7,2,0,0,1,11,30
-67,7,4,20,3,0,1,2,1,0,0,12,3,0,0,3,2,37,1,7,2,5,7,5,8,12,7,2,0,0,2,12,45
-11,6,3,12,3,0,0,2,1,0,0,7,8,0,0,3,2,37,0,7,2,5,7,6,7,11,7,3,0,0,1,11,30
6,5,4,15,4,0,0,2,1,0,0,2,13,0,0,3,2,37,1,5,2,5,5,6,6,13,7,3,0,0,1,12,0
69,5,4,10,4,0,0,1,1,0,0,0,15,0,0,3,2,37,1,5,2,5,5,5,5,12,6,3,0,0,1,11,0
67,5,4,9,4,0,0,0,1,0,0,12,3,0,0,3,2,37,1,5,3,5,5,4,6,11,5,2,0,0,1,10,45
33,5,4,8,4,0,0,0,0,0,0,11,4,0,0,3,2,37,1,5,3,5,5,3,5,10,4,2,0,0,1,10,30
24,5,4,11,3,0,0,0,0,0,0,9,6,0,0,3,2,37,1,5,3,5,5,2,4,9,3,1,0,0,2,11,15
29,5,5,7,2,0,0,0,0,0,0,6,9,0,0,3,2,37,1,5,3,5,5,1,4,8,2,1,0,0,1,10,15
55,1,1,5,5,0,0,1,0,0,0,29,1,0,0,3,2,37,1,0,0,0,0,3,7,7,6,4,0,0,1,10,0
21,1,1,1,4,0,0,1,0,0,0,28,2,0,0,3,2,37,1,0,0,0,0,2,6,6,5,3,0,0,2,9,30
14,0,0,3,3,0,0,1,0,0,0,21,9,0,0,3,2,37,0,0,0,0,0,2,5,5,5,3,0,0,2,9,45
16,0,0,5,2,0,0,1,0,0,0,0,3,0,0,3,2,37,0,0,0,0,0,4,4,4,4,3,0,0,1,10,0
7,0,0,1,1,0,0,1,0,0,0,0,22,0,0,3,2,37,0,0,0,0,0,3,3,3,3,2,0,0,2,9,30
-9,0,0,3,1,0,0,0,0,0,0,0,22,0,0,3,2,37,0,0,0,0,0,2,2,2,2,1,0,0,2,9,45
22,0,0,0,0,0,0,0,0,0,0,0,28,0,1,3,2,37,0,0,0,0,0,1,1,1,1,0,0,0,2,9,0
24,37,5,49,2,0,0,0,0,0,0,3,0,1,0,2,2,36,1,47,4,5,10,2,3,6,2,2,5,1,1,17,30
60,36,5,47,1,0,0,1,1,0,0,24,6,0,0,2,2,36,2,45,3,4,9,1,2,6,2,1,5,1,1,17,0
62,32,3,44,1,0,0,2,2,0,0,6,9,0,0,2,2,36,1,42,2,5,12,2,4,9,5,2,4,2,2,16,30
33,31,2,45,2,0,1,2,1,0,0,1,14,0,0,2,2,36,2,40,2,4,11,2,5,9,5,3,4,2,2,16,45
20,30,4,45,2,0,1,2,1,0,0,8,7,0,0,2,2,36,2,39,3,6,11,3,5,9,5,2,3,2,2,16,45
14,29,4,43,3,0,1,2,0,0,0,1,14,0,0,2,2,36,2,38,2,6,11,3,4,11,5,2,3,1,1,16,15
58,29,6,41,4,0,1,2,0,0,0,12,3,0,0,2,2,36,3,36,2,6,10,3,5,10,5,1,2,1,1,16,0
11,29,6,47,4,0,1,1,0,0,0,2,13,0,0,2,2,36,3,36,4,7,11,2,5,10,4,1,2,0,1,17,0
52,29,7,36,3,0,1,1,0,0,0,0,15,0,0,2,2,36,3,36,4,7,11,1,4,9,3,1,2,0,2,15,15
13,23,2,34,4,0,1,4,0,0,1,7,8,0,0,2,2,36,2,30,2,4,10,3,7,11,9,3,2,0,1,15,0
7,23,2,32,4,0,1,4,0,0,0,6,9,0,0,2,2,36,2,30,2,4,10,3,6,10,8,3,2,0,2,14,45
7,23,2,39,5,0,0,4,0,0,0,4,11,0,0,2,2,36,2,29,2,4,11,3,6,11,8,4,2,0,2,15,45
43,22,2,30,5,0,0,4,0,0,0,36,9,0,0,2,2,36,2,28,2,4,11,4,6,11,8,4,2,0,1,14,15
27,22,3,32,5,0,0,4,0,0,0,22,23,0,0,2,2,36,3,27,2,4,11,4,6,10,7,3,2,0,2,14,45
9,21,2,31,4,0,0,4,0,0,0,18,27,0,0,2,2,36,2,27,2,4,11,3,5,12,7,4,2,0,2,14,30
-1,21,4,39,4,0,0,3,0,0,0,16,29,0,0,2,2,36,2,27,2,4,12,2,4,11,6,3,2,0,2,15,45
-23,21,6,37,4,0,0,4,0,0,0,10,5,0,0,2,2,36,3,25,2,7,12,2,5,13,6,3,2,0,2,15,30
61,20,8,28,3,0,0,4,0,0,0,8,7,0,0,2,2,36,1,25,5,8,12,3,6,15,7,3,2,0,1,13,15
17,19,7,27,5,0,0,3,0,0,0,8,7,0,0,2,2,36,2,23,5,7,11,3,5,18,7,2,2,0,1,13,0
119,17,6,25,7,0,1,2,0,0,0,9,6,0,0,2,2,36,3,20,3,6,10,4,9,17,8,2,2,0,1,12,45
-35,15,4,34,7,0,1,2,0,0,0,12,3,0,0,2,2,36,2,19,3,6,11,3,9,16,9,2,2,1,1,15,0
-116,15,4,37,7,0,1,2,0,0,0,8,7,0,0,2,2,36,3,18,2,5,11,2,8,15,8,1,2,1,2,15,30
22,13,3,29,7,0,1,2,0,0,0,10,5,0,0,2,2,36,2,17,3,4,11,5,10,15,9,3,2,2,1,13,30
-155,12,3,41,7,0,1,2,0,0,0,6,9,0,0,2,2,36,2,16,3,5,14,6,13,16,9,2,2,2,1,16,0
28,12,3,20,6,0,1,2,0,0,0,4,11,0,0,2,2,36,1,16,3,6,14,5,12,15,9,3,2,2,1,12,0
15,12,3,25,5,0,1,2,0,0,0,3,12,0,0,2,2,36,1,16,3,6,14,4,11,14,8,3,2,2,1,12,45
10,12,3,20,4,0,1,3,0,0,0,14,1,0,0,2,2,36,2,15,2,5,13,5,10,13,7,3,2,2,1,12,0
2,11,3,23,4,0,1,3,0,0,0,9,6,0,0,2,2,36,2,14,1,4,12,5,9,13,7,4,2,2,2,12,30
28,11,4,17,4,0,1,3,0,0,0,13,2,0,0,2,2,36,2,13,1,5,13,7,8,14,7,5,1,2,2,11,45
-41,11,4,23,4,0,0,3,0,0,0,3,12,0,0,2,2,36,1,13,3,6,13,7,8,14,7,5,1,1,2,12,30
61,10,3,17,3,0,0,3,0,0,0,3,12,0,0,2,2,36,0,13,3,6,13,6,7,13,7,5,0,1,2,11,45
-12,10,4,17,3,0,0,2,0,0,0,29,1,0,0,2,2,36,0,13,3,7,13,5,6,12,6,5,0,0,2,11,45
66,10,5,13,3,0,0,1,0,0,0,23,7,0,0,2,2,36,0,13,3,7,13,4,5,13,5,4,0,0,2,11,15
33,10,6,22,2,0,0,1,0,0,0,20,10,0,0,2,2,36,0,13,3,8,13,3,4,12,4,3,0,0,2,12,15
12,10,6,15,2,0,0,1,0,0,0,16,14,0,0,2,2,36,1,12,4,8,12,2,4,13,3,3,0,0,3,11,30
3,10,7,13,1,0,0,1,0,0,0,9,21,0,0,2,2,36,1,12,5,9,12,1,4,14,2,2,0,0,2,11,15
10,7,6,9,4,0,1,1,0,0,0,4,11,0,0,2,2,36,2,7,5,7,7,3,7,14,5,2,0,0,2,10,30
-6,4,4,9,5,0,1,1,0,0,1,1,14,0,0,2,2,36,1,4,4,4,4,5,10,13,8,3,0,0,2,10,30
6,4,4,11,5,0,1,0,0,0,1,14,1,0,0,2,2,36,1,4,4,4,4,4,9,12,7,3,0,0,2,10,45
-7,2,2,15,6,0,1,0,0,0,1,12,3,0,0,2,2,36,1,2,2,2,2,5,11,11,8,4,0,0,3,11,30
9,2,2,4,7,0,0,0,0,0,1,4,11,0,0,2,2,36,1,1,1,1,1,6,10,10,8,3,0,0,2,9,45
37,2,2,2,7,0,0,0,0,0,1,2,13,0,0,2,2,36,2,0,0,0,0,5,9,9,7,2,0,0,2,9,30
67,2,2,2,6,0,0,0,0,0,1,11,4,0,0,2,2,36,2,0,0,0,0,6,8,8,6,2,0,0,2,9,30
-67,0,0,11,5,0,0,0,0,0,1,14,1,0,0,2,2,36,0,0,0,0,0,7,7,7,7,2,0,0,2,10,45
9,0,0,6,4,0,0,0,0,0,1,8,7,0,0,2,2,36,0,0,0,0,0,6,6,6,6,2,0,0,1,10,0
16,0,0,6,3,0,0,0,0,0,1,5,10,0,0,2,2,36,0,0,0,0,0,5,5,5,5,2,0,0,1,10,0
-12,0,0,8,3,0,0,0,0,0,0,2,13,0,0,2,2,36,0,0,0,0,0,4,4,4,4,1,0,0,2,10,15
25,0,0,0,2,0,0,0,0,0,0,0,3,0,1,2,2,36,0,0,0,0,0,3,3,3,3,1,0,0,1,9,0
2,0,0,1,1,0,0,0,0,0,0,0,5,0,0,2,2,36,0,0,0,0,0,2,2,2,2,1,0,0,2,9,15
1,0,0,4,0,0,0,0,0,0,0,0,7,0,0,2,2,36,0,0,0,0,0,1,1,1,1,0,0,0,2,9,45
36,31,6,46,4,0,0,1,0,0,0,12,3,1,0,6,2,33,2,41,3,7,12,2,2,7,4,1,5,1,1,17,30
83,29,6,39,5,0,0,0,0,0,0,2,13,0,0,6,2,33,1,40,5,9,12,1,3,8,5,3,4,1,2,16,30
-8,24,3,43,7,0,1,2,0,0,1,5,10,0,0,6,2,33,2,33,3,4,7,3,6,16,10,6,4,0,1,17,0
35,23,2,45,7,0,1,2,1,0,1,5,10,0,0,6,2,33,3,31,2,3,6,3,6,15,10,6,4,0,1,17,15
52,23,3,41,7,0,1,2,1,0,1,10,5,0,0,6,2,33,3,30,1,3,7,3,7,15,10,7,4,0,2,16,45
19,22,3,39,7,0,0,2,1,0,1,44,1,0,0,6,2,33,2,30,1,3,7,4,8,16,10,7,4,1,2,16,30
37,22,3,41,7,0,0,2,1,0,1,34,11,0,0,6,2,33,3,29,1,2,8,3,8,16,9,6,4,2,2,16,45
44,21,2,37,6,0,0,2,1,0,1,25,20,0,0,6,2,33,1,29,2,2,8,4,11,15,10,6,4,3,2,16,15
81,21,2,33,5,0,0,2,1,0,1,16,29,0,0,6,2,33,1,29,2,3,9,4,10,14,9,5,4,3,2,15,45
8,20,2,37,6,0,1,2,1,0,0,11,4,0,0,6,2,33,2,27,0,4,8,9,10,14,9,4,4,3,2,16,15
30,20,2,31,5,0,1,2,1,0,0,11,4,0,0,6,2,33,2,27,0,4,8,8,9,13,8,4,4,3,2,15,0
-1,20,2,35,5,0,1,1,1,0,0,5,10,0,0,6,2,33,2,27,1,4,8,7,9,13,7,4,3,3,2,16,0
15,19,2,29,5,0,0,1,1,0,0,0,15,0,0,6,2,33,1,27,1,4,8,6,9,12,7,3,3,2,2,14,45
75,19,2,28,4,0,0,1,1,0,0,8,2,0,0,6,2,33,1,27,1,4,9,5,8,11,6,3,2,2,2,14,35
-27,19,2,35,4,0,0,1,0,0,0,4,1,0,0,6,2,33,1,27,2,6,10,4,8,10,5,2,1,2,2,16,0
176,19,2,23,3,0,0,1,0,0,0,3,2,0,0,6,2,33,1,27,2,6,10,3,7,9,4,1,1,1,1,13,15
93,19,2,31,2,0,0,1,0,0,0,1,4,0,0,6,2,33,1,27,3,6,11,2,6,10,3,1,1,1,2,15,0
4,19,2,29,1,0,0,1,0,0,0,14,1,0,0,6,2,33,1,27,3,6,11,1,5,9,2,1,1,1,2,14,45
-156,18,3,43,3,0,0,1,0,0,0,28,17,0,0,6,2,33,1,24,3,5,12,4,5,9,4,1,1,1,1,17,0
45,18,4,33,4,0,0,0,0,0,0,20,25,0,0,6,2,33,2,23,3,4,12,3,5,9,3,1,1,1,2,15,45
77,17,3,19,3,0,0,0,0,0,0,16,29,0,0,6,2,33,0,23,3,4,13,2,4,8,4,2,1,1,1,12,30
47,17,3,23,3,0,0,0,0,0,0,7,38,0,0,6,2,33,1,22,3,4,12,1,3,7,3,1,0,1,1,13,15
-8,15,6,25,2,0,0,1,1,0,1,1,14,0,0,6,2,33,1,19,3,7,13,4,5,12,5,3,0,0,1,13,30
-31,14,6,27,1,0,0,1,1,0,1,6,9,0,0,6,2,33,0,19,4,7,14,3,5,12,5,2,0,0,1,14,30
-26,13,6,26,3,0,0,1,1,0,1,1,14,0,0,6,2,33,2,16,4,6,12,3,4,11,5,3,0,0,1,14,15
25,13,6,22,3,0,0,1,1,0,0,1,14,0,0,6,2,33,2,16,4,6,12,2,3,10,4,2,0,0,2,13,0
37,12,5,17,5,0,0,1,0,0,0,3,12,0,0,6,2,33,2,14,4,5,11,2,7,9,5,3,0,0,2,12,15
13,9,4,15,4,0,1,1,1,0,0,13,2,0,0,6,2,33,1,12,2,6,9,2,7,12,7,4,0,0,2,12,0
64,7,6,10,5,0,1,1,1,0,0,13,2,0,0,6,2,33,0,10,4,6,9,6,7,13,9,4,0,0,1,11,0
33,7,6,12,5,0,0,1,1,0,0,11,4,0,0,6,2,33,0,10,5,6,9,5,6,13,8,3,0,0,1,11,30
35,7,6,15,4,0,0,1,2,0,0,4,11,0,0,6,2,33,1,9,5,6,8,5,5,12,7,3,0,0,2,12,0
80,7,6,14,4,0,0,0,2,0,0,3,12,0,0,6,2,33,1,9,5,6,8,4,4,11,6,2,0,0,2,11,45
-3,7,6,19,3,0,0,0,2,0,0,3,12,0,0,6,2,33,1,9,5,6,8,3,3,10,5,1,0,0,1,12,30
40,7,6,11,3,0,0,1,1,0,0,0,15,0,0,6,2,33,2,8,4,5,7,2,3,9,4,1,0,0,2,11,15
-66,4,4,21,3,0,0,3,1,0,0,23,7,0,0,6,2,33,2,5,2,2,5,1,6,11,6,2,0,0,1,12,45
4,1,1,12,3,0,0,3,2,0,0,1,14,0,0,6,2,33,1,3,0,2,3,5,7,12,8,2,0,0,1,11,30
37,1,1,6,3,0,0,2,2,0,0,12,3,0,0,6,2,33,1,3,1,2,3,4,6,11,7,2,0,0,2,10,15
2,1,1,8,3,0,0,1,2,0,0,9,6,0,0,6,2,33,1,3,1,2,3,4,6,10,6,2,0,0,1,10,30
74,0,0,4,3,0,0,1,1,0,0,0,15,0,0,6,2,33,0,3,2,3,3,3,7,9,6,3,0,0,2,10,0
8,0,0,17,2,0,0,1,1,0,0,10,5,0,0,6,2,33,0,3,2,3,3,3,6,8,5,3,0,0,2,12,15
26,0,0,6,2,0,0,2,0,0,0,10,5,0,0,6,2,33,1,2,1,2,2,3,6,7,4,2,0,0,2,10,15
94,0,0,1,2,0,0,1,0,0,1,28,2,0,0,6,2,33,1,1,1,1,1,4,5,6,4,3,0,0,2,9,30
-60,0,0,8,2,0,0,1,0,0,0,10,20,0,0,6,2,33,1,1,1,1,1,4,5,5,3,2,0,0,1,10,30
72,0,0,2,2,0,0,1,0,0,0,5,25,0,0,6,2,33,2,0,0,0,0,3,4,4,2,1,0,0,2,9,45
7,0,0,4,1,0,0,1,0,0,0,1,29,0,0,6,2,33,2,0,0,0,0,2,3,3,1,1,0,0,2,10,0
-47,0,0,2,1,0,0,0,0,0,0,0,14,0,0,6,2,33,1,0,0,0,0,2,2,2,1,1,0,0,2,9,45
-19,0,0,0,0,0,0,0,0,0,0,0,39,0,1,6,2,33,0,0,0,0,0,1,1,1,1,1,0,0,1,9,0
72,33,4,46,3,0,0,1,0,0,0,15,30,0,0,5,2,32,2,45,2,3,10,3,6,9,3,0,10,3,2,16,45
1,32,5,48,3,0,0,1,0,0,0,28,2,1,0,5,2,32,2,44,2,5,12,3,5,10,3,1,9,3,1,17,30
-10,32,5,48,2,0,0,1,0,0,0,27,3,1,0,5,2,32,2,44,2,5,12,2,4,9,2,1,9,2,1,17,30
57,31,6,38,1,0,0,1,0,0,1,8,22,0,0,5,2,32,2,43,3,5,13,3,4,12,2,2,8,2,2,15,45
13,29,5,42,1,0,0,1,0,0,1,6,9,0,0,5,2,32,1,42,3,7,13,3,5,13,3,1,8,2,2,16,0
6,29,5,44,0,0,0,1,0,0,1,4,11,0,0,5,2,32,1,42,4,7,13,2,4,12,2,1,7,2,2,16,15
10,27,5,46,1,0,1,1,0,0,1,11,4,0,0,5,2,32,2,39,3,8,12,3,5,12,3,1,7,1,2,16,45
10,25,4,38,2,0,1,1,0,0,0,6,9,0,0,5,2,32,1,38,5,8,13,3,8,11,4,0,6,3,2,15,45
6,24,3,37,4,0,0,1,0,0,0,3,12,0,0,5,2,32,2,36,3,6,11,3,8,10,4,0,6,2,4,15,30
51,24,3,32,3,0,2,1,0,0,0,8,7,0,0,5,2,32,2,34,4,7,12,6,9,10,5,1,6,2,2,15,0
-52,23,3,42,3,0,2,1,0,0,0,4,11,0,0,5,2,32,1,33,3,6,11,5,8,11,6,2,6,2,2,16,0
-23,22,2,35,3,0,1,2,0,0,1,7,8,0,0,5,2,32,2,31,2,6,11,6,7,12,6,2,6,2,1,15,15
20,21,2,32,3,0,1,1,0,0,1,14,1,0,0,5,2,32,1,31,3,6,14,6,6,12,6,3,5,2,2,15,0
53,21,2,28,2,0,1,1,1,0,1,10,5,0,0,5,2,32,2,30,3,5,13,5,5,11,5,3,5,1,3,14,30
7,21,2,29,2,0,0,1,1,0,1,9,6,0,0,5,2,32,2,30,3,5,14,4,4,10,4,3,4,1,3,14,45
30,21,3,27,1,0,0,1,1,0,1,4,11,0,0,5,2,32,1,30,3,5,14,3,3,9,4,3,4,0,1,14,15
29,21,3,26,1,0,0,1,1,0,0,0,15,0,0,5,2,32,1,30,3,6,14,2,2,9,3,3,4,0,1,14,0
-16,21,3,35,0,0,0,2,1,0,0,3,12,0,0,5,2,32,2,29,4,5,16,1,2,9,2,2,4,0,1,15,15
-85,18,5,38,3,0,1,2,1,0,0,4,11,0,0,5,2,32,1,24,4,11,17,5,8,18,7,6,4,3,2,15,45
-85,17,6,29,4,0,0,3,1,0,0,6,9,0,0,5,2,32,0,22,6,10,16,5,8,21,9,7,4,3,3,14,45
-173,17,6,38,4,0,0,2,1,0,0,4,11,0,0,5,2,32,0,22,6,10,16,4,7,20,8,6,3,3,2,15,45
-112,17,6,29,3,0,0,2,1,0,0,4,11,0,0,5,2,32,0,22,6,10,16,3,6,19,7,6,2,2,3,14,45
49,17,6,23,3,0,0,1,1,0,0,3,12,0,0,5,2,32,0,22,6,10,16,2,5,18,6,5,2,1,1,13,0
37,15,7,23,6,0,0,1,1,0,0,3,12,0,0,5,2,32,2,18,5,10,14,3,4,18,7,6,2,1,1,13,0
6,14,8,25,5,0,1,1,1,0,1,0,15,0,0,5,2,32,2,16,6,9,14,3,11,17,8,7,2,2,1,13,15
-132,14,8,44,5,0,1,1,1,0,1,12,3,0,0,5,2,32,2,15,5,8,13,2,10,16,8,7,1,2,2,16,15
-20,11,6,21,7,0,1,1,1,0,1,8,7,0,0,5,2,32,2,12,4,6,12,4,14,19,10,8,1,1,2,12,45
20,8,5,18,8,0,3,1,1,0,1,2,13,0,0,5,2,32,3,8,2,4,8,9,14,19,12,9,1,1,2,12,15
1,8,5,16,7,0,3,1,1,0,1,14,1,0,0,5,2,32,3,8,2,4,8,10,13,18,11,9,1,1,1,12,0
36,7,5,16,6,0,3,1,1,0,1,12,3,0,0,5,2,32,2,8,2,4,8,9,12,17,11,9,1,1,1,12,0
-59,7,6,32,7,0,3,1,0,0,1,6,9,0,0,5,2,32,3,7,1,4,7,10,11,18,10,8,1,1,2,15,0
-30,7,6,21,7,0,3,1,0,0,0,6,9,0,0,5,2,32,3,7,1,4,7,9,10,17,9,7,1,1,2,12,45
72,7,6,7,7,0,2,1,0,0,0,4,11,0,0,5,2,32,2,7,1,4,7,8,9,16,9,7,0,1,2,10,45
31,6,5,19,6,0,2,1,0,0,0,1,14,0,0,5,2,32,1,7,1,4,7,7,8,15,9,7,0,0,2,12,30
21,6,5,11,6,0,1,1,0,0,0,1,14,0,0,5,2,32,1,7,1,4,7,6,7,14,8,6,0,0,1,11,15
22,6,5,11,5,0,1,1,0,0,0,12,3,0,0,5,2,32,1,7,2,5,7,5,6,13,7,5,0,0,1,11,15
14,5,4,11,6,0,0,1,0,0,0,2,13,0,0,5,2,32,1,6,2,5,6,5,8,12,7,5,0,0,1,11,15
25,5,4,15,6,0,0,0,0,0,0,0,15,0,0,5,2,32,1,6,2,5,6,4,7,11,6,4,0,0,2,11,45
46,5,4,14,5,0,0,0,0,0,0,12,3,0,0,5,2,32,1,6,2,5,6,3,6,10,5,4,0,0,1,11,30
47,5,4,9,4,0,0,0,0,0,0,9,6,0,0,5,2,32,1,6,3,6,6,2,6,9,4,3,0,0,3,11,0
18,3,3,9,5,0,0,0,0,0,0,6,9,0,0,5,2,32,1,4,2,4,4,1,6,10,5,3,0,0,3,11,0
37,1,1,5,6,0,0,0,0,0,0,6,9,0,0,5,2,32,0,2,2,2,2,5,7,9,7,2,0,0,2,10,30
5,1,1,7,5,0,0,0,0,0,0,5,10,0,0,5,2,32,0,2,2,2,2,4,6,8,6,1,0,0,2,10,45
29,1,1,1,4,0,0,0,0,0,0,3,12,0,0,5,2,32,0,2,2,2,2,3,5,7,5,1,0,0,2,10,0
23,1,1,1,5,0,0,0,0,0,0,10,5,0,0,5,2,32,1,0,0,0,0,2,4,6,5,2,0,0,2,10,0
-71,0,0,19,4,0,0,0,0,0,0,2,13,0,0,5,2,32,0,0,0,0,0,3,4,5,5,2,0,0,2,12,30
4,0,0,0,3,0,0,0,0,0,0,0,21,0,1,5,2,32,0,0,0,0,0,2,4,4,4,1,0,0,2,9,45
-32,0,0,5,2,0,0,0,0,0,0,0,24,0,0,5,2,32,0,0,0,0,0,1,3,3,3,1,0,0,2,10,30
23,0,0,3,1,0,0,0,0,0,0,0,58,0,0,5,2,32,0,0,0,0,0,2,2,2,2,0,0,0,2,10,15
-7,0,0,3,0,0,0,0,0,0,0,0,65,0,0,5,2,32,0,0,0,0,0,1,1,1,1,0,0,0,2,10,15
0,29,3,45,1,0,0,0,0,0,0,32,13,1,0,4,1,31,1,44,1,3,7,1,3,5,1,0,4,0,1,17,30
339,27,1,18,0,0,1,0,0,0,0,28,2,0,0,4,1,31,0,43,2,4,9,2,2,5,2,2,4,0,1,11,15
0,26,1,44,1,0,0,0,0,0,0,17,13,0,0,4,1,31,0,42,2,4,8,1,3,5,2,1,4,0,1,16,45
35,25,1,40,1,0,1,1,0,0,1,5,25,0,0,4,1,31,1,38,2,4,9,2,3,7,4,1,4,0,2,16,0
-12,25,1,40,1,0,1,1,0,0,0,5,25,0,0,4,1,31,1,38,2,4,9,1,2,6,3,1,4,0,2,16,0
20,24,1,38,4,0,0,1,0,0,0,8,7,0,0,4,1,31,1,35,1,3,12,2,4,8,5,2,4,0,1,15,15
-2,24,2,42,5,0,0,0,0,0,0,4,11,0,0,4,1,31,2,34,2,5,14,3,4,8,4,1,4,0,1,16,15
-11,23,4,35,4,0,0,0,0,0,0,2,13,0,0,4,1,31,0,34,2,7,16,3,6,8,5,2,4,2,2,14,45
57,23,4,34,3,0,0,1,0,0,0,40,5,0,0,4,1,31,1,33,3,8,15,2,5,8,4,1,4,2,1,14,30
-4,23,7,36,3,0,0,1,0,0,0,22,23,0,0,4,1,31,1,32,4,9,16,4,4,10,4,0,4,2,1,15,0
61,22,9,32,5,0,0,1,1,0,0,14,1,0,0,4,1,31,2,28,4,9,14,3,4,13,6,0,4,2,1,13,30
-1,22,10,36,4,0,0,1,1,0,0,12,3,0,0,4,1,31,2,28,5,10,15,2,3,13,5,0,3,2,1,15,0
-29,22,10,33,3,0,0,1,1,0,0,8,7,0,0,4,1,31,2,28,5,10,15,1,3,12,4,0,2,1,1,14,15
-93,15,6,39,8,0,0,0,1,0,0,6,9,0,0,4,1,31,0,23,5,7,13,2,6,13,10,3,2,0,2,15,30
32,12,5,28,9,0,1,1,1,0,1,12,3,0,0,4,1,31,2,18,2,5,11,5,10,15,12,4,2,1,1,12,45
34,10,5,26,8,0,1,1,1,0,1,12,3,0,0,4,1,31,0,18,3,7,12,6,10,16,13,5,2,1,2,12,30
-157,10,5,42,8,0,1,1,1,0,1,6,9,0,0,4,1,31,1,17,3,6,12,7,10,15,12,4,2,1,1,16,15
17,10,5,30,8,0,1,1,0,0,1,6,9,0,0,4,1,31,1,17,3,6,12,6,9,14,11,4,2,1,1,13,0
29,9,5,22,9,0,0,1,0,0,1,12,3,0,0,4,1,31,1,16,3,5,12,6,8,15,11,4,2,1,2,12,0
25,9,5,24,8,0,0,1,0,0,0,4,11,0,0,4,1,31,1,15,3,7,12,5,7,14,10,3,1,1,2,12,15
22,9,5,24,8,0,0,1,0,0,0,4,11,0,0,4,1,31,1,15,3,7,12,5,7,14,10,3,1,1,2,12,15
23,8,4,31,7,0,0,2,1,0,0,9,6,0,0,4,1,31,2,14,3,6,10,5,7,14,9,4,1,0,1,13,15
68,8,4,20,6,0,0,2,1,0,0,7,8,0,0,4,1,31,2,14,3,6,10,4,6,14,8,4,1,0,2,11,45
14,7,4,22,5,0,0,2,1,0,0,14,1,0,0,4,1,31,1,14,3,7,11,3,6,15,8,4,1,0,2,12,0
112,6,5,19,5,0,0,2,1,0,0,2,13,0,0,4,1,31,1,13,4,7,10,3,7,15,8,3,1,0,2,11,30
33,5,4,26,6,0,0,2,1,0,0,9,6,0,0,4,1,31,2,11,3,5,10,3,6,14,8,2,1,0,2,12,30
7,4,3,28,6,0,0,3,1,0,0,2,13,0,0,4,1,31,2,9,3,5,9,5,8,17,9,2,1,0,1,12,45
77,4,3,15,6,0,0,2,1,0,0,1,14,0,0,4,1,31,2,9,3,5,9,4,8,16,8,2,1,0,1,11,0
44,3,2,13,7,0,1,2,0,0,0,0,15,0,0,4,1,31,2,7,3,4,7,5,10,15,9,3,1,0,3,10,45
17,1,0,15,6,0,1,2,0,0,0,11,4,0,0,4,1,31,0,7,3,4,7,4,9,15,10,4,1,0,1,11,0
-15,1,1,15,6,0,1,2,0,0,0,4,11,0,0,4,1,31,1,6,2,3,6,3,9,16,9,4,1,0,1,11,0
-15,1,1,11,6,0,1,2,1,0,0,2,13,0,0,4,1,31,2,4,0,4,4,7,10,15,9,3,1,1,2,10,30
43,1,1,5,6,0,0,2,1,0,0,0,15,0,0,4,1,31,2,4,1,4,4,6,10,14,8,3,1,1,2,9,45
101,1,1,5,6,0,0,1,1,0,0,3,12,0,0,4,1,31,1,4,1,4,4,6,10,13,8,4,1,1,2,9,45
89,1,1,11,5,0,0,1,1,0,0,2,13,0,0,4,1,31,1,4,1,4,4,5,9,12,7,4,1,1,2,10,30
13,1,1,13,4,0,0,1,1,0,0,7,8,0,0,4,1,31,0,4,3,4,4,4,8,11,7,4,1,1,3,10,45
59,1,1,3,3,0,0,1,1,0,0,4,11,0,0,4,1,31,0,4,3,4,4,3,7,10,6,4,1,1,2,9,30
104,1,1,7,2,0,0,1,1,0,0,4,11,0,0,4,1,31,0,4,3,4,4,2,6,9,5,3,1,1,2,10,0
-51,1,1,20,1,0,0,1,1,0,1,11,4,0,0,4,1,31,1,3,3,3,3,4,6,8,4,2,1,1,2,11,45
22,0,0,9,1,0,1,1,1,0,1,4,11,0,0,4,1,31,1,1,1,1,1,4,7,7,5,2,1,1,2,10,15
23,0,0,0,1,0,1,1,1,0,0,4,11,0,1,4,1,31,0,1,1,1,1,3,6,6,5,3,0,1,1,9,0
-2,0,0,2,1,0,1,1,1,0,0,1,14,0,0,4,1,31,1,0,0,0,0,2,5,5,4,2,0,0,2,9,15
-34,0,0,9,1,0,1,1,0,0,0,0,6,0,0,4,1,31,1,0,0,0,0,3,4,4,3,2,0,0,2,10,15
-7,0,0,0,1,0,0,1,0,0,0,0,32,0,1,4,1,31,0,0,0,0,0,3,3,3,3,2,0,0,1,9,0
-4,0,0,7,0,0,0,1,0,0,0,0,36,0,0,4,1,31,0,0,0,0,0,2,2,2,2,2,0,0,2,10,0
-26,0,0,3,0,0,0,0,0,0,0,0,40,0,0,4,1,31,0,0,0,0,0,1,1,1,1,1,0,0,2,9,30
-1,31,5,48,5,0,0,0,1,0,0,1,14,1,0,3,1,30,1,42,4,6,11,1,4,14,6,2,5,0,2,17,30
5,27,4,47,8,0,0,1,1,0,0,5,10,0,0,3,1,30,1,37,2,5,7,5,9,15,10,4,5,4,1,17,15
232,27,4,30,8,0,0,1,0,0,0,0,15,0,0,3,1,30,1,37,2,5,7,4,8,14,9,3,5,4,1,14,30
38,27,4,41,8,0,0,1,0,0,0,12,3,0,0,3,1,30,2,36,1,5,7,4,8,13,8,3,5,4,2,16,15
20,26,3,46,7,0,0,1,0,0,0,0,15,0,0,3,1,30,0,36,3,5,9,5,10,12,9,3,4,5,1,17,0
16,26,3,45,7,0,0,1,0,0,0,12,3,0,0,3,1,30,1,35,2,4,8,4,9,11,8,2,3,4,1,16,45
-22,25,2,43,6,0,0,1,0,0,0,13,2,0,0,3,1,30,0,35,4,4,10,5,9,13,8,2,3,3,1,16,30
32,25,2,39,6,0,0,0,0,0,0,12,3,0,0,3,1,30,0,35,4,4,10,4,8,13,7,1,2,3,2,16,0
68,25,2,38,6,0,0,0,0,0,0,10,5,0,0,3,1,30,1,34,3,3,10,4,7,12,6,1,1,2,2,15,45
28,23,0,41,6,0,1,0,0,0,0,8,7,0,0,3,1,30,1,32,1,2,11,6,7,11,7,0,1,1,2,16,15
39,23,0,36,5,0,1,1,0,0,0,14,1,0,0,3,1,30,1,31,0,2,10,5,6,11,7,1,1,1,1,15,30
66,23,0,39,4,0,1,1,0,0,0,10,5,0,0,3,1,30,1,31,0,2,10,4,5,10,6,1,1,1,2,16,0
12,23,0,34,4,0,0,1,0,0,0,7,8,0,0,3,1,30,1,31,0,3,10,3,4,9,5,1,0,1,2,15,15
-15,23,0,36,3,0,0,1,0,0,0,4,11,0,0,3,1,30,0,31,0,3,11,2,3,8,5,1,0,0,1,15,30
-2,23,1,43,2,0,0,1,0,0,0,11,4,0,0,3,1,30,0,31,1,4,11,2,2,8,4,0,0,0,1,16,30
50,23,5,32,2,0,0,1,0,0,0,0,15,0,0,3,1,30,1,30,3,8,12,1,5,8,3,0,0,0,2,15,0
34,22,8,32,4,0,0,1,0,0,0,24,21,0,0,3,1,30,1,27,6,8,12,4,6,11,5,3,0,0,2,15,0
177,21,7,13,4,0,0,1,0,0,0,19,26,0,0,3,1,30,1,26,5,7,12,3,5,10,5,3,0,0,1,11,0
-14,20,6,29,3,0,0,1,0,0,0,18,27,0,0,3,1,30,0,26,5,7,12,2,4,10,5,3,0,0,1,14,15
-10,20,7,34,4,0,0,0,0,0,0,13,32,0,0,3,1,30,1,25,4,7,11,2,4,11,4,2,0,0,2,15,15
-28,17,4,31,6,0,1,0,0,0,0,0,15,0,0,3,1,30,2,21,2,3,9,2,6,12,6,3,0,0,2,14,45
19,15,3,28,5,0,1,0,1,0,0,0,15,0,0,3,1,30,1,20,2,4,11,2,6,13,7,3,0,0,1,13,30
37,13,3,27,5,0,2,0,1,0,0,13,2,0,0,3,1,30,1,18,0,4,10,4,8,12,8,3,0,0,1,13,15
29,13,4,21,5,0,1,0,1,0,0,5,10,0,0,3,1,30,1,18,4,6,12,4,9,13,7,3,0,0,1,12,15
37,13,4,26,4,0,1,0,1,0,0,4,11,0,0,3,1,30,1,18,4,6,12,4,8,12,6,3,0,0,1,13,0
50,13,4,24,3,0,1,0,1,0,0,1,14,0,0,3,1,30,0,18,4,6,12,3,7,11,6,4,0,0,1,12,45
59,12,5,20,4,0,1,0,0,0,0,5,10,0,0,3,1,30,0,17,5,7,12,5,8,13,6,4,0,0,2,12,0
36,11,6,16,3,0,1,1,2,0,0,4,11,0,0,3,1,30,2,14,2,6,9,5,7,12,6,4,0,0,2,11,30
208,10,5,4,3,0,0,1,2,0,0,14,1,0,0,3,1,30,1,14,3,6,11,4,6,11,6,5,0,0,1,9,45
72,10,5,21,2,0,0,1,2,0,0,14,1,0,0,3,1,30,1,14,3,6,11,3,5,10,5,5,0,0,1,12,15
15,10,5,18,2,0,0,0,2,0,0,10,5,0,0,3,1,30,1,14,3,6,12,4,5,9,4,4,0,0,1,11,45
20,9,6,24,2,0,0,0,3,0,0,7,8,0,0,3,1,30,2,12,4,6,11,3,5,10,4,4,0,0,1,12,45
17,9,6,16,3,0,0,0,2,0,0,13,2,0,0,3,1,30,3,11,3,6,11,2,6,11,3,3,0,0,2,11,30
-11,9,6,23,2,0,0,0,2,0,0,11,4,0,0,3,1,30,3,11,3,6,11,1,5,10,2,2,0,0,2,12,30
11,5,3,13,3,0,0,0,3,0,0,10,5,0,0,3,1,30,1,8,3,6,8,4,5,12,6,4,0,0,1,11,0
56,5,4,7,4,0,0,1,2,0,0,2,13,0,0,3,1,30,3,6,1,4,6,4,6,13,5,3,0,0,2,10,15
-3,3,3,9,2,0,0,1,2,0,0,0,15,0,0,3,1,30,0,6,3,6,6,3,6,13,7,4,0,0,2,10,30
33,3,3,9,2,0,0,1,2,0,0,0,15,0,0,3,1,30,0,6,3,6,6,3,6,13,7,4,0,0,2,10,30
27,3,3,6,2,0,0,2,1,0,0,7,8,0,0,3,1,30,1,5,3,5,5,1,5,11,5,3,0,0,2,10,0
4,2,2,11,4,0,0,2,1,0,0,5,10,0,0,3,1,30,2,2,2,2,2,4,9,10,6,4,0,0,2,10,45
22,2,2,15,4,0,0,2,0,0,0,5,10,0,0,3,1,30,2,2,2,2,2,3,8,9,5,4,0,0,2,11,15
-66,1,1,11,4,0,0,2,0,0,0,7,8,0,0,3,1,30,1,1,1,1,1,3,7,8,6,3,0,0,2,10,45
15,0,0,7,5,0,0,1,0,0,0,13,2,0,0,3,1,30,1,0,0,0,0,4,7,7,6,3,0,0,2,10,15
31,0,0,2,5,0,0,0,0,0,0,0,2,0,0,3,1,30,0,0,0,0,0,5,6,6,6,4,0,0,2,9,30
-45,0,0,18,4,0,0,0,0,0,0,0,9,0,0,3,1,30,0,0,0,0,0,4,5,5,5,3,0,0,1,11,45
-6,0,0,1,3,0,0,0,0,0,0,0,10,0,0,3,1,30,0,0,0,0,0,3,4,4,4,2,0,0,2,9,15
-16,0,0,4,2,0,0,0,0,0,0,0,21,0,0,3,1,30,0,0,0,0,0,3,3,3,3,1,0,0,1,9,45
3,0,0,2,1,0,0,0,0,0,0,0,23,0,0,3,1,30,0,0,0,0,0,2,2,2,2,1,0,0,2,9,30
16,0,0,0,0,0,0,0,0,0,0,0,45,0,1,3,1,30,0,0,0,0,0,1,1,1,1,1,0,0,1,9,0
3,25,5,52,2,0,0,2,0,0,0,13,2,1,0,2,1,29,1,48,7,10,16,1,3,12,4,2,7,0,1,17,15
42,20,3,48,4,0,3,5,0,0,0,14,1,0,0,2,1,29,4,39,2,5,11,3,8,16,9,6,7,1,2,16,45
-12,20,3,48,4,0,2,5,0,0,0,13,2,0,0,2,1,29,4,39,2,5,11,2,7,15,8,5,7,1,2,16,45
43,20,3,39,4,0,1,6,0,0,1,7,8,0,0,2,1,29,3,37,3,5,10,4,10,18,10,6,7,3,3,15,45
60,19,3,39,4,0,0,7,0,0,1,3,12,0,0,2,1,29,1,36,2,7,11,7,11,18,12,5,7,3,3,15,45
-6,19,3,41,4,0,0,6,0,0,1,0,15,0,0,2,1,29,1,36,4,7,11,6,11,18,11,4,7,3,2,16,0
47,18,2,46,3,0,0,6,0,0,1,12,3,0,0,2,1,29,0,36,4,7,11,6,10,18,11,3,7,3,2,16,30
49,18,2,44,4,0,0,6,0,0,1,2,13,0,0,2,1,29,2,34,3,6,12,7,10,20,10,3,6,3,2,16,15
91,17,1,30,3,0,0,6,0,0,1,0,15,0,0,2,1,29,1,34,3,6,12,6,9,19,10,3,6,2,2,14,45
18,17,1,41,3,0,0,5,0,0,1,5,10,0,0,2,1,29,0,34,4,7,13,6,9,18,10,3,5,2,2,16,0
63,17,1,35,3,0,0,4,0,0,1,4,11,0,0,2,1,29,0,34,4,7,13,5,8,17,9,3,4,1,2,15,30
18,17,1,35,4,0,1,4,0,0,0,0,15,0,0,2,1,29,2,32,3,5,11,5,7,17,8,3,4,0,2,15,30
-5,17,1,41,4,0,1,3,0,0,0,11,4,0,0,2,1,29,1,32,3,5,11,4,7,16,8,4,4,0,2,16,0
-132,17,1,50,4,0,0,4,0,0,0,2,13,0,0,2,1,29,1,31,3,5,10,4,8,16,8,4,4,0,1,17,0
-47,17,1,46,3,0,0,4,0,0,0,0,15,0,0,2,1,29,1,31,3,5,11,3,7,15,7,4,4,0,2,16,30
-31,16,1,35,4,0,0,4,0,0,0,3,12,0,0,2,1,29,2,29,2,4,10,3,8,17,7,5,4,0,2,15,30
-6,16,1,33,5,0,0,3,0,0,0,8,7,0,0,2,1,29,2,28,1,4,11,4,10,16,7,5,4,0,4,15,15
10,16,4,29,5,0,0,2,1,0,0,9,6,0,0,2,1,29,2,27,1,5,11,5,10,15,7,4,4,0,1,14,30
29,16,4,31,5,0,0,1,1,0,0,28,2,0,0,2,1,29,1,27,2,6,12,6,10,16,7,4,4,0,2,15,0
-59,16,4,50,5,0,0,0,1,0,0,25,5,0,0,2,1,29,1,27,3,6,12,7,9,15,6,4,4,0,1,17,0
-41,16,4,44,4,0,0,0,1,0,0,22,8,0,0,2,1,29,1,27,3,6,12,6,9,14,5,3,4,0,2,16,15
61,16,4,28,4,0,0,0,1,0,0,14,16,0,0,2,1,29,2,26,4,6,12,6,8,13,4,3,4,0,1,14,15
-50,15,4,33,4,0,0,0,1,0,0,3,27,0,0,2,1,29,2,25,4,6,11,5,10,13,4,2,4,1,4,15,15
-39,15,4,31,3,0,0,0,1,0,0,13,2,0,0,2,1,29,1,25,4,7,12,5,9,13,4,1,4,1,2,15,0
12,15,5,26,3,0,0,0,1,0,0,11,4,0,0,2,1,29,2,24,3,7,11,4,8,12,3,1,4,1,1,13,30
-2,15,5,27,3,0,0,0,0,0,0,10,5,0,0,2,1,29,2,24,3,7,11,3,7,11,2,1,4,1,1,14,0
-120,14,4,35,3,0,0,0,0,0,0,4,11,0,0,2,1,29,2,23,2,6,10,3,6,10,2,0,4,1,2,15,30
65,12,2,17,3,0,0,1,0,0,0,0,15,0,0,2,1,29,1,21,2,5,11,5,6,11,4,3,4,2,2,12,15
-5,12,3,25,2,0,0,1,0,0,0,8,7,0,0,2,1,29,0,21,4,6,12,4,6,10,4,3,4,3,1,13,15
45,12,4,19,2,0,0,1,0,0,0,10,5,0,0,2,1,29,1,20,4,6,13,3,5,10,3,2,3,3,2,12,30
19,12,4,23,2,0,0,1,0,0,0,8,7,0,0,2,1,29,2,19,3,5,12,2,4,9,2,1,3,2,1,13,0
-6,12,4,23,1,0,0,1,0,0,0,6,9,0,0,2,1,29,2,19,3,5,12,1,3,8,1,0,3,2,1,13,0
-33,10,3,21,3,0,0,1,0,0,0,18,12,0,0,2,1,29,1,16,2,6,12,3,6,10,4,0,2,3,2,12,45
13,10,4,17,3,0,0,1,0,0,0,14,16,0,0,2,1,29,2,15,2,5,11,2,5,10,3,0,1,2,2,12,15
-25,8,3,21,3,0,0,1,0,0,0,5,10,0,0,2,1,29,1,14,4,7,11,4,5,9,4,2,1,1,2,12,45
28,8,4,14,3,0,0,1,0,0,0,13,2,0,0,2,1,29,1,13,3,6,10,3,4,9,4,2,1,1,2,11,30
3,7,3,19,3,0,0,0,0,0,0,2,13,0,0,2,1,29,0,13,5,8,11,3,4,8,4,1,0,1,2,12,30
-10,7,4,15,5,0,0,0,0,0,0,6,9,0,0,2,1,29,2,10,3,5,9,2,4,10,4,1,0,0,2,11,45
-6,5,3,13,5,0,0,0,0,0,0,21,9,0,0,2,1,29,1,9,4,5,9,2,5,10,5,1,0,0,1,11,15
1,4,3,15,6,0,0,0,1,0,0,8,7,0,0,2,1,29,2,6,2,3,6,4,5,12,6,2,0,0,2,11,45
-16,4,3,12,6,0,0,0,1,0,0,2,13,0,0,2,1,29,3,5,1,3,5,3,4,11,5,1,0,0,1,11,0
33,3,3,10,6,0,0,0,1,0,0,4,11,0,0,2,1,29,3,4,1,4,4,3,6,11,5,1,0,0,1,10,30
97,3,3,2,5,0,0,0,1,0,0,14,1,0,0,2,1,29,3,4,1,4,4,2,6,11,4,1,0,0,2,9,15
47,1,1,10,4,0,0,1,1,0,0,5,10,0,0,2,1,29,1,3,2,3,3,4,6,10,6,4,0,0,1,10,30
10,1,1,8,3,0,0,2,1,0,0,1,14,0,0,2,1,29,2,2,2,2,2,4,7,9,5,4,0,0,1,10,0
18,1,1,9,2,0,0,2,1,0,0,14,1,0,0,2,1,29,2,2,2,2,2,3,7,8,4,3,0,0,2,10,15
-1,1,1,6,2,0,0,2,0,0,0,13,2,0,0,2,1,29,2,2,2,2,2,2,6,7,3,3,0,0,1,9,45
44,0,0,0,1,0,0,3,0,0,1,0,15,0,1,2,1,29,2,0,0,0,0,2,6,6,4,3,0,0,2,9,0
-21,0,0,2,1,0,0,3,0,0,0,0,21,0,0,2,1,29,0,0,0,0,0,4,5,5,5,2,0,0,2,9,15
-23,0,0,4,1,0,0,2,0,0,0,0,30,0,0,2,1,29,0,0,0,0,0,4,4,4,4,2,0,0,2,9,30
12,0,0,6,0,0,0,2,0,0,0,0,36,0,0,2,1,29,0,0,0,0,0,3,3,3,3,2,0,0,1,9,45
5,0,0,0,0,0,0,1,0,0,0,0,44,0,1,2,1,29,0,0,0,0,0,2,2,2,2,1,0,0,2,9,0
-36,0,0,4,0,0,0,0,0,0,0,0,60,0,0,2,1,29,0,0,0,0,0,1,1,1,1,0,0,0,2,9,30
-2,41,7,52,2,0,1,2,0,0,0,6,24,1,0,6,1,26,2,48,4,7,13,2,4,9,4,2,6,2,2,17,30
20,39,8,51,3,0,1,2,0,0,0,11,4,0,0,6,1,26,2,46,4,7,12,3,4,8,5,2,6,2,2,17,0
19,37,8,50,4,0,0,2,1,0,0,3,12,0,0,6,1,26,2,44,3,6,11,2,5,7,6,4,6,2,1,16,45
55,35,6,48,5,0,0,1,1,0,0,8,7,0,0,6,1,26,1,43,3,6,12,1,5,7,7,4,5,2,1,16,30
54,32,6,43,5,0,0,3,1,0,1,1,14,0,0,6,1,26,2,39,3,5,9,4,5,12,9,7,4,1,2,15,45
29,30,4,39,6,0,0,3,1,0,0,7,8,0,0,6,1,26,1,38,3,4,9,4,4,13,10,7,4,0,2,15,15
28,30,4,45,6,0,0,3,0,0,0,6,9,0,0,6,1,26,1,38,3,5,9,3,3,12,9,6,4,0,1,16,0
14,29,4,52,5,0,0,3,0,0,0,0,15,1,0,6,1,26,0,38,4,5,10,2,3,13,9,6,4,1,2,17,30
38,28,4,47,6,0,0,3,0,0,0,14,1,0,0,6,1,26,1,36,2,6,8,1,4,15,9,5,4,2,2,16,15
23,26,5,45,7,0,0,4,0,0,0,3,12,0,0,6,1,26,2,33,3,5,9,6,11,18,10,5,3,2,1,16,0
27,24,3,43,7,0,0,5,0,0,0,4,11,0,0,6,1,26,2,31,1,3,10,6,13,17,11,6,2,1,2,15,45
9,24,3,48,8,0,0,4,0,0,0,0,15,0,0,6,1,26,3,30,1,2,9,5,12,16,10,5,2,0,1,16,30
40,24,3,37,8,0,0,3,0,0,0,44,1,0,0,6,1,26,3,30,1,2,9,5,11,15,9,4,2,0,2,15,0
22,23,2,41,7,0,0,3,0,0,0,40,5,0,0,6,1,26,2,30,1,2,9,4,11,14,9,4,2,0,2,15,30
49,23,2,34,6,0,0,3,0,0,0,38,7,0,0,6,1,26,2,30,1,2,9,3,10,13,8,3,2,0,2,14,45
35,22,2,41,6,0,0,2,0,0,0,21,24,0,0,6,1,26,0,30,2,5,11,6,10,12,9,3,2,0,2,15,30
16,22,3,37,5,0,0,3,0,0,0,15,30,0,0,6,1,26,1,29,1,4,11,7,10,12,8,2,2,0,2,15,0
-13,22,3,32,4,0,0,3,0,0,0,8,37,0,0,6,1,26,1,29,1,5,12,7,10,11,7,2,2,0,1,14,15
12,22,3,34,3,0,0,3,0,0,0,4,41,0,0,6,1,26,2,28,1,4,12,6,9,10,6,2,2,0,2,14,45
25,22,3,34,2,0,0,3,0,0,0,4,41,0,0,6,1,26,2,28,1,4,12,5,8,9,5,1,2,0,2,14,45
1,21,3,33,2,0,0,2,0,0,0,0,45,0,0,6,1,26,1,28,1,5,12,4,7,8,5,1,2,0,3,14,30
54,21,4,31,1,0,0,2,0,0,0,5,10,0,0,6,1,26,0,28,3,7,13,4,6,7,5,0,2,0,1,13,30
206,21,4,13,1,0,0,1,0,0,0,4,11,0,0,6,1,26,0,28,3,7,13,4,5,6,4,0,2,0,3,10,45
49,21,4,27,1,0,0,0,0,0,0,12,3,0,0,6,1,26,0,28,3,7,15,3,4,5,3,0,2,0,1,12,45
41,20,4,30,0,0,0,0,0,0,1,9,6,0,0,6,1,26,0,27,5,8,17,3,3,9,3,0,2,0,1,13,15
-112,20,4,39,0,0,0,2,0,0,1,5,10,0,0,6,1,26,2,25,4,6,15,2,3,8,2,0,2,0,2,15,15
0,19,5,29,1,0,0,2,0,0,0,23,7,0,0,6,1,26,1,24,3,7,17,1,2,7,3,1,2,0,1,13,0
22,16,8,23,4,0,0,3,0,0,0,6,9,0,0,6,1,26,2,19,4,9,17,1,6,14,6,4,2,1,2,12,0
92,12,7,18,8,0,0,4,0,0,0,11,4,0,0,6,1,26,2,13,5,8,13,5,12,20,11,7,2,2,2,11,15
-7,12,7,27,9,0,0,3,0,0,0,10,5,0,0,6,1,26,3,12,5,7,12,4,11,19,10,7,2,2,1,12,45
63,11,7,15,9,0,0,2,0,0,0,2,13,0,0,6,1,26,2,12,6,9,12,3,10,20,10,7,2,2,2,11,0
10,9,5,20,8,0,0,3,0,0,0,14,1,0,0,6,1,26,1,11,5,8,11,2,9,20,11,8,2,2,1,11,30
-11,9,5,23,7,0,0,3,0,0,0,13,2,0,0,6,1,26,1,11,5,8,11,3,8,19,10,8,1,2,2,12,0
-3,7,5,25,9,0,0,4,0,0,1,14,1,0,0,6,1,26,3,6,3,5,6,7,11,20,12,8,1,1,2,12,15
-7,7,5,13,9,0,0,4,0,0,0,13,2,0,0,6,1,26,3,6,3,5,6,6,10,19,11,7,1,1,3,10,45
18,7,5,25,8,0,0,4,0,0,0,11,4,0,0,6,1,26,3,6,3,5,6,5,10,18,10,6,1,1,2,12,15
19,6,4,20,7,0,0,4,0,0,0,5,10,0,0,6,1,26,2,6,4,5,6,6,11,18,10,5,1,1,1,11,30
53,6,5,8,7,0,0,3,0,0,0,1,14,0,0,6,1,26,2,6,4,5,6,7,10,17,9,4,0,1,2,10,15
21,5,4,11,7,0,0,3,0,0,0,11,4,0,0,6,1,26,1,5,3,5,5,6,10,16,10,5,0,0,2,10,30
-34,5,4,22,7,0,0,2,0,0,0,11,4,0,0,6,1,26,1,5,3,5,5,5,9,15,9,5,0,0,2,11,45
20,4,4,15,7,0,0,3,0,0,0,7,8,0,0,6,1,26,2,3,2,3,3,5,12,14,9,4,0,0,2,11,0
60,4,4,6,7,0,0,3,0,0,0,6,9,0,0,6,1,26,3,2,1,2,2,5,11,13,8,4,0,0,3,10,0
0,4,4,15,6,0,0,3,0,0,0,4,11,0,0,6,1,26,3,2,1,2,2,5,11,12,7,3,0,0,2,11,0
20,4,4,18,5,0,0,3,0,0,0,3,12,0,0,6,1,26,3,2,1,2,2,4,10,11,6,3,0,0,2,11,15
17,2,2,2,5,0,0,3,0,0,0,12,3,0,0,6,1,26,1,1,1,1,1,8,9,10,8,4,0,0,2,9,30
18,2,2,4,4,0,0,3,0,0,0,6,9,0,0,6,1,26,1,1,1,1,1,7,8,9,7,3,0,0,2,9,45
-16,2,2,11,3,0,0,3,0,0,0,5,10,0,0,6,1,26,1,1,1,1,1,7,8,8,6,3,0,0,2,10,30
53,1,1,4,3,0,0,2,0,0,0,1,14,0,0,6,1,26,0,1,1,1,1,6,7,7,6,2,0,0,2,9,45
-31,1,1,8,4,0,0,1,0,0,0,8,7,0,0,6,1,26,1,0,0,0,0,5,6,6,5,2,0,0,2,10,15
3,1,1,1,3,0,0,1,0,0,0,4,11,0,0,6,1,26,1,0,0,0,0,4,5,5,4,1,0,0,2,9,15
10,0,0,8,2,0,0,1,0,0,0,0,15,0,0,6,1,26,0,0,0,0,0,3,4,4,4,1,0,0,2,10,15
14,0,0,6,2,0,0,0,0,0,0,0,3,0,0,6,1,26,0,0,0,0,0,2,3,3,3,1,0,0,3,10,0
0,0,0,0,1,0,0,0,0,0,0,0,9,0,1,6,1,26,0,0,0,0,0,1,2,2,2,0,0,0,1,9,0
1,0,0,2,0,0,0,0,0,0,0,0,40,0,0,6,1,26,0,0,0,0,0,1,1,1,1,0,0,0,2,9,30
7,32,4,52,4,0,0,2,0,0,0,10,5,1,0,5,1,25,2,46,1,6,10,3,6,12,5,3,8,1,1,17,30
10,31,4,51,4,0,0,2,0,0,0,12,3,0,0,5,1,25,2,45,2,7,9,2,7,14,5,3,8,1,1,17,15
12,31,4,48,3,0,0,2,0,0,0,12,3,0,0,5,1,25,2,45,2,7,9,1,6,13,4,3,8,1,1,17,0
22,29,5,46,4,0,1,2,0,0,0,9,6,0,0,5,1,25,1,41,4,6,11,5,9,14,7,4,8,3,3,16,45
31,29,5,46,5,0,1,1,0,0,0,7,8,0,0,5,1,25,2,41,3,5,10,4,8,13,6,3,7,3,3,16,45
52,29,6,48,4,0,1,1,0,0,0,13,2,0,0,5,1,25,2,41,4,5,10,4,7,13,5,2,7,2,1,17,0
12,28,5,43,5,0,1,1,0,0,0,4,11,0,0,5,1,25,2,39,3,3,10,4,6,13,6,1,7,2,1,16,15
13,27,4,41,5,0,1,1,0,0,0,13,2,0,0,5,1,25,2,38,2,2,10,3,8,12,6,1,7,2,2,16,0
-17,27,4,48,5,0,1,0,0,0,0,4,11,0,0,5,1,25,2,38,2,2,10,4,7,11,5,1,6,2,1,17,0
30,25,2,38,5,0,1,0,0,0,0,13,2,0,0,5,1,25,1,37,1,1,9,3,7,10,6,1,5,1,1,15,30
35,25,2,41,5,0,1,0,0,0,0,13,2,0,0,5,1,25,2,36,0,3,10,5,7,9,5,1,5,0,2,16,0
19,25,2,38,4,0,1,0,0,0,0,11,4,0,0,5,1,25,2,36,0,4,10,4,6,9,4,1,5,0,1,15,30
-5,23,0,45,3,0,1,0,0,0,0,0,15,0,0,5,1,25,0,36,3,7,13,5,7,10,5,1,5,0,2,16,30
9,23,0,36,2,0,1,0,0,0,0,0,15,0,0,5,1,25,0,36,3,7,13,4,6,9,4,1,5,0,2,15,15
15,23,0,34,1,0,1,0,0,0,0,14,1,0,0,5,1,25,0,36,3,7,14,3,5,8,3,0,5,0,2,15,0
29,23,1,36,1,0,0,0,0,0,0,4,11,0,0,5,1,25,0,36,5,8,14,2,4,8,2,0,5,0,2,15,15
-2,23,2,43,2,0,0,0,0,0,0,23,7,0,0,5,1,25,2,34,4,7,13,3,3,9,1,0,5,0,1,16,15
-26,23,4,34,2,0,0,2,0,0,0,0,30,0,0,5,1,25,2,31,3,7,13,2,4,9,3,2,5,1,2,15,0
-80,23,5,40,2,0,0,1,0,0,0,40,5,0,0,5,1,25,2,31,3,7,13,1,3,8,2,2,5,1,2,15,45
-35,19,4,31,5,0,0,2,0,0,0,11,4,0,0,5,1,25,0,26,4,6,15,3,7,14,8,2,4,4,2,14,45
-14,19,4,30,6,0,0,2,0,0,0,8,7,0,0,5,1,25,2,24,2,5,13,2,6,14,7,2,4,3,3,14,15
-19,18,5,31,5,0,0,2,0,0,0,7,8,0,0,5,1,25,1,24,4,7,15,4,5,16,7,3,4,3,2,14,45
27,17,5,24,6,0,0,2,0,0,0,5,10,0,0,5,1,25,2,22,3,7,16,4,7,18,7,3,3,4,1,13,0
-36,16,6,31,7,0,0,1,0,0,0,10,5,0,0,5,1,25,2,21,3,7,15,3,9,17,7,3,2,3,2,14,45
24,16,6,28,6,0,0,1,0,0,0,10,5,0,0,5,1,25,2,21,3,7,15,2,8,16,6,3,1,2,1,13,30
24,15,5,27,6,0,0,1,0,0,0,2,13,0,0,5,1,25,1,20,4,8,14,1,8,15,7,4,1,1,2,13,15
15,12,4,22,8,0,1,1,0,0,1,1,14,0,0,5,1,25,2,15,3,7,14,7,13,18,10,7,0,1,3,12,45
-23,12,4,24,8,0,1,0,0,0,1,10,5,0,0,5,1,25,2,15,4,7,14,6,12,17,9,6,0,0,1,13,0
35,12,6,17,7,0,1,0,0,0,1,6,9,0,0,5,1,25,2,15,4,9,14,6,12,16,8,5,0,0,1,12,0
3,12,6,17,7,0,1,0,0,0,0,3,12,0,0,5,1,25,2,15,4,9,14,5,11,15,7,5,0,0,1,12,0
45,11,5,22,7,0,1,0,0,0,0,14,1,0,0,5,1,25,2,14,4,8,14,6,10,14,7,5,0,0,3,12,45
-87,10,4,28,6,0,1,0,0,0,0,11,4,0,0,5,1,25,1,14,5,8,14,6,9,14,7,5,0,0,1,13,30
11,10,4,24,6,0,2,0,0,0,0,6,9,0,0,5,1,25,2,12,3,6,12,5,8,16,7,5,0,0,1,13,0
31,9,4,13,6,0,1,1,0,0,0,9,6,0,0,5,1,25,2,11,4,7,11,6,8,16,7,5,0,0,2,11,15
16,9,6,20,6,0,1,1,0,0,0,2,13,0,0,5,1,25,2,10,4,7,10,6,7,15,7,5,0,0,2,12,30
106,9,6,8,5,0,1,1,0,0,0,0,15,0,0,5,1,25,2,10,4,7,10,5,6,14,6,5,0,0,1,10,30
4,9,6,19,5,0,1,1,0,0,0,12,3,0,0,5,1,25,2,9,3,6,9,4,7,13,6,4,0,0,2,12,15
30,9,7,11,5,0,0,1,0,0,0,4,11,0,0,5,1,25,2,9,3,7,9,3,6,12,5,3,0,0,1,11,0
-53,8,6,20,5,0,0,1,0,0,0,2,13,0,0,5,1,25,2,8,2,7,8,2,6,11,5,3,0,0,2,12,30
13,6,5,14,4,0,0,3,0,0,0,7,8,0,0,5,1,25,2,6,2,5,6,2,5,10,6,2,0,0,1,11,30
-32,5,5,16,4,0,0,3,0,0,0,13,2,0,0,5,1,25,1,5,4,5,5,4,9,13,7,3,0,0,2,11,45
-9,3,3,14,3,0,2,3,0,0,0,0,15,0,0,5,1,25,1,3,3,3,3,3,8,12,8,5,0,0,1,11,30
68,3,3,3,2,0,2,3,0,0,0,13,2,0,0,5,1,25,1,3,3,3,3,3,7,11,7,5,0,0,2,9,45
7,2,2,7,3,0,1,3,0,0,0,3,12,0,0,5,1,25,1,2,2,2,2,5,6,10,7,6,0,0,2,10,15
78,1,1,3,3,0,2,3,0,0,0,13,2,0,0,5,1,25,1,0,0,0,0,5,7,9,8,6,0,0,2,9,45
37,0,0,1,3,0,1,3,0,0,0,11,4,0,0,5,1,25,0,0,0,0,0,4,7,8,8,5,0,0,2,9,30
55,0,0,5,2,0,1,3,0,0,0,8,7,0,0,5,1,25,0,0,0,0,0,3,6,7,7,4,0,0,1,10,0
-69,0,0,11,2,0,0,3,0,0,0,6,9,0,0,5,1,25,0,0,0,0,0,2,5,6,6,4,0,0,1,11,0
-12,0,0,10,2,0,0,2,0,0,0,0,15,0,0,5,1,25,0,0,0,0,0,1,5,5,5,3,0,0,2,10,45
2,0,0,8,2,0,0,1,0,0,0,0,24,0,0,5,1,25,0,0,0,0,0,4,4,4,4,2,0,0,1,10,30
17,0,0,5,2,0,0,0,0,0,0,0,31,0,0,5,1,25,0,0,0,0,0,3,3,3,3,1,0,0,1,10,0
11,0,0,1,1,0,0,0,0,0,0,0,33,0,0,5,1,25,0,0,0,0,0,2,2,2,2,0,0,0,2,9,30
39,0,0,0,0,0,0,0,0,0,0,0,42,0,1,5,1,25,0,0,0,0,0,1,1,1,1,0,0,0,2,9,15
43,32,8,46,4,0,2,2,0,0,0,1,14,1,0,4,1,24,0,38,5,8,11,4,6,12,9,3,6,2,1,17,30
52,32,8,41,3,0,2,3,0,0,0,14,1,0,0,4,1,24,1,37,4,8,10,3,5,11,8,3,6,2,1,16,30
23,32,8,45,3,0,2,2,0,0,0,12,3,0,0,4,1,24,1,37,4,8,10,2,4,11,7,3,6,2,1,17,15
25,30,7,39,5,0,1,3,0,0,0,7,8,0,0,4,1,24,2,34,4,7,9,2,7,11,8,5,6,3,2,16,15
26,27,6,37,7,0,1,3,0,0,0,0,15,0,0,4,1,24,2,31,3,4,9,4,8,14,10,8,5,3,2,16,0
2,25,4,37,8,0,1,2,0,0,0,1,14,0,0,4,1,24,1,30,3,3,10,6,7,14,11,8,4,2,2,16,0
26,24,3,41,8,0,1,2,0,0,0,10,5,0,0,4,1,24,1,29,2,2,9,5,7,14,11,8,4,1,1,16,30
18,23,2,43,7,0,1,2,0,0,0,6,9,0,0,4,1,24,0,29,2,2,10,5,6,13,11,8,4,1,1,16,45
14,23,3,34,8,0,1,2,0,0,0,9,6,0,0,4,1,24,2,27,0,2,10,4,6,12,10,7,3,1,1,15,30
6,23,3,39,7,0,1,2,0,0,0,8,7,0,0,4,1,24,2,27,0,2,10,3,5,11,9,6,3,0,2,16,15
7,23,3,30,6,0,1,2,0,0,0,3,12,0,0,4,1,24,2,27,0,3,10,2,7,11,8,6,3,0,2,15,0
19,23,4,34,6,0,1,1,0,0,0,7,8,0,0,4,1,24,2,27,0,4,10,2,6,11,7,5,3,0,1,15,30
14,21,6,36,5,0,1,1,0,0,0,58,2,0,0,4,1,24,0,27,3,7,10,5,8,12,8,4,3,2,2,15,45
3,21,7,32,5,0,1,0,0,0,0,51,9,0,0,4,1,24,0,27,4,8,12,4,7,12,7,3,3,2,2,15,15
29,20,8,30,4,0,2,0,0,0,1,37,23,0,0,4,1,24,1,24,4,8,11,5,7,12,7,3,3,2,2,15,0
16,20,8,32,4,0,2,0,0,0,1,36,24,0,0,4,1,24,2,24,3,7,11,4,6,11,6,3,3,2,2,15,15
31,20,8,29,3,0,2,0,0,0,1,35,25,0,0,4,1,24,2,24,4,7,12,3,5,10,5,2,3,2,2,14,45
25,18,7,44,3,0,1,1,0,0,1,18,42,0,0,4,1,24,1,23,4,6,13,3,6,13,6,1,2,3,1,17,0
57,17,6,24,4,0,1,1,0,0,0,14,46,0,0,4,1,24,1,22,4,5,12,2,5,13,6,1,2,2,1,13,0
3,15,4,28,4,0,1,2,0,0,0,14,1,0,0,4,1,24,1,20,3,3,10,3,5,13,7,1,1,2,1,14,30
19,12,1,27,4,0,1,3,1,0,0,8,7,0,0,4,1,24,1,17,0,2,10,3,6,16,9,1,1,1,1,14,15
47,12,1,21,4,0,1,2,1,0,0,14,1,0,0,4,1,24,1,17,0,5,10,3,6,15,8,1,1,1,2,12,45
50,11,1,21,4,0,0,2,1,0,0,7,8,0,0,4,1,24,0,17,2,6,10,3,6,15,8,2,0,1,2,12,45
53,11,3,19,3,0,0,2,1,0,0,5,10,0,0,4,1,24,0,17,5,7,12,3,9,15,7,2,0,0,3,12,30
28,11,3,26,2,0,1,2,1,0,0,8,7,0,0,4,1,24,1,16,5,8,12,4,8,14,6,2,0,0,1,13,15
25,11,4,17,3,0,1,2,0,0,0,1,14,0,0,4,1,24,1,15,5,8,11,6,8,14,6,3,0,0,2,12,15
-38,11,6,21,5,0,1,2,0,0,0,0,15,0,0,4,1,24,2,12,2,5,10,6,10,14,7,4,0,0,2,12,45
60,10,5,15,4,0,2,2,0,0,0,9,6,0,0,4,1,24,2,11,3,4,9,5,10,14,7,3,0,0,2,12,0
14,9,4,24,4,0,2,2,0,0,0,4,11,0,0,4,1,24,2,10,2,4,9,5,9,14,7,3,0,0,1,13,0
39,9,4,19,4,0,2,1,0,0,0,3,12,0,0,4,1,24,2,10,2,4,9,4,8,13,6,2,0,0,3,12,30
70,9,4,13,4,0,2,0,0,0,0,3,12,0,0,4,1,24,2,10,3,5,9,3,7,12,5,2,0,0,2,11,45
13,9,5,12,4,0,1,0,0,0,0,8,7,0,0,4,1,24,2,10,3,5,9,5,7,11,4,2,0,0,2,11,30
20,7,4,11,6,0,0,0,0,0,0,21,9,0,0,4,1,24,1,8,1,4,8,5,6,10,6,4,0,0,1,11,15
36,7,4,9,6,0,0,0,0,0,0,15,15,0,0,4,1,24,2,7,2,3,7,4,7,10,5,4,0,0,1,10,45
-2,7,5,15,5,0,0,0,0,0,0,10,20,0,0,4,1,24,2,7,2,3,7,4,6,10,4,3,0,0,2,12,0
-29,7,5,17,4,0,0,0,0,0,0,9,21,0,0,4,1,24,2,7,2,3,7,3,5,9,3,2,0,0,2,12,15
23,5,3,9,3,0,0,0,0,0,0,10,5,0,0,4,1,24,0,7,3,5,7,2,5,10,4,3,0,0,1,10,45
21,5,5,8,3,0,0,0,1,0,0,14,1,0,0,4,1,24,2,5,1,4,5,3,5,9,3,2,0,0,2,10,30
-30,3,3,13,3,0,0,0,1,0,0,3,12,0,0,4,1,24,1,4,3,4,4,4,4,9,4,2,0,0,2,11,45
26,3,3,6,2,0,0,0,1,0,0,0,15,0,0,4,1,24,1,4,3,4,4,3,4,8,3,2,0,0,1,10,0
36,2,2,4,3,0,0,1,0,0,0,13,2,0,0,4,1,24,2,2,1,2,2,2,6,7,3,3,0,0,1,9,45
33,1,1,7,2,0,0,1,0,0,0,8,7,0,0,4,1,24,0,2,1,2,2,1,5,6,4,3,0,0,1,10,15
0,0,0,2,2,0,1,1,0,0,0,2,13,0,0,4,1,24,1,0,0,0,0,4,5,5,4,3,0,0,2,9,30
-5,0,0,4,1,0,1,1,0,0,0,0,2,0,0,4,1,24,1,0,0,0,0,3,4,4,3,2,0,0,1,9,45
41,0,0,1,0,0,1,1,0,0,0,0,8,0,0,4,1,24,0,0,0,0,0,2,3,3,3,1,0,0,2,9,15
-2,0,0,0,0,0,0,1,0,0,0,0,15,0,1,4,1,24,0,0,0,0,0,2,2,2,2,0,0,0,1,9,0
8,0,0,2,0,0,0,0,0,0,0,0,42,0,0,4,1,24,0,0,0,0,0,1,1,1,1,0,0,0,2,9,30
17,29,2,49,3,0,0,3,0,0,0,4,1,0,0,3,1,23,1,48,3,6,13,5,8,12,6,3,5,3,2,16,50
22,29,2,52,2,0,0,3,0,0,0,0,5,0,0,3,1,23,1,48,3,6,13,4,7,12,5,2,5,2,1,17,15
15,29,2,54,2,0,0,3,0,0,0,10,5,1,0,3,1,23,2,47,2,5,13,4,7,12,4,1,5,2,1,17,30
38,29,2,48,2,0,0,2,0,0,0,6,9,0,0,3,1,23,2,47,3,6,14,3,6,11,3,1,4,2,1,16,45
-3,28,2,46,3,0,0,2,0,0,0,11,4,0,0,3,1,23,2,45,2,5,13,4,5,12,4,2,4,1,1,16,30
4,27,3,46,2,0,0,2,0,0,0,10,5,0,0,3,1,23,1,45,3,8,14,4,5,12,4,2,4,1,1,16,30
-5,27,3,50,3,0,1,1,0,0,0,3,12,0,0,3,1,23,3,43,3,7,12,3,5,12,3,1,4,1,2,17,0
-21,27,4,52,2,0,1,1,0,0,0,12,3,0,0,3,1,23,1,43,3,7,13,2,4,12,4,1,3,1,1,17,15
21,27,5,44,1,0,1,2,0,0,0,14,1,0,0,3,1,23,2,42,4,7,13,1,6,13,3,1,3,0,1,16,0
-17,25,6,45,3,0,2,3,0,0,0,11,4,0,0,3,1,23,3,37,3,6,11,5,8,16,6,4,3,1,2,16,15
-7,24,5,41,3,0,1,4,0,0,0,7,8,0,0,3,1,23,3,36,2,5,10,4,8,15,6,4,3,1,1,15,45
12,23,4,38,2,0,1,4,0,0,0,11,4,0,0,3,1,23,2,36,4,7,12,5,8,15,6,3,3,1,1,15,15
16,22,3,36,3,0,0,4,0,0,0,1,14,0,0,3,1,23,1,35,4,6,12,4,9,15,7,4,3,1,2,15,0
-8,22,3,41,3,0,0,3,0,0,0,14,1,0,0,3,1,23,1,35,4,6,12,3,8,14,6,3,3,1,1,15,45
-62,21,4,50,4,0,0,2,0,0,1,6,9,0,0,3,1,23,2,33,2,4,11,4,8,13,6,3,2,1,2,17,0
25,21,4,32,4,0,0,1,0,0,1,4,11,0,0,3,1,23,2,33,2,4,12,3,7,12,5,3,2,0,2,14,30
9,19,4,32,4,0,0,2,0,0,1,44,1,0,0,3,1,23,1,31,2,4,13,5,8,11,7,4,2,1,2,14,30
12,19,4,34,3,0,0,2,0,0,1,40,5,0,0,3,1,23,1,31,2,5,13,4,8,11,6,4,2,1,2,14,45
11,19,5,36,2,0,0,2,0,0,1,32,13,0,0,3,1,23,1,31,2,5,14,4,8,12,5,4,2,1,2,15,0
-22,19,5,34,3,0,0,2,0,0,1,26,19,0,0,3,1,23,3,29,1,5,13,3,7,12,4,3,2,1,2,14,45
48,19,5,30,2,0,0,2,0,0,1,24,21,0,0,3,1,23,2,29,1,5,13,3,6,11,4,2,2,1,1,13,30
-38,17,4,40,2,0,0,1,0,0,1,6,39,0,0,3,1,23,0,29,3,7,17,4,6,12,5,2,2,1,3,15,30
21,17,6,27,3,0,0,1,0,0,0,10,5,0,0,3,1,23,1,28,4,7,16,4,5,12,4,1,1,1,1,13,15
-110,16,5,41,4,0,0,0,0,0,0,4,11,0,0,3,1,23,1,27,4,7,17,4,4,11,4,2,1,0,1,15,45
17,15,5,31,4,0,0,0,0,0,0,13,2,0,0,3,1,23,1,26,3,8,16,3,4,12,4,3,1,1,2,14,15
23,14,4,27,3,0,0,0,0,0,0,2,13,0,0,3,1,23,0,26,5,9,16,2,5,13,4,2,1,1,1,13,15
15,14,4,26,2,0,1,1,0,0,0,7,8,0,0,3,1,23,2,24,3,8,14,1,5,12,3,2,1,1,3,13,0
-25,10,4,27,5,0,1,2,0,0,1,13,2,0,0,3,1,23,2,18,4,8,13,4,9,18,8,6,0,1,1,13,15
11,10,4,23,4,0,1,2,0,0,1,8,7,0,0,3,1,23,2,18,5,8,14,5,9,19,7,5,0,0,1,12,30
34,10,4,23,3,0,1,2,0,0,1,6,9,0,0,3,1,23,2,18,6,8,14,4,8,18,6,4,0,0,1,12,30
32,10,4,16,4,0,1,3,0,0,0,12,3,0,0,3,1,23,2,16,4,6,13,4,8,18,7,6,0,0,2,11,45
11,9,3,20,4,0,1,4,0,0,0,11,4,0,0,3,1,23,1,14,4,4,12,5,8,17,9,7,0,0,2,12,15
21,9,3,20,4,0,1,3,0,0,0,11,4,0,0,3,1,23,1,14,4,5,12,5,7,16,8,7,0,0,2,12,15
-9,8,3,18,4,0,1,4,0,0,0,2,13,0,0,3,1,23,2,12,2,4,10,4,7,16,8,7,0,0,3,12,0
-14,7,2,20,6,0,0,4,0,0,0,1,14,0,0,3,1,23,2,10,0,5,9,4,11,16,9,6,0,0,2,12,15
-16,7,3,18,5,0,0,4,0,0,0,14,1,0,0,3,1,23,2,10,0,5,9,4,10,15,8,5,0,0,3,12,0
154,6,2,9,4,0,0,4,0,0,0,11,4,0,0,3,1,23,1,10,0,5,9,3,10,14,8,6,0,0,2,10,45
-20,6,2,25,3,0,0,4,0,0,0,2,13,0,0,3,1,23,0,10,2,6,10,3,11,15,8,6,0,0,1,12,45
37,6,4,11,3,0,0,3,0,0,0,0,15,0,0,3,1,23,0,10,5,8,10,7,10,15,7,5,0,0,2,11,0
22,6,4,15,5,0,0,2,0,0,0,4,11,0,0,3,1,23,2,8,4,6,8,9,10,15,6,4,0,0,2,11,30
29,5,3,9,4,0,1,2,0,0,0,11,4,0,0,3,1,23,1,7,4,5,7,8,10,14,7,3,0,0,2,10,45
-17,5,3,16,3,0,1,2,0,0,0,7,8,0,0,3,1,23,1,7,5,6,7,7,9,13,6,2,0,0,2,11,45
-8,5,3,13,2,0,2,2,0,0,0,6,9,0,0,3,1,23,2,6,4,5,6,6,8,12,5,2,0,0,1,11,15
-31,5,4,11,1,0,2,2,0,0,0,3,12,0,0,3,1,23,1,6,4,5,6,5,7,11,5,2,0,0,2,11,0
-191,5,4,38,2,0,2,1,0,0,0,2,13,0,0,3,1,23,2,5,3,4,5,4,6,10,4,2,0,0,1,15,15
2,4,3,7,1,0,2,1,0,0,0,12,3,0,0,3,1,23,1,5,3,4,5,3,5,9,4,2,0,0,2,10,30
-10,4,3,7,1,0,1,1,0,0,0,8,7,0,0,3,1,23,1,5,3,5,5,3,4,8,3,2,0,0,2,10,30
8,4,4,13,1,0,1,1,0,0,0,4,11,0,0,3,1,23,2,4,2,4,4,2,4,7,2,1,0,0,1,11,15
15,2,2,4,3,0,0,1,0,0,0,9,6,0,0,3,1,23,0,2,1,2,2,2,6,7,5,3,0,0,2,10,0
4,2,2,3,2,0,0,1,0,0,0,0,15,0,0,3,1,23,0,2,2,2,2,3,5,6,4,2,0,0,1,9,45
-14,0,0,5,3,0,0,1,0,0,0,5,10,0,0,3,1,23,0,0,0,0,0,4,4,5,5,2,0,0,2,10,15
-19,0,0,5,3,0,0,0,0,0,0,4,11,0,0,3,1,23,0,0,0,0,0,3,3,4,4,2,0,0,2,10,15
16,0,0,2,2,0,0,0,0,0,0,0,13,0,0,3,1,23,0,0,0,0,0,2,3,3,3,1,0,0,1,9,30
5,0,0,0,1,0,0,0,0,0,0,0,17,0,1,3,1,23,0,0,0,0,0,1,2,2,2,0,0,0,1,9,0
4,0,0,1,0,0,0,0,0,0,0,0,59,0,0,3,1,23,0,0,0,0,0,1,1,1,1,0,0,0,1,9,15
22,44,8,53,4,0,0,0,0,0,0,5,10,0,0,2,1,22,1,51,6,10,17,2,5,10,4,1,2,0,1,17,15
20,43,8,54,4,0,0,1,0,0,0,14,1,0,0,2,1,22,1,49,6,9,16,1,6,10,5,2,2,0,1,17,30
-1,38,7,52,5,0,3,3,0,0,0,8,7,0,0,2,1,22,3,42,4,6,10,5,7,11,9,6,2,0,1,17,0
39,36,5,51,4,0,3,3,1,0,0,14,1,0,0,2,1,22,2,41,3,6,11,4,7,11,10,6,2,0,1,16,45
16,36,6,48,3,0,3,3,1,0,0,7,8,0,0,2,1,22,2,41,3,7,11,4,6,13,9,6,2,0,1,16,15
118,36,6,48,2,0,3,3,1,0,0,5,10,0,0,2,1,22,2,41,4,7,11,3,5,13,8,5,2,0,1,16,15
13,36,6,50,2,0,2,3,1,0,0,3,12,0,0,2,1,22,2,41,4,7,11,2,4,13,7,4,2,0,1,16,30
19,33,5,46,4,0,1,3,2,0,0,8,7,0,0,2,1,22,2,38,4,5,11,3,5,13,9,5,2,0,2,16,0
57,32,4,44,5,0,0,3,2,0,0,14,1,0,0,2,1,22,2,37,4,5,11,3,4,12,9,5,2,0,2,15,45
82,31,4,41,7,0,0,2,2,0,0,0,15,0,0,2,1,22,3,35,2,5,10,3,5,13,9,6,2,1,2,15,30
63,29,3,46,7,0,1,2,2,0,0,1,14,0,0,2,1,22,3,33,1,3,10,2,9,13,10,7,2,1,2,16,0
17,28,3,39,6,0,1,2,2,0,0,11,4,0,0,2,1,22,1,33,1,4,10,2,8,13,11,9,2,1,3,15,15
29,28,5,41,7,0,1,1,2,0,0,12,3,0,0,2,1,22,1,32,2,6,12,7,9,14,11,8,1,1,2,15,30
40,27,5,35,7,0,1,2,1,0,0,2,13,0,0,2,1,22,1,31,3,6,12,7,9,13,11,7,1,0,2,14,45
60,27,6,41,7,0,1,2,1,0,0,43,2,0,0,2,1,22,2,30,3,5,11,6,8,12,10,6,1,0,2,15,30
32,27,6,34,6,0,1,2,1,0,0,42,3,0,0,2,1,22,2,30,3,5,11,5,7,11,9,5,1,0,2,14,30
34,27,6,39,5,0,1,2,1,0,0,38,7,0,0,2,1,22,2,30,3,5,11,4,6,10,8,4,1,0,3,15,15
-181,27,6,55,5,0,0,2,1,0,0,36,9,1,0,2,1,22,2,30,3,5,11,3,5,9,7,4,1,0,1,18,0
27,27,7,35,4,0,0,2,1,0,0,33,12,0,0,2,1,22,2,30,3,6,12,2,5,9,6,3,1,0,2,14,45
47,25,6,37,4,0,0,2,0,0,1,25,20,0,0,2,1,22,1,29,3,6,11,3,5,8,7,3,1,0,2,15,0
80,23,7,37,5,0,1,2,0,0,1,13,2,0,0,2,1,22,2,26,3,6,12,3,6,10,8,2,1,0,2,15,0
52,22,7,32,4,0,1,2,0,0,1,10,5,0,0,2,1,22,1,26,3,6,13,3,5,9,8,3,1,0,1,13,30
-67,21,7,44,3,0,1,3,0,0,1,6,9,0,0,2,1,22,1,25,4,6,14,3,4,12,8,4,1,0,2,15,45
44,19,5,33,4,0,1,3,0,0,1,11,4,0,0,2,1,22,1,23,3,5,14,3,4,15,9,6,1,0,1,14,15
75,19,6,28,4,0,1,2,0,0,1,7,8,0,0,2,1,22,1,23,3,6,14,2,4,14,8,5,1,0,1,12,45
61,18,7,28,5,0,1,2,0,0,1,5,10,0,0,2,1,22,2,21,3,6,13,1,5,14,8,4,1,0,1,12,45
37,14,7,30,6,0,2,2,0,0,1,4,11,0,0,2,1,22,1,18,4,7,14,4,9,18,11,5,1,0,1,13,0
42,14,7,25,5,0,2,2,0,0,1,8,7,0,0,2,1,22,1,18,5,9,14,3,11,17,10,5,1,1,1,12,15
71,13,8,25,6,0,2,2,0,0,1,0,15,0,0,2,1,22,2,16,4,8,14,4,11,17,10,4,1,1,1,12,15
44,12,8,21,5,0,2,2,0,0,1,10,5,0,0,2,1,22,1,16,4,8,14,5,10,16,10,4,1,1,2,11,45
35,10,6,23,7,0,2,2,0,0,1,8,7,0,0,2,1,22,2,13,4,7,12,8,11,18,11,4,1,1,2,12,0
44,8,5,27,8,0,1,2,0,0,1,1,14,0,0,2,1,22,1,12,4,6,11,8,11,18,12,5,1,1,2,12,30
148,8,5,9,8,0,1,2,0,0,0,13,2,0,0,2,1,22,1,12,4,7,11,7,11,17,11,4,1,1,2,10,15
47,8,5,31,7,0,1,2,0,0,0,10,5,0,0,2,1,22,1,12,4,7,11,6,10,16,10,4,1,1,1,13,15
13,7,4,17,7,0,1,2,0,0,0,5,10,0,0,2,1,22,1,11,3,7,10,5,9,15,10,4,1,1,2,11,15
65,7,4,23,8,0,1,1,0,0,0,13,2,0,0,2,1,22,1,10,3,6,9,5,9,15,10,5,0,1,2,12,0
37,7,4,17,8,0,0,1,0,0,0,13,2,0,0,2,1,22,1,10,3,6,9,4,8,14,9,4,0,0,2,11,15
56,7,5,19,8,0,0,1,0,0,0,12,3,0,0,2,1,22,2,9,3,5,8,4,7,13,8,4,0,0,2,11,30
21,5,4,13,8,0,0,1,0,0,0,2,13,0,0,2,1,22,1,8,2,5,8,3,6,13,9,5,0,0,1,10,45
43,4,3,16,8,0,0,0,0,0,0,3,12,0,0,2,1,22,0,8,4,6,8,5,8,12,9,6,0,0,2,11,0
37,4,3,19,8,0,0,0,0,0,0,13,2,0,0,2,1,22,1,7,3,6,7,4,8,11,8,5,0,0,2,11,30
81,3,3,9,8,0,0,0,0,0,0,1,14,0,0,2,1,22,1,6,4,5,6,3,8,12,8,5,0,0,2,10,15
49,3,3,11,8,0,0,0,0,0,0,13,2,0,0,2,1,22,2,5,3,4,5,3,7,12,7,5,0,0,3,10,30
6,3,3,13,8,0,0,0,0,0,0,4,11,0,0,2,1,22,3,4,2,3,4,3,7,13,6,4,0,0,1,10,45
18,1,1,6,9,0,0,0,0,0,0,1,14,0,0,2,1,22,2,2,1,2,2,5,7,12,8,4,0,0,2,10,0
48,1,1,11,8,0,0,0,0,0,0,5,10,0,0,2,1,22,2,2,1,2,2,4,6,11,7,4,0,0,3,10,30
17,1,1,2,7,0,0,0,0,0,0,3,12,0,0,2,1,22,2,2,1,2,2,4,5,10,6,3,0,0,2,9,30
-5,1,1,6,6,0,0,0,0,0,0,1,14,0,0,2,1,22,2,2,1,2,2,3,4,9,5,3,0,0,2,10,0
73,1,1,2,6,0,0,0,0,0,0,4,11,0,0,2,1,22,3,1,1,1,1,3,5,8,4,2,0,0,2,9,30
42,0,0,1,5,0,0,0,0,0,0,4,11,0,0,2,1,22,1,1,1,1,1,2,7,7,5,2,0,0,2,9,15
-34,0,0,4,4,0,0,0,0,0,0,0,4,0,0,2,1,22,1,1,1,1,1,1,6,6,4,2,0,0,3,9,45
-43,0,0,21,4,0,0,0,0,0,0,0,39,0,0,2,1,22,0,0,0,0,0,5,5,5,5,3,0,0,2,11,45
47,0,0,6,3,0,0,0,0,0,0,0,40,0,0,2,1,22,0,0,0,0,0,4,4,4,4,2,0,0,2,10,0
-109,0,0,13,2,0,0,0,0,0,0,0,45,0,0,2,1,22,0,0,0,0,0,3,3,3,3,2,0,0,1,10,45
17,0,0,0,1,0,0,0,0,0,0,0,49,0,1,2,1,22,0,0,0,0,0,2,2,2,2,1,0,0,1,9,0
-59,0,0,4,0,0,0,0,0,0,0,0,50,0,0,2,1,22,0,0,0,0,0,1,1,1,1,1,0,0,3,9,45
10,34,4,50,5,0,0,0,0,0,0,13,2,0,0,6,1,19,2,46,2,5,14,3,5,10,4,2,2,0,1,17,15
41,32,2,48,4,0,1,0,0,0,0,2,13,0,0,6,1,19,1,45,2,5,13,2,5,10,5,3,2,1,1,17,0
15,31,3,45,4,0,0,1,0,0,0,6,9,0,0,6,1,19,1,44,2,7,12,1,4,10,5,3,2,1,1,16,30
42,31,5,43,4,0,0,1,0,0,1,5,10,0,0,6,1,19,1,42,5,9,11,3,6,10,6,4,2,1,2,16,15
-12,30,4,51,4,0,0,1,0,0,1,1,14,1,0,6,1,19,1,41,4,8,11,3,5,9,6,4,2,1,1,17,30
69,30,4,40,4,0,0,1,0,0,1,7,8,0,0,6,1,19,2,40,4,8,11,2,5,10,5,3,1,1,1,15,45
10,27,2,48,4,0,0,1,0,0,3,3,12,0,0,6,1,19,1,37,4,5,11,3,6,10,8,4,1,0,1,17,0
-11,26,1,45,5,0,0,0,0,0,3,6,9,0,0,6,1,19,1,36,4,4,10,3,6,11,8,4,1,1,1,16,30
-2,26,1,43,5,0,2,0,0,0,2,2,13,0,0,6,1,19,3,34,2,2,9,3,5,10,7,4,1,1,2,16,15
8,26,1,38,5,0,3,0,0,0,1,0,15,0,0,6,1,19,2,33,1,3,10,4,4,9,8,5,1,1,2,15,30
-4,25,2,36,5,0,3,0,0,0,1,3,12,0,0,6,1,19,1,32,0,3,10,3,5,8,9,7,1,1,2,15,15
49,25,2,33,5,0,3,0,0,0,0,29,1,0,0,6,1,19,1,32,0,5,10,2,5,7,8,6,1,1,2,14,45
-53,25,4,40,5,0,2,0,0,0,0,15,15,0,0,6,1,19,1,32,2,6,13,1,4,8,7,6,0,1,1,15,45
34,25,8,32,7,0,1,0,0,0,0,29,16,0,0,6,1,19,3,30,4,7,15,4,5,9,6,5,0,0,1,14,15
14,25,8,38,7,0,1,0,0,0,0,28,17,0,0,6,1,19,4,29,3,6,14,3,4,8,5,4,0,0,2,15,30
49,23,8,36,7,0,2,0,0,0,0,15,30,0,0,6,1,19,4,27,2,5,14,3,3,8,6,5,0,0,2,15,15
24,21,8,34,7,0,2,0,0,0,0,0,45,0,0,6,1,19,3,26,3,7,15,2,4,9,7,4,0,0,2,15,0
-18,21,8,42,6,0,2,0,0,0,0,10,5,0,0,6,1,19,3,26,3,9,16,1,3,10,6,3,0,0,2,16,0
66,15,6,24,11,0,2,0,0,0,0,12,3,0,0,6,1,19,2,20,3,7,14,3,6,15,12,3,0,0,2,12,30
-93,13,6,47,11,0,2,0,0,0,0,1,14,0,0,6,1,19,0,19,4,8,14,3,6,17,14,4,0,0,2,16,45
52,13,7,24,12,0,2,0,0,0,0,1,14,0,0,6,1,19,2,17,4,7,14,3,8,18,13,3,0,0,2,12,30
24,13,7,31,11,0,2,0,0,0,0,12,3,0,0,6,1,19,2,17,4,7,14,3,7,18,12,3,0,0,1,13,30
39,9,6,30,12,0,3,1,0,0,0,2,13,0,0,6,1,19,2,13,3,6,11,6,11,21,15,5,0,0,1,13,15
0,9,6,28,11,0,3,1,0,0,0,12,3,0,0,6,1,19,2,13,3,7,11,5,10,20,14,5,0,0,1,13,0
35,7,4,28,11,0,3,1,0,0,1,2,13,0,0,6,1,19,2,11,2,6,9,7,12,20,15,6,0,0,1,13,0
-135,6,3,34,12,0,2,1,0,0,1,13,2,0,0,6,1,19,2,10,2,5,8,6,11,19,15,7,0,0,2,15,0
76,6,3,20,11,0,2,1,0,0,1,12,3,0,0,6,1,19,2,10,2,5,8,5,10,18,14,6,0,0,2,12,0
8,6,3,26,10,0,2,1,0,0,1,5,10,0,0,6,1,19,2,10,2,6,10,4,11,18,13,6,0,0,2,12,45
39,6,4,14,10,0,2,1,0,0,1,8,7,0,0,6,1,19,2,9,3,6,9,7,12,18,13,7,0,0,2,11,15
53,6,4,22,9,0,2,1,0,0,1,5,10,0,0,6,1,19,2,9,3,6,9,6,11,17,12,6,0,0,2,12,15
45,6,4,20,8,0,2,1,0,0,1,5,10,0,0,6,1,19,2,9,3,6,9,5,10,16,11,6,0,0,2,12,0
51,3,2,18,8,0,2,1,0,0,1,4,11,0,0,6,1,19,0,8,5,6,8,7,12,18,13,9,0,0,2,11,45
25,3,2,16,7,0,2,1,0,0,1,3,12,0,0,6,1,19,0,8,5,6,8,6,11,18,12,9,0,0,2,11,30
19,3,3,18,8,0,2,1,0,0,1,11,4,0,0,6,1,19,2,6,3,4,6,6,10,18,11,9,0,0,2,11,45
78,3,3,6,8,0,2,0,0,0,1,9,6,0,0,6,1,19,2,6,3,4,6,6,9,17,10,8,0,0,2,10,15
37,3,3,12,8,0,1,0,0,0,1,5,10,0,0,6,1,19,2,6,3,4,6,5,8,17,9,8,0,0,2,11,0
17,3,3,22,8,0,1,0,0,0,1,10,5,0,0,6,1,19,1,5,3,3,5,6,8,16,10,8,0,0,2,12,15
59,3,3,8,8,0,1,1,0,0,0,5,10,0,0,6,1,19,2,4,2,4,4,6,8,15,9,8,0,0,2,10,30
-4,2,2,8,8,0,1,1,0,0,0,13,2,0,0,6,1,19,2,3,1,3,3,5,8,14,9,8,0,0,2,10,30
110,2,2,6,7,0,1,1,0,0,0,9,6,0,0,6,1,19,1,3,1,3,3,4,7,13,9,9,0,0,2,10,15
5,2,2,10,7,0,1,1,0,0,0,4,11,0,0,6,1,19,2,2,0,2,2,3,7,12,8,8,0,0,2,10,45
-14,1,1,16,6,0,1,1,0,0,0,12,3,0,0,6,1,19,1,2,0,2,2,3,7,11,8,7,0,0,2,11,30
-8,1,1,26,6,0,0,1,0,0,0,6,9,0,0,6,1,19,1,2,2,2,2,2,7,10,7,6,0,0,2,12,45
17,0,0,3,5,0,0,1,0,0,0,3,12,0,0,6,1,19,0,2,2,2,2,5,9,9,7,6,0,0,2,9,45
63,0,0,4,6,0,0,1,0,0,0,6,9,0,0,6,1,19,2,0,0,0,0,5,8,8,6,6,0,0,2,10,0
-35,0,0,10,6,0,0,0,0,0,0,14,1,0,0,6,1,19,2,0,0,0,0,6,7,7,5,5,0,0,2,10,45
50,0,0,2,5,0,0,0,0,0,0,5,10,0,0,6,1,19,1,0,0,0,0,6,6,6,5,5,0,0,1,9,30
48,0,0,0,4,0,0,0,0,0,0,3,12,0,1,6,1,19,1,0,0,0,0,5,5,5,4,4,0,0,1,9,0
-41,0,0,14,3,0,0,0,0,0,0,0,7,0,0,6,1,19,0,0,0,0,0,4,4,4,4,3,0,0,2,11,15
-109,0,0,12,2,0,0,0,0,0,0,0,11,0,0,6,1,19,0,0,0,0,0,3,3,3,3,2,0,0,2,11,0
55,0,0,4,1,0,0,0,0,0,0,0,12,0,0,6,1,19,0,0,0,0,0,2,2,2,2,1,0,0,2,10,0
-12,0,0,1,0,0,0,0,0,0,0,0,23,0,0,6,1,19,0,0,0,0,0,1,1,1,1,0,0,0,1,9,15
5,28,4,41,4,0,0,1,0,0,0,7,8,1,0,5,1,18,1,36,2,5,9,3,6,10,5,2,2,0,1,17,30
39,27,3,40,3,0,0,1,0,0,0,11,4,0,0,5,1,18,0,36,3,6,9,2,5,10,5,1,2,0,1,17,15
45,27,4,39,2,0,1,1,0,0,0,1,14,0,0,5,1,18,1,35,3,6,8,2,4,9,4,0,2,0,1,17,0
60,25,4,36,3,0,1,1,0,0,0,4,11,0,0,5,1,18,0,33,4,6,7,3,6,11,6,3,2,1,1,16,30
-12,25,4,38,3,0,1,1,0,0,0,12,3,0,0,5,1,18,1,32,3,5,6,2,5,11,5,3,2,1,1,16,45
9,25,4,36,3,0,0,1,0,0,0,11,4,0,0,5,1,18,1,32,3,5,6,1,4,11,4,2,2,1,1,16,30
93,23,2,30,3,0,0,2,0,0,1,7,8,0,0,5,1,18,1,29,2,3,6,4,7,10,6,2,2,2,1,15,30
36,23,2,32,2,0,1,2,0,0,1,2,13,0,0,5,1,18,2,28,1,2,5,4,6,9,5,2,2,2,2,16,0
79,22,1,32,2,0,1,1,0,0,1,12,3,0,0,5,1,18,1,28,1,2,5,3,5,8,5,1,1,2,2,16,0
-12,21,0,34,2,0,2,1,0,0,0,23,7,0,0,5,1,18,1,27,1,1,5,4,7,7,5,2,1,1,2,16,15
5,21,0,28,2,0,1,1,0,0,0,21,9,0,0,5,1,18,1,27,1,1,5,3,6,6,4,2,1,1,1,15,15
55,21,1,28,1,0,1,1,0,0,0,26,4,0,0,5,1,18,0,27,1,3,7,4,5,6,4,2,1,1,1,15,15
9,21,1,31,1,0,2,0,0,0,0,24,6,0,0,5,1,18,1,26,0,2,7,4,4,5,3,1,0,1,2,15,45
-77,21,2,34,1,0,1,0,0,0,0,7,23,0,0,5,1,18,0,26,1,3,8,3,3,5,3,2,0,0,2,16,15
-18,21,3,27,1,0,0,0,0,0,0,43,2,0,0,5,1,18,0,26,2,3,9,2,2,5,2,1,0,0,2,14,45
72,21,3,26,0,0,0,0,0,0,0,41,4,0,0,5,1,18,0,26,2,4,9,1,1,4,1,0,0,0,1,14,15
12,17,5,25,1,0,0,2,0,0,0,4,11,0,0,5,1,18,0,22,3,6,12,2,4,11,4,1,0,0,1,13,30
18,15,4,23,3,0,0,2,0,0,0,4,26,0,0,5,1,18,1,19,3,6,13,3,5,11,5,2,0,0,1,13,0
46,13,4,18,3,0,0,2,0,0,0,1,14,0,0,5,1,18,0,18,3,7,15,3,6,11,6,4,0,0,2,12,0
20,12,4,24,5,0,0,1,0,0,0,8,7,0,0,5,1,18,1,16,2,5,13,3,7,11,6,3,0,0,1,13,15
112,12,4,14,5,0,0,0,0,0,0,4,11,0,0,5,1,18,1,16,3,6,13,2,7,11,5,3,0,0,2,11,15
27,11,5,18,5,0,1,0,0,0,0,27,3,0,0,5,1,18,1,14,3,7,12,5,7,14,6,2,0,0,2,12,0
10,11,7,16,5,0,1,0,0,0,0,19,11,0,0,5,1,18,2,13,3,7,12,5,6,13,5,1,0,0,2,11,45
-39,9,6,22,4,0,1,2,0,0,0,4,26,0,0,5,1,18,2,11,3,6,10,5,5,14,6,2,0,0,1,12,30
3,9,6,20,3,0,1,2,0,0,0,14,1,0,0,5,1,18,2,11,3,8,10,4,5,13,5,2,0,0,1,12,15
70,9,6,12,2,0,1,2,0,0,0,14,1,0,0,5,1,18,2,11,3,8,10,3,4,12,4,1,0,0,2,11,0
23,8,6,20,1,0,1,2,0,0,0,7,8,0,0,5,1,18,0,11,5,8,11,2,4,12,5,1,0,0,1,12,15
32,8,7,12,3,0,0,2,0,0,0,14,1,0,0,5,1,18,2,9,3,7,9,1,4,11,4,1,0,0,2,11,0
113,3,3,0,7,0,1,2,0,0,0,1,14,0,1,5,1,18,2,3,1,2,3,6,9,14,9,4,0,0,1,9,0
5,3,3,10,6,0,1,2,0,0,0,13,2,0,0,5,1,18,2,3,1,3,3,5,8,13,8,3,0,0,1,10,30
66,2,2,8,5,0,1,2,0,0,0,5,10,0,0,5,1,18,1,3,2,3,3,5,8,12,8,3,0,0,1,10,15
-7,1,1,14,6,0,1,1,0,0,0,11,4,0,0,5,1,18,1,2,1,2,2,4,7,11,8,3,0,0,2,11,15
68,1,1,6,6,0,1,0,0,0,0,8,7,0,0,5,1,18,1,2,1,2,2,4,6,10,7,3,0,0,2,10,0
-80,1,1,16,6,0,0,0,0,0,0,7,8,0,0,5,1,18,1,2,1,2,2,3,6,9,6,3,0,0,2,11,45
6,0,0,8,5,0,0,0,0,0,0,13,2,0,0,5,1,18,0,2,2,2,2,3,6,8,6,3,0,0,1,10,15
84,0,0,1,5,0,0,0,0,0,0,10,5,0,0,5,1,18,1,1,1,1,1,3,7,7,5,3,0,0,2,9,15
27,0,0,4,4,0,0,0,0,0,0,5,10,0,0,5,1,18,0,1,1,1,1,3,6,6,5,3,0,0,2,9,45
19,0,0,4,3,0,0,0,0,0,1,10,5,0,0,5,1,18,1,0,0,0,0,3,5,5,4,2,0,0,2,9,45
-27,0,0,2,3,0,0,0,0,0,0,0,8,0,0,5,1,18,0,0,0,0,0,4,4,4,4,1,0,0,2,9,30
50,0,0,6,2,0,0,0,0,0,0,0,11,0,0,5,1,18,0,0,0,0,0,3,3,3,3,1,0,0,2,10,0
22,0,0,2,1,0,0,0,0,0,0,0,24,0,0,5,1,18,0,0,0,0,0,2,2,2,2,1,0,0,2,9,30
-81,0,0,11,0,0,0,0,0,0,0,0,34,0,0,5,1,18,0,0,0,0,0,1,1,1,1,0,0,0,2,10,45
-22,31,5,51,4,0,0,2,1,0,0,13,2,1,0,4,1,17,2,44,6,10,14,4,8,11,6,2,6,2,1,18,0
99,30,6,44,8,0,1,2,1,0,0,9,6,0,0,4,1,17,5,38,2,5,11,5,9,11,8,2,6,1,3,16,45
79,30,6,44,8,0,1,2,0,0,0,6,9,0,0,4,1,17,5,38,3,6,11,5,8,10,7,2,6,1,3,16,45
-13,28,4,46,8,0,0,2,0,0,0,14,1,0,0,4,1,17,3,38,4,7,12,5,8,10,8,4,6,1,1,17,0
36,28,5,42,8,0,0,3,0,0,0,10,5,0,0,4,1,17,5,36,2,5,10,5,7,9,7,4,6,1,2,16,30
38,26,4,41,7,0,0,3,0,0,0,9,6,0,0,4,1,17,2,36,3,6,11,5,6,11,9,5,6,1,2,16,15
1,26,4,50,6,0,0,4,0,0,0,7,8,0,0,4,1,17,3,35,3,5,10,4,5,10,8,5,6,1,1,17,30
-15,26,5,46,7,0,0,3,0,0,0,3,12,0,0,4,1,17,4,34,2,4,9,4,4,9,7,4,5,1,1,17,0
-40,26,5,46,6,0,0,3,0,0,0,12,3,0,0,4,1,17,4,34,3,4,10,3,3,8,6,4,5,0,1,17,0
61,25,4,42,6,0,0,2,0,0,0,2,13,0,0,4,1,17,3,34,4,6,11,2,2,9,6,4,5,0,2,16,30
18,24,4,36,7,0,0,2,0,0,0,5,10,0,0,4,1,17,4,32,2,5,10,1,2,9,6,4,5,0,1,15,30
79,20,2,34,9,0,0,2,0,0,1,12,3,0,0,4,1,17,1,27,3,5,9,5,7,14,12,7,5,2,2,15,15
-9,20,2,33,9,0,0,2,0,0,2,4,11,0,0,4,1,17,3,26,1,4,8,4,7,14,11,6,5,2,2,15,0
0,20,3,31,8,0,0,2,0,0,2,9,6,0,0,4,1,17,2,26,2,4,12,3,7,13,11,7,5,2,1,14,45
28,20,4,34,8,0,0,1,0,0,2,1,14,0,0,4,1,17,2,26,3,5,13,4,7,13,10,7,4,2,2,15,15
30,20,4,39,8,0,0,1,0,0,2,44,1,0,0,4,1,17,3,25,2,4,12,3,6,12,9,7,4,1,1,16,0
67,19,5,28,7,0,0,2,0,0,2,21,24,0,0,4,1,17,2,24,3,5,12,4,9,14,10,7,4,2,2,14,15
34,19,5,38,6,0,0,2,0,0,2,21,24,0,0,4,1,17,2,24,3,5,12,3,8,13,9,6,3,2,2,15,45
-2,18,6,31,8,0,0,2,0,0,1,9,36,0,0,4,1,17,3,22,2,3,11,5,8,14,9,6,3,1,1,14,45
-102,18,6,49,7,0,0,2,0,0,1,0,45,0,0,4,1,17,3,22,3,7,13,6,7,13,8,6,3,1,1,17,15
-2,16,5,29,7,0,0,2,0,0,1,5,10,0,0,4,1,17,2,21,2,7,13,5,6,13,9,6,3,1,2,14,30
11,16,6,39,7,0,0,1,0,0,1,12,3,0,0,4,1,17,2,20,2,8,14,4,6,12,8,5,2,1,1,16,0
56,15,5,29,7,0,0,1,0,0,1,10,5,0,0,4,1,17,2,20,1,7,13,3,6,12,8,5,2,0,2,14,30
110,14,4,26,6,0,0,1,0,0,2,1,14,0,0,4,1,17,2,19,2,7,12,3,5,12,8,5,2,0,1,13,15
21,14,4,27,5,0,0,1,0,0,2,1,14,0,0,4,1,17,2,19,3,7,12,2,4,11,7,4,2,0,1,13,30
20,12,4,24,4,0,0,1,0,0,2,9,6,0,0,4,1,17,0,19,7,8,12,3,7,14,8,5,2,0,1,13,0
43,10,3,24,7,0,2,0,0,0,2,4,11,0,0,4,1,17,3,14,3,6,9,5,7,14,9,6,2,0,1,13,0
24,10,3,17,6,0,3,0,0,0,2,12,3,0,0,4,1,17,4,13,2,6,9,4,6,13,8,5,2,0,2,12,15
20,10,5,20,7,0,3,0,0,0,1,14,1,0,0,4,1,17,4,12,3,5,10,4,7,13,8,4,2,0,2,12,30
27,10,5,22,6,0,3,0,0,0,1,12,3,0,0,4,1,17,4,12,3,5,10,4,7,12,7,4,2,0,2,12,45
38,9,4,20,6,0,3,0,0,0,1,5,10,0,0,4,1,17,4,11,3,4,10,3,6,12,7,4,2,0,2,12,30
30,8,4,16,6,0,2,0,0,0,1,10,5,0,0,4,1,17,3,11,4,4,10,3,8,12,7,4,2,2,3,12,0
-10,7,3,17,7,0,1,0,0,0,2,13,2,0,0,4,1,17,3,9,2,4,9,4,8,12,8,5,2,2,2,12,15
-82,7,4,36,8,0,1,1,0,0,1,26,4,0,0,4,1,17,3,7,0,3,7,6,7,14,9,6,2,2,1,15,30
-4,7,4,14,7,0,1,1,0,0,1,24,6,0,0,4,1,17,3,7,0,4,7,5,6,13,8,5,2,2,1,11,30
-11,5,3,15,7,0,0,1,0,0,1,14,16,0,0,4,1,17,1,7,2,5,7,5,6,13,9,5,2,2,1,11,45
94,5,4,10,6,0,0,1,0,0,1,4,26,0,0,4,1,17,1,7,2,6,7,4,6,14,8,4,1,2,2,10,45
-57,5,4,17,6,0,0,1,0,0,0,1,29,0,0,4,1,17,1,7,3,6,7,3,5,13,7,4,0,1,2,12,15
41,4,3,22,5,0,0,1,0,0,0,13,2,0,0,4,1,17,0,7,3,6,7,2,5,12,7,5,0,0,2,12,45
69,4,3,10,4,0,1,1,0,0,1,1,14,0,0,4,1,17,2,5,3,5,5,1,4,12,6,4,0,0,2,10,45
18,2,2,12,5,0,1,1,0,0,2,0,15,0,0,4,1,17,2,2,2,2,2,4,8,12,8,6,0,0,1,11,15
-54,1,1,12,5,0,1,1,1,0,1,7,8,0,0,4,1,17,1,1,1,1,1,4,8,11,9,7,0,0,1,11,15
90,1,1,7,4,0,1,1,1,0,1,0,15,0,0,4,1,17,1,1,1,1,1,4,8,10,8,7,0,0,1,10,15
45,1,1,7,5,0,1,0,1,0,1,1,14,0,0,4,1,17,2,0,0,0,0,5,8,9,7,6,0,0,1,10,15
35,0,0,9,4,0,1,0,1,0,1,10,5,0,0,4,1,17,1,0,0,0,0,4,7,8,7,6,0,0,2,10,30
-1,0,0,5,3,0,1,0,1,0,1,3,12,0,0,4,1,17,1,0,0,0,0,5,6,7,6,5,0,0,2,10,0
7,0,0,5,3,0,1,0,1,0,0,12,3,0,0,4,1,17,0,0,0,0,0,4,6,6,6,5,0,0,2,10,0
74,0,0,2,2,0,1,0,1,0,0,6,9,0,0,4,1,17,0,0,0,0,0,4,5,5,5,4,0,0,1,9,30
-27,0,0,4,1,0,1,0,1,0,0,0,6,0,0,4,1,17,0,0,0,0,0,3,4,4,4,3,0,0,2,9,45
47,0,0,2,1,0,0,0,1,0,0,0,10,0,0,4,1,17,0,0,0,0,0,2,3,3,3,2,0,0,1,9,30
38,0,0,1,0,0,0,0,1,0,0,0,19,0,0,4,1,17,0,0,0,0,0,2,2,2,2,1,0,0,2,9,15
29,0,0,0,0,0,0,0,0,0,0,0,45,0,1,4,1,17,0,0,0,0,0,1,1,1,1,0,0,0,1,9,0
19,40,5,50,2,0,1,0,0,0,0,0,15,1,0,3,1,16,1,47,4,9,16,1,5,8,3,2,6,2,1,17,30
26,37,5,48,3,0,2,1,0,0,0,14,1,0,0,3,1,16,2,43,5,9,13,4,6,13,5,2,6,2,1,17,15
14,37,6,48,3,0,1,1,0,0,0,10,5,0,0,3,1,16,2,43,5,9,13,3,5,12,4,1,5,2,1,17,15
27,36,6,44,3,0,0,1,0,0,0,1,14,0,0,3,1,16,1,43,7,11,13,2,4,11,4,2,4,1,1,16,30
3,35,6,46,3,0,0,1,0,0,0,11,4,0,0,3,1,16,1,42,6,10,12,1,3,10,4,1,4,0,1,16,45
6,33,5,41,6,0,1,2,0,0,0,26,4,0,0,3,1,16,4,36,4,5,9,2,4,13,6,2,4,0,2,16,0
5,32,4,47,6,0,1,2,0,0,0,18,12,0,0,3,1,16,4,35,4,5,11,1,4,12,6,3,4,0,2,17,0
17,29,2,42,8,0,1,2,1,0,0,2,13,0,0,3,1,16,4,31,1,1,9,5,9,13,9,4,4,1,2,16,15
14,28,2,42,7,0,1,2,1,0,0,4,11,0,0,3,1,16,2,31,1,2,10,6,9,13,10,4,4,1,2,16,15
69,28,5,33,7,0,1,1,1,0,1,3,12,0,0,3,1,16,3,30,0,6,11,7,9,13,9,4,4,1,2,14,45
74,28,5,36,6,0,1,1,1,0,1,3,12,0,0,3,1,16,3,30,0,6,11,6,8,12,8,3,4,1,2,15,0
-6,28,5,40,6,0,1,1,0,0,1,2,13,0,0,3,1,16,3,30,0,6,11,5,7,11,7,2,4,1,1,15,30
59,28,5,32,5,0,1,1,0,0,1,1,14,0,0,3,1,16,3,30,0,6,12,4,6,10,6,2,4,1,3,14,30
-31,28,5,44,4,0,1,1,0,0,1,1,14,0,0,3,1,16,3,30,0,6,12,3,5,9,5,2,4,1,1,16,30
38,27,6,36,3,0,1,1,0,0,1,56,4,0,0,3,1,16,1,30,3,7,14,4,5,9,6,2,3,1,2,15,0
-8,27,7,33,3,0,1,1,0,0,0,54,6,0,0,3,1,16,1,30,3,7,14,3,4,8,5,1,3,0,2,14,45
-4,26,7,38,4,0,1,0,0,0,0,41,19,0,0,3,1,16,1,29,5,8,14,2,4,9,5,1,3,1,1,15,15
26,26,8,38,3,0,1,0,0,0,0,33,27,0,0,3,1,16,1,29,6,8,15,2,4,8,4,0,3,1,1,15,15
19,22,7,33,5,0,1,1,1,0,1,6,54,0,0,3,1,16,3,23,2,6,12,3,4,12,7,1,3,2,2,14,45
94,20,8,27,5,0,1,1,1,0,1,4,11,0,0,3,1,16,2,22,3,7,13,3,6,16,8,2,2,2,1,13,0
41,19,8,31,5,0,0,1,2,0,1,9,6,0,0,3,1,16,2,21,4,7,12,2,5,17,8,3,2,1,1,13,30
51,18,8,27,6,0,0,1,2,0,0,14,1,0,0,3,1,16,2,20,4,7,13,1,4,18,8,3,1,1,1,13,0
209,13,5,8,6,0,1,2,3,0,0,11,4,0,0,3,1,16,1,16,3,7,12,4,11,19,12,5,1,1,1,10,30
57,13,5,25,5,0,1,2,3,0,0,7,8,0,0,3,1,16,1,16,4,7,13,4,12,19,11,5,1,1,3,12,45
31,12,4,20,5,0,1,2,3,0,0,5,10,0,0,3,1,16,1,15,3,6,12,3,11,18,11,5,1,1,2,12,15
35,10,3,20,6,0,1,2,3,0,0,12,3,0,0,3,1,16,1,13,4,6,12,8,14,17,12,4,1,1,2,12,15
51,10,3,27,6,0,1,1,3,0,0,10,5,0,0,3,1,16,1,13,4,6,12,8,13,16,11,4,1,1,1,13,0
13,9,3,19,7,0,0,1,4,0,0,2,13,0,0,3,1,16,2,11,2,5,10,8,13,16,11,3,1,1,3,12,0
29,9,3,23,7,0,0,1,3,0,0,0,15,0,0,3,1,16,2,11,2,5,10,7,12,15,10,3,1,1,2,12,30
46,9,3,25,6,0,0,1,3,0,0,13,2,0,0,3,1,16,2,11,2,5,11,7,11,15,9,3,1,1,3,12,45
65,8,3,10,5,0,0,1,3,0,0,5,10,0,0,3,1,16,0,11,2,6,11,8,10,15,10,4,1,1,2,10,45
96,8,4,16,6,0,0,1,3,0,0,13,2,0,0,3,1,16,2,9,2,5,9,8,9,14,9,4,1,1,1,11,30
1,8,4,30,6,0,0,1,2,0,0,12,3,0,0,3,1,16,2,9,2,5,9,7,8,13,8,4,0,1,1,13,15
50,8,5,18,5,0,0,1,2,0,0,11,4,0,0,3,1,16,2,9,2,6,9,6,8,12,7,3,0,0,1,11,45
56,8,5,23,4,0,0,1,2,0,0,8,7,0,0,3,1,16,2,9,2,6,9,6,8,11,6,2,0,0,2,12,30
72,8,5,13,4,0,0,0,2,0,0,0,15,0,0,3,1,16,1,9,3,7,9,5,7,12,6,3,0,0,2,11,15
65,7,4,13,4,0,0,0,1,0,0,11,4,0,0,3,1,16,0,9,4,7,9,4,6,11,6,3,0,0,2,11,15
50,7,5,13,3,0,0,0,1,0,0,6,9,0,0,3,1,16,0,9,4,7,9,3,5,11,5,3,0,0,2,11,15
36,7,5,11,3,0,0,0,0,0,0,5,10,0,0,3,1,16,0,9,4,7,9,2,4,10,4,3,0,0,3,11,0
-7,6,4,16,4,0,0,0,0,0,0,8,7,0,0,3,1,16,1,7,4,6,7,3,3,9,4,2,0,0,1,11,30
74,4,4,4,5,0,0,0,1,0,0,11,4,0,0,3,1,16,2,4,3,4,4,2,5,9,5,1,0,0,2,10,0
-39,3,3,20,4,0,0,1,1,0,0,10,5,0,0,3,1,16,2,3,2,3,3,1,4,9,5,2,0,0,2,12,15
5,1,1,8,3,0,0,3,1,0,0,3,12,0,0,3,1,16,0,1,1,1,1,4,7,9,8,4,0,0,1,10,30
41,1,1,2,2,0,0,4,1,0,0,13,2,0,0,3,1,16,1,0,0,0,0,4,6,8,7,4,0,0,2,9,45
35,1,1,4,2,0,0,4,0,0,0,12,3,0,0,3,1,16,1,0,0,0,0,3,5,7,6,3,0,0,2,10,0
24,0,0,2,2,0,0,3,0,0,0,0,9,0,0,3,1,16,0,0,0,0,0,3,6,6,6,3,0,0,2,9,45
39,0,0,6,1,0,0,3,0,0,0,0,12,0,0,3,1,16,0,0,0,0,0,3,5,5,5,2,0,0,2,10,15
-69,0,0,11,0,0,0,3,0,0,0,0,22,0,0,3,1,16,0,0,0,0,0,2,4,4,4,2,0,0,3,11,0
-8,0,0,6,0,0,0,2,0,0,0,0,41,0,0,3,1,16,0,0,0,0,0,3,3,3,3,1,0,0,2,10,15
19,0,0,0,0,0,0,1,0,0,0,0,65,0,1,3,1,16,0,0,0,0,0,2,2,2,2,1,0,0,2,9,30
5,0,0,0,0,0,0,0,0,0,0,0,68,0,1,3,1,16,0,0,0,0,0,1,1,1,1,0,0,0,2,9,30
18,34,8,54,5,0,0,2,1,0,0,1,14,0,0,6,1,12,3,47,4,7,14,1,3,14,6,4,9,1,1,17,15
58,28,3,52,7,0,1,2,2,0,0,12,3,0,0,6,1,12,2,42,3,5,11,3,9,17,11,6,9,2,1,17,0
45,26,2,49,6,0,1,4,2,0,0,9,6,0,0,6,1,12,2,40,1,6,11,4,9,17,12,6,9,3,2,16,45
27,26,2,44,5,0,1,4,2,0,0,1,14,0,0,6,1,12,1,40,3,7,12,5,11,16,12,6,9,4,3,16,15
16,26,2,46,5,0,1,4,2,0,0,8,7,0,0,6,1,12,2,39,3,6,11,6,11,16,11,6,8,4,3,16,30
46,26,2,52,4,0,1,4,2,0,0,1,14,0,0,6,1,12,2,39,5,6,11,5,12,16,10,5,7,4,1,17,0
-8,26,3,46,5,0,2,3,2,0,0,2,13,0,0,6,1,12,3,37,4,6,10,7,12,15,10,4,7,4,3,16,30
61,25,2,37,5,0,2,2,2,0,0,2,13,0,0,6,1,12,2,37,4,6,10,6,11,14,10,4,7,4,2,15,30
89,25,2,42,5,0,2,1,2,0,0,0,15,0,0,6,1,12,2,37,4,6,10,6,10,13,9,3,7,4,2,16,0
-15,25,3,44,5,0,1,1,2,0,0,13,2,0,0,6,1,12,2,37,4,6,10,5,9,13,8,3,7,4,3,16,15
17,24,2,37,7,0,0,2,2,0,0,12,3,0,0,6,1,12,3,34,3,5,10,8,9,13,9,4,6,5,2,15,30
120,24,2,35,6,0,0,2,2,0,0,7,8,0,0,6,1,12,2,34,3,5,10,7,8,12,9,4,6,4,3,15,15
13,24,2,46,7,0,0,2,1,0,0,5,10,0,0,6,1,12,3,33,2,4,9,6,7,12,8,4,6,4,3,16,30
78,24,2,40,7,0,0,2,0,0,0,1,14,0,0,6,1,12,3,33,2,4,10,5,6,11,7,3,5,4,2,15,45
44,24,2,55,6,0,0,2,0,0,0,11,4,1,0,6,1,12,3,33,2,5,11,4,6,10,6,2,5,4,2,17,30
34,24,2,33,5,0,0,2,0,0,0,5,10,0,0,6,1,12,2,33,3,5,12,4,5,9,6,2,5,4,2,15,0
14,24,2,49,4,0,0,2,0,0,0,3,12,0,0,6,1,12,2,33,4,5,12,3,5,8,5,2,4,4,2,16,45
65,23,1,40,4,0,0,1,0,0,0,14,1,0,0,6,1,12,1,33,4,5,12,2,4,8,5,2,3,3,2,15,45
-63,22,2,49,5,0,0,2,0,0,0,7,8,0,0,6,1,12,2,30,2,3,11,2,5,7,6,2,2,2,2,16,45
-36,22,5,42,4,0,0,4,0,0,0,41,4,0,0,6,1,12,3,28,1,6,12,3,5,11,6,2,1,1,2,16,0
-8,22,6,35,4,0,0,3,0,0,0,34,11,0,0,6,1,12,2,28,2,7,12,3,4,12,6,2,1,0,3,15,15
14,21,8,31,4,0,0,3,0,0,0,14,31,0,0,6,1,12,2,27,4,8,14,3,4,12,6,3,1,0,2,14,45
-26,20,7,31,4,0,0,2,0,0,0,10,35,0,0,6,1,12,1,27,5,8,14,2,3,11,6,4,1,0,2,14,45
29,18,7,29,7,0,0,1,0,0,0,6,9,0,0,6,1,12,2,24,5,6,14,2,7,14,7,4,1,0,1,14,15
16,14,4,28,7,0,0,2,0,0,1,0,15,0,0,6,1,12,1,21,3,5,12,2,8,14,10,7,1,0,1,13,30
27,12,3,26,8,0,0,2,0,0,1,4,11,0,0,6,1,12,0,19,3,7,12,7,10,18,12,7,1,0,1,13,0
32,12,4,21,9,0,0,2,0,0,0,13,2,0,0,6,1,12,1,18,2,6,11,6,10,17,11,6,1,0,2,12,30
18,11,3,24,8,0,0,2,0,0,0,9,6,0,0,6,1,12,0,18,3,7,12,5,10,18,11,7,1,0,1,12,45
-53,11,3,33,8,0,0,1,0,0,0,8,7,0,0,6,1,12,0,18,4,7,12,5,9,17,10,6,1,0,2,15,0
-52,11,3,37,7,0,0,1,0,0,0,7,8,0,0,6,1,12,0,18,4,7,13,4,8,16,9,5,1,0,2,15,30
42,11,5,19,6,0,1,2,0,0,0,6,9,0,0,6,1,12,2,16,3,6,12,4,8,17,8,5,1,1,3,12,15
90,11,5,16,5,0,1,2,0,0,0,6,9,0,0,6,1,12,2,16,4,6,12,3,7,16,7,4,1,1,1,11,45
6,9,3,21,6,0,1,2,0,0,0,8,7,0,0,6,1,12,2,14,3,5,11,5,7,15,8,5,1,1,2,12,30
71,9,3,21,5,0,2,2,0,0,0,8,7,0,0,6,1,12,2,13,3,6,11,5,10,15,8,5,1,1,2,12,30
99,9,3,14,6,0,2,1,0,0,0,4,11,0,0,6,1,12,2,12,2,5,10,4,9,15,8,4,1,1,2,11,30
84,8,2,18,5,0,2,1,0,0,0,1,14,0,0,6,1,12,0,12,3,5,10,3,8,15,9,4,1,1,2,12,0
-26,8,4,19,4,0,2,1,0,0,0,9,6,0,0,6,1,12,0,12,3,6,11,3,8,14,8,4,1,1,3,12,15
-173,8,5,30,6,0,1,1,0,0,0,13,2,0,0,6,1,12,2,10,2,5,10,4,10,13,7,4,0,1,2,14,30
18,6,5,13,5,0,1,1,0,0,1,11,4,0,0,6,1,12,1,9,3,6,9,6,9,13,8,6,0,0,2,11,15
-35,6,5,27,5,0,1,1,0,0,1,2,13,0,0,6,1,12,1,8,3,5,8,7,9,13,8,5,0,0,1,13,15
40,6,5,16,4,0,1,1,0,0,1,28,2,0,0,6,1,12,1,8,3,5,8,7,8,13,7,5,0,0,1,11,45
75,6,5,10,4,0,0,1,0,0,1,27,3,0,0,6,1,12,1,8,4,5,8,6,7,12,6,4,0,0,2,10,45
27,6,5,14,4,0,0,0,0,0,1,24,6,0,0,6,1,12,1,8,4,5,8,5,6,12,5,3,0,0,2,11,30
9,4,4,11,3,0,1,1,0,0,1,11,19,0,0,6,1,12,1,6,3,4,6,4,7,11,6,4,0,0,1,11,0
-71,4,4,24,2,0,1,1,0,0,1,9,21,0,0,6,1,12,1,6,3,5,6,3,6,11,5,3,0,0,1,12,45
-9,4,4,11,2,0,1,2,0,0,0,6,24,0,0,6,1,12,2,5,2,4,5,2,5,10,4,3,0,0,1,11,0
14,3,3,8,2,0,1,1,0,0,0,1,29,0,0,6,1,12,1,5,2,4,5,2,4,9,4,4,0,0,1,10,15
3,1,1,8,2,0,1,1,1,0,0,4,11,0,0,6,1,12,1,3,2,3,3,3,5,9,5,4,0,0,1,10,15
27,1,1,4,3,0,0,1,1,0,0,7,8,0,0,6,1,12,1,2,2,2,2,2,6,8,5,4,0,0,2,9,45
71,1,1,6,2,0,0,1,1,0,0,2,13,0,0,6,1,12,1,2,2,2,2,2,5,7,4,4,0,0,2,10,0
-15,0,0,2,3,0,0,1,1,0,0,6,9,0,0,6,1,12,0,0,0,0,0,4,5,6,6,4,0,0,2,9,30
-4,0,0,4,3,0,0,1,0,0,0,0,7,0,0,6,1,12,0,0,0,0,0,4,5,5,5,4,0,0,2,9,45
-7,0,0,1,2,0,0,1,0,0,0,0,15,0,0,6,1,12,0,0,0,0,0,3,4,4,4,3,0,0,2,9,15
31,0,0,6,1,0,0,1,0,0,0,0,18,0,0,6,1,12,0,0,0,0,0,2,3,3,3,2,0,0,2,10,0
34,0,0,2,1,0,0,0,0,0,0,0,35,0,0,6,1,12,0,0,0,0,0,2,2,2,2,1,0,0,2,9,30
29,0,0,0,0,0,0,0,0,0,0,0,55,0,1,6,1,12,0,0,0,0,0,1,1,1,1,0,0,0,1,9,0
51,44,4,50,1,0,1,0,0,0,0,10,35,0,0,5,1,11,2,51,2,8,15,1,1,6,1,0,5,0,1,17,0
7,38,6,52,4,0,4,2,0,0,0,13,2,0,0,5,1,11,3,42,4,7,13,3,7,12,8,3,5,0,1,17,15
64,38,7,43,4,0,3,2,0,0,0,6,9,0,0,5,1,11,3,42,4,7,14,3,6,12,7,3,5,0,2,16,0
27,36,5,43,6,0,3,2,0,0,0,10,5,0,0,5,1,11,4,39,3,6,11,3,7,12,8,3,5,0,2,16,0
-16,34,4,50,6,0,3,2,0,0,0,9,6,0,0,5,1,11,3,38,3,7,14,4,7,15,9,4,5,0,1,17,0
1,34,4,45,5,0,3,2,0,0,0,6,9,0,0,5,1,11,3,38,3,7,14,3,6,15,8,3,5,0,1,16,15
49,34,5,36,6,0,3,2,0,0,0,6,9,0,0,5,1,11,3,36,4,7,13,4,7,14,9,4,5,1,2,15,0
1,32,3,45,7,0,2,2,0,0,0,1,14,0,0,5,1,11,2,35,3,6,12,3,6,14,10,5,5,1,1,16,15
14,31,3,42,6,0,2,2,0,0,0,5,10,0,0,5,1,11,1,35,4,7,14,3,6,14,10,4,5,1,2,15,45
-70,31,4,48,6,0,2,2,0,0,0,11,4,0,0,5,1,11,1,34,4,6,14,4,6,16,10,5,5,1,2,16,45
13,30,4,47,7,0,2,2,0,0,0,14,1,0,0,5,1,11,2,32,3,7,13,3,9,16,10,5,5,1,2,16,30
43,30,6,38,8,0,2,1,0,0,0,3,12,0,0,5,1,11,2,31,3,8,12,3,9,15,10,4,5,1,2,15,15
-92,30,6,53,8,0,2,0,0,0,0,14,1,1,0,5,1,11,2,31,3,8,13,3,8,14,9,4,4,1,1,18,0
14,29,7,40,8,0,2,1,0,0,1,42,3,0,0,5,1,11,3,28,4,7,14,6,8,15,10,6,4,0,1,15,30
5,28,6,38,8,0,1,1,0,0,1,31,14,0,0,5,1,11,2,28,5,7,15,6,8,15,10,6,4,1,2,15,15
-2,27,7,32,8,0,1,1,0,0,1,23,22,0,0,5,1,11,2,27,4,7,15,5,10,15,10,7,4,1,2,14,30
29,26,6,31,7,0,1,1,0,0,1,22,23,0,0,5,1,11,1,27,4,7,16,4,9,14,10,7,4,1,2,14,15
33,26,6,34,6,0,2,1,0,0,1,19,26,0,0,5,1,11,2,26,3,6,15,4,8,14,9,7,4,1,2,14,45
-31,26,7,40,5,0,2,1,0,0,1,14,31,0,0,5,1,11,2,25,5,7,15,3,8,15,8,6,4,1,1,15,30
7,24,5,36,5,0,3,1,0,0,1,7,38,0,0,5,1,11,2,24,3,5,15,3,7,14,9,5,4,1,2,15,0
-71,23,6,48,5,0,2,2,0,0,1,20,10,0,0,5,1,11,1,23,3,7,16,5,7,15,10,7,4,1,2,16,45
-61,22,7,32,7,0,1,2,0,0,1,9,21,0,0,5,1,11,2,21,2,7,14,5,7,16,10,6,3,1,2,14,30
72,22,8,27,7,0,1,2,0,0,0,0,30,0,0,5,1,11,2,21,3,8,14,4,7,16,9,5,3,1,1,13,0
-6,21,7,34,6,0,1,2,0,0,0,14,1,0,0,5,1,11,1,21,3,9,14,3,6,15,9,4,3,1,2,14,45
88,21,7,27,5,0,1,2,0,0,0,12,3,0,0,5,1,11,1,21,4,9,15,2,5,14,8,4,3,1,1,13,0
8,20,7,30,5,0,1,2,0,0,0,2,13,0,0,5,1,11,1,20,4,9,14,3,7,13,8,4,3,2,1,13,30
68,17,8,24,7,0,1,2,0,0,1,5,10,0,0,5,1,11,2,16,5,9,12,4,9,14,10,7,3,2,3,12,45
37,16,7,24,7,0,1,1,0,0,1,3,12,0,0,5,1,11,1,16,5,9,12,4,8,13,10,6,3,2,3,12,45
19,15,7,27,8,0,0,1,1,0,1,21,9,0,0,5,1,11,2,14,5,7,10,5,9,14,10,5,2,3,1,13,0
72,14,7,23,9,0,0,1,1,0,1,11,19,0,0,5,1,11,3,12,5,6,9,6,9,16,10,5,2,2,3,12,30
29,13,6,21,9,0,0,1,1,0,1,5,25,0,0,5,1,11,3,11,4,5,9,5,8,15,10,5,2,2,1,12,15
72,13,6,24,9,0,0,0,1,0,1,3,27,0,0,5,1,11,3,11,4,5,9,4,7,14,9,4,1,2,3,12,45
90,13,7,17,8,0,0,0,1,0,1,14,1,0,0,5,1,11,3,11,4,5,9,5,6,13,8,3,1,1,2,11,30
39,11,5,21,8,0,1,0,1,0,1,3,12,0,0,5,1,11,2,9,2,4,9,4,5,13,10,4,1,1,1,12,15
65,9,3,15,8,0,1,0,1,0,0,12,3,0,0,5,1,11,0,9,3,5,9,4,4,12,11,4,1,1,2,11,15
-9,9,4,19,9,0,0,1,1,0,0,1,14,0,0,5,1,11,2,7,1,3,7,3,6,14,10,4,0,1,2,11,45
52,9,4,17,8,0,0,1,1,0,0,0,15,0,0,5,1,11,2,7,1,3,7,2,5,13,9,4,0,0,2,11,30
61,7,3,13,8,0,0,1,0,0,0,2,13,0,0,5,1,11,0,7,2,3,7,1,6,13,10,4,0,0,2,11,0
46,6,6,11,8,0,1,2,0,0,0,12,3,0,0,5,1,11,2,4,1,4,4,6,8,15,10,4,0,0,2,10,45
43,5,5,19,7,0,1,2,0,0,0,8,7,0,0,5,1,11,1,4,1,4,4,6,7,15,10,4,0,0,2,11,45
11,5,5,9,7,0,0,2,0,0,0,2,13,0,0,5,1,11,1,4,2,4,4,5,8,14,9,3,0,0,1,10,15
43,4,4,13,6,0,0,2,0,0,0,9,6,0,0,5,1,11,0,4,4,4,4,5,9,13,9,2,0,0,2,11,0
70,4,4,7,6,0,0,1,0,0,0,5,10,0,0,5,1,11,0,4,4,4,4,4,8,12,8,1,0,0,1,10,0
95,4,4,3,6,0,0,1,0,0,0,13,2,0,0,5,1,11,1,3,3,3,3,3,8,11,7,1,0,0,1,9,30
56,4,4,15,5,0,0,1,0,0,0,12,3,0,0,5,1,11,1,3,3,3,3,2,7,10,6,0,0,0,2,11,15
85,2,2,10,6,0,1,1,0,0,0,10,5,0,0,5,1,11,2,0,0,0,0,5,7,9,7,1,0,0,2,10,30
46,0,0,11,5,0,1,1,0,0,0,3,12,0,0,5,1,11,0,0,0,0,0,5,8,8,8,1,0,0,2,10,45
15,0,0,3,4,0,1,1,0,0,0,2,13,0,0,5,1,11,0,0,0,0,0,4,7,7,7,1,0,0,1,9,30
100,0,0,7,3,0,1,1,0,0,0,2,13,0,0,5,1,11,0,0,0,0,0,3,6,6,6,0,0,0,1,10,0
32,0,0,1,2,0,1,1,0,0,0,14,1,0,0,5,1,11,0,0,0,0,0,2,5,5,5,0,0,0,3,9,15
76,0,0,3,2,0,1,0,0,0,0,0,15,0,0,5,1,11,0,0,0,0,0,3,4,4,4,0,0,0,1,9,30
12,0,0,1,2,0,0,0,0,0,0,0,20,0,0,5,1,11,0,0,0,0,0,3,3,3,3,0,0,0,3,9,15
28,0,0,6,1,0,0,0,0,0,0,0,26,0,0,5,1,11,0,0,0,0,0,2,2,2,2,0,0,0,2,9,45
33,0,0,0,0,0,0,0,0,0,0,0,34,0,1,5,1,11,0,0,0,0,0,1,1,1,1,0,0,0,2,9,0
29,35,4,53,7,0,1,4,1,0,0,6,9,0,0,4,1,10,2,44,3,6,11,5,11,18,12,4,7,3,1,17,30
-93,34,4,57,7,0,0,4,1,0,0,14,1,1,0,4,1,10,0,44,4,7,12,6,11,17,13,4,6,3,1,18,30
177,34,4,42,6,0,0,4,1,0,0,12,3,0,0,4,1,10,0,44,4,7,12,6,10,16,12,4,6,2,2,15,45
9,34,6,56,8,0,0,3,1,0,0,0,15,0,0,4,1,10,2,42,2,6,10,7,10,16,11,4,5,2,1,18,15
30,34,6,52,9,0,0,2,1,0,0,6,9,0,0,4,1,10,2,41,3,6,10,7,9,15,11,4,5,1,2,17,15
25,33,5,50,8,0,0,2,1,0,0,6,9,0,0,4,1,10,1,41,3,6,10,6,8,14,11,4,5,1,1,17,0
42,33,5,53,7,0,0,2,1,0,0,1,14,0,0,4,1,10,1,41,3,7,11,6,8,13,10,3,5,2,1,17,30
-2,33,6,49,6,0,1,2,1,0,0,13,2,0,0,4,1,10,2,40,3,6,11,5,8,12,9,2,5,2,2,16,45
9,31,4,50,6,0,1,1,1,0,0,7,8,0,0,4,1,10,0,40,3,6,11,5,8,12,10,3,5,2,1,17,0
36,31,4,46,6,0,1,1,0,0,0,2,13,0,0,4,1,10,0,40,4,7,11,4,7,11,9,3,5,2,1,16,15
-22,31,4,55,6,0,2,0,0,0,0,10,5,0,0,4,1,10,1,39,3,6,10,3,6,11,8,3,4,2,1,18,0
98,31,5,40,5,0,3,0,0,0,0,3,12,0,0,4,1,10,2,38,4,5,10,2,7,11,7,3,4,1,2,15,30
30,29,3,44,4,0,4,0,0,0,0,7,8,0,0,4,1,10,1,37,3,5,10,4,7,11,8,3,4,1,2,16,0
1,28,3,40,7,0,3,0,0,0,0,2,13,0,0,4,1,10,3,34,2,4,11,5,6,12,8,2,3,1,2,15,30
38,27,2,38,7,0,2,0,0,0,0,14,1,0,0,4,1,10,2,34,2,4,12,4,5,11,8,2,3,0,2,15,15
-1,27,2,48,6,0,2,0,0,0,0,8,7,0,0,4,1,10,1,34,2,5,12,3,4,10,8,2,3,0,1,16,30
26,26,1,35,7,0,1,0,0,0,0,22,8,0,0,4,1,10,1,33,2,4,14,3,5,10,8,2,3,0,2,15,0
-1,26,1,46,6,0,1,0,0,0,0,21,9,0,0,4,1,10,1,33,2,4,14,2,4,10,7,2,3,0,1,16,15
-18,26,2,38,6,0,1,0,0,0,0,7,23,0,0,4,1,10,2,32,3,5,14,2,5,11,6,2,3,0,2,15,15
6,25,6,44,8,0,1,0,0,0,0,22,23,0,0,4,1,10,2,29,2,7,13,4,6,12,8,4,3,1,2,16,0
8,25,8,42,7,0,1,0,0,0,0,12,33,0,0,4,1,10,2,29,3,9,14,5,6,14,7,3,3,1,2,15,45
-9,25,8,32,6,0,1,0,0,0,0,6,39,0,0,4,1,10,1,29,5,10,15,4,6,13,7,3,3,1,2,14,15
69,25,8,31,5,0,2,0,0,0,0,2,43,0,0,4,1,10,2,28,5,9,15,3,6,13,6,2,3,1,1,13,30
34,23,8,33,6,0,2,0,0,0,0,0,15,0,0,4,1,10,2,26,5,8,16,3,6,13,7,3,2,1,3,14,45
1,23,8,35,5,0,2,0,0,0,0,13,2,0,0,4,1,10,2,26,6,8,16,2,5,13,6,3,2,0,2,15,0
-34,19,7,33,7,0,2,1,1,0,0,4,11,0,0,4,1,10,3,21,3,5,16,4,7,15,9,4,2,1,3,14,45
-80,17,5,35,7,0,2,2,1,0,0,7,8,0,0,4,1,10,3,19,2,5,14,3,8,15,10,4,2,1,2,15,0
28,17,5,26,7,0,1,2,1,0,0,5,10,0,0,4,1,10,3,19,2,5,14,2,7,14,9,3,2,1,2,12,45
64,17,7,30,6,0,1,2,1,0,0,10,5,0,0,4,1,10,3,19,3,7,15,3,8,16,8,2,2,1,1,13,15
14,15,6,25,5,0,1,3,1,0,1,4,11,0,0,4,1,10,3,17,3,9,15,5,9,17,9,2,2,1,2,12,30
9,13,6,23,5,0,1,3,1,0,1,0,15,0,0,4,1,10,2,16,4,9,14,5,8,18,10,2,1,1,1,12,15
31,12,7,28,4,0,1,3,1,0,1,5,10,0,0,4,1,10,1,16,6,10,15,5,9,17,10,3,1,0,1,13,0
96,12,7,19,4,0,0,3,1,0,1,2,13,0,0,4,1,10,1,16,6,11,15,4,8,17,9,2,1,0,2,11,45
54,12,7,21,3,0,0,3,1,0,1,1,14,0,0,4,1,10,1,15,6,11,15,3,8,16,8,2,1,0,2,12,0
10,11,7,28,4,0,0,3,1,0,1,2,13,0,0,4,1,10,1,13,6,9,14,4,7,16,9,3,1,0,1,13,0
18,10,6,19,6,0,0,3,1,0,0,12,3,0,0,4,1,10,2,12,5,8,12,4,8,15,9,3,1,0,2,11,45
103,10,8,12,6,0,0,3,1,0,1,0,15,0,0,4,1,10,3,10,5,7,10,5,10,15,9,4,1,1,2,11,0
87,9,7,17,6,0,1,2,1,0,1,9,6,0,0,4,1,10,2,9,4,7,9,4,9,15,10,4,1,1,2,11,30
19,7,6,15,6,0,1,2,1,0,2,0,15,0,0,4,1,10,2,7,3,5,7,4,10,15,11,4,1,1,2,11,15
-3,6,5,17,5,0,1,2,1,0,2,8,7,0,0,4,1,10,1,7,4,6,7,5,9,15,11,3,1,1,2,11,30
18,5,4,21,7,0,1,1,1,0,2,1,14,0,0,4,1,10,2,5,2,4,5,5,9,16,11,2,1,1,2,12,0
107,4,4,4,6,0,1,1,1,0,2,0,15,0,0,4,1,10,1,5,3,5,5,7,9,16,11,2,1,1,1,9,45
17,4,4,10,7,0,0,1,1,0,2,14,1,0,0,4,1,10,2,4,2,4,4,6,8,15,10,2,1,1,3,10,45
16,4,4,10,6,0,0,1,1,0,2,12,3,0,0,4,1,10,2,4,2,4,4,5,7,14,9,2,1,1,3,10,45
49,2,2,15,7,0,0,0,1,0,2,1,14,0,0,4,1,10,1,3,2,3,3,5,6,14,10,2,1,1,2,11,15
22,2,2,8,7,0,0,0,1,0,1,0,15,0,0,4,1,10,1,3,2,3,3,4,6,13,9,2,0,1,2,10,30
25,2,2,8,8,0,0,0,1,0,0,4,11,0,0,4,1,10,1,2,2,2,2,3,7,12,9,3,0,0,2,10,30
52,2,2,12,7,0,0,0,1,0,0,2,13,0,0,4,1,10,1,2,2,2,2,3,6,11,8,3,0,0,2,11,0
-59,1,1,26,8,0,0,0,0,0,0,3,12,0,0,4,1,10,1,1,1,1,1,2,8,10,8,3,0,0,2,12,45
-65,0,0,23,7,0,1,0,0,0,0,2,13,0,0,4,1,10,1,0,0,0,0,4,8,9,8,4,0,0,1,12,15
59,0,0,6,6,0,1,0,0,0,0,1,14,0,0,4,1,10,0,0,0,0,0,6,8,8,8,4,0,0,2,10,15
61,0,0,0,5,0,1,0,0,0,0,14,1,0,1,4,1,10,0,0,0,0,0,5,7,7,7,3,0,0,2,9,0
-8,0,0,3,5,0,0,0,0,0,0,7,8,0,0,4,1,10,0,0,0,0,0,5,6,6,6,2,0,0,1,9,30
11,0,0,6,4,0,0,0,0,0,0,0,2,0,0,4,1,10,0,0,0,0,0,4,5,5,5,2,0,0,2,10,15
84,0,0,1,3,0,0,0,0,0,0,0,9,0,0,4,1,10,0,0,0,0,0,4,4,4,4,2,0,0,1,9,15
17,0,0,5,2,0,0,0,0,0,0,0,11,0,0,4,1,10,0,0,0,0,0,3,3,3,3,2,0,0,2,10,0
-52,0,0,12,1,0,0,0,0,0,0,0,19,0,0,4,1,10,0,0,0,0,0,2,2,2,2,2,0,0,2,11,0
20,0,0,1,0,0,0,0,0,0,0,0,35,0,0,4,1,10,0,0,0,0,0,1,1,1,1,1,0,0,1,9,15
3,34,6,48,3,0,0,1,0,0,0,26,4,1,0,3,1,9,2,44,2,7,13,1,2,9,3,1,2,0,1,17,15
55,29,5,46,7,0,0,1,0,0,0,9,6,0,0,3,1,9,1,39,3,5,11,2,6,13,8,2,2,0,1,16,45
104,27,6,43,8,0,1,1,0,0,0,10,5,0,0,3,1,9,2,36,2,6,10,5,8,15,9,3,2,1,1,16,15
32,27,6,41,7,0,1,1,0,0,0,8,7,0,0,3,1,9,2,36,2,6,10,4,7,14,8,2,2,1,2,16,0
30,26,6,45,6,0,1,1,0,0,0,14,1,0,0,3,1,9,1,36,4,6,10,5,6,13,8,2,2,1,2,16,30
26,26,6,41,6,0,1,1,0,0,0,3,12,0,0,3,1,9,2,35,4,7,10,5,7,12,7,2,2,2,2,16,0
47,25,6,37,5,0,1,1,0,0,0,0,15,0,0,3,1,9,1,34,4,7,10,4,7,11,7,2,2,2,2,15,30
-4,24,5,46,4,0,1,2,0,0,0,7,8,0,0,3,1,9,0,34,4,7,9,3,8,11,8,1,2,2,1,16,45
43,24,5,43,6,0,1,1,0,0,0,2,13,0,0,3,1,9,2,32,2,5,7,2,7,12,7,0,2,2,1,16,15
-7,23,4,37,7,0,1,0,0,0,0,6,9,0,0,3,1,9,2,31,3,5,7,3,8,13,7,1,1,2,2,15,30
148,20,2,23,9,0,1,0,0,0,0,10,20,0,0,3,1,9,2,28,2,2,6,7,7,13,9,1,0,1,2,12,45
32,20,2,33,9,0,0,0,0,0,0,9,21,0,0,3,1,9,2,28,2,3,7,6,6,12,8,0,0,0,2,15,0
26,19,1,33,8,0,0,0,0,0,0,0,30,0,0,3,1,9,0,28,2,3,9,5,5,11,9,2,0,0,2,15,0
12,19,1,39,7,0,0,0,0,0,0,12,3,0,0,3,1,9,0,28,2,3,9,4,4,10,8,2,0,0,2,15,45
30,19,1,35,7,0,0,0,0,0,0,7,8,0,0,3,1,9,1,27,1,2,8,3,4,9,7,2,0,0,2,15,15
-42,19,1,35,6,0,0,0,0,0,0,1,14,0,0,3,1,9,1,27,1,2,9,2,5,9,6,2,0,0,2,15,15
40,19,2,39,5,0,0,0,0,0,0,42,3,0,0,3,1,9,1,27,1,3,10,1,5,9,5,1,0,0,2,15,45
124,18,4,25,6,0,0,0,0,0,0,9,6,0,0,3,1,9,1,25,2,6,15,6,6,11,6,3,0,0,1,13,0
17,18,4,29,5,0,0,0,0,0,0,5,10,0,0,3,1,9,1,25,2,6,15,5,6,10,5,3,0,0,2,14,15
35,18,4,31,4,0,0,0,0,0,0,4,11,0,0,3,1,9,1,25,2,6,16,4,5,9,4,2,0,0,2,14,30
15,18,5,31,3,0,0,0,0,0,0,1,14,0,0,3,1,9,1,25,2,7,16,3,4,8,3,2,0,0,2,14,30
-9,17,4,29,3,0,0,0,0,0,0,9,6,0,0,3,1,9,1,24,3,7,15,2,5,8,3,2,0,0,2,14,15
33,17,4,28,2,0,0,0,0,0,0,11,4,0,0,3,1,9,0,24,5,8,16,1,4,8,3,1,0,0,2,13,30
15,14,5,25,5,0,0,1,0,0,0,7,8,0,0,3,1,9,1,19,3,9,15,4,5,16,6,1,0,0,1,13,0
-15,13,5,27,6,0,0,1,0,0,0,14,1,0,0,3,1,9,2,17,3,8,13,4,4,15,6,1,0,0,1,13,15
23,13,5,20,5,0,0,1,0,0,0,12,3,0,0,3,1,9,2,17,3,8,13,3,3,14,5,1,0,0,1,12,15
64,13,6,15,5,0,0,1,0,0,0,7,8,0,0,3,1,9,1,16,6,9,13,2,5,13,6,2,0,0,1,11,30
-6,12,5,22,4,0,0,1,0,0,0,5,10,0,0,3,1,9,0,16,6,9,13,1,4,12,6,2,0,0,2,12,30
-19,8,5,18,7,0,1,1,2,0,0,10,5,0,0,3,1,9,2,9,3,5,9,8,11,13,10,5,0,0,2,12,0
103,7,5,11,8,0,1,0,2,0,0,11,4,0,0,3,1,9,1,8,3,4,8,10,10,16,11,5,0,0,2,11,0
31,7,5,11,8,0,1,0,2,0,0,9,6,0,0,3,1,9,2,7,3,3,7,9,9,15,10,5,0,0,2,11,0
36,6,4,10,8,0,0,0,2,0,0,5,10,0,0,3,1,9,1,7,3,4,7,8,8,14,10,5,0,0,2,10,45
3,6,4,20,7,0,0,0,2,0,0,4,11,0,0,3,1,9,1,7,3,4,7,7,7,13,9,5,0,0,1,12,15
6,6,4,17,6,0,0,0,2,0,0,3,12,0,0,3,1,9,1,7,3,4,7,6,6,13,8,5,0,0,2,11,45
-36,6,4,23,5,0,0,0,2,0,0,2,13,0,0,3,1,9,1,7,3,4,7,5,5,12,7,4,0,0,2,12,45
16,6,4,13,6,0,0,0,1,0,0,12,3,0,0,3,1,9,2,6,2,3,6,4,4,12,6,4,0,0,2,11,15
-23,4,3,15,7,0,0,0,0,0,0,1,14,0,0,3,1,9,1,5,1,2,5,3,4,12,7,5,0,0,1,11,30
28,4,3,13,6,0,0,0,0,0,0,13,2,0,0,3,1,9,1,5,1,2,5,2,3,11,6,5,0,0,2,11,15
-6,4,3,18,5,0,0,0,0,0,0,12,3,0,0,3,1,9,1,5,1,2,5,1,2,10,5,4,0,0,2,12,0
20,1,1,8,6,0,0,0,0,0,0,3,12,0,0,3,1,9,0,3,3,3,3,3,9,10,7,5,0,0,1,10,30
35,0,0,8,6,0,1,1,0,0,0,10,5,0,0,3,1,9,1,0,0,0,0,7,9,9,8,4,0,0,1,10,30
47,0,0,4,5,0,1,1,0,0,0,4,11,0,0,3,1,9,1,0,0,0,0,7,8,8,7,4,0,0,2,9,45
21,0,0,6,4,0,1,1,0,0,0,2,13,0,0,3,1,9,1,0,0,0,0,6,7,7,6,3,0,0,2,10,15
-57,0,0,6,4,0,1,0,0,0,0,0,1,0,0,3,1,9,1,0,0,0,0,5,6,6,5,2,0,0,2,10,15
3,0,0,1,3,0,1,0,0,0,0,0,2,0,0,3,1,9,1,0,0,0,0,4,5,5,4,2,0,0,2,9,15
35,0,0,2,2,0,1,0,0,0,0,0,11,0,0,3,1,9,0,0,0,0,0,3,4,4,4,2,0,0,2,9,30
29,0,0,4,1,0,1,0,0,0,0,0,15,0,0,3,1,9,0,0,0,0,0,3,3,3,3,2,0,0,2,9,45
-8,0,0,0,1,0,0,0,0,0,0,0,22,0,1,3,1,9,0,0,0,0,0,2,2,2,2,1,0,0,1,9,0
10,0,0,2,0,0,0,0,0,0,0,0,42,0,0,3,1,9,0,0,0,0,0,1,1,1,1,1,0,0,2,9,30
24,45,6,55,0,0,0,0,0,0,0,15,0,1,0,2,1,8,0,55,4,9,15,1,3,8,1,0,3,0,1,17,30
11,43,6,54,2,0,1,0,0,0,0,10,5,0,0,2,1,8,2,51,6,8,15,2,5,13,2,1,3,1,1,17,15
20,39,3,50,5,0,1,0,0,0,0,3,12,0,0,2,1,8,2,47,3,7,13,3,6,12,5,3,3,2,2,16,45
35,38,5,50,7,0,0,0,0,0,1,3,12,0,0,2,1,8,4,44,1,7,12,3,8,12,5,3,3,2,2,16,45
39,38,6,47,6,0,0,0,0,0,1,14,1,0,0,2,1,8,3,44,2,7,13,2,7,11,5,4,2,2,2,16,30
40,37,5,44,6,0,0,0,0,0,1,0,15,0,0,2,1,8,3,43,3,7,13,3,9,11,5,3,2,1,1,16,0
22,36,5,47,7,0,0,0,0,0,1,8,7,0,0,2,1,8,2,41,5,7,12,7,8,11,7,5,2,1,2,16,30
64,36,5,42,7,0,0,0,0,0,1,3,12,0,0,2,1,8,3,40,4,6,12,6,7,10,6,4,1,1,2,15,45
-28,35,4,52,6,0,0,1,0,0,1,14,1,0,0,2,1,8,3,39,3,6,12,6,7,9,6,5,1,0,1,17,0
8,35,4,44,5,0,0,1,0,0,1,12,3,0,0,2,1,8,3,39,3,6,13,5,6,9,5,4,1,0,1,16,0
-12,33,3,46,5,0,0,1,0,0,1,8,7,0,0,2,1,8,2,38,2,6,12,4,5,9,6,4,1,0,3,16,15
-27,32,3,47,6,0,0,1,0,0,0,13,2,0,0,2,1,8,1,37,3,6,13,3,5,9,7,4,1,0,2,16,30
46,32,3,41,6,0,0,1,0,0,0,10,5,0,0,2,1,8,2,36,2,5,12,2,4,8,6,3,1,0,2,15,30
24,32,4,39,6,0,0,0,0,0,0,2,13,0,0,2,1,8,2,36,3,5,13,1,3,7,5,3,1,0,1,15,15
-11,31,4,42,5,0,1,1,1,0,0,0,15,0,0,2,1,8,2,33,3,6,14,2,3,13,7,5,1,0,2,15,45
30,29,5,37,6,0,1,1,1,0,0,14,1,0,0,2,1,8,2,31,2,6,15,1,5,12,8,5,1,0,2,15,0
6,27,6,34,6,0,1,2,1,0,0,24,6,0,0,2,1,8,1,29,5,8,17,4,11,13,10,6,1,1,2,14,30
46,27,7,37,6,0,1,3,1,0,0,14,16,0,0,2,1,8,3,27,5,8,16,3,10,13,9,5,1,1,2,15,0
73,25,5,26,6,0,1,3,1,0,0,9,21,0,0,2,1,8,2,26,4,7,16,4,9,14,10,5,1,1,2,12,45
101,25,7,31,5,0,1,3,1,0,0,6,24,0,0,2,1,8,2,26,4,7,16,4,8,15,9,4,1,1,1,14,0
23,23,10,33,6,0,2,4,1,0,0,11,19,0,0,2,1,8,3,22,3,9,15,7,9,18,11,5,1,1,1,14,15
-5,23,10,39,5,0,2,4,1,0,0,9,21,0,0,2,1,8,3,22,3,10,15,6,8,18,10,5,1,1,1,15,15
17,23,10,35,4,0,2,4,1,0,0,8,22,0,0,2,1,8,3,22,3,10,15,5,7,17,9,4,1,1,2,14,45
48,21,8,30,4,0,2,4,0,0,0,6,24,0,0,2,1,8,1,22,3,10,15,4,6,17,10,5,1,1,2,13,30
-24,21,9,35,3,0,2,4,0,0,0,1,29,0,0,2,1,8,1,22,6,10,16,3,5,16,9,5,1,1,2,14,45
-37,21,9,31,3,0,1,4,0,0,0,1,29,0,0,2,1,8,1,22,6,10,16,2,4,15,8,5,0,1,1,14,0
30,21,9,28,4,0,1,3,0,0,0,10,5,0,0,2,1,8,2,21,5,9,15,1,3,14,7,5,0,0,1,13,0
7,15,7,24,9,0,1,3,0,0,0,6,9,0,0,2,1,8,2,15,4,6,13,2,10,14,12,8,0,0,2,12,30
54,13,6,26,10,0,1,3,0,0,0,12,3,0,0,2,1,8,2,13,3,5,12,2,10,15,13,7,0,0,2,12,45
-132,11,5,52,11,0,0,3,1,0,0,20,10,0,0,2,1,8,2,11,3,6,11,8,11,15,14,6,0,0,1,17,0
43,10,6,28,12,0,0,2,1,0,0,12,18,0,0,2,1,8,2,10,2,6,10,8,10,16,14,6,0,0,1,13,0
66,10,6,20,11,0,0,2,1,0,0,11,19,0,0,2,1,8,2,10,3,6,10,7,9,15,13,6,0,0,2,12,0
16,10,6,20,10,0,0,2,1,0,0,9,21,0,0,2,1,8,2,10,3,6,10,7,9,14,12,5,0,0,2,12,0
3,10,6,24,9,0,0,2,1,0,0,7,23,0,0,2,1,8,2,10,3,7,10,6,8,13,11,5,0,0,2,12,30
126,8,5,10,9,0,0,2,1,0,0,0,30,0,0,2,1,8,1,9,3,7,9,6,7,14,12,7,0,0,2,10,30
46,8,5,18,8,0,0,2,1,0,0,14,1,0,0,2,1,8,1,9,3,7,9,5,6,13,11,7,0,0,2,11,30
69,8,5,22,7,0,0,2,1,0,0,13,2,0,0,2,1,8,1,9,3,7,9,4,5,12,10,7,0,0,2,12,15
86,7,5,14,6,0,1,2,1,0,0,0,15,0,0,2,1,8,1,8,4,7,8,3,6,15,10,6,0,0,2,11,0
38,7,6,22,6,0,1,2,1,0,0,10,5,0,0,2,1,8,2,7,3,6,7,3,6,14,9,5,0,0,2,12,15
111,7,6,16,6,0,1,1,1,0,0,7,8,0,0,2,1,8,2,7,4,6,7,2,5,14,8,4,0,0,2,11,15
53,4,4,18,8,0,1,1,1,0,0,11,4,0,0,2,1,8,1,4,3,4,4,3,6,14,11,5,0,0,2,11,30
82,2,2,8,10,0,1,1,0,0,0,5,10,0,0,2,1,8,1,2,2,2,2,3,10,13,12,4,0,0,2,10,15
48,2,2,5,9,0,1,1,0,0,0,4,11,0,0,2,1,8,1,2,2,2,2,2,10,12,11,3,0,0,2,10,0
-10,1,1,16,10,0,0,1,0,0,0,11,4,0,0,2,1,8,1,1,1,1,1,3,9,11,11,4,0,0,2,11,15
-42,0,0,12,9,0,0,2,0,0,0,0,15,0,0,2,1,8,0,0,0,0,0,8,9,12,12,5,0,0,2,10,45
63,0,0,14,8,0,0,2,0,0,0,0,15,0,0,2,1,8,0,0,0,0,0,7,8,11,11,5,0,0,2,11,0
69,0,0,12,7,0,0,2,0,0,0,5,10,0,0,2,1,8,0,0,0,0,0,7,8,10,10,5,0,0,2,10,45
49,0,0,3,6,0,0,2,0,0,0,2,13,0,0,2,1,8,0,0,0,0,0,6,7,9,9,5,0,0,3,9,45
78,0,0,8,5,0,0,2,0,0,0,12,3,0,0,2,1,8,0,0,0,0,0,5,6,8,8,5,0,0,2,10,15
110,0,0,5,4,0,0,2,0,0,0,6,9,0,0,2,1,8,0,0,0,0,0,4,5,7,7,4,0,0,2,10,0
76,0,0,5,3,0,0,2,0,0,0,6,9,0,0,2,1,8,0,0,0,0,0,3,4,6,6,4,0,0,2,10,0
20,0,0,10,3,0,0,1,0,0,0,4,11,0,0,2,1,8,0,0,0,0,0,2,3,5,5,4,0,0,2,10,30
97,0,0,0,2,0,0,1,0,0,0,0,7,0,1,2,1,8,0,0,0,0,0,2,2,4,4,3,0,0,2,9,15
27,0,0,3,1,0,0,1,0,0,0,0,30,0,0,2,1,8,0,0,0,0,0,1,3,3,3,2,0,0,3,9,45
53,0,0,1,0,0,0,1,0,0,0,0,70,0,0,2,1,8,0,0,0,0,0,2,2,2,2,1,0,0,2,9,30
19,0,0,1,0,0,0,0,0,0,0,0,78,0,0,2,1,8,0,0,0,0,0,1,1,1,1,1,0,0,2,9,30
60,27,3,36,3,0,0,1,1,0,0,5,10,0,0,6,1,5,2,32,0,2,9,1,3,8,4,3,13,2,1,17,15
17,25,3,37,2,0,0,1,2,0,0,8,7,1,0,6,1,5,1,31,2,6,12,4,6,11,5,5,12,2,1,17,30
31,24,4,33,2,0,0,1,2,0,0,12,3,0,0,6,1,5,0,30,2,6,11,3,6,10,6,5,11,1,1,17,0
27,24,6,33,1,0,0,2,2,0,0,1,14,0,0,6,1,5,1,29,1,6,10,3,5,11,5,4,11,0,1,17,0
-31,24,6,33,1,0,0,1,2,0,0,0,15,0,0,6,1,5,1,29,2,6,10,2,4,10,4,3,11,0,1,17,0
26,23,6,30,2,0,0,1,1,0,0,2,28,0,0,6,1,5,1,28,5,9,12,3,6,11,4,3,11,1,1,16,30
13,22,5,29,2,0,0,2,0,0,0,12,3,0,0,6,1,5,1,26,5,8,11,3,5,10,4,2,11,1,2,16,15
38,21,5,30,2,0,1,3,0,0,0,2,13,0,0,6,1,5,2,24,3,5,9,3,5,10,5,3,11,2,1,16,30
4,18,2,27,3,0,1,2,0,0,0,0,15,0,0,6,1,5,0,23,4,4,10,3,6,11,7,3,11,3,1,15,30
27,18,2,23,4,0,1,2,0,0,0,4,11,0,0,6,1,5,1,21,2,3,9,3,6,10,7,3,10,3,2,15,0
28,18,2,25,3,0,1,2,0,0,0,0,15,0,0,6,1,5,1,21,2,3,9,2,5,9,6,3,10,2,1,15,15
-95,17,2,32,5,0,0,2,0,0,0,12,3,0,0,6,1,5,2,19,0,3,8,4,5,8,6,4,9,3,3,16,45
50,16,4,25,5,0,0,1,0,0,0,51,9,0,0,6,1,5,0,19,2,5,10,4,7,8,7,4,8,3,1,15,15
9,16,4,20,4,0,0,1,0,0,0,46,14,0,0,6,1,5,0,19,3,6,11,3,6,7,6,4,8,2,2,14,30
8,16,4,21,3,0,0,1,0,0,0,44,16,0,0,6,1,5,0,19,3,6,11,2,5,7,5,3,8,2,2,14,45
-6,16,5,21,2,0,0,2,0,0,0,30,30,0,0,6,1,5,1,18,3,6,10,2,4,6,4,2,7,2,2,14,45
108,14,5,19,3,0,1,2,0,0,0,2,58,0,0,6,1,5,2,15,3,4,8,3,3,8,5,4,6,1,1,13,30
18,13,4,23,2,0,1,2,0,0,0,15,60,0,0,6,1,5,1,15,3,4,8,2,2,7,5,3,6,0,2,15,0
-6,13,4,28,3,0,1,1,0,0,0,14,1,0,0,6,1,5,2,14,2,4,7,1,1,6,4,3,6,0,1,15,45
52,7,3,14,6,0,1,2,0,0,0,7,8,0,0,6,1,5,1,9,1,2,7,3,5,11,9,6,5,3,2,12,30
64,7,3,15,6,0,2,1,0,0,0,0,15,0,0,6,1,5,2,8,1,1,7,2,5,11,8,5,4,2,1,12,45
58,5,1,12,6,0,1,1,0,0,0,29,1,0,0,6,1,5,0,8,1,3,8,3,6,12,9,5,3,2,1,12,15
14,5,1,15,6,0,1,1,0,0,0,11,19,0,0,6,1,5,1,7,0,4,7,3,8,11,8,5,3,3,1,12,45
19,4,1,18,5,0,1,1,0,0,0,2,28,0,0,6,1,5,0,7,2,4,7,3,7,11,8,4,3,3,1,13,15
31,4,1,17,4,0,1,1,0,0,0,6,9,0,0,6,1,5,0,7,2,5,7,5,6,11,7,3,3,3,1,13,0
52,4,2,9,4,0,1,1,0,0,0,7,8,0,0,6,1,5,1,6,3,5,6,5,7,10,6,3,2,3,1,11,30
10,4,2,12,4,0,2,0,0,0,0,2,13,0,0,6,1,5,2,5,2,5,5,4,7,9,5,2,2,2,1,12,15
53,4,2,8,4,0,1,0,0,0,0,14,1,0,0,6,1,5,2,5,2,5,5,3,6,9,4,2,2,2,2,11,15
46,4,3,11,3,0,1,0,0,0,0,12,3,0,0,6,1,5,2,5,3,5,5,2,5,8,3,1,1,2,2,12,0
-6,4,4,6,3,0,1,1,0,0,0,0,15,0,0,6,1,5,2,3,1,3,3,2,4,7,4,1,0,1,1,11,0
101,3,3,3,3,0,1,1,0,0,0,34,11,0,0,6,1,5,1,2,2,2,2,3,5,7,5,1,0,0,1,10,30
-4,2,2,6,3,0,1,1,0,0,0,27,18,0,0,6,1,5,1,1,1,1,1,2,4,6,5,2,0,0,1,11,0
8,2,2,9,2,0,1,1,0,0,0,20,25,0,0,6,1,5,1,1,1,1,1,1,3,6,4,1,0,0,1,11,30
9,0,0,2,2,0,1,1,0,0,0,5,10,0,0,6,1,5,0,0,0,0,0,2,3,5,5,3,0,0,2,9,45
7,0,0,3,2,0,1,0,0,0,0,0,4,0,0,6,1,5,0,0,0,0,0,2,3,4,4,2,0,0,1,10,30
-17,0,0,5,2,0,0,0,0,0,0,0,28,0,0,6,1,5,0,0,0,0,0,1,3,3,3,2,0,0,2,10,45
28,0,0,0,1,0,0,0,0,0,0,0,59,0,1,6,1,5,0,0,0,0,0,2,2,2,2,2,0,0,1,9,30
43,0,0,0,0,0,0,0,0,0,0,0,79,0,1,6,1,5,0,0,0,0,0,1,1,1,1,1,0,0,1,9,30
-68,6,0,15,0,0,0,0,0,0,0,106,14,1,0,5,1,4,0,15,1,1,3,1,2,2,1,1,1,0,2,16,45
-100,6,0,13,0,0,0,0,0,0,0,65,55,0,0,5,1,4,0,14,0,1,3,1,1,2,1,1,1,0,1,16,15
-21,6,0,11,1,0,0,1,0,0,0,26,4,0,0,5,1,4,1,11,0,2,8,2,3,5,2,1,1,1,1,13,15
-178,6,0,13,0,0,0,1,0,0,0,20,10,0,0,5,1,4,1,11,0,3,9,1,2,4,1,1,1,1,1,16,15
-25,6,3,10,0,0,0,0,0,0,0,2,28,0,0,5,1,4,0,11,4,7,11,1,3,7,1,1,0,1,1,12,30
-234,4,4,12,2,0,0,0,1,0,0,27,3,0,0,5,1,4,1,7,4,6,7,2,4,8,3,2,0,0,2,15,15
3,4,4,6,2,0,1,0,1,0,1,17,13,0,0,5,1,4,2,4,2,4,4,1,3,9,4,3,0,0,1,11,15
28,0,0,4,5,0,1,0,0,0,1,7,8,0,0,5,1,4,1,1,1,1,1,4,6,9,7,6,0,0,1,10,30
-26,0,0,6,4,0,1,0,0,0,1,3,12,0,0,5,1,4,1,1,1,1,1,3,5,8,6,6,0,0,1,11,15
-35,0,0,8,4,0,1,0,0,0,1,0,15,0,0,5,1,4,0,0,0,0,0,4,6,7,7,6,0,0,1,11,30
36,0,0,0,3,0,1,0,0,0,1,0,2,0,1,5,1,4,0,0,0,0,0,3,5,6,6,5,0,0,1,9,45
26,0,0,2,3,0,0,0,0,0,1,0,20,0,0,5,1,4,0,0,0,0,0,2,5,5,5,4,0,0,1,10,15
15,0,0,2,3,0,0,0,0,0,0,0,29,0,0,5,1,4,0,0,0,0,0,3,4,4,4,3,0,0,1,10,15
-59,0,0,5,2,0,0,0,0,0,0,0,57,0,0,5,1,4,0,0,0,0,0,3,3,3,3,2,0,0,2,11,0
9,0,0,1,1,0,0,0,0,0,0,0,58,0,0,5,1,4,0,0,0,0,0,2,2,2,2,1,0,0,2,10,0
-133,0,0,9,0,0,0,0,0,0,0,0,73,0,0,5,1,4,0,0,0,0,0,1,1,1,1,0,0,0,1,12,0
-7,34,4,50,2,0,0,0,0,0,0,14,1,0,0,4,1,3,2,49,5,9,13,2,6,9,1,1,6,3,1,17,0
-2,33,4,49,2,0,1,0,0,0,0,8,7,0,0,4,1,3,0,47,6,10,13,3,6,13,4,1,6,4,1,16,45
-63,32,5,51,3,0,3,0,1,0,0,8,7,1,0,4,1,3,2,42,2,5,10,4,5,12,6,2,6,4,1,17,30
-4,32,5,48,3,0,3,0,1,0,0,13,2,0,0,4,1,3,3,41,4,5,10,4,4,12,5,1,5,4,1,16,30
36,31,4,44,2,0,3,0,1,0,0,8,7,0,0,4,1,3,2,41,4,5,11,3,3,11,5,1,4,3,2,16,0
-5,31,4,46,2,0,2,0,1,0,0,7,8,0,0,4,1,3,2,41,4,5,11,2,2,10,4,1,3,2,1,16,15
56,30,3,38,3,0,1,0,1,0,0,6,9,0,0,4,1,3,1,39,3,5,12,1,4,10,5,2,2,1,2,15,15
-1,27,2,46,4,0,1,0,3,0,0,3,12,0,0,4,1,3,1,36,3,6,15,7,8,11,8,5,2,1,1,16,15
3,27,2,42,4,0,1,0,2,0,0,1,14,0,0,4,1,3,0,36,3,6,15,6,7,10,8,5,2,1,2,15,45
19,27,3,38,3,0,1,0,2,0,0,13,2,0,0,4,1,3,0,36,3,6,15,5,6,10,7,4,2,1,2,15,15
-7,27,4,42,4,0,0,0,2,0,0,5,10,0,0,4,1,3,1,35,4,7,15,4,6,11,6,3,1,1,2,15,45
-51,27,5,44,4,0,0,0,1,0,0,2,13,0,0,4,1,3,1,35,4,7,16,3,5,10,5,2,1,0,2,16,0
49,27,5,34,5,0,0,0,0,0,0,13,2,0,0,4,1,3,2,34,3,8,15,3,4,10,4,1,1,0,2,14,30
23,27,5,40,4,0,0,0,0,0,0,11,4,0,0,4,1,3,2,34,3,8,15,2,3,9,3,0,1,0,2,15,30
18,26,6,37,4,0,0,1,0,0,1,32,13,0,0,4,1,3,2,31,3,8,15,2,3,11,5,1,1,1,2,15,0
-43,24,5,40,4,0,0,3,0,0,1,8,37,0,0,4,1,3,3,28,4,8,16,2,5,16,6,3,1,1,2,15,30
46,20,6,28,8,0,0,3,0,0,0,10,5,0,0,4,1,3,2,24,4,7,15,3,7,17,10,6,0,1,1,13,0
-26,20,7,35,8,0,0,3,1,0,0,14,1,0,0,4,1,3,4,22,3,7,16,5,8,18,9,5,0,0,1,14,45
6,20,9,32,7,0,1,3,1,0,0,14,1,0,0,4,1,3,4,21,4,8,15,4,10,20,9,5,0,0,1,13,30
-1,19,9,33,7,0,1,3,1,0,0,10,5,0,0,4,1,3,4,20,3,8,14,4,11,20,9,5,0,0,1,14,15
28,18,9,24,6,0,1,3,1,0,0,7,8,0,0,4,1,3,3,20,3,8,14,4,11,19,9,5,0,0,1,12,15
86,17,8,26,7,0,1,2,1,0,0,0,15,0,0,4,1,3,3,19,3,8,13,4,10,18,9,6,0,0,3,12,45
33,14,6,28,8,0,1,1,2,0,0,11,4,0,0,4,1,3,2,17,5,8,13,8,11,19,11,7,0,0,1,13,0
-83,14,6,35,7,0,1,1,2,0,0,10,5,0,0,4,1,3,2,17,5,8,13,7,10,18,10,6,0,0,1,14,45
34,14,6,26,7,0,1,0,2,0,0,7,8,0,0,4,1,3,2,17,5,10,15,7,10,17,9,6,0,0,3,12,45
87,13,7,20,8,0,1,0,2,0,0,14,1,0,0,4,1,3,3,15,4,9,13,6,10,19,9,5,0,0,2,11,45
7,11,5,25,9,0,0,0,2,0,1,3,12,0,0,4,1,3,3,13,4,7,12,6,11,18,10,5,0,0,2,12,30
41,11,5,31,8,0,0,0,2,0,1,2,13,0,0,4,1,3,3,13,4,7,12,5,10,17,9,5,0,0,1,13,15
23,11,6,22,7,0,0,0,2,0,1,14,1,0,0,4,1,3,3,13,4,7,12,5,10,16,8,4,0,0,1,12,0
-4,10,5,28,6,0,0,0,2,0,1,12,3,0,0,4,1,3,2,13,4,7,12,4,9,15,8,4,0,0,1,13,0
31,10,6,22,6,0,0,0,2,0,1,9,6,0,0,4,1,3,3,12,5,6,12,3,9,14,7,4,0,0,1,12,0
58,8,4,18,8,0,0,0,2,0,1,7,8,0,0,4,1,3,3,9,3,4,9,5,9,16,9,5,0,0,2,11,30
65,8,5,14,7,0,0,0,2,0,1,0,15,0,0,4,1,3,3,9,3,4,9,6,9,16,8,5,0,0,2,11,0
-7,8,5,20,7,0,1,0,2,0,1,8,7,0,0,4,1,3,4,7,1,5,7,6,8,15,8,6,0,0,2,11,45
161,7,4,2,7,0,1,0,2,0,1,1,14,0,0,4,1,3,4,6,0,4,6,5,9,14,8,6,0,0,2,9,30
43,6,3,16,6,0,1,0,2,0,1,8,7,0,0,4,1,3,3,6,1,4,6,5,9,13,8,5,0,0,2,11,15
58,6,3,12,5,0,1,0,2,0,1,4,11,0,0,4,1,3,3,6,1,5,6,4,8,12,7,5,0,0,2,10,45
4,6,3,14,5,0,0,0,2,0,1,1,14,0,0,4,1,3,3,6,1,5,6,4,7,11,6,4,0,0,2,11,0
8,5,3,18,4,0,0,0,2,0,1,12,3,0,0,4,1,3,2,6,2,5,6,3,6,10,6,5,0,0,2,11,30
44,4,4,12,4,0,0,0,2,0,1,11,4,0,0,4,1,3,2,5,3,5,5,5,8,11,6,4,0,0,2,10,45
78,4,4,10,3,0,0,0,2,0,1,3,12,0,0,4,1,3,2,5,4,5,5,4,7,10,5,3,0,0,2,10,30
-3,3,3,16,4,0,0,1,2,0,1,6,9,0,0,4,1,3,3,2,2,2,2,5,7,10,6,3,0,0,2,11,15
44,3,3,8,4,0,0,1,1,0,1,2,13,0,0,4,1,3,3,2,2,2,2,4,6,10,5,2,0,0,2,10,15
60,3,3,4,4,0,0,1,0,0,1,14,1,0,0,4,1,3,3,2,2,2,2,4,5,9,4,2,0,0,2,9,45
56,2,2,4,5,0,0,1,0,0,1,8,7,0,0,4,1,3,2,0,0,0,0,4,5,8,6,2,0,0,2,9,45
-14,1,1,10,4,0,0,1,0,0,1,7,8,0,0,4,1,3,1,0,0,0,0,3,4,7,6,2,0,0,2,10,30
3,0,0,8,4,0,0,1,0,0,0,1,14,0,0,4,1,3,0,0,0,0,0,2,4,6,6,2,0,0,2,10,15
-6,0,0,6,3,0,0,1,0,0,0,1,14,0,0,4,1,3,0,0,0,0,0,1,3,5,5,1,0,0,2,10,0
-16,0,0,6,3,0,0,0,0,0,0,0,20,0,0,4,1,3,0,0,0,0,0,3,4,4,4,1,0,0,2,10,0
18,0,0,1,2,0,0,0,0,0,0,0,25,0,0,4,1,3,0,0,0,0,0,2,3,3,3,1,0,0,2,9,15
37,0,0,0,1,0,0,0,0,0,0,0,46,0,1,4,1,3,0,0,0,0,0,2,2,2,2,1,0,0,1,9,0
13,0,0,2,0,0,0,0,0,0,0,0,56,0,0,4,1,3,0,0,0,0,0,1,1,1,1,1,0,0,2,9,30
45,21,2,35,4,0,1,1,0,0,0,10,5,0,0,3,1,2,2,32,3,5,8,2,3,10,5,3,7,1,1,16,45
55,21,2,30,5,0,0,2,0,0,0,12,3,0,0,3,1,2,2,30,2,5,7,1,5,10,6,2,6,1,2,16,0
-59,20,3,38,5,0,0,3,0,0,0,5,10,1,0,3,1,2,2,28,3,3,8,4,7,11,7,1,6,2,1,17,30
-28,19,2,37,6,0,0,3,0,0,0,6,9,0,0,3,1,2,2,26,1,2,6,4,7,13,8,1,6,3,1,17,0
51,19,2,33,4,0,0,3,0,0,0,4,11,0,0,3,1,2,2,26,1,2,6,3,6,12,7,1,6,3,2,16,30
54,19,2,31,4,0,0,3,0,0,0,4,11,0,0,3,1,2,2,26,1,2,6,3,6,12,7,1,6,3,2,16,15
55,17,2,25,4,0,0,3,0,0,0,10,5,0,0,3,1,2,0,25,1,4,8,4,7,10,8,1,6,4,2,15,15
13,17,3,26,4,0,0,2,0,0,0,13,2,0,0,3,1,2,0,25,2,5,9,4,6,10,7,1,5,4,2,15,30
-25,17,3,35,4,0,0,1,0,0,0,10,5,0,0,3,1,2,0,25,3,5,9,4,5,10,6,1,4,3,1,16,45
17,17,3,33,3,0,0,1,0,0,0,3,12,0,0,3,1,2,0,25,4,5,10,3,5,9,5,1,3,2,2,16,30
31,16,2,23,3,0,0,1,0,0,1,18,12,0,0,3,1,2,1,23,3,3,8,3,6,10,5,1,3,1,1,14,45
-11,16,2,28,4,0,0,0,0,0,1,12,18,0,0,3,1,2,2,22,2,4,7,2,5,9,4,1,2,1,1,15,45
-5,15,1,28,4,0,0,0,0,0,1,2,28,0,0,3,1,2,2,21,1,4,8,2,4,8,4,1,2,0,1,15,45
12,14,2,24,4,0,0,0,0,0,1,19,26,0,0,3,1,2,0,20,3,5,11,3,5,8,6,2,2,0,1,15,0
-85,14,2,26,4,0,0,0,0,0,0,10,35,0,0,3,1,2,0,20,3,5,13,2,5,9,5,2,2,0,2,15,30
-142,14,2,31,3,0,0,0,0,0,0,8,37,0,0,3,1,2,0,20,3,5,13,1,5,9,4,2,2,0,2,16,15
82,13,3,19,5,0,0,0,0,0,0,8,7,0,0,3,1,2,1,17,2,5,13,4,4,10,5,1,2,0,1,13,0
58,13,4,14,4,0,1,0,0,0,0,12,3,0,0,3,1,2,2,16,1,6,12,3,4,9,4,0,2,0,1,12,15
-11,12,4,21,3,0,1,1,0,0,0,10,5,0,0,3,1,2,2,15,3,8,12,2,5,9,4,0,2,0,1,13,30
19,12,5,22,2,0,1,1,0,0,0,8,7,0,0,3,1,2,2,15,3,8,12,1,5,8,3,0,2,1,1,14,15
48,9,4,20,3,0,3,1,1,0,0,12,3,0,0,3,1,2,2,10,3,6,10,5,6,10,7,3,2,1,1,13,15
23,8,4,16,4,0,2,1,1,0,0,1,14,0,0,3,1,2,2,9,3,6,9,5,5,10,7,3,2,1,2,12,30
29,8,4,12,3,0,2,1,1,0,0,13,2,0,0,3,1,2,2,9,4,6,9,4,5,9,6,3,2,2,1,11,45
-32,8,4,17,4,0,1,1,1,0,1,10,5,0,0,3,1,2,3,7,2,4,7,3,4,9,6,3,1,2,1,12,45
11,7,3,14,3,0,1,1,1,0,1,3,12,0,0,3,1,2,2,7,3,4,7,2,3,9,6,3,1,1,1,12,15
-18,6,3,13,3,0,0,1,1,0,1,10,5,0,0,3,1,2,1,7,3,5,7,1,2,9,6,3,1,1,2,12,0
-13,4,4,17,6,0,0,1,1,0,1,16,14,0,0,3,1,2,2,3,1,3,3,3,5,9,8,3,0,1,1,12,45
14,3,3,7,7,0,0,1,1,0,0,5,10,0,0,3,1,2,1,2,2,2,2,3,7,11,9,2,0,0,2,11,0
10,3,3,10,6,0,0,1,1,0,0,5,10,0,0,3,1,2,1,2,2,2,2,2,6,10,8,2,0,0,1,11,30
40,2,2,8,5,0,1,2,1,0,0,4,11,0,0,3,1,2,2,0,0,0,0,4,5,10,8,2,0,0,2,11,15
2,0,0,10,4,0,1,2,1,0,0,2,13,0,0,3,1,2,0,0,0,0,0,4,5,9,9,2,0,0,1,11,30
44,0,0,3,3,0,1,2,1,0,0,12,3,0,0,3,1,2,0,0,0,0,0,3,4,8,8,2,0,0,1,9,45
-2,0,0,8,2,0,1,2,1,0,0,6,9,0,0,3,1,2,0,0,0,0,0,2,5,7,7,2,0,0,2,11,15
104,0,0,5,2,0,1,2,0,0,0,27,3,0,0,3,1,2,0,0,0,0,0,1,5,6,6,2,0,0,1,10,15
54,0,0,4,2,0,1,1,0,0,0,0,5,0,0,3,1,2,0,0,0,0,0,4,5,5,5,1,0,0,1,10,0
41,0,0,1,1,0,1,1,0,0,0,0,20,0,0,3,1,2,0,0,0,0,0,3,4,4,4,0,0,0,1,9,30
-6,0,0,6,0,0,1,1,0,0,0,0,24,0,0,3,1,2,0,0,0,0,0,2,3,3,3,0,0,0,1,10,30
55,0,0,0,0,0,0,1,0,0,0,0,30,0,1,3,1,2,0,0,0,0,0,2,2,2,2,0,0,0,2,9,0
25,0,0,1,0,0,0,0,0,0,0,0,55,0,0,3,1,2,0,0,0,0,0,1,1,1,1,0,0,0,1,9,30
-14,28,2,42,3,0,0,1,0,0,0,13,2,1,0,6,12,363,2,38,2,4,6,2,4,7,3,2,3,0,1,17,30
-6,28,2,39,4,0,0,0,0,0,0,3,12,0,0,6,12,363,2,37,3,3,7,3,5,8,3,3,3,0,1,16,45
-21,27,1,38,4,0,0,0,1,0,0,28,17,0,0,6,12,363,1,35,1,2,7,4,4,9,5,3,3,0,1,16,30
-21,27,1,41,3,0,0,0,1,0,0,25,20,0,0,6,12,363,1,35,1,2,7,3,3,8,4,3,3,0,1,17,15
-16,26,1,36,2,0,1,0,1,0,0,9,36,0,0,6,12,363,1,34,0,3,7,2,3,8,4,2,3,0,1,16,15
-6,26,1,40,1,0,1,0,1,0,0,8,37,0,0,6,12,363,1,34,0,3,7,1,2,7,3,1,3,0,1,17,0
2,25,2,36,0,0,3,0,1,0,0,13,2,0,0,6,12,363,1,32,2,4,11,4,6,8,4,1,3,1,1,16,15
49,25,3,32,1,0,3,0,0,0,1,4,11,0,0,6,12,363,3,30,0,4,9,4,5,8,3,1,3,1,1,15,0
15,24,4,30,1,0,2,0,0,0,1,56,4,0,0,6,12,363,2,30,2,5,10,3,5,7,3,2,3,1,1,14,30
-1,24,4,35,1,0,1,0,0,0,1,48,12,0,0,6,12,363,0,30,2,6,10,3,4,6,4,3,2,1,2,15,30
-55,24,5,34,1,0,1,0,0,0,0,41,19,0,0,6,12,363,0,30,2,7,11,2,3,6,3,2,2,0,1,15,15
-38,24,7,32,2,0,0,0,1,0,0,21,39,0,0,6,12,363,2,28,4,7,12,2,3,7,2,2,2,0,1,15,0
59,20,4,29,3,0,0,0,1,0,0,13,2,0,0,6,12,363,0,26,3,6,12,1,3,9,5,1,2,0,1,13,30
15,17,5,27,4,0,2,1,1,0,0,6,9,0,0,6,12,363,2,21,1,5,10,2,5,10,7,2,2,1,1,13,0
59,16,6,25,4,0,2,1,0,0,0,12,3,0,0,6,12,363,1,21,2,5,12,1,6,9,7,2,2,1,1,12,45
13,14,4,23,6,0,1,1,0,0,0,11,4,0,0,6,12,363,1,19,3,7,13,5,6,15,8,3,2,1,2,12,30
87,13,4,21,5,0,1,1,0,0,0,6,9,0,0,6,12,363,0,19,4,8,14,5,7,15,8,2,1,1,2,12,15
14,13,4,28,5,0,1,1,0,0,0,4,11,0,0,6,12,363,1,18,3,7,13,4,6,15,7,2,1,0,1,13,15
45,11,3,25,5,0,2,1,0,0,0,2,13,0,0,6,12,363,1,16,4,7,13,3,5,15,8,3,1,0,1,12,45
99,10,2,16,5,0,1,1,0,0,0,14,1,0,0,6,12,363,0,16,4,7,13,2,4,15,8,3,1,0,2,11,30
61,10,3,20,6,0,1,0,0,0,0,9,6,0,0,6,12,363,1,15,4,6,13,3,3,14,7,2,1,0,2,12,0
7,10,4,21,7,0,2,0,0,0,0,11,4,0,0,6,12,363,2,12,3,6,12,2,9,15,8,4,1,1,2,12,15
33,9,3,14,8,0,1,0,0,0,0,9,6,0,0,6,12,363,2,11,2,5,11,1,8,14,8,3,1,1,2,11,15
10,7,4,12,7,0,1,1,1,0,0,8,7,0,0,6,12,363,1,9,3,7,9,8,12,15,10,5,1,1,2,11,0
-204,7,4,31,6,0,1,1,1,0,0,7,8,0,0,6,12,363,1,9,3,7,9,7,11,14,9,5,0,1,2,14,45
29,7,5,14,5,0,1,1,1,0,0,4,11,0,0,6,12,363,1,9,4,8,9,7,11,14,8,4,0,0,2,11,15
67,6,4,12,4,0,2,2,1,0,0,11,4,0,0,6,12,363,2,7,2,7,7,6,10,13,8,5,0,0,2,11,0
29,6,4,18,3,0,2,2,1,0,0,11,4,0,0,6,12,363,1,6,2,7,7,5,9,12,8,5,0,0,1,11,45
12,6,4,18,3,0,2,2,1,0,0,11,4,0,0,6,12,363,2,6,1,6,6,4,8,11,7,5,0,0,1,11,45
-23,6,5,16,3,0,1,2,1,0,0,4,11,0,0,6,12,363,2,6,3,6,6,4,7,12,6,4,0,0,2,11,30
-66,5,5,23,2,0,1,2,1,0,0,8,7,0,0,6,12,363,1,6,4,6,6,4,6,12,6,5,0,0,2,12,30
-4,4,4,8,2,0,0,3,1,0,0,6,9,0,0,6,12,363,1,5,3,5,5,4,6,11,6,5,0,0,2,10,30
15,3,3,7,3,0,0,3,1,0,0,7,8,0,0,6,12,363,2,3,3,3,3,4,5,11,6,6,0,0,2,10,15
38,3,3,2,3,0,0,2,1,0,0,1,14,0,0,6,12,363,2,3,3,3,3,3,5,10,5,5,0,0,1,9,30
11,3,3,10,2,0,0,2,1,0,1,8,7,0,0,6,12,363,2,2,2,2,2,2,4,9,5,5,0,0,2,10,45
9,3,3,8,2,0,0,1,1,0,2,4,11,0,0,6,12,363,2,1,1,1,1,2,3,8,5,5,0,0,2,10,30
21,0,0,0,2,0,0,1,1,0,2,7,8,0,1,6,12,363,0,0,0,0,0,2,6,7,7,6,0,0,1,9,0
8,0,0,4,2,0,0,0,1,0,2,0,14,0,0,6,12,363,0,0,0,0,0,5,6,6,6,5,0,0,2,9,45
2,0,0,1,2,0,0,0,1,0,1,0,26,0,0,6,12,363,0,0,0,0,0,4,5,5,5,4,0,0,2,9,15
7,0,0,5,1,0,0,0,1,0,1,0,36,0,0,6,12,363,0,0,0,0,0,4,4,4,4,4,0,0,1,10,0
4,0,0,2,1,0,0,0,0,0,1,0,37,0,0,6,12,363,0,0,0,0,0,3,3,3,3,3,0,0,1,9,30
-70,0,0,10,1,0,0,0,0,0,0,0,42,0,0,6,12,363,0,0,0,0,0,2,2,2,2,2,0,0,2,10,45
-18,0,0,5,0,0,0,0,0,0,0,0,60,0,0,6,12,363,0,0,0,0,0,1,1,1,1,1,0,0,1,10,0
9,29,2,43,1,0,0,0,0,0,0,3,0,1,0,5,12,362,1,42,2,3,7,1,2,5,1,1,1,0,1,17,15
-2,27,1,42,2,0,0,0,0,0,0,9,6,0,0,5,12,362,0,40,2,4,9,2,4,6,3,1,1,0,1,17,0
21,27,3,39,2,0,0,0,0,0,0,1,14,0,0,5,12,362,0,39,3,4,10,3,3,7,3,0,1,0,1,16,30
-16,27,3,41,2,0,0,0,0,0,0,35,10,0,0,5,12,362,1,38,3,5,10,2,2,7,2,0,1,0,1,16,45
30,27,3,37,3,0,0,0,0,0,0,29,16,0,0,5,12,362,2,36,1,3,8,1,2,7,2,0,1,0,2,16,15
72,24,3,30,4,0,0,0,0,0,1,14,1,0,0,5,12,362,2,33,3,5,13,3,6,9,4,0,1,1,1,14,30
4,24,3,34,5,0,0,0,0,0,0,4,11,0,0,5,12,362,2,32,3,6,13,3,5,9,4,0,1,1,1,15,15
-15,23,4,37,5,0,0,1,0,0,0,1,14,0,0,5,12,362,2,30,2,5,13,4,4,8,5,2,1,1,2,16,15
16,23,5,32,5,0,0,1,0,0,0,19,11,0,0,5,12,362,3,29,3,6,13,3,4,10,4,2,1,1,2,15,0
-4,21,4,32,5,0,0,1,0,0,0,6,24,0,0,5,12,362,2,28,2,7,12,2,4,9,5,3,1,1,2,15,0
67,21,5,26,4,0,0,1,0,0,0,4,26,0,0,5,12,362,2,28,2,8,12,1,3,8,4,3,0,1,1,13,0
40,19,4,29,6,0,0,2,0,0,0,0,30,0,0,5,12,362,2,24,4,7,10,3,4,13,7,6,0,0,1,14,0
-31,18,6,34,6,0,0,2,0,0,0,14,16,0,0,5,12,362,2,23,5,7,10,3,6,14,7,6,0,0,1,15,15
-42,16,5,31,7,0,0,3,0,0,0,1,29,0,0,5,12,362,3,20,3,4,9,2,5,13,8,5,0,0,2,14,45
92,16,5,24,6,0,0,3,0,0,0,14,1,0,0,5,12,362,3,20,3,4,10,1,5,13,7,5,0,0,2,12,45
-89,13,3,36,9,0,0,2,0,0,0,12,3,0,0,5,12,362,2,17,1,4,9,4,9,15,10,7,0,0,2,15,30
66,12,2,22,9,0,0,2,0,0,0,7,8,0,0,5,12,362,2,16,0,3,9,4,8,14,10,7,0,0,2,12,30
7,12,2,28,9,0,0,1,0,0,0,5,10,0,0,5,12,362,2,16,0,3,9,3,7,13,9,6,0,0,1,13,30
20,11,3,26,8,0,0,1,0,0,0,0,15,0,0,5,12,362,1,16,1,5,11,6,8,13,9,5,0,0,1,13,0
35,11,3,22,7,0,0,1,0,0,0,9,6,0,0,5,12,362,1,16,3,6,12,5,9,13,8,4,0,0,2,12,30
22,11,5,24,6,0,0,1,0,0,0,11,4,0,0,5,12,362,0,16,3,7,13,6,8,12,8,4,0,0,2,12,45
-215,11,5,39,5,0,0,1,0,0,0,10,5,0,0,5,12,362,0,16,3,8,14,5,7,11,7,4,0,0,1,16,30
40,11,5,18,5,0,0,1,0,0,0,5,10,0,0,5,12,362,1,15,3,7,14,4,7,10,6,3,0,0,2,12,0
29,11,5,18,4,0,0,1,0,0,0,4,11,0,0,5,12,362,1,15,3,7,14,3,7,9,5,2,0,0,2,12,0
-23,10,7,20,5,0,0,0,1,0,0,4,11,0,0,5,12,362,2,13,3,6,13,4,6,10,5,1,0,0,2,12,15
53,10,7,15,4,0,0,0,1,0,0,1,14,0,0,5,12,362,2,13,3,8,13,3,5,9,4,1,0,0,1,11,30
13,8,6,20,5,0,0,0,1,0,0,14,1,0,0,5,12,362,1,10,3,6,11,4,5,10,6,2,0,0,2,12,15
17,8,7,14,5,0,0,0,1,0,0,12,3,0,0,5,12,362,2,10,2,5,10,3,5,9,5,2,0,0,2,11,15
-18,6,6,15,4,0,0,2,1,0,0,6,9,0,0,5,12,362,2,8,3,7,8,3,4,12,6,3,0,0,1,11,30
23,6,6,17,3,0,0,2,1,0,0,4,11,0,0,5,12,362,2,8,3,7,8,2,3,11,5,3,0,0,2,11,45
15,3,3,13,5,0,0,3,0,0,0,12,3,0,0,5,12,362,2,5,2,5,5,2,4,14,7,4,0,0,1,11,0
33,1,1,9,4,0,0,3,0,0,0,13,2,0,0,5,12,362,0,5,4,5,5,1,5,13,8,4,0,0,2,10,30
1,0,0,11,6,0,0,3,0,0,1,11,4,0,0,5,12,362,1,1,1,1,1,4,9,12,10,5,0,0,1,10,45
17,0,0,4,5,0,0,3,0,0,1,7,8,0,0,5,12,362,0,1,1,1,1,4,9,11,10,6,0,0,2,9,45
50,0,0,5,4,0,0,3,0,0,2,5,10,0,0,5,12,362,0,0,0,0,0,6,10,10,10,6,0,0,2,10,0
-63,0,0,11,3,0,0,3,0,0,2,5,10,0,0,5,12,362,0,0,0,0,0,5,9,9,9,5,0,0,1,10,45
1,0,0,9,3,0,0,2,0,0,2,0,5,0,0,5,12,362,0,0,0,0,0,5,8,8,8,4,0,0,2,10,30
19,0,0,5,2,0,0,2,0,0,2,0,9,0,0,5,12,362,0,0,0,0,0,6,7,7,7,4,0,0,2,10,0
-6,0,0,2,2,0,0,2,0,0,1,0,21,0,0,5,12,362,0,0,0,0,0,6,6,6,6,4,0,0,1,9,30
28,0,0,2,2,0,0,1,0,0,1,0,23,0,0,5,12,362,0,0,0,0,0,5,5,5,5,3,0,0,1,9,30
-1,0,0,1,2,0,0,1,0,0,0,0,27,0,0,5,12,362,0,0,0,0,0,4,4,4,4,3,0,0,2,9,15
5,0,0,7,2,0,0,0,0,0,0,0,36,0,0,5,12,362,0,0,0,0,0,3,3,3,3,2,0,0,2,10,15
37,0,0,0,1,0,0,0,0,0,0,0,38,0,1,5,12,362,0,0,0,0,0,2,2,2,2,1,0,0,1,9,0
-45,0,0,7,0,0,0,0,0,0,0,0,45,0,0,5,12,362,0,0,0,0,0,1,1,1,1,0,0,0,2,10,15
19,37,9,48,2,0,0,2,0,0,0,13,2,0,0,4,12,361,2,45,4,8,12,1,2,7,3,2,6,0,1,17,15
38,29,3,47,5,0,1,4,0,0,0,7,8,0,0,4,12,361,1,38,2,4,9,2,6,14,10,4,6,1,1,17,0
28,27,4,45,7,0,1,3,0,0,0,9,6,0,0,4,12,361,0,36,2,4,11,5,9,16,12,5,6,4,1,16,45
19,27,4,49,8,0,1,2,0,0,0,6,9,1,0,4,12,361,1,35,1,3,11,4,8,15,11,4,6,4,1,17,30
16,27,4,42,7,0,1,2,0,0,0,13,2,0,0,4,12,361,1,35,2,4,12,3,8,14,10,3,6,4,1,16,15
8,27,4,42,6,0,1,2,0,0,0,13,2,0,0,4,12,361,1,35,2,4,12,2,7,13,9,3,6,4,1,16,15
27,26,4,45,6,0,1,2,0,0,0,12,3,0,0,4,12,361,1,34,2,4,12,5,9,15,9,3,5,5,1,16,45
96,25,4,33,6,0,1,2,0,0,1,11,4,0,0,4,12,361,2,32,1,5,10,6,8,14,9,4,4,4,2,15,0
30,24,3,39,6,0,0,2,0,0,1,4,11,0,0,4,12,361,1,32,2,6,10,7,7,14,9,4,3,3,1,15,45
274,24,3,17,5,0,0,2,0,0,1,3,12,0,0,4,12,361,1,32,2,6,10,6,6,13,8,3,3,2,1,11,30
62,24,4,41,5,0,0,1,0,0,1,2,13,0,0,4,12,361,1,32,2,6,10,5,5,12,7,3,2,2,2,16,0
57,23,4,39,5,0,0,1,0,0,1,0,15,0,0,4,12,361,1,31,4,7,11,4,7,12,7,4,2,2,1,15,45
-36,23,5,44,4,0,0,1,0,0,1,13,2,0,0,4,12,361,1,31,4,8,13,3,6,12,6,4,2,2,2,16,30
87,23,5,38,4,0,0,0,0,0,1,9,6,0,0,4,12,361,1,31,4,9,13,2,5,11,5,3,1,2,2,15,30
0,23,5,36,4,0,0,0,0,0,1,6,9,0,0,4,12,361,2,30,3,8,13,1,5,12,4,3,1,1,1,15,15
4,20,4,33,6,0,2,0,0,0,1,31,14,0,0,4,12,361,2,25,3,3,10,5,7,11,8,6,1,1,2,15,0
5,20,4,29,6,0,1,0,0,0,1,25,20,0,0,4,12,361,1,25,3,4,10,5,7,10,8,5,1,1,1,14,15
-18,20,4,29,6,0,1,0,0,0,0,25,20,0,0,4,12,361,1,25,3,5,10,4,6,9,7,4,0,1,1,14,15
13,18,4,32,7,0,1,0,0,0,1,8,37,0,0,4,12,361,2,22,0,4,10,3,6,9,8,6,0,0,3,14,45
-5,17,3,31,6,0,1,0,0,0,1,4,41,0,0,4,12,361,1,22,0,5,10,3,7,8,8,5,0,0,1,14,30
18,17,4,36,5,0,1,0,0,0,1,14,1,0,0,4,12,361,1,22,0,5,10,2,6,7,7,4,0,0,1,15,15
-49,16,4,33,4,0,1,0,0,0,1,7,8,0,0,4,12,361,0,22,4,7,11,3,5,9,7,5,0,0,2,15,0
14,16,5,28,4,0,1,1,0,0,0,11,4,0,0,4,12,361,1,21,5,6,12,4,4,10,6,5,0,0,2,13,30
93,14,3,23,3,0,2,2,0,0,0,14,1,0,0,4,12,361,1,19,4,6,10,3,4,11,7,5,0,0,2,12,30
89,14,4,26,3,0,2,2,1,0,0,6,9,0,0,4,12,361,2,17,2,5,10,2,3,10,7,5,0,0,1,13,0
33,14,4,27,3,0,1,2,1,0,0,6,9,0,0,4,12,361,2,17,2,5,10,1,2,9,6,4,0,0,1,13,15
89,11,5,20,3,0,1,3,1,0,0,6,9,0,0,4,12,361,1,15,4,6,12,1,6,14,8,3,0,0,1,12,0
13,8,5,17,4,0,1,5,1,0,0,12,3,0,0,4,12,361,1,11,4,7,11,7,9,18,11,3,0,0,1,11,30
95,8,5,20,3,0,1,5,1,0,0,11,4,0,0,4,12,361,1,11,4,7,11,6,8,18,10,3,0,0,1,12,0
81,8,6,13,2,0,1,5,1,0,0,8,7,0,0,4,12,361,1,11,4,7,11,5,7,17,9,3,0,0,2,11,0
37,7,5,22,2,0,1,4,2,0,0,1,14,0,0,4,12,361,1,10,5,7,10,4,6,17,9,3,0,0,1,12,15
-54,7,6,24,3,0,1,3,2,0,0,11,4,0,0,4,12,361,2,9,5,6,9,3,5,16,8,3,0,0,1,12,45
90,6,5,15,3,0,0,3,2,0,0,3,12,0,0,4,12,361,1,9,5,6,9,2,9,16,8,3,0,0,2,11,15
91,6,5,13,3,0,0,3,1,0,0,1,14,0,0,4,12,361,1,9,5,6,9,1,8,16,7,2,0,0,2,11,0
43,3,2,12,7,0,0,2,1,0,1,14,1,0,0,4,12,361,2,4,1,4,4,7,11,16,10,6,0,0,2,10,45
22,3,2,10,7,0,0,2,0,0,1,14,1,0,0,4,12,361,2,4,1,4,4,6,10,15,9,5,0,0,1,10,30
12,1,1,19,7,0,0,2,0,0,1,11,4,0,0,4,12,361,0,3,1,3,3,7,11,14,11,7,0,0,2,11,45
29,1,1,8,6,0,0,2,0,0,1,8,7,0,0,4,12,361,0,3,1,3,3,6,10,13,10,7,0,0,2,10,15
-10,1,1,10,5,0,0,2,0,0,1,8,7,0,0,4,12,361,0,3,1,3,3,5,10,12,9,6,0,0,1,10,30
-8,1,1,24,5,0,0,1,0,0,1,8,7,0,0,4,12,361,0,3,1,3,3,4,9,11,8,5,0,0,1,12,45
19,1,1,15,4,0,0,1,0,0,1,6,9,0,0,4,12,361,0,3,3,3,3,3,8,10,7,4,0,0,2,11,15
-17,1,1,8,3,0,0,1,0,0,1,11,4,0,0,4,12,361,0,3,3,3,3,5,8,9,6,4,0,0,2,10,15
67,1,1,6,3,0,0,0,0,0,1,7,8,0,0,4,12,361,0,3,3,3,3,4,8,8,5,3,0,0,2,10,0
35,1,1,6,4,0,1,0,0,0,1,5,10,0,0,4,12,361,2,0,0,0,0,5,7,7,5,3,0,0,2,10,0
-2,1,1,2,4,0,0,0,0,0,1,14,1,0,0,4,12,361,1,0,0,0,0,5,6,6,5,3,0,0,2,9,30
25,1,1,4,3,0,0,0,0,0,1,11,4,0,0,4,12,361,1,0,0,0,0,4,5,5,4,3,0,0,2,9,45
56,0,0,2,2,0,0,0,0,0,1,4,11,0,0,4,12,361,0,0,0,0,0,4,4,4,4,2,0,0,2,9,30
15,0,0,4,2,0,0,0,0,0,0,0,7,0,0,4,12,361,0,0,0,0,0,3,3,3,3,1,0,0,2,9,45
-1,0,0,1,1,0,0,0,0,0,0,0,12,0,0,4,12,361,0,0,0,0,0,2,2,2,2,1,0,0,2,9,15
11,0,0,0,0,0,0,0,0,0,0,0,23,0,1,4,12,361,0,0,0,0,0,1,1,1,1,0,0,0,1,9,0
21,28,6,46,2,0,0,1,1,0,1,4,11,1,0,3,12,360,2,41,5,7,12,2,6,12,4,1,8,3,1,17,30
73,25,5,43,4,0,1,2,0,0,1,6,9,0,0,3,12,360,3,37,3,5,10,4,7,14,6,3,7,3,1,17,0
-16,24,5,43,4,0,1,2,0,0,1,14,1,0,0,3,12,360,2,36,3,4,9,4,6,14,7,2,7,2,1,17,0
73,23,4,40,3,0,2,2,0,0,1,1,14,0,0,3,12,360,2,35,3,4,8,4,7,14,7,2,6,3,2,16,45
15,22,3,45,3,0,2,2,0,0,1,10,5,0,0,3,12,360,1,34,2,4,7,4,7,13,8,4,6,2,1,17,15
92,22,3,32,3,0,2,2,0,0,0,5,10,0,0,3,12,360,1,34,2,5,8,3,7,12,7,4,5,2,1,15,45
40,22,4,38,4,0,2,1,0,0,0,8,7,0,0,3,12,360,2,33,2,4,7,2,6,13,6,3,5,1,3,16,30
25,21,3,36,4,0,2,1,0,0,0,12,3,0,0,3,12,360,2,32,2,3,9,4,6,13,6,3,5,1,2,16,15
22,19,1,32,3,0,2,2,0,0,0,6,9,0,0,3,12,360,1,31,2,4,10,5,9,12,7,4,5,1,1,15,45
27,19,1,35,2,0,2,2,0,0,0,2,13,0,0,3,12,360,0,31,2,4,10,4,8,11,7,3,4,1,2,16,0
13,19,1,40,2,0,2,1,0,0,0,14,1,0,0,3,12,360,0,31,2,4,10,3,7,10,6,2,4,0,2,16,45
34,19,1,36,2,0,2,1,0,0,0,9,6,0,0,3,12,360,1,30,2,3,9,3,6,10,5,2,4,0,2,16,15
-4,18,0,38,3,0,1,1,0,0,0,6,9,0,0,3,12,360,0,29,2,4,8,5,8,9,6,2,4,1,3,16,30
25,18,0,31,3,0,1,1,0,0,0,9,6,0,0,3,12,360,1,28,1,5,8,4,7,8,5,1,4,1,3,15,30
10,18,1,27,2,0,1,1,1,0,0,7,8,0,0,3,12,360,2,27,1,4,8,3,6,8,4,1,4,1,2,15,0
32,18,1,29,2,0,0,1,1,0,0,4,11,0,0,3,12,360,2,27,1,5,8,3,5,7,3,1,4,1,1,15,15
-23,18,2,32,1,0,0,1,1,0,0,27,3,0,0,3,12,360,1,27,1,5,8,3,4,7,3,1,4,1,1,15,45
-14,18,4,27,1,0,0,1,1,0,0,4,26,0,0,3,12,360,1,26,4,5,11,3,4,8,3,1,4,1,2,15,0
-70,18,4,40,1,0,0,0,1,0,0,1,29,0,0,3,12,360,1,26,4,5,12,2,3,8,2,0,3,1,2,16,45
-49,18,4,29,1,0,0,0,0,0,0,37,8,0,0,3,12,360,1,26,5,5,13,1,2,7,1,0,3,0,1,15,15
23,15,4,24,3,0,0,1,1,0,0,14,1,0,0,3,12,360,1,21,0,5,11,1,4,9,5,2,3,1,1,13,30
27,14,7,23,2,0,1,1,2,0,0,9,6,0,0,3,12,360,2,19,3,8,11,4,5,14,5,2,3,2,1,13,15
-40,14,8,26,1,0,1,1,2,0,0,4,11,0,0,3,12,360,2,19,4,9,11,4,4,13,4,2,3,2,2,14,45
1,11,6,20,4,0,0,1,2,0,0,0,15,0,0,3,12,360,2,16,5,6,10,3,5,15,6,3,2,3,1,12,45
-14,11,6,25,4,0,0,0,2,0,0,11,4,0,0,3,12,360,2,16,5,6,10,2,6,14,5,2,2,2,1,14,15
59,9,5,20,4,0,0,0,2,0,0,4,11,0,0,3,12,360,1,15,5,6,11,1,6,14,6,2,1,2,1,12,45
-4,6,2,12,6,0,0,1,2,0,1,10,5,0,0,3,12,360,1,10,1,3,9,6,12,14,10,3,0,1,2,11,45
22,5,1,22,6,0,0,1,1,0,1,1,14,0,0,3,12,360,0,10,2,4,9,5,11,13,10,4,0,0,1,13,0
23,5,1,14,5,0,0,1,1,0,1,14,1,0,0,3,12,360,0,10,2,4,9,6,10,12,9,3,0,0,2,12,0
7,5,1,18,5,0,0,1,0,0,1,13,2,0,0,3,12,360,0,10,2,4,9,5,9,12,8,3,0,0,2,12,30
-4,5,1,16,4,0,1,1,0,0,1,7,8,0,0,3,12,360,1,9,1,5,9,5,9,12,7,2,0,0,2,12,15
8,4,0,16,3,0,1,1,0,0,1,13,2,0,0,3,12,360,0,9,1,5,9,7,8,12,7,3,0,0,2,12,15
5,4,0,9,4,0,0,1,0,0,1,0,15,0,0,3,12,360,1,8,2,5,8,6,8,11,6,3,0,0,1,11,15
1,4,0,18,3,0,0,1,0,0,1,0,15,0,0,3,12,360,1,8,2,5,8,5,7,10,5,2,0,0,2,12,30
5,4,0,12,2,0,0,1,0,0,1,28,2,0,0,3,12,360,1,8,2,5,8,4,6,9,4,2,0,0,2,11,45
10,4,1,14,1,0,0,1,0,0,1,17,13,0,0,3,12,360,0,8,4,6,8,4,5,10,4,1,0,0,2,12,0
62,4,1,7,1,0,0,0,0,0,1,16,14,0,0,3,12,360,0,8,4,6,8,3,4,10,3,1,0,0,2,11,0
18,4,2,9,1,0,0,0,0,0,0,13,17,0,0,3,12,360,0,8,4,6,8,2,3,9,2,1,0,0,1,11,15
-42,4,4,11,2,0,1,0,0,0,0,7,8,0,0,3,12,360,1,5,3,5,5,2,4,8,3,2,0,0,2,11,30
-27,4,4,7,3,0,0,1,0,0,0,18,12,0,0,3,12,360,2,3,2,3,3,1,4,8,3,2,0,0,2,11,0
-6,1,1,5,3,0,0,1,0,0,1,29,1,0,0,3,12,360,1,1,1,1,1,3,6,7,5,3,0,0,1,10,15
24,0,0,0,3,0,0,1,0,0,1,24,6,0,1,3,12,360,0,0,0,0,0,3,5,6,6,5,0,0,2,9,0
-8,0,0,6,2,0,0,1,0,0,1,15,15,0,0,3,12,360,0,0,0,0,0,4,4,5,5,4,0,0,2,10,30
15,0,0,1,1,0,0,1,0,0,1,0,3,0,0,3,12,360,0,0,0,0,0,3,4,4,4,3,0,0,2,9,30
-21,0,0,3,1,0,0,1,0,0,0,0,10,0,0,3,12,360,0,0,0,0,0,2,3,3,3,3,0,0,1,9,45
10,0,0,3,1,0,0,0,0,0,0,0,13,0,0,3,12,360,0,0,0,0,0,1,2,2,2,2,0,0,1,9,45
13,0,0,1,0,0,0,0,0,0,0,0,51,0,0,3,12,360,0,0,0,0,0,1,1,1,1,1,0,0,2,9,30
20,29,5,41,0,0,0,4,0,0,1,14,1,0,0,6,12,356,1,38,2,5,9,2,3,8,5,3,5,2,1,17,0
59,29,5,41,0,0,0,4,0,0,0,12,3,0,0,6,12,356,1,38,2,5,10,1,3,8,4,2,4,1,1,17,0
0,26,4,43,1,0,1,3,0,0,0,9,6,1,0,6,12,356,0,36,3,6,10,2,3,11,6,4,4,1,1,17,30
16,24,2,36,2,0,1,4,0,0,0,13,2,0,0,6,12,356,1,33,3,4,8,1,5,12,7,4,4,2,1,16,0
28,22,2,40,3,0,1,4,1,0,0,9,6,0,0,6,12,356,0,30,2,4,7,5,9,15,10,4,3,2,2,16,45
90,22,2,31,2,0,1,4,1,0,0,4,11,0,0,6,12,356,0,30,2,4,7,4,9,14,9,3,3,1,2,15,15
25,22,2,35,1,0,1,4,1,0,0,14,1,0,0,6,12,356,0,30,2,4,7,4,8,13,8,2,2,1,1,15,45
31,22,2,38,1,0,1,3,1,0,0,12,3,0,0,6,12,356,0,30,2,4,7,3,7,12,7,2,2,0,1,16,30
21,22,2,38,3,0,1,2,1,0,0,12,3,0,0,6,12,356,2,28,2,3,5,4,7,11,6,1,2,0,1,16,30
-50,20,0,37,2,0,1,2,1,0,0,0,15,0,0,6,12,356,0,28,2,3,7,5,9,10,7,1,2,0,2,16,15
67,20,0,33,3,0,0,2,1,0,0,5,10,0,0,6,12,356,0,27,2,3,7,4,8,9,7,2,2,0,1,15,30
8,20,0,28,2,0,0,2,1,0,1,12,3,0,0,6,12,356,1,26,1,2,6,4,7,8,6,2,2,0,1,14,45
81,20,0,26,2,0,0,1,1,0,1,12,3,0,0,6,12,356,1,26,1,2,6,3,6,7,5,1,2,0,1,14,15
67,20,0,28,2,0,0,0,1,0,1,6,9,0,0,6,12,356,0,26,1,3,7,3,6,6,5,1,2,0,1,14,45
-3,20,2,33,3,0,0,0,0,0,1,31,14,0,0,6,12,356,1,25,1,2,9,4,5,7,4,1,2,0,1,15,30
-36,20,2,30,3,0,0,0,0,0,0,22,23,0,0,6,12,356,1,25,2,4,10,4,4,6,3,1,2,0,2,15,0
-37,20,2,31,2,0,0,0,0,0,0,16,29,0,0,6,12,356,0,25,2,4,11,3,3,5,3,1,2,0,2,15,15
75,20,2,25,1,0,0,0,0,0,0,16,29,0,0,6,12,356,0,25,2,4,11,2,2,4,2,0,2,0,1,13,30
-39,20,2,27,1,0,0,1,0,0,0,10,5,0,0,6,12,356,2,23,1,3,11,1,1,5,1,0,2,0,2,14,30
4,15,6,24,6,0,0,1,0,0,0,3,12,0,0,6,12,356,0,17,5,8,14,3,4,13,8,6,1,2,1,13,15
-5,15,6,21,5,0,0,1,0,0,0,2,13,0,0,6,12,356,0,17,5,8,14,2,3,12,7,6,1,1,1,12,30
10,12,6,23,8,0,0,1,0,0,1,4,26,0,0,6,12,356,2,12,3,5,12,2,7,15,9,7,1,1,1,13,0
-8,12,7,22,7,0,0,1,0,0,1,14,1,0,0,6,12,356,2,12,3,7,12,2,6,14,8,6,0,1,1,12,45
24,9,6,17,6,0,2,2,0,0,1,0,15,0,0,6,12,356,2,9,3,6,9,5,9,17,10,6,0,0,1,11,30
26,7,5,15,6,0,2,2,0,0,1,6,9,0,0,6,12,356,1,8,3,6,8,4,11,17,11,7,0,0,2,11,15
40,7,5,12,5,0,2,2,0,0,1,3,12,0,0,6,12,356,1,8,3,7,8,5,10,16,10,6,0,0,2,10,45
50,7,6,15,5,0,2,2,0,0,1,9,6,0,0,6,12,356,2,7,2,7,7,6,10,17,9,6,0,0,2,11,15
51,7,6,17,5,0,2,1,0,0,1,8,7,0,0,6,12,356,2,7,3,7,7,5,9,16,8,6,0,0,1,11,30
40,5,5,10,7,0,1,1,0,0,1,6,9,0,0,6,12,356,2,5,4,5,5,7,9,16,9,7,0,0,1,10,30
9,5,5,19,6,0,1,1,0,0,1,5,10,0,0,6,12,356,2,5,4,5,5,6,8,15,8,6,0,0,1,12,0
27,4,4,13,6,0,1,1,0,0,0,1,14,0,0,6,12,356,1,5,4,5,5,6,8,14,8,5,0,0,2,11,0
-1,4,4,20,5,0,1,1,0,0,0,0,15,0,0,6,12,356,1,5,4,5,5,5,7,13,7,5,0,0,1,12,15
44,2,2,8,6,0,2,1,0,0,0,10,5,0,0,6,12,356,1,2,2,2,2,4,9,12,9,7,0,0,2,10,15
36,2,2,8,6,0,1,1,0,0,0,9,6,0,0,6,12,356,1,2,2,2,2,3,8,11,8,6,0,0,2,10,15
37,2,2,13,5,0,1,1,0,0,0,9,6,0,0,6,12,356,1,2,2,2,2,2,7,10,7,6,0,0,2,11,0
12,2,2,4,5,0,1,1,0,0,0,2,13,0,0,6,12,356,2,1,1,1,1,3,6,9,6,5,0,0,2,9,45
33,0,0,4,4,0,1,1,0,0,1,7,8,0,0,6,12,356,0,0,0,0,0,5,8,8,8,5,0,0,2,9,45
2,0,0,10,3,0,1,1,0,0,1,4,11,0,0,6,12,356,0,0,0,0,0,4,7,7,7,5,0,0,1,10,30
36,0,0,6,2,0,1,1,0,0,1,14,1,0,0,6,12,356,0,0,0,0,0,3,6,6,6,4,0,0,2,10,0
-2,0,0,6,1,0,1,1,0,0,1,1,14,0,0,6,12,356,0,0,0,0,0,4,5,5,5,3,0,0,2,10,0
71,0,0,0,0,0,1,1,0,0,1,0,1,0,1,6,12,356,0,0,0,0,0,3,4,4,4,2,0,0,1,9,0
19,0,0,1,0,0,1,1,0,0,0,0,16,0,0,6,12,356,0,0,0,0,0,3,3,3,3,1,0,0,2,9,15
15,0,0,2,0,0,0,1,0,0,0,0,17,0,0,6,12,356,0,0,0,0,0,2,2,2,2,1,0,0,2,9,30
-3,0,0,2,0,0,0,0,0,0,0,0,34,0,0,6,12,356,0,0,0,0,0,1,1,1,1,1,0,0,2,9,30
30,34,4,51,1,0,0,0,0,0,0,5,0,1,0,5,12,355,1,50,1,4,9,1,3,7,1,0,5,2,1,17,30
18,32,4,50,1,0,0,0,0,0,0,3,12,0,0,5,12,355,0,49,4,7,13,2,5,9,2,1,5,1,1,17,15
51,32,4,46,1,0,0,0,0,0,0,5,10,0,0,5,12,355,1,48,3,6,13,3,5,8,1,0,4,1,1,16,20
19,30,3,47,2,0,0,1,0,0,0,2,13,0,0,5,12,355,2,45,3,5,12,3,5,7,2,1,4,0,1,16,30
21,29,2,44,1,0,0,1,0,0,0,5,5,0,0,5,12,355,1,45,3,6,13,2,4,6,2,1,4,0,1,16,15
12,28,2,44,2,0,0,1,0,0,0,19,11,0,0,5,12,355,0,43,2,6,13,2,5,9,4,1,4,0,1,16,15
-55,28,5,49,2,0,0,1,0,0,0,7,23,0,0,5,12,355,1,42,3,6,14,2,4,10,3,1,4,0,1,17,0
34,27,5,40,1,0,0,3,0,0,0,2,13,0,0,5,12,355,1,40,4,7,13,3,3,11,4,1,4,0,2,15,30
20,26,4,40,1,1,0,3,0,0,0,0,15,0,0,5,12,355,2,38,4,6,12,2,4,12,4,2,4,0,2,15,30
-30,26,4,48,1,1,0,2,0,0,0,7,8,0,0,5,12,355,2,38,5,8,12,1,4,11,3,2,4,0,1,16,45
33,22,4,34,6,0,0,2,1,0,0,0,15,0,0,5,12,355,0,32,4,6,10,8,10,16,10,7,4,3,2,14,30
-9,22,4,39,6,0,0,1,1,0,0,0,15,0,0,5,12,355,0,32,4,6,10,7,9,15,9,6,4,3,2,15,15
24,22,4,37,6,0,0,1,1,0,0,26,4,0,0,5,12,355,1,31,3,5,9,6,8,14,8,6,4,3,1,15,0
38,22,5,33,6,0,0,1,1,0,0,21,9,0,0,5,12,355,2,30,3,4,8,5,7,13,7,5,4,3,1,14,15
-6,21,4,42,7,0,0,0,1,0,0,17,13,0,0,5,12,355,2,29,2,3,8,4,7,12,7,5,3,3,2,15,45
-14,20,3,37,7,0,0,0,1,0,0,11,19,0,0,5,12,355,1,28,1,2,7,3,6,11,8,6,3,2,1,15,0
-81,20,3,42,6,0,0,0,1,0,0,5,25,0,0,5,12,355,1,28,2,2,9,4,6,11,7,5,2,3,2,15,45
-7,20,3,35,6,0,0,0,0,0,0,2,28,0,0,5,12,355,1,28,2,2,9,3,5,11,6,5,2,2,2,14,45
129,18,2,27,6,0,0,0,1,0,0,21,9,0,0,5,12,355,1,26,0,2,13,4,8,12,7,5,1,2,2,12,45
66,18,2,31,5,0,0,0,1,0,0,21,9,0,0,5,12,355,1,26,0,2,13,3,7,11,6,4,1,1,1,13,30
-46,17,2,35,4,0,0,0,1,0,0,5,25,0,0,5,12,355,0,26,1,4,15,3,6,12,6,4,1,1,2,14,45
18,17,2,32,3,0,0,0,1,0,0,8,7,0,0,5,12,355,0,26,2,7,16,5,5,11,5,3,0,1,1,13,45
86,17,4,25,3,0,0,0,1,0,0,12,3,0,0,5,12,355,1,25,3,8,16,4,6,11,4,2,0,0,2,12,30
8,17,6,29,3,0,0,0,0,0,0,3,12,0,0,5,12,355,0,25,4,9,16,3,5,10,4,2,0,0,1,13,0
35,17,6,29,2,0,0,1,0,0,0,2,13,0,0,5,12,355,1,24,3,9,15,2,4,9,3,1,0,0,1,13,0
68,17,6,25,1,0,0,1,0,0,0,1,14,0,0,5,12,355,1,24,3,9,15,1,3,8,2,1,0,0,2,12,30
-3,15,8,23,5,0,0,1,0,0,0,6,9,0,0,5,12,355,2,19,6,9,15,4,6,13,5,3,0,0,2,12,15
12,15,8,21,4,0,0,1,0,0,0,3,12,0,0,5,12,355,2,19,6,9,15,3,5,13,4,2,0,0,2,12,0
-10,9,5,27,5,0,1,2,0,0,0,11,4,0,0,5,12,355,0,15,4,7,14,4,6,15,9,5,0,0,2,12,45
8,9,5,23,5,0,1,1,0,0,0,10,5,0,0,5,12,355,0,15,4,7,14,3,5,14,8,5,0,0,2,12,15
10,8,5,18,6,0,2,2,0,0,0,9,6,0,0,5,12,355,2,11,2,4,11,3,5,16,9,6,0,0,1,11,30
-4,8,5,21,5,0,2,2,0,0,0,5,10,0,0,5,12,355,2,11,2,4,11,2,5,15,8,5,0,0,2,12,0
18,6,4,16,6,0,1,3,0,0,0,0,15,0,0,5,12,355,2,9,1,5,9,3,8,17,9,5,0,0,2,11,15
13,4,4,14,7,0,0,3,0,0,0,12,3,0,0,5,12,355,1,8,3,7,8,6,10,17,10,7,0,0,2,11,0
-15,4,4,18,7,0,0,2,0,0,0,4,11,0,0,5,12,355,1,8,4,8,8,6,10,16,9,6,0,0,1,11,30
61,3,3,12,7,0,0,2,0,0,0,7,8,0,0,5,12,355,1,7,5,7,7,5,11,17,9,5,0,0,2,10,45
28,3,3,14,7,0,0,2,0,0,0,1,14,0,0,5,12,355,1,6,4,6,6,6,12,16,9,5,0,0,2,11,0
1,3,3,20,6,0,0,2,0,0,0,0,15,0,0,5,12,355,1,6,4,6,6,5,11,15,8,4,0,0,2,11,45
13,3,3,16,7,0,0,1,0,0,0,14,1,0,0,5,12,355,2,5,3,5,5,4,10,14,7,4,0,0,2,11,15
17,2,2,10,7,0,0,1,0,0,0,6,9,0,0,5,12,355,1,4,4,4,4,5,10,13,8,4,0,0,2,10,30
9,1,1,12,7,0,1,1,0,0,0,7,8,0,0,5,12,355,2,2,2,2,2,6,9,12,8,4,0,0,2,10,45
-22,0,0,8,6,0,1,1,0,0,0,1,14,0,0,5,12,355,0,2,2,2,2,7,9,11,9,6,0,0,2,10,15
29,0,0,1,6,0,1,1,0,0,0,13,2,0,0,5,12,355,1,1,1,1,1,6,8,10,8,6,0,0,2,9,15
19,0,0,6,5,0,1,1,0,0,0,8,7,0,0,5,12,355,1,1,1,1,1,6,7,9,7,5,0,0,2,10,0
13,0,0,10,5,0,1,1,0,0,0,1,14,0,0,5,12,355,1,0,0,0,0,5,6,8,7,5,0,0,2,10,30
-9,0,0,4,5,0,0,1,0,0,0,14,1,0,0,5,12,355,0,0,0,0,0,4,5,7,7,4,0,0,2,9,45
33,0,0,6,5,0,0,0,0,0,0,4,11,0,0,5,12,355,0,0,0,0,0,3,6,6,6,3,0,0,2,10,0
-13,0,0,8,4,0,0,0,0,0,0,2,13,0,0,5,12,355,0,0,0,0,0,3,5,5,5,2,0,0,2,10,15
-15,0,0,2,3,0,0,0,0,0,0,0,7,0,0,5,12,355,0,0,0,0,0,2,4,4,4,1,0,0,2,9,30
8,0,0,4,2,0,0,0,0,0,0,0,27,0,0,5,12,355,0,0,0,0,0,3,3,3,3,1,0,0,2,9,45
34,0,0,0,1,0,0,0,0,0,0,0,52,0,1,5,12,355,0,0,0,0,0,2,2,2,2,1,0,0,1,9,0
-10,0,0,2,0,0,0,0,0,0,0,0,52,0,0,5,12,355,0,0,0,0,0,1,1,1,1,0,0,0,2,9,30
25,42,5,54,5,0,0,0,0,0,0,22,8,0,0,4,12,354,2,51,4,8,15,3,4,9,4,3,7,1,1,17,30
41,40,4,52,6,0,0,1,0,0,0,2,28,0,0,4,12,354,3,48,3,8,15,3,5,9,5,3,7,1,1,17,0
22,39,5,50,5,0,0,2,0,0,0,11,4,0,0,4,12,354,3,47,3,8,15,2,5,8,5,3,7,1,1,16,30
71,39,5,48,5,0,0,2,0,0,0,12,3,0,0,4,12,354,3,46,4,7,16,2,5,8,5,3,7,1,2,16,15
36,37,5,46,5,0,0,3,1,0,1,6,9,0,0,4,12,354,3,42,3,6,14,4,5,11,8,5,6,1,2,16,0
13,36,5,48,7,0,0,2,1,0,1,9,6,0,0,4,12,354,3,40,2,6,14,3,5,12,9,7,6,0,2,16,15
-114,35,7,56,6,0,0,2,1,0,1,13,2,1,0,4,12,354,2,40,3,8,14,3,4,14,9,8,6,0,1,18,15
-75,34,7,53,6,0,0,3,1,0,0,8,7,0,0,4,12,354,2,39,3,7,13,2,3,14,9,8,6,0,1,17,15
35,33,6,43,5,0,0,3,1,0,1,9,6,0,0,4,12,354,2,38,4,8,15,2,5,13,9,7,6,0,2,15,30
12,31,7,46,6,0,0,2,1,0,2,1,14,0,0,4,12,354,1,36,6,8,17,1,7,15,11,8,6,0,2,16,0
19,27,5,37,10,0,1,3,1,0,1,16,14,0,0,4,12,354,2,30,2,6,13,6,11,18,15,9,6,3,2,14,45
26,27,5,37,10,0,1,2,1,0,1,11,19,0,0,4,12,354,2,30,3,7,14,6,10,19,14,8,6,3,2,14,45
14,27,5,41,9,0,1,2,1,0,1,11,19,0,0,4,12,354,2,30,3,7,14,5,9,18,13,8,6,3,1,15,15
125,25,5,39,8,0,1,3,1,0,1,14,1,0,0,4,12,354,1,29,3,7,15,7,9,18,14,8,6,3,2,15,0
43,25,5,39,7,0,1,3,1,0,1,14,1,0,0,4,12,354,1,29,3,7,15,6,8,17,13,7,6,3,2,15,0
-19,25,6,50,7,0,1,3,1,0,1,5,10,0,0,4,12,354,2,28,3,8,15,6,8,16,12,6,6,3,1,16,30
-59,24,5,44,7,0,1,3,1,0,0,13,2,0,0,4,12,354,1,28,5,9,15,5,8,17,12,6,5,3,2,15,45
5,23,6,35,8,0,2,2,1,0,0,3,12,0,0,4,12,354,2,26,4,8,15,5,8,16,12,6,4,2,2,14,30
37,23,6,34,7,0,2,2,1,0,0,2,13,0,0,4,12,354,2,26,4,8,15,4,7,15,11,5,4,1,2,14,0
57,22,6,31,7,0,1,2,1,0,0,0,15,0,0,4,12,354,1,26,4,8,17,3,7,15,11,6,4,1,1,13,30
-135,22,6,55,7,0,1,1,1,0,0,9,6,0,0,4,12,354,0,26,5,8,18,3,7,14,11,7,3,1,1,18,0
12,21,6,41,8,0,1,2,2,0,0,5,10,0,0,4,12,354,3,22,3,6,15,4,10,15,11,6,3,2,1,15,15
-18,20,7,33,8,0,1,2,2,0,0,12,3,0,0,4,12,354,3,21,3,7,15,5,9,16,11,6,3,2,1,13,45
17,19,7,35,9,0,1,2,2,0,0,4,11,0,0,4,12,354,3,19,2,6,13,4,8,15,12,6,3,2,2,14,30
68,17,7,28,8,0,1,2,2,0,0,5,10,0,0,4,12,354,1,19,3,7,14,7,9,18,13,7,3,2,1,13,0
18,16,6,26,8,0,1,2,2,0,0,1,14,0,0,4,12,354,1,18,2,9,15,6,9,19,13,6,3,2,2,12,45
38,16,6,31,7,0,1,2,2,0,0,12,3,0,0,4,12,354,1,18,4,9,15,5,8,19,12,5,3,2,1,13,30
-38,16,8,44,8,0,1,2,1,0,0,3,12,0,0,4,12,354,2,17,4,9,15,4,7,19,11,5,2,2,2,15,45
46,16,8,26,8,0,0,2,1,0,0,1,14,0,0,4,12,354,2,17,4,9,15,3,6,18,10,4,1,1,2,12,45
73,15,7,30,7,0,0,2,1,0,0,0,15,0,0,4,12,354,1,17,4,9,15,2,5,17,10,3,1,0,2,13,15
70,15,8,24,8,0,0,1,1,0,0,7,8,0,0,4,12,354,2,16,4,9,14,3,6,18,9,3,1,0,2,12,30
27,12,8,22,8,0,0,2,2,0,0,13,2,0,0,4,12,354,2,13,5,8,12,3,9,19,11,3,1,1,2,12,15
-4,12,8,28,8,0,0,1,2,0,0,13,2,0,0,4,12,354,2,13,5,8,12,2,8,18,10,2,1,1,1,13,0
86,10,6,16,10,0,0,1,2,0,0,2,13,0,0,4,12,354,2,10,3,7,10,3,11,18,12,4,1,1,2,11,30
107,7,5,20,11,0,0,1,2,0,0,10,5,0,0,4,12,354,1,8,3,6,8,8,13,20,14,3,1,1,2,12,0
41,7,5,24,11,0,0,1,1,0,0,9,6,0,0,4,12,354,1,8,3,6,8,7,12,19,13,3,1,1,2,12,30
45,6,5,16,11,0,1,1,1,0,0,14,1,0,0,4,12,354,2,6,3,5,6,8,14,19,13,3,1,1,2,11,30
-24,6,5,20,10,0,1,1,1,0,0,13,2,0,0,4,12,354,2,6,3,5,6,8,13,18,12,3,1,1,2,12,0
42,5,4,11,9,0,1,1,1,0,0,2,13,0,0,4,12,354,1,6,4,5,6,8,12,18,12,3,1,1,2,10,45
15,4,3,18,8,0,1,1,1,0,0,0,15,0,0,4,12,354,0,6,4,5,6,7,11,17,12,3,0,1,2,11,45
54,4,3,18,7,0,2,1,1,0,0,12,3,0,0,4,12,354,1,5,3,5,5,7,10,16,11,2,0,0,2,11,45
70,4,4,9,7,0,2,1,0,0,0,11,4,0,0,4,12,354,0,5,3,5,5,6,10,15,11,3,0,0,1,10,30
-19,4,4,12,8,0,1,1,0,0,0,5,10,0,0,4,12,354,1,4,2,4,4,6,9,14,10,2,0,0,2,11,0
44,4,4,14,8,0,1,1,0,0,0,2,13,0,0,4,12,354,2,3,2,3,3,7,8,13,9,1,0,0,2,11,15
27,4,4,14,7,0,1,1,0,0,0,13,2,0,0,4,12,354,2,3,2,3,3,6,7,12,8,1,0,0,2,11,15
17,4,4,22,6,0,1,1,0,0,0,10,5,0,0,4,12,354,2,3,2,3,3,5,6,11,7,1,0,0,2,12,15
112,3,3,5,6,0,1,1,0,0,0,14,1,0,0,4,12,354,2,2,1,2,2,4,8,10,7,1,0,0,2,10,0
27,2,2,12,5,0,1,1,0,0,0,9,6,0,0,4,12,354,1,2,2,2,2,4,7,10,7,1,0,0,2,11,0
51,1,1,5,5,0,0,1,0,0,0,4,11,0,0,4,12,354,0,2,2,2,2,3,7,9,7,1,0,0,2,10,0
32,1,1,9,4,0,0,1,0,0,0,3,12,0,0,4,12,354,0,2,2,2,2,2,6,8,6,0,0,0,1,10,30
31,0,0,7,4,0,1,1,0,0,0,11,4,0,0,4,12,354,1,0,0,0,0,4,6,7,6,1,0,0,2,10,15
54,0,0,1,3,0,1,1,0,0,0,24,6,0,0,4,12,354,0,0,0,0,0,5,5,6,6,2,0,0,2,9,30
-12,0,0,3,2,0,1,1,0,0,0,19,11,0,0,4,12,354,0,0,0,0,0,4,4,5,5,2,0,0,2,9,45
59,0,0,7,1,0,1,1,0,0,0,19,11,0,0,4,12,354,0,0,0,0,0,3,3,4,4,1,0,0,2,10,15
41,0,0,0,1,0,0,1,0,0,0,4,26,0,1,4,12,354,0,0,0,0,0,2,3,3,3,1,0,0,2,9,0
21,0,0,3,0,0,0,1,0,0,0,0,4,0,0,4,12,354,0,0,0,0,0,1,2,2,2,0,0,0,2,9,45
42,0,0,1,0,0,0,0,0,0,0,0,50,0,0,4,12,354,0,0,0,0,0,1,1,1,1,0,0,0,2,9,30
22,34,4,49,3,0,1,2,0,0,0,4,11,0,0,3,12,353,2,45,4,7,14,4,6,12,5,1,5,2,1,17,15
59,34,4,43,3,0,1,2,0,0,0,10,5,0,0,3,12,353,1,44,4,7,13,3,7,12,6,1,4,2,2,16,30
-21,34,4,51,3,0,1,1,0,0,0,6,9,1,0,3,12,353,1,44,4,7,13,3,6,11,5,0,3,1,1,18,15
45,31,3,41,5,0,1,1,0,0,0,5,10,0,0,3,12,353,1,41,3,6,10,3,6,13,7,1,3,0,2,16,15
62,31,4,47,5,0,1,1,0,0,0,9,6,0,0,3,12,353,2,40,3,6,11,4,6,13,6,1,3,0,2,17,0
7,31,4,41,4,0,1,1,0,0,0,3,12,0,0,3,12,353,1,40,3,7,11,4,5,12,6,1,3,0,2,16,15
-2,30,3,45,3,0,2,2,0,0,0,3,12,0,0,3,12,353,2,38,3,7,12,3,6,11,6,2,3,0,2,16,45
-26,30,3,43,3,0,1,2,0,0,0,12,3,0,0,3,12,353,2,38,4,7,12,2,6,10,5,2,3,0,2,16,30
35,30,3,40,2,0,2,2,0,0,0,4,11,0,0,3,12,353,2,37,4,6,11,2,5,9,5,3,3,0,2,16,0
-94,28,2,49,4,0,2,1,0,0,1,12,3,0,0,3,12,353,2,34,3,4,9,4,8,10,7,3,3,0,1,17,15
18,27,2,36,6,0,1,1,0,0,1,1,14,0,0,3,12,353,2,32,1,3,8,3,7,9,8,2,3,0,1,15,15
39,27,4,39,5,0,1,1,1,0,1,5,10,0,0,3,12,353,3,31,0,4,9,5,6,9,7,2,3,0,1,15,45
26,27,4,34,5,0,0,1,1,0,1,1,14,0,0,3,12,353,2,31,1,5,10,5,5,8,7,3,3,0,2,15,0
-20,27,4,38,5,0,0,1,1,0,0,0,15,0,0,3,12,353,2,31,2,5,12,4,5,8,6,3,3,1,1,15,30
-85,27,4,45,4,0,0,1,1,0,0,11,4,0,0,3,12,353,2,31,3,5,12,3,4,8,5,3,3,1,2,16,45
75,27,5,32,4,0,0,0,1,0,0,9,6,0,0,3,12,353,2,31,3,5,12,2,3,7,4,2,3,1,2,14,45
42,26,4,31,4,0,0,0,1,0,0,2,13,0,0,3,12,353,2,30,4,5,12,1,3,8,4,2,3,1,2,14,30
-51,23,5,32,6,0,1,0,1,0,0,2,43,0,0,3,12,353,1,26,2,6,14,2,3,13,8,4,2,1,2,14,45
60,22,5,26,6,0,1,0,1,0,0,4,11,0,0,3,12,353,1,25,3,7,13,2,6,12,8,4,2,0,1,13,0
-10,21,6,34,6,0,1,0,1,0,0,0,15,0,0,3,12,353,1,24,5,8,14,2,7,16,8,4,2,1,2,15,0
22,18,7,29,9,0,2,0,1,0,0,1,14,0,0,3,12,353,2,19,3,7,13,6,10,18,11,5,2,1,1,13,30
9,18,7,24,9,0,1,0,1,0,0,13,2,0,0,3,12,353,2,19,4,7,13,5,9,17,10,5,2,1,2,12,45
6,18,8,30,9,0,1,0,1,0,0,8,7,0,0,3,12,353,2,18,4,6,13,4,8,17,10,4,2,1,1,14,15
-4,18,8,24,8,0,1,0,1,0,0,7,8,0,0,3,12,353,2,18,4,6,13,3,7,16,9,3,2,1,2,12,45
-12,16,6,47,7,0,1,1,2,0,0,5,10,0,0,3,12,353,2,16,4,6,12,6,10,17,10,4,2,2,2,17,0
52,16,7,28,7,0,1,1,1,0,0,4,11,0,0,3,12,353,2,16,4,6,12,5,10,16,9,4,1,2,1,13,15
25,13,4,26,7,0,2,2,1,0,0,4,11,0,0,3,12,353,2,13,1,5,11,4,9,16,11,4,1,1,1,13,0
46,13,4,21,6,0,2,2,1,0,0,1,14,0,0,3,12,353,2,13,2,5,11,4,8,15,10,4,1,1,1,12,15
38,12,4,21,5,0,2,2,1,0,0,11,4,0,0,3,12,353,1,13,2,5,11,6,8,14,10,3,1,1,1,12,15
-6,11,3,23,4,0,2,2,2,0,0,7,8,0,0,3,12,353,1,12,1,4,12,5,8,13,10,4,1,1,2,12,30
46,10,4,16,3,0,2,2,2,0,0,2,13,0,0,3,12,353,0,12,4,8,12,5,9,17,10,4,1,1,1,11,30
27,10,4,14,3,0,1,2,3,0,0,0,15,0,0,3,12,353,1,11,3,7,11,5,9,17,9,3,0,1,2,11,15
24,10,4,16,3,0,0,2,3,0,0,0,15,0,0,3,12,353,1,11,3,7,11,4,8,16,8,3,0,0,1,11,30
-91,10,5,36,2,0,0,2,3,0,0,14,1,0,0,3,12,353,1,11,3,7,11,3,7,15,7,3,0,0,1,15,15
34,10,6,19,2,0,0,2,3,0,0,5,10,0,0,3,12,353,2,10,3,6,10,4,7,15,6,3,0,0,2,12,0
22,9,5,19,3,0,0,2,3,0,0,1,14,0,0,3,12,353,2,8,4,6,8,4,7,15,7,5,0,0,2,12,0
5,8,6,12,3,0,0,2,2,0,0,10,5,0,0,3,12,353,1,8,4,8,8,5,6,15,7,4,0,0,2,11,0
42,8,7,11,3,0,0,2,1,0,0,6,9,0,0,3,12,353,1,8,4,8,8,4,5,14,6,3,0,0,2,10,45
17,6,6,18,4,0,0,2,1,0,1,8,7,0,0,3,12,353,2,5,3,5,5,4,6,13,7,3,0,0,2,11,45
68,6,6,10,5,0,0,1,1,0,1,0,15,0,0,3,12,353,3,4,2,4,4,3,9,12,6,3,0,0,1,10,30
36,4,4,14,5,0,0,1,0,0,1,10,5,0,0,3,12,353,1,4,3,4,4,2,8,11,7,4,0,0,2,11,15
9,4,4,8,6,0,0,1,0,0,0,11,4,0,0,3,12,353,1,3,3,3,3,3,9,11,7,4,0,0,1,10,15
42,0,0,4,8,0,0,1,0,0,0,4,11,0,0,3,12,353,0,0,0,0,0,7,9,10,10,6,0,0,2,9,45
-18,0,0,8,7,0,0,1,0,0,0,13,2,0,0,3,12,353,0,0,0,0,0,7,8,9,9,6,0,0,1,10,15
-7,0,0,12,6,0,0,1,0,0,0,6,9,0,0,3,12,353,0,0,0,0,0,6,7,8,8,5,0,0,2,11,0
21,0,0,1,5,0,0,1,0,0,0,5,10,0,0,3,12,353,0,0,0,0,0,5,6,7,7,4,0,0,2,9,15
26,0,0,4,4,0,0,1,0,0,0,3,12,0,0,3,12,353,0,0,0,0,0,4,5,6,6,3,0,0,2,9,45
5,0,0,2,3,0,0,1,0,0,0,2,13,0,0,3,12,353,0,0,0,0,0,3,4,5,5,2,0,0,2,9,30
13,0,0,2,2,0,0,1,0,0,0,10,5,0,0,3,12,353,0,0,0,0,0,3,3,4,4,1,0,0,2,9,30
14,0,0,6,2,0,0,0,0,0,0,4,11,0,0,3,12,353,0,0,0,0,0,2,3,3,3,1,0,0,2,10,0
43,0,0,6,1,0,0,0,0,0,0,0,17,0,0,3,12,353,0,0,0,0,0,1,2,2,2,0,0,0,2,10,0
43,0,0,0,0,0,0,0,0,0,0,0,52,0,1,3,12,353,0,0,0,0,0,1,1,1,1,0,0,0,1,9,0
34,29,3,43,3,0,0,1,0,0,1,14,1,0,0,2,12,352,0,39,4,6,11,3,5,9,6,3,5,1,1,17,0
35,29,4,40,4,0,1,1,0,0,0,8,7,0,0,2,12,352,2,38,2,5,10,3,4,10,5,3,5,1,1,16,30
-25,29,4,45,4,0,1,1,0,0,0,7,8,1,0,2,12,352,3,37,1,4,9,2,4,9,4,2,5,1,1,17,15
23,27,3,43,3,0,1,2,0,0,0,14,1,0,0,2,12,352,2,36,2,6,9,2,6,12,5,3,4,1,1,17,0
35,26,3,35,4,0,0,2,0,0,0,20,10,0,0,2,12,352,1,35,4,6,10,4,5,13,6,4,4,0,1,15,45
5,25,2,40,5,0,0,2,0,0,0,7,23,0,0,2,12,352,1,33,3,5,10,4,6,12,7,5,4,1,1,16,30
-31,24,3,38,6,0,0,2,0,0,0,11,4,0,0,2,12,352,2,31,2,3,9,3,7,12,7,5,4,1,2,16,15
21,24,3,38,5,0,0,2,0,0,0,5,10,0,0,2,12,352,2,31,2,3,9,2,8,11,6,4,4,2,2,16,15
24,24,3,31,5,0,0,2,0,0,0,29,1,0,0,2,12,352,3,30,1,3,8,1,7,10,5,4,4,2,2,15,0
19,23,4,30,5,0,0,2,0,0,1,12,3,0,0,2,12,352,2,28,1,4,12,6,8,11,7,5,3,2,2,14,30
0,23,4,37,4,0,0,2,0,0,1,10,5,0,0,2,12,352,2,28,1,5,12,6,7,10,6,5,3,1,2,16,0
116,21,3,27,3,0,0,2,0,0,1,1,14,0,0,2,12,352,0,28,2,6,13,6,7,10,7,5,3,2,2,14,0
4,21,3,28,3,0,0,2,0,0,0,0,15,0,0,2,12,352,0,28,2,6,13,5,6,9,6,4,3,2,1,14,15
16,21,4,31,3,0,0,1,0,0,0,7,8,0,0,2,12,352,0,28,3,6,13,4,5,11,5,4,3,2,2,15,0
-22,21,4,33,2,0,0,1,0,0,0,6,9,0,0,2,12,352,0,28,3,6,13,3,4,11,4,3,2,2,2,15,15
-17,21,4,33,2,0,0,0,0,0,1,11,4,0,0,2,12,352,0,27,4,7,13,2,3,10,4,3,2,1,2,15,15
-71,21,5,42,2,0,0,0,0,0,1,3,12,0,0,2,12,352,1,26,3,7,13,2,4,11,3,3,2,1,2,16,45
-108,19,6,35,5,0,0,0,0,0,0,7,8,0,0,2,12,352,1,23,3,7,14,2,4,10,5,3,1,1,1,15,45
-48,17,7,28,5,0,0,2,0,0,0,11,4,0,0,2,12,352,2,20,4,6,14,2,7,13,6,3,1,0,1,14,15
65,17,7,24,4,0,0,2,0,0,0,7,8,0,0,2,12,352,2,20,4,7,15,2,8,12,5,3,1,0,1,13,15
7,13,4,25,4,0,0,4,0,0,1,9,6,0,0,2,12,352,2,16,2,7,13,6,7,14,8,2,1,0,1,13,30
2,12,5,20,5,0,0,3,0,0,1,12,3,0,0,2,12,352,2,15,3,8,12,6,7,13,8,2,1,0,2,12,45
52,12,5,12,5,0,0,2,0,0,1,12,3,0,0,2,12,352,2,15,3,8,12,5,6,12,7,2,1,0,3,11,30
20,11,4,19,5,0,0,1,0,0,1,10,5,0,0,2,12,352,1,15,4,8,13,4,6,12,7,2,1,0,2,12,30
48,11,5,20,4,0,0,1,0,0,1,6,9,0,0,2,12,352,1,15,4,9,13,3,5,11,6,2,1,0,2,12,45
9,10,5,22,4,0,0,1,0,0,1,10,5,0,0,2,12,352,1,14,5,9,12,2,6,12,6,1,1,0,1,13,0
16,10,5,22,4,0,0,1,0,0,1,9,6,0,0,2,12,352,2,13,4,8,11,1,5,11,5,0,1,0,1,13,0
46,8,6,11,6,0,1,2,0,0,1,1,14,0,0,2,12,352,2,8,4,5,8,4,7,14,9,1,1,0,2,11,15
19,7,5,18,7,0,1,1,0,0,1,10,5,0,0,2,12,352,2,7,4,5,7,3,7,13,9,1,1,0,1,12,15
-1,6,5,14,7,0,1,1,0,0,1,0,15,0,0,2,12,352,2,6,3,4,6,4,8,12,9,2,1,0,1,11,45
122,6,5,2,7,0,0,1,0,0,1,0,15,0,0,2,12,352,2,6,3,4,6,4,7,11,8,2,1,0,1,9,30
9,4,3,9,9,0,0,1,0,0,1,10,20,0,0,2,12,352,2,3,1,1,3,4,7,15,10,4,1,0,1,11,0
30,3,2,17,8,0,0,1,0,0,1,2,28,0,0,2,12,352,1,3,1,2,3,4,7,14,10,4,1,1,1,12,0
26,3,2,14,8,0,0,1,0,0,0,0,30,0,0,2,12,352,1,3,1,2,3,4,7,13,9,4,1,1,1,11,45
-122,2,2,26,7,0,0,1,0,0,0,11,4,0,0,2,12,352,0,3,1,3,3,4,7,12,9,5,1,1,1,13,45
28,2,2,6,7,0,0,1,0,0,0,6,9,0,0,2,12,352,1,2,0,2,2,4,6,11,8,5,1,1,1,10,15
-14,1,1,14,6,0,0,1,0,0,0,2,13,0,0,2,12,352,0,2,1,2,2,4,5,10,8,6,1,1,1,11,45
-6,1,1,9,5,0,0,1,0,0,0,0,15,0,0,2,12,352,0,2,2,2,2,4,7,9,7,5,1,1,1,11,0
75,1,1,4,5,0,0,0,0,0,0,8,7,0,0,2,12,352,0,2,2,2,2,3,8,8,6,4,0,1,2,10,0
44,1,1,6,5,0,0,0,0,0,0,2,13,0,0,2,12,352,1,1,1,1,1,2,7,7,5,4,0,0,1,10,15
48,1,1,8,4,0,0,0,0,0,0,12,3,0,0,2,12,352,1,1,1,1,1,1,6,6,4,3,0,0,2,10,30
36,0,0,4,4,0,0,0,0,0,0,0,8,0,0,2,12,352,0,0,0,0,0,5,5,5,5,3,0,0,2,10,0
-149,0,0,12,3,0,0,0,0,0,0,0,12,0,0,2,12,352,0,0,0,0,0,4,4,4,4,2,0,0,3,11,30
22,0,0,0,2,0,0,0,0,0,0,0,15,0,1,2,12,352,0,0,0,0,0,3,3,3,3,2,0,0,1,9,0
39,0,0,3,1,0,0,0,0,0,0,0,16,0,0,2,12,352,0,0,0,0,0,2,2,2,2,2,0,0,2,9,45
48,0,0,1,0,0,0,0,0,0,0,0,18,0,0,2,12,352,0,0,0,0,0,1,1,1,1,1,0,0,1,9,15
13,26,5,39,2,0,0,0,0,1,0,25,5,0,0,6,12,349,1,40,5,7,11,2,5,7,3,2,1,0,1,15,45
7,25,5,41,4,0,0,1,0,0,0,7,23,0,0,6,12,349,2,37,4,5,9,3,4,9,4,2,1,0,2,16,0
-29,22,2,42,5,0,0,0,0,0,0,2,13,1,0,6,12,349,1,35,2,4,8,3,3,10,6,3,1,0,1,16,15
2,22,2,37,5,0,0,0,0,0,0,2,13,0,0,6,12,349,1,35,2,4,8,3,3,10,6,3,1,0,2,15,15
5,21,1,36,5,0,0,1,0,0,0,5,10,0,0,6,12,349,2,33,1,3,8,1,3,8,5,3,1,0,2,15,0
12,20,4,37,5,0,0,2,0,0,0,29,16,0,0,6,12,349,1,31,3,4,12,5,7,13,7,3,1,1,2,15,15
7,20,4,33,4,0,0,2,0,0,0,28,17,0,0,6,12,349,1,31,3,5,12,4,6,12,6,3,1,1,2,14,30
34,19,5,34,3,0,0,4,0,0,0,8,37,0,0,6,12,349,2,29,2,4,14,4,6,12,6,4,1,1,1,14,45
-41,18,4,42,2,0,0,4,0,0,0,5,40,1,0,6,12,349,1,29,2,4,15,4,5,11,6,4,1,1,1,16,15
14,18,4,34,2,0,0,4,0,0,0,2,43,0,0,6,12,349,2,28,1,4,14,3,4,10,5,3,1,1,1,14,45
-9,17,4,32,2,0,0,4,0,0,0,17,13,0,0,6,12,349,2,27,2,5,14,2,4,11,5,2,1,1,1,14,15
-67,17,5,39,2,0,0,3,0,0,0,7,23,0,0,6,12,349,1,27,2,8,15,2,5,12,5,2,0,1,1,15,45
22,15,5,28,3,0,0,3,0,0,0,10,5,0,0,6,12,349,1,25,5,10,16,3,7,13,6,4,0,0,2,13,0
8,13,4,30,5,0,1,2,0,0,0,3,12,0,0,6,12,349,1,22,5,9,17,6,8,15,8,6,0,0,1,13,30
18,13,5,24,5,0,1,3,0,0,0,0,15,0,0,6,12,349,3,20,4,7,16,5,7,15,7,6,0,0,2,12,30
43,12,4,28,4,0,1,3,0,0,1,10,5,0,0,6,12,349,3,19,4,7,16,4,7,15,7,5,0,0,2,13,0
-17,12,4,30,4,0,1,2,0,0,1,5,10,0,0,6,12,349,2,19,5,8,16,3,7,14,7,4,0,0,1,13,30
25,12,4,22,3,0,1,2,0,0,1,1,14,0,0,6,12,349,2,19,5,8,16,2,7,13,6,3,0,0,2,12,15
37,11,3,24,4,0,1,1,0,0,1,8,7,0,0,6,12,349,1,18,5,8,15,2,6,14,7,2,0,0,2,12,30
-3,9,3,19,7,0,2,1,0,0,0,10,5,0,0,6,12,349,1,14,4,7,12,5,9,19,10,2,0,0,2,12,0
21,9,3,15,6,0,2,2,0,0,0,3,12,0,0,6,12,349,2,13,3,8,12,4,8,18,9,2,0,0,2,11,30
11,8,4,19,5,0,2,2,0,0,0,13,2,0,0,6,12,349,1,13,4,9,12,3,8,17,9,2,0,0,2,12,0
21,8,4,19,4,0,2,2,0,0,1,7,8,0,0,6,12,349,1,12,4,9,12,3,8,16,9,3,0,0,2,12,0
-37,8,4,17,4,0,2,3,0,0,0,2,13,0,0,6,12,349,2,11,4,8,11,2,7,16,8,3,0,0,3,11,45
-24,8,6,26,6,0,1,3,0,0,0,11,19,0,0,6,12,349,1,9,6,6,9,6,13,17,10,4,0,0,2,12,45
1,7,6,12,8,0,0,3,0,0,0,1,29,0,0,6,12,349,2,7,4,5,7,5,12,16,10,4,0,0,2,11,15
-42,7,6,15,7,0,0,3,0,0,0,1,29,0,0,6,12,349,2,7,4,5,7,4,11,15,9,4,0,0,2,11,30
27,6,5,10,6,0,0,3,0,0,0,13,2,0,0,6,12,349,1,7,4,5,7,4,11,14,9,3,0,0,3,11,0
54,5,4,10,7,0,1,3,0,0,0,1,14,0,0,6,12,349,2,4,1,3,4,7,10,13,10,3,0,0,3,11,0
-15,4,3,12,8,0,1,2,0,0,0,12,3,0,0,6,12,349,2,3,0,2,3,8,9,13,10,4,0,0,2,11,15
-4,3,3,17,7,0,1,2,0,0,0,0,15,0,0,6,12,349,1,3,1,3,3,8,9,13,10,4,0,0,3,11,45
-37,3,3,26,6,0,1,2,0,0,0,8,7,0,0,6,12,349,1,3,1,3,3,7,9,12,9,4,0,0,2,12,45
2,3,3,6,6,0,0,2,0,0,0,7,8,0,0,6,12,349,1,3,1,3,3,6,8,11,8,4,0,0,2,10,15
16,3,3,5,5,0,0,2,0,0,0,4,11,0,0,6,12,349,1,3,2,3,3,5,8,11,7,4,0,0,2,10,0
-6,3,3,8,4,0,0,2,0,0,0,3,12,0,0,6,12,349,1,3,2,3,3,4,7,10,6,3,0,0,2,10,30
-37,2,2,22,3,0,0,2,0,0,0,14,1,0,0,6,12,349,0,3,2,3,3,3,6,9,6,3,0,0,2,12,15
-30,2,2,12,3,0,0,1,0,0,0,13,2,0,0,6,12,349,0,3,2,3,3,2,5,8,5,2,0,0,2,11,15
5,1,1,8,3,0,0,1,0,0,0,1,14,0,0,6,12,349,0,2,2,2,2,2,4,7,5,3,0,0,2,10,30
2,0,0,2,2,0,1,1,0,0,1,5,10,0,0,6,12,349,1,0,0,0,0,3,4,6,5,2,0,0,1,9,30
17,0,0,4,1,0,1,1,0,0,1,0,1,0,0,6,12,349,0,0,0,0,0,2,4,5,5,2,0,0,1,9,45
14,0,0,6,0,0,1,1,0,0,1,0,8,0,0,6,12,349,0,0,0,0,0,1,3,4,4,1,0,0,2,10,15
7,0,0,0,0,0,0,1,0,0,1,0,44,0,1,6,12,349,0,0,0,0,0,3,3,3,3,1,0,0,1,9,0
15,0,0,2,0,0,0,0,0,0,1,0,56,0,0,6,12,349,0,0,0,0,0,2,2,2,2,1,0,0,1,9,30
-15,0,0,1,0,0,0,0,0,0,0,0,69,0,0,6,12,349,0,0,0,0,0,1,1,1,1,1,0,0,2,9,15
15,41,6,54,2,0,1,2,0,0,0,6,9,1,0,5,12,348,1,49,2,10,17,3,5,9,5,4,7,1,1,17,30
52,40,5,49,2,0,1,1,0,0,0,0,15,0,0,5,12,348,0,49,5,11,18,2,5,8,5,4,7,1,3,17,0
58,39,8,51,2,0,1,1,0,0,0,0,15,0,0,5,12,348,0,48,7,11,17,2,4,8,5,4,7,1,1,17,15
-36,37,10,51,4,0,1,3,0,0,0,3,12,0,0,5,12,348,2,43,6,11,15,3,6,13,7,5,7,2,1,17,15
14,36,10,51,5,0,1,3,0,0,0,14,1,0,0,5,12,348,3,41,4,9,13,2,5,12,7,4,6,2,1,17,15
18,35,9,47,7,0,1,3,0,0,0,1,14,0,0,5,12,348,4,38,3,7,11,1,4,11,8,4,6,1,2,16,45
48,28,5,46,9,0,1,4,0,0,0,14,1,0,0,5,12,348,1,34,3,6,11,3,7,15,14,6,6,1,2,16,30
58,28,5,49,9,0,0,4,0,0,0,10,5,0,0,5,12,348,1,34,3,6,11,2,7,14,13,5,5,1,3,17,0
24,28,5,44,8,0,0,4,0,0,0,10,5,0,0,5,12,348,1,34,3,6,11,1,7,13,12,4,5,0,1,16,15
29,24,3,40,9,0,0,5,0,0,0,4,11,0,0,5,12,348,0,31,3,5,11,6,9,14,15,6,5,1,2,15,45
32,24,3,42,9,0,0,4,0,0,0,0,15,0,0,5,12,348,0,31,3,6,11,6,9,14,14,5,5,1,2,16,0
34,24,4,38,10,0,0,4,0,0,0,8,7,0,0,5,12,348,2,29,2,5,9,5,9,13,13,5,5,1,2,15,30
40,23,4,40,9,0,1,4,0,0,0,1,14,0,0,5,12,348,2,28,1,5,10,4,9,12,13,4,5,1,2,15,45
25,23,4,44,9,0,1,3,0,0,0,25,5,0,0,5,12,348,2,28,1,5,10,4,8,11,12,4,5,1,1,16,15
41,23,4,38,8,0,1,3,0,0,0,25,5,0,0,5,12,348,2,28,1,5,10,3,7,10,11,3,5,1,2,15,30
52,23,5,34,7,0,1,3,0,0,0,19,11,0,0,5,12,348,2,28,3,5,10,4,6,9,10,3,5,1,2,15,0
-24,21,4,47,7,0,1,3,0,0,0,0,30,0,0,5,12,348,0,27,4,6,11,5,7,10,12,5,4,2,2,16,45
19,21,4,32,7,0,1,3,0,0,0,20,10,0,0,5,12,348,1,26,3,6,11,4,6,10,11,5,4,1,2,14,45
56,21,4,34,8,0,1,2,0,0,0,19,11,0,0,5,12,348,2,25,2,5,10,3,5,9,10,5,4,1,2,15,0
49,21,4,32,7,0,1,2,0,0,0,10,20,0,0,5,12,348,2,25,3,5,10,2,5,9,9,5,4,1,2,14,45
49,20,5,36,7,0,1,2,0,0,0,4,26,0,0,5,12,348,2,23,2,5,12,2,4,8,9,4,4,1,2,15,15
33,18,4,36,8,0,1,2,0,0,0,8,7,0,0,5,12,348,2,22,2,4,12,3,4,14,10,4,3,1,2,15,15
79,17,3,29,7,0,1,2,0,0,0,4,11,0,0,5,12,348,1,22,3,4,13,2,4,13,10,3,3,0,1,13,30
110,17,5,27,7,0,2,2,0,0,0,1,14,0,0,5,12,348,2,20,2,5,13,1,4,15,10,3,3,0,1,13,15
54,14,4,25,7,0,2,3,0,0,0,11,4,0,0,5,12,348,0,18,3,8,14,4,10,21,13,5,3,1,2,13,0
-7,14,5,27,7,0,1,3,0,0,0,5,10,0,0,5,12,348,0,18,6,9,14,3,10,21,12,5,3,1,1,13,15
-93,13,5,31,8,0,1,3,1,0,0,10,5,0,0,5,12,348,2,15,3,7,11,3,10,20,12,6,3,1,2,14,15
76,12,6,25,7,0,1,3,1,0,0,12,3,0,0,5,12,348,0,15,4,8,12,7,12,19,13,7,3,1,2,13,0
64,12,7,23,8,0,1,3,1,0,1,2,13,0,0,5,12,348,2,12,3,6,10,7,13,18,13,7,3,1,2,12,45
202,11,6,11,8,0,0,3,1,0,1,9,6,0,0,5,12,348,1,12,4,7,10,7,15,18,13,7,2,3,2,11,0
-88,10,5,42,7,0,0,3,1,0,1,5,10,0,0,5,12,348,0,12,4,7,11,6,14,19,13,7,2,2,2,16,0
51,10,6,22,7,0,0,2,1,0,1,3,12,0,0,5,12,348,0,12,4,7,11,6,13,18,12,6,2,2,2,12,30
106,10,6,30,8,0,0,1,1,0,1,14,1,0,0,5,12,348,1,11,4,6,10,7,13,17,11,6,2,2,1,13,45
50,10,6,23,7,0,0,1,1,0,1,13,2,0,0,5,12,348,1,11,4,6,10,6,12,16,10,5,2,2,2,12,45
58,10,6,15,8,0,0,0,1,0,1,10,5,0,0,5,12,348,2,10,3,6,9,5,11,15,9,5,2,2,1,11,30
-1,8,6,18,8,0,1,0,1,0,1,13,2,0,0,5,12,348,2,8,2,4,8,9,11,15,10,6,2,2,2,12,0
53,7,5,18,7,0,1,0,1,0,1,5,10,0,0,5,12,348,1,8,3,5,8,8,10,14,10,5,2,2,2,12,0
10,7,5,13,6,0,1,0,1,0,1,2,13,0,0,5,12,348,1,8,3,5,8,7,9,14,9,5,2,2,2,11,15
40,6,5,15,5,0,1,1,1,0,1,1,14,0,0,5,12,348,1,7,2,4,7,6,8,13,9,6,2,2,1,11,30
35,5,4,11,5,0,1,1,1,0,0,10,5,0,0,5,12,348,0,7,3,4,7,6,7,12,9,6,2,2,2,11,0
127,5,4,9,5,0,1,1,1,0,0,3,12,0,0,5,12,348,1,6,2,4,6,6,6,12,8,6,2,2,2,10,45
32,5,4,9,5,0,0,1,1,0,0,2,13,0,0,5,12,348,1,6,2,4,6,5,5,11,7,5,1,2,2,10,45
-25,5,4,20,4,0,0,1,1,0,0,0,15,0,0,5,12,348,1,6,2,4,6,4,4,10,6,4,1,1,1,12,15
19,5,4,17,4,0,0,1,0,0,0,13,2,0,0,5,12,348,1,6,2,4,6,3,3,9,5,3,0,1,2,11,45
24,4,3,13,4,0,0,1,0,0,0,0,15,0,0,5,12,348,1,5,2,4,5,2,5,8,5,3,0,0,2,11,15
31,3,2,7,4,0,0,1,0,0,0,5,10,0,0,5,12,348,1,4,1,4,4,1,4,8,5,3,0,0,2,10,30
35,1,1,7,3,0,1,2,0,0,0,11,4,0,0,5,12,348,1,2,2,2,2,4,6,9,6,2,0,0,2,10,30
32,1,1,2,3,0,1,1,0,0,0,8,7,0,0,5,12,348,0,2,2,2,2,3,5,8,6,3,0,0,1,9,30
35,1,1,5,2,0,1,1,0,0,0,7,8,0,0,5,12,348,0,2,2,2,2,2,4,7,5,3,0,0,1,10,0
-35,0,0,6,3,0,0,2,0,0,0,13,2,0,0,5,12,348,0,0,0,0,0,3,5,6,6,4,0,0,2,10,15
84,0,0,0,2,0,0,2,0,0,0,4,11,0,1,5,12,348,0,0,0,0,0,2,5,5,5,3,0,0,1,9,0
-162,0,0,20,2,0,0,1,0,0,0,0,8,0,0,5,12,348,0,0,0,0,0,2,4,4,4,3,0,0,1,12,15
0,0,0,1,1,0,0,1,0,0,0,0,31,0,0,5,12,348,0,0,0,0,0,3,3,3,3,2,0,0,2,9,15
47,0,0,2,0,0,0,1,0,0,0,0,40,0,0,5,12,348,0,0,0,0,0,2,2,2,2,1,0,0,1,9,30
70,0,0,4,0,0,0,0,0,0,0,0,51,0,0,5,12,348,0,0,0,0,0,1,1,1,1,1,0,0,1,9,45
-4,36,2,52,3,0,1,1,0,0,0,3,12,0,0,4,12,347,0,49,3,7,14,3,8,12,6,2,8,3,1,17,15
20,36,3,53,3,0,2,1,0,0,0,10,5,0,0,4,12,347,2,47,2,5,13,2,7,13,5,1,8,3,1,17,30
31,35,3,48,2,0,2,1,1,0,0,0,15,0,0,4,12,347,2,46,2,5,12,5,6,13,5,1,8,3,2,16,45
-24,35,3,50,3,0,1,1,1,0,0,9,6,0,0,4,12,347,1,45,3,7,15,5,7,15,6,3,7,5,1,17,0
-9,35,3,48,3,0,1,1,0,0,0,7,8,0,0,4,12,347,1,45,3,7,15,4,8,14,5,2,7,5,2,16,45
-35,35,3,54,2,0,1,1,0,0,0,6,9,1,0,4,12,347,1,44,3,7,15,3,7,13,4,1,6,5,1,18,0
22,35,3,46,1,0,1,2,0,0,0,0,15,0,0,4,12,347,1,44,3,6,14,2,6,12,4,0,6,4,2,16,30
64,35,3,43,1,0,0,2,0,0,0,13,2,0,0,4,12,347,1,44,3,6,14,1,5,11,3,0,5,4,2,16,15
46,32,4,38,2,0,1,3,0,0,1,2,13,0,0,4,12,347,1,39,4,7,13,4,10,13,7,2,4,4,1,15,15
6,32,4,50,2,0,1,2,0,0,1,1,14,0,0,4,12,347,1,39,4,7,14,3,9,12,6,2,3,3,1,17,0
-33,32,5,43,1,0,1,3,0,0,1,9,6,0,0,4,12,347,2,38,4,8,13,4,8,11,5,2,3,2,2,16,15
-10,32,5,41,1,0,0,3,0,0,1,8,7,0,0,4,12,347,2,38,4,8,14,4,7,10,4,1,2,2,1,15,45
-55,29,5,43,4,0,0,2,0,0,1,12,3,0,0,4,12,347,1,35,3,6,14,6,7,11,7,2,2,1,2,16,15
-9,29,5,46,4,0,0,2,0,0,1,10,5,0,0,4,12,347,2,34,3,6,13,5,6,10,6,1,2,1,2,16,30
17,29,5,40,4,0,0,2,0,0,0,8,7,0,0,4,12,347,1,34,4,7,13,4,5,9,6,1,2,1,1,15,30
9,29,6,42,4,0,0,1,0,0,0,14,1,0,0,4,12,347,1,34,4,8,15,3,5,9,5,1,1,1,3,16,0
21,29,6,34,3,0,1,1,0,0,0,13,2,0,0,4,12,347,2,33,3,7,14,2,4,9,4,0,1,0,2,14,45
30,29,6,33,3,0,1,1,0,0,0,9,6,0,0,4,12,347,3,32,2,6,13,1,3,9,3,0,1,0,2,14,30
20,24,4,34,6,0,1,0,0,0,0,29,16,0,0,4,12,347,0,29,4,7,15,3,4,12,8,4,1,1,2,14,45
-22,23,5,38,7,0,2,0,0,0,0,16,29,0,0,4,12,347,1,26,2,6,15,2,5,12,9,5,1,1,1,15,15
-33,23,7,36,6,0,2,0,0,0,0,6,39,0,0,4,12,347,1,26,3,7,15,2,6,11,8,5,1,1,2,15,0
86,20,5,28,7,0,1,0,1,0,0,0,15,0,0,4,12,347,0,24,4,8,16,3,7,13,10,6,0,1,1,13,0
29,20,8,31,8,0,1,0,1,0,0,13,2,0,0,4,12,347,2,22,5,9,17,5,8,16,9,5,0,0,1,13,30
58,18,8,30,8,0,1,1,1,0,0,1,14,0,0,4,12,347,1,20,4,9,16,5,8,18,11,6,0,0,1,13,15
-3,18,8,28,8,0,1,1,1,0,0,14,1,0,0,4,12,347,2,19,4,8,15,4,7,17,10,5,0,0,1,13,0
21,17,8,32,7,0,1,1,1,0,0,9,6,0,0,4,12,347,1,19,4,8,15,4,6,18,10,5,0,0,1,14,15
63,16,7,26,8,0,0,1,1,0,0,3,12,0,0,4,12,347,1,18,4,7,14,4,7,18,10,6,0,0,2,12,45
88,15,7,26,8,0,0,2,1,0,0,8,7,0,0,4,12,347,2,16,3,7,13,3,7,18,10,6,0,0,2,12,45
47,14,8,24,8,0,0,2,1,0,0,13,2,0,0,4,12,347,2,15,4,8,13,3,7,18,10,6,0,0,2,12,30
79,12,6,22,7,0,0,2,1,0,0,7,8,0,0,4,12,347,0,15,4,9,13,2,7,17,11,7,0,0,2,12,15
10,11,6,20,7,0,0,2,1,0,1,8,7,0,0,4,12,347,1,13,4,8,11,4,9,17,11,7,0,0,2,12,0
12,9,4,18,9,0,0,2,1,0,0,6,9,0,0,4,12,347,1,11,5,7,10,5,13,20,12,9,0,0,2,11,45
-72,9,4,36,8,0,0,2,1,0,0,6,9,0,0,4,12,347,1,11,5,7,10,4,12,19,11,8,0,0,2,15,0
64,8,4,22,8,0,0,2,0,0,0,1,14,0,0,4,12,347,0,11,5,7,10,4,11,18,11,8,0,0,2,12,15
187,6,3,2,7,0,3,3,0,0,0,13,2,0,0,4,12,347,2,7,3,5,7,7,11,19,12,7,0,0,2,9,30
10,6,4,24,6,0,3,3,1,0,0,9,6,0,0,4,12,347,3,6,2,4,6,8,11,18,11,6,0,0,2,12,30
25,6,4,18,6,0,3,2,1,0,0,4,11,0,0,4,12,347,3,6,2,4,6,8,10,18,10,6,0,0,2,11,45
60,5,3,16,6,0,3,2,1,0,0,13,2,0,0,4,12,347,3,5,1,3,5,7,10,18,10,6,0,0,2,11,30
37,5,3,14,5,0,3,2,1,0,0,11,4,0,0,4,12,347,3,5,2,3,5,7,9,17,9,5,0,0,2,11,15
49,5,3,20,5,0,3,2,1,0,0,2,13,0,0,4,12,347,3,4,2,2,4,6,8,16,9,4,0,0,2,12,0
87,5,3,8,4,0,3,2,1,0,0,1,14,0,0,4,12,347,3,4,2,2,4,5,7,15,8,4,0,0,1,10,15
83,5,3,16,4,0,3,1,1,0,0,11,4,0,0,4,12,347,3,4,2,3,4,5,7,14,7,3,0,0,2,11,30
14,5,3,11,4,0,2,1,1,0,0,11,4,0,0,4,12,347,3,4,2,3,4,4,6,13,6,2,0,0,2,10,45
75,5,3,12,3,0,2,1,1,0,0,8,7,0,0,4,12,347,3,4,2,3,4,3,7,12,5,1,0,0,2,11,0
50,3,2,10,3,0,1,1,1,0,0,12,3,0,0,4,12,347,1,4,2,3,4,3,7,11,6,0,0,0,1,10,30
-22,3,3,14,4,0,1,1,1,0,0,13,2,0,0,4,12,347,2,2,1,2,2,3,8,10,6,0,0,0,2,11,15
-38,2,2,12,4,0,1,0,1,0,0,0,15,0,0,4,12,347,0,2,1,2,2,5,9,9,7,2,0,0,2,11,0
43,2,2,4,4,0,1,0,0,0,0,1,14,0,0,4,12,347,0,2,2,2,2,6,8,8,6,2,0,0,2,9,45
31,2,2,6,4,0,1,0,0,0,0,10,5,0,0,4,12,347,1,1,1,1,1,5,7,7,5,2,0,0,2,10,0
75,2,2,6,4,0,0,0,0,0,0,9,6,0,0,4,12,347,1,1,1,1,1,4,6,6,4,2,0,0,2,10,0
108,2,2,4,3,0,0,0,0,0,0,7,8,0,0,4,12,347,1,1,1,1,1,3,5,5,3,2,0,0,2,9,45
-3,1,1,8,2,0,0,0,0,0,0,11,4,0,0,4,12,347,0,1,1,1,1,4,4,4,3,3,0,0,1,10,15
39,1,1,2,2,0,0,0,0,0,0,10,5,0,0,4,12,347,1,0,0,0,0,3,3,3,2,2,0,0,2,9,30
16,0,0,1,1,0,0,0,0,0,0,5,10,0,0,4,12,347,0,0,0,0,0,2,2,2,2,1,0,0,2,9,15
21,0,0,0,0,0,0,0,0,0,0,3,12,0,1,4,12,347,0,0,0,0,0,1,1,1,1,0,0,0,1,9,0
7,33,3,48,2,0,1,1,1,0,0,12,3,0,0,3,12,346,2,44,2,5,11,4,4,11,4,3,8,2,1,17,15
5,33,3,47,2,0,0,1,1,0,0,10,5,0,0,3,12,346,2,44,3,5,11,3,3,10,3,2,7,2,1,17,0
58,32,2,44,2,0,0,0,1,0,0,6,9,0,0,3,12,346,1,44,3,6,11,2,3,10,3,2,6,2,1,16,45
-11,31,1,49,1,0,0,0,1,0,0,6,9,1,0,3,12,346,0,44,3,6,11,1,2,10,3,1,6,1,1,17,30
-49,30,1,44,5,0,0,0,1,0,0,9,6,0,0,3,12,346,1,39,2,6,12,5,7,11,6,2,5,1,1,16,45
6,30,1,43,6,0,0,0,0,0,0,1,14,0,0,3,12,346,1,38,3,5,12,5,8,11,6,2,5,0,3,16,30
-4,29,0,39,5,0,0,0,0,0,0,14,1,0,0,3,12,346,0,38,3,5,12,4,7,10,6,3,5,0,2,16,0
-11,29,0,38,5,0,0,0,0,0,0,3,12,0,0,3,12,346,1,37,2,5,12,3,6,10,5,2,5,0,2,15,45
52,29,0,37,4,0,0,0,0,0,0,12,3,0,0,3,12,346,1,37,4,6,13,3,5,9,4,1,5,0,1,15,30
23,29,1,41,3,0,0,0,0,0,0,7,8,0,0,3,12,346,0,37,4,6,14,3,4,8,4,1,5,0,1,16,15
-11,29,2,41,3,0,1,1,0,0,1,14,1,0,0,3,12,346,2,33,2,6,13,3,5,10,5,2,5,1,1,16,15
30,29,3,34,2,0,1,1,0,0,1,8,7,0,0,3,12,346,2,33,2,6,14,2,4,10,4,2,5,1,1,15,0
-97,29,3,44,1,0,1,1,0,0,1,6,9,0,0,3,12,346,2,33,2,7,14,1,3,9,3,1,5,1,1,16,45
-93,28,6,39,1,0,1,2,0,0,1,51,9,0,0,3,12,346,1,31,5,8,15,2,4,10,5,2,4,1,2,16,0
-21,27,7,36,2,0,2,1,1,0,1,39,21,0,0,3,12,346,1,28,3,7,14,3,4,9,7,2,4,0,1,15,15
-13,25,7,32,4,0,2,1,1,0,0,18,42,0,0,3,12,346,1,26,4,7,14,2,6,9,8,4,4,2,1,14,30
-15,25,7,31,4,0,2,1,1,0,0,12,48,0,0,3,12,346,2,25,3,6,15,1,6,9,7,3,4,2,1,14,15
19,20,6,30,7,0,2,1,1,0,0,9,6,0,0,3,12,346,1,21,3,7,14,5,6,14,11,6,4,3,1,13,15
-43,20,6,33,7,0,1,1,1,0,0,5,10,0,0,3,12,346,1,21,3,7,14,4,5,14,10,5,3,3,2,14,45
97,20,7,26,7,0,1,0,1,0,0,1,14,0,0,3,12,346,1,21,4,7,14,4,4,13,9,5,2,2,2,12,35
-15,19,7,34,7,0,1,0,2,0,0,5,5,0,0,3,12,346,2,19,3,7,13,3,3,12,9,6,2,1,1,15,0
44,18,8,29,7,0,1,0,1,0,0,13,2,0,0,3,12,346,1,19,4,8,14,2,4,13,9,6,2,1,1,13,0
69,16,7,27,8,0,0,1,1,0,0,2,13,0,0,3,12,346,1,17,3,8,14,1,4,14,10,6,1,1,1,12,45
36,12,6,27,9,0,0,3,1,0,1,7,23,0,0,3,12,346,2,12,3,6,11,4,9,19,13,7,1,0,1,12,45
39,10,5,24,9,0,0,3,1,0,1,13,2,0,0,3,12,346,1,11,3,6,10,7,10,19,14,8,1,0,1,12,30
37,9,5,24,8,0,0,4,1,0,1,7,8,0,0,3,12,346,1,10,3,6,10,6,11,20,14,8,1,0,1,12,30
56,9,5,16,8,0,0,4,1,0,1,10,5,0,0,3,12,346,2,9,3,6,9,6,11,19,13,7,1,0,2,11,15
29,9,6,22,7,0,0,4,1,0,1,7,8,0,0,3,12,346,2,9,3,6,9,5,10,18,12,7,1,0,2,12,15
50,9,7,16,7,0,0,4,1,0,0,5,10,0,0,3,12,346,2,9,3,7,9,4,9,17,11,6,1,0,2,11,15
64,9,7,19,6,0,0,4,1,0,0,4,11,0,0,3,12,346,2,9,3,8,9,4,8,17,10,5,1,0,1,11,30
41,8,6,22,5,0,0,4,1,0,1,14,1,0,0,3,12,346,2,8,3,7,8,3,7,16,10,5,1,0,2,12,15
55,7,5,21,5,0,0,4,1,0,1,6,9,0,0,3,12,346,2,7,4,6,7,5,7,15,10,5,1,0,2,12,0
55,5,4,19,6,0,0,4,0,0,1,4,11,0,0,3,12,346,0,6,5,5,6,5,10,16,12,6,1,1,1,11,30
79,5,4,14,7,0,0,3,0,0,1,14,1,0,0,3,12,346,1,5,4,4,5,4,10,16,11,5,1,1,3,11,0
43,5,4,14,6,0,0,3,0,0,1,11,4,0,0,3,12,346,1,5,4,4,5,3,10,16,10,5,1,1,3,11,0
81,4,3,8,6,0,0,3,0,0,1,8,7,0,0,3,12,346,1,4,3,4,4,3,10,15,10,6,1,1,2,10,15
43,4,3,12,7,0,0,2,0,0,1,0,15,0,0,3,12,346,2,3,2,3,3,3,9,14,9,5,1,1,2,10,45
54,2,2,5,9,0,0,2,0,0,0,10,5,0,0,3,12,346,2,1,0,1,1,8,9,13,10,7,1,1,2,10,0
29,2,2,8,8,0,0,2,0,0,0,4,11,0,0,3,12,346,2,1,1,1,1,7,10,12,9,6,1,1,2,10,15
18,2,2,12,8,0,0,1,0,0,0,13,2,0,0,3,12,346,2,1,1,1,1,6,9,11,8,6,0,1,2,10,45
34,1,1,5,7,0,0,1,0,0,0,10,5,0,0,3,12,346,1,1,1,1,1,5,8,10,8,6,0,0,2,10,0
80,1,1,10,7,0,0,0,0,0,0,8,7,0,0,3,12,346,1,1,1,1,1,4,7,9,7,5,0,0,2,10,30
26,1,1,5,6,0,0,0,0,0,0,1,14,0,0,3,12,346,1,1,1,1,1,4,7,8,6,5,0,0,2,10,0
54,1,1,10,5,0,0,0,0,0,0,12,3,0,0,3,12,346,0,1,1,1,1,3,7,7,6,5,0,0,2,10,30
-38,1,1,16,4,0,0,0,0,0,0,10,5,0,0,3,12,346,0,1,1,1,1,2,6,6,5,5,0,0,2,11,15
52,0,0,1,3,0,1,0,0,0,0,4,11,0,0,3,12,346,0,0,0,0,0,3,5,5,5,4,0,0,2,9,15
20,0,0,4,2,0,1,0,0,0,0,0,9,0,0,3,12,346,0,0,0,0,0,4,4,4,4,3,0,0,3,9,45
10,0,0,0,2,0,0,0,0,0,0,0,10,0,1,3,12,346,0,0,0,0,0,3,3,3,3,2,0,0,1,9,0
-1,0,0,2,1,0,0,0,0,0,0,0,28,0,0,3,12,346,0,0,0,0,0,2,2,2,2,2,0,0,1,9,30
10,0,0,2,0,0,0,0,0,0,0,0,32,0,0,3,12,346,0,0,0,0,0,1,1,1,1,1,0,0,1,9,30
41,25,2,42,2,0,1,2,1,0,0,14,1,0,0,2,12,345,0,38,3,4,6,2,4,10,7,5,2,1,1,17,0
17,23,1,40,3,0,0,3,1,0,1,4,11,0,0,2,12,345,0,35,1,1,6,3,6,10,9,5,1,1,2,16,45
32,23,1,40,3,0,0,3,0,0,1,4,11,0,0,2,12,345,0,35,1,2,7,3,6,12,8,4,1,0,2,16,45
15,23,1,44,3,0,1,2,0,0,1,5,10,1,0,2,12,345,1,34,0,1,7,4,7,11,7,4,1,0,1,17,15
96,23,1,35,2,0,1,2,0,0,1,25,5,0,0,2,12,345,1,34,1,2,7,4,7,10,6,3,1,0,2,16,0
43,22,1,38,1,0,1,2,0,0,1,10,20,0,0,2,12,345,0,34,1,4,9,4,6,10,6,3,1,0,2,16,30
25,22,1,33,1,0,0,2,0,0,1,6,24,0,0,2,12,345,0,34,1,4,9,4,5,9,5,2,1,0,1,15,30
95,22,1,33,1,0,1,1,0,0,1,26,4,0,0,2,12,345,1,33,1,5,8,4,5,8,4,1,1,0,1,15,30
9,22,1,38,0,0,1,1,0,0,1,13,17,0,0,2,12,345,1,33,3,5,10,3,6,7,3,0,1,0,2,16,30
-23,22,2,42,0,0,1,1,0,0,0,9,21,0,0,2,12,345,1,33,3,5,10,2,5,7,2,0,1,0,1,17,0
31,22,3,36,0,0,2,0,0,0,0,12,3,0,0,2,12,345,1,32,4,5,11,2,4,9,2,0,1,0,2,16,15
-68,21,4,36,3,0,2,0,0,0,0,28,2,0,0,2,12,345,3,28,1,3,10,3,4,8,3,1,1,0,2,16,15
-1,21,4,31,3,0,1,0,0,0,0,25,5,0,0,2,12,345,3,28,1,3,10,2,3,7,2,1,1,0,1,14,45
13,21,4,30,2,0,1,0,0,0,0,24,6,0,0,2,12,345,3,28,1,3,10,1,2,6,1,0,1,0,1,14,30
-42,18,6,32,3,0,2,0,0,0,0,10,20,0,0,2,12,345,2,25,2,6,13,2,5,8,4,3,1,0,2,15,0
10,14,5,29,4,0,1,1,0,0,0,11,4,0,0,2,12,345,0,23,4,7,12,4,4,9,7,3,1,0,1,14,0
30,14,5,25,4,0,1,1,0,0,0,5,10,0,0,2,12,345,1,22,3,7,12,3,4,9,6,2,1,0,1,13,0
29,14,5,28,3,0,1,1,0,0,0,4,11,0,0,2,12,345,1,22,3,7,12,2,3,8,5,2,1,0,1,13,30
36,14,5,27,2,0,1,1,0,0,0,4,11,0,0,2,12,345,1,22,3,7,12,1,2,8,4,1,1,0,1,13,15
45,9,2,21,5,0,0,5,0,0,0,5,10,0,0,2,12,345,2,15,3,5,11,3,6,14,9,4,1,1,2,12,15
85,7,1,11,5,0,0,5,1,0,0,2,13,0,0,2,12,345,2,13,2,5,10,4,9,16,10,5,1,1,2,11,0
38,7,1,23,4,0,0,5,1,0,0,0,15,0,0,2,12,345,2,13,2,5,10,3,8,15,9,5,1,1,2,12,45
117,7,2,13,5,0,0,4,1,0,0,4,11,0,0,2,12,345,2,12,2,6,10,3,8,15,9,5,0,1,2,11,15
15,7,3,25,4,0,0,4,1,0,0,1,14,0,0,2,12,345,1,12,2,6,10,3,8,14,9,5,0,0,1,13,0
-31,7,5,23,6,0,0,3,1,0,0,9,6,0,0,2,12,345,2,10,3,6,9,6,9,13,9,5,0,0,2,12,45
-4,7,5,15,5,0,0,3,1,0,0,4,11,0,0,2,12,345,2,10,4,6,10,5,8,12,8,4,0,0,2,11,30
-29,6,4,19,6,0,0,3,0,0,0,11,4,0,0,2,12,345,1,9,4,6,9,5,9,13,9,5,0,0,2,12,0
41,6,4,13,7,0,0,2,0,0,0,6,9,0,0,2,12,345,2,8,4,5,8,5,8,12,8,4,0,0,2,11,15
37,6,4,19,6,0,0,2,0,0,0,4,11,0,0,2,12,345,2,8,4,5,8,5,7,12,7,4,0,0,2,12,0
29,5,4,21,7,0,0,1,0,0,0,11,4,0,0,2,12,345,2,7,3,5,7,4,8,12,7,3,0,0,2,12,15
-2,5,4,17,7,0,0,1,0,0,0,4,11,0,0,2,12,345,2,6,3,4,6,3,7,12,7,2,0,0,2,11,45
-3,3,3,11,7,0,0,2,0,0,0,7,8,0,0,2,12,345,2,4,1,3,4,4,6,11,8,3,0,0,2,11,0
28,3,3,15,7,0,0,1,0,0,0,5,10,0,0,2,12,345,2,4,1,3,4,3,5,10,7,3,0,0,2,11,30
44,2,2,4,7,0,0,1,0,0,0,14,1,0,0,2,12,345,2,3,1,3,3,4,6,11,7,3,0,0,2,9,45
36,2,2,17,6,0,0,1,0,0,0,14,1,0,0,2,12,345,2,3,1,3,3,3,5,10,6,3,0,0,2,11,45
32,1,1,6,5,0,0,1,0,0,0,3,12,0,0,2,12,345,1,3,2,3,3,2,5,9,6,4,0,0,1,10,0
44,1,1,6,5,0,0,1,0,0,0,14,1,0,0,2,12,345,2,2,1,2,2,1,5,9,5,3,0,0,1,10,0
19,0,0,2,7,0,0,0,0,0,0,2,13,0,0,2,12,345,1,0,0,0,0,5,7,8,7,4,0,0,2,9,30
30,0,0,9,6,0,0,0,0,0,0,0,1,0,0,2,12,345,1,0,0,0,0,4,6,7,6,3,0,0,1,10,30
-10,0,0,4,5,0,0,0,0,0,0,0,10,0,0,2,12,345,0,0,0,0,0,3,5,6,6,2,0,0,2,9,45
2,0,0,8,4,0,0,0,0,0,0,0,15,0,0,2,12,345,0,0,0,0,0,4,5,5,5,2,0,0,1,10,15
-9,0,0,10,3,0,0,0,0,0,0,0,25,0,0,2,12,345,0,0,0,0,0,3,4,4,4,1,0,0,2,10,45
-8,0,0,1,2,0,0,0,0,0,0,0,41,0,0,2,12,345,0,0,0,0,0,2,3,3,3,1,0,0,2,9,15
-8,0,0,0,1,0,0,0,0,0,0,0,45,0,1,2,12,345,0,0,0,0,0,1,2,2,2,1,0,0,1,9,0
1,0,0,2,0,0,0,0,0,0,0,0,75,0,0,2,12,345,0,0,0,0,0,1,1,1,1,1,0,0,2,9,30
19,34,6,47,3,0,0,0,0,0,0,14,1,1,0,6,12,342,1,44,5,7,13,2,5,9,3,2,6,1,1,17,30
38,29,2,36,6,0,1,0,0,0,0,0,15,0,0,6,12,342,1,39,2,5,10,4,4,9,7,4,6,1,3,16,0
21,29,4,45,5,0,1,0,0,0,0,6,9,0,0,6,12,342,0,39,3,6,10,3,4,8,7,4,6,1,1,17,0
17,29,4,40,5,0,0,0,0,0,0,4,11,0,0,6,12,342,0,39,3,7,11,2,3,7,6,3,5,1,2,16,30
50,29,4,37,5,0,0,0,0,0,0,11,4,0,0,6,12,342,1,38,3,6,11,1,2,8,5,3,5,0,3,16,15
11,27,4,43,5,0,0,2,0,0,1,14,1,0,0,6,12,342,2,34,3,5,11,4,5,13,7,5,5,0,2,16,45
4,25,3,40,4,0,1,3,0,0,1,9,6,0,0,6,12,342,1,32,3,5,11,4,6,12,9,4,5,1,2,16,30
32,25,4,37,4,0,1,3,0,0,1,5,10,0,0,6,12,342,2,31,2,4,10,3,5,13,8,4,5,1,3,16,15
-39,25,4,40,4,0,1,3,0,0,0,2,13,0,0,6,12,342,2,31,2,4,10,2,5,12,7,4,5,1,2,16,30
-20,24,3,43,4,0,1,3,0,0,0,2,13,0,0,6,12,342,1,30,3,6,11,2,7,12,8,4,5,1,2,16,45
-74,22,3,35,5,0,1,3,0,0,0,19,11,0,0,6,12,342,0,28,4,7,12,6,8,11,10,4,4,3,1,15,45
13,22,5,32,5,0,2,2,0,0,0,11,19,0,0,6,12,342,1,27,3,6,13,5,7,12,9,4,4,2,1,15,15
43,21,4,30,5,0,2,1,0,0,0,5,25,0,0,6,12,342,0,27,3,6,13,5,8,11,9,4,4,2,1,14,45
43,21,4,31,5,0,2,1,0,0,0,27,3,0,0,6,12,342,1,26,4,6,13,5,7,11,8,4,4,2,2,15,0
35,21,4,34,4,0,2,2,0,0,0,27,3,0,0,6,12,342,2,25,3,5,12,4,6,10,7,3,4,2,1,15,30
19,21,5,27,3,0,2,2,0,0,0,24,6,0,0,6,12,342,1,25,3,5,12,3,5,10,7,2,4,2,1,14,0
62,21,6,27,4,0,1,2,0,0,0,9,21,0,0,6,12,342,2,24,3,6,14,2,5,9,6,2,3,2,1,14,0
-107,20,6,45,4,0,1,1,0,0,0,0,30,0,0,6,12,342,1,24,4,8,14,3,4,11,6,2,2,1,1,17,0
8,17,5,29,6,0,1,1,0,0,0,8,7,0,0,6,12,342,1,21,3,7,13,3,5,13,8,3,2,0,1,14,30
81,17,5,22,6,0,0,1,0,0,0,7,8,0,0,6,12,342,1,21,3,7,13,2,4,13,7,2,2,0,1,12,45
-78,16,6,37,6,0,0,2,0,0,0,7,8,0,0,6,12,342,1,19,3,6,12,1,5,15,8,3,2,0,3,16,15
4,12,4,25,8,0,0,2,1,0,0,2,13,0,0,6,12,342,1,15,4,6,12,4,9,15,11,4,2,0,1,13,15
-81,12,4,32,8,0,0,2,1,0,0,13,2,0,0,6,12,342,2,14,3,5,11,3,8,16,10,3,2,0,1,15,15
30,10,4,24,8,0,0,2,1,0,0,0,15,0,0,6,12,342,1,13,3,6,10,5,11,16,11,4,2,1,1,13,0
33,10,4,18,8,0,0,1,1,0,0,10,5,0,0,6,12,342,0,13,4,6,11,5,11,15,11,4,2,2,2,12,15
164,10,6,4,10,0,0,2,0,0,0,8,7,0,0,6,12,342,2,10,2,5,10,5,10,16,11,4,2,2,2,9,45
-2,10,6,17,9,0,0,2,0,0,0,3,12,0,0,6,12,342,2,10,2,6,10,8,10,15,10,3,2,2,2,12,0
31,10,6,22,8,0,0,2,0,0,0,2,13,0,0,6,12,342,2,10,3,6,10,7,9,14,9,3,2,2,1,12,45
-34,8,4,26,8,0,0,2,0,0,0,12,3,0,0,6,12,342,1,9,2,6,9,7,8,14,10,4,2,2,2,13,30
44,8,5,20,8,0,0,1,0,0,0,3,12,0,0,6,12,342,1,9,2,6,9,6,7,14,9,4,2,2,2,12,30
33,7,4,15,8,0,0,1,0,0,0,8,7,0,0,6,12,342,1,8,3,5,8,6,8,14,9,5,1,2,1,11,45
93,6,3,10,7,0,0,1,0,0,0,7,8,0,0,6,12,342,0,8,3,5,8,5,7,13,9,5,1,1,2,11,0
33,6,3,13,6,0,0,1,0,0,0,6,9,0,0,6,12,342,0,8,3,5,8,4,6,12,8,4,1,1,2,11,30
41,6,3,18,5,0,0,1,0,0,0,3,12,0,0,6,12,342,0,8,3,5,8,3,5,11,7,4,1,1,2,12,15
-50,6,3,20,4,0,0,2,0,0,0,44,1,0,0,6,12,342,1,7,3,4,7,2,5,10,6,3,0,1,2,12,30
13,4,2,11,6,0,0,1,0,0,0,23,22,0,0,6,12,342,1,5,2,5,5,3,6,11,7,4,0,0,2,11,15
76,3,3,8,7,0,0,1,0,0,0,1,44,0,0,6,12,342,1,3,2,3,3,4,8,10,8,5,0,0,1,10,15
53,3,3,8,6,0,0,1,0,0,0,0,45,0,0,6,12,342,1,3,2,3,3,3,7,9,7,4,0,0,1,10,15
-52,3,3,13,5,0,0,1,0,0,0,0,15,0,0,6,12,342,0,3,3,3,3,3,6,10,7,5,0,0,2,11,30
46,3,3,11,6,0,0,1,0,0,0,3,12,0,0,6,12,342,2,1,1,1,1,3,6,9,6,4,0,0,2,11,15
72,2,2,2,5,0,0,1,0,0,0,12,3,0,0,6,12,342,1,1,1,1,1,4,5,8,6,3,0,0,2,9,30
-97,0,0,15,4,0,1,1,0,0,0,12,3,0,0,6,12,342,0,0,0,0,0,3,5,7,7,3,0,0,1,11,45
23,0,0,1,4,0,0,1,0,0,0,3,12,0,0,6,12,342,0,0,0,0,0,3,4,6,6,2,0,0,2,9,15
69,0,0,6,3,0,0,1,0,0,0,1,14,0,0,6,12,342,0,0,0,0,0,2,3,5,5,2,0,0,2,10,0
45,0,0,6,3,0,0,0,0,0,0,0,11,0,0,6,12,342,0,0,0,0,0,2,4,4,4,1,0,0,2,10,0
32,0,0,0,2,0,0,0,0,0,0,0,19,0,1,6,12,342,0,0,0,0,0,2,3,3,3,1,0,0,1,9,0
33,0,0,4,1,0,0,0,0,0,0,0,46,0,0,6,12,342,0,0,0,0,0,2,2,2,2,0,0,0,2,9,45
17,0,0,2,0,0,0,0,0,0,0,0,59,0,0,6,12,342,0,0,0,0,0,1,1,1,1,0,0,0,2,9,30
53,39,4,46,1,0,0,0,0,0,0,28,0,1,0,5,12,341,0,46,3,6,11,1,2,7,2,1,3,1,1,17,0
36,35,4,46,4,0,0,0,1,0,0,7,8,1,0,5,12,341,0,41,3,6,11,2,6,11,6,3,2,1,1,17,0
32,35,5,42,4,0,0,0,1,0,0,11,4,0,0,5,12,341,1,40,3,5,12,4,5,11,5,2,2,0,2,16,30
-5,33,4,44,3,0,0,2,1,0,0,18,12,0,0,5,12,341,1,38,3,6,14,4,4,11,6,2,2,0,2,16,45
10,33,4,42,2,0,0,2,1,0,0,16,14,0,0,5,12,341,1,38,3,6,14,3,3,12,5,2,2,0,2,16,30
48,33,4,40,3,0,0,2,0,0,0,13,17,0,0,5,12,341,2,37,2,5,13,2,3,11,4,2,2,0,2,16,15
5,32,4,44,2,0,0,2,0,0,0,3,27,0,0,5,12,341,1,37,3,7,13,1,5,11,4,2,2,0,2,16,45
14,29,5,36,7,0,0,1,0,0,0,1,14,0,0,5,12,341,2,32,4,8,14,5,9,14,7,3,2,1,2,15,30
28,29,5,32,6,0,0,1,0,0,0,12,3,0,0,5,12,341,1,32,4,8,14,4,8,13,7,3,2,1,2,15,0
52,28,4,36,5,0,0,1,0,0,0,12,3,0,0,5,12,341,0,32,4,8,14,4,7,12,7,2,2,1,2,15,30
5,28,4,34,4,0,0,1,0,0,0,9,6,0,0,5,12,341,0,32,5,8,15,3,6,11,6,1,2,1,2,15,15
22,27,5,38,4,0,0,2,0,0,0,25,5,0,0,5,12,341,1,30,4,8,14,3,6,13,6,1,2,1,2,15,45
9,26,6,38,4,0,1,2,0,0,0,12,18,0,0,5,12,341,1,28,4,7,13,4,7,12,7,2,1,1,2,15,45
-12,25,5,31,6,0,0,2,0,0,0,1,29,0,0,5,12,341,2,26,2,6,13,4,6,11,7,2,1,0,2,14,45
-1,24,6,34,6,0,0,2,0,0,1,3,12,0,0,5,12,341,2,24,2,6,13,4,7,11,8,2,1,0,2,15,15
9,24,6,29,5,0,0,2,0,0,1,2,13,0,0,5,12,341,2,24,2,6,13,3,6,10,7,2,1,0,1,14,15
53,23,7,24,4,0,0,2,0,0,1,20,10,0,0,5,12,341,1,24,4,7,15,3,8,9,7,2,1,0,1,13,0
-1,22,7,32,5,0,0,2,0,0,1,6,24,0,0,5,12,341,2,22,4,7,15,4,7,12,7,3,1,0,2,15,0
42,21,6,29,4,0,0,2,0,0,1,1,29,0,0,5,12,341,1,22,4,7,16,3,6,11,7,2,1,0,1,14,15
41,19,7,28,6,0,0,1,0,0,1,11,4,0,0,5,12,341,1,20,4,8,16,5,6,12,8,3,1,0,2,14,0
0,18,6,27,5,0,0,1,0,0,1,9,6,0,0,5,12,341,0,20,5,8,16,4,5,11,8,3,1,0,1,13,30
65,17,8,22,6,0,0,3,0,0,0,8,7,0,0,5,12,341,2,17,3,7,14,3,4,13,8,2,1,0,2,12,45
-124,17,8,40,5,0,0,3,0,0,0,7,8,0,0,5,12,341,2,17,3,7,14,2,3,12,7,1,1,0,2,16,15
74,16,7,26,5,0,0,2,0,0,0,6,9,0,0,5,12,341,1,17,3,8,14,1,2,11,7,1,1,0,1,13,15
69,12,8,24,9,0,0,2,0,0,0,13,2,0,0,5,12,341,2,12,4,7,12,4,7,17,10,3,1,0,1,13,0
9,9,5,18,10,0,1,2,0,0,0,5,10,0,0,5,12,341,2,9,4,6,9,5,9,17,12,2,1,0,2,12,15
47,8,5,22,9,0,1,2,0,0,0,2,13,0,0,5,12,341,1,9,4,7,9,4,9,18,12,3,1,0,2,12,45
0,8,5,18,8,0,1,2,0,0,0,1,14,0,0,5,12,341,1,9,4,7,9,3,9,17,11,3,1,0,2,12,15
71,7,5,17,9,0,1,2,0,0,0,9,6,0,0,5,12,341,2,7,3,6,7,3,11,16,11,3,1,1,2,12,0
148,5,4,7,8,0,1,3,0,0,0,10,5,0,0,5,12,341,1,6,3,5,6,4,12,19,12,4,1,1,2,10,45
26,4,3,20,8,0,2,2,0,0,0,0,15,0,0,5,12,341,1,5,3,5,5,7,11,18,12,5,1,1,2,12,30
94,4,4,5,7,0,3,2,0,0,0,6,9,0,0,5,12,341,1,4,3,4,4,9,11,17,12,6,1,1,2,10,30
-31,4,4,15,8,0,2,2,0,0,0,12,3,0,0,5,12,341,1,3,2,3,3,9,10,16,12,7,1,1,1,11,45
96,4,4,11,7,0,2,2,0,0,0,10,5,0,0,5,12,341,1,3,2,3,3,8,9,15,11,6,1,1,2,11,15
0,4,4,20,6,0,2,2,0,0,1,3,12,0,0,5,12,341,2,2,2,2,2,7,9,14,10,6,1,1,2,12,30
19,3,3,13,6,0,1,2,0,0,1,2,13,0,0,5,12,341,1,2,2,2,2,6,9,13,10,5,1,1,2,11,30
-41,2,2,15,6,0,0,2,0,0,1,0,15,0,0,5,12,341,0,2,2,2,2,5,8,12,10,5,0,1,1,11,45
20,2,2,11,5,0,0,2,0,0,1,0,15,0,0,5,12,341,0,2,2,2,2,4,7,11,9,4,0,0,2,11,15
100,2,2,9,6,0,0,1,0,0,1,10,5,0,0,5,12,341,1,1,1,1,1,3,6,10,8,4,0,0,2,11,0
0,2,2,7,6,0,0,1,0,0,0,7,8,0,0,5,12,341,1,1,1,1,1,3,7,9,7,3,0,0,2,10,45
64,2,2,9,5,0,0,1,0,0,0,1,14,0,0,5,12,341,1,1,1,1,1,2,7,8,6,2,0,0,2,11,0
26,0,0,13,5,0,0,1,0,0,0,8,7,0,0,5,12,341,0,0,0,0,0,5,7,7,7,3,0,0,2,11,30
48,0,0,1,4,0,0,1,0,0,0,4,11,0,0,5,12,341,0,0,0,0,0,6,6,6,6,3,0,0,2,10,0
85,0,0,3,3,0,0,1,0,0,0,3,12,0,0,5,12,341,0,0,0,0,0,5,5,5,5,3,0,0,2,10,15
41,0,0,0,2,0,0,1,0,0,0,0,7,0,1,5,12,341,0,0,0,0,0,4,4,4,4,3,0,0,2,9,45
70,0,0,3,2,0,0,0,0,0,0,0,7,0,0,5,12,341,0,0,0,0,0,3,3,3,3,2,0,0,2,10,15
53,0,0,5,1,0,0,0,0,0,0,0,9,0,0,5,12,341,0,0,0,0,0,2,2,2,2,1,0,0,2,10,30
9,0,0,1,0,0,0,0,0,0,0,0,18,0,0,5,12,341,0,0,0,0,0,1,1,1,1,0,0,0,2,10,0
64,40,4,49,5,0,0,1,0,0,1,10,5,0,0,4,12,340,2,49,4,6,13,4,6,13,6,3,6,1,2,16,45
39,38,4,52,6,0,0,1,0,0,1,3,12,0,0,4,12,340,1,47,2,6,14,4,7,13,8,5,6,2,1,17,0
-25,38,6,54,7,0,0,1,1,0,0,12,3,0,0,4,12,340,2,45,2,6,12,3,8,14,8,4,6,2,1,17,15
27,38,6,55,6,0,0,1,1,0,0,11,4,0,0,4,12,340,2,45,2,6,12,2,7,14,7,3,6,2,1,17,30
53,38,7,47,5,0,0,1,1,0,0,3,12,0,0,4,12,340,2,45,3,7,13,3,6,15,6,3,6,2,3,16,30
17,36,5,49,5,0,0,1,1,0,1,11,19,0,0,4,12,340,2,43,4,7,14,5,8,15,7,2,6,3,2,16,45
19,36,6,52,5,0,0,0,1,0,1,10,20,0,0,4,12,340,2,43,4,7,14,4,7,14,6,2,5,3,1,17,0
17,34,4,40,7,0,0,0,1,0,0,7,8,0,0,4,12,340,2,41,4,7,13,4,6,14,7,2,4,2,2,15,30
-16,32,3,49,7,0,0,1,1,0,0,13,2,0,0,4,12,340,2,39,3,6,13,4,7,13,8,2,4,1,2,16,45
16,32,3,47,6,0,0,1,1,0,0,13,2,0,0,4,12,340,2,39,3,6,13,3,6,12,7,2,4,1,3,16,30
20,31,3,45,6,0,0,1,1,0,0,11,4,0,0,4,12,340,1,38,4,7,13,3,9,13,8,3,4,1,2,16,15
91,31,4,34,6,0,1,2,0,0,0,14,1,0,0,4,12,340,1,36,3,7,13,4,9,14,9,3,3,1,2,14,30
-16,31,4,40,6,0,1,1,0,0,0,12,3,0,0,4,12,340,1,36,3,7,13,4,8,13,8,3,3,0,2,15,30
-67,30,5,45,7,0,1,1,0,0,0,6,9,0,0,4,12,340,1,34,4,6,13,7,8,13,9,3,3,0,2,16,15
19,29,4,43,6,0,1,2,0,0,0,2,13,0,0,4,12,340,1,33,3,5,14,6,7,12,9,4,3,0,2,15,45
35,29,5,35,5,0,1,2,0,0,0,12,3,0,0,4,12,340,1,33,4,7,14,5,6,12,8,4,3,0,1,14,45
20,29,5,40,4,0,1,2,0,0,0,11,4,0,0,4,12,340,1,33,4,7,14,4,5,12,7,3,3,0,2,15,30
15,29,5,38,3,0,1,2,0,0,0,11,4,0,0,4,12,340,1,33,4,7,14,3,4,12,6,3,3,0,3,15,15
-45,29,5,43,3,0,0,2,0,0,0,8,7,0,0,4,12,340,0,33,4,7,14,2,3,11,6,2,3,0,2,15,45
-20,28,6,37,3,0,1,2,0,0,0,40,5,0,0,4,12,340,1,31,3,6,14,2,4,11,6,2,3,1,2,15,0
17,26,6,38,2,0,2,3,0,0,0,17,28,0,0,4,12,340,1,29,3,7,15,1,6,10,7,1,3,2,3,15,15
33,22,5,32,3,0,1,3,1,0,1,0,15,0,0,4,12,340,0,26,4,8,16,5,9,16,10,3,3,2,1,13,30
115,22,5,27,3,0,1,2,1,0,1,14,1,0,0,4,12,340,0,25,4,9,16,4,8,15,9,3,2,2,1,13,0
57,22,5,31,4,0,0,2,1,0,1,1,14,0,0,4,12,340,1,25,6,9,16,3,7,16,8,3,1,1,1,13,15
90,22,6,20,5,0,0,2,1,0,1,14,1,0,0,4,12,340,3,23,4,7,14,3,6,15,7,3,1,0,2,12,0
21,21,5,33,4,0,0,2,1,0,1,10,5,0,0,4,12,340,2,23,4,8,15,4,5,14,7,3,1,0,1,14,15
-21,18,5,35,6,0,0,2,2,0,1,14,1,0,0,4,12,340,2,19,3,8,14,4,7,16,10,5,1,1,1,14,45
20,18,5,27,6,0,0,2,2,0,0,11,4,0,0,4,12,340,2,19,4,8,15,3,7,17,9,5,1,1,1,13,0
23,18,6,22,6,0,0,1,2,0,0,11,4,0,0,4,12,340,2,19,4,8,15,2,6,16,8,5,1,1,2,12,15
47,17,6,27,6,0,0,1,2,0,0,2,13,0,0,4,12,340,1,18,4,8,15,1,7,15,9,6,1,1,1,13,0
41,13,7,27,10,0,0,0,3,0,0,3,12,0,0,4,12,340,1,13,4,8,13,8,12,18,13,10,1,1,1,13,0
-327,13,8,56,10,0,0,0,3,0,0,1,14,1,0,4,12,340,2,12,3,7,12,8,11,17,12,9,0,1,1,18,0
-7,13,8,22,10,0,0,0,3,0,0,0,15,0,0,4,12,340,3,11,2,6,11,7,10,16,11,8,0,0,2,12,15
77,13,8,20,10,0,0,0,2,0,0,13,2,0,0,4,12,340,3,11,2,6,11,6,10,16,10,7,0,0,2,12,0
-7,11,6,24,9,0,0,0,2,0,0,11,4,0,0,4,12,340,1,11,3,7,11,5,10,15,11,8,0,0,1,12,30
14,11,7,26,9,0,0,0,2,0,0,3,12,0,0,4,12,340,2,10,2,6,10,4,9,17,10,8,0,0,4,12,45
52,11,7,16,9,0,0,0,1,0,0,1,14,0,0,4,12,340,2,10,2,7,10,4,8,16,9,8,0,0,2,11,30
30,9,6,16,9,0,0,0,1,0,0,6,9,0,0,4,12,340,1,9,3,7,9,5,9,15,10,7,0,0,2,11,30
29,9,6,14,8,0,0,0,1,0,0,2,13,0,0,4,12,340,1,9,4,7,9,4,8,14,9,6,0,0,2,11,15
57,8,6,18,8,0,0,0,1,0,0,2,13,0,0,4,12,340,1,8,5,7,8,5,9,14,9,6,0,0,2,11,45
42,7,5,12,8,0,0,1,1,0,0,10,5,0,0,4,12,340,2,6,4,5,6,6,8,13,9,6,0,0,2,11,0
20,7,5,24,7,0,0,1,1,0,0,9,6,0,0,4,12,340,2,6,4,5,6,5,7,13,8,5,0,0,1,12,30
11,5,4,12,7,0,0,1,1,0,0,14,1,0,0,4,12,340,1,5,3,5,5,4,7,13,9,5,0,0,2,11,0
56,5,4,8,6,0,0,1,1,0,0,13,2,0,0,4,12,340,1,5,3,5,5,3,6,12,8,5,0,0,1,10,15
4,4,4,10,9,0,0,0,1,0,0,12,3,0,0,4,12,340,3,2,1,2,2,4,8,12,8,5,0,0,1,10,30
11,3,3,14,8,0,0,0,1,0,0,10,5,0,0,4,12,340,2,2,1,2,2,3,7,11,8,4,0,0,2,11,15
52,2,2,11,7,0,0,0,1,0,0,4,11,0,0,4,12,340,1,1,2,2,2,5,7,11,8,3,0,0,2,10,45
22,2,2,6,7,0,0,0,1,0,0,3,12,0,0,4,12,340,1,1,1,1,1,5,6,10,8,4,0,0,2,10,0
60,1,1,4,7,0,0,0,1,0,0,14,1,0,0,4,12,340,1,0,0,0,0,4,7,9,8,4,0,0,2,9,45
101,1,1,1,7,0,0,0,0,0,0,10,5,0,0,4,12,340,1,0,0,0,0,3,7,8,7,3,0,0,2,9,15
5,0,0,2,6,0,0,0,0,0,0,4,11,0,0,4,12,340,0,0,0,0,0,3,6,7,7,3,0,0,2,9,30
71,0,0,8,5,0,0,0,0,0,0,3,12,0,0,4,12,340,0,0,0,0,0,2,5,6,6,3,0,0,1,10,15
32,0,0,6,4,0,0,0,0,0,0,0,5,0,0,4,12,340,0,0,0,0,0,4,5,5,5,2,0,0,2,10,0
26,0,0,4,3,0,0,0,0,0,0,0,21,0,0,4,12,340,0,0,0,0,0,3,4,4,4,2,0,0,2,9,45
27,0,0,2,2,0,0,0,0,0,0,0,30,0,0,4,12,340,0,0,0,0,0,3,3,3,3,2,0,0,2,9,30
-116,0,0,18,1,0,0,0,0,0,0,0,34,0,0,4,12,340,0,0,0,0,0,2,2,2,2,2,0,0,2,11,45
25,0,0,0,0,0,0,0,0,0,0,0,57,0,1,4,12,340,0,0,0,0,0,1,1,1,1,1,0,0,1,9,0
16,37,4,50,4,0,0,0,0,0,1,14,31,1,0,3,12,339,1,45,2,5,10,2,4,8,5,1,3,1,1,18,0
40,35,4,49,6,0,0,0,0,0,0,4,11,0,0,3,12,339,1,43,2,5,9,3,4,10,6,2,3,0,1,17,15
168,35,4,34,5,0,0,0,0,0,0,12,3,0,0,3,12,339,1,43,3,6,10,2,3,9,5,2,3,0,2,15,15
37,34,4,47,5,0,0,0,0,0,0,12,3,0,0,3,12,339,1,42,3,5,10,2,3,13,5,2,3,0,1,17,0
57,32,3,45,6,0,0,0,0,0,0,9,6,0,0,3,12,339,1,40,3,5,10,2,4,12,6,4,3,0,2,16,45
61,31,4,41,6,0,1,1,0,0,0,10,5,0,0,3,12,339,2,37,2,4,10,3,6,14,7,4,3,0,1,16,15
26,29,2,45,6,0,1,1,0,0,0,8,7,0,0,3,12,339,1,36,2,5,12,4,10,14,8,4,3,1,2,16,45
26,29,3,39,5,0,1,1,0,0,0,2,13,0,0,3,12,339,1,36,2,5,13,4,9,13,7,3,3,1,3,16,0
63,28,4,36,4,0,1,1,0,0,1,0,15,0,0,3,12,339,0,35,3,6,15,7,9,12,8,3,3,1,1,15,30
-58,28,4,41,5,0,1,1,0,0,0,9,6,0,0,3,12,339,1,34,2,6,14,7,9,12,7,2,3,1,1,16,15
30,27,3,41,4,0,1,1,0,0,0,5,10,0,0,3,12,339,0,34,3,6,14,6,8,11,7,2,3,1,1,16,15
13,27,4,36,4,0,0,2,0,0,0,38,7,0,0,3,12,339,1,33,3,7,14,5,8,10,6,2,3,1,1,15,30
23,27,5,34,3,0,0,2,0,0,0,37,8,0,0,3,12,339,1,33,3,8,14,4,7,9,5,2,3,1,2,15,15
8,27,5,39,3,0,0,1,0,0,0,33,12,0,0,3,12,339,1,33,4,8,14,3,6,11,4,1,2,1,3,16,0
7,27,5,32,2,0,1,1,0,0,0,31,14,0,0,3,12,339,2,32,3,7,14,3,5,10,3,1,2,0,2,15,0
20,27,6,32,1,0,1,1,0,0,0,27,18,0,0,3,12,339,2,32,3,8,14,3,4,9,2,1,2,0,2,15,0
-139,24,7,47,4,0,0,1,0,0,0,2,43,0,0,3,12,339,1,29,4,9,12,3,4,11,5,1,2,0,1,17,0
-20,24,7,44,3,0,0,1,0,0,0,14,1,0,0,3,12,339,1,29,5,9,12,2,3,10,4,0,2,0,2,16,30
33,23,7,30,2,0,0,2,1,0,0,28,2,0,0,3,12,339,2,27,5,8,12,2,3,12,4,1,2,0,1,14,0
82,20,6,26,3,0,1,2,1,0,0,8,22,0,0,3,12,339,1,24,4,6,11,2,5,14,7,3,2,0,1,13,0
11,17,5,31,3,0,3,1,2,0,1,11,4,0,0,3,12,339,2,20,2,3,11,4,8,14,9,4,2,0,2,14,15
30,15,3,28,3,0,3,1,2,0,1,5,10,0,0,3,12,339,1,19,2,4,12,5,11,15,10,6,2,2,1,13,15
48,15,3,21,3,0,2,1,2,0,1,4,11,0,0,3,12,339,1,19,2,4,12,5,10,15,9,6,2,2,3,12,30
34,15,3,29,2,0,2,1,2,0,1,3,12,0,0,3,12,339,1,19,2,4,13,4,9,14,8,6,2,2,1,13,30
113,14,3,16,3,0,2,1,1,0,1,8,7,0,0,3,12,339,1,18,2,5,13,5,9,15,8,5,2,2,3,12,0
22,14,5,21,3,0,2,1,1,0,1,9,6,0,0,3,12,339,2,17,2,7,12,6,8,18,7,5,2,2,3,12,30
15,14,7,23,3,0,1,1,1,0,1,5,10,0,0,3,12,339,2,17,2,7,13,6,8,17,6,4,2,2,2,12,45
70,13,7,18,3,0,1,1,1,0,0,13,2,0,0,3,12,339,1,17,4,8,13,6,7,16,6,4,2,2,2,12,15
48,12,6,23,4,0,0,1,1,0,0,10,5,0,0,3,12,339,1,16,3,7,12,5,6,15,6,5,1,2,2,12,45
29,12,7,18,3,0,1,1,1,0,0,14,1,0,0,3,12,339,2,15,4,7,11,4,6,14,5,4,1,1,2,12,15
-111,12,7,38,3,0,1,0,1,0,0,9,6,0,0,3,12,339,2,15,5,7,13,3,6,13,4,4,0,1,2,15,45
42,12,8,26,2,0,1,0,1,0,0,7,8,0,0,3,12,339,1,15,5,8,13,2,5,12,4,3,0,0,1,13,0
3,11,8,18,2,0,1,0,1,0,0,0,15,0,0,3,12,339,1,14,4,8,12,2,6,11,4,2,0,0,2,12,15
11,7,5,16,4,0,2,0,1,0,0,6,9,0,0,3,12,339,1,10,3,5,9,3,10,15,7,4,0,0,3,12,0
4,6,4,14,4,0,2,0,1,0,0,5,10,0,0,3,12,339,1,9,4,5,9,7,9,15,7,4,0,0,1,11,30
8,5,4,12,3,0,2,0,1,0,1,12,3,0,0,3,12,339,1,8,3,4,8,8,8,14,7,3,0,0,1,11,15
36,4,3,10,3,0,2,0,0,0,2,5,10,0,0,3,12,339,1,7,3,5,7,7,7,13,7,4,0,0,2,11,0
3,3,2,12,2,0,3,0,0,0,2,1,14,0,0,3,12,339,1,6,2,4,6,6,6,12,7,3,0,0,1,11,15
67,3,2,6,3,0,2,0,0,0,2,14,1,0,0,3,12,339,2,5,1,3,5,5,5,11,6,2,0,0,2,10,15
-52,3,3,23,2,0,2,0,0,0,2,6,9,0,0,3,12,339,2,5,1,4,5,4,5,10,5,1,0,0,2,12,45
1,3,3,15,2,0,1,0,0,0,2,6,9,0,0,3,12,339,2,5,1,4,5,3,5,9,4,1,0,0,2,11,45
1,3,3,10,1,0,1,0,0,0,2,5,10,0,0,3,12,339,2,5,1,4,5,2,4,8,3,1,0,0,2,11,0
7,3,3,9,1,0,1,0,0,0,1,2,13,0,0,3,12,339,2,5,1,4,5,1,4,7,2,1,0,0,2,10,45
49,1,1,4,4,0,1,0,0,0,0,10,5,0,0,3,12,339,1,2,2,2,2,5,6,8,5,2,0,0,1,10,0
16,0,0,2,5,0,0,0,0,0,0,6,9,0,0,3,12,339,1,1,1,1,1,4,5,7,5,3,0,0,2,9,45
21,0,0,4,4,0,0,0,0,0,0,3,12,0,0,3,12,339,1,1,1,1,1,4,4,6,4,2,0,0,1,10,0
-23,0,0,7,3,0,0,0,0,0,0,11,4,0,0,3,12,339,0,1,1,1,1,3,4,5,4,2,0,0,1,10,30
-44,0,0,7,2,0,0,0,0,0,0,10,5,0,0,3,12,339,0,1,1,1,1,2,3,4,3,2,0,0,1,10,30
-15,0,0,2,2,0,0,0,0,0,0,0,9,0,0,3,12,339,1,0,0,0,0,1,2,3,2,1,0,0,2,9,45
-11,0,0,0,1,0,0,0,0,0,0,0,47,0,1,3,12,339,0,0,0,0,0,1,2,2,2,2,0,0,1,9,15
10,0,0,1,0,0,0,0,0,0,0,0,92,0,0,3,12,339,0,0,0,0,0,1,1,1,1,1,0,0,2,9,30
22,31,5,45,2,0,0,0,1,0,0,4,11,0,0,2,12,338,1,44,2,6,12,3,4,10,3,1,2,0,1,17,15
24,30,5,46,2,0,0,0,1,0,0,1,14,0,0,2,12,338,1,43,4,7,12,3,4,12,3,1,2,0,1,17,30
27,29,4,39,1,0,0,0,1,0,0,12,3,0,0,2,12,338,0,43,4,7,12,2,3,11,3,0,2,0,2,16,30
34,29,6,43,2,0,0,0,0,0,0,2,13,0,0,2,12,338,1,42,4,7,11,1,3,10,2,0,2,0,1,17,0
25,26,4,41,5,0,0,0,0,0,0,10,5,0,0,2,12,338,1,38,4,6,10,2,7,11,5,1,2,0,2,16,45
36,25,3,36,5,0,1,0,0,0,0,8,7,0,0,2,12,338,1,36,4,5,9,3,8,11,6,2,2,0,1,16,0
-20,23,1,43,5,0,1,1,0,0,0,8,7,0,0,2,12,338,1,34,2,4,9,5,8,12,7,2,2,0,1,17,0
0,22,1,39,6,0,1,1,0,0,0,0,15,0,0,2,12,338,1,32,1,3,10,6,8,11,8,2,2,0,2,16,30
3,22,2,32,5,0,1,1,0,0,0,4,11,0,0,2,12,338,1,32,1,3,10,5,7,10,7,2,2,0,2,15,30
-1,22,2,36,5,0,0,1,0,0,0,4,11,0,0,2,12,338,1,32,1,3,11,4,6,9,6,2,2,0,1,16,0
39,22,2,32,4,0,0,1,0,0,0,0,15,0,0,2,12,338,1,32,1,4,11,4,5,8,5,2,2,0,2,15,30
32,22,2,30,4,0,0,1,0,0,0,35,10,0,0,2,12,338,2,31,1,4,12,3,4,9,4,1,2,0,2,15,15
-10,22,2,34,4,0,0,0,0,0,0,31,14,0,0,2,12,338,2,31,1,4,12,2,3,8,3,1,2,0,2,15,45
6,22,4,38,3,0,0,0,0,0,0,15,30,0,0,2,12,338,1,31,3,6,14,2,4,7,3,0,2,0,2,16,15
34,21,4,30,4,0,0,0,0,0,0,1,44,0,0,2,12,338,1,29,2,6,13,1,4,9,4,2,2,0,2,15,15
-61,20,7,34,5,0,0,0,0,0,0,29,1,0,0,2,12,338,1,27,5,8,15,3,5,13,5,3,2,0,2,15,45
22,20,8,27,4,0,0,0,0,0,0,22,8,0,0,2,12,338,1,27,5,9,16,2,4,13,4,2,2,0,1,14,0
-184,18,6,47,5,0,0,0,0,0,0,12,18,1,0,2,12,338,1,25,4,8,14,2,3,12,5,2,2,0,1,18,0
20,14,4,28,6,0,0,1,0,0,1,14,16,0,0,2,12,338,0,21,4,6,12,2,6,16,9,5,2,1,1,14,15
18,14,5,26,5,0,0,3,0,0,1,5,25,0,0,2,12,338,2,19,2,6,12,2,7,16,8,4,2,2,1,13,30
-23,12,5,29,6,0,0,3,0,0,1,10,5,0,0,2,12,338,2,17,2,6,12,5,9,18,9,6,2,2,2,14,30
47,11,4,25,5,0,0,3,0,0,1,4,11,0,0,2,12,338,0,17,4,7,12,5,9,18,10,6,2,2,1,13,0
35,11,4,20,5,0,0,2,0,0,1,4,11,0,0,2,12,338,0,17,4,7,12,4,8,17,9,6,1,2,2,12,30
84,11,5,16,4,0,0,3,0,0,1,12,3,0,0,2,12,338,1,16,5,7,11,5,7,16,8,5,1,1,2,12,0
-191,10,4,41,5,0,0,2,0,0,1,12,3,0,0,2,12,338,1,15,4,6,11,5,10,16,8,5,1,1,2,16,45
106,9,4,11,7,0,0,2,0,0,0,7,8,0,0,2,12,338,2,13,3,6,9,5,9,15,8,5,0,1,2,11,30
30,9,5,23,6,0,0,2,0,0,0,2,13,0,0,2,12,338,2,13,3,6,9,4,9,14,7,4,0,0,1,12,45
97,8,4,16,6,0,0,2,0,0,0,1,14,0,0,2,12,338,2,12,2,5,8,3,8,13,7,3,0,0,2,12,0
-9,7,3,23,6,0,0,2,0,0,0,7,8,0,0,2,12,338,1,11,2,4,8,5,8,14,8,3,0,0,1,12,45
-32,7,3,20,5,0,0,2,0,0,0,9,6,0,0,2,12,338,0,11,4,6,10,5,9,13,8,4,0,0,2,12,30
39,6,3,11,5,0,0,2,1,0,0,11,4,0,0,2,12,338,1,9,2,4,8,6,9,14,8,4,0,0,2,11,30
39,6,3,9,4,0,0,2,1,0,0,10,5,0,0,2,12,338,1,9,2,4,8,5,8,13,7,3,0,0,3,11,15
-4,6,3,14,3,0,0,2,1,0,0,8,7,0,0,2,12,338,1,9,2,4,9,4,7,12,6,3,0,0,2,11,45
24,6,3,20,3,0,0,1,1,0,0,5,10,0,0,2,12,338,1,9,2,4,9,3,6,11,5,2,0,0,2,12,30
3,5,2,11,4,0,0,1,1,0,0,5,10,0,0,2,12,338,2,7,2,3,7,5,6,11,5,2,0,0,2,11,30
12,4,1,18,4,0,0,0,1,0,0,12,3,0,0,2,12,338,1,7,2,3,7,4,5,11,5,2,0,0,3,12,15
22,4,1,18,3,0,0,0,1,0,0,2,13,0,0,2,12,338,0,7,2,4,7,3,6,10,5,3,0,0,3,12,15
-18,4,2,9,4,0,0,0,1,0,0,11,4,0,0,2,12,338,2,5,1,3,5,3,5,9,4,2,0,0,3,11,15
17,4,2,14,3,0,0,0,1,0,0,9,6,0,0,2,12,338,2,5,1,4,5,2,4,9,3,1,0,0,2,11,45
20,3,2,7,3,0,0,0,1,0,0,0,15,0,0,2,12,338,1,4,2,4,4,3,5,9,4,1,0,0,1,10,45
37,3,3,3,3,0,0,0,1,0,0,25,5,0,0,2,12,338,1,3,2,3,3,4,6,8,4,2,0,0,1,10,0
10,3,3,8,3,0,0,0,0,0,0,25,5,0,0,2,12,338,1,3,2,3,3,3,5,7,3,2,0,0,2,11,0
-8,2,2,3,4,0,0,0,0,0,0,1,29,0,0,2,12,338,1,1,1,1,1,3,6,6,4,1,0,0,1,10,0
15,1,1,2,3,0,0,0,0,0,0,11,4,0,0,2,12,338,0,1,1,1,1,3,5,5,4,2,0,0,2,9,30
-1,0,0,6,3,0,0,0,0,0,0,12,3,0,0,2,12,338,0,0,0,0,0,2,4,4,4,2,0,0,1,10,30
-19,0,0,5,2,0,0,0,0,0,0,0,15,0,0,2,12,338,0,0,0,0,0,3,3,3,3,2,0,0,1,10,15
12,0,0,1,1,0,0,0,0,0,0,0,19,0,0,2,12,338,0,0,0,0,0,2,2,2,2,1,0,0,1,9,15
14,0,0,0,0,0,0,0,0,0,0,0,21,0,1,2,12,338,0,0,0,0,0,1,1,1,1,0,0,0,1,9,0
0,25,4,43,5,0,1,0,2,0,0,13,2,0,0,6,12,335,2,36,1,3,5,2,4,12,7,3,0,0,1,17,15
37,24,4,39,4,0,1,0,2,0,0,0,15,0,0,6,12,335,1,36,2,5,5,2,6,12,7,3,0,0,1,16,30
54,24,5,39,5,0,1,0,1,0,0,4,11,0,0,6,12,335,2,35,4,4,8,4,8,11,6,2,0,0,1,16,30
32,21,2,37,5,0,1,0,1,0,0,15,15,0,0,6,12,335,0,34,3,3,9,6,9,11,8,3,0,0,2,16,15
19,21,2,42,5,0,1,0,1,0,0,10,20,0,0,6,12,335,1,33,2,2,8,6,8,10,7,3,0,0,1,17,0
3,21,2,44,5,0,0,0,1,0,0,8,22,1,0,6,12,335,1,33,2,2,8,5,8,9,6,3,0,0,1,17,30
3,20,1,36,5,0,1,0,0,0,1,1,29,0,0,6,12,335,2,31,0,0,7,4,7,8,6,3,0,0,2,16,0
19,20,1,41,4,0,1,0,0,0,1,14,1,0,0,6,12,335,2,31,0,0,7,3,6,7,5,2,0,0,1,16,45
27,19,0,37,3,0,1,0,0,0,1,9,6,0,0,6,12,335,0,31,0,1,7,2,5,6,6,2,0,0,2,16,15
-5,19,0,34,3,0,1,0,0,0,0,14,1,0,0,6,12,335,0,31,0,2,7,3,4,5,5,2,0,0,1,15,30
29,19,1,32,3,0,0,0,0,0,0,7,8,0,0,6,12,335,0,31,1,5,10,3,4,4,4,2,0,0,1,15,0
20,19,2,33,2,0,0,0,0,0,0,3,12,0,0,6,12,335,0,31,2,5,10,2,3,3,3,2,0,0,2,15,15
23,19,3,34,1,0,0,0,0,0,0,9,6,0,0,6,12,335,0,31,3,6,11,1,2,3,2,1,0,0,1,15,30
-13,19,4,30,2,0,0,2,0,0,0,31,14,0,0,6,12,335,3,27,3,4,10,1,1,6,2,1,0,0,1,14,30
100,14,5,29,6,0,0,3,0,0,0,2,13,0,0,6,12,335,2,21,2,6,14,3,6,14,8,5,0,0,1,14,15
57,12,5,22,6,0,0,3,0,0,0,11,4,0,0,6,12,335,1,20,5,8,15,4,9,17,9,6,0,0,2,12,45
6,12,5,22,6,0,0,3,0,0,0,3,12,0,0,6,12,335,2,19,4,7,14,4,9,16,8,5,0,0,2,12,45
13,11,5,21,6,0,0,3,0,0,0,12,3,0,0,6,12,335,2,18,4,7,14,4,8,16,8,6,0,0,3,12,30
22,9,3,20,5,0,1,3,0,0,0,4,11,0,0,6,12,335,1,17,3,7,13,5,8,15,9,7,0,0,1,12,15
50,9,3,25,6,0,1,3,0,0,0,11,4,0,0,6,12,335,3,15,3,6,11,5,9,16,8,6,0,0,1,13,0
-103,8,3,28,5,0,1,3,0,0,0,0,15,0,0,6,12,335,0,15,4,8,13,5,8,16,10,7,0,0,1,13,30
55,8,4,25,6,0,1,2,0,0,0,11,4,0,0,6,12,335,1,14,4,7,13,5,7,15,9,7,0,0,1,13,0
77,8,5,18,5,0,1,2,0,0,0,5,10,0,0,6,12,335,1,14,4,9,13,4,8,15,8,6,0,0,1,12,0
-18,7,4,27,4,0,1,3,0,0,0,12,3,0,0,6,12,335,1,13,3,8,12,4,9,17,8,7,0,0,1,13,15
-89,7,4,31,5,0,1,2,0,0,0,9,6,0,0,6,12,335,2,12,4,7,11,4,8,16,7,6,0,0,1,14,45
52,6,4,13,6,0,0,2,0,0,1,11,4,0,0,6,12,335,2,10,3,6,9,3,8,16,8,7,0,0,1,11,15
15,6,4,13,5,0,0,2,0,0,1,0,15,0,0,6,12,335,1,10,5,6,10,6,8,15,8,7,0,0,1,11,15
-15,6,4,18,6,0,0,1,0,0,1,12,3,0,0,6,12,335,2,9,4,5,9,5,8,14,7,6,0,0,1,12,0
-22,3,2,16,7,0,1,0,0,0,1,10,5,0,0,6,12,335,0,7,3,6,7,5,8,15,10,7,0,0,2,11,45
91,3,2,11,7,0,1,1,0,0,1,5,10,0,0,6,12,335,2,5,1,4,5,4,8,14,9,7,0,0,1,10,45
24,3,3,16,6,0,1,1,0,0,1,3,12,0,0,6,12,335,2,5,1,4,5,3,7,13,8,6,0,0,2,11,45
16,3,3,15,5,0,1,1,0,0,1,3,12,0,0,6,12,335,2,5,1,4,5,2,6,12,7,5,0,0,2,11,30
-5,2,2,12,5,0,1,1,0,0,0,2,13,0,0,6,12,335,0,5,2,4,5,4,8,13,8,5,0,0,2,11,0
-98,2,2,22,4,0,1,2,0,0,0,1,14,0,0,6,12,335,1,4,3,4,4,5,8,12,7,4,0,0,2,12,45
12,2,2,9,4,0,0,2,0,0,0,12,3,0,0,6,12,335,0,4,3,4,4,5,7,11,7,3,0,0,1,10,30
62,2,2,7,3,0,0,3,0,0,0,4,11,0,0,6,12,335,1,3,2,3,3,5,6,10,6,2,0,0,2,10,15
67,1,1,3,4,0,0,3,0,0,0,7,8,0,0,6,12,335,1,1,0,1,1,5,7,9,7,2,0,0,2,9,45
26,0,0,7,3,0,0,3,0,0,0,1,14,0,0,6,12,335,0,1,1,1,1,4,6,8,7,3,0,0,2,10,15
-10,0,0,9,3,0,0,2,0,0,0,27,3,0,0,6,12,335,0,1,1,1,1,3,5,7,6,3,0,0,1,10,30
-15,0,0,5,2,0,0,2,0,0,0,27,3,0,0,6,12,335,0,1,1,1,1,2,4,6,5,3,0,0,2,10,0
4,0,0,1,1,0,0,2,0,0,0,15,15,0,0,6,12,335,0,1,1,1,1,2,5,5,4,3,0,0,2,9,30
-1,0,0,0,1,0,0,2,0,0,0,0,14,0,1,6,12,335,0,0,0,0,0,4,4,4,4,2,0,0,2,9,0
34,0,0,3,0,0,0,2,0,0,0,0,18,0,0,6,12,335,0,0,0,0,0,3,3,3,3,2,0,0,2,9,45
16,0,0,1,0,0,0,1,0,0,0,0,33,0,0,6,12,335,0,0,0,0,0,2,2,2,2,1,0,0,2,9,30
-2,0,0,5,0,0,0,0,0,0,0,0,39,0,0,6,12,335,0,0,0,0,0,1,1,1,1,0,0,0,2,10,0
49,29,1,42,2,0,1,0,0,0,0,10,20,0,0,5,11,334,0,42,4,5,10,3,6,9,4,1,6,3,1,17,0
-26,29,3,44,3,0,3,0,0,0,0,19,11,0,0,5,11,334,3,38,1,2,8,3,5,9,4,1,5,2,1,17,30
-34,29,3,45,3,0,2,0,0,0,0,10,20,1,0,5,11,334,3,38,1,4,9,4,4,8,3,1,4,1,1,18,0
41,28,3,40,2,0,2,0,0,0,0,7,8,0,0,5,11,334,1,38,2,5,10,3,3,7,4,1,4,0,2,16,30
13,28,3,42,1,0,2,1,0,0,0,0,15,0,0,5,11,334,2,37,1,4,9,2,5,9,3,0,4,1,1,17,0
34,28,3,38,1,0,1,1,0,0,0,12,3,0,0,5,11,334,1,37,3,5,9,1,4,8,3,0,4,1,1,16,0
-3,25,3,39,4,0,0,2,0,0,0,5,10,0,0,5,11,334,2,33,3,5,10,4,4,12,5,1,4,1,2,16,15
36,25,3,35,4,0,0,1,0,0,0,3,12,0,0,5,11,334,2,33,3,5,10,3,4,11,4,1,4,1,1,15,30
7,25,3,37,3,0,0,1,0,0,0,1,14,0,0,5,11,334,2,33,3,5,10,2,4,10,3,1,3,1,1,15,45
-2,24,2,40,2,0,0,3,0,0,0,13,2,0,0,5,11,334,1,31,3,3,10,1,5,9,5,1,3,1,2,16,30
-1,22,2,32,5,0,0,2,0,0,0,3,12,0,0,5,11,334,1,28,1,5,11,5,8,13,7,1,3,1,2,15,15
12,22,2,30,4,0,0,2,0,0,0,2,13,0,0,5,11,334,1,28,2,5,11,4,7,13,6,1,3,1,3,15,0
3,22,4,35,3,0,0,2,0,0,0,0,15,0,0,5,11,334,1,28,2,5,11,3,6,12,5,1,3,1,1,15,30
18,22,4,27,2,0,0,2,0,0,0,36,9,0,0,5,11,334,0,28,2,6,13,3,5,11,5,1,2,1,1,14,15
-16,22,5,32,2,0,0,1,0,0,0,28,17,0,0,5,11,334,0,28,4,7,14,3,4,10,4,1,2,0,2,15,15
-16,21,5,30,2,0,1,1,0,0,0,8,37,0,0,5,11,334,1,26,4,7,15,3,6,10,4,2,2,1,3,15,0
10,20,5,29,2,0,1,0,0,0,0,4,41,0,0,5,11,334,0,26,5,7,15,2,5,9,4,3,2,1,2,14,45
-15,20,5,28,3,0,1,0,0,0,0,10,5,0,0,5,11,334,1,24,3,6,14,2,5,9,4,4,2,2,1,14,30
-3,17,6,26,4,0,2,0,0,0,0,27,3,0,0,5,11,334,1,21,3,7,14,4,6,14,6,4,2,2,1,13,30
36,17,6,22,4,0,2,0,0,0,0,23,7,0,0,5,11,334,2,20,2,7,14,3,5,14,5,3,2,2,1,13,0
39,16,6,22,4,0,1,0,0,0,0,17,13,0,0,5,11,334,1,20,3,9,15,4,5,15,5,2,1,2,1,13,0
61,15,6,19,4,0,1,0,0,0,0,14,1,0,0,5,11,334,1,19,4,9,16,3,5,16,5,2,0,1,2,12,15
1,15,6,25,4,0,1,0,0,0,0,8,7,0,0,5,11,334,1,18,5,8,15,2,4,15,5,3,0,0,1,13,15
34,15,6,20,5,0,0,0,0,0,0,2,13,0,0,5,11,334,2,17,5,9,14,2,6,14,4,3,0,0,3,12,30
16,10,4,17,8,0,1,0,0,0,0,3,12,0,0,5,11,334,1,12,4,7,10,5,11,16,9,3,0,0,1,12,0
18,9,5,20,8,0,1,1,0,0,0,2,13,0,0,5,11,334,1,10,3,7,8,6,11,15,10,2,0,0,3,12,30
21,9,6,13,7,0,1,1,0,0,0,6,9,0,0,5,11,334,0,10,4,7,9,9,11,15,10,2,0,0,2,11,30
19,9,6,15,7,0,1,2,0,0,0,5,10,0,0,5,11,334,2,8,2,5,7,8,10,14,9,2,0,0,2,11,45
30,9,6,15,6,0,1,2,0,0,0,4,11,0,0,5,11,334,2,8,2,5,7,7,9,13,8,2,0,0,2,11,45
-7,9,6,17,5,0,1,2,0,0,0,13,2,0,0,5,11,334,2,8,3,6,7,6,9,13,7,2,0,0,1,12,0
-166,8,6,32,5,0,1,2,0,0,0,5,10,0,0,5,11,334,2,7,3,5,7,6,8,14,7,2,0,0,2,15,15
44,7,5,11,5,0,0,2,0,0,0,0,15,0,0,5,11,334,1,7,4,5,7,6,8,13,7,2,0,0,2,11,15
-8,7,5,13,4,0,0,2,1,0,0,9,6,0,0,5,11,334,2,6,3,4,6,5,8,12,6,2,0,0,2,11,30
64,7,5,7,4,0,0,1,1,0,0,8,7,0,0,5,11,334,2,6,3,4,6,4,7,11,5,2,0,0,2,10,30
26,7,5,8,4,0,0,0,1,0,0,7,8,0,0,5,11,334,2,6,3,4,6,3,6,10,4,2,0,0,1,10,45
97,5,3,10,4,0,0,0,1,0,0,8,7,0,0,5,11,334,1,5,3,3,5,3,5,10,5,3,0,0,2,11,0
-81,4,2,22,5,0,0,0,1,0,0,0,15,0,0,5,11,334,2,3,1,1,3,3,4,9,5,2,0,0,1,13,0
47,3,2,5,5,0,0,0,1,0,0,0,15,0,0,5,11,334,1,2,0,1,2,3,4,9,6,4,0,0,1,10,15
55,2,1,2,5,0,0,0,0,0,0,4,11,0,0,5,11,334,0,2,0,2,2,2,6,8,6,3,0,0,1,9,45
36,2,2,4,4,0,0,0,0,0,0,14,1,0,0,5,11,334,0,2,0,2,2,2,5,7,5,2,0,0,2,10,0
5,2,2,8,3,0,0,0,0,0,0,14,16,0,0,5,11,334,0,2,2,2,2,4,5,6,4,2,0,0,1,10,45
24,1,1,2,2,0,0,0,0,0,1,14,1,0,0,5,11,334,0,1,1,1,1,4,5,5,4,3,0,0,1,9,45
4,1,1,1,2,0,0,0,0,0,0,12,3,0,0,5,11,334,0,1,1,1,1,3,4,4,3,3,0,0,2,9,15
11,1,1,5,1,0,0,0,0,0,0,10,5,0,0,5,11,334,0,1,1,1,1,2,3,3,2,2,0,0,1,10,15
1,0,0,0,1,0,0,0,0,0,0,0,8,0,1,5,11,334,0,0,0,0,0,1,2,2,2,2,0,0,1,9,0
-56,0,0,11,0,0,0,0,0,0,0,0,39,0,0,5,11,334,0,0,0,0,0,1,1,1,1,1,0,0,2,11,15
23,35,4,52,2,0,0,0,0,0,0,1,29,0,0,4,11,333,1,53,1,6,12,2,4,8,2,0,7,1,2,17,30
25,34,5,51,1,0,1,0,0,0,0,5,10,0,0,4,11,333,0,52,4,7,13,3,5,9,3,2,7,1,1,17,15
-39,34,6,53,1,0,0,2,0,0,0,7,8,0,0,4,11,333,2,50,3,7,13,3,4,9,2,2,6,1,1,18,0
20,33,5,46,1,0,0,1,0,0,0,5,10,0,0,4,11,333,1,50,4,7,13,2,3,8,2,2,6,0,1,16,30
19,30,3,46,3,0,0,1,0,0,0,8,7,0,0,4,11,333,1,47,4,7,13,2,5,10,4,1,6,1,1,16,30
23,29,4,44,4,0,0,1,0,0,0,8,7,0,0,4,11,333,2,45,4,5,13,3,5,12,4,1,6,1,2,16,15
25,28,3,48,4,0,1,1,0,0,0,3,12,0,0,4,11,333,0,43,3,6,14,3,5,11,7,1,6,1,2,16,45
11,28,3,44,4,0,1,1,0,0,0,13,2,0,0,4,11,333,1,42,2,6,14,3,4,10,6,0,6,1,2,16,15
-128,27,2,55,5,0,1,1,0,0,0,13,2,1,0,4,11,333,2,40,3,5,14,2,6,12,6,0,5,2,1,18,15
24,26,1,39,4,0,1,1,0,0,0,2,13,0,0,4,11,333,1,40,3,8,16,2,6,12,6,0,5,2,2,15,30
68,25,1,37,7,0,1,0,0,0,0,11,4,0,0,4,11,333,2,37,3,7,15,4,7,13,7,1,5,3,1,15,15
-11,25,3,42,7,0,0,1,0,0,0,13,2,0,0,4,11,333,1,36,4,8,16,5,6,12,8,1,4,3,2,16,0
-33,25,3,37,8,0,0,0,0,0,0,8,7,0,0,4,11,333,1,35,3,7,15,5,6,11,8,1,4,2,1,15,15
36,25,5,35,7,0,0,0,0,0,0,13,2,0,0,4,11,333,1,35,5,8,16,4,7,10,7,1,4,3,2,15,0
-79,25,6,40,7,0,1,0,0,0,0,4,11,0,0,4,11,333,1,33,3,9,17,3,6,10,8,2,3,3,2,15,45
-43,25,6,40,6,0,1,1,0,0,0,1,14,0,0,4,11,333,2,32,4,8,16,2,7,11,7,2,3,3,2,15,45
-114,25,6,53,5,0,1,1,0,0,0,39,6,0,0,4,11,333,1,32,4,8,16,1,6,10,7,2,2,3,1,18,0
54,22,5,31,7,0,1,2,0,0,0,9,36,0,0,4,11,333,2,28,4,8,15,5,6,14,9,3,2,2,2,14,15
52,21,6,32,7,0,1,2,0,0,0,2,43,0,0,4,11,333,2,27,5,7,15,5,5,15,9,3,2,2,1,14,30
-169,20,5,49,7,0,0,2,0,0,0,15,45,0,0,4,11,333,1,27,5,8,15,4,4,14,9,3,1,2,1,17,0
-2,19,5,34,9,0,0,2,0,0,0,2,13,0,0,4,11,333,2,24,4,8,12,3,5,17,10,4,0,1,2,14,45
-13,19,5,35,8,0,0,2,0,0,0,1,14,0,0,4,11,333,2,24,4,8,12,2,5,16,9,4,0,0,2,15,0
-11,19,6,32,7,0,0,2,0,0,0,8,7,0,0,4,11,333,1,24,4,8,13,1,4,16,9,4,0,0,1,14,30
36,15,6,29,9,0,1,1,2,0,0,8,7,0,0,4,11,333,1,18,4,7,11,7,11,17,13,6,0,0,1,13,15
68,14,5,24,11,0,1,1,2,0,0,3,12,0,0,4,11,333,3,16,2,4,9,6,12,16,13,5,0,0,1,12,30
-19,14,5,30,10,0,1,1,2,0,0,2,13,0,0,4,11,333,3,16,2,4,9,5,12,15,12,4,0,0,1,13,30
62,12,5,27,10,0,1,0,2,0,0,3,12,0,0,4,11,333,1,16,4,6,12,6,12,16,13,6,0,0,1,13,0
-215,12,5,49,9,0,1,0,2,0,0,3,12,0,0,4,11,333,1,16,4,6,12,5,11,15,12,6,0,0,1,17,0
49,12,5,27,8,0,1,1,2,0,0,14,1,0,0,4,11,333,2,15,3,6,12,5,10,15,11,5,0,0,1,13,0
20,12,5,24,7,0,1,1,2,0,0,11,4,0,0,4,11,333,2,15,3,6,12,4,9,16,10,5,0,0,1,12,30
58,11,6,20,7,0,1,2,1,0,0,14,1,0,0,4,11,333,2,14,2,5,12,7,9,17,10,5,0,0,2,12,0
36,9,4,19,8,0,1,2,1,0,0,4,11,0,0,4,11,333,2,12,2,3,10,7,8,17,11,5,0,0,2,11,45
35,9,4,26,7,0,1,2,1,0,0,2,13,0,0,4,11,333,2,12,2,3,10,6,7,16,10,5,0,0,2,12,45
35,9,4,20,7,0,0,2,1,0,0,10,5,0,0,4,11,333,2,12,3,4,10,5,7,18,9,5,0,0,2,12,0
23,9,4,22,6,0,0,2,1,0,0,8,7,0,0,4,11,333,2,12,3,4,10,5,6,17,8,4,0,0,2,12,15
41,9,4,17,5,0,0,2,1,0,0,5,10,0,0,4,11,333,2,12,3,5,11,4,5,16,7,3,0,0,1,11,30
76,9,4,22,4,0,0,2,1,0,0,3,12,0,0,4,11,333,2,12,3,5,11,3,4,15,6,2,0,0,2,12,15
63,8,5,14,5,0,0,2,0,0,0,9,6,0,0,4,11,333,1,11,2,6,10,2,4,14,7,4,0,0,1,11,0
-176,7,5,42,5,0,0,2,1,0,0,9,6,0,0,4,11,333,2,9,1,6,9,2,8,14,7,3,0,0,2,16,0
27,5,5,16,5,0,0,1,1,0,0,1,14,0,0,4,11,333,0,9,5,7,9,3,9,13,8,4,0,0,2,11,15
52,3,3,14,5,0,1,2,1,0,1,13,2,0,0,4,11,333,2,5,3,4,5,7,11,12,9,4,0,0,1,11,0
6,3,3,13,4,0,1,2,1,0,1,8,7,0,0,4,11,333,2,5,3,4,5,7,10,12,8,4,0,0,2,10,45
44,2,2,7,5,0,1,2,0,0,1,0,15,0,0,4,11,333,2,4,2,4,4,6,9,13,8,5,0,0,2,10,0
-16,2,2,17,4,0,2,2,0,0,1,13,2,0,0,4,11,333,2,3,1,3,3,6,9,12,8,4,0,0,1,11,30
71,2,2,11,4,0,2,1,0,0,1,12,3,0,0,4,11,333,2,3,1,3,3,5,8,11,7,3,0,0,1,10,30
33,2,2,5,4,0,2,0,0,0,1,10,5,0,0,4,11,333,2,3,1,3,3,6,7,10,6,3,0,0,2,9,45
57,1,1,9,3,0,2,0,0,0,1,3,12,0,0,4,11,333,1,3,2,3,3,5,6,10,6,2,0,0,2,10,15
46,0,0,2,3,0,2,1,0,0,0,10,5,0,0,4,11,333,1,2,1,2,2,4,5,9,6,1,0,0,2,9,30
15,0,0,2,3,0,1,1,0,0,0,14,1,0,0,4,11,333,1,2,2,2,2,4,4,8,5,1,0,0,2,9,30
-31,0,0,11,3,0,0,1,0,0,0,11,4,0,0,4,11,333,1,2,2,2,2,3,3,7,4,1,0,0,1,10,30
48,0,0,9,2,0,0,1,0,0,0,11,4,0,0,4,11,333,1,2,2,2,2,2,2,6,3,1,0,0,2,10,15
5,0,0,7,2,0,1,1,0,0,0,0,1,0,0,4,11,333,2,0,0,0,0,1,4,5,3,2,0,0,2,10,0
-17,0,0,1,2,0,0,1,0,0,0,0,50,0,0,4,11,333,0,0,0,0,0,4,4,4,4,1,0,0,3,9,15
-6,0,0,0,1,0,0,1,0,0,0,0,52,0,1,4,11,333,0,0,0,0,0,3,3,3,3,1,0,0,1,9,0
4,0,0,5,0,0,0,1,0,0,0,0,54,0,0,4,11,333,0,0,0,0,0,2,2,2,2,1,0,0,2,9,45
-7,0,0,2,0,0,0,0,0,0,0,0,70,0,0,4,11,333,0,0,0,0,0,1,1,1,1,1,0,0,2,9,30
9,30,6,49,4,0,0,0,0,0,0,0,15,1,0,3,11,332,2,45,3,6,14,1,5,10,3,1,10,1,1,17,30
-2,26,5,46,5,0,0,1,0,0,0,13,2,0,0,3,11,332,0,42,4,8,12,4,4,16,7,4,10,1,1,17,0
12,26,5,48,4,0,0,1,0,0,1,10,5,0,0,3,11,332,1,41,3,7,11,3,3,15,6,3,10,1,1,17,15
40,26,5,44,3,0,0,1,1,0,1,8,7,0,0,3,11,332,2,40,3,7,10,2,2,14,5,2,9,1,2,16,45
3,25,6,42,3,0,0,1,1,0,0,5,10,0,0,3,11,332,1,40,5,9,11,1,2,14,5,2,9,0,2,16,30
61,19,2,36,8,0,1,2,1,0,0,12,3,0,0,3,11,332,1,32,2,3,9,8,13,15,12,7,9,2,3,15,45
32,18,1,41,8,0,1,2,1,0,0,4,11,0,0,3,11,332,1,31,1,2,8,10,12,16,12,6,9,2,2,16,15
27,18,1,34,7,0,1,2,0,0,0,2,13,0,0,3,11,332,1,31,1,2,8,9,11,16,11,5,9,2,2,15,30
16,18,1,38,7,0,1,2,0,0,0,2,13,0,0,3,11,332,1,31,1,2,8,9,11,16,11,5,9,2,1,16,0
69,18,1,38,6,0,1,2,0,0,0,2,13,0,0,3,11,332,1,31,1,2,8,7,9,14,9,3,8,2,1,16,0
17,18,1,36,5,0,1,2,0,0,0,14,1,0,0,3,11,332,1,31,1,3,9,7,8,13,8,3,8,1,3,15,45
19,17,1,32,4,0,1,2,0,0,0,11,4,0,0,3,11,332,0,31,1,4,9,6,7,12,8,2,8,1,2,15,15
9,17,1,46,3,0,2,2,0,0,0,9,6,0,0,3,11,332,1,30,0,3,8,5,6,11,7,1,8,1,1,17,0
17,17,1,34,2,0,2,2,0,0,0,9,6,0,0,3,11,332,0,30,1,4,11,5,6,11,7,2,8,2,2,15,30
19,17,1,32,1,0,2,2,0,0,0,6,9,0,0,3,11,332,0,30,1,5,11,4,5,10,6,2,8,2,2,15,15
20,17,1,30,1,0,1,2,0,0,0,6,9,0,0,3,11,332,0,30,1,5,11,3,4,9,5,2,7,2,2,15,0
-6,17,1,30,1,0,0,2,0,0,0,14,1,0,0,3,11,332,0,30,2,5,11,2,3,8,4,2,7,1,2,15,0
-25,17,3,42,0,0,0,2,0,0,0,13,2,0,0,3,11,332,0,30,4,5,13,2,3,9,3,1,7,2,2,16,30
-55,16,5,44,0,0,1,2,0,0,1,19,11,0,0,3,11,332,1,27,2,6,12,1,5,11,4,3,6,4,2,16,45
26,14,4,25,1,0,1,3,0,0,0,2,13,0,0,3,11,332,0,25,4,8,13,4,7,14,6,3,5,4,1,13,45
-41,14,6,28,3,0,1,2,0,0,0,9,6,0,0,3,11,332,2,23,4,7,13,4,7,13,5,2,5,3,2,14,45
-120,13,5,38,3,0,0,2,0,0,0,6,9,0,0,3,11,332,1,23,4,8,13,3,6,13,5,2,4,3,1,16,0
26,13,5,28,3,0,0,1,0,0,0,3,12,0,0,3,11,332,1,23,4,8,13,2,5,12,4,2,3,2,2,14,45
22,11,3,22,6,0,0,1,0,0,0,11,4,0,0,3,11,332,2,19,3,4,12,4,8,13,6,4,2,2,1,13,0
-93,10,2,27,5,0,0,2,1,0,0,6,9,0,0,3,11,332,2,17,2,5,11,5,9,12,7,3,2,1,2,14,30
20,10,2,23,5,0,0,1,1,0,0,5,10,0,0,3,11,332,2,17,2,5,11,4,8,11,6,3,2,1,1,13,15
22,9,2,20,4,0,0,1,1,0,0,13,2,0,0,3,11,332,1,17,2,6,13,4,7,11,6,4,2,1,1,12,45
16,8,3,18,4,0,0,2,1,0,0,2,13,0,0,3,11,332,2,15,3,5,11,5,7,10,6,3,1,1,2,12,30
3,8,3,24,3,0,0,2,1,0,0,0,15,0,0,3,11,332,2,15,3,6,11,4,6,9,5,3,1,0,1,13,30
27,8,3,14,3,0,0,2,0,0,0,0,15,0,0,3,11,332,0,15,4,8,12,4,7,12,6,3,1,1,2,12,0
-2,8,3,16,2,0,0,2,0,0,0,12,3,0,0,3,11,332,0,15,4,8,12,3,6,11,5,3,1,1,2,12,15
-87,8,3,26,3,0,0,3,0,0,0,4,11,0,0,3,11,332,3,12,2,5,9,3,5,11,4,3,1,1,1,14,15
44,8,4,18,2,0,0,3,0,0,0,10,5,0,0,3,11,332,2,12,3,6,10,3,4,11,4,3,1,1,2,12,30
-37,6,3,20,4,0,0,2,0,0,0,8,7,0,0,3,11,332,2,10,3,6,8,3,4,11,5,2,1,1,1,12,45
13,5,3,16,5,0,0,1,0,0,0,12,3,0,0,3,11,332,2,9,3,5,8,2,5,11,5,2,1,1,2,12,15
-12,5,3,14,5,0,0,1,0,0,0,9,6,0,0,3,11,332,2,8,2,5,7,1,5,11,5,1,0,1,2,12,0
-7,3,2,11,7,0,0,1,1,0,0,3,12,0,0,3,11,332,2,4,1,2,4,5,7,11,8,3,0,0,1,11,15
-18,2,1,12,6,0,0,1,1,0,0,14,1,0,0,3,11,332,1,4,2,3,4,6,8,12,8,2,0,0,1,11,30
60,2,1,7,5,0,0,1,1,0,0,13,2,0,0,3,11,332,1,4,2,3,4,5,7,11,7,2,0,0,1,10,30
50,2,2,7,4,0,1,1,1,0,0,9,6,0,0,3,11,332,2,3,1,2,3,4,7,11,6,2,0,0,1,10,30
27,2,2,10,4,0,1,0,1,0,0,6,9,0,0,3,11,332,2,3,1,3,3,3,6,10,5,1,0,0,1,11,0
-9,2,2,5,4,0,0,0,1,0,0,7,8,0,0,3,11,332,1,3,1,3,3,4,5,9,5,2,0,0,2,10,15
21,1,1,5,4,0,0,0,1,0,0,0,15,0,0,3,11,332,1,2,1,2,2,3,5,8,5,2,0,0,2,10,15
-46,1,1,13,3,0,0,0,1,0,0,0,15,0,0,3,11,332,0,2,2,2,2,3,4,7,5,2,0,0,2,11,45
33,1,1,3,2,0,0,0,1,0,0,8,7,0,0,3,11,332,0,2,2,2,2,2,4,6,4,2,0,0,1,9,45
3,0,0,9,2,0,0,0,1,0,0,9,6,0,0,3,11,332,0,1,1,1,1,2,5,5,4,2,0,0,1,10,45
12,0,0,0,2,0,0,0,1,0,0,0,13,0,1,3,11,332,0,0,0,0,0,3,4,4,4,2,0,0,1,9,0
-24,0,0,1,1,0,0,0,1,0,0,0,32,0,0,3,11,332,0,0,0,0,0,3,3,3,3,2,0,0,1,9,15
18,0,0,2,1,0,0,0,0,0,0,0,42,0,0,3,11,332,0,0,0,0,0,2,2,2,2,1,0,0,1,9,30
-28,0,0,4,0,0,0,0,0,0,0,0,50,0,0,3,11,332,0,0,0,0,0,1,1,1,1,0,0,0,2,10,0
31,37,4,46,2,0,0,1,1,0,0,11,4,0,0,2,11,331,1,43,3,6,11,1,1,7,4,1,7,0,1,17,15
20,32,4,45,5,0,2,2,1,0,1,13,2,0,0,2,11,331,2,35,2,4,10,3,7,13,10,2,7,3,1,17,0
49,31,4,39,5,0,2,3,1,0,1,9,6,0,0,2,11,331,2,33,1,3,10,6,10,13,11,3,6,4,2,15,45
21,30,3,44,4,0,2,3,1,0,1,3,12,0,0,2,11,331,1,33,1,6,10,5,9,14,11,3,5,3,1,16,45
-17,30,5,43,4,0,2,3,1,0,0,7,8,0,0,2,11,331,1,33,3,6,12,6,10,14,10,2,5,3,1,16,30
39,30,5,41,4,0,2,2,1,0,0,6,9,0,0,2,11,331,1,33,3,6,12,5,9,13,9,1,5,3,1,16,15
-72,30,5,47,4,0,1,2,1,0,0,5,10,1,0,2,11,331,1,33,3,7,12,4,8,12,8,1,4,3,1,17,30
163,29,5,35,5,0,1,2,0,0,0,25,5,0,0,2,11,331,1,32,2,6,11,5,7,12,8,1,4,2,2,15,0
17,28,5,38,5,0,1,2,0,0,0,12,18,0,0,2,11,331,1,31,4,6,11,5,6,11,8,1,4,2,2,15,30
53,28,6,36,6,0,0,2,0,0,0,8,22,0,0,2,11,331,2,30,3,5,11,5,5,10,7,1,4,2,1,15,15
86,27,6,30,6,0,0,1,0,0,0,11,4,0,0,2,11,331,1,30,4,6,11,4,5,11,7,2,3,2,1,14,0
51,27,6,33,5,0,0,1,0,0,0,11,4,0,0,2,11,331,1,30,4,6,11,3,4,10,6,1,3,1,1,14,30
5,26,5,33,6,0,0,2,0,0,0,12,3,0,0,2,11,331,2,27,2,4,10,2,6,11,7,1,2,1,1,14,30
50,25,5,36,5,0,0,2,0,0,0,9,6,0,0,2,11,331,1,27,2,5,10,1,5,10,7,0,2,0,1,15,15
39,22,5,32,4,0,1,3,0,0,0,18,27,0,0,2,11,331,0,25,4,6,12,5,7,11,9,0,2,1,2,14,15
-12,21,5,39,5,0,1,3,0,0,0,7,38,0,0,2,11,331,1,23,3,4,12,4,7,11,9,1,2,1,2,15,45
-111,21,5,41,4,0,1,3,0,0,0,6,39,0,0,2,11,331,1,23,3,4,13,3,6,10,8,1,2,1,1,16,15
62,21,5,30,4,0,1,2,0,0,0,2,43,0,0,2,11,331,1,23,3,5,13,2,5,12,7,1,2,1,1,14,0
62,20,5,27,6,0,0,2,0,0,0,4,11,0,0,2,11,331,2,21,2,4,12,1,6,13,7,2,1,1,1,13,0
67,17,4,26,6,0,1,2,0,0,0,4,11,0,0,2,11,331,1,19,2,6,12,5,6,16,9,4,1,1,2,12,45
32,17,4,24,5,0,1,2,0,0,0,4,11,0,0,2,11,331,1,19,2,6,12,4,5,15,8,4,1,1,1,12,30
26,17,6,27,4,0,1,2,0,0,0,11,4,0,0,2,11,331,1,19,4,8,13,3,4,14,7,3,1,1,1,13,0
57,16,7,29,4,0,1,2,0,0,0,14,1,0,0,2,11,331,1,18,3,9,14,2,8,13,7,2,1,1,2,13,15
120,16,7,22,5,0,1,1,0,0,0,9,6,0,0,2,11,331,2,17,4,8,13,2,8,12,6,2,1,1,2,12,15
84,13,6,22,8,0,1,1,0,0,0,9,6,0,0,2,11,331,2,13,4,6,12,7,10,14,9,5,0,1,2,12,15
17,9,4,24,9,0,1,1,0,0,0,8,7,0,0,2,11,331,0,11,3,5,11,8,10,18,12,7,0,0,1,12,30
-6,9,4,20,9,0,1,1,0,0,0,6,9,0,0,2,11,331,1,10,2,4,10,7,9,17,11,7,0,0,2,12,0
55,9,4,20,8,0,1,1,0,0,0,5,10,0,0,2,11,331,1,10,2,5,10,6,8,16,10,6,0,0,2,12,0
37,9,4,17,7,0,1,1,0,0,0,3,12,0,0,2,11,331,1,10,2,5,10,5,7,15,9,5,0,0,1,11,30
146,9,4,12,6,0,1,1,0,0,0,2,13,0,0,2,11,331,1,10,2,6,10,4,6,14,8,5,0,0,2,10,45
38,9,4,19,7,0,0,1,0,0,0,11,4,0,0,2,11,331,2,9,1,5,9,3,5,13,7,4,0,0,2,11,45
34,8,4,17,6,0,0,1,1,0,0,14,1,0,0,2,11,331,1,8,2,6,8,4,5,13,8,6,0,0,1,11,30
58,8,4,13,5,0,0,1,1,0,0,11,4,0,0,2,11,331,1,8,2,6,8,3,4,12,7,5,0,0,2,11,0
63,7,5,10,4,0,0,1,1,0,0,10,5,0,0,2,11,331,0,8,4,7,8,2,5,13,7,4,0,0,1,10,30
26,7,6,10,4,0,0,2,0,0,0,5,10,0,0,2,11,331,1,7,3,6,7,1,4,12,6,4,0,0,1,10,30
68,4,4,8,6,0,0,2,1,0,0,2,13,0,0,2,11,331,1,3,3,3,3,5,9,13,9,5,0,0,2,10,15
14,2,2,15,7,0,0,1,1,0,0,4,11,0,0,2,11,331,0,2,2,2,2,7,9,12,10,6,0,0,2,11,15
24,2,2,6,6,0,0,2,1,0,0,0,15,0,0,2,11,331,1,1,1,1,1,6,9,11,9,5,0,0,2,10,0
-15,1,1,15,5,0,0,2,1,0,0,3,12,0,0,2,11,331,0,1,1,1,1,6,8,10,9,6,0,0,2,11,15
-10,1,1,8,4,0,0,2,1,0,0,2,13,0,0,2,11,331,0,1,1,1,1,5,7,9,8,5,0,0,2,10,15
68,1,1,6,4,0,0,2,1,0,0,0,15,0,0,2,11,331,1,0,0,0,0,4,6,8,7,5,0,0,2,10,0
24,1,1,13,3,0,0,2,1,0,0,14,1,0,0,2,11,331,1,0,0,0,0,3,5,7,6,4,0,0,2,11,0
18,1,1,4,3,0,0,2,0,0,0,11,4,0,0,2,11,331,1,0,0,0,0,2,4,6,5,4,0,0,2,9,45
34,0,0,1,2,0,0,2,0,0,0,9,6,0,0,2,11,331,0,0,0,0,0,3,4,5,5,4,0,0,2,9,15
62,0,0,2,2,0,0,1,0,0,0,0,5,0,0,2,11,331,0,0,0,0,0,2,4,4,4,3,0,0,2,9,30
6,0,0,4,1,0,0,1,0,0,0,0,13,0,0,2,11,331,0,0,0,0,0,2,3,3,3,3,0,0,2,9,45
19,0,0,0,0,0,0,1,0,0,0,0,37,0,1,2,11,331,0,0,0,0,0,2,2,2,2,2,0,0,1,9,0
7,0,0,2,0,0,0,0,0,0,0,0,53,0,0,2,11,331,0,0,0,0,0,1,1,1,1,1,0,0,2,9,30
61,28,4,35,0,0,1,3,0,0,0,3,12,0,0,6,11,328,2,34,2,3,9,1,3,7,3,2,1,0,1,16,45
-3,26,3,38,1,0,1,3,0,0,0,12,3,1,0,6,11,328,1,32,2,5,8,4,6,8,5,3,1,0,1,17,30
5,26,4,36,1,0,1,3,0,0,0,13,2,0,0,6,11,328,2,31,2,4,8,5,5,7,4,2,1,0,1,17,0
26,24,4,34,0,0,1,3,0,0,0,1,14,0,0,6,11,328,0,31,4,6,8,4,4,6,5,4,1,0,1,16,30
77,24,4,32,1,0,1,2,0,0,0,13,2,0,0,6,11,328,1,30,3,5,7,3,3,5,4,4,1,0,1,16,15
-1,24,4,37,1,0,1,1,0,0,1,6,9,0,0,6,11,328,2,29,2,4,6,2,2,5,3,3,1,0,1,17,15
7,24,4,32,1,0,0,1,0,0,1,5,10,0,0,6,11,328,2,29,2,4,6,1,2,4,2,2,1,0,1,16,15
-11,20,1,31,4,0,0,2,0,0,0,6,9,0,0,6,11,328,1,25,1,2,6,2,3,8,6,3,1,0,2,16,0
71,20,1,28,4,0,0,1,0,0,0,28,2,0,0,6,11,328,1,25,2,2,8,1,3,8,5,2,1,1,1,15,15
35,19,2,30,4,0,1,1,0,0,0,39,6,0,0,6,11,328,0,23,1,4,9,3,6,7,7,1,1,1,1,15,30
-36,19,4,26,4,0,0,1,0,0,0,30,15,0,0,6,11,328,0,23,1,6,10,3,6,7,6,1,0,1,2,15,0
-30,19,4,28,3,0,0,1,0,0,0,28,17,0,0,6,11,328,0,23,1,6,11,2,5,6,5,1,0,0,1,15,15
126,19,6,23,3,0,0,1,0,0,0,6,39,0,0,6,11,328,1,22,3,6,12,3,4,6,4,1,0,0,1,13,30
18,18,6,24,2,0,0,1,0,0,0,12,3,0,0,6,11,328,0,22,5,6,13,3,3,5,4,1,0,0,1,14,15
57,18,6,25,2,0,0,2,0,0,0,4,11,0,0,6,11,328,2,20,3,6,13,2,2,5,3,1,0,0,2,14,30
17,15,5,26,4,0,0,2,0,0,0,2,13,0,0,6,11,328,2,17,1,4,11,1,2,5,5,1,0,0,2,15,0
15,10,6,22,4,0,0,5,0,0,0,5,10,0,0,6,11,328,1,13,3,6,11,2,3,12,9,3,0,0,1,13,15
37,9,6,19,5,0,0,5,0,0,0,9,6,0,0,6,11,328,2,11,2,5,10,1,4,12,9,4,0,0,1,12,30
37,6,4,19,7,0,1,5,0,0,0,4,11,0,0,6,11,328,2,7,1,4,7,3,9,16,12,5,0,0,1,12,30
63,4,3,14,7,0,1,4,0,0,0,3,12,0,0,6,11,328,0,7,3,5,7,5,9,16,13,4,0,0,1,11,30
17,4,4,21,7,0,1,4,0,0,0,28,2,0,0,6,11,328,1,6,3,5,6,4,9,15,12,3,0,0,1,13,0
32,3,3,10,7,0,1,4,1,0,0,18,12,0,0,6,11,328,2,4,1,3,4,6,9,15,12,4,0,0,2,11,0
49,3,3,17,6,0,1,4,1,0,0,8,22,0,0,6,11,328,2,4,2,3,4,6,11,15,11,4,0,0,1,12,0
34,2,2,12,5,0,1,4,1,0,0,4,26,0,0,6,11,328,1,4,2,3,4,5,10,14,11,5,0,0,2,11,15
33,2,2,18,5,0,2,3,1,0,0,6,9,0,0,6,11,328,1,3,2,3,3,6,10,15,11,5,0,0,2,12,15
48,2,2,14,5,0,2,2,1,0,0,5,10,0,0,6,11,328,1,3,2,3,3,5,9,14,10,5,0,0,1,11,30
-24,2,2,16,4,0,2,2,1,0,0,5,10,0,0,6,11,328,1,3,2,3,3,4,8,13,9,4,0,0,1,11,45
39,2,2,8,5,0,1,2,1,0,0,10,5,0,0,6,11,328,2,2,1,2,2,5,7,12,8,4,0,0,2,10,30
61,1,1,10,6,0,1,1,1,0,0,2,13,0,0,6,11,328,2,1,0,1,1,5,7,11,8,5,0,0,2,11,0
62,0,0,12,5,0,1,1,1,0,0,7,8,0,0,6,11,328,0,1,1,1,1,5,6,10,9,4,0,0,2,11,15
113,0,0,4,4,0,1,1,1,0,0,2,13,0,0,6,11,328,0,1,1,1,1,4,6,9,8,4,0,0,2,10,0
58,0,0,6,3,0,1,1,1,0,0,1,14,0,0,6,11,328,0,1,1,1,1,3,5,8,7,4,0,0,2,10,15
-6,0,0,8,3,0,0,1,1,0,0,9,6,0,0,6,11,328,0,1,1,1,1,2,5,7,6,4,0,0,2,10,30
41,0,0,6,3,0,0,0,1,0,1,9,6,0,0,6,11,328,1,0,0,0,0,2,6,6,5,3,0,0,2,10,15
23,0,0,2,2,0,0,0,1,0,1,0,9,0,0,6,11,328,0,0,0,0,0,3,5,5,5,2,0,0,2,9,45
65,0,0,1,1,0,0,0,1,0,1,0,25,0,0,6,11,328,0,0,0,0,0,4,4,4,4,1,0,0,2,9,30
-8,0,0,4,0,0,0,0,1,0,1,0,30,0,0,6,11,328,0,0,0,0,0,3,3,3,3,0,0,0,2,10,0
-22,0,0,2,0,0,0,0,1,0,0,0,43,0,0,6,11,328,0,0,0,0,0,2,2,2,2,0,0,0,2,9,45
46,0,0,0,0,0,0,0,0,0,0,0,45,0,1,6,11,328,0,0,0,0,0,1,1,1,1,0,0,0,1,9,15
75,31,2,41,0,0,0,0,0,0,0,49,56,0,0,4,11,326,0,46,2,3,9,1,1,6,1,0,6,1,2,16,0
68,27,4,35,1,0,0,1,0,0,2,3,12,0,0,4,11,326,0,41,3,8,11,3,5,9,5,2,6,0,2,15,15
-27,27,4,44,1,0,0,1,0,0,1,14,1,0,0,4,11,326,0,41,3,8,12,3,4,9,4,2,6,0,1,16,15
8,27,4,39,2,0,0,1,0,0,0,8,7,0,0,4,11,326,1,40,3,7,11,2,4,8,3,2,6,0,3,15,45
20,25,2,41,3,0,0,1,0,0,0,1,14,0,0,4,11,326,1,38,5,6,12,2,4,10,4,2,6,0,2,16,0
26,25,2,37,2,0,0,2,0,0,0,4,11,0,0,4,11,326,1,37,4,6,13,2,4,10,4,1,6,0,2,15,30
30,23,1,33,4,0,1,2,0,0,0,9,6,0,0,4,11,326,1,33,1,4,12,2,5,9,7,3,6,0,2,15,0
8,23,3,35,4,0,1,1,0,0,0,8,7,0,0,4,11,326,0,33,2,5,13,3,6,11,7,4,6,1,2,15,15
-68,23,3,44,3,0,1,2,0,0,1,35,10,0,0,4,11,326,1,31,3,7,13,3,6,12,7,4,6,1,1,16,15
-2,23,3,28,3,0,1,2,0,0,0,27,18,0,0,4,11,326,1,31,3,7,14,4,6,12,6,4,6,2,1,14,15
8,23,4,30,3,0,1,3,0,0,0,15,30,0,0,4,11,326,2,29,3,7,14,4,5,13,6,3,6,2,2,14,45
-47,22,4,39,4,0,1,2,0,0,0,4,41,0,0,4,11,326,2,28,4,7,13,4,4,14,6,4,5,2,3,15,45
-28,22,4,33,3,0,1,2,0,0,0,3,42,0,0,4,11,326,2,28,4,7,14,3,3,13,5,3,5,1,2,15,0
81,20,4,27,2,0,2,3,0,0,0,1,14,0,0,4,11,326,1,26,3,6,13,2,6,13,7,3,5,2,1,13,30
-4,20,4,30,4,0,1,3,0,0,0,4,11,0,0,4,11,326,2,24,3,6,12,1,7,13,7,2,4,3,2,14,45
-74,18,6,29,5,0,2,3,0,0,0,2,13,0,0,4,11,326,1,21,3,7,13,6,10,17,10,2,4,2,3,14,30
26,17,5,22,4,0,2,3,0,0,0,10,5,0,0,4,11,326,0,21,5,8,13,5,10,17,10,2,4,3,1,12,30
-317,17,5,46,5,0,1,3,0,0,0,9,6,1,0,4,11,326,1,20,4,7,12,4,9,16,9,2,3,3,1,18,0
25,16,4,26,4,0,1,3,0,0,0,5,10,0,0,4,11,326,0,20,5,7,12,3,8,16,9,2,3,2,1,13,15
-134,16,5,41,5,0,1,2,0,0,0,12,3,0,0,4,11,326,1,19,4,7,13,4,7,17,8,1,2,2,2,16,0
26,16,5,20,5,0,1,2,0,0,0,5,10,0,0,4,11,326,2,18,3,6,13,5,7,16,7,1,2,1,2,12,15
54,14,6,22,6,0,1,2,1,0,0,5,10,0,0,4,11,326,2,15,2,5,11,5,8,16,9,2,2,1,1,12,30
11,14,6,20,6,0,0,2,1,0,0,4,11,0,0,4,11,326,2,15,2,5,11,4,7,15,8,2,2,1,2,12,15
42,13,6,24,5,0,0,2,1,0,0,11,4,0,0,4,11,326,1,15,3,7,12,3,7,15,8,3,2,1,1,12,45
21,13,6,19,4,0,0,2,1,0,0,8,7,0,0,4,11,326,1,15,3,7,12,3,6,15,7,2,2,1,2,12,0
-133,12,6,37,4,0,0,1,2,0,0,0,15,0,0,4,11,326,1,14,3,6,12,4,8,14,7,3,1,1,2,15,30
4,11,5,17,4,0,0,2,2,0,0,9,6,0,0,4,11,326,2,12,4,6,12,4,10,15,7,4,1,1,1,11,45
-10,10,4,25,3,0,0,2,2,0,0,3,12,0,0,4,11,326,1,12,4,7,12,4,9,15,7,3,1,1,1,13,0
34,10,4,15,2,0,0,2,2,0,0,1,14,0,0,4,11,326,1,12,4,7,12,4,8,14,6,3,1,1,2,11,30
5,7,3,15,3,0,0,4,1,0,0,0,15,0,0,4,11,326,1,9,3,6,9,6,8,16,8,4,1,1,2,11,30
54,7,3,6,4,0,0,3,1,0,0,6,9,0,0,4,11,326,2,8,3,5,8,6,9,16,7,3,1,1,2,10,0
17,6,3,17,3,0,0,3,1,0,0,2,13,0,0,4,11,326,1,8,3,6,8,5,8,15,7,3,1,1,1,11,45
4,6,4,10,3,0,0,2,1,0,0,0,15,0,0,4,11,326,1,8,3,6,8,4,7,14,6,2,1,1,1,10,30
-173,6,4,30,3,0,0,1,1,0,0,7,8,0,0,4,11,326,0,8,4,8,8,4,8,13,6,3,0,1,2,14,45
19,6,4,12,3,0,0,1,1,0,0,3,12,0,0,4,11,326,1,7,3,7,7,3,7,12,5,3,0,0,1,10,45
3,6,6,14,4,0,0,1,0,0,0,13,2,0,0,4,11,326,2,6,3,6,6,3,6,11,4,3,0,0,2,11,15
47,6,6,6,5,0,0,1,0,0,0,9,6,0,0,4,11,326,2,4,3,4,4,5,9,11,5,4,0,0,2,10,0
-7,4,4,8,5,0,0,1,0,0,0,13,2,0,0,4,11,326,1,3,3,3,3,4,9,10,6,5,0,0,2,10,15
38,4,4,8,4,0,0,1,0,0,0,8,7,0,0,4,11,326,1,3,3,3,3,3,8,9,5,4,0,0,2,10,15
-28,2,2,10,3,0,0,2,0,0,0,13,2,0,0,4,11,326,0,2,2,2,2,3,7,8,6,6,0,0,1,10,30
-31,2,2,13,2,0,0,2,0,0,0,13,2,0,0,4,11,326,0,2,2,2,2,2,6,7,5,5,0,0,1,11,0
7,0,0,4,2,0,0,2,0,0,1,7,8,0,0,4,11,326,0,0,0,0,0,5,6,6,6,4,0,0,2,9,45
16,0,0,0,1,0,0,2,0,0,1,0,3,0,1,4,11,326,0,0,0,0,0,4,5,5,5,3,0,0,1,9,0
1,0,0,1,1,0,0,2,0,0,0,0,3,0,0,4,11,326,0,0,0,0,0,3,4,4,4,3,0,0,2,9,15
2,0,0,2,1,0,0,1,0,0,0,0,5,0,0,4,11,326,0,0,0,0,0,2,3,3,3,3,0,0,2,9,30
2,0,0,4,1,0,0,0,0,0,0,0,16,0,0,4,11,326,0,0,0,0,0,1,2,2,2,2,0,0,2,9,45
0,0,0,2,0,0,0,0,0,0,0,0,51,0,0,4,11,326,0,0,0,0,0,1,1,1,1,1,0,0,2,9,30
27,34,6,41,3,0,0,0,0,0,1,13,2,0,0,3,11,325,1,40,4,8,14,3,5,12,4,2,7,2,1,16,45
-16,32,6,43,4,0,0,0,1,0,0,27,3,0,0,3,11,325,1,38,4,8,12,2,6,14,5,1,7,2,1,17,0
-17,32,6,44,4,0,0,0,1,0,0,21,9,1,0,3,11,325,1,37,3,8,13,2,5,14,5,2,6,2,1,17,30
10,29,4,38,6,0,0,0,1,0,0,9,6,0,0,3,11,325,1,34,5,7,11,4,6,15,7,4,5,1,1,16,0
10,29,5,41,6,0,0,0,1,0,0,4,11,0,0,3,11,325,2,33,4,6,10,4,5,14,6,3,5,0,1,16,45
38,28,4,38,5,0,1,0,1,0,0,11,4,0,0,3,11,325,2,32,3,6,9,4,8,13,6,2,5,1,1,16,0
-8,26,3,40,6,0,1,0,0,0,0,6,9,0,0,3,11,325,1,31,2,5,8,3,7,12,7,3,5,1,2,16,30
38,26,4,34,6,0,1,1,0,0,0,5,10,0,0,3,11,325,2,29,2,5,8,2,9,12,7,3,5,2,2,15,30
26,25,3,32,6,0,0,1,0,0,0,1,14,0,0,3,11,325,0,29,3,5,8,4,8,12,8,2,5,2,2,15,15
3,24,3,36,4,0,0,1,1,0,1,3,12,0,0,3,11,325,1,27,3,4,7,7,9,12,8,3,4,3,2,15,45
22,24,3,32,4,0,0,1,1,0,1,3,12,0,0,3,11,325,1,27,3,4,7,7,9,12,8,3,4,3,2,15,15
19,24,3,30,4,0,0,1,1,0,1,1,14,0,0,3,11,325,2,26,2,3,7,5,7,10,6,2,4,2,2,15,0
74,24,4,29,3,0,0,1,1,0,1,12,3,0,0,3,11,325,2,26,2,3,8,4,6,9,5,2,4,2,2,14,45
-15,23,3,36,2,0,0,1,1,0,1,4,11,0,0,3,11,325,1,26,3,3,9,4,5,9,5,2,3,2,2,15,45
89,23,3,30,1,0,0,1,1,0,1,3,12,0,0,3,11,325,1,26,3,3,9,3,4,8,4,1,3,1,2,15,0
113,22,3,20,2,0,0,1,1,0,1,7,8,0,0,3,11,325,2,24,1,3,8,3,4,8,4,2,3,1,1,12,30
22,22,3,28,2,0,0,1,1,0,0,40,5,0,0,3,11,325,2,24,1,4,11,2,4,7,3,1,3,2,1,14,30
-11,21,2,34,3,0,0,0,1,0,0,28,17,0,0,3,11,325,1,23,1,3,11,1,3,6,4,0,2,2,2,15,30
34,19,2,26,2,0,0,0,1,0,1,9,6,0,0,3,11,325,0,22,2,5,13,2,5,10,5,2,2,1,1,13,30
42,19,4,23,1,0,1,0,1,0,1,1,14,0,0,3,11,325,1,21,2,7,12,2,4,9,4,2,1,1,1,13,0
-1,18,7,25,2,0,0,0,1,0,1,7,8,0,0,3,11,325,0,20,4,8,13,3,4,10,5,2,1,0,1,13,15
24,18,10,23,4,0,0,0,1,0,0,7,8,0,0,3,11,325,2,18,5,8,12,2,4,9,4,1,1,1,1,13,0
-11,17,9,27,4,0,0,0,1,0,0,1,14,0,0,3,11,325,2,17,4,8,12,1,4,9,4,0,1,1,1,14,15
24,11,4,20,5,0,0,2,1,0,1,12,3,0,0,3,11,325,1,12,3,4,10,4,6,12,9,2,1,1,1,12,30
50,11,5,16,5,0,0,2,1,0,1,3,12,0,0,3,11,325,2,11,2,4,9,4,6,13,8,2,0,1,2,11,45
111,8,3,22,6,0,0,2,0,0,1,4,11,0,0,3,11,325,0,9,2,5,9,4,6,12,10,2,0,0,2,12,45
16,8,3,16,6,0,0,2,1,0,0,14,1,0,0,3,11,325,1,9,1,4,8,3,5,11,9,2,0,0,2,11,45
44,8,3,14,5,0,0,2,1,0,0,11,4,0,0,3,11,325,1,9,1,4,9,3,4,10,8,1,0,0,2,11,30
22,7,3,18,5,0,0,2,1,0,0,12,3,0,0,3,11,325,1,8,1,4,8,2,4,11,8,2,0,0,2,12,0
24,7,3,13,4,0,0,2,1,0,0,12,3,0,0,3,11,325,1,8,3,6,8,2,6,10,7,1,0,0,2,11,15
24,5,3,18,6,0,0,2,1,0,0,4,11,0,0,3,11,325,2,5,3,4,5,4,7,12,8,1,0,0,2,12,0
74,5,4,5,7,0,0,2,0,0,0,5,10,0,0,3,11,325,1,4,2,4,4,6,7,14,9,3,0,0,2,10,0
104,4,4,7,8,0,0,1,0,0,0,10,5,0,0,3,11,325,1,3,1,3,3,5,7,13,9,2,0,0,2,10,15
67,4,4,12,9,0,0,0,0,0,0,5,10,0,0,3,11,325,2,2,1,2,2,4,6,12,8,2,0,0,1,11,0
26,4,4,9,8,0,0,0,0,0,0,1,14,0,0,3,11,325,2,2,1,2,2,3,5,11,7,2,0,0,1,10,30
17,4,4,5,7,0,0,0,0,0,0,8,7,0,0,3,11,325,2,2,2,2,2,2,5,10,6,2,0,0,2,10,0
17,4,4,14,6,0,0,0,0,0,0,7,8,0,0,3,11,325,2,2,2,2,2,1,5,9,5,2,0,0,2,11,30
21,1,1,7,7,0,0,0,0,0,0,6,9,0,0,3,11,325,1,0,0,0,0,4,8,8,7,4,0,0,2,10,15
113,0,0,3,6,0,0,0,0,0,0,2,13,0,0,3,11,325,0,0,0,0,0,3,7,7,7,5,0,0,2,9,45
-4,0,0,9,5,0,0,0,0,0,0,0,4,0,0,3,11,325,0,0,0,0,0,4,6,6,6,5,0,0,1,10,30
18,0,0,0,4,0,0,0,0,0,0,0,8,0,1,3,11,325,0,0,0,0,0,5,5,5,5,4,0,0,1,9,0
16,0,0,1,3,0,0,0,0,0,0,0,22,0,0,3,11,325,0,0,0,0,0,4,4,4,4,3,0,0,1,9,15
22,0,0,2,2,0,0,0,0,0,0,0,31,0,0,3,11,325,0,0,0,0,0,3,3,3,3,2,0,0,2,9,30
5,0,0,3,1,0,0,0,0,0,0,0,34,0,0,3,11,325,0,0,0,0,0,2,2,2,2,1,0,0,2,9,45
-24,0,0,11,0,0,0,0,0,0,0,0,37,0,0,3,11,325,0,0,0,0,0,1,1,1,1,1,0,0,1,10,45
76,39,4,51,0,0,0,1,0,0,1,37,8,0,0,2,11,324,0,51,3,5,11,1,2,8,3,1,5,0,1,17,0
42,37,4,52,2,0,0,2,0,0,0,4,41,0,0,2,11,324,1,48,2,5,12,1,3,11,4,3,5,1,1,17,15
58,34,5,46,4,0,0,2,0,0,1,4,11,0,0,2,11,324,2,44,3,6,14,3,9,15,6,3,4,2,2,16,30
72,33,5,45,4,0,0,2,0,0,1,7,8,0,0,2,11,324,2,43,3,6,15,5,9,14,6,3,4,1,3,16,15
67,31,5,49,5,0,0,1,1,0,1,8,7,0,0,2,11,324,1,41,3,7,14,7,11,14,8,3,4,2,1,16,45
10,31,5,46,4,0,0,1,1,0,1,1,14,0,0,2,11,324,1,41,3,7,14,6,10,14,7,3,4,2,2,16,30
117,30,5,36,4,0,0,1,1,0,1,11,4,0,0,2,11,324,1,40,2,6,13,6,10,15,7,3,4,2,1,15,0
52,30,5,42,4,0,0,0,1,0,1,8,7,0,0,2,11,324,1,40,3,8,13,5,9,14,6,2,4,2,1,16,0
15,29,5,42,4,0,0,0,1,0,1,1,14,0,0,2,11,324,1,39,4,7,13,5,8,13,6,3,3,2,1,16,0
-22,29,5,46,3,0,0,0,1,0,1,12,3,0,0,2,11,324,1,39,4,8,13,5,7,13,5,3,3,1,2,16,30
30,29,6,40,3,0,0,0,1,0,1,8,7,0,0,2,11,324,2,38,4,7,13,5,6,12,4,3,3,1,3,15,45
44,29,7,40,2,0,0,0,1,0,1,0,15,0,0,2,11,324,1,38,4,9,14,5,6,13,4,2,3,1,3,15,45
27,27,7,39,3,0,0,0,1,0,1,2,13,0,0,2,11,324,1,36,4,9,13,4,5,12,5,2,3,1,2,15,30
-147,27,8,53,3,0,0,1,1,0,0,14,1,1,0,2,11,324,2,35,3,8,12,3,4,11,4,2,2,1,1,18,0
37,27,8,38,3,0,0,1,0,0,0,11,4,0,0,2,11,324,2,35,4,8,14,2,3,10,3,2,2,0,1,15,15
26,26,7,36,2,0,0,2,0,0,0,0,15,0,0,2,11,324,1,34,5,7,13,2,4,9,4,2,2,0,1,15,0
40,23,5,34,4,0,1,2,0,0,0,4,26,0,0,2,11,324,2,30,3,5,12,2,8,11,6,2,2,1,2,14,30
94,19,4,29,4,0,2,3,0,0,0,9,6,0,0,2,11,324,1,27,2,6,13,5,7,12,9,4,2,1,2,13,45
41,19,5,30,3,0,2,3,0,0,0,2,13,0,0,2,11,324,1,27,3,6,13,6,6,13,8,3,2,1,2,14,0
23,19,5,30,2,0,2,3,0,0,0,15,15,0,0,2,11,324,1,27,3,6,13,5,5,12,7,3,2,1,2,14,0
0,19,5,32,2,0,1,3,0,0,0,13,2,0,0,2,11,324,1,27,3,7,14,4,4,11,6,2,2,1,2,14,15
3,19,5,34,3,0,0,3,0,0,0,13,2,0,0,2,11,324,1,26,4,7,15,3,5,13,6,1,2,1,2,14,30
32,18,5,32,3,0,0,3,0,0,0,6,9,0,0,2,11,324,1,25,4,7,14,2,5,13,6,2,2,2,2,14,15
-102,18,5,49,3,0,0,2,0,0,0,5,10,0,0,2,11,324,1,25,4,7,14,1,4,12,5,2,1,2,1,16,45
82,14,5,25,7,0,0,2,1,0,0,12,3,0,0,2,11,324,3,19,2,6,11,3,7,17,8,3,1,1,1,13,0
102,14,6,27,7,0,0,1,1,0,0,9,6,0,0,2,11,324,3,19,3,7,11,2,6,16,7,3,1,1,1,13,15
-123,14,7,42,6,0,0,1,1,0,0,11,4,0,0,2,11,324,3,19,5,8,13,3,8,15,6,3,0,1,1,16,0
42,10,4,21,7,0,1,1,1,0,0,7,8,0,0,2,11,324,2,16,4,7,12,4,10,17,9,6,0,0,2,12,30
9,10,6,28,7,0,1,1,1,0,0,13,2,0,0,2,11,324,2,15,4,6,11,6,10,17,9,6,0,0,1,13,30
-28,10,6,23,7,0,0,1,2,0,0,6,9,0,0,2,11,324,3,14,3,6,11,6,11,17,8,5,0,0,2,12,45
40,10,6,23,6,0,0,1,2,0,0,4,11,0,0,2,11,324,3,14,3,6,11,5,10,16,7,4,0,0,2,12,45
12,8,5,19,7,0,0,1,2,0,0,3,12,0,0,2,11,324,2,12,3,5,9,6,10,17,9,5,0,0,2,12,15
20,8,5,25,6,0,0,1,2,0,0,2,13,0,0,2,11,324,2,12,3,5,10,5,9,16,8,4,0,0,1,13,0
-20,8,5,19,5,0,0,1,2,0,0,2,13,0,0,2,11,324,2,12,3,5,10,4,8,15,7,3,0,0,2,12,15
40,7,4,17,5,0,0,1,2,0,0,10,5,0,0,2,11,324,2,11,2,5,9,5,7,14,7,3,0,0,2,12,0
34,6,3,21,5,0,0,0,2,0,0,2,13,0,0,2,11,324,1,11,3,7,9,6,8,14,7,3,0,0,2,12,30
39,6,3,16,5,0,0,0,2,0,0,0,15,0,0,2,11,324,2,10,2,6,8,5,7,13,6,3,0,0,2,11,45
35,5,3,17,6,0,0,0,1,0,0,2,13,0,0,2,11,324,1,9,2,5,8,4,8,12,7,4,0,0,2,12,0
17,4,2,11,5,0,0,0,1,0,0,11,4,0,0,2,11,324,0,9,3,5,9,3,8,11,7,4,0,0,2,11,0
60,4,2,11,6,0,0,0,0,0,0,6,9,0,0,2,11,324,1,8,3,5,8,4,7,10,6,3,0,0,2,11,0
23,4,3,13,5,0,0,0,0,0,0,3,12,0,0,2,11,324,1,8,4,5,8,3,6,9,5,3,0,0,1,11,15
84,3,2,8,4,0,2,0,0,0,0,10,5,0,0,2,11,324,1,6,2,4,6,5,7,11,6,4,0,0,2,10,30
29,3,2,13,3,0,2,0,0,0,0,7,8,0,0,2,11,324,0,6,3,4,6,4,7,11,6,5,0,0,1,11,15
-6,3,2,9,5,0,1,0,0,0,0,0,15,0,0,2,11,324,2,4,1,2,4,3,6,11,5,4,0,0,2,10,45
-6,2,1,15,4,0,1,0,0,0,0,6,9,0,0,2,11,324,1,4,1,2,4,3,5,10,5,3,0,0,1,11,30
91,2,1,3,3,0,1,0,0,0,0,12,3,0,0,2,11,324,1,4,2,4,4,3,4,9,4,2,0,0,2,9,45
-5,1,1,9,4,0,0,0,0,0,0,6,9,0,0,2,11,324,1,3,1,3,3,3,5,8,4,2,0,0,2,10,45
12,1,1,7,3,0,0,0,0,0,0,4,11,0,0,2,11,324,1,3,2,3,3,2,4,7,3,1,0,0,1,10,15
101,1,1,1,3,0,0,0,0,0,0,9,6,0,0,2,11,324,1,2,2,2,2,1,4,6,3,1,0,0,1,9,15
34,0,0,2,4,0,0,0,0,0,0,2,13,0,0,2,11,324,0,0,0,0,0,5,5,5,5,3,0,0,2,9,30
-51,0,0,5,3,0,0,0,0,0,0,0,2,0,0,2,11,324,0,0,0,0,0,4,4,4,4,3,0,0,1,10,0
-12,0,0,5,2,0,0,0,0,0,0,0,15,0,0,2,11,324,0,0,0,0,0,3,3,3,3,2,0,0,1,10,0
-13,0,0,3,1,0,0,0,0,0,0,0,22,0,0,2,11,324,0,0,0,0,0,2,2,2,2,2,0,0,2,9,45
3,0,0,0,0,0,0,0,0,0,0,0,26,0,1,2,11,324,0,0,0,0,0,1,1,1,1,1,0,0,1,9,0
9,29,4,43,6,0,0,3,0,0,1,7,23,0,0,6,11,321,2,39,2,4,11,2,7,12,9,4,6,2,2,17,0
17,26,3,42,6,0,0,4,0,0,1,11,4,0,0,6,11,321,1,37,2,5,11,6,7,14,11,5,6,3,2,16,30
8,26,4,47,5,0,0,4,0,0,1,14,1,0,0,6,11,321,1,37,4,7,12,6,7,16,10,5,5,3,1,17,30
4,26,4,45,4,0,0,4,0,0,1,12,3,0,0,6,11,321,1,37,4,7,12,5,8,15,9,4,4,2,2,17,15
16,26,4,45,4,0,0,3,0,0,1,11,4,0,0,6,11,321,1,37,4,7,12,4,8,14,8,3,4,1,2,17,15
-37,26,4,47,4,0,0,3,0,0,1,9,6,0,0,6,11,321,2,36,3,6,11,3,7,13,7,3,4,1,1,17,30
26,26,6,40,4,0,0,3,0,0,0,3,12,0,0,6,11,321,1,36,3,6,12,2,6,13,7,3,4,1,1,16,15
-66,24,6,49,6,0,0,2,0,0,0,4,11,1,0,6,11,321,1,34,2,6,11,1,5,13,8,3,3,1,1,18,0
58,22,4,34,6,0,0,3,0,0,0,2,13,0,0,6,11,321,0,31,4,6,10,4,8,13,10,4,3,1,2,15,15
22,22,5,34,6,0,0,3,0,0,1,13,2,0,0,6,11,321,2,30,2,5,8,3,9,12,9,3,3,1,2,15,15
58,22,5,40,5,0,0,3,0,0,1,12,3,0,0,6,11,321,2,30,2,5,8,2,8,11,8,3,3,1,1,16,15
31,22,6,39,4,0,0,3,0,0,1,11,4,0,0,6,11,321,2,30,2,5,8,1,7,10,7,3,3,1,2,16,0
50,18,4,36,4,0,1,3,0,0,1,9,6,0,0,6,11,321,0,28,3,5,9,6,8,12,10,6,3,1,1,15,30
20,18,4,28,4,0,1,3,0,0,1,44,1,0,0,6,11,321,1,27,3,5,10,7,7,11,9,6,3,1,1,14,15
-21,18,4,36,4,0,1,3,0,0,1,42,3,0,0,6,11,321,2,26,2,4,9,6,6,11,8,5,3,1,1,15,30
-70,18,4,43,4,0,1,2,0,0,1,39,6,0,0,6,11,321,2,26,3,4,9,5,5,11,7,4,2,1,2,17,0
41,18,4,32,3,0,1,2,0,0,1,32,13,0,0,6,11,321,1,26,3,4,10,4,5,13,7,3,2,1,2,15,0
6,17,3,31,4,0,1,2,0,0,0,29,16,0,0,6,11,321,1,25,2,3,10,3,4,12,7,3,2,1,2,14,45
33,16,2,28,3,0,1,2,0,0,0,23,22,0,0,6,11,321,0,25,2,4,10,2,3,11,7,2,2,1,1,14,15
20,16,3,32,3,0,1,2,0,0,0,15,30,0,0,6,11,321,1,24,2,5,11,1,2,10,6,2,2,1,2,15,0
-97,14,3,38,3,0,1,3,0,0,0,8,7,0,0,6,11,321,0,22,3,5,13,2,6,11,8,3,1,2,1,15,45
-16,13,5,27,6,0,0,3,0,0,0,11,4,0,0,6,11,321,2,19,2,6,13,5,8,13,8,3,1,1,2,13,30
42,13,5,25,5,0,0,3,0,0,0,6,9,0,0,6,11,321,2,19,3,6,14,6,7,12,7,3,0,1,1,13,15
4,11,4,30,5,0,0,2,0,0,0,10,5,0,0,6,11,321,0,19,4,7,15,6,6,12,8,4,0,0,1,14,30
125,11,6,24,7,0,0,1,0,0,0,13,2,0,0,6,11,321,2,17,4,7,14,5,5,12,7,3,0,0,2,13,0
41,11,6,22,7,0,0,0,0,0,0,11,4,0,0,6,11,321,2,17,4,8,14,4,5,12,6,3,0,0,1,12,45
58,11,6,22,6,0,0,0,0,0,0,8,7,0,0,6,11,321,2,17,4,8,14,3,5,11,5,2,0,0,1,12,45
46,11,6,25,6,0,0,0,0,0,0,7,8,0,0,6,11,321,3,16,3,7,13,2,4,10,4,1,0,0,1,13,15
17,11,6,21,5,0,0,0,0,0,0,4,11,0,0,6,11,321,2,16,3,7,13,1,3,9,4,2,0,0,2,12,30
24,5,5,15,7,0,0,2,1,0,0,13,2,0,0,6,11,321,1,10,4,7,9,5,7,17,10,5,0,0,2,11,30
32,5,5,19,7,0,0,2,1,0,0,9,6,0,0,6,11,321,2,9,3,6,9,4,7,16,9,4,0,0,1,12,0
-9,5,5,20,6,0,0,2,1,0,0,3,12,0,0,6,11,321,2,9,5,6,9,3,6,15,8,3,0,0,1,12,15
36,3,3,14,7,0,0,2,1,0,0,6,9,0,0,6,11,321,2,7,3,4,7,3,5,16,9,2,0,0,2,11,15
-14,1,1,17,8,0,0,1,1,0,0,13,2,0,0,6,11,321,1,6,3,3,6,3,7,16,10,1,0,0,1,11,45
62,0,0,15,9,0,0,1,1,0,0,12,3,0,0,6,11,321,1,4,1,1,4,3,8,16,11,3,0,0,2,11,30
45,0,0,6,8,0,0,1,1,0,0,5,10,0,0,6,11,321,1,4,1,3,4,2,11,15,10,3,0,0,2,10,15
-1,0,0,8,7,0,0,2,1,0,0,12,3,0,0,6,11,321,1,3,0,2,3,4,10,14,10,3,0,0,1,10,30
50,0,0,5,6,0,0,2,1,0,0,4,11,0,0,6,11,321,0,3,2,3,3,9,11,13,10,2,0,0,2,10,0
61,0,0,6,5,0,0,2,1,0,0,3,12,0,0,6,11,321,0,3,2,3,3,8,10,12,9,2,0,0,2,10,15
61,0,0,3,4,0,0,2,1,0,0,14,1,0,0,6,11,321,0,3,2,3,3,7,10,11,8,2,0,0,1,9,45
77,0,0,3,4,0,0,2,0,0,0,3,12,0,0,6,11,321,0,3,3,3,3,6,9,10,7,2,0,0,1,9,45
16,0,0,17,3,0,0,2,0,0,0,1,14,0,0,6,11,321,0,3,3,3,3,5,9,9,6,2,0,0,1,11,45
31,0,0,11,3,0,0,1,0,0,0,11,4,0,0,6,11,321,0,3,3,3,3,6,8,8,5,2,0,0,1,11,0
10,0,0,8,2,0,0,1,0,0,0,9,6,0,0,6,11,321,0,3,3,3,3,5,7,7,4,1,0,0,1,10,30
17,0,0,11,1,0,0,1,0,0,0,9,6,0,0,6,11,321,0,3,3,3,3,4,6,6,3,0,0,0,1,11,0
-42,0,0,11,1,0,0,1,0,0,0,6,9,0,0,6,11,321,1,2,2,2,2,3,5,5,2,0,0,0,1,11,0
-43,0,0,10,1,0,1,0,0,0,1,1,14,0,0,6,11,321,1,0,0,0,0,4,4,4,3,2,0,0,3,10,45
-5,0,0,1,0,0,1,0,0,0,1,0,1,0,0,6,11,321,1,0,0,0,0,3,3,3,2,2,0,0,1,9,15
-16,0,0,2,0,0,1,0,0,0,0,0,16,0,0,6,11,321,0,0,0,0,0,2,2,2,2,2,0,0,2,9,30
-2,0,0,0,0,0,0,0,0,0,0,0,28,0,1,6,11,321,0,0,0,0,0,1,1,1,1,1,0,0,1,9,0
31,34,6,46,2,0,2,1,0,0,0,10,5,0,0,5,11,320,1,44,3,7,13,2,3,11,5,3,5,0,1,17,15
35,32,7,47,3,0,1,2,0,0,1,1,14,0,0,5,11,320,2,41,3,7,11,2,5,12,6,5,5,2,1,17,30
25,30,6,43,4,0,1,3,0,0,0,12,3,0,0,5,11,320,2,39,2,6,10,2,7,13,7,4,5,2,1,16,45
100,28,6,40,5,0,1,3,0,0,0,9,6,0,0,5,11,320,2,37,3,6,8,4,8,12,8,4,5,2,2,16,15
-17,26,5,48,7,0,0,3,0,0,0,8,7,0,0,5,11,320,2,35,2,5,8,6,8,14,9,5,4,3,1,17,45
36,25,4,38,7,0,0,3,0,0,0,1,14,0,0,5,11,320,2,34,3,4,8,5,8,15,9,4,3,2,1,16,0
1,25,4,41,6,0,0,3,0,0,0,11,4,0,0,5,11,320,2,34,3,4,9,5,7,15,8,4,3,1,2,16,30
6,24,3,45,5,0,0,3,0,0,1,6,9,0,0,5,11,320,2,33,2,3,8,4,6,14,8,4,3,1,1,17,0
75,24,3,41,5,0,0,2,0,0,1,14,1,0,0,5,11,320,2,33,2,3,9,4,7,13,7,3,3,1,2,16,30
74,23,2,36,4,0,0,2,0,0,1,10,5,0,0,5,11,320,1,33,3,4,9,3,6,12,7,3,3,1,2,15,45
12,23,2,43,4,0,0,3,0,0,1,14,1,0,0,5,11,320,2,31,1,2,9,3,5,11,7,3,3,1,1,16,45
-171,21,1,49,4,0,0,3,0,0,0,4,11,1,0,5,11,320,0,31,1,2,10,2,4,11,8,5,2,1,1,18,30
22,21,1,36,4,0,0,3,0,0,0,2,13,0,0,5,11,320,0,30,1,4,11,3,8,10,8,5,2,0,2,15,45
-9,21,3,34,3,0,0,3,0,0,0,18,12,0,0,5,11,320,0,30,2,5,11,3,8,12,7,5,2,1,1,15,15
53,21,3,32,2,0,0,3,0,0,0,17,13,0,0,5,11,320,0,30,2,6,11,3,7,11,6,5,2,1,1,15,0
18,20,4,38,2,0,0,3,0,0,1,3,12,0,0,5,11,320,1,28,3,7,11,6,7,10,6,4,2,1,1,16,0
40,20,4,32,1,0,0,3,0,0,1,3,12,0,0,5,11,320,1,28,3,8,11,5,6,9,5,3,2,1,1,15,0
44,20,4,35,2,0,0,2,0,0,1,1,14,0,0,5,11,320,2,27,3,7,10,4,5,8,4,3,2,1,2,15,30
52,20,5,30,3,0,0,1,0,0,1,19,11,0,0,5,11,320,2,26,2,7,9,3,4,7,4,2,2,1,2,14,30
-3,20,5,28,3,0,0,1,0,0,0,18,12,0,0,5,11,320,2,26,3,7,9,2,3,6,3,1,2,1,2,14,15
55,19,4,30,3,0,0,0,0,0,0,15,15,0,0,5,11,320,0,26,3,7,10,1,2,5,4,1,1,1,2,14,30
30,16,5,26,5,0,0,1,1,0,0,11,4,0,0,5,11,320,2,21,2,3,7,2,4,10,6,2,1,1,1,13,30
4,15,5,27,6,0,0,1,1,0,0,29,1,0,0,5,11,320,3,19,1,3,8,3,3,12,6,3,0,1,2,13,45
-15,15,5,28,5,0,0,1,1,0,0,24,6,0,0,5,11,320,3,19,1,3,8,2,2,11,5,3,0,0,2,14,15
73,14,4,25,4,0,0,1,1,0,0,19,11,0,0,5,11,320,2,19,2,3,8,1,1,11,5,3,0,0,1,13,15
23,10,4,22,6,0,1,1,1,0,0,10,5,0,0,5,11,320,1,15,3,6,12,7,10,14,9,6,0,0,2,12,30
67,10,4,16,5,0,1,1,1,0,0,6,9,0,0,5,11,320,1,15,3,6,12,7,10,13,8,6,0,0,1,11,30
26,10,5,23,5,0,1,0,1,0,0,2,13,0,0,5,11,320,1,15,4,7,12,6,10,13,7,5,0,0,1,13,0
28,10,5,18,5,0,1,0,0,0,0,0,15,0,0,5,11,320,1,15,4,7,12,6,9,12,6,4,0,0,2,12,0
27,10,5,23,4,0,1,0,0,0,0,0,15,0,0,5,11,320,1,15,4,7,12,5,8,11,5,3,0,0,1,13,0
-22,10,5,20,4,0,0,0,0,0,0,14,1,0,0,5,11,320,1,15,4,7,12,4,7,10,4,2,0,0,1,12,15
55,9,5,20,4,0,0,0,0,0,1,14,1,0,0,5,11,320,2,13,4,6,11,4,6,10,4,2,0,0,1,12,15
41,7,3,18,4,0,0,0,0,0,1,7,8,0,0,5,11,320,1,12,3,6,10,4,5,10,5,3,0,0,2,12,0
24,7,5,17,4,0,0,0,0,0,1,2,13,0,0,5,11,320,2,11,3,5,9,4,5,10,4,2,0,0,2,11,45
13,6,5,14,3,0,0,0,0,0,1,7,8,0,0,5,11,320,1,11,3,7,10,3,5,9,4,3,0,0,1,11,0
40,6,6,12,4,0,0,0,0,0,1,24,6,0,0,5,11,320,2,9,3,6,9,2,4,9,4,2,0,0,1,10,45
52,5,5,11,5,0,0,0,0,0,0,18,12,0,0,5,11,320,2,8,2,5,8,2,4,8,4,2,0,0,2,10,15
62,3,3,8,6,0,0,0,0,0,0,4,11,0,0,5,11,320,1,6,3,4,6,3,5,13,6,1,0,0,1,10,0
-31,2,2,15,6,0,0,0,0,0,0,13,2,0,0,5,11,320,1,5,2,3,5,2,5,12,6,0,0,0,1,11,15
33,0,0,5,7,0,0,0,0,0,0,6,9,0,0,5,11,320,1,3,1,3,3,3,5,11,7,2,0,0,3,9,45
6,0,0,8,6,0,0,0,0,0,0,11,4,0,0,5,11,320,0,3,1,3,3,3,7,10,7,3,0,0,1,10,0
8,0,0,5,5,0,0,1,0,0,0,11,4,0,0,5,11,320,0,2,2,2,2,3,9,9,7,4,0,0,3,9,45
65,0,0,2,4,0,0,1,0,0,0,3,12,0,0,5,11,320,0,2,2,2,2,2,8,8,6,3,0,0,3,9,30
-9,0,0,5,3,0,0,1,0,0,1,0,10,0,0,5,11,320,1,1,1,1,1,5,7,7,5,3,0,0,3,9,45
42,0,0,0,2,0,0,1,0,0,2,0,29,0,1,5,11,320,0,0,0,0,0,6,6,6,6,2,0,0,1,9,0
-41,0,0,2,2,0,0,1,0,0,1,0,30,0,0,5,11,320,0,0,0,0,0,5,5,5,5,1,0,0,3,9,30
4,0,0,8,1,0,0,1,0,0,1,0,32,0,0,5,11,320,0,0,0,0,0,4,4,4,4,1,0,0,1,10,0
-16,0,0,2,1,0,0,0,0,0,1,0,40,0,0,5,11,320,0,0,0,0,0,3,3,3,3,1,0,0,3,9,30
-35,0,0,1,1,0,0,0,0,0,0,0,45,0,0,5,11,320,0,0,0,0,0,2,2,2,2,0,0,0,3,9,15
-34,0,0,12,0,0,0,0,0,0,0,0,47,0,0,5,11,320,0,0,0,0,0,1,1,1,1,0,0,0,1,10,45
22,36,5,41,3,0,0,0,0,0,0,4,11,1,0,4,11,319,1,38,3,5,9,1,1,5,3,1,1,0,1,17,30
54,31,3,38,7,0,0,0,0,0,1,13,2,0,0,4,11,319,1,32,1,3,8,3,4,10,8,2,1,0,1,16,30
-14,31,3,40,7,0,0,0,0,0,0,11,4,0,0,4,11,319,1,32,2,3,8,2,3,9,7,2,1,0,1,17,15
42,30,4,35,7,0,0,0,0,0,0,28,2,0,0,4,11,319,1,31,1,3,8,2,5,8,7,2,1,1,2,16,0
75,29,5,36,7,0,0,0,0,0,0,0,30,0,0,4,11,319,1,30,2,5,11,4,5,10,7,2,1,1,2,16,15
83,27,4,30,6,0,0,0,0,0,1,4,11,0,0,4,11,319,0,29,3,5,14,4,6,11,8,1,0,1,2,15,0
57,27,5,36,5,0,0,0,0,0,1,3,12,0,0,4,11,319,0,29,3,6,14,3,5,10,7,1,0,0,2,16,15
61,27,5,34,5,0,0,0,0,0,1,2,13,0,0,4,11,319,1,28,3,5,13,2,4,9,6,1,0,0,1,15,30
25,25,6,29,6,0,0,0,0,0,0,12,3,0,0,4,11,319,0,27,3,6,13,3,4,8,7,1,0,0,2,14,45
46,23,6,32,8,0,0,0,0,0,0,17,13,0,0,4,11,319,1,24,3,6,12,2,5,8,8,2,0,0,1,15,15
20,23,7,38,7,0,0,0,0,0,0,16,14,0,0,4,11,319,1,24,3,6,12,1,4,7,7,1,0,0,1,16,30
45,20,6,27,9,0,0,0,0,0,0,15,15,0,0,4,11,319,1,21,3,6,12,3,5,10,9,2,0,0,1,14,0
29,19,6,28,9,0,0,0,0,0,0,10,20,0,0,4,11,319,1,20,5,6,11,4,4,9,9,3,0,0,1,14,30
21,18,6,30,9,0,0,0,0,0,0,1,29,0,0,4,11,319,1,19,4,5,11,3,3,9,9,3,0,0,2,15,0
30,16,5,32,10,0,0,0,0,0,0,29,1,0,0,4,11,319,1,17,3,6,10,2,3,11,10,4,0,0,1,15,15
55,16,5,26,10,0,0,1,0,0,0,28,2,0,0,4,11,319,3,15,1,4,8,1,2,11,9,4,0,0,1,13,30
227,12,4,10,12,0,0,1,0,0,0,6,9,0,0,4,11,319,2,12,2,4,7,5,8,12,12,5,0,0,2,10,45
67,11,5,21,12,0,0,1,0,0,0,6,9,0,0,4,11,319,2,11,2,4,7,5,9,13,12,5,0,0,2,12,30
49,11,5,25,11,0,0,1,0,0,0,3,12,0,0,4,11,319,2,11,3,4,7,4,8,12,11,5,0,0,1,13,15
102,10,4,19,10,0,0,1,0,0,0,0,15,0,0,4,11,319,1,10,3,4,7,4,7,11,11,5,0,0,2,12,15
85,10,5,18,10,0,0,1,0,0,0,11,4,0,0,4,11,319,2,10,2,3,7,4,7,10,10,5,0,0,2,12,0
68,9,4,23,10,0,0,1,0,0,0,10,5,0,0,4,11,319,2,9,2,3,7,5,7,11,10,5,0,0,1,12,45
75,8,4,21,9,0,0,2,0,0,0,1,14,0,0,4,11,319,2,8,1,3,7,4,6,11,10,5,0,0,2,12,30
57,8,4,17,8,0,0,2,0,0,0,12,3,0,0,4,11,319,2,8,1,3,8,3,5,10,9,4,0,0,1,11,45
22,7,4,23,9,0,0,1,0,0,0,0,15,0,0,4,11,319,2,7,1,2,7,4,4,10,9,4,0,0,1,12,45
61,7,4,19,8,0,0,1,0,0,0,13,2,0,0,4,11,319,2,7,1,2,7,3,3,11,8,4,0,0,2,12,15
93,6,4,14,7,0,0,1,0,0,0,11,4,0,0,4,11,319,1,7,2,4,7,2,4,11,8,5,0,0,1,11,15
92,5,4,12,7,0,0,1,0,0,0,1,14,0,0,4,11,319,1,6,1,3,6,1,4,13,8,5,0,0,2,11,0
76,3,3,10,8,0,0,1,0,0,0,8,22,0,0,4,11,319,1,4,2,4,4,4,8,13,9,6,0,0,2,10,45
76,3,3,12,7,0,0,1,0,0,0,6,24,0,0,4,11,319,1,4,2,4,4,4,7,13,8,5,0,0,2,11,0
32,2,2,5,7,0,0,1,0,0,0,5,10,0,0,4,11,319,1,3,3,3,3,4,10,12,8,4,0,0,2,9,45
18,1,1,16,7,0,0,1,0,0,0,14,1,0,0,4,11,319,1,2,2,2,2,5,9,11,8,4,0,0,1,11,30
23,1,1,14,6,0,0,1,0,0,0,8,7,0,0,4,11,319,1,2,2,2,2,4,8,10,7,3,0,0,1,11,15
50,0,0,8,7,0,0,0,0,0,1,6,9,0,0,4,11,319,1,0,0,0,0,7,7,9,8,3,0,0,2,10,30
-10,0,0,2,7,0,0,0,0,0,0,0,15,0,0,4,11,319,0,0,0,0,0,6,7,8,8,3,0,0,1,9,30
97,0,0,2,6,0,0,0,0,0,0,0,15,0,0,4,11,319,0,0,0,0,0,5,6,7,7,3,0,0,1,9,30
56,0,0,6,5,0,0,0,0,0,0,5,10,0,0,4,11,319,0,0,0,0,0,4,6,6,6,2,0,0,2,10,0
37,0,0,0,4,0,0,0,0,0,0,0,5,0,1,4,11,319,0,0,0,0,0,3,5,5,5,1,0,0,1,9,0
50,0,0,1,3,0,0,0,0,0,0,0,5,0,0,4,11,319,0,0,0,0,0,2,4,4,4,1,0,0,3,9,15
-31,0,0,6,2,0,0,0,0,0,0,0,7,0,0,4,11,319,0,0,0,0,0,1,3,3,3,1,0,0,2,10,0
7,0,0,8,1,0,0,0,0,0,0,0,40,0,0,4,11,319,0,0,0,0,0,2,2,2,2,1,0,0,2,10,30
19,0,0,2,0,0,0,0,0,0,0,0,54,0,0,4,11,319,0,0,0,0,0,1,1,1,1,0,0,0,1,9,30
64,34,4,38,4,0,0,2,0,0,1,6,24,0,0,3,11,318,0,35,2,5,10,2,3,9,8,2,2,0,1,16,30
40,34,6,42,5,0,0,1,0,0,1,12,3,1,0,3,11,318,1,34,2,5,9,2,4,8,7,2,2,1,1,17,30
23,31,5,38,6,0,0,1,0,0,1,14,1,0,0,3,11,318,0,32,2,5,9,3,5,9,9,3,2,2,1,16,30
8,30,5,41,6,0,1,1,0,0,1,5,10,0,0,3,11,318,1,30,3,5,9,3,6,8,9,3,1,2,1,17,15
36,30,5,40,6,0,1,1,0,0,0,4,11,0,0,3,11,318,1,30,3,5,9,2,5,8,8,3,1,1,1,16,45
117,28,4,35,7,0,1,1,0,0,0,0,15,0,0,3,11,318,1,28,3,4,8,4,5,8,9,3,0,1,1,15,45
107,27,4,32,7,0,1,1,0,0,0,1,14,0,0,3,11,318,1,27,2,4,8,3,5,8,9,3,0,0,1,15,15
97,26,3,37,6,0,1,1,0,0,0,24,6,0,0,3,11,318,0,27,2,4,9,2,4,7,9,3,0,0,2,16,15
34,25,2,34,7,0,0,2,0,0,0,17,13,0,0,3,11,318,1,25,1,2,8,2,3,6,9,4,0,0,1,15,30
26,24,4,36,7,0,0,2,0,0,0,3,12,0,0,3,11,318,1,24,1,4,9,2,4,8,9,4,0,0,1,16,0
105,24,5,29,6,0,0,2,0,0,0,10,5,0,0,3,11,318,1,24,2,4,9,1,4,7,8,4,0,0,1,14,30
58,21,5,31,8,0,1,1,0,0,0,20,25,0,0,3,11,318,1,21,2,5,9,3,5,10,10,3,0,0,2,14,45
104,21,6,26,7,0,1,1,0,0,0,9,36,0,0,3,11,318,1,21,3,5,9,2,5,10,9,3,0,0,2,13,30
72,19,5,29,7,0,1,1,0,0,0,27,3,0,0,3,11,318,0,20,3,5,9,1,4,11,10,3,0,0,1,14,30
84,16,4,32,8,0,1,2,0,0,0,11,4,0,0,3,11,318,0,17,2,4,9,3,7,13,12,3,0,0,1,15,15
49,16,4,27,8,0,1,1,0,0,0,8,7,0,0,3,11,318,0,17,2,4,10,2,6,12,11,3,0,0,2,14,15
73,15,4,27,7,0,2,1,0,0,0,12,3,0,0,3,11,318,0,16,3,4,10,2,6,12,11,2,0,0,2,14,15
96,13,4,24,7,0,2,2,0,0,0,13,2,0,0,3,11,318,0,14,2,6,11,4,9,16,12,2,0,0,1,13,0
76,13,4,22,7,0,2,2,0,0,0,7,8,0,0,3,11,318,1,13,1,5,10,4,8,15,11,2,0,0,2,12,45
80,13,4,18,6,0,2,2,0,0,0,2,13,0,0,3,11,318,1,13,2,5,10,4,8,14,10,2,0,0,2,12,15
84,12,3,24,5,0,2,2,0,0,0,26,4,0,0,3,11,318,0,13,3,5,11,4,7,13,10,2,0,0,1,13,0
58,12,5,20,4,0,2,3,0,0,0,12,18,0,0,3,11,318,1,12,4,6,11,5,7,14,9,2,0,0,2,12,30
59,11,6,18,3,0,2,3,0,0,0,4,26,0,0,3,11,318,0,12,4,7,11,5,7,13,9,3,0,0,2,12,15
68,11,6,22,4,0,1,3,0,0,0,1,29,0,0,3,11,318,1,11,3,6,10,4,6,12,8,3,0,0,2,12,45
89,10,6,14,5,0,0,3,0,0,0,9,6,0,0,3,11,318,1,10,3,5,9,3,7,13,8,4,0,0,1,11,15
57,9,5,17,4,0,0,3,0,0,1,2,13,0,0,3,11,318,1,9,2,5,8,3,7,13,8,4,0,0,2,12,0
34,9,6,20,4,0,0,2,1,0,1,6,9,0,0,3,11,318,2,8,3,5,8,2,7,13,7,4,0,0,2,12,30
27,7,6,13,4,0,0,2,1,0,1,6,9,0,0,3,11,318,1,7,3,5,7,4,7,14,8,4,0,0,2,11,0
105,5,4,10,6,0,0,1,1,0,1,6,9,0,0,3,11,318,1,5,2,4,5,5,7,14,9,3,0,0,1,10,30
10,4,3,12,6,0,0,1,1,0,0,13,2,0,0,3,11,318,0,5,3,4,5,4,6,14,9,2,0,0,1,10,45
72,4,3,10,6,0,0,0,1,0,0,9,6,0,0,3,11,318,0,5,3,4,5,4,7,13,8,2,0,0,1,10,30
77,4,3,14,6,0,0,0,1,0,0,3,12,0,0,3,11,318,1,4,2,3,4,4,6,12,7,1,0,0,1,11,15
31,4,3,16,5,0,0,0,1,0,0,0,15,0,0,3,11,318,1,4,2,4,4,3,6,11,6,1,0,0,1,11,30
43,2,2,2,5,0,0,1,1,0,0,10,5,0,0,3,11,318,1,2,1,2,2,4,8,10,7,2,0,0,2,9,30
40,1,1,8,5,0,0,1,0,0,0,4,11,0,0,3,11,318,0,2,1,2,2,3,7,9,7,3,0,0,2,10,15
82,1,1,6,5,0,0,1,0,0,0,12,3,0,0,3,11,318,0,1,1,1,1,5,8,8,7,2,0,0,2,10,0
23,1,1,8,4,0,0,1,0,0,0,12,3,0,0,3,11,318,0,1,1,1,1,4,7,7,6,2,0,0,2,10,15
83,1,1,1,3,0,0,1,0,0,0,2,13,0,0,3,11,318,0,1,1,1,1,4,6,6,5,2,0,0,2,9,15
-13,1,1,4,3,0,0,1,0,0,0,14,1,0,0,3,11,318,1,0,0,0,0,3,5,5,4,2,0,0,2,9,45
31,0,0,6,2,0,0,1,0,0,0,2,13,0,0,3,11,318,0,0,0,0,0,3,4,4,4,2,0,0,2,10,0
33,0,0,2,2,0,0,0,0,0,0,0,4,0,0,3,11,318,0,0,0,0,0,3,3,3,3,2,0,0,2,9,30
6,0,0,4,1,0,0,0,0,0,0,0,24,0,0,3,11,318,0,0,0,0,0,2,2,2,2,1,0,0,2,9,45
8,0,0,0,0,0,0,0,0,0,0,0,30,0,1,3,11,318,0,0,0,0,0,1,1,1,1,0,0,0,1,9,0
71,25,2,35,5,0,1,0,0,0,1,6,9,0,0,2,11,317,1,30,1,2,8,2,2,7,7,4,2,0,1,17,0
12,25,2,36,5,0,1,0,0,0,0,6,9,0,0,2,11,317,0,30,1,2,8,1,1,7,7,5,2,0,1,17,15
66,23,4,34,7,0,1,0,0,0,0,16,29,0,0,2,11,317,1,27,3,5,7,3,6,10,8,6,2,0,1,16,45
106,23,4,32,6,0,1,0,0,0,0,15,30,0,0,2,11,317,1,27,3,5,7,2,5,9,7,5,2,0,1,16,30
49,21,3,32,9,0,0,0,0,0,0,3,12,0,0,2,11,317,2,24,2,3,6,4,7,9,8,7,2,1,1,16,30
92,21,3,30,9,0,0,0,0,0,0,11,4,0,0,2,11,317,3,23,1,2,5,3,6,8,7,6,2,1,1,16,0
52,21,4,28,8,0,0,0,0,0,0,8,7,0,0,2,11,317,3,23,1,2,6,3,6,7,6,6,2,1,1,15,0
59,20,3,31,8,0,0,0,0,0,0,1,14,0,0,2,11,317,3,22,0,1,6,3,5,7,6,5,2,1,2,16,15
-82,19,4,37,7,0,0,0,0,0,0,10,20,1,0,2,11,317,2,22,1,3,8,4,5,7,6,5,1,1,1,18,0
25,19,4,27,6,0,0,0,0,0,0,6,24,0,0,2,11,317,2,22,1,3,8,3,4,6,5,4,1,0,1,14,45
57,18,4,29,5,0,0,0,0,0,1,36,9,0,0,2,11,317,2,21,1,2,9,2,3,6,5,3,1,0,1,15,15
72,17,4,24,4,0,0,0,0,0,1,25,20,0,0,2,11,317,1,21,2,4,10,2,2,6,5,3,1,0,1,14,15
37,15,5,24,4,0,0,0,0,0,1,14,1,0,0,2,11,317,0,20,2,5,12,1,2,6,6,3,1,1,1,14,15
22,13,7,24,5,0,0,1,0,0,1,6,9,0,0,2,11,317,1,17,4,7,12,2,4,12,7,4,0,1,1,14,15
45,10,5,21,7,0,0,1,0,0,0,14,1,0,0,2,11,317,0,15,4,7,11,3,4,15,9,4,0,0,1,13,0
44,9,5,23,9,0,0,1,0,0,0,10,5,0,0,2,11,317,1,12,3,5,9,3,6,14,10,5,0,0,3,13,30
52,8,4,16,8,0,0,1,0,0,0,3,12,0,0,2,11,317,0,12,3,6,9,2,8,14,10,6,0,0,2,12,15
48,6,4,14,10,0,0,0,0,0,0,2,13,0,0,2,11,317,0,10,3,5,8,2,9,14,11,6,0,0,2,12,0
50,5,4,13,10,0,0,0,0,0,1,7,8,0,0,2,11,317,0,8,3,4,7,7,11,15,12,7,0,0,2,11,45
42,5,4,14,10,0,0,0,0,0,1,2,13,0,0,2,11,317,1,7,2,4,6,7,10,14,11,7,0,0,2,12,0
57,5,4,20,9,0,0,0,0,0,1,13,2,0,0,2,11,317,1,7,3,4,6,7,9,13,10,6,0,0,1,12,45
73,4,3,11,8,0,0,0,0,0,1,8,7,0,0,2,11,317,0,7,3,4,6,7,8,13,10,7,0,0,1,11,15
40,4,3,22,7,0,0,0,0,0,1,7,8,0,0,2,11,317,0,7,3,4,6,6,7,12,9,6,0,0,1,13,15
58,4,3,9,6,0,0,0,0,0,1,7,8,0,0,2,11,317,0,7,3,4,6,5,6,11,8,5,0,0,1,11,0
-16,4,3,18,6,0,0,0,0,0,1,13,2,0,0,2,11,317,1,6,2,3,6,5,6,10,7,4,0,0,1,12,30
41,2,1,16,6,0,0,0,0,0,1,4,11,0,0,2,11,317,0,5,2,3,5,4,6,9,8,3,0,0,2,12,15
54,2,1,9,5,0,0,0,0,0,1,1,14,0,0,2,11,317,0,5,2,3,5,3,5,8,7,3,0,0,1,11,0
36,1,0,12,4,0,0,1,0,0,1,10,5,0,0,2,11,317,0,4,1,2,4,2,4,8,7,4,0,0,1,11,30
-67,1,1,18,4,0,0,1,0,0,0,14,1,0,0,2,11,317,0,4,1,3,4,2,3,7,6,3,0,0,1,12,30
42,1,1,5,4,0,0,1,0,0,0,19,11,0,0,2,11,317,0,3,2,3,3,2,5,8,6,2,0,0,1,10,15
-14,1,1,7,3,0,0,1,0,0,0,13,17,0,0,2,11,317,0,3,2,3,3,1,4,8,5,2,0,0,1,10,30
58,0,0,5,4,0,0,1,0,0,0,11,4,0,0,2,11,317,1,1,1,1,1,3,4,7,5,3,0,0,1,10,15
151,0,0,0,3,0,0,1,0,0,0,11,4,0,1,2,11,317,1,1,1,1,1,2,3,6,4,2,0,0,1,9,0
97,0,0,1,2,0,0,1,0,0,0,11,4,0,0,2,11,317,0,1,1,1,1,2,3,5,4,3,0,0,2,9,15
-112,0,0,8,2,0,0,1,0,0,0,0,19,0,0,2,11,317,0,0,0,0,0,2,4,4,4,4,0,0,2,10,45
73,0,0,2,2,0,0,0,0,0,0,0,36,0,0,2,11,317,0,0,0,0,0,3,3,3,3,3,0,0,1,9,30
-19,0,0,4,1,0,0,0,0,0,0,0,53,0,0,2,11,317,0,0,0,0,0,2,2,2,2,2,0,0,2,9,45
6,0,0,2,0,0,0,0,0,0,0,0,59,0,0,2,11,317,0,0,0,0,0,1,1,1,1,1,0,0,1,9,30
46,28,0,42,4,0,0,0,0,0,0,13,17,0,0,6,11,314,1,39,1,2,6,1,2,6,4,2,1,0,1,17,15
60,28,2,38,3,0,0,1,0,0,0,43,2,0,0,6,11,314,0,38,1,3,7,3,5,10,5,2,1,0,1,16,15
42,28,4,41,2,0,0,2,0,0,0,25,20,0,0,6,11,314,1,37,1,4,8,4,4,10,4,2,1,0,1,16,45
-8,28,4,40,2,0,0,1,0,0,0,14,31,0,0,6,11,314,1,37,2,5,9,3,4,9,3,2,1,0,1,16,30
95,28,4,38,1,0,0,1,0,0,0,12,33,0,0,6,11,314,1,37,2,5,9,2,3,8,2,2,1,0,1,16,15
-69,27,3,43,0,0,0,1,0,0,0,14,1,1,0,6,11,314,0,37,4,5,10,1,4,7,2,1,1,0,1,18,0
6,24,2,35,2,0,0,1,0,0,1,4,11,0,0,6,11,314,0,33,2,5,10,5,6,7,5,4,1,1,1,15,15
8,24,3,37,2,0,1,0,0,0,1,6,9,0,0,6,11,314,0,32,2,5,11,4,5,7,5,3,1,1,2,15,30
-5,24,3,35,2,0,1,0,0,0,0,6,9,0,0,6,11,314,0,32,2,5,11,3,4,6,4,3,1,1,1,15,15
1,23,2,34,2,0,1,0,0,0,0,9,6,0,0,6,11,314,0,31,2,4,12,3,3,6,4,3,1,1,2,15,0
32,23,2,32,1,0,1,0,0,0,0,8,7,0,0,6,11,314,0,31,2,4,12,2,2,5,3,2,1,1,1,14,30
-3,23,4,33,3,0,0,0,0,0,0,26,19,0,0,6,11,314,1,29,2,5,14,1,2,5,3,1,0,1,1,14,45
58,19,5,30,5,0,1,1,0,0,0,1,14,0,0,6,11,314,2,24,4,8,14,3,4,9,6,3,0,0,1,13,30
52,17,6,25,6,0,1,1,0,0,1,7,8,0,0,6,11,314,3,21,4,7,15,3,6,9,7,3,0,0,1,12,30
-14,16,6,31,5,0,1,1,0,0,1,3,12,0,0,6,11,314,2,21,5,8,15,2,5,9,7,4,0,0,1,14,15
53,15,7,28,5,0,1,1,1,0,1,4,11,0,0,6,11,314,2,19,4,7,14,3,4,13,8,6,0,0,1,13,0
26,11,5,29,8,0,1,1,1,0,1,6,9,0,0,6,11,314,1,15,3,6,11,3,6,14,12,7,0,0,1,13,15
59,11,5,20,7,0,1,1,1,0,1,5,10,0,0,6,11,314,1,15,3,6,11,2,5,13,11,6,0,0,1,11,45
35,11,6,22,7,0,1,1,1,0,0,3,12,0,0,6,11,314,1,15,3,7,11,1,4,13,10,6,0,0,2,12,0
35,7,4,27,8,0,1,3,1,0,0,9,6,0,0,6,11,314,1,11,4,7,10,3,10,17,13,7,0,0,1,12,45
107,7,4,11,7,0,2,3,1,0,0,6,9,0,0,6,11,314,2,10,4,6,9,2,9,17,12,7,0,0,3,10,45
31,6,4,23,7,0,2,3,1,0,0,7,8,0,0,6,11,314,2,9,4,5,9,6,9,17,12,6,0,0,2,12,15
37,4,3,6,9,0,2,3,1,0,0,3,12,0,0,6,11,314,2,6,2,4,6,8,10,18,14,7,0,0,2,10,0
44,4,4,16,8,0,2,3,1,0,0,2,13,0,0,6,11,314,2,6,2,4,6,7,9,17,13,6,0,0,2,11,15
12,4,4,20,7,0,2,3,1,0,0,1,14,0,0,6,11,314,2,6,2,4,6,6,8,16,12,6,0,0,1,11,45
44,4,4,18,7,0,2,3,0,0,0,15,15,0,0,6,11,314,2,6,2,4,6,5,7,15,11,5,0,0,2,11,30
-11,3,3,25,7,0,2,3,0,0,0,11,4,0,0,6,11,314,1,5,1,3,5,4,7,14,12,7,0,0,1,12,30
3,3,3,13,7,0,1,3,0,0,0,7,8,0,0,6,11,314,1,5,1,3,5,3,7,13,11,6,0,0,2,11,0
11,3,3,16,7,0,1,3,0,0,0,12,3,0,0,6,11,314,2,4,2,3,4,4,8,14,10,6,0,0,2,11,15
31,3,3,18,6,0,1,3,0,0,0,5,10,0,0,6,11,314,1,4,2,3,4,3,8,13,10,6,0,0,2,11,30
11,2,2,13,5,0,1,3,0,0,0,5,10,0,0,6,11,314,0,4,3,4,4,5,9,14,10,6,0,0,2,11,0
-24,2,2,10,6,0,1,3,0,0,0,12,3,0,0,6,11,314,2,2,1,2,2,5,8,13,9,6,0,0,2,10,30
95,0,0,4,6,0,1,2,0,0,0,12,3,0,0,6,11,314,0,2,2,2,2,6,8,12,10,7,0,0,2,9,45
79,0,0,8,6,0,0,2,0,0,0,10,5,0,0,6,11,314,0,2,2,2,2,5,7,11,9,6,0,0,1,10,15
24,0,0,1,5,0,0,2,0,0,0,5,10,0,0,6,11,314,0,2,2,2,2,4,7,10,8,6,0,0,2,9,15
-12,0,0,13,5,0,0,2,0,0,0,0,15,0,0,6,11,314,1,1,1,1,1,4,7,9,7,5,0,0,2,11,0
-9,0,0,23,4,0,0,2,0,0,0,6,9,0,0,6,11,314,0,1,1,1,1,4,6,8,7,4,0,0,2,12,15
49,0,0,6,4,0,0,1,0,0,0,4,11,0,0,6,11,314,0,1,1,1,1,3,6,7,6,3,0,0,2,10,0
3,0,0,2,4,0,0,1,0,0,0,0,10,0,0,6,11,314,0,0,0,0,0,3,6,6,6,3,0,0,2,9,30
-60,0,0,8,4,0,0,0,0,0,0,0,21,0,0,6,11,314,0,0,0,0,0,3,5,5,5,2,0,0,1,10,15
34,0,0,2,3,0,0,0,0,0,0,0,40,0,0,6,11,314,0,0,0,0,0,4,4,4,4,2,0,0,2,9,30
-18,0,0,11,2,0,0,0,0,0,0,0,41,0,0,6,11,314,0,0,0,0,0,3,3,3,3,2,0,0,3,10,45
42,0,0,4,1,0,0,0,0,0,0,0,56,0,0,6,11,314,0,0,0,0,0,2,2,2,2,1,0,0,2,9,45
-3,0,0,0,0,0,0,0,0,0,0,0,64,0,1,6,11,314,0,0,0,0,0,1,1,1,1,0,0,0,1,9,0
28,29,2,49,6,0,0,2,0,0,0,6,9,1,0,5,11,313,0,41,3,6,12,4,7,11,9,5,3,0,1,17,30
44,29,3,46,5,0,0,2,0,0,0,1,14,0,0,5,11,313,0,41,4,7,13,4,6,11,8,4,3,0,1,17,0
6,28,2,48,5,0,0,3,0,0,0,2,13,0,0,5,11,313,1,39,3,5,11,4,7,10,8,4,3,0,1,17,15
21,28,2,43,5,0,0,2,0,0,0,1,14,0,0,5,11,313,1,39,3,5,11,4,6,9,7,3,3,0,1,16,30
14,28,3,41,6,0,0,1,0,0,0,6,9,0,0,5,11,313,2,38,3,5,11,3,6,9,6,3,3,0,2,16,15
82,27,4,39,7,0,0,1,0,0,0,20,10,0,0,5,11,313,2,36,2,5,10,3,5,8,7,3,3,0,2,16,0
111,27,4,35,6,0,0,1,0,0,0,16,14,0,0,5,11,313,2,36,2,6,10,3,5,7,6,3,3,0,2,15,15
1,26,5,46,6,0,0,2,0,0,0,12,3,0,0,5,11,313,2,34,2,6,9,3,5,7,7,3,3,0,1,17,0
19,26,5,43,5,0,0,2,0,0,0,5,10,0,0,5,11,313,2,34,3,6,10,2,4,9,6,3,3,0,1,16,30
41,25,4,41,5,0,0,2,0,0,0,26,4,0,0,5,11,313,2,33,3,5,10,2,3,8,6,3,3,0,2,16,15
-9,23,4,39,4,0,2,2,0,0,0,4,26,0,0,5,11,313,1,31,3,5,10,2,3,9,8,3,3,0,2,16,0
-23,21,3,35,6,0,1,3,0,0,0,16,14,0,0,5,11,313,2,28,1,3,9,2,3,9,9,5,3,0,2,15,15
25,21,3,32,6,0,1,2,0,0,0,41,4,0,0,5,11,313,1,28,2,5,11,2,5,11,9,6,3,1,1,14,15
27,19,4,37,5,0,2,2,0,0,1,11,34,0,0,5,11,313,1,26,3,6,12,4,7,14,10,6,3,2,2,15,30
50,18,5,34,5,0,2,2,0,0,2,12,3,0,0,5,11,313,2,24,2,6,13,5,8,14,10,5,3,2,2,14,45
-75,18,5,45,5,0,2,1,0,0,2,10,5,0,0,5,11,313,2,24,2,6,13,4,7,13,9,4,2,2,2,16,45
-76,18,5,37,4,0,2,1,0,0,2,8,7,0,0,5,11,313,2,24,2,6,13,3,6,14,8,4,2,1,2,15,30
119,18,6,29,3,0,2,2,0,0,2,8,7,0,0,5,11,313,3,23,3,6,12,3,6,16,7,3,2,2,1,13,15
96,16,5,29,3,0,1,3,0,0,2,0,15,0,0,5,11,313,2,22,3,6,11,3,5,17,8,2,1,2,1,13,15
20,15,6,32,4,0,1,3,0,0,2,0,15,0,0,5,11,313,3,20,2,6,11,4,7,16,8,3,1,1,1,14,15
96,13,5,31,4,0,1,3,0,0,2,1,14,0,0,5,11,313,2,19,3,7,10,3,8,17,9,2,1,1,2,13,30
66,13,5,26,4,0,1,3,0,0,1,14,1,0,0,5,11,313,2,19,3,7,10,2,7,16,8,2,1,1,2,13,0
55,13,5,26,4,0,0,3,1,0,1,7,8,0,0,5,11,313,3,18,3,7,10,1,9,17,7,1,0,1,2,13,0
-1,9,2,21,6,0,0,4,1,0,1,5,10,0,0,5,11,313,2,14,3,4,8,8,12,18,11,5,0,0,1,12,15
83,9,2,21,6,0,0,4,1,0,0,4,11,0,0,5,11,313,2,14,3,4,8,7,11,17,10,4,0,0,1,12,15
36,9,2,19,5,0,0,4,1,0,0,1,14,0,0,5,11,313,2,14,3,4,9,6,10,16,9,4,0,0,3,12,0
50,9,2,21,4,0,0,4,1,0,0,13,2,0,0,5,11,313,2,14,3,5,9,6,9,16,8,4,0,0,1,12,15
1,8,3,26,4,0,1,3,1,0,1,3,12,0,0,5,11,313,2,12,1,3,9,7,10,16,9,5,0,0,2,13,0
69,8,3,15,4,0,1,3,1,0,1,10,5,0,0,5,11,313,2,11,0,3,8,7,9,15,9,6,0,0,2,11,30
-16,8,3,17,4,0,1,3,1,0,0,9,6,0,0,5,11,313,2,11,0,3,8,6,9,14,8,6,0,0,2,11,45
23,8,3,15,3,0,1,3,1,0,0,8,7,0,0,5,11,313,2,11,0,3,8,5,9,13,7,5,0,0,2,11,30
18,7,3,24,3,0,1,2,1,0,0,0,15,0,0,5,11,313,1,11,2,4,10,4,8,13,7,5,0,0,1,12,30
69,7,3,12,3,0,1,2,0,0,0,11,4,0,0,5,11,313,0,11,2,4,10,4,7,13,7,4,0,0,1,11,0
4,7,3,19,3,0,1,1,0,0,0,8,7,0,0,5,11,313,0,11,2,4,10,3,7,12,6,3,0,0,3,12,0
68,7,4,10,3,0,1,0,0,0,0,1,14,0,0,5,11,313,0,11,2,4,11,3,6,11,5,2,0,0,2,10,45
-3,7,4,14,4,0,1,0,0,0,0,26,4,0,0,5,11,313,2,9,2,4,9,4,7,12,4,2,0,0,2,11,15
22,7,5,12,3,0,1,0,0,0,0,22,8,0,0,5,11,313,2,9,2,6,9,4,6,11,3,2,0,0,1,11,0
34,5,5,6,4,0,0,0,0,0,0,9,21,0,0,5,11,313,1,8,1,5,8,3,6,12,4,2,0,0,2,10,0
55,5,5,10,3,0,0,0,0,0,0,9,21,0,0,5,11,313,1,8,2,5,8,2,5,11,3,1,0,0,2,10,45
-69,4,4,25,3,0,0,0,0,0,0,9,6,0,0,5,11,313,1,7,3,6,7,3,6,10,3,1,0,0,3,12,45
34,3,3,6,3,0,0,0,0,0,0,22,8,0,0,5,11,313,1,6,3,6,6,3,6,10,3,1,0,0,2,10,0
2,3,3,8,2,0,1,0,0,0,0,14,16,0,0,5,11,313,1,5,4,5,5,3,5,9,3,2,0,0,2,10,15
-26,2,2,8,1,0,2,1,0,0,0,4,26,0,0,5,11,313,2,3,3,3,3,3,6,8,3,2,0,0,2,10,15
11,0,0,4,3,0,1,1,0,0,0,0,15,0,0,5,11,313,1,1,1,1,1,3,6,7,5,2,0,0,2,9,30
29,0,0,0,3,0,0,1,0,0,0,12,3,0,1,5,11,313,1,1,1,1,1,3,5,6,4,1,0,0,2,9,0
-148,0,0,17,3,0,0,1,0,0,0,0,8,0,0,5,11,313,0,0,0,0,0,4,5,5,5,2,0,0,2,11,45
13,0,0,2,3,0,0,0,0,0,0,0,17,0,0,5,11,313,0,0,0,0,0,3,4,4,4,2,0,0,2,9,15
37,0,0,4,2,0,0,0,0,0,0,0,24,0,0,5,11,313,0,0,0,0,0,2,3,3,3,1,0,0,2,9,30
-22,0,0,2,1,0,0,0,0,0,0,0,30,0,0,5,11,313,0,0,0,0,0,1,2,2,2,1,0,0,2,9,15
-4,0,0,0,0,0,0,0,0,0,0,0,60,0,1,5,11,313,0,0,0,0,0,1,1,1,1,1,0,0,2,9,0
87,34,4,45,3,0,0,0,0,0,0,6,0,1,0,4,11,312,1,42,2,5,11,1,2,7,3,0,3,0,2,17,0
8,30,5,42,5,0,2,0,0,0,0,7,8,0,0,4,11,312,2,37,2,6,11,2,6,10,6,0,3,1,1,16,30
56,27,3,40,6,0,2,0,0,0,0,23,7,0,0,4,11,312,0,35,4,5,12,5,6,11,9,1,3,1,2,16,15
8,27,4,37,6,0,1,0,0,0,0,21,9,0,0,4,11,312,0,35,4,6,13,4,5,10,8,1,3,1,2,15,45
17,27,4,38,6,0,0,0,0,0,0,17,13,0,0,4,11,312,0,35,4,6,13,3,5,9,7,1,2,1,2,16,0
71,27,4,42,5,0,0,0,1,0,0,16,14,0,0,4,11,312,1,34,3,5,12,2,5,8,6,1,2,1,1,16,30
49,27,4,40,5,0,0,0,1,0,0,10,20,0,0,4,11,312,2,33,2,4,11,1,4,8,5,1,2,1,2,16,15
-62,24,4,44,5,0,0,1,1,0,0,15,15,0,0,4,11,312,0,31,3,6,13,3,6,12,8,2,2,1,1,16,45
46,23,4,35,4,0,1,2,1,0,0,4,26,0,0,4,11,312,1,29,3,7,11,4,5,11,8,3,2,1,1,15,15
37,23,4,29,4,0,1,1,1,0,0,1,29,0,0,4,11,312,1,29,3,7,12,4,4,10,7,2,1,1,2,14,0
48,22,5,32,3,0,1,1,1,0,1,0,15,0,0,4,11,312,1,28,3,7,11,3,6,9,7,2,1,1,1,14,30
70,21,5,32,3,0,1,2,1,0,1,5,10,0,0,4,11,312,2,26,4,6,10,2,6,8,7,2,1,1,1,14,30
27,21,5,38,2,0,1,2,1,0,1,2,13,0,0,4,11,312,2,26,4,6,10,1,5,7,6,2,1,1,2,16,0
-2,19,7,35,5,0,2,2,0,0,1,3,2,0,0,4,11,312,3,22,3,5,10,5,6,8,8,4,1,1,1,15,15
37,17,6,30,4,0,2,2,0,0,1,3,7,0,0,4,11,312,1,22,4,5,12,5,5,10,9,4,1,1,2,14,15
55,17,6,27,4,0,1,2,0,0,1,2,8,0,0,4,11,312,1,22,4,5,12,4,4,9,8,4,0,1,1,13,25
56,17,6,30,5,0,1,1,0,0,1,12,3,0,0,4,11,312,2,21,3,4,11,3,3,9,7,3,0,0,2,14,15
14,16,5,28,6,0,0,1,0,0,1,1,14,0,0,4,11,312,2,20,3,4,12,2,2,8,7,3,0,0,1,13,30
71,14,3,23,8,0,0,1,0,0,0,4,11,0,0,4,11,312,2,18,1,3,11,1,3,12,8,4,0,0,1,13,0
1,11,6,23,8,0,1,1,0,0,0,11,4,0,0,4,11,312,1,16,4,8,12,3,9,19,10,6,0,0,1,13,0
72,11,6,22,7,0,1,1,0,0,0,9,6,0,0,4,11,312,1,16,4,8,13,3,8,18,9,6,0,0,3,12,45
4,9,5,26,9,0,1,1,1,0,0,12,3,0,0,4,11,312,1,12,4,6,11,7,12,19,12,7,0,0,1,13,15
28,9,5,17,9,0,0,1,1,0,0,9,6,0,0,4,11,312,1,12,4,6,11,6,12,18,11,7,0,0,2,12,0
-64,9,5,34,9,0,0,0,1,0,0,8,7,0,0,4,11,312,1,12,5,6,11,5,11,17,10,6,0,0,2,15,0
51,8,4,21,10,0,0,0,1,0,0,13,2,0,0,4,11,312,2,10,4,5,9,6,13,17,10,5,0,0,1,12,30
22,6,3,13,11,0,0,0,1,0,0,1,14,0,0,4,11,312,2,8,2,4,8,7,13,18,11,4,0,0,1,11,15
51,5,2,19,10,0,0,0,1,0,0,0,15,0,0,4,11,312,1,8,2,4,8,6,12,17,11,4,0,0,1,12,15
53,5,2,16,9,0,0,0,1,0,0,13,2,0,0,4,11,312,1,8,2,4,8,5,11,16,10,4,0,0,2,11,45
65,5,2,13,9,0,0,0,1,0,0,7,8,0,0,4,11,312,1,7,1,4,7,7,10,15,10,5,0,0,1,11,15
50,5,2,17,8,0,0,0,1,0,0,7,8,0,0,4,11,312,1,7,1,4,7,6,9,14,9,4,0,0,2,12,0
-38,4,3,19,9,0,0,0,0,0,0,5,10,0,0,4,11,312,1,6,2,5,6,7,9,14,9,3,0,0,1,12,15
-122,4,3,23,8,0,0,0,0,0,0,2,13,0,0,4,11,312,1,6,2,5,6,6,8,13,8,2,0,0,1,13,0
59,4,4,10,7,0,0,0,0,0,0,27,3,0,0,4,11,312,1,6,2,5,6,6,8,12,7,1,0,0,1,10,45
21,4,4,12,6,0,0,0,0,0,0,26,4,0,0,4,11,312,1,6,2,5,6,5,7,11,6,1,0,0,2,11,0
22,4,4,10,5,0,0,0,0,0,0,22,8,0,0,4,11,312,1,6,3,5,6,4,6,10,5,1,0,0,1,10,45
-2,4,4,15,4,0,0,0,0,0,0,20,10,0,0,4,11,312,1,6,3,5,6,3,5,9,4,1,0,0,1,11,30
21,4,4,8,3,0,0,0,0,0,0,19,11,0,0,4,11,312,1,6,3,5,6,2,4,8,3,0,0,0,2,10,30
60,3,3,6,3,0,0,0,0,0,1,1,29,0,0,4,11,312,2,4,3,4,4,2,6,9,3,0,0,0,2,10,0
-4,1,1,6,5,0,0,0,0,0,1,12,3,0,0,4,11,312,2,1,0,1,1,3,5,8,5,1,0,0,2,10,0
36,0,0,8,4,0,0,0,0,0,1,12,3,0,0,4,11,312,0,1,1,1,1,4,5,7,6,1,0,0,2,10,30
20,0,0,2,3,0,0,0,0,0,1,14,1,0,0,4,11,312,0,1,1,1,1,3,5,6,5,1,0,0,2,9,30
4,0,0,4,3,0,0,0,0,0,0,8,7,0,0,4,11,312,0,1,1,1,1,2,5,5,4,1,0,0,2,9,45
-18,0,0,4,2,0,0,0,0,0,0,7,8,0,0,4,11,312,0,1,1,1,1,1,4,4,3,1,0,0,2,9,45
12,0,0,1,2,0,0,0,0,0,0,0,24,0,0,4,11,312,0,0,0,0,0,3,3,3,3,1,0,0,2,9,15
-6,0,0,0,1,0,0,0,0,0,0,0,43,0,1,4,11,312,0,0,0,0,0,2,2,2,2,0,0,0,1,9,0
39,0,0,2,0,0,0,0,0,0,0,0,47,0,0,4,11,312,0,0,0,0,0,1,1,1,1,0,0,0,2,9,30
44,39,5,45,7,0,0,0,0,0,0,6,9,0,0,3,11,311,1,40,2,4,11,4,6,10,7,5,5,1,1,17,0
-10,38,4,47,7,0,0,0,0,0,0,7,8,1,0,3,11,311,1,39,2,5,10,5,7,10,7,4,5,1,1,17,30
14,37,5,44,6,0,0,0,0,0,0,2,13,0,0,3,11,311,0,39,2,5,12,4,6,10,7,4,5,1,2,16,45
68,37,5,45,5,0,0,0,0,0,0,2,13,0,0,3,11,311,0,39,2,6,12,3,5,9,6,3,5,1,1,17,0
52,37,5,43,5,0,0,0,0,0,0,5,10,0,0,3,11,311,1,38,2,6,11,2,4,9,5,3,5,1,1,16,30
82,36,6,41,5,0,0,0,0,0,0,9,6,0,0,3,11,311,1,37,3,6,11,2,5,10,5,3,4,2,1,16,15
61,34,6,38,4,0,0,0,0,0,1,2,13,0,0,3,11,311,0,36,4,7,12,2,5,11,6,2,4,1,2,16,0
21,34,6,41,4,0,1,0,0,0,1,8,7,0,0,3,11,311,2,34,3,5,12,3,4,10,5,1,4,1,1,16,15
22,30,4,35,5,0,2,0,0,0,0,1,14,0,0,3,11,311,0,32,3,5,12,3,6,11,8,4,3,2,1,15,30
50,30,4,38,4,0,3,0,0,0,0,13,2,0,0,3,11,311,1,31,2,4,11,2,5,10,7,4,3,1,2,16,0
1,28,4,33,6,0,2,0,0,0,0,4,11,0,0,3,11,311,1,29,2,5,11,4,7,11,8,5,3,1,2,15,15
4,27,6,35,6,0,2,0,1,0,0,2,13,0,0,3,11,311,2,27,1,5,11,5,8,10,8,4,2,1,1,15,30
48,27,6,31,6,0,1,0,1,0,0,27,3,0,0,3,11,311,2,27,2,5,12,4,7,9,7,3,2,0,1,14,45
31,26,6,30,5,0,1,0,1,0,0,19,11,0,0,3,11,311,1,27,3,7,12,4,6,9,7,3,2,0,1,14,30
12,26,6,38,4,0,1,0,1,0,0,12,18,0,0,3,11,311,1,27,3,7,12,3,5,8,6,2,2,0,2,16,0
12,26,7,37,4,0,1,0,1,0,0,6,24,0,0,3,11,311,2,26,4,6,12,2,4,7,5,2,2,0,3,15,45
4,24,6,33,3,0,1,2,1,0,0,36,9,0,0,3,11,311,2,24,4,6,11,3,5,7,6,3,2,0,2,15,15
2,22,6,32,3,0,0,3,2,0,0,19,26,0,0,3,11,311,2,22,2,6,11,2,4,7,7,2,2,0,2,15,0
57,21,5,26,2,0,0,3,2,0,0,18,27,0,0,3,11,311,1,22,2,6,11,1,3,6,7,3,2,0,2,13,0
36,18,7,29,3,0,0,4,3,0,0,13,2,0,0,3,11,311,2,18,3,5,10,2,3,11,9,6,2,0,1,14,0
65,18,7,27,3,0,0,4,2,0,0,11,4,0,0,3,11,311,2,18,3,5,10,1,2,11,8,6,2,0,1,13,15
78,15,6,21,6,0,0,4,1,0,0,6,9,0,0,3,11,311,2,15,2,4,11,2,5,16,10,7,2,0,2,12,15
16,11,4,24,6,0,2,3,1,0,0,8,7,0,0,3,11,311,0,13,2,5,10,4,9,16,13,6,2,1,1,12,45
69,11,6,19,6,0,2,3,0,0,0,3,12,0,0,3,11,311,0,13,3,7,12,5,10,15,12,5,2,2,1,12,0
14,10,8,18,7,0,1,3,1,0,0,2,13,0,0,3,11,311,1,11,2,7,10,6,12,17,12,5,2,2,2,11,45
4,10,8,19,7,0,0,3,1,0,0,1,14,0,0,3,11,311,1,11,2,7,10,5,12,16,11,5,2,2,1,12,0
27,9,7,27,8,0,0,2,1,0,0,4,11,0,0,3,11,311,1,10,4,6,9,7,11,16,11,6,1,2,1,13,15
12,9,7,22,7,0,0,2,1,0,0,4,11,0,0,3,11,311,1,10,4,6,9,6,10,15,10,6,1,1,2,12,30
57,8,6,22,7,0,0,1,2,0,0,11,4,0,0,3,11,311,1,9,5,6,8,6,9,14,10,5,1,1,2,12,30
44,8,6,12,6,0,0,1,2,0,0,10,5,0,0,3,11,311,1,9,5,6,8,5,8,13,9,4,1,1,2,11,0
11,8,7,14,7,0,0,1,1,0,0,12,3,0,0,3,11,311,2,8,4,5,8,7,7,13,8,3,1,1,2,11,15
42,6,5,16,7,0,0,1,1,0,0,7,8,0,0,3,11,311,1,6,3,4,7,6,7,12,9,3,1,1,1,11,30
31,5,4,9,7,0,0,1,1,0,0,6,9,0,0,3,11,311,1,6,2,4,6,5,6,11,8,3,0,1,1,10,20
132,5,5,16,7,0,0,0,1,0,0,2,13,0,0,3,11,311,1,6,2,5,6,4,5,10,8,3,0,0,1,11,30
107,2,2,11,8,0,0,0,1,0,0,4,11,0,0,3,11,311,0,4,1,3,4,3,7,12,10,4,0,0,2,10,45
72,2,2,24,7,0,0,0,1,0,0,4,11,0,0,3,11,311,0,4,1,3,4,2,6,11,9,4,0,0,1,12,45
76,2,2,12,6,0,0,0,1,0,0,2,13,0,0,3,11,311,0,4,1,3,4,1,5,11,8,3,0,0,2,11,0
60,1,1,3,6,0,0,0,1,0,0,10,5,0,0,3,11,311,0,3,2,3,3,4,6,11,8,4,0,0,2,9,45
94,0,0,14,6,0,0,0,2,0,0,0,15,0,0,3,11,311,0,1,0,1,1,4,5,10,9,5,0,0,2,11,15
54,0,0,5,6,0,0,0,1,0,0,12,3,0,0,3,11,311,0,1,0,1,1,3,4,9,8,4,0,0,2,10,0
17,0,0,10,5,0,0,0,1,0,0,5,10,0,0,3,11,311,0,1,1,1,1,3,6,8,7,3,0,0,1,10,30
35,0,0,5,4,0,0,0,1,0,0,6,9,0,0,3,11,311,0,1,1,1,1,2,7,7,6,3,0,0,2,10,0
-26,0,0,7,3,0,0,0,1,0,0,7,8,0,0,3,11,311,0,1,1,1,1,4,6,6,5,2,0,0,1,10,15
32,0,0,2,3,0,0,0,1,0,0,0,18,0,0,3,11,311,0,0,0,0,0,5,5,5,5,1,0,0,2,9,30
-11,0,0,1,2,0,0,0,1,0,0,0,18,0,0,3,11,311,0,0,0,0,0,4,4,4,4,0,0,0,1,9,15
49,0,0,0,2,0,0,0,0,0,0,0,20,0,1,3,11,311,0,0,0,0,0,3,3,3,3,0,0,0,1,9,0
57,0,0,7,1,0,0,0,0,0,0,0,27,0,0,3,11,311,0,0,0,0,0,2,2,2,2,0,0,0,1,10,15
68,0,0,3,0,0,0,0,0,0,0,0,32,0,0,3,11,311,0,0,0,0,0,1,1,1,1,0,0,0,2,9,45
9,31,3,45,0,0,0,1,0,0,0,17,13,1,0,2,11,310,1,44,1,4,9,1,2,5,1,0,5,0,1,17,30
7,28,3,44,2,0,0,2,0,0,0,19,11,0,0,2,11,310,2,40,2,5,14,1,4,7,3,3,5,1,1,17,0
60,26,4,39,2,0,0,2,1,0,0,6,9,0,0,2,11,310,1,38,4,8,15,4,6,12,5,4,4,1,2,16,0
5,25,4,39,3,0,0,1,1,0,0,0,15,0,0,2,11,310,1,37,4,9,15,4,5,12,5,4,4,0,2,16,0
3,25,4,42,2,0,0,1,1,0,0,12,3,0,0,2,11,310,1,37,4,9,15,3,4,11,4,3,4,0,1,16,30
-40,25,4,42,3,0,0,1,1,0,0,13,2,0,0,2,11,310,2,35,5,9,14,2,3,10,4,2,4,0,1,16,30
22,25,4,34,4,0,0,1,0,0,1,4,11,0,0,2,11,310,3,33,4,7,12,2,3,11,4,1,4,0,1,15,15
-20,23,4,37,5,0,0,2,0,0,1,12,18,0,0,2,11,310,3,30,4,7,11,1,5,12,6,2,4,0,3,15,45
22,21,5,32,6,0,1,3,0,0,1,20,10,0,0,2,11,310,3,26,4,5,12,6,9,13,9,5,4,2,1,14,30
-33,21,5,36,6,0,1,3,0,0,0,18,12,0,0,2,11,310,3,26,4,5,12,5,8,13,8,4,4,2,2,15,30
33,19,3,33,7,0,1,3,0,0,1,5,25,0,0,2,11,310,3,23,1,4,11,5,8,14,10,6,4,2,2,15,0
-4,19,3,30,6,0,1,3,0,0,1,14,1,0,0,2,11,310,3,23,2,4,11,4,7,13,9,5,4,2,1,14,15
-2,19,4,34,6,0,1,2,0,0,1,9,6,0,0,2,11,310,2,23,2,4,11,4,7,13,9,6,4,2,1,15,15
-140,19,4,39,6,0,1,2,0,0,0,6,9,0,0,2,11,310,2,23,2,5,11,4,6,12,8,6,3,2,2,16,0
300,18,4,0,7,0,0,2,0,0,0,1,14,0,1,2,11,310,2,22,2,5,12,3,6,11,8,5,3,1,1,9,0
68,17,5,28,8,0,0,1,0,0,0,12,3,0,0,2,11,310,2,21,2,6,13,4,5,13,8,4,2,1,1,13,30
-15,17,5,30,7,0,0,1,0,0,0,8,7,0,0,2,11,310,2,21,3,7,14,3,5,12,7,3,2,0,1,14,15
-80,16,6,37,8,0,0,0,0,0,0,6,9,0,0,2,11,310,1,20,4,7,13,3,6,14,8,4,2,0,3,15,45
107,15,5,24,8,0,0,0,0,0,0,12,3,0,0,2,11,310,1,19,4,7,12,2,7,13,8,3,2,1,2,12,45
114,14,6,25,7,0,1,1,0,0,0,3,12,0,0,2,11,310,2,17,3,6,11,3,6,12,8,2,2,1,1,13,0
111,12,7,18,8,0,1,1,1,0,0,11,4,0,0,2,11,310,2,14,2,6,11,5,8,15,10,4,2,1,2,12,0
36,12,7,18,7,0,1,1,1,0,0,5,10,0,0,2,11,310,2,14,3,7,11,4,8,16,9,4,2,1,2,12,0
13,12,7,22,6,0,1,1,1,0,0,0,15,0,0,2,11,310,2,14,4,7,12,3,9,15,8,4,2,1,1,12,30
-54,10,5,29,7,0,1,1,1,0,0,21,9,0,0,2,11,310,2,12,3,5,10,4,8,16,9,6,1,1,2,13,45
20,10,5,25,6,0,1,1,1,0,0,13,17,0,0,2,11,310,2,12,4,5,10,4,7,16,8,5,1,0,1,13,0
64,7,3,22,7,0,2,1,1,0,0,14,1,0,0,2,11,310,2,9,2,3,7,6,6,15,10,7,1,0,1,12,30
57,7,3,14,6,0,2,1,1,0,0,9,6,0,0,2,11,310,2,9,2,5,8,5,6,14,9,7,1,0,2,11,15
51,6,2,20,5,0,2,2,1,0,0,2,13,0,0,2,11,310,2,8,1,5,7,4,7,14,9,8,1,0,2,12,15
-48,5,1,27,6,0,2,1,1,0,0,7,8,0,0,2,11,310,2,7,1,4,6,3,8,13,9,7,1,1,1,13,15
0,5,2,16,5,0,2,1,1,0,0,3,12,0,0,2,11,310,2,7,1,4,6,2,8,13,8,6,1,1,2,11,30
3,5,2,20,5,0,1,1,1,0,0,1,14,0,0,2,11,310,2,7,1,5,6,1,7,12,7,6,1,1,2,12,15
59,4,3,12,7,0,1,1,0,0,0,10,5,0,0,2,11,310,1,5,3,4,5,7,9,15,9,6,1,1,2,11,0
23,4,3,14,6,0,1,2,0,0,0,9,6,0,0,2,11,310,2,4,2,3,4,7,8,14,8,5,1,1,2,11,15
28,4,4,16,5,0,1,2,0,0,0,7,8,0,0,2,11,310,2,4,2,3,4,6,7,13,7,4,1,1,2,11,30
29,4,4,10,5,0,0,3,0,0,0,14,1,0,0,2,11,310,2,3,1,2,3,6,7,12,7,3,0,1,2,10,45
64,4,4,7,4,0,0,3,0,0,0,8,7,0,0,2,11,310,2,3,1,2,3,5,6,11,6,3,0,0,1,10,15
-17,3,3,10,3,0,0,3,0,0,0,6,9,0,0,2,11,310,1,3,1,2,3,4,5,10,6,2,0,0,2,10,45
-10,2,2,9,3,0,0,3,0,0,0,11,4,0,0,2,11,310,1,2,1,1,2,3,5,9,6,2,0,0,2,10,30
83,2,2,7,2,0,0,3,0,0,0,9,6,0,0,2,11,310,1,2,1,1,2,2,5,8,5,2,0,0,1,10,15
37,1,1,5,2,0,0,2,0,0,0,0,15,0,0,2,11,310,0,2,1,2,2,2,6,7,5,1,0,0,2,10,0
-11,0,0,12,2,0,0,2,0,0,0,4,11,0,0,2,11,310,0,1,1,1,1,5,6,6,5,2,0,0,2,11,0
6,0,0,5,2,0,0,1,0,0,0,4,11,0,0,2,11,310,0,1,1,1,1,4,5,5,4,1,0,0,2,10,0
8,0,0,1,1,0,0,1,0,0,0,0,4,0,0,2,11,310,0,1,1,1,1,4,4,4,3,1,0,0,1,9,15
15,0,0,3,1,0,0,0,0,0,0,0,8,0,0,2,11,310,0,1,1,1,1,3,3,3,2,0,0,0,2,9,45
1,0,0,3,0,0,0,1,0,0,0,0,11,0,0,2,11,310,1,0,0,0,0,2,2,2,1,0,0,0,2,9,45
-42,0,0,2,0,0,0,0,0,0,0,0,29,0,0,2,11,310,0,0,0,0,0,1,1,1,1,0,0,0,2,9,30
35,39,4,52,2,0,0,4,1,0,0,7,8,1,0,6,11,307,1,45,2,4,13,1,5,12,7,1,7,0,1,17,30
57,38,3,51,2,0,1,4,1,0,0,5,10,0,0,6,11,307,1,43,3,6,12,4,7,15,8,2,7,2,1,17,15
45,38,3,47,2,0,1,4,1,0,0,2,13,0,0,6,11,307,2,42,2,5,11,3,6,14,7,2,7,2,1,16,45
95,36,4,43,2,0,2,3,1,0,0,1,14,0,0,6,11,307,1,41,2,7,11,4,6,13,8,3,7,2,1,16,15
-2,36,6,47,2,0,1,3,1,0,0,10,5,0,0,6,11,307,1,41,2,8,12,3,5,13,7,3,7,2,1,16,45
10,35,5,42,2,0,0,4,1,0,0,1,14,0,0,6,11,307,1,40,3,8,12,3,7,12,7,3,7,3,3,16,0
54,35,7,50,2,0,1,3,1,0,0,2,13,0,0,6,11,307,1,39,4,8,12,2,8,12,7,4,6,3,1,17,0
29,35,7,47,2,0,1,2,1,0,0,10,5,0,0,6,11,307,0,39,7,8,13,2,8,11,7,5,5,2,1,16,45
62,32,5,40,5,0,1,2,1,0,0,1,14,0,0,6,11,307,1,34,4,5,11,6,8,10,9,6,5,2,1,15,30
14,30,4,38,5,0,1,4,1,0,0,9,6,0,0,6,11,307,2,32,1,3,9,6,8,9,10,6,5,2,1,15,15
67,30,4,41,5,0,1,4,0,0,0,8,7,0,0,6,11,307,2,32,1,3,9,5,7,8,9,5,4,2,1,15,45
60,30,4,43,4,0,1,4,0,0,0,7,8,0,0,6,11,307,2,32,1,3,9,5,6,7,8,4,4,1,1,16,15
2,29,4,38,3,0,1,4,0,0,0,10,5,0,0,6,11,307,1,32,2,4,10,4,6,7,8,5,4,1,1,15,15
-30,29,4,43,3,0,0,4,0,0,0,5,10,0,0,6,11,307,1,32,2,5,10,3,5,7,7,4,4,1,1,16,15
75,28,4,33,3,0,0,4,0,0,0,14,1,0,0,6,11,307,1,31,1,4,10,3,4,8,7,3,4,1,1,14,0
29,28,5,36,2,0,0,4,0,0,0,8,7,0,0,6,11,307,1,31,2,5,11,2,3,8,6,3,3,1,2,15,0
31,27,6,35,3,0,0,3,0,0,0,14,16,0,0,6,11,307,1,30,3,6,12,2,2,9,6,3,3,0,2,14,45
80,26,6,36,3,0,1,3,0,0,0,1,29,0,0,6,11,307,2,28,3,6,13,1,1,9,6,4,3,0,2,15,0
73,20,7,30,5,0,1,4,1,0,1,13,2,0,0,6,11,307,2,22,3,7,14,5,9,13,11,5,3,0,1,13,0
19,19,8,34,4,0,1,4,1,0,1,7,8,0,0,6,11,307,1,22,3,8,15,5,8,13,11,5,3,0,1,14,30
133,19,8,24,3,0,1,4,1,0,1,5,10,0,0,6,11,307,1,22,4,9,15,4,7,13,10,5,3,0,2,12,15
43,18,7,31,3,0,0,4,1,0,1,1,14,0,0,6,11,307,0,22,4,10,15,4,6,12,10,6,3,0,1,13,15
-41,18,7,46,4,0,0,4,1,0,1,10,5,0,0,6,11,307,2,20,4,8,14,4,6,12,9,6,3,0,3,16,30
55,16,7,28,5,0,0,3,1,0,1,7,8,0,0,6,11,307,0,19,5,9,15,4,7,14,11,7,3,1,1,12,45
79,16,8,26,6,0,0,3,1,0,0,2,13,0,0,6,11,307,1,18,6,8,14,3,6,13,10,7,3,1,2,12,30
89,15,7,32,6,0,0,2,1,0,0,14,1,0,0,6,11,307,0,18,6,9,14,2,5,13,10,6,3,1,1,13,30
62,14,7,24,7,0,0,3,1,0,0,1,14,0,0,6,11,307,2,15,4,6,13,3,5,15,10,6,3,2,2,12,15
84,11,5,21,7,0,1,3,2,0,0,12,3,0,0,6,11,307,2,12,3,6,12,3,6,18,12,6,3,2,2,11,45
10,10,5,28,7,0,1,3,2,0,0,1,14,0,0,6,11,307,2,11,2,5,11,3,7,18,12,6,3,2,1,12,45
108,9,4,14,6,0,1,3,2,0,0,14,1,0,0,6,11,307,1,11,3,5,11,2,7,17,12,6,2,3,2,11,0
41,8,4,19,6,0,1,3,3,0,0,12,3,0,0,6,11,307,2,9,3,5,9,3,9,17,12,6,1,2,1,11,30
61,7,4,19,6,0,1,3,3,0,0,10,5,0,0,6,11,307,1,8,3,6,8,6,10,18,13,6,1,1,1,11,30
70,6,3,12,6,0,0,4,3,0,0,5,10,0,0,6,11,307,1,7,3,5,7,5,10,19,13,5,1,1,3,10,45
90,6,5,22,6,0,0,4,3,0,0,10,5,0,0,6,11,307,2,6,2,6,6,6,13,18,12,5,1,1,2,12,0
15,5,4,17,6,0,0,3,3,0,0,6,9,0,0,6,11,307,1,6,2,6,6,6,12,17,12,5,1,1,2,11,15
105,5,5,9,5,0,0,3,3,0,0,1,14,0,0,6,11,307,1,6,4,6,6,5,11,17,11,4,0,1,2,10,30
59,5,5,14,5,0,0,3,2,0,0,13,2,0,0,6,11,307,1,6,4,6,6,5,11,16,10,4,0,0,2,11,0
-5,4,4,26,5,0,1,3,2,0,0,14,1,0,0,6,11,307,2,4,4,4,4,8,10,16,10,3,0,0,2,12,30
78,4,4,5,5,0,1,3,1,0,0,13,2,0,0,6,11,307,1,4,4,4,4,7,9,15,10,4,0,0,2,10,0
-12,4,4,17,5,0,1,3,0,0,0,10,5,0,0,6,11,307,0,4,4,4,4,7,8,14,10,3,0,0,2,11,15
81,3,3,2,5,0,2,3,0,0,0,1,14,0,0,6,11,307,1,2,2,2,2,6,8,13,10,3,0,0,2,9,30
24,3,3,7,4,0,2,3,0,0,0,9,6,0,0,6,11,307,1,2,2,2,2,6,8,12,9,3,0,0,3,10,15
23,3,3,22,3,0,2,3,1,0,0,2,13,0,0,6,11,307,2,1,1,1,1,5,9,11,8,3,0,0,2,12,0
66,3,3,9,2,0,2,3,1,0,0,2,13,0,0,6,11,307,2,1,1,1,1,4,8,10,7,2,0,0,2,10,30
16,2,2,12,2,0,2,2,1,0,0,0,15,0,0,6,11,307,1,0,1,1,1,3,7,9,7,3,0,0,3,10,45
56,1,1,14,2,0,2,2,1,0,0,10,5,0,0,6,11,307,1,0,0,0,0,2,6,8,7,4,0,0,2,11,0
20,0,0,3,2,0,1,2,1,0,0,14,1,0,0,6,11,307,0,0,0,0,0,3,6,7,7,4,0,0,2,9,45
-1,0,0,7,2,0,0,2,1,0,0,6,9,0,0,6,11,307,0,0,0,0,0,4,6,6,6,3,0,0,3,10,15
19,0,0,1,2,0,0,2,0,0,0,0,15,0,0,6,11,307,0,0,0,0,0,4,5,5,5,2,0,0,1,9,15
27,0,0,5,1,0,0,2,0,0,0,0,7,0,0,6,11,307,0,0,0,0,0,4,4,4,4,2,0,0,2,10,0
44,0,0,0,0,0,0,2,0,0,0,0,9,0,1,6,11,307,0,0,0,0,0,3,3,3,3,2,0,0,1,9,0
-20,0,0,9,0,0,0,1,0,0,0,0,28,0,0,6,11,307,0,0,0,0,0,2,2,2,2,1,0,0,2,10,30
1,0,0,3,0,0,0,0,0,0,0,0,35,0,0,6,11,307,0,0,0,0,0,1,1,1,1,1,0,0,2,9,45
28,36,6,46,2,0,0,2,0,0,1,14,1,0,0,5,11,306,0,43,3,8,14,1,1,9,6,3,1,0,1,17,0
38,30,4,43,9,0,0,3,0,0,0,14,1,0,0,5,11,306,1,35,3,6,13,5,8,17,12,5,1,0,2,16,30
29,30,4,41,8,0,0,4,0,0,0,10,5,0,0,5,11,306,2,34,3,6,12,4,9,16,11,5,1,0,1,16,15
15,30,5,48,7,0,0,4,0,0,0,8,7,1,0,5,11,306,2,34,3,6,12,3,8,16,10,5,1,0,1,17,30
20,29,5,44,7,0,0,3,0,0,0,13,2,0,0,5,11,306,1,34,3,8,12,3,10,15,10,4,1,0,2,16,45
2,28,5,39,7,0,0,3,0,0,0,4,11,0,0,5,11,306,1,33,4,8,12,4,10,15,10,4,1,0,2,16,0
13,27,4,46,7,0,0,4,0,0,0,0,15,0,0,5,11,306,1,31,4,7,12,7,10,17,11,3,1,0,1,17,0
3,27,5,41,6,0,0,4,0,0,0,13,2,0,0,5,11,306,1,31,5,7,12,7,9,16,10,2,1,0,1,16,15
124,26,4,28,5,0,0,5,0,0,0,11,4,0,0,5,11,306,1,30,5,6,11,6,8,15,10,3,1,0,1,14,15
112,26,4,33,6,0,0,4,1,0,0,13,2,0,0,5,11,306,2,28,3,6,11,6,9,15,10,4,1,0,2,15,15
29,26,4,31,5,0,0,4,1,0,0,11,4,0,0,5,11,306,2,28,3,6,11,5,8,15,9,4,1,0,2,15,0
35,25,3,39,4,0,1,4,1,0,0,1,14,0,0,5,11,306,2,27,3,5,12,4,8,16,9,5,1,0,2,16,0
-16,25,3,44,3,0,1,4,1,0,0,0,15,0,0,5,11,306,2,27,3,5,12,4,7,15,8,4,1,0,2,16,45
50,24,2,31,4,0,1,3,1,0,0,14,1,0,0,5,11,306,2,26,2,4,11,3,6,14,8,4,1,0,2,15,0
13,23,2,35,5,0,1,2,1,0,0,7,8,0,0,5,11,306,2,25,1,4,12,2,5,13,8,5,1,0,2,15,30
-13,23,5,37,5,0,1,2,1,0,0,1,14,0,0,5,11,306,2,24,2,5,13,4,8,12,8,4,1,0,2,15,45
32,22,4,35,4,0,1,2,1,0,0,6,9,0,0,5,11,306,1,24,3,7,14,3,7,12,8,5,1,0,2,15,30
-8,22,4,33,4,0,1,1,1,0,0,3,12,0,0,5,11,306,1,24,3,7,15,3,7,11,7,5,1,0,2,15,15
39,22,6,27,3,0,1,1,2,0,1,24,6,0,0,5,11,306,2,22,3,6,14,4,7,11,7,5,1,1,1,14,0
-23,21,6,30,2,0,1,2,2,0,1,6,24,0,0,5,11,306,2,21,4,8,15,4,8,16,7,5,1,1,2,14,45
83,20,6,26,4,0,1,2,1,0,1,14,1,0,0,5,11,306,3,19,2,7,14,4,7,16,7,5,1,1,1,13,30
42,19,6,29,4,0,1,1,1,0,1,12,3,0,0,5,11,306,2,19,2,7,14,3,6,15,7,4,1,1,1,14,30
19,19,7,25,4,0,1,0,1,0,1,4,11,0,0,5,11,306,2,19,4,8,15,4,5,14,6,3,1,1,1,13,15
89,18,9,21,4,0,1,1,1,0,1,3,12,0,0,5,11,306,3,17,4,8,13,4,5,16,6,4,1,1,2,12,45
-105,17,9,37,4,0,1,1,1,0,0,11,4,0,0,5,11,306,2,17,5,9,13,3,5,16,6,3,0,1,2,15,45
28,16,9,23,4,0,1,1,1,0,0,5,10,0,0,5,11,306,2,16,5,8,13,2,5,15,6,2,0,0,1,13,0
100,16,9,14,5,0,1,1,0,0,0,3,12,0,0,5,11,306,3,15,4,8,12,1,5,14,5,2,0,0,1,12,0
29,9,4,19,8,0,2,1,0,0,0,9,6,0,0,5,11,306,0,10,4,6,10,6,11,15,12,5,0,0,2,12,30
42,8,4,14,7,0,2,1,0,0,0,14,1,0,0,5,11,306,0,9,4,5,9,8,12,15,12,6,0,0,1,12,0
60,7,3,8,8,0,2,1,0,0,0,6,9,0,0,5,11,306,0,8,4,5,8,7,11,15,12,7,0,0,1,11,0
51,7,3,8,7,0,2,1,0,0,0,5,10,0,0,5,11,306,0,8,4,5,8,6,10,14,11,6,0,0,1,11,0
134,7,4,19,6,0,2,2,0,0,0,14,1,0,0,5,11,306,1,7,3,5,7,5,9,13,10,5,0,0,2,12,30
33,7,4,14,6,0,1,2,0,0,0,11,4,0,0,5,11,306,1,7,3,5,7,5,8,13,9,5,0,0,1,12,0
31,6,3,21,5,0,2,2,0,0,0,8,7,0,0,5,11,306,1,6,2,4,6,5,7,12,9,6,0,0,2,12,45
9,6,3,14,4,0,2,2,0,0,0,7,8,0,0,5,11,306,1,6,2,4,6,4,6,11,8,5,0,0,1,12,0
42,6,3,12,3,0,2,2,0,0,0,5,10,0,0,5,11,306,1,6,2,4,6,3,5,10,7,4,0,0,4,11,45
40,5,4,18,5,0,2,1,0,0,0,13,2,0,0,5,11,306,2,4,2,4,4,4,6,11,7,4,0,0,2,12,15
-19,5,5,23,4,0,2,1,0,0,0,10,5,0,0,5,11,306,2,4,2,4,4,3,5,10,6,4,0,0,1,13,0
56,5,5,11,3,0,2,1,0,0,0,4,11,0,0,5,11,306,2,4,2,4,4,2,5,9,5,3,0,0,2,11,30
28,4,4,12,3,0,1,1,0,0,0,1,14,0,0,5,11,306,0,4,2,4,4,1,4,8,6,4,0,0,4,11,45
56,2,2,6,6,0,1,0,0,0,0,0,15,0,0,5,11,306,1,1,1,1,1,3,5,9,7,5,0,0,2,10,45
-13,2,2,10,6,0,0,0,0,0,0,10,5,0,0,5,11,306,1,1,1,1,1,2,4,8,6,4,0,0,1,11,15
83,0,0,1,6,0,0,0,0,0,0,4,11,0,0,5,11,306,0,0,0,0,0,3,5,7,7,4,0,0,2,10,0
46,0,0,1,5,0,0,0,0,0,0,6,9,0,0,5,11,306,0,0,0,0,0,3,4,6,6,3,0,0,2,10,0
88,0,0,6,4,0,0,0,0,0,0,0,2,0,0,5,11,306,0,0,0,0,0,3,4,5,5,2,0,0,2,10,45
25,0,0,0,3,0,0,0,0,0,0,0,20,0,1,5,11,306,0,0,0,0,0,2,4,4,4,2,0,0,2,9,45
33,0,0,5,2,0,0,0,0,0,0,0,26,0,0,5,11,306,0,0,0,0,0,1,3,3,3,1,0,0,2,10,30
16,0,0,3,1,0,0,0,0,0,0,0,57,0,0,5,11,306,0,0,0,0,0,2,2,2,2,0,0,0,1,10,15
2,0,0,3,0,0,0,0,0,0,0,0,63,0,0,5,11,306,0,0,0,0,0,1,1,1,1,0,0,0,1,10,15
149,34,4,42,4,0,1,0,0,0,0,2,13,0,0,4,11,305,1,44,2,4,9,1,3,11,5,3,4,0,2,16,15
25,32,3,46,4,0,1,0,1,0,0,2,13,0,0,4,11,305,1,42,2,3,8,2,4,13,6,3,4,1,2,17,0
-44,31,2,47,5,0,1,0,1,0,0,0,15,0,0,4,11,305,1,40,1,4,8,2,6,13,7,5,4,1,1,17,15
22,29,2,47,6,0,0,0,1,0,0,2,13,0,0,4,11,305,0,39,3,4,10,5,9,12,8,5,3,1,1,17,15
43,29,2,49,5,0,0,0,1,0,0,11,4,1,0,4,11,305,0,39,3,4,11,5,9,12,7,4,3,0,1,17,30
36,29,2,45,4,0,1,0,1,0,0,14,1,0,0,4,11,305,1,38,3,4,10,7,9,11,6,3,3,0,1,16,45
55,29,2,41,4,0,1,0,0,0,0,11,4,0,0,4,11,305,0,37,3,4,11,6,8,10,6,4,3,0,1,16,0
39,29,2,43,3,0,2,0,0,0,0,10,5,0,0,4,11,305,1,37,2,3,10,5,7,9,5,3,3,0,1,16,30
8,29,3,43,3,0,2,0,0,0,0,14,1,0,0,4,11,305,2,36,1,4,11,5,7,8,4,3,3,0,1,16,30
-1,28,3,40,3,0,1,0,0,0,0,9,6,0,0,4,11,305,1,36,1,5,11,5,6,7,4,2,3,0,1,15,45
58,28,3,37,2,0,1,1,0,0,0,3,12,0,0,4,11,305,1,35,1,4,10,4,5,6,4,1,3,0,1,15,30
32,28,3,37,1,0,1,1,0,0,0,2,13,0,0,4,11,305,1,35,1,4,10,3,4,5,3,1,3,0,1,15,30
-8,27,3,37,0,0,1,1,0,0,0,1,14,0,0,4,11,305,0,35,3,6,12,3,3,5,3,1,3,0,1,15,30
42,27,3,33,0,0,0,1,0,0,0,10,5,0,0,4,11,305,0,35,4,7,12,2,3,4,2,1,3,1,1,14,45
-31,26,4,35,2,0,0,1,0,0,0,6,9,0,0,4,11,305,1,32,3,7,12,1,2,4,3,1,3,1,3,15,15
6,24,5,31,3,0,0,2,0,0,0,13,17,0,0,4,11,305,1,29,4,6,13,1,2,8,5,3,2,2,1,14,30
39,20,5,31,4,0,0,3,1,0,0,2,28,0,0,4,11,305,0,25,3,6,13,1,3,12,9,7,1,1,1,14,30
9,18,5,29,5,0,0,4,2,0,1,8,7,0,0,4,11,305,2,20,3,5,15,3,8,19,11,7,1,0,2,14,15
-1,16,4,25,5,0,0,4,2,0,0,14,1,0,0,4,11,305,0,20,4,6,16,4,7,20,12,7,1,0,1,12,45
17,15,5,28,5,0,1,5,2,0,0,12,3,0,0,4,11,305,2,17,2,5,15,5,10,19,12,7,1,0,2,13,45
26,15,5,27,5,0,1,4,2,0,0,4,11,0,0,4,11,305,1,17,3,8,16,5,11,19,12,7,1,1,1,13,15
87,15,6,21,5,0,1,4,2,0,0,0,15,0,0,4,11,305,2,16,2,7,15,4,11,18,11,6,1,1,1,12,0
53,15,6,25,4,0,1,4,2,0,0,13,2,0,0,4,11,305,2,16,2,7,15,3,11,17,10,6,1,1,1,12,45
-18,13,5,29,4,0,1,3,2,0,0,8,7,0,0,4,11,305,0,16,3,9,15,2,12,16,11,6,1,1,2,14,15
32,13,7,21,3,0,2,3,2,0,0,11,4,0,0,4,11,305,1,15,3,10,14,5,11,18,10,5,1,1,1,12,0
84,11,8,17,3,0,3,4,2,0,0,4,11,0,0,4,11,305,2,12,5,10,11,10,13,20,11,5,1,1,2,11,30
36,11,8,19,3,0,3,3,2,0,0,4,11,0,0,4,11,305,2,12,5,10,11,9,12,19,10,5,1,1,2,11,45
43,11,8,23,2,0,3,3,2,0,0,3,12,0,0,4,11,305,2,12,5,10,11,8,11,18,9,4,1,1,1,12,15
49,11,8,24,2,0,3,2,2,0,0,0,15,0,0,4,11,305,2,12,6,10,11,7,10,18,8,4,1,1,2,12,30
62,10,8,17,4,0,3,2,2,0,0,5,10,0,0,4,11,305,2,9,4,8,8,8,9,17,10,5,0,1,2,11,30
-38,10,8,34,3,0,3,2,2,0,0,5,10,0,0,4,11,305,2,9,4,8,8,7,9,16,9,4,0,0,2,15,0
-185,10,8,35,3,0,2,2,2,0,0,3,12,0,0,4,11,305,2,9,5,8,8,7,8,16,8,4,0,0,3,15,15
-30,9,7,19,3,0,1,2,2,0,0,14,1,0,0,4,11,305,1,9,5,8,9,6,7,15,8,4,0,0,2,11,45
34,8,7,13,3,0,0,2,3,0,0,9,6,0,0,4,11,305,1,8,5,7,8,5,6,15,8,4,0,0,2,11,0
39,8,7,15,4,0,0,2,2,0,0,9,6,0,0,4,11,305,2,7,4,6,7,4,5,14,7,4,0,0,2,11,15
-6,5,5,15,4,0,1,2,2,0,0,8,7,0,0,4,11,305,1,5,4,4,5,3,7,14,9,4,0,0,2,11,15
1,5,5,13,3,0,1,2,2,0,0,7,8,0,0,4,11,305,1,5,4,4,5,2,6,13,8,4,0,0,2,11,0
19,5,5,9,3,0,1,2,2,0,0,4,11,0,0,4,11,305,2,4,3,3,4,2,5,13,7,3,0,0,2,10,30
42,2,2,9,5,0,1,3,1,0,0,5,10,0,0,4,11,305,2,1,0,0,1,4,8,12,9,4,0,0,2,10,30
38,1,1,11,5,0,1,2,1,0,0,6,9,0,0,4,11,305,1,1,0,1,1,6,9,11,9,4,0,0,2,10,45
72,0,0,11,4,0,1,2,1,0,0,1,14,0,0,4,11,305,0,1,0,1,1,6,8,10,9,4,0,0,2,10,45
43,0,0,7,4,0,1,1,1,0,0,13,2,0,0,4,11,305,0,1,0,1,1,5,7,9,8,4,0,0,2,10,15
50,0,0,5,3,0,1,1,1,0,0,3,12,0,0,4,11,305,0,1,0,1,1,4,8,8,7,3,0,0,2,10,0
22,0,0,5,3,0,1,1,0,0,0,0,15,0,0,4,11,305,0,1,0,1,1,4,7,7,6,3,0,0,2,10,0
48,0,0,3,3,0,0,1,0,0,0,29,1,0,0,4,11,305,0,1,1,1,1,3,6,6,5,2,0,0,2,9,45
28,0,0,3,2,0,0,1,0,0,0,18,12,0,0,4,11,305,0,1,1,1,1,3,5,5,4,1,0,0,2,9,45
27,0,0,1,1,0,0,1,0,0,0,3,27,0,0,4,11,305,0,1,1,1,1,4,4,4,3,1,0,0,2,9,30
23,0,0,7,0,0,0,1,0,0,1,0,1,0,0,4,11,305,0,0,0,0,0,3,3,3,3,0,0,0,2,10,15
17,0,0,1,0,0,0,0,0,0,1,0,17,0,0,4,11,305,0,0,0,0,0,2,2,2,2,0,0,0,2,9,30
-1,0,0,0,0,0,0,0,0,0,0,0,24,0,1,4,11,305,0,0,0,0,0,1,1,1,1,0,0,0,2,9,0
37,45,1,53,2,0,1,1,0,0,1,7,23,1,0,3,10,304,0,48,2,4,12,2,4,7,6,1,4,2,1,18,0
57,45,4,49,2,0,1,1,0,0,1,4,11,0,0,3,10,304,1,47,3,5,12,2,5,9,5,1,3,1,1,17,0
61,44,6,51,2,0,2,2,0,0,1,5,10,0,0,3,10,304,3,44,2,7,11,4,4,13,5,1,3,0,1,17,15
9,44,7,52,2,0,2,1,0,0,1,1,14,0,0,3,10,304,3,44,2,7,11,3,4,12,4,1,3,0,1,17,30
52,41,6,49,2,0,2,2,0,0,0,11,4,0,0,3,10,304,0,43,4,8,12,2,6,12,7,2,3,1,1,17,0
105,41,6,45,1,0,2,2,0,0,0,10,5,0,0,3,10,304,0,43,4,8,12,1,5,11,6,2,3,1,2,16,30
17,37,4,41,4,0,3,3,0,0,0,4,11,0,0,3,10,304,1,37,2,4,9,4,9,14,10,7,3,3,2,16,0
46,35,3,45,5,0,2,3,0,0,0,6,9,0,0,3,10,304,0,36,2,5,10,4,9,13,11,6,3,3,2,16,30
29,35,3,41,5,0,1,3,0,0,0,4,11,0,0,3,10,304,0,36,2,5,10,4,8,12,10,5,2,3,2,16,0
-13,35,3,47,4,0,1,3,0,0,0,0,15,0,0,3,10,304,0,36,2,5,10,5,7,11,9,5,2,2,2,16,45
68,35,4,35,5,0,1,3,0,0,0,7,8,0,0,3,10,304,2,34,3,5,12,6,6,11,8,4,1,2,2,15,0
17,35,4,43,5,0,1,2,0,0,0,6,9,0,0,3,10,304,2,34,3,5,12,5,5,10,7,3,0,1,2,16,15
22,35,4,37,4,0,1,2,0,0,0,3,12,0,0,3,10,304,2,34,3,5,12,4,5,10,6,3,0,0,1,15,15
14,35,4,39,4,0,0,2,0,0,0,2,13,0,0,3,10,304,2,34,3,5,12,3,4,9,5,3,0,0,1,15,30
59,34,4,35,4,0,0,2,0,0,0,22,8,0,0,3,10,304,2,33,3,5,12,2,5,8,5,4,0,0,2,15,0
43,33,3,40,5,0,0,1,0,0,0,15,15,0,0,3,10,304,2,32,2,4,12,1,5,7,5,4,0,0,2,15,45
-20,31,7,43,5,0,0,2,1,0,0,5,10,0,0,3,10,304,2,29,3,7,15,4,5,9,7,5,0,0,2,16,15
35,30,6,37,5,0,0,2,1,0,0,28,2,0,0,3,10,304,2,28,2,6,14,3,5,9,7,5,0,0,1,15,15
21,30,7,34,5,0,0,1,1,0,0,23,7,0,0,3,10,304,2,28,2,7,14,3,4,8,6,4,0,0,2,14,30
-122,30,7,47,4,0,0,1,1,0,0,20,10,0,0,3,10,304,2,28,3,7,15,2,3,7,5,3,0,0,2,16,45
59,27,8,32,3,0,1,2,1,0,0,9,6,0,0,3,10,304,1,26,5,9,16,2,4,15,7,5,0,0,1,14,0
24,24,8,33,3,0,1,2,3,0,1,4,11,0,0,3,10,304,2,22,3,8,14,2,5,14,9,4,0,0,1,14,15
45,20,6,29,3,0,3,2,3,0,1,6,9,0,0,3,10,304,1,19,5,7,13,3,11,17,12,5,0,0,1,13,0
64,19,7,25,5,0,2,2,3,0,1,13,2,0,0,3,10,304,2,17,3,6,13,3,12,16,12,5,0,0,2,12,30
31,16,5,31,5,0,3,2,3,0,1,13,2,0,0,3,10,304,1,15,3,6,13,5,11,16,14,7,0,0,1,13,30
122,16,7,23,6,0,3,1,3,0,1,5,10,0,0,3,10,304,2,14,2,6,12,8,10,17,13,6,0,0,2,12,15
24,14,6,27,6,0,3,1,3,0,1,5,10,0,0,3,10,304,1,13,3,6,12,9,11,21,14,6,0,0,1,12,45
44,14,7,19,6,0,2,1,4,0,1,2,13,0,0,3,10,304,2,12,2,6,11,8,11,20,13,6,0,0,2,11,45
83,14,7,17,6,0,2,1,3,0,1,0,15,0,0,3,10,304,2,12,2,6,11,7,10,20,12,5,0,0,2,11,30
25,14,7,30,5,0,2,1,3,0,1,10,5,0,0,3,10,304,2,12,4,6,12,6,9,19,11,4,0,0,1,13,15
33,14,8,23,5,0,2,1,2,0,1,10,5,0,0,3,10,304,2,12,4,6,12,5,8,18,10,3,0,0,2,12,15
39,14,8,21,4,0,2,1,2,0,0,8,7,0,0,3,10,304,2,12,4,6,12,4,7,17,9,3,0,0,2,12,0
30,14,8,27,4,0,2,1,2,0,0,8,7,0,0,3,10,304,2,12,4,6,12,4,7,17,9,3,0,0,1,12,45
34,13,7,19,3,0,2,1,2,0,0,3,12,0,0,3,10,304,1,12,4,7,12,3,6,18,8,4,0,0,2,11,45
47,12,6,21,3,0,1,1,2,0,0,1,14,0,0,3,10,304,0,12,4,7,12,2,5,17,8,3,0,0,2,12,0
43,9,6,25,5,0,1,1,3,0,0,4,11,0,0,3,10,304,1,8,3,6,8,4,7,16,10,3,0,0,2,12,30
84,9,6,13,5,0,1,1,3,0,0,11,4,0,0,3,10,304,2,7,3,6,7,3,8,15,9,3,0,0,2,11,0
52,7,5,13,5,0,1,1,2,0,0,2,13,0,0,3,10,304,0,7,4,6,7,3,10,14,10,3,0,0,2,11,0
27,6,6,17,5,0,1,1,2,0,0,7,8,0,0,3,10,304,0,6,4,6,6,3,10,13,10,3,0,0,2,11,30
8,5,5,15,6,0,1,1,2,0,0,8,7,0,0,3,10,304,1,4,3,4,4,8,12,13,10,3,0,0,2,11,15
61,3,3,15,8,0,0,1,2,0,0,10,5,0,0,3,10,304,1,2,2,2,2,8,11,12,11,3,0,0,2,11,15
63,3,3,10,8,0,0,1,1,0,0,7,8,0,0,3,10,304,1,2,2,2,2,7,10,12,10,2,0,0,2,10,30
43,3,3,4,7,0,0,1,1,0,0,3,12,0,0,3,10,304,1,2,2,2,2,9,9,11,9,1,0,0,2,9,45
77,3,3,8,7,0,0,1,1,0,0,2,13,0,0,3,10,304,2,1,1,1,1,8,8,10,8,1,0,0,1,10,15
72,3,3,6,7,0,0,1,0,0,0,11,4,0,0,3,10,304,2,1,1,1,1,7,7,10,7,1,0,0,2,10,0
63,3,3,4,6,0,0,1,0,0,0,10,5,0,0,3,10,304,2,1,1,1,1,6,6,9,6,1,0,0,2,9,45
25,3,3,8,5,0,0,1,0,0,0,9,6,0,0,3,10,304,2,1,1,1,1,5,5,8,5,1,0,0,1,10,15
17,1,1,6,4,0,0,1,0,0,0,0,15,0,0,3,10,304,0,1,1,1,1,4,4,7,6,2,0,0,2,10,0
24,0,0,11,5,0,0,0,0,0,0,5,10,0,0,3,10,304,0,0,0,0,0,3,3,6,6,3,0,0,2,10,45
7,0,0,11,4,0,0,0,0,0,0,4,11,0,0,3,10,304,0,0,0,0,0,2,2,5,5,3,0,0,2,10,45
50,0,0,2,3,0,0,0,0,0,0,4,11,0,0,3,10,304,0,0,0,0,0,1,1,4,4,3,0,0,2,9,30
22,0,0,2,2,0,0,0,0,0,0,0,29,0,0,3,10,304,0,0,0,0,0,2,3,3,3,3,0,0,2,9,30
46,0,0,0,1,0,0,0,0,0,0,0,52,0,1,3,10,304,0,0,0,0,0,2,2,2,2,2,0,0,1,9,0
24,0,0,1,0,0,0,0,0,0,0,0,61,0,0,3,10,304,0,0,0,0,0,1,1,1,1,1,0,0,2,9,15
41,39,7,47,2,0,0,2,0,0,0,16,14,1,0,2,10,303,1,43,3,6,12,1,1,7,4,1,0,1,1,18,0
46,32,5,43,5,0,0,3,1,0,1,4,11,0,0,2,10,303,1,36,3,6,12,3,6,15,10,3,0,0,2,16,45
73,31,6,46,4,0,0,3,1,0,1,8,7,0,0,2,10,303,0,36,3,7,12,5,7,14,10,4,0,0,1,17,30
106,30,5,41,4,0,0,3,1,0,2,1,14,0,0,2,10,303,1,34,3,7,11,4,7,13,10,5,0,0,1,16,30
34,30,6,44,5,0,0,2,1,0,2,14,1,0,0,2,10,303,1,33,4,7,10,4,9,13,10,4,0,0,1,17,0
63,30,6,44,5,0,0,1,1,0,2,12,3,0,0,2,10,303,1,33,4,7,11,4,9,12,9,4,0,0,1,17,0
-10,30,7,39,4,0,0,1,1,0,2,11,4,0,0,2,10,303,1,33,4,8,11,3,8,11,8,4,0,0,2,16,15
24,27,5,37,7,0,0,1,1,0,1,3,12,0,0,2,10,303,1,30,4,6,11,6,9,11,10,6,0,0,2,16,0
62,25,3,37,8,0,0,0,1,0,1,13,2,0,0,2,10,303,0,29,3,5,10,5,8,10,11,6,0,0,2,16,0
96,25,4,33,8,0,0,0,2,0,1,4,11,0,0,2,10,303,2,27,2,4,9,6,7,9,10,5,0,0,1,15,15
81,24,3,35,8,0,0,0,1,0,1,13,2,0,0,2,10,303,1,27,2,4,10,6,6,8,10,5,0,0,1,15,30
38,24,3,36,8,0,0,0,1,0,0,7,8,0,0,2,10,303,1,27,3,4,10,5,5,7,9,5,0,0,2,15,45
69,24,3,39,7,0,0,0,2,0,0,3,12,0,0,2,10,303,2,26,2,3,9,4,4,6,8,4,0,0,2,16,15
30,24,5,41,6,0,0,0,2,0,0,12,3,0,0,2,10,303,2,26,2,4,9,3,4,6,7,4,0,0,1,16,30
53,23,5,32,6,0,0,0,2,0,0,5,10,0,0,2,10,303,2,25,2,3,9,2,3,6,7,4,0,0,2,15,0
29,23,6,33,5,0,0,0,2,0,0,1,14,0,0,2,10,303,2,25,2,5,9,1,2,5,6,3,0,0,1,15,15
51,21,7,31,5,0,0,1,2,0,0,1,14,0,0,2,10,303,2,23,4,6,10,2,3,9,7,4,0,0,1,14,45
74,17,4,29,5,0,2,1,2,0,0,15,15,0,0,2,10,303,1,20,3,4,9,1,3,10,10,4,0,0,1,14,15
69,14,3,27,7,0,2,1,2,0,0,2,13,0,0,2,10,303,1,17,2,4,9,4,7,16,12,4,0,0,1,13,30
42,13,3,29,6,0,2,2,2,0,0,9,6,0,0,2,10,303,1,16,1,4,9,4,6,15,12,3,0,0,1,14,15
78,13,4,20,6,0,1,2,2,0,0,14,1,0,0,2,10,303,1,16,2,5,10,4,8,14,11,3,0,0,2,12,30
138,13,4,26,5,0,1,2,3,0,0,9,6,0,0,2,10,303,2,15,2,4,9,4,7,13,10,3,0,0,1,13,15
70,13,6,22,5,0,0,2,3,0,0,13,2,0,0,2,10,303,2,15,3,6,11,3,7,12,9,3,0,0,2,12,45
59,11,4,24,6,0,0,2,2,0,0,3,12,0,0,2,10,303,1,14,3,5,10,3,10,11,10,5,0,0,1,13,0
75,11,5,28,6,0,0,3,1,0,0,10,5,0,0,2,10,303,2,13,2,5,9,4,9,12,9,5,0,0,2,14,0
141,10,6,16,6,0,0,3,1,0,0,8,7,0,0,2,10,303,2,12,3,5,9,6,9,16,9,5,0,0,2,12,0
47,9,6,18,6,0,0,3,1,0,0,2,13,0,0,2,10,303,2,11,2,5,10,7,8,16,9,5,0,0,2,12,15
72,9,6,22,6,0,0,2,1,0,0,14,1,0,0,2,10,303,2,11,2,5,10,6,7,15,8,5,0,0,2,12,45
47,9,6,20,5,0,0,2,1,0,0,4,11,0,0,2,10,303,2,11,3,6,10,6,6,14,7,4,0,0,2,12,30
28,7,4,24,5,0,0,2,1,0,1,12,3,0,0,2,10,303,2,9,2,5,8,5,5,13,8,5,0,0,1,13,0
40,7,4,18,4,0,0,2,1,0,1,10,5,0,0,2,10,303,2,9,2,5,8,4,4,12,7,4,0,0,2,12,15
40,7,4,14,4,0,0,2,0,0,1,8,7,0,0,2,10,303,2,9,2,5,8,3,3,11,6,4,0,0,2,11,45
24,7,4,16,4,0,0,1,0,0,1,6,9,0,0,2,10,303,1,9,2,5,9,2,2,10,6,4,0,0,2,12,0
-22,6,3,14,5,0,0,1,0,0,0,39,6,0,0,2,10,303,1,8,2,4,8,1,3,10,6,3,0,0,2,11,45
81,3,3,9,7,0,1,0,1,0,0,13,2,0,0,2,10,303,2,4,3,4,4,8,9,11,8,4,0,0,1,10,30
3,3,3,12,6,0,1,0,1,0,0,10,5,0,0,2,10,303,1,4,3,4,4,7,8,10,8,4,0,0,2,11,30
44,3,3,11,6,0,1,0,1,0,0,5,10,0,0,2,10,303,2,3,2,3,3,6,7,12,7,4,0,0,2,11,15
44,3,3,7,5,0,1,0,1,0,0,5,10,0,0,2,10,303,2,3,2,3,3,5,6,11,6,3,0,0,2,10,15
-79,2,2,12,4,0,1,0,1,0,0,3,12,0,0,2,10,303,1,3,2,3,3,4,6,10,6,4,0,0,2,11,30
39,2,2,7,3,0,1,0,1,0,0,11,4,0,0,2,10,303,1,3,2,3,3,3,6,9,5,4,0,0,2,10,15
47,2,2,5,3,0,0,0,1,0,0,8,7,0,0,2,10,303,1,3,2,3,3,2,5,8,4,3,0,0,2,10,0
91,1,1,5,3,0,0,0,1,0,0,5,10,0,0,2,10,303,1,2,2,2,2,1,4,7,4,3,0,0,2,10,0
41,0,0,9,3,0,0,1,1,0,0,4,11,0,0,2,10,303,1,0,0,0,0,3,3,6,5,4,0,0,1,10,30
49,0,0,1,3,0,0,1,0,0,0,3,12,0,0,2,10,303,1,0,0,0,0,2,5,5,4,4,0,0,1,9,15
6,0,0,3,2,0,0,1,0,0,0,2,13,0,0,2,10,303,1,0,0,0,0,1,4,4,3,3,0,0,2,9,45
-6,0,0,0,1,0,0,1,0,0,0,0,52,0,1,2,10,303,0,0,0,0,0,3,3,3,3,2,0,0,1,9,0
-7,0,0,2,1,0,0,0,0,0,0,0,53,0,0,2,10,303,0,0,0,0,0,2,2,2,2,2,0,0,2,9,30
4,0,0,3,0,0,0,0,0,0,0,0,53,0,0,2,10,303,0,0,0,0,0,1,1,1,1,1,0,0,2,9,45
29,33,1,42,0,0,0,0,0,0,0,93,12,1,0,6,10,300,0,42,0,3,7,1,1,2,1,0,4,0,1,17,30
72,29,3,34,2,0,1,1,0,0,1,5,10,0,0,6,10,300,1,36,3,5,10,3,7,11,5,3,4,1,2,14,45
14,28,3,37,2,0,2,1,0,0,1,10,5,0,0,6,10,300,0,34,3,6,11,6,8,13,7,5,4,1,3,15,15
-33,28,3,38,2,0,1,1,0,0,1,7,8,0,0,6,10,300,0,34,3,7,13,5,7,13,6,4,4,1,1,15,30
-43,28,3,41,2,0,1,1,0,0,1,5,10,0,0,6,10,300,1,33,2,6,12,4,6,12,5,3,4,1,1,17,15
5,28,3,35,2,0,0,1,0,0,1,4,11,0,0,6,10,300,1,33,2,6,12,3,5,11,4,2,3,1,1,15,0
-11,28,3,38,1,0,0,1,0,0,1,14,1,0,0,6,10,300,1,33,4,6,13,2,5,10,3,2,3,0,1,15,30
37,28,4,38,1,0,0,1,0,0,0,9,6,0,0,6,10,300,1,33,4,6,14,1,5,9,2,1,3,0,1,15,30
28,26,4,35,3,0,1,0,0,0,1,3,12,0,0,6,10,300,2,29,3,6,14,4,5,10,4,2,3,0,1,15,0
-3,26,4,33,2,0,1,0,0,0,1,0,15,0,0,6,10,300,2,29,3,6,15,3,5,9,3,1,3,1,1,14,30
7,25,6,31,4,0,1,0,0,0,0,15,15,0,0,6,10,300,2,27,3,7,14,2,6,9,4,3,3,2,1,14,15
37,25,8,30,3,0,1,0,0,0,0,10,20,0,0,6,10,300,2,27,3,8,14,1,5,8,3,2,3,2,2,14,0
-16,22,9,31,5,0,1,1,0,0,0,5,10,0,0,6,10,300,2,23,5,8,14,4,6,9,6,4,3,2,1,14,15
54,22,9,26,4,0,1,1,0,0,0,2,13,0,0,6,10,300,2,23,5,8,14,3,5,8,5,3,2,2,1,12,45
57,21,8,27,4,0,0,1,0,0,0,13,2,0,0,6,10,300,1,23,5,9,15,2,4,8,5,3,1,1,1,13,0
-8,20,8,29,4,0,0,2,0,0,0,8,7,0,0,6,10,300,2,21,4,7,13,1,3,9,5,2,1,0,1,13,30
34,14,5,22,6,0,0,3,1,0,0,8,7,0,0,6,10,300,1,16,4,6,12,3,5,13,10,4,1,1,2,12,15
18,14,5,28,5,0,0,4,1,0,0,6,9,0,0,6,10,300,2,15,3,6,11,2,4,13,9,4,1,1,1,13,15
44,12,4,20,5,0,0,4,2,0,0,3,12,0,0,6,10,300,2,13,1,5,12,2,6,14,10,6,1,1,2,12,0
24,10,5,24,4,0,1,4,2,0,0,4,11,0,0,6,10,300,1,12,3,6,12,2,7,15,11,6,1,1,1,12,30
132,9,5,13,5,0,1,3,2,0,1,9,6,0,0,6,10,300,2,10,2,6,10,5,9,18,11,6,0,1,2,11,0
44,9,5,17,5,0,1,3,2,0,1,2,13,0,0,6,10,300,2,9,3,6,9,5,9,18,11,5,0,0,1,11,30
44,8,5,19,5,0,1,3,2,0,1,13,2,0,0,6,10,300,2,8,2,5,8,4,10,17,11,6,0,0,2,11,45
50,8,6,15,5,0,1,3,1,0,1,12,3,0,0,6,10,300,2,8,2,5,8,3,9,16,10,5,0,0,2,11,15
29,7,7,24,4,0,1,3,1,0,1,10,5,0,0,6,10,300,1,8,4,8,8,5,10,18,10,4,0,0,1,12,30
25,5,5,20,6,0,1,2,1,0,1,5,10,0,0,6,10,300,1,6,2,6,6,5,9,17,11,5,0,0,2,12,0
70,4,4,9,6,0,1,2,0,0,1,12,3,0,0,6,10,300,0,6,3,6,6,6,8,17,11,6,0,0,2,10,30
16,4,4,11,5,0,1,2,0,0,1,8,7,0,0,6,10,300,0,6,4,6,6,5,8,16,10,6,0,0,2,10,45
-23,4,4,17,5,0,1,2,0,0,0,7,8,0,0,6,10,300,0,6,4,6,6,4,7,15,9,5,0,0,1,11,30
28,4,4,22,5,0,1,3,0,0,0,6,9,0,0,6,10,300,1,4,4,4,4,5,10,14,9,6,0,0,2,12,15
26,4,4,7,6,0,1,2,0,0,0,1,14,0,0,6,10,300,2,3,3,3,3,4,9,13,8,5,0,0,2,10,15
12,4,4,13,6,0,0,2,0,0,0,0,15,0,0,6,10,300,2,3,3,3,3,3,8,12,7,5,0,0,2,11,0
24,2,2,7,6,0,0,3,0,0,0,3,12,0,0,6,10,300,2,1,1,1,1,4,8,11,8,7,0,0,2,10,15
27,2,2,15,5,0,0,3,0,0,0,2,13,0,0,6,10,300,2,1,1,1,1,3,8,10,7,6,0,0,2,11,15
15,0,0,4,4,0,0,3,0,0,1,11,4,0,0,6,10,300,0,0,0,0,0,5,9,9,9,8,0,0,2,9,45
27,0,0,2,3,0,0,3,0,0,1,3,12,0,0,6,10,300,0,0,0,0,0,5,8,8,8,7,0,0,1,9,30
70,0,0,11,3,0,0,2,0,0,1,1,14,0,0,6,10,300,0,0,0,0,0,5,7,7,7,6,0,0,2,10,45
57,0,0,2,2,0,0,2,0,0,1,12,3,0,0,6,10,300,0,0,0,0,0,5,6,6,6,5,0,0,1,9,30
39,0,0,5,1,0,0,2,0,0,1,8,7,0,0,6,10,300,0,0,0,0,0,4,5,5,5,4,0,0,2,10,0
-24,0,0,9,1,0,0,1,0,0,1,0,7,0,0,6,10,300,0,0,0,0,0,4,4,4,4,3,0,0,2,10,30
44,0,0,0,0,0,0,1,0,0,1,0,13,0,1,6,10,300,0,0,0,0,0,3,3,3,3,2,0,0,1,9,0
26,0,0,1,0,0,0,1,0,0,0,0,15,0,0,6,10,300,0,0,0,0,0,2,2,2,2,1,0,0,2,9,15
-20,0,0,5,0,0,0,0,0,0,0,0,28,0,0,6,10,300,0,0,0,0,0,1,1,1,1,1,0,0,2,10,0
-12,29,3,51,2,0,3,0,1,0,1,12,3,1,0,5,10,299,0,44,3,7,12,4,8,13,8,4,6,2,1,17,30
90,29,3,48,4,0,3,0,0,0,1,2,13,0,0,5,10,299,2,42,3,6,11,5,8,12,7,3,6,2,1,17,0
79,28,2,40,4,0,2,0,0,0,1,14,1,0,0,5,10,299,1,42,3,6,11,5,7,11,7,3,5,2,2,16,15
32,28,3,50,4,0,2,0,0,0,1,7,8,0,0,5,10,299,1,41,3,5,10,5,6,10,7,4,4,1,1,17,15
48,27,2,44,5,0,1,0,0,0,1,6,9,0,0,5,10,299,1,40,4,6,11,4,7,11,7,4,4,0,2,16,30
60,27,2,44,5,0,1,0,0,0,1,3,12,0,0,5,10,299,2,39,3,5,10,4,6,11,6,3,4,0,2,16,30
0,27,2,46,4,0,1,0,0,0,1,14,1,0,0,5,10,299,1,39,3,6,10,3,5,10,6,4,4,0,2,16,45
51,27,2,40,4,0,0,0,0,0,1,13,2,0,0,5,10,299,1,39,3,6,10,2,4,9,5,3,4,0,2,16,15
-22,26,3,48,5,0,0,1,0,0,1,5,10,0,0,5,10,299,2,36,2,5,9,3,5,8,6,3,4,0,1,17,0
23,25,3,39,4,0,0,3,0,0,1,0,15,0,0,5,10,299,2,34,2,4,9,3,4,10,7,4,4,0,4,16,0
-29,25,3,46,3,0,0,3,0,0,1,9,6,0,0,5,10,299,2,34,3,4,9,3,4,11,6,4,4,0,2,16,45
44,25,4,40,4,0,0,3,0,0,0,9,6,0,0,5,10,299,2,33,2,5,9,2,5,11,6,3,4,1,2,16,15
-18,24,3,40,4,0,0,3,0,0,0,0,15,0,0,5,10,299,2,32,2,4,9,1,4,11,6,3,4,1,2,16,15
41,22,2,33,4,0,0,3,1,0,0,0,15,0,0,5,10,299,1,30,3,5,12,3,7,12,8,4,4,2,2,15,0
40,22,3,36,4,0,0,3,1,0,0,7,8,0,0,5,10,299,1,29,2,4,13,2,7,13,8,4,4,3,1,15,30
-5,21,3,38,4,0,0,2,1,0,0,5,10,0,0,5,10,299,0,29,2,4,13,1,7,12,8,4,3,3,1,15,45
-7,21,4,36,6,0,0,1,1,0,0,19,26,0,0,5,10,299,2,27,2,6,15,6,8,16,7,3,2,3,1,15,30
74,20,4,29,8,0,0,1,0,0,0,4,41,0,0,5,10,299,2,25,1,6,14,6,8,16,8,4,2,2,1,13,30
-42,20,4,34,7,0,0,1,0,0,0,2,43,0,0,5,10,299,2,25,2,7,14,5,7,16,7,3,2,2,2,15,15
18,20,5,32,7,0,0,0,0,0,0,0,45,0,0,5,10,299,2,25,2,7,14,4,6,15,6,3,2,2,1,14,45
80,20,5,25,6,0,0,0,0,0,0,14,1,0,0,5,10,299,2,25,2,7,14,3,5,14,5,3,1,2,2,13,0
29,18,4,31,5,0,0,0,0,0,0,5,10,0,0,5,10,299,0,25,4,9,16,3,6,18,6,3,1,1,1,14,30
-52,18,6,34,5,0,0,0,0,0,0,5,10,0,0,5,10,299,1,24,5,9,16,2,6,18,5,3,0,1,2,15,15
31,17,7,27,6,0,0,0,0,0,0,9,6,0,0,5,10,299,1,22,5,10,15,2,8,18,6,2,0,0,1,13,15
68,16,7,19,8,0,0,0,0,0,0,5,10,0,0,5,10,299,1,19,4,8,14,4,9,20,8,4,0,0,2,12,15
-17,14,6,27,8,0,0,0,0,0,1,9,6,0,0,5,10,299,1,17,5,7,12,6,12,21,9,4,0,0,1,13,15
-27,14,6,30,7,0,0,1,0,0,1,8,7,0,0,5,10,299,2,16,4,6,11,5,11,20,8,4,0,0,1,14,15
51,13,6,21,6,0,0,1,0,0,1,3,12,0,0,5,10,299,1,16,4,7,11,5,12,20,8,3,0,0,2,12,30
4,10,5,23,7,0,1,1,0,0,1,1,14,0,0,5,10,299,1,12,2,5,10,6,12,19,10,4,0,0,2,12,45
3,10,5,19,7,0,1,1,0,0,1,0,15,0,0,5,10,299,2,12,1,5,9,5,11,18,9,3,0,0,2,12,15
-19,10,5,25,6,0,1,1,0,0,1,10,5,0,0,5,10,299,1,12,1,5,10,6,11,17,9,4,0,0,2,13,0
-3,9,4,23,5,0,1,1,0,0,1,5,10,0,0,5,10,299,0,12,3,5,11,8,12,16,9,4,0,0,2,12,45
0,9,4,21,5,0,1,1,0,0,1,12,3,0,0,5,10,299,1,11,3,6,10,8,11,15,8,4,0,0,2,12,30
22,9,6,16,4,0,1,1,0,0,1,3,12,0,0,5,10,299,1,11,3,6,10,7,11,14,7,3,0,0,2,11,45
57,9,6,14,3,0,1,1,0,0,1,12,3,0,0,5,10,299,1,11,4,6,11,7,10,13,6,2,0,0,1,11,30
67,8,5,9,3,0,0,1,0,0,1,11,4,0,0,5,10,299,0,11,4,6,11,6,11,12,6,2,0,0,1,10,45
-1,8,5,17,3,0,0,1,0,0,1,10,5,0,0,5,10,299,1,10,3,5,10,5,10,12,5,1,0,0,2,12,0
87,7,4,14,2,0,0,1,0,0,1,7,8,0,0,5,10,299,0,10,3,5,10,6,9,11,5,1,0,0,1,11,30
4,7,4,17,1,0,0,1,0,0,1,7,8,0,0,5,10,299,0,10,3,5,10,5,8,10,4,1,0,0,2,12,0
80,6,3,9,1,0,0,0,0,0,2,2,13,0,0,5,10,299,0,9,3,4,9,4,8,10,4,2,0,0,1,10,45
12,5,3,12,3,0,0,0,0,0,1,13,2,0,0,5,10,299,1,7,2,4,7,4,7,9,4,3,0,0,2,11,15
48,5,3,7,2,0,0,0,0,0,0,8,7,0,0,5,10,299,0,7,2,5,7,5,6,10,4,4,0,0,2,10,30
38,5,3,7,2,0,0,0,0,0,0,8,7,0,0,5,10,299,0,7,2,5,7,5,6,10,4,4,0,0,2,10,30
22,5,4,11,1,0,2,0,0,0,0,8,7,0,0,5,10,299,2,5,1,4,5,4,4,8,2,2,0,0,2,11,0
-18,3,3,12,0,0,2,0,0,0,0,12,3,0,0,5,10,299,0,5,2,5,5,3,3,7,3,2,0,0,2,11,15
23,3,3,5,0,0,1,0,0,0,0,11,4,0,0,5,10,299,0,5,2,5,5,2,2,6,2,1,0,0,2,10,15
23,3,3,5,0,0,0,0,0,0,0,6,9,0,0,5,10,299,0,5,3,5,5,1,2,6,1,0,0,0,2,10,15
4,0,0,3,3,0,1,0,0,0,0,10,5,0,0,5,10,299,1,0,0,0,0,3,4,5,4,2,0,0,2,10,0
34,0,0,1,2,0,1,0,0,0,0,3,12,0,0,5,10,299,0,0,0,0,0,3,4,4,4,1,0,0,1,9,15
-8,0,0,3,2,0,0,0,0,0,0,0,4,0,0,5,10,299,0,0,0,0,0,2,3,3,3,0,0,0,2,10,0
-10,0,0,2,1,0,0,0,0,0,0,0,6,0,0,5,10,299,0,0,0,0,0,1,2,2,2,0,0,0,2,9,30
34,0,0,0,0,0,0,0,0,0,0,0,39,0,1,5,10,299,0,0,0,0,0,1,1,1,1,0,0,0,1,9,0
61,30,4,49,1,0,0,1,0,0,1,8,22,1,0,4,10,298,1,46,3,6,11,2,4,8,3,2,5,1,1,17,30
37,28,2,47,0,0,0,1,0,0,2,3,27,0,0,4,10,298,0,45,3,5,11,2,3,7,4,3,5,1,1,17,0
24,26,2,44,1,0,0,1,1,0,1,4,11,0,0,4,10,298,0,42,3,5,11,2,5,10,5,3,5,1,2,16,45
19,26,2,44,1,0,1,1,1,0,0,1,14,0,0,4,10,298,1,42,2,4,10,1,4,9,4,2,4,1,2,16,45
35,24,2,39,3,0,1,1,1,0,0,13,2,0,0,4,10,298,0,39,1,5,13,3,5,11,7,3,4,1,2,16,0
-20,24,2,44,3,0,0,1,1,0,0,1,14,0,0,4,10,298,0,39,3,6,13,3,7,11,6,3,4,1,2,16,45
0,24,2,39,3,0,0,1,1,0,0,5,10,0,0,4,10,298,1,38,4,5,14,2,6,12,5,2,4,1,2,16,0
35,24,2,43,4,0,0,0,1,0,0,8,7,0,0,4,10,298,1,37,3,6,14,2,5,14,5,1,4,1,3,16,30
-52,22,2,47,5,0,0,0,2,0,0,3,12,0,0,4,10,298,1,34,2,7,12,4,6,14,7,2,3,2,1,17,0
-5,22,2,35,4,0,0,0,2,0,0,7,8,0,0,4,10,298,1,34,4,8,12,3,7,13,6,2,3,1,1,15,15
-3,22,2,36,3,0,0,0,2,0,0,7,8,0,0,4,10,298,1,34,4,8,12,2,6,12,5,2,3,1,2,15,30
17,22,2,37,2,0,0,0,3,0,0,3,12,0,0,4,10,298,1,33,4,7,12,3,5,11,5,2,3,1,2,15,45
67,22,6,37,4,0,0,1,2,0,0,7,8,0,0,4,10,298,2,30,4,7,11,4,9,13,6,4,2,2,2,15,45
26,21,5,32,4,0,0,1,2,0,0,4,11,0,0,4,10,298,2,29,3,7,11,3,8,12,6,3,2,1,1,14,45
-85,20,5,41,5,0,0,1,2,0,0,29,1,0,0,4,10,298,1,26,3,5,9,4,8,12,8,4,2,1,1,16,15
-4,20,5,30,5,0,0,1,2,0,0,23,7,0,0,4,10,298,2,26,3,4,9,6,7,13,7,4,2,1,1,14,15
-22,20,6,34,5,0,0,1,1,0,0,14,16,0,0,4,10,298,2,26,4,6,12,5,7,12,6,4,2,1,1,15,0
20,18,5,32,6,0,0,1,0,0,1,6,24,0,0,4,10,298,2,24,2,4,10,4,6,12,7,4,2,1,1,14,45
45,17,4,28,5,0,0,1,0,0,1,14,1,0,0,4,10,298,1,24,2,5,10,4,6,11,7,4,2,1,1,13,30
-111,17,5,41,5,0,0,0,0,0,1,12,3,0,0,4,10,298,1,24,2,5,10,3,5,12,6,3,1,1,1,16,15
-26,17,5,31,4,0,0,0,0,0,1,10,5,0,0,4,10,298,1,24,2,5,10,2,4,11,5,2,1,0,2,14,30
21,16,5,29,3,0,0,2,0,0,1,3,12,0,0,4,10,298,2,22,2,4,10,2,5,12,5,2,1,0,1,14,0
24,15,5,26,4,0,0,2,0,0,0,2,13,0,0,4,10,298,2,21,3,5,13,3,6,11,5,3,1,0,1,13,0
26,13,5,27,4,0,0,2,0,0,0,1,14,0,0,4,10,298,1,20,2,6,13,3,6,11,6,4,1,0,1,13,15
63,12,4,22,3,0,0,2,0,0,1,9,6,0,0,4,10,298,1,19,2,5,14,4,7,11,6,4,1,0,2,12,30
16,11,5,22,4,0,0,1,0,0,1,19,11,0,0,4,10,298,0,18,4,6,14,4,8,13,7,4,1,1,2,12,30
13,11,5,20,3,0,0,1,0,0,1,13,17,0,0,4,10,298,0,18,4,8,14,4,7,13,6,4,1,1,2,12,15
99,11,5,12,3,0,0,1,0,0,0,13,17,0,0,4,10,298,0,18,4,8,14,3,6,12,5,3,1,1,2,10,45
58,9,5,24,5,0,1,1,0,0,0,11,4,0,0,4,10,298,1,14,2,6,12,4,6,14,7,5,1,1,1,12,45
52,8,5,18,4,0,1,1,0,0,0,13,2,0,0,4,10,298,0,14,4,8,12,4,5,15,7,5,1,1,2,11,45
33,8,5,15,3,0,1,1,0,0,0,12,3,0,0,4,10,298,0,14,4,8,12,3,5,14,6,4,1,1,1,11,15
16,8,5,24,3,0,1,0,0,0,0,5,10,0,0,4,10,298,0,14,5,9,13,2,4,13,5,3,0,1,1,12,45
-6,7,5,20,4,0,1,0,0,0,0,8,7,0,0,4,10,298,1,12,4,8,12,2,5,13,5,2,0,0,2,12,15
30,4,4,15,8,0,0,0,0,0,0,14,1,0,0,4,10,298,1,8,4,6,8,3,9,12,8,5,0,0,1,11,15
5,3,3,17,9,0,0,0,0,0,0,13,2,0,0,4,10,298,1,6,2,4,6,5,10,13,9,5,0,0,2,11,30
38,3,3,10,8,0,0,1,0,0,0,1,14,0,0,4,10,298,2,5,3,4,5,7,9,13,8,5,0,0,1,10,30
-3,2,2,18,8,0,0,1,0,0,0,9,6,0,0,4,10,298,2,4,2,4,4,6,9,13,8,6,0,0,2,11,45
21,2,2,10,7,0,0,1,0,0,0,4,11,0,0,4,10,298,2,4,2,4,4,6,8,12,7,6,0,0,1,10,30
-2,2,2,13,6,0,0,1,0,0,0,3,12,0,0,4,10,298,1,4,2,4,4,5,7,11,7,5,0,0,2,11,0
80,1,1,4,7,0,0,1,0,0,0,4,11,0,0,4,10,298,1,2,1,2,2,5,6,11,8,5,0,0,2,9,45
31,1,1,6,6,0,0,1,0,0,0,3,12,0,0,4,10,298,1,2,1,2,2,4,5,10,7,4,0,0,2,10,0
78,1,1,2,5,0,0,1,0,0,0,3,12,0,0,4,10,298,1,2,1,2,2,3,4,9,6,4,0,0,2,9,30
-26,0,0,13,4,0,0,1,0,0,0,7,8,0,0,4,10,298,0,2,2,2,2,3,3,8,6,3,0,0,2,11,0
-20,0,0,8,3,0,0,1,0,0,0,14,1,0,0,4,10,298,0,2,2,2,2,2,4,7,5,2,0,0,2,10,15
15,0,0,6,3,0,0,1,0,0,0,11,4,0,0,4,10,298,1,1,1,1,1,1,4,6,4,1,0,0,2,10,0
-7,0,0,1,3,0,0,1,0,0,0,0,23,0,0,4,10,298,0,0,0,0,0,4,5,5,5,1,0,0,2,9,15
-11,0,0,8,3,0,0,0,0,0,0,0,26,0,0,4,10,298,0,0,0,0,0,3,4,4,4,1,0,0,2,10,15
-4,0,0,0,2,0,0,0,0,0,0,0,39,0,1,4,10,298,0,0,0,0,0,3,3,3,3,1,0,0,1,9,0
15,0,0,4,1,0,0,0,0,0,0,0,50,0,0,4,10,298,0,0,0,0,0,2,2,2,2,0,0,0,2,9,45
17,0,0,2,0,0,0,0,0,0,0,0,58,0,0,4,10,298,0,0,0,0,0,1,1,1,1,0,0,0,2,9,30
7,42,7,52,0,0,0,2,0,0,0,8,22,1,0,3,10,297,1,50,3,7,13,1,2,10,2,0,5,1,1,18,0
11,35,3,48,4,0,1,2,0,0,1,13,2,0,0,3,10,297,1,43,3,5,13,4,7,17,8,3,5,2,1,17,0
11,35,3,46,4,0,0,2,0,0,1,8,7,0,0,3,10,297,1,43,4,6,13,3,8,16,7,3,4,2,2,16,45
13,34,6,45,5,0,1,2,0,0,0,3,12,0,0,3,10,297,2,41,3,8,12,4,8,17,7,2,4,1,2,16,30
13,33,5,51,5,0,1,1,0,0,0,1,14,0,0,3,10,297,1,41,3,8,12,3,7,16,7,3,3,1,1,17,30
-3,33,6,43,5,0,1,2,0,0,1,10,5,0,0,3,10,297,2,38,3,7,11,6,10,15,8,4,3,0,1,16,15
21,32,5,50,5,0,1,1,0,0,1,9,6,0,0,3,10,297,1,38,4,7,11,5,9,14,8,5,3,0,1,17,15
-54,32,5,48,5,0,0,1,0,0,1,13,2,0,0,3,10,297,0,38,5,8,12,4,11,13,8,5,3,1,1,17,0
33,32,5,39,4,0,0,1,0,0,1,12,3,0,0,3,10,297,0,38,5,8,12,3,10,12,7,4,3,1,2,15,45
68,32,5,43,3,0,1,1,0,0,1,10,5,0,0,3,10,297,1,37,5,7,12,3,9,11,6,3,3,1,1,16,15
10,32,5,46,3,0,1,1,0,0,1,7,8,0,0,3,10,297,2,36,4,6,11,2,8,11,5,3,3,1,2,16,45
-13,28,2,36,5,0,2,1,0,0,1,11,4,0,0,3,10,297,1,32,2,3,9,7,9,12,9,4,3,2,2,15,30
33,28,3,32,6,0,1,1,0,0,1,14,1,0,0,3,10,297,2,31,2,4,10,7,8,11,8,4,3,2,2,15,0
25,27,2,36,6,0,1,1,0,0,0,13,2,0,0,3,10,297,1,31,2,4,10,6,7,11,8,4,3,2,2,15,30
46,27,2,41,5,0,1,1,0,0,0,12,3,0,0,3,10,297,1,31,2,4,10,5,6,10,7,3,3,2,2,16,0
-8,27,2,41,6,0,1,0,0,0,0,6,9,0,0,3,10,297,2,30,1,3,9,5,5,10,6,2,2,2,2,16,0
21,27,2,34,6,0,0,0,0,0,0,4,11,0,0,3,10,297,2,30,1,4,9,4,4,9,5,2,2,1,3,15,15
15,27,2,34,5,0,0,0,0,0,0,0,15,0,0,3,10,297,2,30,1,4,10,3,3,8,4,1,2,1,3,15,15
37,27,4,39,4,0,0,0,0,0,0,4,11,0,0,3,10,297,0,30,3,5,12,2,3,8,5,2,1,1,2,15,45
13,27,4,31,4,0,0,0,0,0,0,54,6,0,0,3,10,297,1,29,2,4,11,1,2,7,4,2,1,0,2,14,45
53,23,5,29,5,0,0,1,1,0,0,7,53,0,0,3,10,297,1,25,3,6,13,3,6,9,7,4,1,0,1,14,30
34,23,6,28,4,0,0,1,1,0,0,6,9,0,0,3,10,297,0,25,4,8,15,4,6,12,7,5,1,0,2,13,30
-23,23,6,32,4,0,0,1,1,0,0,4,11,0,0,3,10,297,1,24,3,7,14,3,5,12,6,4,1,0,2,15,0
29,20,6,27,7,0,0,1,0,0,0,13,2,0,0,3,10,297,1,21,3,7,12,3,5,16,8,7,1,1,1,13,15
-53,20,6,36,6,0,0,1,0,0,0,7,8,0,0,3,10,297,1,21,4,7,12,2,5,15,7,6,1,1,2,15,30
-69,18,5,29,7,0,0,1,0,0,0,9,6,0,0,3,10,297,1,19,4,6,12,3,4,17,8,5,1,1,1,14,30
37,17,7,26,8,0,0,0,1,0,0,6,9,0,0,3,10,297,2,17,3,7,13,3,7,18,8,5,1,1,1,13,0
26,17,7,24,7,0,0,0,1,0,0,3,12,0,0,3,10,297,2,17,4,7,13,2,7,17,7,4,0,1,1,12,45
16,14,7,22,7,0,1,1,1,0,0,27,3,0,0,3,10,297,2,14,3,5,10,3,11,19,9,4,0,0,2,12,30
25,12,6,21,8,0,1,1,1,0,0,3,27,0,0,3,10,297,2,12,3,6,11,8,14,19,10,4,0,0,2,12,15
114,11,5,4,7,0,1,1,1,0,0,1,29,0,0,3,10,297,1,12,3,6,11,8,13,19,10,4,0,0,2,9,45
239,10,6,8,6,0,2,1,1,0,0,10,5,0,0,3,10,297,1,11,2,7,10,8,13,18,10,4,0,0,2,10,15
37,10,6,22,5,0,2,1,1,0,0,8,7,0,0,3,10,297,1,11,2,7,10,7,12,17,9,4,0,0,2,12,30
17,10,6,19,5,0,3,1,0,0,0,6,9,0,0,3,10,297,2,10,1,6,9,6,11,16,8,3,0,0,1,12,0
14,8,4,24,4,0,3,1,0,0,0,13,2,0,0,3,10,297,0,10,3,6,9,8,11,15,9,2,0,0,1,12,45
42,8,4,17,4,0,3,1,0,0,0,6,9,0,0,3,10,297,1,9,2,5,8,7,10,14,8,1,0,0,2,11,30
1,8,4,17,3,0,3,1,0,0,0,4,11,0,0,3,10,297,1,9,3,5,8,6,9,13,7,1,0,0,2,11,30
30,7,4,19,2,0,3,1,0,0,0,1,14,0,0,3,10,297,0,9,3,5,8,6,9,12,7,1,0,0,1,12,0
35,7,4,15,2,0,2,1,0,0,0,14,1,0,0,3,10,297,0,9,3,5,8,5,9,11,6,0,0,0,2,11,15
57,7,4,10,1,0,2,2,0,0,0,4,11,0,0,3,10,297,1,8,4,6,8,5,9,11,5,0,0,0,2,10,30
43,7,4,10,2,0,1,2,0,0,0,14,1,0,0,3,10,297,2,7,3,5,7,5,8,11,4,0,0,0,2,10,30
46,7,4,15,2,0,1,1,0,0,0,13,2,0,0,3,10,297,2,7,3,5,7,4,7,10,3,0,0,0,2,11,15
3,6,5,14,2,0,1,1,0,0,0,3,12,0,0,3,10,297,2,6,2,5,6,3,6,11,3,1,0,0,2,11,0
29,4,3,12,4,0,0,1,0,0,0,10,5,0,0,3,10,297,1,4,0,3,4,4,6,10,5,2,0,0,1,10,45
26,4,3,8,4,0,0,0,0,0,0,3,12,0,0,3,10,297,1,4,2,3,4,4,5,9,4,2,0,0,2,10,15
25,3,3,6,3,0,0,0,0,0,0,1,14,0,0,3,10,297,0,4,3,3,4,3,4,8,4,2,0,0,2,10,0
30,3,3,6,2,0,0,0,0,0,0,0,15,0,0,3,10,297,0,4,3,3,4,3,3,7,3,1,0,0,2,10,0
19,3,3,4,2,0,1,0,0,0,0,4,11,0,0,3,10,297,2,2,1,2,2,2,3,6,2,1,0,0,2,9,45
-13,1,1,12,2,0,1,0,0,0,0,1,14,0,0,3,10,297,1,1,0,1,1,1,5,5,3,2,0,0,1,10,45
24,0,0,1,3,0,0,0,0,0,0,0,8,0,0,3,10,297,1,0,0,0,0,4,4,4,3,3,0,0,2,9,15
-45,0,0,2,2,0,0,0,0,0,0,0,15,0,0,3,10,297,0,0,0,0,0,3,3,3,3,3,0,0,2,9,30
17,0,0,0,1,0,0,0,0,0,0,0,21,0,1,3,10,297,0,0,0,0,0,2,2,2,2,2,0,0,1,9,0
12,0,0,2,0,0,0,0,0,0,0,0,26,0,0,3,10,297,0,0,0,0,0,1,1,1,1,1,0,0,2,9,30
9,31,4,39,0,0,0,0,0,0,0,9,6,1,0,2,10,296,0,39,3,7,10,1,2,6,1,1,2,1,1,17,45
1,28,3,37,3,0,0,1,0,0,0,10,20,0,0,2,10,296,1,34,3,5,7,1,4,8,4,0,2,0,1,17,15
31,25,2,34,4,0,1,1,0,0,0,0,15,0,0,2,10,296,1,31,2,4,9,4,6,8,6,1,2,0,1,16,30
-26,25,2,38,3,0,1,1,0,0,0,26,4,0,0,2,10,296,1,31,2,4,9,3,5,9,5,1,2,0,1,17,30
21,25,2,32,3,0,0,1,0,0,0,20,10,0,0,2,10,296,0,31,3,4,10,3,4,9,5,1,2,0,2,16,15
6,25,2,36,2,0,2,1,0,0,0,7,23,0,0,2,10,296,2,29,2,3,8,3,4,10,4,1,2,0,1,16,45
81,24,1,31,1,0,2,2,0,0,0,7,8,0,0,2,10,296,2,28,1,2,8,2,4,9,4,1,2,0,2,15,45
-20,24,3,34,1,0,2,1,0,0,0,0,15,0,0,2,10,296,2,28,1,6,8,2,3,8,3,1,2,0,1,16,30
25,23,4,29,1,0,1,2,0,0,0,1,14,0,0,2,10,296,1,27,5,6,11,2,7,9,4,3,2,0,1,15,15
8,23,4,32,1,0,1,2,0,0,0,4,11,0,0,2,10,296,2,26,4,5,12,1,6,8,3,3,2,0,2,16,15
26,21,6,27,3,0,1,2,1,0,0,13,17,0,0,2,10,296,2,22,2,5,11,5,6,11,6,5,2,0,1,15,0
-18,21,6,30,3,0,1,1,1,0,0,12,18,0,0,2,10,296,2,22,2,5,11,4,5,10,5,4,2,0,1,15,30
-30,19,4,27,3,0,1,1,1,0,0,5,25,0,0,2,10,296,1,21,1,5,10,3,5,9,6,5,2,0,1,15,0
-13,19,4,26,3,0,1,0,1,0,0,4,26,0,0,2,10,296,1,21,1,5,10,2,4,9,5,5,2,0,2,14,45
2,19,4,25,2,0,1,0,1,0,0,2,28,0,0,2,10,296,1,21,1,5,10,1,3,8,4,4,2,0,1,14,30
6,16,5,24,3,0,1,1,1,0,0,6,9,0,0,2,10,296,1,18,4,6,8,2,4,10,6,5,2,0,1,14,0
30,15,4,20,5,0,1,1,0,0,0,7,8,0,0,2,10,296,2,16,3,5,6,1,5,9,6,4,2,0,1,13,0
172,11,3,12,7,0,1,1,0,0,0,1,14,0,0,2,10,296,1,13,2,3,7,5,6,14,9,6,2,1,1,11,15
64,11,3,23,6,0,1,1,1,0,0,7,8,0,0,2,10,296,2,12,2,2,7,4,7,13,8,5,2,1,1,13,30
44,11,3,19,6,0,0,1,1,0,0,4,11,0,0,2,10,296,1,12,2,2,7,3,6,12,8,5,2,1,2,12,45
37,11,3,16,6,0,0,1,1,0,0,14,1,0,0,2,10,296,2,11,1,1,6,3,5,11,7,4,2,1,2,12,15
58,11,3,17,6,0,0,0,1,0,0,5,10,0,0,2,10,296,2,11,1,2,7,2,4,10,6,4,2,1,1,12,30
15,8,2,20,6,0,0,0,1,0,0,15,15,0,0,2,10,296,0,10,0,4,8,3,8,11,8,4,1,1,1,13,0
4,8,4,14,6,0,0,0,0,0,0,12,3,0,0,2,10,296,0,10,2,4,9,4,8,10,7,4,1,0,1,12,0
68,8,4,13,5,0,0,0,0,0,0,11,4,0,0,2,10,296,0,10,2,4,9,3,7,9,6,3,1,0,2,11,30
61,7,4,14,5,0,0,0,0,0,0,1,14,0,0,2,10,296,0,9,3,5,9,6,6,12,6,3,1,0,1,12,0
23,7,4,17,4,0,0,1,0,0,0,13,2,0,0,2,10,296,1,8,2,4,8,5,5,12,5,3,1,0,1,12,30
46,7,6,10,4,0,0,1,0,0,0,5,10,0,0,2,10,296,2,7,2,5,7,4,6,11,4,2,1,1,1,11,0
-54,7,6,22,3,0,0,1,0,0,0,5,10,0,0,2,10,296,2,7,2,5,7,3,5,10,3,2,1,1,1,13,15
64,7,6,8,2,0,0,1,0,0,0,4,11,0,0,2,10,296,2,7,2,5,7,2,4,9,2,1,1,1,2,10,45
2,4,3,10,2,0,0,1,0,0,0,7,8,0,0,2,10,296,0,6,2,4,6,1,3,9,4,3,1,1,1,11,0
44,3,3,4,2,0,0,2,0,0,0,13,2,0,0,2,10,296,1,4,3,4,4,2,7,9,4,3,1,1,1,10,0
0,2,2,8,2,0,0,1,0,0,1,8,7,0,0,2,10,296,1,3,2,3,3,1,6,8,4,3,0,1,2,10,45
31,0,0,6,2,0,0,2,0,0,1,0,15,0,0,2,10,296,0,1,1,1,1,6,7,7,6,3,0,0,1,10,15
6,0,0,3,2,0,0,2,0,0,0,0,2,0,0,2,10,296,0,1,1,1,1,5,6,6,5,2,0,0,2,9,45
15,0,0,4,3,0,0,1,0,0,0,0,10,0,0,2,10,296,1,0,0,0,0,4,5,5,4,1,0,0,1,10,0
7,0,0,1,2,0,0,1,0,0,0,0,14,0,0,2,10,296,1,0,0,0,0,3,4,4,3,0,0,0,1,9,30
-63,0,0,7,2,0,0,0,0,0,0,0,15,0,0,2,10,296,0,0,0,0,0,2,3,3,3,1,0,0,2,10,30
27,0,0,1,1,0,0,0,0,0,0,0,28,0,0,2,10,296,0,0,0,0,0,2,2,2,2,1,0,0,1,9,30
-15,0,0,0,0,0,0,0,0,0,0,0,50,0,1,2,10,296,0,0,0,0,0,1,1,1,1,1,0,0,2,9,15
11,43,4,49,0,0,0,1,0,0,0,2,0,1,0,6,10,293,0,48,1,5,9,1,1,6,2,0,1,0,1,17,30
4,38,5,45,3,0,1,2,1,0,0,11,4,0,0,6,10,293,2,41,2,4,12,4,7,11,6,2,1,0,1,16,15
44,37,5,48,4,0,1,1,1,0,0,13,2,0,0,6,10,293,1,40,1,5,11,4,7,10,7,3,1,0,1,17,0
3,37,5,46,3,0,1,1,1,0,0,12,3,0,0,6,10,293,1,40,2,5,11,3,7,9,6,3,1,0,1,16,30
-43,37,6,47,2,0,1,2,1,0,0,1,14,0,0,6,10,293,2,39,2,5,12,4,6,8,5,3,1,0,1,16,45
63,36,6,41,1,0,1,2,1,0,0,7,8,0,0,6,10,293,1,39,2,6,14,3,6,8,5,3,1,0,1,15,30
24,35,7,43,1,0,0,2,1,0,1,8,7,0,0,6,10,293,1,38,4,7,15,4,6,8,5,4,1,0,1,15,45
96,34,6,40,2,0,0,1,1,0,1,2,13,0,0,6,10,293,1,37,3,7,14,3,5,7,5,5,1,0,2,15,15
61,33,6,44,1,0,0,1,1,0,1,5,10,0,0,6,10,293,0,37,5,8,14,3,4,7,5,4,1,0,1,16,0
14,32,5,41,2,0,0,1,1,0,1,13,2,0,0,6,10,293,1,35,4,6,13,2,3,6,5,3,1,0,1,15,30
42,30,7,37,3,0,0,2,1,0,0,8,7,0,0,6,10,293,1,33,4,8,13,2,2,7,6,3,1,0,2,14,45
1,28,5,38,3,0,1,2,1,0,0,26,4,0,0,6,10,293,1,31,2,7,13,1,3,9,7,3,1,0,1,15,0
74,23,4,35,3,0,3,4,1,0,1,7,23,0,0,6,10,293,1,25,2,5,12,3,5,12,12,4,1,0,1,14,0
22,23,5,38,3,0,3,3,1,0,1,0,30,0,0,6,10,293,1,25,3,7,12,2,7,12,11,4,1,0,1,15,0
57,23,7,33,3,0,3,4,1,0,1,10,5,0,0,6,10,293,2,23,3,6,14,3,7,14,11,4,1,0,1,13,30
84,21,7,32,3,0,3,3,1,0,2,9,6,0,0,6,10,293,1,22,4,7,14,5,8,17,12,6,1,1,2,13,15
56,21,7,28,4,0,2,3,1,0,2,4,11,0,0,6,10,293,2,21,3,7,14,4,7,17,11,5,1,1,2,12,45
41,19,6,30,4,0,2,3,1,0,2,7,8,0,0,6,10,293,1,20,4,7,16,4,7,17,12,6,1,1,1,13,0
-12,18,6,36,4,0,2,3,1,0,2,4,11,0,0,6,10,293,1,19,3,6,15,5,7,16,12,5,1,1,1,14,30
124,18,7,25,3,0,2,3,1,0,2,1,14,0,0,6,10,293,1,18,3,6,16,4,6,15,11,5,1,1,2,12,30
54,16,7,30,3,0,2,4,1,0,2,11,4,0,0,6,10,293,1,17,3,8,16,4,7,16,12,6,1,1,1,13,0
139,15,6,25,3,0,3,4,0,0,2,7,8,0,0,6,10,293,1,16,3,7,15,3,8,16,12,6,1,1,2,12,30
-5,15,6,33,3,0,2,4,0,0,2,4,11,0,0,6,10,293,1,16,3,7,15,3,8,15,11,6,0,1,1,13,30
17,13,7,25,5,0,2,4,0,0,1,0,15,0,0,6,10,293,1,14,4,8,14,3,10,16,12,7,0,0,2,12,30
28,13,8,23,5,0,2,4,0,0,1,7,8,0,0,6,10,293,2,13,4,9,13,5,10,15,11,6,0,0,3,12,15
36,10,8,20,6,0,1,4,0,0,2,1,14,0,0,6,10,293,0,11,5,10,11,8,11,16,14,9,0,0,2,12,0
109,10,8,20,7,0,1,4,0,0,1,14,1,0,0,6,10,293,1,10,4,9,10,8,10,16,13,9,0,0,2,12,0
99,9,7,14,8,0,1,3,0,0,1,11,4,0,0,6,10,293,1,9,3,8,9,7,9,15,13,9,0,0,2,11,15
23,9,7,18,8,0,1,2,0,0,1,7,8,0,0,6,10,293,1,9,5,8,9,6,9,15,12,8,0,0,3,11,45
31,9,7,14,7,0,1,2,0,0,1,4,11,0,0,6,10,293,1,9,5,8,9,5,8,15,11,8,0,0,2,11,15
132,9,9,20,6,0,1,2,0,0,1,2,13,0,0,6,10,293,1,9,6,9,9,4,7,15,10,7,0,0,2,12,0
48,8,8,23,6,0,1,1,0,0,1,13,2,0,0,6,10,293,0,9,6,9,9,4,7,14,10,7,0,0,3,12,15
24,8,8,13,7,0,1,1,0,0,1,4,11,0,0,6,10,293,2,7,5,7,7,4,7,15,9,6,0,0,2,11,0
10,5,5,18,7,0,0,2,0,0,1,14,1,0,0,6,10,293,0,6,5,6,6,3,6,15,11,7,0,0,3,11,45
47,4,4,16,7,0,0,2,1,0,2,14,1,0,0,6,10,293,1,3,3,3,3,4,7,14,12,6,0,0,2,11,30
49,4,4,16,6,0,0,2,1,0,2,12,3,0,0,6,10,293,1,3,3,3,3,4,6,13,11,5,0,0,2,11,30
-81,2,2,28,8,0,0,2,1,0,1,11,4,0,0,6,10,293,1,1,1,1,1,3,6,13,12,6,0,0,2,12,45
44,0,0,6,9,0,0,1,1,0,1,0,15,0,0,6,10,293,0,0,0,0,0,4,8,13,13,7,0,0,1,10,0
32,0,0,8,8,0,0,1,1,0,1,12,3,0,0,6,10,293,0,0,0,0,0,3,8,12,12,6,0,0,2,10,15
46,0,0,6,7,0,0,1,1,0,1,6,9,0,0,6,10,293,0,0,0,0,0,5,9,11,11,5,0,0,1,10,0
34,0,0,2,6,0,0,1,1,0,1,5,10,0,0,6,10,293,0,0,0,0,0,4,8,10,10,5,0,0,2,9,30
111,0,0,4,5,0,0,1,1,0,1,14,1,0,0,6,10,293,0,0,0,0,0,7,8,9,9,5,0,0,2,9,45
47,0,0,11,4,0,0,1,1,0,1,9,6,0,0,6,10,293,0,0,0,0,0,6,7,8,8,4,0,0,1,10,45
41,0,0,9,3,0,0,1,1,0,1,7,8,0,0,6,10,293,0,0,0,0,0,5,6,7,7,3,0,0,2,10,30
63,0,0,0,2,0,0,1,1,0,1,4,11,0,1,6,10,293,0,0,0,0,0,4,6,6,6,3,0,0,1,9,0
62,0,0,1,2,0,0,1,0,0,1,0,2,0,0,6,10,293,0,0,0,0,0,3,5,5,5,2,0,0,2,9,15
29,0,0,9,1,0,0,1,0,0,1,0,3,0,0,6,10,293,0,0,0,0,0,2,4,4,4,1,0,0,2,10,30
45,0,0,4,1,0,0,0,0,0,1,0,13,0,0,6,10,293,0,0,0,0,0,2,3,3,3,1,0,0,2,9,45
-9,0,0,11,1,0,0,0,0,0,0,0,34,0,0,6,10,293,0,0,0,0,0,2,2,2,2,1,0,0,1,10,45
48,0,0,2,0,0,0,0,0,0,0,0,54,0,0,6,10,293,0,0,0,0,0,1,1,1,1,1,0,0,2,9,30
28,35,5,46,3,0,1,1,0,0,0,3,12,0,0,5,10,292,2,42,2,5,10,2,5,12,4,2,2,0,1,17,15
64,33,4,43,2,0,1,1,0,0,0,2,13,0,0,5,10,292,0,42,3,8,12,3,5,11,5,3,2,0,1,16,30
14,33,5,43,4,0,0,1,0,0,0,0,15,0,0,5,10,292,2,40,4,8,11,3,7,12,4,2,2,1,1,16,30
24,31,4,41,4,0,0,1,0,0,0,6,9,0,0,5,10,292,1,39,5,7,12,3,6,11,5,3,2,1,1,16,0
-37,30,3,47,5,0,0,0,0,0,0,13,2,1,0,5,10,292,1,38,4,6,11,2,6,11,5,2,2,1,1,17,30
27,29,3,38,5,0,2,0,0,0,0,7,8,0,0,5,10,292,1,35,3,5,10,4,7,11,7,1,2,1,1,15,30
30,28,3,34,6,0,1,1,0,0,0,6,9,0,0,5,10,292,2,33,1,3,11,6,8,11,7,2,2,1,2,15,0
12,28,3,42,6,0,1,1,0,0,0,5,10,0,0,5,10,292,3,32,0,3,10,5,7,10,6,2,2,1,2,16,15
-7,28,4,38,6,0,0,1,0,0,0,1,14,0,0,5,10,292,2,32,2,3,10,4,6,9,6,3,1,1,1,15,30
45,27,4,34,5,0,0,1,0,0,0,2,13,0,0,5,10,292,1,32,2,5,12,3,5,8,6,3,1,0,2,15,0
-11,27,4,36,4,0,0,1,0,0,0,12,3,0,0,5,10,292,1,32,2,5,12,3,5,8,5,3,1,0,2,15,15
14,27,4,40,3,0,0,1,0,0,0,12,3,0,0,5,10,292,1,32,2,5,12,2,4,7,4,2,1,0,1,15,45
-74,25,7,45,4,0,0,1,0,0,0,14,1,0,0,5,10,292,1,30,3,6,12,2,4,9,5,2,1,0,1,16,45
2,25,7,36,3,0,0,1,0,0,0,11,4,0,0,5,10,292,1,30,3,7,12,2,3,9,4,2,1,0,2,15,15
6,23,7,33,6,0,0,0,0,0,0,13,17,0,0,5,10,292,2,27,4,7,13,2,4,12,5,3,1,0,2,14,45
42,21,5,28,5,0,0,1,0,0,0,3,27,0,0,5,10,292,1,25,4,7,12,2,4,12,6,3,1,0,1,13,15
24,17,3,31,7,0,1,1,0,0,0,7,8,0,0,5,10,292,1,22,2,4,10,3,8,12,9,5,1,1,1,14,15
16,16,5,30,7,0,1,2,0,0,0,14,1,0,0,5,10,292,2,20,2,5,10,3,9,14,9,4,1,1,1,14,0
14,16,5,27,6,0,1,2,0,0,0,12,3,0,0,5,10,292,1,20,2,6,10,4,8,13,9,5,1,1,1,13,0
75,14,5,19,7,0,1,2,0,0,0,5,10,0,0,5,10,292,1,18,3,4,12,6,9,14,10,7,1,1,3,12,0
72,14,5,21,7,0,1,1,0,0,0,14,1,0,0,5,10,292,1,18,3,5,12,6,8,14,9,6,0,1,1,12,15
77,14,5,25,6,0,1,1,0,0,0,14,1,0,0,5,10,292,1,18,4,5,12,5,7,13,8,5,0,0,1,12,45
-106,14,5,32,5,0,1,1,0,0,0,8,7,0,0,5,10,292,1,18,4,6,13,4,6,13,7,4,0,0,1,14,30
69,14,6,24,4,0,1,1,0,0,0,8,7,0,0,5,10,292,1,18,4,6,13,3,5,12,6,3,0,0,2,12,30
12,13,5,29,4,0,1,1,0,0,0,29,1,0,0,5,10,292,1,17,3,5,13,3,6,12,6,3,0,0,1,13,30
44,11,3,21,5,0,0,1,0,0,1,20,10,0,0,5,10,292,1,15,1,4,13,3,6,12,7,4,0,0,1,12,15
24,11,5,25,5,0,0,1,0,0,1,7,23,0,0,5,10,292,2,14,2,5,13,2,5,13,6,4,0,0,1,12,45
57,9,4,17,4,0,0,1,0,0,1,7,8,0,0,5,10,292,0,14,3,8,14,4,6,17,7,4,0,0,2,11,30
29,8,5,19,6,0,0,0,0,0,1,3,12,0,0,5,10,292,1,12,5,7,12,4,8,17,7,3,0,0,3,12,0
29,8,6,17,5,0,0,0,0,0,1,14,1,0,0,5,10,292,1,12,5,8,12,4,7,16,6,2,0,0,2,11,30
36,8,6,15,6,0,0,0,0,0,0,8,7,0,0,5,10,292,1,11,5,8,11,3,7,16,6,3,0,0,2,11,15
33,6,5,13,6,0,3,0,0,0,0,5,10,0,0,5,10,292,3,7,2,6,7,5,8,15,7,3,0,0,2,11,0
57,5,5,13,5,0,3,0,0,0,0,1,14,0,0,5,10,292,2,7,2,7,7,4,7,15,7,2,0,0,2,11,0
18,4,4,15,5,0,3,0,0,0,0,14,1,0,0,5,10,292,1,6,4,6,6,5,11,15,8,3,0,0,2,11,15
-77,4,4,21,5,0,3,0,0,0,0,9,6,0,0,5,10,292,2,5,4,5,5,5,10,14,7,3,0,0,1,12,15
23,3,3,8,4,0,3,0,0,0,0,5,10,0,0,5,10,292,1,5,4,5,5,4,9,13,7,2,0,0,2,10,15
-2,2,2,10,5,0,2,0,0,0,0,12,3,0,0,5,10,292,1,4,4,4,4,4,9,12,7,3,0,0,1,10,30
23,2,2,12,4,0,4,0,0,0,0,4,11,0,0,5,10,292,2,2,2,2,2,7,9,11,7,2,0,0,2,10,45
44,2,2,6,3,0,4,0,0,0,0,12,3,0,0,5,10,292,1,2,2,2,2,6,8,10,7,2,0,0,2,10,0
-35,0,0,10,3,0,4,0,0,0,1,0,15,0,0,5,10,292,1,0,0,0,0,6,8,9,8,4,0,0,1,10,30
63,0,0,2,3,0,3,0,0,0,1,12,3,0,0,5,10,292,0,0,0,0,0,5,8,8,8,4,0,0,2,9,30
-31,0,0,8,3,0,2,0,0,0,1,12,3,0,0,5,10,292,0,0,0,0,0,4,7,7,7,4,0,0,2,10,15
34,0,0,4,2,0,2,0,0,0,1,11,4,0,0,5,10,292,0,0,0,0,0,4,6,6,6,4,0,0,2,9,45
34,0,0,0,2,0,2,0,0,0,0,8,7,0,1,5,10,292,0,0,0,0,0,3,5,5,5,3,0,0,1,9,0
24,0,0,4,2,0,1,0,0,0,0,4,11,0,0,5,10,292,0,0,0,0,0,3,4,4,4,2,0,0,2,9,45
-32,0,0,6,1,0,1,0,0,0,0,0,3,0,0,5,10,292,0,0,0,0,0,3,3,3,3,2,0,0,2,10,0
32,0,0,2,0,0,1,0,0,0,0,0,25,0,0,5,10,292,0,0,0,0,0,2,2,2,2,2,0,0,2,9,30
23,0,0,1,0,0,0,0,0,0,0,0,31,0,0,5,10,292,0,0,0,0,0,1,1,1,1,1,0,0,2,9,15
25,42,5,46,1,0,1,0,1,0,0,27,3,1,0,4,10,291,2,43,2,5,12,1,1,6,2,0,2,0,1,17,30
28,33,6,44,9,0,1,0,2,0,0,6,9,0,0,4,10,291,2,33,2,5,9,5,9,14,11,3,1,1,1,16,45
44,33,6,45,8,0,1,0,2,0,0,5,10,0,0,4,10,291,2,33,2,5,10,6,8,13,10,3,1,0,1,17,0
45,32,7,39,9,0,0,0,2,0,0,10,5,0,0,4,10,291,2,32,2,5,10,5,8,13,10,3,1,0,2,16,0
31,30,5,41,8,0,0,1,2,0,0,1,14,0,0,4,10,291,1,31,2,4,11,5,9,13,11,4,1,0,1,16,15
94,30,5,37,7,0,0,1,2,0,0,0,15,0,0,4,10,291,1,31,2,4,11,4,8,12,10,4,1,0,2,15,45
9,30,5,39,7,0,0,1,1,0,0,5,10,0,0,4,10,291,1,31,3,5,12,4,7,11,9,4,1,0,2,16,0
8,30,5,43,6,0,0,1,1,0,0,5,10,0,0,4,10,291,1,31,3,5,12,3,6,10,8,3,1,0,1,16,30
41,29,4,33,6,0,0,1,1,0,0,7,8,0,0,4,10,291,1,30,3,5,12,4,5,9,8,2,1,0,2,15,15
66,29,5,33,6,0,0,1,1,0,0,11,4,0,0,4,10,291,2,29,2,5,13,4,6,9,7,1,1,0,2,15,15
61,27,4,31,6,0,0,1,1,0,0,1,14,0,0,4,10,291,1,28,2,5,12,3,6,8,8,2,1,0,2,15,0
9,25,4,35,5,0,0,1,2,0,0,24,6,0,0,4,10,291,0,27,2,5,11,2,5,7,9,3,1,0,2,15,30
60,25,5,30,4,0,0,1,2,0,0,17,13,0,0,4,10,291,0,27,3,7,12,3,5,6,8,3,1,0,2,14,45
9,25,6,31,5,0,0,1,2,0,0,7,8,0,0,4,10,291,2,25,3,7,14,4,4,10,7,3,1,0,2,15,0
-12,24,5,41,5,0,0,1,1,0,0,5,10,0,0,4,10,291,1,25,4,7,14,3,3,9,7,4,1,0,1,16,15
41,23,6,29,6,0,0,1,1,0,0,19,11,0,0,4,10,291,2,23,4,7,14,2,3,9,7,4,1,0,1,14,15
4,21,6,35,6,0,0,1,1,0,0,8,22,0,0,4,10,291,1,22,3,6,14,1,2,10,8,4,1,0,2,15,30
44,18,7,25,8,0,0,1,2,0,0,0,15,0,0,4,10,291,1,18,3,8,14,2,7,16,11,5,1,1,1,13,0
74,15,8,27,11,0,0,1,1,0,0,2,13,0,0,4,10,291,1,15,4,8,13,5,9,20,13,7,1,1,1,13,30
45,15,8,28,10,0,0,1,1,0,0,14,1,0,0,4,10,291,1,15,5,8,13,5,8,19,12,6,1,1,1,14,0
127,15,8,23,9,0,0,1,1,0,0,14,1,0,0,4,10,291,1,15,5,8,13,4,7,18,11,6,1,1,1,12,45
35,15,8,21,8,0,0,1,1,0,0,12,3,0,0,4,10,291,1,15,6,8,13,3,6,17,10,5,1,1,2,12,30
37,14,7,26,8,0,0,0,2,0,0,8,7,0,0,4,10,291,1,14,5,8,12,2,6,16,10,6,0,1,1,13,15
57,12,8,17,8,0,0,1,3,0,0,2,13,0,0,4,10,291,2,11,4,7,10,4,10,16,11,8,0,0,2,12,0
75,8,5,21,9,0,0,1,3,0,1,1,14,0,0,4,10,291,1,8,3,5,8,7,13,18,14,9,0,0,2,12,30
111,7,5,19,8,0,0,1,3,0,1,11,4,0,0,4,10,291,0,8,3,5,8,8,13,18,14,10,0,0,2,12,15
48,7,5,23,7,0,0,2,3,0,1,4,11,0,0,4,10,291,1,7,3,5,7,7,12,18,13,9,0,0,1,12,45
-159,7,6,37,6,0,0,2,4,0,1,10,5,0,0,4,10,291,2,6,2,4,6,8,11,17,12,9,0,0,2,15,45
55,6,5,14,5,0,0,2,4,0,1,7,8,0,0,4,10,291,1,6,2,4,6,8,10,17,12,8,0,0,1,11,30
26,6,5,19,4,0,0,2,4,0,1,7,8,0,0,4,10,291,1,6,2,4,6,7,9,16,11,7,0,0,2,12,15
59,6,5,16,3,0,0,2,4,0,1,6,9,0,0,4,10,291,1,6,2,5,6,7,8,15,10,7,0,0,2,11,45
60,6,5,12,3,0,0,2,4,0,1,0,15,0,0,4,10,291,2,5,2,4,5,6,7,14,9,6,0,0,2,11,15
87,6,5,17,2,0,0,2,4,0,1,0,15,0,0,4,10,291,2,5,2,4,5,6,6,13,8,5,0,0,2,12,0
27,4,4,14,3,0,0,2,3,0,1,13,2,0,0,4,10,291,1,4,2,3,4,5,6,13,9,5,0,0,1,11,30
42,4,4,10,3,0,0,2,3,0,0,12,3,0,0,4,10,291,1,4,2,3,4,4,5,12,8,4,0,0,2,11,0
74,3,3,10,3,0,0,2,2,0,0,9,6,0,0,4,10,291,0,4,2,4,4,3,6,11,8,4,0,0,2,11,0
70,3,3,9,2,0,0,2,2,0,0,7,8,0,0,4,10,291,0,4,2,4,4,2,5,10,7,3,0,0,2,10,45
128,3,3,3,2,0,0,2,2,0,0,0,15,0,0,4,10,291,1,3,2,3,3,1,5,9,6,3,0,0,2,9,45
15,0,0,7,3,0,0,2,2,0,0,12,3,0,0,4,10,291,0,1,1,1,1,5,7,9,8,5,0,0,1,10,15
115,0,0,0,3,0,0,2,1,0,0,11,4,0,1,4,10,291,0,1,1,1,1,5,7,8,7,4,0,0,2,9,0
46,0,0,12,3,0,0,1,1,0,0,10,5,0,0,4,10,291,0,1,1,1,1,4,6,7,6,3,0,0,2,11,15
63,0,0,5,2,0,0,2,1,0,0,4,11,0,0,4,10,291,1,0,0,0,0,4,5,6,5,2,0,0,1,10,0
38,0,0,8,2,0,0,2,0,0,0,12,3,0,0,4,10,291,1,0,0,0,0,3,4,5,4,2,0,0,1,10,30
113,0,0,1,2,0,0,1,0,0,0,9,6,0,0,4,10,291,1,0,0,0,0,2,3,4,3,1,0,0,2,9,30
57,0,0,3,1,0,0,1,0,0,0,24,6,0,0,4,10,291,1,0,0,0,0,2,2,3,2,1,0,0,2,9,45
14,0,0,5,0,0,0,1,0,0,0,3,27,0,0,4,10,291,0,0,0,0,0,1,2,2,2,1,0,0,1,10,0
-6,0,0,1,0,0,0,0,0,0,0,0,43,0,0,4,10,291,0,0,0,0,0,1,1,1,1,0,0,0,2,9,30
10,43,4,59,2,0,0,2,0,0,0,6,24,1,0,3,10,290,1,55,2,3,11,1,2,10,4,0,7,1,1,18,0
50,39,3,56,2,0,1,3,0,0,0,11,4,0,0,3,10,290,0,52,3,7,17,4,8,14,7,1,7,3,2,17,15
8,39,3,53,3,0,1,2,0,0,0,4,11,0,0,3,10,290,1,51,2,7,16,3,9,14,6,1,7,3,1,16,45
0,39,3,57,4,0,1,1,0,0,0,8,7,0,0,3,10,290,1,50,4,7,17,3,9,14,6,0,6,3,1,17,30
-2,39,3,51,3,0,1,1,0,0,0,5,10,0,0,3,10,290,1,50,4,7,17,3,9,13,5,0,6,2,2,16,30
8,39,6,53,4,0,1,1,0,0,0,13,2,0,0,3,10,290,2,48,4,9,18,6,8,15,5,1,5,2,1,16,45
48,38,6,57,4,0,1,2,0,0,0,7,8,0,0,3,10,290,2,46,3,8,17,6,9,15,6,2,5,2,1,17,30
90,37,5,51,3,0,1,2,0,0,0,3,12,0,0,3,10,290,1,46,3,9,17,6,8,14,6,2,5,2,2,16,30
49,37,5,49,4,0,0,2,0,0,0,2,13,0,0,3,10,290,2,45,2,8,16,5,7,13,5,2,4,2,2,16,15
-5,36,5,48,3,0,0,2,0,0,1,6,9,0,0,3,10,290,1,44,5,9,17,4,6,13,6,2,4,1,2,16,0
-49,36,5,55,2,0,0,2,0,0,1,5,10,0,0,3,10,290,1,44,5,9,17,3,5,12,5,1,4,1,1,17,0
36,36,8,42,2,0,0,2,0,0,1,9,6,0,0,3,10,290,1,43,4,10,18,3,5,12,5,1,4,2,2,15,15
9,36,8,46,2,0,0,1,0,0,1,6,9,0,0,3,10,290,1,43,5,10,18,3,5,11,4,1,4,2,1,15,45
-38,32,6,49,5,0,0,1,0,0,1,9,6,0,0,3,10,290,0,39,6,10,17,3,7,12,8,4,4,2,2,16,15
-15,32,6,46,5,0,0,1,0,0,0,8,7,0,0,3,10,290,0,39,6,10,18,3,6,11,7,4,3,2,1,15,45
15,31,8,44,6,0,2,0,0,0,1,4,11,0,0,3,10,290,2,35,4,8,16,4,8,12,8,4,2,1,2,15,30
17,28,7,35,6,0,2,2,0,0,0,8,7,0,0,3,10,290,1,33,4,8,16,4,7,12,10,6,2,0,2,14,15
15,27,7,41,5,0,2,2,1,0,0,12,3,0,0,3,10,290,0,32,4,9,15,5,8,12,11,7,2,1,2,15,0
32,27,8,35,5,0,2,2,1,0,0,6,9,0,0,3,10,290,1,31,4,8,16,4,7,13,10,6,2,1,2,14,15
26,27,8,38,4,0,2,2,1,0,0,2,13,0,0,3,10,290,1,31,4,8,16,4,6,12,9,5,2,1,1,14,30
44,26,8,35,4,0,2,2,2,0,0,38,7,0,0,3,10,290,2,29,4,8,14,3,5,11,9,5,2,1,2,14,15
22,24,7,40,4,0,2,2,2,0,0,30,15,0,0,3,10,290,1,28,4,8,15,3,5,10,10,5,2,1,1,14,45
-31,24,8,42,4,0,1,2,3,0,0,20,25,0,0,3,10,290,2,27,4,8,15,3,5,11,9,4,2,1,2,15,15
26,20,7,34,4,0,1,3,4,0,0,1,44,0,0,3,10,290,1,24,4,7,13,3,6,17,12,5,2,1,3,14,0
-17,20,7,44,3,0,1,3,4,0,0,13,2,0,0,3,10,290,1,24,4,7,13,2,5,16,11,4,1,1,2,15,30
90,17,6,31,4,0,1,3,4,0,1,5,10,0,0,3,10,290,1,21,4,7,12,3,6,20,13,6,1,0,1,13,0
58,16,6,33,6,0,1,3,3,0,1,8,7,0,0,3,10,290,2,19,4,7,12,4,6,21,13,5,1,0,1,13,15
-11,14,6,38,6,0,1,2,4,0,1,13,2,0,0,3,10,290,1,18,3,7,12,4,7,20,14,5,1,0,1,14,30
74,13,5,29,7,0,0,2,4,0,1,4,11,0,0,3,10,290,1,17,4,6,12,3,10,20,14,6,1,1,2,12,45
37,13,5,24,8,0,0,3,4,0,0,8,7,0,0,3,10,290,2,15,3,5,10,3,12,20,14,7,1,1,2,12,15
28,13,5,24,7,0,0,3,4,0,0,6,9,0,0,3,10,290,2,15,3,5,10,3,12,19,13,7,1,1,2,12,15
129,10,4,16,9,0,0,3,3,0,0,9,6,0,0,3,10,290,1,13,3,6,9,10,16,20,15,9,1,1,2,11,15
91,9,4,24,10,0,0,3,2,0,0,7,8,0,0,3,10,290,1,12,2,5,9,9,15,19,15,9,1,1,2,12,15
94,9,4,22,10,0,0,3,2,0,0,1,14,0,0,3,10,290,2,11,1,4,8,10,14,20,14,8,1,1,3,12,0
6,8,4,31,10,0,0,2,2,0,0,13,2,0,0,3,10,290,1,11,1,5,9,11,13,19,14,9,1,1,1,13,0
69,8,4,20,9,0,0,2,2,0,0,11,4,0,0,3,10,290,1,11,2,5,9,10,12,18,13,8,0,1,2,11,45
35,8,5,29,9,0,0,2,1,0,0,11,4,0,0,3,10,290,1,11,2,5,9,9,12,17,12,7,0,0,2,12,45
-18,8,5,27,8,0,0,2,1,0,0,8,7,0,0,3,10,290,0,11,2,6,9,8,11,16,12,7,0,0,2,12,30
60,8,5,18,7,0,0,2,1,0,0,3,12,0,0,3,10,290,0,11,2,6,10,8,10,15,11,6,0,0,2,11,30
81,8,5,27,6,0,0,2,1,0,0,2,13,0,0,3,10,290,0,11,2,6,10,7,9,14,10,6,0,0,2,12,30
140,8,5,7,6,0,0,2,1,0,0,11,4,0,0,3,10,290,1,10,3,5,10,6,9,14,9,6,0,0,2,10,0
94,8,5,14,5,0,0,2,1,0,0,6,9,0,0,3,10,290,1,10,3,5,10,6,8,13,8,5,0,0,2,11,0
0,8,5,22,5,0,0,1,1,0,0,5,10,0,0,3,10,290,1,10,3,5,10,5,7,12,7,4,0,0,3,12,0
67,8,5,10,4,0,0,1,1,0,0,1,14,0,0,3,10,290,1,10,3,6,10,4,6,11,6,3,0,0,2,10,30
26,8,5,18,3,0,0,1,1,0,0,13,2,0,0,3,10,290,1,10,4,6,10,3,5,10,5,3,0,0,2,11,30
59,6,4,12,3,0,0,1,1,0,0,3,12,0,0,3,10,290,0,9,4,5,9,3,6,10,6,4,0,0,2,10,45
28,6,4,10,4,0,1,1,0,0,0,10,5,0,0,3,10,290,2,7,2,3,7,3,5,10,5,3,0,0,2,10,30
-20,3,1,20,4,0,1,1,0,0,0,11,4,0,0,3,10,290,0,6,2,4,6,2,6,10,7,4,0,0,2,11,45
144,3,2,14,5,0,1,0,0,0,0,2,13,0,0,3,10,290,1,5,1,4,5,3,5,10,6,4,0,0,2,11,0
11,3,3,8,5,0,1,0,0,0,0,11,4,0,0,3,10,290,1,4,2,4,4,4,5,11,6,4,0,0,2,10,15
61,3,3,2,5,0,0,0,0,0,0,4,11,0,0,3,10,290,1,4,3,4,4,3,4,10,5,3,0,0,2,9,30
54,2,2,5,5,0,0,0,0,0,0,6,9,0,0,3,10,290,1,3,3,3,3,3,5,9,5,3,0,0,1,9,45
14,2,2,16,4,0,0,0,0,0,0,4,11,0,0,3,10,290,1,3,3,3,3,2,4,8,4,2,0,0,2,11,15
38,1,1,8,4,0,0,1,0,0,0,1,14,0,0,3,10,290,1,1,1,1,1,2,5,7,5,3,0,0,2,10,15
-39,0,0,12,4,0,0,1,0,0,0,0,11,0,0,3,10,290,0,0,0,0,0,4,6,6,6,4,0,0,2,10,45
8,0,0,0,3,0,0,1,0,0,0,0,15,0,1,3,10,290,0,0,0,0,0,4,5,5,5,3,0,0,1,9,0
9,0,0,1,2,0,0,1,0,0,0,0,30,0,0,3,10,290,0,0,0,0,0,4,4,4,4,2,0,0,3,9,15
19,0,0,2,1,0,0,1,0,0,0,0,34,0,0,3,10,290,0,0,0,0,0,3,3,3,3,1,0,0,2,9,30
-17,0,0,5,0,0,0,1,0,0,0,0,44,0,0,3,10,290,0,0,0,0,0,2,2,2,2,1,0,0,1,9,45
-17,0,0,2,0,0,0,0,0,0,0,0,52,0,0,3,10,290,0,0,0,0,0,1,1,1,1,0,0,0,2,9,30
35,32,3,49,1,0,0,3,0,0,0,14,1,0,0,2,10,289,0,47,2,4,9,1,5,9,5,3,4,0,2,17,30
40,31,3,48,0,0,2,4,0,0,0,11,4,0,0,2,10,289,2,44,1,4,9,4,7,10,5,3,4,0,2,17,15
8,31,5,49,0,0,1,4,0,0,0,5,10,0,0,2,10,289,2,44,2,4,9,4,6,9,4,2,4,0,2,17,30
55,31,5,51,0,0,1,3,0,0,0,13,2,1,0,2,10,289,2,44,2,4,10,4,5,9,3,2,4,0,1,17,45
138,31,5,39,0,0,1,2,0,0,0,11,4,0,0,2,10,289,2,44,2,5,10,3,4,8,2,2,4,0,2,15,45
-6,29,4,47,1,0,0,2,0,0,0,7,8,0,0,2,10,289,0,43,3,5,10,3,4,8,4,1,4,1,1,17,0
61,29,4,45,1,0,0,2,0,0,0,3,12,0,0,2,10,289,1,42,2,5,9,2,3,8,3,1,4,1,1,16,45
17,28,4,43,1,0,0,2,0,0,0,0,15,0,0,2,10,289,1,41,2,5,9,2,4,8,3,1,4,1,2,16,30
9,26,4,45,2,0,0,2,0,0,0,3,27,0,0,2,10,289,1,39,3,5,10,2,4,11,4,2,3,2,1,16,45
36,24,2,38,3,0,0,2,0,0,0,0,15,0,0,2,10,289,1,37,2,4,11,3,5,12,5,3,3,1,2,15,30
-16,24,2,39,3,0,0,2,0,0,0,2,13,0,0,2,10,289,1,36,2,4,11,2,5,12,5,3,3,1,2,15,45
4,23,1,41,3,0,0,2,0,0,0,1,14,0,0,2,10,289,0,35,2,5,12,3,6,11,6,4,2,1,2,16,15
56,22,0,36,3,0,0,2,0,0,0,1,14,0,0,2,10,289,0,34,2,5,14,3,7,12,6,3,2,0,1,15,15
-73,22,0,41,4,0,0,1,0,0,0,4,11,0,0,2,10,289,1,33,3,6,13,4,6,11,5,2,2,0,2,16,15
42,22,2,32,3,0,0,1,0,0,0,8,7,0,0,2,10,289,1,33,3,7,16,5,7,12,4,2,2,0,1,14,30
43,22,4,35,4,0,0,0,0,0,0,14,1,0,0,2,10,289,0,32,3,7,16,4,7,12,5,2,2,0,2,15,0
55,22,5,29,5,0,0,0,0,0,0,4,11,0,0,2,10,289,2,30,3,7,14,3,6,12,4,1,2,0,2,14,0
18,22,6,36,4,0,0,0,0,0,0,0,15,0,0,2,10,289,1,30,4,7,15,4,5,12,4,1,2,0,1,15,15
-16,22,6,32,3,0,0,0,0,0,0,25,5,0,0,2,10,289,1,30,4,9,16,3,5,11,3,1,2,0,1,14,30
-11,21,7,30,6,0,0,0,0,0,0,2,28,0,0,2,10,289,2,26,3,6,14,3,5,11,5,2,2,0,2,14,15
-129,21,7,43,5,0,0,0,0,0,0,2,28,0,0,2,10,289,2,26,3,7,14,2,4,10,4,2,2,0,2,16,30
-29,18,6,30,4,0,0,0,0,0,1,2,13,0,0,2,10,289,0,25,4,9,16,2,6,12,6,2,2,1,2,14,15
-54,16,6,34,6,0,0,1,0,0,1,10,5,0,0,2,10,289,2,21,4,7,13,3,7,13,7,2,2,1,1,14,45
0,15,6,28,6,0,0,1,0,0,1,1,14,0,0,2,10,289,2,20,4,6,13,4,7,12,7,3,2,1,1,13,30
7,14,6,27,6,0,0,1,0,0,1,1,14,0,0,2,10,289,1,19,3,7,13,4,6,14,8,4,1,1,1,13,15
64,13,7,22,6,0,0,1,1,0,1,10,5,0,0,2,10,289,2,17,3,7,11,4,7,17,8,5,1,0,2,12,30
52,13,7,20,5,0,0,1,1,0,1,5,10,0,0,2,10,289,2,17,3,8,12,3,7,16,7,5,1,1,2,12,15
20,12,6,26,5,0,1,1,1,0,0,12,3,0,0,2,10,289,2,16,4,7,11,3,6,15,7,5,1,1,1,13,0
47,11,5,20,4,0,1,1,1,0,0,1,14,0,0,2,10,289,1,16,5,8,11,2,7,14,7,6,1,1,2,12,15
20,9,4,18,5,0,1,1,1,0,0,4,11,0,0,2,10,289,1,14,5,7,10,4,6,14,8,7,1,1,2,12,0
9,7,4,22,8,0,1,1,1,0,0,0,15,0,0,2,10,289,2,10,2,4,9,5,9,15,10,7,1,1,2,12,30
2,7,4,24,7,0,1,1,1,0,0,11,4,0,0,2,10,289,2,10,2,4,9,4,10,14,9,6,1,1,1,12,45
-13,6,3,24,7,0,1,1,1,0,0,8,7,0,0,2,10,289,2,9,1,4,8,3,10,14,9,5,0,1,1,12,45
87,6,3,10,6,0,1,1,1,0,0,7,8,0,0,2,10,289,2,9,2,4,8,4,9,16,8,4,0,0,2,11,0
60,6,4,7,5,0,1,1,1,0,0,6,9,0,0,2,10,289,2,9,3,4,8,3,8,15,7,3,0,0,1,10,30
37,4,3,14,7,0,1,1,0,0,0,11,4,0,0,2,10,289,0,7,2,4,7,7,9,15,10,7,0,0,2,11,30
75,4,3,9,7,0,0,1,0,0,0,10,5,0,0,2,10,289,0,7,2,5,7,6,9,14,9,6,0,0,2,10,45
10,4,3,12,7,0,0,1,0,0,0,3,12,0,0,2,10,289,1,6,1,5,6,5,8,13,8,6,0,0,2,11,15
0,3,2,10,6,0,0,1,0,0,0,1,14,0,0,2,10,289,0,6,1,5,6,4,7,12,8,6,0,0,2,11,0
5,3,3,16,5,0,0,1,0,0,0,12,3,0,0,2,10,289,0,6,2,5,6,3,6,11,7,5,0,0,2,11,45
-29,3,3,18,4,0,0,1,0,0,0,12,3,0,0,2,10,289,0,6,2,5,6,2,5,10,6,4,0,0,2,12,0
13,3,3,14,3,0,0,1,0,0,0,10,5,0,0,2,10,289,0,6,2,5,6,1,4,9,5,4,0,0,2,11,30
-59,2,2,16,3,0,0,2,0,0,0,5,25,0,0,2,10,289,1,4,3,4,4,5,8,10,5,4,0,0,2,11,45
-13,1,1,12,4,0,0,1,0,0,0,13,2,0,0,2,10,289,1,3,2,3,3,6,7,9,5,4,0,0,2,11,15
19,1,1,7,3,0,0,1,0,0,0,11,4,0,0,2,10,289,1,3,2,3,3,5,6,8,4,3,0,0,1,10,30
17,0,0,5,4,0,0,1,0,0,0,24,6,0,0,2,10,289,0,1,1,1,1,4,5,7,6,3,0,0,2,10,15
-40,0,0,5,3,0,0,1,0,0,0,22,8,0,0,2,10,289,0,1,1,1,1,3,4,6,5,3,0,0,2,10,15
-12,0,0,3,2,0,0,1,0,0,0,17,13,0,0,2,10,289,0,1,1,1,1,3,4,5,4,3,0,0,2,9,45
36,0,0,1,2,0,0,0,0,0,0,16,14,0,0,2,10,289,0,1,1,1,1,2,3,4,3,3,0,0,2,9,30
0,0,0,1,2,0,0,0,0,0,0,0,9,0,0,2,10,289,1,0,0,0,0,1,3,3,2,2,0,0,2,9,30
2,0,0,3,1,0,0,0,0,0,0,0,40,0,0,2,10,289,0,0,0,0,0,2,2,2,2,2,0,0,2,9,45
-12,0,0,0,0,0,0,0,0,0,0,0,45,0,1,2,10,289,0,0,0,0,0,1,1,1,1,1,0,0,2,9,0
44,46,10,54,4,0,0,1,1,0,0,0,15,1,0,6,10,286,2,48,5,10,15,2,3,8,5,2,4,0,1,17,30
61,42,8,50,6,0,0,1,1,0,0,7,8,0,0,6,10,286,1,45,6,9,14,1,4,9,8,4,4,1,1,17,0
51,36,5,47,7,0,3,1,2,0,1,0,15,0,0,6,10,286,2,38,2,5,10,4,5,13,13,7,4,1,1,16,30
11,36,5,53,6,0,3,1,2,0,1,9,6,0,0,6,10,286,2,38,2,6,10,3,6,13,12,6,4,2,1,17,15
42,36,5,50,6,0,3,0,2,0,1,5,10,0,0,6,10,286,2,38,3,7,11,3,5,12,11,5,3,2,1,17,0
257,34,4,19,6,0,3,2,2,0,0,2,13,0,0,6,10,286,2,36,3,5,10,2,6,13,12,6,3,1,2,11,45
35,33,4,47,6,0,3,2,2,0,0,6,9,0,0,6,10,286,1,35,4,5,9,3,8,14,13,5,3,1,1,16,30
65,31,4,41,7,0,2,2,2,0,1,0,15,0,0,6,10,286,0,33,2,5,10,6,8,13,15,4,3,1,1,15,30
26,31,4,44,8,0,1,2,2,0,1,11,4,0,0,6,10,286,1,32,2,4,9,5,8,12,14,3,2,1,1,16,0
42,30,4,46,8,0,1,2,2,0,1,0,15,0,0,6,10,286,1,31,1,4,9,6,8,13,14,3,2,1,2,16,15
86,30,5,37,8,0,0,2,2,0,1,4,11,0,0,6,10,286,1,31,3,5,10,5,8,12,13,3,2,1,2,15,0
57,30,5,43,7,0,0,2,2,0,1,0,15,0,0,6,10,286,1,31,3,5,11,4,8,12,12,3,2,1,2,15,45
-5,30,5,41,7,0,0,2,2,0,0,0,15,0,0,6,10,286,1,31,3,5,11,3,7,11,11,3,2,1,1,15,30
50,29,4,44,7,0,0,2,2,0,0,24,6,0,0,6,10,286,1,30,2,4,11,3,6,12,11,4,2,1,1,16,0
79,29,4,35,7,0,0,2,1,0,0,19,11,0,0,6,10,286,1,30,3,4,12,2,6,11,10,3,2,1,2,14,45
16,27,4,39,8,0,0,2,1,0,0,13,2,0,0,6,10,286,1,28,2,5,13,4,5,11,11,4,2,1,2,15,15
-80,26,4,50,9,0,0,1,1,0,0,0,15,0,0,6,10,286,1,27,3,5,14,4,6,12,11,5,1,1,1,17,0
77,25,3,37,9,0,0,1,1,0,0,22,8,0,0,6,10,286,1,26,2,5,15,3,5,13,11,6,1,0,2,15,0
28,25,5,49,9,0,0,1,0,0,0,16,14,0,0,6,10,286,1,26,3,6,15,2,5,13,10,6,1,1,3,16,45
7,25,6,39,8,0,0,1,0,0,0,7,23,0,0,6,10,286,1,26,4,7,16,2,6,13,9,6,1,1,2,15,15
100,22,7,33,8,0,1,2,1,0,0,9,6,0,0,6,10,286,1,22,3,8,15,5,7,18,12,9,1,1,1,14,0
48,22,7,34,7,0,1,2,1,0,0,6,9,0,0,6,10,286,1,22,3,8,15,4,6,17,11,9,1,1,2,14,15
-95,20,8,35,8,0,0,2,1,0,0,2,13,0,0,6,10,286,0,21,5,10,17,4,9,18,12,8,0,1,2,14,45
360,19,7,13,9,0,0,2,1,0,0,11,4,0,0,6,10,286,1,19,5,8,15,3,9,17,12,7,0,0,2,11,0
119,19,7,28,8,0,0,2,1,0,0,11,4,0,0,6,10,286,1,19,5,8,15,2,8,16,11,6,0,0,1,12,45
48,17,7,32,9,0,0,2,1,0,0,10,5,0,0,6,10,286,1,17,5,8,14,4,10,17,12,6,0,0,1,13,30
94,15,7,26,10,0,1,2,1,0,0,9,6,0,0,6,10,286,2,14,3,7,11,6,12,18,13,8,0,0,2,12,30
56,14,6,30,10,0,1,2,1,0,0,1,14,0,0,6,10,286,2,13,3,7,11,7,11,18,13,8,0,0,1,13,0
78,13,6,24,10,0,1,2,1,0,0,13,2,0,0,6,10,286,2,12,3,6,10,7,10,17,13,8,0,0,2,12,15
19,12,6,26,10,0,1,2,0,0,0,10,5,0,0,6,10,286,1,12,3,6,10,7,11,16,13,8,0,0,2,12,30
74,12,6,11,9,0,1,2,0,0,1,5,10,0,0,6,10,286,2,11,2,7,9,6,10,15,12,8,0,0,2,10,45
47,12,7,22,8,0,1,2,0,0,1,12,3,0,0,6,10,286,2,11,4,7,10,7,9,15,11,7,0,0,2,12,0
59,11,6,19,7,0,1,3,0,0,1,5,10,0,0,6,10,286,2,10,4,6,9,6,9,15,11,7,0,0,2,11,45
69,11,6,31,6,0,1,3,0,0,1,4,11,0,0,6,10,286,2,10,4,6,9,5,8,14,10,7,0,0,1,13,15
15,10,6,24,6,0,1,3,0,0,1,15,15,0,0,6,10,286,2,9,3,6,8,4,7,14,10,7,0,0,2,12,15
55,10,6,17,5,0,1,3,0,0,1,10,5,0,0,6,10,286,2,9,3,6,8,5,7,13,9,7,0,0,3,11,30
49,8,5,17,6,0,0,3,0,0,1,1,14,0,0,6,10,286,1,8,4,5,8,4,8,13,10,7,0,0,3,11,30
26,8,5,28,6,0,0,2,0,0,1,13,2,0,0,6,10,286,1,8,4,5,8,3,7,13,9,6,0,0,1,12,45
96,6,3,19,7,0,1,1,0,0,1,11,4,0,0,6,10,286,0,6,3,4,6,4,7,12,11,5,0,0,2,11,45
49,6,3,15,6,0,1,1,0,0,1,10,5,0,0,6,10,286,0,6,3,4,6,3,6,11,10,4,0,0,2,11,15
49,5,3,11,6,0,1,3,0,0,0,10,5,0,0,6,10,286,1,4,1,3,4,4,6,11,10,3,0,0,2,10,45
25,4,2,22,6,0,1,3,0,0,0,13,2,0,0,6,10,286,1,3,1,2,3,4,7,13,10,2,0,0,2,12,0
-9,4,2,15,5,0,1,3,0,0,0,9,6,0,0,6,10,286,1,3,1,2,3,3,6,12,9,1,0,0,2,11,15
47,4,2,9,4,0,1,3,0,0,0,8,7,0,0,6,10,286,1,3,1,2,3,2,5,11,8,1,0,0,2,10,30
117,3,2,5,3,0,1,3,0,0,0,7,8,0,0,6,10,286,0,3,2,3,3,3,6,10,8,2,0,0,2,10,0
17,3,3,13,4,0,1,2,0,0,0,2,13,0,0,6,10,286,1,2,1,2,2,3,5,9,7,2,0,0,2,11,0
43,2,2,7,4,0,1,2,0,0,0,8,7,0,0,6,10,286,1,1,1,1,1,4,5,9,7,2,0,0,2,10,15
29,2,2,9,3,0,1,2,0,0,0,1,14,0,0,6,10,286,1,1,1,1,1,3,5,8,6,2,0,0,2,10,30
29,1,1,7,4,0,1,1,0,0,0,1,14,0,0,6,10,286,1,0,0,0,0,2,6,7,6,2,0,0,2,10,15
18,1,1,5,4,0,1,0,0,0,0,0,15,0,0,6,10,286,1,0,0,0,0,1,5,6,5,2,0,0,2,10,0
2,0,0,1,4,0,0,0,0,0,0,0,16,0,0,6,10,286,0,0,0,0,0,4,5,5,5,2,0,0,2,9,15
130,0,0,2,3,0,0,0,0,0,0,0,28,0,0,6,10,286,0,0,0,0,0,3,4,4,4,2,0,0,1,9,30
4,0,0,0,2,0,0,0,0,0,0,0,29,0,1,6,10,286,0,0,0,0,0,2,3,3,3,2,0,0,1,9,0
63,0,0,2,1,0,0,0,0,0,0,0,30,0,0,6,10,286,0,0,0,0,0,1,2,2,2,1,0,0,1,9,30
2,0,0,4,0,0,0,0,0,0,0,0,75,0,0,6,10,286,0,0,0,0,0,1,1,1,1,1,0,0,2,9,45
7,26,3,45,2,0,0,1,0,0,0,11,4,1,0,5,10,285,1,42,2,5,11,1,3,5,3,0,5,0,1,17,30
66,24,3,38,3,0,0,2,0,0,0,5,10,0,0,5,10,285,0,39,4,8,12,4,4,11,6,2,5,1,1,16,30
62,24,3,41,3,0,0,2,0,0,0,4,11,0,0,5,10,285,1,38,3,7,12,3,3,11,5,2,5,1,2,16,45
-3,23,3,44,4,0,0,1,0,0,0,9,6,0,0,5,10,285,1,37,4,6,11,2,2,10,5,3,5,1,1,17,15
24,23,3,42,3,0,0,2,0,0,0,1,14,0,0,5,10,285,2,36,3,6,11,1,2,11,4,2,4,1,1,17,0
-11,20,1,42,5,0,1,2,0,0,1,7,8,0,0,5,10,285,0,31,2,6,10,4,8,14,10,6,4,1,1,17,0
13,20,1,36,4,0,2,2,0,0,1,11,4,0,0,5,10,285,1,30,3,6,11,6,10,14,9,6,4,1,3,16,15
43,20,1,31,3,0,2,2,0,0,1,9,6,0,0,5,10,285,1,30,3,6,11,5,9,13,8,5,4,1,1,15,30
-41,20,3,38,3,0,2,2,0,0,1,10,5,0,0,5,10,285,1,29,3,6,11,5,9,14,8,4,4,1,1,16,30
40,20,3,35,4,0,2,1,0,0,1,6,9,0,0,5,10,285,1,28,3,5,11,5,9,14,8,3,4,1,2,16,0
48,20,3,26,4,0,1,1,0,0,1,14,1,0,0,5,10,285,1,28,4,6,12,5,8,13,7,3,4,1,1,14,45
-2,20,3,31,5,0,1,1,0,0,0,12,3,0,0,5,10,285,2,27,3,5,11,5,7,12,6,2,3,1,1,15,30
-30,20,4,38,5,0,1,1,0,0,0,4,11,0,0,5,10,285,2,26,2,4,11,4,6,11,6,1,3,0,1,16,30
-9,19,3,29,6,0,0,1,0,0,0,22,8,0,0,5,10,285,2,25,2,4,11,5,6,11,6,1,3,0,3,15,15
-6,19,3,28,5,0,0,1,0,0,0,18,12,0,0,5,10,285,1,25,2,5,11,4,5,10,6,1,3,0,2,15,0
34,19,4,29,5,0,0,1,0,0,0,12,18,0,0,5,10,285,2,24,2,5,12,3,5,9,5,1,3,0,3,15,15
-64,18,5,34,4,0,1,1,0,0,0,0,30,0,0,5,10,285,1,23,2,4,11,3,5,9,6,2,3,0,1,15,45
28,17,4,24,3,0,1,1,0,0,0,38,7,0,0,5,10,285,0,23,2,5,12,2,5,9,6,3,3,0,1,14,0
-5,16,5,36,3,0,1,1,0,0,0,18,27,0,0,5,10,285,0,22,3,7,13,3,5,10,6,2,3,0,3,16,15
61,15,6,22,4,0,1,2,0,0,0,12,3,0,0,5,10,285,2,19,3,7,12,4,5,12,6,3,3,0,1,13,0
-11,15,6,25,3,0,1,2,0,0,0,7,8,0,0,5,10,285,2,19,4,7,13,3,4,11,5,3,3,0,2,14,30
-84,13,4,31,2,0,1,2,0,0,0,0,15,0,0,5,10,285,0,19,4,7,14,2,4,10,6,5,3,1,1,15,30
41,13,5,23,3,0,1,2,0,0,0,8,7,0,0,5,10,285,2,17,3,6,12,2,4,11,5,4,3,1,1,13,15
21,10,3,19,4,0,1,2,0,0,0,14,1,0,0,5,10,285,0,15,3,6,12,2,5,15,8,4,3,2,2,12,30
-135,9,5,26,5,0,2,2,0,0,0,0,15,0,0,5,10,285,1,12,3,7,11,4,7,14,9,5,2,2,1,14,45
82,8,4,17,6,0,2,1,0,0,0,10,5,0,0,5,10,285,1,11,2,6,10,5,8,13,9,5,2,2,1,12,15
18,7,4,20,7,0,2,0,0,0,0,11,4,0,0,5,10,285,1,10,3,6,10,5,9,15,9,6,1,2,1,12,45
75,7,4,10,6,0,3,0,0,0,0,6,9,0,0,5,10,285,2,9,3,5,9,4,9,14,8,5,1,1,1,11,15
77,7,4,12,5,0,3,0,0,0,0,12,3,0,0,5,10,285,1,9,4,6,9,5,10,13,8,6,1,1,2,11,30
45,7,4,17,5,0,2,0,0,0,0,11,4,0,0,5,10,285,1,9,4,6,9,4,9,12,7,5,1,1,1,12,15
76,7,4,15,4,0,2,0,0,0,0,10,5,0,0,5,10,285,1,9,4,6,9,3,8,11,6,4,1,1,2,12,0
18,4,3,15,5,0,3,1,0,0,0,29,1,0,0,5,10,285,2,5,2,4,5,7,7,12,8,5,1,1,2,12,0
-38,4,3,20,5,0,2,1,0,0,0,28,2,0,0,5,10,285,2,5,2,4,5,6,6,11,7,5,0,1,1,12,45
-9,3,3,8,5,0,1,1,0,0,0,15,15,0,0,5,10,285,0,5,3,5,5,5,7,12,8,5,0,0,2,11,0
18,3,3,8,5,0,0,1,0,0,0,14,16,0,0,5,10,285,0,5,3,5,5,4,6,11,7,5,0,0,2,11,0
12,3,3,13,5,0,0,1,0,0,0,6,24,0,0,5,10,285,1,4,3,4,4,3,6,10,6,4,0,0,2,11,45
32,3,3,10,4,0,0,1,0,0,0,4,26,0,0,5,10,285,1,4,3,4,4,2,5,9,5,4,0,0,1,11,15
-10,3,3,13,3,0,0,1,1,0,0,0,30,0,0,5,10,285,2,3,2,3,3,1,4,8,4,3,0,0,2,11,45
9,1,1,3,4,0,0,1,1,0,0,8,7,0,0,5,10,285,0,1,1,1,1,4,6,8,7,3,0,0,2,10,0
52,0,0,5,5,0,0,0,1,0,0,5,10,0,0,5,10,285,0,0,0,0,0,3,6,7,7,4,0,0,1,10,15
66,0,0,3,4,0,0,0,1,0,0,12,3,0,0,5,10,285,0,0,0,0,0,2,5,6,6,4,0,0,2,10,0
54,0,0,0,4,0,0,0,0,0,0,0,6,0,1,5,10,285,0,0,0,0,0,3,4,5,5,3,0,0,1,9,30
-6,0,0,7,3,0,0,0,0,0,0,0,27,0,0,5,10,285,0,0,0,0,0,3,4,4,4,2,0,0,2,10,30
77,0,0,0,2,0,0,0,0,0,0,0,35,0,1,5,10,285,0,0,0,0,0,2,3,3,3,2,0,0,1,9,30
-14,0,0,5,1,0,0,0,0,0,0,0,38,0,0,5,10,285,0,0,0,0,0,1,2,2,2,1,0,0,1,10,15
5,0,0,2,0,0,0,0,0,0,0,0,70,0,0,5,10,285,0,0,0,0,0,1,1,1,1,1,0,0,2,9,45
51,37,3,51,1,0,0,2,0,0,0,12,0,1,0,4,10,284,0,49,4,6,11,1,4,7,4,2,4,1,2,17,30
60,34,5,46,4,0,0,1,0,0,1,13,2,0,0,4,10,284,1,45,3,6,9,3,5,12,6,2,3,1,2,16,45
44,34,5,48,3,0,0,2,0,0,1,7,8,0,0,4,10,284,2,44,3,5,10,2,4,12,5,2,3,0,1,17,0
6,34,5,51,3,0,0,2,0,0,0,1,14,1,0,4,10,284,2,44,3,5,11,2,4,12,4,1,3,0,2,17,30
23,30,3,48,3,0,1,2,1,0,0,4,11,0,0,4,10,284,1,41,2,5,9,3,7,11,7,3,3,1,1,17,0
19,29,2,42,3,0,0,2,1,0,1,6,9,0,0,4,10,284,0,40,3,4,9,2,7,11,8,5,3,1,2,16,15
-21,29,3,44,3,0,0,3,1,0,0,5,10,0,0,4,10,284,1,39,3,5,8,5,8,10,7,4,3,2,2,16,30
49,27,2,50,5,0,0,2,1,0,0,11,4,0,0,4,10,284,0,37,2,4,10,6,8,12,9,5,3,2,2,17,15
-5,27,2,38,4,0,0,2,1,0,0,11,4,0,0,4,10,284,0,37,2,4,10,5,7,11,8,4,2,2,1,15,45
15,27,2,46,4,0,0,2,1,0,0,9,6,0,0,4,10,284,1,36,2,3,9,4,6,10,7,3,2,1,2,16,45
17,27,2,41,4,0,0,2,0,0,0,7,8,0,0,4,10,284,1,36,2,3,9,4,5,9,6,3,2,1,2,16,0
9,27,2,42,3,0,0,2,0,0,0,1,14,0,0,4,10,284,1,36,3,4,9,4,4,8,5,2,2,1,2,16,15
6,27,3,44,3,0,0,1,0,0,0,5,10,0,0,4,10,284,0,36,3,5,12,3,4,8,5,2,1,1,2,16,30
64,27,4,36,4,0,0,1,0,0,0,22,8,0,0,4,10,284,2,34,1,3,11,2,3,7,4,1,1,0,1,15,15
0,26,3,38,4,0,0,0,0,0,1,17,13,0,0,4,10,284,2,33,1,3,10,1,4,6,4,1,1,0,1,15,45
19,24,4,32,5,0,0,0,0,0,0,42,3,0,0,4,10,284,0,32,3,6,14,4,4,8,6,1,1,0,1,14,15
26,23,7,35,5,0,0,0,0,0,0,19,26,0,0,4,10,284,0,31,4,8,16,3,4,11,6,1,1,0,1,15,0
-21,23,7,37,4,0,0,0,0,0,1,18,27,0,0,4,10,284,1,30,3,7,15,2,3,10,5,1,1,0,3,15,30
-13,22,6,34,4,0,0,0,0,0,1,12,33,0,0,4,10,284,1,29,3,6,14,1,2,12,5,2,1,0,1,14,30
35,19,8,32,4,0,0,1,1,0,1,10,5,0,0,4,10,284,1,26,4,9,15,2,4,14,7,4,1,0,1,14,15
44,15,4,31,5,0,1,2,1,0,1,11,4,0,0,4,10,284,1,22,4,7,14,3,10,15,10,7,1,1,2,13,30
16,14,5,28,6,0,1,2,0,0,1,14,1,0,0,4,10,284,1,21,5,7,14,3,10,16,10,6,1,1,1,13,0
14,13,5,30,7,0,1,3,0,0,1,13,2,0,0,4,10,284,2,18,3,7,12,8,11,17,11,6,1,1,1,13,15
56,11,4,28,7,0,1,3,0,0,2,3,12,0,0,4,10,284,2,16,2,5,11,8,11,18,12,7,1,1,1,13,0
89,11,5,21,7,0,1,3,0,0,1,12,3,0,0,4,10,284,1,16,2,6,13,7,10,20,12,8,0,1,2,12,15
25,11,5,26,7,0,1,2,1,0,1,9,6,0,0,4,10,284,2,15,3,7,12,6,9,19,11,7,0,0,2,12,45
41,11,6,21,7,0,0,2,1,0,1,7,8,0,0,4,10,284,2,15,3,7,12,5,8,18,10,6,0,0,2,12,15
32,11,6,19,6,0,0,2,1,0,1,2,13,0,0,4,10,284,2,15,3,7,14,6,8,17,9,5,0,0,3,12,0
-47,11,6,26,6,0,0,2,1,0,0,1,14,0,0,4,10,284,2,15,4,7,14,5,7,16,8,5,0,0,2,12,45
41,11,6,19,5,0,0,2,1,0,0,14,1,0,0,4,10,284,2,15,4,7,14,4,6,15,7,4,0,0,3,12,0
20,10,5,24,6,0,0,1,1,0,0,4,11,0,0,4,10,284,2,14,3,6,13,4,5,16,7,4,0,0,2,12,30
37,9,6,18,6,0,0,2,1,0,0,4,11,0,0,4,10,284,2,12,4,6,12,3,8,18,8,6,0,0,2,11,45
39,9,6,24,5,0,0,2,1,0,0,3,12,0,0,4,10,284,2,12,4,6,12,3,7,17,7,6,0,0,2,12,30
9,7,4,16,5,0,0,2,1,0,0,7,8,0,0,4,10,284,1,11,3,5,11,2,8,16,8,7,0,0,1,11,30
-2,5,4,13,5,0,0,3,2,0,0,4,11,0,0,4,10,284,1,8,2,7,8,5,10,17,10,8,0,0,1,11,0
55,4,4,15,4,0,0,3,2,0,0,2,13,0,0,4,10,284,0,8,3,8,8,6,12,17,10,8,0,0,2,11,15
40,4,4,16,4,0,0,2,2,0,0,1,14,0,0,4,10,284,0,8,4,8,8,6,11,16,9,7,0,0,1,11,30
-204,3,3,38,4,0,0,2,2,0,0,11,4,0,0,4,10,284,0,7,4,7,7,7,11,15,9,8,0,0,1,15,45
72,3,3,5,4,0,0,2,2,0,0,6,9,0,0,4,10,284,1,6,3,6,6,6,11,14,8,7,0,0,2,10,0
8,3,3,11,4,0,0,1,2,0,0,12,3,0,0,4,10,284,1,6,5,6,6,5,10,13,7,6,0,0,2,10,45
-47,3,3,21,3,0,0,1,2,0,0,8,7,0,0,4,10,284,1,6,5,6,6,6,9,12,6,6,0,0,2,12,15
17,3,3,13,5,0,0,0,2,0,0,2,13,0,0,4,10,284,2,4,4,4,4,6,9,12,6,6,0,0,1,11,0
14,3,3,11,4,0,0,0,2,0,0,1,14,0,0,4,10,284,2,4,4,4,4,5,8,11,5,5,0,0,2,10,45
61,3,3,9,4,0,0,0,1,0,0,14,1,0,0,4,10,284,2,4,4,4,4,4,7,10,4,4,0,0,2,10,30
12,0,0,7,6,0,0,0,1,0,0,10,5,0,0,4,10,284,1,1,1,1,1,5,8,9,7,3,0,0,2,10,15
-2,0,0,5,5,0,0,0,1,0,0,9,6,0,0,4,10,284,1,1,1,1,1,4,7,8,6,2,0,0,2,10,0
4,0,0,9,6,0,0,0,0,0,0,3,12,0,0,4,10,284,1,0,0,0,0,4,6,7,6,2,0,0,2,10,30
31,0,0,0,5,0,0,0,0,0,0,13,2,0,1,4,10,284,1,0,0,0,0,4,5,6,5,1,0,0,2,9,15
6,0,0,3,4,0,0,0,0,0,0,11,4,0,0,4,10,284,0,0,0,0,0,3,4,5,5,2,0,0,2,9,45
26,0,0,1,3,0,0,0,0,0,0,0,11,0,0,4,10,284,0,0,0,0,0,3,3,4,4,2,0,0,2,9,30
-9,0,0,7,2,0,0,0,0,0,0,0,17,0,0,4,10,284,0,0,0,0,0,2,3,3,3,2,0,0,2,10,15
-4,0,0,1,1,0,0,0,0,0,0,0,34,0,0,4,10,284,0,0,0,0,0,1,2,2,2,1,0,0,2,9,30
-10,0,0,3,0,0,0,0,0,0,0,0,71,0,0,4,10,284,0,0,0,0,0,1,1,1,1,0,0,0,2,9,45
68,43,5,52,7,0,0,2,0,0,0,12,3,1,0,3,10,283,1,43,4,7,14,1,3,13,9,6,1,0,1,17,15
55,39,8,51,9,0,1,2,0,0,1,3,12,0,0,3,10,283,1,38,5,9,14,5,11,17,13,9,1,0,1,17,0
21,38,7,45,10,0,1,2,0,0,1,14,1,0,0,3,10,283,2,36,4,7,12,5,11,16,13,8,1,0,2,16,15
70,37,6,43,9,0,1,2,0,0,1,6,9,0,0,3,10,283,1,36,5,7,13,5,10,16,13,7,1,0,2,16,0
108,36,5,49,10,0,1,1,0,0,1,4,11,0,0,3,10,283,1,35,4,6,12,5,10,15,13,7,1,0,1,16,45
80,36,6,47,9,0,1,1,0,0,1,11,4,0,0,3,10,283,1,35,6,6,12,7,9,15,12,6,1,0,2,16,30
102,34,5,41,10,0,2,1,0,0,1,1,14,0,0,3,10,283,2,32,3,3,10,7,9,14,13,7,1,0,2,15,45
65,34,5,43,9,0,2,1,0,0,1,8,7,0,0,3,10,283,2,32,3,5,10,6,10,14,12,6,1,0,2,16,0
21,33,5,45,10,0,2,1,0,0,0,5,10,0,0,3,10,283,2,31,2,4,9,6,9,13,12,7,1,0,2,16,15
-19,32,5,49,9,0,2,1,0,0,0,1,14,0,0,3,10,283,1,31,2,5,10,5,8,12,12,7,1,0,1,16,45
58,32,5,47,8,0,2,1,0,0,0,1,14,0,0,3,10,283,1,31,2,5,10,4,7,11,11,6,1,0,2,16,30
89,32,5,40,10,0,2,0,0,0,0,12,3,0,0,3,10,283,3,29,0,3,9,3,6,11,10,6,1,0,2,15,30
62,31,6,41,9,0,2,0,0,0,0,1,14,0,0,3,10,283,2,29,0,5,10,3,6,11,10,5,1,0,2,15,45
35,31,7,38,8,0,2,0,0,0,0,5,10,0,0,3,10,283,2,29,2,6,12,4,6,12,9,4,1,0,1,15,15
67,30,7,35,7,0,2,0,0,0,0,8,7,0,0,3,10,283,1,29,5,6,13,4,6,11,9,4,1,0,2,14,45
64,29,6,33,6,0,2,0,0,0,0,0,15,0,0,3,10,283,0,29,5,7,13,3,5,10,9,4,1,0,1,14,30
97,29,6,29,6,0,1,0,0,0,0,14,1,0,0,3,10,283,0,29,5,7,13,2,4,9,8,3,1,0,1,13,45
66,27,6,36,9,0,0,0,1,0,0,10,5,0,0,3,10,283,2,24,2,6,12,3,6,10,9,3,1,0,2,15,0
3,24,4,38,10,0,0,0,1,0,0,11,4,0,0,3,10,283,1,23,1,5,11,3,7,12,11,3,1,0,1,15,15
61,24,6,36,9,0,0,0,1,0,0,14,1,0,0,3,10,283,1,23,3,7,13,2,6,12,10,3,1,0,2,15,0
32,22,5,30,8,0,1,0,1,0,0,11,4,0,0,3,10,283,0,22,4,7,15,5,5,12,11,4,1,0,2,14,0
68,22,7,33,8,0,2,0,1,0,0,13,2,0,0,3,10,283,2,20,4,7,13,4,6,12,10,4,1,0,1,14,30
66,22,7,27,7,0,2,0,1,0,0,11,4,0,0,3,10,283,2,20,4,7,14,3,5,11,9,3,1,0,1,13,15
26,20,7,31,7,0,2,0,1,0,0,14,1,0,0,3,10,283,1,19,3,7,13,2,7,13,10,5,1,1,2,14,15
51,20,8,31,7,0,2,0,1,0,0,12,3,0,0,3,10,283,2,18,3,6,12,1,6,13,9,5,1,1,2,14,15
94,15,7,25,9,0,2,2,0,0,0,2,13,0,0,3,10,283,1,14,3,7,13,5,7,14,13,8,1,1,1,12,45
36,15,7,28,9,0,2,2,0,0,0,0,15,0,0,3,10,283,2,13,3,6,12,5,6,13,12,7,1,1,1,13,30
58,15,7,23,9,0,1,2,0,0,0,8,7,0,0,3,10,283,2,13,3,7,12,4,6,12,11,7,0,1,1,12,30
43,14,7,26,8,0,1,2,0,0,0,5,10,0,0,3,10,283,1,13,4,7,12,3,6,12,11,6,0,0,1,13,0
112,14,7,21,8,0,1,2,0,0,0,1,14,0,0,3,10,283,2,12,4,6,11,3,7,11,10,6,0,0,2,12,15
66,12,6,19,8,0,0,3,0,0,1,1,14,0,0,3,10,283,2,10,3,6,9,2,7,12,11,8,0,0,2,12,0
70,9,4,19,7,0,1,4,0,0,1,3,12,0,0,3,10,283,1,8,2,5,7,4,7,13,13,9,0,0,2,12,0
102,8,5,21,6,0,1,5,0,0,1,13,2,0,0,3,10,283,1,7,4,6,7,5,7,15,13,9,0,0,2,12,15
25,7,4,23,6,0,1,5,0,0,1,6,9,0,0,3,10,283,1,6,3,5,6,5,6,14,13,9,0,0,1,12,30
58,7,4,12,5,0,1,5,0,0,1,5,10,0,0,3,10,283,1,6,3,5,6,4,6,13,12,8,0,0,2,11,0
8,7,4,16,5,0,1,5,0,0,0,2,13,0,0,3,10,283,1,6,3,5,6,3,5,12,11,7,0,0,1,11,30
20,7,4,14,5,0,0,5,0,0,0,13,2,0,0,3,10,283,1,6,4,5,6,2,4,13,10,6,0,0,2,11,15
66,5,3,18,6,0,0,5,0,0,1,12,3,0,0,3,10,283,2,3,2,2,3,2,7,13,11,7,0,0,2,11,45
130,3,2,9,5,0,0,6,1,0,1,2,13,0,0,3,10,283,2,1,0,1,1,3,9,15,12,6,0,0,1,10,30
52,3,3,14,4,0,0,6,1,0,1,5,10,0,0,3,10,283,2,1,0,1,1,5,8,14,11,6,0,0,2,11,15
60,3,3,12,3,0,0,6,1,0,1,9,6,0,0,3,10,283,2,1,1,1,1,4,9,13,10,6,0,0,2,11,0
54,2,2,16,3,0,0,5,1,0,1,1,14,0,0,3,10,283,1,1,1,1,1,6,9,12,10,5,0,0,1,11,30
66,2,2,4,2,0,0,5,1,0,1,13,2,0,0,3,10,283,1,1,1,1,1,5,8,11,9,4,0,0,2,9,45
19,2,2,6,1,0,0,5,1,0,1,13,2,0,0,3,10,283,1,1,1,1,1,4,7,10,8,3,0,0,1,10,0
98,1,1,11,2,0,0,4,1,0,1,8,7,0,0,3,10,283,1,0,0,0,0,5,8,9,8,3,0,0,2,10,45
62,1,1,9,2,0,0,3,1,0,1,6,9,0,0,3,10,283,1,0,0,0,0,5,7,8,7,3,0,0,1,10,30
119,1,1,4,2,0,0,2,1,0,1,4,11,0,0,3,10,283,1,0,0,0,0,4,6,7,6,2,0,0,2,9,45
18,0,0,8,2,0,0,2,1,0,0,2,13,0,0,3,10,283,0,0,0,0,0,4,6,6,6,1,0,0,2,10,15
75,0,0,2,1,0,0,2,1,0,0,0,15,0,0,3,10,283,0,0,0,0,0,3,5,5,5,1,0,0,2,9,30
67,0,0,6,1,0,0,1,1,0,0,0,8,0,0,3,10,283,0,0,0,0,0,3,4,4,4,1,0,0,1,10,0
16,0,0,0,0,0,0,1,1,0,0,0,20,0,1,3,10,283,0,0,0,0,0,3,3,3,3,0,0,0,1,9,0
17,0,0,2,0,0,0,0,1,0,0,0,31,0,0,3,10,283,0,0,0,0,0,2,2,2,2,0,0,0,2,9,30
23,0,0,1,0,0,0,0,0,0,0,0,42,0,0,3,10,283,0,0,0,0,0,1,1,1,1,0,0,0,2,9,15
78,37,6,45,2,0,1,4,1,0,1,7,8,0,0,6,10,279,2,37,3,5,9,2,6,9,8,4,5,1,1,17,15
85,33,3,41,5,0,1,4,1,0,0,9,6,0,0,6,10,279,1,34,2,3,7,5,6,12,11,4,4,1,2,16,45
55,31,2,41,5,0,1,4,1,0,0,0,15,0,0,6,10,279,0,33,1,4,7,5,6,12,12,5,4,0,2,16,45
187,31,2,31,5,0,1,3,1,0,0,14,1,0,0,6,10,279,0,33,1,4,7,4,5,11,11,4,4,0,2,14,45
0,31,2,46,4,0,1,3,1,0,0,10,5,1,0,6,10,279,0,33,1,4,8,3,4,10,10,3,4,0,1,17,30
70,31,3,43,4,0,0,4,1,0,0,12,3,0,0,6,10,279,1,32,1,4,7,2,4,9,9,3,4,1,1,17,0
52,31,5,40,4,0,0,4,0,0,0,3,12,0,0,6,10,279,1,32,2,4,7,2,3,9,8,3,4,1,2,16,30
19,30,4,38,4,0,0,4,0,0,0,7,8,0,0,6,10,279,1,31,3,4,8,2,6,10,8,2,4,1,1,16,15
38,28,4,43,6,0,0,3,1,0,0,13,2,0,0,6,10,279,2,28,0,3,7,5,6,10,9,4,3,2,1,17,0
40,26,3,32,5,0,0,3,1,0,0,3,12,0,0,6,10,279,0,28,1,3,9,4,6,9,10,4,3,1,1,15,0
96,26,3,35,5,0,0,2,1,0,0,14,1,0,0,6,10,279,0,28,2,3,9,4,5,8,9,4,3,1,1,15,30
35,26,3,37,4,0,0,2,1,0,0,8,7,0,0,6,10,279,0,28,3,4,9,3,4,7,8,4,3,1,2,16,0
35,26,3,38,3,0,0,2,1,0,0,4,11,0,0,6,10,279,0,28,3,5,9,2,3,7,7,3,3,1,1,16,15
79,25,5,36,3,0,0,2,2,0,0,0,15,0,0,6,10,279,1,26,1,5,9,2,4,9,7,4,2,1,1,15,45
65,23,4,30,3,0,0,2,2,0,0,8,7,0,0,6,10,279,0,25,2,6,11,3,4,10,8,5,2,0,1,14,30
55,22,4,29,2,0,1,3,2,0,0,16,14,0,0,6,10,279,1,23,2,4,11,2,4,10,8,5,2,0,1,14,15
88,22,4,34,1,0,1,3,2,0,0,15,15,0,0,6,10,279,1,23,2,4,11,2,3,9,7,5,2,0,1,15,15
21,20,6,32,0,0,1,3,4,0,0,0,15,0,0,6,10,279,1,21,2,7,14,2,6,10,8,5,2,0,1,15,0
89,18,6,25,0,0,1,4,3,0,1,5,10,0,0,6,10,279,1,19,4,6,13,5,7,14,9,6,2,0,1,13,0
98,18,7,27,0,0,1,5,2,0,1,11,4,0,0,6,10,279,2,18,4,7,13,4,6,13,8,5,2,0,1,13,30
63,16,5,23,0,0,1,4,2,0,1,7,8,0,0,6,10,279,0,18,4,7,13,4,5,12,9,6,2,0,1,12,45
31,16,6,28,1,0,1,3,2,0,1,2,13,0,0,6,10,279,1,17,3,7,13,4,5,11,8,5,2,0,1,14,0
52,15,6,23,1,0,1,4,2,0,1,9,6,0,0,6,10,279,2,15,2,6,13,3,5,10,8,5,2,0,1,12,45
80,14,7,20,1,0,1,4,1,0,2,8,7,0,0,6,10,279,2,14,3,7,13,2,6,11,8,6,2,1,1,12,15
39,14,8,22,1,0,1,4,0,0,2,3,12,0,0,6,10,279,2,14,4,8,13,2,6,10,7,6,2,1,2,12,30
40,10,7,18,4,0,2,4,0,0,1,5,10,0,0,6,10,279,2,10,3,5,10,4,7,12,10,8,2,1,2,12,0
33,9,6,17,4,0,1,5,0,0,1,14,1,0,0,6,10,279,2,9,3,5,9,4,6,11,10,8,2,1,2,11,45
53,7,6,18,4,0,1,6,0,0,1,14,1,0,0,6,10,279,2,7,2,6,7,5,6,10,11,8,2,1,2,12,0
55,7,6,26,4,0,1,5,0,0,1,11,4,0,0,6,10,279,2,7,2,6,7,4,5,9,10,7,1,1,1,13,15
45,6,5,12,3,0,1,5,0,0,1,5,10,0,0,6,10,279,1,7,2,6,7,3,5,8,10,8,1,0,2,11,0
44,5,4,14,3,0,1,6,0,0,0,11,4,0,0,6,10,279,1,6,2,5,6,2,4,11,10,7,1,0,1,11,15
13,5,4,20,2,0,1,6,0,0,0,9,6,0,0,6,10,279,1,6,4,5,6,1,3,10,9,6,1,0,1,12,15
84,1,1,14,3,0,1,6,1,0,1,7,8,0,0,6,10,279,1,2,1,2,2,2,5,15,12,8,1,1,1,11,15
36,1,1,12,3,0,0,6,1,0,2,0,5,0,0,6,10,279,1,1,0,1,1,2,4,14,12,8,1,1,2,11,0
40,1,1,2,3,0,0,6,1,0,1,15,15,0,0,6,10,279,1,1,1,1,1,3,9,13,11,7,0,1,2,9,45
49,1,1,8,3,0,0,5,1,0,1,10,5,0,0,6,10,279,1,1,1,1,1,2,10,12,10,6,0,0,2,10,30
66,1,1,6,2,0,0,5,1,0,2,5,10,0,0,6,10,279,1,0,0,0,0,1,9,11,10,7,0,0,2,10,15
38,0,0,5,2,0,0,4,1,0,2,0,11,0,0,6,10,279,0,0,0,0,0,8,10,10,10,7,0,0,2,10,10
56,0,0,1,1,0,0,4,1,0,2,0,12,0,0,6,10,279,0,0,0,0,0,7,9,9,9,6,0,0,1,9,30
60,0,0,3,1,0,0,3,1,0,2,0,14,0,0,6,10,279,0,0,0,0,0,6,8,8,8,6,0,0,1,10,0
59,0,0,8,0,0,0,3,1,0,2,0,15,0,0,6,10,279,0,0,0,0,0,5,7,7,7,6,0,0,2,10,30
9,0,0,0,0,0,0,3,1,0,1,0,22,0,1,6,10,279,0,0,0,0,0,6,6,6,6,5,0,0,1,9,15
38,0,0,3,0,0,0,3,0,0,1,0,24,0,0,6,10,279,0,0,0,0,0,5,5,5,5,4,0,0,1,10,0
27,0,0,16,0,0,0,2,0,0,1,0,32,0,0,6,10,279,0,0,0,0,0,4,4,4,4,3,0,0,1,11,30
-30,0,0,10,0,0,0,2,0,0,0,0,33,0,0,6,10,279,0,0,0,0,0,3,3,3,3,3,0,0,2,10,45
-67,0,0,10,0,0,0,1,0,0,0,0,45,0,0,6,10,279,0,0,0,0,0,2,2,2,2,2,0,0,2,10,45
50,0,0,6,0,0,0,0,0,0,0,0,49,0,0,6,10,279,0,0,0,0,0,1,1,1,1,1,0,0,2,10,15
19,29,7,45,5,0,0,1,0,0,0,0,15,1,0,5,10,278,1,39,5,9,12,3,7,14,6,4,5,1,1,17,30
-5,29,7,44,4,0,0,1,0,0,0,14,1,0,0,5,10,278,1,39,6,9,12,2,7,13,5,4,5,1,1,17,15
63,26,4,39,4,0,1,1,0,0,2,6,9,0,0,5,10,278,2,35,5,5,11,5,9,13,7,6,5,1,2,16,30
12,25,4,34,5,0,0,2,0,0,2,13,2,0,0,5,10,278,2,33,3,5,10,6,10,13,8,6,4,2,2,16,0
-2,25,4,43,5,0,0,1,0,0,2,11,4,0,0,5,10,278,1,33,3,5,11,5,10,12,8,7,4,1,1,17,0
22,23,3,34,5,0,0,1,0,0,2,10,5,0,0,5,10,278,0,32,2,4,12,6,9,12,9,7,4,1,2,16,0
13,23,3,37,4,0,0,2,0,0,2,8,7,0,0,5,10,278,1,31,1,3,12,5,8,11,8,6,4,1,2,16,15
22,22,2,41,4,0,0,2,0,0,2,0,15,0,0,5,10,278,0,30,2,3,11,6,7,10,9,6,4,1,1,16,45
11,22,2,41,3,0,0,2,0,0,2,14,1,0,0,5,10,278,0,30,2,3,11,5,6,9,8,5,4,1,1,16,45
-30,22,3,39,3,0,0,2,0,0,1,7,8,0,0,5,10,278,0,30,2,4,11,5,5,9,7,4,4,1,2,16,30
-19,22,4,37,2,0,0,2,0,0,1,13,2,0,0,5,10,278,0,30,2,6,11,4,5,9,6,3,4,1,2,16,15
15,22,4,30,3,0,0,3,0,0,0,2,13,0,0,5,10,278,2,28,1,4,9,3,4,9,5,2,4,1,2,15,30
3,22,4,32,3,0,0,2,0,0,0,1,14,0,0,5,10,278,2,28,1,4,9,2,3,8,4,1,3,1,3,15,45
62,21,4,27,2,0,0,2,0,0,0,11,4,0,0,5,10,278,1,28,2,6,9,1,3,8,4,1,3,1,1,15,0
16,19,5,29,4,0,0,2,0,0,0,20,10,0,0,5,10,278,1,25,3,6,9,3,5,10,6,3,3,1,2,15,15
-24,18,4,34,3,0,0,3,0,0,0,0,30,0,0,5,10,278,1,24,5,5,13,2,5,10,6,3,2,1,2,16,0
17,17,3,24,3,0,1,3,0,0,0,21,9,0,0,5,10,278,2,22,3,3,12,3,6,10,6,4,2,0,1,14,0
30,15,3,25,3,0,1,4,0,0,1,10,5,0,0,5,10,278,2,19,0,2,13,4,7,15,8,5,2,0,1,14,30
-116,14,2,30,3,0,1,4,0,0,0,6,9,0,0,5,10,278,1,19,0,3,13,4,6,14,8,5,2,0,2,15,30
-36,14,2,27,2,0,1,4,0,0,0,4,11,0,0,5,10,278,1,19,2,8,14,4,6,15,7,4,2,0,1,15,0
1,14,2,26,2,0,1,3,0,0,0,0,15,0,0,5,10,278,1,19,2,8,16,4,5,16,6,4,2,0,2,14,45
28,14,3,21,1,0,1,3,0,0,0,6,9,0,0,5,10,278,0,19,3,9,16,3,5,15,6,3,2,0,1,13,15
57,14,4,18,2,0,0,3,0,0,0,9,6,0,0,5,10,278,1,18,5,9,16,2,9,15,5,3,2,2,1,12,45
29,12,4,23,3,0,0,2,0,0,0,3,12,0,0,5,10,278,0,17,6,10,15,2,8,14,6,4,2,2,1,13,30
84,12,7,13,7,0,1,2,0,0,0,7,8,0,0,5,10,278,3,11,2,6,11,7,9,17,8,5,2,2,1,12,0
-17,11,7,16,6,0,1,2,0,0,0,9,6,0,0,5,10,278,1,11,5,8,11,7,11,18,9,5,2,2,2,12,30
-10,10,7,16,7,0,0,2,0,0,0,4,11,0,0,5,10,278,1,10,5,7,10,6,10,17,9,4,1,2,2,12,30
100,10,7,18,7,0,0,1,0,0,0,2,13,0,0,5,10,278,1,10,5,7,10,5,9,17,8,4,1,1,1,12,45
-50,10,7,20,6,0,0,1,0,0,0,1,14,0,0,5,10,278,1,10,5,7,10,4,8,16,7,3,1,1,2,13,0
-18,10,7,21,7,0,0,0,0,0,0,11,4,0,0,5,10,278,2,9,4,7,9,3,7,15,6,2,0,1,1,13,15
49,10,7,12,6,0,0,0,0,0,0,11,4,0,0,5,10,278,2,9,4,7,9,2,6,14,5,2,0,0,2,11,45
-3,8,6,13,7,0,0,0,0,0,0,1,14,0,0,5,10,278,2,7,4,5,7,5,6,14,6,1,0,0,1,12,0
20,5,5,9,8,0,0,0,0,0,0,9,6,0,0,5,10,278,1,5,3,5,5,5,9,14,8,3,0,0,2,11,15
29,5,5,7,7,0,0,0,0,0,0,7,8,0,0,5,10,278,1,5,3,5,5,4,8,13,7,3,0,0,1,11,0
21,5,5,15,6,0,0,0,0,0,0,4,11,0,0,5,10,278,1,5,3,5,5,3,7,12,6,3,0,0,2,12,15
19,4,4,10,5,0,0,0,0,0,0,2,13,0,0,5,10,278,0,5,3,5,5,2,6,11,6,3,0,0,1,11,30
28,2,2,10,5,0,2,0,0,0,0,9,6,0,0,5,10,278,0,2,2,2,2,5,8,10,8,5,0,0,1,11,30
-294,2,2,32,6,0,1,0,0,0,0,5,10,0,0,5,10,278,1,1,1,1,1,6,8,9,7,5,0,0,3,15,45
24,1,1,3,6,0,0,0,0,0,0,4,11,0,0,5,10,278,0,1,1,1,1,5,7,8,7,5,0,0,1,10,15
59,0,0,3,5,0,0,1,0,0,0,10,5,0,0,5,10,278,0,0,0,0,0,5,7,7,7,5,0,0,1,10,15
51,0,0,5,4,0,0,1,0,0,0,10,5,0,0,5,10,278,0,0,0,0,0,4,6,6,6,4,0,0,1,10,30
63,0,0,1,3,0,0,1,0,0,0,14,1,0,0,5,10,278,0,0,0,0,0,4,5,5,5,3,0,0,2,10,0
36,0,0,7,2,0,0,1,0,0,0,11,4,0,0,5,10,278,0,0,0,0,0,3,4,4,4,2,0,0,1,11,0
34,0,0,0,1,0,0,1,0,0,0,3,12,0,1,5,10,278,0,0,0,0,0,2,3,3,3,2,0,0,2,9,45
6,0,0,6,0,0,0,1,0,0,0,0,9,0,0,5,10,278,0,0,0,0,0,2,2,2,2,1,0,0,2,10,45
18,0,0,1,0,0,0,0,0,0,0,0,34,0,0,5,10,278,0,0,0,0,0,1,1,1,1,1,0,0,2,10,0
13,36,3,49,0,0,0,0,0,0,0,11,0,1,0,4,10,277,0,49,2,4,10,1,1,4,1,0,6,1,1,17,30
32,33,5,47,2,0,0,1,0,0,0,4,11,0,0,4,10,277,1,45,5,6,12,3,3,8,3,1,6,0,1,16,45
20,33,5,48,2,0,0,2,0,0,0,9,6,0,0,4,10,277,2,43,3,6,11,2,4,8,3,2,6,2,1,17,0
87,32,5,38,2,0,0,2,0,0,0,0,15,0,0,4,10,277,2,42,3,6,11,1,3,7,3,3,6,2,3,15,30
26,28,4,40,2,0,1,2,1,0,0,1,14,0,0,4,10,277,1,39,4,6,14,3,5,10,6,5,5,2,2,15,45
24,28,4,43,2,0,1,1,2,0,0,10,5,0,0,4,10,277,1,38,4,6,13,3,5,10,6,5,4,1,1,16,0
-46,27,3,45,3,0,1,2,1,0,0,12,3,0,0,4,10,277,2,36,2,5,12,3,4,11,6,5,4,0,1,16,15
-1,26,5,46,4,0,1,2,1,0,0,13,2,0,0,4,10,277,2,34,1,6,12,3,5,13,7,4,4,1,1,16,30
23,25,4,38,4,0,0,2,1,0,0,3,12,0,0,4,10,277,1,34,2,7,14,2,4,14,7,4,4,1,3,15,30
1,24,3,35,3,0,0,3,1,0,0,14,1,0,0,4,10,277,1,33,5,8,14,3,5,13,7,4,4,1,1,15,0
55,24,5,35,3,0,0,4,1,0,0,41,4,0,0,4,10,277,2,31,6,7,14,3,7,13,7,4,4,2,1,15,0
38,22,4,33,4,0,0,4,1,0,0,35,10,0,0,4,10,277,2,29,4,7,12,2,6,12,8,4,3,2,2,14,45
26,21,5,31,4,0,0,5,2,0,0,16,29,0,0,4,10,277,1,26,2,6,12,5,10,13,11,5,3,3,2,14,30
67,21,6,25,5,0,0,4,2,0,0,1,44,0,0,4,10,277,2,25,3,6,13,4,9,13,10,4,3,3,1,13,0
14,21,6,43,4,0,0,4,2,0,0,13,2,0,0,4,10,277,2,25,3,6,14,6,8,12,9,3,3,3,1,16,0
-33,20,6,40,4,0,1,4,1,0,0,10,5,0,0,4,10,277,2,24,2,5,13,5,7,11,9,4,3,3,2,15,45
13,20,6,31,4,0,1,3,1,0,0,9,6,0,0,4,10,277,2,24,3,5,13,4,6,10,8,4,2,3,2,14,30
-20,18,6,29,5,0,2,2,1,0,0,1,14,0,0,4,10,277,2,22,3,7,14,5,6,13,9,4,1,2,2,14,15
39,18,6,28,4,0,2,2,1,0,0,0,15,0,0,4,10,277,2,22,3,7,14,4,5,13,8,3,1,1,2,13,30
-105,17,5,40,3,0,2,2,1,0,0,14,1,0,0,4,10,277,1,22,3,7,14,3,4,12,8,4,1,1,2,15,45
-49,16,5,37,4,0,2,1,1,0,0,8,7,0,0,4,10,277,1,21,2,6,14,3,4,15,8,4,0,1,2,15,15
-57,16,5,33,4,0,2,1,1,0,0,7,8,0,0,4,10,277,2,20,1,5,13,2,3,14,7,4,0,0,2,14,45
43,14,5,20,5,0,1,1,1,0,0,9,6,0,0,4,10,277,1,19,4,8,14,2,4,14,8,5,0,0,1,12,15
37,12,6,23,7,0,2,2,0,0,0,11,4,0,0,4,10,277,1,15,4,7,12,3,10,17,11,5,0,0,2,12,45
47,11,5,27,8,0,2,1,0,0,0,3,12,0,0,4,10,277,1,14,3,7,12,3,11,16,11,5,0,0,1,13,15
135,10,6,10,7,0,4,1,0,0,0,5,10,0,0,4,10,277,1,12,3,7,10,4,10,17,12,6,0,0,2,10,45
41,9,6,22,8,0,3,1,0,0,0,4,11,0,0,4,10,277,1,11,4,7,9,9,11,20,12,6,0,0,2,12,30
9,8,5,16,8,0,2,1,0,0,0,2,13,0,0,4,10,277,0,11,5,7,10,8,10,19,12,6,0,0,1,11,30
-63,8,5,25,8,0,2,1,0,0,0,13,2,0,0,4,10,277,0,10,4,7,9,7,11,18,12,6,0,0,1,13,0
87,8,6,12,9,0,2,1,0,0,0,1,14,0,0,4,10,277,2,8,3,5,8,6,11,17,11,6,0,0,2,11,0
-33,8,6,20,8,0,2,1,0,0,0,0,15,0,0,4,10,277,2,8,3,5,8,5,10,16,10,5,0,0,1,12,15
-122,7,6,29,7,0,2,1,0,0,0,13,2,0,0,4,10,277,1,8,3,5,8,5,9,15,10,6,0,0,2,14,15
42,7,6,23,6,0,2,1,0,0,0,12,3,0,0,4,10,277,1,8,3,5,8,4,8,14,9,5,0,0,2,12,45
37,6,5,18,6,0,2,1,0,0,0,10,5,0,0,4,10,277,1,7,2,4,7,3,7,13,9,4,0,0,1,11,45
46,6,5,19,5,0,2,1,0,0,0,10,5,0,0,4,10,277,1,7,2,4,7,2,6,12,8,4,0,0,2,12,0
-1,3,2,14,6,0,1,1,0,0,1,14,1,0,0,4,10,277,0,5,2,3,5,5,9,13,10,5,0,0,2,11,15
14,3,2,8,6,0,1,1,0,0,0,9,6,0,0,4,10,277,0,5,2,3,5,4,10,13,9,4,0,0,2,10,30
11,3,3,10,5,0,2,1,0,0,0,1,14,0,0,4,10,277,1,4,2,3,4,4,9,12,8,4,0,0,2,10,45
33,3,3,16,6,0,2,0,0,0,0,14,1,0,0,4,10,277,2,3,1,2,3,4,8,11,7,4,0,0,1,11,30
18,3,3,12,5,0,2,0,0,0,0,9,6,0,0,4,10,277,2,3,1,2,3,3,7,10,6,4,0,0,2,11,0
10,1,1,14,5,0,2,0,0,0,0,2,13,0,0,4,10,277,1,2,1,2,2,6,7,10,7,5,0,0,2,11,15
99,1,1,7,4,0,2,0,0,0,0,14,1,0,0,4,10,277,1,2,1,2,2,5,7,9,6,4,0,0,2,10,15
59,1,1,4,3,0,2,0,0,0,0,3,12,0,0,4,10,277,1,2,2,2,2,4,6,8,5,4,0,0,1,9,45
31,1,1,6,2,0,2,0,0,0,0,1,14,0,0,4,10,277,1,2,2,2,2,3,5,7,4,3,0,0,1,10,0
88,1,1,2,1,0,2,0,0,0,0,13,2,0,0,4,10,277,1,2,2,2,2,2,4,6,3,3,0,0,2,9,30
21,1,1,4,1,0,1,0,0,0,0,11,4,0,0,4,10,277,1,2,2,2,2,1,4,5,2,2,0,0,1,9,45
28,0,0,2,1,0,1,0,0,0,1,0,11,0,0,4,10,277,0,0,0,0,0,3,4,4,4,3,0,0,2,9,30
22,0,0,0,1,0,0,0,0,0,1,0,15,0,1,4,10,277,0,0,0,0,0,2,3,3,3,2,0,0,1,9,0
-15,0,0,1,0,0,0,0,0,0,1,0,33,0,0,4,10,277,0,0,0,0,0,2,2,2,2,1,0,0,2,9,15
-73,0,0,8,0,0,0,0,0,0,0,0,58,0,0,4,10,277,0,0,0,0,0,1,1,1,1,1,0,0,2,10,30
19,39,5,53,2,0,1,1,0,0,0,7,23,0,0,3,10,276,2,51,3,6,10,2,6,9,3,1,7,2,1,17,30
17,37,4,52,3,0,3,0,0,0,0,10,5,0,0,3,10,276,2,48,3,5,10,5,7,11,5,1,7,2,1,17,15
-49,35,3,55,3,0,2,0,0,0,1,14,1,1,0,3,10,276,1,47,3,5,10,6,6,11,6,2,6,2,1,18,15
59,34,3,45,4,0,2,0,0,0,1,4,11,0,0,3,10,276,2,45,2,4,9,5,6,11,6,2,6,1,1,16,30
9,34,3,49,4,0,1,0,0,0,1,1,14,0,0,3,10,276,2,45,2,4,9,4,5,10,5,2,6,1,1,17,0
63,34,3,49,4,0,0,0,0,0,1,14,1,0,0,3,10,276,2,45,2,4,10,3,4,9,4,1,5,1,1,17,0
95,34,4,43,3,0,0,0,0,0,1,5,10,0,0,3,10,276,2,45,2,4,10,2,3,9,3,1,5,0,3,16,15
22,34,4,45,3,0,0,0,0,0,0,3,12,0,0,3,10,276,2,45,2,5,10,1,2,8,2,0,5,0,1,16,30
-15,32,5,48,3,0,1,2,0,0,0,23,7,0,0,3,10,276,2,41,2,5,11,2,6,9,5,1,5,1,3,16,45
30,30,3,45,4,0,1,2,0,0,0,2,28,0,0,3,10,276,2,39,2,5,12,4,7,12,6,2,5,2,1,16,30
11,29,4,39,4,0,1,1,0,0,0,1,14,0,0,3,10,276,1,39,3,7,13,4,6,12,6,3,4,2,2,15,30
10,28,3,41,3,0,1,1,0,0,0,12,3,0,0,3,10,276,0,39,4,8,15,3,5,12,6,2,4,1,2,16,0
37,28,4,37,4,0,2,0,0,0,0,5,10,0,0,3,10,276,2,37,2,7,13,3,4,11,5,1,4,1,2,15,15
18,27,3,43,4,0,2,0,0,0,0,9,6,0,0,3,10,276,1,36,3,6,14,3,4,11,6,2,4,1,3,16,15
-64,27,3,49,5,0,1,0,0,0,0,8,7,0,0,3,10,276,1,35,5,7,14,2,5,12,6,3,3,2,1,17,0
13,27,3,35,5,0,1,0,0,0,0,2,13,0,0,3,10,276,1,34,4,7,14,2,6,11,6,3,3,1,2,15,0
14,24,3,30,6,0,1,2,0,0,0,4,11,0,0,3,10,276,1,30,3,6,14,4,7,12,9,5,3,1,2,14,15
-8,24,5,32,5,0,1,2,0,0,0,20,10,0,0,3,10,276,0,30,4,8,15,4,8,12,9,5,3,1,1,14,30
-175,24,5,54,5,0,0,2,0,0,0,19,11,0,0,3,10,276,0,30,4,8,15,3,7,12,8,5,2,1,1,18,0
-26,24,6,35,5,0,0,3,0,0,0,7,23,0,0,3,10,276,1,27,4,7,16,4,7,11,8,5,2,0,2,15,0
46,24,6,32,5,0,0,3,0,0,0,3,27,0,0,3,10,276,1,27,3,7,15,3,6,10,8,6,2,0,1,14,30
-29,22,6,37,5,0,0,3,0,0,0,2,13,0,0,3,10,276,0,26,4,8,16,5,6,12,9,6,2,0,2,15,15
64,22,6,27,5,0,0,2,0,0,0,1,14,0,0,3,10,276,0,26,5,8,16,4,5,12,8,5,2,0,1,13,15
37,20,6,28,5,0,1,1,0,0,1,14,1,0,0,3,10,276,0,24,5,8,15,3,6,17,9,6,2,0,1,13,30
-89,20,6,39,6,0,1,1,0,0,1,9,6,0,0,3,10,276,2,22,3,7,14,3,5,17,8,5,2,0,2,15,30
39,19,5,30,5,0,1,1,0,0,1,3,12,0,0,3,10,276,1,22,4,7,14,2,5,17,8,6,2,0,2,14,15
-22,18,7,29,6,0,1,2,0,0,1,12,3,0,0,3,10,276,2,19,3,7,12,3,5,18,9,7,2,1,2,14,0
5,16,5,26,6,0,3,2,0,0,0,13,2,0,0,3,10,276,2,17,3,7,12,3,7,18,10,6,2,1,1,13,0
47,14,5,24,5,0,3,3,0,0,0,3,12,0,0,3,10,276,1,16,4,7,13,2,10,17,11,7,2,2,1,12,45
35,14,5,24,5,0,3,3,0,0,0,4,11,0,0,3,10,276,2,15,5,7,12,4,13,18,10,6,2,2,1,12,45
42,11,4,15,8,0,2,3,0,0,0,3,12,0,0,3,10,276,2,12,3,5,11,9,14,19,12,6,1,2,1,11,30
45,11,5,21,8,0,1,3,0,0,0,12,3,0,0,3,10,276,1,12,4,5,11,10,13,18,12,5,1,1,2,12,15
19,11,5,18,8,0,0,3,0,0,0,12,3,0,0,3,10,276,0,12,4,5,11,9,12,18,12,4,1,1,2,11,45
24,11,5,22,8,0,0,4,0,0,0,1,14,0,0,3,10,276,2,10,2,5,10,9,12,18,11,3,1,1,2,12,30
-117,10,5,34,7,0,0,4,0,0,0,12,3,0,0,3,10,276,1,10,3,5,10,9,11,17,11,3,1,1,2,14,45
42,10,5,19,7,0,0,3,0,0,0,10,5,0,0,3,10,276,1,10,3,5,10,8,10,16,10,3,1,1,1,12,0
124,9,4,8,6,0,0,4,0,0,0,5,10,0,0,3,10,276,1,9,2,5,9,8,9,15,10,2,1,1,1,10,15
-145,9,4,41,6,0,0,3,0,0,0,4,11,0,0,3,10,276,1,9,2,5,9,7,8,14,9,2,0,1,2,16,0
25,9,4,14,5,0,0,3,0,0,0,3,12,0,0,3,10,276,1,9,2,6,9,6,7,13,8,1,0,0,3,11,15
13,9,4,12,4,0,0,3,0,0,0,2,13,0,0,3,10,276,1,9,2,6,9,5,6,12,7,1,0,0,1,11,0
-60,9,4,22,3,0,0,3,0,0,0,13,2,0,0,3,10,276,1,9,2,6,9,4,5,12,6,0,0,0,2,12,30
26,9,5,19,2,0,0,4,0,0,0,6,9,0,0,3,10,276,2,8,2,5,8,4,5,11,5,0,0,0,1,12,0
10,8,4,15,2,0,0,3,0,0,0,0,15,0,0,3,10,276,1,8,3,6,8,3,7,10,5,1,0,0,1,11,30
62,7,4,11,1,0,0,4,0,0,0,9,6,0,0,3,10,276,1,7,2,5,7,2,6,10,5,2,0,0,2,10,45
-3,6,5,15,0,0,0,5,0,0,0,7,8,0,0,3,10,276,1,6,3,5,6,2,7,11,5,3,0,0,1,11,30
48,5,5,6,1,0,0,5,0,0,1,10,5,0,0,3,10,276,2,3,2,3,3,5,7,11,6,3,0,0,2,10,0
8,4,4,12,1,0,0,4,0,0,1,6,9,0,0,3,10,276,1,3,2,3,3,5,6,10,6,2,0,0,1,11,0
41,4,4,6,2,0,0,3,0,0,1,3,12,0,0,3,10,276,2,2,2,2,2,4,5,9,5,2,0,0,2,10,0
-4,4,4,8,2,0,0,3,0,0,0,2,13,0,0,3,10,276,2,2,2,2,2,3,4,8,4,1,0,0,1,10,15
1,1,1,10,3,0,0,2,0,0,0,12,3,0,0,3,10,276,0,1,1,1,1,3,6,7,6,2,0,0,1,10,30
30,1,1,4,3,0,0,1,0,0,0,9,6,0,0,3,10,276,0,1,1,1,1,2,5,6,5,1,0,0,2,9,45
38,0,0,0,3,0,0,1,0,0,0,0,1,0,1,3,10,276,0,0,0,0,0,4,5,5,5,2,0,0,1,9,0
8,0,0,4,3,0,0,0,0,0,0,0,20,0,0,3,10,276,0,0,0,0,0,4,4,4,4,2,0,0,2,9,45
12,0,0,2,2,0,0,0,0,0,0,0,22,0,0,3,10,276,0,0,0,0,0,3,3,3,3,2,0,0,2,9,30
2,0,0,1,1,0,0,0,0,0,0,0,29,0,0,3,10,276,0,0,0,0,0,2,2,2,2,1,0,0,2,9,15
2,0,0,2,0,0,0,0,0,0,0,0,48,0,0,3,10,276,0,0,0,0,0,1,1,1,1,0,0,0,2,9,30
=======
Wait,DelayCount,DelayCountLastHour,AheadCount,ThoracicCount,PediatricCount,NeuroCount,AbdominalCount,VascularCount,CardiacCount,MSKCount,BeforeSlot,AfterSlot,IsLast,IsFirst,DayOfWeek,Month,DayOfYear,InProgressSize,NumCompletedToday,NumCompletedInLastW1,NumCompletedInLastW2,NumCompletedInLastW3,NumCustomersInLastW1,NumCustomersInLastW2,NumCustomersInLastW3,OutpatientWaitingCount,MalesWaitingCount,NumAddOnsToday,NumAddOnsLastW2,NumScheduledNextSlot,x_ScheduledHour,x_ScheduledMinute
0,15,2,42,4,0,0,1,1,0,1,2,13,1,0,4,7,212,1,35,3,6,10,3,8,12,7,3,4,2,0,17,45
-3,15,3,38,4,0,0,1,1,0,1,8,7,0,0,4,7,212,2,34,3,5,11,3,7,11,6,2,4,1,2,17,15
-25,15,4,40,3,0,0,2,1,0,1,14,1,0,0,4,7,212,3,33,3,6,11,3,6,11,5,1,4,1,1,17,30
36,14,3,35,4,0,0,1,1,0,1,1,14,0,0,4,7,212,2,32,3,5,11,5,6,12,6,3,3,1,2,16,45
-21,14,3,38,4,0,1,1,0,0,1,4,11,0,0,4,7,212,1,31,3,5,10,4,7,13,7,4,3,0,2,17,15
63,14,3,33,4,0,1,2,0,0,0,12,3,0,0,4,7,212,2,30,3,4,9,3,7,12,6,4,3,0,1,16,30
4,13,2,31,3,0,1,2,0,0,0,8,7,0,0,4,7,212,1,30,3,4,9,2,6,13,6,4,3,0,2,16,15
-4,13,2,31,2,0,1,2,0,0,1,3,12,0,0,4,7,212,2,29,2,4,8,2,5,12,5,3,3,0,2,16,15
-41,11,1,36,4,0,1,1,0,0,1,3,12,0,0,4,7,212,2,27,2,6,7,4,6,12,6,3,3,0,2,17,0
4,11,2,40,4,0,1,1,0,0,1,9,6,0,0,4,7,212,1,26,3,5,8,3,7,12,7,2,3,0,1,17,30
-56,11,2,36,3,0,1,1,0,0,1,7,8,0,0,4,7,212,1,26,3,5,8,2,7,11,6,2,3,0,2,17,0
12,11,2,29,3,0,0,1,0,0,1,14,1,0,0,4,7,212,1,26,4,5,8,2,6,10,5,2,3,0,1,15,45
1,11,2,28,4,0,0,2,0,0,1,6,9,0,0,4,7,212,4,23,2,2,6,5,8,10,4,1,3,1,1,15,30
-81,10,1,33,4,0,0,2,0,0,1,7,8,0,0,4,7,212,2,22,1,2,7,6,7,10,6,1,3,1,1,16,30
-84,10,1,30,3,0,0,3,0,0,1,3,12,0,0,4,7,212,3,21,0,1,6,5,6,9,5,1,3,1,2,16,0
25,9,1,26,3,0,0,3,0,0,0,58,2,0,0,4,7,212,2,21,0,2,8,5,5,9,5,1,3,1,1,15,15
-2,9,1,26,2,0,0,3,0,0,0,52,8,0,0,4,7,212,2,21,0,3,8,4,5,10,4,1,3,1,1,15,15
2,9,2,21,1,0,0,3,0,0,0,42,18,0,0,4,7,212,1,21,1,3,9,3,4,11,4,1,3,1,3,14,30
2,9,2,20,0,0,0,3,0,0,0,40,20,0,0,4,7,212,1,21,1,3,9,2,3,10,3,0,3,1,1,14,15
-21,9,2,22,0,0,0,2,0,0,0,29,31,0,0,4,7,212,1,21,2,4,9,1,3,10,2,0,2,1,1,14,45
-39,8,2,22,1,0,0,1,0,0,1,12,3,0,0,4,7,212,2,19,2,6,11,2,4,10,2,0,2,1,1,14,45
-115,7,1,25,1,0,0,1,0,0,1,23,7,0,0,4,7,212,1,18,3,6,10,2,7,11,3,1,2,2,2,15,0
2,7,1,18,2,0,0,1,0,0,0,1,29,0,0,4,7,212,0,17,5,6,11,4,8,13,4,0,1,2,1,13,15
-27,6,0,16,3,0,0,2,0,0,1,0,15,0,0,4,7,212,3,13,1,4,9,6,7,12,4,1,1,1,2,13,0
-15,6,0,14,3,0,0,2,0,0,0,8,7,0,0,4,7,212,2,13,1,5,9,6,6,11,4,1,1,1,2,12,30
-113,6,0,22,3,0,0,1,0,0,0,7,8,0,0,4,7,212,2,13,1,5,9,5,5,10,3,1,1,1,1,14,45
6,6,2,16,3,0,0,1,0,0,0,0,15,0,0,4,7,212,3,12,1,4,9,4,5,9,2,1,1,1,2,13,0
3,6,2,11,3,0,0,0,0,0,0,13,2,0,0,4,7,212,3,12,1,4,9,3,5,8,1,1,0,1,2,12,15
-34,6,2,14,2,0,0,0,0,0,0,2,13,0,0,4,7,212,0,12,3,5,10,2,5,7,3,1,0,0,2,12,30
-10,6,2,10,1,0,0,0,0,0,0,10,5,0,0,4,7,212,0,12,4,5,11,1,5,6,2,1,0,0,3,12,0
-120,4,3,18,3,0,0,0,0,0,1,0,30,0,0,4,7,212,0,8,2,5,7,5,5,6,5,2,0,0,1,13,15
-18,4,3,11,2,0,0,0,0,0,1,0,30,0,0,4,7,212,0,8,2,5,7,4,4,5,4,2,0,0,2,12,15
-14,4,4,8,2,0,0,0,0,0,1,19,11,0,0,4,7,212,1,7,2,5,7,3,3,6,3,2,0,0,1,11,30
35,4,4,6,2,0,0,0,0,0,0,16,14,0,0,4,7,212,1,7,2,5,7,2,2,5,2,2,0,0,1,10,30
5,4,4,7,1,0,0,0,0,0,0,5,25,0,0,4,7,212,0,7,3,6,7,1,2,5,2,1,0,0,1,11,0
4,0,0,5,5,0,0,1,0,0,0,8,7,0,0,4,7,212,1,1,0,1,1,1,4,8,6,3,0,0,1,10,15
25,0,0,4,5,0,0,1,0,0,0,0,4,0,0,4,7,212,1,0,0,0,0,5,5,7,6,3,0,0,1,10,0
-99,0,0,11,4,0,0,1,0,0,0,0,6,0,0,4,7,212,1,0,0,0,0,4,4,6,5,2,0,0,2,12,15
-8,0,0,0,3,0,0,1,0,0,0,0,21,0,1,4,7,212,0,0,0,0,0,3,5,5,5,3,0,0,1,9,0
33,0,0,2,2,0,0,1,0,0,0,0,28,0,0,4,7,212,0,0,0,0,0,2,4,4,4,2,0,0,1,9,30
35,0,0,1,1,0,0,1,0,0,0,0,33,0,0,4,7,212,0,0,0,0,0,1,3,3,3,1,0,0,1,9,15
-121,0,0,9,0,0,0,1,0,0,0,0,70,0,0,4,7,212,0,0,0,0,0,2,2,2,2,1,0,0,1,11,45
-15,0,0,3,0,0,0,0,0,0,0,0,72,0,0,4,7,212,0,0,0,0,0,1,1,1,1,1,0,0,1,9,45
-25,19,0,55,0,0,0,0,0,0,1,0,15,1,0,3,7,211,1,54,4,7,14,2,3,10,1,1,3,2,1,18,0
-11,19,0,52,2,0,0,0,0,0,0,13,2,0,0,3,7,211,2,52,3,6,15,2,5,11,1,0,3,1,1,17,30
-27,19,0,49,3,0,0,1,0,0,0,3,12,0,0,3,7,211,3,49,3,7,15,4,6,12,2,2,2,1,2,17,15
-23,19,0,52,4,0,0,1,0,0,0,13,2,0,0,3,7,211,2,47,3,8,15,3,8,13,4,2,2,0,1,17,30
-31,19,1,47,3,0,0,1,0,0,0,8,7,0,0,3,7,211,1,47,3,8,15,3,8,12,4,2,2,0,3,17,0
-76,19,1,54,2,0,0,1,0,0,0,6,9,0,0,3,7,211,1,47,4,8,15,3,7,12,3,2,2,0,1,17,45
-17,19,4,44,3,0,1,1,0,0,0,12,3,0,0,3,7,211,2,44,5,9,17,5,7,15,4,2,2,0,1,16,30
-20,19,4,47,3,0,1,1,0,0,0,6,9,0,0,3,7,211,2,43,4,9,17,5,7,14,4,2,2,0,3,17,0
-77,19,4,49,3,0,1,1,0,0,0,8,7,0,0,3,7,211,2,42,6,10,16,4,8,14,4,2,2,0,2,17,15
-19,19,5,46,3,0,2,1,0,0,0,4,11,0,0,3,7,211,3,40,5,8,15,3,7,14,4,2,2,0,2,16,45
-16,19,5,41,3,0,1,1,0,0,0,0,15,0,0,3,7,211,3,40,5,8,15,2,6,13,3,1,2,0,1,16,0
-46,18,4,43,3,0,0,2,0,0,0,9,6,0,0,3,7,211,2,39,5,7,14,3,5,12,4,2,2,0,2,16,15
-37,15,1,44,5,0,1,2,0,0,0,13,2,0,0,3,7,211,1,35,3,8,14,4,8,12,8,3,2,0,1,16,30
-38,15,1,41,6,0,1,1,0,0,0,9,6,0,0,3,7,211,1,34,2,7,13,3,8,11,8,2,2,0,1,16,0
-140,15,2,49,6,0,0,2,0,0,0,14,1,0,0,3,7,211,2,33,6,7,12,4,8,10,7,1,2,0,2,17,15
-8,15,2,40,7,0,0,1,0,0,0,8,7,0,0,3,7,211,3,32,5,6,11,4,7,9,6,1,2,0,2,15,45
14,14,3,34,6,0,0,1,0,0,0,8,7,0,0,3,7,211,1,32,6,8,13,5,7,10,7,1,2,0,1,14,45
12,14,3,37,5,0,0,1,0,0,0,3,12,0,0,3,7,211,1,31,6,8,13,5,7,11,6,1,2,0,1,15,15
11,14,4,36,7,0,0,1,0,0,2,43,2,0,0,3,7,211,6,27,1,5,8,4,6,10,5,1,2,0,2,15,0
63,14,4,32,6,0,0,1,0,0,2,32,13,0,0,3,7,211,6,27,2,5,9,4,5,11,4,1,2,0,1,14,15
-45,14,4,37,5,0,0,1,0,0,2,28,17,0,0,3,7,211,5,27,2,6,9,3,4,10,4,1,2,0,1,15,15
-31,13,4,39,4,0,0,2,0,0,2,19,26,0,0,3,7,211,5,26,2,5,8,3,3,12,4,1,2,0,1,15,30
-45,13,4,34,5,0,0,1,0,0,2,4,41,0,0,3,7,211,6,25,3,5,8,2,3,13,3,0,2,0,1,14,45
6,11,4,33,5,0,0,1,0,0,2,4,11,0,0,3,7,211,5,24,3,5,9,1,4,13,4,2,2,1,2,14,30
25,9,3,28,6,0,1,2,0,0,1,6,9,0,0,3,7,211,4,21,2,4,10,6,10,17,7,5,2,1,1,13,0
67,9,3,26,6,0,2,2,0,0,0,1,14,0,0,3,7,211,4,20,2,3,9,5,10,16,7,4,1,2,2,12,45
-7,8,2,26,6,0,1,2,0,0,1,7,8,0,0,3,7,211,4,19,1,3,10,6,10,15,7,4,1,1,2,12,45
60,7,1,24,6,0,1,1,0,0,1,4,11,0,0,3,7,211,3,19,1,4,10,6,9,14,7,3,1,1,2,12,30
52,7,3,18,5,0,1,1,0,0,1,10,5,0,0,3,7,211,3,19,2,5,11,6,8,13,6,2,1,1,2,11,30
22,7,3,21,5,0,0,1,0,0,1,7,8,0,0,3,7,211,3,19,2,7,12,5,7,13,5,2,1,1,2,12,0
18,6,3,28,5,0,0,1,0,0,1,12,3,0,0,3,7,211,3,18,2,6,11,5,8,12,5,3,1,1,1,13,0
-57,6,3,31,4,0,0,1,0,0,1,11,4,0,0,3,7,211,3,18,2,6,11,4,7,11,4,2,1,1,1,13,30
23,6,3,24,4,0,0,0,0,0,1,4,11,0,0,3,7,211,2,18,3,6,11,4,7,10,4,2,1,1,2,12,30
-10,6,3,30,4,0,0,0,0,0,1,11,4,0,0,3,7,211,2,17,3,6,10,3,8,10,4,2,1,1,1,13,15
18,6,3,19,4,0,0,0,0,0,0,4,11,0,0,3,7,211,2,17,5,6,12,3,7,9,3,2,0,1,1,11,45
-20,6,3,22,4,0,0,0,0,0,0,11,4,0,0,3,7,211,2,16,4,7,12,3,6,10,3,2,0,0,2,12,15
-18,4,3,19,5,0,1,1,0,0,0,6,9,0,0,3,7,211,3,12,1,5,11,5,6,9,5,3,0,0,1,11,45
-28,3,2,22,4,0,1,1,0,0,0,13,2,0,0,3,7,211,2,12,3,5,11,4,5,9,5,2,0,0,2,12,15
0,3,2,16,3,0,1,1,0,0,0,8,7,0,0,3,7,211,2,12,3,5,12,3,4,9,4,1,0,0,1,11,15
-9,3,2,14,3,0,0,1,1,0,0,13,2,0,0,3,7,211,1,11,3,4,11,2,4,8,5,2,0,0,2,11,0
-9,3,2,16,2,0,0,1,1,0,0,12,3,0,0,3,7,211,1,11,3,4,11,1,3,7,4,2,0,0,1,11,15
18,1,0,13,5,0,0,0,1,0,0,9,6,0,0,3,7,211,1,8,2,6,8,2,4,13,6,3,0,0,2,10,45
-15,1,1,14,4,0,0,1,1,0,0,2,13,0,0,3,7,211,1,7,3,7,7,3,5,14,6,3,0,0,2,11,0
44,1,1,11,5,0,0,1,1,0,0,3,12,0,0,3,7,211,2,5,4,5,5,2,7,13,6,3,0,0,1,10,30
-5,1,1,11,6,0,0,1,0,0,0,13,2,0,0,3,7,211,3,4,3,4,4,2,7,12,5,3,0,0,1,10,30
28,1,1,6,8,0,0,1,0,0,0,2,13,0,0,3,7,211,3,1,1,1,1,5,10,11,7,4,0,0,1,9,45
0,0,0,9,8,0,0,1,0,0,0,0,4,0,0,3,7,211,2,0,0,0,0,6,10,10,8,5,0,0,2,10,15
-20,0,0,8,8,0,0,0,0,0,0,0,22,0,0,3,7,211,0,0,0,0,0,7,9,9,9,4,0,0,2,10,0
-16,0,0,4,7,0,0,0,0,0,0,0,23,0,0,3,7,211,0,0,0,0,0,6,8,8,8,3,0,0,2,9,30
-13,0,0,9,6,0,0,0,0,0,0,0,24,0,0,3,7,211,0,0,0,0,0,5,7,7,7,3,0,0,2,10,15
-20,0,0,2,5,0,0,0,0,0,0,0,29,0,0,3,7,211,0,0,0,0,0,5,6,6,6,3,0,0,2,9,15
-16,0,0,2,4,0,0,0,0,0,0,0,34,0,0,3,7,211,0,0,0,0,0,5,5,5,5,3,0,0,2,9,15
1,0,0,0,3,0,0,0,0,0,0,0,39,0,1,3,7,211,0,0,0,0,0,4,4,4,4,3,0,0,2,9,0
-16,0,0,0,2,0,0,0,0,0,0,0,44,0,1,3,7,211,0,0,0,0,0,3,3,3,3,2,0,0,2,9,0
-23,0,0,6,1,0,0,0,0,0,0,0,57,0,0,3,7,211,0,0,0,0,0,2,2,2,2,2,0,0,1,9,45
-17,0,0,4,0,0,0,0,0,0,0,0,61,0,0,3,7,211,0,0,0,0,0,1,1,1,1,1,0,0,2,9,30
-1,23,0,53,2,0,0,0,0,0,0,6,39,0,0,2,7,210,0,54,0,3,10,2,3,7,3,1,9,0,1,17,15
9,23,0,53,1,0,0,0,0,0,0,1,44,0,0,2,7,210,0,54,0,4,12,1,2,6,2,1,9,0,1,17,15
42,23,2,50,0,0,0,0,0,0,0,9,6,0,0,2,7,210,0,54,5,8,14,2,4,7,1,0,9,0,1,16,15
-12,23,2,48,1,0,2,0,0,0,0,0,15,0,0,2,7,210,1,50,4,8,15,3,4,12,3,2,9,1,2,16,0
-14,22,1,47,3,0,2,0,0,0,0,2,13,0,0,2,7,210,2,47,2,6,12,2,4,12,4,1,9,1,2,15,45
-70,22,2,52,3,0,1,0,1,0,0,9,6,0,0,2,7,210,3,46,2,5,12,2,3,11,3,1,9,1,2,16,30
38,21,1,41,4,0,0,0,1,0,0,10,5,0,0,2,7,210,1,45,4,7,17,2,7,12,5,2,8,3,1,14,30
-26,21,2,48,4,0,0,1,2,0,0,8,7,0,0,2,7,210,3,42,3,7,15,2,8,14,5,3,8,3,2,16,0
-183,20,4,55,4,0,1,1,2,0,0,25,20,0,0,2,7,210,2,40,5,9,16,7,9,19,7,5,7,3,1,17,45
-11,20,4,39,5,0,0,1,2,0,0,22,23,0,0,2,7,210,3,39,4,9,15,7,8,18,6,4,6,2,2,14,15
-36,20,4,46,4,0,0,1,2,0,0,20,25,0,0,2,7,210,3,39,4,9,16,6,7,17,5,3,6,1,1,15,30
-40,20,5,44,3,0,0,1,2,0,0,19,26,0,0,2,7,210,3,39,4,9,16,5,6,16,4,3,6,1,1,15,0
-102,20,5,50,3,0,0,1,2,0,0,13,32,0,0,2,7,210,3,38,4,8,16,4,6,15,4,3,6,1,1,16,15
76,20,6,33,3,0,0,0,2,0,0,5,40,0,0,2,7,210,2,38,6,10,17,3,7,14,4,3,5,2,1,13,0
36,20,6,43,2,0,0,0,2,0,0,4,41,0,0,2,7,210,2,38,6,10,17,2,6,13,3,2,5,1,1,14,45
-43,19,5,41,1,0,2,0,3,0,0,8,7,0,0,2,7,210,4,35,5,8,17,2,6,14,3,3,5,1,1,14,30
-37,17,4,39,4,0,2,0,2,0,1,1,14,0,0,2,7,210,4,31,3,6,16,4,9,17,6,5,5,2,2,14,15
11,15,2,33,4,0,2,0,2,0,1,1,14,0,0,2,7,210,3,30,4,7,19,4,10,18,7,5,5,2,1,13,0
-280,14,2,56,4,0,1,1,3,0,1,8,7,1,0,2,7,210,3,28,3,7,18,5,9,17,8,6,4,2,2,18,0
2,14,2,37,4,0,1,1,2,0,1,5,10,0,0,2,7,210,3,28,3,7,18,5,8,16,7,5,4,1,1,13,15
59,14,2,28,3,0,1,1,2,0,1,14,1,0,0,2,7,210,3,28,3,8,18,6,9,16,6,5,4,1,2,12,30
20,13,3,28,6,0,1,1,2,0,0,10,5,0,0,2,7,210,3,25,3,10,19,6,10,16,8,4,4,2,2,12,30
-28,13,3,38,6,0,0,1,2,0,0,9,6,0,0,2,7,210,3,25,3,10,19,5,9,15,7,3,4,2,2,13,30
38,13,3,24,5,0,0,1,2,0,0,6,9,0,0,2,7,210,2,25,4,10,19,4,9,14,7,3,4,3,1,12,0
-16,13,4,33,4,0,0,1,2,0,0,1,14,0,0,2,7,210,2,25,4,10,19,4,9,13,6,2,3,3,1,13,0
25,13,4,28,3,0,0,1,2,0,0,14,1,0,0,2,7,210,2,25,5,12,19,4,8,12,5,1,3,2,2,12,30
-33,13,4,31,3,0,0,1,2,0,0,13,2,0,0,2,7,210,3,24,5,11,18,3,7,12,4,1,3,2,4,12,45
68,12,5,18,4,0,0,3,1,0,0,3,12,0,0,2,7,210,3,21,6,11,17,6,8,18,6,2,3,2,2,11,15
-6,12,6,27,3,0,0,3,1,0,0,1,14,0,0,2,7,210,3,21,8,11,18,5,8,17,5,2,3,2,3,12,15
-23,12,7,31,6,0,0,2,1,0,0,4,11,0,0,2,7,210,4,18,7,9,16,5,7,18,6,2,3,2,4,12,45
-21,12,7,22,7,0,0,1,1,0,0,0,15,0,0,2,7,210,5,17,6,10,15,5,6,17,5,2,2,2,3,11,45
28,10,5,13,8,0,0,1,1,0,0,8,7,0,0,2,7,210,4,15,5,9,14,4,6,16,7,4,1,1,2,10,45
-9,9,4,24,7,0,0,1,1,0,0,4,11,0,0,2,7,210,3,15,5,9,15,3,5,15,7,3,1,0,1,12,0
30,8,5,18,9,0,0,1,1,0,0,9,6,0,0,2,7,210,4,12,3,7,12,3,5,15,8,4,1,0,2,11,15
-7,8,5,24,10,0,0,1,0,0,0,1,14,0,0,2,7,210,4,11,2,7,11,2,6,14,8,3,1,1,1,12,0
-94,6,3,33,10,0,0,1,0,0,0,1,14,0,0,2,7,210,2,10,4,7,10,2,10,17,10,4,1,1,1,13,0
31,5,3,9,12,0,0,1,0,0,0,11,4,0,0,2,7,210,3,7,3,6,7,5,11,18,11,5,1,1,2,10,15
15,4,4,16,12,0,0,1,0,0,0,14,1,0,0,2,7,210,1,6,4,6,6,8,11,17,13,5,1,1,2,11,0
-19,3,3,20,13,0,0,1,0,0,0,5,10,0,0,2,7,210,2,4,2,4,4,9,10,17,13,5,0,1,2,11,30
27,3,3,11,12,0,0,1,0,0,0,3,12,0,0,2,7,210,2,4,2,4,4,8,9,17,12,5,0,0,3,10,30
-35,3,3,13,11,0,0,1,0,0,0,13,2,0,0,2,7,210,2,4,2,4,4,7,8,17,11,5,0,0,2,10,45
-20,3,3,11,10,0,0,1,0,0,0,9,6,0,0,2,7,210,1,4,3,4,4,6,7,16,11,5,0,0,3,10,30
3,3,3,8,9,0,0,1,0,0,0,6,9,0,0,2,7,210,1,4,4,4,4,5,6,15,10,5,0,0,2,10,0
52,3,3,4,9,0,0,0,0,0,0,5,10,0,0,2,7,210,1,4,4,4,4,4,6,14,9,4,0,0,2,9,30
19,3,3,13,8,0,0,0,0,0,0,4,11,0,0,2,7,210,1,4,4,4,4,3,6,13,8,3,0,0,2,10,45
-57,3,3,22,8,0,0,0,1,0,0,13,2,0,0,2,7,210,3,2,2,2,2,3,7,12,7,3,0,0,3,11,45
17,3,3,9,7,0,0,0,1,0,0,11,4,0,0,2,7,210,3,2,2,2,2,2,6,11,6,3,0,0,2,10,15
-27,0,0,16,8,0,0,0,1,0,0,1,14,0,0,2,7,210,0,0,0,0,0,5,7,10,10,4,0,0,2,11,0
25,0,0,4,7,0,0,0,1,0,0,0,24,0,0,2,7,210,0,0,0,0,0,6,9,9,9,4,0,0,2,9,30
7,0,0,2,6,0,0,0,1,0,0,0,25,0,0,2,7,210,0,0,0,0,0,5,8,8,8,3,0,0,2,9,15
-74,0,0,20,5,0,0,0,1,0,0,0,27,0,0,2,7,210,0,0,0,0,0,4,7,7,7,3,0,0,2,11,30
2,0,0,0,4,0,0,0,1,0,0,0,28,0,1,2,7,210,0,0,0,0,0,3,6,6,6,2,0,0,2,9,0
-9,0,0,2,3,0,0,0,1,0,0,0,34,0,0,2,7,210,0,0,0,0,0,2,5,5,5,2,0,0,2,9,15
8,0,0,0,3,0,0,0,0,0,0,0,36,0,1,2,7,210,0,0,0,0,0,1,4,4,4,1,0,0,2,9,0
-22,0,0,6,2,0,0,0,0,0,0,0,69,0,0,2,7,210,0,0,0,0,0,3,3,3,3,1,0,0,1,9,45
-258,0,0,45,1,0,0,0,0,0,0,0,70,0,0,2,7,210,0,0,0,0,0,2,2,2,2,1,0,0,1,15,15
-5,0,0,6,0,0,0,0,0,0,0,0,73,0,0,2,7,210,0,0,0,0,0,1,1,1,1,0,0,0,1,9,45
-30,40,5,57,3,0,2,1,0,0,0,9,6,1,0,6,7,207,2,51,4,8,16,3,6,12,5,3,6,2,2,17,45
10,40,5,54,4,0,1,1,0,0,0,6,9,0,0,6,7,207,3,50,3,8,15,2,5,11,4,3,6,1,2,17,15
-40,40,7,55,4,0,2,1,0,0,0,10,5,0,0,6,7,207,3,48,4,7,14,4,5,10,5,4,6,1,1,17,30
-5,38,8,51,5,0,1,2,0,0,0,1,14,0,0,6,7,207,2,46,5,8,15,4,7,12,7,5,5,1,1,16,45
9,38,8,55,4,0,1,2,0,0,0,0,15,0,0,6,7,207,2,46,5,8,15,3,6,11,6,4,5,0,1,17,30
21,38,8,53,4,0,2,1,0,0,0,13,2,0,0,6,7,207,3,45,4,7,14,2,5,10,5,4,5,0,1,17,0
33,35,6,49,4,0,2,1,1,0,1,5,10,0,0,6,7,207,3,42,4,7,12,4,6,13,7,3,5,0,2,16,30
7,33,4,48,3,0,3,1,1,0,1,10,5,0,0,6,7,207,2,41,4,7,11,3,5,13,8,3,5,0,2,16,15
8,32,4,46,2,0,3,2,1,0,1,5,10,0,0,6,7,207,2,40,4,7,10,2,6,13,8,4,5,1,1,16,0
37,31,3,46,1,0,3,2,1,0,1,4,11,0,0,6,7,207,1,40,4,7,10,1,6,12,8,4,5,1,1,16,0
10,30,5,44,2,0,2,5,1,0,1,2,13,0,0,6,7,207,2,36,3,5,11,5,7,13,10,4,5,2,2,15,45
18,29,4,42,2,0,2,6,1,0,0,12,3,0,0,6,7,207,2,35,2,4,10,4,6,12,10,4,5,2,2,15,30
36,28,4,38,3,0,2,7,0,0,0,6,9,0,0,6,7,207,2,33,2,3,10,5,9,12,11,4,5,2,2,15,0
34,28,4,38,3,0,1,7,0,0,0,6,9,0,0,6,7,207,2,33,2,3,10,4,8,11,10,3,4,2,2,15,0
34,28,4,40,3,0,0,7,0,0,0,5,10,0,0,6,7,207,2,33,2,3,10,3,7,10,9,3,4,1,2,15,15
-10,26,4,51,3,0,0,8,0,0,0,39,6,0,0,6,7,207,2,31,1,4,11,5,7,10,10,5,3,2,1,16,45
22,26,5,44,3,0,0,7,0,0,0,38,7,0,0,6,7,207,2,31,1,4,11,5,7,9,9,4,3,1,2,15,45
15,25,5,36,2,0,0,7,0,0,0,26,19,0,0,6,7,207,1,31,2,6,11,5,6,9,9,4,3,1,2,14,45
7,25,5,35,1,0,0,7,0,0,0,26,19,0,0,6,7,207,1,31,2,6,11,4,5,8,8,4,3,1,2,14,30
37,24,5,36,1,0,0,7,0,0,0,16,29,0,0,6,7,207,1,30,3,6,11,3,4,11,8,5,3,1,2,14,45
-9,24,6,40,1,0,0,6,0,0,0,8,37,0,0,6,7,207,1,30,3,7,12,2,4,10,7,5,3,1,2,15,15
-98,23,5,49,1,0,0,5,0,0,0,2,43,0,0,6,7,207,0,30,5,8,12,2,3,10,7,4,2,1,2,16,30
12,22,7,34,2,0,0,6,0,0,0,8,22,0,0,6,7,207,2,27,4,7,13,2,3,11,7,4,2,1,1,14,15
36,19,4,33,3,0,0,6,1,0,0,1,14,0,0,6,7,207,2,24,3,5,13,2,7,14,9,3,2,1,1,13,30
87,17,3,30,4,0,0,7,1,0,0,5,10,0,0,6,7,207,2,21,2,5,14,3,9,16,11,5,1,1,1,13,0
36,15,2,23,4,0,0,7,1,0,0,5,10,0,0,6,7,207,1,20,2,6,15,5,9,17,12,4,1,0,2,12,15
-21,15,4,42,5,0,0,6,1,0,0,5,10,0,0,6,7,207,1,19,3,8,16,7,11,19,12,5,1,1,2,15,30
50,15,4,30,5,0,0,5,1,0,0,4,11,0,0,6,7,207,1,19,3,8,16,6,10,18,11,5,1,1,1,13,0
-57,15,4,30,4,0,0,5,1,0,0,4,11,0,0,6,7,207,1,19,4,8,16,5,9,17,10,4,1,1,1,13,0
38,15,4,25,3,0,0,5,1,0,0,3,12,0,0,6,7,207,1,19,4,8,17,4,8,16,9,3,1,1,3,12,30
46,15,6,21,4,0,0,5,0,0,0,3,12,0,0,6,7,207,1,18,4,9,17,4,7,15,9,3,1,1,2,12,0
30,14,5,27,5,0,0,4,0,0,0,0,15,0,0,6,7,207,1,17,4,8,16,4,7,14,9,2,1,1,3,12,45
63,14,5,25,5,0,0,3,0,0,0,12,3,0,0,6,7,207,1,17,4,8,17,4,6,13,8,1,1,1,3,12,30
69,13,6,15,7,0,0,3,0,0,0,6,9,0,0,6,7,207,2,14,5,9,14,4,9,18,9,2,1,1,2,11,0
15,12,6,23,6,0,1,3,0,0,0,1,14,0,0,6,7,207,2,13,4,9,13,4,9,18,9,2,1,1,2,12,15
17,12,6,27,6,0,1,2,0,0,0,14,1,0,0,6,7,207,2,13,4,9,13,3,8,17,8,2,0,1,3,12,45
18,11,6,21,7,0,1,1,0,0,0,6,9,0,0,6,7,207,1,12,4,8,12,3,9,17,9,4,0,0,2,12,0
2,9,6,15,8,0,1,2,0,0,0,3,12,0,0,6,7,207,2,9,5,8,9,6,8,17,10,5,0,0,2,11,0
-17,8,6,27,8,0,1,2,0,0,0,9,6,0,0,6,7,207,2,8,4,8,8,7,7,18,10,5,0,0,3,12,45
-7,8,6,20,7,0,1,2,0,0,0,5,10,0,0,6,7,207,1,8,5,8,8,6,7,17,10,4,0,0,2,11,45
-6,7,7,17,8,0,1,2,0,0,0,11,4,0,0,6,7,207,2,6,4,6,6,5,8,18,10,4,0,0,1,11,15
2,7,7,19,7,0,1,3,0,0,0,8,7,0,0,6,7,207,2,5,3,5,5,4,9,17,10,3,0,0,1,11,30
26,7,7,13,6,0,2,3,0,0,0,4,11,0,0,6,7,207,3,4,2,4,4,3,9,16,9,3,0,0,2,10,45
21,6,6,12,6,0,1,3,0,0,0,13,2,0,0,6,7,207,2,4,4,4,4,2,9,15,9,3,0,0,2,10,30
23,6,6,10,5,0,1,3,0,0,0,12,3,0,0,6,7,207,2,4,4,4,4,1,8,14,8,2,0,0,1,10,15
-7,2,2,10,7,0,1,3,1,0,0,6,9,0,0,6,7,207,2,0,0,0,0,8,11,13,11,3,0,0,1,10,15
-25,2,2,13,7,0,1,2,1,0,0,4,11,0,0,6,7,207,2,0,0,0,0,7,10,12,10,3,0,0,2,10,45
-19,2,2,17,6,0,1,2,1,0,0,1,14,0,0,6,7,207,2,0,0,0,0,6,9,11,9,3,0,0,1,11,15
60,0,0,6,5,0,1,2,1,0,0,11,4,0,0,6,7,207,0,0,0,0,0,6,10,10,10,2,0,0,2,9,45
17,0,0,4,5,0,0,2,1,0,0,9,6,0,0,6,7,207,0,0,0,0,0,5,9,9,9,2,0,0,2,9,30
20,0,0,2,4,0,0,2,1,0,0,7,8,0,0,6,7,207,0,0,0,0,0,4,8,8,8,1,0,0,2,9,15
16,0,0,6,3,0,0,2,1,0,0,3,12,0,0,6,7,207,0,0,0,0,0,3,7,7,7,1,0,0,2,9,45
13,0,0,0,2,0,0,2,1,0,0,0,3,0,1,6,7,207,0,0,0,0,0,4,6,6,6,1,0,0,2,9,0
26,0,0,8,1,0,0,2,1,0,0,0,18,0,0,6,7,207,0,0,0,0,0,5,5,5,5,1,0,0,2,10,0
15,0,0,0,0,0,0,2,1,0,0,0,28,0,1,6,7,207,0,0,0,0,0,4,4,4,4,1,0,0,2,9,0
15,0,0,8,0,0,0,1,1,0,0,0,30,0,0,6,7,207,0,0,0,0,0,3,3,3,3,1,0,0,2,10,0
17,0,0,2,0,0,0,1,0,0,0,0,45,0,0,6,7,207,0,0,0,0,0,2,2,2,2,1,0,0,2,9,15
21,0,0,4,0,0,0,0,0,0,0,0,45,0,0,6,7,207,0,0,0,0,0,1,1,1,1,1,0,0,2,9,30
30,38,6,53,3,0,1,3,0,0,0,5,10,1,0,5,7,206,3,47,2,6,11,2,3,11,5,3,5,0,2,17,30
12,38,7,53,2,0,1,3,0,0,0,4,11,1,0,5,7,206,3,47,2,6,11,1,2,10,4,2,5,0,2,17,30
31,34,7,51,1,0,1,5,1,0,0,13,2,0,0,5,7,206,2,44,3,7,11,2,5,14,7,3,5,1,2,17,15
37,31,6,50,1,0,1,6,2,0,0,3,12,0,0,5,7,206,2,41,3,5,10,4,8,15,9,3,5,2,2,17,0
22,29,5,43,2,0,1,7,1,0,0,12,3,0,0,5,7,206,2,39,2,5,10,7,8,16,10,4,5,2,2,16,0
32,29,5,48,2,0,1,6,1,0,0,10,5,0,0,5,7,206,2,39,3,5,10,6,7,15,9,3,4,2,1,16,45
35,29,5,46,2,0,0,6,1,0,0,9,6,0,0,5,7,206,2,39,3,5,10,5,6,14,8,3,4,1,2,16,30
33,27,4,44,3,0,0,6,1,0,0,12,3,0,0,5,7,206,2,37,1,4,8,4,9,13,9,4,4,2,2,16,15
15,27,4,48,3,0,0,5,1,0,0,8,7,0,0,5,7,206,2,37,3,4,9,4,8,12,8,3,3,2,1,16,45
9,26,4,51,3,0,0,4,1,0,0,1,14,0,0,5,7,206,1,37,3,5,9,3,7,11,8,2,3,1,2,17,15
5,26,5,44,3,0,0,3,1,0,0,13,2,0,0,5,7,206,1,37,3,5,9,2,8,10,7,2,3,1,2,16,15
22,25,4,41,3,0,0,3,1,0,0,12,3,0,0,5,7,206,1,36,3,5,9,5,8,9,7,3,3,2,1,15,45
20,24,4,36,4,0,0,2,2,0,0,7,8,0,0,5,7,206,2,34,2,5,10,6,8,11,7,4,2,2,2,15,0
9,24,4,46,4,0,0,1,2,0,0,2,13,0,0,5,7,206,2,34,3,5,10,5,7,10,6,3,2,1,2,16,30
30,23,4,39,5,0,0,1,1,0,0,0,15,0,0,5,7,206,2,33,2,4,9,4,6,9,6,3,2,1,2,15,30
31,23,4,37,4,0,0,1,1,0,0,14,1,0,0,5,7,206,2,33,2,4,9,4,5,8,5,2,2,1,2,15,15
4,22,4,41,4,0,1,0,1,0,0,14,1,0,0,5,7,206,2,32,3,4,10,4,4,9,5,3,2,1,1,15,45
148,21,3,23,3,0,1,0,1,0,0,13,2,0,0,5,7,206,1,32,3,4,10,3,3,8,5,2,2,1,2,12,0
-51,21,3,37,3,0,0,1,1,0,0,0,15,0,0,5,7,206,1,31,2,4,10,2,2,8,5,3,1,1,2,15,15
33,21,3,34,3,0,0,1,1,0,0,39,6,0,0,5,7,206,2,30,2,4,9,1,1,8,4,2,1,0,1,14,30
77,18,2,33,5,1,0,1,1,0,0,7,8,0,0,5,7,206,2,26,2,5,14,3,8,14,7,2,1,1,1,14,15
1,18,3,35,4,1,0,1,1,0,0,14,1,0,0,5,7,206,2,26,4,7,15,4,7,14,6,2,1,1,1,14,45
68,18,3,32,4,1,0,1,0,0,0,13,2,0,0,5,7,206,2,26,4,7,15,3,6,13,5,2,1,1,1,13,30
-4,17,4,31,4,1,1,2,0,0,0,6,9,0,0,5,7,206,1,23,3,7,16,5,10,13,8,3,1,1,1,13,15
184,17,5,15,4,1,1,1,0,0,0,1,14,0,0,5,7,206,1,23,4,9,16,4,10,12,7,3,1,1,2,11,0
-156,17,5,39,5,0,2,1,0,0,0,4,11,0,0,5,7,206,3,21,4,9,15,5,9,12,6,2,0,1,2,15,30
86,16,4,25,4,0,2,1,0,0,0,11,4,0,0,5,7,206,1,21,4,9,15,6,8,11,7,3,0,0,1,12,15
-5,16,4,29,3,0,2,1,0,0,0,9,6,0,0,5,7,206,1,21,5,9,16,6,7,10,6,3,0,0,1,13,0
23,15,6,25,3,0,2,2,0,0,0,8,7,0,0,5,7,206,2,19,6,8,16,6,7,11,6,2,0,0,1,12,15
-2,15,6,28,5,0,2,1,0,0,0,5,10,0,0,5,7,206,4,17,5,7,14,5,6,10,5,2,0,0,2,12,45
46,15,6,29,4,0,2,1,0,0,0,4,11,0,0,5,7,206,4,17,5,8,14,4,5,9,4,1,0,0,1,13,0
17,14,6,23,4,0,1,1,0,0,0,12,3,0,0,5,7,206,3,17,5,8,15,3,4,10,4,1,0,0,2,12,0
-12,14,7,27,3,0,1,1,0,0,0,11,4,0,0,5,7,206,3,17,5,8,15,2,4,9,3,1,0,0,1,12,30
46,12,5,17,4,0,0,1,0,0,0,4,11,0,0,5,7,206,2,15,4,9,14,1,3,9,4,2,0,0,2,11,15
22,11,6,17,8,0,0,1,0,0,0,14,1,0,0,5,7,206,4,11,4,8,11,2,4,10,6,3,0,0,2,11,15
-5,7,4,19,8,0,1,1,0,0,0,11,4,0,0,5,7,206,2,9,3,7,9,2,6,14,9,5,0,0,2,11,30
1,6,4,21,9,0,1,0,0,0,1,12,3,0,0,5,7,206,3,7,4,7,7,2,6,15,9,5,0,0,2,11,45
36,5,5,15,10,0,1,1,1,0,1,0,15,0,0,5,7,206,4,3,2,3,3,5,7,18,11,5,0,0,2,11,0
26,4,4,9,10,0,0,1,1,0,1,10,5,0,0,5,7,206,3,3,3,3,3,5,8,17,11,5,0,0,2,10,15
-23,3,3,13,11,0,0,1,1,0,0,14,1,0,0,5,7,206,2,2,2,2,2,5,10,16,12,5,0,0,2,10,45
52,3,3,9,10,0,0,1,1,0,0,13,2,0,0,5,7,206,2,2,2,2,2,4,9,15,11,5,0,0,2,10,15
-21,3,3,21,9,0,0,1,1,0,0,6,9,0,0,5,7,206,2,2,2,2,2,3,8,14,10,5,0,0,2,11,45
16,2,2,11,10,0,0,1,1,0,0,11,4,0,0,5,7,206,3,0,0,0,0,4,9,13,10,5,0,0,2,10,30
33,2,2,7,9,0,0,1,1,0,0,9,6,0,0,5,7,206,3,0,0,0,0,3,9,12,9,5,0,0,2,10,0
58,0,0,7,8,0,0,1,1,0,0,0,3,0,0,5,7,206,1,0,0,0,0,7,11,11,10,4,0,0,2,10,0
29,0,0,2,8,0,0,1,0,0,0,0,4,0,0,5,7,206,1,0,0,0,0,6,10,10,9,3,0,0,2,9,15
18,0,0,6,7,0,0,1,0,0,0,0,6,0,0,5,7,206,1,0,0,0,0,6,9,9,8,2,0,0,2,9,45
14,0,0,13,6,0,0,1,0,0,0,0,8,0,0,5,7,206,0,0,0,0,0,6,8,8,8,3,0,0,2,10,45
-24,0,0,11,5,0,0,1,0,0,0,0,9,0,0,5,7,206,0,0,0,0,0,6,7,7,7,2,0,0,2,10,30
-7,0,0,0,4,0,0,1,0,0,0,0,25,0,1,5,7,206,0,0,0,0,0,6,6,6,6,2,0,0,2,9,0
25,0,0,4,4,0,0,0,0,0,0,0,26,0,0,5,7,206,0,0,0,0,0,5,5,5,5,1,0,0,1,9,30
0,0,0,4,3,0,0,0,0,0,0,0,35,0,0,5,7,206,0,0,0,0,0,4,4,4,4,0,0,0,1,9,30
0,0,0,2,2,0,0,0,0,0,0,0,37,0,0,5,7,206,0,0,0,0,0,3,3,3,3,0,0,0,2,9,15
-106,0,0,19,1,0,0,0,0,0,0,0,38,0,0,5,7,206,0,0,0,0,0,2,2,2,2,0,0,0,2,11,30
13,0,0,0,0,0,0,0,0,0,0,0,49,0,1,5,7,206,0,0,0,0,0,1,1,1,1,0,0,0,2,9,0
26,39,7,57,4,0,1,3,0,0,1,13,2,1,0,4,7,205,1,49,4,10,15,4,6,15,9,7,7,1,2,17,30
-3,39,7,55,5,0,1,4,0,0,0,6,9,0,0,4,7,205,3,47,3,8,13,3,5,14,8,6,7,1,2,17,15
101,39,9,48,5,0,1,3,0,0,0,2,13,0,0,4,7,205,3,47,3,9,14,2,4,14,7,6,6,1,2,16,30
-1,37,7,53,5,0,1,2,1,0,0,5,10,0,0,4,7,205,2,46,6,8,14,3,4,15,8,6,6,0,2,17,0
50,35,6,53,5,0,1,2,1,0,1,2,13,0,0,4,7,205,1,44,6,8,12,2,8,15,10,6,6,2,2,17,0
8,35,7,57,6,0,0,3,1,0,1,13,2,1,0,4,7,205,3,42,4,7,10,1,7,14,9,6,6,2,2,17,30
30,30,5,46,8,0,1,3,1,0,1,7,8,0,0,4,7,205,2,38,3,5,10,6,12,17,13,8,6,3,3,16,15
18,30,5,55,7,0,1,3,1,0,1,2,13,0,0,4,7,205,2,38,4,6,10,6,11,16,12,7,6,3,2,17,15
-16,30,5,51,7,0,1,3,1,0,0,2,13,0,0,4,7,205,2,38,4,6,10,5,10,15,11,6,5,3,2,16,45
39,30,5,51,7,0,1,2,1,0,0,1,14,0,0,4,7,205,2,38,4,6,10,5,9,14,10,6,4,2,2,16,45
38,30,5,48,6,0,1,2,1,0,0,12,3,0,0,4,7,205,2,38,4,6,10,5,8,14,9,5,4,1,2,16,30
3,29,4,48,5,0,1,2,1,0,0,10,5,0,0,4,7,205,0,37,4,6,11,4,7,14,10,5,4,1,2,16,30
15,28,3,42,7,0,1,2,1,0,0,5,10,0,0,4,7,205,2,35,3,4,11,6,8,14,10,5,4,2,2,15,45
63,26,1,38,7,0,1,3,0,0,0,1,14,0,0,4,7,205,1,34,2,3,10,5,8,13,11,6,4,3,2,15,15
23,26,1,46,7,0,1,2,0,0,0,14,1,0,0,4,7,205,1,34,2,3,10,4,7,12,10,5,4,3,3,16,15
24,26,1,42,6,0,2,2,0,0,0,6,9,0,0,4,7,205,2,33,1,3,10,3,8,13,9,5,3,3,2,15,45
30,26,1,34,5,0,2,2,0,0,0,1,14,0,0,4,7,205,2,33,1,4,10,3,7,12,8,4,3,2,2,14,45
36,26,2,38,4,0,2,2,0,0,0,13,2,0,0,4,7,205,2,33,1,4,10,2,6,11,7,4,3,2,2,15,15
-80,25,2,44,5,0,1,2,0,0,0,4,11,0,0,4,7,205,1,32,2,7,10,5,8,13,8,5,3,2,2,16,0
31,25,3,40,6,0,1,1,0,0,0,11,4,0,0,4,7,205,1,31,2,7,11,4,7,12,8,5,2,2,2,15,30
85,25,4,31,6,0,0,1,0,0,0,4,11,0,0,4,7,205,1,31,3,7,11,3,6,12,7,4,1,1,1,14,0
65,25,4,34,5,0,0,2,0,0,0,25,5,0,0,4,7,205,1,30,3,7,13,4,5,13,7,4,1,0,2,14,45
4,25,4,36,4,0,0,2,0,0,0,25,5,0,0,4,7,205,1,30,3,7,13,3,4,12,6,4,1,0,2,15,0
32,24,4,33,5,0,0,2,0,0,0,1,29,0,0,4,7,205,2,28,4,6,14,3,6,14,6,4,1,1,2,14,30
23,23,3,32,5,0,0,1,0,0,0,12,3,0,0,4,7,205,1,28,4,6,14,2,6,13,6,3,1,1,1,14,15
-4,23,3,40,6,0,0,1,0,0,0,6,9,0,0,4,7,205,2,26,3,4,13,3,6,12,6,3,1,1,2,15,30
-103,21,3,44,6,0,0,3,0,0,0,8,7,0,0,4,7,205,2,23,1,6,14,5,8,14,8,5,1,1,2,16,0
-64,21,3,36,5,0,0,3,0,0,0,8,7,0,0,4,7,205,2,23,1,6,14,4,7,13,7,4,0,1,2,15,0
-7,20,5,30,4,0,0,4,0,0,0,1,14,0,0,4,7,205,2,22,3,8,19,5,9,15,7,4,0,0,1,13,30
9,20,6,27,3,0,0,4,0,0,0,0,15,0,0,4,7,205,2,22,4,8,19,4,8,14,6,3,0,0,1,13,0
44,20,6,25,2,0,0,4,0,0,0,10,5,0,0,4,7,205,1,22,5,9,19,4,7,13,6,4,0,0,2,12,45
43,19,8,23,2,0,0,5,0,0,0,6,9,0,0,4,7,205,2,20,5,10,19,5,7,12,6,4,0,0,2,12,30
29,19,8,29,2,0,0,4,0,0,0,3,12,0,0,4,7,205,2,20,6,10,19,5,6,11,5,3,0,0,1,13,15
-2,18,7,27,3,0,0,4,0,0,0,14,1,0,0,4,7,205,2,18,4,8,17,4,7,10,6,4,0,0,1,13,0
-17,16,7,25,5,0,0,3,0,0,0,14,1,0,0,4,7,205,2,16,5,10,16,4,8,12,7,5,0,0,2,12,45
5,16,8,19,4,0,0,3,0,0,0,8,7,0,0,4,7,205,2,16,5,11,16,3,7,12,6,4,0,0,1,11,45
11,15,7,23,5,0,0,2,0,0,0,4,11,0,0,4,7,205,2,14,5,11,15,2,6,11,6,4,0,0,2,12,30
45,12,6,18,9,0,0,1,0,0,0,14,1,0,0,4,7,205,3,11,5,9,11,5,6,14,8,4,0,0,1,11,30
-16,11,7,21,10,0,0,0,0,0,0,1,14,0,0,4,7,205,2,10,7,9,10,5,5,15,9,5,0,0,2,12,15
1,11,8,20,9,0,0,0,0,0,0,1,14,0,0,4,7,205,2,10,7,9,10,4,4,14,8,5,0,0,2,12,0
-63,9,7,21,10,0,0,0,0,0,0,3,12,0,0,4,7,205,2,8,5,8,8,3,5,16,9,6,0,0,2,12,15
34,9,7,16,9,0,0,0,0,0,0,2,13,0,0,4,7,205,2,8,5,8,8,2,4,15,8,6,0,0,1,11,15
16,8,8,16,11,0,0,1,0,0,1,2,13,0,0,4,7,205,6,3,2,3,3,1,5,15,8,5,0,0,1,11,15
52,3,3,10,13,0,0,1,0,0,1,8,7,0,0,4,7,205,4,0,0,0,0,7,11,16,12,8,0,0,2,10,30
35,2,2,14,12,0,0,1,0,0,1,6,9,0,0,4,7,205,3,0,0,0,0,6,11,15,12,9,0,0,2,11,0
7,2,2,14,11,0,0,1,0,0,1,1,14,0,0,4,7,205,3,0,0,0,0,6,11,14,11,8,0,0,2,11,0
81,2,2,6,10,0,0,1,0,0,1,13,2,0,0,4,7,205,3,0,0,0,0,6,10,13,10,7,0,0,2,10,0
56,0,0,4,9,0,0,1,0,0,1,1,14,0,0,4,7,205,1,0,0,0,0,6,10,12,11,6,0,0,2,9,45
39,0,0,8,8,0,0,1,0,0,1,14,1,0,0,4,7,205,1,0,0,0,0,6,10,11,10,6,0,0,2,10,15
6,0,0,12,7,0,0,1,0,0,1,11,4,0,0,4,7,205,1,0,0,0,0,5,9,10,9,5,0,0,2,10,45
0,0,0,10,6,0,0,1,0,0,1,1,14,0,0,4,7,205,1,0,0,0,0,6,8,9,8,4,0,0,2,10,30
3,0,0,2,5,0,0,1,0,0,1,14,1,0,0,4,7,205,0,0,0,0,0,5,7,8,8,3,0,0,2,9,30
28,0,0,4,4,0,0,1,0,0,1,6,9,0,0,4,7,205,0,0,0,0,0,4,6,7,7,3,0,0,2,9,45
11,0,0,8,4,0,0,0,0,0,1,0,1,0,0,4,7,205,0,0,0,0,0,5,5,6,6,2,0,0,2,10,15
46,0,0,1,3,0,0,0,0,0,1,0,9,0,0,4,7,205,0,0,0,0,0,4,5,5,5,1,0,0,2,9,15
14,0,0,6,2,0,0,0,0,0,1,0,12,0,0,4,7,205,0,0,0,0,0,3,4,4,4,1,0,0,2,10,0
21,0,0,2,1,0,0,0,0,0,1,0,25,0,0,4,7,205,0,0,0,0,0,2,3,3,3,1,0,0,2,9,30
37,0,0,0,0,0,0,0,0,0,1,0,30,0,1,4,7,205,0,0,0,0,0,1,2,2,2,0,0,0,1,9,0
-91,0,0,12,0,0,0,0,0,0,0,0,64,0,0,4,7,205,0,0,0,0,0,1,1,1,1,0,0,0,2,10,45
25,24,3,50,2,0,0,1,0,0,0,1,14,0,0,3,7,204,3,50,3,8,14,2,2,10,1,1,7,0,1,17,0
0,23,2,52,1,0,0,1,0,0,0,13,2,0,0,3,7,204,2,50,3,8,14,1,1,10,1,0,7,0,1,17,15
-3,20,4,47,7,0,1,2,0,0,0,4,11,0,0,3,7,204,3,41,3,6,9,7,9,16,8,4,6,4,2,16,45
-14,20,4,47,7,0,0,2,0,0,0,3,12,0,0,3,7,204,2,41,3,6,9,6,9,15,8,4,5,4,2,16,45
-40,20,4,50,7,0,0,2,0,0,0,12,3,0,0,3,7,204,3,40,3,5,8,6,9,14,7,3,5,3,1,17,0
-7,20,4,41,7,0,0,1,0,0,0,8,7,0,0,3,7,204,2,40,3,5,8,5,9,14,7,3,5,3,1,16,0
-29,20,4,53,6,0,0,1,0,0,0,7,8,1,0,3,7,204,2,39,3,5,8,4,8,13,6,2,5,3,1,17,30
26,20,4,43,6,0,0,1,0,0,0,4,11,0,0,3,7,204,3,39,2,4,8,3,7,12,5,1,5,3,3,16,15
2,20,4,44,5,0,0,1,0,0,0,1,14,0,0,3,7,204,2,39,3,5,8,2,6,11,5,2,5,3,3,16,30
-26,18,2,47,6,0,0,0,0,0,1,14,1,0,0,3,7,204,2,37,2,4,7,3,7,12,6,3,4,3,2,16,45
30,16,0,36,5,0,0,1,0,0,1,29,1,0,0,3,7,204,1,36,2,4,7,4,8,12,7,2,3,2,1,15,15
-26,16,0,44,5,0,0,1,0,0,1,19,11,0,0,3,7,204,1,35,2,3,7,4,7,12,7,3,2,1,3,16,30
21,16,0,39,4,0,0,1,0,0,1,13,17,0,0,3,7,204,1,35,2,3,8,4,6,11,6,3,2,0,2,15,45
-13,16,0,41,3,0,0,1,0,0,1,12,18,0,0,3,7,204,1,35,2,3,8,4,5,10,5,3,2,0,1,16,0
8,16,0,36,4,0,0,2,0,0,0,4,11,0,0,3,7,204,2,33,1,3,10,4,7,9,5,2,2,0,1,15,15
2,16,1,38,3,0,0,2,0,0,0,0,15,0,0,3,7,204,2,33,1,3,10,3,6,8,4,2,2,0,2,15,30
-40,16,1,39,3,0,0,1,0,0,0,13,2,0,0,3,7,204,2,33,1,3,10,2,5,7,3,1,2,0,2,15,45
41,16,1,34,2,0,0,1,0,0,0,6,9,0,0,3,7,204,1,33,1,4,11,2,4,7,3,0,2,0,2,14,45
-18,16,3,32,2,0,0,1,0,0,0,24,21,0,0,3,7,204,0,32,3,5,12,3,5,7,4,0,2,0,1,14,15
-8,16,4,34,1,0,0,1,0,0,0,9,36,0,0,3,7,204,1,31,3,6,13,4,4,7,3,0,2,0,2,14,45
-127,16,4,44,1,0,0,1,0,0,0,9,36,0,0,3,7,204,1,31,3,6,13,4,4,7,3,0,2,0,3,16,30
-14,14,3,33,3,0,0,0,0,0,0,3,12,0,0,3,7,204,1,29,3,7,13,2,3,9,3,1,2,0,2,14,30
5,14,3,30,2,0,0,1,0,0,0,10,5,0,0,3,7,204,2,28,3,8,12,1,3,8,2,1,2,1,1,13,15
-16,11,2,26,5,0,1,1,0,0,0,10,5,0,0,3,7,204,2,23,3,6,11,2,6,14,6,4,2,2,1,12,45
7,11,2,26,5,0,0,1,0,0,1,2,13,0,0,3,7,204,2,22,3,6,11,2,6,13,6,4,1,2,1,12,45
33,11,3,29,7,0,0,1,0,0,1,4,11,0,0,3,7,204,2,19,3,5,12,4,8,15,8,5,1,1,1,13,0
-4,10,4,22,8,0,0,1,0,0,0,8,7,0,0,3,7,204,2,18,2,5,12,4,9,16,8,5,1,1,2,12,15
-21,10,4,31,7,0,0,1,0,0,0,7,8,0,0,3,7,204,2,18,2,5,12,4,8,15,7,4,0,1,1,13,30
25,9,3,24,8,0,0,0,0,0,0,12,3,0,0,3,7,204,2,17,2,4,12,5,8,15,7,5,0,0,3,12,30
68,9,3,17,7,0,0,1,0,0,0,3,12,0,0,3,7,204,2,16,2,5,13,4,8,14,7,4,0,0,2,11,30
-7,8,2,24,6,0,0,1,0,0,0,8,7,0,0,3,7,204,1,16,3,7,14,5,7,14,7,3,0,0,3,12,30
-13,8,2,22,5,0,0,1,0,0,0,7,8,0,0,3,7,204,1,16,3,7,14,4,6,13,6,2,0,0,2,12,15
19,8,2,16,4,0,0,1,0,0,0,7,8,0,0,3,7,204,1,16,3,7,14,3,5,12,5,2,0,0,2,11,15
1,7,2,19,4,0,0,3,0,0,0,13,2,0,0,3,7,204,3,13,4,6,13,4,8,15,5,1,0,0,1,11,45
-3,7,2,21,3,0,0,3,0,0,0,12,3,0,0,3,7,204,3,13,4,6,13,3,7,14,4,0,0,0,2,12,0
31,6,3,8,3,0,0,2,0,0,0,13,2,0,0,3,7,204,1,13,5,8,13,4,8,16,5,2,0,0,2,10,15
-10,6,4,17,2,0,0,3,0,0,0,11,4,0,0,3,7,204,1,12,5,7,12,4,7,15,5,2,0,0,2,11,30
11,6,6,14,4,0,1,2,0,0,1,6,9,0,0,3,7,204,3,8,2,6,8,5,7,16,6,3,0,0,1,11,0
39,6,6,7,3,0,1,2,0,0,1,5,10,0,0,3,7,204,3,8,2,6,8,4,7,15,5,3,0,0,2,10,0
-20,6,6,14,3,0,1,1,0,0,1,12,3,0,0,3,7,204,3,8,3,8,8,4,7,15,4,2,0,0,1,11,0
-18,5,5,12,3,0,1,1,0,0,1,3,12,0,0,3,7,204,3,7,4,7,7,3,8,14,4,2,0,0,2,10,45
-14,5,5,10,3,0,1,1,0,0,1,9,6,0,0,3,7,204,3,6,4,6,6,3,7,13,4,2,0,0,2,10,30
-24,4,4,10,3,0,1,1,0,0,0,2,13,0,0,3,7,204,2,6,5,6,6,3,9,12,4,2,0,0,2,10,30
-32,0,0,8,5,0,1,1,0,0,1,9,6,0,0,3,7,204,1,2,2,2,2,5,10,11,8,2,0,0,2,10,15
12,0,0,0,4,0,1,1,0,0,1,6,9,0,1,3,7,204,0,2,2,2,2,6,9,10,8,2,0,0,2,9,0
13,0,0,2,3,0,1,1,0,0,2,0,2,0,0,3,7,204,0,1,1,1,1,6,9,9,8,2,0,0,2,9,15
6,0,0,2,2,0,1,1,0,0,3,0,8,0,0,3,7,204,1,0,0,0,0,5,8,8,7,2,0,0,2,9,15
26,0,0,0,2,0,0,1,0,0,3,0,9,0,1,3,7,204,1,0,0,0,0,5,7,7,6,2,0,0,2,9,0
11,0,0,6,1,0,0,1,0,0,3,0,21,0,0,3,7,204,0,0,0,0,0,5,6,6,6,2,0,0,1,9,45
3,0,0,4,0,0,0,1,0,0,3,0,24,0,0,3,7,204,0,0,0,0,0,4,5,5,5,1,0,0,1,9,30
-115,0,0,12,0,0,0,1,0,0,2,0,28,0,0,3,7,204,0,0,0,0,0,4,4,4,4,1,0,0,2,10,45
-167,0,0,19,0,0,0,1,0,0,1,0,38,0,0,3,7,204,0,0,0,0,0,3,3,3,3,1,0,0,1,11,45
-15,0,0,4,0,0,0,0,0,0,1,0,40,0,0,3,7,204,0,0,0,0,0,2,2,2,2,0,0,0,1,9,30
-219,0,0,26,0,0,0,0,0,0,0,0,56,0,0,3,7,204,0,0,0,0,0,1,1,1,1,0,0,0,1,12,45
91,33,3,49,1,0,0,0,0,0,0,27,0,0,0,2,7,203,1,52,2,3,8,2,2,5,1,1,7,0,2,17,15
19,32,3,53,1,0,0,0,0,0,0,11,0,1,0,2,7,203,1,51,2,3,7,1,1,4,1,0,7,0,2,18,15
47,28,4,51,3,0,0,1,0,0,0,5,10,0,0,2,7,203,2,46,2,4,13,3,3,7,4,1,7,1,1,17,30
53,28,4,51,2,0,0,1,0,0,0,2,13,0,0,2,7,203,2,46,2,4,13,2,2,6,3,1,6,1,1,17,30
36,26,4,48,2,0,0,2,0,0,0,15,15,0,0,2,7,203,2,44,2,6,11,1,1,8,4,1,6,0,2,17,0
5,21,2,44,6,0,1,3,0,0,1,2,13,0,0,2,7,203,3,36,3,5,12,7,11,15,10,6,6,3,2,16,15
18,21,2,46,6,0,1,3,0,0,1,0,15,0,0,2,7,203,4,35,2,4,12,6,10,14,9,6,6,3,1,16,30
4,21,2,49,7,0,1,3,1,0,1,8,7,0,0,2,7,203,5,33,0,2,10,7,9,14,9,6,5,3,2,17,15
82,21,3,38,7,0,1,2,1,0,1,7,8,0,0,2,7,203,5,33,0,2,10,6,8,13,8,6,4,2,2,15,30
10,20,2,40,7,0,0,2,1,0,1,0,15,0,0,2,7,203,4,33,0,3,11,5,9,12,8,5,4,1,2,15,45
13,20,2,44,6,0,0,2,1,0,1,14,1,0,0,2,7,203,4,33,0,3,11,4,8,11,7,5,4,1,2,16,15
-6,20,2,36,6,0,0,1,1,0,1,2,13,0,0,2,7,203,3,33,2,3,12,5,8,10,7,4,4,1,2,15,15
31,19,2,33,5,0,0,1,1,0,1,11,4,0,0,2,7,203,2,33,2,4,13,4,7,10,7,5,4,1,1,14,30
31,19,2,38,4,0,0,1,1,0,1,11,4,0,0,2,7,203,2,33,2,4,13,3,6,9,6,5,4,1,2,15,30
-11,19,2,35,3,0,0,1,1,0,1,13,2,0,0,2,7,203,2,33,3,5,14,4,5,10,5,4,3,1,2,15,0
-37,19,3,42,3,0,0,1,1,0,1,3,12,0,0,2,7,203,2,32,2,8,14,4,5,9,5,5,3,1,2,16,0
31,18,3,32,5,0,0,1,0,0,1,33,12,0,0,2,7,203,2,30,1,8,14,3,5,9,6,6,3,1,1,14,15
-56,18,4,46,4,0,0,1,0,0,1,32,13,0,0,2,7,203,2,30,1,8,14,2,4,8,5,5,3,1,1,16,30
131,18,5,30,3,0,0,1,0,0,1,26,19,0,0,2,7,203,2,30,2,9,15,2,3,8,4,4,3,1,1,13,30
-126,17,5,40,4,0,0,2,0,0,0,12,3,0,0,2,7,203,2,28,7,9,16,2,5,11,5,3,2,2,2,15,45
-65,15,5,36,8,0,0,2,0,0,0,10,5,0,0,2,7,203,5,23,3,7,13,2,4,12,6,4,2,1,2,15,15
-23,13,5,34,8,0,1,2,0,0,0,2,13,0,0,2,7,203,5,21,5,7,12,3,8,14,7,4,1,1,1,14,45
112,13,5,22,7,0,2,2,0,0,0,10,5,0,0,2,7,203,5,20,4,7,11,2,7,15,7,4,1,0,2,12,15
24,13,5,28,6,0,2,2,0,0,0,6,9,0,0,2,7,203,5,20,4,7,11,2,6,14,6,3,1,0,1,13,0
182,10,3,4,9,0,1,2,1,0,0,9,6,0,0,2,7,203,4,16,3,6,10,5,8,16,10,5,1,0,2,9,30
27,8,1,29,8,0,2,2,1,0,0,14,1,0,0,2,7,203,3,15,3,5,10,5,8,15,11,4,1,0,2,13,15
28,8,1,24,8,0,1,2,1,0,0,8,7,0,0,2,7,203,2,15,4,5,12,5,8,16,11,4,1,0,2,12,30
33,8,1,24,7,0,1,2,1,0,0,7,8,0,0,2,7,203,2,15,4,5,12,4,7,15,10,4,1,0,2,12,30
33,8,1,26,8,0,1,1,1,0,0,2,13,0,0,2,7,203,3,14,3,4,11,3,7,14,9,3,1,0,1,12,45
-194,7,2,42,8,0,1,0,2,0,0,16,14,0,0,2,7,203,3,13,3,5,12,4,8,16,9,2,1,0,2,16,0
-6,7,2,19,8,0,0,1,2,0,0,11,19,0,0,2,7,203,3,12,2,4,11,3,8,15,9,2,1,0,2,12,0
-57,7,2,30,8,0,0,1,2,0,0,14,1,0,0,2,7,203,3,11,2,4,10,5,8,17,9,2,1,0,1,13,30
57,7,2,15,8,0,0,1,2,0,0,7,8,0,0,2,7,203,3,10,1,5,10,5,8,16,9,2,1,0,2,11,15
-40,7,3,19,7,0,0,1,2,0,0,10,5,0,0,2,7,203,3,10,2,7,10,5,8,15,8,1,1,0,2,12,0
63,7,3,13,6,0,0,1,2,0,0,3,12,0,0,2,7,203,3,10,3,7,10,5,8,15,7,1,1,0,2,11,0
-2,7,4,22,6,0,0,1,2,0,0,0,15,0,0,2,7,203,4,9,2,7,9,4,7,14,6,1,1,0,2,12,15
37,7,5,17,5,0,0,1,2,0,0,12,3,0,0,2,7,203,4,9,2,8,9,3,7,14,5,1,1,0,3,11,45
-30,5,4,19,6,0,0,1,1,0,0,13,2,0,0,2,7,203,3,8,3,7,8,3,8,16,6,1,1,1,2,12,0
16,5,5,17,5,0,0,1,1,0,1,5,10,0,0,2,7,203,2,7,4,6,7,4,10,15,7,0,1,1,3,11,45
-23,5,5,12,5,0,0,1,1,0,1,10,5,0,0,2,7,203,3,6,5,6,6,4,9,14,6,0,1,1,2,10,45
28,4,4,4,5,0,0,1,1,0,1,12,3,0,0,2,7,203,1,4,4,5,5,5,8,14,8,2,1,1,2,9,30
35,4,4,8,6,0,0,1,1,0,1,8,7,0,0,2,7,203,3,3,2,3,3,5,7,13,7,1,1,1,1,10,0
-4,3,3,15,7,0,0,0,1,0,1,14,1,0,0,2,7,203,3,2,1,2,2,6,7,12,7,2,1,1,2,11,15
-8,1,1,11,7,0,0,0,1,0,1,5,10,0,0,2,7,203,1,1,1,1,1,5,9,11,9,4,1,1,1,10,30
-158,1,1,26,7,0,0,0,1,0,0,2,13,0,0,2,7,203,1,1,1,1,1,4,9,10,8,4,0,1,1,12,45
-1,1,1,6,6,0,0,0,1,0,0,9,6,0,0,2,7,203,1,1,1,1,1,3,8,9,7,4,0,0,2,9,45
22,1,1,10,6,0,0,0,0,0,0,7,8,0,0,2,7,203,1,1,1,1,1,2,7,8,6,3,0,0,1,10,15
34,1,1,13,5,0,0,0,0,0,0,6,9,0,0,2,7,203,1,1,1,1,1,1,6,7,5,3,0,0,2,11,0
-1,0,0,8,4,0,1,0,0,0,0,0,10,0,0,2,7,203,0,0,0,0,0,5,6,6,6,3,0,0,1,10,0
27,0,0,2,3,0,1,0,0,0,0,0,16,0,0,2,7,203,0,0,0,0,0,4,5,5,5,2,0,0,2,9,15
36,0,0,0,2,0,1,0,0,0,0,0,19,0,1,2,7,203,0,0,0,0,0,3,4,4,4,2,0,0,2,9,0
-2,0,0,0,2,0,0,0,0,0,0,0,21,0,1,2,7,203,0,0,0,0,0,2,3,3,3,1,0,0,2,9,0
6,0,0,2,1,0,0,0,0,0,0,0,28,0,0,2,7,203,0,0,0,0,0,2,2,2,2,1,0,0,2,9,15
3,0,0,6,0,0,0,0,0,0,0,0,52,0,0,2,7,203,0,0,0,0,0,1,1,1,1,1,0,0,2,9,45
-14,27,3,46,2,0,0,3,0,0,0,22,8,0,0,6,7,200,2,44,0,3,12,2,4,9,4,4,8,1,1,17,15
-51,27,3,49,1,0,0,3,0,0,0,5,25,1,0,6,7,200,2,44,2,6,13,3,3,9,3,3,7,1,2,17,45
8,26,2,45,1,0,0,3,0,0,0,2,13,0,0,6,7,200,2,43,3,8,13,2,4,9,3,2,7,1,2,17,0
-12,26,4,48,1,0,0,2,0,0,1,6,9,0,0,6,7,200,2,42,4,8,13,1,6,10,3,2,7,2,1,17,30
-15,24,3,43,1,0,1,4,0,0,1,2,13,0,0,6,7,200,2,38,4,7,12,5,6,11,6,2,6,3,1,16,30
8,24,3,41,1,0,1,5,0,0,1,11,4,0,0,6,7,200,3,36,3,5,11,4,5,10,6,2,6,2,2,16,15
-38,23,2,40,3,0,1,4,0,0,1,12,3,0,0,6,7,200,2,34,2,4,9,3,7,11,8,2,6,3,2,16,0
27,22,1,37,3,0,1,4,0,0,0,8,7,0,0,6,7,200,1,34,3,4,9,2,6,10,8,3,5,3,2,15,30
2,22,1,34,2,0,1,4,0,0,0,7,8,0,0,6,7,200,1,34,3,5,9,2,5,9,7,2,5,2,1,15,15
49,22,2,34,3,0,1,3,0,0,2,7,8,0,0,6,7,200,2,31,2,5,8,4,6,9,8,3,4,3,1,15,15
-49,21,2,43,3,0,0,3,0,0,2,10,5,0,0,6,7,200,1,31,3,6,9,4,5,14,8,4,4,2,1,16,30
279,21,3,12,3,0,0,3,0,0,2,1,14,0,0,6,7,200,1,30,4,5,8,4,6,13,8,5,4,2,1,10,30
-34,21,3,34,3,0,0,3,0,0,1,12,3,0,0,6,7,200,1,30,4,5,10,3,5,13,7,4,3,2,1,15,15
-5,21,4,33,4,0,0,3,0,0,1,1,14,0,0,6,7,200,2,28,2,3,9,2,4,13,7,4,3,1,3,15,0
35,20,3,29,5,0,0,3,0,0,0,37,8,0,0,6,7,200,2,27,2,3,10,3,3,13,7,3,2,1,1,14,0
-11,19,2,38,5,0,1,2,1,0,0,9,36,0,0,6,7,200,2,25,1,3,11,2,9,14,8,3,2,2,1,15,45
-24,19,2,32,4,0,1,2,1,0,0,8,37,0,0,6,7,200,2,25,1,3,11,1,8,13,7,3,2,2,1,14,45
-44,17,3,41,6,0,1,1,1,0,0,8,7,0,0,6,7,200,1,23,3,8,12,8,11,17,9,4,2,2,2,16,15
41,17,3,28,5,0,1,1,1,0,0,7,8,0,0,6,7,200,1,23,3,8,12,7,10,16,8,3,2,2,1,13,15
36,17,3,23,5,0,1,1,0,0,0,5,10,0,0,6,7,200,1,23,4,8,13,7,9,15,7,3,2,2,2,12,30
-26,17,4,30,5,0,1,1,0,0,0,2,13,0,0,6,7,200,2,22,3,7,12,6,8,14,6,3,1,2,1,14,15
-191,17,4,46,4,0,1,1,0,0,0,1,14,0,0,6,7,200,2,22,3,7,12,5,7,13,5,3,1,1,1,17,15
21,17,4,27,4,0,0,1,0,0,0,14,1,0,0,6,7,200,2,22,4,8,14,4,6,12,4,3,1,1,1,13,0
-31,17,4,38,4,0,0,0,0,0,0,11,4,0,0,6,7,200,2,22,4,8,14,3,6,12,3,2,0,1,1,15,45
43,16,5,25,5,0,0,0,0,0,0,13,2,0,0,6,7,200,2,20,5,6,15,3,6,11,4,4,0,0,1,12,45
2,15,4,22,4,0,0,0,0,0,0,6,9,0,0,6,7,200,1,20,5,8,16,3,6,10,4,3,0,0,2,12,15
-9,15,4,23,6,0,0,0,0,0,0,7,8,0,0,6,7,200,3,17,3,5,14,3,7,9,4,3,0,0,2,12,30
6,14,3,20,6,0,0,0,0,0,1,11,4,0,0,6,7,200,4,15,2,4,13,4,7,11,4,2,0,0,1,12,0
-2,13,4,25,6,0,0,0,0,0,1,12,3,0,0,6,7,200,3,14,2,6,13,4,7,10,5,4,0,0,1,12,45
4,13,6,19,5,0,0,0,0,0,1,5,10,0,0,6,7,200,3,14,3,8,13,5,6,9,4,3,0,0,2,11,45
-18,11,5,18,4,0,0,1,0,0,1,12,3,0,0,6,7,200,1,13,2,8,13,4,5,10,6,6,0,0,1,11,30
-148,11,7,31,3,0,0,1,1,0,1,12,3,0,0,6,7,200,1,12,4,9,12,4,4,12,6,6,0,0,1,14,30
33,11,8,14,3,0,0,1,1,0,0,11,4,0,0,6,7,200,1,12,4,9,12,3,3,11,5,5,0,0,2,10,45
1,11,8,17,2,0,0,1,1,0,0,6,9,0,0,6,7,200,1,12,6,9,12,2,2,10,4,4,0,0,1,11,15
-1,10,8,15,5,0,0,1,1,0,0,13,2,0,0,6,7,200,4,8,5,7,8,1,4,14,4,3,0,0,1,11,0
23,3,3,8,7,0,1,1,1,0,1,4,11,0,0,6,7,200,1,3,2,3,3,3,8,15,11,5,0,0,2,10,0
-26,3,3,20,6,0,1,1,1,0,1,1,14,0,0,6,7,200,1,3,3,3,3,2,7,14,10,5,0,0,1,12,0
35,3,3,15,5,0,1,1,1,0,1,12,3,0,0,6,7,200,1,3,3,3,3,3,8,13,9,4,0,0,1,11,0
-1,0,0,10,6,0,0,1,3,0,1,0,15,0,0,6,7,200,1,0,0,0,0,6,12,12,11,4,0,0,2,10,15
15,0,0,0,6,0,0,1,2,0,1,14,1,0,1,6,7,200,1,0,0,0,0,5,11,11,10,4,0,0,2,9,0
41,0,0,2,5,0,0,1,2,0,1,11,4,0,0,6,7,200,1,0,0,0,0,6,10,10,9,3,0,0,2,9,15
40,0,0,6,4,0,0,1,2,0,1,9,6,0,0,6,7,200,1,0,0,0,0,6,9,9,8,3,0,0,2,9,45
19,0,0,6,4,0,0,1,2,0,0,1,14,0,0,6,7,200,0,0,0,0,0,6,8,8,8,4,0,0,2,9,45
16,0,0,8,4,0,0,0,2,0,0,0,15,0,0,6,7,200,0,0,0,0,0,7,7,7,7,3,0,0,2,10,0
12,0,0,10,3,0,0,0,2,0,0,0,17,0,0,6,7,200,0,0,0,0,0,6,6,6,6,2,0,0,2,10,15
22,0,0,2,2,0,0,0,2,0,0,0,19,0,0,6,7,200,0,0,0,0,0,5,5,5,5,1,0,0,2,9,15
-25,0,0,4,1,0,0,0,2,0,0,0,21,0,0,6,7,200,0,0,0,0,0,4,4,4,4,1,0,0,2,9,30
5,0,0,12,1,0,0,0,1,0,0,0,23,0,0,6,7,200,0,0,0,0,0,3,3,3,3,0,0,0,1,10,30
16,0,0,0,1,0,0,0,0,0,0,0,38,0,1,6,7,200,0,0,0,0,0,2,2,2,2,0,0,0,2,9,0
37,0,0,4,0,0,0,0,0,0,0,0,41,0,0,6,7,200,0,0,0,0,0,1,1,1,1,0,0,0,2,9,30
51,17,0,53,2,0,0,0,0,0,0,8,7,0,0,5,7,199,1,57,5,9,15,3,5,10,2,1,6,0,1,16,45
-1,17,1,57,4,0,0,1,0,0,0,6,9,0,0,5,7,199,4,53,2,9,13,3,4,9,2,2,6,0,1,17,30
-3,17,2,55,4,0,0,1,0,0,0,11,4,0,0,5,7,199,3,52,4,8,12,3,4,10,3,2,6,0,2,17,15
-40,17,3,57,4,0,0,1,0,0,0,11,4,0,0,5,7,199,3,51,6,9,12,2,4,14,3,2,6,0,1,17,30
-1,17,3,54,5,0,0,2,0,0,0,14,1,0,0,5,7,199,5,48,4,6,10,1,5,13,3,2,6,0,2,17,0
-16,15,2,55,8,0,0,1,0,0,1,13,2,0,0,5,7,199,4,44,2,4,6,4,6,16,7,2,6,1,2,17,15
-68,14,2,59,8,0,0,1,0,0,2,0,15,1,0,5,7,199,4,42,0,3,6,4,8,15,8,2,6,2,2,17,45
-4,14,2,50,7,0,0,1,0,0,2,1,14,0,0,5,7,199,3,42,2,4,8,4,10,14,8,2,6,2,1,16,30
-1,14,2,46,7,0,0,1,0,0,1,0,15,0,0,5,7,199,3,42,2,4,8,3,9,13,7,2,6,2,2,16,0
27,14,2,44,6,0,0,1,0,0,1,10,5,0,0,5,7,199,2,42,2,4,8,3,8,12,7,2,6,2,2,15,45
-17,14,3,50,6,0,1,0,1,0,1,6,9,0,0,5,7,199,3,40,1,2,7,7,11,11,7,2,5,3,1,16,30
-31,13,2,46,6,0,1,0,1,0,0,13,2,0,0,5,7,199,1,40,2,2,7,6,10,12,8,2,5,2,2,16,0
-21,13,2,48,5,0,1,0,1,0,0,9,6,0,0,5,7,199,1,40,2,3,8,5,9,11,7,2,5,2,3,16,15
51,12,1,41,4,0,1,0,1,0,0,2,13,0,0,5,7,199,0,40,2,4,10,6,8,10,7,2,4,2,1,15,15
18,12,1,43,4,0,1,0,1,0,0,14,1,0,0,5,7,199,1,39,1,3,9,6,7,9,6,2,4,1,2,15,30
-64,12,1,48,3,0,1,0,1,0,0,13,2,0,0,5,7,199,1,39,1,3,9,5,6,8,5,1,4,1,3,16,15
-8,12,1,44,2,0,1,0,1,0,0,12,3,0,0,5,7,199,1,39,1,3,10,4,5,7,4,1,4,1,2,15,45
18,12,1,35,3,0,0,0,1,0,0,9,6,0,0,5,7,199,1,38,1,4,13,4,4,10,4,0,3,1,3,14,45
-9,12,1,41,2,0,0,0,1,0,0,7,8,0,0,5,7,199,1,38,2,5,13,3,3,9,3,0,3,0,1,15,15
8,11,0,35,2,0,0,0,0,0,0,1,14,0,0,5,7,199,0,38,2,5,13,2,2,8,3,0,3,0,3,14,45
-29,11,0,38,1,0,0,0,0,0,0,57,3,0,0,5,7,199,0,38,2,5,13,1,1,7,2,0,3,0,2,15,0
-84,10,1,38,5,0,0,0,0,0,0,4,11,0,0,5,7,199,0,33,5,9,17,3,8,13,6,2,3,1,2,15,0
42,10,1,25,4,0,0,0,0,0,0,2,13,0,0,5,7,199,0,33,6,9,17,3,7,13,5,1,3,1,2,12,30
92,10,3,27,6,0,1,0,0,0,0,8,7,0,0,5,7,199,2,29,5,8,16,5,9,14,6,3,3,1,2,12,45
-49,10,3,33,6,0,1,0,0,0,0,3,12,0,0,5,7,199,3,28,4,8,15,5,9,15,5,3,3,1,1,14,15
-50,9,2,34,6,0,1,0,0,0,0,12,3,0,0,5,7,199,2,27,4,8,14,6,9,15,6,4,3,1,3,14,30
-78,9,2,35,5,0,1,0,0,0,0,11,4,0,0,5,7,199,2,27,4,8,14,5,8,14,5,3,2,1,3,14,45
14,9,3,24,6,0,1,0,0,0,0,9,6,0,0,5,7,199,2,25,4,9,15,5,7,14,6,3,2,0,2,12,15
-31,9,3,31,5,0,1,0,1,0,0,5,10,0,0,5,7,199,2,24,4,8,14,4,6,13,6,2,2,0,1,13,15
-42,9,3,29,4,0,1,0,1,0,0,1,14,0,0,5,7,199,2,24,5,8,14,4,6,12,5,1,2,0,2,13,0
-22,9,3,25,3,0,1,0,1,0,0,1,14,0,0,5,7,199,2,24,5,8,15,4,5,11,4,1,2,0,2,12,30
-13,9,3,27,3,0,1,0,1,0,0,11,4,0,0,5,7,199,3,23,4,7,15,3,4,10,3,1,2,0,2,12,45
-32,7,2,31,5,0,0,1,1,0,0,5,10,0,0,5,7,199,3,20,4,7,14,2,6,9,5,3,2,0,1,13,15
-37,7,2,29,4,0,1,1,1,0,0,1,14,0,0,5,7,199,4,19,3,6,14,2,6,8,4,2,2,0,2,13,0
46,6,2,16,4,0,2,2,1,0,0,3,12,0,0,5,7,199,3,16,3,6,16,5,7,15,7,4,2,1,2,11,0
-21,6,2,20,4,0,1,2,1,0,0,11,4,0,0,5,7,199,3,16,4,8,16,5,6,16,6,3,2,1,2,11,30
92,5,3,3,6,0,1,2,0,0,0,12,3,0,0,5,7,199,3,14,3,8,14,5,5,17,7,4,2,1,2,9,15
18,5,3,16,7,0,0,2,0,0,0,6,9,0,0,5,7,199,2,13,3,7,13,4,4,16,8,3,2,1,2,11,0
-35,5,3,18,6,0,0,2,0,0,0,4,11,0,0,5,7,199,2,13,3,7,13,3,3,16,7,2,2,1,1,11,15
-218,5,3,38,5,0,0,2,0,0,0,13,2,0,0,5,7,199,1,13,4,8,13,2,2,16,7,2,1,1,2,15,0
-15,5,3,21,5,0,0,2,0,0,0,10,5,0,0,5,7,199,2,12,4,7,12,1,2,15,6,1,1,1,1,11,45
-289,2,2,50,6,0,1,3,1,0,2,13,2,0,0,5,7,199,2,5,5,5,5,9,14,19,12,6,0,1,1,16,30
-29,1,1,11,7,0,0,3,1,0,2,4,11,0,0,5,7,199,2,4,4,4,4,10,14,18,12,6,0,0,1,10,15
-17,1,1,14,6,0,0,3,1,0,2,3,12,0,0,5,7,199,2,4,4,4,4,9,14,17,11,5,0,0,2,10,45
32,1,1,7,5,0,0,3,1,0,2,3,12,0,0,5,7,199,2,4,4,4,4,8,14,16,10,5,0,0,2,9,45
-35,1,1,18,5,0,0,2,1,0,2,2,13,0,0,5,7,199,2,4,4,4,4,7,13,15,9,4,0,0,1,11,15
0,1,1,21,4,0,0,2,1,0,2,14,1,0,0,5,7,199,1,4,4,4,4,7,12,14,9,5,0,0,1,11,45
24,1,1,0,4,0,0,2,0,0,2,14,1,0,1,5,7,199,1,4,4,4,4,6,11,13,8,5,0,0,2,9,0
-24,1,1,13,4,0,2,2,0,0,1,11,4,0,0,5,7,199,3,2,2,2,2,5,11,12,7,4,0,0,2,10,30
12,0,0,5,5,0,2,2,0,0,1,1,14,0,0,5,7,199,2,0,0,0,0,6,10,11,9,6,0,0,2,9,30
9,0,0,7,4,0,2,2,0,0,1,0,3,0,0,5,7,199,2,0,0,0,0,5,9,10,8,5,0,0,2,9,45
-7,0,0,11,3,0,2,2,0,0,1,0,7,0,0,5,7,199,1,0,0,0,0,4,8,9,8,6,0,0,1,10,15
-68,0,0,14,3,0,2,2,0,0,0,0,15,0,0,5,7,199,0,0,0,0,0,6,7,8,8,5,0,0,2,10,45
-63,0,0,9,3,0,1,2,0,0,0,0,26,0,0,5,7,199,0,0,0,0,0,6,7,7,7,5,0,0,2,10,0
-68,0,0,23,3,0,1,1,0,0,0,0,28,0,0,5,7,199,0,0,0,0,0,5,6,6,6,4,0,0,1,12,0
-9,0,0,0,2,0,1,1,0,0,0,0,37,0,1,5,7,199,0,0,0,0,0,4,5,5,5,4,0,0,2,9,0
-14,0,0,5,2,0,1,0,0,0,0,0,41,0,0,5,7,199,0,0,0,0,0,3,4,4,4,4,0,0,2,9,30
-13,0,0,3,1,0,1,0,0,0,0,0,42,0,0,5,7,199,0,0,0,0,0,2,3,3,3,3,0,0,2,9,15
-53,0,0,9,1,0,0,0,0,0,0,0,47,0,0,5,7,199,0,0,0,0,0,2,2,2,2,2,0,0,2,10,0
4,0,0,0,0,0,0,0,0,0,0,0,75,0,1,5,7,199,0,0,0,0,0,1,1,1,1,1,0,0,2,9,0
14,18,4,55,3,0,0,2,1,0,0,13,2,1,0,4,7,198,2,50,4,8,15,4,8,14,5,4,5,1,3,17,30
68,18,4,53,3,0,0,2,0,0,0,12,3,0,0,4,7,198,2,50,4,9,15,3,7,13,4,3,4,1,2,17,15
-31,18,4,55,4,0,0,1,0,0,0,2,13,1,0,4,7,198,2,49,5,9,14,4,8,12,4,3,4,0,3,17,30
11,17,3,51,3,0,1,1,0,0,0,9,6,0,0,4,7,198,2,48,5,8,14,5,7,11,4,3,4,0,2,17,0
6,16,3,53,4,0,1,1,0,0,0,9,6,0,0,4,7,198,2,46,5,8,12,5,8,13,5,5,4,0,2,17,15
30,16,3,43,4,0,1,1,0,0,0,7,8,0,0,4,7,198,3,45,4,7,11,4,7,13,4,4,4,0,2,16,0
-24,15,3,51,4,0,1,2,0,0,0,12,3,0,0,4,7,198,3,43,3,6,9,4,8,12,5,5,4,1,2,17,0
1,15,3,45,3,0,1,2,0,0,0,10,5,0,0,4,7,198,3,43,3,6,9,3,7,11,4,4,4,1,2,16,15
3,14,2,43,3,0,1,2,1,0,0,11,4,0,0,4,7,198,3,41,3,6,9,2,6,12,5,3,4,1,2,16,0
-13,14,2,47,3,0,0,2,2,0,0,5,10,0,0,4,7,198,2,40,2,5,8,3,5,11,6,3,4,1,2,16,30
-24,13,1,45,4,0,0,2,2,0,0,10,5,0,0,4,7,198,2,38,3,4,8,4,7,12,7,3,4,2,2,16,15
8,13,1,41,3,0,0,2,2,0,0,9,6,0,0,4,7,198,2,38,3,4,8,3,6,11,6,3,4,2,2,15,45
33,13,1,34,3,0,0,2,1,0,0,5,10,0,0,4,7,198,2,38,3,4,9,2,6,10,5,3,4,3,2,14,45
-44,12,0,49,3,0,0,1,1,0,0,14,1,0,0,4,7,198,1,38,3,4,9,1,5,10,5,2,3,3,2,16,45
-1,12,0,38,5,0,0,3,0,0,0,5,10,0,0,4,7,198,2,34,0,3,9,4,7,12,7,3,3,3,1,15,15
-8,12,0,41,4,0,0,3,0,0,0,5,10,0,0,4,7,198,2,34,0,3,9,3,6,11,6,3,3,3,2,15,45
-51,12,0,47,4,0,0,2,0,0,0,44,1,0,0,4,7,198,1,34,2,4,9,4,6,10,6,3,2,3,2,16,30
-35,12,1,38,3,0,0,2,0,0,0,38,7,0,0,4,7,198,1,34,2,5,10,3,5,9,5,2,1,2,1,15,15
-30,12,2,34,3,0,0,1,0,0,0,17,28,0,0,4,7,198,0,34,3,6,13,4,6,13,5,1,1,1,2,14,45
-26,12,2,36,3,0,0,0,0,0,0,16,29,0,0,4,7,198,0,34,3,6,14,3,5,12,4,1,1,1,2,15,0
-107,12,2,49,4,0,0,0,0,0,0,11,4,0,0,4,7,198,2,32,3,6,16,3,5,12,3,1,0,1,2,16,45
-24,12,2,33,3,0,0,1,0,0,0,5,10,0,0,4,7,198,2,31,3,6,15,3,5,12,3,0,0,0,2,14,30
47,11,2,32,4,0,0,1,0,0,0,14,1,0,0,4,7,198,2,29,2,7,15,3,5,16,4,1,0,0,1,14,15
-6,10,2,31,4,0,0,1,0,0,0,6,9,0,0,4,7,198,1,28,3,7,15,3,7,17,5,2,0,0,1,13,30
-141,10,2,40,4,0,0,1,0,0,0,5,10,0,0,4,7,198,2,27,4,10,16,3,7,18,4,2,0,0,2,15,30
22,10,4,25,4,0,0,1,1,0,0,9,6,0,0,4,7,198,2,25,4,9,14,4,8,17,5,3,0,0,2,12,30
-28,9,3,29,4,0,0,1,1,0,1,5,10,0,0,4,7,198,2,23,6,8,14,5,11,18,6,5,0,0,1,13,0
26,9,3,27,5,0,0,0,1,0,1,14,1,0,0,4,7,198,2,22,5,8,14,5,11,17,6,5,0,0,1,12,45
-49,9,3,30,4,0,0,0,1,0,2,11,4,0,0,4,7,198,3,21,5,8,14,4,11,16,5,4,0,0,1,13,15
-30,9,3,25,4,0,0,0,1,0,1,8,7,0,0,4,7,198,3,21,5,8,14,4,11,15,4,3,0,0,2,12,30
-125,8,3,36,3,0,0,0,1,0,1,2,13,0,0,4,7,198,2,21,5,8,14,3,10,15,4,3,0,0,2,15,0
-3,7,3,23,5,0,0,1,0,0,2,0,15,0,0,4,7,198,2,17,3,6,14,7,11,15,7,5,0,0,2,12,15
-19,6,3,21,6,0,0,1,0,0,1,11,4,0,0,4,7,198,2,16,3,5,13,7,10,15,7,4,0,0,2,12,0
-22,6,3,21,5,0,0,1,0,0,1,0,15,0,0,4,7,198,1,16,3,7,15,7,10,16,7,4,0,0,2,12,0
7,6,3,19,4,0,0,1,1,0,1,7,8,0,0,4,7,198,1,15,4,6,14,7,9,17,7,3,0,0,2,11,45
26,6,3,14,4,0,0,1,1,0,0,7,8,0,0,4,7,198,1,15,4,6,14,6,9,16,6,3,0,0,2,11,0
-9,6,3,18,3,0,0,1,1,0,0,6,9,0,0,4,7,198,1,15,4,6,14,6,8,16,5,3,0,0,2,11,30
-60,6,3,23,3,0,0,1,1,0,0,4,11,0,0,4,7,198,2,14,3,5,13,5,7,15,4,2,0,0,2,12,15
21,6,3,19,2,0,0,1,2,0,0,12,3,0,0,4,7,198,3,13,2,6,13,4,6,15,3,2,0,0,2,11,45
-58,6,5,27,1,0,0,1,2,0,0,9,6,0,0,4,7,198,3,13,2,6,13,3,5,14,2,1,0,0,1,12,45
-22,5,4,16,0,0,0,2,2,0,0,14,1,0,0,4,7,198,2,12,3,5,12,3,5,13,3,1,0,0,1,11,15
17,4,3,16,1,0,0,1,2,0,0,6,9,0,0,4,7,198,2,11,2,6,11,3,5,12,3,2,0,0,1,11,15
12,3,3,9,1,0,0,1,2,0,1,2,13,0,0,4,7,198,2,9,2,8,9,3,7,13,4,2,0,0,2,10,15
9,3,3,11,1,0,0,1,1,0,1,7,8,0,0,4,7,198,2,9,4,8,9,3,8,12,3,1,0,0,1,10,30
-12,1,1,9,3,0,0,1,1,0,0,7,8,0,0,4,7,198,1,7,4,7,7,4,9,12,5,1,0,0,2,10,15
9,1,1,5,3,0,0,1,1,0,0,11,4,0,0,4,7,198,1,6,5,6,6,5,8,12,5,2,0,0,2,9,45
-29,1,1,14,6,0,0,0,1,0,0,8,2,0,0,4,7,198,3,3,3,3,3,7,9,11,5,2,0,0,2,11,0
-15,1,1,7,5,0,0,0,1,0,0,4,6,0,0,4,7,198,3,3,3,3,3,6,8,10,4,2,0,0,2,10,0
91,0,0,3,5,0,0,0,0,0,0,0,10,0,0,4,7,198,1,3,3,3,3,5,7,9,5,3,0,0,1,9,20
-13,0,0,5,5,0,0,0,0,0,1,0,5,0,0,4,7,198,3,1,1,1,1,4,6,8,4,3,0,0,2,9,45
-68,0,0,11,4,0,0,0,0,0,1,8,7,0,0,4,7,198,2,1,1,1,1,3,5,7,4,3,0,0,1,10,30
24,0,0,4,3,0,0,0,0,0,1,6,9,0,0,4,7,198,2,1,1,1,1,2,4,6,3,2,0,0,2,9,30
-48,0,0,7,3,0,0,0,0,0,1,0,2,0,0,4,7,198,2,0,0,0,0,3,4,5,3,1,0,0,2,10,0
-102,0,0,13,3,0,0,0,0,0,0,0,30,0,0,4,7,198,0,0,0,0,0,3,4,4,4,2,0,0,2,10,45
-4,0,0,0,2,0,0,0,0,0,0,0,31,0,1,4,7,198,0,0,0,0,0,2,3,3,3,2,0,0,1,9,0
-26,0,0,2,1,0,0,0,0,0,0,0,57,0,0,4,7,198,0,0,0,0,0,2,2,2,2,2,0,0,1,9,15
23,0,0,0,0,0,0,0,0,0,0,0,76,0,1,4,7,198,0,0,0,0,0,1,1,1,1,1,0,0,1,9,0
-4,25,2,57,4,0,1,0,1,0,0,11,4,0,0,3,7,197,3,54,3,6,17,2,5,14,4,2,6,1,1,17,30
10,23,1,51,4,0,1,2,1,0,0,4,11,0,0,3,7,197,3,51,3,8,16,4,7,16,6,3,5,2,2,16,45
-5,23,1,55,4,0,1,2,0,0,0,9,6,0,0,3,7,197,2,51,5,9,16,3,8,16,6,3,5,1,2,17,15
20,23,1,49,4,0,0,3,0,0,0,2,13,0,0,3,7,197,2,50,4,9,16,2,9,17,6,3,5,1,2,16,30
26,23,1,53,3,0,0,3,0,0,1,12,3,0,0,3,7,197,2,49,4,9,16,3,8,17,6,4,5,1,2,17,0
-29,23,3,57,4,0,0,3,0,0,2,1,14,0,0,3,7,197,2,46,5,9,14,7,11,18,8,5,5,3,1,17,30
-2,23,3,51,3,0,0,3,0,0,2,0,15,0,0,3,7,197,2,46,5,9,14,6,10,18,7,4,4,3,2,16,45
-1,23,3,49,3,0,0,2,0,0,3,10,5,0,0,3,7,197,2,45,6,9,13,5,10,18,7,4,4,3,2,16,30
-17,22,2,47,5,0,0,2,0,0,2,0,15,0,0,3,7,197,2,43,5,8,13,6,9,17,8,5,4,3,2,16,15
-4,22,2,43,4,0,0,2,0,0,2,0,15,0,0,3,7,197,2,43,5,8,13,5,8,16,7,5,4,3,2,15,45
-41,22,2,53,5,0,0,1,1,0,2,7,8,0,0,3,7,197,3,41,4,6,11,5,9,16,7,4,4,4,2,17,0
-3,22,2,45,4,0,0,1,1,0,2,6,9,0,0,3,7,197,3,41,4,6,11,5,9,15,6,4,4,4,2,16,0
-45,22,3,47,6,0,0,1,1,0,1,9,6,0,0,3,7,197,3,39,4,6,11,5,10,14,7,5,4,4,2,16,15
-103,22,3,59,6,0,0,0,1,0,1,8,7,0,0,3,7,197,3,39,4,6,11,4,9,13,6,4,3,4,1,17,45
-5,21,2,41,7,0,0,0,1,0,1,9,6,0,0,3,7,197,3,37,2,5,12,4,9,12,7,5,3,3,2,15,30
-104,21,3,60,6,0,0,0,1,0,1,7,8,1,0,3,7,197,3,37,2,5,12,4,8,11,6,5,2,3,2,18,0
9,20,2,41,7,0,0,0,1,0,0,14,1,0,0,3,7,197,3,36,2,4,12,4,8,10,6,5,1,2,2,15,30
-29,20,3,43,6,0,1,0,1,0,0,14,1,0,0,3,7,197,2,35,2,5,12,6,8,11,7,4,0,1,2,15,45
-49,20,4,39,6,0,0,0,1,0,0,8,7,0,0,3,7,197,1,35,3,5,13,5,8,11,7,4,0,0,2,15,15
37,20,4,34,5,0,0,0,1,0,0,7,8,0,0,3,7,197,1,35,3,5,13,4,7,10,6,3,0,0,2,14,30
-12,19,3,35,5,0,0,0,1,0,0,43,2,0,0,3,7,197,1,34,2,6,13,4,6,10,6,3,0,0,2,14,45
-1,19,3,39,4,0,0,0,2,0,0,39,6,0,0,3,7,197,2,33,1,5,13,4,5,9,5,3,0,0,2,15,15
3,19,3,35,3,0,0,0,2,0,0,32,13,0,0,3,7,197,2,33,3,5,14,3,4,12,4,2,0,0,2,14,45
-2,18,3,37,3,0,0,0,2,0,0,15,30,0,0,3,7,197,1,32,4,8,14,3,3,16,5,1,0,0,2,15,0
-20,18,3,37,2,0,0,0,2,0,0,10,35,0,0,3,7,197,1,32,4,8,14,2,2,16,4,0,0,0,2,15,0
3,17,2,33,3,0,0,1,1,0,0,13,2,0,0,3,7,197,2,30,3,7,14,1,3,15,4,0,0,0,1,14,15
38,15,4,31,8,0,0,1,2,0,0,7,8,0,0,3,7,197,2,23,3,5,14,5,14,17,10,4,0,0,1,13,15
-120,15,5,45,7,0,0,1,2,0,0,3,12,0,0,3,7,197,2,23,4,6,15,7,13,16,9,4,0,0,2,16,0
80,15,5,23,7,0,0,1,2,0,0,11,4,0,0,3,7,197,3,22,3,7,15,8,12,16,8,4,0,0,2,12,15
-238,13,3,55,6,0,0,1,2,0,0,4,11,0,0,3,7,197,1,22,4,8,15,9,12,16,9,5,0,0,2,17,15
27,13,4,29,8,0,0,0,2,0,0,8,7,0,0,3,7,197,2,20,2,8,13,10,12,15,9,5,0,0,1,13,0
-7,13,4,29,7,0,0,0,2,0,0,6,9,0,0,3,7,197,2,20,2,8,13,9,11,14,8,5,0,0,1,13,0
69,13,4,19,6,0,0,0,2,0,0,4,11,0,0,3,7,197,1,19,2,8,13,8,10,13,8,5,0,0,2,11,45
-5,13,4,27,6,0,0,0,2,0,0,3,12,0,0,3,7,197,2,19,2,7,12,7,9,12,7,5,0,0,2,12,45
-16,13,4,25,5,0,0,0,2,0,0,0,15,0,0,3,7,197,2,19,3,7,12,6,8,11,6,5,0,0,2,12,30
-7,12,4,27,4,0,0,0,2,0,0,14,1,0,0,3,7,197,1,19,3,7,12,5,7,11,6,4,0,0,2,12,45
25,12,4,21,4,0,0,0,1,0,0,11,4,0,0,3,7,197,1,19,4,7,12,4,6,10,5,3,0,0,2,12,0
6,12,4,23,4,0,0,0,0,0,0,9,6,0,0,3,7,197,1,19,4,7,12,3,5,9,4,2,0,0,2,12,15
-28,12,4,32,4,0,0,0,0,0,0,3,12,0,0,3,7,197,2,18,4,9,11,3,4,9,3,2,0,0,1,13,30
0,11,4,21,3,0,0,0,0,0,0,11,4,0,0,3,7,197,1,18,5,9,13,3,4,10,3,2,0,0,2,12,0
-25,10,5,25,4,0,0,0,1,0,0,8,7,0,0,3,7,197,3,15,3,8,13,2,5,13,3,2,0,0,2,12,30
14,10,5,18,3,0,0,1,1,0,0,1,14,0,0,3,7,197,3,14,5,7,12,1,4,13,3,2,0,0,2,11,30
-27,7,4,19,5,0,0,2,1,0,1,0,15,0,0,3,7,197,3,9,2,3,9,3,5,14,7,4,0,0,2,11,45
45,5,3,12,5,0,1,2,0,0,1,13,2,0,0,3,7,197,2,8,1,4,8,3,6,16,8,4,0,0,1,10,30
6,5,4,12,5,0,1,2,0,0,1,9,6,0,0,3,7,197,3,7,0,5,7,2,8,15,7,4,0,0,1,10,30
34,4,4,15,4,0,1,2,0,0,1,0,15,0,0,3,7,197,1,7,3,6,7,4,9,16,8,6,0,0,1,11,0
-10,4,4,17,4,0,1,1,0,0,1,4,11,0,0,3,7,197,1,7,5,6,7,8,9,15,7,6,0,0,1,11,15
1,3,3,14,6,0,1,0,0,0,1,14,1,0,0,3,7,197,2,5,3,5,5,7,9,14,7,5,0,0,2,10,45
28,3,3,8,5,0,1,0,0,0,1,13,2,0,0,3,7,197,2,5,3,5,5,6,8,13,6,5,0,0,2,10,0
13,2,2,8,6,0,1,0,0,0,0,13,2,0,0,3,7,197,1,4,3,4,4,5,10,12,7,5,0,0,2,10,0
45,2,2,10,5,0,1,0,0,0,0,12,3,0,0,3,7,197,1,4,3,4,4,5,9,11,6,4,0,0,2,10,15
-10,1,1,10,7,0,0,0,0,0,0,9,6,0,0,3,7,197,2,2,1,2,2,4,8,10,6,3,0,0,2,10,15
-11,1,1,15,6,0,0,0,0,0,0,8,7,0,0,3,7,197,2,2,1,2,2,3,8,9,5,2,0,0,1,11,0
49,1,1,0,5,0,0,0,0,0,0,5,10,0,1,3,7,197,2,2,1,2,2,2,7,8,4,1,0,0,2,9,0
-13,0,0,5,5,0,0,0,0,0,0,0,2,0,0,3,7,197,1,1,1,1,1,5,7,7,5,2,0,0,2,9,30
-50,0,0,6,5,0,0,0,0,0,0,0,14,0,0,3,7,197,1,0,0,0,0,5,6,6,5,1,0,0,2,9,45
-17,0,0,6,4,0,0,0,0,0,0,0,20,0,0,3,7,197,0,0,0,0,0,4,5,5,5,2,0,0,2,9,45
11,0,0,3,3,0,0,0,0,0,0,0,21,0,0,3,7,197,0,0,0,0,0,3,4,4,4,1,0,0,1,9,15
13,0,0,0,2,0,0,0,0,0,0,0,24,0,1,3,7,197,0,0,0,0,0,2,3,3,3,1,0,0,2,9,0
19,0,0,3,1,0,0,0,0,0,0,0,36,0,0,3,7,197,0,0,0,0,0,2,2,2,2,1,0,0,1,9,15
-19,0,0,0,0,0,0,0,0,0,0,0,56,0,1,3,7,197,0,0,0,0,0,1,1,1,1,1,0,0,2,9,0
21,30,1,49,4,0,0,1,0,0,0,11,4,0,0,2,7,196,4,48,3,4,13,2,4,8,2,1,1,0,2,17,15
-7,29,2,50,5,0,0,1,0,0,0,1,14,0,0,2,7,196,2,46,1,5,12,2,6,9,5,3,1,1,2,17,30
-38,29,3,52,5,0,0,1,0,0,0,14,1,1,0,2,7,196,2,45,2,7,12,3,5,8,5,2,1,1,3,17,45
-48,29,4,52,5,0,0,1,0,0,0,1,14,1,0,2,7,196,1,44,3,8,12,4,5,9,6,2,1,1,3,17,45
-15,29,4,50,4,0,0,1,0,0,0,7,8,0,0,2,7,196,1,44,4,9,13,3,4,9,5,2,1,1,2,17,30
0,28,6,42,4,0,0,1,0,0,0,6,9,0,0,2,7,196,1,43,6,9,13,3,4,11,5,3,1,1,1,16,15
44,28,6,45,4,0,0,0,0,0,0,6,9,0,0,2,7,196,1,43,6,9,13,2,3,10,4,2,0,1,2,16,45
65,26,6,40,7,0,0,1,0,0,0,11,4,0,0,2,7,196,3,38,4,5,10,2,5,12,6,2,0,0,2,16,0
-21,23,3,47,9,0,0,1,0,0,0,2,13,0,0,2,7,196,2,35,2,4,10,2,6,14,9,4,0,0,1,17,0
-19,22,2,47,9,0,0,1,0,0,0,4,11,0,0,2,7,196,2,34,2,4,10,3,7,13,9,4,0,0,1,17,0
18,20,0,38,9,0,0,1,0,0,0,27,3,0,0,2,7,196,1,33,2,5,11,5,9,14,10,3,0,0,2,15,45
48,20,0,33,8,0,0,1,0,0,0,26,4,0,0,2,7,196,1,33,3,5,11,4,8,13,9,3,0,0,2,15,0
-72,20,1,45,8,0,0,2,0,0,0,8,22,0,0,2,7,196,2,31,2,6,10,5,8,15,9,4,0,0,2,16,45
19,20,1,35,7,0,0,2,0,0,0,4,26,0,0,2,7,196,2,31,3,6,10,5,8,14,8,3,0,0,1,15,15
4,20,2,35,6,0,0,2,0,0,0,2,28,0,0,2,7,196,1,31,3,6,10,5,8,13,8,4,0,0,1,15,15
31,20,2,30,6,0,1,1,0,0,0,38,7,0,0,2,7,196,2,30,2,6,10,4,7,12,7,4,0,0,2,14,15
9,20,3,31,6,0,1,1,0,0,0,24,21,0,0,2,7,196,2,29,4,5,10,4,6,13,7,4,0,0,2,14,45
-46,20,3,44,5,0,1,1,0,0,0,21,24,0,0,2,7,196,2,29,4,6,10,4,5,12,6,4,0,0,2,16,30
-28,20,3,31,5,0,1,1,0,0,0,19,26,0,0,2,7,196,3,28,3,5,10,4,4,11,5,3,0,0,2,14,45
21,19,2,33,4,0,1,1,0,0,0,8,37,0,0,2,7,196,1,28,4,7,11,3,5,10,6,2,0,0,2,15,0
129,19,4,26,5,0,1,1,1,0,0,7,8,0,0,2,7,196,2,25,2,4,11,2,7,12,7,1,0,0,1,13,0
-84,19,4,37,5,0,1,0,1,0,0,4,11,0,0,2,7,196,2,25,2,4,11,1,6,11,6,1,0,0,2,15,30
-102,17,4,42,6,0,1,0,1,0,0,4,11,0,0,2,7,196,1,23,2,5,13,5,7,15,8,2,0,0,1,16,15
53,17,4,25,5,0,1,0,1,0,0,3,12,0,0,2,7,196,1,23,2,5,13,4,6,14,7,1,0,0,2,12,45
-2,16,4,29,6,0,1,0,1,0,0,13,2,0,0,2,7,196,1,21,2,6,14,4,7,14,8,1,0,0,1,13,30
-3,15,3,28,6,0,1,0,0,0,0,10,5,0,0,2,7,196,0,21,2,7,15,3,6,13,8,1,0,0,1,13,15
-123,15,3,38,6,0,0,0,0,0,0,9,6,0,0,2,7,196,0,21,2,7,15,2,5,12,7,0,0,0,2,15,45
-153,15,7,40,6,0,0,0,1,0,0,14,1,0,0,2,7,196,2,19,4,7,16,3,7,13,6,0,0,0,2,16,0
14,14,7,22,5,0,0,0,1,0,0,9,6,0,0,2,7,196,1,19,5,7,17,3,9,13,6,1,0,0,1,12,15
-21,13,8,26,6,0,1,0,1,0,0,3,12,0,0,2,7,196,2,16,4,8,15,4,9,15,7,2,0,0,1,13,0
78,12,7,20,6,0,1,0,1,0,0,13,2,0,0,2,7,196,2,15,3,8,15,4,8,14,7,2,0,0,2,12,0
21,12,7,16,7,0,1,0,0,0,0,8,7,0,0,2,7,196,3,14,3,8,14,6,7,13,6,2,0,0,2,11,30
9,10,7,18,8,0,1,0,0,0,0,9,6,0,0,2,7,196,3,12,4,7,12,6,7,14,7,2,0,0,2,11,45
5,8,6,14,7,0,1,0,0,0,0,1,14,0,0,2,7,196,1,12,4,9,12,5,7,14,8,2,0,0,2,11,15
11,8,6,22,6,0,1,0,0,0,0,12,3,0,0,2,7,196,1,12,5,9,12,4,7,14,7,1,0,0,1,12,15
3,7,5,16,6,0,0,0,0,0,0,11,4,0,0,2,7,196,0,12,6,9,12,3,6,15,7,2,0,0,2,11,30
25,7,5,24,5,0,0,0,0,0,0,10,5,0,0,2,7,196,0,12,6,10,12,2,5,14,6,2,0,0,1,12,30
-27,7,6,20,6,0,0,0,0,0,0,13,2,0,0,2,7,196,2,10,5,8,10,2,5,13,5,2,0,0,2,12,0
5,3,3,12,8,0,0,1,0,0,1,13,2,0,0,2,7,196,1,5,3,5,5,4,8,15,10,5,0,0,2,11,0
-5,2,2,9,8,0,0,1,0,0,1,3,12,0,0,2,7,196,1,4,3,4,4,5,7,14,10,5,0,0,2,10,30
5,2,2,14,7,0,0,1,0,0,2,13,2,0,0,2,7,196,2,3,3,3,3,4,8,13,9,5,0,0,2,11,15
1,1,1,7,7,0,0,1,1,0,1,8,7,0,0,2,7,196,1,2,2,2,2,3,9,12,10,6,0,0,1,10,15
-52,1,1,10,8,0,0,1,1,0,0,7,8,0,0,2,7,196,2,1,1,1,1,4,8,12,9,5,0,0,2,10,45
11,0,0,10,7,0,0,1,1,0,0,3,12,0,0,2,7,196,1,1,1,1,1,3,7,11,9,5,0,0,2,10,45
42,0,0,6,7,0,0,1,1,0,0,5,10,0,0,2,7,196,1,0,0,0,0,6,8,10,9,5,0,0,2,10,0
3,0,0,12,6,0,0,1,1,0,0,1,14,0,0,2,7,196,0,0,0,0,0,5,8,9,9,6,0,0,2,11,0
-28,0,0,4,5,0,0,1,1,0,0,2,13,0,0,2,7,196,0,0,0,0,0,4,7,8,8,6,0,0,1,9,45
36,0,0,0,5,0,0,1,0,0,0,0,1,0,1,2,7,196,0,0,0,0,0,4,6,7,7,5,0,0,1,9,0
39,0,0,1,4,0,0,1,0,0,0,0,3,0,0,2,7,196,0,0,0,0,0,3,5,6,6,4,0,0,2,9,15
19,0,0,7,3,0,0,1,0,0,0,0,3,0,0,2,7,196,0,0,0,0,0,3,4,5,5,4,0,0,1,10,15
44,0,0,2,2,0,0,1,0,0,0,0,31,0,0,2,7,196,0,0,0,0,0,3,4,4,4,3,0,0,2,9,30
34,0,0,2,2,0,0,0,0,0,0,0,33,0,0,2,7,196,0,0,0,0,0,2,3,3,3,3,0,0,2,9,30
-76,0,0,18,1,0,0,0,0,0,0,0,42,0,0,2,7,196,0,0,0,0,0,2,2,2,2,2,0,0,2,11,45
-22,0,0,4,0,0,0,0,0,0,0,0,71,0,0,2,7,196,0,0,0,0,0,1,1,1,1,1,0,0,1,9,45
-20,25,4,53,1,0,1,3,0,0,0,10,5,1,0,6,7,193,1,49,6,10,14,5,8,11,5,3,6,2,1,17,30
-19,25,4,50,2,0,1,3,0,0,0,2,13,0,0,6,7,193,3,47,6,9,13,4,7,11,4,2,6,2,1,17,0
-27,25,4,52,2,0,1,3,0,0,0,5,10,0,0,6,7,193,2,46,7,9,13,6,7,12,5,4,6,3,2,17,15
49,23,2,45,2,0,2,2,0,0,0,0,15,0,0,6,7,193,1,45,6,8,12,5,6,13,6,5,5,3,2,16,10
-1,23,2,49,2,0,2,3,0,0,0,0,5,0,0,6,7,193,2,43,4,7,11,4,5,12,6,4,4,2,2,16,45
-32,21,0,50,3,0,2,3,0,0,1,10,5,0,0,6,7,193,3,40,2,5,9,3,5,13,7,5,4,1,1,17,0
0,21,0,46,3,0,1,3,0,0,1,10,5,0,0,6,7,193,3,40,2,5,9,2,4,12,6,4,4,1,1,16,15
65,21,0,37,2,0,1,3,0,0,1,7,8,0,0,6,7,193,2,40,3,5,10,2,3,11,6,3,4,1,2,15,15
-79,21,1,53,4,0,0,4,0,0,1,9,6,1,0,6,7,193,3,37,2,4,10,2,6,13,7,3,3,1,1,17,30
-8,21,1,43,6,0,0,4,0,0,0,4,11,0,0,6,7,193,2,35,1,4,8,3,7,13,9,4,3,0,1,16,0
70,20,1,35,5,0,0,4,0,0,0,0,15,0,0,6,7,193,0,35,2,6,10,6,9,13,10,5,3,1,2,15,0
-9,20,3,48,5,0,1,3,0,0,0,5,10,0,0,6,7,193,1,34,3,5,11,5,10,14,9,5,3,1,1,16,30
-34,20,3,39,4,0,1,3,0,0,0,1,14,0,0,6,7,193,1,34,3,6,12,4,9,13,8,4,3,1,2,15,30
-40,20,3,46,3,0,1,3,0,0,0,13,2,0,0,6,7,193,0,34,3,7,13,3,8,12,8,3,3,1,1,16,15
-38,20,4,41,2,0,1,4,0,0,0,3,12,0,0,6,7,193,1,33,4,6,14,4,7,11,7,2,3,1,2,15,45
42,20,4,37,1,0,1,4,0,0,0,3,12,0,0,6,7,193,1,33,4,6,14,3,6,10,6,2,3,1,2,15,15
17,19,4,33,1,0,1,4,1,0,0,26,19,0,0,6,7,193,1,31,4,6,13,5,6,11,7,3,3,1,1,14,30
-17,19,4,39,1,0,1,3,1,0,0,25,20,0,0,6,7,193,1,31,4,6,13,4,5,10,6,3,3,1,2,15,30
-30,19,4,35,3,0,0,3,1,0,0,18,27,0,0,6,7,193,3,29,2,4,12,3,5,11,5,2,2,1,2,15,0
-7,19,5,43,3,0,0,2,1,0,0,12,33,0,0,6,7,193,3,29,2,5,14,3,4,11,4,2,2,0,1,16,0
-27,19,5,41,3,0,0,1,1,0,0,11,34,0,0,6,7,193,3,29,2,5,14,2,3,10,3,2,2,0,2,15,45
99,16,3,18,4,0,0,1,1,0,0,0,15,0,0,6,7,193,1,27,2,8,15,2,4,11,6,4,2,0,2,11,45
-16,15,3,32,4,0,1,1,1,0,0,4,11,0,0,6,7,193,2,25,6,8,16,3,6,13,6,4,2,0,1,14,15
26,14,2,31,5,0,1,1,0,0,0,10,5,0,0,6,7,193,2,24,6,9,16,2,7,13,6,3,2,0,1,13,30
-20,14,2,28,5,0,0,1,0,0,0,9,6,0,0,6,7,193,1,24,6,9,16,1,6,12,6,3,2,0,1,13,0
-39,13,5,30,10,0,0,1,0,0,0,0,15,0,0,6,7,193,2,18,4,8,14,5,8,15,10,5,2,1,1,13,15
-22,13,6,26,9,0,0,1,0,0,0,13,2,0,0,6,7,193,2,18,4,8,14,5,9,15,9,4,2,2,2,12,45
68,13,7,24,8,0,0,1,0,0,0,9,6,0,0,6,7,193,1,17,4,8,14,4,8,14,9,4,2,2,2,12,30
43,12,6,24,8,0,0,1,0,0,0,3,12,0,0,6,7,193,1,17,4,8,13,4,7,15,9,4,2,2,2,12,30
38,12,6,28,9,0,0,1,0,0,0,14,1,0,0,6,7,193,3,15,3,7,11,3,7,15,8,3,2,2,1,13,0
16,10,6,20,8,0,0,1,0,0,1,0,15,0,0,6,7,193,2,14,4,7,12,4,7,15,9,4,2,2,2,12,0
-82,9,5,34,7,0,0,1,0,0,1,7,8,0,0,6,7,193,1,14,4,8,13,4,8,15,9,5,1,2,2,14,45
29,8,6,22,11,0,0,0,0,0,1,1,14,0,0,6,7,193,3,10,3,6,10,5,8,17,10,6,1,1,2,12,15
10,8,6,14,11,0,0,0,0,0,0,0,15,0,0,6,7,193,3,10,3,6,10,4,7,16,9,6,0,1,2,11,15
-24,8,6,26,10,0,0,0,0,0,0,14,1,0,0,6,7,193,3,10,3,6,10,3,6,15,8,5,0,0,2,12,45
-5,6,4,22,9,0,0,0,1,0,0,2,13,0,0,6,7,193,2,9,3,5,9,5,8,17,9,5,0,0,2,12,15
-36,6,4,14,8,0,0,1,1,0,0,6,9,0,0,6,7,193,2,8,3,4,8,4,8,17,9,5,0,0,2,11,15
19,4,2,16,8,0,1,1,1,0,0,8,7,0,0,6,7,193,1,6,2,5,6,4,9,16,11,5,0,0,2,11,30
-6,4,2,20,7,0,1,1,1,0,0,8,7,0,0,6,7,193,1,6,2,5,6,3,8,15,10,4,0,0,2,12,0
-2,4,3,10,7,0,0,1,1,0,0,6,9,0,0,6,7,193,1,6,2,5,6,4,8,14,9,4,0,0,1,10,30
-37,2,2,18,6,0,2,1,1,0,0,14,1,0,0,6,7,193,1,4,2,4,4,5,9,15,10,5,0,0,2,11,45
40,2,2,9,5,0,2,1,1,0,0,7,8,0,0,6,7,193,1,4,3,4,4,5,11,14,9,5,0,0,2,10,15
18,2,2,5,5,0,1,1,1,0,0,6,9,0,0,6,7,193,1,4,3,4,4,5,10,13,8,5,0,0,2,9,45
12,2,2,13,4,0,1,1,1,0,0,1,14,0,0,6,7,193,1,4,4,4,4,5,9,12,7,5,0,0,2,11,0
14,2,2,12,4,0,2,1,1,0,0,0,15,0,0,6,7,193,2,2,2,2,2,5,9,11,7,4,0,0,1,10,45
5,2,2,7,3,0,2,1,1,0,0,13,2,0,0,6,7,193,1,2,2,2,2,5,8,10,7,4,0,0,1,10,0
35,2,2,7,4,0,2,1,0,0,0,7,8,0,0,6,7,193,2,1,1,1,1,6,7,9,6,3,0,0,1,10,0
64,1,1,10,3,0,2,1,0,0,0,5,10,0,0,6,7,193,1,1,1,1,1,5,6,8,6,2,0,0,1,10,30
4,0,0,16,3,0,2,1,0,0,0,2,13,0,0,6,7,193,0,0,0,0,0,5,6,7,7,2,0,0,2,11,30
-2,0,0,3,2,0,2,1,0,0,0,0,2,0,0,6,7,193,0,0,0,0,0,4,6,6,6,2,0,0,2,9,30
21,0,0,0,1,0,2,1,0,0,0,0,5,0,1,6,7,193,0,0,0,0,0,3,5,5,5,1,0,0,1,9,0
-3,0,0,5,1,0,1,1,0,0,0,0,7,0,0,6,7,193,0,0,0,0,0,2,4,4,4,1,0,0,2,9,45
-9,0,0,2,1,0,0,1,0,0,0,0,22,0,0,6,7,193,0,0,0,0,0,1,3,3,3,1,0,0,2,9,15
7,0,0,0,0,0,0,1,0,0,0,0,52,0,1,6,7,193,0,0,0,0,0,2,2,2,2,1,0,0,1,9,0
60,0,0,3,0,0,0,0,0,0,0,0,59,0,0,6,7,193,0,0,0,0,0,1,1,1,1,0,0,0,2,9,30
36,26,3,60,3,0,0,0,0,0,0,10,0,1,0,5,7,192,1,57,3,4,12,1,4,6,3,2,6,1,2,17,45
57,24,3,54,5,0,0,0,0,0,0,5,10,0,0,5,7,192,1,54,2,5,14,3,4,8,5,2,6,0,2,17,0
62,24,3,56,4,0,0,0,0,0,0,1,14,0,0,5,7,192,1,54,2,6,14,2,3,8,4,2,6,0,2,17,15
8,23,2,58,4,0,0,0,0,0,0,13,2,0,0,5,7,192,1,53,4,8,16,1,3,9,4,2,6,1,1,17,30
-1,21,3,58,6,0,1,0,0,0,0,10,5,0,0,5,7,192,2,49,4,7,16,2,5,16,6,2,6,1,1,17,30
146,21,3,33,7,0,0,0,0,0,0,0,15,0,0,5,7,192,3,48,4,8,16,2,5,16,5,2,5,1,1,14,0
-27,21,5,50,9,0,1,0,0,0,0,7,8,0,0,5,7,192,4,44,4,7,14,3,8,19,7,3,5,1,2,16,30
-15,19,3,54,9,0,1,0,0,0,0,11,4,0,0,5,7,192,3,43,4,8,14,5,10,19,8,3,5,2,2,17,0
28,19,3,56,8,0,1,0,0,0,0,8,7,0,0,5,7,192,2,43,5,8,15,4,11,18,8,3,5,2,2,17,15
-10,18,2,48,9,1,1,0,0,0,0,3,12,0,0,5,7,192,2,40,3,8,13,6,12,18,10,4,5,2,2,16,15
15,18,2,48,8,1,1,0,0,0,0,12,3,0,0,5,7,192,1,40,4,8,13,7,11,19,10,4,5,2,2,16,15
15,18,2,52,7,1,1,0,0,0,0,12,3,0,0,5,7,192,1,40,5,8,13,6,10,18,9,4,5,2,2,16,45
26,16,0,40,8,2,1,0,0,0,0,8,7,0,0,5,7,192,2,37,4,7,11,8,13,18,10,4,5,2,2,15,15
28,16,0,38,8,2,0,0,0,0,0,7,8,0,0,5,7,192,2,37,4,7,11,7,12,18,9,4,4,2,2,15,0
6,16,0,44,7,2,0,0,0,0,0,6,9,0,0,5,7,192,1,37,4,7,11,6,11,17,9,3,4,1,2,15,45
-11,16,0,42,7,1,0,0,0,0,0,2,13,0,0,5,7,192,1,37,5,8,12,6,10,17,8,2,3,1,2,15,30
-17,16,0,50,7,1,0,0,0,0,0,0,15,0,0,5,7,192,2,36,4,7,11,5,10,16,7,2,3,0,2,16,30
-22,16,0,46,7,1,0,0,0,0,0,9,6,0,0,5,7,192,3,35,4,7,10,4,9,16,6,2,3,0,2,16,0
-17,16,0,44,6,1,0,0,0,0,0,8,7,0,0,5,7,192,3,35,4,7,10,3,8,15,5,2,3,0,2,15,45
-44,16,1,46,5,1,0,0,0,0,0,5,10,0,0,5,7,192,2,35,4,7,11,3,7,14,5,1,3,0,2,16,0
282,16,1,9,5,1,0,1,0,0,0,5,10,0,0,5,7,192,2,33,3,5,10,5,7,13,6,1,3,0,2,10,15
-8,16,3,36,6,0,0,1,0,0,1,7,8,0,0,5,7,192,3,31,3,4,9,5,8,12,6,0,3,1,2,14,45
13,16,3,36,5,0,0,1,0,0,1,3,12,0,0,5,7,192,2,31,3,4,9,4,7,11,6,0,3,1,2,14,45
-12,16,3,34,4,0,0,1,0,0,1,29,1,0,0,5,7,192,2,31,3,4,11,3,7,10,5,0,3,1,1,14,15
-38,16,3,42,3,0,0,1,0,0,1,28,2,0,0,5,7,192,2,31,3,4,11,2,6,9,4,0,3,1,2,15,30
-38,16,3,38,3,0,0,2,0,0,1,15,15,0,0,5,7,192,4,29,2,4,10,4,7,9,3,0,3,1,2,15,0
-93,15,2,40,2,0,0,3,0,0,1,12,3,0,0,5,7,192,2,28,1,5,13,4,7,11,5,2,3,1,2,15,15
-140,15,2,52,2,0,0,3,0,0,1,2,13,0,0,5,7,192,3,27,2,5,14,5,6,13,4,1,2,1,2,16,45
-17,15,3,35,2,0,0,2,0,0,1,0,15,0,0,5,7,192,3,27,2,5,14,4,5,12,3,1,2,0,2,14,30
37,13,1,29,1,0,0,2,0,0,1,1,14,0,0,5,7,192,1,27,3,5,19,4,4,11,4,1,2,0,1,13,0
7,13,2,29,1,0,0,2,0,0,1,7,8,0,0,5,7,192,2,26,3,7,19,3,3,13,3,0,2,0,1,13,0
-2,13,2,32,2,0,0,1,0,0,1,4,11,0,0,5,7,192,3,25,3,6,19,2,3,13,2,0,2,1,1,13,30
26,13,2,27,2,0,0,0,0,0,1,10,5,0,0,5,7,192,3,25,3,8,19,1,2,12,1,0,2,1,2,12,45
-4,11,5,23,6,0,0,0,1,0,1,5,10,0,0,5,7,192,3,19,6,12,17,7,11,16,6,3,1,2,2,12,15
-1,11,6,25,7,0,0,0,1,0,1,7,8,0,0,5,7,192,2,17,9,11,15,6,11,16,8,4,1,1,2,12,30
-8,9,4,20,8,0,0,0,1,0,1,14,1,0,0,5,7,192,2,15,8,11,13,5,12,16,9,4,1,1,1,11,45
-42,9,4,25,7,0,0,0,1,0,1,13,2,0,0,5,7,192,2,15,8,11,13,5,11,15,8,3,1,1,2,12,30
-74,9,4,31,7,0,0,0,1,0,0,10,5,0,0,5,7,192,2,15,8,11,13,4,11,14,7,3,0,1,1,13,15
-15,9,4,27,6,0,0,0,1,0,0,9,6,0,0,5,7,192,2,15,8,11,14,4,10,13,6,3,0,0,2,12,45
1,9,4,22,6,0,0,0,1,0,0,6,9,0,0,5,7,192,3,14,7,10,13,4,9,12,5,3,0,0,2,12,0
1,6,3,23,9,0,1,0,3,0,0,14,1,0,0,5,7,192,6,7,3,4,7,7,9,15,8,5,0,0,2,12,15
18,6,3,14,8,0,1,0,3,0,0,9,6,0,0,5,7,192,6,7,3,4,7,7,8,15,7,4,0,0,2,11,0
3,6,3,18,7,0,1,0,3,0,0,8,7,0,0,5,7,192,6,7,3,5,7,6,7,14,6,3,0,0,2,11,30
-1,6,3,20,6,0,1,0,3,0,0,5,10,0,0,5,7,192,6,7,3,5,7,5,6,13,5,3,0,0,1,11,45
5,5,4,16,5,0,1,1,3,0,0,10,5,0,0,5,7,192,6,6,2,4,6,5,6,15,5,2,0,0,2,11,15
17,5,4,13,5,0,1,1,2,0,0,5,10,0,0,5,7,192,6,6,2,4,6,4,6,14,4,1,0,0,2,10,45
-5,5,4,16,6,0,1,1,2,0,0,1,14,0,0,5,7,192,8,4,1,2,4,3,5,13,3,1,0,0,2,11,15
1,5,4,18,5,0,1,1,2,0,0,12,3,0,0,5,7,192,7,4,1,2,4,2,4,12,3,1,0,0,2,11,30
32,4,4,9,5,0,0,1,2,0,0,12,3,0,0,5,7,192,5,4,2,3,4,2,3,13,4,2,0,0,2,10,15
14,1,1,7,6,0,0,1,2,0,0,1,14,0,0,5,7,192,3,2,1,2,2,2,9,12,7,5,0,0,2,10,0
-7,1,1,11,6,0,0,0,2,0,0,6,9,0,0,5,7,192,3,2,1,2,2,4,9,11,6,5,0,0,1,10,30
-3,0,0,7,6,0,0,0,1,0,1,11,4,0,0,5,7,192,1,1,1,1,1,8,10,10,8,5,0,0,2,10,0
-33,0,0,14,5,0,0,0,1,0,1,8,7,0,0,5,7,192,1,1,1,1,1,7,9,9,7,4,0,0,2,11,0
-14,0,0,3,4,0,0,0,1,0,1,6,9,0,0,5,7,192,0,1,1,1,1,6,8,8,7,3,0,0,2,9,30
18,0,0,3,3,0,0,0,1,0,1,4,11,0,0,5,7,192,0,1,1,1,1,5,7,7,6,3,0,0,2,9,30
20,0,0,5,2,0,1,0,1,0,1,0,3,0,0,5,7,192,1,0,0,0,0,4,6,6,5,2,0,0,2,9,45
-84,0,0,11,2,0,1,0,1,0,0,0,11,0,0,5,7,192,1,0,0,0,0,3,5,5,4,2,0,0,1,10,30
-10,0,0,5,1,0,1,0,1,0,0,0,13,0,0,5,7,192,0,0,0,0,0,2,4,4,4,3,0,0,2,9,45
47,0,0,0,0,0,1,0,1,0,0,0,19,0,1,5,7,192,0,0,0,0,0,3,3,3,3,2,0,0,1,9,0
11,0,0,2,0,0,1,0,0,0,0,0,46,0,0,5,7,192,0,0,0,0,0,2,2,2,2,1,0,0,2,9,15
-11,0,0,0,0,0,0,0,0,0,0,0,47,0,1,5,7,192,0,0,0,0,0,1,1,1,1,1,0,0,1,9,0
20,18,3,49,4,0,0,2,0,0,0,0,15,1,0,4,7,191,1,43,3,7,12,1,3,10,6,5,8,1,2,17,45
25,16,6,47,6,0,0,2,0,0,0,12,3,0,0,4,7,191,2,40,4,7,11,2,8,13,7,6,8,0,1,17,30
16,15,7,45,7,0,0,3,0,0,0,3,12,0,0,4,7,191,3,36,3,6,9,6,8,13,8,5,8,0,2,17,15
70,13,5,40,7,0,0,3,1,0,0,9,6,0,0,4,7,191,3,35,2,4,8,6,9,14,9,6,8,0,2,16,30
14,13,5,44,6,0,0,3,1,0,0,7,8,0,0,4,7,191,3,35,2,4,9,5,8,14,8,5,8,0,2,17,0
25,12,4,45,5,0,0,3,1,0,0,6,9,0,0,4,7,191,2,35,2,5,9,4,7,13,8,4,8,0,2,17,15
51,11,5,31,5,0,0,3,1,0,0,13,2,0,0,4,7,191,2,34,3,4,8,3,6,12,8,3,8,0,2,15,30
26,11,5,47,5,0,0,2,1,0,0,11,4,0,0,4,7,191,2,34,3,4,8,2,5,11,7,3,8,0,1,17,30
52,10,4,37,5,0,0,1,1,0,0,14,1,0,0,4,7,191,1,34,3,4,9,3,5,13,7,4,8,0,2,16,15
14,9,3,35,6,0,0,2,1,0,0,9,6,0,0,4,7,191,3,31,1,3,7,3,6,12,7,4,8,2,3,16,0
28,8,2,35,5,0,0,2,1,0,0,0,15,0,0,4,7,191,2,31,1,3,7,3,6,13,7,5,8,3,3,16,0
14,8,2,37,5,0,0,1,1,0,0,13,2,0,0,4,7,191,2,31,1,3,7,2,6,12,6,4,8,3,2,16,15
19,6,0,33,6,0,0,1,0,0,0,3,12,0,0,4,7,191,1,30,2,5,9,3,7,11,7,5,8,4,2,15,45
3,6,0,42,5,0,0,1,0,0,0,12,3,0,0,4,7,191,0,30,2,5,9,4,8,11,7,4,7,5,1,16,45
52,6,0,26,5,0,1,1,0,0,0,10,5,0,0,4,7,191,2,28,2,4,9,5,7,12,6,4,6,4,2,15,0
-1,6,0,42,4,0,1,1,0,0,0,3,12,0,0,4,7,191,2,28,3,4,9,4,8,11,5,3,5,3,1,16,45
19,6,0,26,3,0,1,1,0,0,0,58,2,0,0,4,7,191,1,28,3,4,10,5,7,10,5,3,5,2,2,15,0
8,6,0,31,5,0,1,0,0,0,0,52,8,0,0,4,7,191,2,26,1,2,9,4,6,10,5,3,4,2,2,15,30
-19,6,1,24,5,0,0,0,0,0,0,40,20,0,0,4,7,191,2,26,2,5,12,3,5,9,4,2,4,1,3,14,45
-44,6,1,29,4,0,0,1,0,0,0,32,28,0,0,4,7,191,2,25,1,4,11,4,4,9,4,1,4,1,2,15,15
5,6,1,29,3,0,0,1,0,0,0,31,29,0,0,4,7,191,1,25,1,4,11,3,3,8,4,2,3,1,2,15,15
-45,6,1,33,2,0,0,1,1,0,0,5,55,0,0,4,7,191,1,24,3,5,12,2,5,12,4,2,3,0,2,15,45
-42,6,1,23,2,0,0,0,1,0,0,3,57,0,0,4,7,191,1,24,3,5,12,1,4,11,3,2,3,0,2,14,30
-44,5,0,24,2,0,0,2,1,0,0,12,3,0,0,4,7,191,1,21,3,7,11,3,7,14,5,2,3,1,3,14,45
73,5,0,13,1,0,0,2,2,0,0,7,8,0,0,4,7,191,2,20,3,7,11,3,8,13,4,1,3,2,1,12,0
-130,5,0,37,0,0,0,2,2,0,0,6,9,0,0,4,7,191,2,20,3,7,11,2,7,12,3,1,3,2,2,16,15
-11,5,0,22,2,0,1,2,1,0,0,7,8,0,0,4,7,191,2,17,4,5,12,6,8,13,5,2,3,3,1,13,30
-28,5,0,21,4,0,1,1,2,0,0,9,6,0,0,4,7,191,3,14,2,3,10,6,9,14,6,2,3,3,1,13,15
-13,5,0,15,3,0,1,1,2,0,0,0,15,0,0,4,7,191,2,14,2,4,11,5,9,14,6,3,3,3,3,12,15
-143,5,0,26,3,0,0,1,2,0,0,13,2,0,0,4,7,191,1,14,2,4,11,5,8,13,6,3,2,3,2,15,0
-15,5,0,16,3,0,0,1,2,0,0,8,7,0,0,4,7,191,2,13,1,4,10,4,7,13,5,3,1,2,1,12,30
-27,5,0,20,3,0,0,1,1,0,0,8,7,0,0,4,7,191,2,13,1,4,10,3,6,12,4,2,1,1,1,13,0
-212,5,0,40,3,0,0,0,1,0,0,14,1,0,0,4,7,191,2,13,2,5,11,2,5,11,3,1,0,1,2,16,30
-31,5,2,16,3,0,0,0,1,0,0,14,1,0,0,4,7,191,2,12,2,6,11,4,6,11,3,2,0,0,1,12,30
-30,5,2,19,2,0,0,0,2,0,0,11,4,0,0,4,7,191,1,11,4,7,11,5,6,11,4,2,0,0,1,12,45
-21,5,2,13,2,0,0,0,1,0,0,10,5,0,0,4,7,191,1,11,4,7,11,4,6,10,3,2,0,0,1,12,0
-62,5,4,16,1,0,0,0,1,0,0,2,13,0,0,4,7,191,0,10,5,8,11,3,5,9,3,2,0,0,1,12,30
-25,5,5,10,3,0,0,0,1,0,0,13,17,0,0,4,7,191,2,8,4,7,8,3,6,9,3,3,0,0,1,11,30
-23,5,5,12,2,0,0,0,1,0,0,13,17,0,0,4,7,191,2,8,4,7,8,2,5,8,2,2,0,0,2,11,45
-42,3,3,9,3,0,1,1,1,0,0,0,15,0,0,4,7,191,2,4,2,4,4,4,6,11,5,4,0,0,2,11,15
-10,3,3,8,2,0,1,1,1,0,0,11,4,0,0,4,7,191,2,4,3,4,4,4,5,10,4,3,0,0,1,11,0
10,1,1,7,3,0,1,1,0,0,0,1,14,0,0,4,7,191,1,3,2,3,3,3,4,9,5,3,0,0,1,10,30
25,1,1,5,2,0,1,1,0,0,0,9,6,0,0,4,7,191,1,3,2,3,3,3,4,8,4,3,0,0,1,10,15
8,0,0,3,3,0,1,1,0,0,0,11,4,0,0,4,7,191,2,1,1,1,1,2,3,7,4,3,0,0,2,10,0
-36,0,0,5,3,0,0,1,0,0,0,0,6,0,0,4,7,191,0,1,1,1,1,2,5,6,5,4,0,0,1,10,15
-50,0,0,3,3,0,0,1,0,0,0,0,31,0,0,4,7,191,0,0,0,0,0,3,5,5,5,3,0,0,2,10,0
-64,0,0,10,2,0,0,1,0,0,0,0,55,0,0,4,7,191,0,0,0,0,0,4,4,4,4,3,0,0,1,11,30
15,0,0,0,1,0,0,1,0,0,0,0,58,0,1,4,7,191,0,0,0,0,0,3,3,3,3,2,0,0,1,9,30
25,0,0,2,1,0,0,0,0,0,0,0,64,0,0,4,7,191,0,0,0,0,0,2,2,2,2,1,0,0,2,9,45
-2,0,0,0,0,0,0,0,0,0,0,0,71,0,1,4,7,191,0,0,0,0,0,1,1,1,1,0,0,0,1,9,30
68,21,3,52,3,0,1,3,0,0,0,8,7,0,0,3,7,190,1,50,4,8,13,4,8,11,7,3,5,1,2,17,15
-35,20,2,54,4,0,2,2,0,0,0,7,8,0,0,3,7,190,1,48,5,6,13,7,7,12,8,4,5,1,2,17,30
34,20,2,54,3,0,2,2,0,0,0,0,15,0,0,3,7,190,1,48,6,6,13,6,7,12,7,3,5,1,2,17,30
-76,20,2,56,4,0,1,2,0,0,0,14,1,1,0,3,7,190,1,47,5,5,12,5,6,11,7,4,4,1,2,17,45
31,20,2,50,5,0,0,2,0,0,0,6,9,0,0,3,7,190,2,46,4,5,13,4,7,14,6,3,4,0,2,17,0
7,19,1,47,4,0,0,2,0,0,0,3,12,0,0,3,7,190,1,46,4,5,13,3,6,13,6,2,4,0,1,16,30
49,19,1,52,4,0,0,1,0,0,1,13,2,0,0,3,7,190,2,45,3,5,13,2,5,13,5,2,4,0,2,17,15
49,18,1,45,4,0,1,0,0,0,1,8,7,0,0,3,7,190,2,44,2,6,12,1,4,12,5,2,4,0,2,16,15
37,18,3,47,4,0,2,0,0,0,1,4,11,0,0,3,7,190,1,42,4,7,12,3,5,14,7,3,4,1,1,16,30
-17,18,3,50,4,0,2,0,0,0,1,9,6,0,0,3,7,190,2,41,4,7,12,2,9,13,6,3,4,1,2,17,0
-8,18,3,45,4,0,2,0,0,0,0,8,7,0,0,3,7,190,2,41,4,8,12,1,8,12,5,2,4,1,2,16,15
-41,15,2,49,7,0,2,0,0,0,0,1,14,0,0,3,7,190,2,37,4,7,13,7,9,15,8,5,3,2,2,16,45
33,15,2,33,7,0,3,0,0,0,0,8,7,0,0,3,7,190,2,35,3,5,11,7,8,16,9,5,3,1,2,14,30
65,15,2,38,6,0,3,0,0,0,0,3,12,0,0,3,7,190,1,35,3,5,12,7,9,15,9,5,3,2,2,15,15
11,15,3,44,5,0,3,0,0,0,0,12,3,0,0,3,7,190,1,35,5,6,12,6,8,15,8,5,3,2,2,16,0
-7,15,3,42,4,0,3,0,0,0,0,10,5,0,0,3,7,190,1,35,5,6,12,5,7,14,7,5,3,2,1,15,45
-21,15,3,36,4,0,2,0,0,0,0,10,5,0,0,3,7,190,1,35,5,6,12,4,6,13,6,4,3,2,2,15,0
-32,15,3,42,3,0,2,0,0,0,0,10,5,0,0,3,7,190,1,35,5,6,12,3,5,12,5,4,3,2,1,15,45
11,14,2,36,4,0,1,0,0,0,1,0,15,0,0,3,7,190,1,33,3,4,11,2,6,11,6,5,2,2,2,15,0
-180,14,2,56,5,0,0,0,0,0,1,34,11,1,0,3,7,190,1,32,2,6,12,3,6,11,6,4,2,1,2,17,45
-30,13,2,34,5,0,1,1,0,0,0,8,37,0,0,3,7,190,2,30,3,6,16,4,8,11,6,4,1,1,2,14,45
1,13,2,32,4,0,1,1,0,0,0,5,40,0,0,3,7,190,2,30,4,7,17,4,7,10,5,3,1,0,1,14,15
-55,12,1,40,3,0,1,2,0,0,0,4,11,0,0,3,7,190,2,29,4,7,17,4,7,14,5,2,1,0,2,15,30
12,12,1,34,2,0,1,2,0,0,0,3,12,0,0,3,7,190,2,29,4,7,17,3,6,13,4,1,1,0,2,14,45
45,12,2,30,3,0,1,2,0,0,0,5,10,0,0,3,7,190,3,27,3,7,17,4,6,14,4,0,1,0,1,13,15
-19,12,2,31,4,0,1,2,0,0,0,8,7,0,0,3,7,190,4,25,2,7,15,4,5,14,4,1,1,0,1,13,30
-146,11,3,40,5,0,1,1,0,0,0,14,1,0,0,3,7,190,4,24,2,9,14,4,5,14,4,1,1,0,2,15,30
-71,11,3,38,4,0,1,1,0,0,0,13,2,0,0,3,7,190,4,24,2,9,14,3,4,13,3,0,1,0,2,15,15
-24,11,4,28,3,0,1,1,1,0,0,14,1,0,0,3,7,190,4,23,4,10,16,2,7,13,3,1,1,0,1,13,0
46,11,6,26,4,0,1,0,1,0,0,0,15,0,0,3,7,190,4,22,6,11,17,2,7,17,3,1,1,0,2,12,45
-9,9,7,25,8,1,2,0,0,0,0,0,15,0,0,3,7,190,3,16,5,6,13,6,10,22,9,2,1,1,2,12,30
1,7,5,26,10,1,2,0,0,0,0,4,11,0,0,3,7,190,3,13,3,5,10,7,10,21,11,2,1,1,2,12,45
-4,7,5,23,9,1,2,0,0,0,0,3,12,0,0,3,7,190,3,13,3,5,10,6,9,20,10,2,1,1,1,12,15
-8,7,5,20,8,1,2,0,0,0,0,2,13,0,0,3,7,190,3,13,3,5,10,5,8,19,9,2,1,1,2,12,0
-52,7,5,28,8,1,1,0,0,0,0,1,14,0,0,3,7,190,3,13,3,6,10,4,7,18,8,2,1,1,1,13,0
14,6,4,20,7,1,2,0,0,0,0,8,7,0,0,3,7,190,2,12,2,6,11,4,7,18,9,4,1,1,2,12,0
29,4,3,14,8,0,3,0,0,0,0,10,5,0,0,3,7,190,2,10,1,5,9,4,10,17,10,4,1,1,2,11,15
6,4,3,16,8,0,2,0,0,0,0,9,6,0,0,3,7,190,2,10,1,5,9,3,9,16,9,3,0,1,2,11,30
-16,2,1,23,7,0,2,0,0,0,0,11,4,0,0,3,7,190,0,10,4,6,10,4,14,15,10,3,0,0,1,12,15
5,2,2,18,6,0,2,0,0,0,0,0,15,0,0,3,7,190,0,10,5,7,10,7,13,14,9,3,0,0,3,11,45
32,2,2,10,8,0,1,0,0,0,0,7,8,0,0,3,7,190,2,8,3,5,8,7,12,15,8,3,0,0,2,10,45
71,2,2,3,9,0,0,0,0,0,0,12,3,0,0,3,7,190,2,7,3,6,7,11,12,14,8,3,0,0,2,9,45
-9,2,2,18,8,0,0,1,0,0,0,8,7,0,0,3,7,190,3,6,3,5,6,10,11,13,7,3,0,0,3,11,45
-15,2,2,20,7,0,0,1,0,0,0,8,7,0,0,3,7,190,3,6,3,5,6,9,10,12,6,3,0,0,2,12,0
-4,2,2,16,6,0,0,1,0,0,0,7,8,0,0,3,7,190,3,6,3,5,6,8,9,12,5,3,0,0,2,11,30
12,2,2,12,6,0,0,1,0,0,0,4,11,0,0,3,7,190,3,5,2,4,5,7,8,11,5,2,0,0,2,11,0
39,1,1,10,5,0,0,1,0,0,0,9,6,0,0,3,7,190,1,5,2,4,5,6,7,10,6,3,0,0,2,10,45
-10,1,1,8,4,0,0,1,0,0,0,6,9,0,0,3,7,190,1,5,2,4,5,5,6,9,5,2,0,0,2,10,30
-33,1,1,12,3,0,0,1,0,0,0,6,9,0,0,3,7,190,1,5,2,5,5,4,5,8,4,2,0,0,2,11,0
-62,1,1,14,3,0,0,0,0,0,0,2,13,0,0,3,7,190,0,5,2,5,5,3,4,8,4,2,0,0,2,11,15
-26,1,1,8,2,0,0,0,0,0,0,1,14,0,0,3,7,190,0,5,3,5,5,2,3,7,3,1,0,0,2,10,30
46,1,1,7,2,0,0,0,0,0,0,13,2,0,0,3,7,190,1,4,3,4,4,2,2,6,2,0,0,0,2,10,15
18,0,0,5,2,0,1,1,0,0,0,14,1,0,0,3,7,190,2,1,1,1,1,1,3,6,3,2,0,0,1,10,0
-5,0,0,0,2,0,1,1,0,0,0,0,30,0,1,3,7,190,0,0,0,0,0,3,4,5,5,3,0,0,1,9,15
-24,0,0,0,2,0,0,1,0,0,0,0,32,0,1,3,7,190,0,0,0,0,0,2,4,4,4,3,0,0,1,9,15
-18,0,0,2,1,0,0,1,0,0,0,0,53,0,0,3,7,190,0,0,0,0,0,2,3,3,3,3,0,0,2,9,30
-23,0,0,5,1,0,0,0,0,0,0,0,71,0,0,3,7,190,0,0,0,0,0,2,2,2,2,2,0,0,1,10,0
2,0,0,3,0,0,0,0,0,0,0,0,90,0,0,3,7,190,0,0,0,0,0,1,1,1,1,1,0,0,2,9,45
-1,16,1,47,0,0,0,0,0,0,0,43,2,1,0,2,7,189,0,47,0,3,9,1,1,5,1,1,2,0,2,18,15
9,15,1,42,1,0,0,1,0,0,0,10,5,0,0,2,7,189,2,44,4,7,12,2,4,10,1,1,2,0,2,17,15
-33,15,1,45,0,0,1,2,0,0,0,18,12,0,0,2,7,189,1,42,4,7,12,3,5,10,3,1,2,0,1,17,30
-27,14,0,42,1,0,0,3,1,0,0,11,4,0,0,2,7,189,2,39,4,5,9,2,8,11,4,3,2,1,2,17,15
-30,14,0,45,1,0,0,3,1,0,0,3,12,0,0,2,7,189,2,38,3,4,9,3,7,10,4,3,2,1,1,17,30
-18,14,1,40,4,0,0,2,1,0,0,6,9,0,0,2,7,189,2,35,1,5,6,6,6,11,6,5,2,1,3,17,0
-12,14,1,38,4,0,0,1,1,0,0,4,11,0,0,2,7,189,2,35,1,5,6,5,6,10,5,4,2,1,2,16,30
-60,14,1,42,5,0,0,1,0,0,0,1,14,0,0,2,7,189,2,34,4,4,6,4,7,10,5,3,1,1,2,17,15
5,14,1,38,4,0,0,1,0,0,0,0,15,0,0,2,7,189,2,34,4,4,6,3,6,9,4,2,1,0,2,16,30
-41,14,1,37,3,0,0,1,0,0,0,14,1,0,0,2,7,189,2,34,4,4,6,2,5,8,3,1,1,0,2,16,15
-53,14,1,40,3,0,0,0,0,0,0,12,3,0,0,2,7,189,2,34,4,4,6,1,4,7,2,1,1,0,3,17,0
-7,13,0,36,5,0,0,1,0,0,0,5,10,0,0,2,7,189,2,30,1,1,7,3,5,7,5,2,1,0,1,16,0
7,13,0,30,4,0,0,1,0,0,0,29,1,0,0,2,7,189,2,30,1,2,8,2,4,7,4,2,1,0,2,15,0
-7,13,0,34,3,0,0,1,0,0,0,23,7,0,0,2,7,189,2,30,1,2,8,1,4,6,3,2,1,0,1,15,30
-17,13,1,32,3,0,0,1,0,0,0,35,10,0,0,2,7,189,2,29,1,5,11,3,3,9,3,2,1,0,1,15,15
-8,13,3,30,3,0,0,0,0,0,0,25,20,0,0,2,7,189,1,29,2,6,12,2,2,8,3,2,1,0,2,15,0
-80,13,3,35,3,0,0,0,0,0,0,11,34,0,0,2,7,189,2,28,4,6,13,1,3,9,2,1,1,0,1,15,45
-47,10,2,29,4,0,0,2,1,0,0,8,7,0,0,2,7,189,2,23,3,6,13,3,6,13,6,3,1,0,2,14,45
11,10,3,24,3,0,0,2,1,0,0,2,13,0,0,2,7,189,2,23,4,7,13,4,7,12,5,3,1,0,1,13,0
-62,9,3,28,4,0,0,3,1,0,0,10,5,0,0,2,7,189,3,20,3,5,12,4,9,15,6,2,1,0,1,14,15
-7,9,3,20,5,0,0,2,1,0,0,5,10,0,0,2,7,189,3,19,2,4,12,5,8,14,6,3,1,0,2,12,30
-14,9,3,27,5,0,0,1,1,0,0,4,11,0,0,2,7,189,3,19,2,4,12,4,7,13,5,2,1,0,1,13,30
0,9,3,24,6,0,0,1,0,0,0,6,9,0,0,2,7,189,3,18,3,5,11,4,6,12,5,1,1,0,1,13,0
-1,7,1,18,5,0,0,2,0,0,0,6,9,0,0,2,7,189,1,17,2,7,11,5,7,12,7,2,1,1,1,12,0
3,7,1,24,4,0,0,2,0,0,0,5,10,0,0,2,7,189,1,17,2,7,11,4,6,12,6,2,1,1,1,13,0
-10,7,2,22,5,0,0,2,0,0,0,9,6,0,0,2,7,189,2,15,1,5,10,3,7,13,6,3,1,1,3,12,45
-28,7,2,22,4,0,0,2,0,0,0,4,11,0,0,2,7,189,2,15,2,6,11,2,6,13,5,3,1,1,3,12,45
34,7,2,14,3,0,0,2,0,0,0,2,13,0,0,2,7,189,2,15,3,6,11,1,5,12,4,3,1,1,2,11,30
-206,6,2,32,5,0,0,2,0,0,0,0,15,0,0,2,7,189,2,12,4,6,11,4,7,14,6,3,0,1,1,15,15
17,6,2,19,4,0,0,2,1,0,0,13,2,0,0,2,7,189,3,11,3,5,10,4,6,13,5,2,0,0,2,12,15
-3,6,2,12,3,0,0,3,1,0,0,1,14,0,0,2,7,189,3,10,3,4,10,4,7,13,5,3,0,0,2,11,15
8,6,2,16,3,0,0,2,1,0,0,14,1,0,0,2,7,189,3,10,3,5,10,3,6,13,4,2,0,0,1,11,45
-17,5,2,11,4,0,0,3,0,0,0,29,1,0,0,2,7,189,3,8,2,4,8,3,8,15,5,2,0,0,2,11,0
-60,5,2,20,4,0,0,2,0,0,0,27,3,0,0,2,7,189,3,8,2,4,8,2,7,14,4,2,0,0,2,12,30
13,4,4,12,3,0,0,2,0,0,1,5,25,0,0,2,7,189,1,7,3,6,7,4,7,14,6,4,0,0,2,11,15
-53,4,4,16,2,0,0,3,0,0,1,6,9,0,0,2,7,189,2,6,4,6,6,5,8,13,5,4,0,0,1,11,45
14,4,4,8,2,0,0,2,0,0,1,3,12,0,0,2,7,189,2,6,4,6,6,4,7,12,4,3,0,0,1,10,30
6,4,4,7,3,0,0,2,0,0,0,13,2,0,0,2,7,189,3,5,4,5,5,3,7,11,3,2,0,0,2,10,0
-23,3,3,10,3,0,0,2,0,0,0,4,11,0,0,2,7,189,3,4,3,4,4,3,9,10,3,2,0,0,1,10,45
-12,3,3,8,3,0,0,1,0,0,0,0,15,0,0,2,7,189,2,4,3,4,4,3,8,9,3,2,0,0,1,10,30
-9,1,1,4,4,0,0,1,1,0,0,12,3,0,0,2,7,189,2,1,1,1,1,4,8,8,5,4,0,0,1,9,30
-117,0,0,14,3,0,0,1,1,0,0,4,11,0,0,2,7,189,0,1,1,1,1,6,7,7,6,5,0,0,2,11,30
12,0,0,2,2,0,0,1,1,0,0,0,3,0,0,2,7,189,0,1,1,1,1,5,6,6,5,4,0,0,2,9,15
4,0,0,2,3,0,0,1,0,0,0,0,15,0,0,2,7,189,1,0,0,0,0,5,5,5,4,3,0,0,2,9,15
10,0,0,4,3,0,0,0,0,0,0,0,20,0,0,2,7,189,0,0,0,0,0,4,4,4,4,2,0,0,1,9,30
-37,0,0,6,2,0,0,0,0,0,0,0,23,0,0,2,7,189,0,0,0,0,0,3,3,3,3,2,0,0,1,9,45
5,0,0,0,1,0,0,0,0,0,0,0,24,0,1,2,7,189,0,0,0,0,0,2,2,2,2,1,0,0,2,9,0
-19,0,0,0,0,0,0,0,0,0,0,0,43,0,1,2,7,189,0,0,0,0,0,1,1,1,1,0,0,0,2,9,0
26,34,2,41,1,0,0,1,0,0,1,32,13,0,0,6,7,186,1,41,2,4,6,3,3,5,3,2,1,0,2,17,0
23,34,3,44,1,0,0,0,0,0,1,18,27,1,0,6,7,186,0,41,2,4,9,2,3,6,3,1,1,0,2,17,30
-2,34,3,42,2,0,0,0,0,0,0,15,30,0,0,6,7,186,1,40,1,3,8,1,2,5,2,1,1,0,1,17,15
1,31,2,40,2,0,0,2,0,0,0,11,4,0,0,6,7,186,1,37,1,2,11,1,4,6,4,2,1,0,1,16,15
-30,29,3,42,1,0,2,2,0,0,0,10,5,0,0,6,7,186,0,35,4,7,15,3,4,7,6,1,1,0,1,17,15
46,29,5,36,1,0,2,1,0,0,0,2,13,0,0,6,7,186,0,35,5,8,15,3,3,9,5,1,1,0,1,15,30
-41,29,5,38,1,0,1,1,0,0,0,29,1,0,0,6,7,186,0,35,5,8,15,2,3,8,4,0,1,0,1,16,0
10,27,4,32,3,0,0,2,1,0,0,2,28,0,0,6,7,186,1,30,4,7,15,1,4,7,6,1,1,0,1,14,45
31,24,6,35,5,0,0,2,2,0,0,16,29,0,0,6,7,186,1,27,3,7,14,3,6,7,9,2,1,0,1,15,15
22,23,5,32,6,0,0,2,2,0,0,9,36,0,0,6,7,186,2,25,3,7,13,2,5,6,9,2,1,0,1,14,45
-68,23,6,37,6,0,0,2,2,0,0,7,8,0,0,6,7,186,2,24,4,7,14,3,4,6,9,3,1,0,2,15,45
39,19,4,30,9,0,0,2,2,0,0,9,6,0,0,6,7,186,2,20,3,5,13,3,4,11,12,7,1,0,1,13,30
85,19,4,21,8,0,0,2,2,0,0,7,8,0,0,6,7,186,2,20,3,5,14,2,3,11,11,6,1,0,3,12,15
85,19,4,28,8,0,0,2,1,0,0,7,8,0,0,6,7,186,2,20,3,5,14,1,2,10,10,6,1,0,1,13,0
3,15,8,31,11,0,0,2,1,0,0,1,14,0,0,6,7,186,1,16,5,9,14,2,7,19,14,6,1,0,2,14,15
66,12,7,26,13,0,0,3,2,0,0,4,11,0,0,6,7,186,3,11,3,7,11,4,12,20,16,8,1,0,1,12,45
42,9,6,23,13,0,0,3,3,0,0,12,3,0,0,6,7,186,2,9,4,7,9,9,15,22,18,10,1,1,2,12,30
36,9,6,29,13,0,0,3,2,0,0,11,4,0,0,6,7,186,2,9,4,7,9,8,14,21,17,9,1,1,1,13,15
31,9,6,26,12,0,0,3,2,0,0,10,5,0,0,6,7,186,2,9,5,7,9,7,13,20,16,9,1,1,1,12,45
-4,7,4,23,12,0,0,3,2,0,0,3,12,0,0,6,7,186,1,8,5,6,8,9,13,20,17,9,1,1,2,12,30
6,7,5,21,12,0,0,3,2,0,0,1,14,0,0,6,7,186,2,7,4,5,7,8,12,19,16,9,1,1,3,12,15
-96,7,5,34,12,0,0,2,2,0,0,13,2,0,0,6,7,186,2,7,4,6,7,7,12,18,15,9,1,1,1,15,0
24,6,4,23,11,0,0,2,2,0,0,9,6,0,0,6,7,186,1,6,4,6,7,6,12,17,15,9,1,1,2,12,30
21,6,5,13,10,0,0,2,2,0,1,5,10,0,0,6,7,186,2,6,3,6,6,6,11,17,14,8,1,1,2,11,0
50,5,4,19,10,0,0,2,2,0,1,13,2,0,0,6,7,186,2,5,3,5,5,6,11,16,14,8,1,1,2,12,0
2,5,5,19,9,0,1,2,2,0,1,8,7,0,0,6,7,186,2,4,2,4,4,6,10,15,14,8,1,1,2,12,0
70,5,5,18,8,0,1,2,2,0,1,6,9,0,0,6,7,186,2,4,2,4,4,6,9,15,13,7,1,1,2,11,45
-109,4,4,38,7,0,1,2,2,0,1,4,11,0,0,6,7,186,1,4,2,4,4,5,8,14,13,7,1,1,1,16,0
94,3,3,13,6,0,1,3,2,0,1,5,10,0,0,6,7,186,1,3,3,3,3,6,8,14,13,8,0,1,2,11,0
34,3,3,15,6,0,1,2,2,0,1,3,12,0,0,6,7,186,1,3,3,3,3,6,7,13,12,8,0,0,1,11,15
20,3,3,17,6,0,2,2,1,0,1,12,3,0,0,6,7,186,2,2,2,2,2,5,8,13,11,7,0,0,1,11,30
53,3,3,11,5,0,2,2,1,0,1,7,8,0,0,6,7,186,2,2,2,2,2,4,7,13,10,6,0,0,2,10,45
103,2,2,4,4,0,2,2,1,0,1,1,14,0,0,6,7,186,1,2,2,2,2,3,7,12,10,6,0,0,2,9,45
19,2,2,15,4,0,2,2,1,0,1,11,4,0,0,6,7,186,2,1,1,1,1,3,6,11,9,5,0,0,1,11,15
38,1,1,9,5,0,2,2,0,0,1,4,11,0,0,6,7,186,2,0,0,0,0,2,6,11,9,6,0,0,2,10,30
54,0,0,8,5,0,2,1,0,0,1,14,1,0,0,6,7,186,1,0,0,0,0,4,6,10,9,5,0,0,2,10,15
4,0,0,9,5,0,1,1,0,0,1,3,12,0,0,6,7,186,1,0,0,0,0,4,6,9,8,5,0,0,2,10,30
48,0,0,1,5,0,0,1,0,0,1,0,15,0,0,6,7,186,1,0,0,0,0,3,5,8,7,4,0,0,2,9,15
56,0,0,6,4,0,0,1,0,0,1,5,10,0,0,6,7,186,0,0,0,0,0,3,6,7,7,5,0,0,1,10,0
42,0,0,0,3,0,0,1,0,0,1,0,8,0,1,6,7,186,0,0,0,0,0,2,6,6,6,4,0,0,1,9,0
-30,0,0,4,2,0,0,1,0,0,1,0,23,0,0,6,7,186,0,0,0,0,0,4,5,5,5,4,0,0,2,9,45
-4,0,0,11,2,0,0,1,0,0,0,0,39,0,0,6,7,186,0,0,0,0,0,4,4,4,4,3,0,0,2,10,45
21,0,0,2,1,0,0,1,0,0,0,0,47,0,0,6,7,186,0,0,0,0,0,3,3,3,3,3,0,0,2,9,30
53,0,0,2,1,0,0,0,0,0,0,0,49,0,0,6,7,186,0,0,0,0,0,2,2,2,2,2,0,0,2,9,30
44,0,0,6,0,0,0,0,0,0,0,0,64,0,0,6,7,186,0,0,0,0,0,1,1,1,1,1,0,0,1,10,0
47,19,3,46,3,0,0,0,0,0,0,10,5,0,0,4,7,184,2,44,2,4,9,1,2,7,2,1,4,0,1,17,30
79,16,0,40,3,0,1,1,1,0,0,3,27,0,0,4,7,184,0,40,0,4,8,3,5,8,7,4,4,1,2,16,30
22,16,0,42,2,0,1,1,1,0,0,7,8,0,0,4,7,184,0,40,1,5,8,2,5,8,6,4,4,2,2,17,0
1,16,0,44,1,0,1,1,1,0,0,3,12,0,0,4,7,184,0,40,1,6,8,1,4,8,5,4,4,2,1,17,15
35,16,1,37,3,0,0,1,1,0,1,12,18,0,0,4,7,184,3,37,4,5,8,3,5,10,4,3,4,2,1,16,0
-20,16,1,42,3,0,0,0,1,0,2,5,25,0,0,4,7,184,2,36,3,4,8,2,4,10,5,3,3,2,2,17,0
-36,16,2,39,3,0,0,0,1,0,1,1,29,0,0,4,7,184,2,36,3,4,8,1,3,9,4,3,2,1,2,16,15
-1,15,1,36,4,0,0,1,1,0,1,12,3,0,0,4,7,184,1,33,1,3,8,2,6,8,7,2,2,1,2,15,30
-51,15,1,47,3,0,0,1,1,0,1,0,15,1,0,4,7,184,0,33,1,4,10,3,6,8,7,3,2,1,1,17,45
-54,14,2,40,3,0,0,1,1,0,1,9,6,0,0,4,7,184,0,32,2,4,12,4,6,7,7,3,2,1,2,16,30
-27,14,2,44,3,0,0,1,0,0,1,6,9,0,0,4,7,184,0,32,2,4,12,3,5,8,6,3,2,1,1,17,15
-1,14,3,35,4,0,0,1,0,0,0,37,8,0,0,4,7,184,1,31,3,4,12,4,4,10,5,2,2,1,1,15,15
-9,14,3,33,4,0,0,1,0,0,0,29,16,0,0,4,7,184,2,30,2,5,11,3,3,11,4,2,1,1,1,15,0
-37,14,4,37,4,0,0,1,0,0,0,17,28,0,0,4,7,184,2,29,1,5,10,2,3,11,4,2,1,0,1,16,0
32,13,4,32,3,0,0,2,0,0,0,8,37,0,0,4,7,184,2,28,1,6,11,1,2,10,4,3,1,0,2,14,45
4,11,3,31,4,0,0,3,0,0,1,6,9,0,0,4,7,184,3,24,4,5,12,3,8,15,6,4,1,1,1,14,30
14,9,1,27,6,0,0,3,0,0,2,8,7,0,0,4,7,184,2,20,1,4,11,7,13,14,10,6,1,1,2,13,15
14,9,1,28,5,0,0,3,0,0,2,7,8,0,0,4,7,184,2,20,1,4,11,6,12,14,9,6,1,1,1,13,30
20,8,0,25,5,0,1,2,0,0,2,0,15,0,0,4,7,184,2,19,1,5,11,6,12,14,9,5,1,1,1,13,0
-115,8,0,33,4,0,1,2,0,0,2,14,1,0,0,4,7,184,2,19,1,5,11,5,11,13,8,4,1,1,1,15,0
-12,8,0,25,4,0,1,2,0,0,1,13,2,0,0,4,7,184,2,19,2,5,11,4,10,12,7,4,0,1,1,13,0
-55,8,0,28,4,0,1,2,0,0,0,2,13,0,0,4,7,184,1,19,3,6,12,5,9,11,7,3,0,0,1,13,30
9,8,0,21,3,0,1,2,0,0,0,1,14,0,0,4,7,184,1,19,3,6,12,4,8,10,6,2,0,0,2,12,30
-21,8,1,30,2,0,1,2,0,0,0,2,13,0,0,4,7,184,1,19,5,7,15,7,7,10,5,1,0,0,1,14,15
3,8,2,19,2,0,1,2,0,0,1,23,7,0,0,4,7,184,2,17,4,6,14,6,6,9,5,0,0,0,2,12,15
-4,8,2,21,1,0,1,2,0,0,1,20,10,0,0,4,7,184,2,17,4,6,14,5,5,8,4,0,0,0,2,12,30
-34,8,3,23,1,0,1,2,0,0,1,13,17,0,0,4,7,184,2,16,3,6,15,4,4,8,4,1,0,0,2,12,45
-44,8,3,19,1,0,0,2,0,0,1,11,19,0,0,4,7,184,2,16,3,7,15,3,3,8,3,1,0,0,2,12,15
6,8,3,23,1,0,0,1,0,0,1,8,22,0,0,4,7,184,2,16,4,7,15,2,2,7,2,0,0,0,2,12,45
-7,8,4,16,2,0,0,2,0,0,0,3,27,0,0,4,7,184,4,14,2,5,13,1,2,8,1,0,0,0,2,11,45
-54,5,5,17,3,0,0,4,1,0,0,7,8,0,0,4,7,184,2,9,4,8,9,3,6,16,7,6,0,0,2,12,0
-67,4,4,17,2,0,0,4,1,0,0,1,14,0,0,4,7,184,1,9,5,8,9,2,6,16,7,6,0,0,2,12,0
14,2,2,11,3,0,1,4,1,0,1,9,6,0,0,4,7,184,2,5,4,4,5,3,11,16,9,6,0,0,1,10,30
-36,1,1,11,5,0,2,4,1,0,1,2,13,0,0,4,7,184,3,1,0,1,1,8,13,15,11,6,0,0,1,10,30
-23,0,0,14,5,0,2,3,1,0,1,12,3,0,0,4,7,184,2,1,0,1,1,9,12,14,11,7,0,0,1,11,15
-3,0,0,14,5,0,2,2,1,0,1,7,8,0,0,4,7,184,1,1,0,1,1,8,11,13,11,6,0,0,1,11,15
14,0,0,13,5,0,2,1,1,0,1,6,9,0,0,4,7,184,1,1,0,1,1,7,11,12,10,5,0,0,2,10,45
8,0,0,7,5,0,2,0,1,0,1,10,5,0,0,4,7,184,0,1,1,1,1,7,11,11,10,4,0,0,2,10,0
-41,0,0,7,4,0,2,0,1,0,1,9,6,0,0,4,7,184,0,1,1,1,1,6,10,10,9,4,0,0,2,10,0
-10,0,0,5,3,0,2,0,1,0,1,6,9,0,0,4,7,184,0,1,1,1,1,6,9,9,8,4,0,0,2,9,45
-32,0,0,9,3,0,2,0,1,0,0,4,11,0,0,4,7,184,0,1,1,1,1,6,8,8,7,4,0,0,2,10,15
14,0,0,9,2,0,2,0,1,0,0,1,14,0,0,4,7,184,0,1,1,1,1,5,7,7,6,3,0,0,2,10,15
34,0,0,5,1,0,2,0,1,0,0,0,1,0,0,4,7,184,0,1,1,1,1,4,6,6,5,2,0,0,2,9,45
28,0,0,2,2,0,1,0,1,0,0,0,11,0,0,4,7,184,1,0,0,0,0,4,5,5,4,1,0,0,2,9,15
-4,0,0,3,1,0,1,0,1,0,0,0,21,0,0,4,7,184,1,0,0,0,0,4,4,4,3,1,0,0,2,9,30
30,0,0,0,1,0,0,0,1,0,0,0,24,0,1,4,7,184,0,0,0,0,0,3,3,3,3,2,0,0,1,9,0
29,0,0,3,1,0,0,0,0,0,0,0,39,0,0,4,7,184,0,0,0,0,0,2,2,2,2,1,0,0,2,9,30
-23,0,0,0,0,0,0,0,0,0,0,0,48,0,1,4,7,184,0,0,0,0,0,1,1,1,1,1,0,0,1,9,0
-7,18,1,51,1,0,1,3,0,0,0,6,9,1,0,3,7,183,2,47,1,4,11,2,5,10,4,2,3,0,2,17,30
-25,18,2,49,2,0,0,3,0,0,0,13,17,0,0,3,7,183,1,46,2,6,12,4,5,10,5,2,3,1,2,17,15
6,18,2,51,2,0,0,2,0,0,0,2,28,1,0,3,7,183,1,46,4,8,12,4,5,13,4,2,3,1,2,17,30
-9,18,3,47,2,0,0,1,0,0,1,4,11,0,0,3,7,183,1,45,5,8,11,3,7,12,4,3,3,1,2,17,0
14,17,2,47,3,0,0,0,0,0,1,1,14,0,0,3,7,183,1,44,4,7,10,2,6,12,4,3,3,1,2,17,0
3,17,3,44,4,0,0,1,0,0,0,4,11,0,0,3,7,183,3,42,4,7,9,2,5,12,3,2,2,1,1,16,15
76,16,3,42,4,0,0,3,0,0,0,24,6,0,0,3,7,183,3,39,3,5,8,4,6,12,5,3,2,0,2,16,0
-6,16,3,40,5,0,0,2,0,0,0,16,14,0,0,3,7,183,3,38,4,4,7,3,8,11,5,4,2,0,2,15,45
-89,16,3,49,5,0,0,1,0,0,0,15,15,0,0,3,7,183,3,38,4,4,7,2,7,10,4,3,2,0,2,17,15
-10,16,3,46,4,0,0,2,0,0,0,11,19,0,0,3,7,183,4,37,3,3,7,2,6,9,3,2,2,0,2,16,30
-24,14,1,42,4,0,1,3,0,0,0,14,1,0,0,3,7,183,4,34,0,1,6,5,7,11,5,1,2,0,2,16,0
12,13,1,40,3,0,1,3,0,0,0,27,3,0,0,3,7,183,2,34,1,3,9,5,7,10,6,2,2,0,2,15,45
-67,13,1,44,3,0,1,2,0,0,0,19,11,0,0,3,7,183,1,34,1,3,9,5,6,10,6,3,2,0,1,16,15
28,13,1,33,2,0,1,2,0,0,0,18,12,0,0,3,7,183,1,34,1,3,10,4,5,9,5,3,2,0,2,14,45
9,13,1,38,1,0,1,2,0,0,0,17,13,0,0,3,7,183,1,34,1,3,10,3,4,9,4,3,2,0,2,15,15
12,13,2,33,1,0,0,2,0,0,0,4,26,0,0,3,7,183,1,34,2,5,12,3,3,8,3,3,2,0,2,14,45
-38,13,2,38,0,0,0,2,1,0,0,38,7,0,0,3,7,183,1,33,2,5,11,2,5,8,3,3,2,1,2,15,15
-1,13,3,33,0,0,0,1,1,0,1,26,19,0,0,3,7,183,2,32,2,5,11,1,4,7,2,2,2,1,2,14,45
-43,11,2,36,2,0,0,0,1,0,1,2,13,0,0,3,7,183,2,29,3,7,13,3,5,11,4,4,1,2,2,15,0
56,11,3,26,2,0,0,0,1,0,0,13,2,0,0,3,7,183,2,29,4,7,13,2,5,12,3,3,1,1,2,12,30
21,11,3,31,2,0,0,0,0,0,0,13,2,0,0,3,7,183,2,29,4,7,14,1,4,11,2,2,1,1,1,13,30
-66,10,4,32,4,0,0,2,0,0,0,6,9,0,0,3,7,183,1,25,3,7,13,3,5,15,6,5,0,1,3,14,15
-89,10,4,36,3,0,0,2,0,0,1,3,12,0,0,3,7,183,2,24,2,7,13,2,5,15,5,5,0,0,2,15,0
46,8,4,24,2,0,0,2,2,0,1,0,15,0,0,3,7,183,2,22,3,6,12,2,6,14,6,5,0,0,1,12,15
16,7,5,22,2,0,0,3,2,0,0,4,11,0,0,3,7,183,2,21,5,8,15,5,9,16,6,5,0,0,2,12,0
-5,6,4,30,2,0,0,4,2,0,0,9,6,0,0,3,7,183,1,19,5,7,14,6,9,15,8,6,0,0,1,13,15
16,6,4,24,1,0,0,5,2,0,0,5,10,0,0,3,7,183,2,18,4,7,14,6,10,14,7,5,0,0,1,12,15
-7,6,4,27,2,0,0,4,2,0,0,2,13,0,0,3,7,183,3,17,3,6,13,5,10,13,6,4,0,0,1,12,45
-18,5,3,29,2,0,0,3,2,0,0,11,4,0,0,3,7,183,2,17,4,7,13,4,9,12,6,3,0,0,1,13,0
-12,4,2,22,2,0,0,4,1,0,0,14,1,0,0,3,7,183,1,16,3,7,14,4,8,12,7,3,0,0,2,12,0
-6,4,2,20,2,0,0,3,1,0,0,14,1,0,0,3,7,183,1,16,3,7,14,3,7,11,6,3,0,0,2,11,45
2,4,3,18,3,0,0,3,1,0,0,9,6,0,0,3,7,183,3,14,2,5,13,4,7,10,5,3,0,0,2,11,30
24,2,2,16,4,0,0,2,1,0,0,6,9,0,0,3,7,183,1,13,3,6,13,5,8,14,7,3,0,0,2,11,15
7,2,2,16,3,0,0,2,1,0,0,13,2,0,0,3,7,183,1,13,4,8,13,4,7,14,6,2,0,0,2,11,15
8,2,2,13,3,0,0,2,1,0,0,9,6,0,0,3,7,183,1,12,3,7,12,4,6,13,6,2,0,0,2,10,45
61,2,2,14,3,0,0,2,0,0,0,7,8,0,0,3,7,183,1,12,4,7,12,4,5,12,5,2,0,0,2,11,0
-29,2,2,18,4,0,0,1,0,0,0,4,11,0,0,3,7,183,2,11,3,7,11,3,4,11,4,1,0,0,2,11,30
-25,2,2,20,5,0,0,1,0,0,0,12,3,0,0,3,7,183,3,9,4,7,9,3,4,13,4,2,0,0,2,11,45
31,1,1,11,4,0,0,1,1,0,0,8,7,0,0,3,7,183,2,8,3,7,8,2,3,12,5,2,0,0,1,10,30
-125,0,0,27,4,0,0,1,1,0,0,10,5,0,0,3,7,183,1,7,3,7,7,1,6,12,6,4,0,0,1,12,45
-41,0,0,11,7,0,0,1,1,0,0,1,14,0,0,3,7,183,2,3,3,3,3,6,9,13,8,3,0,0,1,10,30
-35,0,0,14,8,0,0,1,1,0,0,3,12,0,0,3,7,183,2,1,1,1,1,7,9,12,9,5,0,0,2,11,0
12,0,0,7,7,0,0,1,1,0,0,1,14,0,0,3,7,183,2,1,1,1,1,6,8,11,8,4,0,0,2,10,0
-7,0,0,9,6,0,0,2,1,0,0,0,1,0,0,3,7,183,3,0,0,0,0,6,7,10,7,4,0,0,2,10,15
55,0,0,0,6,0,0,2,0,0,0,0,1,0,1,3,7,183,3,0,0,0,0,5,7,9,6,4,0,0,1,9,0
-12,0,0,5,5,0,0,2,0,0,0,0,8,0,0,3,7,183,1,0,0,0,0,4,7,8,7,5,0,0,2,9,45
-5,0,0,3,4,0,0,2,0,0,0,0,16,0,0,3,7,183,0,0,0,0,0,3,6,7,7,6,0,0,2,9,30
-2,0,0,7,4,0,0,1,0,0,0,0,26,0,0,3,7,183,0,0,0,0,0,3,5,6,6,6,0,0,2,10,0
-63,0,0,9,3,0,0,1,0,0,0,0,29,0,0,3,7,183,0,0,0,0,0,2,5,5,5,5,0,0,2,10,15
-33,0,0,5,2,0,0,1,0,0,0,0,47,0,0,3,7,183,0,0,0,0,0,3,4,4,4,4,0,0,2,9,45
-4,0,0,0,1,0,0,1,0,0,0,0,61,0,1,3,7,183,0,0,0,0,0,3,3,3,3,3,0,0,1,9,0
-43,0,0,3,1,0,0,0,0,0,0,0,66,0,0,3,7,183,0,0,0,0,0,2,2,2,2,2,0,0,2,9,30
-18,0,0,2,0,0,0,0,0,0,0,0,87,0,0,3,7,183,0,0,0,0,0,1,1,1,1,1,0,0,2,9,15
31,34,5,47,4,0,1,2,0,0,0,5,10,0,0,2,7,182,0,47,6,8,12,5,7,11,8,3,5,1,1,16,30
-9,34,5,52,6,0,1,1,0,0,0,12,3,0,0,2,7,182,2,45,4,7,11,5,7,12,7,2,5,2,1,17,15
-23,34,5,52,6,0,1,1,0,0,0,4,11,0,0,2,7,182,3,44,4,6,10,4,9,12,6,1,5,2,1,17,15
2,33,5,49,7,0,0,1,0,0,0,11,4,0,0,2,7,182,2,43,4,5,9,4,8,12,7,2,4,2,2,16,45
-12,33,5,54,7,0,0,1,0,0,0,8,7,1,0,2,7,182,3,42,3,4,8,3,7,12,6,2,4,1,2,17,30
-1,32,5,50,7,0,0,1,0,0,0,4,11,0,0,2,7,182,3,41,2,4,7,2,6,11,6,2,4,1,2,17,0
36,30,4,42,8,0,0,1,0,0,0,12,3,0,0,2,7,182,2,39,1,4,7,5,5,12,8,1,4,1,3,16,0
-3,29,3,44,7,0,0,1,0,0,0,1,14,0,0,2,7,182,1,39,3,4,7,4,5,12,8,1,3,1,2,16,15
10,29,3,47,8,0,0,0,0,0,0,9,6,0,0,2,7,182,2,38,2,4,8,3,6,12,7,1,3,0,1,16,30
0,29,3,44,7,0,0,0,0,0,0,6,9,0,0,2,7,182,2,38,3,4,8,2,5,11,6,1,3,0,2,16,15
6,29,3,42,6,0,0,0,0,0,0,6,9,0,0,2,7,182,2,38,3,4,8,1,4,10,5,0,3,0,3,16,0
-27,26,1,37,7,0,0,1,0,0,0,4,11,0,0,2,7,182,1,35,1,3,13,5,7,13,8,1,3,1,1,15,15
9,26,1,40,7,0,0,1,0,0,0,13,2,0,0,2,7,182,1,34,1,2,14,4,7,12,8,1,3,1,2,15,45
22,26,1,39,6,0,0,1,0,0,0,11,4,0,0,2,7,182,1,34,1,3,14,3,7,11,7,1,3,1,2,15,30
5,26,1,35,5,0,0,1,0,0,0,43,2,0,0,2,7,182,1,34,2,7,17,4,6,13,6,1,2,1,2,15,0
37,26,2,35,4,0,0,1,0,0,0,39,6,0,0,2,7,182,1,34,2,7,17,3,6,14,5,1,2,0,2,15,0
-57,26,6,50,4,0,0,1,0,0,0,16,29,0,0,2,7,182,1,33,5,9,20,4,7,14,5,2,2,1,2,17,0
27,26,7,33,3,0,0,1,0,0,0,14,31,0,0,2,7,182,1,33,6,10,20,3,6,13,4,2,2,1,2,14,45
-104,25,6,44,4,0,0,0,0,0,0,2,43,0,0,2,7,182,0,32,7,12,21,3,6,13,5,3,2,1,2,16,15
5,25,7,33,3,0,0,0,0,0,0,13,2,0,0,2,7,182,0,32,8,12,21,3,5,12,4,3,2,1,2,14,45
-8,25,8,31,7,0,0,0,0,0,0,12,3,0,0,2,7,182,3,27,4,10,17,3,7,14,5,3,2,1,1,14,15
-77,21,7,32,8,0,0,0,1,0,0,13,2,0,0,2,7,182,2,24,4,10,16,3,8,14,8,6,2,1,2,14,30
72,21,7,19,7,0,0,0,1,0,0,12,3,0,0,2,7,182,2,24,4,10,16,2,7,13,7,6,1,1,2,12,0
7,19,7,27,8,0,0,0,1,0,0,7,8,0,0,2,7,182,2,22,5,11,16,6,8,15,8,6,1,0,1,13,0
21,17,8,29,10,0,1,0,1,0,0,0,15,0,0,2,7,182,1,18,5,8,15,6,9,15,12,8,1,0,1,13,15
-12,17,8,30,9,0,1,0,1,0,0,14,1,0,0,2,7,182,1,17,5,8,15,5,8,14,11,7,1,0,1,13,30
17,17,8,23,10,0,1,0,0,0,0,14,1,0,0,2,7,182,2,17,4,7,14,4,7,13,10,7,1,0,2,12,30
-92,17,8,37,9,0,1,0,0,0,0,11,4,0,0,2,7,182,2,17,4,8,14,3,8,13,9,6,1,0,1,15,15
-32,17,8,27,9,0,0,0,0,0,0,9,6,0,0,2,7,182,2,17,5,8,14,3,7,15,8,5,1,0,1,13,0
-12,14,7,23,10,0,1,0,0,0,1,5,10,0,0,2,7,182,3,13,3,5,13,3,9,17,10,7,1,0,2,12,30
16,12,6,25,9,0,1,0,0,0,1,11,4,0,0,2,7,182,1,12,4,6,13,5,8,16,11,8,1,0,2,12,45
16,11,6,19,8,0,1,0,1,0,2,9,6,0,0,2,7,182,2,11,3,7,11,6,8,16,11,7,1,0,2,12,0
62,9,5,13,8,0,1,0,1,0,2,1,14,0,0,2,7,182,1,10,2,7,10,6,7,16,12,8,1,0,1,11,0
16,9,6,21,7,0,1,0,1,0,2,13,2,0,0,2,7,182,1,10,3,7,10,5,6,16,11,7,1,0,2,12,15
0,9,6,25,6,0,1,0,1,0,2,12,3,0,0,2,7,182,1,9,3,7,10,4,6,15,10,6,1,0,2,12,45
15,8,5,18,8,0,0,0,1,0,2,11,4,0,0,2,7,182,2,8,2,7,8,3,10,15,10,7,1,1,2,11,45
37,8,5,16,7,0,0,0,1,0,2,10,5,0,0,2,7,182,2,8,3,7,8,3,10,14,9,6,1,1,1,11,30
45,8,6,21,6,0,0,0,1,0,2,9,6,0,0,2,7,182,2,8,4,8,8,2,9,13,8,6,1,1,2,12,15
50,5,5,11,6,0,1,0,2,0,2,10,5,0,0,2,7,182,2,5,4,5,5,8,9,16,10,5,1,1,2,10,45
48,3,3,9,6,0,1,2,1,0,2,12,3,0,0,2,7,182,2,3,3,3,3,7,10,15,11,7,1,1,2,10,30
48,3,3,13,5,0,1,2,1,0,2,11,4,0,0,2,7,182,2,3,3,3,3,6,9,14,10,7,1,1,1,11,0
65,3,3,7,5,0,1,2,1,0,1,11,4,0,0,2,7,182,2,3,3,3,3,5,8,13,9,6,1,1,2,10,15
-200,3,3,40,4,0,1,2,1,0,1,10,5,0,0,2,7,182,2,3,3,3,3,4,7,12,8,5,0,1,2,15,45
9,3,3,7,4,0,0,2,1,0,1,8,7,0,0,2,7,182,2,3,3,3,3,3,6,11,7,4,0,0,2,10,15
16,3,3,16,5,0,0,2,1,0,1,1,14,0,0,2,7,182,3,1,1,1,1,3,6,11,7,4,0,0,1,11,30
7,3,3,11,4,0,0,2,1,0,1,11,4,0,0,2,7,182,2,1,1,1,1,2,5,10,7,4,0,0,2,10,45
68,0,0,5,4,0,0,2,1,0,1,2,13,0,0,2,7,182,0,0,0,0,0,4,8,9,9,4,0,0,2,10,0
33,0,0,5,4,0,0,2,0,0,1,24,6,0,0,2,7,182,0,0,0,0,0,3,7,8,8,3,0,0,2,10,0
-67,0,0,15,4,0,0,2,0,0,0,13,17,0,0,2,7,182,0,0,0,0,0,4,6,7,7,3,0,0,2,11,15
-34,0,0,9,4,0,0,1,0,0,0,6,24,0,0,2,7,182,0,0,0,0,0,4,6,6,6,2,0,0,2,10,30
10,0,0,4,3,0,0,1,0,0,0,0,9,0,0,2,7,182,0,0,0,0,0,4,5,5,5,1,0,0,2,9,45
43,0,0,0,2,0,0,1,0,0,0,0,15,0,1,2,7,182,0,0,0,0,0,3,4,4,4,1,0,0,2,9,0
39,0,0,0,1,0,0,1,0,0,0,0,21,0,1,2,7,182,0,0,0,0,0,2,3,3,3,1,0,0,2,9,0
44,0,0,2,1,0,0,0,0,0,0,0,27,0,0,2,7,182,0,0,0,0,0,2,2,2,2,1,0,0,1,9,30
74,0,0,2,0,0,0,0,0,0,0,0,53,0,0,2,7,182,0,0,0,0,0,1,1,1,1,0,0,0,1,9,30
1,23,4,52,1,0,2,1,0,0,1,1,14,1,0,6,6,179,0,48,3,8,11,5,7,12,6,2,6,1,2,17,30
-15,23,4,52,1,0,2,1,0,0,0,0,15,1,0,6,6,179,0,48,3,8,11,4,6,11,5,2,6,1,2,17,30
13,23,4,48,1,0,2,1,0,0,0,8,7,0,0,6,6,179,1,47,3,7,10,3,5,11,4,2,6,1,2,17,0
4,22,3,48,1,0,1,1,0,0,0,7,8,0,0,6,6,179,0,47,3,7,10,2,4,10,4,3,6,1,2,17,0
10,22,3,50,1,0,0,1,0,0,0,5,10,0,0,6,6,179,0,47,3,7,10,1,3,9,3,2,6,1,2,17,15
17,20,2,47,4,0,1,0,0,0,1,10,5,0,0,6,6,179,2,42,3,5,8,2,7,9,5,3,5,3,2,16,45
23,19,2,45,3,0,1,0,0,0,1,4,11,0,0,6,6,179,1,42,4,5,10,3,6,8,5,4,5,2,1,16,30
13,19,2,43,4,0,1,2,0,0,1,4,11,0,0,6,6,179,3,38,1,3,8,5,7,10,6,4,5,2,2,16,15
-16,19,2,41,4,0,1,2,0,0,0,4,11,0,0,6,6,179,3,38,1,3,8,4,6,9,5,4,5,2,2,16,0
34,19,2,39,4,0,1,2,0,0,0,14,1,0,0,6,6,179,4,37,0,2,7,3,5,8,4,3,4,2,2,15,45
19,19,2,39,4,0,0,2,0,0,0,9,6,0,0,6,6,179,2,37,0,2,9,3,4,8,5,3,4,1,2,15,45
-40,18,1,50,3,0,0,2,0,0,0,12,3,0,0,6,6,179,1,37,2,3,10,2,3,8,5,2,3,1,2,17,15
-47,17,0,43,2,0,0,2,0,0,0,9,6,0,0,6,6,179,0,37,2,5,12,2,3,8,5,2,3,0,2,16,15
-25,17,0,41,4,0,0,1,0,0,0,6,9,0,0,6,6,179,1,35,2,5,10,1,4,10,5,2,3,1,2,16,0
-43,17,3,32,6,0,0,1,0,0,0,24,21,0,0,6,6,179,2,32,3,7,15,4,6,11,6,3,3,1,2,14,45
-2,17,3,38,6,0,0,1,0,0,0,17,28,0,0,6,6,179,3,31,3,6,14,3,6,10,5,2,2,1,2,15,30
15,17,3,34,5,0,0,1,1,0,0,7,38,0,0,6,6,179,3,30,3,5,15,3,7,10,5,1,2,2,2,15,0
-7,17,3,32,5,0,0,1,1,0,0,24,6,0,0,6,6,179,3,29,3,5,16,3,6,10,5,2,2,2,2,14,45
39,15,2,31,6,0,1,0,1,0,0,13,17,0,0,6,6,179,3,27,2,5,15,4,5,12,6,3,2,2,2,14,30
-62,15,3,36,5,0,1,0,1,0,0,5,25,0,0,6,6,179,2,27,2,6,16,4,4,12,6,2,2,2,1,15,15
-46,14,3,30,7,0,1,0,0,0,0,2,13,0,0,6,6,179,3,25,3,8,17,3,5,15,6,2,2,2,1,14,15
-96,14,3,36,6,0,1,0,0,0,0,0,15,0,0,6,6,179,3,25,3,8,17,2,4,15,5,1,1,2,1,15,15
-107,14,4,34,6,0,0,0,0,0,0,11,4,0,0,6,6,179,2,25,4,10,17,1,4,15,5,2,0,1,2,15,0
-11,12,4,24,9,0,0,0,0,0,0,5,10,0,0,6,6,179,1,20,6,10,15,3,8,17,9,5,0,0,2,12,30
18,12,4,27,10,0,0,0,0,0,0,1,14,0,0,6,6,179,3,19,4,10,13,2,8,16,8,4,0,0,1,13,0
20,11,5,27,10,0,1,1,0,0,0,13,2,0,0,6,6,179,3,16,5,8,12,5,11,18,10,6,0,0,1,13,0
-7,10,5,22,10,0,1,2,0,0,0,1,14,0,0,6,6,179,4,14,5,6,11,6,13,17,10,7,0,0,1,12,15
22,9,4,18,9,0,1,3,0,0,0,9,6,0,0,6,6,179,3,13,5,5,10,7,12,17,11,7,0,0,2,11,45
0,9,4,20,9,0,1,3,0,0,0,7,8,0,0,6,6,179,4,12,4,5,9,6,11,17,10,6,0,0,2,12,0
-16,9,4,22,8,0,1,3,0,0,0,7,8,0,0,6,6,179,4,12,4,5,10,5,10,16,9,5,0,0,1,12,15
-9,8,5,20,8,0,1,3,0,0,0,7,8,0,0,6,6,179,2,11,3,5,11,8,10,17,11,6,0,0,2,12,0
-46,8,5,29,9,0,1,3,0,0,0,3,12,0,0,6,6,179,4,9,1,3,9,8,9,16,10,5,0,0,1,13,30
3,7,5,14,8,0,1,3,0,0,0,0,15,0,0,6,6,179,3,9,1,3,9,7,9,15,10,5,0,0,2,11,15
15,7,5,25,8,0,1,3,0,0,0,11,4,0,0,6,6,179,4,8,0,2,8,6,8,15,9,5,0,0,2,12,45
29,6,4,12,8,0,0,3,0,0,0,4,11,0,0,6,6,179,3,8,1,2,8,5,9,15,9,5,0,0,2,11,0
11,6,4,16,7,0,0,3,0,0,0,0,15,0,0,6,6,179,3,8,2,3,8,5,8,14,8,5,0,0,2,11,30
-4,6,4,25,6,0,0,3,0,0,0,11,4,0,0,6,6,179,3,8,2,4,8,4,7,13,7,4,0,0,2,12,45
64,6,4,14,5,0,0,3,0,0,0,11,4,0,0,6,6,179,3,8,2,4,8,3,6,12,6,4,0,0,2,11,15
0,6,4,12,4,0,0,3,0,0,0,7,8,0,0,6,6,179,3,8,2,4,8,2,5,11,5,4,0,0,2,11,0
-300,4,4,45,5,0,0,3,0,0,0,3,12,0,0,6,6,179,3,6,1,4,6,4,6,12,6,4,0,0,1,16,30
-37,3,3,18,4,0,0,3,0,0,0,1,14,0,0,6,6,179,2,6,2,6,6,3,7,12,6,3,0,0,2,11,45
8,2,2,7,3,0,0,3,0,0,0,11,4,0,0,6,6,179,1,6,3,6,6,3,7,11,6,3,0,0,1,10,0
-19,2,2,16,3,0,0,2,0,0,0,6,9,0,0,6,6,179,1,6,4,6,6,3,7,11,5,3,0,0,2,11,30
6,1,1,9,5,0,0,2,0,0,0,11,4,0,0,6,6,179,2,3,3,3,3,5,7,11,6,4,0,0,1,10,15
33,1,1,7,4,0,0,2,0,0,0,9,6,0,0,6,6,179,2,3,3,3,3,5,6,10,5,3,0,0,1,10,0
24,0,0,10,4,0,0,3,1,0,0,0,15,0,0,6,6,179,3,0,0,0,0,4,7,9,6,4,0,0,1,10,30
-10,0,0,5,3,0,0,3,1,0,0,13,2,0,0,6,6,179,3,0,0,0,0,3,6,8,5,4,0,0,2,9,45
-21,0,0,3,3,0,0,2,1,0,0,0,1,0,0,6,6,179,0,0,0,0,0,2,5,7,7,5,0,0,2,9,30
-15,0,0,1,2,0,0,2,1,0,0,0,6,0,0,6,6,179,0,0,0,0,0,2,4,6,6,5,0,0,2,9,15
16,0,0,5,2,0,0,1,1,0,0,0,34,0,0,6,6,179,0,0,0,0,0,3,5,5,5,4,0,0,2,9,45
23,0,0,0,1,0,0,1,1,0,0,0,36,0,1,6,6,179,0,0,0,0,0,2,4,4,4,3,0,0,2,9,0
-8,0,0,1,1,0,0,1,0,0,0,0,44,0,0,6,6,179,0,0,0,0,0,2,3,3,3,3,0,0,2,9,15
4,0,0,3,0,0,0,1,0,0,0,0,69,0,0,6,6,179,0,0,0,0,0,2,2,2,2,2,0,0,2,9,30
-85,0,0,11,0,0,0,0,0,0,0,0,84,0,0,6,6,179,0,0,0,0,0,1,1,1,1,1,0,0,2,10,45
1,29,5,57,4,0,2,2,1,0,0,7,8,1,0,5,6,178,2,49,3,6,12,5,7,15,8,2,9,2,1,17,45
14,29,5,57,4,0,2,1,1,0,0,0,15,1,0,5,6,178,2,49,4,9,14,4,9,14,7,2,8,2,1,17,45
23,27,3,55,4,0,2,1,1,0,0,9,6,0,0,5,6,178,1,48,4,8,13,3,9,13,8,3,8,2,2,17,30
8,27,3,53,3,0,2,1,1,0,0,6,9,0,0,5,6,178,1,48,4,8,14,2,9,12,7,3,8,2,2,17,15
18,27,4,51,3,0,1,1,1,0,0,2,13,0,0,5,6,178,1,48,4,8,14,2,8,12,6,3,8,2,2,17,0
24,25,4,48,3,0,0,5,1,0,0,2,13,0,0,5,6,178,2,44,4,7,12,7,10,15,8,4,8,3,2,16,30
15,24,3,53,2,0,1,5,1,0,0,13,2,0,0,5,6,178,2,43,3,6,11,6,9,14,8,4,8,3,2,17,15
28,24,3,46,1,0,1,5,1,0,0,4,11,0,0,5,6,178,2,43,4,6,11,5,8,14,7,4,8,3,1,16,15
6,24,3,55,2,0,1,5,0,0,0,3,12,0,0,5,6,178,2,42,3,5,10,5,7,13,7,5,8,3,2,17,30
-25,24,4,49,2,0,2,4,0,0,0,1,14,0,0,5,6,178,3,41,2,5,9,5,6,12,6,4,7,3,2,16,45
57,24,4,43,2,0,2,4,0,0,0,11,4,0,0,5,6,178,4,40,1,5,8,5,5,12,5,4,6,2,2,16,0
12,24,4,51,2,0,2,3,0,0,0,9,6,0,0,5,6,178,3,40,1,5,8,4,4,11,5,4,6,1,2,17,0
31,22,3,43,3,0,2,2,0,0,0,4,11,0,0,5,6,178,2,39,2,7,9,3,7,12,6,4,6,1,2,16,0
-50,22,3,49,3,0,2,1,0,0,0,2,13,0,0,5,6,178,2,39,2,7,9,2,6,11,5,3,5,1,2,16,45
31,21,2,41,3,0,2,0,0,0,0,12,3,0,0,5,6,178,1,39,4,7,9,1,6,11,5,4,5,0,3,15,45
-12,20,2,46,8,0,1,0,0,0,0,5,10,0,0,5,6,178,3,34,2,3,9,5,7,11,7,5,5,1,1,16,15
5,19,1,41,7,0,1,0,0,0,0,0,15,0,0,5,6,178,1,34,2,3,9,4,7,11,8,5,5,1,3,15,45
-3,19,1,38,7,0,1,0,0,0,0,9,6,0,0,5,6,178,2,33,1,3,8,3,7,11,7,5,5,2,1,15,15
-13,19,2,36,7,0,1,0,0,0,0,5,10,0,0,5,6,178,2,32,0,2,9,3,6,10,7,4,5,2,2,15,0
32,19,2,33,6,0,1,0,0,0,0,12,3,0,0,5,6,178,2,32,0,2,9,3,6,9,6,3,5,2,2,14,30
-10,18,2,34,5,0,1,0,0,0,0,38,7,0,0,5,6,178,0,32,2,6,12,4,5,9,7,3,5,2,2,14,45
30,18,2,36,4,0,1,0,0,0,0,29,16,0,0,5,6,178,0,32,2,7,13,3,5,10,6,3,4,2,2,15,0
12,18,4,32,4,0,1,0,0,0,0,20,25,0,0,5,6,178,1,31,4,6,12,3,4,11,5,2,4,1,1,14,15
6,18,4,40,4,0,0,0,0,0,0,14,31,0,0,5,6,178,1,31,4,6,12,2,4,11,4,2,3,1,2,15,30
-101,17,4,43,4,0,0,0,0,0,0,13,2,0,0,5,6,178,1,30,5,7,14,2,4,12,4,2,3,0,2,16,0
-18,16,4,38,6,0,1,0,0,0,0,7,8,0,0,5,6,178,3,26,1,6,14,3,4,11,5,3,3,0,1,15,15
2,14,3,34,5,0,1,1,0,0,0,4,11,0,0,5,6,178,2,25,4,6,14,2,7,14,6,4,3,0,2,14,45
20,14,3,30,4,0,1,1,0,0,0,12,3,0,0,5,6,178,2,25,5,6,16,2,7,14,5,4,3,1,1,13,15
12,12,2,29,5,0,1,2,0,0,1,2,13,0,0,5,6,178,2,21,2,6,16,5,8,17,8,5,3,1,1,13,0
-11,12,2,27,5,0,0,3,0,0,1,7,8,0,0,5,6,178,2,20,2,8,15,6,8,16,8,5,3,1,1,12,45
-1,12,2,23,5,0,0,3,0,0,0,6,9,0,0,5,6,178,2,20,2,8,15,6,7,15,7,4,3,1,2,12,15
-9,11,3,31,4,0,0,4,0,0,0,9,6,0,0,5,6,178,1,19,4,8,15,5,6,17,8,4,3,1,1,13,30
9,11,3,27,3,0,0,4,0,0,0,8,7,0,0,5,6,178,1,19,4,8,15,4,5,16,7,4,3,1,1,12,45
53,11,5,20,2,0,0,4,0,0,0,14,1,0,0,5,6,178,1,19,5,9,15,3,8,16,6,3,2,2,2,12,0
16,11,5,18,2,0,0,3,0,0,0,11,4,0,0,5,6,178,1,19,6,10,15,2,7,15,5,2,2,1,3,11,45
20,10,4,20,2,0,0,3,0,0,0,6,9,0,0,5,6,178,1,18,6,9,14,2,8,14,5,2,2,1,2,12,0
12,10,7,25,8,0,0,2,0,0,0,7,8,0,0,5,6,178,4,12,3,7,11,7,9,16,7,2,2,1,2,12,30
-9,7,6,25,8,0,0,2,0,0,0,7,8,0,0,5,6,178,2,11,5,7,11,8,12,16,9,4,2,2,2,12,30
3,7,6,13,7,0,0,2,0,0,0,5,10,0,0,5,6,178,2,11,5,7,11,7,11,17,8,3,2,2,2,11,0
3,7,6,13,6,0,0,2,0,0,0,4,11,0,0,5,6,178,2,11,5,7,11,6,10,16,7,2,2,2,2,11,0
-10,7,6,23,6,0,0,1,0,0,0,2,13,0,0,5,6,178,2,11,6,7,11,5,9,15,6,2,1,2,2,12,15
-5,6,5,15,6,0,0,2,0,0,0,23,7,0,0,5,6,178,3,9,4,5,9,4,8,15,6,2,1,1,1,11,15
-26,6,5,18,5,0,0,2,0,0,0,22,8,0,0,5,6,178,2,9,4,5,9,3,7,14,6,2,1,1,3,11,45
-3,6,5,15,4,0,0,2,0,0,0,14,16,0,0,5,6,178,2,9,4,6,9,3,7,14,5,2,1,1,1,11,15
7,5,4,17,6,0,1,1,0,0,0,9,21,0,0,5,6,178,4,6,2,3,6,4,6,13,5,3,1,1,2,11,30
1,2,2,11,5,0,1,2,0,0,0,4,11,0,0,5,6,178,1,5,2,4,5,5,8,13,8,4,0,1,2,10,45
83,1,1,4,4,0,1,2,0,0,0,13,2,0,0,5,6,178,0,5,2,5,5,4,7,12,8,3,0,0,2,9,30
0,1,1,9,3,0,1,2,0,0,0,12,3,0,0,5,6,178,0,5,2,5,5,3,6,11,7,2,0,0,2,10,15
63,1,1,2,4,0,0,2,0,0,0,7,8,0,0,5,6,178,1,4,1,4,4,2,5,10,6,2,0,0,1,9,15
-15,1,1,7,4,0,0,2,0,0,0,4,11,0,0,5,6,178,1,3,2,3,3,4,8,10,6,3,0,0,2,10,0
-21,1,1,11,3,0,0,2,0,0,0,5,10,0,0,5,6,178,1,3,3,3,3,5,7,9,5,2,0,0,2,10,45
-82,0,0,20,2,0,0,2,0,0,0,1,14,0,0,5,6,178,0,3,3,3,3,4,7,8,5,3,0,0,2,12,0
11,0,0,9,3,0,1,1,0,0,0,6,9,0,0,5,6,178,2,1,1,1,1,5,6,7,4,3,0,0,2,10,15
-57,0,0,7,3,0,1,1,0,0,0,0,8,0,0,5,6,178,2,0,0,0,0,4,5,6,4,2,0,0,2,10,0
19,0,0,0,2,0,1,1,0,0,0,0,9,0,1,5,6,178,2,0,0,0,0,3,4,5,3,2,0,0,2,9,0
20,0,0,5,1,0,1,1,0,0,0,0,16,0,0,5,6,178,1,0,0,0,0,3,4,4,3,1,0,0,2,9,45
17,0,0,5,1,0,1,0,0,0,0,0,24,0,0,5,6,178,0,0,0,0,0,2,3,3,3,0,0,0,2,9,45
-26,0,0,2,1,0,0,0,0,0,0,0,41,0,0,5,6,178,0,0,0,0,0,2,2,2,2,0,0,0,1,9,15
-19,0,0,0,0,0,0,0,0,0,0,0,70,0,1,5,6,178,0,0,0,0,0,1,1,1,1,0,0,0,2,9,0
12,34,4,53,2,0,0,2,0,0,0,1,14,1,0,4,6,177,3,50,3,6,15,1,3,8,2,1,7,0,2,17,30
1,30,4,49,5,0,0,3,0,0,0,9,6,0,0,4,6,177,2,45,3,10,13,4,6,14,7,3,7,1,2,17,0
1,30,4,51,4,0,0,3,0,0,0,8,7,0,0,4,6,177,2,45,4,10,13,3,5,13,6,2,7,1,2,17,15
-23,30,6,53,3,0,0,5,0,0,0,0,15,1,0,4,6,177,4,43,4,8,12,2,5,13,5,2,7,1,2,17,30
25,30,6,43,2,0,0,5,0,0,0,12,3,0,0,4,6,177,3,43,4,8,13,1,5,13,5,2,6,1,2,16,0
-4,27,6,46,3,0,1,7,0,0,0,2,13,0,0,4,6,177,2,38,3,6,11,6,8,17,10,5,6,2,1,16,15
-8,26,5,49,5,0,1,6,0,0,0,1,14,0,0,4,6,177,3,36,1,4,9,5,7,16,10,5,6,2,2,17,0
3,25,5,41,6,0,0,6,0,0,0,5,10,0,0,4,6,177,3,35,2,3,9,6,8,15,10,5,6,2,3,15,45
5,24,4,51,6,0,0,5,0,0,0,12,3,0,0,4,6,177,2,35,2,4,10,5,9,15,10,5,6,3,2,17,15
-10,24,4,41,5,0,0,5,0,0,0,10,5,0,0,4,6,177,2,35,2,5,10,4,8,14,9,4,6,3,3,15,45
-1,23,4,46,5,0,0,4,0,0,0,2,13,0,0,4,6,177,1,35,3,5,10,3,7,14,9,4,5,3,1,16,15
5,23,4,48,5,0,0,3,0,0,0,14,1,0,0,4,6,177,1,35,3,5,11,3,8,13,8,4,4,2,2,16,30
6,22,3,43,4,0,0,4,0,0,0,10,5,0,0,4,6,177,1,34,2,4,11,2,8,12,8,4,4,1,2,16,0
37,21,3,34,5,0,0,4,0,0,0,14,1,0,0,4,6,177,2,32,2,5,12,6,9,12,8,4,4,2,2,14,45
13,20,2,39,5,0,0,3,0,0,0,9,6,0,0,4,6,177,1,32,2,5,12,6,8,11,8,4,4,2,2,15,30
20,20,2,36,5,0,0,3,0,0,0,2,13,0,0,4,6,177,1,31,3,5,11,6,8,11,8,4,3,2,1,15,0
-6,20,4,43,5,0,0,2,0,0,0,42,3,0,0,4,6,177,1,31,3,6,11,5,7,10,7,3,3,1,2,16,0
126,19,4,21,5,0,0,2,0,0,0,30,15,0,0,4,6,177,1,30,3,5,11,5,7,11,7,3,3,1,2,12,0
3,19,4,36,4,0,0,2,0,0,0,30,15,0,0,4,6,177,1,30,3,6,11,4,6,10,6,3,3,1,1,15,0
42,19,4,32,3,0,0,2,0,0,0,29,16,0,0,4,6,177,1,30,3,6,11,3,5,9,5,3,3,1,1,14,15
2,19,4,39,5,0,0,1,0,0,0,17,28,0,0,4,6,177,3,28,2,5,10,3,5,9,4,3,2,1,2,15,30
-10,19,5,33,4,0,0,1,0,0,0,8,37,0,0,4,6,177,2,28,3,7,11,2,4,9,4,2,2,0,2,14,30
160,18,6,21,6,0,0,0,0,0,0,18,12,0,0,4,6,177,3,26,3,6,10,3,4,11,4,1,2,0,2,12,0
-61,15,3,34,5,0,0,0,0,0,1,4,26,0,0,4,6,177,1,25,5,5,11,2,4,11,6,1,2,0,2,14,45
100,15,3,27,6,0,0,0,0,0,1,8,7,0,0,4,6,177,1,23,3,4,11,2,4,11,7,2,2,0,2,12,45
86,12,0,19,6,0,0,3,0,0,0,9,6,0,0,4,6,177,0,20,1,3,13,3,7,15,10,4,2,1,3,11,45
7,12,1,31,5,0,0,3,0,0,0,6,9,0,0,4,6,177,0,20,3,6,14,4,8,17,9,4,2,1,1,13,30
32,12,1,27,4,0,0,3,0,0,0,4,11,0,0,4,6,177,0,20,3,6,14,3,7,16,8,4,2,1,2,12,45
-141,12,2,38,4,0,0,4,0,0,0,4,11,0,0,4,6,177,2,18,2,6,15,5,8,16,7,3,1,1,2,15,15
-3,12,3,29,4,0,0,4,0,0,0,9,6,0,0,4,6,177,2,17,2,6,14,5,9,18,7,2,1,0,1,13,0
16,12,4,29,3,0,0,4,0,0,0,11,4,0,0,4,6,177,2,17,5,9,15,5,10,19,6,2,1,1,1,13,0
-4,12,4,26,3,0,0,3,0,0,0,10,5,0,0,4,6,177,1,17,5,9,16,4,9,18,6,3,1,1,2,12,30
55,11,4,17,3,0,0,2,0,0,0,5,10,0,0,4,6,177,0,17,5,11,16,3,8,17,6,2,1,1,2,11,30
22,11,5,24,4,0,0,2,0,0,0,11,4,0,0,4,6,177,1,15,4,9,14,5,9,16,6,2,1,1,1,12,15
39,10,5,21,5,0,0,1,0,0,1,12,3,0,0,4,6,177,1,13,4,8,13,5,10,16,7,4,1,1,2,12,0
-1,10,6,15,4,0,0,2,0,0,1,5,10,0,0,4,6,177,2,12,6,8,12,5,9,15,6,4,1,1,2,11,15
-2,9,5,19,3,0,0,2,0,0,1,13,2,0,0,4,6,177,1,12,6,9,12,6,11,14,6,3,1,1,3,11,45
8,9,5,15,2,0,0,2,0,0,1,12,3,0,0,4,6,177,1,12,6,9,12,5,10,13,5,3,1,1,2,11,15
-29,9,7,17,5,0,0,2,0,0,0,4,11,0,0,4,6,177,3,9,3,6,9,5,9,13,5,3,0,1,2,11,30
-50,8,6,24,5,0,0,1,0,0,0,12,3,0,0,4,6,177,1,9,4,7,9,5,9,13,6,3,0,0,1,12,15
18,7,6,11,7,0,1,0,0,0,0,2,13,0,0,4,6,177,2,6,3,5,6,4,9,12,7,4,0,0,1,10,30
61,7,6,8,6,0,1,0,0,0,0,0,15,0,0,4,6,177,2,6,3,5,6,4,8,11,6,4,0,0,1,10,0
-20,5,5,14,5,0,1,0,0,0,0,6,9,0,0,4,6,177,0,6,3,5,6,5,7,11,7,3,0,0,2,11,0
7,5,5,10,5,0,0,0,0,0,0,1,14,0,0,4,6,177,0,6,3,6,6,4,6,10,6,3,0,0,2,10,15
-6,4,4,11,6,0,0,0,1,0,0,0,15,0,0,4,6,177,2,3,2,3,3,5,6,9,6,3,0,0,1,10,30
13,4,4,8,5,0,0,0,1,0,0,14,1,0,0,4,6,177,2,3,2,3,3,4,5,8,5,2,0,0,1,10,0
-16,4,4,13,4,0,0,0,1,0,0,13,2,0,0,4,6,177,2,3,2,3,3,3,4,7,4,2,0,0,1,10,45
51,2,2,0,3,0,0,0,2,0,0,14,1,0,1,4,6,177,1,2,2,2,2,2,4,8,5,3,0,0,2,9,0
44,2,2,6,2,0,0,0,2,0,0,11,4,0,0,4,6,177,1,2,2,2,2,2,4,7,4,2,0,0,2,9,45
25,0,0,6,2,0,0,1,2,0,0,0,1,0,0,4,6,177,1,0,0,0,0,2,4,6,5,3,0,0,2,9,45
5,0,0,2,2,0,0,1,1,0,0,0,25,0,0,4,6,177,0,0,0,0,0,3,5,5,5,4,0,0,2,9,15
9,0,0,4,1,0,0,1,1,0,0,0,32,0,0,4,6,177,0,0,0,0,0,2,4,4,4,4,0,0,2,9,30
7,0,0,0,0,0,0,1,1,0,0,0,47,0,1,4,6,177,0,0,0,0,0,1,3,3,3,3,0,0,2,9,0
-44,0,0,4,0,0,0,0,1,0,0,0,80,0,0,4,6,177,0,0,0,0,0,2,2,2,2,2,0,0,2,9,30
23,0,0,2,0,0,0,0,0,0,0,0,81,0,0,4,6,177,0,0,0,0,0,1,1,1,1,1,0,0,2,9,15
-3,25,1,55,4,0,0,0,0,0,0,26,4,1,0,3,6,176,1,52,2,5,12,2,4,10,4,0,2,0,2,17,30
28,24,1,53,4,0,0,0,0,0,0,2,28,0,0,3,6,176,1,51,3,7,12,2,6,10,4,0,2,0,2,17,15
27,24,1,55,4,0,0,0,0,0,0,25,5,1,0,3,6,176,1,50,3,6,12,2,7,9,4,1,2,0,2,17,30
21,24,4,49,5,0,0,0,0,0,0,13,2,0,0,3,6,176,1,48,4,8,11,5,7,11,5,2,2,0,2,16,30
48,24,4,51,4,0,1,1,0,0,0,6,9,0,0,3,6,176,2,46,3,6,9,6,6,12,5,2,2,0,2,17,0
-22,24,5,49,3,0,1,1,0,0,0,11,4,0,0,3,6,176,1,46,5,7,10,5,5,11,5,3,2,0,2,16,30
-45,23,4,53,3,0,1,1,1,0,0,5,10,0,0,3,6,176,2,44,3,5,9,4,5,10,5,4,2,0,2,17,15
-48,23,4,51,2,0,1,1,1,0,0,2,13,0,0,3,6,176,2,44,3,5,9,3,4,9,4,3,2,0,2,17,0
-6,23,4,47,1,0,1,1,1,0,0,10,5,0,0,3,6,176,2,44,4,6,9,2,3,9,3,2,2,0,2,16,0
-2,23,4,45,2,0,0,1,1,0,0,9,6,0,0,3,6,176,3,43,3,5,8,1,2,8,2,2,2,0,2,15,45
5,19,0,40,3,0,0,2,1,0,1,9,6,0,0,3,6,176,1,39,1,4,10,4,6,10,7,3,2,0,2,15,0
22,19,2,42,3,0,0,2,1,0,1,4,11,0,0,3,6,176,1,38,1,4,13,5,6,11,7,2,2,0,1,15,15
31,19,2,38,3,0,0,2,0,0,1,3,12,0,0,3,6,176,1,38,1,4,13,4,5,10,6,1,2,0,2,14,45
-50,19,3,47,2,0,0,2,0,0,1,57,3,0,0,3,6,176,1,38,2,4,13,3,5,10,5,0,2,0,2,16,0
-45,19,4,45,2,0,0,2,0,0,1,42,18,0,0,3,6,176,1,37,2,5,13,3,5,11,5,1,2,0,2,15,45
21,19,4,40,1,0,0,2,0,0,1,41,19,0,0,3,6,176,1,37,2,6,14,2,4,10,4,1,2,0,2,15,0
-42,18,4,42,2,0,0,2,1,0,0,13,47,0,0,3,6,176,2,35,3,8,15,3,5,12,4,1,2,0,1,15,15
-27,16,4,37,3,0,0,1,1,0,0,13,2,0,0,3,6,176,1,34,5,9,16,2,6,14,5,2,2,0,2,14,30
27,15,3,36,4,0,1,0,1,0,0,5,10,0,0,3,6,176,2,32,4,7,15,2,7,14,5,1,2,0,1,14,15
35,15,4,29,5,0,1,1,1,0,0,13,2,0,0,3,6,176,2,29,4,8,16,4,8,16,7,3,2,0,2,12,30
23,14,4,33,6,0,1,1,1,0,0,0,15,0,0,3,6,176,2,27,3,7,14,5,8,17,8,3,2,0,1,13,0
29,13,4,31,6,0,1,1,1,0,0,7,8,0,0,3,6,176,2,26,4,6,15,5,7,16,8,3,2,0,2,12,45
-14,12,3,33,6,0,1,1,1,0,0,14,1,0,0,3,6,176,2,25,4,7,14,4,9,16,8,3,2,2,1,13,0
-120,12,3,38,6,0,0,1,1,0,0,10,5,0,0,3,6,176,2,25,4,7,14,4,9,15,7,2,2,2,2,14,45
21,12,4,35,5,0,0,1,1,0,0,9,6,0,0,3,6,176,2,25,4,7,15,3,8,14,6,2,2,2,1,13,15
-9,12,5,31,5,0,0,1,2,0,1,9,6,0,0,3,6,176,3,22,2,7,13,3,7,14,7,3,2,2,2,12,45
-157,11,4,44,4,0,0,2,2,0,1,13,2,0,0,3,6,176,3,21,3,8,14,5,9,18,7,4,2,2,2,15,30
18,10,4,24,3,0,0,2,2,0,1,1,14,0,0,3,6,176,2,21,5,8,16,5,10,20,7,3,2,2,3,12,0
-18,9,3,22,3,0,0,2,2,0,1,6,9,0,0,3,6,176,1,20,5,9,17,7,9,19,8,3,2,2,2,11,45
24,9,4,26,3,0,0,1,2,0,1,5,10,0,0,3,6,176,1,19,5,9,17,6,8,18,7,2,1,2,2,12,15
-22,9,4,29,3,0,0,1,2,0,1,1,14,0,0,3,6,176,2,19,4,8,16,5,8,17,6,2,0,1,2,12,30
39,9,5,18,3,0,0,2,2,0,0,11,4,0,0,3,6,176,3,18,5,7,15,4,7,16,5,2,0,0,2,11,15
-20,7,4,26,4,0,1,2,1,0,1,9,6,0,0,3,6,176,3,15,4,6,15,5,7,16,7,3,0,0,2,12,15
10,7,4,20,3,0,1,2,1,0,1,7,8,0,0,3,6,176,2,15,4,8,15,4,8,15,7,3,0,0,2,11,30
15,7,4,18,3,0,1,2,0,0,1,6,9,0,0,3,6,176,2,15,4,8,15,3,9,14,6,3,0,0,2,11,15
-75,6,4,26,3,0,2,1,1,0,1,9,6,0,0,3,6,176,2,13,3,7,13,3,9,16,7,4,0,0,2,12,15
-8,6,4,16,3,0,2,1,1,0,0,3,12,0,0,3,6,176,2,13,4,8,13,3,11,16,6,3,0,0,2,11,0
25,5,3,14,4,0,2,1,1,0,0,3,12,0,0,3,6,176,2,11,4,8,11,6,10,17,7,4,0,0,2,10,45
-13,4,4,14,4,0,1,1,2,0,1,6,9,0,0,3,6,176,3,9,4,7,9,7,9,17,7,3,0,0,2,10,45
3,3,3,16,3,0,1,1,2,0,1,8,7,0,0,3,6,176,1,8,6,9,9,8,9,17,8,3,0,0,2,11,0
25,3,3,11,4,0,0,1,2,0,1,8,7,0,0,3,6,176,2,8,5,8,8,7,8,16,7,3,0,0,1,10,15
-51,3,3,20,4,0,0,1,2,0,1,7,8,0,0,3,6,176,3,7,4,7,7,6,7,15,6,2,0,0,2,11,30
20,3,3,8,4,0,0,1,1,0,1,6,9,0,0,3,6,176,3,7,4,7,7,5,6,14,5,2,0,0,2,10,0
23,3,3,24,3,0,0,1,1,0,1,14,1,0,0,3,6,176,2,7,4,7,7,4,6,13,5,2,0,0,3,12,0
-14,2,2,11,3,0,0,2,2,0,0,6,9,0,0,3,6,176,3,5,3,5,5,3,7,12,5,2,0,0,1,10,15
13,2,2,8,2,0,0,2,2,0,0,5,10,0,0,3,6,176,3,5,4,5,5,2,6,11,4,2,0,0,2,10,0
-11,2,2,8,2,0,0,2,1,0,0,4,11,0,0,3,6,176,2,5,4,5,5,1,5,10,4,2,0,0,2,10,0
13,0,0,4,4,0,0,2,1,0,1,1,14,0,0,3,6,176,2,1,1,1,1,5,8,10,7,4,0,0,2,9,30
20,0,0,6,4,0,0,1,1,0,2,0,12,0,0,3,6,176,1,0,0,0,0,6,8,9,8,6,0,0,3,9,45
-26,0,0,4,3,0,0,1,1,0,2,0,19,0,0,3,6,176,1,0,0,0,0,6,7,8,7,5,0,0,2,9,30
-8,0,0,0,2,0,0,1,1,0,2,0,20,0,1,3,6,176,1,0,0,0,0,5,6,7,6,4,0,0,2,9,0
-187,0,0,22,2,0,0,1,1,0,1,0,27,0,0,3,6,176,0,0,0,0,0,4,5,6,6,3,0,0,2,11,45
-18,0,0,2,1,0,0,1,1,0,1,0,29,0,0,3,6,176,0,0,0,0,0,3,5,5,5,3,0,0,2,9,15
-13,0,0,6,1,0,0,0,1,0,1,0,31,0,0,3,6,176,0,0,0,0,0,2,4,4,4,2,0,0,3,9,45
-56,0,0,13,0,0,0,0,1,0,1,0,49,0,0,3,6,176,0,0,0,0,0,2,3,3,3,1,0,0,2,10,30
2,0,0,2,0,0,0,0,0,0,1,0,64,0,0,3,6,176,0,0,0,0,0,2,2,2,2,1,0,0,2,9,15
12,0,0,0,0,0,0,0,0,0,0,0,87,0,1,3,6,176,0,0,0,0,0,1,1,1,1,0,0,0,2,9,0
7,41,4,59,8,0,0,2,0,0,0,0,15,1,0,2,6,175,3,49,2,6,11,2,6,11,8,2,3,0,2,17,45
25,39,4,57,8,0,0,3,0,0,0,21,9,0,0,2,6,175,3,47,3,6,11,4,7,15,9,3,3,2,1,17,30
52,39,4,57,7,0,0,3,0,0,0,15,15,0,0,2,6,175,3,47,4,6,11,4,7,15,8,3,3,2,1,17,30
48,37,3,55,7,0,0,4,0,0,0,7,23,0,0,2,6,175,3,45,2,4,10,4,6,14,9,4,3,2,2,17,15
49,37,4,55,7,0,0,3,0,0,0,14,1,0,0,2,6,175,3,45,3,6,10,3,5,14,8,4,3,2,2,17,15
42,37,6,53,6,0,1,3,0,0,0,1,14,0,0,2,6,175,3,44,3,6,11,3,6,14,8,4,3,2,2,17,0
55,36,5,51,6,0,1,3,0,0,0,10,5,0,0,2,6,175,3,43,2,6,10,3,6,14,8,4,2,2,2,16,30
68,35,4,44,6,0,1,3,1,0,0,7,8,0,0,2,6,175,3,41,3,5,9,3,9,15,9,3,1,1,2,15,45
33,35,5,53,5,0,1,3,1,0,0,0,15,0,0,2,6,175,3,41,3,5,10,3,9,14,8,2,1,0,2,17,0
27,33,4,44,6,0,1,3,2,0,0,9,6,0,0,2,6,175,4,38,2,3,11,6,10,13,9,2,1,0,2,15,45
-7,32,4,51,6,0,1,2,2,0,0,3,12,0,0,2,6,175,3,38,2,4,12,6,9,14,9,3,1,0,2,16,30
57,31,3,49,5,0,1,3,2,0,0,12,3,0,0,2,6,175,3,37,2,4,12,6,9,14,9,3,1,0,2,16,15
24,31,3,49,4,0,1,3,2,0,0,9,6,0,0,2,6,175,3,37,2,4,12,5,8,13,8,3,1,0,2,16,15
101,31,3,37,3,0,1,3,2,0,0,8,7,0,0,2,6,175,3,37,2,4,12,4,7,12,7,3,1,0,2,15,0
8,31,3,40,3,0,0,4,2,0,0,12,3,0,0,2,6,175,3,36,1,3,12,4,8,13,7,2,1,0,2,15,15
2,31,3,47,2,0,0,4,2,0,0,9,6,0,0,2,6,175,3,36,1,4,12,4,7,12,6,1,1,0,2,16,0
-6,30,2,47,1,0,0,4,2,0,0,2,13,0,0,2,6,175,2,36,3,4,12,3,6,11,6,1,1,0,2,16,0
-18,29,3,40,2,0,0,3,2,0,0,0,15,0,0,2,6,175,2,35,2,7,13,4,5,11,6,2,1,0,2,15,15
7,29,3,42,2,0,0,2,2,0,0,10,5,0,0,2,6,175,2,35,3,8,13,4,4,11,5,2,1,0,3,15,30
18,28,5,37,4,0,0,2,1,0,0,59,1,0,0,2,6,175,2,33,2,8,12,3,6,10,6,3,1,0,2,15,0
3,28,5,35,3,0,0,2,1,0,0,47,13,0,0,2,6,175,2,33,4,8,15,2,7,9,5,2,1,1,3,14,45
11,28,5,42,3,0,0,2,0,0,0,45,15,0,0,2,6,175,2,33,5,8,15,1,6,9,4,2,1,1,3,15,30
-13,25,6,33,8,0,1,1,1,0,0,6,54,0,0,2,6,175,4,26,2,4,13,5,7,16,8,5,1,1,2,14,30
6,25,6,32,7,0,1,1,1,0,0,4,56,0,0,2,6,175,4,26,2,4,13,4,6,15,7,4,1,1,2,14,15
-65,24,5,37,7,0,1,1,1,0,0,1,59,0,0,2,6,175,4,25,1,4,14,3,5,14,7,4,1,1,2,15,0
10,23,5,33,7,0,1,0,1,0,0,7,8,0,0,2,6,175,3,25,2,6,14,3,4,14,7,3,0,1,2,14,30
21,23,5,30,6,0,1,0,1,0,0,4,11,0,0,2,6,175,3,25,2,7,15,2,3,13,6,2,0,0,1,13,15
-55,21,5,35,7,0,1,0,1,0,0,10,5,0,0,2,6,175,3,23,3,7,16,2,6,12,7,2,0,0,3,14,45
15,19,5,28,7,0,1,0,1,0,0,10,5,0,0,2,6,175,2,22,4,9,16,4,10,13,8,2,0,0,2,13,0
19,18,8,23,8,0,1,0,2,0,1,1,14,0,0,2,6,175,4,18,3,9,15,7,10,16,9,3,0,0,1,12,15
29,18,9,23,7,0,1,0,2,0,1,0,15,0,0,2,6,175,4,18,3,9,15,6,9,16,8,3,0,0,1,12,15
40,17,8,28,6,0,1,0,2,0,1,12,3,0,0,2,6,175,3,18,5,10,15,6,8,15,8,4,0,0,2,13,0
7,16,7,30,5,0,1,1,2,0,1,5,10,0,0,2,6,175,3,17,4,9,14,6,7,15,8,3,0,0,1,13,15
38,16,8,21,5,0,1,1,2,0,1,10,5,0,0,2,6,175,2,16,5,9,15,6,6,17,9,4,0,0,2,12,0
14,16,8,19,5,0,1,1,2,0,0,10,5,0,0,2,6,175,2,16,5,9,15,5,5,16,8,3,0,0,2,11,45
28,16,9,25,4,0,1,1,2,0,0,8,7,0,0,2,6,175,2,16,5,9,15,4,4,15,7,2,0,0,2,12,30
25,14,7,19,6,0,0,1,2,0,1,13,2,0,0,2,6,175,3,13,5,7,13,3,5,14,8,3,0,0,2,11,45
33,14,7,26,5,0,0,1,2,0,1,10,5,0,0,2,6,175,3,13,5,7,13,2,4,13,7,2,0,0,2,12,45
-12,13,8,21,5,0,0,1,3,0,1,0,15,0,0,2,6,175,3,11,3,6,11,1,6,13,8,4,0,0,2,12,0
36,7,6,17,6,0,0,1,6,0,1,5,10,0,0,2,6,175,2,6,3,5,6,6,11,19,13,7,0,0,1,11,15
32,7,6,15,5,0,0,1,6,0,1,4,11,0,0,2,6,175,2,6,3,5,6,5,10,18,12,7,0,0,1,11,0
-210,6,6,44,4,0,1,1,6,0,1,8,7,0,0,2,6,175,2,5,2,5,5,5,10,17,12,7,0,0,2,15,45
-61,6,6,26,4,0,1,1,5,0,1,7,8,0,0,2,6,175,2,5,2,5,5,5,9,16,11,7,0,0,2,12,45
-6,6,6,18,4,0,1,1,4,0,1,2,13,0,0,2,6,175,2,5,2,5,5,6,8,16,10,6,0,0,2,11,30
32,4,4,11,4,0,1,1,5,0,1,11,4,0,0,2,6,175,2,3,2,3,3,6,8,16,11,6,0,0,2,10,30
30,4,4,13,4,0,1,1,5,0,0,1,14,0,0,2,6,175,2,3,3,3,3,5,10,15,10,6,0,0,2,10,45
37,3,3,15,4,0,1,0,5,0,0,8,7,0,0,2,6,175,1,3,3,3,3,5,10,14,10,6,0,0,1,11,0
55,3,3,9,3,0,1,0,5,0,0,5,10,0,0,2,6,175,1,3,3,3,3,4,9,13,9,6,0,0,2,10,15
39,3,3,7,3,0,1,0,4,0,0,4,11,0,0,2,6,175,1,3,3,3,3,3,8,12,8,6,0,0,2,10,0
49,2,2,11,3,0,2,0,4,0,0,13,2,0,0,2,6,175,2,1,1,1,1,3,8,11,8,6,0,0,2,10,30
1,0,0,9,4,0,1,0,4,0,0,9,6,0,0,2,6,175,1,0,0,0,0,6,8,10,9,5,0,0,2,10,15
15,0,0,13,4,0,1,0,3,0,0,0,15,0,0,2,6,175,1,0,0,0,0,6,9,9,8,5,0,0,2,10,45
57,0,0,5,4,0,1,0,2,0,0,9,6,0,0,2,6,175,0,0,0,0,0,6,8,8,8,4,0,0,2,9,45
38,0,0,0,4,0,0,0,2,0,0,7,8,0,1,2,6,175,0,0,0,0,0,5,7,7,7,3,0,0,2,9,0
13,0,0,7,3,0,0,0,2,0,0,2,13,0,0,2,6,175,0,0,0,0,0,4,6,6,6,3,0,0,2,10,0
28,0,0,2,3,0,0,0,1,0,0,0,4,0,0,2,6,175,0,0,0,0,0,3,5,5,5,2,0,0,1,9,15
39,0,0,5,3,0,0,0,0,0,0,0,14,0,0,2,6,175,0,0,0,0,0,3,4,4,4,1,0,0,2,9,45
30,0,0,0,2,0,0,0,0,0,0,0,20,0,1,2,6,175,0,0,0,0,0,3,3,3,3,0,0,0,2,9,0
29,0,0,4,1,0,0,0,0,0,0,0,42,0,0,2,6,175,0,0,0,0,0,2,2,2,2,0,0,0,2,9,30
-2,0,0,2,0,0,0,0,0,0,0,0,44,0,0,2,6,175,0,0,0,0,0,1,1,1,1,0,0,0,1,9,15
28,27,4,49,4,0,0,0,0,0,0,13,2,0,0,6,6,172,1,48,3,6,13,2,4,11,4,2,5,0,2,17,15
24,27,5,49,4,0,0,1,0,0,0,7,8,0,0,6,6,172,2,46,3,7,14,3,5,11,4,1,5,1,2,17,15
-10,25,3,51,3,0,0,2,0,0,0,12,3,1,0,6,6,172,1,45,3,7,13,2,5,10,5,1,5,1,2,17,30
0,24,3,51,2,0,1,2,0,0,0,12,3,1,0,6,6,172,1,44,4,6,13,2,7,13,5,2,5,1,2,17,30
5,22,3,45,4,0,0,2,0,0,0,7,8,0,0,6,6,172,1,42,4,7,14,4,7,13,6,3,4,1,2,16,45
31,22,5,47,5,0,1,2,0,0,0,7,8,0,0,6,6,172,3,39,2,7,11,6,7,12,6,2,4,1,2,17,0
1,22,5,43,4,0,1,2,0,0,1,1,14,0,0,6,6,172,2,38,2,6,12,5,6,12,7,3,4,1,2,16,30
-9,22,5,41,3,0,1,2,0,0,1,7,8,0,0,6,6,172,2,38,3,6,12,4,6,12,6,2,4,1,2,16,15
4,22,5,47,3,0,1,1,0,0,1,6,9,0,0,6,6,172,2,38,4,7,12,3,5,11,5,2,4,1,2,17,0
32,21,4,43,2,0,1,1,0,0,1,4,11,0,0,6,6,172,1,38,4,7,12,3,4,10,5,1,4,1,2,16,30
-1,21,5,41,2,0,0,1,0,0,1,10,5,0,0,6,6,172,1,38,5,7,12,2,6,12,4,1,4,3,2,16,15
-40,18,3,45,2,0,1,2,1,0,1,6,9,0,0,6,6,172,2,34,3,6,10,2,6,12,6,1,3,3,2,16,45
27,17,2,40,3,0,2,1,1,0,1,8,7,0,0,6,6,172,1,32,4,6,11,5,7,12,8,2,3,2,2,16,0
9,17,2,36,4,0,2,1,1,0,0,1,14,0,0,6,6,172,2,31,3,5,11,4,7,11,7,2,2,3,2,15,30
-4,17,2,34,3,0,2,1,1,0,0,1,14,0,0,6,6,172,2,31,3,5,11,3,6,10,6,2,2,2,2,15,15
18,17,2,34,3,0,1,1,1,0,0,0,15,0,0,6,6,172,2,31,3,5,11,2,5,9,5,1,1,2,2,15,15
20,16,2,36,2,0,1,3,1,0,0,1,14,0,0,6,6,172,2,29,3,5,10,2,6,9,6,2,1,1,2,15,30
20,15,3,32,2,0,2,3,0,0,0,50,10,0,0,6,6,172,1,28,2,6,10,5,6,9,7,2,1,1,2,15,0
-52,15,3,38,3,0,1,4,0,0,0,41,19,0,0,6,6,172,3,26,2,5,9,5,6,9,6,2,1,1,1,15,45
-12,15,4,29,3,0,0,4,0,0,0,32,28,0,0,6,6,172,2,26,3,6,9,4,5,10,6,1,0,1,1,14,30
-7,15,4,31,3,0,0,3,0,0,0,28,32,0,0,6,6,172,2,26,4,6,10,3,4,10,5,1,0,0,2,14,45
21,15,4,32,2,0,0,3,0,0,0,27,33,0,0,6,6,172,2,26,4,6,10,2,4,9,4,1,0,0,2,15,0
14,14,3,29,3,0,0,3,0,0,0,14,46,0,0,6,6,172,3,24,2,5,9,1,3,8,4,2,0,0,1,14,30
-20,12,2,28,3,0,1,3,1,0,0,13,2,0,0,6,6,172,2,21,2,4,12,2,4,8,7,3,0,0,2,14,15
85,11,1,25,4,0,1,2,1,0,0,13,2,0,0,6,6,172,1,20,2,4,13,1,6,9,8,5,0,0,1,13,0
-27,10,4,27,6,0,0,2,1,0,0,6,9,0,0,6,6,172,1,18,3,9,14,5,6,15,9,5,0,0,1,13,15
23,10,5,20,6,0,0,2,0,0,0,5,10,0,0,6,6,172,1,18,3,9,14,4,5,14,8,4,0,0,2,12,30
54,10,5,20,5,0,0,3,0,0,0,10,5,0,0,6,6,172,2,17,3,8,13,4,5,13,7,3,0,0,2,12,30
48,10,5,23,4,0,0,3,0,0,0,9,6,0,0,6,6,172,2,17,3,9,13,3,4,13,6,3,0,0,2,12,45
-1,10,6,25,4,0,0,2,0,0,0,2,13,0,0,6,6,172,1,17,6,10,14,2,3,12,6,3,0,0,1,13,0
46,8,5,20,6,0,0,2,0,0,0,12,3,0,0,6,6,172,2,14,5,8,12,1,5,13,7,4,0,0,2,12,30
-137,5,4,38,10,0,0,1,1,0,0,10,5,0,0,6,6,172,3,9,4,5,9,5,9,16,10,6,0,0,1,15,45
-15,4,4,23,11,0,0,1,1,0,0,14,1,0,0,6,6,172,3,7,3,5,7,7,9,17,11,7,0,0,2,12,45
3,4,4,16,10,1,0,1,1,0,0,7,8,0,0,6,6,172,4,6,2,4,6,7,8,18,10,7,0,0,1,11,30
29,4,4,12,9,1,0,1,1,0,0,1,14,0,0,6,6,172,4,6,2,4,6,6,9,17,9,6,0,0,2,11,0
5,3,3,12,8,1,0,2,1,0,0,11,4,0,0,6,6,172,3,5,1,4,5,5,8,16,10,6,0,0,2,11,0
6,3,3,19,7,1,0,2,1,0,0,10,5,0,0,6,6,172,3,5,1,4,5,4,7,15,9,6,0,0,3,12,15
0,3,3,14,7,1,0,2,0,0,0,9,6,0,0,6,6,172,3,5,1,4,5,3,6,14,8,6,0,0,1,11,15
51,3,3,9,7,1,0,2,0,0,0,0,15,0,0,6,6,172,4,4,1,3,4,3,6,13,7,5,0,0,1,10,30
-9,2,2,18,7,1,0,1,0,0,0,8,7,0,0,6,6,172,3,4,2,4,4,2,5,12,7,6,0,0,1,12,0
-25,1,1,17,6,1,0,1,0,0,0,9,6,0,0,6,6,172,2,4,3,4,4,3,7,12,7,5,0,0,1,11,45
3,0,0,11,5,1,0,3,0,0,0,1,14,0,0,6,6,172,1,2,2,2,2,4,10,12,9,7,0,0,2,10,45
-2,0,0,9,4,1,0,3,0,0,0,1,14,0,0,6,6,172,1,2,2,2,2,3,9,11,8,6,0,0,1,10,30
-16,0,0,5,5,1,0,2,0,0,0,7,8,0,0,6,6,172,1,1,1,1,1,4,8,10,8,7,0,0,2,10,0
35,0,0,1,4,1,0,2,1,0,0,4,11,0,0,6,6,172,1,0,0,0,0,7,7,9,8,7,0,0,2,9,15
13,0,0,7,3,1,0,2,1,0,0,0,2,0,0,6,6,172,1,0,0,0,0,6,6,8,7,6,0,0,2,10,15
-4,0,0,2,2,1,0,2,1,0,0,0,3,0,0,6,6,172,1,0,0,0,0,5,6,7,6,5,0,0,1,9,30
-39,0,0,7,2,1,0,1,1,0,0,0,9,0,0,6,6,172,0,0,0,0,0,4,5,6,6,5,0,0,2,10,15
1,0,0,5,2,1,0,0,1,0,0,0,11,0,0,6,6,172,0,0,0,0,0,3,4,5,5,4,0,0,2,10,0
-21,0,0,2,1,1,0,0,1,0,0,0,20,0,0,6,6,172,0,0,0,0,0,2,4,4,4,4,0,0,1,9,30
28,0,0,4,1,0,0,0,1,0,0,0,22,0,0,6,6,172,0,0,0,0,0,1,3,3,3,3,0,0,2,9,45
-20,0,0,14,0,0,0,0,1,0,0,0,62,0,0,6,6,172,0,0,0,0,0,2,2,2,2,2,0,0,1,11,15
-4,0,0,0,0,0,0,0,0,0,0,0,73,0,1,6,6,172,0,0,0,0,0,1,1,1,1,1,0,0,1,9,0
-28,33,4,57,4,0,0,2,0,0,1,11,4,1,0,5,6,171,2,51,3,6,12,4,8,15,6,3,5,1,1,17,45
12,33,4,51,4,0,0,2,0,0,1,8,7,0,0,5,6,171,3,50,2,5,11,3,7,14,5,3,5,1,2,17,0
0,32,3,57,3,0,0,2,0,0,1,5,10,1,0,5,6,171,2,50,3,6,11,2,7,13,5,2,5,1,1,17,45
0,31,2,55,3,0,0,2,0,0,1,2,13,0,0,5,6,171,1,49,3,6,10,5,7,13,6,4,5,2,2,17,30
2,30,2,49,4,0,1,2,0,0,0,2,13,0,0,5,6,171,1,47,3,8,10,5,8,13,7,4,4,2,1,16,30
-30,30,2,53,3,0,1,3,0,0,0,14,1,0,0,5,6,171,2,46,3,7,9,4,7,12,6,3,4,1,2,17,15
-68,30,2,55,3,0,0,3,0,0,0,12,3,0,0,5,6,171,2,46,3,7,9,4,7,11,5,2,4,1,2,17,30
22,29,1,51,2,0,0,3,0,0,0,2,13,0,0,5,6,171,0,46,3,7,9,3,7,10,6,2,4,1,2,17,0
-10,29,2,53,2,0,0,3,0,0,0,6,9,0,0,5,6,171,1,45,5,6,10,2,7,11,5,2,4,1,2,17,15
8,29,2,50,3,0,0,3,0,0,0,12,3,0,0,5,6,171,1,43,4,4,8,4,6,10,6,1,3,1,2,16,45
-11,29,2,47,4,0,1,3,0,0,1,3,12,0,0,5,6,171,4,39,0,2,7,5,7,10,6,1,3,1,1,16,15
9,28,1,47,4,0,1,2,0,0,1,2,13,0,0,5,6,171,3,39,0,2,7,4,6,9,6,0,3,1,1,16,15
6,28,1,45,4,0,1,1,0,0,1,14,1,0,0,5,6,171,3,39,0,2,8,3,5,9,5,0,3,1,2,16,0
-3,28,1,44,3,0,1,1,0,0,1,10,5,0,0,5,6,171,3,39,0,2,9,2,4,8,4,0,3,1,2,15,45
-7,28,2,43,2,0,1,1,0,0,1,14,1,0,0,5,6,171,2,39,1,2,11,2,4,8,4,0,3,1,1,15,30
-7,27,1,41,2,0,0,1,0,0,1,9,6,0,0,5,6,171,1,39,2,4,15,2,4,10,4,1,3,1,1,15,15
-8,27,3,37,3,0,0,2,0,0,0,7,8,0,0,5,6,171,2,37,2,5,14,3,4,10,4,1,2,1,2,14,45
-15,26,5,45,3,0,0,1,0,0,0,32,13,0,0,5,6,171,1,37,3,8,17,3,5,10,4,1,2,0,2,16,0
17,26,6,39,4,0,0,1,0,0,0,26,19,0,0,5,6,171,2,35,2,8,15,2,5,9,4,2,2,0,2,15,0
38,25,8,34,3,0,0,1,0,0,0,3,42,0,0,5,6,171,1,34,5,10,18,3,6,12,5,2,2,0,1,13,30
26,23,6,36,5,0,0,1,0,0,0,0,15,0,0,5,6,171,2,31,5,9,19,5,6,13,6,4,2,0,2,14,30
-45,21,5,37,7,0,0,0,0,0,0,4,11,0,0,5,6,171,2,29,5,8,17,4,6,13,7,4,2,0,2,14,45
18,20,5,31,6,0,0,2,0,0,0,12,3,0,0,5,6,171,3,27,4,7,16,3,5,12,7,4,2,0,1,13,0
-81,18,3,39,5,0,0,2,0,0,0,9,6,0,0,5,6,171,1,27,4,7,16,3,4,11,8,4,2,0,2,15,0
11,18,3,33,4,0,0,2,0,0,0,8,7,0,0,5,6,171,1,27,4,7,16,2,3,10,7,4,2,0,1,13,15
36,17,5,27,5,0,0,4,0,0,0,11,4,0,0,5,6,171,3,23,3,8,15,2,6,16,8,5,2,0,2,12,30
45,16,7,25,5,0,0,4,0,0,0,9,6,0,0,5,6,171,1,21,6,10,15,5,8,20,10,6,2,0,2,12,15
34,15,7,31,6,0,0,5,0,0,0,6,9,0,0,5,6,171,3,19,7,8,14,6,7,19,10,6,2,0,1,13,0
-3,14,6,25,6,0,0,5,0,0,0,1,14,0,0,5,6,171,3,18,6,8,14,5,8,18,10,7,2,0,2,12,15
55,13,5,22,5,0,0,5,0,0,0,0,15,0,0,5,6,171,1,18,6,8,14,4,7,18,11,8,2,0,2,12,0
30,13,6,29,5,0,0,5,0,0,0,14,1,0,0,5,6,171,1,18,6,8,14,3,6,17,10,7,2,0,2,12,45
10,11,5,29,8,0,0,4,0,0,0,10,5,0,0,5,6,171,2,15,4,7,13,3,10,17,11,8,2,0,2,12,45
-159,10,4,41,8,0,1,3,0,0,0,8,7,0,0,5,6,171,2,14,3,6,12,2,10,17,11,8,2,0,1,15,15
11,9,5,27,9,0,1,2,0,0,1,11,4,0,0,5,6,171,2,12,2,5,12,4,12,17,12,8,2,2,2,12,30
10,8,5,22,9,0,1,2,0,0,1,5,10,0,0,5,6,171,1,11,3,6,11,8,12,19,13,8,2,2,2,12,0
8,8,5,18,9,0,1,2,0,0,1,2,13,0,0,5,6,171,2,10,2,5,10,8,11,18,12,8,2,2,2,11,30
-15,7,5,22,8,0,1,2,0,0,1,12,3,0,0,5,6,171,1,10,3,7,10,7,11,19,12,8,2,2,2,12,0
-17,7,5,18,8,0,0,2,0,0,1,11,4,0,0,5,6,171,1,10,3,7,10,8,10,18,11,8,2,2,2,11,30
1,7,5,20,7,0,0,2,0,0,1,8,7,0,0,5,6,171,1,10,3,7,10,8,9,18,10,8,2,2,3,11,45
59,7,5,15,6,0,0,2,0,0,1,6,9,0,0,5,6,171,1,10,3,7,10,7,8,18,9,7,2,2,1,11,0
15,7,5,15,6,0,0,3,0,0,1,1,14,0,0,5,6,171,3,8,2,5,8,6,7,17,8,6,2,2,1,11,0
-43,6,5,20,6,0,0,3,0,0,0,8,7,0,0,5,6,171,2,8,3,6,8,5,8,16,8,6,2,2,3,11,45
-114,5,4,35,6,0,0,2,0,0,0,3,12,0,0,5,6,171,1,8,3,8,8,4,8,15,8,6,1,2,1,14,15
35,4,3,17,6,0,0,1,0,0,0,11,4,0,0,5,6,171,1,7,4,7,7,4,7,14,8,5,0,1,2,11,15
5,4,3,10,6,0,0,1,0,0,0,11,4,0,0,5,6,171,1,7,4,7,7,4,7,14,8,5,0,1,1,10,15
40,4,3,13,5,0,0,1,0,0,0,10,5,0,0,5,6,171,1,7,4,7,7,2,5,13,6,3,0,0,2,10,45
39,3,3,13,6,0,0,2,0,0,0,0,15,0,0,5,6,171,2,4,4,4,4,4,7,13,7,3,0,0,2,10,45
-7,2,2,6,6,0,0,2,0,0,1,12,3,0,0,5,6,171,2,2,2,2,2,6,10,12,8,4,0,0,2,9,45
30,1,1,8,5,0,0,2,0,0,1,9,6,0,0,5,6,171,1,2,2,2,2,5,9,11,8,4,0,0,2,10,0
43,1,1,10,5,0,1,2,0,0,1,4,11,0,0,5,6,171,3,0,0,0,0,4,8,10,7,3,0,0,1,10,15
15,1,1,12,4,0,1,2,0,0,1,7,8,0,0,5,6,171,1,0,0,0,0,6,8,9,8,4,0,0,2,10,30
6,0,0,0,3,0,1,2,0,0,1,4,11,0,1,5,6,171,0,0,0,0,0,6,7,8,8,3,0,0,2,9,0
-2,0,0,2,3,0,1,2,0,0,0,2,13,0,0,5,6,171,0,0,0,0,0,5,6,7,7,3,0,0,2,9,15
15,0,0,4,2,0,1,2,0,0,0,0,15,0,0,5,6,171,0,0,0,0,0,4,6,6,6,2,0,0,2,9,30
-3,0,0,8,1,0,1,2,0,0,0,0,18,0,0,5,6,171,0,0,0,0,0,3,5,5,5,2,0,0,2,10,0
-2,0,0,2,1,0,0,2,0,0,0,0,21,0,0,5,6,171,0,0,0,0,0,3,4,4,4,2,0,0,2,9,15
26,0,0,4,1,0,0,1,0,0,0,0,24,0,0,5,6,171,0,0,0,0,0,2,3,3,3,2,0,0,2,9,30
25,0,0,0,0,0,0,1,0,0,0,0,49,0,1,5,6,171,0,0,0,0,0,2,2,2,2,1,0,0,2,9,0
31,0,0,6,0,0,0,0,0,0,0,0,60,0,0,5,6,171,0,0,0,0,0,1,1,1,1,0,0,0,2,9,45
34,47,7,53,2,0,2,1,0,0,0,5,10,1,0,4,6,170,2,49,5,8,15,1,3,8,4,2,1,0,2,17,30
24,41,6,50,3,0,4,1,2,0,0,4,26,0,0,4,6,170,1,43,3,7,13,3,7,13,10,5,1,0,1,17,0
57,41,6,47,3,0,3,2,2,0,0,12,3,0,0,4,6,170,2,42,5,6,13,3,6,13,9,5,1,0,1,16,15
50,40,6,49,4,0,2,2,2,0,0,6,9,0,0,4,6,170,2,41,5,8,13,4,7,12,9,5,1,0,2,16,30
13,39,5,53,4,0,2,2,2,0,0,4,11,1,0,4,6,170,2,40,4,7,12,4,6,11,9,5,1,0,2,17,30
52,38,4,45,5,0,3,2,2,0,0,8,7,0,0,4,6,170,4,37,2,5,10,3,7,11,9,4,1,0,2,16,0
-1,38,4,52,5,0,2,2,2,0,0,4,11,0,0,4,6,170,3,37,3,5,11,2,7,10,9,4,1,0,2,17,15
47,35,3,47,5,0,2,2,2,0,0,5,10,0,0,4,6,170,1,36,3,6,11,3,7,9,11,4,1,0,1,16,15
28,34,5,50,7,0,2,1,2,0,0,3,12,0,0,4,6,170,2,34,2,5,12,5,7,9,11,4,1,0,1,17,0
-8,34,6,45,6,0,2,1,2,0,0,10,5,0,0,4,6,170,2,34,3,6,12,5,6,9,10,3,1,0,2,16,0
49,34,7,38,6,0,2,1,2,0,0,13,2,0,0,4,6,170,3,33,4,5,13,5,6,11,9,2,1,0,2,15,0
66,34,7,40,6,0,1,1,2,0,0,12,3,0,0,4,6,170,3,33,4,5,14,4,5,10,8,2,1,0,1,15,15
61,34,7,43,7,0,1,1,1,0,0,8,7,0,0,4,6,170,4,32,3,5,13,3,4,9,7,1,1,0,2,15,45
55,32,5,37,6,0,1,1,1,0,0,14,1,0,0,4,6,170,2,32,4,6,13,2,3,8,8,2,1,0,2,14,45
21,30,6,43,6,0,3,1,1,0,0,14,1,0,0,4,6,170,3,29,1,5,11,2,3,10,9,3,1,0,2,15,45
40,27,7,38,5,0,3,2,1,0,0,33,12,0,0,4,6,170,1,28,4,7,14,1,3,13,11,5,1,1,2,15,0
51,25,7,36,6,0,2,4,1,0,1,3,42,0,0,4,6,170,3,24,4,6,13,2,8,12,12,5,1,1,1,14,30
63,23,7,31,8,0,1,4,1,0,1,2,13,0,0,4,6,170,3,22,3,5,12,4,9,15,13,7,0,1,1,13,15
40,20,5,40,8,0,1,4,1,0,2,2,13,0,0,4,6,170,2,20,2,6,11,6,10,17,15,7,0,0,1,15,15
70,20,5,42,8,0,1,4,0,0,2,1,14,0,0,4,6,170,2,20,2,6,11,5,9,16,14,7,0,0,2,15,30
16,20,5,35,7,0,1,4,0,0,2,13,2,0,0,4,6,170,2,20,2,7,12,4,8,16,13,6,0,0,1,14,15
124,18,5,28,8,0,1,4,0,0,2,13,2,0,0,4,6,170,2,18,2,5,12,5,7,18,14,8,0,0,1,12,45
42,18,5,30,7,0,1,4,0,0,2,10,5,0,0,4,6,170,2,18,3,5,12,4,6,17,13,7,0,0,3,13,0
38,18,6,28,7,0,1,4,0,0,1,3,12,0,0,4,6,170,2,18,4,6,13,5,5,16,12,7,0,0,1,12,45
78,17,5,31,6,0,1,4,0,0,1,11,4,0,0,4,6,170,1,18,5,7,14,4,6,17,12,6,0,0,1,13,15
127,17,5,11,7,0,1,4,0,0,0,5,10,0,0,4,6,170,2,17,4,6,13,3,6,16,11,5,0,0,3,10,45
75,16,6,34,8,0,1,4,0,0,0,10,5,0,0,4,6,170,3,15,2,6,11,2,8,16,11,4,0,0,1,13,30
16,15,5,31,8,0,1,3,0,0,0,7,8,0,0,4,6,170,2,15,3,6,11,1,7,15,11,5,0,0,1,13,15
94,12,5,26,11,0,1,3,0,0,0,2,13,0,0,4,6,170,3,11,2,6,9,7,11,16,13,6,0,0,2,12,30
194,12,5,13,11,0,0,3,0,0,0,14,1,0,0,4,6,170,3,11,2,7,10,6,11,16,12,6,0,0,2,11,0
100,12,6,22,10,0,0,3,0,0,0,11,4,0,0,4,6,170,3,11,3,7,10,6,11,15,11,5,0,0,2,12,0
50,12,7,24,9,0,0,3,0,0,0,4,11,0,0,4,6,170,3,11,4,7,10,7,10,14,10,5,0,0,2,12,15
58,11,6,18,9,0,0,3,0,0,0,13,2,0,0,4,6,170,3,10,4,6,9,7,9,13,10,4,0,0,2,11,30
34,10,5,20,9,0,0,3,0,0,0,10,5,0,0,4,6,170,3,9,3,5,8,6,9,12,10,4,0,0,2,11,45
38,9,5,18,8,0,0,3,0,0,0,3,12,0,0,4,6,170,2,9,4,5,9,5,8,12,10,4,0,0,2,11,30
36,8,4,26,7,0,0,3,0,0,0,13,2,0,0,4,6,170,1,9,5,5,9,6,7,11,10,3,0,0,2,12,30
61,8,5,24,8,0,0,2,0,0,1,4,11,0,0,4,6,170,3,7,3,4,7,5,6,14,9,3,0,0,2,12,15
48,8,5,22,8,0,0,1,0,0,1,4,11,0,0,4,6,170,3,7,3,4,7,4,6,13,8,3,0,0,2,12,0
39,8,5,16,8,0,0,1,0,0,1,13,2,0,0,4,6,170,4,6,2,3,6,3,6,14,7,2,0,0,2,11,15
-65,7,5,20,10,0,0,1,0,0,0,0,15,0,0,4,6,170,4,4,0,2,4,3,6,16,8,3,0,0,2,11,45
4,7,5,13,9,0,0,1,0,0,0,14,1,0,0,4,6,170,4,4,0,3,4,2,5,15,7,2,0,0,2,11,0
21,5,5,16,9,0,0,0,0,0,0,12,3,0,0,4,6,170,2,4,1,3,4,3,4,14,8,3,0,0,2,11,15
46,3,3,13,8,0,1,0,0,0,0,4,11,0,0,4,6,170,1,3,2,3,3,3,8,13,9,4,0,0,2,11,0
26,3,3,7,7,0,1,0,0,0,0,0,15,0,0,4,6,170,1,3,2,3,3,2,9,12,8,3,0,0,2,10,0
46,2,2,10,6,0,1,0,1,0,0,0,15,0,0,4,6,170,1,2,2,2,2,2,11,11,8,4,0,0,2,10,30
27,0,0,11,6,0,1,0,1,0,0,4,11,0,0,4,6,170,0,1,1,1,1,9,10,10,9,5,0,0,3,10,45
24,0,0,8,6,0,1,0,1,0,0,0,3,0,0,4,6,170,1,0,0,0,0,9,9,9,8,5,0,0,1,10,15
38,0,0,2,5,0,1,0,1,0,0,0,7,0,0,4,6,170,0,0,0,0,0,8,8,8,8,4,0,0,2,9,15
47,0,0,8,4,0,1,0,1,0,0,0,9,0,0,4,6,170,0,0,0,0,0,7,7,7,7,4,0,0,1,10,15
34,0,0,0,4,0,0,0,1,0,0,0,11,0,1,4,6,170,0,0,0,0,0,6,6,6,6,4,0,0,2,9,0
52,0,0,4,3,0,0,0,1,0,0,0,12,0,0,4,6,170,0,0,0,0,0,5,5,5,5,3,0,0,1,9,30
23,0,0,0,3,0,0,0,0,0,0,0,14,0,1,4,6,170,0,0,0,0,0,4,4,4,4,2,0,0,2,9,0
0,0,0,2,2,0,0,0,0,0,0,0,18,0,0,4,6,170,0,0,0,0,0,3,3,3,3,2,0,0,2,9,15
34,0,0,4,1,0,0,0,0,0,0,0,21,0,0,4,6,170,0,0,0,0,0,2,2,2,2,1,0,0,1,9,30
-48,0,0,6,0,0,0,0,0,0,0,0,29,0,0,4,6,170,0,0,0,0,0,1,1,1,1,0,0,0,1,9,45
-26,19,5,48,3,0,0,1,0,0,0,6,9,0,0,3,6,169,1,46,5,8,13,3,5,11,4,1,6,2,1,17,0
-5,19,5,50,3,0,0,1,0,0,1,11,4,1,0,3,6,169,3,44,4,6,12,2,5,11,3,0,6,1,2,17,30
7,18,4,43,4,0,0,2,0,0,0,6,9,0,0,3,6,169,2,42,4,6,12,3,4,12,5,3,6,1,2,16,0
0,16,2,48,6,0,0,1,0,0,1,9,6,0,0,3,6,169,3,39,1,5,9,3,4,11,6,2,6,1,1,17,0
21,15,1,39,6,0,0,0,0,0,1,3,12,0,0,3,6,169,2,39,2,5,10,2,6,10,6,2,5,1,2,15,30
-7,14,0,47,5,0,0,1,0,0,1,4,11,0,0,3,6,169,2,38,2,5,9,1,6,11,6,2,5,0,2,16,30
-18,14,2,45,7,0,0,1,0,0,1,12,3,0,0,3,6,169,2,35,3,5,10,6,8,15,8,3,5,1,1,16,15
1,14,2,41,6,0,0,1,1,0,1,8,7,0,0,3,6,169,3,34,2,4,10,5,7,14,7,2,5,1,2,15,45
-56,14,2,43,6,0,0,1,1,0,0,7,8,0,0,3,6,169,2,34,2,4,10,4,6,13,7,2,5,1,2,16,0
-9,14,2,45,5,0,0,1,1,0,0,4,11,0,0,3,6,169,2,34,2,5,10,3,5,12,6,2,5,1,1,16,15
4,14,2,39,5,0,0,1,1,0,0,8,7,0,0,3,6,169,1,33,3,4,11,4,5,13,7,2,5,2,2,15,30
-8,14,2,34,4,0,0,1,1,0,0,3,12,0,0,3,6,169,1,33,3,4,12,3,5,13,6,2,4,2,3,15,0
-20,14,3,32,3,0,1,1,1,0,0,15,15,0,0,3,6,169,1,32,3,5,13,3,8,13,6,2,4,2,2,14,45
15,14,3,36,3,0,1,1,1,0,0,14,16,0,0,3,6,169,2,31,2,4,12,2,7,12,5,2,4,2,2,15,15
9,12,1,29,5,0,0,1,1,0,0,16,14,0,0,3,6,169,1,29,2,6,14,6,7,16,7,5,3,2,1,13,45
-8,12,2,30,5,0,0,1,0,0,0,7,23,0,0,3,6,169,1,29,3,7,15,5,9,16,6,4,3,1,1,14,15
-14,12,2,32,4,0,0,1,0,0,0,2,28,0,0,3,6,169,1,29,3,8,15,5,8,15,5,3,3,1,2,14,45
-60,12,2,41,4,0,0,0,1,0,0,11,4,0,0,3,6,169,1,28,3,7,15,4,7,15,5,3,2,1,2,15,45
-51,12,2,31,4,0,0,0,1,0,0,7,8,0,0,3,6,169,2,27,3,7,15,3,7,14,4,3,2,0,2,14,30
-23,12,3,34,3,0,0,0,1,0,0,5,10,0,0,3,6,169,2,27,3,8,15,2,6,13,3,2,2,0,3,15,0
47,11,2,26,2,0,0,1,1,0,0,4,11,0,0,3,6,169,1,26,5,8,15,4,6,14,4,4,2,0,1,13,0
33,10,3,22,4,0,0,1,2,0,0,12,3,0,0,3,6,169,3,22,3,8,15,4,10,14,5,4,2,1,2,12,30
-11,10,4,26,4,0,0,1,1,0,0,9,6,0,0,3,6,169,3,22,3,8,15,3,9,13,4,3,2,1,1,13,0
-123,10,4,36,3,0,0,1,1,0,0,8,7,0,0,3,6,169,3,22,3,8,15,2,8,13,3,2,2,1,2,15,15
-33,10,6,24,3,0,0,1,1,0,0,9,6,0,0,3,6,169,1,21,4,8,14,4,8,14,5,4,2,1,2,12,45
15,9,5,19,4,0,0,2,1,0,0,5,10,0,0,3,6,169,1,18,4,7,12,6,9,18,7,5,2,2,2,12,15
-6,9,5,24,5,0,0,1,1,0,0,27,3,0,0,3,6,169,2,17,3,7,12,6,8,17,6,5,2,2,2,12,45
-56,9,5,28,4,0,0,1,1,0,0,25,5,0,0,3,6,169,2,17,4,8,12,5,7,16,5,4,2,2,1,13,15
7,9,7,18,3,0,1,1,1,0,0,22,8,0,0,3,6,169,3,16,4,7,13,4,6,15,4,3,2,2,3,12,0
-9,7,5,22,4,0,1,1,0,0,0,16,14,0,0,3,6,169,2,15,3,6,13,3,5,14,5,2,2,2,2,12,30
-24,7,5,19,4,0,1,1,0,0,0,14,16,0,0,3,6,169,3,14,2,6,12,3,4,13,4,1,1,2,2,12,15
40,6,5,12,4,0,0,1,0,0,0,2,28,0,0,3,6,169,2,14,3,7,12,3,6,13,4,1,1,1,2,10,45
-200,4,3,36,5,0,0,0,0,0,1,1,14,0,0,3,6,169,2,12,4,6,11,2,7,14,5,1,0,1,2,15,15
-46,4,3,16,6,0,0,0,0,0,0,9,6,0,0,3,6,169,1,11,4,5,10,2,8,13,6,2,0,0,1,11,45
38,2,1,6,6,0,0,1,0,0,2,12,3,0,0,3,6,169,3,7,1,5,7,6,9,16,7,3,0,0,2,10,0
53,2,1,4,6,0,0,1,0,0,1,8,7,0,0,3,6,169,2,7,1,5,7,6,8,15,7,3,0,0,2,9,45
-50,2,1,16,5,0,0,1,0,0,1,7,8,0,0,3,6,169,2,7,1,5,7,6,7,14,6,3,0,0,1,11,45
34,1,1,13,4,0,0,1,0,0,1,13,2,0,0,3,6,169,1,7,2,6,7,6,8,13,6,3,0,0,1,11,0
39,1,1,10,3,0,0,2,0,0,1,3,12,0,0,3,6,169,1,6,4,5,6,5,7,13,6,3,0,0,1,10,30
5,1,1,8,3,0,0,2,0,0,0,13,2,0,0,3,6,169,1,6,4,5,6,4,7,12,5,3,0,0,2,10,15
10,1,1,13,2,0,0,2,0,0,0,11,4,0,0,3,6,169,0,6,4,5,6,3,6,11,5,3,0,0,1,11,0
17,1,1,15,1,0,0,2,0,0,0,7,8,0,0,3,6,169,0,6,4,5,6,2,5,10,4,2,0,0,2,11,15
-110,1,1,19,1,0,0,1,0,0,0,5,10,0,0,3,6,169,0,6,4,5,6,2,4,9,3,2,0,0,2,12,15
-18,1,1,10,2,0,0,1,2,0,0,6,9,0,0,3,6,169,2,2,1,2,2,3,7,8,4,3,0,0,1,10,30
-19,1,1,8,2,0,0,0,2,0,0,1,14,0,0,3,6,169,2,2,1,2,2,3,6,7,3,3,0,0,2,10,15
-16,0,0,4,2,0,0,0,2,0,0,3,12,0,0,3,6,169,1,1,1,1,1,5,6,6,4,4,0,0,2,9,45
15,0,0,0,2,0,0,0,1,0,0,0,12,0,1,3,6,169,0,1,1,1,1,4,5,5,4,4,0,0,1,9,0
-20,0,0,2,3,0,0,0,0,0,0,0,24,0,0,3,6,169,1,0,0,0,0,3,4,4,3,3,0,0,1,9,15
-52,0,0,6,2,0,0,0,0,0,0,0,24,0,0,3,6,169,1,0,0,0,0,3,3,3,2,2,0,0,2,10,0
-3,0,0,3,1,0,0,0,0,0,0,0,26,0,0,3,6,169,1,0,0,0,0,2,2,2,1,1,0,0,2,9,30
-29,0,0,0,0,0,0,0,0,0,0,0,54,0,1,3,6,169,0,0,0,0,0,1,1,1,1,1,0,0,1,9,0
-40,30,3,57,5,0,0,0,0,0,1,3,12,1,0,2,6,168,2,52,5,7,15,3,3,9,5,5,10,1,2,17,45
-20,30,3,57,5,0,0,0,0,0,0,1,14,1,0,2,6,168,2,52,5,8,15,2,2,8,4,4,9,1,2,17,45
-27,30,7,53,5,0,0,1,0,0,0,11,4,0,0,2,6,168,3,50,4,9,16,1,4,11,4,4,9,1,2,17,15
-15,25,4,49,8,0,2,2,0,0,0,9,6,0,0,2,6,168,2,43,4,7,12,4,7,17,11,7,8,1,2,16,45
38,25,4,51,7,0,2,2,0,0,0,9,6,0,0,2,6,168,2,43,4,7,12,3,7,16,10,6,8,0,2,17,0
21,23,2,45,8,0,2,2,0,0,0,12,3,0,0,2,6,168,2,41,4,7,11,4,8,17,11,7,8,1,2,16,15
-54,23,2,51,8,0,1,2,0,0,0,6,9,0,0,2,6,168,1,41,4,7,13,3,7,16,11,7,8,1,2,17,0
1,22,2,43,8,0,1,3,0,0,0,4,11,0,0,2,6,168,1,39,4,6,13,4,7,17,12,7,8,1,2,16,0
-17,22,2,55,8,0,1,3,0,0,0,14,1,0,0,2,6,168,2,38,3,5,12,3,6,17,11,6,8,1,2,17,30
36,21,1,47,8,0,1,3,0,0,0,12,3,0,0,2,6,168,1,37,3,6,14,4,9,19,12,7,8,3,2,16,30
27,21,1,43,8,0,1,3,0,0,0,9,6,0,0,2,6,168,2,36,2,5,13,3,10,18,11,6,8,4,2,16,0
38,21,1,39,8,0,1,3,1,0,0,13,2,0,0,2,6,168,2,34,1,4,12,3,11,17,12,6,8,4,2,15,30
-95,21,2,49,8,0,0,3,1,0,0,12,3,0,0,2,6,168,2,34,1,4,12,2,10,16,11,6,7,4,2,16,45
60,20,2,32,9,0,0,2,1,0,0,5,10,0,0,2,6,168,1,33,3,6,15,7,11,16,12,6,7,4,2,14,45
39,20,3,36,8,0,0,2,1,0,0,41,4,0,0,2,6,168,1,33,3,8,17,8,13,16,11,5,7,6,2,15,15
-113,20,3,55,7,0,0,3,1,0,0,40,5,0,0,2,6,168,2,32,2,7,16,7,12,15,10,5,7,6,2,17,30
7,20,3,36,7,0,0,2,1,0,0,37,8,0,0,2,6,168,2,32,3,7,16,6,11,15,9,4,6,6,2,15,15
-13,20,3,47,8,0,0,1,1,0,0,31,14,0,0,2,6,168,3,31,3,6,16,5,11,15,8,4,5,5,2,16,30
-9,20,3,34,7,0,0,1,1,0,0,26,19,0,0,2,6,168,3,31,4,8,17,5,10,16,7,4,4,4,3,15,0
50,20,3,34,6,0,0,1,1,0,0,25,20,0,0,2,6,168,3,31,4,8,17,4,9,15,6,3,4,3,3,15,0
2,20,3,31,6,0,1,1,0,0,0,19,26,0,0,2,6,168,3,30,4,8,16,4,8,15,6,3,4,3,2,14,30
-66,20,3,41,5,0,1,1,0,0,0,15,30,0,0,2,6,168,3,30,4,8,16,4,7,14,5,2,4,3,2,15,45
-40,19,3,39,6,0,1,1,1,0,0,13,2,0,0,2,6,168,4,27,3,8,16,6,6,16,6,4,3,3,2,15,30
21,18,2,32,5,0,1,1,1,0,0,6,9,0,0,2,6,168,3,27,4,9,16,5,6,19,6,4,3,2,2,14,45
13,17,1,28,4,0,1,2,1,0,0,2,13,0,0,2,6,168,3,26,4,8,15,4,5,18,6,4,2,2,1,13,30
-217,17,2,53,4,0,0,2,1,0,0,14,1,0,0,2,6,168,3,26,4,9,15,3,4,17,5,3,1,1,2,17,15
-45,17,3,45,4,0,0,2,1,0,0,11,4,0,0,2,6,168,4,25,3,9,14,2,4,16,4,2,1,0,2,16,15
-67,17,3,30,4,0,0,1,1,0,0,4,11,0,0,2,6,168,3,25,4,10,15,1,4,18,4,2,1,0,1,14,15
-21,16,6,27,5,0,2,2,1,0,1,10,5,0,0,2,6,168,3,19,5,8,13,6,12,18,9,3,1,1,2,13,15
32,14,4,15,6,0,2,2,2,0,0,13,2,0,0,2,6,168,2,17,3,6,13,7,13,18,11,4,1,1,1,11,45
-114,14,5,41,7,0,2,1,2,0,0,7,8,0,0,2,6,168,3,16,2,6,13,6,13,17,10,3,1,1,2,15,45
-4,14,5,23,8,0,1,1,2,0,0,3,12,0,0,2,6,168,4,15,3,5,12,5,14,17,9,2,1,1,2,12,45
19,12,3,25,7,0,1,1,3,0,0,12,3,0,0,2,6,168,3,14,3,4,11,8,13,17,10,4,1,1,1,13,0
-33,12,3,28,6,0,1,1,3,0,0,12,3,0,0,2,6,168,3,14,3,4,11,7,12,16,9,3,1,1,1,13,30
13,12,3,17,5,0,1,1,3,0,0,4,11,0,0,2,6,168,2,14,3,6,11,8,11,16,9,4,1,1,3,12,0
-23,12,5,23,4,0,1,1,3,0,0,0,15,0,0,2,6,168,2,14,3,6,11,7,10,15,8,4,1,1,2,12,45
67,10,3,18,5,0,1,1,2,0,1,16,14,0,0,2,6,168,2,12,2,5,11,9,10,14,9,4,1,1,2,12,15
-23,10,3,18,4,0,1,1,2,0,1,14,16,0,0,2,6,168,2,12,2,5,11,8,9,13,8,4,1,1,2,12,15
-3,10,3,21,4,0,1,1,2,0,0,12,18,0,0,2,6,168,2,11,1,4,10,7,8,12,8,4,0,1,2,12,30
-46,10,3,18,4,0,1,1,2,0,0,12,18,0,0,2,6,168,2,11,1,4,10,7,8,12,8,4,0,1,2,12,15
-14,10,3,25,3,0,1,1,2,0,0,8,22,0,0,2,6,168,2,11,3,5,11,5,7,10,6,3,0,0,1,13,0
3,10,3,21,3,0,1,0,2,0,0,8,22,0,0,2,6,168,2,11,3,5,11,4,6,9,5,3,0,0,2,12,30
18,9,4,15,3,0,1,0,2,0,0,8,7,0,0,2,6,168,1,10,3,7,10,4,5,8,6,4,0,0,1,11,45
19,9,4,14,2,0,1,0,2,0,0,7,8,0,0,2,6,168,1,10,3,7,10,3,4,7,5,3,0,0,2,11,15
106,9,5,9,2,0,1,0,1,0,0,5,10,0,0,2,6,168,1,10,3,7,10,2,3,7,4,3,0,0,1,10,15
-244,7,4,36,3,0,0,1,1,0,0,11,4,0,0,2,6,168,1,8,4,6,8,2,5,10,5,2,0,0,2,15,15
64,7,6,11,5,0,0,1,0,0,0,10,5,0,0,2,6,168,3,6,3,6,6,3,4,10,4,1,0,0,1,10,30
49,4,4,8,5,0,0,1,2,0,0,4,11,0,0,2,6,168,3,3,1,3,3,3,5,11,6,3,0,0,2,10,0
12,4,4,13,4,0,0,1,2,0,0,2,13,0,0,2,6,168,3,3,1,3,3,2,5,10,5,3,0,0,1,11,0
2,4,4,12,3,0,0,1,2,0,0,8,7,0,0,2,6,168,3,3,3,3,3,1,5,10,4,3,0,0,1,10,45
36,0,0,4,5,0,0,1,2,0,0,7,8,0,0,2,6,168,0,0,0,0,0,6,8,9,9,8,0,0,2,9,30
-18,0,0,6,4,0,0,1,2,0,0,5,10,0,0,2,6,168,0,0,0,0,0,5,7,8,8,7,0,0,1,9,45
9,0,0,4,4,0,0,1,1,0,0,3,12,0,0,2,6,168,0,0,0,0,0,4,6,7,7,6,0,0,2,9,30
6,0,0,9,4,0,0,0,1,0,0,0,1,0,0,2,6,168,0,0,0,0,0,3,5,6,6,5,0,0,1,10,15
30,0,0,0,3,0,0,0,1,0,0,0,10,0,1,2,6,168,0,0,0,0,0,2,5,5,5,4,0,0,2,9,0
-1,0,0,2,2,0,0,0,1,0,0,0,19,0,0,2,6,168,0,0,0,0,0,2,4,4,4,3,0,0,2,9,15
15,0,0,0,1,0,0,0,1,0,0,0,44,0,1,2,6,168,0,0,0,0,0,3,3,3,3,2,0,0,2,9,0
28,0,0,2,1,0,0,0,0,0,0,0,53,0,0,2,6,168,0,0,0,0,0,2,2,2,2,1,0,0,2,9,15
30,0,0,6,0,0,0,0,0,0,0,0,64,0,0,2,6,168,0,0,0,0,0,1,1,1,1,1,0,0,1,9,45
-2,25,2,51,1,0,0,0,2,0,0,4,11,0,0,6,6,165,0,50,2,8,14,3,6,8,4,3,4,1,1,17,15
1,25,3,53,2,0,0,0,2,0,0,7,8,1,0,6,6,165,2,48,3,8,13,3,5,7,3,2,4,1,2,17,30
21,25,4,51,1,0,0,0,2,0,0,1,14,0,0,6,6,165,2,48,3,9,13,2,4,6,2,1,4,1,1,17,15
5,24,4,50,2,0,0,0,1,0,0,1,14,0,0,6,6,165,1,47,5,9,12,3,5,8,3,1,4,1,2,17,0
-2,23,5,47,5,0,1,0,1,0,0,9,6,0,0,6,6,165,3,42,4,6,8,4,4,10,5,2,4,1,1,16,30
-7,23,5,49,4,0,1,0,1,0,0,5,10,0,0,6,6,165,3,42,4,6,8,3,3,9,4,2,3,1,1,16,45
-3,21,4,46,5,0,0,2,1,0,0,0,15,0,0,6,6,165,3,39,2,4,6,2,3,11,6,5,3,0,2,16,15
67,21,4,41,5,0,0,2,0,0,0,14,1,0,0,6,6,165,3,39,2,4,6,1,3,10,5,5,3,0,2,15,30
-9,17,0,44,6,0,0,4,0,0,0,0,15,0,0,6,6,165,2,35,1,2,9,5,9,12,9,6,3,1,1,16,0
-4,17,0,39,6,0,0,3,0,0,0,14,1,0,0,6,6,165,2,35,1,2,9,4,8,11,8,5,3,1,1,15,15
12,17,1,44,5,0,0,3,0,0,0,3,12,0,0,6,6,165,2,35,1,3,11,4,8,11,7,5,3,1,1,16,0
24,17,1,39,5,0,0,2,0,0,0,11,4,0,0,6,6,165,1,35,1,3,12,4,7,10,7,5,2,1,1,15,15
18,17,1,42,4,0,0,2,0,0,0,7,8,0,0,6,6,165,1,35,1,3,13,3,6,9,6,5,2,0,2,15,45
46,17,1,37,4,0,0,2,0,0,0,43,2,0,0,6,6,165,2,34,1,5,15,4,5,10,5,4,2,0,2,15,0
20,17,1,37,3,0,0,2,0,0,0,31,14,0,0,6,6,165,1,34,2,5,17,4,6,11,5,3,2,0,2,15,0
10,17,2,35,3,0,0,1,0,0,0,21,24,0,0,6,6,165,1,33,3,6,17,3,5,11,4,3,2,0,2,14,45
-2,17,2,34,3,0,0,1,0,0,0,17,28,0,0,6,6,165,2,33,3,7,17,2,4,11,3,2,2,0,2,14,30
45,17,2,35,3,0,0,0,0,0,0,12,33,0,0,6,6,165,1,33,4,7,17,1,3,11,3,2,2,0,2,14,45
-93,16,4,42,6,0,0,0,0,0,0,3,12,0,0,6,6,165,2,29,5,12,16,3,7,16,5,2,2,1,2,15,45
-48,16,4,33,5,0,0,0,0,0,0,1,14,0,0,6,6,165,2,29,6,12,17,2,6,15,4,2,2,1,1,14,15
-25,15,4,32,4,0,0,1,0,0,2,10,5,0,0,6,6,165,2,26,7,12,18,4,8,16,6,1,2,1,1,13,30
-167,12,3,47,9,0,0,2,0,0,2,0,15,0,0,6,6,165,3,19,3,6,13,6,12,19,11,3,1,2,1,16,30
-15,12,3,31,8,0,0,2,0,0,2,13,2,0,0,6,6,165,3,19,3,6,14,5,12,19,10,2,1,1,1,13,15
67,12,3,19,8,0,0,2,0,0,1,12,3,0,0,6,6,165,3,19,3,6,14,5,11,18,9,2,1,1,2,11,45
-3,12,3,24,7,0,0,2,0,0,1,7,8,0,0,6,6,165,2,19,5,6,14,6,10,17,9,3,1,1,2,12,30
-12,12,3,27,9,0,0,2,0,0,0,14,1,0,0,6,6,165,4,17,3,6,12,6,9,17,8,3,1,1,2,12,45
36,11,3,29,8,0,0,2,0,0,0,4,11,0,0,6,6,165,2,17,3,7,13,7,9,17,9,3,1,1,1,13,0
-9,11,3,27,8,0,1,1,0,0,0,13,2,0,0,6,6,165,3,16,3,8,12,7,9,18,8,3,1,1,2,12,45
16,11,3,20,7,0,1,1,1,0,1,10,5,0,0,6,6,165,4,14,1,6,10,6,8,17,8,3,1,1,2,12,0
-3,10,2,22,6,0,1,1,1,0,1,7,8,0,0,6,6,165,3,14,1,6,11,5,7,16,8,3,1,1,3,12,15
93,10,2,11,6,0,1,0,1,0,1,5,10,0,0,6,6,165,3,14,1,6,11,4,7,15,7,2,1,1,2,10,45
-57,9,4,24,6,0,1,0,1,0,0,7,8,0,0,6,6,165,1,14,4,7,12,4,8,15,8,3,0,1,2,12,30
-36,9,4,24,5,0,1,0,1,0,0,5,10,0,0,6,6,165,1,14,4,8,13,3,7,15,7,2,0,0,2,12,30
9,9,5,17,6,0,0,0,1,0,0,14,1,0,0,6,6,165,2,13,5,7,12,3,8,14,6,2,0,0,1,11,30
-13,9,7,15,7,0,0,1,1,0,0,8,7,0,0,6,6,165,4,10,3,6,10,5,8,13,6,2,0,0,2,11,15
-14,8,7,29,7,0,0,1,1,0,0,1,14,0,0,6,6,165,3,9,3,5,9,5,8,12,7,3,0,0,1,13,0
5,8,7,11,8,0,0,0,1,0,0,6,9,0,0,6,6,165,3,8,3,5,8,5,9,12,7,4,0,0,2,10,45
26,6,5,17,8,0,0,0,1,0,0,3,12,0,0,6,6,165,2,7,2,4,7,5,9,12,8,4,0,0,1,11,30
-11,6,5,13,7,0,0,0,1,0,0,2,13,0,0,6,6,165,2,7,2,5,7,4,8,11,7,3,0,0,2,11,0
7,5,4,22,7,0,0,0,1,0,0,4,11,0,0,6,6,165,2,6,2,5,6,4,8,14,7,4,0,0,3,12,15
-35,4,3,15,6,0,0,0,1,0,0,0,15,0,0,6,6,165,1,6,2,5,6,5,7,13,7,5,0,0,2,11,15
19,3,2,8,6,0,0,0,1,0,0,3,12,0,0,6,6,165,1,5,2,4,5,4,6,13,7,5,0,0,1,10,15
23,2,2,13,7,0,0,0,0,0,0,6,9,0,0,6,6,165,1,4,3,4,4,4,5,12,7,6,0,0,2,11,0
5,1,1,10,6,0,0,0,0,0,0,0,15,0,0,6,6,165,0,4,3,4,4,4,4,11,7,6,0,0,2,10,30
-18,1,1,20,5,0,0,0,0,0,0,0,15,0,0,6,6,165,0,4,3,4,4,3,3,10,6,5,0,0,2,12,0
15,1,1,4,4,0,1,0,0,0,0,3,12,0,0,6,6,165,1,3,2,3,3,2,4,9,5,4,0,0,2,9,45
-42,1,1,8,6,0,0,0,0,0,0,6,9,0,0,6,6,165,2,1,1,1,1,1,7,8,5,4,0,0,1,10,15
51,0,0,1,6,0,0,0,0,0,0,0,22,0,0,6,6,165,0,0,0,0,0,7,7,7,7,4,0,0,2,9,15
37,0,0,4,5,0,0,0,0,0,0,0,24,0,0,6,6,165,0,0,0,0,0,6,6,6,6,3,0,0,2,9,45
17,0,0,2,4,0,0,0,0,0,0,0,32,0,0,6,6,165,0,0,0,0,0,5,5,5,5,2,0,0,2,9,30
-45,0,0,2,3,0,0,0,0,0,0,0,33,0,0,6,6,165,0,0,0,0,0,4,4,4,4,2,0,0,2,9,30
-43,0,0,6,2,0,0,0,0,0,0,0,34,0,0,6,6,165,0,0,0,0,0,3,3,3,3,1,0,0,2,10,0
1,0,0,0,1,0,0,0,0,0,0,0,37,0,1,6,6,165,0,0,0,0,0,2,2,2,2,1,0,0,1,9,0
18,0,0,6,0,0,0,0,0,0,0,0,46,0,0,6,6,165,0,0,0,0,0,1,1,1,1,1,0,0,2,10,0
31,26,4,59,0,0,0,1,0,0,0,11,0,0,0,5,6,164,0,61,3,6,13,1,5,10,2,1,10,1,2,17,45
94,24,3,52,0,0,0,2,0,0,1,2,13,0,0,5,6,164,1,57,2,6,13,4,7,10,4,3,9,3,2,16,45
8,24,3,57,0,0,1,2,0,0,0,9,6,0,0,5,6,164,2,56,1,6,13,4,6,9,3,3,9,2,2,17,30
25,24,3,57,0,0,1,2,0,0,0,9,6,0,0,5,6,164,2,56,1,6,14,3,5,8,2,2,9,2,2,17,30
9,23,3,56,0,0,0,2,0,0,0,4,11,0,0,5,6,164,1,56,2,7,15,3,4,8,2,2,9,2,2,17,15
-61,22,3,61,0,0,0,2,0,0,0,10,5,1,0,5,6,164,0,55,5,9,16,3,5,11,3,3,8,2,1,18,0
-5,22,4,59,0,0,0,1,0,0,0,6,9,0,0,5,6,164,0,54,6,9,16,2,4,12,2,2,7,1,2,17,45
-14,22,5,54,2,0,0,1,0,0,0,11,4,0,0,5,6,164,2,52,4,7,14,3,3,12,2,2,7,0,1,17,0
13,20,4,54,4,0,0,1,0,0,0,2,13,0,0,5,6,164,2,49,3,8,15,2,4,14,4,2,7,1,1,17,0
9,20,4,51,3,0,0,1,0,0,0,14,1,0,0,5,6,164,2,49,3,9,15,1,4,13,3,1,7,1,2,16,30
7,17,2,49,5,0,1,1,1,0,0,6,9,0,0,5,6,164,2,44,4,7,13,4,10,18,7,0,7,3,1,16,15
-67,16,1,52,5,0,2,1,1,0,0,8,7,0,0,5,6,164,1,42,3,7,11,6,11,17,9,1,6,3,2,16,45
28,16,1,38,5,0,2,1,1,0,0,1,14,0,0,5,6,164,1,41,3,7,10,6,10,17,9,2,6,2,2,15,0
-29,16,1,45,6,0,1,1,1,0,0,8,7,0,0,5,6,164,1,40,2,6,11,6,10,17,9,2,5,2,2,15,45
-35,16,1,47,6,0,0,2,1,0,0,4,11,0,0,5,6,164,2,39,3,6,10,6,10,17,8,1,5,1,2,16,0
-97,16,1,61,5,0,0,2,1,0,0,3,12,1,0,5,6,164,2,39,3,6,10,5,9,16,7,0,4,1,1,18,0
-2,15,0,49,5,0,0,1,1,0,0,9,6,0,0,5,6,164,1,39,4,6,11,6,9,15,7,0,4,0,1,16,15
-5,15,0,41,4,0,0,1,1,0,0,6,9,0,0,5,6,164,1,39,5,6,11,5,8,14,6,0,4,0,2,15,15
12,15,0,43,3,0,0,2,1,0,0,11,4,0,0,5,6,164,1,38,4,7,10,5,9,14,6,1,4,2,2,15,30
-29,15,0,47,3,0,0,2,0,0,0,6,9,0,0,5,6,164,0,38,5,7,10,4,9,13,6,2,4,3,2,16,0
-64,15,0,45,5,0,0,1,0,0,0,2,13,0,0,5,6,164,2,36,3,5,9,4,8,12,5,2,4,3,2,15,45
54,15,1,41,5,0,0,1,0,0,0,24,6,0,0,5,6,164,3,35,2,4,9,4,7,11,4,1,4,3,2,15,15
12,15,1,36,5,0,0,1,0,0,0,13,17,0,0,5,6,164,4,34,2,4,9,5,7,10,3,1,4,3,3,14,45
-34,15,1,36,4,0,1,1,0,0,0,6,24,0,0,5,6,164,4,33,2,4,9,5,8,11,3,1,4,3,3,14,45
51,15,2,38,3,0,1,1,0,0,0,13,2,0,0,5,6,164,3,33,2,5,11,4,7,13,3,2,4,3,2,15,0
-39,15,3,43,4,0,1,0,0,0,0,29,1,0,0,5,6,164,2,32,2,4,12,4,6,13,4,2,3,3,2,15,30
-55,15,4,38,3,0,1,0,0,0,0,28,2,0,0,5,6,164,2,32,2,4,12,3,6,12,3,1,2,2,2,15,0
-8,15,4,34,3,0,1,0,0,0,0,23,7,0,0,5,6,164,3,31,2,3,11,3,5,11,2,0,1,1,1,14,0
-43,14,4,35,2,0,1,0,0,0,0,3,27,0,0,5,6,164,1,31,3,6,14,3,4,12,3,2,1,0,2,14,30
-9,14,4,33,3,0,0,1,0,0,0,9,6,0,0,5,6,164,3,29,1,5,12,3,3,11,2,2,1,0,1,13,45
10,14,4,32,2,0,0,1,0,0,0,8,7,0,0,5,6,164,3,29,1,5,13,2,2,10,1,1,1,0,1,13,15
20,12,3,29,1,0,1,1,0,0,0,14,1,0,0,5,6,164,1,28,3,8,15,1,7,12,3,2,1,0,1,12,45
7,10,2,29,2,0,2,1,0,0,1,7,8,0,0,5,6,164,1,24,4,8,18,6,8,15,6,3,1,0,1,12,45
-1,10,2,27,1,0,2,1,0,0,1,6,9,0,0,5,6,164,1,24,5,8,18,6,7,14,5,3,1,0,2,12,30
14,10,2,27,1,0,1,1,0,0,1,6,9,0,0,5,6,164,1,24,5,8,18,5,6,13,4,2,1,0,2,12,30
-4,10,2,25,0,0,1,1,0,0,1,5,10,0,0,5,6,164,1,24,5,8,18,4,6,12,3,2,1,0,2,12,15
36,10,2,20,1,0,1,1,0,0,0,1,14,0,0,5,6,164,1,23,4,7,18,3,6,11,3,2,1,0,3,11,45
-6,10,2,31,2,0,1,0,0,0,0,12,3,0,0,5,6,164,2,22,4,7,17,2,5,11,2,2,1,0,1,13,0
-10,9,4,25,5,0,0,0,0,0,0,7,8,0,0,5,6,164,2,19,3,8,16,2,6,13,4,3,1,1,2,12,15
-23,9,5,22,6,0,0,0,0,0,0,3,12,0,0,5,6,164,2,17,4,9,16,4,7,14,5,2,1,1,2,12,0
21,8,5,18,6,0,0,0,0,0,0,5,10,0,0,5,6,164,1,16,5,10,16,4,7,14,6,1,1,1,2,11,30
-19,8,5,22,5,0,0,0,0,0,0,2,13,0,0,5,6,164,1,16,6,11,16,3,6,13,5,0,1,1,2,12,0
-28,8,5,22,7,0,0,0,0,0,0,6,9,0,0,5,6,164,3,13,5,8,13,4,7,12,5,1,1,1,2,12,0
-10,7,5,18,7,0,0,0,0,0,0,12,3,0,0,5,6,164,2,12,4,9,12,4,6,13,6,2,0,1,2,11,30
-9,5,4,16,7,0,0,1,0,0,0,1,14,0,0,5,6,164,2,10,5,7,10,3,7,16,7,3,0,0,2,11,15
-7,5,4,14,6,0,0,1,0,0,0,12,3,0,0,5,6,164,2,10,5,9,10,3,7,15,6,3,0,0,2,11,0
11,3,2,14,5,0,1,1,0,0,1,13,2,0,0,5,6,164,2,8,5,7,8,3,7,17,7,2,0,0,2,11,0
38,3,3,8,6,0,1,1,0,0,2,14,1,0,0,5,6,164,3,5,3,5,5,4,7,16,8,3,0,0,1,10,0
-28,3,3,16,5,0,1,1,0,0,2,6,9,0,0,5,6,164,3,5,4,5,5,5,6,15,7,3,0,0,2,11,15
15,2,2,11,6,0,1,1,0,0,2,11,4,0,0,5,6,164,3,3,2,3,3,4,7,14,8,3,0,0,1,10,30
-3,2,2,10,6,0,0,1,0,0,2,11,4,0,0,5,6,164,3,3,2,3,3,3,6,13,7,2,0,0,2,10,15
-39,1,1,11,5,0,0,1,1,0,2,13,2,0,0,5,6,164,2,2,2,2,2,3,9,12,8,4,0,0,1,10,30
40,1,1,8,5,0,0,1,1,0,2,12,3,0,0,5,6,164,3,1,1,1,1,2,8,11,7,4,0,0,1,10,0
-14,0,0,6,4,0,0,1,1,0,2,9,6,0,0,5,6,164,2,1,1,1,1,5,10,10,7,3,0,0,2,9,45
-8,0,0,2,5,0,0,1,0,0,2,0,14,0,0,5,6,164,1,0,0,0,0,8,9,9,8,3,0,0,2,9,15
30,0,0,6,5,0,0,0,0,0,2,0,14,0,0,5,6,164,1,0,0,0,0,7,8,8,7,2,0,0,2,9,45
11,0,0,0,4,0,0,0,0,0,2,0,19,0,1,5,6,164,0,0,0,0,0,7,7,7,7,3,0,0,2,9,0
-96,0,0,20,4,0,0,0,0,0,1,0,21,0,0,5,6,164,0,0,0,0,0,6,6,6,6,3,0,0,3,11,45
-121,0,0,13,4,0,0,0,0,0,0,0,26,0,0,5,6,164,0,0,0,0,0,5,5,5,5,2,0,0,2,10,45
37,0,0,0,3,0,0,0,0,0,0,0,28,0,1,5,6,164,0,0,0,0,0,4,4,4,4,1,0,0,2,9,0
-13,0,0,2,2,0,0,0,0,0,0,0,40,0,0,5,6,164,0,0,0,0,0,3,3,3,3,0,0,0,2,9,15
55,0,0,4,1,0,0,0,0,0,0,0,43,0,0,5,6,164,0,0,0,0,0,2,2,2,2,0,0,0,2,9,30
16,0,0,4,0,0,0,0,0,0,0,0,45,0,0,5,6,164,0,0,0,0,0,1,1,1,1,0,0,0,2,9,30
6,22,1,39,2,0,0,0,0,0,0,6,24,1,0,4,6,163,0,37,4,7,12,3,3,8,3,2,3,0,2,17,30
-14,22,1,37,1,0,0,0,0,0,0,5,25,0,0,4,6,163,0,37,4,7,12,2,2,8,2,2,3,0,1,17,0
-20,22,1,38,2,0,0,0,0,0,0,2,13,0,0,4,6,163,2,35,3,7,12,1,2,7,1,1,3,0,1,17,15
-27,21,2,32,6,0,0,2,0,0,0,6,9,0,0,4,6,163,3,28,2,4,10,5,6,10,6,3,3,1,2,16,0
-26,21,2,34,6,0,0,1,0,0,0,12,3,0,0,4,6,163,2,28,2,5,11,4,5,10,6,2,3,1,1,16,15
-16,21,3,31,6,0,0,1,0,0,0,12,3,0,0,4,6,163,2,27,2,5,12,4,5,9,6,2,3,1,2,15,45
22,21,3,30,6,0,0,1,0,0,0,7,8,0,0,4,6,163,3,26,2,5,11,3,5,8,5,2,2,1,1,15,30
-7,21,3,34,5,0,0,1,0,0,0,7,8,0,0,4,6,163,3,26,2,5,12,2,4,8,4,1,2,0,1,16,15
-45,20,4,32,4,0,1,1,0,0,0,6,9,0,0,4,6,163,3,25,3,5,12,1,4,10,4,1,2,0,2,16,0
-3,19,5,25,6,0,0,1,1,0,0,33,12,0,0,4,6,163,3,22,3,7,13,3,5,10,6,1,2,0,2,14,30
-50,18,6,36,6,0,0,1,1,0,0,26,19,0,0,4,6,163,3,21,2,6,13,2,4,12,6,2,2,0,1,16,30
3,17,6,26,6,0,0,1,1,0,0,9,36,0,0,4,6,163,3,20,4,7,12,3,7,14,6,1,2,0,1,14,45
11,15,6,24,7,0,0,1,1,0,0,8,7,0,0,4,6,163,3,18,3,7,10,2,6,14,7,2,2,0,1,14,15
59,15,6,20,6,0,0,1,1,0,0,3,12,0,0,4,6,163,2,18,4,8,11,2,5,14,7,2,2,0,1,13,0
-28,12,6,26,6,0,1,1,1,0,1,7,8,0,0,4,6,163,1,15,4,7,10,4,10,15,10,3,2,0,1,14,45
-9,11,6,23,5,0,1,1,1,0,3,14,1,0,0,4,6,163,2,13,3,5,9,4,9,16,10,3,2,0,1,13,30
-6,11,6,29,4,0,1,1,1,0,3,12,3,0,0,4,6,163,2,13,3,5,9,3,8,15,9,3,2,0,1,15,15
13,11,6,22,3,0,1,1,1,0,3,11,4,0,0,4,6,163,2,13,3,5,9,2,7,14,8,3,2,0,1,13,15
15,9,4,18,5,0,1,1,1,0,3,0,15,0,0,4,6,163,3,10,2,3,8,6,10,14,9,3,2,1,2,12,45
66,6,1,18,6,0,1,1,1,0,3,1,14,0,0,4,6,163,2,8,0,3,8,6,10,14,11,4,2,1,2,12,45
103,6,1,10,6,0,1,0,1,0,3,12,3,0,0,4,6,163,2,8,0,3,8,5,9,13,10,4,2,1,1,11,30
38,6,2,20,5,0,1,0,1,0,3,12,3,0,0,4,6,163,2,8,0,3,8,4,8,12,9,4,2,1,1,13,0
4,6,3,13,4,0,1,0,1,0,3,10,5,0,0,4,6,163,2,8,0,3,8,3,7,12,8,3,2,1,1,12,0
33,6,3,15,4,0,1,0,1,0,2,8,7,0,0,4,6,163,2,8,0,3,8,3,6,11,7,2,2,1,2,12,15
49,5,3,12,4,0,1,0,1,0,1,9,6,0,0,4,6,163,0,8,1,4,8,5,8,10,8,3,2,2,2,11,45
70,5,3,8,4,0,0,0,1,0,1,9,6,0,0,4,6,163,0,8,3,5,8,4,7,9,7,3,2,2,1,11,0
26,5,3,16,5,0,0,0,1,0,0,4,11,0,0,4,6,163,1,7,2,5,7,4,6,8,6,3,1,2,2,12,30
16,5,4,10,4,0,0,0,1,0,0,2,13,0,0,4,6,163,1,7,2,5,7,3,5,7,5,2,1,1,1,11,30
30,5,4,13,4,0,0,0,0,0,0,14,1,0,0,4,6,163,1,7,3,5,7,3,4,6,4,2,1,1,1,12,0
-42,3,3,16,3,0,1,1,0,0,0,21,9,0,0,4,6,163,1,5,3,5,5,3,5,6,5,3,1,1,2,12,30
59,3,3,9,2,0,1,1,0,0,0,16,14,0,0,4,6,163,1,5,3,5,5,2,4,5,4,2,1,1,2,11,15
-113,2,2,28,1,0,2,1,0,0,0,10,20,0,0,4,6,163,1,4,2,4,4,2,3,6,4,1,0,1,1,15,0
-4,1,1,6,3,0,1,1,0,0,0,10,5,0,0,4,6,163,1,2,2,2,2,2,2,7,5,1,0,0,1,10,30
61,0,0,1,5,0,0,1,0,0,0,11,4,0,0,4,6,163,2,0,0,0,0,1,2,7,5,2,0,0,2,9,45
56,0,0,3,5,0,0,0,0,0,0,0,33,0,0,4,6,163,0,0,0,0,0,4,6,6,6,3,0,0,1,10,0
34,0,0,0,4,0,0,0,0,0,0,0,46,0,1,4,6,163,0,0,0,0,0,4,5,5,5,2,0,0,2,9,30
4,0,0,5,3,0,0,0,0,0,0,0,48,0,0,4,6,163,0,0,0,0,0,3,4,4,4,1,0,0,2,10,15
-6,0,0,1,2,0,0,0,0,0,0,0,54,0,0,4,6,163,0,0,0,0,0,2,3,3,3,1,0,0,2,9,45
27,0,0,6,1,0,0,0,0,0,0,0,63,0,0,4,6,163,0,0,0,0,0,2,2,2,2,0,0,0,1,10,30
-5,0,0,3,0,0,0,0,0,0,0,0,89,0,0,4,6,163,0,0,0,0,0,1,1,1,1,0,0,0,1,10,0
1,33,6,55,1,0,3,1,0,0,0,6,9,0,0,3,6,162,4,51,3,5,12,3,5,9,2,1,6,2,1,17,30
9,28,2,52,2,0,2,2,0,0,0,12,3,0,0,3,6,162,1,49,3,7,13,4,6,13,6,4,6,2,1,17,0
-19,28,3,56,3,0,2,1,0,0,0,9,6,1,0,3,6,162,2,48,2,6,12,3,5,13,5,4,5,2,1,17,45
6,27,3,54,3,0,1,2,0,0,0,0,15,0,0,3,6,162,2,46,4,7,11,4,5,13,6,5,5,1,1,17,15
27,27,3,50,3,0,0,2,0,0,0,12,3,0,0,3,6,162,2,46,4,7,11,3,4,13,5,4,4,1,2,16,45
28,27,5,48,3,0,0,2,0,0,0,9,6,0,0,3,6,162,2,45,5,8,11,2,5,14,5,4,4,0,2,16,30
15,26,4,50,3,0,0,1,0,0,1,7,8,0,0,3,6,162,2,44,4,7,10,2,6,13,5,3,4,1,2,16,45
24,24,3,46,4,0,0,3,0,0,1,8,7,0,0,3,6,162,3,40,3,4,8,4,8,12,7,4,4,1,2,16,15
9,24,4,43,4,0,1,3,0,0,0,11,4,0,0,3,6,162,3,39,3,4,9,6,9,12,7,3,4,1,1,15,45
-6,23,3,46,4,0,1,3,0,0,0,12,3,0,0,3,6,162,3,38,2,4,10,6,9,13,7,3,4,1,2,16,15
9,22,2,45,4,0,1,3,0,0,1,8,7,0,0,3,6,162,3,37,1,3,10,5,9,12,7,3,3,1,2,16,0
-12,22,2,52,3,0,1,3,0,0,1,8,7,0,0,3,6,162,3,37,1,3,10,4,8,11,6,3,3,0,1,17,0
16,22,2,42,2,0,1,3,0,0,1,5,10,0,0,3,6,162,3,37,1,4,11,4,7,10,5,2,3,0,2,15,30
30,21,1,35,2,0,1,2,0,0,1,0,15,0,0,3,6,162,2,37,2,4,11,3,6,10,5,2,3,0,2,14,30
-16,21,1,43,2,0,1,2,0,0,1,9,6,0,0,3,6,162,3,36,1,3,10,3,5,10,4,2,3,0,1,15,45
26,20,1,36,2,0,0,2,0,0,1,5,10,0,0,3,6,162,1,36,3,4,12,4,4,10,5,4,3,0,2,14,45
-33,20,2,48,2,0,0,2,0,0,1,13,2,0,0,3,6,162,1,35,2,5,13,3,4,12,5,4,3,1,2,16,30
-54,20,2,40,1,0,0,2,0,0,1,2,13,0,0,3,6,162,0,35,2,7,14,2,5,12,5,3,3,1,1,15,15
-23,20,3,40,1,0,0,2,1,0,0,41,4,0,0,3,6,162,1,34,2,6,13,1,4,11,4,3,3,1,1,15,15
-27,19,4,38,2,0,0,2,1,0,0,4,41,0,0,3,6,162,1,32,6,9,15,3,6,17,5,3,2,2,2,15,0
20,18,5,34,4,0,0,1,1,0,0,10,5,0,0,3,6,162,2,30,4,8,14,4,8,16,5,2,2,1,1,14,15
19,18,5,38,4,0,0,1,1,0,0,5,10,0,0,3,6,162,2,29,3,8,13,3,8,17,5,2,2,1,2,15,0
-53,16,5,36,5,0,1,1,1,0,0,0,15,0,0,3,6,162,2,26,4,6,12,6,11,18,7,3,2,2,2,14,45
-6,16,5,33,4,0,1,1,1,0,0,10,5,0,0,3,6,162,2,26,4,7,12,5,10,17,6,2,2,2,1,13,30
-8,15,5,31,6,0,0,1,1,0,0,6,9,0,0,3,6,162,2,24,3,6,14,7,12,17,7,1,1,2,1,13,15
40,14,5,25,5,0,1,1,1,0,0,2,13,0,0,3,6,162,2,23,2,6,14,7,11,16,7,2,1,1,2,12,30
33,14,5,29,5,0,1,1,1,0,0,1,14,0,0,3,6,162,3,22,2,5,13,7,10,15,6,1,1,1,2,13,0
21,14,5,25,4,0,1,1,1,0,0,0,15,0,0,3,6,162,2,22,2,5,13,6,9,14,6,2,1,1,2,12,30
31,13,4,27,3,0,1,1,1,0,1,6,9,0,0,3,6,162,2,21,3,5,12,6,10,13,6,3,1,1,2,12,45
36,12,3,31,3,0,1,1,0,0,1,7,8,0,0,3,6,162,1,21,3,6,14,7,10,14,6,3,1,1,1,13,15
18,12,3,24,2,0,1,1,0,0,1,6,9,0,0,3,6,162,1,21,3,6,14,6,9,13,5,3,1,1,2,12,15
-15,12,3,27,1,0,1,1,0,0,1,4,11,0,0,3,6,162,1,21,4,7,15,5,9,12,4,2,0,1,2,12,45
26,11,2,22,2,0,0,1,0,0,1,2,13,0,0,3,6,162,1,20,3,6,14,4,8,11,4,2,0,0,1,12,0
-14,11,4,29,2,0,0,0,0,0,2,9,6,0,0,3,6,162,2,19,3,5,13,4,7,11,3,1,0,0,2,13,0
46,10,3,18,1,0,0,0,1,0,2,5,10,0,0,3,6,162,2,18,2,5,13,4,6,10,3,1,0,0,2,11,30
18,10,3,20,1,0,0,0,1,0,1,2,13,0,0,3,6,162,1,18,3,6,13,3,6,9,3,1,0,0,2,11,45
21,9,4,18,2,0,0,1,1,0,0,9,6,0,0,3,6,162,2,16,2,7,13,4,5,12,3,1,0,0,2,11,30
-11,9,4,22,1,0,0,1,1,0,0,9,6,0,0,3,6,162,2,16,2,7,13,3,4,11,2,1,0,0,1,12,0
34,9,5,15,2,0,0,1,0,0,0,11,4,0,0,3,6,162,2,15,3,7,15,3,5,10,2,2,0,0,1,11,0
-23,9,5,20,2,0,0,0,0,0,0,4,11,0,0,3,6,162,2,15,5,9,15,2,4,9,1,1,0,0,2,11,45
13,7,4,12,4,0,0,0,0,0,0,4,11,0,0,3,6,162,3,12,3,7,12,1,4,12,2,1,0,0,2,10,45
20,5,3,8,6,0,0,0,0,0,0,1,14,0,0,3,6,162,1,9,4,7,9,3,7,14,6,3,0,0,2,10,15
17,4,2,12,5,0,0,0,0,0,0,12,3,0,0,3,6,162,0,9,4,7,9,3,6,13,6,2,0,0,2,10,45
-12,4,4,15,7,0,0,0,0,0,0,14,1,0,0,3,6,162,3,6,2,6,6,4,7,14,5,1,0,0,1,11,0
4,2,2,10,7,0,0,0,0,0,0,0,15,0,0,3,6,162,2,5,3,5,5,4,8,13,6,1,0,0,3,10,30
0,2,2,8,7,0,0,0,0,0,0,8,7,0,0,3,6,162,3,4,4,4,4,3,8,12,5,1,0,0,2,10,15
37,2,2,2,6,0,0,0,0,0,0,5,10,0,0,3,6,162,2,4,4,4,4,2,8,11,5,1,0,0,2,9,15
-23,2,2,7,5,0,0,0,0,0,0,12,3,0,0,3,6,162,2,4,4,4,4,4,7,10,4,1,0,0,2,10,0
-35,0,0,17,6,0,1,0,0,0,1,3,12,0,0,3,6,162,1,0,0,0,0,6,8,9,8,3,0,0,2,11,15
-9,0,0,10,5,0,1,0,0,0,1,1,14,0,0,3,6,162,1,0,0,0,0,5,7,8,7,3,0,0,3,10,30
-21,0,0,5,4,0,1,0,0,0,1,0,2,0,0,3,6,162,0,0,0,0,0,4,7,7,7,3,0,0,1,9,45
-12,0,0,3,3,0,1,0,0,0,1,0,4,0,0,3,6,162,0,0,0,0,0,3,6,6,6,3,0,0,2,9,30
17,0,0,3,2,0,1,0,0,0,1,0,16,0,0,3,6,162,0,0,0,0,0,3,5,5,5,3,0,0,2,9,30
-106,0,0,12,2,0,1,0,0,0,0,0,22,0,0,3,6,162,0,0,0,0,0,3,4,4,4,3,0,0,2,10,45
12,0,0,0,1,0,1,0,0,0,0,0,41,0,1,3,6,162,0,0,0,0,0,3,3,3,3,2,0,0,1,9,0
9,0,0,0,1,0,0,0,0,0,0,0,51,0,1,3,6,162,0,0,0,0,0,2,2,2,2,2,0,0,1,9,0
-22,0,0,5,0,0,0,0,0,0,0,0,59,0,0,3,6,162,0,0,0,0,0,1,1,1,1,1,0,0,1,9,45
3,26,3,56,0,0,0,0,0,0,0,8,7,0,0,2,6,161,0,57,3,4,15,2,3,9,1,0,9,1,1,17,30
2,24,3,54,0,0,1,0,0,0,0,11,4,0,0,2,6,161,0,55,2,7,15,2,5,8,2,0,9,1,1,17,15
15,23,2,52,1,0,0,0,0,0,1,2,13,0,0,2,6,161,1,53,5,8,14,4,7,12,2,0,8,3,1,16,45
-43,23,3,54,1,0,0,0,0,0,0,8,7,0,0,2,6,161,0,53,5,11,14,4,6,14,2,0,8,2,1,17,15
12,23,3,51,0,0,0,0,0,0,0,7,8,0,0,2,6,161,0,53,5,11,14,3,5,13,1,0,8,2,1,16,30
-108,22,3,57,2,0,1,0,0,0,0,4,11,1,0,2,6,161,2,49,4,8,11,4,4,13,2,1,8,2,2,18,0
18,21,2,46,3,0,0,0,0,0,0,9,6,0,0,2,6,161,1,48,5,8,11,3,3,13,3,2,7,2,2,16,0
-67,21,2,53,3,0,0,0,0,0,0,14,1,0,0,2,6,161,1,47,5,7,10,2,6,12,3,1,7,2,2,17,0
3,21,2,46,2,0,0,0,0,0,0,13,2,0,0,2,6,161,1,47,5,7,10,1,5,11,2,1,6,2,2,16,0
30,19,1,39,7,0,0,1,0,0,0,8,7,0,0,2,6,161,2,40,1,3,8,8,10,11,7,3,5,2,1,15,0
-9,19,1,42,6,0,0,1,0,0,0,7,8,0,0,2,6,161,1,40,1,3,8,7,9,10,7,4,5,1,2,15,30
-59,19,1,46,5,0,0,1,0,0,0,1,14,0,0,2,6,161,1,40,2,3,9,6,8,9,6,4,5,1,2,16,0
-18,19,1,49,4,0,0,1,0,0,0,0,15,0,0,2,6,161,1,40,2,3,9,5,7,8,5,3,5,1,1,16,15
-20,19,2,41,4,0,0,1,0,0,0,7,8,0,0,2,6,161,1,39,1,3,9,5,6,9,5,3,5,1,2,15,15
-37,18,1,42,4,0,0,0,0,0,0,2,13,0,0,2,6,161,0,39,1,4,11,5,5,8,5,4,4,1,2,15,30
-20,18,1,39,3,0,0,0,0,0,0,14,1,0,0,2,6,161,0,39,2,4,12,4,4,7,4,3,4,0,1,15,0
-31,18,1,44,2,0,0,0,0,0,0,13,2,0,0,2,6,161,0,39,2,4,12,3,3,6,3,2,4,0,3,15,45
23,18,2,38,1,0,0,1,0,0,0,52,8,0,0,2,6,161,1,38,2,5,14,2,3,7,2,1,4,1,2,14,45
5,18,2,37,0,0,0,1,0,0,0,47,13,0,0,2,6,161,1,38,3,5,15,1,2,6,1,1,4,1,1,14,30
-24,16,2,35,2,0,0,1,0,0,0,4,56,0,0,2,6,161,0,35,4,9,18,1,4,12,4,2,3,1,1,14,15
50,15,5,29,4,0,1,1,0,0,0,12,3,0,0,2,6,161,3,30,6,9,20,3,5,16,5,1,3,0,2,12,30
-47,15,5,35,3,0,1,1,0,0,0,10,5,0,0,2,6,161,3,30,6,9,20,3,5,15,4,1,3,0,1,14,15
-2,15,6,32,3,0,1,3,0,0,0,11,4,0,0,2,6,161,4,27,4,9,17,2,6,18,5,2,3,1,1,13,0
8,12,4,30,5,0,0,3,1,0,0,10,5,0,0,2,6,161,4,24,3,9,16,2,8,18,7,5,3,1,2,12,45
44,11,5,32,6,0,0,2,1,0,0,10,5,0,0,2,6,161,3,23,5,9,18,4,9,21,8,6,3,1,1,13,0
-37,10,6,34,6,0,0,3,1,0,0,10,5,0,0,2,6,161,3,21,6,11,17,6,11,22,9,8,3,2,2,13,15
-225,10,6,49,7,0,1,3,1,0,0,6,9,0,0,2,6,161,4,19,4,9,16,5,10,21,9,8,2,2,1,16,15
13,10,6,25,6,0,1,3,1,0,0,0,15,0,0,2,6,161,4,19,5,9,17,5,12,21,8,7,2,2,2,12,0
6,9,5,27,6,0,2,2,1,0,0,9,6,0,0,2,6,161,3,18,4,9,16,5,12,22,9,8,2,2,1,12,15
32,9,5,21,6,0,2,3,0,0,0,5,10,0,0,2,6,161,4,17,5,8,15,5,12,21,8,7,2,2,2,11,30
-55,9,5,30,5,0,2,3,0,0,0,4,11,0,0,2,6,161,4,17,5,8,15,4,11,20,7,6,2,2,2,12,45
30,7,5,17,7,0,1,4,0,0,0,1,14,0,0,2,6,161,4,14,4,7,14,8,10,21,9,6,2,2,2,11,0
-9,6,4,23,6,0,1,4,0,0,0,12,3,0,0,2,6,161,3,14,4,8,14,7,13,20,9,6,2,2,2,11,45
16,6,4,21,6,0,1,3,0,0,1,7,8,0,0,2,6,161,4,13,4,8,13,7,12,20,8,5,2,2,2,11,30
32,5,3,15,8,0,0,3,0,0,1,2,13,0,0,2,6,161,4,11,2,7,11,7,13,19,9,6,1,2,2,10,45
-260,4,2,44,7,0,0,3,0,0,1,12,3,0,0,2,6,161,3,11,3,7,11,6,12,18,9,6,1,1,3,15,45
-30,4,3,23,8,0,0,2,0,0,1,3,12,0,0,2,6,161,3,10,3,8,10,5,12,19,9,6,1,1,2,11,45
-12,4,3,17,7,0,0,2,0,0,1,3,12,0,0,2,6,161,3,10,3,8,10,4,11,18,8,6,1,1,2,11,0
26,4,3,12,7,0,0,2,0,0,0,2,13,0,0,2,6,161,3,10,3,8,10,3,10,17,7,5,0,1,2,10,25
47,4,3,10,6,0,0,2,0,0,0,2,3,0,0,2,6,161,3,10,4,8,10,6,10,17,6,4,0,0,1,10,15
-38,4,4,19,6,0,0,2,0,0,0,5,5,0,0,2,6,161,3,9,5,7,9,5,10,16,6,4,0,0,2,11,15
32,2,2,6,7,0,1,2,0,0,0,0,15,0,0,2,6,161,3,6,4,6,6,8,11,16,8,5,0,0,2,9,45
-1,2,2,25,6,0,1,2,0,0,0,0,15,0,0,2,6,161,3,6,4,6,6,7,10,15,7,4,0,0,2,12,0
12,2,2,13,5,0,1,2,0,0,0,14,1,0,0,2,6,161,3,6,4,6,6,6,9,14,6,4,0,0,2,10,30
2,2,2,27,4,0,1,2,0,0,0,13,2,0,0,2,6,161,3,6,4,6,6,5,8,13,5,3,0,0,1,12,15
-22,2,2,10,6,0,0,2,0,0,0,5,10,0,0,2,6,161,3,4,2,4,4,5,8,13,6,3,0,0,1,10,15
16,2,2,15,6,0,0,1,0,0,0,3,12,0,0,2,6,161,3,4,2,4,4,4,7,12,5,2,0,0,2,10,45
-52,1,1,19,7,0,0,1,0,0,0,5,10,0,0,2,6,161,3,2,2,2,2,4,8,11,6,3,0,0,2,11,15
3,1,1,8,6,0,0,1,0,0,0,0,15,0,0,2,6,161,3,2,2,2,2,4,7,10,5,3,0,0,2,10,0
-8,1,1,8,6,0,0,0,0,0,0,11,4,0,0,2,6,161,3,2,2,2,2,4,7,9,4,3,0,0,2,10,0
-29,0,0,13,5,0,0,0,0,0,0,11,4,0,0,2,6,161,0,2,2,2,2,3,7,8,6,5,0,0,2,10,30
-2,0,0,2,4,0,1,1,0,0,0,1,14,0,0,2,6,161,2,0,0,0,0,4,6,7,5,4,0,0,2,9,15
21,0,0,2,3,0,1,1,0,0,0,0,4,0,0,2,6,161,1,0,0,0,0,4,5,6,5,4,0,0,2,9,15
-13,0,0,0,3,0,0,1,0,0,0,0,22,0,1,2,6,161,0,0,0,0,0,4,5,5,5,4,0,0,2,9,0
-8,0,0,6,2,0,0,1,0,0,0,0,24,0,0,2,6,161,0,0,0,0,0,3,4,4,4,3,0,0,2,9,45
-32,0,0,4,2,0,0,0,0,0,0,0,33,0,0,2,6,161,0,0,0,0,0,2,3,3,3,2,0,0,2,9,30
25,0,0,0,1,0,0,0,0,0,0,0,45,0,1,2,6,161,0,0,0,0,0,2,2,2,2,1,0,0,2,9,0
-10,0,0,4,0,0,0,0,0,0,0,0,70,0,0,2,6,161,0,0,0,0,0,1,1,1,1,1,0,0,2,9,30
-6,21,4,57,4,0,1,2,0,0,0,0,15,1,0,6,6,158,2,50,2,7,13,4,9,13,6,2,7,3,2,18,0
-37,20,4,55,3,0,1,3,0,0,0,6,9,0,0,6,6,158,1,49,3,8,12,7,9,13,7,3,7,2,1,17,30
27,20,4,53,2,0,1,3,1,0,0,14,1,0,0,6,6,158,2,48,3,7,12,6,8,12,6,2,7,2,2,17,15
28,20,4,50,1,0,1,3,1,0,0,9,6,0,0,6,6,158,2,48,4,8,12,5,8,13,5,2,6,3,2,16,45
9,19,4,51,2,0,0,3,1,0,0,14,1,0,0,6,6,158,2,47,4,7,12,5,8,14,5,2,6,2,2,17,0
-8,19,4,55,1,0,0,3,1,0,0,13,2,0,0,6,6,158,2,47,4,7,12,4,7,13,4,2,5,2,1,17,30
7,19,4,53,1,0,0,3,1,0,0,12,3,0,0,6,6,158,2,46,3,6,11,3,6,12,4,1,5,1,2,17,15
22,18,3,44,0,0,0,3,1,0,0,7,8,0,0,6,6,158,1,46,5,7,11,3,6,12,4,1,5,2,2,16,0
-20,18,4,48,0,0,2,3,1,0,0,4,11,0,0,6,6,158,3,43,3,5,11,4,5,13,4,1,5,2,1,16,30
16,17,3,46,0,0,2,3,0,0,0,12,3,0,0,6,6,158,2,43,3,6,12,4,5,12,4,1,5,2,2,16,15
16,16,3,41,1,0,1,4,0,0,0,12,3,0,0,6,6,158,3,41,3,5,13,3,4,11,4,1,4,2,2,15,45
-33,16,3,51,2,0,1,3,0,0,0,8,7,0,0,6,6,158,3,40,2,4,13,2,5,11,4,1,4,2,2,17,0
22,15,2,48,2,0,1,2,0,0,0,12,3,0,0,6,6,158,2,40,3,5,14,2,6,11,4,2,3,2,1,16,30
8,14,1,41,5,0,1,1,0,0,0,0,15,0,0,6,6,158,2,37,2,6,11,5,8,13,6,3,3,1,2,15,45
-21,13,1,44,4,0,2,1,0,0,0,11,4,0,0,6,6,158,1,36,2,8,12,6,7,14,7,3,3,1,2,16,0
8,13,1,39,4,0,2,0,0,0,0,10,5,0,0,6,6,158,1,36,2,8,12,5,6,13,6,3,2,1,3,15,30
-58,13,1,46,3,0,2,0,0,0,0,5,10,0,0,6,6,158,0,36,4,9,12,5,6,12,6,2,2,1,2,16,15
5,13,1,35,2,0,2,0,0,0,0,2,13,0,0,6,6,158,0,36,5,10,13,4,6,11,5,2,2,1,2,15,0
-8,13,2,39,2,0,2,0,0,0,0,12,3,0,0,6,6,158,1,35,4,9,12,3,5,11,4,1,2,1,3,15,30
-17,13,3,37,2,0,2,0,0,0,0,0,15,0,0,6,6,158,1,34,6,8,13,2,5,11,4,1,2,1,2,15,15
-28,13,3,33,2,0,1,0,0,0,0,40,5,0,0,6,6,158,1,34,6,8,14,1,5,12,3,0,2,1,2,14,45
-38,12,3,37,6,0,1,1,0,0,0,9,36,0,0,6,6,158,3,28,2,4,10,4,7,15,6,1,1,2,2,15,15
-63,12,3,35,7,0,1,1,0,0,0,4,41,0,0,6,6,158,4,26,0,3,8,3,6,15,6,1,1,1,2,15,0
-45,11,2,33,6,0,1,1,0,0,0,26,4,0,0,6,6,158,3,26,2,3,9,3,6,15,6,2,1,1,2,14,45
16,10,1,32,5,0,1,1,0,0,0,11,19,0,0,6,6,158,1,26,2,5,9,4,8,15,7,2,1,1,2,14,30
-8,10,2,31,4,0,1,1,0,0,0,1,29,0,0,6,6,158,1,26,3,7,11,3,9,14,6,2,0,1,1,14,15
75,9,1,21,4,0,1,1,0,0,1,4,11,0,0,6,6,158,2,24,2,5,10,4,9,13,6,3,0,0,2,12,15
-10,9,1,29,3,0,1,1,0,0,1,0,15,0,0,6,6,158,2,24,3,6,11,4,9,13,5,2,0,0,1,13,30
43,9,1,27,3,0,1,1,0,0,1,14,1,0,0,6,6,158,1,23,4,6,12,6,9,13,6,2,0,0,2,13,0
67,9,1,18,3,0,1,1,0,0,0,9,6,0,0,6,6,158,1,23,4,6,14,5,9,12,5,2,0,0,1,11,45
-7,9,1,25,4,0,0,1,0,0,1,0,15,0,0,6,6,158,2,21,3,4,13,6,8,11,5,2,0,0,2,12,45
-1,9,1,23,3,0,0,1,0,0,1,12,3,0,0,6,6,158,1,21,3,4,13,5,8,10,5,2,0,0,2,12,30
-30,9,1,25,3,0,0,1,0,0,1,8,7,0,0,6,6,158,2,20,2,4,12,4,7,11,4,2,0,0,2,12,45
50,8,1,23,3,0,0,1,0,0,1,2,13,0,0,6,6,158,2,19,1,4,12,4,6,10,4,3,0,0,2,12,30
-129,8,1,41,2,0,0,1,0,0,1,8,7,0,0,6,6,158,2,19,2,5,13,4,5,9,3,2,0,0,2,15,45
-24,8,2,21,2,0,0,1,0,0,0,2,13,0,0,6,6,158,1,19,2,5,13,3,5,9,3,2,0,0,2,12,15
2,8,3,20,1,0,0,1,0,0,1,20,10,0,0,6,6,158,1,18,3,5,15,3,5,10,3,2,0,0,2,12,0
-69,8,3,29,2,0,0,0,0,0,1,14,16,0,0,6,6,158,2,17,2,6,14,2,4,9,2,1,0,0,1,13,30
-24,8,4,18,2,0,0,0,0,0,0,14,1,0,0,6,6,158,1,17,4,9,15,2,3,10,2,1,0,0,1,11,45
-4,7,5,17,3,0,0,1,0,0,0,4,11,0,0,6,6,158,2,14,5,8,13,2,5,10,3,0,0,0,2,11,15
3,6,4,16,3,0,0,1,0,0,0,13,2,0,0,6,6,158,2,13,5,7,12,1,5,9,3,0,0,0,1,11,0
-73,3,3,27,6,0,1,1,0,0,0,12,3,0,0,6,6,158,3,8,2,6,8,5,7,13,6,2,0,0,2,13,0
4,3,3,14,6,0,1,0,0,0,0,10,5,0,0,6,6,158,2,8,3,6,8,4,6,12,6,3,0,0,1,10,45
2,2,2,8,5,0,1,2,0,0,0,5,10,0,0,6,6,158,2,6,3,5,6,4,6,14,7,5,0,0,2,10,0
-34,2,2,14,5,0,0,2,0,0,0,1,14,0,0,6,6,158,2,6,4,5,6,3,5,14,6,4,0,0,1,10,45
20,2,2,10,4,0,0,2,0,0,0,12,3,0,0,6,6,158,1,6,4,5,6,3,4,13,6,3,0,0,2,10,15
-31,0,0,12,5,0,0,2,0,0,1,6,9,0,0,6,6,158,1,3,2,3,3,3,7,12,8,5,0,0,2,10,30
-8,0,0,12,4,0,0,2,1,0,1,0,15,0,0,6,6,158,2,2,1,2,2,2,7,11,7,4,0,0,2,10,30
28,0,0,8,3,0,0,2,1,0,1,0,4,0,0,6,6,158,0,2,2,2,2,4,7,10,8,5,0,0,2,10,0
8,0,0,4,4,0,0,1,1,0,1,0,19,0,0,6,6,158,0,1,1,1,1,5,9,9,8,6,0,0,2,9,30
-87,0,0,10,3,0,1,1,1,0,1,0,31,0,0,6,6,158,0,0,0,0,0,4,8,8,8,6,0,0,2,10,15
11,0,0,2,2,0,1,1,1,0,1,0,32,0,0,6,6,158,0,0,0,0,0,3,7,7,7,5,0,0,2,9,15
59,0,0,2,1,0,1,1,1,0,1,0,35,0,0,6,6,158,0,0,0,0,0,3,6,6,6,4,0,0,2,9,15
-2,0,0,6,1,0,1,0,1,0,1,0,40,0,0,6,6,158,0,0,0,0,0,4,5,5,5,3,0,0,2,9,45
-2,0,0,0,1,0,1,0,0,0,1,0,63,0,1,6,6,158,0,0,0,0,0,4,4,4,4,3,0,0,2,9,0
-41,0,0,6,1,0,1,0,0,0,0,0,68,0,0,6,6,158,0,0,0,0,0,3,3,3,3,2,0,0,2,9,45
-4,0,0,4,0,0,1,0,0,0,0,0,69,0,0,6,6,158,0,0,0,0,0,2,2,2,2,1,0,0,2,9,30
-26,0,0,0,0,0,0,0,0,0,0,0,71,0,1,6,6,158,0,0,0,0,0,1,1,1,1,0,0,0,2,9,0
0,19,1,53,2,0,0,2,0,0,0,11,4,1,0,5,6,157,1,50,3,6,13,1,5,12,4,1,9,2,2,17,30
-1,19,3,49,3,0,0,3,0,0,0,10,5,0,0,5,6,157,1,47,3,8,11,4,8,16,6,3,9,1,2,17,0
29,19,3,47,2,0,0,3,0,0,0,10,5,0,0,5,6,157,1,47,5,8,11,3,7,15,5,3,8,1,2,16,45
30,19,4,51,2,0,1,3,0,0,0,29,1,0,0,5,6,157,2,45,4,7,9,4,7,14,5,3,8,0,2,17,15
-29,18,4,53,3,0,1,2,0,0,0,12,18,1,0,5,6,157,1,44,5,7,10,5,8,13,6,4,8,1,2,17,30
80,18,4,43,4,0,1,2,0,0,0,6,24,0,0,5,6,157,2,42,3,5,9,4,7,12,6,3,8,1,2,16,0
-9,18,4,45,4,0,0,2,0,0,0,5,25,0,0,5,6,157,2,42,3,5,9,3,7,11,5,3,8,1,2,16,30
-23,17,3,49,5,0,1,1,0,0,0,5,5,0,0,5,6,157,3,40,2,4,8,5,6,11,5,4,8,1,2,17,0
-21,17,3,51,4,0,1,1,0,0,0,4,6,0,0,5,6,157,3,40,2,4,8,4,6,10,4,3,8,2,2,17,15
16,16,2,40,4,0,1,1,0,0,0,0,5,0,0,5,6,157,1,39,2,3,11,4,8,12,6,3,8,4,1,15,45
48,15,1,37,4,0,1,1,0,0,0,8,2,0,0,5,6,157,1,38,1,2,10,3,7,11,6,2,8,4,1,15,30
-1,15,1,42,4,0,0,1,0,0,0,8,2,0,0,5,6,157,1,38,1,2,10,2,6,10,5,1,7,4,2,15,50
-22,14,0,43,3,0,1,1,0,0,0,5,10,0,0,5,6,157,1,37,1,4,14,5,5,12,5,2,7,3,2,16,0
-20,14,0,45,3,0,1,1,0,0,0,10,5,0,0,5,6,157,1,36,0,4,14,4,5,13,5,2,6,3,2,16,30
15,14,0,39,3,0,1,0,0,0,0,7,8,0,0,5,6,157,1,36,0,4,14,3,5,12,4,2,5,3,2,15,35
-110,14,0,47,3,0,0,0,0,0,0,5,10,0,0,5,6,157,1,36,1,4,14,2,5,11,3,2,4,2,2,16,45
165,14,0,22,2,0,0,0,0,0,0,3,12,0,0,5,6,157,1,36,1,5,15,1,4,10,2,1,4,1,2,12,45
14,14,4,31,3,0,1,0,0,0,0,34,11,0,0,5,6,157,1,33,4,10,14,4,7,16,4,2,4,1,3,15,0
-75,14,4,33,4,0,0,0,0,0,0,23,22,0,0,5,6,157,1,32,5,10,14,3,8,15,4,1,3,1,1,15,15
-28,14,4,31,3,0,0,0,0,0,0,22,23,0,0,5,6,157,1,32,5,10,14,2,7,14,3,1,3,0,3,15,0
-21,14,5,29,4,0,0,0,0,0,0,16,29,0,0,5,6,157,3,30,5,9,13,2,6,15,2,0,3,0,1,14,30
-5,12,5,27,7,0,0,0,0,0,0,4,11,0,0,5,6,157,2,26,5,5,14,5,8,16,6,3,3,0,1,13,30
-95,12,5,33,7,0,0,0,0,0,0,13,2,0,0,5,6,157,2,25,4,6,15,5,9,16,6,3,3,1,1,15,15
-9,11,4,28,7,0,0,0,0,0,0,10,5,0,0,5,6,157,2,24,3,5,14,5,8,15,6,4,3,1,1,14,15
21,10,3,24,6,0,0,1,0,0,0,2,13,0,0,5,6,157,2,23,2,4,15,4,9,14,6,4,3,1,1,13,0
-124,10,3,40,5,0,0,1,0,0,0,0,15,0,0,5,6,157,1,23,2,4,16,3,8,13,6,4,3,1,1,15,45
6,9,2,24,6,0,0,1,0,0,0,14,1,0,0,5,6,157,2,21,2,4,14,4,9,14,6,4,3,1,1,13,0
-139,8,1,36,5,0,0,1,0,0,0,11,4,0,0,5,6,157,1,21,2,6,14,4,8,13,6,5,3,1,2,15,20
-91,7,0,30,4,0,0,1,0,0,0,5,10,0,0,5,6,157,0,21,3,9,18,6,9,19,6,6,3,1,2,14,45
64,7,1,12,6,0,0,0,0,0,0,1,14,0,0,5,6,157,2,19,2,7,17,6,9,19,5,5,2,2,3,11,45
14,7,1,19,5,0,0,0,0,0,0,14,1,0,0,5,6,157,2,19,2,8,17,5,8,18,4,4,2,1,2,12,30
17,7,2,26,4,0,0,0,0,0,0,7,8,0,0,5,6,157,1,19,4,10,19,4,7,17,4,3,2,1,1,13,15
56,7,2,17,3,0,0,0,0,0,0,6,9,0,0,5,6,157,1,19,4,10,19,3,6,16,3,2,2,1,3,12,15
-17,7,3,19,3,0,0,0,0,0,0,5,10,0,0,5,6,157,1,18,6,11,18,3,7,16,3,2,2,1,2,12,30
-10,7,3,17,2,0,0,0,0,0,0,4,11,0,0,5,6,157,1,18,6,11,18,3,6,15,2,2,2,1,3,12,15
26,7,4,14,2,0,0,0,0,0,1,6,9,0,0,5,6,157,3,15,6,9,15,3,7,15,2,1,2,1,2,12,0
-59,7,4,22,4,0,0,0,0,0,1,5,10,0,0,5,6,157,3,12,5,9,12,4,11,18,4,2,2,2,2,12,45
-31,6,3,14,4,0,0,0,0,0,0,1,14,0,0,5,6,157,2,12,5,10,12,3,10,18,4,3,1,2,2,12,0
2,5,4,10,7,0,1,0,0,0,0,13,2,0,0,5,6,157,3,7,2,7,7,8,10,17,7,5,1,1,1,11,15
-4,5,5,11,7,0,1,0,0,0,0,8,7,0,0,5,6,157,2,7,4,7,7,8,10,16,7,4,1,1,2,11,30
-74,3,3,19,6,0,1,0,0,0,0,8,7,0,0,5,6,157,0,7,7,7,7,8,10,15,8,5,1,1,2,12,30
8,3,3,8,5,0,1,0,0,0,1,6,9,0,0,5,6,157,1,6,6,6,6,7,9,14,7,5,1,1,1,11,0
-270,3,3,37,5,0,0,0,0,0,1,5,10,0,0,5,6,157,1,6,6,6,6,6,8,13,6,5,0,1,1,15,30
-232,3,3,33,4,0,0,0,0,0,1,5,10,0,0,5,6,157,1,6,6,6,6,5,7,12,5,4,0,0,1,15,15
-5,3,3,8,3,0,0,1,0,0,1,4,11,0,0,5,6,157,2,5,5,5,5,4,6,11,4,3,0,0,1,11,0
-40,3,3,12,2,0,0,1,0,0,1,0,15,0,0,5,6,157,2,5,5,5,5,3,6,10,3,3,0,0,3,11,45
34,3,3,3,1,0,1,1,0,0,1,10,5,0,0,5,6,157,2,4,4,4,4,2,6,9,3,2,0,0,2,10,15
22,3,3,4,2,0,1,1,0,0,1,1,14,0,0,5,6,157,2,2,2,2,2,2,8,8,4,3,0,0,2,10,30
-100,0,0,14,3,0,2,0,0,0,1,10,5,0,0,5,6,157,0,0,0,0,0,4,7,7,7,4,0,0,2,12,0
-9,0,0,4,3,0,1,0,0,0,1,1,14,0,0,5,6,157,0,0,0,0,0,6,6,6,6,3,0,0,2,10,30
-17,0,0,6,3,0,1,0,0,0,0,0,12,0,0,5,6,157,0,0,0,0,0,5,5,5,5,2,0,0,2,10,45
14,0,0,1,2,0,1,0,0,0,0,0,17,0,0,5,6,157,0,0,0,0,0,4,4,4,4,2,0,0,1,10,0
1,0,0,1,2,0,0,0,0,0,0,0,22,0,0,5,6,157,0,0,0,0,0,3,3,3,3,2,0,0,1,10,0
10,0,0,0,1,0,0,0,0,0,0,0,22,0,1,5,6,157,0,0,0,0,0,2,2,2,2,1,0,0,2,9,45
-35,0,0,6,0,0,0,0,0,0,0,0,27,0,0,5,6,157,0,0,0,0,0,1,1,1,1,0,0,0,2,10,45
30,25,2,54,1,0,0,0,0,0,1,5,10,1,0,4,6,156,1,52,2,5,10,2,2,7,2,1,3,0,1,17,30
15,25,2,52,1,0,0,0,0,0,0,0,15,0,0,4,6,156,1,52,2,5,10,1,1,7,1,0,3,0,1,17,15
-4,23,1,48,4,0,0,1,0,0,0,14,1,0,0,4,6,156,1,47,3,5,11,3,6,11,5,4,3,0,2,16,30
-6,23,1,51,4,0,0,1,0,0,0,6,9,0,0,4,6,156,1,46,2,6,11,3,7,11,5,3,3,2,2,17,0
-64,23,1,52,4,0,0,1,0,0,0,2,13,0,0,4,6,156,1,45,3,6,11,3,6,11,5,3,3,2,1,17,15
55,23,2,43,3,0,0,2,0,0,0,9,6,0,0,4,6,156,1,44,3,6,10,5,5,12,5,4,3,2,2,15,45
-6,22,2,44,3,0,1,2,0,0,0,5,10,0,0,4,6,156,2,42,2,6,10,4,7,13,5,4,3,2,2,16,0
-22,22,2,49,2,0,1,2,0,0,0,2,13,0,0,4,6,156,1,42,3,6,11,3,6,12,5,5,3,2,1,16,45
30,22,2,46,2,0,2,1,0,0,0,12,3,0,0,4,6,156,2,41,3,5,11,2,5,11,4,4,2,2,1,16,15
-12,22,2,40,2,0,1,1,0,0,0,9,6,0,0,4,6,156,2,41,3,6,12,1,4,10,3,3,1,1,1,15,30
-20,21,1,44,4,0,1,1,0,0,0,8,7,0,0,4,6,156,2,38,3,4,14,4,7,11,5,2,1,0,2,16,0
0,21,1,40,4,0,1,0,0,0,0,5,10,0,0,4,6,156,2,38,3,5,14,3,6,10,4,1,1,0,1,15,30
-137,20,0,49,4,0,1,0,1,0,0,9,6,0,0,4,6,156,2,36,1,4,13,2,6,10,5,2,1,0,1,16,45
-16,20,2,38,5,0,0,0,1,0,0,38,7,0,0,4,6,156,1,35,1,6,13,4,6,13,6,2,1,0,3,15,15
14,20,3,33,4,0,0,0,1,0,0,21,24,0,0,4,6,156,0,35,3,8,14,5,6,17,6,2,1,0,1,14,15
-42,20,4,35,3,0,0,1,1,0,0,14,31,0,0,4,6,156,1,34,4,8,14,4,6,16,5,1,1,0,1,14,45
-16,20,4,38,2,0,0,1,1,0,0,11,34,0,0,4,6,156,1,34,4,8,14,3,5,15,4,1,1,0,3,15,15
-50,20,6,37,3,0,1,1,0,0,0,10,5,0,0,4,6,156,2,32,4,9,14,3,5,14,4,2,1,0,2,15,0
12,20,6,34,2,0,1,1,0,0,0,8,7,0,0,4,6,156,2,32,5,9,14,2,4,13,3,1,1,0,2,14,30
-28,18,4,35,3,0,1,2,0,0,0,3,12,0,0,4,6,156,2,29,5,7,15,2,9,14,5,1,1,1,1,14,45
-10,16,4,32,4,0,1,2,1,0,0,1,14,0,0,4,6,156,2,26,3,5,13,5,11,16,7,2,1,1,1,13,30
-9,15,4,28,7,0,0,2,1,0,0,13,2,0,0,4,6,156,2,23,2,5,12,7,10,15,9,4,1,1,1,12,45
-151,14,4,40,7,0,0,1,1,0,0,7,8,0,0,4,6,156,1,23,2,6,12,9,9,14,9,4,0,1,1,15,30
15,14,4,30,6,0,0,1,1,0,0,6,9,0,0,4,6,156,1,23,2,7,12,8,8,13,8,4,0,0,1,13,0
27,14,4,26,5,0,0,1,1,0,0,1,14,0,0,4,6,156,0,23,2,7,14,7,7,12,8,4,0,0,2,12,30
55,14,4,24,5,0,0,1,1,0,0,9,6,0,0,4,6,156,1,22,3,6,13,6,7,13,7,3,0,0,2,12,15
16,14,4,26,4,0,0,1,1,0,0,7,8,0,0,4,6,156,1,22,3,6,14,5,6,12,6,3,0,0,2,12,30
-160,14,4,46,4,0,0,0,1,0,0,6,9,0,0,4,6,156,1,22,3,6,14,4,5,11,5,3,0,0,1,16,15
-42,14,5,31,4,0,0,0,1,0,0,12,3,0,0,4,6,156,2,21,3,7,14,3,6,11,4,2,0,0,1,13,15
12,14,5,24,3,0,0,0,1,0,0,11,4,0,0,4,6,156,2,21,3,7,15,2,6,10,3,1,0,0,2,12,15
39,14,5,23,3,0,0,0,0,0,0,8,7,0,0,4,6,156,2,21,3,7,15,1,5,9,2,0,0,0,2,12,0
-29,10,4,28,6,0,1,0,0,0,0,10,5,0,0,4,6,156,1,16,4,7,14,5,7,14,7,1,0,0,1,12,45
21,9,3,18,5,0,1,0,1,0,0,5,10,0,0,4,6,156,1,15,3,7,15,4,6,13,7,2,0,0,2,11,30
21,9,4,18,5,0,1,0,1,0,0,13,2,0,0,4,6,156,2,14,3,7,14,3,6,13,6,2,0,0,2,11,30
-20,9,4,21,5,0,0,0,1,0,0,11,4,0,0,4,6,156,2,14,3,8,14,2,5,12,5,2,0,0,1,11,45
26,9,4,14,4,0,0,0,1,0,0,8,7,0,0,4,6,156,2,14,3,8,14,1,4,12,4,2,0,0,2,11,0
22,6,6,16,6,0,0,0,1,0,1,11,4,0,0,4,6,156,2,9,5,7,9,3,8,16,8,5,0,0,3,11,15
-32,6,6,14,6,0,0,0,1,0,1,11,4,0,0,4,6,156,2,9,5,7,9,3,8,16,8,5,0,0,2,11,0
36,5,5,8,7,0,0,0,0,0,1,14,1,0,0,4,6,156,2,7,6,8,8,3,8,15,7,4,0,0,2,10,15
-7,3,3,12,10,0,0,0,1,0,1,8,7,0,0,4,6,156,4,3,1,3,3,6,9,16,9,5,0,0,2,10,45
-3,2,2,16,9,0,0,0,1,0,1,4,11,0,0,4,6,156,3,3,3,3,3,5,8,15,9,6,0,0,3,11,15
-2,1,1,6,8,0,0,0,2,0,1,7,8,0,0,4,6,156,1,2,2,2,2,6,8,14,11,8,0,0,2,10,0
3,1,1,6,7,0,0,0,2,0,1,3,12,0,0,4,6,156,1,2,2,2,2,6,8,13,10,8,0,0,2,10,0
36,1,1,10,6,0,0,0,2,0,1,14,1,0,0,4,6,156,1,2,2,2,2,5,7,12,9,8,0,0,2,10,30
0,0,0,8,5,0,0,0,2,0,1,10,5,0,0,4,6,156,0,2,2,2,2,4,8,11,9,8,0,0,2,10,15
13,0,0,10,4,0,0,1,2,0,2,3,12,0,0,4,6,156,2,0,0,0,0,3,7,10,8,7,0,0,2,10,30
-3,0,0,3,3,0,0,1,2,0,2,0,6,0,0,4,6,156,1,0,0,0,0,3,7,9,8,7,0,0,1,9,30
17,0,0,2,3,0,0,1,1,0,2,0,8,0,0,4,6,156,1,0,0,0,0,2,7,8,7,7,0,0,2,9,15
-115,0,0,12,3,0,0,1,1,0,1,0,29,0,0,4,6,156,0,0,0,0,0,5,7,7,7,6,0,0,2,10,45
-140,0,0,21,3,0,0,1,1,0,0,0,41,0,0,4,6,156,0,0,0,0,0,5,6,6,6,6,0,0,1,11,45
2,0,0,5,2,0,0,1,1,0,0,0,46,0,0,4,6,156,0,0,0,0,0,5,5,5,5,5,0,0,2,9,45
14,0,0,3,1,0,0,1,1,0,0,0,48,0,0,4,6,156,0,0,0,0,0,4,4,4,4,4,0,0,1,9,30
13,0,0,0,1,0,0,1,0,0,0,0,57,0,1,4,6,156,0,0,0,0,0,3,3,3,3,3,0,0,1,9,0
-150,0,0,18,1,0,0,0,0,0,0,0,66,0,0,4,6,156,0,0,0,0,0,2,2,2,2,2,0,0,2,11,30
36,0,0,0,0,0,0,0,0,0,0,0,74,0,1,4,6,156,0,0,0,0,0,1,1,1,1,1,0,0,1,9,0
16,20,4,50,2,0,1,2,1,0,0,11,4,1,0,3,6,155,1,45,5,8,13,2,5,13,6,3,3,0,2,17,30
19,20,4,46,1,0,1,2,1,0,0,8,7,0,0,3,6,155,1,45,5,8,13,2,5,12,5,3,3,0,2,17,0
-5,19,4,50,4,0,0,3,1,0,1,10,5,1,0,3,6,155,3,40,3,7,9,3,7,14,7,4,3,1,2,17,30
53,18,5,41,5,0,0,3,1,0,1,3,12,0,0,3,6,155,2,38,4,6,8,6,10,16,9,3,3,2,1,16,15
24,17,5,48,6,0,0,2,1,0,1,12,3,0,0,3,6,155,2,37,4,5,7,5,9,15,9,3,3,2,2,17,15
-14,16,4,48,6,0,0,2,0,0,1,8,7,0,0,3,6,155,1,37,4,5,7,4,8,14,9,2,3,2,2,17,15
-13,16,4,44,5,0,0,2,0,0,1,6,9,0,0,3,6,155,1,37,4,5,7,3,7,13,8,1,2,2,2,16,45
14,16,4,41,5,0,0,2,0,0,2,29,1,0,0,3,6,155,3,35,3,4,6,5,6,14,7,0,2,1,1,16,15
-40,16,4,46,5,0,0,2,0,0,1,23,7,0,0,3,6,155,2,35,3,4,6,4,5,14,7,1,2,1,2,17,0
12,14,2,37,5,0,0,3,0,0,1,4,26,0,0,3,6,155,1,33,2,3,5,4,7,14,9,2,2,1,2,15,45
-6,14,2,43,5,0,0,2,1,0,1,3,27,0,0,3,6,155,2,32,1,2,5,3,6,13,8,2,2,1,2,16,30
-3,14,2,44,5,0,0,1,1,0,1,2,28,0,0,3,6,155,2,32,1,2,5,2,5,12,7,2,1,1,2,16,45
71,13,1,32,4,0,0,1,1,0,1,3,12,0,0,3,6,155,1,32,1,2,6,3,7,11,7,3,1,1,1,14,45
-17,12,0,39,4,0,0,1,1,0,1,8,7,0,0,3,6,155,1,31,1,2,8,5,9,11,7,4,1,1,2,16,0
12,12,0,39,3,0,0,1,1,0,1,7,8,0,0,3,6,155,1,31,1,2,8,5,8,10,6,3,1,1,2,16,0
-10,12,1,37,3,0,0,1,1,0,0,10,5,0,0,3,6,155,0,31,1,3,9,4,8,9,6,3,1,1,2,15,45
35,12,2,32,2,0,0,1,1,0,1,41,4,0,0,3,6,155,1,30,1,4,10,6,7,11,5,2,1,1,1,14,45
14,12,2,35,1,0,0,1,1,0,1,41,4,0,0,3,6,155,1,30,1,4,10,5,6,10,4,2,1,1,2,15,15
1,12,2,35,1,0,0,0,1,0,1,37,8,0,0,3,6,155,1,30,1,4,10,4,5,9,3,2,0,1,2,15,15
47,12,4,30,2,0,0,0,0,0,1,17,28,0,0,3,6,155,1,29,2,5,11,4,4,11,3,2,0,0,1,14,15
-27,12,4,31,2,0,0,0,0,0,0,16,29,0,0,3,6,155,1,29,2,5,11,3,3,10,2,1,0,0,2,14,30
-25,12,4,34,1,0,0,0,0,0,0,11,34,0,0,3,6,155,1,29,3,5,12,2,3,10,1,0,0,0,2,15,0
5,11,3,29,0,0,0,0,0,0,0,2,43,0,0,3,6,155,0,29,3,7,13,1,2,10,1,1,0,0,1,13,30
13,8,2,26,2,0,2,0,0,0,0,0,15,0,0,3,6,155,1,24,4,6,14,3,7,11,4,1,0,0,1,13,0
-16,8,2,28,2,0,2,0,1,0,0,8,7,0,0,3,6,155,1,22,4,7,14,6,9,12,5,3,0,0,1,13,15
7,8,3,24,3,0,1,1,1,0,0,1,14,0,0,3,6,155,3,20,2,7,14,5,8,12,4,3,0,0,2,12,45
2,7,2,24,2,0,1,1,1,0,0,12,3,0,0,3,6,155,1,20,3,7,14,4,7,11,5,5,0,0,2,12,45
-6,7,3,22,2,0,0,1,1,0,0,1,14,0,0,3,6,155,1,20,4,8,15,5,6,10,4,4,0,0,2,12,30
-46,7,3,26,3,0,0,1,1,0,0,0,15,0,0,3,6,155,2,18,2,6,14,4,5,10,4,4,0,0,1,13,0
-15,7,3,20,3,0,0,0,1,0,0,9,6,0,0,3,6,155,2,18,3,7,14,4,4,9,3,3,0,0,2,12,15
12,6,4,19,3,0,1,0,0,0,0,12,3,0,0,3,6,155,1,17,4,7,15,3,4,11,4,3,0,0,2,12,0
-27,6,4,20,2,0,1,0,0,0,0,11,4,0,0,3,6,155,1,17,4,7,15,2,3,10,3,2,0,0,2,12,15
-2,6,4,22,2,0,1,0,0,0,0,14,1,0,0,3,6,155,2,16,4,8,15,1,2,12,2,2,0,0,2,12,30
-21,4,3,17,6,0,0,1,0,0,0,7,8,0,0,3,6,155,2,11,3,8,11,3,6,16,6,3,0,0,1,11,45
4,2,2,17,8,0,0,1,0,0,0,12,3,0,0,3,6,155,2,8,4,7,8,4,10,15,8,4,0,0,1,11,45
20,1,1,12,7,0,0,1,0,0,0,9,6,0,0,3,6,155,1,8,4,7,8,4,9,14,8,3,0,0,2,11,0
-17,1,1,16,6,0,0,1,0,0,0,5,10,0,0,3,6,155,0,8,5,7,8,4,8,14,8,3,0,0,2,11,30
-7,1,1,9,7,0,1,2,0,0,0,0,15,0,0,3,6,155,2,4,3,4,4,7,11,15,9,4,0,0,1,10,30
-39,1,1,11,7,0,0,2,0,0,0,9,6,0,0,3,6,155,2,4,3,4,4,6,10,14,8,4,0,0,2,10,45
7,1,1,12,7,0,0,2,0,0,0,5,10,0,0,3,6,155,3,3,2,3,3,5,10,13,7,3,0,0,2,11,0
-15,1,1,14,6,0,0,2,0,0,0,5,10,0,0,3,6,155,3,3,2,3,3,4,9,12,6,3,0,0,1,11,15
17,0,0,9,6,0,0,2,0,0,0,9,6,0,0,3,6,155,2,2,1,2,2,4,8,11,7,2,0,0,1,10,30
-41,0,0,14,5,0,1,2,0,0,0,1,14,0,0,3,6,155,3,1,1,1,1,6,7,10,6,1,0,0,1,11,15
72,0,0,3,4,0,1,2,0,0,0,0,15,0,0,3,6,155,3,1,1,1,1,5,6,9,5,1,0,0,1,9,30
-15,0,0,6,3,0,1,2,0,0,0,4,11,0,0,3,6,155,1,1,1,1,1,5,6,8,6,3,0,0,2,10,0
72,0,0,1,2,0,1,2,0,0,0,9,6,0,0,3,6,155,1,1,1,1,1,4,6,7,5,3,0,0,2,9,15
-6,0,0,7,2,0,1,1,0,0,0,7,8,0,0,3,6,155,0,1,1,1,1,3,5,6,5,4,0,0,2,10,15
39,0,0,0,2,0,1,1,0,0,0,4,11,0,1,3,6,155,1,0,0,0,0,2,5,5,4,3,0,0,2,9,0
-66,0,0,7,1,0,1,1,0,0,0,0,7,0,0,3,6,155,1,0,0,0,0,1,4,4,3,3,0,0,2,10,15
-4,0,0,3,1,0,1,0,0,0,0,0,40,0,0,3,6,155,0,0,0,0,0,3,3,3,3,2,0,0,1,9,30
-23,0,0,5,1,0,0,0,0,0,0,0,43,0,0,3,6,155,0,0,0,0,0,2,2,2,2,1,0,0,1,9,45
-26,0,0,1,0,0,0,0,0,0,0,0,53,0,0,3,6,155,0,0,0,0,0,1,1,1,1,0,0,0,2,9,15
25,19,2,56,1,0,0,0,0,0,0,20,25,0,0,2,6,154,0,56,3,5,15,2,2,8,2,2,5,0,1,17,30
-17,19,3,57,0,0,0,0,0,0,0,12,33,1,0,2,6,154,0,56,3,8,16,1,3,7,1,1,5,0,1,18,15
59,16,3,46,2,0,1,1,0,0,0,1,14,0,0,2,6,154,1,51,4,10,15,3,6,12,4,2,5,1,2,16,15
17,16,3,53,1,0,1,1,0,0,0,0,15,0,0,2,6,154,1,51,4,10,15,2,5,11,3,2,5,1,1,17,0
5,15,2,49,3,0,2,1,0,0,0,5,10,0,0,2,6,154,3,47,6,8,12,4,5,13,4,1,5,2,2,16,30
-11,14,2,51,4,0,1,1,0,0,0,11,4,0,0,2,6,154,3,46,6,7,12,3,5,13,4,2,5,2,2,16,45
-18,14,2,55,4,0,1,1,0,0,1,4,11,0,0,2,6,154,5,44,5,6,10,2,5,12,3,2,5,2,1,17,15
31,14,2,46,4,0,0,1,0,0,1,2,13,0,0,2,6,154,4,44,5,6,10,1,4,12,3,2,4,2,2,16,15
34,13,1,39,7,0,1,1,0,0,1,9,6,0,0,2,6,154,5,39,1,4,8,5,9,14,6,3,3,1,2,15,15
-67,13,1,53,7,0,1,1,0,0,0,12,3,0,0,2,6,154,4,39,3,5,10,5,9,13,6,4,3,1,1,17,0
-26,12,0,49,6,0,1,2,0,0,0,6,9,0,0,2,6,154,4,38,2,4,9,4,8,12,6,5,3,1,2,16,30
42,12,0,41,5,0,1,2,0,0,0,0,15,0,0,2,6,154,2,38,2,4,9,4,8,12,7,5,3,2,1,15,30
-22,12,0,43,5,0,0,2,0,0,0,9,6,0,0,2,6,154,2,38,3,5,9,5,9,11,6,4,3,2,2,15,45
-26,12,0,44,5,0,0,2,0,0,1,1,14,0,0,2,6,154,3,36,1,4,7,4,9,10,6,3,3,2,3,16,0
-27,12,0,37,5,0,0,2,0,0,0,2,13,0,0,2,6,154,1,36,2,4,10,5,8,12,7,3,3,2,2,15,0
-11,12,0,39,5,0,0,1,0,0,0,14,1,0,0,2,6,154,1,36,2,4,10,4,7,12,6,2,3,2,2,15,15
-15,12,0,44,4,0,0,1,0,0,0,14,1,0,0,2,6,154,1,36,2,4,10,4,6,11,5,2,3,2,3,16,0
57,12,1,34,4,0,0,1,0,0,0,1,14,0,0,2,6,154,1,35,3,5,10,5,5,10,5,3,2,2,1,14,15
-27,12,1,41,5,0,0,0,0,0,0,3,12,0,0,2,6,154,2,34,2,5,11,4,5,10,4,2,1,1,1,15,30
-86,12,2,46,4,0,0,0,0,0,0,29,1,0,0,2,6,154,2,34,2,5,12,3,4,9,3,1,1,0,2,16,15
-13,12,2,35,3,0,0,1,0,0,0,26,4,0,0,2,6,154,3,33,2,4,11,2,3,8,2,1,1,0,1,14,30
-18,12,2,37,2,0,0,1,1,0,0,17,13,0,0,2,6,154,3,32,2,3,11,1,2,7,2,0,1,0,2,15,0
-50,11,3,36,3,0,0,2,1,0,0,4,11,0,0,2,6,154,3,29,3,6,13,3,6,15,4,2,1,1,2,14,45
-32,10,3,33,3,0,0,2,0,0,0,1,14,0,0,2,6,154,2,29,4,8,14,4,5,15,4,2,0,1,1,14,0
36,10,3,26,6,0,0,1,0,0,0,7,8,0,0,2,6,154,4,26,3,6,12,4,5,15,4,2,0,0,3,12,45
-45,8,1,32,5,0,0,1,0,0,0,3,12,0,0,2,6,154,2,26,3,6,14,3,4,14,5,4,0,0,1,13,30
3,8,1,25,4,0,0,1,0,0,0,0,15,0,0,2,6,154,2,26,4,6,14,2,5,13,4,3,0,0,2,12,30
-221,8,1,51,5,0,1,1,0,0,0,8,7,0,0,2,6,154,3,23,3,5,14,2,9,12,5,3,0,0,2,16,45
-54,7,2,28,5,0,2,2,0,0,0,11,4,0,0,2,6,154,2,20,2,5,14,8,10,14,8,5,0,0,1,13,0
-57,7,2,31,5,0,2,1,0,0,0,1,14,0,0,2,6,154,0,20,4,8,15,8,10,15,9,6,0,0,1,13,15
-30,7,2,23,4,0,2,1,0,0,0,0,15,0,0,2,6,154,0,20,4,8,15,7,9,14,8,5,0,0,1,12,15
-81,7,2,28,4,0,1,1,0,0,0,12,3,0,0,2,6,154,0,20,4,10,16,6,8,14,7,5,0,0,1,13,0
63,7,3,22,4,0,1,1,0,0,0,4,11,0,0,2,6,154,1,19,4,10,17,6,7,16,6,4,0,0,2,12,0
51,7,3,21,3,0,1,1,0,0,0,2,13,0,0,2,6,154,1,19,4,10,17,5,6,15,5,4,0,0,1,11,45
33,7,3,19,3,0,0,1,0,0,0,1,14,0,0,2,6,154,1,18,4,10,17,4,5,14,4,3,0,0,1,11,30
-27,7,3,26,3,0,0,1,0,0,0,0,15,0,0,2,6,154,2,18,3,9,16,3,4,13,3,2,0,0,3,12,45
-88,7,4,28,4,0,0,1,0,0,0,4,11,0,0,2,6,154,4,16,3,7,16,3,4,14,2,2,0,0,1,13,0
-24,6,3,23,3,0,0,1,0,0,0,8,7,0,0,2,6,154,2,16,6,9,16,2,5,13,3,1,0,0,1,12,15
3,5,2,15,3,0,0,1,1,0,0,8,7,0,0,2,6,154,3,14,5,8,14,1,5,17,3,0,0,0,2,11,0
2,3,3,13,6,0,0,2,1,0,0,5,10,0,0,2,6,154,2,9,3,9,9,4,11,17,8,4,0,0,2,10,45
-13,3,3,11,5,0,0,2,1,0,0,2,13,0,0,2,6,154,2,9,4,9,9,4,10,17,7,4,0,0,2,10,30
-23,3,3,15,5,0,0,2,0,0,0,0,15,0,0,2,6,154,2,9,4,9,9,3,9,16,6,4,0,0,2,11,0
7,3,3,9,5,0,0,2,1,0,1,10,5,0,0,2,6,154,3,6,4,6,6,6,13,16,7,5,0,0,2,10,15
-37,2,2,17,6,0,0,1,1,0,1,2,13,0,0,2,6,154,2,5,5,5,5,7,12,15,8,5,0,0,2,11,15
-13,2,2,17,6,0,0,1,1,0,1,12,3,0,0,2,6,154,3,4,4,4,4,6,11,14,7,4,0,0,2,11,15
-31,2,2,9,7,0,0,1,1,0,0,9,6,0,0,2,6,154,4,3,3,3,3,5,10,13,6,4,0,0,2,10,15
-94,1,1,19,8,0,0,0,1,0,0,6,9,0,0,2,6,154,4,2,2,2,2,5,9,12,6,4,0,0,1,11,30
-6,1,1,11,7,0,0,0,1,0,0,5,10,0,0,2,6,154,4,2,2,2,2,4,8,11,5,3,0,0,2,10,30
-22,0,0,8,8,0,0,0,0,0,0,7,8,0,0,2,6,154,3,1,1,1,1,7,8,10,6,2,0,0,2,10,0
-11,0,0,4,7,0,0,0,0,0,0,5,10,0,0,2,6,154,3,0,1,1,1,6,7,9,5,1,0,0,2,9,30
-105,0,0,13,7,0,0,0,0,0,0,0,7,0,0,2,6,154,1,0,0,0,0,5,8,8,7,4,0,0,2,10,45
10,0,0,0,6,0,0,0,0,0,0,0,10,0,1,2,6,154,1,0,0,0,0,4,7,7,6,3,0,0,2,9,0
20,0,0,6,5,0,0,0,0,0,0,0,13,0,0,2,6,154,1,0,0,0,0,3,6,6,5,3,0,0,1,9,45
8,0,0,2,4,0,0,0,0,0,0,0,18,0,0,2,6,154,0,0,0,0,0,3,5,5,5,4,0,0,2,9,15
5,0,0,4,3,0,0,0,0,0,0,0,19,0,0,2,6,154,0,0,0,0,0,2,4,4,4,3,0,0,2,9,30
-16,0,0,0,2,0,0,0,0,0,0,0,45,0,1,2,6,154,0,0,0,0,0,3,3,3,3,3,0,0,2,9,0
-43,0,0,6,1,0,0,0,0,0,0,0,58,0,0,2,6,154,0,0,0,0,0,2,2,2,2,2,0,0,1,9,45
-14,0,0,2,0,0,0,0,0,0,0,0,64,0,0,2,6,154,0,0,0,0,0,1,1,1,1,1,0,0,2,9,15
-16,21,1,55,3,0,0,1,0,0,0,3,12,1,0,6,5,151,2,52,3,8,13,2,4,10,3,1,6,0,2,17,30
-13,21,1,53,2,0,1,1,0,0,0,4,11,0,0,6,5,151,2,51,4,8,13,1,5,11,3,1,6,0,2,17,15
43,20,2,43,5,0,1,1,0,0,0,2,13,0,0,6,5,151,2,47,4,8,10,5,8,14,6,4,6,1,2,16,0
-65,20,2,55,4,0,2,2,0,0,0,9,6,1,0,6,5,151,2,45,4,6,11,4,7,14,7,3,6,1,2,17,30
-17,20,3,51,4,0,2,2,0,0,0,11,4,0,0,6,5,151,1,44,4,6,11,5,7,14,8,3,6,2,2,17,0
20,20,3,51,4,0,2,2,0,0,0,7,8,0,0,6,5,151,2,43,4,5,10,5,7,15,7,2,6,2,2,17,0
-6,20,3,47,3,0,2,2,0,0,0,3,12,0,0,6,5,151,2,43,4,5,10,4,6,14,6,2,6,2,2,16,30
-2,19,2,45,3,0,1,4,0,0,0,7,8,0,0,6,5,151,3,41,2,3,10,3,6,13,6,2,6,2,2,16,15
-36,18,1,49,4,0,0,4,0,0,0,12,3,0,0,6,5,151,2,40,2,2,10,3,5,13,7,2,5,2,2,16,45
15,18,1,53,3,0,0,4,0,0,0,11,4,0,0,6,5,151,1,40,2,2,11,2,4,12,7,3,5,1,2,17,15
-44,17,0,49,3,0,0,5,0,0,0,0,15,0,0,6,5,151,1,38,0,5,11,3,7,12,8,3,4,2,2,16,45
-20,17,0,47,2,0,0,5,0,0,0,8,7,0,0,6,5,151,1,38,0,5,11,4,9,11,7,2,4,2,2,16,30
-19,17,0,41,1,0,0,5,0,0,0,12,3,0,0,6,5,151,0,38,4,7,12,5,8,11,7,2,4,2,2,15,45
-25,17,0,43,1,0,0,4,0,0,0,10,5,0,0,6,5,151,0,38,5,9,14,5,8,12,6,1,4,2,2,16,0
-42,17,0,39,0,0,0,4,0,0,0,9,6,0,0,6,5,151,0,38,5,9,15,5,7,13,5,1,4,2,2,15,30
28,17,0,37,0,0,0,3,0,0,0,6,9,0,0,6,5,151,0,38,5,9,16,5,7,12,4,1,3,2,2,15,15
15,17,3,34,2,0,1,2,0,0,0,59,1,0,0,6,5,151,2,35,3,7,14,4,6,12,4,1,3,1,2,14,45
-39,17,5,41,3,0,1,1,1,0,0,44,16,0,0,6,5,151,3,33,3,6,13,4,5,12,4,2,3,1,2,15,45
-14,17,5,33,3,0,0,1,1,0,0,39,21,0,0,6,5,151,3,33,4,6,13,3,4,12,3,1,3,1,1,14,30
5,17,5,39,3,0,0,0,1,0,0,38,22,0,0,6,5,151,3,33,4,6,14,2,3,11,2,1,2,1,2,15,30
-74,17,5,37,2,0,0,2,1,0,0,18,42,0,0,6,5,151,3,31,4,6,14,2,5,10,3,3,2,2,2,15,15
-23,17,6,32,4,0,0,2,0,0,0,8,52,0,0,6,5,151,4,29,2,7,14,1,6,12,3,2,2,2,1,14,15
-162,12,3,45,7,0,0,1,0,0,0,14,1,0,0,6,5,151,1,26,5,7,16,6,8,15,8,4,2,2,2,16,15
3,12,4,31,7,0,0,1,0,0,0,8,7,0,0,6,5,151,2,25,4,8,15,5,7,15,7,4,1,2,1,13,15
18,12,4,27,6,0,0,1,0,0,0,7,8,0,0,6,5,151,2,25,4,8,16,4,6,14,6,3,0,1,2,12,45
52,12,5,23,5,0,1,1,0,0,0,10,5,0,0,6,5,151,2,24,4,8,16,5,8,14,6,2,0,0,2,12,15
20,12,5,29,5,0,1,0,0,0,0,10,5,0,0,6,5,151,2,24,4,8,16,4,7,14,5,2,0,0,1,13,0
45,10,3,25,5,0,1,1,0,0,0,5,10,0,0,6,5,151,2,22,3,7,14,3,6,13,6,2,0,0,2,12,30
9,9,4,23,5,0,1,1,0,0,0,0,15,0,0,6,5,151,1,21,4,8,15,5,8,14,7,4,0,0,2,12,15
37,9,5,19,6,0,0,1,0,0,0,11,4,0,0,6,5,151,1,20,3,7,16,4,7,13,7,4,0,0,2,11,45
-6,7,5,29,7,0,0,1,0,0,0,2,13,0,0,6,5,151,1,17,4,8,14,6,9,16,9,4,0,0,1,13,0
-86,7,5,35,7,0,0,1,0,0,0,2,13,0,0,6,5,151,1,17,4,8,14,6,9,16,9,4,0,0,2,15,0
-11,7,5,27,6,0,0,1,0,0,0,2,13,0,0,6,5,151,1,17,4,8,14,4,7,14,7,3,0,0,2,12,45
-170,7,5,35,7,0,0,1,0,0,0,1,14,0,0,6,5,151,2,15,4,8,13,4,7,15,7,3,0,0,2,15,0
-34,7,5,25,7,0,0,0,0,0,0,13,2,0,0,6,5,151,2,15,5,8,13,3,6,15,6,2,0,0,2,12,30
19,6,5,15,6,0,0,0,0,0,0,8,7,0,0,6,5,151,1,14,5,8,13,3,6,15,6,3,0,0,2,11,15
-20,4,4,21,8,0,0,1,0,0,0,3,12,0,0,6,5,151,2,11,4,7,11,4,9,17,8,4,0,0,2,12,0
10,3,3,17,8,0,0,1,0,0,0,10,5,0,0,6,5,151,2,10,3,6,10,4,9,16,8,5,0,0,2,11,30
9,3,3,21,7,0,0,2,0,0,0,5,10,0,0,6,5,151,2,9,2,6,9,3,8,16,8,5,0,0,2,12,0
-26,2,2,15,6,0,1,2,0,0,0,10,5,0,0,6,5,151,2,8,4,5,8,3,8,17,8,5,0,0,2,11,15
-24,1,1,13,6,0,1,2,0,0,0,12,3,0,0,6,5,151,1,7,3,5,7,5,9,17,9,5,0,0,2,11,0
12,1,1,12,6,0,1,1,0,0,0,5,10,0,0,6,5,151,1,7,4,5,7,5,9,16,8,4,0,0,2,10,45
87,0,0,5,8,0,1,1,0,0,0,10,5,0,0,6,5,151,2,4,1,3,4,5,9,15,9,5,0,0,2,9,45
-5,0,0,17,7,0,1,1,0,0,0,6,9,0,0,6,5,151,2,4,1,3,4,5,8,14,8,4,0,0,2,11,30
73,0,0,3,6,0,1,1,0,0,0,5,10,0,0,6,5,151,2,4,1,3,4,4,7,13,7,4,0,0,2,9,30
0,0,0,13,5,0,1,1,0,0,0,10,5,0,0,6,5,151,1,4,2,4,4,4,8,12,7,3,0,0,2,11,0
-13,0,0,7,4,0,1,2,0,0,0,13,2,0,0,6,5,151,1,3,2,3,3,5,9,11,7,4,0,0,1,10,0
58,0,0,2,4,0,0,2,0,0,0,8,7,0,0,6,5,151,1,3,2,3,3,4,9,10,6,4,0,0,2,9,15
4,0,0,10,3,0,0,2,0,0,1,1,14,0,0,6,5,151,2,2,2,2,2,5,9,9,5,4,0,0,1,10,30
-15,0,0,10,3,0,0,1,0,0,1,10,5,0,0,6,5,151,1,2,2,2,2,4,8,8,5,4,0,0,1,10,30
-3,0,0,7,3,0,0,1,0,0,1,2,13,0,0,6,5,151,2,1,1,1,1,4,7,7,4,3,0,0,1,10,0
-16,0,0,5,3,0,0,0,0,0,1,0,10,0,0,6,5,151,0,1,1,1,1,6,6,6,5,3,0,0,2,9,45
-163,0,0,19,3,0,0,0,0,0,1,0,11,0,0,6,5,151,1,0,0,0,0,5,5,5,4,2,0,0,2,11,45
-63,0,0,9,2,0,0,0,0,0,1,0,24,0,0,6,5,151,1,0,0,0,0,4,4,4,3,1,0,0,2,10,15
-1,0,0,0,1,0,0,0,0,0,1,0,30,0,1,6,5,151,0,0,0,0,0,3,3,3,3,1,0,0,1,9,0
28,0,0,3,0,0,0,0,0,0,1,0,34,0,0,6,5,151,0,0,0,0,0,2,2,2,2,1,0,0,2,9,30
-25,0,0,0,0,0,0,0,0,0,0,0,38,0,1,6,5,151,0,0,0,0,0,1,1,1,1,1,0,0,1,9,0
28,32,3,51,2,0,1,1,1,0,2,4,11,0,0,5,5,150,2,47,4,7,13,3,4,14,6,3,9,1,1,17,30
11,32,3,54,2,0,1,1,1,0,1,2,13,1,0,5,5,150,2,46,5,7,14,2,4,13,5,3,9,2,2,18,0
12,32,4,51,1,0,1,2,1,0,1,13,2,0,0,5,5,150,3,46,4,8,13,1,5,12,4,2,9,2,1,17,30
-26,30,7,53,2,0,3,3,1,0,0,4,11,0,0,5,5,150,3,42,5,8,14,4,8,14,7,3,8,4,1,17,45
11,29,6,46,3,0,3,3,1,0,0,3,12,0,0,5,5,150,4,40,5,7,12,4,10,15,7,3,7,4,2,16,45
-2,28,5,47,3,0,3,3,0,0,0,2,13,0,0,5,5,150,2,40,5,7,12,3,9,14,8,4,7,3,2,17,0
32,28,5,47,3,0,3,2,0,0,0,0,15,0,0,5,5,150,2,40,5,7,12,4,8,13,7,4,7,3,2,17,0
-42,27,5,49,6,0,3,1,0,0,0,1,14,0,0,5,5,150,3,37,3,5,10,5,8,13,8,3,6,3,2,17,15
2,25,4,41,7,0,2,1,0,0,1,2,13,0,0,5,5,150,3,35,2,5,9,6,9,13,9,4,5,2,2,16,0
28,24,3,40,7,0,1,1,0,0,1,1,14,0,0,5,5,150,2,35,2,5,9,5,8,12,9,4,5,1,1,15,45
80,23,2,36,7,0,1,1,0,0,1,4,11,0,0,5,5,150,2,34,1,6,8,5,7,11,9,5,5,1,2,15,15
22,23,2,38,7,0,0,1,0,0,1,1,14,0,0,5,5,150,2,34,2,6,9,4,6,11,8,5,4,1,1,15,30
-12,23,2,42,7,0,0,0,0,0,1,11,4,0,0,5,5,150,2,34,3,6,9,3,5,11,7,5,4,0,2,16,15
31,23,2,34,7,0,0,0,0,0,0,9,6,0,0,5,5,150,2,34,4,6,10,4,4,10,6,4,4,0,2,15,0
7,23,2,49,7,0,0,0,0,0,0,11,4,0,0,5,5,150,3,33,4,5,11,3,6,9,5,3,4,1,2,17,15
-38,22,2,44,7,0,0,1,0,0,0,10,5,0,0,5,5,150,4,31,3,4,10,2,6,9,5,2,4,1,1,16,30
9,22,2,38,6,0,0,1,0,0,0,9,6,0,0,5,5,150,4,30,3,4,10,1,5,8,4,2,4,1,1,15,30
5,21,5,32,7,0,1,1,0,0,0,52,8,0,0,5,5,150,4,28,1,5,11,4,6,12,6,3,4,1,1,14,30
7,21,5,36,6,0,1,1,0,0,0,50,10,0,0,5,5,150,4,28,1,5,11,3,5,11,5,3,3,1,2,15,15
-126,21,7,44,6,0,0,1,0,0,0,43,17,0,0,5,5,150,4,28,2,6,12,2,4,10,4,2,3,0,1,16,30
40,20,6,34,6,0,0,1,0,0,0,26,34,0,0,5,5,150,3,27,2,6,13,3,4,11,5,3,3,1,2,15,0
4,18,6,33,6,0,0,2,0,0,0,3,57,0,0,5,5,150,3,25,4,7,11,3,8,12,6,4,3,1,2,14,45
-113,16,4,42,6,0,0,1,0,0,0,11,4,0,0,5,5,150,1,25,4,8,13,2,7,11,7,5,3,1,2,16,15
65,14,5,25,6,0,0,2,0,0,1,5,10,0,0,5,5,150,2,22,3,7,12,6,6,13,8,4,2,1,2,12,45
17,14,5,25,7,0,0,2,0,0,0,6,9,0,0,5,5,150,2,21,4,7,14,5,9,15,8,5,2,1,2,12,45
13,13,5,30,7,0,0,2,0,0,0,11,4,0,0,5,5,150,2,20,5,6,13,4,8,16,8,5,2,1,1,13,15
58,13,5,23,6,0,0,2,0,0,0,10,5,0,0,5,5,150,1,20,5,6,14,3,7,15,8,5,2,1,3,12,30
44,13,5,23,6,0,0,2,0,0,0,7,8,0,0,5,5,150,2,19,4,5,13,2,6,14,7,4,2,1,3,12,30
56,13,5,21,5,0,0,2,0,0,0,6,9,0,0,5,5,150,2,19,4,5,13,1,5,13,6,3,2,1,2,12,15
-17,9,2,28,7,0,0,3,0,0,1,3,12,0,0,5,5,150,3,14,0,4,11,4,7,16,9,5,2,1,1,13,0
-20,9,2,31,6,0,0,3,0,0,1,14,1,0,0,5,5,150,3,14,1,5,11,3,6,15,8,4,1,1,1,14,15
64,9,2,15,5,0,0,3,0,0,1,10,5,0,0,5,5,150,3,14,2,6,12,2,7,14,7,3,1,1,2,11,30
6,9,3,21,4,0,0,3,0,0,1,8,7,0,0,5,5,150,3,14,2,6,12,1,7,13,6,3,1,1,2,12,15
3,8,3,28,5,0,1,3,0,0,1,7,8,0,0,5,5,150,3,11,4,6,10,6,11,16,8,4,1,1,1,13,0
-19,7,4,25,6,0,1,2,0,0,1,6,9,0,0,5,5,150,3,10,4,7,10,7,11,17,8,4,1,1,2,12,45
8,7,4,18,6,0,1,2,0,0,0,6,9,0,0,5,5,150,3,10,4,7,10,6,10,16,7,3,1,1,1,11,45
36,7,4,15,6,0,1,2,0,0,0,13,2,0,0,5,5,150,3,9,4,6,9,5,9,16,7,3,1,1,2,11,30
-21,7,4,15,6,0,0,2,0,0,0,12,3,0,0,5,5,150,3,9,4,7,9,4,8,15,6,2,0,1,2,11,30
26,6,3,8,7,0,0,1,0,0,0,8,7,0,0,5,5,150,3,8,3,6,8,5,7,14,6,2,0,0,2,10,30
6,6,3,20,6,0,0,1,0,0,1,5,10,0,0,5,5,150,4,7,2,5,7,5,6,13,5,2,0,0,2,12,0
-33,6,3,18,6,0,0,0,0,0,1,4,11,0,0,5,5,150,4,7,2,5,7,4,5,13,4,2,0,0,1,11,45
17,5,4,13,6,0,1,0,0,0,1,11,4,0,0,5,5,150,2,5,3,4,5,4,7,12,7,4,0,0,3,11,15
-41,5,4,13,5,0,1,0,0,0,1,9,6,0,0,5,5,150,2,5,3,4,5,3,6,11,6,3,0,0,3,11,15
-23,5,4,10,5,0,1,0,0,0,0,8,7,0,0,5,5,150,2,5,3,4,5,2,5,10,5,3,0,0,1,10,45
-2,4,4,7,6,0,0,0,0,0,0,1,14,0,0,5,5,150,2,4,2,4,4,1,6,11,5,2,0,0,2,10,15
24,2,2,6,6,0,0,0,1,0,0,13,2,0,0,5,5,150,1,2,2,2,2,5,8,10,7,3,0,0,1,10,0
9,2,2,8,5,0,0,0,1,0,0,9,6,0,0,5,5,150,1,2,2,2,2,4,7,9,6,2,0,0,2,10,30
32,1,1,3,5,0,0,0,1,0,0,11,4,0,0,5,5,150,1,1,1,1,1,5,6,8,6,3,0,0,1,9,30
-13,0,0,12,4,0,0,0,1,0,0,7,8,0,0,5,5,150,0,1,1,1,1,4,5,7,6,4,0,0,2,11,0
43,0,0,1,3,0,0,0,1,0,0,5,10,0,0,5,5,150,0,1,1,1,1,4,5,6,5,4,0,0,2,9,15
-1,0,0,5,2,0,0,0,1,0,1,0,8,0,0,5,5,150,0,0,0,0,0,3,5,5,5,4,0,0,1,9,45
5,0,0,1,2,0,0,0,0,0,1,0,13,0,0,5,5,150,0,0,0,0,0,2,4,4,4,3,0,0,2,9,15
3,0,0,3,1,0,0,0,0,0,1,0,25,0,0,5,5,150,0,0,0,0,0,2,3,3,3,2,0,0,1,9,30
-106,0,0,10,1,0,0,0,0,0,0,0,54,0,0,5,5,150,0,0,0,0,0,2,2,2,2,1,0,0,1,10,45
7,0,0,0,0,0,0,0,0,0,0,0,57,0,1,5,5,150,0,0,0,0,0,1,1,1,1,1,0,0,2,9,0
-11,23,5,47,6,0,0,0,0,0,0,18,12,1,0,4,5,149,3,41,4,8,11,3,4,10,4,2,5,0,1,17,30
-7,23,5,45,5,0,0,0,0,0,0,17,13,0,0,4,5,149,3,41,4,8,12,2,3,9,3,1,5,0,1,17,15
-7,23,5,45,6,0,0,0,0,0,0,2,28,0,0,4,5,149,4,39,3,6,10,1,3,12,3,1,5,0,1,17,15
21,20,3,43,6,0,0,1,1,0,0,12,3,0,0,4,5,149,2,36,3,6,10,2,5,13,7,3,5,0,2,17,0
-20,18,2,41,5,0,1,3,1,0,0,12,3,0,0,4,5,149,3,33,1,4,8,1,8,13,8,2,5,1,2,16,30
-9,17,2,41,6,0,1,4,1,0,0,4,11,0,0,4,5,149,2,30,1,3,7,9,11,15,11,2,5,3,2,16,30
-8,17,2,36,6,0,0,4,1,0,0,0,15,0,0,4,5,149,2,30,1,3,7,8,10,14,10,2,5,3,2,15,45
16,17,2,40,5,0,0,4,1,0,0,14,1,0,0,4,5,149,2,30,1,4,8,7,9,13,9,2,5,3,2,16,15
5,16,1,38,5,0,0,4,0,0,0,5,10,0,0,4,5,149,1,30,2,4,9,8,8,13,9,3,5,3,1,16,0
-17,16,2,43,4,0,0,4,0,0,0,4,11,0,0,4,5,149,1,30,2,5,9,7,7,12,8,2,4,3,2,17,0
27,16,2,34,4,0,0,4,0,0,0,1,14,0,0,4,5,149,2,29,1,4,8,6,6,11,7,2,4,2,2,15,30
8,16,2,36,3,0,0,4,0,0,0,1,14,0,0,4,5,149,1,29,2,4,9,5,6,10,7,3,4,2,2,15,45
29,16,2,38,2,0,0,4,0,0,0,25,5,0,0,4,5,149,1,29,2,4,9,4,5,9,6,3,4,2,1,16,0
-6,16,2,32,1,0,0,4,0,0,0,23,7,0,0,4,5,149,1,29,2,4,9,3,4,8,5,3,4,2,2,15,15
-6,16,3,34,1,0,0,3,0,0,0,11,19,0,0,4,5,149,1,29,3,4,10,2,6,7,4,2,3,2,2,15,30
-14,16,3,30,1,0,0,2,0,0,0,9,21,0,0,4,5,149,1,29,3,4,12,1,5,6,3,2,2,1,2,15,0
26,14,2,28,4,0,0,2,0,0,0,16,29,0,0,4,5,149,1,25,0,4,12,4,5,9,6,3,2,0,2,14,45
4,14,4,27,4,0,0,1,0,0,0,0,45,0,0,4,5,149,1,25,2,6,14,3,4,13,5,3,2,0,2,14,15
20,14,4,26,3,0,0,1,0,0,0,14,1,0,0,4,5,149,1,25,3,6,14,2,3,12,4,3,2,0,1,13,30
7,14,4,28,2,0,0,1,0,0,0,13,2,0,0,4,5,149,1,25,3,6,14,1,2,11,3,2,2,0,2,14,45
-72,13,4,32,4,0,0,1,0,0,0,28,2,0,0,4,5,149,3,22,3,7,13,1,4,13,3,1,2,0,2,15,15
-16,10,5,23,7,0,0,1,1,0,0,7,8,0,0,4,5,149,3,17,4,6,11,3,10,16,7,4,2,2,1,13,0
-16,10,5,19,8,0,0,1,0,0,0,13,2,0,0,4,5,149,2,16,4,6,11,4,10,15,8,6,2,2,2,12,30
27,9,4,23,7,0,0,2,0,0,0,0,15,0,0,4,5,149,2,15,4,5,10,7,9,15,8,6,2,2,1,13,0
-10,9,4,19,8,0,0,2,0,0,0,4,11,0,0,4,5,149,2,13,3,4,9,8,9,15,9,6,2,2,2,12,30
21,9,5,15,8,0,0,2,0,0,0,1,14,0,0,4,5,149,3,12,2,3,8,7,8,14,8,5,2,2,1,11,45
3,7,3,19,7,0,0,3,0,0,0,10,5,0,0,4,5,149,2,11,1,3,7,6,9,14,9,5,1,2,2,12,30
-39,7,3,19,6,0,0,3,0,0,0,9,6,0,0,4,5,149,2,11,1,3,7,5,8,13,8,4,1,1,2,12,30
-67,7,3,30,5,0,0,3,0,0,0,3,12,0,0,4,5,149,2,11,1,3,7,4,7,12,7,4,1,1,2,15,0
-20,7,3,25,4,0,0,3,0,0,0,0,15,0,0,4,5,149,2,11,1,3,7,3,6,11,6,4,0,1,1,13,15
14,5,1,13,3,0,0,3,0,0,0,11,4,0,0,4,5,149,0,11,2,4,9,3,7,10,7,4,0,0,2,11,30
40,5,1,18,3,0,0,2,0,0,0,6,9,0,0,4,5,149,0,11,2,5,9,2,6,10,6,4,0,0,4,12,15
-6,5,2,17,5,0,0,1,0,0,0,13,2,0,0,4,5,149,2,9,2,4,9,4,6,11,5,3,0,0,1,12,0
42,4,1,9,5,0,0,1,0,0,0,13,2,0,0,4,5,149,1,8,3,4,8,4,6,10,6,4,0,0,1,10,45
77,4,1,11,4,0,0,1,0,0,0,11,4,0,0,4,5,149,1,8,3,4,8,3,5,10,5,3,0,0,2,11,15
13,4,2,13,3,0,0,2,0,0,0,13,2,0,0,4,5,149,2,7,2,4,7,3,5,9,4,2,0,0,2,11,30
-29,4,2,11,2,0,0,2,0,0,0,11,4,0,0,4,5,149,1,7,2,4,7,2,4,8,4,1,0,0,2,11,15
2,3,3,5,2,0,0,2,0,0,1,32,13,0,0,4,5,149,1,5,1,5,5,3,6,9,5,3,0,0,2,10,15
29,3,3,10,2,0,0,2,0,0,1,20,25,0,0,4,5,149,1,4,2,4,4,3,5,10,5,3,0,0,2,11,0
32,3,3,5,1,0,0,2,0,0,1,11,34,0,0,4,5,149,1,4,2,4,4,3,5,9,4,3,0,0,2,10,15
-19,2,2,7,3,0,0,1,0,0,1,9,6,0,0,4,5,149,2,2,2,2,2,3,4,8,4,3,0,0,1,10,30
-3,1,1,7,3,0,0,0,0,0,1,2,13,0,0,4,5,149,1,2,2,2,2,2,4,7,4,2,0,0,1,10,30
19,0,0,0,2,0,0,0,0,0,1,9,6,0,1,4,5,149,0,1,2,2,2,2,4,6,4,3,0,0,2,9,0
-20,0,0,2,3,0,0,0,0,0,1,0,19,0,0,4,5,149,0,0,0,0,0,3,5,5,5,3,0,0,1,9,15
-113,0,0,15,3,0,0,0,0,0,0,0,37,0,0,4,5,149,0,0,0,0,0,3,4,4,4,3,0,0,1,11,45
11,0,0,4,2,0,0,0,0,0,0,0,46,0,0,4,5,149,0,0,0,0,0,3,3,3,3,2,0,0,2,9,30
-25,0,0,2,1,0,0,0,0,0,0,0,64,0,0,4,5,149,0,0,0,0,0,2,2,2,2,1,0,0,1,9,15
15,0,0,0,0,0,0,0,0,0,0,0,67,0,1,4,5,149,0,0,0,0,0,1,1,1,1,1,0,0,2,9,0
-9,14,3,52,1,0,0,0,1,0,0,14,1,1,0,3,5,148,1,51,3,6,9,2,4,8,2,2,9,1,2,17,30
-14,12,1,50,2,0,1,0,1,0,0,1,14,0,0,3,5,148,1,48,2,4,10,3,6,10,4,2,9,1,2,17,15
7,11,0,47,2,0,0,0,1,0,0,8,7,0,0,3,5,148,0,48,3,4,11,5,6,9,4,2,8,1,2,16,45
8,11,0,48,2,0,1,0,0,0,1,5,10,0,0,3,5,148,1,46,2,4,12,4,5,10,4,2,8,0,2,17,0
3,11,0,52,2,0,1,0,0,0,1,14,1,1,0,3,5,148,1,45,1,3,11,3,4,11,4,2,8,0,2,17,30
-38,11,0,48,2,0,0,0,0,0,1,11,4,0,0,3,5,148,1,45,1,3,11,2,3,10,3,1,8,0,2,17,0
-15,11,0,45,2,0,0,0,0,0,0,10,5,0,0,3,5,148,1,45,1,3,11,1,2,9,2,1,8,0,1,16,30
72,11,0,39,1,0,0,1,0,0,0,10,5,0,0,3,5,148,0,44,2,7,11,1,4,11,3,2,8,1,2,15,30
-3,11,0,43,1,0,0,2,0,0,0,7,8,0,0,3,5,148,0,42,5,8,11,3,7,12,4,3,8,3,1,16,0
-112,11,0,50,1,0,1,2,0,0,0,2,13,0,0,3,5,148,2,40,4,6,9,2,7,12,3,2,7,3,2,17,15
-5,11,0,41,3,0,1,1,0,0,0,6,9,0,0,3,5,148,3,38,4,5,8,3,7,12,3,2,7,2,1,15,45
-33,11,0,39,3,0,1,1,0,0,1,1,14,0,0,3,5,148,2,36,2,3,9,5,7,11,5,4,6,2,2,15,30
-58,11,0,41,3,0,0,1,0,0,1,0,15,0,0,3,5,148,2,36,2,3,10,4,6,10,4,3,5,1,1,15,45
-12,11,0,35,3,0,0,1,1,0,1,3,12,0,0,3,5,148,2,34,1,1,11,4,6,10,5,3,5,0,2,15,0
-72,11,0,45,3,0,0,0,1,0,1,2,13,0,0,3,5,148,2,34,1,2,11,3,5,9,4,2,5,0,1,16,30
-53,11,0,37,3,0,0,0,1,0,0,37,8,0,0,3,5,148,1,34,1,3,13,3,5,10,4,1,5,0,2,15,15
-42,11,0,37,2,0,0,0,1,0,0,27,18,0,0,3,5,148,0,34,1,4,13,2,5,10,4,2,5,0,2,15,15
-23,11,0,32,3,0,0,0,0,0,0,14,31,0,0,3,5,148,1,33,1,5,13,2,5,11,3,2,5,1,2,14,30
-19,11,0,33,2,0,0,0,0,0,0,25,5,0,0,3,5,148,0,33,3,8,17,4,4,11,3,2,5,1,2,14,45
-42,11,0,33,2,0,1,0,0,0,0,8,22,0,0,3,5,148,2,31,3,10,16,3,6,13,2,1,5,2,2,14,45
-34,11,0,30,1,0,1,0,0,0,0,6,24,0,0,3,5,148,2,31,4,10,17,2,5,12,1,0,5,2,1,14,15
-72,11,0,30,2,0,0,0,0,0,0,10,5,0,0,3,5,148,1,30,5,10,18,1,5,12,2,1,4,2,1,14,15
-57,11,2,29,7,0,0,1,0,0,0,3,12,0,0,3,5,148,3,23,3,8,15,5,8,16,6,0,4,2,2,13,30
-15,11,2,27,6,0,0,1,0,0,0,13,2,0,0,3,5,148,1,23,3,8,15,5,9,15,7,2,4,3,1,13,0
-157,11,2,35,6,0,0,1,0,0,1,9,6,0,0,3,5,148,3,21,2,6,13,4,8,14,6,2,3,3,2,15,0
-7,11,4,23,5,0,0,1,0,0,1,0,15,0,0,3,5,148,2,21,3,8,13,4,7,13,6,3,3,2,2,12,30
-190,11,4,44,5,0,0,1,0,0,1,9,6,0,0,3,5,148,2,20,4,8,13,3,7,13,6,4,3,2,2,16,15
-27,11,4,27,4,0,0,1,0,0,1,14,1,0,0,3,5,148,1,20,5,8,14,5,6,13,6,4,3,2,1,13,0
-47,10,5,25,5,0,0,2,0,0,0,2,13,0,0,3,5,148,2,18,4,8,13,4,8,14,6,5,2,2,2,12,45
-8,9,5,22,4,0,0,3,0,0,1,6,9,0,0,3,5,148,2,16,4,7,13,4,8,14,7,5,2,1,2,12,15
-17,9,5,23,3,0,0,4,0,0,1,1,14,0,0,3,5,148,3,15,3,7,13,3,8,16,6,4,2,1,2,12,30
-30,9,5,25,3,0,0,3,0,0,1,0,15,0,0,3,5,148,3,15,3,7,13,2,7,15,5,3,1,1,2,12,45
-17,7,4,18,4,0,0,4,0,0,1,11,4,0,0,3,5,148,2,12,2,5,12,4,7,17,8,5,1,1,1,11,30
14,6,3,17,4,0,0,4,0,0,1,12,3,0,0,3,5,148,2,11,3,6,11,5,8,18,8,5,1,1,1,11,15
-10,5,2,20,3,0,0,4,1,0,1,4,11,0,0,3,5,148,2,10,2,5,10,4,8,17,8,5,1,1,1,12,0
1,5,2,15,3,0,0,4,1,0,0,3,12,0,0,3,5,148,2,10,2,5,10,3,7,16,7,5,1,1,1,11,0
-33,4,3,20,4,0,0,3,1,0,0,6,9,0,0,3,5,148,1,9,2,6,9,4,7,17,8,4,1,1,1,12,0
52,4,3,13,3,0,0,3,1,0,1,4,11,0,0,3,5,148,2,8,1,5,8,3,8,16,7,4,1,1,2,10,45
-36,3,3,19,3,0,0,2,1,0,1,12,3,0,0,3,5,148,0,8,4,8,8,5,10,16,8,4,0,1,2,11,45
1,3,3,15,4,0,0,1,1,0,1,7,8,0,0,3,5,148,1,7,4,7,7,4,11,15,7,4,0,0,1,11,0
54,3,3,4,5,0,0,1,0,0,1,13,2,0,0,3,5,148,2,6,4,6,6,6,10,14,6,3,0,0,2,9,30
60,3,3,0,5,0,0,1,0,0,1,6,9,0,1,3,5,148,2,5,4,5,5,6,10,13,6,3,0,0,1,9,0
-4,3,3,11,4,0,0,1,0,0,1,2,13,0,0,3,5,148,2,5,5,5,5,6,9,12,5,2,0,0,2,10,30
8,1,1,11,6,0,0,0,0,0,1,5,10,0,0,3,5,148,2,3,3,3,3,7,10,11,6,2,0,0,2,10,30
27,1,1,10,5,0,0,0,0,0,1,4,11,0,0,3,5,148,1,3,3,3,3,6,9,10,6,1,0,0,2,10,15
19,0,0,0,4,0,0,0,0,0,1,2,13,0,1,3,5,148,0,3,3,3,3,5,8,9,6,1,0,0,1,9,0
-18,0,0,8,4,0,1,0,0,0,1,11,4,0,0,3,5,148,2,1,1,1,1,5,7,8,5,0,0,0,1,10,0
2,0,0,4,4,0,1,0,0,0,1,3,12,0,0,3,5,148,2,0,0,0,0,4,6,7,5,0,0,0,2,9,30
-45,0,0,6,4,0,0,0,0,0,1,0,3,0,0,3,5,148,0,0,0,0,0,3,6,6,6,1,0,0,2,9,45
-50,0,0,8,3,0,0,0,0,0,1,0,4,0,0,3,5,148,0,0,0,0,0,3,5,5,5,1,0,0,1,10,0
27,0,0,0,2,0,0,0,0,0,1,0,17,0,1,3,5,148,0,0,0,0,0,3,4,4,4,1,0,0,1,9,0
-26,0,0,6,1,0,0,0,0,0,1,0,34,0,0,3,5,148,0,0,0,0,0,3,3,3,3,1,0,0,2,9,45
-45,0,0,13,1,0,0,0,0,0,0,0,38,0,0,3,5,148,0,0,0,0,0,2,2,2,2,1,0,0,2,10,45
-17,0,0,3,0,0,0,0,0,0,0,0,62,0,0,3,5,148,0,0,0,0,0,1,1,1,1,1,0,0,2,9,15
6,20,1,48,3,0,0,0,1,0,1,6,9,0,0,6,5,144,3,46,2,4,10,4,5,7,3,2,5,0,2,17,15
-18,20,1,50,3,0,0,0,1,0,0,2,13,1,0,6,5,144,2,46,2,6,10,3,4,6,3,3,5,0,3,17,30
-5,20,2,48,4,0,0,1,0,0,0,15,15,0,0,6,5,144,3,44,2,5,10,2,4,7,3,2,5,0,2,17,15
-27,20,2,50,3,0,0,1,0,0,0,11,19,1,0,6,5,144,3,44,2,6,11,1,4,7,2,1,5,0,3,17,30
-18,19,3,45,4,0,0,1,0,0,0,10,5,0,0,6,5,144,2,42,4,6,9,3,3,9,4,2,5,0,2,16,30
-36,19,3,46,4,0,0,2,0,0,0,12,3,0,0,6,5,144,3,40,2,5,8,2,3,11,4,2,5,0,2,17,0
-11,18,2,46,5,0,0,2,0,0,0,12,3,0,0,6,5,144,4,38,2,5,7,1,4,11,4,2,5,0,2,17,0
33,16,0,41,5,0,0,3,0,0,0,0,15,0,0,6,5,144,3,36,3,4,11,4,7,14,6,4,5,0,2,16,0
-7,16,0,43,6,0,0,3,0,0,0,2,13,0,0,6,5,144,2,34,1,2,10,4,9,13,8,6,5,2,1,16,15
31,16,0,35,5,0,0,3,0,0,0,14,1,0,0,6,5,144,2,34,1,3,11,3,8,12,7,5,5,2,2,15,15
-4,16,0,31,4,0,0,3,1,0,0,6,9,0,0,6,5,144,2,33,0,2,11,4,7,12,7,4,5,2,2,14,45
8,16,0,37,4,0,0,2,1,0,0,4,11,0,0,6,5,144,1,33,1,5,13,6,7,11,7,5,5,3,2,15,30
-47,16,0,39,3,0,0,2,1,0,0,73,2,0,0,6,5,144,1,33,2,7,14,5,7,10,6,4,5,3,2,15,45
-21,16,1,39,2,0,0,2,1,0,0,67,8,0,0,6,5,144,1,33,2,8,15,4,7,11,5,3,5,3,2,15,45
-24,16,2,31,3,0,0,2,0,0,0,59,16,0,0,6,5,144,2,32,2,7,15,4,7,12,4,2,4,3,2,14,45
10,16,2,35,3,0,0,1,0,0,0,58,17,0,0,6,5,144,2,32,2,7,15,3,6,11,3,1,4,2,2,15,15
-61,16,2,41,3,0,0,0,0,0,0,55,20,0,0,6,5,144,2,32,2,7,15,2,5,10,2,1,3,2,2,16,0
-43,16,5,37,3,0,1,0,0,0,0,32,43,0,0,6,5,144,1,30,5,8,14,3,5,12,4,2,2,1,2,15,30
-176,16,6,43,3,0,1,0,0,0,1,18,57,0,0,6,5,144,1,28,4,8,13,3,4,12,5,3,2,0,1,16,15
-80,15,6,33,3,0,2,0,0,0,1,9,66,0,0,6,5,144,2,26,4,8,12,3,5,12,5,2,2,1,2,15,0
-41,15,6,30,2,0,2,1,0,0,1,2,73,0,0,6,5,144,3,25,3,8,12,2,5,11,4,2,2,1,2,14,30
-39,12,5,29,4,0,1,2,0,0,1,10,5,0,0,6,5,144,3,22,4,6,12,1,6,15,6,2,2,1,1,14,15
17,9,3,22,5,0,2,3,1,0,0,10,5,0,0,6,5,144,2,18,2,4,10,5,9,16,10,5,1,1,2,12,30
-19,9,3,22,4,0,2,3,1,0,0,9,6,0,0,6,5,144,2,18,2,4,10,5,8,15,9,5,1,0,2,12,30
21,9,3,22,5,0,1,3,1,0,0,2,13,0,0,6,5,144,3,17,1,4,10,5,7,14,8,4,1,0,2,12,30
-94,9,3,33,4,0,1,3,1,0,0,1,14,0,0,6,5,144,3,17,1,4,10,4,6,14,7,4,1,0,2,15,0
11,8,2,28,3,0,1,3,1,0,0,10,5,0,0,6,5,144,2,17,2,4,10,3,7,14,7,3,1,0,1,13,0
7,6,2,20,4,0,0,3,1,0,0,25,5,0,0,6,5,144,1,16,2,6,12,4,9,13,8,4,1,1,4,12,15
-13,6,2,26,4,0,0,2,1,0,0,23,7,0,0,6,5,144,1,16,3,6,12,3,8,12,7,3,1,1,1,12,45
41,6,2,14,4,0,0,2,1,0,0,7,23,0,0,6,5,144,1,15,3,7,13,4,8,12,7,4,1,1,2,11,15
33,6,2,18,3,0,0,2,2,0,0,12,3,0,0,6,5,144,1,14,4,6,12,6,8,12,7,5,1,1,2,12,0
-85,6,3,26,2,0,0,2,2,0,1,1,14,0,0,6,5,144,2,13,3,6,12,6,8,13,6,4,1,1,1,12,45
47,6,3,20,2,0,0,1,2,0,1,0,15,0,0,6,5,144,2,13,3,6,12,5,7,12,5,3,1,1,4,12,15
15,5,2,18,3,0,0,1,2,0,1,2,13,0,0,6,5,144,2,11,3,6,11,4,7,12,6,3,1,1,2,12,0
-55,5,3,22,3,0,0,0,2,0,1,2,13,0,0,6,5,144,2,11,3,6,11,3,6,11,5,2,0,1,2,12,30
-52,4,2,16,4,0,0,0,2,0,0,12,3,0,0,6,5,144,2,10,2,6,10,3,5,10,5,1,0,0,2,11,45
9,4,2,16,4,0,0,0,1,0,0,3,12,0,0,6,5,144,1,10,3,7,10,2,4,10,5,1,0,0,2,11,45
-21,4,3,13,4,0,0,1,1,0,0,2,13,0,0,6,5,144,2,8,3,6,8,3,5,13,5,0,0,0,2,11,0
25,3,3,14,3,0,0,1,1,0,1,2,13,0,0,6,5,144,1,7,4,6,7,3,6,13,6,1,0,0,2,11,15
54,3,3,6,3,0,0,1,0,0,1,12,3,0,0,6,5,144,1,7,5,6,7,2,5,12,5,1,0,0,1,10,0
14,2,2,9,3,0,1,3,0,0,1,2,13,0,0,6,5,144,3,3,2,3,3,4,6,12,6,3,0,0,2,10,30
-20,1,1,11,3,0,1,3,0,0,1,6,9,0,0,6,5,144,3,2,2,2,2,4,8,11,6,3,0,0,1,10,45
-29,1,1,8,3,0,2,3,0,0,0,11,4,0,0,6,5,144,2,1,1,1,1,4,8,10,7,3,0,0,2,10,15
13,1,1,2,2,0,2,3,0,0,0,8,7,0,0,6,5,144,2,1,1,1,1,3,7,9,6,2,0,0,2,9,15
17,0,0,3,2,0,2,2,0,0,1,0,5,0,0,6,5,144,2,0,0,0,0,5,8,8,6,3,0,0,1,9,30
-27,0,0,9,2,0,2,1,0,0,1,0,18,0,0,6,5,144,0,0,0,0,0,5,7,7,7,3,0,0,2,10,30
2,0,0,0,2,0,1,1,0,0,1,0,29,0,1,6,5,144,0,0,0,0,0,5,6,6,6,3,0,0,1,9,0
-29,0,0,5,1,0,1,1,0,0,1,0,30,0,0,6,5,144,0,0,0,0,0,4,5,5,5,2,0,0,2,9,45
-7,0,0,0,1,0,0,1,0,0,1,0,35,0,1,6,5,144,0,0,0,0,0,4,4,4,4,2,0,0,1,9,0
-10,0,0,3,1,0,0,0,0,0,1,0,41,0,0,6,5,144,0,0,0,0,0,3,3,3,3,1,0,0,1,9,30
12,0,0,6,0,0,0,0,0,0,1,0,56,0,0,6,5,144,0,0,0,0,0,2,2,2,2,1,0,0,1,10,0
-116,0,0,11,0,0,0,0,0,0,0,0,64,0,0,6,5,144,0,0,0,0,0,1,1,1,1,0,0,0,1,10,45
3,23,0,50,1,0,0,2,0,0,0,5,10,0,0,5,5,143,2,50,2,5,8,2,3,9,2,0,3,0,2,17,15
-26,23,0,52,1,0,0,2,0,0,0,8,7,1,0,5,5,143,2,49,1,4,9,1,4,8,2,0,3,0,2,17,30
17,23,0,48,2,0,0,1,0,0,0,6,9,0,0,5,5,143,1,48,3,6,11,4,5,9,3,1,3,0,2,17,0
-74,23,0,52,2,0,0,3,0,0,0,3,12,1,0,5,5,143,2,45,3,4,10,4,6,10,4,2,3,0,2,17,30
-23,23,0,50,2,0,0,2,0,0,0,9,6,0,0,5,5,143,1,45,3,5,11,3,5,9,4,1,3,0,2,17,15
-16,23,0,48,1,0,0,2,0,0,0,7,8,0,0,5,5,143,1,45,3,5,11,2,4,8,3,0,3,0,2,17,0
-6,23,0,45,2,0,0,1,0,0,0,10,5,0,0,5,5,143,2,44,2,5,12,1,4,9,2,0,3,0,1,16,15
-36,23,0,46,3,0,0,1,0,0,0,8,22,0,0,5,5,143,0,42,3,6,14,3,5,11,5,2,3,0,1,16,30
-28,23,0,43,2,0,0,1,0,0,0,6,24,0,0,5,5,143,0,42,3,6,15,2,5,10,4,2,3,0,1,16,0
-15,23,0,41,3,0,0,1,0,0,0,6,9,0,0,5,5,143,2,40,3,6,15,2,4,9,3,1,3,0,2,15,45
-43,23,1,40,3,0,0,3,0,0,0,12,3,0,0,5,5,143,3,37,2,6,16,3,5,11,4,0,3,1,2,15,30
-27,23,1,41,3,0,0,2,0,0,0,5,10,0,0,5,5,143,3,37,3,7,17,2,6,13,3,0,3,2,2,15,45
-49,23,2,43,2,0,1,2,0,0,0,37,8,0,0,5,5,143,3,36,4,8,19,3,6,13,3,1,3,2,1,16,0
-152,23,5,47,4,0,1,1,0,0,0,16,29,0,0,5,5,143,3,34,5,9,19,4,5,14,4,1,2,2,2,16,45
-14,23,5,36,3,0,1,1,0,0,0,15,30,0,0,5,5,143,3,34,5,9,19,3,4,13,3,0,2,1,2,14,45
-59,22,7,38,6,0,0,1,0,0,0,8,7,0,0,5,5,143,3,31,6,11,17,3,9,13,5,2,2,2,1,15,0
-23,22,9,35,6,0,1,0,0,0,0,6,9,0,0,5,5,143,3,30,5,10,16,2,8,12,5,3,1,2,2,14,30
-1,21,9,33,6,0,2,0,0,0,0,10,5,0,0,5,5,143,3,28,5,10,15,2,8,14,6,3,1,1,1,13,30
-61,18,9,34,9,0,1,0,0,0,0,14,1,0,0,5,5,143,2,25,6,10,16,7,9,15,9,5,1,1,1,14,15
-20,17,9,32,8,0,1,0,1,0,1,6,9,0,0,5,5,143,3,23,6,8,15,7,9,17,9,6,0,1,1,13,15
-60,17,9,36,8,0,1,0,1,0,1,4,11,0,0,5,5,143,4,22,5,7,14,7,8,16,8,5,0,0,2,14,45
-98,15,7,38,7,0,2,0,1,0,2,11,4,0,0,5,5,143,4,20,3,6,12,6,7,16,9,7,0,0,1,15,0
37,15,7,31,6,0,2,0,1,0,2,9,6,0,0,5,5,143,4,20,3,6,12,5,6,15,8,6,0,0,1,13,0
16,15,8,29,6,0,1,0,1,0,2,8,7,0,0,5,5,143,4,20,3,6,13,4,5,14,7,5,0,0,1,12,45
36,13,7,20,6,0,1,0,1,0,1,5,10,0,0,5,5,143,2,20,4,6,13,3,4,13,8,5,0,0,2,11,45
0,11,5,26,8,0,1,1,1,0,0,7,8,0,0,5,5,143,3,17,2,5,11,3,6,14,9,6,0,0,2,12,30
20,11,5,29,7,0,1,1,1,0,0,6,9,0,0,5,5,143,3,17,2,6,11,2,5,13,8,5,0,0,1,12,45
46,8,5,26,6,0,2,1,1,0,1,7,8,0,0,5,5,143,2,15,3,7,13,4,9,14,10,7,0,0,2,12,30
20,6,3,26,7,0,2,1,1,0,1,3,12,0,0,5,5,143,2,13,3,6,13,5,10,18,11,8,0,0,2,12,30
57,6,3,16,6,0,2,1,1,0,1,12,3,0,0,5,5,143,2,13,4,6,13,5,9,18,10,7,0,0,2,11,15
7,6,3,24,5,0,2,1,1,0,1,10,5,0,0,5,5,143,2,13,5,6,13,4,9,17,9,6,0,0,3,12,15
39,5,2,18,6,0,1,2,1,0,1,3,12,0,0,5,5,143,2,11,3,5,11,5,8,17,10,5,0,0,2,11,30
27,5,2,24,6,0,1,2,1,0,1,13,2,0,0,5,5,143,3,10,2,4,10,5,8,16,9,5,0,0,3,12,15
33,4,2,22,7,0,1,2,0,0,1,13,2,0,0,5,5,143,3,9,2,6,9,5,7,15,9,5,0,0,2,12,0
34,3,2,16,7,0,0,3,0,0,1,10,5,0,0,5,5,143,2,8,1,5,8,5,7,16,10,5,0,0,2,11,15
9,3,2,18,7,0,0,3,0,0,0,9,6,0,0,5,5,143,2,8,2,6,8,4,6,15,9,4,0,0,2,11,30
17,3,2,20,6,0,0,3,0,0,0,1,14,0,0,5,5,143,2,8,2,8,8,3,6,14,8,4,0,0,2,11,45
50,3,3,6,5,0,1,3,0,0,0,3,12,0,0,5,5,143,2,7,4,7,7,3,9,15,8,3,0,0,2,10,0
-56,3,3,22,4,0,1,3,0,0,0,10,5,0,0,5,5,143,2,7,4,7,7,3,9,14,7,2,0,0,2,12,0
39,3,3,12,5,0,1,2,0,0,0,13,2,0,0,5,5,143,1,6,6,6,6,3,9,14,8,3,0,0,2,10,45
53,1,1,10,7,0,1,2,0,0,0,12,3,0,0,5,5,143,1,3,3,3,3,7,9,14,10,4,0,0,2,10,30
-24,1,1,12,7,0,1,2,1,0,1,6,9,0,0,5,5,143,4,0,0,0,0,6,9,13,9,3,0,0,2,10,45
-7,1,1,8,7,0,1,1,1,0,1,11,4,0,0,5,5,143,3,0,0,0,0,6,8,12,9,3,0,0,2,10,15
-25,1,1,10,7,0,0,1,1,0,1,9,6,0,0,5,5,143,3,0,0,0,0,5,8,11,8,3,0,0,2,10,30
-8,1,1,6,6,0,0,1,1,0,1,8,7,0,0,5,5,143,3,0,0,0,0,4,7,10,7,2,0,0,2,10,0
27,1,1,8,6,0,0,0,1,0,1,6,9,0,0,5,5,143,3,0,0,0,0,3,7,9,6,2,0,0,2,10,15
20,0,0,4,5,0,0,0,1,0,1,13,2,0,0,5,5,143,2,0,0,0,0,2,6,8,6,1,0,0,1,9,30
28,0,0,2,4,0,0,0,1,0,1,3,12,0,0,5,5,143,2,0,0,0,0,3,5,7,5,1,0,0,1,9,15
-13,0,0,2,4,0,0,0,1,0,0,0,18,0,0,5,5,143,0,0,0,0,0,4,6,6,6,1,0,0,1,9,15
-5,0,0,0,3,0,0,0,1,0,0,0,19,0,1,5,5,143,0,0,0,0,0,3,5,5,5,1,0,0,2,9,0
4,0,0,14,2,0,0,0,1,0,0,0,35,0,0,5,5,143,0,0,0,0,0,3,4,4,4,0,0,0,2,11,0
20,0,0,0,2,0,0,0,0,0,0,0,38,0,1,5,5,143,0,0,0,0,0,3,3,3,3,0,0,0,2,9,0
-13,0,0,5,1,0,0,0,0,0,0,0,57,0,0,5,5,143,0,0,0,0,0,2,2,2,2,0,0,0,2,9,45
-19,0,0,14,0,0,0,0,0,0,0,0,66,0,0,5,5,143,0,0,0,0,0,1,1,1,1,0,0,0,2,11,0
33,25,0,55,2,0,1,1,1,0,0,4,11,0,0,4,5,142,1,52,1,5,10,3,5,8,5,5,7,2,1,17,30
6,25,1,57,3,0,1,0,1,0,0,7,8,1,0,4,5,142,1,51,2,4,10,3,4,9,5,4,6,1,2,18,0
3,25,1,53,3,0,0,0,1,0,0,6,9,0,0,4,5,142,1,51,2,4,10,2,3,8,4,3,6,0,2,17,15
-19,25,1,55,4,0,0,0,0,0,0,1,14,0,0,4,5,142,1,50,3,4,12,2,2,11,4,2,6,0,1,17,30
12,25,1,52,4,0,0,1,0,0,0,1,14,0,0,4,5,142,3,48,1,5,11,1,3,12,3,1,6,0,2,17,0
-10,24,1,51,5,0,0,2,0,0,0,14,1,0,0,4,5,142,2,45,4,7,12,3,10,14,6,1,6,2,1,16,45
-11,24,1,47,4,0,0,2,0,0,0,13,2,0,0,4,5,142,2,45,4,7,12,2,9,13,5,1,6,2,1,16,0
-14,24,1,53,4,0,0,2,0,0,2,5,10,0,0,4,5,142,1,42,2,5,12,7,9,12,8,3,6,2,2,17,15
-9,24,1,49,2,0,0,3,0,0,2,12,3,0,0,4,5,142,2,41,3,5,12,7,8,13,7,3,6,2,1,16,15
-40,24,1,47,2,0,0,3,0,0,2,12,3,0,0,4,5,142,2,41,3,5,12,7,8,13,7,3,6,2,1,16,0
-6,24,1,43,2,0,0,2,0,0,2,5,10,0,0,4,5,142,2,41,4,5,13,6,8,11,5,3,5,2,2,15,30
-4,24,1,45,2,0,0,2,0,0,2,1,14,0,0,4,5,142,2,40,3,5,12,5,7,11,5,4,5,1,2,15,45
-3,24,1,41,2,0,0,2,0,0,1,0,15,0,0,4,5,142,2,40,3,5,12,4,6,10,4,4,5,1,2,15,15
19,24,1,45,2,0,0,1,0,0,1,11,4,0,0,4,5,142,2,40,3,5,12,3,5,9,3,3,5,1,2,15,45
-40,23,1,43,4,0,0,0,0,0,1,1,14,0,0,4,5,142,2,38,1,5,10,2,5,8,4,3,4,1,2,15,30
41,23,1,35,5,0,0,0,0,0,0,5,10,0,0,4,5,142,2,37,1,5,11,3,4,8,4,2,4,0,1,14,0
-12,23,3,37,5,0,0,0,0,0,0,25,5,0,0,4,5,142,1,36,4,8,13,3,5,11,5,2,4,0,2,14,30
-5,23,3,41,4,0,0,0,0,0,0,25,5,0,0,4,5,142,1,36,4,8,13,2,4,10,4,1,4,0,2,15,15
-42,23,5,38,3,0,0,1,0,0,0,11,19,0,0,4,5,142,2,35,4,7,16,1,4,12,3,0,4,0,1,14,45
-24,20,4,40,6,0,0,2,0,0,0,14,1,0,0,4,5,142,2,30,2,7,18,3,8,18,7,2,4,0,2,15,0
-2,20,4,34,6,0,0,2,0,0,0,12,3,0,0,4,5,142,3,29,1,6,18,3,7,18,6,2,4,0,1,13,30
-19,20,6,38,6,0,0,2,0,0,0,4,11,0,0,4,5,142,4,28,2,6,17,2,8,18,5,1,4,0,1,14,45
-40,18,6,36,6,0,0,1,0,0,0,14,1,0,0,4,5,142,2,28,5,11,22,5,10,19,6,3,4,0,1,14,15
28,17,8,29,6,0,0,2,0,0,0,10,5,0,0,4,5,142,2,25,6,12,21,7,12,20,8,4,4,1,2,12,45
4,16,8,29,6,0,0,2,0,0,0,6,9,0,0,4,5,142,2,24,6,11,20,6,11,19,8,4,4,1,2,12,45
-46,16,9,31,6,0,0,1,0,0,0,2,13,0,0,4,5,142,1,24,6,11,20,7,11,20,8,3,4,1,1,13,0
0,16,9,25,5,0,0,1,0,0,0,2,13,0,0,4,5,142,1,24,6,11,20,6,10,20,7,2,4,1,2,12,15
9,16,9,23,5,0,0,1,0,0,0,8,7,0,0,4,5,142,2,23,7,12,19,5,12,20,6,2,4,2,2,12,0
19,15,8,27,5,0,0,1,0,0,0,6,9,0,0,4,5,142,2,22,6,11,18,4,11,19,6,2,4,2,2,12,30
-45,14,7,31,5,0,0,0,0,0,0,4,11,0,0,4,5,142,1,22,6,11,18,4,10,18,6,1,4,2,1,13,0
49,13,7,25,7,0,0,1,0,0,0,4,11,0,0,4,5,142,3,18,5,11,16,5,11,19,7,2,4,2,2,12,15
23,13,7,33,6,0,0,1,0,0,0,2,13,0,0,4,5,142,3,18,5,11,16,5,10,18,6,2,4,2,1,13,15
2,11,5,18,5,0,2,1,0,0,0,6,9,0,0,4,5,142,2,16,5,11,14,7,10,17,8,4,3,3,2,11,30
-20,10,5,23,5,0,2,1,0,0,0,2,13,0,0,4,5,142,2,15,6,10,13,7,9,16,8,4,3,2,2,12,0
7,9,5,21,6,0,2,1,0,0,0,11,4,0,0,4,5,142,3,13,5,9,11,7,8,15,8,3,3,2,2,11,45
20,7,3,18,5,0,2,1,0,0,0,3,12,0,0,4,5,142,1,13,6,9,12,6,10,14,9,4,3,3,2,11,30
-17,7,3,21,5,0,1,1,0,0,0,1,14,0,0,4,5,142,1,13,6,9,13,5,10,13,8,4,2,3,2,11,45
13,7,4,18,4,0,2,1,0,0,0,13,2,0,0,4,5,142,2,12,6,8,12,4,9,12,7,3,2,2,2,11,30
12,7,4,16,4,0,2,1,0,0,0,11,4,0,0,4,5,142,3,11,6,7,11,4,8,11,6,2,2,2,3,11,15
16,7,4,14,3,0,2,1,0,0,0,4,11,0,0,4,5,142,2,11,6,7,11,3,8,11,6,2,2,2,2,11,0
23,7,6,12,5,0,2,0,0,0,1,12,3,0,0,4,5,142,4,8,4,5,8,2,9,11,6,2,2,2,2,10,45
4,6,6,16,7,0,1,1,0,0,1,27,3,0,0,4,5,142,4,5,1,3,5,5,8,13,8,2,1,2,3,11,15
-266,4,4,50,7,0,2,1,0,0,1,10,20,0,0,4,5,142,3,4,1,2,4,7,7,15,9,4,0,1,1,16,30
33,4,4,10,6,0,2,1,0,0,1,6,24,0,0,4,5,142,3,4,2,3,4,6,6,15,8,4,0,0,2,10,30
54,4,4,6,6,0,1,1,0,0,1,3,27,0,0,4,5,142,3,4,2,3,4,5,5,14,7,4,0,0,2,9,45
-96,4,4,27,5,0,1,1,0,0,1,2,28,0,0,4,5,142,3,4,2,4,4,4,4,13,6,4,0,0,2,12,30
-3,3,3,10,4,0,1,1,0,0,1,8,7,0,0,4,5,142,2,4,2,4,4,3,3,12,6,4,0,0,2,10,30
-4,3,3,12,4,0,1,1,0,0,0,3,12,0,0,4,5,142,2,3,2,4,4,2,3,11,5,4,0,0,2,10,45
-11,3,3,14,4,0,1,1,0,0,0,1,14,0,0,4,5,142,3,3,1,3,3,1,3,10,4,3,0,0,2,11,0
15,0,0,8,5,0,2,1,0,0,0,0,8,0,0,4,5,142,0,0,0,0,0,6,9,9,9,9,0,0,2,10,0
19,0,0,8,4,0,2,1,0,0,0,0,12,0,0,4,5,142,0,0,0,0,0,5,8,8,8,8,0,0,2,10,0
-35,0,0,4,4,0,1,1,0,0,0,0,18,0,0,4,5,142,0,0,0,0,0,6,7,7,7,7,0,0,2,9,30
-19,0,0,2,3,0,1,1,0,0,0,0,23,0,0,4,5,142,0,0,0,0,0,6,6,6,6,6,0,0,2,9,15
29,0,0,0,2,0,1,1,0,0,0,0,25,0,1,4,5,142,0,0,0,0,0,5,5,5,5,5,0,0,2,9,0
29,0,0,2,1,0,1,1,0,0,0,0,34,0,0,4,5,142,0,0,0,0,0,4,4,4,4,4,0,0,2,9,15
44,0,0,0,1,0,0,1,0,0,0,0,45,0,1,4,5,142,0,0,0,0,0,3,3,3,3,3,0,0,2,9,0
30,0,0,4,1,0,0,0,0,0,0,0,47,0,0,4,5,142,0,0,0,0,0,2,2,2,2,2,0,0,2,9,30
-24,0,0,6,0,0,0,0,0,0,0,0,52,0,0,4,5,142,0,0,0,0,0,1,1,1,1,1,0,0,2,9,45
21,27,5,56,4,0,1,1,0,0,0,13,2,1,0,3,5,141,2,52,4,6,12,2,3,11,5,4,6,1,2,17,30
25,25,4,56,5,0,1,2,0,0,0,4,11,1,0,3,5,141,3,49,3,5,12,1,3,15,6,3,5,1,2,17,30
-28,22,4,54,4,0,1,4,0,0,1,1,14,0,0,3,5,141,2,46,2,5,12,4,8,18,9,4,5,1,3,17,15
28,21,3,52,3,0,1,5,0,0,2,14,1,0,0,3,5,141,2,44,1,6,11,6,11,20,10,5,5,4,2,17,0
13,21,3,52,3,0,1,4,0,0,2,3,12,0,0,3,5,141,2,44,3,7,11,6,12,19,9,4,5,4,2,17,0
30,21,3,49,2,0,1,4,0,0,2,1,14,0,0,3,5,141,2,44,3,7,11,5,11,18,8,4,5,4,1,16,30
23,21,4,47,2,0,0,4,0,0,2,13,2,0,0,3,5,141,2,44,4,7,11,5,10,17,7,4,5,4,2,16,15
25,21,4,54,1,0,0,4,0,0,2,9,6,0,0,3,5,141,2,44,5,8,11,6,9,16,6,3,4,4,3,17,15
0,20,3,45,1,0,0,4,0,0,1,6,9,0,0,3,5,141,0,43,5,8,12,6,8,15,7,4,4,3,2,16,0
-90,19,2,56,3,0,0,3,0,0,1,6,9,1,0,3,5,141,1,42,5,8,11,6,11,14,7,4,4,3,2,17,30
8,18,1,41,3,0,2,3,0,0,0,13,2,0,0,3,5,141,2,40,3,6,10,6,10,14,7,3,3,3,2,15,30
4,18,1,47,3,0,2,2,0,0,0,13,2,0,0,3,5,141,2,40,3,6,10,5,9,13,6,2,3,2,2,16,15
15,18,1,39,2,0,2,2,0,0,0,12,3,0,0,3,5,141,2,40,3,6,10,4,9,13,5,2,2,2,2,15,15
9,18,1,49,2,0,2,1,0,0,1,7,8,0,0,3,5,141,3,39,3,5,10,3,9,13,4,1,1,1,1,16,30
-5,18,1,38,3,0,2,1,0,0,1,9,6,0,0,3,5,141,1,37,3,4,10,5,9,12,7,1,1,0,2,15,0
28,18,2,51,2,0,2,1,0,0,1,4,11,0,0,3,5,141,1,37,3,4,10,5,8,12,6,1,1,0,2,16,45
-26,17,1,41,2,0,2,1,0,0,1,6,9,0,0,3,5,141,1,36,2,4,11,6,7,11,6,1,1,0,2,15,30
33,17,1,36,1,0,2,1,0,0,1,5,10,0,0,3,5,141,1,36,3,4,11,5,6,10,5,1,1,0,1,14,45
-7,17,1,43,1,0,2,0,0,0,1,4,11,0,0,3,5,141,1,36,3,4,11,4,5,9,4,1,1,0,2,15,45
-38,17,1,43,2,0,1,0,1,0,1,9,6,0,0,3,5,141,2,34,1,3,10,4,4,8,4,0,1,0,2,15,45
-4,17,2,35,2,0,0,0,1,0,1,43,2,0,0,3,5,141,1,34,1,4,12,3,5,8,4,0,1,0,2,14,30
31,17,2,34,1,0,0,0,1,0,1,41,4,0,0,3,5,141,1,34,1,4,12,2,4,7,3,0,1,0,1,14,15
-17,17,2,39,1,0,1,0,1,0,0,33,12,0,0,3,5,141,2,33,1,5,12,1,4,6,2,0,1,0,2,15,15
21,16,3,32,2,0,1,1,0,0,0,6,9,0,0,3,5,141,2,31,4,8,15,3,4,13,3,2,1,0,1,13,30
-142,15,3,45,2,0,1,1,0,0,0,13,2,0,0,3,5,141,2,30,4,8,15,3,4,13,3,2,1,1,2,16,0
-31,15,3,36,1,0,1,1,0,0,0,10,5,0,0,3,5,141,2,30,5,8,15,2,3,12,2,1,1,1,1,14,45
-9,13,1,30,2,0,0,1,2,0,0,4,11,0,0,3,5,141,1,27,4,8,15,1,7,15,5,4,1,1,2,13,15
-25,12,4,32,4,0,0,1,3,0,0,14,1,0,0,3,5,141,1,23,5,8,15,6,10,16,8,6,0,1,1,13,30
35,12,6,23,5,0,0,2,2,0,1,1,14,0,0,3,5,141,2,20,3,7,13,7,9,17,9,7,0,0,2,12,15
20,12,6,25,5,0,0,2,1,0,1,29,1,0,0,3,5,141,2,20,4,7,13,6,9,16,8,6,0,0,2,12,30
18,12,6,21,4,0,0,2,1,0,1,29,1,0,0,3,5,141,2,20,4,7,13,5,8,15,7,5,0,0,2,12,0
-6,12,6,27,3,0,0,2,1,0,1,28,2,0,0,3,5,141,2,20,4,7,13,5,7,14,6,5,0,0,1,12,45
18,12,6,29,3,0,0,1,1,0,1,27,3,0,0,3,5,141,2,20,4,7,13,4,6,13,5,4,0,0,2,13,0
-20,10,5,27,3,0,0,1,3,0,1,7,23,0,0,3,5,141,2,17,2,6,13,4,9,12,7,5,0,0,1,12,45
-27,10,5,25,3,0,0,1,3,0,0,7,23,0,0,3,5,141,2,17,2,6,13,3,8,11,6,4,0,0,2,12,30
-59,10,5,30,2,0,0,1,4,0,0,13,2,0,0,3,5,141,3,16,3,6,14,3,7,14,5,3,0,0,2,13,15
-7,8,4,23,2,0,0,1,3,0,0,4,11,0,0,3,5,141,1,16,4,6,14,5,7,13,6,4,0,0,2,12,15
-7,6,3,21,2,0,1,1,3,0,1,1,14,0,0,3,5,141,2,13,2,6,11,5,8,16,7,4,0,0,2,12,0
10,5,2,16,2,0,1,1,3,0,1,8,7,0,0,3,5,141,2,12,2,5,11,5,7,15,7,5,0,0,3,11,15
16,5,2,18,2,0,1,0,3,0,1,8,7,0,0,3,5,141,2,12,2,5,11,4,6,14,6,5,0,0,2,11,30
9,5,2,18,2,0,1,0,2,0,1,5,10,0,0,3,5,141,2,12,2,5,12,3,5,14,5,4,0,0,2,11,30
12,5,3,16,3,0,1,0,1,0,1,28,2,0,0,3,5,141,2,11,3,6,11,2,4,13,5,4,0,0,3,11,15
10,5,4,12,3,0,1,1,1,0,0,9,21,0,0,3,5,141,2,10,3,8,10,3,7,14,5,3,0,0,2,10,45
-16,4,4,14,5,0,0,1,1,0,0,12,3,0,0,3,5,141,2,8,3,6,8,2,6,13,6,4,0,0,2,11,0
19,3,3,12,5,0,0,2,0,0,0,3,12,0,0,3,5,141,2,7,4,5,7,1,7,14,6,3,0,0,2,10,45
24,2,2,6,6,0,0,3,0,0,1,3,12,0,0,3,5,141,3,3,1,3,3,6,10,14,8,3,0,0,2,9,45
20,2,2,8,5,0,0,3,0,0,1,2,13,0,0,3,5,141,3,3,1,3,3,6,9,13,7,3,0,0,2,10,0
48,2,2,10,3,0,0,3,0,0,1,1,14,0,0,3,5,141,3,3,1,3,3,6,8,12,6,2,0,0,2,10,15
-31,2,2,14,3,0,0,3,0,0,1,1,14,0,0,3,5,141,3,3,1,3,3,6,8,12,6,2,0,0,2,11,0
-20,0,0,8,4,0,0,2,0,0,1,10,5,0,0,3,5,141,1,2,2,2,2,5,7,10,7,2,0,0,2,10,0
5,0,0,2,4,0,0,2,0,0,0,6,9,0,0,3,5,141,0,2,2,2,2,4,7,9,7,2,0,0,2,9,15
0,0,0,4,3,0,0,2,0,0,0,3,12,0,0,3,5,141,0,2,2,2,2,4,7,8,6,2,0,0,2,9,30
-39,0,0,10,2,0,0,2,0,0,0,2,13,0,0,3,5,141,0,2,2,2,2,3,6,7,5,2,0,0,2,10,15
-76,0,0,18,3,0,0,1,0,0,0,0,10,0,0,3,5,141,1,1,1,1,1,3,6,6,4,2,0,0,2,11,30
20,0,0,4,3,0,1,0,0,0,0,0,24,0,0,3,5,141,0,0,0,0,0,3,5,5,5,2,0,0,2,9,30
-1,0,0,2,2,0,1,0,0,0,0,0,30,0,0,3,5,141,0,0,0,0,0,4,4,4,4,2,0,0,2,9,15
-22,0,0,0,2,0,0,0,0,0,0,0,53,0,1,3,5,141,0,0,0,0,0,3,3,3,3,1,0,0,2,9,0
-36,0,0,6,1,0,0,0,0,0,0,0,55,0,0,3,5,141,0,0,0,0,0,2,2,2,2,0,0,0,2,9,45
-12,0,0,0,0,0,0,0,0,0,0,0,60,0,1,3,5,141,0,0,0,0,0,1,1,1,1,0,0,0,2,9,0
-42,36,3,57,2,0,0,2,1,0,0,14,1,1,0,2,5,140,2,52,3,8,16,1,5,11,4,3,7,1,2,17,45
3,34,3,56,3,0,0,2,1,0,1,10,5,0,0,2,5,140,2,49,5,11,14,5,8,16,6,4,7,2,1,17,30
51,34,4,47,2,0,1,2,1,0,1,9,6,0,0,2,5,140,3,48,4,10,13,4,7,15,5,4,6,2,2,16,15
-16,33,5,49,5,0,0,3,1,0,0,0,15,0,0,2,5,140,3,44,4,8,11,5,7,16,8,5,6,1,1,16,30
-58,33,5,54,5,0,0,3,1,0,0,0,15,0,0,2,5,140,3,44,4,8,11,5,7,16,8,5,6,1,1,17,15
-7,33,5,52,5,0,0,3,0,0,0,11,4,0,0,2,5,140,3,44,4,8,11,3,6,14,6,4,6,1,2,17,0
2,32,5,51,7,0,0,2,0,0,0,11,4,0,0,2,5,140,3,42,6,6,11,4,9,14,7,4,5,2,2,16,45
2,31,4,49,7,0,0,2,0,0,0,3,12,0,0,2,5,140,2,41,5,6,10,3,9,14,8,5,5,1,1,16,30
-12,31,4,47,7,0,0,4,0,0,0,10,5,0,0,2,5,140,5,38,2,3,9,3,9,16,7,5,5,1,2,16,15
0,30,3,54,7,0,0,4,0,0,0,4,11,0,0,2,5,140,4,37,1,3,8,6,8,15,8,4,5,1,1,17,15
9,28,2,39,7,0,0,4,0,0,0,14,1,0,0,2,5,140,3,36,1,3,10,6,9,14,9,5,5,1,2,15,15
-71,28,2,52,6,0,0,4,0,0,0,9,6,0,0,2,5,140,2,36,1,3,10,6,8,13,9,6,5,1,2,17,0
6,28,2,45,5,0,0,4,0,0,0,8,7,0,0,2,5,140,2,36,1,4,11,5,7,12,8,6,5,1,2,16,0
25,28,2,41,5,0,0,3,0,0,0,7,8,0,0,2,5,140,2,36,2,4,11,4,6,11,7,6,4,1,2,15,30
-5,28,2,41,4,0,0,3,0,0,0,5,10,0,0,2,5,140,2,36,2,4,11,3,5,10,6,5,4,0,2,15,30
8,27,1,38,4,0,0,3,0,0,0,20,10,0,0,2,5,140,2,35,2,4,13,2,5,9,6,6,4,1,2,15,0
-8,27,1,43,3,0,0,3,0,0,0,12,18,0,0,2,5,140,1,35,2,6,13,3,8,9,6,5,4,3,2,15,45
23,26,2,36,5,0,0,2,0,0,0,2,13,0,0,2,5,140,2,33,2,7,15,4,7,10,6,5,4,3,1,14,45
18,26,2,39,4,0,0,2,0,0,0,2,13,0,0,2,5,140,2,33,2,7,15,3,6,9,5,4,4,3,2,15,15
-12,26,4,34,4,0,0,2,0,0,0,2,13,0,0,2,5,140,2,32,3,7,17,5,5,9,5,4,3,3,1,14,0
23,26,6,33,3,0,0,3,0,0,0,3,12,0,0,2,5,140,2,31,5,9,18,4,4,9,5,4,3,2,1,13,45
-78,26,6,43,3,0,0,3,0,0,0,1,14,0,0,2,5,140,3,30,4,8,17,3,3,8,4,3,2,2,2,15,45
-63,26,6,45,3,0,0,2,0,0,0,14,1,0,0,2,5,140,2,30,4,8,17,2,3,7,4,3,2,1,2,16,0
27,26,6,35,4,0,0,1,0,0,0,12,3,0,0,2,5,140,3,29,3,7,17,1,2,6,3,2,1,1,2,14,15
-4,20,8,31,8,0,0,2,1,0,0,0,15,0,0,2,5,140,3,22,4,9,16,3,5,16,9,8,1,0,1,13,15
12,20,9,26,7,0,0,2,1,0,0,10,5,0,0,2,5,140,2,22,5,10,16,2,5,17,9,7,1,0,2,12,30
-1,19,9,32,7,0,1,2,1,0,0,5,10,0,0,2,5,140,3,20,5,9,14,1,4,17,9,7,1,0,1,13,30
5,15,9,28,8,0,2,3,2,0,0,18,12,0,0,2,5,140,4,15,4,8,12,4,12,19,12,11,1,1,1,12,45
57,12,7,23,10,0,2,3,1,0,0,4,26,0,0,2,5,140,3,13,3,7,11,6,12,21,14,12,1,1,1,12,0
50,11,7,21,9,0,2,4,1,0,0,12,3,0,0,2,5,140,3,12,4,6,10,8,12,20,14,12,1,1,2,11,30
32,10,7,28,9,0,2,4,1,0,0,4,11,0,0,2,5,140,3,11,4,5,9,9,13,20,14,12,1,1,1,12,45
140,10,7,8,9,0,1,4,1,0,0,3,12,0,0,2,5,140,3,11,4,5,9,8,12,19,13,11,0,1,2,10,0
-70,10,7,36,9,0,1,3,1,0,0,1,14,0,0,2,5,140,3,11,4,5,9,7,11,18,12,10,0,0,1,14,45
-1,10,7,26,9,0,1,3,1,0,0,8,7,0,0,2,5,140,4,10,4,4,9,6,13,17,11,9,0,0,2,12,30
19,8,5,25,9,0,1,2,1,0,0,2,13,0,0,2,5,140,2,10,4,4,9,6,12,16,12,10,0,0,2,12,15
34,8,5,13,9,0,1,1,1,0,0,2,13,0,0,2,5,140,2,10,4,4,9,5,11,15,11,9,0,0,2,10,30
41,8,5,19,9,0,0,2,1,0,0,0,15,0,0,2,5,140,3,9,3,3,8,4,10,15,10,9,0,0,2,11,15
24,7,4,19,9,0,0,1,2,0,0,12,3,0,0,2,5,140,3,8,2,2,7,4,9,14,10,8,0,0,2,11,15
63,7,4,17,9,0,0,1,1,0,0,11,4,0,0,2,5,140,3,8,2,2,7,3,8,13,9,7,0,0,2,11,0
43,5,4,15,9,0,0,2,1,0,0,8,7,0,0,2,5,140,3,6,0,4,6,7,10,14,10,7,0,0,2,10,45
4,4,3,17,8,0,0,2,1,0,0,13,2,0,0,2,5,140,2,6,0,4,6,6,9,13,10,7,0,0,2,11,0
95,4,3,5,7,0,0,2,1,0,0,11,4,0,0,2,5,140,2,6,0,4,6,5,9,12,9,6,0,0,3,9,45
6,3,2,23,6,0,0,2,1,0,0,8,7,0,0,2,5,140,1,6,1,4,6,4,8,11,9,6,0,0,1,12,0
10,3,3,15,5,0,0,2,1,0,0,14,1,0,0,2,5,140,1,6,3,4,6,4,7,11,8,5,0,0,2,10,45
45,3,3,11,4,0,0,2,1,0,0,12,3,0,0,2,5,140,1,6,3,5,6,4,6,11,7,5,0,0,2,10,15
78,3,3,13,3,0,0,2,1,0,0,10,5,0,0,2,5,140,1,6,4,5,6,3,5,10,6,5,0,0,2,10,30
8,2,2,30,3,0,1,2,2,0,0,1,14,0,0,2,5,140,3,3,1,3,3,4,5,12,6,6,0,0,1,13,0
27,1,1,11,3,0,1,2,1,0,0,13,2,0,0,2,5,140,2,3,2,3,3,3,5,11,6,6,0,0,2,10,15
13,1,1,21,2,0,1,2,2,0,0,9,6,0,0,2,5,140,3,2,1,2,2,2,5,10,5,5,0,0,2,11,30
41,1,1,5,1,0,1,2,2,0,0,11,4,0,0,2,5,140,2,2,1,2,2,2,4,9,5,4,0,0,3,9,45
-27,0,0,8,2,0,0,2,2,0,0,2,13,0,0,2,5,140,1,1,1,1,1,3,6,8,6,5,0,0,2,10,0
-38,0,0,8,2,0,0,2,2,0,0,0,16,0,0,2,5,140,1,0,0,0,0,3,7,7,6,6,0,0,2,10,0
44,0,0,5,2,0,0,1,2,0,0,0,20,0,0,2,5,140,1,0,0,0,0,3,6,6,5,5,0,0,3,9,45
-23,0,0,0,1,0,0,1,2,0,0,0,39,0,1,2,5,140,0,0,0,0,0,4,5,5,5,5,0,0,2,9,0
29,0,0,2,1,0,0,1,1,0,0,0,47,0,0,2,5,140,0,0,0,0,0,4,4,4,4,4,0,0,1,9,15
4,0,0,2,1,0,0,1,0,0,0,0,57,0,0,2,5,140,0,0,0,0,0,3,3,3,3,3,0,0,1,9,15
25,0,0,4,1,0,0,0,0,0,0,0,69,0,0,2,5,140,0,0,0,0,0,2,2,2,2,2,0,0,3,9,30
-7,0,0,0,0,0,0,0,0,0,0,0,71,0,1,2,5,140,0,0,0,0,0,1,1,1,1,1,0,0,2,9,0
7,37,6,67,3,0,0,2,0,0,0,4,11,0,0,6,5,137,2,64,3,9,18,3,5,13,4,1,11,2,2,17,45
10,37,7,68,3,0,0,2,0,0,0,7,8,1,0,6,5,137,3,63,4,9,19,2,5,12,3,1,10,1,2,18,0
14,35,6,65,3,0,0,3,0,0,0,6,9,0,0,6,5,137,2,61,5,9,18,3,7,11,5,3,10,0,1,17,30
-12,33,6,63,5,0,1,3,0,0,0,1,14,0,0,6,5,137,2,57,4,8,15,3,9,15,8,5,10,1,2,17,15
7,32,6,61,5,0,1,3,0,0,0,10,5,0,0,6,5,137,2,56,4,9,15,3,8,15,8,5,10,1,2,17,0
13,31,5,58,6,0,1,3,0,0,0,13,2,0,0,6,5,137,3,54,2,9,14,5,8,16,8,4,10,2,2,16,45
-11,30,4,61,5,0,1,4,0,0,0,1,14,0,0,6,5,137,3,53,4,9,15,6,7,17,8,3,10,2,2,17,0
36,29,4,58,4,0,1,4,1,0,0,9,6,0,0,6,5,137,3,52,5,8,14,5,6,17,8,2,10,2,2,16,45
9,29,4,55,3,0,1,4,1,0,0,8,7,0,0,6,5,137,3,52,5,8,14,5,5,16,7,1,10,2,3,16,30
24,28,3,63,3,0,1,3,1,0,0,4,11,0,0,6,5,137,2,52,7,9,14,4,5,16,7,1,10,2,2,17,15
22,28,3,52,2,0,1,3,1,0,0,8,7,0,0,6,5,137,2,52,8,9,15,3,7,16,6,1,10,2,1,16,0
7,28,3,58,3,0,1,2,1,0,0,5,10,0,0,6,5,137,3,51,7,8,15,2,6,15,5,1,9,2,2,16,45
10,26,1,55,4,0,1,4,1,0,0,9,6,0,0,6,5,137,5,47,3,6,11,1,7,16,6,3,8,1,3,16,30
-28,25,1,52,7,0,1,4,1,0,0,5,10,0,0,6,5,137,5,43,3,5,13,6,12,16,9,4,8,3,1,16,0
2,25,1,50,7,0,1,4,0,0,0,2,13,0,0,6,5,137,5,43,3,6,13,6,12,15,8,3,8,3,2,15,45
29,25,2,50,6,0,1,4,0,0,0,1,14,0,0,6,5,137,5,43,3,6,13,5,11,15,7,2,8,3,2,15,45
-13,25,2,65,6,0,1,3,0,0,0,0,15,0,0,6,5,137,5,43,3,6,13,4,10,14,6,2,8,3,1,17,30
28,25,3,43,5,0,1,3,0,0,0,4,11,0,0,6,5,137,3,43,4,7,16,4,9,13,7,3,8,3,1,14,45
50,25,3,46,6,0,1,2,0,0,0,1,14,0,0,6,5,137,4,42,4,6,15,5,8,14,6,3,8,3,2,15,15
-36,25,4,48,7,0,0,2,0,0,1,4,11,0,0,6,5,137,5,40,2,4,15,6,9,15,6,3,7,3,2,15,30
-9,25,4,46,7,0,0,1,0,0,1,14,1,0,0,6,5,137,5,40,3,5,15,6,8,15,5,2,7,2,2,15,15
-203,24,3,68,6,0,0,2,0,0,1,4,11,1,0,6,5,137,4,39,3,5,15,5,7,15,6,3,6,2,2,18,0
-5,24,4,45,6,0,0,2,0,0,1,2,13,0,0,6,5,137,5,38,2,4,14,4,6,14,5,3,6,1,2,15,0
11,24,5,48,5,0,0,2,0,0,1,41,4,0,0,6,5,137,4,38,2,6,18,4,5,14,5,4,6,1,2,15,30
-114,24,5,54,5,0,0,2,0,0,0,38,7,0,0,6,5,137,4,38,2,6,18,4,5,15,4,3,5,2,3,16,15
-63,24,5,55,4,0,0,2,0,0,0,34,11,0,0,6,5,137,3,38,2,8,18,3,4,14,4,2,5,1,3,16,30
13,21,6,40,4,0,0,3,0,0,0,15,30,0,0,6,5,137,2,36,4,9,20,2,6,13,6,3,5,1,2,14,15
-26,21,7,41,3,0,0,3,0,0,0,9,36,0,0,6,5,137,2,36,4,10,21,2,7,13,5,2,5,2,2,14,30
-14,19,9,41,6,0,0,2,1,0,0,10,5,0,0,6,5,137,2,32,5,12,18,4,9,20,8,4,4,2,2,14,30
-73,19,10,43,7,0,0,2,1,0,0,1,14,0,0,6,5,137,4,30,5,11,16,6,10,23,7,3,4,1,1,14,45
-6,16,8,33,9,0,0,2,1,0,0,3,12,0,0,6,5,137,3,27,3,10,16,6,9,23,10,3,4,1,1,13,0
46,15,7,33,9,0,0,1,1,0,0,1,14,0,0,6,5,137,2,27,3,11,16,5,8,22,10,3,4,1,1,13,0
-4,14,8,38,9,0,0,1,1,0,0,10,5,0,0,6,5,137,2,26,6,11,16,6,8,21,10,3,3,2,1,13,30
15,14,8,33,8,0,0,1,1,0,0,9,6,0,0,6,5,137,2,26,6,11,16,5,7,20,9,3,3,1,1,13,0
35,13,8,26,7,0,1,1,1,0,0,3,12,0,0,6,5,137,2,25,5,10,16,5,8,19,9,2,3,2,2,12,15
211,13,8,3,7,0,1,1,1,0,0,10,5,0,0,6,5,137,3,24,6,9,16,4,8,19,8,2,3,2,2,9,30
3,10,5,37,8,0,2,1,1,0,0,12,3,0,0,6,5,137,3,21,6,7,15,4,12,19,10,4,3,2,2,13,15
17,10,5,30,8,0,2,1,1,0,0,10,5,0,0,6,5,137,4,20,5,6,14,3,12,18,9,3,3,2,1,12,30
31,10,5,38,7,0,2,1,1,0,0,9,6,0,0,6,5,137,4,20,5,6,14,2,11,17,8,3,3,2,1,13,30
16,7,4,32,11,0,2,1,0,0,0,0,15,0,0,6,5,137,3,16,1,6,12,9,14,20,12,5,2,3,4,12,45
28,6,3,26,10,0,2,2,0,0,0,9,6,0,0,6,5,137,3,15,1,5,11,9,13,20,12,5,2,2,2,12,15
54,5,2,33,10,0,2,1,0,0,0,8,7,0,0,6,5,137,2,15,1,5,12,8,12,19,12,5,1,2,1,13,0
-13,5,2,26,9,0,2,1,0,0,0,14,1,0,0,6,5,137,1,15,2,6,13,11,11,19,12,6,1,1,2,12,15
1,5,3,26,9,0,1,1,0,0,0,8,7,0,0,6,5,137,1,15,3,7,13,10,11,18,11,6,1,1,2,12,15
1,5,3,20,8,0,1,1,0,0,0,4,11,0,0,6,5,137,1,15,4,8,13,9,11,17,10,6,1,1,4,11,45
25,5,3,22,7,0,1,1,0,0,0,4,11,0,0,6,5,137,1,15,4,8,13,8,10,16,9,5,1,1,4,12,0
7,5,3,30,6,0,1,1,0,0,0,3,12,0,0,6,5,137,1,15,4,8,13,7,9,15,8,4,1,1,1,12,30
-9,5,3,20,5,0,1,1,0,0,0,0,15,0,0,6,5,137,1,15,5,9,14,6,8,14,7,4,1,1,4,11,45
25,5,4,18,5,0,1,1,0,0,0,10,5,0,0,6,5,137,2,14,4,8,13,5,7,14,6,3,1,1,2,11,30
12,5,4,22,4,0,1,1,0,0,0,5,10,0,0,6,5,137,1,14,5,8,13,4,6,14,6,2,1,1,4,12,0
28,5,4,16,3,0,1,1,0,0,0,3,12,0,0,6,5,137,1,14,5,8,13,3,5,13,5,1,1,1,2,11,15
8,5,4,22,3,0,0,1,0,0,0,2,13,0,0,6,5,137,1,14,5,8,13,2,4,12,4,1,0,1,4,12,0
-8,4,3,22,2,0,0,1,0,0,0,1,14,0,0,6,5,137,0,14,5,8,13,1,3,11,4,1,0,0,4,12,0
-11,3,3,14,5,0,1,2,0,0,0,10,5,0,0,6,5,137,3,8,3,6,8,4,8,15,6,1,0,0,2,11,0
23,2,2,16,5,0,1,2,0,0,0,7,8,0,0,6,5,137,2,7,2,5,7,4,7,14,7,3,0,0,2,11,15
47,1,1,9,5,0,1,2,0,0,0,0,15,0,0,6,5,137,1,6,4,5,6,6,8,15,8,4,0,0,1,10,15
-24,1,1,18,5,0,1,2,0,0,0,11,4,0,0,6,5,137,1,5,3,5,5,5,8,14,8,4,0,0,2,11,30
-38,1,1,14,4,0,1,2,0,0,0,7,8,0,0,6,5,137,1,5,3,5,5,4,8,13,7,4,0,0,2,11,0
-15,1,1,12,4,0,1,2,0,0,0,2,13,0,0,6,5,137,2,4,2,4,4,3,7,12,6,3,0,0,2,10,45
9,1,1,9,4,0,0,2,0,0,0,12,3,0,0,6,5,137,2,4,3,4,4,2,6,11,5,2,0,0,1,10,15
16,1,1,11,5,0,0,2,0,0,0,5,10,0,0,6,5,137,3,2,1,2,2,3,5,10,5,1,0,0,2,10,30
-3,0,0,7,5,0,0,2,0,0,0,10,5,0,0,6,5,137,1,1,1,1,1,4,8,9,7,4,0,0,2,10,0
-5,0,0,2,4,0,0,2,0,0,0,9,6,0,0,6,5,137,0,1,1,1,1,3,8,8,7,4,0,0,2,9,15
25,0,0,5,3,0,0,2,0,0,0,0,15,0,0,6,5,137,0,1,1,1,1,4,7,7,6,4,0,0,2,9,45
-26,0,0,7,4,0,0,1,0,0,0,0,5,0,0,6,5,137,1,0,0,0,0,4,6,6,5,3,0,0,2,10,0
-10,0,0,5,3,0,0,1,0,0,0,0,26,0,0,6,5,137,0,0,0,0,0,5,5,5,5,3,0,0,2,9,45
-43,0,0,12,3,0,0,0,0,0,0,0,30,0,0,6,5,137,0,0,0,0,0,4,4,4,4,3,0,0,2,10,45
-6,0,0,3,2,0,0,0,0,0,0,0,31,0,0,6,5,137,0,0,0,0,0,3,3,3,3,3,0,0,2,9,30
-12,0,0,0,1,0,0,0,0,0,0,0,38,0,1,6,5,137,0,0,0,0,0,2,2,2,2,2,0,0,1,9,0
26,0,0,0,0,0,0,0,0,0,0,0,51,0,1,6,5,137,0,0,0,0,0,1,1,1,1,1,0,0,1,9,0
29,29,3,61,1,0,0,0,1,0,0,1,0,1,0,5,5,136,1,60,2,5,15,2,4,11,2,1,6,0,2,17,45
31,29,3,59,0,0,0,0,1,0,0,9,6,0,0,5,5,136,1,60,2,7,15,1,5,11,1,1,6,0,2,17,30
-14,28,4,59,1,0,0,0,1,0,0,8,7,0,0,5,5,136,0,58,5,9,16,4,5,11,3,1,6,1,2,17,30
-16,27,3,61,2,0,1,0,0,0,0,12,3,1,0,5,5,136,1,56,5,8,17,3,4,11,3,1,6,1,2,17,45
15,26,2,56,2,0,1,1,0,0,0,14,1,0,0,5,5,136,2,54,3,9,17,2,7,13,3,2,6,2,2,17,0
29,26,2,50,2,0,0,1,0,0,0,12,3,0,0,5,5,136,2,54,4,9,17,1,6,12,2,2,6,2,2,16,30
6,24,1,50,4,0,1,1,0,0,0,10,5,0,0,5,5,136,1,50,5,8,16,6,7,14,6,3,5,3,2,16,30
-24,24,3,54,6,0,0,2,0,0,0,8,7,0,0,5,5,136,2,47,4,8,13,6,9,15,7,4,5,2,1,16,45
8,24,3,54,5,0,0,2,0,0,0,7,8,0,0,5,5,136,2,47,4,8,13,5,8,15,6,3,4,2,1,16,45
-17,24,3,50,5,0,0,2,0,0,0,5,10,0,0,5,5,136,3,46,4,7,12,4,7,14,5,2,4,1,2,16,30
-42,24,3,57,4,0,0,2,0,0,0,4,11,0,0,5,5,136,3,46,4,7,12,3,7,14,4,2,4,1,2,17,15
-4,24,3,46,4,0,0,2,0,0,0,12,3,0,0,5,5,136,3,45,3,8,11,2,6,14,4,2,3,1,1,16,0
-31,24,3,49,5,0,0,1,0,0,1,14,1,0,0,5,5,136,3,43,4,7,11,2,6,15,5,2,3,0,4,16,15
-12,23,2,42,6,0,1,2,0,0,0,4,11,0,0,5,5,136,4,40,3,6,11,4,8,15,6,4,3,1,2,15,30
-10,22,2,44,5,0,2,2,0,0,0,11,4,0,0,5,5,136,4,39,4,5,12,4,8,15,6,3,3,1,3,15,45
22,22,2,46,4,0,2,2,0,0,0,11,4,0,0,5,5,136,3,39,4,5,12,3,7,14,6,4,3,1,1,16,0
-7,21,1,46,3,0,2,2,0,0,0,4,11,0,0,5,5,136,2,39,5,5,12,3,8,13,6,4,3,1,1,16,0
-51,21,1,50,4,0,2,2,0,0,1,0,15,0,0,5,5,136,3,36,2,4,10,4,9,14,7,4,3,1,2,16,30
8,21,2,34,5,0,1,2,0,0,1,10,5,0,0,5,5,136,3,35,1,3,11,4,9,14,7,4,3,1,3,14,45
-30,21,3,40,6,0,0,2,0,0,1,55,5,0,0,5,5,136,3,34,1,5,12,6,9,15,7,4,3,1,2,15,15
-4,21,4,37,6,0,0,1,0,0,1,52,8,0,0,5,5,136,3,34,1,5,12,5,8,14,6,3,2,1,2,15,0
13,20,3,40,5,0,0,1,0,0,1,43,17,0,0,5,5,136,1,34,2,7,14,6,8,14,7,3,2,0,2,15,15
-73,20,4,44,5,0,0,1,0,0,0,37,23,0,0,5,5,136,1,34,3,7,15,5,7,13,6,2,2,0,3,15,45
-16,20,4,34,4,0,0,1,0,0,0,34,26,0,0,5,5,136,1,34,3,7,15,4,6,13,5,2,2,0,3,14,45
-10,20,4,33,3,0,0,1,0,0,0,31,29,0,0,5,5,136,1,34,3,8,15,3,6,12,4,1,2,1,3,14,30
3,20,5,37,4,0,0,1,0,0,0,18,42,0,0,5,5,136,2,32,3,6,16,3,6,12,4,1,2,1,2,15,0
-84,20,5,42,3,0,0,1,0,0,0,15,45,0,0,5,5,136,2,32,4,6,16,3,5,13,3,1,2,1,2,15,30
89,18,5,25,4,0,0,1,0,0,0,11,4,0,0,5,5,136,2,30,4,8,14,3,7,15,4,2,2,1,2,12,30
7,17,4,31,3,0,0,2,0,0,0,2,13,0,0,5,5,136,1,29,3,7,15,3,6,15,5,3,2,1,1,13,15
-115,16,6,37,5,0,0,1,0,0,1,2,13,0,0,5,5,136,3,26,3,7,15,5,7,17,5,2,1,1,2,15,0
26,15,5,29,4,0,0,1,0,0,1,9,6,0,0,5,5,136,2,26,4,9,15,4,6,17,5,1,1,0,1,13,0
-96,15,6,32,5,0,0,1,0,0,0,12,3,0,0,5,5,136,1,25,5,9,15,4,8,16,6,3,1,0,1,14,15
-11,15,6,27,5,0,0,1,0,0,0,8,7,0,0,5,5,136,2,24,5,8,14,3,7,17,5,2,1,0,2,12,45
10,15,6,29,4,0,0,1,0,0,0,7,8,0,0,5,5,136,2,24,5,8,14,2,6,16,4,1,1,0,1,13,0
14,12,5,21,5,0,1,2,0,0,0,14,1,0,0,5,5,136,2,20,4,7,13,5,9,17,7,3,1,0,2,12,0
-68,12,5,34,6,0,1,1,0,0,0,7,8,0,0,5,5,136,3,19,3,8,12,5,10,16,6,3,1,0,3,14,45
62,10,4,14,7,0,1,1,0,0,0,7,8,0,0,5,5,136,2,17,3,6,13,7,11,15,8,5,1,1,2,11,0
12,10,4,27,7,0,1,1,0,0,0,1,14,0,0,5,5,136,3,16,3,6,13,6,10,15,7,4,1,1,2,12,45
15,10,4,21,6,0,1,1,0,0,0,0,15,0,0,5,5,136,3,16,3,6,13,5,9,14,6,4,1,1,2,12,0
25,9,4,23,5,0,1,1,0,0,0,7,8,0,0,5,5,136,1,16,5,6,14,6,10,13,7,5,1,1,2,12,15
-26,9,4,25,5,0,1,0,0,0,0,6,9,0,0,5,5,136,1,16,5,6,14,5,9,12,6,5,1,1,2,12,30
19,8,4,18,4,0,1,0,0,0,0,12,3,0,0,5,5,136,0,16,5,7,14,6,10,13,6,5,1,1,1,11,30
-17,8,4,20,3,0,1,0,0,0,0,10,5,0,0,5,5,136,0,16,5,7,14,5,9,12,5,5,1,1,2,11,45
3,7,4,16,6,0,1,1,0,0,0,10,5,0,0,5,5,136,3,11,1,4,10,5,8,12,6,5,1,1,2,11,15
-36,7,4,23,5,0,1,1,0,0,0,9,6,0,0,5,5,136,3,11,1,4,10,5,7,11,5,4,1,1,2,12,15
92,6,4,7,5,0,0,1,0,0,0,4,11,0,0,5,5,136,2,11,2,4,11,4,6,11,5,3,0,1,2,10,15
14,6,5,16,4,0,0,1,0,0,0,1,14,0,0,5,5,136,2,11,2,5,11,5,5,10,4,2,0,0,2,11,15
-4,5,4,14,4,0,0,1,0,0,0,11,4,0,0,5,5,136,1,10,3,8,10,4,5,14,5,2,0,0,2,11,0
30,5,4,10,3,0,0,1,0,0,0,10,5,0,0,5,5,136,1,10,3,8,10,3,4,13,4,2,0,0,2,10,30
-10,5,4,12,3,0,0,1,0,0,0,2,13,0,0,5,5,136,2,9,3,7,9,2,3,13,3,1,0,0,2,10,45
20,5,4,10,2,0,0,1,0,0,0,1,14,0,0,5,5,136,2,9,3,7,9,1,2,12,2,1,0,0,2,10,30
-42,1,1,7,5,0,1,1,0,0,0,3,12,0,0,5,5,136,2,4,3,4,4,4,8,12,6,4,0,0,2,10,15
-49,1,1,7,7,0,0,1,0,0,0,0,15,0,0,5,5,136,1,2,2,2,2,4,10,11,8,4,0,0,2,10,15
-118,0,0,18,6,0,0,1,0,0,0,12,3,0,0,5,5,136,0,2,2,2,2,5,10,10,8,4,0,0,1,11,30
-27,0,0,4,5,0,0,1,0,0,0,6,9,0,0,5,5,136,0,2,2,2,2,5,9,9,7,4,0,0,1,9,45
29,0,0,6,4,0,1,1,0,0,0,0,7,0,0,5,5,136,0,1,1,1,1,6,8,8,7,4,0,0,3,10,0
59,0,0,2,3,0,1,1,0,0,1,0,15,0,0,5,5,136,1,0,0,0,0,6,7,7,6,3,0,0,1,9,15
48,0,0,0,2,0,1,1,0,0,1,0,18,0,1,5,5,136,1,0,0,0,0,6,6,6,5,2,0,0,1,9,0
-497,0,0,57,2,0,0,1,0,0,1,0,20,0,0,5,5,136,1,0,0,0,0,5,5,5,4,2,0,0,2,17,15
21,0,0,3,1,0,0,1,0,0,1,0,28,0,0,5,5,136,0,0,0,0,0,4,4,4,4,1,0,0,2,9,30
-131,0,0,12,1,0,0,1,0,0,0,0,29,0,0,5,5,136,0,0,0,0,0,3,3,3,3,0,0,0,2,10,45
13,0,0,0,0,0,0,1,0,0,0,0,39,0,1,5,5,136,0,0,0,0,0,2,2,2,2,0,0,0,1,9,0
23,0,0,4,0,0,0,0,0,0,0,0,45,0,0,5,5,136,0,0,0,0,0,1,1,1,1,0,0,0,1,9,45
34,34,7,59,1,0,0,0,0,0,0,19,0,0,0,4,5,135,1,59,3,7,15,2,2,5,1,1,5,2,1,18,0
4,32,7,60,2,0,0,0,0,0,0,8,7,1,0,4,5,135,1,57,4,7,15,1,1,6,2,2,4,1,2,18,15
48,24,4,49,5,0,1,4,0,0,0,12,3,0,0,4,5,135,2,48,5,8,13,3,6,19,9,4,4,0,4,17,0
23,24,4,52,5,0,1,3,0,0,0,11,4,0,0,4,5,135,2,48,5,9,13,2,5,18,8,4,4,0,2,17,15
31,24,4,56,4,0,1,3,0,0,0,8,7,0,0,4,5,135,2,48,5,9,13,2,4,17,7,3,4,0,1,17,30
35,22,3,49,7,0,1,4,0,0,0,10,5,0,0,4,5,135,4,43,4,7,9,3,10,19,9,5,4,1,4,17,0
3,21,3,52,7,0,0,4,0,0,0,14,1,0,0,4,5,135,3,43,4,8,10,3,12,18,9,4,4,1,2,17,15
33,20,3,52,8,0,1,3,0,0,0,3,12,0,0,4,5,135,3,41,4,6,10,4,12,17,10,5,4,1,2,17,15
77,20,3,39,9,0,2,2,0,0,0,3,12,0,0,4,5,135,2,39,3,4,10,10,13,19,12,5,3,1,2,15,45
8,20,3,52,9,0,2,2,0,0,0,8,7,0,0,4,5,135,3,38,3,3,10,9,15,18,11,5,3,0,2,17,15
-43,19,2,47,9,0,2,2,0,0,0,4,11,0,0,4,5,135,3,37,2,2,10,9,14,17,11,5,3,0,3,16,45
27,19,2,39,8,0,2,2,0,0,0,2,13,0,0,4,5,135,3,37,2,2,11,9,13,16,10,5,3,0,2,15,45
-12,19,2,42,7,0,2,2,0,0,0,1,14,0,0,4,5,135,2,37,2,2,11,8,12,15,10,6,3,0,2,16,0
-18,19,2,44,7,0,1,2,0,0,0,1,14,0,0,4,5,135,2,37,2,2,11,7,11,14,9,5,3,0,1,16,15
-27,19,2,46,7,0,1,2,0,0,0,10,5,0,0,4,5,135,3,36,1,2,10,7,10,13,8,5,3,0,2,16,30
22,19,2,35,6,0,1,2,0,0,0,8,7,0,0,4,5,135,3,36,1,2,11,6,9,12,7,4,3,0,2,15,15
69,19,2,37,5,0,1,2,0,0,0,6,9,0,0,4,5,135,3,36,1,2,11,5,8,11,6,4,3,0,3,15,30
-9,19,2,47,5,0,1,1,0,0,0,4,11,0,0,4,5,135,3,36,1,2,11,4,7,10,5,3,3,0,3,16,45
10,17,0,44,5,0,1,1,0,0,0,7,8,0,0,4,5,135,1,35,0,4,12,6,6,9,7,3,3,0,1,16,15
53,17,0,37,4,0,1,1,0,0,0,3,12,0,0,4,5,135,1,35,0,4,12,5,5,8,6,3,3,0,3,15,30
9,17,0,34,3,0,1,1,0,0,0,13,2,0,0,4,5,135,1,35,1,4,12,4,5,7,5,3,3,0,2,15,0
43,17,0,56,2,0,1,1,0,0,0,14,1,0,0,4,5,135,1,35,2,6,13,3,6,8,4,2,3,1,1,17,30
4,17,0,35,1,0,1,1,0,0,0,13,2,0,0,4,5,135,1,35,2,6,13,2,5,7,3,1,3,1,2,15,15
-151,17,1,58,1,0,0,1,0,0,0,10,5,0,0,4,5,135,1,35,3,7,13,1,4,6,2,1,3,1,1,17,45
-13,17,5,39,2,0,1,1,0,0,1,32,13,0,0,4,5,135,4,31,5,8,14,3,3,12,2,1,3,1,2,15,45
-14,17,5,29,4,0,1,1,0,0,0,19,26,0,0,4,5,135,3,29,4,6,13,2,2,12,4,3,3,1,1,14,15
-20,17,6,29,4,0,0,1,0,0,0,19,26,0,0,4,5,135,3,29,4,6,13,1,2,11,3,2,2,1,1,14,15
-25,11,4,32,8,0,1,1,0,0,0,4,11,0,0,4,5,135,1,23,3,7,14,8,10,17,10,6,2,1,1,14,45
25,11,4,27,7,0,1,1,0,0,0,1,14,0,0,4,5,135,1,23,4,8,14,7,9,17,9,6,2,1,1,13,15
-119,11,5,42,6,0,1,1,0,0,1,8,7,0,0,4,5,135,2,22,4,7,14,7,9,17,8,6,2,1,2,16,0
74,11,5,19,6,0,0,1,0,0,1,7,8,0,0,4,5,135,2,22,4,7,14,6,8,16,7,5,1,1,1,12,15
-22,11,5,28,6,0,0,1,0,0,1,14,1,0,0,4,5,135,2,21,4,6,14,5,7,16,7,4,1,0,2,13,30
5,11,5,25,5,0,0,1,0,0,1,13,2,0,0,4,5,135,2,21,4,6,14,4,6,15,6,3,1,0,1,13,0
-51,11,5,31,5,0,0,1,0,0,1,12,3,0,0,4,5,135,3,20,4,5,13,3,5,14,5,3,1,0,2,14,30
28,11,5,23,4,0,0,1,0,0,1,11,4,0,0,4,5,135,2,20,4,5,13,2,4,13,5,2,1,0,2,12,45
28,10,5,25,3,0,0,2,0,0,1,0,15,0,0,4,5,135,2,19,4,6,12,2,4,13,5,2,1,0,1,13,0
-139,8,4,32,4,0,0,3,1,0,0,6,9,0,0,4,5,135,2,16,2,7,12,3,8,14,7,4,1,1,1,14,45
0,6,3,19,4,0,0,3,1,0,0,9,6,0,0,4,5,135,1,15,3,7,13,3,8,13,8,6,1,1,1,12,15
19,6,4,22,3,0,0,3,1,0,0,10,5,0,0,4,5,135,1,15,5,8,14,4,9,14,7,5,1,1,2,12,30
44,5,3,12,6,0,0,3,0,0,0,10,5,0,0,4,5,135,2,12,4,6,12,6,11,15,8,5,1,1,2,11,0
4,5,3,19,5,0,0,3,0,0,0,7,8,0,0,4,5,135,2,12,4,6,12,6,10,14,7,4,1,1,1,12,15
-9,5,3,23,5,0,0,2,0,0,0,4,11,0,0,4,5,135,2,12,5,7,12,5,9,13,6,3,1,1,2,12,45
19,4,3,15,5,0,1,2,0,0,0,10,5,0,0,4,5,135,2,10,3,6,10,5,8,12,7,4,0,1,2,11,30
76,4,3,10,5,0,1,1,0,0,0,8,7,0,0,4,5,135,2,10,3,6,10,5,7,11,6,3,0,0,1,10,45
-3,3,2,18,6,0,1,0,0,0,0,3,12,0,0,4,5,135,2,9,2,6,9,4,6,11,6,2,0,0,3,12,0
-374,3,2,49,5,0,1,0,1,0,0,8,7,0,0,4,5,135,2,8,2,6,8,5,5,11,6,2,0,0,4,17,0
2,3,2,13,4,0,1,0,1,0,1,2,13,0,0,4,5,135,3,7,2,5,7,4,6,11,5,1,0,0,1,11,15
-23,2,2,16,3,0,1,0,1,0,1,9,6,0,0,4,5,135,2,7,3,6,7,3,5,12,5,1,0,0,1,11,45
56,2,2,6,3,0,1,0,1,0,1,12,3,0,0,4,5,135,2,6,4,5,6,2,6,12,5,2,0,0,1,10,0
19,2,2,8,3,0,0,0,1,0,1,12,3,0,0,4,5,135,2,6,4,5,6,1,5,11,4,2,0,0,2,10,30
0,1,1,8,3,0,1,1,2,0,1,7,8,0,0,4,5,135,2,2,2,2,2,4,6,11,7,5,0,0,2,10,30
-50,1,1,16,2,0,1,1,2,0,1,3,12,0,0,4,5,135,2,2,2,2,2,3,6,10,6,5,0,0,1,11,45
-58,0,0,13,3,0,1,1,1,0,1,8,7,0,0,4,5,135,2,1,1,1,1,2,7,9,6,5,0,0,1,11,15
-2,0,0,5,3,0,0,1,1,0,1,6,9,0,0,4,5,135,2,1,1,1,1,2,6,8,5,4,0,0,1,9,45
-52,0,0,10,3,0,0,1,1,0,1,0,8,0,0,4,5,135,1,0,0,0,0,5,7,7,6,6,0,0,1,10,45
-18,0,0,7,3,0,0,1,1,0,0,0,14,0,0,4,5,135,0,0,0,0,0,5,6,6,6,5,0,0,2,10,15
-7,0,0,2,2,0,0,1,1,0,0,0,25,0,0,4,5,135,0,0,0,0,0,4,5,5,5,4,0,0,1,9,15
28,0,0,0,2,0,0,1,0,0,0,0,30,0,1,4,5,135,0,0,0,0,0,4,4,4,4,3,0,0,2,9,0
-9,0,0,0,1,0,0,1,0,0,0,0,32,0,1,4,5,135,0,0,0,0,0,3,3,3,3,2,0,0,2,9,0
-10,0,0,4,1,0,0,0,0,0,0,0,40,0,0,4,5,135,0,0,0,0,0,2,2,2,2,2,0,0,1,9,30
47,0,0,2,0,0,0,0,0,0,0,0,57,0,0,4,5,135,0,0,0,0,0,1,1,1,1,1,0,0,1,9,15
27,22,1,56,1,0,0,1,2,0,0,12,3,0,0,3,5,134,1,56,2,5,12,4,5,8,4,3,7,2,2,17,30
-3,22,2,58,1,0,0,1,1,0,0,2,13,0,0,3,5,134,1,56,2,6,14,3,5,7,3,3,6,2,1,17,45
-28,21,1,60,0,0,0,1,1,0,0,2,13,1,0,3,5,134,0,55,4,9,15,3,4,14,3,2,6,1,2,18,0
30,21,1,56,0,0,1,0,1,0,0,0,15,0,0,3,5,134,1,55,4,8,15,2,3,13,2,1,6,1,2,17,30
-15,21,2,54,2,0,0,0,1,0,0,12,3,0,0,3,5,134,2,53,3,8,15,2,4,12,2,1,5,1,2,17,15
16,21,2,52,4,0,0,0,0,0,0,10,5,0,0,3,5,134,3,50,6,7,15,1,3,14,2,0,5,0,2,17,0
-34,19,2,54,5,0,2,2,0,0,0,7,8,0,0,3,5,134,2,45,1,6,12,2,10,16,8,4,5,2,2,17,15
3,19,2,46,4,0,2,2,0,0,0,4,11,0,0,3,5,134,2,45,3,6,12,1,9,16,7,4,5,2,2,16,15
-106,18,3,58,5,0,2,3,0,0,0,0,15,0,0,3,5,134,2,42,4,7,13,8,11,17,9,7,4,2,1,17,45
23,18,3,40,5,0,1,3,0,0,0,12,3,0,0,3,5,134,1,42,4,7,13,7,10,16,9,8,4,1,2,15,30
-36,18,3,50,5,0,1,2,0,0,0,12,3,0,0,3,5,134,1,42,4,7,13,6,9,15,8,7,3,1,2,16,45
-17,18,3,48,4,0,1,2,0,0,0,10,5,0,0,3,5,134,1,42,4,7,13,5,9,14,7,6,3,0,2,16,30
-29,18,3,48,5,0,1,1,0,0,0,7,8,0,0,3,5,134,2,41,4,7,12,4,9,14,6,6,3,0,2,16,30
-25,18,3,44,4,0,1,1,0,0,0,6,9,0,0,3,5,134,2,41,4,7,12,3,8,13,5,5,3,0,2,16,0
-20,18,3,46,4,0,0,1,0,0,0,5,10,0,0,3,5,134,2,41,4,7,12,2,7,12,4,4,3,0,2,16,15
-25,18,3,44,3,0,0,1,0,0,0,3,12,0,0,3,5,134,1,41,4,7,12,1,6,11,4,4,3,0,2,16,0
-41,16,4,42,5,0,0,2,0,0,1,0,15,0,0,3,5,134,2,36,2,6,12,6,9,13,7,4,3,2,2,15,45
-34,16,4,38,4,0,0,2,0,0,1,13,2,0,0,3,5,134,1,36,2,6,12,5,8,12,7,4,3,2,2,15,15
-32,16,4,42,3,0,0,2,0,0,1,12,3,0,0,3,5,134,1,36,2,6,12,4,7,11,6,4,3,2,2,15,45
20,15,3,37,4,0,0,1,0,0,1,40,5,0,0,3,5,134,1,35,3,6,13,4,6,13,6,3,3,2,2,15,0
-2,15,3,34,4,0,0,1,0,0,1,38,7,0,0,3,5,134,2,34,4,5,12,3,5,12,5,2,3,2,2,14,30
0,15,3,35,4,0,0,1,0,0,0,31,14,0,0,3,5,134,2,34,4,5,12,4,5,11,4,1,3,2,1,14,45
18,13,2,35,4,0,0,1,0,0,0,21,24,0,0,3,5,134,1,33,4,6,15,3,4,10,5,1,3,2,1,14,45
-106,12,2,40,5,0,1,1,0,0,0,5,40,0,0,3,5,134,2,30,1,5,14,3,6,10,6,2,2,2,2,15,30
-132,12,2,50,5,0,1,0,0,0,0,5,40,0,0,3,5,134,2,30,1,5,14,2,5,9,5,1,1,1,2,16,45
3,12,4,33,5,0,1,0,0,0,0,7,8,0,0,3,5,134,1,29,4,7,14,3,7,16,6,2,1,0,1,14,15
74,11,6,27,6,0,1,0,0,0,0,13,2,0,0,3,5,134,2,27,5,9,14,5,6,16,6,2,1,0,2,12,45
41,11,6,29,6,0,1,0,0,0,0,10,5,0,0,3,5,134,3,26,4,9,14,5,6,16,5,2,1,0,1,13,0
-8,10,5,32,6,0,0,1,0,0,0,7,8,0,0,3,5,134,2,25,3,8,13,4,5,15,6,3,1,0,1,13,30
36,9,4,31,7,0,0,1,0,0,0,7,8,0,0,3,5,134,2,23,4,7,13,3,9,16,7,4,1,0,1,13,15
-217,9,4,52,7,0,0,1,0,0,0,5,10,0,0,3,5,134,3,22,4,7,12,2,9,15,6,3,1,0,2,17,0
26,8,3,25,6,0,0,1,0,0,0,13,2,0,0,3,5,134,2,22,4,7,14,1,9,14,6,2,1,0,2,12,30
-34,5,0,29,9,0,0,1,0,0,0,13,2,0,0,3,5,134,2,18,3,5,14,8,10,19,9,3,1,0,1,13,0
35,5,0,20,11,0,0,0,0,0,0,4,11,0,0,3,5,134,2,16,1,5,12,8,11,19,10,4,1,0,1,11,45
32,5,0,22,10,0,0,0,0,0,0,4,11,0,0,3,5,134,2,16,1,5,12,7,10,18,9,4,1,0,2,12,0
67,5,0,15,9,0,0,0,0,0,0,1,14,0,0,3,5,134,2,16,2,5,13,6,9,17,8,3,1,0,1,11,0
9,5,0,25,8,0,0,0,0,0,0,13,2,0,0,3,5,134,2,16,2,5,14,5,8,18,7,3,1,0,2,12,30
-33,5,1,23,7,0,0,0,0,0,0,11,4,0,0,3,5,134,2,16,2,6,14,4,7,17,6,2,1,0,2,12,15
19,5,1,18,6,0,0,1,0,0,0,6,9,0,0,3,5,134,1,15,1,5,13,4,7,16,7,3,1,0,2,11,30
-215,5,2,38,5,0,0,1,0,0,0,1,14,0,0,3,5,134,1,15,2,7,14,3,6,15,6,3,1,0,2,15,15
-7,5,3,27,4,0,0,1,0,0,0,12,3,0,0,3,5,134,1,15,2,7,15,2,5,14,5,2,1,0,2,12,45
-5,5,3,23,4,0,0,1,0,0,0,7,8,0,0,3,5,134,1,14,4,8,14,4,8,16,5,2,1,0,2,12,15
-20,5,3,20,3,0,0,2,0,0,0,12,3,0,0,3,5,134,2,13,5,9,13,3,9,15,4,2,1,0,1,11,45
-5,5,3,18,3,0,0,2,1,0,0,6,9,0,0,3,5,134,3,11,3,7,11,3,9,14,4,2,1,0,2,11,30
-8,4,3,17,4,0,0,1,1,0,0,3,7,0,0,3,5,134,3,10,4,8,10,5,10,15,4,2,1,1,2,11,15
0,2,2,8,4,0,1,1,1,0,0,9,6,0,0,3,5,134,2,8,4,8,8,7,9,16,6,5,1,1,1,10,15
58,2,2,13,3,0,1,2,1,0,0,3,12,0,0,3,5,134,3,7,3,7,7,6,10,15,5,4,1,1,2,10,45
-8,2,2,13,3,0,1,1,1,0,0,0,15,0,0,3,5,134,2,7,5,7,7,6,9,14,5,3,1,1,2,10,45
-29,2,2,11,3,0,0,1,1,0,0,14,1,0,0,3,5,134,2,7,5,7,7,5,8,13,4,3,1,1,2,10,30
-19,2,2,11,3,0,0,2,1,0,0,14,1,0,0,3,5,134,3,5,4,5,5,5,8,12,4,4,1,1,2,10,30
41,2,2,6,4,0,0,2,0,0,0,13,2,0,0,3,5,134,4,4,3,4,4,4,7,11,3,3,1,1,1,9,45
-64,2,2,15,4,0,0,1,0,0,0,11,4,0,0,3,5,134,4,4,4,4,4,3,6,10,2,2,1,1,1,11,0
0,1,1,10,4,0,0,1,1,0,0,1,14,0,0,3,5,134,3,2,2,2,2,4,6,9,4,3,0,1,2,10,20
-28,1,1,7,3,0,0,1,1,0,0,13,2,0,0,3,5,134,3,2,2,2,2,3,6,8,3,2,0,0,2,10,0
33,0,0,0,4,0,0,1,1,0,0,7,8,0,1,3,5,134,2,0,0,0,0,3,7,7,5,4,0,0,2,9,0
0,0,0,2,3,0,0,1,1,0,0,3,12,0,0,3,5,134,1,0,0,0,0,2,6,6,5,5,0,0,2,9,15
-16,0,0,4,2,0,0,1,1,0,0,0,5,0,0,3,5,134,0,0,0,0,0,3,5,5,5,5,0,0,1,9,30
-19,0,0,4,2,0,0,1,0,0,0,0,27,0,0,3,5,134,0,0,0,0,0,4,4,4,4,4,0,0,1,9,30
-9,0,0,2,1,0,0,1,0,0,0,0,30,0,0,3,5,134,0,0,0,0,0,3,3,3,3,3,0,0,2,9,15
-1,0,0,0,0,0,0,1,0,0,0,0,45,0,1,3,5,134,0,0,0,0,0,2,2,2,2,2,0,0,2,9,0
-35,0,0,8,0,0,0,0,0,0,0,0,46,0,0,3,5,134,0,0,0,0,0,1,1,1,1,1,0,0,1,10,15
72,30,0,58,0,0,0,0,0,0,0,68,0,1,0,2,5,133,0,58,0,1,9,1,1,2,1,0,11,0,2,18,0
24,28,3,53,1,0,2,1,0,0,0,4,11,0,0,2,5,133,2,53,4,6,9,2,4,11,3,1,11,3,2,17,30
31,26,1,53,3,0,2,2,0,0,0,5,10,0,0,2,5,133,3,49,2,3,10,3,5,12,5,3,10,4,2,17,30
-5,25,0,51,3,0,2,2,0,0,0,9,6,0,0,2,5,133,2,48,2,3,10,4,9,13,6,4,9,4,3,17,15
-56,25,0,56,3,0,1,3,0,0,0,6,9,0,0,2,5,133,1,47,1,3,9,3,8,13,7,5,8,3,1,17,45
3,25,0,51,3,0,0,3,0,0,0,3,12,0,0,2,5,133,1,47,1,3,9,2,7,12,6,5,8,2,3,17,15
-5,25,0,56,3,0,0,2,0,0,0,2,13,0,0,2,5,133,1,47,1,3,10,1,6,11,5,4,7,2,1,17,45
69,25,0,45,3,0,0,2,0,0,0,14,1,0,0,2,5,133,0,46,3,7,15,6,7,13,6,3,7,2,2,16,15
-54,25,0,53,3,0,0,2,0,0,0,10,5,0,0,2,5,133,1,45,4,6,14,5,6,13,5,2,7,2,2,17,30
2,25,0,50,2,0,0,2,0,0,0,7,8,0,0,2,5,133,1,45,4,6,14,4,5,12,4,1,7,2,2,17,0
-11,25,0,46,1,0,0,2,0,0,0,0,15,0,0,2,5,133,1,45,4,7,17,4,6,11,3,0,7,2,2,16,30
-9,25,0,48,1,0,0,1,0,0,0,12,3,0,0,2,5,133,0,45,4,7,17,3,5,10,3,1,6,2,1,16,45
-29,25,0,46,2,0,0,0,0,0,0,15,15,0,0,2,5,133,1,43,5,7,16,2,6,9,2,1,5,1,2,16,30
-19,25,0,42,3,0,0,1,0,0,0,1,14,0,0,2,5,133,2,41,3,6,15,3,6,9,3,2,5,1,2,15,45
-16,25,1,43,3,0,0,1,0,0,1,6,9,0,0,2,5,133,2,39,4,8,14,5,7,9,4,3,5,2,1,16,0
-36,25,1,43,2,0,0,1,1,0,1,2,13,0,0,2,5,133,3,38,3,9,15,4,6,8,3,2,5,2,1,16,0
-21,25,3,40,1,0,0,1,1,0,1,7,8,0,0,2,5,133,1,38,5,10,15,3,5,9,4,3,5,2,1,15,30
-33,25,4,38,1,0,0,2,1,0,0,1,14,0,0,2,5,133,2,37,5,9,15,3,4,11,3,2,5,2,2,15,15
-38,25,5,37,1,0,0,2,1,0,0,7,8,0,0,2,5,133,1,36,5,10,14,3,4,10,4,4,4,2,2,15,0
-7,25,5,35,3,0,0,4,0,0,0,34,11,0,0,2,5,133,4,32,4,7,13,2,3,11,4,3,4,1,1,14,45
-111,25,6,48,4,0,0,3,0,0,0,28,17,0,0,2,5,133,4,31,3,6,13,1,2,10,4,2,3,1,1,16,45
-50,20,3,38,6,0,0,4,1,0,0,10,5,0,0,2,5,133,3,26,1,4,12,1,7,14,9,4,3,1,2,15,15
40,19,4,28,5,0,0,5,1,0,0,6,9,0,0,2,5,133,2,25,4,7,16,6,9,18,10,5,3,2,2,13,0
-27,18,5,34,5,0,0,6,1,0,0,13,2,0,0,2,5,133,2,23,3,7,17,6,9,20,11,5,3,2,2,14,30
41,18,5,30,4,0,0,6,1,0,0,7,8,0,0,2,5,133,2,23,4,7,17,6,8,20,10,5,2,2,1,13,15
-50,18,5,35,4,0,0,5,1,0,0,6,9,0,0,2,5,133,2,23,4,7,17,5,7,19,9,4,2,1,1,14,45
60,18,5,26,3,0,0,5,1,0,0,4,11,0,0,2,5,133,2,23,4,8,17,4,6,18,8,3,2,1,2,12,45
44,17,5,26,3,0,0,5,1,0,0,2,13,0,0,2,5,133,2,22,3,7,17,3,6,17,8,3,2,1,2,12,45
-6,17,6,33,4,0,0,4,2,0,0,1,14,0,0,2,5,133,3,20,2,8,16,3,8,17,8,4,1,2,1,14,15
78,16,5,23,4,0,0,3,2,0,0,11,4,0,0,2,5,133,2,20,4,9,16,3,8,16,8,5,1,1,1,12,15
64,15,6,22,5,0,0,3,2,0,0,7,8,0,0,2,5,133,2,18,4,9,15,5,10,17,9,6,1,1,2,12,0
3,13,5,25,4,0,0,3,2,0,0,1,14,0,0,2,5,133,0,18,6,11,16,6,10,16,10,7,1,1,2,12,30
34,13,6,23,5,0,0,3,2,0,1,4,11,0,0,2,5,133,3,15,6,9,15,7,12,16,9,7,1,1,1,12,15
-32,12,6,28,5,0,0,2,2,0,1,1,14,0,0,2,5,133,2,15,6,10,15,7,11,15,9,7,1,1,2,13,0
-69,11,5,30,4,0,1,2,2,0,1,12,3,0,0,2,5,133,2,14,5,9,14,6,10,14,9,6,1,1,1,13,15
-165,11,6,40,5,0,1,2,2,0,1,1,14,0,0,2,5,133,2,12,5,8,12,5,10,13,10,5,0,1,1,15,30
38,11,6,19,5,0,1,2,1,0,1,1,14,0,0,2,5,133,2,12,5,8,12,5,9,12,9,5,0,0,2,11,30
45,10,6,13,7,0,1,2,1,0,0,6,9,0,0,2,5,133,2,10,4,6,10,7,10,13,10,7,0,0,2,10,45
-12,10,6,32,8,0,1,1,1,0,0,4,11,0,0,2,5,133,3,9,3,5,9,6,9,12,9,7,0,0,1,13,30
48,10,6,15,7,0,1,1,1,0,0,3,12,0,0,2,5,133,3,9,4,5,9,5,8,12,8,6,0,0,2,11,0
61,8,5,13,9,0,1,1,0,0,0,1,14,0,0,2,5,133,2,7,3,4,7,5,7,15,10,6,0,0,2,10,45
135,8,5,8,9,0,1,1,0,0,0,14,1,0,0,2,5,133,3,6,2,5,6,4,6,14,9,5,0,0,1,10,0
-2,8,5,15,8,0,1,1,0,0,0,14,1,0,0,2,5,133,3,6,2,5,6,3,5,13,8,4,0,0,2,11,0
18,8,5,17,7,0,1,1,0,0,0,10,5,0,0,2,5,133,3,6,2,5,6,2,4,13,7,4,0,0,1,11,15
-24,5,5,20,7,0,1,1,1,0,0,3,12,0,0,2,5,133,2,4,1,4,4,3,4,13,9,6,0,0,1,11,45
16,5,5,11,6,0,1,1,1,0,0,9,6,0,0,2,5,133,2,4,3,4,4,2,4,13,8,6,0,0,2,10,30
-7,5,5,17,5,0,1,1,1,0,0,6,9,0,0,2,5,133,2,4,4,4,4,1,4,13,7,6,0,0,1,11,15
-26,2,2,20,7,0,1,0,3,0,0,5,10,0,0,2,5,133,3,0,0,0,0,3,10,12,9,5,0,0,1,11,45
32,0,0,4,7,0,0,0,3,0,0,11,4,0,0,2,5,133,0,0,0,0,0,7,10,11,11,6,0,0,2,9,30
38,0,0,0,6,0,0,0,3,0,0,8,7,0,1,2,5,133,0,0,0,0,0,7,10,10,10,6,0,0,1,9,0
52,0,0,8,5,0,0,0,3,0,0,3,12,0,0,2,5,133,0,0,0,0,0,7,9,9,9,6,0,0,1,10,0
18,0,0,10,4,0,0,0,3,0,0,1,14,0,0,2,5,133,0,0,0,0,0,6,8,8,8,5,0,0,2,10,15
36,0,0,11,3,0,0,0,3,0,0,0,1,0,0,2,5,133,0,0,0,0,0,5,7,7,7,4,0,0,2,10,30
42,0,0,6,3,0,0,0,2,0,0,0,4,0,0,2,5,133,0,0,0,0,0,4,6,6,6,3,0,0,2,9,45
4,0,0,3,2,0,0,0,2,0,0,0,14,0,0,2,5,133,0,0,0,0,0,3,5,5,5,2,0,0,2,9,15
96,0,0,0,1,0,0,0,2,0,0,0,19,0,1,2,5,133,0,0,0,0,0,3,4,4,4,2,0,0,1,9,0
22,0,0,0,1,0,0,0,1,0,0,0,23,0,1,2,5,133,0,0,0,0,0,3,3,3,3,1,0,0,1,9,0
36,0,0,4,0,0,0,0,1,0,0,0,47,0,0,2,5,133,0,0,0,0,0,2,2,2,2,1,0,0,2,9,30
-11,0,0,6,0,0,0,0,0,0,0,0,52,0,0,2,5,133,0,0,0,0,0,1,1,1,1,1,0,0,2,9,45
15,26,4,58,3,0,1,0,0,0,0,22,8,0,0,6,5,130,1,57,4,7,13,4,6,14,4,0,8,1,2,17,15
-11,26,4,60,3,0,0,0,0,0,0,20,10,1,0,6,5,130,1,57,4,7,13,3,5,13,3,0,8,1,3,17,30
51,25,3,54,2,0,1,0,0,0,0,12,18,0,0,6,5,130,1,56,4,7,13,3,5,12,3,1,8,1,2,16,30
-30,25,3,56,2,0,0,2,0,0,0,14,1,0,0,6,5,130,2,54,3,6,13,3,7,12,3,1,8,3,2,17,0
13,24,3,54,3,0,0,2,0,0,0,1,14,0,0,6,5,130,2,52,3,5,11,2,7,11,4,2,7,3,2,16,30
-47,24,3,56,2,0,0,3,0,0,0,7,8,0,0,6,5,130,2,51,2,5,10,2,7,11,4,2,7,3,2,17,0
-9,22,3,58,1,0,1,3,0,0,1,0,15,0,0,6,5,130,2,49,2,6,9,5,8,12,5,2,7,4,2,17,15
-31,22,4,52,1,0,1,3,0,0,0,6,9,0,0,6,5,130,1,49,3,7,10,5,8,11,5,2,6,5,2,16,15
-73,22,4,60,2,0,1,2,0,0,0,2,13,1,0,6,5,130,2,48,4,6,9,5,7,11,4,2,6,4,3,17,30
34,22,4,46,1,0,1,2,0,0,0,1,14,0,0,6,5,130,2,48,4,6,9,4,6,10,3,1,5,4,2,15,30
7,21,3,45,1,0,0,3,0,0,0,4,11,0,0,6,5,130,2,47,3,6,10,4,5,10,3,1,5,3,2,15,15
16,21,3,48,2,0,0,2,0,0,0,10,5,0,0,6,5,130,1,46,4,5,13,4,4,10,4,3,4,3,2,15,45
-62,21,3,52,2,0,0,1,0,0,0,5,10,0,0,6,5,130,1,46,4,5,13,3,4,9,3,2,3,2,2,16,15
21,20,2,50,3,0,0,1,0,0,0,14,1,0,0,6,5,130,2,44,2,3,12,2,4,8,3,2,3,1,2,16,0
33,19,1,40,3,0,0,2,0,0,0,11,4,0,0,6,5,130,3,42,1,3,12,1,4,9,3,3,2,1,2,14,30
-42,18,3,50,3,0,0,2,0,0,0,40,5,0,0,6,5,130,1,41,2,8,15,3,6,12,5,4,2,0,2,16,0
19,18,3,40,2,0,0,2,0,0,0,32,13,0,0,6,5,130,1,41,2,8,15,3,5,11,4,3,2,0,2,14,30
24,18,5,39,3,0,0,1,0,0,0,24,21,0,0,6,5,130,2,40,3,8,16,2,5,11,3,2,2,0,2,14,15
-79,18,7,46,3,0,0,1,0,0,0,6,39,0,0,6,5,130,2,39,6,9,17,3,5,10,3,2,2,0,2,15,30
-53,16,5,42,4,0,0,1,0,0,0,6,9,0,0,6,5,130,1,37,5,9,16,3,7,11,5,2,2,1,1,14,45
-30,16,6,44,4,0,0,0,0,0,0,3,12,0,0,6,5,130,1,37,5,9,16,3,6,11,4,1,2,1,1,15,0
2,13,4,38,8,0,0,0,0,0,0,9,6,0,0,6,5,130,2,32,4,8,16,5,7,17,7,2,2,1,1,13,30
-72,13,4,42,7,0,0,0,0,0,0,6,9,0,0,6,5,130,2,32,4,8,16,4,6,16,6,1,2,1,1,14,45
0,11,3,35,7,0,0,1,0,0,0,6,9,0,0,6,5,130,2,30,4,8,17,4,5,16,7,3,1,1,1,13,0
-8,11,3,37,6,0,0,1,0,0,0,1,14,0,0,6,5,130,1,30,4,8,17,3,6,15,7,2,1,0,1,13,15
-11,11,3,33,5,0,0,1,0,0,0,0,15,0,0,6,5,130,1,30,4,8,18,2,5,15,6,2,1,0,2,12,45
28,10,3,33,6,0,0,1,1,0,0,13,2,0,0,6,5,130,1,26,3,7,18,2,7,14,8,2,1,0,2,12,45
31,9,4,21,6,0,0,1,1,0,0,13,2,0,0,6,5,130,0,26,4,9,19,3,10,17,9,2,1,0,2,11,30
-17,8,4,30,7,0,0,2,2,0,0,5,10,0,0,6,5,130,2,22,4,9,17,9,11,19,10,2,1,1,2,12,30
32,8,4,19,6,0,0,2,2,0,0,1,14,0,0,6,5,130,2,22,4,9,17,8,10,19,9,2,1,1,3,11,15
-5,8,5,28,6,0,0,2,2,0,0,5,10,0,0,6,5,130,2,21,5,10,19,8,10,19,9,2,1,1,3,12,15
32,8,5,28,5,0,0,2,2,0,0,1,14,0,0,6,5,130,2,21,6,11,19,7,9,18,8,2,1,1,3,12,15
45,7,4,26,4,0,1,2,2,0,0,14,1,0,0,6,5,130,2,20,5,11,19,6,8,17,8,2,1,1,2,12,0
-21,7,4,26,3,0,1,2,2,0,0,13,2,0,0,6,5,130,2,20,5,11,19,5,7,17,7,1,1,1,2,12,0
21,6,4,35,4,0,1,2,2,0,0,8,7,0,0,6,5,130,3,18,4,9,18,5,8,18,7,1,1,1,1,13,0
-20,6,4,24,4,0,1,1,2,0,0,7,8,0,0,6,5,130,3,18,5,9,18,4,8,17,6,1,1,1,2,11,45
28,6,4,30,3,0,1,1,2,0,0,6,9,0,0,6,5,130,2,18,5,10,18,3,7,16,6,2,1,1,2,12,30
-4,5,4,30,5,0,1,0,2,0,0,10,5,0,0,6,5,130,3,16,5,9,16,3,8,17,6,3,0,1,2,12,30
49,4,3,21,6,0,1,0,1,0,0,12,3,0,0,6,5,130,2,15,6,10,15,3,9,18,7,3,0,0,2,11,30
-38,3,2,24,7,0,1,0,1,0,0,1,14,0,0,6,5,130,1,13,6,8,13,5,9,18,9,5,0,0,2,11,45
17,3,3,12,8,0,1,2,1,0,0,12,3,0,0,6,5,130,2,9,3,8,9,7,10,19,11,6,0,0,2,10,30
30,2,2,15,8,0,1,2,0,0,0,9,6,0,0,6,5,130,1,9,4,8,9,6,10,18,11,7,0,0,2,10,45
-10,2,2,15,7,0,1,2,0,0,0,8,7,0,0,6,5,130,1,9,4,9,9,5,10,17,10,6,0,0,2,10,45
45,2,2,10,7,0,1,2,0,0,0,5,10,0,0,6,5,130,2,8,3,8,8,4,9,16,9,5,0,0,3,10,15
12,1,1,17,8,0,0,2,0,0,0,12,3,0,0,6,5,130,2,7,3,7,7,4,10,17,9,5,0,0,2,11,0
16,1,1,10,7,0,0,2,0,0,0,6,9,0,0,6,5,130,2,7,5,7,7,4,9,17,8,5,0,0,3,10,15
-45,1,1,17,6,0,0,3,0,0,0,14,1,0,0,6,5,130,2,6,5,6,6,3,10,16,8,5,0,0,2,11,0
-36,1,1,19,6,0,0,3,0,0,0,2,13,0,0,6,5,130,1,5,5,5,5,5,9,15,9,4,0,0,3,11,15
-15,0,0,8,7,0,0,3,0,0,0,8,7,0,0,6,5,130,1,3,3,3,3,6,10,14,10,5,0,0,2,10,0
3,0,0,8,9,0,0,2,0,0,0,13,2,0,0,6,5,130,2,1,1,1,1,7,10,13,10,4,0,0,2,10,0
-37,0,0,21,8,0,0,2,0,0,0,11,4,0,0,6,5,130,2,1,1,1,1,6,9,12,9,3,0,0,2,11,30
-361,0,0,48,7,0,0,2,0,0,0,9,6,0,0,6,5,130,2,0,1,1,1,5,8,11,8,3,0,0,2,15,45
54,0,0,2,8,0,0,1,0,0,0,0,15,0,0,6,5,130,1,0,0,0,0,5,7,10,9,4,0,0,2,9,15
-10,0,0,12,7,0,0,1,0,0,0,0,1,0,0,6,5,130,1,0,0,0,0,4,7,9,8,3,0,0,2,10,30
-11,0,0,6,6,0,0,1,0,0,0,0,11,0,0,6,5,130,0,0,0,0,0,5,8,8,8,3,0,0,2,9,45
25,0,0,0,5,0,0,1,0,0,0,0,12,0,1,6,5,130,0,0,0,0,0,4,7,7,7,3,0,0,2,9,0
-7,0,0,12,4,0,0,1,0,0,0,0,29,0,0,6,5,130,0,0,0,0,0,3,6,6,6,2,0,0,2,10,30
-4,0,0,4,4,0,0,0,0,0,0,0,32,0,0,6,5,130,0,0,0,0,0,4,5,5,5,2,0,0,2,9,30
-6,0,0,0,3,0,0,0,0,0,0,0,39,0,1,6,5,130,0,0,0,0,0,4,4,4,4,2,0,0,2,9,0
-24,0,0,4,2,0,0,0,0,0,0,0,60,0,0,6,5,130,0,0,0,0,0,3,3,3,3,1,0,0,2,9,30
-25,0,0,6,1,0,0,0,0,0,0,0,62,0,0,6,5,130,0,0,0,0,0,2,2,2,2,0,0,0,2,9,45
-8,0,0,2,0,0,0,0,0,0,0,0,65,0,0,6,5,130,0,0,0,0,0,1,1,1,1,0,0,0,2,9,15
-38,20,2,60,0,0,0,2,0,0,0,14,1,1,0,5,5,129,2,58,4,6,13,2,5,6,1,1,8,4,2,18,15
-51,19,2,58,1,0,0,1,0,0,1,7,8,0,0,5,5,129,2,56,3,5,14,3,4,10,2,2,7,3,1,18,0
-11,19,2,54,2,0,0,2,0,0,0,21,9,0,0,5,5,129,1,54,2,6,14,3,4,9,4,2,6,2,1,17,15
-18,19,2,54,1,0,0,2,0,0,0,17,13,0,0,5,5,129,1,54,2,8,14,2,3,8,3,1,6,1,1,17,15
-64,18,1,58,2,0,0,1,0,0,0,6,24,0,0,5,5,129,1,53,2,8,13,1,2,8,3,2,5,1,1,18,0
20,17,1,53,5,0,0,0,0,0,0,1,14,0,0,5,5,129,2,50,5,8,13,1,6,10,4,3,5,0,3,17,0
-12,17,2,47,6,0,0,3,0,0,1,10,5,0,0,5,5,129,3,44,2,6,10,5,7,15,8,3,5,1,1,15,45
-7,16,1,49,5,0,0,3,0,0,1,1,14,0,0,5,5,129,2,44,4,7,12,5,7,15,8,2,5,1,2,16,0
-3,16,1,52,4,0,0,3,0,0,1,13,2,0,0,5,5,129,2,44,4,7,13,4,6,14,7,2,5,1,1,16,30
1,16,1,50,4,0,0,3,0,0,1,11,4,0,0,5,5,129,3,43,3,6,12,3,5,13,6,2,5,1,1,16,15
-84,16,1,54,4,0,0,3,0,0,1,7,8,0,0,5,5,129,3,42,2,5,11,2,4,12,6,2,5,1,1,17,15
-24,15,1,45,3,0,1,4,0,0,1,1,14,0,0,5,5,129,2,40,3,4,12,2,6,12,8,4,5,2,2,15,30
-33,15,2,50,3,0,1,4,0,0,1,1,14,0,0,5,5,129,1,39,2,3,13,3,9,14,9,4,4,2,1,16,15
104,15,2,42,3,0,1,5,0,0,1,16,14,0,0,5,5,129,2,37,1,5,13,4,9,14,9,5,4,1,2,15,0
-23,15,4,43,3,0,0,5,0,0,1,4,26,0,0,5,5,129,1,37,1,6,15,6,9,16,9,5,4,1,2,15,15
5,14,4,39,2,0,0,5,0,0,1,0,30,0,0,5,5,129,0,37,3,7,15,6,8,16,9,4,4,1,1,14,45
-5,14,4,43,2,0,0,4,0,0,1,24,6,0,0,5,5,129,0,37,3,8,16,6,7,18,8,4,3,1,2,15,15
47,14,5,37,3,0,0,3,0,0,1,14,16,0,0,5,5,129,1,36,5,8,15,5,7,18,7,3,3,1,3,14,30
-29,14,5,39,2,0,0,3,0,0,1,9,21,0,0,5,5,129,1,36,5,9,16,4,6,18,6,3,3,1,1,14,45
-11,14,5,39,2,0,0,3,0,0,0,7,23,0,0,5,5,129,1,36,5,9,16,4,5,18,5,2,3,1,1,14,45
-10,13,4,47,2,0,0,2,0,0,0,1,29,0,0,5,5,129,0,36,6,10,17,3,6,18,5,1,3,1,1,15,45
36,13,4,31,2,0,0,2,0,0,1,10,5,0,0,5,5,129,2,34,5,9,15,2,6,17,4,1,3,1,2,13,0
-11,11,4,37,3,0,1,2,0,0,1,7,8,0,0,5,5,129,2,31,4,8,16,2,7,16,6,4,3,1,3,14,30
-51,9,2,45,5,0,2,1,0,0,1,1,14,0,0,5,5,129,2,28,4,7,15,4,12,19,8,4,2,2,2,15,30
30,9,2,28,6,0,1,1,0,0,2,3,12,0,0,5,5,129,3,26,4,7,17,7,14,18,8,4,2,1,2,12,45
31,9,2,35,6,0,1,0,0,0,2,2,13,0,0,5,5,129,3,26,4,7,17,6,13,17,7,3,2,1,1,13,30
28,9,3,28,6,0,1,0,0,0,2,11,4,0,0,5,5,129,3,25,4,6,16,7,12,16,7,4,2,1,2,12,45
-15,7,1,28,7,0,1,0,0,0,2,12,3,0,0,5,5,129,2,23,2,6,16,8,11,17,9,4,2,1,2,12,45
-12,7,1,33,6,0,1,0,0,0,2,9,6,0,0,5,5,129,2,23,3,6,16,8,10,16,8,3,2,1,1,13,15
32,7,1,24,6,0,0,1,0,0,2,5,10,0,0,5,5,129,3,22,3,7,15,9,9,15,7,2,2,1,2,12,15
-37,7,1,36,6,0,0,1,0,0,1,4,11,0,0,5,5,129,3,22,3,7,15,8,8,14,6,2,1,1,2,14,0
-31,7,1,33,5,0,0,1,0,0,1,13,2,0,0,5,5,129,1,22,3,8,16,7,8,16,7,3,1,0,1,13,15
16,7,1,22,4,0,0,1,0,0,1,12,3,0,0,5,5,129,1,21,3,8,16,6,7,15,6,3,1,0,2,12,0
35,7,1,20,4,0,0,2,0,0,0,10,5,0,0,5,5,129,2,21,3,7,15,5,8,14,5,3,1,1,2,11,45
30,7,1,26,3,0,0,2,0,0,0,7,8,0,0,5,5,129,2,21,3,8,16,4,7,13,4,3,1,1,3,12,30
-35,7,2,31,3,0,0,2,0,0,0,10,5,0,0,5,5,129,2,20,3,8,15,3,7,13,4,3,1,1,2,13,0
-27,7,2,26,2,0,0,2,0,0,0,7,8,0,0,5,5,129,2,20,4,9,16,2,6,12,3,2,1,1,3,12,30
-14,7,2,24,1,0,0,2,1,0,0,6,9,0,0,5,5,129,2,19,4,9,15,1,5,11,3,1,1,1,2,12,15
-13,6,5,22,5,0,1,1,1,0,0,29,1,0,0,5,5,129,3,14,5,8,14,4,9,16,6,3,1,1,2,12,0
2,6,5,18,4,0,1,1,1,0,0,27,3,0,0,5,5,129,3,14,5,8,14,3,8,16,5,3,0,1,2,11,30
-14,6,5,16,3,0,1,1,1,0,0,25,5,0,0,5,5,129,2,14,5,8,14,2,7,15,5,3,0,0,2,11,15
-14,6,5,18,4,0,1,1,0,0,0,17,13,0,0,5,5,129,3,13,4,8,13,3,6,14,4,2,0,0,2,11,30
-19,3,2,16,5,0,1,3,0,0,0,9,6,0,0,5,5,129,3,9,3,5,9,5,9,18,7,2,0,0,2,11,15
-37,3,2,20,4,0,1,3,0,0,0,4,11,0,0,5,5,129,3,9,4,7,9,4,8,17,6,1,0,0,2,11,45
75,2,2,2,4,0,1,4,0,0,0,4,11,0,0,5,5,129,3,7,3,7,7,5,8,17,7,3,0,0,2,9,15
-21,2,2,14,4,0,1,3,0,0,0,2,13,0,0,5,5,129,4,6,2,6,6,6,8,16,6,3,0,0,2,11,0
-354,2,2,57,4,0,1,3,0,0,0,2,13,0,0,5,5,129,4,6,2,6,6,6,8,16,6,3,0,0,2,17,30
30,1,1,4,4,0,1,3,0,0,0,12,3,0,0,5,5,129,2,5,3,5,5,5,9,14,7,4,0,0,2,9,30
-24,1,1,10,4,0,1,3,0,0,0,4,11,0,0,5,5,129,2,4,4,4,4,4,11,13,7,5,0,0,2,10,15
-64,1,1,14,3,0,1,3,0,0,0,3,12,0,0,5,5,129,2,4,4,4,4,3,10,12,6,4,0,0,2,11,0
28,1,1,6,2,0,1,3,0,0,0,2,13,0,0,5,5,129,2,4,4,4,4,3,9,11,5,4,0,0,2,9,45
42,0,0,8,3,0,1,3,0,0,0,0,15,0,0,5,5,129,2,2,2,2,2,4,9,10,6,4,0,0,2,10,0
15,0,0,10,4,0,1,2,0,0,1,2,13,0,0,5,5,129,3,0,0,0,0,7,9,9,6,3,0,0,2,10,15
-26,0,0,12,4,0,1,1,0,0,1,0,15,0,0,5,5,129,3,0,0,0,0,7,8,8,5,3,0,0,2,10,30
-21,0,0,4,3,0,1,1,0,0,1,0,1,0,0,5,5,129,3,0,0,0,0,6,7,7,4,2,0,0,2,9,30
-7,0,0,0,3,0,1,1,0,0,0,0,17,0,1,5,5,129,1,0,0,0,0,5,6,6,5,4,0,0,2,9,0
-74,0,0,12,3,0,1,0,0,0,0,0,19,0,0,5,5,129,1,0,0,0,0,5,5,5,4,3,0,0,2,10,30
-23,0,0,8,2,0,1,0,0,0,0,0,20,0,0,5,5,129,0,0,0,0,0,4,4,4,4,3,0,0,2,10,0
1,0,0,2,2,0,0,0,0,0,0,0,24,0,0,5,5,129,0,0,0,0,0,3,3,3,3,2,0,0,2,9,15
-65,0,0,6,1,0,0,0,0,0,0,0,30,0,0,5,5,129,0,0,0,0,0,2,2,2,2,2,0,0,2,9,45
-10,0,0,0,0,0,0,0,0,0,0,0,48,0,1,5,5,129,0,0,0,0,0,1,1,1,1,1,0,0,2,9,0
10,26,1,50,2,0,1,0,0,0,1,5,10,1,0,4,5,128,2,47,3,7,13,3,5,12,3,0,6,1,2,17,30
18,26,1,49,2,0,1,0,0,0,0,12,3,0,0,4,5,128,2,47,6,8,15,3,4,11,2,0,6,1,2,17,0
12,26,1,47,2,0,2,0,0,0,1,12,3,0,0,4,5,128,3,44,4,7,12,3,6,10,3,1,5,3,1,16,45
-52,26,2,50,1,0,2,0,0,0,1,4,11,1,0,4,5,128,2,44,4,9,12,2,8,12,3,1,5,2,2,17,30
-3,26,4,45,3,0,1,1,0,0,1,10,5,0,0,4,5,128,4,41,2,6,9,2,7,11,3,1,5,2,2,16,30
-13,25,3,47,5,0,0,1,0,0,1,11,4,0,0,4,5,128,2,39,4,7,10,6,7,12,6,3,4,2,1,16,45
10,25,4,40,7,0,0,0,0,0,1,1,14,0,0,4,5,128,3,37,3,5,9,6,6,12,6,3,3,1,2,15,45
-24,25,4,45,7,0,0,0,0,0,0,0,15,0,0,4,5,128,3,37,3,5,10,5,5,11,5,2,3,0,2,16,30
-3,25,4,42,6,0,0,0,0,0,0,9,6,0,0,4,5,128,3,37,3,5,10,4,5,10,4,1,3,0,1,16,0
-5,25,4,44,5,0,0,0,0,0,0,8,7,0,0,4,5,128,3,37,3,5,10,3,4,9,3,1,3,0,2,16,15
-14,25,4,42,4,0,0,0,0,0,0,7,8,0,0,4,5,128,3,37,3,5,10,2,4,8,2,0,3,0,1,16,0
-6,22,1,40,5,0,0,1,0,0,0,2,13,0,0,4,5,128,3,34,2,4,10,1,5,8,4,1,3,0,2,15,45
3,21,2,36,4,0,0,2,1,0,0,10,5,0,0,4,5,128,1,32,2,5,12,5,6,11,7,3,3,0,2,15,15
5,21,2,36,3,0,0,2,1,0,0,7,8,0,0,4,5,128,1,32,3,5,12,4,5,10,6,3,3,0,2,15,15
28,21,2,32,2,0,0,2,1,0,0,6,9,0,0,4,5,128,1,32,3,5,13,3,4,9,5,2,3,0,2,14,45
-7,21,4,34,3,0,0,2,1,0,0,33,12,0,0,4,5,128,2,30,2,6,12,3,4,10,5,2,3,0,2,15,0
-13,21,4,34,3,0,0,1,1,0,0,26,19,0,0,4,5,128,1,30,3,7,12,2,3,10,5,1,3,0,2,15,0
-19,20,5,32,5,0,0,0,1,0,0,6,39,0,0,4,5,128,2,28,4,7,12,2,5,12,5,2,3,0,2,14,45
-33,17,4,31,6,0,0,0,1,0,0,2,13,0,0,4,5,128,1,26,4,7,12,2,5,13,7,2,3,0,2,14,30
-84,16,5,38,6,0,0,1,1,0,1,8,7,0,0,4,5,128,1,23,3,5,12,4,8,16,9,3,3,0,2,15,30
21,15,5,30,6,0,0,2,1,0,1,13,2,0,0,4,5,128,2,21,2,4,11,4,9,18,9,3,3,0,1,14,15
23,15,5,22,6,0,0,2,1,0,0,9,6,0,0,4,5,128,2,21,3,4,12,3,8,17,8,3,3,0,2,12,30
25,15,5,27,5,0,0,2,1,0,0,5,10,0,0,4,5,128,2,21,3,6,12,3,7,16,7,3,3,0,1,13,15
51,13,5,23,6,0,0,2,1,0,0,14,1,0,0,4,5,128,2,19,2,5,13,5,10,16,8,4,3,1,2,12,45
19,12,4,25,5,0,0,3,1,0,0,6,9,0,0,4,5,128,2,18,2,5,13,5,9,15,8,5,3,1,2,13,0
19,11,3,25,4,0,0,3,1,0,0,12,3,0,0,4,5,128,1,18,4,6,16,4,9,15,8,5,3,1,2,13,0
35,11,3,19,4,0,0,3,0,0,0,10,5,0,0,4,5,128,1,18,4,7,16,4,8,15,7,5,3,1,2,12,0
-15,11,3,27,4,0,0,3,0,0,0,4,11,0,0,4,5,128,2,17,3,6,16,4,9,15,6,4,3,1,1,13,15
-26,10,3,29,3,0,0,3,0,0,0,13,2,0,0,4,5,128,0,17,4,7,17,5,10,14,7,5,3,1,1,13,30
-60,9,4,23,5,0,0,3,0,0,0,11,4,0,0,4,5,128,2,14,3,7,14,5,9,17,7,5,3,1,2,12,45
31,8,4,20,5,0,0,2,0,0,0,5,10,0,0,4,5,128,1,14,3,8,14,5,9,16,7,4,2,2,1,12,15
12,8,4,20,5,0,0,1,0,0,0,1,14,0,0,4,5,128,1,14,4,8,14,7,8,15,6,4,2,1,1,12,15
22,8,4,17,4,0,0,1,0,0,0,14,1,0,0,4,5,128,1,14,4,8,14,6,7,14,5,3,2,1,1,11,45
17,8,4,17,4,0,0,1,0,0,0,5,10,0,0,4,5,128,2,13,4,8,13,5,6,15,4,2,2,1,1,11,45
24,8,4,12,4,0,0,2,0,0,0,9,6,0,0,4,5,128,3,11,4,9,11,4,7,14,4,2,2,1,1,11,0
19,8,5,14,3,0,0,2,0,0,0,4,11,0,0,4,5,128,3,11,5,10,11,4,7,13,3,2,2,2,2,11,15
-28,7,4,15,2,0,0,2,0,0,0,4,11,0,0,4,5,128,2,11,5,10,11,3,6,13,3,1,2,2,2,11,30
-42,7,4,15,2,0,0,2,0,0,0,3,12,0,0,4,5,128,2,10,4,9,10,2,5,12,3,1,2,2,2,11,30
49,4,4,12,4,0,1,1,0,0,0,9,6,0,0,4,5,128,2,7,5,7,7,3,8,13,5,2,1,2,1,11,0
21,4,4,6,4,0,1,2,0,0,1,2,13,0,0,4,5,128,2,4,4,4,4,3,9,13,7,3,1,1,2,10,15
25,4,4,4,5,0,1,2,0,0,1,11,4,0,0,4,5,128,3,2,2,2,2,6,8,12,7,2,1,1,2,10,0
-308,3,3,38,5,0,0,2,0,0,1,6,9,0,0,4,5,128,2,2,2,2,2,5,7,11,7,3,0,1,2,15,30
0,0,0,2,5,0,0,2,0,0,2,1,14,0,0,4,5,128,1,0,0,0,0,6,9,10,9,5,0,0,2,9,45
-2,0,0,4,4,0,0,2,0,0,2,1,14,0,0,4,5,128,1,0,0,0,0,5,8,9,8,4,0,0,2,10,0
8,0,0,0,3,0,0,2,0,0,2,0,1,0,1,4,5,128,1,0,0,0,0,4,7,8,7,4,0,0,2,9,30
4,0,0,10,3,0,0,1,0,0,2,0,2,0,0,4,5,128,0,0,0,0,0,3,6,7,7,3,0,0,2,10,45
8,0,0,8,2,0,0,1,0,0,2,0,17,0,0,4,5,128,0,0,0,0,0,3,6,6,6,3,0,0,2,10,30
-12,0,0,6,2,0,0,1,0,0,1,0,20,0,0,4,5,128,0,0,0,0,0,2,5,5,5,2,0,0,2,10,15
-23,0,0,8,1,0,0,1,0,0,1,0,41,0,0,4,5,128,0,0,0,0,0,3,4,4,4,1,0,0,2,10,30
-76,0,0,10,1,0,0,1,0,0,0,0,55,0,0,4,5,128,0,0,0,0,0,3,3,3,3,1,0,0,2,10,45
9,0,0,2,1,0,0,0,0,0,0,0,57,0,0,4,5,128,0,0,0,0,0,2,2,2,2,1,0,0,2,9,45
15,0,0,0,0,0,0,0,0,0,0,0,72,0,1,4,5,128,0,0,0,0,0,1,1,1,1,0,0,0,2,9,30
2,27,3,55,2,0,0,1,0,0,0,8,7,1,0,3,5,127,1,53,4,5,10,2,3,10,3,2,6,0,2,17,30
-7,26,4,55,3,0,0,3,0,0,0,28,2,1,0,3,5,127,3,49,1,2,7,2,3,10,4,3,6,0,2,17,30
32,25,3,53,3,0,0,2,0,0,0,16,14,0,0,3,5,127,2,49,2,2,9,2,3,10,4,4,6,1,2,17,15
-7,24,2,53,2,0,0,3,1,0,0,4,11,0,0,3,5,127,2,47,0,4,11,2,7,10,5,3,6,1,2,17,15
4,22,2,51,2,0,0,2,1,0,0,7,8,0,0,3,5,127,0,47,4,6,13,6,8,12,6,3,5,1,2,17,0
26,22,2,50,4,0,0,1,1,0,0,7,8,0,0,3,5,127,1,45,2,5,12,6,7,11,6,3,5,0,2,16,30
-20,22,2,51,3,0,0,1,1,0,0,7,8,0,0,3,5,127,1,45,3,5,13,5,6,10,5,2,5,0,2,17,0
26,22,2,44,3,0,0,1,0,0,0,4,11,0,0,3,5,127,1,45,3,7,13,4,5,9,4,2,5,0,2,15,45
-37,22,2,48,2,0,0,1,0,0,0,13,2,0,0,3,5,127,1,45,3,7,13,3,4,8,3,1,5,0,1,16,15
8,22,2,46,1,0,0,1,0,0,0,12,3,0,0,3,5,127,1,45,3,7,13,2,3,7,2,0,5,0,2,16,0
25,22,4,46,3,0,0,0,0,0,0,13,2,0,0,3,5,127,2,43,3,9,14,2,3,8,2,0,5,0,2,16,0
-22,22,4,44,3,0,0,1,0,0,0,10,5,0,0,3,5,127,3,41,3,7,13,1,4,7,2,1,5,0,2,15,45
-24,20,3,43,4,0,0,2,0,0,0,10,5,0,0,3,5,127,2,38,4,6,13,3,4,12,5,3,5,0,2,15,30
24,18,2,35,4,0,2,3,0,0,0,27,3,0,0,3,5,127,3,34,1,5,11,3,5,13,7,3,5,1,2,14,30
8,18,2,36,3,0,2,3,0,0,0,20,10,0,0,3,5,127,2,34,2,5,11,2,4,13,7,2,5,1,2,14,45
-27,18,3,38,2,0,2,3,0,0,0,9,21,0,0,3,5,127,2,34,2,6,12,1,3,12,6,2,5,1,3,15,0
60,16,3,31,4,0,1,3,0,0,0,9,21,0,0,3,5,127,1,32,4,7,16,2,8,15,8,3,5,4,1,13,15
82,16,4,28,4,0,2,3,0,0,0,2,28,0,0,3,5,127,2,30,4,7,15,1,9,15,8,3,4,5,2,13,0
-6,13,1,34,6,0,2,4,0,0,0,13,2,0,0,3,5,127,2,26,3,6,14,8,9,18,11,4,4,4,1,14,15
-25,13,1,36,7,0,2,3,0,0,0,9,6,0,0,3,5,127,3,25,2,6,15,7,8,19,10,4,4,4,2,14,45
-36,13,2,31,7,0,1,3,0,0,0,4,11,0,0,3,5,127,2,25,2,7,15,7,9,18,10,4,3,4,1,13,15
24,13,2,28,6,0,1,3,0,0,0,3,12,0,0,3,5,127,2,25,2,7,15,6,8,17,9,4,3,3,2,13,0
-30,13,2,33,6,0,0,3,0,0,0,2,13,0,0,3,5,127,2,25,2,7,15,5,7,16,8,4,2,3,1,13,45
-86,13,2,38,6,0,0,2,0,0,0,10,5,0,0,3,5,127,1,25,3,8,17,4,8,17,8,4,1,2,3,15,0
-34,12,2,40,6,0,1,1,0,0,0,7,8,0,0,3,5,127,1,24,2,9,16,3,7,16,8,4,0,1,1,15,15
77,12,3,24,6,0,1,1,0,0,0,2,13,0,0,3,5,127,2,23,3,8,15,2,7,16,7,3,0,0,2,12,30
-118,12,3,40,5,0,1,1,0,0,0,8,7,0,0,3,5,127,1,23,4,10,17,1,6,16,7,3,0,0,1,15,15
17,12,6,26,7,0,2,1,0,0,0,6,9,0,0,3,5,127,2,19,6,9,17,5,11,19,9,4,0,0,3,12,45
17,11,5,24,7,0,2,0,0,0,0,5,10,0,0,3,5,127,1,19,6,9,17,4,10,18,9,4,0,0,2,12,30
1,11,6,26,8,0,2,0,0,0,0,14,1,0,0,3,5,127,3,17,4,9,15,4,10,18,8,3,0,0,3,12,45
-33,11,6,28,7,0,2,0,0,0,0,13,2,0,0,3,5,127,3,17,4,9,15,3,9,17,7,3,0,0,2,13,0
23,10,5,21,8,0,2,0,0,0,0,6,9,0,0,3,5,127,3,15,3,7,13,5,10,16,8,4,0,0,1,12,0
-3,8,5,21,8,0,2,0,1,0,0,1,14,0,0,3,5,127,2,13,3,8,13,6,11,18,10,4,0,0,1,12,0
-1,8,5,23,8,0,1,0,1,0,0,13,2,0,0,3,5,127,2,13,5,8,13,6,10,17,9,3,0,0,2,12,15
-273,8,5,48,7,0,1,0,1,0,0,10,5,0,0,3,5,127,2,13,5,8,13,6,9,16,8,3,0,0,1,16,15
6,8,5,17,7,0,0,0,1,0,0,10,5,0,0,3,5,127,2,13,5,8,13,5,8,15,7,3,0,0,2,11,30
4,7,5,15,6,0,0,1,1,0,0,11,4,0,0,3,5,127,1,12,5,8,12,5,10,17,8,3,0,0,2,11,15
-4,7,5,19,6,0,0,2,1,0,0,9,6,0,0,3,5,127,3,10,4,7,10,5,9,17,7,3,0,0,2,11,45
23,5,4,13,5,0,0,2,1,0,0,1,14,0,0,3,5,127,1,9,5,8,10,5,9,16,8,3,0,0,2,11,0
-19,5,4,19,4,0,0,2,3,0,0,11,4,0,0,3,5,127,3,8,3,6,8,4,8,15,7,2,0,0,2,11,45
52,5,4,4,4,0,0,1,3,0,0,6,9,0,0,3,5,127,2,8,4,6,8,5,7,14,7,2,0,0,2,9,45
-34,5,4,13,3,0,1,2,3,0,0,10,5,0,0,3,5,127,2,6,3,5,6,5,8,14,8,3,0,0,2,11,0
-13,5,4,17,3,0,1,2,3,0,0,4,11,0,0,3,5,127,3,5,3,5,5,4,8,13,7,3,0,0,2,11,30
4,3,3,11,3,0,1,2,2,0,0,10,5,0,0,3,5,127,1,5,3,5,5,4,7,14,8,4,0,0,2,10,45
20,2,2,11,2,0,1,2,3,0,0,7,8,0,0,3,5,127,1,4,2,4,4,3,6,13,8,4,0,0,2,10,45
2,2,2,6,2,0,0,2,3,0,0,12,3,0,0,3,5,127,1,4,3,4,4,3,8,12,7,3,0,0,2,10,0
-28,1,1,15,2,0,0,3,3,0,0,3,12,0,0,3,5,127,2,2,2,2,2,4,8,11,7,3,0,0,2,11,15
-3,1,1,8,2,0,0,3,2,0,0,4,11,0,0,3,5,127,1,2,2,2,2,4,7,10,7,4,0,0,1,10,15
-15,1,1,10,2,0,0,3,1,0,1,12,3,0,0,3,5,127,1,1,1,1,1,5,7,9,7,3,0,0,2,10,30
20,1,1,8,3,0,0,2,1,0,1,5,10,0,0,3,5,127,2,0,0,0,0,5,6,8,6,2,0,0,1,10,15
22,0,0,3,2,0,0,2,1,0,1,0,8,0,0,3,5,127,0,0,0,0,0,4,7,7,7,3,0,0,2,9,30
2,0,0,6,2,0,0,1,1,0,1,0,12,0,0,3,5,127,0,0,0,0,0,3,6,6,6,3,0,0,2,10,0
23,0,0,1,2,0,0,1,0,0,1,0,13,0,0,3,5,127,0,0,0,0,0,3,5,5,5,2,0,0,1,9,15
-1,0,0,1,1,0,0,1,0,0,1,0,19,0,0,3,5,127,0,0,0,0,0,2,4,4,4,2,0,0,1,9,15
-373,0,0,40,1,0,0,1,0,0,0,0,43,0,0,3,5,127,0,0,0,0,0,3,3,3,3,2,0,0,1,15,15
1,0,0,0,0,0,0,1,0,0,0,0,61,0,1,3,5,127,0,0,0,0,0,2,2,2,2,2,0,0,2,9,0
-19,0,0,4,0,0,0,0,0,0,0,0,61,0,0,3,5,127,0,0,0,0,0,1,1,1,1,1,0,0,2,9,45
14,21,3,59,0,0,0,0,0,0,0,13,0,1,0,2,5,126,0,59,2,6,14,1,1,5,1,0,8,1,1,17,40
21,17,0,51,4,0,1,1,1,0,0,8,7,0,0,2,5,126,2,51,2,9,14,3,6,13,6,4,8,0,2,16,45
4,17,1,55,3,0,1,1,1,0,0,4,11,0,0,2,5,126,1,51,3,10,14,2,5,12,6,3,8,0,2,17,15
-27,17,3,55,4,0,0,1,1,0,0,9,6,0,0,2,5,126,1,50,8,11,16,3,7,15,6,4,8,1,2,17,15
34,17,3,49,4,0,1,1,1,0,0,3,12,0,0,2,5,126,2,48,7,9,14,3,6,14,6,4,8,1,2,16,30
-24,17,4,53,5,0,1,1,1,0,1,1,14,0,0,2,5,126,2,45,6,8,12,5,7,16,8,5,8,2,2,17,0
-8,17,4,57,6,0,2,1,0,0,1,8,7,0,0,2,5,126,4,42,3,5,9,4,8,15,8,5,8,4,1,17,30
-22,16,3,51,5,0,2,3,0,0,1,11,4,0,0,2,5,126,4,40,3,5,7,4,8,15,9,6,7,4,2,16,45
-53,16,3,53,4,0,3,3,0,0,1,2,13,0,0,2,5,126,4,39,2,5,7,4,9,15,9,6,7,4,2,17,0
35,15,2,47,4,0,3,2,0,0,1,1,14,0,0,2,5,126,3,39,2,5,7,3,8,14,9,5,7,4,2,16,15
35,14,2,37,5,0,4,2,0,0,1,14,1,0,0,2,5,126,4,37,2,4,7,5,8,16,9,5,6,4,3,15,0
-1,14,2,43,5,0,4,2,0,0,0,10,5,0,0,2,5,126,4,37,2,4,7,4,9,16,8,4,6,3,2,15,45
-9,13,1,42,5,0,4,1,0,0,0,0,15,0,0,2,5,126,2,37,3,4,9,5,9,15,9,5,5,3,2,15,30
-33,13,1,49,5,0,3,1,0,0,0,12,3,0,0,2,5,126,2,37,3,4,9,4,8,14,8,4,4,2,2,16,30
-17,13,1,47,4,0,3,1,0,0,0,2,13,0,0,2,5,126,1,37,3,4,10,4,7,14,8,3,4,1,2,16,15
-102,13,1,57,4,0,3,1,0,0,1,9,6,0,0,2,5,126,3,35,2,2,9,5,7,13,7,2,4,1,1,17,30
-30,13,1,39,5,0,2,1,0,0,1,2,13,0,0,2,5,126,3,34,1,2,9,5,7,12,7,2,3,2,1,15,15
-29,13,1,45,4,0,2,1,0,0,1,39,6,0,0,2,5,126,3,34,1,2,10,4,6,12,6,1,3,1,2,16,0
24,12,1,35,4,0,2,1,0,0,1,26,19,0,0,2,5,126,2,33,0,3,13,4,9,11,7,0,3,2,2,14,45
17,12,1,37,4,0,2,0,0,0,1,25,20,0,0,2,5,126,2,33,0,3,13,3,8,10,6,0,3,2,3,15,0
-69,12,1,43,4,0,1,0,0,0,1,24,21,0,0,2,5,126,2,33,0,3,13,2,7,9,5,0,3,2,2,15,45
32,12,2,33,3,0,1,0,0,0,1,13,2,0,0,2,5,126,1,33,3,7,15,6,7,13,5,0,3,2,1,14,15
63,12,2,29,3,0,1,0,0,0,1,3,12,0,0,2,5,126,2,32,3,7,17,5,6,13,4,0,2,2,1,13,0
-97,12,2,39,3,0,0,0,0,0,1,8,7,0,0,2,5,126,2,32,4,8,18,5,6,14,3,0,1,1,1,15,15
-10,11,2,34,3,0,0,0,0,0,2,3,12,0,0,2,5,126,3,30,3,8,17,4,5,13,3,0,1,0,2,14,30
20,11,2,27,3,0,0,0,0,0,1,1,14,0,0,2,5,126,3,30,3,8,17,3,4,12,2,0,1,0,2,12,45
-37,11,2,35,2,0,0,0,0,0,1,13,2,0,0,2,5,126,3,30,4,8,17,2,3,11,1,0,1,0,2,14,45
-35,10,3,32,3,0,0,0,1,0,0,9,6,0,0,2,5,126,2,28,4,9,19,2,3,15,3,3,1,0,1,13,30
-40,10,3,31,4,0,0,2,0,0,0,2,13,0,0,2,5,126,1,25,5,10,17,2,7,18,6,5,1,1,1,13,15
12,8,2,18,8,0,0,2,0,0,0,6,9,0,0,2,5,126,2,20,4,8,15,6,9,18,9,6,1,1,2,11,45
18,7,3,24,9,0,0,2,0,0,0,6,9,0,0,2,5,126,2,18,4,9,14,7,13,19,10,5,0,1,2,12,30
-40,7,3,29,9,0,0,1,0,0,0,2,13,0,0,2,5,126,2,18,5,9,16,6,13,18,9,4,0,0,1,13,0
3,7,4,20,8,0,0,1,0,0,0,14,1,0,0,2,5,126,2,18,5,9,16,5,12,17,8,3,0,0,2,12,0
-11,7,4,27,7,0,0,1,0,0,0,13,2,0,0,2,5,126,2,18,5,10,16,4,11,16,7,3,0,0,2,12,45
-146,7,4,39,6,0,0,1,0,0,0,11,4,0,0,2,5,126,2,18,6,10,16,4,11,15,6,3,0,0,1,15,15
-12,7,4,24,8,0,0,0,1,0,0,1,14,0,0,2,5,126,3,15,4,7,15,5,11,15,7,4,0,0,2,12,30
-10,7,4,22,7,0,0,0,1,0,0,1,14,0,0,2,5,126,3,15,5,7,15,5,10,14,6,3,0,0,3,12,15
-17,6,3,22,8,0,1,0,1,0,0,11,4,0,0,2,5,126,2,12,4,6,12,8,9,16,9,5,0,0,3,12,15
42,6,3,13,7,0,1,0,1,0,0,6,9,0,0,2,5,126,2,12,4,7,12,8,9,17,8,5,0,0,2,11,0
-14,6,3,20,6,0,2,0,1,0,0,4,11,0,0,2,5,126,2,11,3,6,11,7,8,16,8,6,0,0,2,12,0
-1,6,3,15,5,0,2,0,1,0,0,1,14,0,0,2,5,126,2,10,3,6,11,6,7,15,7,6,0,0,1,11,15
-85,4,1,24,4,0,2,2,1,0,0,10,5,0,0,2,5,126,2,9,1,5,9,5,8,14,8,5,0,0,2,12,30
-17,4,2,15,4,0,1,2,1,0,0,6,9,0,0,2,5,126,2,9,2,5,9,4,7,14,7,5,0,0,1,11,15
-8,4,2,17,3,0,1,2,1,0,0,5,10,0,0,2,5,126,2,9,2,5,9,3,6,13,6,4,0,0,2,11,30
-20,3,2,18,3,0,1,2,1,0,0,11,4,0,0,2,5,126,2,8,2,6,8,2,5,12,6,3,0,0,2,11,45
10,3,2,13,3,0,1,2,0,0,0,9,6,0,0,2,5,126,2,8,3,6,8,2,4,11,5,2,0,0,2,11,0
0,3,3,12,4,0,1,2,0,0,0,10,5,0,0,2,5,126,2,6,4,6,6,3,8,13,6,2,0,0,2,10,45
-310,3,3,45,4,0,1,2,0,0,0,1,14,0,0,2,5,126,2,5,5,5,5,3,8,12,6,3,0,0,2,16,0
10,3,3,10,4,0,0,2,0,0,0,14,1,0,0,2,5,126,2,5,5,5,5,2,7,12,5,2,0,0,1,10,30
-25,1,1,10,5,0,1,2,2,0,0,4,11,0,0,2,5,126,3,0,0,0,0,6,8,11,8,6,0,0,1,10,30
-8,0,0,8,5,0,1,1,2,0,0,12,3,0,0,2,5,126,2,0,0,0,0,5,7,10,8,6,0,0,2,10,15
0,0,0,3,5,0,0,1,2,0,0,9,6,0,0,2,5,126,2,0,0,0,0,4,6,9,7,5,0,0,2,9,30
15,0,0,8,5,0,0,0,2,0,0,2,13,0,0,2,5,126,1,0,0,0,0,4,6,8,7,5,0,0,2,10,15
-5,0,0,7,4,0,0,0,2,0,0,0,5,0,0,2,5,126,0,0,0,0,0,3,6,7,7,6,0,0,2,10,0
4,0,0,1,3,0,0,0,2,0,0,0,9,0,0,2,5,126,0,0,0,0,0,2,5,6,6,5,0,0,2,9,15
-4,0,0,5,2,0,0,0,2,0,0,0,23,0,0,2,5,126,0,0,0,0,0,3,5,5,5,5,0,0,1,9,45
9,0,0,3,1,0,0,0,2,0,0,0,39,0,0,2,5,126,0,0,0,0,0,3,4,4,4,4,0,0,2,9,30
-21,0,0,5,0,0,0,0,2,0,0,0,53,0,0,2,5,126,0,0,0,0,0,3,3,3,3,3,0,0,1,9,45
-11,0,0,1,0,0,0,0,1,0,0,0,62,0,0,2,5,126,0,0,0,0,0,2,2,2,2,2,0,0,2,9,15
-1,0,0,0,0,0,0,0,0,0,0,0,74,0,1,2,5,126,0,0,0,0,0,1,1,1,1,1,0,0,2,9,0
16,29,2,56,2,0,0,1,0,0,0,5,10,1,0,6,5,123,1,54,2,7,17,2,3,9,3,1,7,0,1,17,30
15,29,6,56,3,0,0,1,0,0,0,7,8,1,0,6,5,123,2,52,4,10,16,2,4,12,3,1,7,0,1,17,30
17,28,8,54,4,0,0,2,0,0,0,1,14,0,0,6,5,123,2,49,5,12,15,3,5,14,5,2,7,1,2,17,15
-12,27,8,52,5,0,0,3,0,0,0,4,11,0,0,6,5,123,3,46,4,9,12,2,6,15,6,4,7,1,2,17,0
-13,26,8,54,5,0,0,2,0,0,0,12,3,0,0,6,5,123,2,46,7,9,13,2,6,14,6,5,7,2,2,17,15
-32,21,4,52,10,0,0,1,2,0,0,13,2,0,0,6,5,123,3,39,2,3,7,5,10,18,11,7,7,3,2,17,0
-8,21,4,51,10,0,0,1,2,0,0,9,6,0,0,6,5,123,4,37,2,3,6,4,9,17,10,6,6,3,2,16,45
4,20,4,48,9,0,0,2,2,0,0,11,4,0,0,6,5,123,4,37,1,3,9,5,10,16,10,6,6,2,2,16,15
59,19,3,39,8,0,0,2,2,0,0,5,10,0,0,6,5,123,3,37,1,3,9,5,10,15,10,6,6,3,2,15,0
14,19,3,43,7,0,0,2,2,0,0,1,14,0,0,6,5,123,3,37,1,3,9,5,9,14,9,6,5,3,2,15,30
2,18,2,49,6,0,0,3,2,0,0,6,9,0,0,6,5,123,3,36,1,4,9,5,8,13,9,6,5,2,1,16,30
17,18,2,43,5,0,0,3,2,0,0,6,9,0,0,6,5,123,3,36,1,4,9,4,7,12,8,5,5,2,2,15,30
5,17,1,47,4,0,0,3,2,0,0,8,7,0,0,6,5,123,2,36,2,4,9,6,8,11,8,6,5,3,1,16,0
8,17,2,45,3,0,0,3,2,0,0,2,13,0,0,6,5,123,2,36,2,4,9,5,8,10,7,6,5,3,1,15,45
35,17,2,45,2,0,0,3,2,0,0,0,15,0,0,6,5,123,2,36,2,4,9,4,8,9,6,6,4,3,1,15,45
9,17,2,41,2,0,0,3,2,0,0,5,10,0,0,6,5,123,2,35,3,3,10,3,8,9,6,6,4,2,2,15,15
-18,16,1,49,3,0,0,2,2,0,0,1,14,0,0,6,5,123,2,34,2,3,9,2,7,8,6,6,4,2,1,16,30
0,16,1,41,3,0,0,2,1,0,0,9,6,0,0,6,5,123,2,34,2,6,10,3,6,7,5,5,3,2,2,15,15
124,16,4,34,5,0,0,2,0,0,0,27,18,0,0,6,5,123,3,32,3,5,11,5,5,11,5,5,3,1,1,13,30
-54,16,4,39,4,0,0,2,0,0,0,25,20,0,0,6,5,123,3,32,4,5,11,4,4,10,4,4,2,1,2,15,0
19,16,5,37,4,0,0,1,0,0,0,21,24,0,0,6,5,123,3,32,4,5,13,3,3,11,3,3,2,0,2,14,45
-5,15,4,37,3,0,0,1,0,0,0,17,28,0,0,6,5,123,2,32,4,5,13,2,2,11,3,2,2,0,2,14,45
1,15,4,36,2,0,0,1,0,0,0,14,31,0,0,6,5,123,2,32,4,5,14,1,1,10,2,1,2,0,2,14,30
-47,11,3,35,5,0,1,2,0,0,0,11,4,0,0,6,5,123,3,26,4,8,15,4,9,16,6,3,2,1,1,14,15
50,10,2,21,7,0,1,2,0,0,0,8,7,0,0,6,5,123,4,23,3,6,13,6,8,17,7,2,2,1,2,11,45
-34,10,2,32,7,0,0,2,0,0,0,0,15,0,0,6,5,123,3,23,5,8,14,7,8,18,7,3,1,1,1,13,15
1,10,3,30,6,0,0,2,0,0,0,12,3,0,0,6,5,123,2,23,5,9,14,6,7,17,7,3,1,0,2,13,0
92,10,4,25,7,0,0,2,0,0,0,2,13,0,0,6,5,123,4,21,4,8,13,5,9,16,6,2,1,0,1,12,15
-38,10,4,30,6,0,0,2,0,0,0,12,3,0,0,6,5,123,3,21,4,9,14,4,8,15,6,2,1,0,2,13,0
7,10,4,32,5,0,0,2,0,0,0,8,7,0,0,6,5,123,3,21,4,9,14,3,7,15,5,1,1,0,1,13,15
54,10,4,23,6,0,0,1,0,0,0,8,7,0,0,6,5,123,4,20,3,8,13,2,6,14,4,0,1,0,2,12,0
43,10,5,27,6,0,0,1,0,0,0,2,13,0,0,6,5,123,4,19,4,7,12,1,6,13,4,1,1,0,2,12,30
-46,8,5,28,8,0,0,1,0,0,1,2,13,0,0,6,5,123,3,15,3,5,12,5,10,14,8,5,1,0,2,12,45
28,7,5,17,7,0,0,2,0,0,1,10,5,0,0,6,5,123,3,14,3,5,11,6,10,14,8,5,1,0,2,11,15
-55,7,5,28,6,0,0,2,0,0,1,7,8,0,0,6,5,123,2,14,3,5,11,5,9,15,8,6,1,0,2,12,45
-10,6,4,21,6,0,0,2,1,0,0,3,12,0,0,6,5,123,2,13,2,5,10,4,8,15,8,6,1,0,2,11,45
15,5,4,16,6,0,0,2,1,0,0,5,10,0,0,6,5,123,2,12,2,5,12,6,8,14,8,5,1,1,2,11,0
-2,5,4,25,5,0,0,2,1,0,0,1,14,0,0,6,5,123,2,12,3,5,12,6,7,13,7,5,1,1,1,12,15
-40,5,4,23,4,0,0,2,1,0,0,0,15,0,0,6,5,123,2,12,3,5,12,5,6,12,6,5,1,1,2,12,0
-4,3,2,19,4,0,0,3,1,0,0,10,5,0,0,6,5,123,2,10,3,6,10,5,6,14,7,5,1,1,2,11,30
16,3,2,19,3,0,0,3,1,0,0,10,5,0,0,6,5,123,2,10,3,6,10,4,5,13,6,4,1,1,2,11,30
-7,3,2,17,2,0,0,3,1,0,0,7,8,0,0,6,5,123,2,10,3,7,10,3,4,12,5,3,1,1,2,11,15
14,2,1,13,2,0,0,3,0,0,0,1,14,0,0,6,5,123,1,9,3,7,10,2,4,16,5,3,1,1,1,10,30
80,1,1,6,4,0,0,3,0,0,0,11,4,0,0,6,5,123,1,7,3,5,7,2,7,15,7,6,0,1,2,9,45
7,1,1,15,3,0,0,4,0,0,0,14,1,0,0,6,5,123,2,6,3,6,6,3,6,14,6,5,0,0,1,10,45
29,1,1,9,3,0,0,5,1,0,0,2,13,0,0,6,5,123,2,3,3,3,3,5,13,13,8,6,0,0,2,10,0
-12,1,1,11,2,0,0,5,1,0,0,0,15,0,0,6,5,123,2,3,3,3,3,4,12,12,7,5,0,0,2,10,15
14,1,1,6,1,0,0,5,1,0,0,10,5,0,0,6,5,123,2,3,3,3,3,4,11,11,6,4,0,0,2,9,45
-5,1,1,6,1,0,0,4,1,0,0,9,6,0,0,6,5,123,1,3,3,3,3,4,10,10,6,3,0,0,2,9,45
-23,0,0,13,1,0,0,3,1,0,0,4,11,0,0,6,5,123,0,3,3,3,3,3,9,9,6,3,0,0,1,10,30
-5,0,0,2,1,0,0,4,1,0,1,0,18,0,0,6,5,123,1,0,0,0,0,8,8,8,7,2,0,0,2,9,15
-35,0,0,11,1,0,0,3,1,0,1,0,20,0,0,6,5,123,0,0,0,0,0,7,7,7,7,3,0,0,2,10,15
47,0,0,4,1,0,0,2,1,0,1,0,27,0,0,6,5,123,0,0,0,0,0,6,6,6,6,3,0,0,3,9,30
-37,0,0,4,1,0,0,1,1,0,1,0,38,0,0,6,5,123,0,0,0,0,0,5,5,5,5,2,0,0,3,9,30
-33,0,0,2,0,0,0,1,1,0,1,0,40,0,0,6,5,123,0,0,0,0,0,4,4,4,4,2,0,0,2,9,15
6,0,0,0,0,0,0,1,0,0,1,0,40,0,1,6,5,123,0,0,0,0,0,3,3,3,3,1,0,0,2,9,0
-14,0,0,0,0,0,0,1,0,0,0,0,43,0,1,6,5,123,0,0,0,0,0,2,2,2,2,1,0,0,2,9,0
-31,0,0,9,0,0,0,0,0,0,0,0,43,0,0,6,5,123,0,0,0,0,0,1,1,1,1,1,0,0,2,10,0
-43,18,4,45,1,0,1,1,0,0,0,9,6,1,0,5,5,122,2,42,4,9,16,2,6,12,2,1,4,1,2,18,0
-28,18,4,42,1,0,0,1,1,0,1,15,15,0,0,5,5,122,2,40,4,7,15,2,7,12,3,0,4,0,1,17,15
-11,17,4,42,2,0,1,0,1,0,2,7,8,0,0,5,5,122,2,37,4,7,12,5,6,14,5,2,4,0,1,17,15
-38,14,1,44,2,0,1,1,1,0,2,6,9,0,0,5,5,122,1,35,3,6,11,5,7,15,7,5,4,1,1,17,30
-6,14,1,39,2,0,1,2,1,0,1,0,15,0,0,5,5,122,1,34,4,8,10,4,7,15,7,6,4,1,2,16,45
0,14,1,35,3,0,0,2,1,0,1,12,3,0,0,5,5,122,2,33,3,7,9,3,6,14,6,5,4,1,2,16,15
2,14,1,37,3,0,0,2,0,0,1,8,7,0,0,5,5,122,2,33,3,7,9,2,6,13,5,4,4,1,1,16,30
-33,14,1,40,3,0,0,2,0,0,0,6,9,0,0,5,5,122,2,33,3,8,9,1,5,12,4,3,4,1,2,17,0
-26,13,1,37,5,0,1,1,0,0,1,12,3,0,0,5,5,122,2,29,4,4,8,6,10,13,7,5,3,3,1,16,30
27,13,1,28,4,0,1,1,0,0,1,9,6,0,0,5,5,122,2,29,4,5,9,6,9,13,6,4,3,2,1,15,0
22,13,1,32,3,0,1,1,0,0,1,4,11,0,0,5,5,122,1,29,4,5,10,5,9,12,6,4,3,2,2,15,45
0,13,1,35,4,0,1,1,0,0,2,11,4,0,0,5,5,122,2,26,1,2,7,5,8,12,7,4,3,2,2,16,15
-7,13,1,30,5,0,0,1,0,0,2,0,15,0,0,5,5,122,3,25,0,2,7,5,7,11,6,3,2,2,1,15,30
-11,13,1,29,5,0,0,1,0,0,1,14,1,0,0,5,5,122,3,25,0,2,7,5,6,10,5,3,2,1,2,15,15
-74,13,1,40,5,0,0,0,0,0,1,11,4,0,0,5,5,122,3,25,1,2,8,4,5,9,4,2,1,1,2,17,0
-33,13,1,30,4,0,0,0,0,0,1,2,13,0,0,5,5,122,2,25,1,2,9,4,5,8,4,2,1,0,1,15,30
-22,12,0,33,3,0,0,0,0,0,1,4,11,0,0,5,5,122,0,25,1,3,11,3,5,9,5,3,1,0,2,16,0
-6,12,1,26,3,0,0,0,0,0,0,0,15,0,0,5,5,122,0,25,2,4,12,2,4,8,4,2,1,0,1,14,45
-54,12,1,33,3,0,0,0,0,0,0,35,10,0,0,5,5,122,1,24,1,5,12,1,4,7,3,2,1,0,2,16,0
-59,12,4,26,3,0,0,0,0,0,0,4,41,0,0,5,5,122,1,23,4,7,14,3,4,11,3,1,1,0,1,14,45
15,12,4,24,2,0,0,0,0,0,0,1,44,0,0,5,5,122,1,23,4,7,14,3,3,10,2,1,1,0,1,14,15
-1,11,4,25,4,0,0,0,0,0,0,9,6,0,0,5,5,122,2,20,3,8,13,2,4,11,3,2,1,0,2,14,30
-5,11,5,23,4,0,0,0,0,0,0,3,12,0,0,5,5,122,3,19,3,7,12,1,3,11,2,1,1,0,1,13,30
17,8,3,20,6,0,0,0,0,0,0,14,1,0,0,5,5,122,2,16,5,8,11,4,7,13,5,3,1,1,1,13,0
-27,8,3,20,5,0,0,0,0,0,0,9,6,0,0,5,5,122,1,16,6,8,11,4,6,13,5,3,1,1,1,13,0
15,6,2,18,6,0,0,2,0,0,0,3,12,0,0,5,5,122,2,12,3,5,11,5,8,13,7,4,1,1,2,12,45
20,5,2,16,6,0,0,2,0,0,0,2,13,0,0,5,5,122,2,11,2,4,10,4,7,12,7,3,0,1,2,12,30
29,5,2,15,5,0,0,2,0,0,0,11,4,0,0,5,5,122,2,11,3,4,10,3,8,12,6,2,0,0,2,12,15
-60,5,2,22,5,0,0,2,0,0,0,4,11,0,0,5,5,122,2,10,2,3,9,2,7,11,6,2,0,0,1,13,15
-20,5,2,18,4,0,0,2,0,0,0,2,13,0,0,5,5,122,2,10,2,3,10,1,6,11,5,1,0,0,2,12,45
5,4,2,13,7,0,0,1,0,0,0,12,18,0,0,5,5,122,2,7,1,4,7,6,7,13,7,4,0,0,1,12,0
-34,4,2,16,6,0,0,1,0,0,0,12,18,0,0,5,5,122,2,7,1,4,7,5,6,12,6,4,0,0,2,12,30
-19,4,3,13,5,0,0,1,0,0,0,4,26,0,0,5,5,122,2,7,2,6,7,4,6,12,5,4,0,0,1,12,0
-21,3,2,11,4,0,0,1,0,0,0,0,30,0,0,5,5,122,1,7,2,6,7,3,5,11,5,3,0,0,2,11,45
32,3,2,9,3,0,0,1,0,0,0,12,3,0,0,5,5,122,1,7,2,6,7,2,5,10,4,2,0,0,2,11,30
35,3,3,11,3,0,0,1,0,0,0,0,15,0,0,5,5,122,1,6,3,6,6,2,5,11,4,3,0,0,2,11,45
32,2,2,4,2,0,0,1,0,0,1,9,6,0,0,5,5,122,0,5,4,5,5,3,5,10,5,4,0,0,2,10,30
11,2,2,3,4,0,0,1,0,0,0,6,9,0,0,5,5,122,2,3,3,3,3,3,7,9,4,4,0,0,2,10,15
-41,1,1,9,6,0,0,0,0,0,0,13,2,0,0,5,5,122,2,1,1,1,1,3,6,8,5,4,0,0,2,11,30
12,0,0,8,5,0,0,0,0,0,0,4,11,0,0,5,5,122,0,1,1,1,1,4,7,7,6,4,0,0,2,11,0
-13,0,0,6,4,0,0,0,0,0,1,0,15,0,0,5,5,122,0,0,0,0,0,4,6,6,6,3,0,0,1,10,45
-7,0,0,1,3,0,0,0,0,0,1,0,21,0,0,5,5,122,0,0,0,0,0,4,5,5,5,2,0,0,1,10,0
-44,0,0,6,2,0,0,0,0,0,1,0,25,0,0,5,5,122,0,0,0,0,0,3,4,4,4,1,0,0,1,10,45
5,0,0,1,1,0,0,0,0,0,1,0,35,0,0,5,5,122,0,0,0,0,0,3,3,3,3,1,0,0,1,10,0
-58,0,0,4,1,0,0,0,0,0,0,0,49,0,0,5,5,122,0,0,0,0,0,2,2,2,2,0,0,0,2,10,30
7,0,0,0,0,0,0,0,0,0,0,0,55,0,1,5,5,122,0,0,0,0,0,1,1,1,1,0,0,0,2,9,45
31,36,3,54,0,0,0,0,0,0,0,28,0,1,0,4,5,121,0,55,2,4,14,1,1,6,1,0,3,0,1,17,30
1,32,3,53,4,0,0,1,1,0,0,1,29,0,0,4,5,121,2,48,6,8,12,5,7,14,5,3,3,2,2,17,15
7,32,3,51,4,0,0,1,0,0,0,13,2,0,0,4,5,121,2,48,7,9,12,4,6,13,4,2,3,2,1,17,0
12,31,2,49,3,0,0,2,0,0,0,10,5,0,0,4,5,121,2,47,7,8,11,3,5,12,4,1,3,2,2,16,30
0,31,3,54,3,0,0,2,0,0,0,6,9,1,0,4,5,121,2,46,6,7,10,2,4,11,4,0,3,2,1,17,30
-5,31,3,51,2,0,0,2,0,0,0,3,12,0,0,4,5,121,2,46,6,7,10,1,3,10,3,0,2,2,1,17,0
-8,29,4,49,5,0,0,3,1,0,0,14,1,0,0,4,5,121,5,40,1,3,8,3,5,12,5,2,1,1,2,16,30
16,29,4,45,4,0,0,3,1,0,0,6,9,0,0,4,5,121,4,40,3,3,9,2,7,12,5,2,1,0,2,16,0
12,28,3,47,4,0,1,2,1,0,0,2,13,0,0,4,5,121,3,39,2,3,10,3,7,12,6,1,1,1,2,16,15
10,26,1,45,6,0,1,1,1,0,0,4,11,0,0,4,5,121,3,37,0,3,9,5,8,11,7,3,1,1,2,16,0
-9,26,1,43,5,0,1,1,1,0,0,4,11,0,0,4,5,121,3,37,0,4,9,4,7,10,6,3,1,1,2,15,45
-4,25,1,43,4,0,1,1,1,0,0,12,3,0,0,4,5,121,2,37,2,5,12,6,7,11,6,4,1,1,2,15,45
-16,25,3,47,3,0,1,1,1,0,0,9,6,0,0,4,5,121,2,37,2,6,13,5,7,10,5,4,1,1,2,16,15
24,25,3,38,2,0,1,1,1,0,0,8,7,0,0,4,5,121,2,37,2,6,14,4,6,9,4,3,1,1,2,15,0
2,25,3,40,2,0,0,1,1,0,0,2,13,0,0,4,5,121,1,37,4,7,15,3,5,8,4,3,0,1,1,15,15
11,25,4,38,2,0,1,1,0,0,0,46,14,0,0,4,5,121,2,36,4,7,16,3,5,10,3,2,0,0,2,15,0
-41,25,4,40,2,0,1,1,0,0,0,45,15,0,0,4,5,121,3,35,3,6,15,2,4,9,2,1,0,0,1,15,15
-32,24,4,36,4,0,1,1,0,0,0,22,38,0,0,4,5,121,3,32,3,4,15,2,5,13,4,2,0,0,2,14,45
-32,23,4,35,3,0,1,1,0,0,0,11,49,0,0,4,5,121,2,32,3,7,17,2,4,13,4,2,0,0,2,14,30
12,21,3,34,4,0,1,2,0,0,0,5,10,0,0,4,5,121,2,29,3,8,17,3,4,14,6,4,0,0,1,13,30
-119,20,5,42,5,0,0,2,0,0,0,14,1,0,0,4,5,121,2,28,6,11,18,2,8,15,6,4,0,0,2,15,30
53,20,5,30,4,0,0,2,0,0,0,14,1,0,0,4,5,121,2,28,6,11,18,1,7,14,5,3,0,0,2,13,0
19,18,8,26,9,0,0,2,0,0,0,10,5,0,0,4,5,121,3,22,5,8,14,7,11,14,9,4,0,0,2,12,30
25,16,7,32,10,0,0,2,0,0,0,4,11,0,0,4,5,121,3,20,4,8,14,7,10,14,10,5,0,0,1,13,15
14,16,7,36,9,0,0,2,0,0,0,1,14,0,0,4,5,121,3,20,5,8,14,7,9,14,9,5,0,0,2,14,45
-6,16,7,28,8,0,0,2,0,0,0,13,2,0,0,4,5,121,3,20,5,8,14,6,8,14,8,4,0,0,2,12,45
-3,15,6,26,10,0,0,2,0,0,0,4,11,0,0,4,5,121,4,17,2,5,12,7,9,15,9,5,0,0,2,12,30
5,15,7,24,9,0,0,2,0,0,0,0,15,0,0,4,5,121,4,17,3,7,13,6,8,14,8,5,0,0,2,12,15
6,14,7,32,8,0,0,2,0,0,0,12,3,0,0,4,5,121,3,17,3,7,13,5,7,15,8,4,0,0,1,13,15
32,14,7,22,7,0,0,2,0,0,0,10,5,0,0,4,5,121,3,17,3,8,14,4,6,14,7,3,0,0,2,12,0
25,13,6,28,8,0,0,1,0,0,0,3,12,0,0,4,5,121,3,16,4,8,13,3,5,13,7,2,0,0,2,12,45
-6,12,6,30,9,0,0,0,0,0,0,11,4,0,0,4,5,121,3,15,3,7,13,2,5,12,7,3,0,0,2,13,0
5,11,5,22,8,0,0,0,0,0,0,5,10,0,0,4,5,121,2,15,3,7,13,3,4,12,7,3,0,0,2,12,0
-11,9,6,19,9,0,0,1,0,0,0,10,5,0,0,4,5,121,2,12,4,7,11,3,7,13,9,3,0,0,2,11,30
7,9,6,20,8,0,0,1,0,0,0,7,8,0,0,4,5,121,2,12,4,7,11,2,6,13,8,2,0,0,2,11,45
42,6,5,17,10,0,0,1,0,0,1,1,14,0,0,4,5,121,2,8,2,6,8,3,8,14,11,5,0,0,1,11,15
3,4,3,13,10,0,0,1,0,0,0,10,5,0,0,4,5,121,0,8,5,6,8,7,9,16,12,5,0,0,2,10,45
-5,4,4,15,11,0,0,1,0,0,0,4,11,0,0,4,5,121,2,6,3,4,6,6,8,16,11,4,0,0,2,11,0
52,3,3,13,10,0,0,1,0,0,0,15,15,0,0,4,5,121,1,6,4,5,6,5,7,16,11,4,0,0,2,10,45
-2,3,3,24,10,0,0,1,0,0,0,10,5,0,0,4,5,121,2,5,3,4,5,4,7,15,10,4,0,0,2,12,15
29,3,3,17,9,0,0,1,0,0,0,4,11,0,0,4,5,121,2,5,3,4,5,4,7,14,9,3,0,0,1,11,15
35,3,3,20,8,0,0,1,0,0,1,14,1,0,0,4,5,121,3,4,2,3,4,4,6,15,8,2,0,0,2,11,45
62,3,3,11,7,0,0,1,0,0,1,13,2,0,0,4,5,121,3,4,2,3,4,3,5,14,7,2,0,0,2,10,30
54,1,1,11,7,0,0,2,0,0,1,8,7,0,0,4,5,121,2,2,1,2,2,4,7,13,9,4,0,0,2,10,30
60,1,1,7,6,0,0,2,0,0,1,3,12,0,0,4,5,121,1,2,1,2,2,3,6,12,9,5,0,0,2,10,0
14,0,0,9,6,0,0,2,0,0,1,13,2,0,0,4,5,121,1,1,1,1,1,4,9,11,9,4,0,0,2,10,15
10,0,0,1,6,0,0,2,0,0,0,9,6,0,0,4,5,121,1,1,1,1,1,4,8,10,8,4,0,0,2,9,15
3,0,0,9,5,0,0,2,0,0,0,0,4,0,0,4,5,121,0,1,1,1,1,5,9,9,8,5,0,0,2,10,15
78,0,0,5,6,0,0,1,0,0,0,0,14,0,0,4,5,121,0,0,0,0,0,5,8,8,8,5,0,0,2,9,45
31,0,0,7,5,0,0,1,0,0,0,0,18,0,0,4,5,121,0,0,0,0,0,5,7,7,7,4,0,0,2,10,0
27,0,0,3,3,0,0,1,0,0,0,0,32,0,0,4,5,121,0,0,0,0,0,6,6,6,6,4,0,0,2,9,30
-13,0,0,0,3,0,0,1,0,0,0,0,32,0,1,4,5,121,0,0,0,0,0,6,6,6,6,4,0,0,2,9,0
-12,0,0,5,2,0,0,1,0,0,0,0,41,0,0,4,5,121,0,0,0,0,0,4,4,4,4,4,0,0,2,9,45
-17,0,0,1,1,0,0,1,0,0,0,0,45,0,0,4,5,121,0,0,0,0,0,3,3,3,3,3,0,0,2,9,15
-64,0,0,15,0,0,0,1,0,0,0,0,59,0,0,4,5,121,0,0,0,0,0,2,2,2,2,2,0,0,2,11,0
16,0,0,3,0,0,0,0,0,0,0,0,59,0,0,4,5,121,0,0,0,0,0,1,1,1,1,1,0,0,2,9,30
17,23,3,56,1,0,1,2,1,0,0,12,3,0,0,3,4,120,1,53,2,5,11,4,6,11,5,3,9,3,1,17,30
27,23,3,52,1,0,0,2,1,0,0,11,4,0,0,3,4,120,1,53,4,7,14,4,7,12,4,2,8,3,2,17,0
-22,23,3,58,1,0,0,1,1,0,0,8,7,1,0,3,4,120,1,53,5,8,14,4,6,11,3,2,7,2,1,18,0
29,22,2,51,2,0,0,1,1,0,0,12,3,0,0,3,4,120,2,51,3,6,13,3,6,11,3,2,6,2,2,16,45
-17,21,2,56,3,0,1,1,0,0,0,0,15,0,0,3,4,120,2,49,3,7,13,4,5,12,4,3,6,1,1,17,30
-21,21,3,52,3,0,1,1,0,0,0,9,6,0,0,3,4,120,3,48,3,6,13,3,4,12,3,3,6,1,2,17,0
4,20,2,49,2,0,1,2,0,0,0,9,6,0,0,3,4,120,2,47,3,5,14,3,5,13,4,3,6,2,1,16,30
-63,20,2,54,1,0,1,2,0,0,0,6,9,0,0,3,4,120,2,47,4,6,16,2,4,12,3,2,6,2,2,17,15
17,20,2,49,2,0,1,2,0,0,0,3,12,0,0,3,4,120,3,45,3,6,15,2,6,12,3,1,5,2,1,16,30
4,18,0,40,3,0,1,1,1,0,1,6,9,0,0,3,4,120,1,42,3,7,14,4,9,14,7,3,5,2,3,15,30
34,18,0,42,3,0,0,1,1,0,1,1,14,0,0,3,4,120,1,42,4,8,15,4,8,13,6,3,4,2,2,15,45
-1,18,1,45,3,0,0,1,1,0,1,1,14,0,0,3,4,120,1,41,5,10,15,5,8,12,6,3,4,1,2,16,0
-27,18,1,47,4,0,0,0,1,0,1,13,2,0,0,3,4,120,1,40,4,9,15,4,7,11,6,3,4,1,2,16,15
-22,18,1,40,4,0,1,0,0,0,1,5,10,0,0,3,4,120,2,39,4,8,15,5,7,12,5,2,4,1,3,15,30
-37,18,2,45,4,0,1,0,0,0,1,11,4,0,0,3,4,120,2,38,5,8,14,4,7,12,5,3,4,1,2,16,0
-33,18,3,47,4,0,1,0,0,0,1,6,9,0,0,3,4,120,2,37,6,8,13,4,6,11,5,3,4,1,2,16,15
10,18,3,38,4,0,1,1,0,0,0,12,3,0,0,3,4,120,2,36,5,7,12,3,7,10,5,2,4,1,2,15,15
-1,18,4,36,4,0,1,1,0,0,0,8,7,0,0,3,4,120,3,35,4,6,11,2,6,9,4,1,3,1,2,15,0
-7,18,5,34,6,0,0,1,0,0,0,40,5,0,0,3,4,120,2,33,3,6,10,3,5,10,6,3,3,0,2,14,45
-24,17,7,34,5,0,1,1,1,0,0,20,25,0,0,3,4,120,2,31,4,7,11,4,6,14,7,4,3,1,2,14,45
-1,16,6,32,4,0,1,1,2,0,0,18,27,0,0,3,4,120,2,30,3,6,10,3,5,13,7,5,3,1,1,14,15
-65,15,6,36,4,0,0,2,2,0,0,14,1,0,0,3,4,120,2,29,4,5,12,2,5,13,7,5,3,1,2,15,0
-61,15,6,42,3,0,0,2,2,0,0,13,2,0,0,3,4,120,2,29,4,5,12,1,4,12,6,5,3,1,2,15,45
-74,11,3,42,5,0,1,2,2,0,0,12,3,0,0,3,4,120,2,25,1,4,11,3,9,16,9,7,2,2,2,15,45
-12,10,2,33,5,0,1,1,3,0,0,6,9,0,0,3,4,120,2,24,0,4,11,2,9,15,9,7,2,1,2,14,30
22,10,2,30,5,0,1,1,2,0,0,14,1,0,0,3,4,120,2,24,1,5,11,3,8,15,8,6,2,1,1,13,15
54,9,3,21,5,0,0,1,2,0,0,5,10,0,0,3,4,120,0,24,4,7,15,7,11,17,9,5,1,2,1,12,0
55,9,3,25,5,0,0,1,1,0,0,3,12,0,0,3,4,120,0,24,4,7,15,6,10,16,8,5,1,1,2,12,30
50,9,3,29,5,0,0,1,1,0,0,9,6,0,0,3,4,120,1,23,5,8,15,6,10,15,7,4,1,1,1,13,0
32,9,3,31,4,0,0,1,1,0,0,8,7,0,0,3,4,120,1,23,5,8,15,5,9,14,6,3,1,1,1,13,30
63,8,2,21,4,0,1,1,1,0,0,0,15,0,0,3,4,120,2,21,4,7,14,4,8,14,6,2,1,1,1,12,0
5,8,2,25,4,0,1,1,0,0,0,13,2,0,0,3,4,120,2,21,4,7,14,3,8,13,5,1,1,1,2,12,30
-2,8,2,27,3,0,1,1,0,0,0,11,4,0,0,3,4,120,1,21,4,7,14,2,7,12,5,2,1,1,1,12,45
-18,7,3,21,4,0,1,1,0,0,0,9,6,0,0,3,4,120,1,19,3,6,13,5,9,14,6,3,1,1,1,12,0
46,6,3,24,5,0,1,1,0,0,0,10,5,0,0,3,4,120,2,17,3,6,13,5,9,18,6,3,1,1,2,12,15
-319,6,3,54,5,0,0,1,0,0,0,8,7,0,0,3,4,120,1,17,3,7,13,4,8,17,6,4,0,1,2,17,15
27,6,3,27,5,0,0,0,0,0,0,7,8,0,0,3,4,120,0,17,4,8,14,3,7,16,6,3,0,0,1,12,45
6,6,3,17,4,0,0,0,0,0,0,29,1,0,0,3,4,120,0,17,4,8,14,3,6,15,5,2,0,0,2,11,30
16,6,5,19,5,0,0,1,0,0,0,14,16,0,0,3,4,120,2,14,3,7,13,5,6,14,5,2,0,0,3,11,45
-22,6,5,19,5,0,0,1,0,0,0,2,28,0,0,3,4,120,3,13,4,6,12,4,6,14,4,2,0,0,3,11,45
-8,5,4,17,4,0,0,1,0,0,0,14,1,0,0,3,4,120,2,13,4,7,12,3,7,13,4,1,0,0,2,11,30
27,4,3,15,3,0,0,1,0,0,0,10,5,0,0,3,4,120,1,13,5,7,13,2,6,12,4,1,0,0,2,11,15
-14,4,3,15,2,0,0,2,0,0,0,9,6,0,0,3,4,120,2,12,4,6,12,1,5,11,3,1,0,0,2,11,15
38,1,1,7,2,0,1,3,2,0,0,4,11,0,0,3,4,120,3,7,1,4,7,6,9,14,6,3,0,0,2,10,0
27,1,1,5,2,0,0,3,2,0,0,10,5,0,0,3,4,120,1,7,3,6,7,8,8,14,7,4,0,0,2,9,45
1,1,1,13,2,0,0,2,3,0,0,0,15,0,0,3,4,120,1,6,3,5,6,7,8,14,7,5,0,0,2,10,45
-37,1,1,11,2,0,0,1,3,0,0,14,1,0,0,3,4,120,1,6,3,5,6,6,7,13,6,5,0,0,2,10,30
12,1,1,7,2,0,0,1,2,0,0,8,7,0,0,3,4,120,1,6,3,6,6,5,6,12,5,4,0,0,2,10,0
-17,1,1,13,2,0,0,0,2,0,0,6,9,0,0,3,4,120,1,6,3,6,6,4,5,11,4,3,0,0,2,10,45
13,1,1,11,1,0,0,0,2,0,0,3,12,0,0,3,4,120,1,6,3,6,6,3,4,10,3,2,0,0,2,10,30
-12,1,1,9,1,0,0,0,1,0,0,3,12,0,0,3,4,120,1,6,3,6,6,2,3,9,2,2,0,0,2,10,15
-13,1,1,9,1,0,0,1,1,0,0,14,1,0,0,3,4,120,2,4,3,4,4,1,2,8,2,2,0,0,2,10,15
-350,0,0,38,1,0,1,2,1,0,0,0,6,0,0,3,4,120,2,1,1,1,1,2,7,7,4,3,0,0,2,15,15
-13,0,0,5,1,0,1,2,0,0,1,0,32,0,0,3,4,120,1,0,0,0,0,4,6,6,5,4,0,0,2,9,45
16,0,0,0,0,0,1,2,0,0,1,0,36,0,1,3,4,120,1,0,0,0,0,5,5,5,4,3,0,0,1,9,0
-36,0,0,2,0,0,0,2,0,0,1,0,38,0,0,3,4,120,1,0,0,0,0,4,4,4,3,2,0,0,2,9,15
-30,0,0,3,0,0,0,1,0,0,1,0,45,0,0,3,4,120,0,0,0,0,0,3,3,3,3,2,0,0,2,9,30
-39,0,0,0,0,0,0,1,0,0,0,0,63,0,1,3,4,120,0,0,0,0,0,2,2,2,2,1,0,0,1,9,0
-48,0,0,3,0,0,0,0,0,0,0,0,65,0,0,3,4,120,0,0,0,0,0,1,1,1,1,1,0,0,2,9,30
17,16,0,49,0,0,0,0,0,0,0,0,0,1,0,2,4,119,0,50,2,4,12,1,2,7,1,0,3,0,2,17,30
-13,16,1,45,2,0,0,1,0,0,0,20,10,0,0,2,4,119,2,46,4,7,14,3,6,11,2,2,3,1,2,17,0
-42,16,2,47,2,0,0,1,0,0,0,9,21,0,0,2,4,119,1,45,4,7,14,2,6,11,3,2,3,1,2,17,15
-56,16,2,49,1,0,1,1,0,0,0,3,27,1,0,2,4,119,2,44,4,8,14,3,5,12,2,1,3,1,2,17,30
-23,16,3,47,3,0,2,0,0,0,0,8,7,0,0,2,4,119,2,41,3,8,13,4,5,12,4,2,3,1,2,17,15
-4,16,3,41,3,0,1,0,0,0,0,7,8,0,0,2,4,119,2,41,4,8,13,3,4,12,3,1,2,1,1,16,15
-48,16,3,45,2,0,1,0,0,0,1,0,15,0,0,2,4,119,2,40,4,8,12,2,6,13,3,1,2,0,2,17,0
-20,14,1,41,3,0,1,0,0,0,1,11,4,0,0,2,4,119,1,38,4,7,11,2,5,12,5,0,2,0,1,16,15
-10,14,2,39,4,0,1,1,1,0,1,13,2,0,0,2,4,119,2,34,3,5,10,4,8,14,7,2,2,1,3,16,0
-7,13,1,37,4,0,1,1,1,0,1,6,9,0,0,2,4,119,2,33,3,5,10,4,8,13,7,2,2,2,2,15,45
44,13,1,31,4,0,0,2,1,0,1,4,11,0,0,2,4,119,3,32,2,4,9,5,7,12,6,2,2,2,1,14,45
26,13,1,34,3,0,0,2,1,0,1,1,14,0,0,2,4,119,3,32,2,4,9,4,6,11,5,2,2,2,1,15,15
-22,13,2,37,3,0,0,2,1,0,1,11,4,0,0,2,4,119,2,31,2,4,10,4,7,11,6,3,2,2,2,15,45
-68,13,2,41,3,0,0,3,0,0,1,5,10,0,0,2,4,119,2,30,2,4,9,4,8,10,6,4,2,2,1,16,15
-56,13,2,39,2,0,0,3,0,0,1,5,10,0,0,2,4,119,2,30,2,4,9,3,8,9,5,3,2,2,3,16,0
4,12,1,28,3,0,0,3,0,0,0,39,6,0,0,2,4,119,1,29,1,3,9,4,7,10,6,2,1,2,1,14,15
-153,12,3,44,4,0,0,2,0,0,0,23,22,0,0,2,4,119,1,28,2,5,9,3,6,10,6,2,0,1,2,16,45
-32,12,3,34,3,0,0,2,0,0,0,16,29,0,0,2,4,119,1,28,2,5,11,5,5,10,5,2,0,0,1,15,15
-15,12,3,28,2,0,0,2,0,0,0,15,30,0,0,2,4,119,1,28,2,6,11,4,4,9,4,1,0,0,1,14,15
27,11,3,30,3,0,0,1,1,0,0,7,8,0,0,2,4,119,2,26,3,5,12,3,4,11,4,1,0,0,2,14,30
-38,11,3,33,2,0,0,1,1,0,0,7,8,0,0,2,4,119,2,26,3,5,12,2,3,10,3,1,0,0,2,15,0
-6,11,3,31,2,0,0,0,1,0,0,5,10,0,0,2,4,119,2,26,3,5,12,1,2,10,2,0,0,0,1,14,45
62,8,3,23,5,0,0,1,1,0,0,12,3,0,0,2,4,119,1,21,2,6,11,3,7,15,7,4,0,0,1,12,30
-30,8,3,27,4,0,0,1,1,0,0,3,12,0,0,2,4,119,1,21,4,7,13,4,8,14,6,4,0,0,2,13,30
-35,7,3,26,3,0,0,1,1,0,0,12,3,0,0,2,4,119,0,21,4,9,13,3,7,14,6,3,0,0,1,13,15
-1,6,2,23,4,0,0,1,1,0,0,8,7,0,0,2,4,119,0,19,5,7,13,5,8,14,7,3,0,0,1,12,30
3,6,3,25,5,0,0,1,0,0,0,5,10,0,0,2,4,119,1,18,4,6,12,5,8,13,6,2,0,0,1,13,0
54,5,3,20,7,0,0,0,1,0,0,2,13,0,0,2,4,119,2,15,3,5,10,4,10,14,7,2,0,0,1,12,0
-6,5,3,20,6,0,0,0,1,0,0,12,3,0,0,2,4,119,2,15,3,5,11,3,9,13,6,2,0,0,1,12,0
-231,5,3,36,5,0,0,0,1,0,0,10,5,0,0,2,4,119,2,15,3,5,11,3,8,12,5,2,0,0,2,15,30
21,5,4,22,4,0,0,0,1,0,1,6,9,0,0,2,4,119,2,14,2,5,10,3,7,12,5,2,0,0,2,12,15
31,4,3,18,3,0,0,0,3,0,1,10,20,0,0,2,4,119,2,12,2,6,11,6,8,16,6,1,0,0,2,11,45
-24,4,3,16,3,0,0,0,3,0,0,9,21,0,0,2,4,119,2,12,2,6,11,5,7,15,5,1,0,0,2,11,30
9,3,2,18,2,0,0,0,3,0,0,5,25,0,0,2,4,119,1,12,4,6,11,4,6,15,5,2,0,0,2,11,45
19,2,1,14,3,0,0,0,3,0,0,10,5,0,0,2,4,119,2,10,2,5,10,4,6,15,5,1,0,0,2,11,15
-8,2,1,16,2,0,0,0,3,0,0,8,7,0,0,2,4,119,2,10,2,5,10,3,5,14,4,1,0,0,2,11,30
1,2,1,14,2,0,0,0,2,0,0,6,9,0,0,2,4,119,2,10,2,5,10,2,5,13,3,1,0,0,2,11,15
6,1,0,12,4,0,0,0,1,0,0,12,3,0,0,2,4,119,2,8,3,6,8,3,6,14,4,2,0,0,2,10,45
-3,1,0,10,3,0,0,0,1,0,0,2,13,0,0,2,4,119,1,8,3,7,8,3,7,13,4,1,0,0,2,10,30
27,1,1,8,4,0,0,0,1,0,1,2,13,0,0,2,4,119,2,5,3,4,5,3,9,12,5,1,0,0,2,10,15
23,1,1,6,3,0,0,0,1,0,1,7,8,0,0,2,4,119,1,5,4,5,5,4,9,11,5,1,0,0,2,10,0
-11,1,1,6,3,0,0,0,1,0,1,24,6,0,0,2,4,119,2,4,3,4,4,6,9,10,4,0,0,0,2,10,0
-6,1,1,8,4,0,0,0,1,0,1,15,15,0,0,2,4,119,2,2,2,2,2,6,8,9,5,2,0,0,2,10,15
-61,1,1,12,5,0,0,0,0,0,1,7,23,0,0,2,4,119,2,1,1,1,1,6,8,8,5,3,0,0,2,10,45
-31,1,1,4,4,0,0,0,0,0,1,2,28,0,0,2,4,119,1,1,1,1,1,5,7,7,5,4,0,0,2,9,45
-23,0,0,4,4,0,0,0,0,0,0,0,1,0,0,2,4,119,0,1,1,1,1,5,6,6,5,4,0,0,2,9,45
-25,0,0,2,3,0,0,0,0,0,0,0,2,0,0,2,4,119,0,1,1,1,1,4,5,5,4,3,0,0,2,9,30
-33,0,0,10,2,0,0,0,0,0,0,0,7,0,0,2,4,119,0,1,1,1,1,3,4,4,3,2,0,0,2,10,30
0,0,0,0,2,0,0,0,0,0,0,0,18,0,1,2,4,119,1,0,0,0,0,3,3,3,2,2,0,0,2,9,0
-12,0,0,2,1,0,0,0,0,0,0,0,28,0,0,2,4,119,0,0,0,0,0,2,2,2,2,1,0,0,2,9,30
-18,0,0,0,0,0,0,0,0,0,0,0,45,0,1,2,4,119,0,0,0,0,0,1,1,1,1,0,0,0,2,9,0
-11,27,2,54,1,0,0,0,0,0,0,18,42,1,0,6,4,116,0,53,2,5,13,1,2,9,2,0,3,0,2,18,30
33,26,3,52,1,0,0,1,0,0,1,6,9,0,0,6,4,116,2,50,4,8,14,2,7,9,2,0,3,0,1,17,30
-20,25,4,50,3,0,0,2,0,0,0,9,6,0,0,6,4,116,2,47,5,9,13,5,7,8,4,1,3,1,2,17,15
2,24,3,48,2,0,0,4,0,0,0,14,1,0,0,6,4,116,2,45,4,7,11,5,6,8,5,0,3,1,2,17,0
-39,24,3,50,1,0,0,5,0,0,0,6,9,0,0,6,4,116,3,44,4,7,11,5,6,10,4,0,3,1,2,17,15
20,23,2,44,0,0,0,5,0,0,0,2,13,0,0,6,4,116,1,44,4,7,11,4,5,10,5,1,3,1,1,16,15
-39,23,2,52,0,0,0,4,0,0,0,1,14,0,0,6,4,116,1,44,4,7,11,3,4,9,4,1,3,1,1,17,30
-42,23,2,48,1,0,0,4,0,0,0,6,9,0,0,6,4,116,3,42,4,6,10,2,3,8,3,1,3,1,2,17,0
25,22,1,47,2,0,0,4,0,0,0,7,8,0,0,6,4,116,3,40,3,5,8,1,2,9,4,3,2,1,2,16,45
-12,21,1,44,4,0,0,4,0,0,0,7,23,0,0,6,4,116,3,37,2,4,8,1,5,13,6,4,2,1,1,16,15
35,20,0,40,5,0,0,4,0,0,1,4,11,0,0,6,4,116,1,34,2,3,10,5,8,14,10,6,2,1,2,15,45
0,20,1,42,5,0,0,4,0,0,1,9,6,0,0,6,4,116,1,33,1,4,10,6,10,14,10,5,2,1,2,16,0
-14,20,1,42,4,0,0,4,0,0,1,9,6,0,0,6,4,116,1,33,1,4,10,5,9,13,9,4,2,1,2,16,0
-31,20,1,40,4,0,0,3,0,0,1,8,7,0,0,6,4,116,1,33,1,4,11,4,9,12,8,4,1,1,2,15,45
19,20,1,32,4,0,0,3,0,0,0,4,11,0,0,6,4,116,1,33,1,4,11,3,8,12,7,4,1,0,1,14,15
-9,20,3,38,4,0,0,3,0,0,0,48,12,0,0,6,4,116,1,32,1,5,12,4,8,12,7,3,1,0,2,15,15
-68,20,3,46,3,0,0,3,0,0,0,45,15,0,0,6,4,116,1,32,2,5,12,3,7,11,6,2,1,0,1,16,30
-8,20,4,37,2,0,0,3,0,0,0,27,33,0,0,6,4,116,0,32,4,6,16,5,7,12,6,3,1,0,2,15,0
77,20,5,34,3,0,0,2,0,0,0,18,42,0,0,6,4,116,1,31,4,7,16,5,6,11,5,3,1,0,2,14,30
-9,19,4,35,4,0,0,1,0,0,0,13,47,0,0,6,4,116,1,30,3,6,15,4,6,11,5,2,1,0,1,14,45
-20,19,4,35,4,0,0,1,0,0,0,12,48,0,0,6,4,116,2,29,2,5,14,3,5,10,4,1,1,0,1,14,45
-3,19,4,32,3,0,0,1,0,0,0,9,51,0,0,6,4,116,2,29,2,7,15,2,4,9,3,1,1,0,1,14,15
-87,18,5,38,2,0,1,1,0,0,0,9,6,0,0,6,4,116,2,28,4,7,17,2,5,11,3,1,1,0,2,15,15
15,17,6,31,3,0,1,1,0,0,0,6,9,0,0,6,4,116,2,26,4,8,15,2,5,12,4,1,1,0,2,13,15
-1,15,6,29,3,0,1,1,0,0,1,3,12,0,0,6,4,116,2,24,4,9,16,3,5,12,5,1,1,0,1,13,0
33,14,7,27,4,0,1,1,0,0,1,5,10,0,0,6,4,116,2,22,4,8,16,3,6,12,6,1,1,0,2,12,45
48,14,8,22,4,0,0,1,0,0,1,0,15,0,0,6,4,116,2,22,4,8,16,3,7,12,5,1,1,0,2,12,0
11,12,7,26,4,0,1,1,1,0,1,14,1,0,0,6,4,116,2,19,4,8,14,3,7,13,7,4,1,0,2,12,30
9,11,7,29,5,0,1,0,1,0,1,3,12,0,0,6,4,116,2,18,4,8,15,5,7,14,7,5,1,0,1,13,0
0,9,6,24,7,0,1,0,1,0,1,2,13,0,0,6,4,116,2,15,4,7,13,4,7,13,9,5,1,0,1,12,15
53,7,7,18,6,0,1,0,2,0,1,6,9,0,0,6,4,116,1,14,3,8,13,5,6,12,10,5,1,0,2,11,30
13,7,7,20,6,0,0,0,2,0,1,4,11,0,0,6,4,116,1,14,4,8,13,4,6,11,9,5,1,0,2,11,45
11,7,7,18,5,0,0,0,2,0,1,3,12,0,0,6,4,116,1,14,4,8,13,3,5,10,8,4,1,0,2,11,30
-16,5,5,27,7,0,0,1,2,0,0,0,15,0,0,6,4,116,2,11,4,6,11,3,7,14,9,5,1,1,2,12,45
8,5,5,22,6,0,0,1,2,0,0,8,7,0,0,6,4,116,2,11,5,8,11,2,7,14,8,5,1,1,2,12,0
-14,4,4,24,5,0,0,2,2,0,0,0,15,0,0,6,4,116,2,10,4,7,10,3,7,15,8,5,1,1,1,12,15
23,0,0,16,6,0,1,3,1,0,1,5,10,0,0,6,4,116,2,6,3,5,6,6,6,18,11,7,1,1,2,11,15
27,0,0,14,5,0,1,3,1,0,1,1,14,0,0,6,4,116,2,6,3,5,6,5,5,17,10,7,1,1,2,11,0
135,0,0,0,5,0,1,3,0,0,1,12,3,0,1,6,4,116,2,6,3,5,6,4,6,17,9,7,0,1,1,9,0
15,0,0,16,4,0,1,3,0,0,1,5,10,0,0,6,4,116,2,6,3,5,6,3,6,16,8,7,0,0,2,11,15
24,0,0,7,4,0,1,4,0,0,2,11,4,0,0,6,4,116,4,3,1,3,3,2,7,15,8,6,0,0,2,10,0
-2,0,0,20,3,0,1,4,0,0,2,5,10,0,0,6,4,116,4,3,2,3,3,1,8,14,7,5,0,0,2,11,45
-26,0,0,9,4,0,1,5,0,0,1,1,14,0,0,6,4,116,2,1,1,1,1,8,12,13,10,5,0,0,2,10,15
93,0,0,3,3,0,1,5,0,0,1,13,2,0,0,6,4,116,2,1,1,1,1,7,11,12,9,5,0,0,2,9,30
45,0,0,5,3,0,0,5,0,0,1,9,6,0,0,6,4,116,1,1,1,1,1,8,11,11,9,5,0,0,2,9,45
-13,0,0,3,3,0,0,4,0,0,1,4,11,0,0,6,4,116,1,1,1,1,1,9,10,10,8,5,0,0,2,9,30
46,0,0,5,3,0,0,3,0,0,1,3,12,0,0,6,4,116,1,1,1,1,1,8,9,9,7,4,0,0,2,9,45
20,0,0,11,2,0,1,3,0,0,1,0,5,0,0,6,4,116,2,0,0,0,0,7,8,8,6,3,0,0,1,10,30
-56,0,0,11,2,0,1,2,0,0,1,0,9,0,0,6,4,116,2,0,0,0,0,6,7,7,5,2,0,0,1,10,30
-61,0,0,13,2,0,1,2,0,0,0,0,13,0,0,6,4,116,1,0,0,0,0,5,6,6,5,2,0,0,2,10,45
-2,0,0,2,1,0,1,2,0,0,0,0,20,0,0,6,4,116,1,0,0,0,0,5,5,5,4,2,0,0,2,9,15
43,0,0,7,1,0,1,1,0,0,0,0,21,0,0,6,4,116,1,0,0,0,0,4,4,4,3,1,0,0,2,10,0
-11,0,0,0,1,0,0,1,0,0,0,0,23,0,1,6,4,116,0,0,0,0,0,3,3,3,3,1,0,0,1,9,0
-11,0,0,9,1,0,0,0,0,0,0,0,26,0,0,6,4,116,0,0,0,0,0,2,2,2,2,1,0,0,2,10,15
-142,0,0,14,0,0,0,0,0,0,0,0,47,0,0,6,4,116,0,0,0,0,0,1,1,1,1,1,0,0,2,11,0
16,23,2,50,2,0,0,0,0,0,0,13,2,1,0,5,4,115,1,49,3,7,11,2,5,8,2,0,4,1,2,17,30
-30,22,2,50,2,0,2,0,0,0,0,24,6,1,0,5,4,115,1,46,2,5,10,4,5,8,4,2,4,2,2,17,30
5,22,2,47,1,0,2,0,0,0,0,13,17,0,0,5,4,115,1,46,4,5,11,3,4,7,3,2,4,2,2,17,15
-6,22,2,44,1,0,1,0,0,0,0,8,22,0,0,5,4,115,1,46,4,5,11,2,5,7,2,2,3,2,3,17,0
36,22,2,42,2,0,1,0,0,0,0,10,5,0,0,5,4,115,2,44,3,5,9,2,4,8,2,2,3,1,3,16,30
-45,20,1,47,3,0,1,1,0,0,0,13,2,0,0,5,4,115,1,41,1,5,10,3,3,11,5,3,2,1,2,17,15
-4,20,1,41,2,0,1,1,0,0,0,12,3,0,0,5,4,115,0,41,3,6,11,2,3,10,5,3,2,0,2,16,15
-13,20,1,39,2,0,0,1,0,0,0,11,4,0,0,5,4,115,0,41,3,6,11,1,2,9,4,2,2,0,1,16,0
33,19,1,37,4,0,1,2,0,0,0,9,6,0,0,5,4,115,2,36,2,5,9,4,8,12,6,4,2,1,2,15,45
-61,19,2,44,5,0,1,1,0,0,0,11,4,0,0,5,4,115,2,35,1,5,10,5,7,11,6,5,2,1,3,17,0
9,18,1,39,4,0,1,1,0,0,0,6,9,0,0,5,4,115,1,35,1,5,11,4,7,10,6,5,2,1,1,16,0
-28,18,1,37,3,0,1,1,0,0,0,11,4,0,0,5,4,115,0,35,4,5,12,5,7,10,6,4,2,1,2,15,45
6,18,1,32,3,0,1,1,0,0,0,2,13,0,0,5,4,115,1,34,3,5,12,4,7,10,5,3,2,1,2,14,30
30,18,2,33,2,0,1,1,0,0,0,43,2,0,0,5,4,115,1,34,4,5,12,3,6,9,4,3,2,1,1,14,45
-113,18,2,44,2,0,0,1,0,0,0,34,11,0,0,5,4,115,0,34,4,7,14,3,5,9,4,2,1,1,3,17,0
-86,18,3,36,1,0,0,1,0,0,0,33,12,0,0,5,4,115,0,34,4,7,14,2,4,9,3,1,1,0,2,15,30
-20,17,2,31,3,0,0,2,0,0,0,9,36,0,0,5,4,115,2,30,2,6,13,3,4,11,4,2,1,0,1,14,15
-10,17,3,35,2,0,0,2,0,0,0,13,2,0,0,5,4,115,1,30,3,7,15,3,4,10,4,2,1,0,1,15,0
-14,17,4,33,2,0,0,1,0,0,0,6,9,0,0,5,4,115,1,30,4,8,15,2,4,9,3,1,1,0,1,14,45
12,15,3,30,2,0,1,1,0,0,1,14,1,0,0,5,4,115,2,27,4,7,14,2,5,9,4,2,1,0,1,13,30
-2,15,7,28,5,0,2,1,0,0,0,5,10,0,0,5,4,115,4,23,3,7,12,3,7,14,5,2,1,0,1,13,0
-226,13,6,47,6,0,2,0,0,0,0,6,9,0,0,5,4,115,3,22,3,7,12,5,6,14,6,4,1,0,2,17,15
-219,12,5,42,6,0,1,0,0,0,0,11,4,0,0,5,4,115,1,22,5,8,15,5,5,15,7,4,1,0,3,16,30
3,12,6,25,6,0,1,0,0,0,0,4,11,0,0,5,4,115,3,20,4,7,13,4,5,17,6,4,1,0,1,12,30
31,12,6,27,5,0,1,0,0,0,0,13,2,0,0,5,4,115,2,20,5,7,14,3,4,16,6,4,1,0,1,12,45
49,11,5,23,4,0,1,0,0,0,0,9,6,0,0,5,4,115,1,20,5,7,14,2,4,15,6,3,1,0,2,12,15
-75,11,5,29,5,0,0,0,0,0,0,6,9,0,0,5,4,115,2,19,4,6,13,1,5,14,5,3,1,0,1,13,15
10,7,3,23,9,0,0,0,0,0,0,9,6,0,0,5,4,115,2,14,2,7,12,7,10,15,9,4,1,1,2,12,15
18,6,4,21,9,0,0,0,0,0,0,13,2,0,0,5,4,115,2,13,3,7,13,7,12,17,9,3,1,1,2,12,0
33,6,4,16,8,0,0,0,0,0,0,8,7,0,0,5,4,115,2,13,3,7,13,6,11,16,8,3,1,1,2,11,15
25,6,4,14,7,0,0,0,0,0,0,6,9,0,0,5,4,115,2,13,3,7,13,5,10,15,7,3,1,1,1,11,0
16,6,4,17,7,0,0,0,0,0,0,4,11,0,0,5,4,115,2,13,4,7,13,4,9,14,6,3,0,1,2,11,30
-13,6,4,25,6,0,0,0,0,0,0,3,12,0,0,5,4,115,2,13,4,7,13,3,8,13,5,2,0,0,1,12,30
7,5,4,17,6,0,0,0,0,0,0,11,4,0,0,5,4,115,2,12,5,8,12,4,7,13,5,2,0,0,2,11,30
12,5,4,19,5,0,1,0,0,0,0,2,13,0,0,5,4,115,2,11,5,7,11,6,6,17,5,2,0,0,2,11,45
37,4,4,10,5,0,1,0,0,0,2,2,13,0,0,5,4,115,3,8,2,4,8,5,6,16,6,3,0,0,2,10,30
-29,4,4,21,5,0,1,0,0,0,2,14,1,0,0,5,4,115,3,7,2,4,7,4,6,15,6,4,0,0,2,12,0
-14,4,4,12,5,0,0,0,0,0,2,8,7,0,0,5,4,115,3,7,3,5,7,3,5,14,5,4,0,0,2,10,45
-20,4,4,14,4,0,0,0,0,0,2,7,8,0,0,5,4,115,3,7,3,5,7,2,4,13,4,3,0,0,1,11,0
15,4,4,10,3,0,0,0,0,0,2,6,9,0,0,5,4,115,3,7,3,5,7,1,4,13,3,2,0,0,2,10,30
26,0,0,7,4,0,0,1,0,0,2,10,5,0,0,5,4,115,0,4,4,4,4,5,11,12,8,5,0,0,1,10,0
3,0,0,7,3,0,1,1,0,0,2,14,1,0,0,5,4,115,1,3,3,3,3,5,10,11,7,5,0,0,1,10,0
-32,0,0,6,4,0,0,1,0,0,2,7,8,0,0,5,4,115,1,2,2,2,2,9,10,10,7,6,0,0,2,9,45
-89,0,0,19,4,0,1,1,0,0,1,5,10,0,0,5,4,115,2,1,1,1,1,8,9,9,6,5,0,0,2,11,45
30,0,0,4,3,0,1,1,0,0,1,1,14,0,0,5,4,115,2,1,1,1,1,7,8,8,5,4,0,0,1,9,30
-57,0,0,12,4,0,1,1,0,0,0,0,15,0,0,5,4,115,0,0,0,0,0,6,7,7,7,5,0,0,2,10,45
30,0,0,2,3,0,1,1,0,0,0,0,20,0,0,5,4,115,0,0,0,0,0,5,6,6,6,4,0,0,2,9,15
-36,0,0,4,3,0,0,1,0,0,0,0,20,0,0,5,4,115,0,0,0,0,0,4,5,5,5,3,0,0,1,9,30
10,0,0,2,2,0,0,1,0,0,0,0,21,0,0,5,4,115,0,0,0,0,0,3,4,4,4,2,0,0,2,9,15
-7,0,0,0,1,0,0,1,0,0,0,0,22,0,1,5,4,115,0,0,0,0,0,2,3,3,3,1,0,0,2,9,0
-15,0,0,0,0,0,0,1,0,0,0,0,22,0,1,5,4,115,0,0,0,0,0,1,2,2,2,1,0,0,2,9,0
-48,0,0,9,0,0,0,0,0,0,0,0,53,0,0,5,4,115,0,0,0,0,0,1,1,1,1,1,0,0,2,10,15
12,32,2,58,5,0,1,0,1,0,0,1,14,1,0,4,4,114,2,52,1,4,11,3,5,11,6,2,4,0,2,17,30
24,32,3,58,4,0,1,0,1,0,0,13,2,1,0,4,4,114,2,52,2,5,11,2,4,10,5,2,4,0,2,17,30
48,32,3,54,3,0,2,0,1,0,0,14,1,0,0,4,4,114,3,51,2,6,11,2,4,12,4,2,4,0,2,17,0
-32,30,2,56,4,0,2,0,1,0,0,6,9,0,0,4,4,114,2,49,2,5,12,3,6,14,6,3,4,2,2,17,15
2,30,3,50,4,0,1,0,1,0,0,10,5,0,0,4,4,114,2,49,4,8,14,5,7,14,5,2,4,2,2,16,30
68,29,2,47,4,0,1,1,1,0,0,12,3,0,0,4,4,114,2,47,2,6,13,4,6,13,6,3,4,2,2,16,15
-38,29,3,52,5,0,0,2,1,0,0,13,2,0,0,4,4,114,3,45,3,5,13,5,8,15,6,4,3,2,2,16,45
-11,29,3,56,4,0,0,2,1,0,0,12,3,0,0,4,4,114,3,45,3,5,13,4,7,14,5,3,3,1,2,17,15
2,29,3,50,4,0,0,2,0,0,0,11,4,0,0,4,4,114,3,45,4,5,14,3,6,13,4,2,2,1,2,16,30
15,28,3,44,4,0,0,2,1,0,0,1,14,0,0,4,4,114,2,43,3,7,15,3,8,13,6,4,2,1,1,15,45
53,27,2,47,4,0,0,2,1,0,0,14,1,0,0,4,4,114,2,42,2,7,14,4,7,12,6,5,2,1,2,16,15
16,27,3,39,4,0,0,3,0,0,0,11,4,0,0,4,4,114,1,40,4,7,17,5,7,15,7,7,2,1,2,15,0
-32,27,3,46,5,0,0,2,0,0,0,1,14,0,0,4,4,114,1,40,4,6,17,5,9,15,7,7,2,1,3,16,0
7,26,3,41,4,0,0,2,0,0,0,0,15,0,0,4,4,114,0,40,5,7,17,4,8,14,7,7,2,1,1,15,15
-55,25,3,44,5,0,0,2,0,0,0,3,12,0,0,4,4,114,1,38,3,7,16,4,8,13,7,6,2,1,1,15,45
-65,25,4,52,6,0,0,1,0,0,0,13,2,0,0,4,4,114,2,37,3,6,15,3,7,13,6,5,1,1,2,16,45
-76,25,4,54,5,0,0,1,0,0,0,8,7,0,0,4,4,114,2,37,3,8,17,3,6,13,5,4,1,0,2,17,0
5,25,6,36,6,0,0,1,0,0,0,40,5,0,0,4,4,114,2,35,4,9,17,4,5,13,6,5,1,0,2,14,30
-45,24,7,39,6,0,0,1,0,0,0,23,22,0,0,4,4,114,1,34,5,11,18,4,8,15,7,6,1,1,2,15,0
-34,24,7,43,5,0,0,1,0,0,0,21,24,0,0,4,4,114,1,34,6,11,19,3,7,14,6,5,1,1,2,15,30
-69,24,7,47,4,0,0,1,0,0,0,20,25,0,0,4,4,114,1,34,6,11,19,2,7,13,5,4,1,1,2,16,15
1,22,5,37,7,0,0,0,0,0,0,10,35,0,0,4,4,114,2,31,5,8,17,2,6,15,6,4,1,1,2,14,45
-45,19,7,37,8,0,1,1,1,0,0,10,5,0,0,4,4,114,3,26,3,8,14,5,8,14,9,5,1,1,2,14,45
43,19,7,32,7,0,1,1,1,0,0,10,5,0,0,4,4,114,3,26,4,8,14,4,7,13,8,4,1,1,2,13,15
-22,19,8,33,8,0,0,1,1,0,0,0,15,0,0,4,4,114,3,25,3,8,13,4,7,12,8,5,0,1,1,13,30
-52,17,6,41,8,0,0,1,1,0,0,11,4,0,0,4,4,114,2,24,3,7,12,3,8,11,9,6,0,0,1,15,15
11,17,7,33,8,0,0,1,1,0,0,5,10,0,0,4,4,114,3,23,3,8,12,3,7,10,8,5,0,0,1,13,30
30,15,6,30,8,0,0,1,1,0,0,1,14,0,0,4,4,114,1,22,5,9,14,3,9,13,10,7,0,0,1,13,0
-10,14,6,30,9,0,0,1,1,0,0,9,6,0,0,4,4,114,2,20,4,7,14,5,8,13,10,7,0,0,1,13,0
-61,13,5,35,10,0,0,0,1,0,0,1,14,0,0,4,4,114,2,19,4,7,13,5,7,14,10,6,0,0,1,14,15
15,11,4,22,11,0,0,0,1,0,0,1,14,0,0,4,4,114,1,17,4,5,13,6,6,14,12,7,0,0,2,12,0
-24,11,4,26,10,0,0,0,1,0,0,13,2,0,0,4,4,114,1,17,4,5,14,5,5,15,11,6,0,0,2,12,30
37,11,4,28,9,0,0,0,1,0,0,12,3,0,0,4,4,114,1,17,4,5,14,4,4,14,10,6,0,0,2,12,45
28,10,3,26,10,0,0,0,1,0,0,5,10,0,0,4,4,114,2,15,3,4,13,3,3,14,10,6,0,0,2,12,30
31,9,2,28,10,0,0,0,1,0,0,13,2,0,0,4,4,114,2,14,2,4,13,2,5,13,10,5,0,0,2,12,45
135,9,2,18,9,0,0,0,1,0,0,12,3,0,0,4,4,114,2,14,2,4,13,1,4,12,9,4,0,0,2,11,30
20,7,6,20,11,0,0,1,1,0,0,1,14,0,0,4,4,114,2,10,4,8,10,7,11,21,12,5,0,0,2,11,45
43,7,6,24,11,0,0,1,0,0,0,14,1,0,0,4,4,114,2,10,4,9,10,6,10,20,11,5,0,0,2,12,15
71,7,6,16,10,0,0,1,0,0,0,14,1,0,0,4,4,114,2,10,4,9,10,5,9,19,10,4,0,0,2,11,15
96,5,5,12,10,0,0,2,0,0,0,2,13,0,0,4,4,114,2,8,4,7,8,4,9,19,11,4,0,0,2,10,45
34,5,5,22,9,0,0,2,0,0,0,1,14,0,0,4,4,114,2,8,4,7,8,4,8,19,10,4,0,0,2,12,0
31,3,3,10,10,0,0,1,0,0,1,6,9,0,0,4,4,114,2,6,4,5,6,5,7,19,11,4,0,0,2,10,30
-9,3,3,16,9,0,0,1,0,0,1,3,12,0,0,4,4,114,2,6,4,5,6,5,7,18,10,4,0,0,2,11,15
46,3,3,14,10,0,0,1,0,0,1,2,13,0,0,4,4,114,2,4,3,3,4,5,10,17,11,4,0,0,2,11,0
-1,2,2,9,10,0,0,1,0,0,1,0,15,0,0,4,4,114,2,3,2,2,3,4,9,16,11,5,0,0,2,10,15
6,2,2,10,9,0,0,1,0,0,1,13,2,0,0,4,4,114,2,3,2,2,3,3,9,15,10,5,0,0,2,10,30
25,1,1,14,8,0,1,1,0,0,1,5,10,0,0,4,4,114,2,2,1,2,2,2,9,14,10,5,0,0,2,11,0
21,0,0,24,7,0,2,1,0,0,1,9,6,0,0,4,4,114,2,1,0,1,1,4,11,13,10,5,0,0,2,12,15
-11,0,0,5,7,0,1,1,0,0,1,5,10,0,0,4,4,114,0,1,1,1,1,8,12,12,11,6,0,0,2,9,45
61,0,0,0,6,0,1,1,0,0,1,10,5,0,1,4,4,114,0,1,1,1,1,9,11,11,10,5,0,0,2,9,0
-8,0,0,5,6,0,0,1,0,0,1,10,5,0,0,4,4,114,0,1,1,1,1,8,10,10,9,4,0,0,2,9,45
37,0,0,7,5,0,0,1,0,0,1,6,9,0,0,4,4,114,0,1,1,1,1,7,9,9,8,3,0,0,1,10,0
-32,0,0,12,5,0,0,1,0,0,0,6,9,0,0,4,4,114,0,1,1,1,1,6,8,8,7,3,0,0,2,10,45
29,0,0,1,4,0,0,1,0,0,0,0,1,0,0,4,4,114,0,1,1,1,1,6,7,7,6,2,0,0,2,9,15
22,0,0,3,3,0,1,1,0,0,0,0,7,0,0,4,4,114,1,0,0,0,0,6,6,6,5,2,0,0,2,9,30
72,0,0,1,2,0,1,1,0,0,0,0,10,0,0,4,4,114,1,0,0,0,0,5,5,5,4,1,0,0,2,9,15
6,0,0,20,1,0,1,1,0,0,0,0,11,0,0,4,4,114,1,0,0,0,0,4,4,4,3,1,0,0,2,11,45
25,0,0,7,1,0,1,0,0,0,0,0,17,0,0,4,4,114,0,0,0,0,0,3,3,3,3,2,0,0,1,10,0
-45,0,0,3,1,0,0,0,0,0,0,0,29,0,0,4,4,114,0,0,0,0,0,2,2,2,2,1,0,0,2,9,30
-9,0,0,18,0,0,0,0,0,0,0,0,32,0,0,4,4,114,0,0,0,0,0,1,1,1,1,0,0,0,2,11,30
48,29,2,57,0,0,1,2,0,0,0,14,1,1,0,3,4,113,1,55,3,8,18,3,5,12,3,1,7,1,1,17,30
82,29,2,44,0,0,0,2,0,0,0,10,5,0,0,3,4,113,1,55,4,8,18,2,4,12,2,1,6,1,2,16,0
35,28,2,55,1,0,0,1,0,0,0,3,12,0,0,3,4,113,1,54,4,7,18,3,5,11,2,1,6,1,2,17,15
-28,27,3,57,2,0,0,2,0,0,0,10,5,1,0,3,4,113,1,51,4,9,17,2,6,12,4,1,6,1,1,17,30
-18,27,3,55,2,0,0,2,0,0,0,9,6,0,0,3,4,113,2,50,3,8,16,1,5,11,3,0,6,1,2,17,15
-23,27,3,51,4,0,0,2,0,0,0,7,8,0,0,3,4,113,2,47,5,10,16,4,8,15,5,2,5,2,2,16,45
4,27,4,53,4,0,0,1,0,0,0,3,12,0,0,3,4,113,2,47,5,11,16,4,7,14,4,1,5,1,2,17,0
13,25,2,49,4,0,1,1,0,0,0,12,3,0,0,3,4,113,2,45,5,9,14,3,6,15,5,1,5,1,2,16,30
1,25,2,44,3,0,1,1,0,0,0,6,9,0,0,3,4,113,2,44,8,9,14,4,5,14,4,1,5,1,2,16,0
-27,24,2,47,5,0,0,2,0,0,0,6,9,0,0,3,4,113,3,42,6,8,12,4,8,13,5,2,5,1,2,16,15
63,24,2,36,6,0,0,3,0,0,0,7,8,0,0,3,4,113,3,39,3,6,11,3,9,12,7,4,4,1,2,15,0
-1,24,2,49,8,0,0,2,0,0,0,6,9,0,0,3,4,113,5,37,1,5,9,2,8,12,6,4,4,0,2,16,30
31,24,2,38,7,0,0,2,0,0,0,13,2,0,0,3,4,113,5,37,3,5,9,3,8,12,5,3,4,0,2,15,15
-48,22,1,53,7,0,0,2,1,0,0,1,14,0,0,3,4,113,4,35,3,5,10,6,9,15,7,3,4,0,2,17,0
-36,22,1,44,7,0,1,1,1,0,0,13,2,0,0,3,4,113,4,34,2,4,9,6,8,14,7,3,4,0,2,16,0
-12,22,1,42,6,0,1,1,1,0,0,9,6,0,0,3,4,113,4,34,3,4,10,5,7,13,6,2,4,0,3,15,45
-81,22,1,51,5,0,1,1,1,0,0,6,9,0,0,3,4,113,3,34,3,4,10,4,6,12,6,1,4,0,2,16,45
-91,22,3,47,4,0,1,1,1,0,0,14,1,0,0,3,4,113,3,34,3,5,11,3,5,11,5,1,4,0,2,16,15
-38,22,3,38,5,0,0,1,1,0,0,8,7,0,0,3,4,113,3,33,2,5,10,4,4,13,5,2,4,0,2,15,15
-23,22,3,40,6,0,0,0,1,0,0,0,15,0,0,3,4,113,3,32,2,4,10,3,5,12,5,3,4,1,2,15,30
36,21,4,33,6,0,0,0,1,0,0,28,17,0,0,3,4,113,2,31,3,5,11,2,6,12,6,3,4,2,1,14,15
-7,21,4,34,5,0,0,0,1,0,0,28,17,0,0,3,4,113,2,31,3,5,11,1,5,11,5,3,4,2,1,14,30
-38,19,4,36,8,0,0,0,0,0,0,7,8,0,0,3,4,113,2,28,3,5,14,4,9,15,7,3,3,2,2,15,0
-102,19,4,42,7,0,0,0,0,0,0,4,11,0,0,3,4,113,2,28,3,6,14,3,8,14,6,2,3,1,3,15,45
21,17,3,35,6,0,1,0,0,0,0,4,11,0,0,3,4,113,1,27,4,6,15,4,8,14,7,3,3,1,2,14,45
-98,17,3,40,5,0,1,0,0,0,0,2,13,0,0,3,4,113,1,27,4,7,15,3,7,14,6,3,2,1,2,15,30
3,16,2,32,4,0,1,0,1,0,1,1,14,0,0,3,4,113,2,25,3,8,15,5,7,13,6,3,2,0,1,13,30
57,16,2,31,3,0,1,0,1,0,1,1,14,0,0,3,4,113,2,25,3,8,15,4,6,12,5,3,2,0,1,13,15
23,15,3,25,4,0,0,0,2,0,1,14,1,0,0,3,4,113,2,23,3,8,15,4,9,14,6,4,2,1,2,12,30
38,15,4,22,4,0,0,0,2,0,0,10,5,0,0,3,4,113,1,23,4,8,16,3,8,13,6,3,2,1,1,12,0
30,15,4,29,3,0,0,0,2,0,0,8,7,0,0,3,4,113,1,23,4,9,16,2,7,12,5,3,2,1,1,13,0
-23,14,4,29,5,0,0,0,1,0,0,5,10,0,0,3,4,113,2,21,6,9,16,5,7,13,5,4,2,1,1,13,0
-20,14,6,27,6,0,0,0,2,0,0,4,11,0,0,3,4,113,2,18,4,8,15,5,7,12,7,4,2,1,2,12,45
-27,14,7,25,6,0,0,0,2,0,1,14,1,0,0,3,4,113,4,16,3,7,13,5,6,11,6,4,2,1,2,12,30
55,14,7,24,5,0,0,0,2,0,1,14,1,0,0,3,4,113,4,16,3,7,13,4,5,10,5,4,2,1,2,12,15
33,14,7,20,5,0,0,0,1,0,1,13,2,0,0,3,4,113,4,16,3,7,13,3,4,9,4,3,2,1,2,11,45
36,12,7,14,6,0,0,0,1,0,0,14,1,0,0,3,4,113,3,15,4,7,14,3,6,11,5,3,1,1,2,11,0
99,11,8,19,7,0,0,0,1,0,0,0,15,0,0,3,4,113,4,13,4,8,13,2,6,13,5,3,1,0,2,11,30
-51,10,7,27,6,0,0,1,1,0,0,2,13,0,0,3,4,113,3,12,4,7,12,4,6,14,6,3,1,1,2,12,45
-10,6,4,22,6,0,0,2,3,0,0,11,4,0,0,3,4,113,3,8,3,5,8,4,5,15,9,4,1,1,1,12,0
13,6,4,17,5,0,0,2,3,0,0,9,6,0,0,3,4,113,3,8,3,7,8,4,4,15,8,4,1,1,1,11,15
37,6,4,14,5,0,0,2,2,0,0,5,10,0,0,3,4,113,3,8,3,7,8,3,4,14,7,4,1,1,2,11,0
23,3,2,13,5,0,0,2,2,0,0,6,9,0,0,3,4,113,1,7,4,7,7,2,5,15,9,4,1,1,3,10,45
-2,3,2,17,4,0,0,3,3,0,0,11,4,0,0,3,4,113,2,5,2,5,5,1,7,14,9,4,0,1,1,11,15
-46,2,2,14,5,0,0,4,3,0,1,5,10,0,0,3,4,113,2,1,1,1,1,6,11,15,12,6,0,0,2,11,0
77,2,2,4,5,0,0,4,2,0,1,3,12,0,0,3,4,113,2,1,1,1,1,7,11,14,11,5,0,0,2,9,30
30,2,2,12,5,0,0,3,2,0,1,0,15,0,0,3,4,113,2,1,1,1,1,6,11,13,10,5,0,0,1,10,30
-11,1,1,8,4,0,0,3,3,0,1,3,12,0,0,3,4,113,1,0,0,0,0,7,10,12,11,6,0,0,2,10,0
43,1,1,8,4,0,0,2,3,0,1,1,14,0,0,3,4,113,1,0,0,0,0,6,9,11,10,5,0,0,2,10,0
44,1,1,10,3,0,0,2,3,0,1,0,15,0,0,3,4,113,1,0,0,0,0,5,8,10,9,4,0,0,1,10,15
48,1,1,6,3,0,0,2,2,0,1,4,11,0,0,3,4,113,1,0,0,0,0,5,7,9,8,4,0,0,2,9,45
55,1,1,4,2,0,0,2,2,0,1,3,12,0,0,3,4,113,1,0,0,0,0,4,6,8,7,3,0,0,2,9,30
-19,0,0,10,2,0,0,1,2,0,1,0,2,0,0,3,4,113,0,0,0,0,0,5,7,7,7,4,0,0,1,10,15
69,0,0,2,1,0,0,1,2,0,1,0,4,0,0,3,4,113,0,0,0,0,0,4,6,6,6,3,0,0,2,9,15
-127,0,0,20,1,0,0,1,2,0,0,0,20,0,0,3,4,113,0,0,0,0,0,3,5,5,5,3,0,0,2,11,45
27,0,0,0,0,0,0,1,2,0,0,0,27,0,1,3,4,113,0,0,0,0,0,2,4,4,4,3,0,0,2,9,0
41,0,0,2,0,0,0,1,1,0,0,0,30,0,0,3,4,113,0,0,0,0,0,2,3,3,3,2,0,0,2,9,15
-24,0,0,6,0,0,0,0,1,0,0,0,59,0,0,3,4,113,0,0,0,0,0,2,2,2,2,2,0,0,2,9,45
3,0,0,0,0,0,0,0,0,0,0,0,62,0,1,3,4,113,0,0,0,0,0,1,1,1,1,1,0,0,2,9,0
30,25,2,54,1,0,1,1,0,0,0,5,10,0,0,2,4,112,2,54,3,6,14,2,5,10,2,0,4,0,2,17,15
-6,24,2,56,2,0,0,1,1,0,0,28,2,1,0,2,4,112,2,52,3,7,15,2,5,12,3,1,4,0,2,17,30
-28,23,5,54,4,0,0,2,0,0,0,1,29,0,0,2,4,112,2,49,4,9,14,4,7,16,5,3,4,0,2,17,15
-27,23,5,56,3,0,0,2,0,0,0,13,2,1,0,2,4,112,2,49,4,9,14,3,6,15,4,2,4,0,2,17,30
38,23,5,48,2,0,0,2,0,0,1,7,8,0,0,2,4,112,3,48,5,8,13,3,6,15,3,2,4,1,2,16,15
4,23,6,52,2,0,1,1,0,0,1,2,13,0,0,2,4,112,4,47,4,7,12,2,5,14,2,2,4,1,2,17,0
-8,22,5,48,5,0,1,1,0,0,1,7,8,0,0,2,4,112,3,43,3,7,9,4,7,14,6,2,4,1,2,16,15
-16,20,3,52,4,0,1,2,0,0,1,0,15,0,0,2,4,112,2,42,3,7,8,3,7,14,7,2,4,1,2,17,0
-14,19,2,50,4,0,1,1,0,0,1,10,5,0,0,2,4,112,1,42,3,7,8,3,7,15,7,1,4,1,2,16,30
17,18,1,42,5,0,0,1,1,0,1,11,4,0,0,2,4,112,2,40,4,5,6,4,10,15,7,0,3,1,2,15,30
-11,17,0,42,6,0,0,1,0,0,1,11,4,0,0,2,4,112,1,39,4,5,7,5,9,14,8,0,3,0,2,15,30
-14,17,0,50,6,0,0,1,0,0,0,7,8,0,0,2,4,112,1,39,4,5,7,5,9,13,7,0,3,1,2,16,30
-6,17,0,47,7,0,0,1,0,0,0,0,15,0,0,2,4,112,1,37,2,3,7,6,8,12,8,2,3,1,2,16,0
16,17,0,45,7,0,0,1,0,0,0,5,10,0,0,2,4,112,1,36,1,2,7,6,7,12,8,3,3,1,1,15,45
36,17,0,36,7,0,0,1,0,0,0,11,4,0,0,2,4,112,1,35,1,1,7,5,7,11,8,3,3,1,2,14,45
-2,17,0,36,6,0,0,1,0,0,0,7,8,0,0,2,4,112,1,35,1,1,8,5,8,11,7,3,3,1,2,14,45
71,17,0,35,5,0,0,1,0,0,0,5,10,0,0,2,4,112,0,35,1,1,8,4,8,10,7,4,3,1,2,14,30
-13,17,0,40,4,0,0,1,0,0,0,2,13,0,0,2,4,112,0,35,1,1,8,3,7,9,6,4,3,1,3,15,15
4,17,0,45,3,0,0,1,0,0,0,11,4,0,0,2,4,112,0,35,1,1,8,2,6,8,5,3,3,1,1,15,45
5,17,0,42,4,0,0,0,0,0,0,39,6,0,0,2,4,112,1,34,0,2,11,4,5,8,4,3,2,1,2,15,30
-8,17,3,38,3,0,0,0,0,0,0,20,25,0,0,2,4,112,0,34,0,5,11,4,5,9,4,4,2,0,2,15,0
-15,17,3,40,2,0,0,0,0,0,0,11,34,0,0,2,4,112,0,34,2,6,12,3,4,8,3,3,2,0,3,15,15
-14,17,3,34,1,0,0,0,0,0,0,10,35,0,0,2,4,112,0,34,2,6,12,2,3,8,2,2,2,0,1,14,15
-24,17,3,38,0,0,0,0,0,0,0,6,39,0,0,2,4,112,0,34,2,7,13,1,3,7,1,1,2,0,2,15,0
-31,15,2,33,1,0,2,0,1,0,0,5,25,0,0,2,4,112,2,29,4,6,16,3,5,12,3,2,2,1,1,13,30
22,14,1,28,3,0,1,0,1,0,0,3,7,0,0,2,4,112,2,27,4,6,16,2,5,11,4,3,2,1,2,12,35
20,13,1,25,4,0,0,0,1,0,0,6,9,0,0,2,4,112,1,26,3,8,16,3,7,12,5,4,1,1,1,12,30
-27,13,2,31,6,0,0,0,1,0,0,6,9,0,0,2,4,112,2,23,2,7,16,3,8,13,6,4,1,0,1,13,15
22,13,3,23,5,0,0,0,1,0,0,12,3,0,0,2,4,112,1,23,3,10,16,4,7,13,6,3,1,0,1,12,0
-22,13,5,25,5,0,0,0,1,0,0,10,5,0,0,2,4,112,1,22,6,11,18,5,7,13,6,4,1,0,1,12,30
-14,12,5,29,5,0,0,0,1,0,0,3,12,0,0,2,4,112,1,21,6,10,17,5,6,13,6,3,1,0,2,12,45
-26,12,5,29,4,0,0,0,1,0,0,1,14,0,0,2,4,112,1,21,7,10,17,4,5,13,5,2,1,0,2,12,45
110,12,5,18,5,0,0,1,0,0,0,7,8,0,0,2,4,112,3,19,6,8,16,4,6,15,4,2,1,0,2,11,15
-43,12,6,25,5,0,0,1,0,0,0,13,2,0,0,2,4,112,2,18,7,9,16,3,6,15,5,2,1,0,1,12,30
23,11,6,14,6,0,0,1,0,0,0,8,7,0,0,2,4,112,1,16,5,7,15,2,5,15,7,3,1,0,2,10,45
-10,10,6,24,7,0,1,1,0,0,0,10,5,0,0,2,4,112,3,13,2,6,13,2,6,16,7,2,1,1,3,12,15
-35,7,5,22,7,0,1,1,1,0,0,11,4,0,0,2,4,112,1,11,4,8,11,5,10,19,10,3,1,1,1,11,45
-5,7,5,16,7,0,0,1,1,0,0,9,6,0,0,2,4,112,1,11,4,8,11,4,10,19,9,3,1,1,2,11,0
-11,6,4,20,6,0,0,3,1,0,0,4,11,0,0,2,4,112,2,9,2,6,9,4,9,18,9,2,1,1,1,11,30
6,5,4,20,5,0,1,3,1,0,0,8,7,0,0,2,4,112,2,8,4,8,8,3,10,17,9,2,0,1,1,11,30
-117,4,4,31,5,0,1,3,1,0,0,0,15,0,0,2,4,112,2,7,3,7,7,4,11,17,9,2,0,0,1,13,15
24,4,4,10,5,0,1,3,0,0,0,9,6,0,0,2,4,112,2,7,4,7,7,6,11,17,8,1,0,0,2,10,15
21,2,2,12,7,0,1,3,0,0,0,7,8,0,0,2,4,112,2,4,4,4,4,7,11,16,10,2,0,0,2,10,30
-53,2,2,14,7,0,0,3,0,0,0,3,12,0,0,2,4,112,2,4,4,4,4,8,12,15,9,2,0,0,2,10,45
15,2,2,12,6,0,0,3,0,0,0,0,15,0,0,2,4,112,2,4,4,4,4,7,11,14,8,1,0,0,2,10,30
1,2,2,6,5,0,0,3,0,0,0,12,3,0,0,2,4,112,2,4,4,4,4,6,10,13,7,1,0,0,2,9,45
5,2,2,10,5,0,0,3,0,0,0,10,5,0,0,2,4,112,2,3,3,3,3,5,10,12,7,2,0,0,2,10,15
-4,2,2,18,6,0,0,2,0,0,0,14,1,0,0,2,4,112,2,2,2,2,2,5,9,11,7,2,0,0,2,11,15
10,1,1,4,5,0,0,2,0,0,0,11,4,0,0,2,4,112,1,2,2,2,2,5,8,10,7,1,0,0,2,9,30
1,0,0,8,6,0,0,1,0,0,0,5,10,0,0,2,4,112,2,0,0,0,0,5,7,9,7,1,0,0,2,10,0
2,0,0,16,6,0,0,1,0,0,0,5,10,0,0,2,4,112,2,0,0,0,0,5,7,9,7,1,0,0,2,11,0
10,0,0,8,6,0,0,0,0,0,0,0,6,0,0,2,4,112,1,0,0,0,0,5,7,7,6,1,0,0,2,10,0
-20,0,0,6,5,0,0,0,0,0,0,0,18,0,0,2,4,112,0,0,0,0,0,4,6,6,6,1,0,0,2,9,45
-20,0,0,2,4,0,0,0,0,0,0,0,24,0,0,2,4,112,0,0,0,0,0,3,5,5,5,0,0,0,2,9,15
6,0,0,0,3,0,0,0,0,0,0,0,26,0,1,2,4,112,0,0,0,0,0,2,4,4,4,0,0,0,2,9,0
-30,0,0,2,2,0,0,0,0,0,0,0,35,0,0,2,4,112,0,0,0,0,0,2,3,3,3,0,0,0,2,9,15
14,0,0,0,1,0,0,0,0,0,0,0,59,0,1,2,4,112,0,0,0,0,0,2,2,2,2,0,0,0,2,9,0
-7,0,0,4,0,0,0,0,0,0,0,0,66,0,0,2,4,112,0,0,0,0,0,1,1,1,1,0,0,0,2,9,30
21,24,6,55,4,0,1,1,0,0,1,4,11,1,0,6,4,109,2,49,4,9,10,3,6,14,6,4,4,0,2,17,30
12,24,6,55,4,0,0,1,0,0,1,29,1,1,0,6,4,109,2,49,4,9,10,2,6,13,5,3,4,0,2,17,30
7,22,4,53,5,0,1,1,0,0,1,10,20,0,0,6,4,109,2,46,4,6,9,4,6,14,7,4,4,0,2,17,15
9,20,2,51,6,0,2,1,0,0,2,3,12,0,0,6,4,109,4,42,2,3,6,4,6,15,8,5,4,0,2,17,0
-33,20,2,53,5,0,2,1,0,0,2,2,13,0,0,6,4,109,4,42,2,3,6,4,5,14,7,4,4,0,2,17,15
32,20,2,51,4,0,2,1,0,0,2,1,14,0,0,6,4,109,4,42,2,3,6,3,4,13,6,4,4,0,2,17,0
58,18,0,41,4,0,3,2,0,0,1,0,15,0,0,6,4,109,3,40,0,1,5,2,8,13,8,6,4,1,2,15,30
60,18,0,39,4,0,2,2,0,0,1,3,12,0,0,6,4,109,2,40,1,3,6,2,8,12,8,5,4,1,2,15,15
26,18,0,45,4,0,1,2,0,0,1,9,6,0,0,6,4,109,0,40,1,4,7,7,9,13,9,4,4,1,2,16,0
34,18,0,47,5,0,1,1,0,0,1,0,15,0,0,6,4,109,1,39,2,3,7,6,9,13,8,3,4,1,2,16,15
-4,18,0,41,4,0,1,1,0,0,1,0,15,0,0,6,4,109,1,39,2,3,7,5,8,12,7,2,4,1,2,15,30
37,18,0,49,4,0,1,1,0,0,0,14,1,0,0,6,4,109,1,39,2,3,7,4,7,11,6,2,4,1,2,16,30
-10,18,0,47,3,0,1,1,0,0,0,13,2,0,0,6,4,109,1,39,2,3,7,4,6,10,5,2,4,1,2,16,15
23,18,0,49,2,0,1,1,0,0,0,4,11,0,0,6,4,109,1,39,3,4,9,3,6,9,4,1,3,1,2,16,30
-12,18,0,45,2,0,0,1,0,0,0,11,4,0,0,6,4,109,1,39,3,4,11,2,5,8,3,0,3,0,2,16,0
19,18,0,43,3,0,0,1,0,0,0,29,1,0,0,6,4,109,2,37,1,3,11,3,5,7,3,0,3,0,2,15,45
-2,18,0,43,4,0,0,0,0,0,0,9,21,0,0,6,4,109,0,36,1,3,11,3,5,9,5,1,3,0,2,15,45
-4,18,0,37,3,0,0,0,0,0,0,7,23,0,0,6,4,109,0,36,2,3,11,2,4,9,4,1,3,0,2,15,0
-50,18,1,39,2,0,1,0,0,0,0,41,4,0,0,6,4,109,1,35,1,4,12,2,4,10,3,1,3,0,2,15,15
-37,18,4,35,3,0,0,0,0,0,0,15,30,0,0,6,4,109,1,34,2,8,15,3,3,9,3,0,3,0,2,14,45
-12,18,5,35,2,0,0,1,0,0,0,3,42,0,0,6,4,109,1,33,4,8,15,2,3,9,3,0,3,0,2,14,45
-23,18,6,37,1,0,0,1,0,0,0,6,9,0,0,6,4,109,1,33,6,8,15,1,5,10,2,0,3,0,2,15,0
-26,13,4,33,5,0,1,2,1,0,0,6,9,0,0,6,4,109,2,25,3,7,12,6,7,14,8,5,3,1,1,13,30
-37,13,5,34,4,0,1,2,1,0,0,0,15,0,0,6,4,109,2,25,3,7,12,5,6,13,7,4,3,1,2,14,15
-4,13,5,30,3,0,1,2,1,0,0,14,1,0,0,6,4,109,2,25,4,7,14,4,5,12,6,4,3,1,1,13,0
3,12,5,32,3,0,1,1,1,0,0,9,6,0,0,6,4,109,1,25,5,7,14,3,5,12,6,3,3,1,1,13,15
1,12,5,30,2,0,2,1,2,0,0,13,2,0,0,6,4,109,3,23,4,6,14,2,6,13,5,2,3,1,1,13,0
5,12,5,28,1,0,2,1,2,0,0,13,2,0,0,6,4,109,3,23,4,6,14,1,5,12,4,2,3,1,2,12,45
10,9,4,28,5,0,1,2,2,0,0,11,4,0,0,6,4,109,3,18,1,5,12,4,8,14,8,4,2,2,2,12,45
35,7,3,18,5,0,1,1,2,0,0,9,6,0,0,6,4,109,1,18,3,7,15,7,8,15,9,4,2,1,1,11,15
11,7,4,26,4,0,1,1,2,0,0,7,8,0,0,6,4,109,1,18,3,7,15,6,7,14,8,4,2,1,2,12,30
-18,7,5,24,3,0,2,1,2,0,0,1,14,0,0,6,4,109,2,17,3,7,14,5,8,13,7,4,2,2,2,12,15
11,6,4,22,3,0,2,1,1,0,0,5,10,0,0,6,4,109,1,17,4,9,15,4,8,14,7,4,2,2,2,12,0
-33,6,4,26,4,0,1,1,1,0,0,3,12,0,0,6,4,109,2,16,3,9,15,3,7,13,6,4,1,2,2,12,30
5,5,3,20,3,0,1,2,1,0,0,10,5,0,0,6,4,109,2,15,4,9,14,3,7,14,6,3,1,1,1,11,30
21,5,3,21,3,0,1,2,0,0,0,9,6,0,0,6,4,109,2,15,4,9,14,2,6,13,5,3,1,1,2,11,45
-14,4,3,16,4,0,1,4,0,0,0,11,4,0,0,6,4,109,3,11,5,8,11,5,8,20,7,3,1,1,2,11,0
12,3,2,18,4,0,1,4,0,0,0,5,10,0,0,6,4,109,3,10,4,7,10,4,7,19,7,3,1,1,1,11,15
-84,2,1,22,4,0,1,3,0,0,0,2,13,0,0,6,4,109,2,10,4,7,10,3,6,18,7,2,0,1,2,12,0
12,2,2,24,5,0,1,2,0,0,0,9,6,0,0,6,4,109,2,9,3,7,9,3,7,17,7,1,0,0,2,12,15
7,2,2,16,5,0,2,2,0,0,0,2,13,0,0,6,4,109,3,7,2,6,7,3,6,16,7,2,0,0,2,11,0
10,1,1,14,6,0,1,2,0,0,0,11,4,0,0,6,4,109,2,6,3,6,6,4,8,16,8,1,0,0,2,10,45
-26,1,1,12,6,0,1,2,0,0,0,4,11,0,0,6,4,109,2,5,4,5,5,4,8,15,8,2,0,0,2,10,30
9,1,1,10,6,0,1,1,0,0,0,0,15,0,0,6,4,109,2,5,4,5,5,3,10,14,7,1,0,0,2,10,15
2,0,0,12,7,0,1,1,0,0,0,12,3,0,0,6,4,109,1,3,3,3,3,5,12,13,9,3,0,0,2,10,30
-1,0,0,10,6,0,1,1,0,0,0,10,5,0,0,6,4,109,1,3,3,3,3,4,11,12,8,3,0,0,2,10,15
-12,0,0,4,7,0,1,1,0,0,0,0,3,0,0,6,4,109,0,1,1,1,1,10,10,11,10,4,0,0,2,9,30
-24,0,0,4,6,0,1,1,0,0,0,0,4,0,0,6,4,109,0,1,1,1,1,9,9,10,9,3,0,0,2,9,30
34,0,0,6,6,0,1,0,0,0,1,0,6,0,0,6,4,109,1,0,0,0,0,8,8,9,8,3,0,0,2,9,45
-8,0,0,8,5,0,1,0,0,0,1,0,20,0,0,6,4,109,1,0,0,0,0,7,8,8,7,3,0,0,2,10,0
-7,0,0,6,4,0,1,0,0,0,1,0,27,0,0,6,4,109,0,0,0,0,0,6,7,7,7,3,0,0,2,9,45
-127,0,0,14,4,0,1,0,0,0,0,0,27,0,0,6,4,109,0,0,0,0,0,5,6,6,6,2,0,0,2,10,45
-16,0,0,2,3,0,1,0,0,0,0,0,29,0,0,6,4,109,0,0,0,0,0,4,5,5,5,2,0,0,2,9,15
30,0,0,2,3,0,0,0,0,0,0,0,30,0,0,6,4,109,0,0,0,0,0,3,4,4,4,1,0,0,2,9,15
-34,0,0,8,2,0,0,0,0,0,0,0,31,0,0,6,4,109,0,0,0,0,0,2,3,3,3,1,0,0,2,10,0
16,0,0,0,1,0,0,0,0,0,0,0,32,0,1,6,4,109,0,0,0,0,0,1,2,2,2,1,0,0,2,9,0
-2,0,0,0,0,0,0,0,0,0,0,0,70,0,1,6,4,109,0,0,0,0,0,1,1,1,1,0,0,0,2,9,0
148,30,1,37,1,0,0,1,0,0,0,30,30,0,0,5,4,108,1,47,1,2,9,3,4,7,2,2,3,0,2,15,0
-12,30,1,48,0,0,0,1,0,0,0,26,34,1,0,5,4,108,1,47,1,2,9,2,3,6,1,1,3,0,2,17,30
-42,30,1,48,1,0,0,0,0,0,0,15,45,1,0,5,4,108,1,46,1,1,10,1,2,5,1,0,3,0,2,17,30
-2,29,2,47,0,0,0,1,0,0,0,2,28,0,0,5,4,108,0,45,3,7,16,1,4,6,2,0,3,1,2,16,30
22,28,5,43,3,0,2,0,0,0,0,0,15,0,0,5,4,108,1,40,4,9,18,4,4,10,5,2,2,1,1,15,45
-27,27,5,46,3,0,1,0,0,0,0,11,4,0,0,5,4,108,0,40,4,9,18,3,3,9,5,3,2,0,1,16,0
35,27,5,35,5,0,0,0,0,0,0,5,10,0,0,5,4,108,2,38,4,8,16,2,3,8,4,3,2,0,2,14,45
-17,25,5,43,4,0,1,1,0,0,0,0,15,0,0,5,4,108,1,36,5,10,15,1,5,9,6,4,2,0,1,15,45
1,22,4,35,7,0,0,4,0,0,0,38,7,0,0,5,4,108,4,30,5,8,13,5,6,13,8,4,2,0,2,14,45
25,22,5,34,7,0,0,4,0,0,0,31,14,0,0,5,4,108,3,29,4,7,13,4,5,15,9,4,2,0,2,14,30
-10,22,5,41,6,0,0,4,0,0,0,29,16,0,0,5,4,108,3,29,4,7,13,3,4,15,8,3,2,0,3,15,30
11,22,5,37,6,0,0,4,0,0,0,27,18,0,0,5,4,108,4,28,4,6,12,2,3,14,7,3,2,0,2,15,0
74,20,4,30,7,0,0,3,1,0,0,13,32,0,0,5,4,108,4,26,4,5,10,2,4,13,8,3,2,1,1,13,15
-29,20,6,39,8,0,0,4,1,0,0,6,9,0,0,5,4,108,5,23,2,4,8,2,6,15,9,2,2,2,2,15,15
-12,16,6,33,8,0,0,4,1,0,1,7,8,0,0,5,4,108,3,21,2,5,10,5,11,16,12,2,2,2,1,14,15
57,16,6,30,8,0,0,3,1,0,1,1,14,0,0,5,4,108,3,21,3,5,10,6,10,15,11,2,1,2,1,13,15
-85,16,6,41,8,0,0,2,1,0,1,10,5,0,0,5,4,108,3,21,4,5,12,5,9,14,10,2,0,1,3,15,30
28,14,5,26,8,0,0,3,1,0,1,14,1,0,0,5,4,108,3,19,3,3,11,8,10,13,11,4,0,0,2,12,45
45,14,6,28,7,0,0,3,1,0,1,9,6,0,0,5,4,108,3,19,3,4,11,7,10,12,10,3,0,0,2,13,0
17,14,6,26,7,0,0,3,1,0,0,5,10,0,0,5,4,108,3,19,3,4,11,6,9,12,9,2,0,0,2,12,45
84,13,5,28,7,0,0,3,1,0,0,2,13,0,0,5,4,108,3,18,2,4,10,5,9,12,9,2,0,0,2,13,0
26,12,6,32,6,0,0,3,1,0,1,7,8,0,0,5,4,108,3,17,1,4,10,5,8,11,9,2,0,0,1,13,30
49,12,6,24,6,0,0,3,1,0,1,4,11,0,0,5,4,108,4,16,0,4,9,5,7,10,8,2,0,0,2,12,30
-99,12,6,39,5,0,0,3,1,0,1,3,12,0,0,5,4,108,4,16,0,4,10,4,6,9,7,2,0,0,2,15,15
-133,12,7,43,4,0,0,3,1,0,1,0,15,0,0,5,4,108,4,16,0,4,10,3,5,9,6,2,0,0,1,15,45
19,10,6,22,4,0,0,3,0,0,1,7,8,0,0,5,4,108,2,16,3,7,12,4,5,13,7,3,0,0,2,12,15
9,10,6,19,4,0,0,3,0,0,0,6,9,0,0,5,4,108,2,16,3,7,12,3,4,13,6,2,0,0,1,11,45
4,9,6,22,4,0,0,3,0,0,0,10,5,0,0,5,4,108,2,15,4,7,12,3,3,14,6,2,0,0,2,12,15
26,8,5,24,4,0,0,2,0,0,0,5,10,0,0,5,4,108,1,15,4,7,13,2,3,13,6,2,0,0,2,12,30
24,5,3,19,7,0,0,2,0,0,0,11,4,0,0,5,4,108,2,11,3,6,11,1,4,14,8,3,0,0,1,11,45
-32,3,2,14,7,0,0,4,0,0,0,8,7,0,0,5,4,108,1,8,3,6,8,5,11,18,11,6,0,0,2,11,0
38,3,2,21,6,0,0,4,0,0,0,3,12,0,0,5,4,108,1,8,3,6,8,5,10,17,10,5,0,0,2,12,0
29,2,2,18,8,0,0,3,0,0,0,0,15,0,0,5,4,108,1,6,2,6,6,8,10,18,11,4,0,0,2,11,30
19,2,2,16,8,0,0,3,0,0,0,10,5,0,0,5,4,108,2,5,2,5,5,7,10,17,10,3,0,0,1,11,15
-14,2,2,10,7,0,0,3,0,0,0,10,5,0,0,5,4,108,2,5,2,5,5,7,10,16,9,3,0,0,1,10,15
16,2,2,13,6,0,0,3,0,0,0,6,9,0,0,5,4,108,2,5,3,5,5,6,9,15,8,3,0,0,2,10,45
24,1,1,14,5,0,0,4,0,0,0,12,3,0,0,5,4,108,1,4,3,4,4,5,9,14,9,4,0,0,2,11,0
99,1,1,3,4,0,0,4,0,0,0,11,4,0,0,5,4,108,1,4,4,4,4,4,8,13,8,4,0,0,2,9,30
29,1,1,10,3,0,0,4,0,0,0,6,9,0,0,5,4,108,1,4,4,4,4,3,9,12,7,4,0,0,1,10,15
-13,1,1,7,2,0,0,4,0,0,0,3,12,0,0,5,4,108,1,4,4,4,4,3,8,11,6,4,0,0,2,10,0
43,1,1,12,2,0,0,4,0,0,0,10,5,0,0,5,4,108,1,3,3,3,3,3,8,10,6,4,0,0,1,10,30
-51,0,0,7,4,0,0,4,0,0,0,3,12,0,0,5,4,108,2,0,0,0,0,6,9,9,7,5,0,0,2,10,0
6,0,0,5,3,0,0,4,0,0,0,0,3,0,0,5,4,108,1,0,0,0,0,5,8,8,7,5,0,0,3,9,45
-5,0,0,0,2,0,0,4,0,0,0,0,5,0,1,5,4,108,0,0,0,0,0,5,7,7,7,4,0,0,1,9,0
0,0,0,2,1,0,0,4,0,0,0,0,15,0,0,5,4,108,0,0,0,0,0,4,6,6,6,4,0,0,2,9,15
-1,0,0,0,0,0,0,4,0,0,0,0,19,0,1,5,4,108,0,0,0,0,0,4,5,5,5,4,0,0,1,9,0
-29,0,0,7,0,0,0,3,0,0,0,0,22,0,0,5,4,108,0,0,0,0,0,3,4,4,4,3,0,0,2,10,0
-22,0,0,16,0,0,0,2,0,0,0,0,33,0,0,5,4,108,0,0,0,0,0,3,3,3,3,2,0,0,1,11,15
24,0,0,5,0,0,0,1,0,0,0,0,49,0,0,5,4,108,0,0,0,0,0,2,2,2,2,1,0,0,3,9,45
60,0,0,3,0,0,0,0,0,0,0,0,53,0,0,5,4,108,0,0,0,0,0,1,1,1,1,1,0,0,2,9,30
-3,33,2,57,1,0,0,1,0,0,1,3,27,1,0,4,4,107,1,54,3,6,11,2,3,7,3,2,5,0,2,18,0
21,33,2,55,0,0,0,1,0,0,1,14,1,0,0,4,4,107,1,54,3,6,12,1,2,7,2,1,5,0,1,17,30
-11,32,3,53,3,0,0,2,0,0,1,18,12,0,0,4,4,107,3,49,3,6,11,3,5,11,4,1,5,0,2,17,15
34,31,2,51,3,0,0,3,0,0,0,12,3,0,0,4,4,107,1,48,3,6,10,3,5,10,6,2,5,0,2,17,0
13,31,3,53,5,0,0,2,0,0,0,5,10,0,0,4,4,107,3,46,2,4,9,3,4,9,5,2,5,0,2,17,15
-14,30,3,51,4,0,0,2,0,0,0,1,14,0,0,4,4,107,2,46,3,7,11,3,5,9,5,2,5,0,2,17,0
-32,30,3,55,5,0,0,2,0,0,0,8,7,0,0,4,4,107,3,44,2,5,10,2,7,9,5,1,5,1,1,17,30
22,29,2,48,5,0,0,2,0,0,0,1,14,0,0,4,4,107,1,43,4,5,13,3,6,12,7,3,5,1,1,16,15
-10,28,1,46,5,0,0,2,0,0,0,3,12,0,0,4,4,107,1,42,4,5,13,5,5,12,7,4,5,1,2,16,0
-19,27,0,48,6,0,0,3,0,0,0,3,12,0,0,4,4,107,3,39,1,4,12,4,5,12,7,4,5,1,1,16,15
3,27,0,46,5,0,0,3,0,0,0,1,14,0,0,4,4,107,3,39,1,4,13,3,4,11,6,4,5,1,2,16,0
-2,27,0,50,5,0,0,2,0,0,0,11,4,0,0,4,4,107,3,39,1,5,13,2,3,11,5,4,4,1,2,16,30
-12,27,0,44,4,0,0,2,0,0,0,9,6,0,0,4,4,107,2,39,1,5,13,1,3,10,5,3,4,1,2,15,45
18,27,5,39,5,0,0,2,0,0,0,43,2,0,0,4,4,107,1,37,4,9,17,4,8,11,7,3,4,1,2,15,0
-71,27,7,43,6,0,1,1,0,0,1,24,21,0,0,4,4,107,3,34,5,8,16,6,8,12,7,4,3,1,2,15,30
-20,27,8,41,5,0,1,1,0,0,1,21,24,0,0,4,4,107,3,34,5,9,16,5,7,11,6,4,3,0,1,15,15
5,27,8,44,4,0,1,1,0,0,1,18,27,0,0,4,4,107,3,34,5,9,16,4,6,10,5,4,3,0,2,15,45
-10,26,8,36,5,0,2,1,0,0,1,9,36,0,0,4,4,107,4,31,4,6,14,4,5,10,6,4,3,0,1,14,15
55,26,8,37,4,0,2,1,0,0,1,8,37,0,0,4,4,107,4,31,4,7,14,3,4,9,5,3,3,0,1,14,30
-45,25,9,39,4,0,2,1,0,0,1,13,2,0,0,4,4,107,4,30,4,7,13,3,4,9,5,3,3,0,2,15,0
-25,22,7,41,4,0,2,1,0,0,1,3,12,0,0,4,4,107,2,29,4,8,12,2,4,9,7,4,3,0,1,15,15
-60,20,6,38,7,0,2,1,0,0,0,0,15,0,0,4,4,107,3,26,2,7,13,2,4,11,8,4,3,0,2,14,45
13,17,7,35,8,0,2,1,0,0,0,3,12,0,0,4,4,107,1,24,4,7,15,2,6,18,11,7,3,0,1,13,30
12,16,6,34,9,0,2,1,0,0,0,9,6,0,0,4,4,107,2,22,4,5,13,3,6,17,11,7,3,0,1,13,15
49,14,4,30,10,0,2,1,0,0,0,3,12,0,0,4,4,107,2,20,3,7,13,4,8,18,12,8,3,0,2,12,45
-16,13,4,32,11,0,1,1,0,0,0,14,1,0,0,4,4,107,2,19,2,6,14,3,7,18,12,7,3,0,1,13,0
36,12,5,30,11,0,1,1,0,0,0,1,14,0,0,4,4,107,2,18,2,7,13,3,11,17,12,6,3,0,2,12,45
22,10,3,24,11,0,1,1,0,0,0,4,11,0,0,4,4,107,0,17,4,8,13,5,12,19,14,7,3,1,2,12,0
48,10,4,26,10,0,1,1,0,0,0,12,3,0,0,4,4,107,0,17,4,8,13,4,12,19,13,7,3,1,2,12,15
10,10,5,28,9,0,1,2,0,0,0,1,14,0,0,4,4,107,1,16,5,8,14,8,12,18,12,7,3,1,2,12,30
-3,10,5,22,10,0,1,2,0,0,0,13,2,0,0,4,4,107,3,14,3,7,12,7,12,17,11,6,3,1,2,11,45
93,10,6,16,9,0,1,3,0,0,0,8,7,0,0,4,4,107,3,13,3,6,11,7,11,16,11,6,3,1,2,11,0
35,9,6,28,8,0,1,3,0,0,0,11,4,0,0,4,4,107,2,13,4,8,13,8,11,16,11,6,3,1,2,12,30
125,8,5,12,8,0,1,3,0,0,0,3,12,0,0,4,4,107,3,11,2,6,11,8,10,16,11,6,3,1,2,10,30
44,8,5,18,8,0,1,3,0,0,0,3,12,0,0,4,4,107,3,11,2,6,11,8,10,16,11,6,3,1,2,11,15
37,8,6,26,7,0,1,3,0,0,0,2,13,0,0,4,4,107,3,11,3,6,11,6,8,14,9,5,3,1,2,12,15
12,8,6,24,6,0,1,3,0,0,0,2,13,0,0,4,4,107,3,11,3,6,11,5,7,13,8,4,3,1,2,12,0
19,7,5,32,7,0,0,3,0,0,0,10,5,0,0,4,4,107,2,10,3,5,10,5,7,14,9,4,2,2,1,13,0
40,7,5,18,6,0,0,3,0,0,0,8,7,0,0,4,4,107,2,10,3,5,10,4,7,13,8,4,2,1,2,11,15
7,7,5,20,5,0,1,3,0,0,0,3,12,0,0,4,4,107,2,9,2,5,9,3,7,13,8,4,2,1,2,11,30
41,5,4,16,5,0,1,2,0,0,0,8,7,0,0,4,4,107,0,9,4,7,9,3,7,14,9,6,2,2,2,11,0
-53,5,4,20,5,0,1,2,0,0,0,0,15,0,0,4,4,107,1,8,3,6,8,2,6,14,8,5,2,2,2,11,30
12,3,3,10,7,0,1,2,0,0,0,14,1,0,0,4,4,107,2,5,1,4,5,5,6,15,9,7,2,2,2,10,15
-33,2,2,22,7,0,1,1,0,0,0,11,4,0,0,4,4,107,0,5,3,5,5,4,8,14,10,7,1,2,2,11,45
11,2,2,8,6,0,1,1,0,0,0,9,6,0,0,4,4,107,0,5,3,5,5,3,7,13,9,6,1,1,2,10,0
19,2,2,12,7,0,1,0,0,0,0,6,9,0,0,4,4,107,1,4,2,4,4,3,6,12,8,5,1,1,2,10,30
89,2,2,4,6,0,1,0,0,0,0,2,13,0,0,4,4,107,1,4,3,4,4,2,6,11,7,4,0,1,2,9,30
-5,1,1,14,7,0,1,0,0,0,0,8,7,0,0,4,4,107,1,2,2,2,2,4,9,11,8,5,0,0,2,10,45
-1,0,0,6,6,0,2,0,0,0,1,0,10,0,0,4,4,107,1,0,0,0,0,6,9,10,9,6,0,0,2,9,45
46,0,0,8,5,0,2,0,0,0,1,0,15,0,0,4,4,107,1,0,0,0,0,6,8,9,8,6,0,0,2,10,0
10,0,0,2,4,0,2,0,0,0,1,0,16,0,0,4,4,107,1,0,0,0,0,5,7,8,7,6,0,0,2,9,15
-1,0,0,2,3,0,2,0,0,0,1,0,26,0,0,4,4,107,0,0,0,0,0,6,6,7,7,7,0,0,2,9,15
15,0,0,6,2,0,2,0,0,0,1,0,35,0,0,4,4,107,0,0,0,0,0,5,5,6,6,6,0,0,2,9,45
7,0,0,0,1,0,2,0,0,0,1,0,36,0,1,4,4,107,0,0,0,0,0,4,4,5,5,5,0,0,2,9,0
17,0,0,4,1,0,1,0,0,0,1,0,43,0,0,4,4,107,0,0,0,0,0,3,4,4,4,4,0,0,2,9,30
-18,0,0,0,1,0,0,0,0,0,1,0,50,0,1,4,4,107,0,0,0,0,0,2,3,3,3,3,0,0,2,9,0
11,0,0,10,0,0,0,0,0,0,1,0,53,0,0,4,4,107,0,0,0,0,0,1,2,2,2,2,0,0,2,10,15
-114,0,0,14,0,0,0,0,0,0,0,0,97,0,0,4,4,107,0,0,0,0,0,1,1,1,1,1,0,0,2,10,45
20,14,5,58,3,0,1,0,0,0,0,6,9,1,0,3,4,106,1,54,4,8,14,3,5,9,4,2,3,2,2,17,45
30,13,5,53,3,0,1,1,0,0,0,4,11,0,0,3,4,106,2,52,3,8,13,3,4,10,4,1,3,1,3,17,15
40,13,5,53,3,0,1,2,0,0,0,27,3,0,0,3,4,106,2,50,3,6,12,2,3,11,5,2,2,1,3,17,15
-27,11,3,55,4,0,0,2,0,0,0,5,25,0,0,3,4,106,1,49,5,8,13,2,5,13,6,2,2,0,1,17,30
-30,9,2,55,4,0,0,4,0,0,0,6,9,0,0,3,4,106,2,46,3,6,10,1,5,13,7,4,2,1,1,17,30
10,8,2,49,4,0,0,5,0,0,1,4,11,0,0,3,4,106,2,43,3,5,10,4,9,15,9,5,2,1,2,16,30
-40,8,2,51,4,0,0,5,0,0,1,3,12,0,0,3,4,106,3,42,2,4,9,3,8,15,8,5,2,1,2,17,0
-5,8,2,55,3,0,0,5,0,0,1,2,13,0,0,3,4,106,3,42,2,4,9,2,7,14,7,4,2,1,1,17,30
5,8,3,51,4,0,0,4,0,0,1,10,5,0,0,3,4,106,3,41,3,5,8,6,9,14,7,4,1,1,2,17,0
19,6,1,49,5,0,0,3,0,0,1,1,14,0,0,3,4,106,2,40,2,6,8,5,8,13,8,6,1,0,2,16,30
18,6,1,47,4,0,0,3,0,0,1,0,15,0,0,3,4,106,2,40,2,6,8,4,7,12,7,6,1,0,2,16,15
-24,6,1,45,4,0,0,4,0,0,0,14,1,0,0,3,4,106,1,39,3,6,8,6,7,13,8,6,1,0,2,16,0
21,6,1,45,4,0,0,3,0,0,0,13,2,0,0,3,4,106,1,39,3,6,8,5,7,12,7,5,1,0,2,16,0
-23,6,1,47,4,0,0,3,0,0,0,12,3,0,0,3,4,106,2,38,2,5,7,4,7,11,6,4,1,1,2,16,15
25,5,0,43,3,0,0,3,0,0,0,11,4,0,0,3,4,106,0,38,4,5,9,3,8,12,7,5,1,1,2,15,45
3,5,0,39,2,0,0,5,0,0,0,7,8,0,0,3,4,106,2,36,2,3,7,3,7,11,6,5,1,1,2,15,15
23,5,0,37,2,0,0,4,0,0,0,2,13,0,0,3,4,106,2,36,3,3,8,2,6,10,5,4,1,1,2,15,0
-38,5,0,43,3,0,0,4,0,0,0,41,4,0,0,3,4,106,2,34,1,2,8,5,6,9,6,5,1,1,2,15,45
-28,5,0,41,3,0,0,4,0,0,0,29,16,0,0,3,4,106,1,33,0,2,9,4,6,9,7,6,1,1,2,15,30
28,5,0,33,3,0,0,3,0,0,0,27,18,0,0,3,4,106,1,33,0,2,9,3,5,8,6,5,0,1,1,14,15
-28,5,0,37,3,0,0,2,0,0,0,18,27,0,0,3,4,106,0,33,1,3,9,2,4,7,6,5,0,0,2,15,0
-2,5,0,35,3,0,0,1,0,0,0,13,32,0,0,3,4,106,0,33,1,3,10,1,4,6,5,4,0,0,2,14,45
-8,5,1,34,4,0,0,0,0,0,0,12,3,0,0,3,4,106,1,32,3,6,14,3,4,10,4,3,0,0,2,14,30
-74,5,2,39,3,0,0,1,0,0,0,6,9,0,0,3,4,106,1,31,2,7,14,3,4,9,4,3,0,0,2,15,15
-57,5,2,35,3,0,0,1,0,0,0,2,13,0,0,3,4,106,2,30,4,7,17,2,3,12,3,3,0,0,2,14,45
-87,5,2,41,3,0,0,1,0,0,0,11,4,0,0,3,4,106,2,29,3,6,16,1,3,13,3,3,0,0,2,15,30
-36,3,0,31,4,0,0,4,0,0,0,7,8,0,0,3,4,106,3,24,2,7,14,3,6,17,6,5,0,0,1,13,15
7,3,1,25,4,0,0,4,0,0,0,11,4,0,0,3,4,106,2,23,5,10,18,5,11,17,7,5,0,0,1,12,15
-1,3,1,28,4,0,0,3,0,0,0,10,5,0,0,3,4,106,2,23,5,10,19,4,10,17,6,4,0,0,1,12,45
-37,3,2,30,6,0,0,4,0,0,0,3,12,0,0,3,4,106,3,19,6,8,16,7,11,18,8,4,0,0,1,13,0
-24,3,3,32,5,0,0,4,0,0,0,1,14,0,0,3,4,106,3,19,6,8,16,6,11,18,7,4,0,0,1,13,30
10,3,3,23,6,0,0,3,0,0,0,13,2,0,0,3,4,106,2,18,5,8,15,5,10,18,8,3,0,0,2,12,0
-14,3,3,21,5,0,0,3,1,0,0,5,10,0,0,3,4,106,2,17,5,7,14,6,11,18,8,2,0,0,2,11,45
-8,3,3,25,5,0,0,3,1,0,0,3,12,0,0,3,4,106,3,16,4,6,13,5,10,17,7,1,0,0,1,12,15
-23,3,3,23,5,0,0,2,1,0,0,12,3,0,0,3,4,106,1,16,4,6,14,4,9,16,8,2,0,0,2,12,0
-4,3,3,17,6,0,0,3,1,0,0,3,12,0,0,3,4,106,3,13,2,8,12,5,9,17,8,3,0,0,2,11,15
-41,2,2,27,6,0,0,2,1,0,0,13,2,0,0,3,4,106,2,13,3,8,13,5,8,17,8,4,0,0,2,12,30
-14,2,2,19,5,0,0,2,1,0,0,12,3,0,0,3,4,106,2,13,3,8,13,4,7,16,7,4,0,0,2,11,30
-29,1,1,21,6,0,0,1,1,0,0,12,3,0,0,3,4,106,1,12,3,8,12,5,8,17,8,6,0,0,2,11,45
-10,1,1,15,6,0,0,1,1,0,0,7,8,0,0,3,4,106,2,11,5,8,11,5,8,18,7,6,0,0,2,11,0
-74,0,0,28,5,0,0,1,1,0,0,2,13,0,0,3,4,106,1,11,6,8,11,4,8,17,7,5,0,0,1,12,45
-1,0,0,15,6,0,0,1,0,0,0,10,5,0,0,3,4,106,1,10,6,7,10,3,9,17,7,6,0,0,2,11,0
-14,0,0,13,5,0,0,1,0,0,0,9,6,0,0,3,4,106,1,10,6,7,10,3,8,16,6,5,0,0,2,10,45
-28,0,0,19,6,0,0,2,0,0,1,8,7,0,0,3,4,106,5,6,2,4,6,4,9,16,5,4,0,0,2,11,30
-38,0,0,11,6,0,0,3,0,0,1,10,5,0,0,3,4,106,4,4,1,4,4,6,10,15,7,6,0,0,2,10,30
-53,0,0,13,6,0,0,3,0,0,0,4,11,0,0,3,4,106,4,4,1,4,4,5,9,14,6,5,0,0,2,10,45
33,0,0,6,5,0,0,3,0,0,0,11,4,0,0,3,4,106,3,4,2,4,4,5,9,13,6,4,0,0,1,9,45
-93,0,0,17,5,0,0,3,0,0,0,3,12,0,0,3,4,106,3,3,2,3,3,5,10,12,6,4,0,0,2,11,15
-18,0,0,11,4,0,0,3,0,0,0,14,1,0,0,3,4,106,3,3,3,3,3,5,9,11,5,3,0,0,2,10,30
-44,0,0,9,3,0,0,3,0,0,0,13,2,0,0,3,4,106,3,3,3,3,3,4,8,10,4,2,0,0,2,10,15
47,0,0,8,2,0,1,3,0,0,0,0,3,0,0,3,4,106,2,2,2,2,2,5,9,9,5,3,0,0,2,10,0
-3,0,0,2,1,0,1,3,0,0,0,0,6,0,0,3,4,106,2,2,2,2,2,5,8,8,4,2,0,0,2,9,15
-8,0,0,4,2,0,1,2,0,0,0,0,13,0,0,3,4,106,3,1,1,1,1,5,7,7,3,2,0,0,2,9,30
14,0,0,9,3,0,1,1,0,0,0,0,19,0,0,3,4,106,2,0,0,0,0,4,6,6,4,3,0,0,2,10,15
-13,0,0,0,2,0,1,1,0,0,0,0,28,0,1,3,4,106,1,0,0,0,0,5,5,5,4,3,0,0,2,9,0
-32,0,0,2,2,0,0,1,0,0,0,0,36,0,0,3,4,106,1,0,0,0,0,4,4,4,3,3,0,0,2,9,15
-22,0,0,0,1,0,0,1,0,0,0,0,37,0,1,3,4,106,1,0,0,0,0,3,3,3,2,2,0,0,2,9,0
-23,0,0,4,1,0,0,0,0,0,0,0,49,0,0,3,4,106,0,0,0,0,0,2,2,2,2,2,0,0,2,9,30
-90,0,0,6,0,0,0,0,0,0,0,0,56,0,0,3,4,106,0,0,0,0,0,1,1,1,1,1,0,0,1,9,45
58,10,2,42,2,0,1,3,0,0,1,13,2,0,0,2,4,105,2,40,2,3,9,3,5,11,6,2,9,2,2,17,0
-7,10,2,44,2,0,1,4,0,0,0,10,5,0,0,2,4,105,1,39,1,4,8,4,6,11,7,3,9,3,2,17,15
-15,10,3,46,2,0,0,4,0,0,0,2,13,1,0,2,4,105,1,39,2,5,10,3,7,12,6,2,8,4,2,17,30
-40,9,3,46,2,0,0,3,0,0,1,2,13,1,0,2,4,105,1,38,2,5,10,4,6,12,6,1,8,3,2,17,30
73,9,3,41,2,0,0,2,0,0,1,13,2,0,0,2,4,105,1,38,3,5,10,3,5,12,5,1,7,3,2,16,45
24,8,3,42,1,0,0,3,0,0,1,5,10,0,0,2,4,105,0,37,4,6,11,4,7,12,6,2,7,2,2,17,0
67,8,3,38,2,0,0,2,0,0,1,3,12,0,0,2,4,105,1,36,3,5,10,3,6,11,5,2,6,2,1,16,15
-34,8,3,44,3,0,0,2,0,0,1,8,7,0,0,2,4,105,3,34,2,3,8,3,6,10,4,2,6,1,2,17,15
0,8,3,40,3,0,0,1,0,0,1,5,10,0,0,2,4,105,3,34,3,4,8,2,6,9,3,1,5,2,1,16,30
3,6,1,33,3,0,0,1,0,0,1,12,3,0,0,2,4,105,2,33,2,5,10,3,7,10,4,2,5,2,2,15,30
15,6,1,34,5,0,0,1,0,0,0,3,12,0,0,2,4,105,3,31,2,3,8,4,7,10,4,1,5,2,2,15,45
-51,5,1,36,4,0,0,1,0,0,0,12,3,0,0,2,4,105,2,31,2,3,9,4,6,11,4,0,5,2,2,16,0
5,5,1,32,3,0,0,1,0,0,0,10,5,0,0,2,4,105,0,31,3,5,12,5,5,11,5,2,5,2,1,15,15
-9,5,1,36,3,0,0,0,0,0,0,7,8,0,0,2,4,105,0,31,3,5,12,4,4,10,4,2,4,2,2,16,0
-7,5,1,30,3,0,0,0,0,0,1,13,2,0,0,2,4,105,1,29,1,4,10,3,3,9,4,2,3,1,1,15,0
-1,5,1,28,2,0,0,1,0,0,1,0,15,0,0,2,4,105,1,28,2,4,11,2,4,8,4,2,3,0,2,14,45
-17,5,1,28,2,0,0,1,0,0,0,40,5,0,0,2,4,105,1,28,2,5,11,1,3,8,3,1,3,0,2,14,45
42,4,2,26,3,0,0,1,0,0,1,12,3,0,0,2,4,105,2,25,3,7,11,5,6,11,4,2,3,1,1,14,15
-71,4,2,30,2,0,0,1,0,0,1,12,3,0,0,2,4,105,2,25,3,7,11,4,5,10,3,2,3,1,1,15,0
-9,3,2,27,3,0,0,1,0,0,1,4,11,0,0,2,4,105,2,23,4,7,11,4,5,11,4,1,3,2,2,14,30
197,2,1,5,2,0,0,1,0,0,1,1,14,0,0,2,4,105,1,23,4,8,11,3,4,11,4,0,3,2,2,9,45
-147,2,1,34,1,0,0,1,0,0,1,28,2,0,0,2,4,105,1,23,4,8,11,2,4,10,3,0,3,2,2,15,45
-200,2,1,38,5,0,0,1,0,0,0,12,18,0,0,2,4,105,4,19,2,4,7,1,5,11,3,0,2,2,1,16,15
47,1,0,23,6,0,0,0,1,0,0,11,4,0,0,2,4,105,1,17,2,5,9,4,7,14,7,3,1,1,1,13,15
-55,1,0,23,5,0,0,2,1,0,0,14,1,0,0,2,4,105,2,15,1,3,9,4,7,14,7,3,1,0,1,13,15
-62,1,0,25,4,0,0,2,1,0,0,6,9,0,0,2,4,105,2,15,2,3,9,4,8,13,6,2,1,1,1,13,30
-19,1,0,21,3,0,0,2,1,0,0,13,2,0,0,2,4,105,1,15,3,3,9,4,7,12,6,1,1,1,2,13,0
37,1,0,19,3,0,0,2,1,0,0,5,10,0,0,2,4,105,1,14,2,3,8,3,9,12,6,2,1,1,2,12,30
13,1,0,15,4,0,0,2,0,0,0,23,7,0,0,2,4,105,2,13,1,4,9,4,8,11,5,2,1,1,2,12,0
-30,1,0,19,3,0,0,2,0,0,0,18,12,0,0,2,4,105,1,13,1,4,9,4,8,11,5,1,1,1,2,12,30
-19,1,0,21,2,0,0,2,0,0,1,4,26,0,0,2,4,105,1,12,1,5,10,6,7,10,5,1,1,1,2,13,0
-63,1,1,15,2,0,0,2,0,0,0,9,6,0,0,2,4,105,0,12,3,6,10,5,7,12,5,2,1,1,2,12,0
-4,1,1,14,2,0,0,1,0,0,0,8,7,0,0,2,4,105,0,12,3,6,10,4,6,11,4,1,0,1,2,11,45
-55,1,1,17,1,0,0,1,0,0,0,12,3,0,0,2,4,105,0,12,3,6,12,4,6,11,3,0,0,0,2,12,15
-31,1,1,17,2,0,0,0,0,0,0,6,9,0,0,2,4,105,1,11,4,5,11,3,5,10,2,0,0,0,2,12,15
-18,1,1,13,1,0,0,0,0,0,0,6,9,0,0,2,4,105,1,11,4,5,11,2,4,9,1,0,0,0,1,11,30
-36,1,1,12,1,0,0,0,0,0,1,6,9,0,0,2,4,105,2,9,3,5,9,2,3,8,1,0,0,0,1,11,0
-37,1,1,11,2,0,0,0,0,0,1,3,12,0,0,2,4,105,1,7,1,5,7,2,3,11,3,1,0,0,1,10,45
-2,0,0,8,2,0,0,0,0,0,1,12,3,0,0,2,4,105,0,6,3,6,6,2,6,10,4,2,0,0,2,10,15
-18,0,0,6,3,0,0,1,0,0,0,4,11,0,0,2,4,105,1,4,2,4,4,5,5,9,4,3,0,0,1,10,0
-20,0,0,9,3,0,0,2,0,0,0,2,13,0,0,2,4,105,0,2,2,2,2,4,8,8,6,3,0,0,1,10,30
-52,0,0,6,3,0,0,1,0,0,0,0,1,0,0,2,4,105,0,2,2,2,2,3,7,7,5,2,0,0,1,10,0
-11,0,0,1,2,0,0,1,0,0,0,0,3,0,0,2,4,105,0,2,2,2,2,2,6,6,4,1,0,0,2,9,15
-86,0,0,9,2,0,0,0,0,0,0,0,10,0,0,2,4,105,0,2,2,2,2,1,5,5,3,1,0,0,1,10,30
-7,0,0,3,3,0,0,0,0,0,0,0,41,0,0,2,4,105,0,0,0,0,0,4,4,4,4,2,0,0,1,9,30
26,0,0,3,2,0,0,0,0,0,0,0,51,0,0,2,4,105,0,0,0,0,0,3,3,3,3,1,0,0,1,9,30
-39,0,0,1,1,0,0,0,0,0,0,0,52,0,0,2,4,105,0,0,0,0,0,2,2,2,2,1,0,0,2,9,15
-32,0,0,0,0,0,0,0,0,0,0,0,53,0,1,2,4,105,0,0,0,0,0,1,1,1,1,0,0,0,2,9,0
21,32,3,65,1,0,0,1,1,0,0,3,12,1,0,6,4,102,1,63,4,10,16,1,4,11,3,2,6,1,1,17,45
21,29,3,63,3,0,2,2,0,0,1,3,12,0,0,6,4,102,1,57,6,9,13,4,10,14,8,5,6,1,2,17,30
-12,29,4,61,3,0,2,3,0,0,0,13,2,0,0,6,4,102,2,56,5,8,12,3,9,14,7,4,6,1,2,17,15
-3,29,4,59,3,0,1,3,0,0,0,9,6,0,0,6,4,102,1,56,5,9,13,4,8,13,7,4,6,1,2,17,0
37,28,4,59,4,0,1,5,0,0,0,13,2,0,0,6,4,102,3,52,3,6,11,4,8,14,8,3,6,1,2,17,0
11,28,4,61,4,0,1,5,0,0,0,13,2,0,0,6,4,102,3,51,3,6,12,6,7,16,8,4,6,1,2,17,15
-54,28,5,63,4,0,0,5,0,0,0,10,5,0,0,6,4,102,3,51,4,6,13,5,6,16,7,3,6,1,2,17,30
-5,28,5,56,4,0,0,5,0,0,0,7,8,0,0,6,4,102,3,50,3,5,12,4,5,15,7,3,5,1,2,16,45
23,27,4,56,5,0,0,5,0,0,0,7,8,0,0,6,4,102,4,48,2,4,12,4,6,14,7,3,5,0,2,16,45
33,26,3,50,4,0,0,5,0,0,0,5,10,0,0,6,4,102,3,48,2,4,13,3,6,13,7,3,5,0,1,16,0
21,26,4,54,3,0,0,5,0,0,0,3,12,0,0,6,4,102,3,48,3,4,13,2,5,12,6,3,5,0,3,16,30
-36,24,2,65,2,0,1,5,0,0,1,0,15,1,0,6,4,102,2,46,2,5,11,2,7,14,8,4,5,0,1,17,45
-7,23,2,54,2,0,1,6,0,0,1,5,10,0,0,6,4,102,2,44,1,6,13,6,10,15,9,5,5,1,3,16,30
-24,23,2,50,2,0,1,6,0,0,0,13,2,0,0,6,4,102,1,44,3,7,13,5,9,14,9,4,5,1,1,16,0
-6,23,3,53,2,0,1,5,0,0,0,6,9,0,0,6,4,102,1,44,5,8,14,5,8,14,8,4,5,1,2,16,15
22,22,2,48,2,0,1,4,0,0,0,13,2,0,0,6,4,102,0,44,5,9,15,5,10,13,8,5,5,1,3,15,45
2,22,2,48,3,0,1,3,0,0,0,8,7,0,0,6,4,102,1,43,5,8,15,6,9,13,7,5,5,1,3,15,45
22,22,2,46,3,0,1,2,0,0,0,7,8,0,0,6,4,102,1,43,5,8,15,5,8,13,6,5,5,1,2,15,30
-41,22,3,44,2,0,2,4,0,0,1,9,6,0,0,6,4,102,4,39,3,5,13,4,8,13,6,5,5,1,2,15,15
-81,22,3,56,2,0,1,4,0,0,1,4,11,0,0,6,4,102,4,39,4,6,13,3,7,13,5,4,4,1,2,16,45
-31,22,4,46,2,0,1,3,0,0,1,28,2,0,0,6,4,102,3,39,4,7,14,5,7,13,5,4,4,0,2,15,30
22,21,3,44,2,0,1,3,0,0,1,26,4,0,0,6,4,102,3,38,3,6,14,4,6,12,5,5,4,0,2,15,15
-27,20,4,40,3,0,1,3,0,0,2,2,28,0,0,6,4,102,3,35,3,6,14,4,6,13,7,6,4,0,2,14,45
-19,20,4,39,3,0,1,3,0,0,1,14,1,0,0,6,4,102,3,35,3,6,14,3,5,12,6,5,4,0,2,14,30
11,20,4,42,3,0,1,2,0,0,1,13,2,0,0,6,4,102,3,35,3,6,14,2,4,11,5,5,4,0,2,15,0
4,19,6,40,2,0,1,2,0,0,1,11,4,0,0,6,4,102,1,35,5,9,17,2,6,14,6,6,4,2,2,14,45
-133,18,6,50,4,0,1,2,0,0,1,13,2,0,0,6,4,102,3,32,3,7,16,2,7,15,6,5,4,2,1,16,0
5,16,4,33,6,0,1,2,0,0,0,11,4,0,0,6,4,102,2,30,4,8,16,4,8,19,8,5,4,2,1,13,0
27,16,6,37,6,0,1,1,0,0,1,11,4,0,0,6,4,102,2,29,5,9,17,5,7,19,8,5,3,2,1,13,45
-114,15,5,42,7,0,0,1,0,0,1,7,8,0,0,6,4,102,2,28,4,8,17,5,7,19,8,4,2,1,2,15,0
26,13,3,36,8,0,0,1,0,0,1,11,4,0,0,6,4,102,2,26,4,8,16,5,9,19,9,4,2,1,1,13,30
-49,13,3,38,7,0,0,1,0,0,1,9,6,0,0,6,4,102,2,26,5,9,17,4,8,18,8,3,2,1,1,14,15
56,13,5,22,7,0,0,1,0,0,0,3,12,0,0,6,4,102,1,26,5,9,18,3,8,18,8,3,2,1,2,11,45
2,12,4,29,7,0,1,1,0,0,0,8,7,0,0,6,4,102,2,24,4,9,17,3,9,19,8,3,2,1,2,12,30
13,12,4,35,7,0,1,0,0,0,0,4,11,0,0,6,4,102,2,24,4,10,18,2,10,18,7,2,2,1,1,13,15
-12,10,3,33,9,0,2,0,0,0,0,11,4,0,0,6,4,102,1,20,5,8,17,7,12,21,11,5,2,1,1,13,0
25,10,4,19,9,0,1,0,0,0,0,3,12,0,0,6,4,102,1,20,6,10,18,8,12,20,10,5,1,2,2,11,30
-11,10,5,26,11,0,0,0,0,0,0,14,1,0,0,6,4,102,2,18,4,8,16,8,11,19,10,5,1,1,2,12,15
31,10,5,31,10,0,0,0,0,0,0,11,4,0,0,6,4,102,1,18,4,8,16,7,11,18,10,5,1,1,2,12,45
87,10,5,19,10,0,0,0,0,0,0,4,11,0,0,6,4,102,2,17,4,8,15,8,11,19,9,5,1,1,2,11,30
-46,8,3,26,9,0,0,0,0,0,0,3,12,0,0,6,4,102,0,17,5,9,15,7,10,18,10,6,1,1,2,12,15
29,8,4,22,8,0,1,1,0,0,0,12,3,0,0,6,4,102,2,15,3,8,13,6,10,17,9,5,1,1,2,11,45
32,8,5,24,8,0,1,1,0,0,0,7,8,0,0,6,4,102,2,14,3,7,12,6,10,17,9,6,1,1,3,12,0
-62,8,5,31,7,0,1,1,0,0,0,4,11,0,0,6,4,102,2,14,4,8,13,5,9,16,8,6,1,1,2,12,45
-8,8,5,29,6,0,1,1,0,0,0,2,13,0,0,6,4,102,2,14,4,8,14,4,8,15,7,5,1,1,2,12,30
-3,8,5,19,5,0,1,1,0,0,0,11,4,0,0,6,4,102,1,14,5,9,14,4,8,14,7,4,1,1,2,11,30
-4,8,5,24,5,0,1,1,0,0,0,8,7,0,0,6,4,102,2,13,4,8,13,3,9,13,6,3,1,1,3,12,0
-67,7,6,26,5,0,1,1,0,0,0,9,6,0,0,6,4,102,2,12,5,9,12,5,9,15,6,2,0,1,2,12,15
-15,5,5,17,5,0,2,1,0,0,0,11,4,0,0,6,4,102,1,10,5,8,10,5,8,16,8,1,0,0,3,11,15
34,5,5,13,5,0,2,1,0,0,0,5,10,0,0,6,4,102,2,9,4,7,9,6,9,15,7,1,0,0,2,10,45
-21,5,5,15,6,0,2,1,0,0,0,1,14,0,0,6,4,102,3,7,3,5,7,5,8,15,7,0,0,0,2,11,0
27,4,4,17,5,0,2,1,0,0,0,11,4,0,0,6,4,102,2,7,4,5,7,5,7,14,7,1,0,0,3,11,15
19,3,3,15,5,0,2,2,0,0,0,14,1,0,0,6,4,102,3,5,3,5,5,4,7,14,7,1,0,0,2,11,0
1,3,3,11,5,0,1,2,0,0,0,10,5,0,0,6,4,102,3,5,3,5,5,4,6,13,6,1,0,0,2,10,30
7,3,3,13,5,0,1,1,0,0,0,9,6,0,0,6,4,102,2,5,3,5,5,3,5,12,6,2,0,0,2,10,45
-11,3,3,11,5,0,1,1,0,0,0,14,1,0,0,6,4,102,2,4,2,4,4,3,7,11,6,3,0,0,2,10,30
15,0,0,8,5,0,1,2,0,0,0,11,4,0,0,6,4,102,1,2,2,2,2,3,8,11,8,5,0,0,1,10,0
48,0,0,6,4,0,1,2,0,0,0,6,9,0,0,6,4,102,1,2,2,2,2,3,7,10,7,4,0,0,2,9,45
38,0,0,4,3,0,1,2,0,0,0,11,4,0,0,6,4,102,0,2,2,2,2,4,7,9,7,4,0,0,2,9,30
26,0,0,0,2,0,3,2,0,0,0,0,7,0,1,6,4,102,1,0,0,0,0,5,7,8,7,4,0,0,2,9,0
27,0,0,2,1,0,3,2,0,0,0,0,12,0,0,6,4,102,1,0,0,0,0,5,6,7,6,4,0,0,2,9,15
-21,0,0,10,1,0,2,2,0,0,0,0,14,0,0,6,4,102,0,0,0,0,0,4,5,6,6,4,0,0,2,10,15
-17,0,0,2,1,0,1,2,0,0,0,0,21,0,0,6,4,102,0,0,0,0,0,3,4,5,5,3,0,0,2,9,15
-13,0,0,0,1,0,0,2,0,0,0,0,32,0,1,6,4,102,0,0,0,0,0,3,4,4,4,3,0,0,2,9,0
-31,0,0,6,1,0,0,1,0,0,0,0,42,0,0,6,4,102,0,0,0,0,0,2,3,3,3,2,0,0,2,9,45
-8,0,0,8,0,0,0,1,0,0,0,0,58,0,0,6,4,102,0,0,0,0,0,2,2,2,2,2,0,0,1,10,0
10,0,0,4,0,0,0,0,0,0,0,0,85,0,0,6,4,102,0,0,0,0,0,1,1,1,1,1,0,0,2,9,30
9,18,3,48,3,0,1,1,0,0,0,6,9,0,0,5,4,101,1,45,3,6,10,2,4,8,5,3,4,1,2,17,15
17,17,2,45,4,0,0,1,0,0,0,0,15,0,0,5,4,101,0,44,3,6,10,2,6,9,6,5,3,1,2,16,45
-18,16,2,49,4,0,1,2,0,0,0,4,11,1,0,5,4,101,2,41,2,4,8,2,6,12,6,5,3,0,2,17,30
-23,16,2,46,4,0,1,1,0,0,0,14,1,0,0,5,4,101,1,41,3,5,10,4,5,13,6,4,3,0,1,17,0
26,15,2,43,4,0,1,2,0,0,0,1,14,0,0,5,4,101,2,39,2,4,9,4,4,12,6,4,3,0,1,16,30
4,15,2,46,3,0,1,2,0,0,0,15,15,0,0,5,4,101,2,39,2,5,9,3,3,12,5,4,3,0,1,17,0
27,15,2,42,2,0,1,3,0,0,0,0,15,0,0,5,4,101,2,38,2,4,9,2,4,13,5,3,3,0,2,16,15
24,14,1,41,2,0,0,4,0,0,0,9,6,0,0,5,4,101,2,37,2,4,9,1,4,12,5,2,3,0,1,16,0
-21,13,3,43,1,0,2,4,0,0,1,17,13,0,0,5,4,101,0,34,2,4,10,8,11,13,9,3,3,1,1,16,30
5,13,3,33,1,0,1,4,0,0,1,16,14,0,0,5,4,101,0,34,3,5,10,7,10,12,8,3,3,1,2,14,45
-31,13,3,39,1,0,1,3,0,0,1,14,16,0,0,5,4,101,0,34,3,5,11,6,9,11,7,2,3,1,1,15,45
-10,13,3,36,2,0,1,3,0,0,0,8,22,0,0,5,4,101,1,33,3,5,10,5,8,10,6,2,3,1,1,15,15
26,13,3,38,2,0,1,2,0,0,0,8,22,0,0,5,4,101,1,33,3,5,10,4,7,9,5,1,3,1,2,15,30
-21,13,3,34,2,0,0,2,0,0,0,7,23,0,0,5,4,101,1,33,3,5,10,3,6,8,4,0,3,1,2,15,0
13,13,4,36,2,0,1,1,0,0,0,0,30,0,0,5,4,101,2,32,2,5,10,3,5,7,3,0,3,1,1,15,15
0,11,2,32,1,0,1,1,0,0,0,35,10,0,0,5,4,101,0,32,2,6,12,4,4,8,4,1,3,1,1,14,15
-1,10,2,39,1,0,1,2,0,0,0,16,29,0,0,5,4,101,1,30,2,6,12,3,4,10,4,1,3,1,1,15,45
70,10,2,28,1,0,0,2,0,0,0,12,33,0,0,5,4,101,1,30,3,6,12,2,3,9,3,1,2,1,1,13,0
-19,10,2,34,1,0,0,1,0,0,0,10,35,0,0,5,4,101,1,30,3,6,12,1,3,8,2,1,2,0,2,15,0
76,9,3,25,3,0,0,2,0,0,0,1,14,0,0,5,4,101,2,26,2,6,12,2,4,11,4,3,2,0,2,12,30
-240,8,4,49,5,0,0,1,0,0,0,10,5,1,0,5,4,101,2,24,3,6,12,1,6,13,5,4,2,0,2,17,30
31,6,4,26,6,0,0,2,0,0,0,10,5,0,0,5,4,101,1,21,3,6,11,5,9,13,8,5,2,1,2,12,45
-5,6,5,30,7,0,0,1,0,0,0,5,10,0,0,5,4,101,2,20,2,6,12,5,8,14,7,5,2,1,1,13,15
49,6,5,20,6,0,0,1,0,0,0,12,3,0,0,5,4,101,1,20,3,7,13,4,7,16,7,5,2,1,3,12,0
-9,6,5,28,6,0,0,1,0,0,0,6,9,0,0,5,4,101,2,19,3,6,14,4,6,15,6,4,2,1,1,13,0
22,6,5,22,5,0,0,1,0,0,0,5,10,0,0,5,4,101,2,19,3,6,14,3,6,14,5,3,2,1,1,12,15
11,4,3,20,4,0,0,1,1,0,0,10,5,0,0,5,4,101,1,18,3,6,13,4,7,14,6,5,2,1,3,12,0
12,2,2,18,4,0,0,1,1,0,0,11,4,0,0,5,4,101,0,17,4,7,12,3,6,16,7,4,2,1,1,11,30
-1,2,2,22,5,0,0,1,1,0,0,14,1,0,0,5,4,101,2,15,2,5,13,4,6,16,6,3,1,1,1,12,15
-17,2,2,26,4,0,0,1,1,0,0,11,4,0,0,5,4,101,2,15,3,5,13,3,5,16,5,2,1,0,2,12,45
15,1,1,16,6,0,0,1,0,0,0,6,9,0,0,5,4,101,2,13,3,8,12,3,9,16,6,2,1,1,1,11,15
5,1,1,19,6,0,0,0,0,0,0,2,13,0,0,5,4,101,1,13,3,8,12,3,8,15,6,3,1,1,2,11,45
-88,1,1,31,6,0,0,0,0,0,0,11,4,0,0,5,4,101,1,12,2,7,12,2,8,16,6,3,1,1,1,13,30
-4,0,0,10,7,0,0,0,0,0,0,4,11,0,0,5,4,101,1,10,5,6,10,6,11,17,7,3,1,1,2,10,30
22,0,0,8,6,0,0,0,0,0,0,10,5,0,0,5,4,101,1,10,5,8,10,6,11,16,6,3,1,1,2,10,15
-25,0,0,16,5,0,0,0,0,0,0,9,6,0,0,5,4,101,1,10,5,8,10,6,10,15,5,2,1,1,1,11,15
42,0,0,12,5,0,1,0,0,0,0,4,11,0,0,5,4,101,2,8,3,6,8,7,9,14,5,1,1,1,2,10,45
-12,0,0,8,5,0,0,0,0,0,0,3,12,0,0,5,4,101,1,8,3,6,8,6,8,13,5,2,1,1,2,10,15
-65,0,0,22,5,0,0,0,0,0,0,1,14,0,0,5,4,101,2,7,2,5,7,5,7,12,4,1,0,1,1,12,15
-18,0,0,14,6,0,0,0,0,0,0,13,2,0,0,5,4,101,2,5,3,5,5,6,9,12,5,1,0,0,2,11,0
7,0,0,14,5,0,0,0,0,0,0,10,5,0,0,5,4,101,1,5,3,5,5,5,8,11,5,1,0,0,2,11,0
-25,0,0,10,4,0,0,0,0,0,0,9,6,0,0,5,4,101,1,5,3,5,5,4,7,10,4,1,0,0,2,10,30
-1,0,0,6,3,0,0,0,0,0,0,8,7,0,0,5,4,101,1,5,3,5,5,3,6,9,3,1,0,0,2,10,0
-15,0,0,6,2,0,1,0,0,0,0,8,7,0,0,5,4,101,1,4,3,4,4,3,7,8,3,2,0,0,2,10,0
-91,0,0,12,2,0,1,1,0,0,0,13,2,0,0,5,4,101,2,2,2,2,2,4,6,7,3,3,0,0,2,10,45
-21,0,0,4,3,0,0,1,0,0,0,0,2,0,0,5,4,101,1,1,1,1,1,4,6,6,4,4,0,0,2,9,45
-28,0,0,2,4,0,0,0,0,0,0,0,14,0,0,5,4,101,2,0,0,0,0,4,5,5,3,3,0,0,2,9,30
-12,0,0,1,3,0,0,0,0,0,0,0,15,0,0,5,4,101,2,0,0,0,0,3,4,4,2,2,0,0,2,9,15
-47,0,0,2,2,0,0,0,0,0,0,0,30,0,0,5,4,101,0,0,0,0,0,3,3,3,3,3,0,0,2,9,30
-27,0,0,0,1,0,0,0,0,0,0,0,37,0,1,5,4,101,0,0,0,0,0,2,2,2,2,2,0,0,1,9,0
-2,0,0,4,0,0,0,0,0,0,0,0,60,0,0,5,4,101,0,0,0,0,0,1,1,1,1,1,0,0,2,9,45
-3,27,2,53,3,0,0,0,0,0,0,9,6,1,0,4,4,100,2,50,2,6,14,1,3,11,2,1,5,1,1,17,30
-26,25,2,51,4,0,0,0,0,0,0,6,9,0,0,4,4,100,1,48,4,10,16,3,7,15,4,2,5,1,1,17,15
14,25,2,47,4,0,0,0,0,0,0,2,13,0,0,4,4,100,1,47,3,9,17,3,7,14,4,1,5,1,2,16,45
30,25,4,49,4,0,0,1,0,0,1,8,7,0,0,4,4,100,2,44,6,8,14,5,8,17,5,1,5,1,2,17,0
67,25,4,38,3,0,0,1,0,0,1,6,9,0,0,4,4,100,2,44,6,8,15,4,7,16,4,1,5,1,1,15,45
-26,24,4,49,5,0,0,1,0,0,1,1,9,0,0,4,4,100,4,41,4,8,13,5,7,16,4,0,5,2,2,17,0
-2,24,4,40,5,0,0,1,0,0,1,2,3,0,0,4,4,100,3,40,4,7,12,5,7,15,5,0,5,2,3,15,50
-28,23,4,47,6,0,0,1,1,0,0,10,5,0,0,4,4,100,3,38,2,6,12,4,7,14,6,2,4,3,2,16,45
-21,23,5,45,5,0,0,1,1,0,0,3,12,0,0,4,4,100,3,38,3,8,13,4,8,14,5,2,4,2,2,16,30
-42,22,4,45,4,0,0,1,1,0,0,11,4,0,0,4,4,100,1,38,4,8,14,3,9,13,6,3,4,2,2,16,30
-20,22,5,41,4,0,0,1,1,0,0,4,11,0,0,4,4,100,2,37,4,7,13,3,9,13,5,3,4,2,1,16,0
165,21,4,22,6,0,0,1,0,0,0,4,11,0,0,4,4,100,2,35,4,6,13,5,9,13,6,3,3,2,2,12,30
14,20,3,38,5,0,0,1,0,0,2,6,9,0,0,4,4,100,2,33,3,5,12,7,9,12,7,3,3,1,1,15,45
16,19,2,36,6,0,0,0,0,0,2,14,1,0,0,4,4,100,2,32,2,4,12,6,8,12,7,4,2,1,2,15,30
14,19,2,35,5,0,0,0,0,0,2,10,5,0,0,4,4,100,1,32,2,6,12,6,7,11,7,4,2,0,2,15,15
-33,19,2,41,4,0,0,0,0,0,2,9,6,0,0,4,4,100,1,32,2,6,12,5,6,10,6,4,2,0,1,16,0
-7,18,1,34,4,0,0,0,1,0,2,0,15,0,0,4,4,100,2,30,2,5,12,4,6,9,6,4,2,0,1,15,0
15,18,2,30,4,0,0,0,1,0,1,12,3,0,0,4,4,100,2,30,2,6,12,3,5,9,5,4,2,0,2,14,30
-95,18,2,44,4,0,0,0,1,0,0,10,5,0,0,4,4,100,2,30,2,6,12,3,4,8,4,3,2,0,2,16,15
-26,17,3,32,3,0,0,0,1,0,0,44,1,0,0,4,4,100,0,30,2,7,13,2,4,8,5,4,2,0,1,14,45
-50,17,5,41,3,0,1,0,1,0,0,27,18,0,0,4,4,100,2,28,4,7,14,2,4,7,4,3,2,0,1,16,0
31,17,6,30,3,0,2,0,1,0,0,5,40,0,0,4,4,100,2,26,4,6,14,3,4,10,5,2,2,0,2,14,30
18,14,6,29,3,0,2,1,1,0,0,5,10,0,0,4,4,100,1,24,3,7,12,2,4,10,7,3,2,1,2,14,15
51,14,7,28,3,0,2,1,1,0,0,10,5,0,0,4,4,100,2,23,3,7,12,2,4,10,6,2,2,1,1,13,30
-58,11,4,32,3,0,2,2,1,0,0,2,13,0,0,4,4,100,1,21,4,7,13,3,5,14,8,4,2,1,1,14,45
-213,10,5,51,5,0,2,2,1,0,0,0,15,0,0,4,4,100,2,18,4,6,13,2,6,14,9,4,1,1,1,17,15
35,8,3,24,5,0,2,2,1,0,0,4,11,0,0,4,4,100,1,17,3,5,13,3,6,15,10,5,1,0,1,12,45
8,7,2,27,5,0,2,4,1,0,0,11,4,0,0,4,4,100,2,14,2,4,11,4,10,19,11,6,1,0,1,13,15
129,7,3,12,5,0,2,4,0,0,0,6,9,0,0,4,4,100,2,14,2,6,12,3,10,18,10,5,1,0,2,11,0
29,7,3,26,5,0,1,4,0,0,0,1,14,0,0,4,4,100,2,14,3,6,13,4,9,17,9,4,1,0,1,13,0
36,5,2,17,4,0,1,5,0,0,0,14,1,0,0,4,4,100,1,13,2,5,12,3,9,16,10,5,1,0,2,11,45
67,5,3,19,5,0,1,4,0,0,0,5,10,0,0,4,4,100,0,12,4,8,11,7,10,18,11,5,1,0,1,12,0
65,5,3,15,5,0,1,3,0,0,0,3,12,0,0,4,4,100,0,12,4,8,11,6,9,17,10,4,1,0,2,11,30
13,5,4,21,5,0,1,3,0,0,0,8,7,0,0,4,4,100,1,11,4,7,11,6,13,17,9,4,1,1,2,12,15
116,5,4,6,5,0,0,3,0,0,0,6,9,0,0,4,4,100,1,11,5,7,11,5,12,17,8,4,1,1,2,10,15
23,5,4,22,4,0,0,3,0,0,0,5,10,0,0,4,4,100,1,11,5,8,11,4,11,16,7,3,1,1,2,12,30
1,5,4,17,4,0,0,3,0,0,0,12,3,0,0,4,4,100,1,10,5,7,10,4,10,16,7,3,1,1,2,11,45
-73,5,4,24,4,0,0,2,0,0,0,8,7,0,0,4,4,100,1,10,6,8,10,3,9,15,6,3,1,1,1,12,45
31,3,2,13,6,0,0,1,0,0,0,0,15,0,0,4,4,100,1,8,4,7,8,4,8,14,7,3,1,1,2,11,15
-172,3,3,36,7,0,0,1,0,0,1,13,2,0,0,4,4,100,2,5,2,4,5,7,9,15,8,2,1,1,2,15,30
-5,2,2,10,7,0,0,1,0,0,1,6,9,0,0,4,4,100,2,4,2,3,4,6,9,14,8,3,1,1,1,10,45
-13,2,2,10,7,0,0,1,0,0,0,1,14,0,0,4,4,100,2,4,3,4,4,5,8,13,7,3,1,1,1,10,45
-2,1,1,19,7,0,0,0,0,0,0,11,4,0,0,4,4,100,1,4,3,4,4,5,7,12,7,4,0,1,1,12,0
-1,1,1,15,6,0,0,0,0,0,0,10,5,0,0,4,4,100,1,4,3,4,4,4,7,11,6,4,0,0,2,11,30
45,1,1,4,5,0,0,0,0,0,0,9,6,0,0,4,4,100,1,4,3,4,4,3,6,10,5,4,0,0,2,10,0
-12,1,1,13,4,0,0,0,0,0,0,8,7,0,0,4,4,100,1,4,3,4,4,2,5,9,4,4,0,0,2,11,15
-22,1,1,8,4,0,1,0,0,0,1,13,2,0,0,4,4,100,2,1,1,1,1,3,6,8,5,3,0,0,2,10,30
21,0,0,8,3,0,1,0,0,0,1,6,9,0,0,4,4,100,1,1,1,1,1,4,6,7,5,3,0,0,2,10,30
21,0,0,4,2,0,1,0,0,0,1,0,9,0,0,4,4,100,0,1,1,1,1,4,6,6,5,2,0,0,2,10,0
27,0,0,2,2,0,1,0,0,0,1,0,19,0,0,4,4,100,1,0,0,0,0,4,5,5,4,1,0,0,2,9,45
7,0,0,0,1,0,1,0,0,0,1,0,23,0,1,4,4,100,1,0,0,0,0,3,4,4,3,0,0,0,2,9,30
-12,0,0,2,1,0,1,0,0,0,0,0,29,0,0,4,4,100,0,0,0,0,0,2,3,3,3,1,0,0,2,9,45
-24,0,0,0,0,0,1,0,0,0,0,0,48,0,1,4,4,100,0,0,0,0,0,2,2,2,2,1,0,0,2,9,30
-25,0,0,6,0,0,0,0,0,0,0,0,62,0,0,4,4,100,0,0,0,0,0,1,1,1,1,0,0,0,2,10,15
-24,27,1,58,1,0,0,2,0,0,0,21,9,0,0,3,4,99,2,55,0,5,12,3,6,12,3,2,10,1,1,17,30
17,27,1,59,0,0,0,2,0,0,0,19,11,1,0,3,4,99,2,55,2,6,12,2,5,11,2,1,10,1,2,17,45
-13,27,1,57,0,0,0,2,0,0,0,4,26,0,0,3,4,99,0,55,2,7,13,2,5,11,3,2,10,1,1,17,15
-1,27,2,52,0,0,0,3,0,0,0,11,4,0,0,3,4,99,1,53,4,9,14,4,8,13,3,3,9,3,1,16,15
-14,26,3,55,1,0,1,2,0,0,0,12,3,0,0,3,4,99,1,51,4,8,13,4,8,14,4,2,9,3,1,17,0
-17,26,3,52,1,0,1,2,0,0,0,7,8,0,0,3,4,99,2,50,4,7,12,3,7,14,3,1,9,3,1,16,15
-24,26,3,55,1,0,1,2,0,0,0,13,2,0,0,3,4,99,1,49,5,7,13,5,7,15,4,1,9,3,1,17,0
-10,26,3,48,2,0,0,2,0,0,0,3,12,0,0,3,4,99,1,48,4,6,13,5,6,14,4,0,9,3,2,16,0
17,25,3,46,5,0,0,2,0,0,0,3,12,0,0,3,4,99,3,44,1,4,11,4,7,13,5,0,8,4,4,15,45
55,25,3,38,4,0,0,2,0,0,0,1,14,0,0,3,4,99,3,44,1,4,12,3,6,12,4,0,8,3,2,14,30
-45,25,3,54,3,0,0,2,0,0,0,14,1,0,0,3,4,99,3,44,1,4,13,2,5,11,3,0,7,3,2,16,30
-23,25,3,48,3,0,0,1,0,0,0,10,5,0,0,3,4,99,3,44,2,5,13,2,5,10,2,0,6,2,2,16,0
22,23,1,39,4,0,0,0,0,0,0,14,1,0,0,3,4,99,1,43,3,7,16,3,8,10,4,1,6,1,1,14,45
-10,23,4,44,3,0,1,1,0,0,0,5,10,0,0,3,4,99,1,40,5,8,16,6,8,12,5,2,5,2,2,15,30
-58,22,3,46,3,0,1,1,0,0,0,4,11,0,0,3,4,99,1,40,4,7,15,6,7,11,5,3,5,1,4,15,45
-46,22,3,44,2,0,1,1,0,0,0,43,2,0,0,3,4,99,1,40,4,9,17,6,6,13,4,3,5,1,2,15,30
4,22,3,36,3,0,0,1,0,0,0,39,6,0,0,3,4,99,2,39,4,8,17,5,5,13,3,2,5,1,1,14,15
5,22,4,41,2,0,0,1,0,0,0,37,8,0,0,3,4,99,2,39,4,8,17,4,4,14,2,1,5,1,2,15,0
-44,22,5,39,2,0,0,1,0,0,0,25,20,0,0,3,4,99,1,38,4,7,18,3,3,13,3,2,5,1,1,14,45
-36,22,6,42,3,0,0,0,1,0,0,19,26,0,0,3,4,99,3,36,3,7,17,2,2,14,2,1,5,1,2,15,15
-69,22,6,42,2,0,0,0,1,0,0,13,32,0,0,3,4,99,2,36,5,9,18,1,2,14,2,0,4,2,2,15,15
-27,16,6,36,4,0,2,1,1,0,1,3,12,0,0,3,4,99,2,29,4,10,18,4,13,22,8,3,3,3,1,14,15
38,15,6,32,5,0,2,1,1,0,1,7,8,0,0,3,4,99,2,27,5,10,17,9,13,22,9,4,3,2,1,13,0
11,15,7,34,4,0,2,2,1,0,1,3,12,0,0,3,4,99,3,26,4,9,16,8,12,21,8,4,3,2,1,13,15
-42,14,6,35,3,0,2,2,1,0,1,6,9,0,0,3,4,99,2,26,6,10,18,8,11,20,8,5,3,2,2,13,30
-185,14,7,48,3,0,2,2,1,0,1,2,13,0,0,3,4,99,3,25,6,9,17,9,11,19,7,4,2,2,2,16,0
73,12,5,25,4,0,2,2,0,0,1,0,15,0,0,3,4,99,2,24,6,9,16,8,11,18,8,4,2,1,3,12,15
18,11,4,30,5,0,2,2,0,0,0,13,2,0,0,3,4,99,2,23,5,8,15,7,11,17,8,3,2,1,2,12,45
38,11,4,23,5,0,1,2,0,0,0,11,4,0,0,3,4,99,2,22,6,9,17,7,10,17,7,3,2,1,2,12,0
0,11,4,27,4,0,2,2,0,0,0,9,6,0,0,3,4,99,3,22,5,8,16,6,9,16,6,3,1,1,2,12,30
7,11,4,32,3,0,2,2,0,0,0,8,7,0,0,3,4,99,3,22,5,8,16,5,8,15,5,2,1,0,1,13,0
2,10,4,25,4,0,2,2,0,0,0,6,9,0,0,3,4,99,2,20,4,8,15,4,12,16,7,3,1,0,3,12,15
4,10,4,30,5,0,2,1,0,0,0,4,11,0,0,3,4,99,3,19,3,7,14,3,11,15,6,2,1,0,2,12,45
64,10,4,15,4,0,2,1,0,0,0,3,12,0,0,3,4,99,3,19,3,7,15,2,10,14,5,1,1,0,2,11,0
30,10,6,21,5,0,1,1,0,0,1,12,3,0,0,3,4,99,4,17,3,7,13,4,10,14,5,2,1,0,2,11,45
-7,7,4,23,5,0,1,1,0,0,1,3,12,0,0,3,4,99,2,16,4,8,14,8,9,16,7,4,1,0,2,12,0
-42,7,4,27,5,0,1,1,0,0,1,1,14,0,0,3,4,99,2,15,4,7,13,7,8,16,7,3,1,0,2,12,30
-36,7,4,27,5,0,0,1,0,0,1,14,1,0,0,3,4,99,2,15,4,7,13,7,7,16,6,2,1,0,2,12,30
59,7,4,17,5,0,0,1,0,0,1,7,8,0,0,3,4,99,2,14,4,8,12,6,7,15,6,2,1,1,2,11,15
-12,7,4,19,4,0,0,1,0,0,1,5,10,0,0,3,4,99,2,14,4,8,12,5,6,14,5,2,1,1,2,11,30
40,6,4,15,5,0,0,1,0,0,1,10,5,0,0,3,4,99,2,12,4,7,11,4,6,14,6,2,1,1,2,11,0
4,6,4,19,5,0,0,1,0,0,0,9,6,0,0,3,4,99,2,12,4,7,11,3,5,13,5,2,1,1,2,11,30
4,6,4,17,4,0,0,1,0,0,0,8,7,0,0,3,4,99,2,12,4,7,11,2,4,12,4,1,1,1,2,11,15
-287,6,4,48,4,0,0,1,0,0,0,0,15,0,0,3,4,99,3,11,3,7,11,1,5,12,3,0,1,1,2,16,0
17,3,2,13,6,0,0,2,0,0,0,13,2,0,0,3,4,99,1,7,3,5,7,4,9,15,8,4,0,1,2,10,45
74,2,2,4,6,0,0,3,0,0,0,14,1,0,0,3,4,99,2,5,2,4,5,4,9,15,8,5,0,0,1,9,30
1,2,2,7,6,0,0,2,0,0,0,7,8,0,0,3,4,99,2,5,2,5,5,5,8,14,7,4,0,0,2,10,0
46,2,2,6,6,0,0,2,0,0,0,2,13,0,0,3,4,99,2,4,2,4,4,4,7,13,7,4,0,0,2,9,45
-48,2,2,21,6,0,0,1,0,0,0,7,8,0,0,3,4,99,1,4,2,4,4,5,8,12,7,3,0,0,2,11,45
-24,1,1,9,6,0,0,1,0,0,0,13,2,0,0,3,4,99,1,3,2,3,3,5,9,11,7,4,0,0,2,10,15
-1,1,1,9,5,0,0,1,0,0,0,12,3,0,0,3,4,99,1,3,2,3,3,4,8,10,6,3,0,0,2,10,15
15,1,1,11,5,0,0,1,0,0,0,1,14,0,0,3,4,99,2,2,2,2,2,3,8,9,5,3,0,0,2,10,30
-16,1,1,13,4,0,0,1,0,0,0,0,15,0,0,3,4,99,1,2,2,2,2,2,7,8,5,3,0,0,2,10,45
-16,0,0,11,3,0,0,1,0,0,0,3,12,0,0,3,4,99,0,2,2,2,2,4,7,7,5,4,0,0,2,10,30
-23,0,0,7,4,0,1,0,0,0,0,0,15,0,0,3,4,99,0,0,0,0,0,5,6,6,6,4,0,0,2,10,0
-28,0,0,2,4,0,0,0,0,0,0,0,18,0,0,3,4,99,0,0,0,0,0,4,5,5,5,4,0,0,2,9,15
-15,0,0,4,3,0,0,0,0,0,0,0,24,0,0,3,4,99,0,0,0,0,0,4,4,4,4,3,0,0,1,9,30
6,0,0,0,2,0,0,0,0,0,0,0,27,0,1,3,4,99,0,0,0,0,0,3,3,3,3,2,0,0,2,9,0
20,0,0,2,1,0,0,0,0,0,0,0,42,0,0,3,4,99,0,0,0,0,0,2,2,2,2,1,0,0,2,9,15
-12,0,0,0,0,0,0,0,0,0,0,0,48,0,1,3,4,99,0,0,0,0,0,1,1,1,1,0,0,0,2,9,0
-5,27,1,53,2,0,0,0,0,0,0,12,3,1,0,2,4,98,1,52,3,6,14,2,3,6,2,1,8,0,2,17,30
-15,26,0,51,3,0,1,0,0,0,0,36,9,0,0,2,4,98,2,49,2,5,13,2,2,11,3,1,8,0,2,17,15
-16,26,2,53,3,0,1,1,0,0,0,7,38,1,0,2,4,98,2,47,3,7,13,1,4,13,4,1,8,0,2,17,30
-20,26,4,49,5,0,1,1,0,0,1,3,12,0,0,2,4,98,3,43,5,7,15,3,9,16,6,2,8,2,2,17,0
-34,26,4,49,5,0,0,1,0,0,1,0,15,0,0,2,4,98,3,43,5,7,15,2,9,15,5,2,8,2,2,17,0
175,25,3,32,5,0,1,1,0,0,1,3,12,0,0,2,4,98,3,41,3,6,13,2,9,15,6,2,8,3,2,14,15
7,22,0,42,6,0,1,3,0,0,0,3,12,0,0,2,4,98,2,38,3,8,12,8,10,18,9,4,8,4,2,15,30
-80,22,0,51,5,0,1,3,0,0,0,1,14,0,0,2,4,98,2,38,3,9,12,7,10,17,8,4,8,4,2,17,15
7,22,0,40,4,0,1,3,0,0,0,1,14,0,0,2,4,98,2,38,3,9,12,6,9,16,7,4,7,4,2,15,15
27,22,0,37,5,0,0,3,0,0,0,10,5,0,0,2,4,98,2,37,2,8,12,6,9,16,7,4,6,4,2,15,0
-3,22,0,46,5,0,0,2,0,0,0,9,6,0,0,2,4,98,2,37,3,8,12,5,9,15,6,3,6,3,2,16,0
-2,22,0,47,4,0,0,3,0,0,0,7,8,0,0,2,4,98,3,36,2,8,12,4,8,14,5,2,6,3,2,16,15
-34,22,0,47,3,0,0,3,0,0,0,0,15,0,0,2,4,98,2,36,2,8,12,3,7,13,5,3,6,3,2,16,15
-39,22,1,42,3,0,0,3,0,0,0,3,12,0,0,2,4,98,2,35,5,7,13,3,7,13,5,3,5,3,2,15,30
-35,22,1,44,2,0,0,3,0,0,0,12,3,0,0,2,4,98,1,35,6,7,13,3,8,12,5,2,5,2,1,15,45
-46,22,3,44,5,0,0,3,0,0,1,33,12,0,0,2,4,98,4,30,2,4,12,5,9,15,6,2,4,2,1,15,45
-14,22,3,35,5,0,0,3,0,0,1,32,13,0,0,2,4,98,5,29,1,3,11,4,8,14,5,1,4,1,3,14,45
13,22,4,37,5,0,0,2,0,0,1,27,18,0,0,2,4,98,4,29,1,4,12,5,8,13,5,2,3,2,2,15,0
-31,22,4,33,5,0,0,2,0,0,0,25,20,0,0,2,4,98,4,29,2,4,12,5,7,12,4,2,3,1,2,14,30
-32,22,5,40,5,0,0,2,0,0,0,13,32,0,0,2,4,98,5,28,1,5,11,4,6,13,3,1,3,1,2,15,15
23,21,6,29,4,0,0,2,0,0,0,14,1,0,0,2,4,98,3,28,3,6,13,4,6,14,4,0,3,1,1,13,15
-26,21,6,35,4,0,0,1,0,0,0,13,2,0,0,2,4,98,3,28,3,6,13,3,5,13,3,0,3,1,3,14,45
-81,21,6,37,4,0,0,1,0,0,0,11,4,0,0,2,4,98,4,27,2,5,12,3,5,12,2,0,3,1,2,15,0
-26,19,6,33,3,0,0,1,0,0,0,8,7,0,0,2,4,98,2,27,5,9,14,2,7,13,3,2,3,1,2,14,30
6,18,6,29,5,0,0,0,0,0,0,13,2,0,0,2,4,98,3,25,3,7,14,2,6,13,3,2,2,1,1,13,15
54,16,5,20,7,0,0,0,0,0,0,4,11,0,0,2,4,98,3,22,4,7,14,5,9,16,5,3,2,1,2,12,0
14,15,5,27,6,0,0,0,0,0,0,11,4,0,0,2,4,98,1,22,5,7,16,4,8,16,6,2,2,1,2,13,0
29,14,4,24,7,0,0,1,0,0,0,1,14,0,0,2,4,98,3,19,2,5,14,3,8,15,6,2,2,1,1,12,30
-44,13,3,31,6,0,0,1,0,0,0,11,4,0,0,2,4,98,2,19,2,6,16,4,8,14,6,2,2,1,1,13,30
10,13,3,24,5,0,0,1,0,0,0,10,5,0,0,2,4,98,2,19,2,6,16,4,7,13,5,1,2,1,1,12,30
11,11,3,20,5,0,1,1,0,0,0,0,15,0,0,2,4,98,1,17,3,9,15,5,10,15,7,2,2,2,2,12,0
34,11,3,16,4,0,1,1,0,0,0,13,2,0,0,2,4,98,0,17,3,9,15,4,10,14,7,2,1,2,2,11,30
-29,11,3,27,3,0,1,1,0,0,0,11,4,0,0,2,4,98,0,17,4,9,15,4,9,13,6,2,1,1,2,13,0
5,11,4,22,2,0,1,1,0,0,0,8,7,0,0,2,4,98,0,17,4,9,15,3,8,13,5,2,1,1,2,12,15
1,10,5,18,4,0,0,1,1,0,0,2,13,0,0,2,4,98,2,14,5,9,14,6,8,14,5,1,1,1,2,11,45
27,10,5,12,4,0,0,1,1,0,0,12,3,0,0,2,4,98,2,13,5,10,13,6,7,14,5,2,1,1,2,11,0
-38,9,5,26,4,0,0,0,1,0,0,7,8,0,0,2,4,98,1,13,5,10,13,5,6,15,5,3,0,1,2,12,45
47,8,4,18,4,0,1,0,1,0,1,10,5,0,0,2,4,98,2,10,4,7,10,5,8,15,6,3,0,0,2,11,45
-32,8,5,22,4,0,1,0,1,0,1,6,9,0,0,2,4,98,3,9,3,6,9,4,7,14,5,3,0,0,2,12,15
12,8,5,11,4,0,1,0,1,0,0,4,11,0,0,2,4,98,2,9,3,6,9,3,6,13,5,4,0,0,2,10,45
-3,8,5,14,4,0,1,0,1,0,0,14,1,0,0,2,4,98,3,8,4,6,8,2,5,14,4,4,0,0,2,11,15
-41,6,4,16,4,0,1,0,2,0,0,13,2,0,0,2,4,98,3,6,3,5,6,4,6,13,5,3,0,0,2,11,30
10,4,4,12,6,0,1,1,1,0,0,3,12,0,0,2,4,98,3,3,1,3,3,4,9,12,7,4,0,0,2,11,0
3,4,4,9,5,0,1,1,1,0,0,1,14,0,0,2,4,98,3,3,1,3,3,4,8,11,6,3,0,0,1,10,30
-18,4,4,14,4,0,1,1,1,0,0,14,1,0,0,2,4,98,2,3,2,3,3,3,7,10,6,4,0,0,2,11,15
55,2,2,5,4,0,1,1,1,0,0,10,5,0,0,2,4,98,0,2,2,2,2,4,9,10,8,5,0,0,2,9,45
-14,2,2,8,3,0,1,1,1,0,0,1,14,0,0,2,4,98,0,2,2,2,2,5,8,9,7,5,0,0,2,10,15
-14,1,1,9,3,0,1,1,1,0,0,12,3,0,0,2,4,98,0,1,1,1,1,5,7,8,7,5,0,0,1,10,30
-19,0,0,6,3,0,1,1,1,0,0,14,1,0,0,2,4,98,0,0,0,0,0,6,6,7,7,4,0,0,1,10,0
57,0,0,3,2,0,1,1,1,0,0,8,7,0,0,2,4,98,0,0,0,0,0,5,5,6,6,4,0,0,1,9,30
11,0,0,6,2,0,1,1,0,0,0,7,8,0,0,2,4,98,0,0,0,0,0,4,4,5,5,4,0,0,1,10,0
21,0,0,3,2,0,1,0,0,0,0,0,1,0,0,2,4,98,0,0,0,0,0,3,4,4,4,3,0,0,1,9,30
26,0,0,2,2,0,0,0,0,0,0,0,12,0,0,2,4,98,0,0,0,0,0,2,3,3,3,2,0,0,2,9,15
27,0,0,0,1,0,0,0,0,0,0,0,13,0,1,2,4,98,0,0,0,0,0,1,2,2,2,1,0,0,1,9,0
21,0,0,0,0,0,0,0,0,0,0,0,61,0,1,2,4,98,0,0,0,0,0,1,1,1,1,0,0,0,1,9,0
62,33,7,59,2,0,0,2,0,0,0,11,4,1,0,6,4,95,2,56,4,7,11,1,4,10,3,1,7,1,2,17,45
47,29,5,57,3,0,2,2,0,0,0,11,4,0,0,6,4,95,2,52,3,5,12,3,6,9,6,1,7,0,2,17,30
18,28,4,53,4,0,1,3,0,0,0,1,14,0,0,6,4,95,2,50,2,4,11,3,5,10,7,3,7,0,2,17,0
3,26,3,59,4,0,1,3,0,0,0,13,2,1,0,6,4,95,1,49,2,4,12,4,7,12,8,2,7,2,2,17,45
-28,26,3,57,4,0,1,3,0,0,0,2,13,0,0,6,4,95,2,48,2,5,14,3,6,11,7,2,7,2,2,17,30
49,24,2,50,4,0,1,3,0,0,0,2,13,0,0,6,4,95,1,47,2,6,13,4,5,11,8,2,7,2,1,16,30
26,24,2,50,3,0,1,3,0,0,0,13,2,0,0,6,4,95,1,47,2,7,13,4,4,11,7,2,7,2,1,16,30
19,23,2,55,3,0,1,3,0,0,0,5,10,0,0,6,4,95,0,46,5,7,13,3,7,15,8,4,6,3,2,17,15
9,23,2,53,2,0,1,3,0,0,0,4,11,0,0,6,4,95,0,46,5,8,13,2,6,14,7,4,6,2,2,17,0
37,23,2,44,2,0,1,3,0,0,0,0,15,0,0,6,4,95,1,45,4,8,12,1,6,13,6,3,5,3,2,15,45
28,22,2,48,6,0,2,3,0,0,0,9,6,0,0,6,4,95,3,39,3,5,9,5,9,16,9,6,5,5,2,16,15
21,21,1,46,6,0,1,3,0,0,0,2,13,0,0,6,4,95,1,39,5,6,10,4,9,15,10,7,5,5,2,16,0
-15,21,1,44,5,0,1,3,0,0,0,0,15,0,0,6,4,95,1,39,5,6,11,3,9,14,9,7,5,5,2,15,45
13,21,1,55,4,0,1,3,0,0,0,7,8,0,0,6,4,95,1,39,5,6,11,2,9,14,8,6,4,5,2,17,15
-86,21,1,52,5,0,1,3,0,0,0,0,15,0,0,6,4,95,2,37,3,4,10,2,8,13,8,6,3,4,2,16,45
-19,20,1,46,7,0,1,2,1,0,0,5,10,0,0,6,4,95,2,34,1,3,12,7,10,14,10,6,3,3,2,16,0
-18,20,1,48,7,0,1,1,1,0,0,44,1,0,0,6,4,95,1,34,1,3,12,6,10,13,10,5,2,3,2,16,15
28,20,1,43,6,0,1,1,1,0,0,40,5,0,0,6,4,95,1,34,1,4,12,5,9,12,9,4,1,2,2,15,30
-15,20,1,38,6,0,0,1,1,0,0,40,5,0,0,6,4,95,1,34,1,4,12,4,8,11,8,3,0,1,2,15,0
6,20,1,41,5,0,0,1,1,0,0,36,9,0,0,6,4,95,1,34,1,4,12,3,7,11,7,3,0,0,1,15,15
24,20,1,34,4,0,0,1,2,0,0,32,13,0,0,6,4,95,1,33,1,4,12,5,6,11,7,3,0,0,1,14,15
-13,20,2,38,4,0,0,0,2,0,0,23,22,0,0,6,4,95,1,33,1,5,12,4,6,10,6,3,0,0,2,15,0
-9,19,3,41,3,0,0,0,2,0,0,6,39,0,0,6,4,95,0,33,3,8,16,4,5,13,6,4,0,0,1,15,15
5,19,3,38,2,0,0,0,2,0,0,4,41,0,0,6,4,95,0,33,4,9,16,3,4,13,5,4,0,0,2,15,0
-25,19,3,35,2,0,0,0,1,0,0,3,42,0,0,6,4,95,0,33,4,9,16,2,4,12,4,3,0,0,2,14,30
-16,19,6,36,2,0,0,1,1,0,0,3,12,0,0,6,4,95,2,31,4,9,17,2,4,12,3,2,0,0,3,14,45
-29,19,6,36,3,0,1,1,1,0,0,0,15,0,0,6,4,95,3,28,4,7,16,2,5,14,4,3,0,0,3,14,45
44,16,4,30,6,0,2,1,0,0,0,4,11,0,0,6,4,95,3,24,3,7,14,4,9,15,7,5,0,0,1,13,0
-14,14,4,33,6,0,2,1,0,0,0,10,5,0,0,6,4,95,2,23,2,8,15,3,8,16,8,4,0,0,1,13,30
-7,13,6,30,7,0,1,1,0,0,0,7,8,0,0,6,4,95,0,22,5,9,15,6,10,16,10,5,0,0,1,13,0
12,13,6,28,7,0,1,0,0,0,0,6,9,0,0,6,4,95,0,22,5,9,16,5,9,15,9,5,0,0,2,12,45
-10,13,7,32,7,0,1,0,0,0,0,7,8,0,0,6,4,95,1,21,6,10,16,5,9,15,8,4,0,0,1,13,15
14,13,7,24,7,0,1,0,0,0,0,6,9,0,0,6,4,95,2,20,6,9,15,4,9,15,7,3,0,0,2,12,15
29,13,7,22,7,0,0,0,0,0,0,5,10,0,0,6,4,95,2,20,6,9,15,4,8,14,6,3,0,0,2,12,0
-12,13,7,26,6,0,0,1,0,0,0,2,13,0,0,6,4,95,2,19,6,8,15,4,7,14,6,3,0,0,2,12,30
11,12,6,26,7,0,0,1,0,0,0,6,9,0,0,6,4,95,2,17,4,7,13,4,7,15,7,4,0,0,2,12,30
22,10,5,24,9,0,0,1,0,0,0,5,10,0,0,6,4,95,3,14,3,6,12,5,9,15,8,4,0,0,2,12,15
-12,9,4,22,8,0,0,1,0,0,0,3,12,0,0,6,4,95,2,14,3,7,13,4,8,14,8,3,0,0,2,12,0
35,7,3,20,7,0,0,1,1,0,0,7,8,0,0,6,4,95,1,13,3,6,13,4,7,15,9,5,0,0,2,11,45
0,7,3,19,7,0,0,1,1,0,0,2,13,0,0,6,4,95,2,12,2,7,12,3,7,14,8,4,0,0,2,11,30
21,6,4,17,8,0,0,0,1,0,0,7,8,0,0,6,4,95,1,11,3,6,11,4,6,15,9,6,0,0,1,11,15
5,6,5,17,8,0,0,0,1,0,0,9,6,0,0,6,4,95,2,10,3,6,10,4,9,15,8,6,0,0,1,11,15
-37,5,4,28,9,0,0,0,1,0,0,11,4,0,0,6,4,95,2,8,3,6,8,4,9,15,9,7,0,0,2,12,45
-23,5,4,15,8,0,0,0,1,0,0,10,5,0,0,6,4,95,2,8,3,6,8,3,8,14,8,6,0,0,2,11,0
-2,5,4,20,7,0,0,0,1,0,0,6,9,0,0,6,4,95,2,8,3,6,8,3,7,14,7,6,0,0,2,11,45
82,4,4,6,8,0,0,1,0,0,0,6,9,0,0,6,4,95,2,6,2,6,6,5,8,15,8,5,0,0,1,9,45
33,2,2,13,8,0,0,1,0,0,0,7,8,0,0,6,4,95,1,5,3,5,5,5,9,15,9,4,0,0,2,10,45
-16,2,2,11,7,0,0,2,0,0,0,2,13,0,0,6,4,95,2,4,3,4,4,4,8,14,8,3,0,0,2,10,30
64,1,1,11,6,0,0,2,0,0,0,11,4,0,0,6,4,95,1,4,4,4,4,5,8,13,8,4,0,0,2,10,30
-6,1,1,15,5,0,0,2,0,0,0,10,5,0,0,6,4,95,1,4,4,4,4,4,7,12,7,4,0,0,2,11,0
43,1,1,9,4,0,0,2,0,0,0,0,15,0,0,6,4,95,0,4,4,4,4,3,7,11,7,3,0,0,2,10,15
18,1,1,9,5,0,0,2,1,0,0,0,15,0,0,6,4,95,2,1,1,1,1,5,7,10,7,2,0,0,2,10,15
61,1,1,2,4,0,0,2,1,0,0,14,1,0,0,6,4,95,2,1,1,1,1,4,6,9,6,1,0,0,2,9,15
0,0,0,8,4,0,0,2,1,0,0,0,2,0,0,6,4,95,1,0,0,0,0,4,7,8,7,2,0,0,2,10,0
-17,0,0,4,3,0,0,2,1,0,0,0,6,0,0,6,4,95,0,0,0,0,0,3,7,7,7,3,0,0,2,9,30
31,0,0,4,2,0,0,2,1,0,0,0,14,0,0,6,4,95,0,0,0,0,0,3,6,6,6,3,0,0,2,9,30
-86,0,0,13,1,0,0,2,1,0,0,0,27,0,0,6,4,95,0,0,0,0,0,4,5,5,5,3,0,0,2,10,45
30,0,0,2,1,0,0,1,1,0,0,0,36,0,0,6,4,95,0,0,0,0,0,4,4,4,4,3,0,0,2,9,15
-13,0,0,6,1,0,0,0,1,0,0,0,50,0,0,6,4,95,0,0,0,0,0,3,3,3,3,2,0,0,1,9,45
9,0,0,0,0,0,0,0,1,0,0,0,50,0,1,6,4,95,0,0,0,0,0,2,2,2,2,2,0,0,2,9,0
-3,0,0,0,0,0,0,0,0,0,0,0,63,0,1,6,4,95,0,0,0,0,0,1,1,1,1,1,0,0,2,9,0
27,20,3,38,2,0,0,3,0,0,0,12,3,0,0,5,4,94,3,37,3,5,12,4,6,11,3,1,6,2,2,17,15
21,20,3,40,2,0,0,3,0,0,0,9,6,0,0,5,4,94,2,36,3,4,11,3,5,10,4,3,6,2,1,17,30
19,20,3,42,2,0,0,2,0,0,0,12,3,1,0,5,4,94,2,36,3,6,13,2,6,9,3,3,5,2,2,17,45
-5,18,3,38,3,0,0,2,0,0,0,14,1,0,0,5,4,94,2,34,2,7,12,3,6,10,4,3,5,1,2,17,15
-18,17,3,40,3,0,0,2,0,0,0,7,8,0,0,5,4,94,0,33,3,7,13,5,6,12,6,3,5,2,1,17,30
-25,17,3,37,3,0,0,1,0,0,0,1,14,0,0,5,4,94,0,33,6,8,13,4,6,12,5,2,4,2,2,17,0
-22,17,3,36,3,0,0,1,0,0,0,24,6,0,0,5,4,94,1,32,6,7,12,3,5,11,4,2,4,1,1,16,45
7,17,4,34,3,0,0,2,0,0,0,12,18,0,0,5,4,94,2,30,4,7,11,2,4,11,4,1,4,1,1,16,30
38,17,4,32,2,0,0,2,0,0,0,8,22,0,0,5,4,94,2,30,4,7,12,2,4,10,3,1,4,2,2,16,15
23,14,1,34,3,0,0,4,0,0,0,10,5,0,0,5,4,94,3,26,3,6,10,3,6,11,5,3,3,2,1,16,30
-12,14,1,32,3,0,0,4,0,0,0,4,11,0,0,5,4,94,4,25,2,5,9,2,7,10,4,2,3,1,2,16,15
48,13,1,24,4,0,0,4,0,0,0,11,4,0,0,5,4,94,4,23,3,4,10,4,7,11,5,4,2,2,2,15,0
6,13,1,24,3,0,1,4,0,0,0,2,13,0,0,5,4,94,4,22,2,4,9,5,6,11,5,3,2,1,2,15,0
0,13,1,30,2,0,1,4,0,0,0,9,6,0,0,5,4,94,2,22,2,5,9,4,5,11,6,2,2,1,2,15,45
-19,13,2,27,3,0,1,4,0,0,0,2,13,0,0,5,4,94,4,20,0,3,8,4,5,11,5,1,2,1,1,15,15
-24,13,2,29,3,0,1,3,0,0,0,7,8,0,0,5,4,94,4,20,2,4,9,3,5,11,4,1,2,1,2,15,30
-5,13,2,22,3,0,0,3,0,0,0,7,8,0,0,5,4,94,4,20,2,4,9,2,4,11,3,0,2,1,3,14,45
14,13,3,27,3,0,0,2,0,0,0,38,7,0,0,5,4,94,2,20,3,6,9,1,4,10,4,2,1,1,1,15,15
-46,11,5,24,3,0,0,3,1,0,0,3,42,0,0,5,4,94,2,17,3,5,11,4,7,11,6,2,1,1,2,15,0
-32,11,5,20,4,0,0,2,1,0,0,14,1,0,0,5,4,94,2,16,3,5,10,3,6,10,6,2,1,1,1,14,15
-63,10,4,30,4,0,0,2,1,0,1,1,14,0,0,5,4,94,3,14,1,3,9,4,7,12,6,3,1,1,2,15,45
-19,9,3,21,4,0,0,1,1,0,1,8,7,0,0,5,4,94,2,14,1,3,9,4,6,12,6,3,0,1,2,14,30
-74,8,2,22,4,0,0,1,1,0,1,4,11,0,0,5,4,94,2,13,2,6,11,5,6,13,6,2,0,0,3,14,45
57,7,1,16,4,0,0,0,1,0,1,2,13,0,0,5,4,94,1,13,2,6,11,4,5,12,6,2,0,0,1,13,0
6,6,0,19,4,0,0,0,0,0,1,8,7,0,0,5,4,94,0,13,2,6,12,3,4,11,6,2,0,0,1,13,30
18,6,2,15,6,0,0,0,0,0,0,8,7,0,0,5,4,94,1,11,3,5,11,3,7,10,6,3,0,0,2,12,45
18,6,2,16,5,0,0,0,0,0,0,7,8,0,0,5,4,94,1,11,4,5,11,2,6,9,5,3,0,0,1,13,0
33,6,3,12,4,0,0,0,0,0,0,0,15,0,0,5,4,94,0,11,5,8,11,2,7,9,5,3,0,0,1,12,15
-14,5,2,11,8,0,0,0,0,0,0,4,11,0,0,5,4,94,2,6,2,5,6,5,7,12,7,2,0,0,2,12,0
-19,4,2,12,7,0,0,0,0,0,0,13,2,0,0,5,4,94,1,6,3,5,6,6,6,11,7,3,0,0,1,12,15
-17,4,3,14,6,0,0,0,0,0,0,11,4,0,0,5,4,94,1,6,3,6,6,5,5,10,6,3,0,0,1,12,30
-47,4,3,18,5,0,0,0,0,0,0,9,6,0,0,5,4,94,1,6,3,6,6,4,4,9,5,2,0,0,1,13,15
83,4,4,10,4,0,0,0,1,0,0,8,7,0,0,5,4,94,2,5,4,5,5,3,4,8,4,1,0,0,1,11,45
89,3,3,7,4,0,0,1,1,0,0,1,14,0,0,5,4,94,3,3,2,3,3,2,3,8,4,2,0,0,1,11,15
21,3,3,7,3,0,0,1,1,0,0,14,1,0,0,5,4,94,3,3,2,3,3,1,2,7,3,2,0,0,1,11,15
1,0,0,9,4,0,0,2,1,0,0,10,5,0,0,5,4,94,0,0,0,0,0,4,5,8,8,4,0,0,1,11,30
-2,0,0,5,4,0,0,1,1,0,0,0,2,0,0,5,4,94,0,0,0,0,0,4,5,7,7,3,0,0,1,10,45
16,0,0,2,4,0,0,0,1,0,0,0,3,0,0,5,4,94,0,0,0,0,0,3,5,6,6,3,0,0,2,10,15
-10,0,0,6,3,0,0,0,1,0,0,0,12,0,0,5,4,94,0,0,0,0,0,2,4,5,5,2,0,0,2,11,0
-7,0,0,3,2,0,0,0,1,0,0,0,20,0,0,5,4,94,0,0,0,0,0,1,3,4,4,1,0,0,1,10,30
27,0,0,0,1,0,0,0,1,0,0,0,52,0,1,5,4,94,0,0,0,0,0,2,3,3,3,1,0,0,1,10,0
33,0,0,3,1,0,0,0,0,0,0,0,63,0,0,5,4,94,0,0,0,0,0,2,2,2,2,1,0,0,1,10,30
19,0,0,0,0,0,0,0,0,0,0,0,86,0,1,5,4,94,0,0,0,0,0,1,1,1,1,0,0,0,1,10,0
12,29,8,50,5,0,1,1,2,0,1,9,6,0,0,4,4,93,2,45,3,7,12,2,9,16,9,4,8,2,2,17,15
45,28,7,52,4,0,1,1,3,0,1,11,4,0,0,4,4,93,2,44,4,7,11,5,10,16,9,4,8,2,2,17,30
36,25,5,47,4,0,2,2,3,0,1,8,7,0,0,4,4,93,2,41,3,7,9,7,10,17,11,6,8,3,2,17,0
49,25,5,47,3,0,2,2,3,0,1,7,8,0,0,4,4,93,2,41,4,7,9,6,9,16,10,5,7,3,2,17,0
18,25,5,50,3,0,2,2,3,0,0,6,9,0,0,4,4,93,2,41,4,7,10,5,8,15,9,5,7,2,2,17,15
30,25,6,46,3,0,2,1,3,0,0,5,10,0,0,4,4,93,2,41,4,7,10,4,8,14,8,5,6,3,3,16,45
26,24,5,42,3,0,2,1,3,0,0,11,4,0,0,4,4,93,2,40,3,6,10,5,9,15,8,6,6,2,2,16,15
8,23,4,52,3,0,1,1,3,0,0,9,6,0,0,4,4,93,1,40,3,7,10,4,8,14,8,5,6,2,2,17,30
71,22,4,33,3,0,2,1,3,0,0,11,4,0,0,4,4,93,1,38,3,5,9,4,8,13,9,5,6,2,2,15,0
-46,21,3,47,4,0,1,1,3,0,0,1,14,0,0,4,4,93,1,37,3,4,8,4,8,12,9,5,6,2,2,17,0
47,21,3,44,3,0,1,1,3,0,0,11,4,0,0,4,4,93,1,37,3,4,8,5,7,11,8,4,6,2,1,16,30
1,21,3,54,4,0,1,1,2,0,0,4,11,1,0,4,4,93,2,36,3,4,7,4,6,12,7,4,5,2,2,17,45
54,19,1,35,5,0,1,1,2,0,0,6,9,0,0,4,4,93,2,34,1,3,7,5,7,11,8,4,4,1,2,15,15
32,19,1,44,5,0,1,1,1,0,0,0,15,0,0,4,4,93,2,34,1,3,7,4,8,12,7,4,4,1,1,16,30
30,19,2,42,5,0,1,1,0,0,0,13,2,0,0,4,4,93,2,34,1,4,7,3,7,11,6,3,4,1,2,16,15
24,18,2,40,6,0,1,0,0,0,0,12,3,0,0,4,4,93,1,33,1,4,7,4,6,10,7,2,4,1,2,16,0
46,18,2,39,5,0,1,0,0,0,0,6,9,0,0,4,4,93,1,33,2,4,8,3,5,9,6,2,4,1,2,15,45
51,18,2,31,5,0,0,1,0,0,0,0,15,0,0,4,4,93,1,32,3,4,7,4,6,11,6,1,4,1,2,14,45
54,18,2,40,4,0,0,1,0,0,0,13,2,0,0,4,4,93,1,32,3,4,8,3,5,10,5,0,4,1,2,16,0
-6,18,2,37,4,0,0,1,0,0,0,4,11,0,0,4,4,93,2,31,2,4,8,2,4,10,4,0,3,1,1,15,30
17,18,2,37,3,0,0,1,0,0,0,2,13,0,0,4,4,93,2,31,2,4,8,1,4,9,3,0,3,0,1,15,30
0,16,1,29,4,0,0,1,0,0,0,26,19,0,0,4,4,93,1,29,2,4,12,4,6,10,5,1,3,1,2,14,30
19,16,1,33,3,0,0,1,0,0,0,25,20,0,0,4,4,93,1,29,2,4,12,3,5,9,4,0,3,1,2,15,0
-23,16,3,35,3,0,0,1,0,0,1,4,41,0,0,4,4,93,2,27,2,4,11,2,6,10,4,1,3,2,2,15,15
10,16,3,28,2,0,0,1,0,0,1,1,44,0,0,4,4,93,2,27,2,5,12,2,5,10,3,1,3,2,2,14,15
-3,15,2,29,3,0,0,1,0,0,1,2,13,0,0,4,4,93,1,25,3,8,14,4,6,10,5,1,2,2,2,14,30
-9,15,3,27,2,0,0,1,0,0,1,1,14,0,0,4,4,93,1,25,3,8,14,3,5,9,4,1,2,1,1,13,30
-258,15,3,54,2,0,0,1,0,0,0,9,6,1,0,4,4,93,0,25,4,8,15,3,4,9,4,1,1,1,2,17,45
-58,13,2,31,3,0,0,1,0,0,0,5,10,0,0,4,4,93,0,23,5,7,15,3,5,10,5,1,1,0,2,14,45
3,13,3,25,5,0,0,0,0,0,0,11,4,0,0,4,4,93,2,21,4,6,13,2,5,10,4,0,1,0,1,13,0
6,13,4,22,4,0,0,0,0,0,0,4,11,0,0,4,4,93,1,21,5,8,13,1,4,10,4,0,1,0,2,12,30
42,12,6,19,6,0,0,1,1,0,0,4,11,0,0,4,4,93,2,16,3,6,11,3,5,11,7,2,1,1,2,12,0
-18,12,6,26,5,0,0,1,1,0,0,12,3,0,0,4,4,93,2,16,3,6,12,3,5,10,6,2,1,1,1,13,15
-19,10,5,20,4,0,0,1,1,0,0,4,11,0,0,4,4,93,0,16,4,8,13,2,5,10,7,4,1,1,1,12,15
16,8,4,17,6,0,0,1,1,0,0,3,12,0,0,4,4,93,1,13,3,5,13,2,6,12,8,5,0,1,1,11,45
18,7,4,13,6,0,0,2,1,0,0,11,4,0,0,4,4,93,2,11,3,5,11,4,7,15,8,5,0,0,1,11,0
-30,6,4,23,6,0,0,2,1,0,0,3,12,0,0,4,4,93,1,10,2,6,10,4,6,14,9,5,0,0,1,12,45
-11,5,4,20,6,0,0,2,2,0,0,5,10,0,0,4,4,93,2,8,2,5,8,4,6,17,9,6,0,0,1,12,15
-54,5,4,17,6,0,0,1,2,0,0,12,3,0,0,4,4,93,2,8,2,6,8,4,7,16,8,6,0,0,1,11,45
69,5,4,7,5,0,0,1,2,0,0,7,8,0,0,4,4,93,2,8,3,8,8,3,6,15,7,5,0,0,1,10,0
19,4,3,15,5,0,0,1,1,0,0,3,12,0,0,4,4,93,1,8,4,8,8,2,6,14,7,4,0,0,1,11,15
9,4,4,16,5,0,0,1,1,0,1,4,11,0,0,4,4,93,3,6,3,6,6,2,7,14,6,3,0,0,2,11,30
-23,1,1,23,6,0,0,2,1,0,1,7,8,0,0,4,4,93,1,3,3,3,3,5,12,14,10,5,0,0,1,12,45
19,1,1,13,6,0,0,1,1,0,1,2,13,0,0,4,4,93,1,3,3,3,3,5,11,13,9,5,0,0,1,11,0
22,1,1,7,6,0,0,2,0,0,1,13,2,0,0,4,4,93,1,2,2,2,2,6,10,12,9,5,0,0,1,10,0
8,1,1,10,7,0,0,2,0,0,1,6,9,0,0,4,4,93,3,0,0,0,0,5,9,11,8,5,0,0,1,10,30
26,0,0,2,6,0,0,2,0,0,1,13,2,0,0,4,4,93,1,0,0,0,0,5,8,10,9,6,0,0,2,9,15
61,0,0,0,5,0,0,2,0,0,1,6,9,0,1,4,4,93,0,0,0,0,0,7,8,9,9,6,0,0,2,9,0
64,0,0,6,4,0,0,2,0,0,1,2,13,0,0,4,4,93,0,0,0,0,0,6,8,8,8,6,0,0,2,9,45
-58,0,0,9,4,0,0,1,0,0,1,0,1,0,0,4,4,93,0,0,0,0,0,5,7,7,7,6,0,0,2,10,15
15,0,0,0,3,0,0,1,0,0,1,0,15,0,1,4,4,93,0,0,0,0,0,4,6,6,6,5,0,0,2,9,0
23,0,0,4,2,0,0,1,0,0,1,0,19,0,0,4,4,93,0,0,0,0,0,3,5,5,5,4,0,0,1,9,30
-54,0,0,12,2,0,0,1,0,0,0,0,19,0,0,4,4,93,0,0,0,0,0,2,4,4,4,3,0,0,2,10,45
-5,0,0,2,1,0,0,1,0,0,0,0,23,0,0,4,4,93,0,0,0,0,0,2,3,3,3,2,0,0,2,9,15
-1,0,0,4,1,0,0,0,0,0,0,0,50,0,0,4,4,93,0,0,0,0,0,2,2,2,2,2,0,0,1,9,30
-50,0,0,10,0,0,0,0,0,0,0,0,57,0,0,4,4,93,0,0,0,0,0,1,1,1,1,1,0,0,1,10,30
24,27,1,46,3,0,0,2,0,0,0,13,2,0,0,3,4,92,3,46,2,4,11,4,5,12,3,1,5,1,2,16,45
19,27,1,49,2,0,0,2,0,0,0,3,12,0,0,3,4,92,1,46,2,6,13,4,5,12,4,1,5,0,2,17,15
-20,27,2,50,2,0,0,1,0,0,0,6,9,1,0,3,4,92,0,46,3,6,15,3,5,12,4,2,5,0,2,17,30
-5,27,2,47,3,0,0,1,0,0,0,0,15,0,0,3,4,92,2,44,2,5,13,2,4,13,3,2,5,0,1,17,0
-45,27,2,50,2,0,0,1,0,0,0,10,5,1,0,3,4,92,2,44,2,5,13,1,6,12,2,1,5,1,2,17,30
-2,26,4,47,3,0,0,0,0,0,1,10,5,0,0,3,4,92,1,41,3,8,16,5,7,12,4,2,5,1,1,17,0
3,25,5,41,5,0,0,0,0,0,0,9,6,0,0,3,4,92,1,40,4,7,14,5,7,12,5,2,5,1,1,16,0
-38,25,5,43,4,0,0,0,1,0,0,13,2,0,0,3,4,92,1,39,4,8,13,5,9,12,5,2,5,1,2,16,15
-7,25,5,44,3,0,0,0,1,0,0,11,4,0,0,3,4,92,1,39,5,8,13,4,8,11,4,2,4,1,1,16,30
-21,25,5,44,2,0,0,0,1,0,0,10,5,0,0,3,4,92,1,39,5,8,13,3,7,10,3,1,4,0,1,16,30
1,25,5,40,2,0,0,0,1,0,0,8,7,0,0,3,4,92,2,38,4,8,12,2,6,9,2,0,4,0,2,15,45
5,23,4,37,3,0,0,0,1,0,0,4,11,0,0,3,4,92,2,36,5,9,11,3,6,10,3,2,4,0,1,15,15
-19,22,5,41,4,0,0,0,1,0,0,8,7,0,0,3,4,92,2,34,4,8,11,4,5,11,4,3,4,0,1,16,0
-3,20,5,35,5,0,0,0,1,0,0,8,7,0,0,3,4,92,2,32,3,6,10,4,5,11,5,3,4,0,2,15,0
29,20,5,33,6,0,0,0,0,0,0,3,12,0,0,3,4,92,2,31,4,5,10,3,5,11,5,2,4,0,2,14,45
0,20,5,35,5,0,0,0,0,0,0,0,15,0,0,3,4,92,2,31,4,5,10,2,4,10,4,1,4,0,2,15,0
15,20,5,32,6,0,0,0,0,0,0,39,6,0,0,3,4,92,2,29,3,3,10,2,5,11,5,1,4,0,2,14,30
-55,17,3,39,6,0,0,1,1,0,0,18,27,0,0,3,4,92,2,26,0,3,11,4,7,11,7,2,4,0,1,15,30
-57,15,3,37,5,0,0,1,1,0,0,4,41,0,0,3,4,92,0,26,1,5,13,3,7,10,8,4,4,1,1,15,15
-18,15,5,33,4,0,0,1,1,0,0,5,10,0,0,3,4,92,0,26,3,6,16,5,8,11,7,3,4,2,2,14,45
31,15,5,31,3,0,0,1,1,0,0,3,12,0,0,3,4,92,0,26,3,7,16,4,7,11,6,3,4,2,1,14,15
39,14,4,30,3,0,0,1,1,0,1,9,6,0,0,3,4,92,1,24,4,8,15,6,7,14,6,3,4,3,1,13,30
44,14,5,28,2,0,0,2,1,0,1,8,7,0,0,3,4,92,2,23,3,7,14,5,6,14,5,2,4,3,1,13,15
40,14,5,26,2,0,0,2,0,0,1,7,8,0,0,3,4,92,2,23,3,7,14,4,5,15,4,2,4,3,2,13,0
13,12,4,21,3,0,0,3,0,0,0,5,10,0,0,3,4,92,2,21,3,8,14,3,4,18,5,1,3,3,2,12,30
3,12,5,26,2,0,0,3,0,0,0,11,4,0,0,3,4,92,2,21,4,8,14,3,4,17,4,1,3,2,2,13,0
43,12,5,28,2,0,0,2,0,0,0,11,4,0,0,3,4,92,2,21,4,8,14,2,3,16,3,1,2,2,1,13,15
-35,10,6,24,5,0,0,2,0,0,0,1,14,0,0,3,4,92,2,17,4,7,11,1,7,15,6,3,1,1,2,12,45
-38,7,4,21,6,0,0,3,1,0,0,13,2,0,0,3,4,92,1,13,4,6,11,7,14,17,10,3,1,1,2,12,30
0,6,3,16,7,0,0,3,1,0,0,5,10,0,0,3,4,92,2,11,2,4,9,9,13,16,10,4,1,1,2,11,45
86,6,3,19,7,0,0,3,1,0,0,3,12,0,0,3,4,92,3,10,1,3,8,9,12,15,9,4,1,1,3,12,15
-47,5,2,21,6,0,0,3,1,0,0,14,1,0,0,3,4,92,1,10,1,3,8,10,11,14,10,4,1,1,2,12,30
24,5,2,17,6,0,0,2,1,0,0,11,4,0,0,3,4,92,1,10,1,3,9,9,10,15,9,4,1,1,2,12,0
0,5,2,12,5,0,0,2,1,0,0,9,6,0,0,3,4,92,1,10,3,3,9,8,9,14,8,3,1,1,2,11,15
30,4,1,19,5,0,0,1,1,0,0,0,15,0,0,3,4,92,0,10,3,5,9,8,8,13,8,3,0,1,3,12,15
55,4,1,8,6,0,0,0,1,0,0,23,7,0,0,3,4,92,1,9,2,4,8,7,7,12,7,3,0,0,2,10,30
24,4,1,14,5,0,0,0,1,0,0,22,8,0,0,3,4,92,1,9,2,4,8,6,6,11,6,2,0,0,1,11,30
22,4,1,17,4,0,0,0,1,0,0,22,8,0,0,3,4,92,1,9,2,4,8,5,5,10,5,1,0,0,2,12,0
-37,4,2,24,3,0,0,0,1,0,0,19,11,0,0,3,4,92,1,9,2,4,8,4,4,9,4,1,0,0,2,12,45
14,4,2,12,3,0,0,0,0,0,0,17,13,0,0,3,4,92,1,9,2,4,8,3,3,8,3,1,0,0,2,11,15
6,4,2,10,2,0,0,0,0,0,0,17,13,0,0,3,4,92,1,9,2,4,8,2,2,7,2,1,0,0,2,11,0
-14,3,1,14,1,0,0,0,2,0,0,8,22,0,0,3,4,92,2,7,0,3,7,1,4,8,2,1,0,0,1,11,30
-19,2,2,8,2,0,1,0,1,0,0,1,14,0,0,3,4,92,1,5,3,4,5,3,5,9,4,3,0,0,2,10,30
43,2,2,6,1,0,1,0,1,0,0,11,4,0,0,3,4,92,1,5,4,5,5,4,5,9,3,3,0,0,1,10,0
-29,2,2,7,1,0,0,0,1,0,0,10,5,0,0,3,4,92,1,5,4,5,5,3,4,8,2,2,0,0,2,10,15
20,0,0,4,3,0,0,0,1,0,0,14,1,0,0,3,4,92,1,2,2,2,2,2,6,7,4,2,0,0,1,9,30
-84,0,0,10,4,0,0,0,0,0,0,12,3,0,0,3,4,92,2,1,1,1,1,2,5,6,3,1,0,0,2,11,0
-40,0,0,5,3,0,1,0,0,0,0,0,16,0,0,3,4,92,1,0,0,0,0,4,4,5,4,0,0,0,1,9,45
-1,0,0,0,2,0,1,0,0,0,0,0,21,0,1,3,4,92,1,0,0,0,0,3,4,4,3,0,0,0,2,9,0
4,0,0,2,1,0,1,0,0,0,0,0,23,0,0,3,4,92,1,0,0,0,0,2,3,3,2,0,0,0,1,9,15
16,0,0,0,0,0,1,0,0,0,0,0,39,0,1,3,4,92,0,0,0,0,0,1,2,2,2,1,0,0,2,9,0
-39,0,0,2,0,0,0,0,0,0,0,0,79,0,0,3,4,92,0,0,0,0,0,1,1,1,1,1,0,0,1,9,15
-15,21,1,57,0,0,0,0,0,0,0,2,43,1,0,2,4,91,0,57,4,9,15,1,3,9,1,0,11,1,2,18,15
-15,20,3,55,2,0,1,1,1,0,0,15,15,0,0,2,4,91,1,51,6,9,12,3,5,15,5,4,11,2,1,17,30
-19,20,3,53,2,0,1,2,1,0,0,8,22,0,0,2,4,91,2,49,5,7,12,2,5,15,5,4,11,2,2,17,15
-12,19,3,51,3,0,1,3,1,0,1,1,14,0,0,2,4,91,2,45,3,4,9,3,10,16,8,6,10,4,2,17,0
-8,17,2,49,4,0,1,3,1,0,2,6,9,0,0,2,4,91,2,42,1,3,9,8,11,17,10,8,10,4,2,16,30
-11,17,2,49,4,0,0,3,1,0,2,5,10,0,0,2,4,91,2,42,1,3,9,7,10,16,9,7,9,4,2,16,30
44,17,2,47,4,0,0,3,0,0,2,10,5,0,0,2,4,91,2,42,1,4,10,8,10,15,8,6,9,3,2,16,15
-2,16,1,47,4,0,0,2,0,0,2,4,11,0,0,2,4,91,0,42,2,5,11,7,10,14,9,7,9,4,2,16,15
-11,16,1,53,3,0,0,2,0,0,2,3,12,0,0,2,4,91,0,42,2,5,11,6,9,13,8,6,9,4,2,17,15
9,16,1,45,3,0,0,2,0,0,2,14,1,0,0,2,4,91,1,41,1,4,10,6,9,12,7,5,9,4,2,16,0
31,16,1,45,2,0,0,2,0,0,2,14,1,0,0,2,4,91,1,41,1,4,10,5,8,11,6,4,9,4,2,16,0
-5,16,1,43,2,0,0,2,0,0,1,6,9,0,0,2,4,91,1,41,2,5,10,4,7,10,5,3,8,4,2,15,45
23,16,1,42,2,0,0,2,0,0,0,4,11,0,0,2,4,91,1,41,2,5,10,4,6,9,4,3,7,3,2,15,30
-46,16,1,55,2,0,0,1,0,0,0,12,3,0,0,2,4,91,0,41,3,6,11,3,7,8,4,3,7,2,1,17,30
-32,16,1,51,3,0,0,0,0,0,0,0,15,0,0,2,4,91,1,40,3,7,11,3,6,10,3,2,6,2,2,17,0
-30,15,0,43,2,0,0,1,0,0,0,4,11,0,0,2,4,91,1,39,3,6,11,3,6,10,3,3,6,1,2,15,45
-1,15,1,36,3,0,0,1,0,0,0,8,7,0,0,2,4,91,2,37,2,6,10,4,5,9,3,2,5,1,2,14,45
23,15,2,40,2,0,0,1,0,0,0,0,15,0,0,2,4,91,2,37,4,6,12,3,4,8,2,2,5,0,1,15,15
-39,15,2,38,3,0,0,0,0,0,0,2,13,0,0,2,4,91,1,36,4,5,12,3,3,9,3,2,5,0,2,15,0
6,15,2,36,2,0,0,1,0,0,0,13,2,0,0,2,4,91,2,35,3,5,12,2,2,9,2,1,5,0,2,14,45
-31,15,3,38,3,0,0,1,0,0,0,24,6,0,0,2,4,91,3,33,2,5,14,1,5,10,2,1,5,1,2,15,0
-7,12,2,34,3,0,0,2,2,0,0,6,9,0,0,2,4,91,2,29,3,7,17,4,7,15,6,4,5,1,1,14,15
-35,12,2,33,2,0,0,2,2,0,0,4,11,0,0,2,4,91,2,29,3,7,17,3,6,15,5,3,4,1,1,14,0
-37,12,3,35,2,0,0,1,2,0,0,2,13,0,0,2,4,91,2,29,4,8,17,2,7,15,4,3,4,0,2,14,30
10,12,3,32,1,0,0,1,2,0,0,13,2,0,0,2,4,91,2,29,4,10,17,1,6,15,3,2,4,0,1,13,30
12,11,7,29,3,0,1,2,2,0,0,8,7,0,0,2,4,91,3,24,5,10,13,5,7,21,6,5,4,0,1,13,0
-23,11,7,31,3,0,1,2,1,0,0,6,9,0,0,2,4,91,2,24,5,11,14,4,6,20,6,5,4,0,1,13,15
-158,10,6,40,4,0,0,2,1,0,0,0,15,0,0,2,4,91,2,23,6,10,14,4,7,19,6,4,4,1,1,15,15
46,10,6,27,6,0,0,1,1,0,0,4,11,0,0,2,4,91,3,21,5,9,14,4,9,18,6,4,4,2,2,12,45
32,10,6,23,6,0,0,1,0,0,0,3,12,0,0,2,4,91,3,21,5,9,14,3,9,17,5,3,4,2,2,12,15
-24,7,3,27,7,0,1,2,0,0,0,0,15,0,0,2,4,91,3,17,4,6,12,2,11,16,8,4,4,3,2,12,45
-23,7,3,29,7,0,1,2,0,0,0,13,2,0,0,2,4,91,3,16,3,5,11,3,12,15,8,4,4,3,1,13,0
-19,4,1,25,7,0,2,2,0,0,1,0,15,0,0,2,4,91,2,13,2,4,12,9,14,16,11,4,4,4,2,12,30
-1,4,1,18,7,0,2,1,0,0,1,0,15,0,0,2,4,91,2,13,2,4,12,9,13,15,10,3,3,4,2,11,45
23,4,1,17,7,0,2,1,0,0,1,10,5,0,0,2,4,91,3,12,1,3,12,9,12,15,9,3,3,3,3,11,30
1,4,1,23,7,0,2,0,0,0,1,9,6,0,0,2,4,91,3,12,1,4,12,8,11,14,8,2,3,3,2,12,15
14,4,1,14,7,0,1,0,0,0,1,5,10,0,0,2,4,91,2,12,1,5,12,8,10,13,8,3,2,3,1,11,15
-21,4,1,18,7,0,0,0,0,0,1,3,12,0,0,2,4,91,1,12,1,5,12,7,9,14,8,2,2,2,2,11,45
-37,4,1,18,7,0,0,0,0,0,0,14,1,0,0,2,4,91,1,12,1,6,12,7,8,13,7,2,1,2,2,11,45
36,4,1,13,6,0,0,0,0,0,0,10,5,0,0,2,4,91,1,12,1,6,12,7,7,12,6,1,1,1,3,11,0
67,4,2,12,5,0,0,0,0,0,0,7,8,0,0,2,4,91,1,12,1,6,12,6,6,11,5,1,1,1,1,10,45
-28,4,2,25,5,0,0,0,0,0,0,0,15,0,0,2,4,91,2,11,2,6,11,5,5,12,4,1,1,1,2,12,30
2,4,2,21,4,0,0,0,0,0,0,13,2,0,0,2,4,91,2,11,2,6,11,4,4,11,3,0,1,1,2,12,0
-36,4,2,14,3,0,0,0,0,0,0,6,9,0,0,2,4,91,1,11,3,8,11,3,4,10,3,1,1,1,1,11,15
98,4,2,8,2,0,0,0,0,0,0,1,14,0,0,2,4,91,1,11,5,9,11,2,3,11,2,0,1,1,1,10,0
-57,4,2,21,1,0,0,0,0,0,0,13,2,0,0,2,4,91,1,11,5,9,11,1,2,10,1,0,0,1,2,12,0
67,2,2,2,6,0,0,1,0,0,0,11,4,0,0,2,4,91,2,4,4,4,4,3,7,12,6,4,0,0,2,9,15
-73,2,2,14,6,0,0,1,1,0,0,7,8,0,0,2,4,91,2,2,2,2,2,4,9,11,7,5,0,0,1,11,15
7,2,2,6,6,0,0,1,1,0,0,0,15,0,0,2,4,91,3,1,1,1,1,5,9,10,6,4,0,0,2,9,45
-4,1,1,6,7,0,0,0,1,0,0,4,11,0,0,2,4,91,2,0,0,0,0,4,9,9,7,5,0,0,2,9,45
-7,1,1,10,6,0,0,0,1,0,0,4,11,0,0,2,4,91,2,0,0,0,0,4,8,8,6,4,0,0,1,10,15
2,0,0,0,5,0,0,0,1,0,0,0,11,0,1,2,4,91,0,0,0,0,0,5,7,7,7,4,0,0,2,9,0
-39,0,0,11,4,0,0,0,1,0,0,0,12,0,0,2,4,91,0,0,0,0,0,4,6,6,6,4,0,0,1,10,30
13,0,0,0,4,0,0,0,0,0,0,0,26,0,1,2,4,91,0,0,0,0,0,5,5,5,5,4,0,0,2,9,0
-20,0,0,8,3,0,0,0,0,0,0,0,27,0,0,2,4,91,0,0,0,0,0,4,4,4,4,3,0,0,1,10,0
-16,0,0,4,2,0,0,0,0,0,0,0,35,0,0,2,4,91,0,0,0,0,0,3,3,3,3,2,0,0,2,9,30
-23,0,0,2,1,0,0,0,0,0,0,0,43,0,0,2,4,91,0,0,0,0,0,2,2,2,2,1,0,0,2,9,15
-1,0,0,4,0,0,0,0,0,0,0,0,51,0,0,2,4,91,0,0,0,0,0,1,1,1,1,1,0,0,2,9,30
16,28,2,55,2,0,1,2,0,0,1,2,13,0,0,6,3,88,5,51,5,6,11,2,3,8,2,1,5,1,1,17,30
13,27,3,55,3,0,4,2,0,0,1,5,10,0,0,6,3,88,7,46,1,3,8,2,5,12,4,2,5,1,1,17,30
-15,26,3,57,3,0,3,2,0,0,1,0,15,1,0,6,3,88,6,46,1,3,8,1,5,12,4,1,4,1,2,17,45
-2,26,5,53,4,0,2,2,0,0,2,14,1,0,0,6,3,88,6,44,1,4,9,4,5,13,5,2,4,1,2,17,15
-16,25,4,53,4,0,1,2,0,0,2,11,4,0,0,6,3,88,5,44,1,4,9,3,4,12,5,2,4,1,2,17,15
7,25,4,51,4,0,1,2,0,0,1,10,5,0,0,6,3,88,5,44,1,4,9,2,3,11,4,2,4,1,2,17,0
12,23,3,46,5,0,1,2,0,0,0,1,14,0,0,6,3,88,3,43,3,5,11,2,8,13,6,3,4,1,3,16,15
-5,22,2,48,6,0,0,2,0,0,0,3,12,0,0,6,3,88,3,42,3,6,10,2,7,13,6,4,3,1,2,16,30
7,21,1,44,6,0,0,2,0,0,1,8,7,0,0,6,3,88,2,40,3,5,11,6,9,13,8,7,3,0,2,16,0
33,21,2,48,6,0,0,3,0,0,1,0,15,0,0,6,3,88,3,38,2,5,9,5,8,14,8,7,3,0,2,16,30
-37,21,2,46,5,0,0,3,0,0,1,13,2,0,0,6,3,88,3,38,2,5,10,4,8,13,7,7,3,0,3,16,15
49,21,2,38,4,0,0,3,0,0,1,9,6,0,0,6,3,88,3,38,2,5,11,3,8,14,6,6,3,0,2,15,15
-65,21,2,48,4,0,0,3,0,0,0,7,8,0,0,6,3,88,3,38,2,5,11,3,7,13,5,5,3,0,2,16,30
-11,21,2,51,3,0,0,3,0,0,0,4,11,0,0,6,3,88,2,38,3,6,12,2,6,12,5,4,3,0,2,17,0
6,20,2,42,5,0,0,2,0,0,0,7,8,0,0,6,3,88,2,36,3,6,14,5,6,14,6,4,3,1,2,15,45
-7,20,2,36,5,0,0,2,0,0,0,1,14,0,0,6,3,88,3,35,3,5,13,4,5,13,5,3,3,1,2,15,0
-55,20,2,44,4,0,0,2,0,0,0,10,5,0,0,6,3,88,2,35,3,5,14,4,5,12,5,3,3,2,2,16,0
-24,19,2,42,4,0,1,2,0,0,0,44,1,0,0,6,3,88,2,33,2,5,14,3,6,14,6,4,3,2,2,15,45
14,19,2,40,3,0,1,2,0,0,0,42,3,0,0,6,3,88,2,33,3,6,17,2,5,13,5,3,3,2,2,15,30
3,18,3,32,3,0,1,2,0,0,0,26,19,0,0,6,3,88,1,32,2,6,18,2,7,14,6,3,2,3,1,14,15
76,18,6,26,4,0,0,3,0,0,0,11,4,0,0,6,3,88,2,30,4,9,17,6,8,16,6,2,1,2,2,12,45
16,17,5,34,4,0,0,3,0,0,0,3,12,0,0,6,3,88,1,29,5,9,18,7,8,18,7,2,1,1,2,14,45
-31,17,5,36,3,0,0,3,0,0,0,1,14,0,0,6,3,88,1,29,7,9,18,6,9,18,6,1,1,1,2,15,0
-25,17,5,34,4,0,0,3,0,0,0,12,3,0,0,6,3,88,3,27,5,11,16,5,8,17,5,1,1,1,2,14,45
-104,16,4,40,3,0,0,3,0,0,0,10,5,0,0,6,3,88,2,27,5,11,16,4,7,16,5,2,0,1,2,15,30
-4,15,4,31,2,0,0,4,0,0,0,13,2,0,0,6,3,88,2,26,4,11,16,3,7,17,5,3,0,0,1,13,30
-27,15,4,33,2,0,0,4,0,0,0,7,8,0,0,6,3,88,2,25,4,11,15,2,7,17,5,3,0,0,2,14,30
11,15,4,28,2,0,0,3,0,0,0,7,8,0,0,6,3,88,2,25,4,11,15,1,6,16,4,3,0,0,1,13,0
29,12,2,24,5,0,0,3,0,0,0,5,10,0,0,6,3,88,2,21,7,9,15,5,9,15,7,3,0,0,2,12,30
-138,12,2,38,5,0,0,3,0,0,0,3,12,0,0,6,3,88,2,20,6,9,14,4,10,14,7,2,0,0,2,15,15
30,12,2,22,4,0,0,3,0,0,0,3,12,0,0,6,3,88,2,20,6,9,14,3,9,13,6,1,0,0,2,12,15
8,12,4,30,9,0,0,2,0,0,0,2,13,0,0,6,3,88,6,15,2,5,12,4,10,13,6,1,0,0,1,13,15
-11,11,3,24,9,0,0,2,0,0,0,12,3,0,0,6,3,88,5,14,1,4,11,4,10,12,7,2,0,0,2,12,30
-48,11,3,28,8,0,0,2,0,0,0,2,13,0,0,6,3,88,5,14,3,4,12,6,10,13,6,2,0,0,1,13,0
68,11,4,18,9,0,0,1,0,0,0,5,10,0,0,6,3,88,5,13,3,3,12,6,9,13,6,2,0,0,1,11,30
44,11,4,16,8,0,0,1,0,0,0,1,14,0,0,6,3,88,5,13,3,5,12,7,8,12,5,2,0,0,1,11,15
-8,10,4,19,8,0,0,1,0,0,0,8,7,0,0,6,3,88,4,12,2,5,11,7,7,11,6,3,0,0,2,11,45
-49,10,4,22,7,0,0,1,0,0,0,4,11,0,0,6,3,88,4,12,2,6,11,6,6,11,5,3,0,0,2,12,15
-18,10,4,26,7,0,0,1,0,0,0,4,11,0,0,6,3,88,5,11,1,5,10,5,5,10,4,2,0,0,2,12,45
30,10,4,20,6,0,0,1,0,0,0,2,13,0,0,6,3,88,5,11,1,5,10,4,4,9,3,1,0,0,2,12,0
-1,9,5,16,5,0,0,1,1,0,0,4,11,0,0,6,3,88,4,10,0,7,10,3,3,10,4,2,0,0,1,11,15
48,8,4,10,5,0,0,1,0,0,0,2,13,0,0,6,3,88,3,10,1,7,10,2,3,11,4,3,0,0,2,10,15
-2,8,4,20,5,0,0,0,0,0,0,10,5,0,0,6,3,88,3,10,2,7,10,1,2,12,3,2,0,0,2,12,0
29,4,3,15,9,0,1,1,0,0,0,4,11,0,0,6,3,88,5,3,2,3,3,4,7,14,7,2,0,0,2,11,0
12,4,4,8,9,0,0,1,0,0,0,7,8,0,0,6,3,88,5,3,2,3,3,3,10,14,6,2,0,0,2,10,0
24,3,3,8,9,0,0,1,0,0,0,3,12,0,0,6,3,88,4,2,1,2,2,3,9,13,7,3,0,0,2,10,0
16,2,2,12,8,0,0,1,1,0,0,5,10,0,0,6,3,88,3,1,1,1,1,4,9,12,8,3,0,0,1,10,30
24,1,1,14,7,0,0,1,1,0,0,5,10,0,0,6,3,88,2,1,1,1,1,7,8,11,8,3,0,0,1,10,45
67,1,1,0,7,0,0,1,1,0,0,8,7,0,1,6,3,88,1,0,0,0,0,7,8,10,9,2,0,0,2,9,0
7,1,1,4,6,0,0,1,1,0,0,8,7,0,0,6,3,88,1,0,0,0,0,6,7,9,8,2,0,0,2,9,30
-8,1,1,10,5,0,0,1,1,0,0,4,11,0,0,6,3,88,1,0,0,0,0,5,7,8,7,2,0,0,2,10,15
1,1,1,4,4,0,0,1,1,0,0,3,12,0,0,6,3,88,1,0,0,0,0,4,6,7,6,1,0,0,2,9,30
-2,1,1,6,3,0,0,1,1,0,0,1,14,0,0,6,3,88,1,0,0,0,0,3,5,6,5,1,0,0,2,9,45
-42,0,0,12,3,0,0,0,1,0,0,0,5,0,0,6,3,88,0,0,0,0,0,2,5,5,5,2,0,0,1,10,30
-2,0,0,2,2,0,0,0,1,0,0,0,15,0,0,6,3,88,0,0,0,0,0,1,4,4,4,1,0,0,2,9,15
-3,0,0,2,2,0,0,0,0,0,0,0,46,0,0,6,3,88,0,0,0,0,0,3,3,3,3,1,0,0,2,9,15
1,0,0,0,1,0,0,0,0,0,0,0,54,0,1,6,3,88,0,0,0,0,0,2,2,2,2,1,0,0,2,9,0
6,0,0,6,0,0,0,0,0,0,0,0,60,0,0,6,3,88,0,0,0,0,0,1,1,1,1,0,0,0,2,9,45
36,29,4,52,1,0,0,0,0,0,0,14,0,1,0,5,3,87,1,51,3,4,11,1,3,7,1,0,5,1,2,17,45
7,25,3,50,4,0,0,0,0,0,0,6,9,0,0,5,3,87,1,47,3,7,14,2,6,12,4,1,5,1,1,17,30
22,25,3,50,3,0,0,0,0,0,0,6,9,0,0,5,3,87,1,47,3,7,14,1,5,11,3,1,5,1,1,17,30
2,23,5,45,5,0,0,0,0,0,0,2,13,0,0,5,3,87,1,44,4,9,12,4,5,14,5,1,4,1,2,16,45
-17,23,6,47,4,0,0,0,0,0,0,13,2,0,0,5,3,87,1,44,4,10,12,3,5,13,4,0,4,0,1,17,0
19,23,6,47,3,0,0,0,0,0,0,8,7,0,0,5,3,87,1,44,5,11,12,2,5,14,3,0,4,0,1,17,0
2,23,6,49,3,0,0,0,0,0,0,1,14,0,0,5,3,87,2,43,5,10,12,2,4,13,2,0,4,0,2,17,15
-35,21,4,45,6,0,1,0,0,0,0,5,10,0,0,5,3,87,3,38,5,5,7,3,8,12,5,2,4,2,2,16,45
24,17,0,44,7,0,1,1,0,0,0,0,15,0,0,5,3,87,2,35,2,3,7,5,9,12,8,2,4,2,2,16,30
87,17,0,31,8,0,1,1,0,0,0,9,6,0,0,5,3,87,4,33,0,1,6,6,10,11,7,2,4,2,1,14,45
1,17,1,38,8,0,0,1,0,0,0,0,15,0,0,5,3,87,2,33,0,2,8,6,9,11,8,4,3,2,2,15,45
28,17,1,34,7,0,0,1,0,0,0,12,3,0,0,5,3,87,2,33,0,2,8,5,8,10,7,4,3,1,2,15,15
2,17,1,36,6,0,0,1,0,0,0,11,4,0,0,5,3,87,2,33,0,2,8,4,7,9,6,4,3,1,2,15,30
-5,17,1,40,5,0,0,1,0,0,0,0,15,0,0,5,3,87,1,33,1,2,8,4,6,9,6,3,3,1,2,16,0
30,17,1,36,4,0,0,1,0,0,0,13,2,0,0,5,3,87,1,33,1,2,8,3,5,8,5,3,2,1,2,15,30
-29,17,1,38,3,0,0,1,0,0,0,3,12,0,0,5,3,87,1,33,2,2,11,4,4,7,4,2,2,0,2,15,45
-59,17,1,40,2,0,0,1,0,0,0,22,8,0,0,5,3,87,1,33,2,3,12,3,3,6,3,1,2,0,2,16,0
33,17,1,33,2,0,0,1,0,0,0,12,18,0,0,5,3,87,2,32,1,4,12,2,3,7,2,1,2,0,2,15,0
-56,17,1,42,2,0,0,0,0,0,0,12,18,0,0,5,3,87,2,32,1,4,12,1,2,6,1,1,2,0,1,16,15
-24,16,5,31,3,0,1,0,0,0,0,4,41,0,0,5,3,87,2,29,4,9,14,2,4,13,3,3,2,0,1,14,45
21,14,4,26,4,0,1,0,0,0,0,1,14,0,0,5,3,87,2,27,5,8,14,2,6,13,4,2,2,0,1,13,0
1,12,3,30,4,0,1,1,0,0,0,1,14,0,0,5,3,87,2,25,5,7,13,2,7,14,5,3,2,1,2,14,15
43,11,4,23,5,0,1,2,0,0,1,6,9,0,0,5,3,87,2,20,2,6,13,5,9,14,8,4,2,1,2,12,30
-24,11,4,28,5,0,1,2,0,0,1,1,14,0,0,5,3,87,3,20,2,5,13,5,9,14,7,3,2,1,1,13,15
44,11,4,19,5,0,1,1,0,0,1,8,7,0,0,5,3,87,2,20,3,6,13,4,9,14,7,3,2,1,2,12,0
-6,10,4,24,5,0,2,1,0,0,0,4,11,0,0,5,3,87,2,19,2,6,12,3,8,14,7,3,2,1,2,12,45
-98,9,4,34,5,0,1,1,0,0,0,7,8,0,0,5,3,87,1,19,4,7,13,5,9,13,7,3,1,1,2,15,15
-31,9,4,29,4,0,2,1,0,0,0,1,14,0,0,5,3,87,2,18,3,6,13,5,8,12,6,2,1,0,1,13,30
18,8,4,24,5,0,2,1,0,0,0,11,4,0,0,5,3,87,2,16,4,7,11,7,8,15,7,3,1,0,2,12,45
64,8,4,21,4,0,2,1,0,0,0,10,5,0,0,5,3,87,2,16,4,7,11,6,7,14,6,3,1,0,1,12,15
21,8,4,19,3,0,2,1,0,0,0,10,5,0,0,5,3,87,2,16,4,7,11,5,6,13,5,3,1,0,2,12,0
25,7,3,17,3,0,1,2,0,0,0,6,9,0,0,5,3,87,2,15,3,7,10,4,5,13,5,3,1,0,2,11,45
-32,7,4,26,2,0,1,2,0,0,0,0,15,0,0,5,3,87,2,15,3,8,12,3,5,12,4,2,1,0,1,13,0
-22,5,3,21,3,0,1,2,0,0,0,14,1,0,0,5,3,87,2,13,4,6,10,3,6,13,5,3,1,1,1,12,15
16,5,3,16,3,0,1,2,0,0,0,12,3,0,0,5,3,87,3,12,3,6,9,2,5,13,4,3,1,1,2,11,30
30,4,2,11,2,0,1,3,0,0,0,11,4,0,0,5,3,87,2,11,4,6,10,3,6,14,5,4,1,1,2,10,45
38,3,2,12,2,0,1,4,1,0,0,1,14,0,0,5,3,87,1,8,3,4,8,3,8,15,8,5,1,1,2,11,0
-22,3,2,14,2,0,1,4,1,0,0,11,4,0,0,5,3,87,2,7,2,4,7,4,8,14,7,5,1,1,1,11,15
-45,3,2,17,2,0,0,4,1,0,0,7,8,0,0,5,3,87,2,7,2,4,7,4,8,13,6,4,0,1,2,11,45
31,2,2,9,4,0,0,3,1,0,0,12,3,0,0,5,3,87,3,5,2,4,5,6,10,14,6,3,0,0,1,10,30
-29,2,2,14,4,0,0,2,1,0,0,12,3,0,0,5,3,87,3,5,2,4,5,5,9,13,5,2,0,0,1,11,15
10,1,1,4,3,0,0,2,1,0,0,7,8,0,0,5,3,87,1,5,2,4,5,5,8,12,6,4,0,0,1,9,45
4,1,1,7,3,0,0,1,1,0,0,6,9,0,0,5,3,87,1,5,2,4,5,4,7,11,5,3,0,0,2,10,15
79,1,1,6,3,0,0,0,1,0,0,23,7,0,0,5,3,87,1,5,2,5,5,5,7,10,4,3,0,0,2,10,0
-24,1,1,12,3,0,0,1,1,0,0,14,16,0,0,5,3,87,3,3,2,3,3,5,7,9,3,2,0,0,2,11,0
3,1,1,9,3,0,0,1,0,0,0,8,22,0,0,5,3,87,2,3,2,3,3,4,6,8,3,1,0,0,1,10,30
-47,0,0,7,2,0,0,1,0,0,0,13,2,0,0,5,3,87,0,3,3,3,3,3,5,7,4,2,0,0,2,10,15
-380,0,0,42,1,0,0,1,0,0,0,9,6,0,0,5,3,87,0,3,3,3,3,2,5,6,3,2,0,0,1,16,15
-29,0,0,4,1,0,1,0,0,0,0,4,11,0,0,5,3,87,1,2,2,2,2,3,5,5,2,1,0,0,1,9,45
-10,0,0,0,1,0,2,0,0,0,0,0,21,0,1,5,3,87,1,0,0,0,0,3,4,4,3,3,0,0,2,9,0
-20,0,0,2,1,0,1,0,0,0,0,0,23,0,0,5,3,87,0,0,0,0,0,3,3,3,3,3,0,0,2,9,15
-21,0,0,0,1,0,0,0,0,0,0,0,50,0,1,5,3,87,0,0,0,0,0,2,2,2,2,2,0,0,2,9,0
5,0,0,2,0,0,0,0,0,0,0,0,52,0,0,5,3,87,0,0,0,0,0,1,1,1,1,1,0,0,2,9,15
-1,31,4,57,2,0,0,0,0,0,0,14,1,1,0,4,3,86,1,56,3,7,16,3,3,9,2,1,10,1,2,17,45
19,31,4,57,2,0,0,0,0,0,0,9,6,1,0,4,3,86,2,55,3,7,15,2,2,8,1,1,9,1,2,17,45
2,30,4,54,2,0,0,0,0,0,0,10,5,0,0,4,3,86,2,54,3,8,15,1,1,9,1,1,9,0,2,17,30
0,26,4,50,6,0,0,3,0,0,0,9,6,0,0,4,3,86,2,46,3,7,11,6,8,16,8,3,8,3,2,17,0
1,26,4,50,5,0,0,3,0,0,0,6,9,0,0,4,3,86,2,46,4,7,12,5,7,15,7,3,8,2,2,17,0
-8,25,4,54,5,0,0,3,0,0,0,10,5,0,0,4,3,86,2,45,5,7,13,4,9,15,7,2,8,3,2,17,30
-16,25,4,54,4,0,0,3,0,0,0,10,5,0,0,4,3,86,2,45,5,7,13,3,8,14,6,2,8,3,2,17,30
-14,24,3,49,4,0,1,3,0,0,0,4,11,0,0,4,3,86,2,43,4,6,11,3,7,13,7,4,8,3,2,16,45
-36,24,4,52,4,0,1,2,0,0,0,9,6,0,0,4,3,86,1,43,4,7,11,3,7,14,7,4,7,4,3,17,15
19,22,4,48,6,0,1,1,0,0,1,7,8,0,0,4,3,86,1,40,2,4,9,5,8,13,9,6,6,3,1,16,30
-11,22,4,46,5,0,1,2,0,0,1,10,5,0,0,4,3,86,2,39,3,4,8,5,9,15,8,5,6,2,1,16,15
-5,22,4,42,5,0,0,2,0,0,1,4,11,0,0,4,3,86,2,39,3,5,9,6,8,14,7,5,6,2,2,15,45
1,22,4,42,5,0,0,2,0,0,0,1,14,0,0,4,3,86,2,39,3,5,9,5,8,13,6,4,5,3,2,15,45
-8,21,3,46,6,0,0,1,0,0,0,12,3,0,0,4,3,86,2,38,2,5,8,4,7,12,6,3,5,2,1,16,15
25,20,2,44,5,0,0,1,1,0,0,3,12,0,0,4,3,86,2,37,1,5,7,4,6,11,6,2,4,2,2,16,0
14,20,3,44,5,0,0,1,1,0,0,9,6,0,0,4,3,86,2,36,1,4,8,4,7,12,6,1,4,1,2,16,0
34,19,2,40,4,0,0,1,1,0,0,5,10,0,0,4,3,86,1,36,2,4,8,3,6,13,6,1,4,1,2,15,30
8,18,1,40,3,0,0,1,1,0,0,6,9,0,0,4,3,86,0,36,4,5,9,3,6,12,6,0,4,1,2,15,30
3,18,1,36,2,0,0,1,1,0,0,1,14,0,0,4,3,86,0,36,4,5,10,2,6,11,5,0,4,1,2,15,0
-14,18,2,38,3,0,0,1,1,0,0,3,12,0,0,4,3,86,2,34,2,4,11,3,6,10,4,0,3,1,2,15,15
5,17,1,34,5,0,0,1,0,0,0,29,16,0,0,4,3,86,2,32,1,2,11,4,6,10,5,1,3,0,2,14,45
14,17,1,36,5,0,0,0,0,0,0,25,20,0,0,4,3,86,1,32,1,3,12,4,5,10,5,2,3,0,2,15,0
-34,17,3,33,4,0,0,0,0,0,1,6,39,0,0,4,3,86,1,31,1,4,12,3,7,12,5,3,3,2,2,14,30
8,17,3,34,3,0,0,0,0,0,1,6,39,0,0,4,3,86,1,31,1,4,12,2,6,11,4,2,3,2,2,14,45
60,17,4,28,2,0,0,0,0,0,1,13,2,0,0,4,3,86,1,31,2,5,13,2,5,13,3,2,3,2,2,13,0
-94,16,5,38,1,0,0,0,0,0,2,14,1,0,0,4,3,86,0,30,4,9,16,4,5,13,4,4,3,2,2,15,15
-2,16,5,32,1,0,0,0,0,0,2,10,5,0,0,4,3,86,1,28,4,9,15,3,5,14,3,3,3,2,1,14,15
5,16,5,29,2,0,0,0,0,0,1,7,8,0,0,4,3,86,2,28,4,8,15,2,4,13,2,2,2,2,1,13,15
-240,16,5,52,2,0,0,0,0,0,0,5,10,0,0,4,3,86,2,28,4,8,15,1,3,12,1,1,1,1,3,17,15
29,12,2,23,5,0,0,1,1,0,0,11,4,0,0,4,3,86,2,22,3,7,14,5,9,14,6,3,1,1,2,12,15
29,11,1,20,5,0,0,1,1,0,0,13,2,0,0,4,3,86,2,21,3,7,15,7,8,15,6,3,1,1,2,11,45
-67,11,3,31,5,0,0,1,1,0,0,5,10,0,0,4,3,86,2,20,2,7,16,7,9,14,6,3,1,1,1,13,30
10,11,3,21,4,0,0,1,1,0,0,3,12,0,0,4,3,86,1,20,4,8,17,6,8,13,6,2,1,1,2,12,0
-14,11,3,25,4,0,0,1,1,0,0,12,3,0,0,4,3,86,2,19,4,8,16,5,7,13,5,2,1,1,1,12,30
-56,11,4,27,3,0,0,1,1,0,0,6,9,0,0,4,3,86,1,19,4,9,16,4,7,13,5,1,0,1,1,12,45
2,11,4,25,2,0,0,1,1,0,0,5,10,0,0,4,3,86,1,19,4,9,16,3,6,13,4,1,0,0,1,12,30
-95,11,4,29,1,0,0,1,1,0,0,4,11,0,0,4,3,86,1,19,4,9,17,2,5,12,3,1,0,0,1,13,15
67,11,5,19,2,0,0,1,0,0,0,9,6,0,0,4,3,86,2,18,4,9,17,3,5,13,2,1,0,0,1,11,30
-20,10,6,23,6,0,0,0,0,0,0,12,3,0,0,4,3,86,2,14,5,8,14,3,7,15,5,1,0,0,2,12,15
-9,10,6,17,5,0,0,0,0,0,0,11,4,0,0,4,3,86,2,14,5,8,14,3,6,14,4,1,0,0,1,11,15
8,8,5,17,6,0,0,0,0,0,1,10,5,0,0,4,3,86,2,11,3,8,11,3,6,15,6,3,0,0,1,11,15
-12,6,5,15,6,0,0,1,0,0,1,12,3,0,0,4,3,86,2,9,3,8,9,4,8,16,7,3,0,0,2,11,0
-40,6,5,21,5,0,0,1,0,0,1,6,9,0,0,4,3,86,2,9,4,8,9,3,8,15,6,3,0,0,2,12,0
10,4,4,13,5,0,0,1,0,0,1,10,5,0,0,4,3,86,1,8,5,7,8,3,8,15,7,3,0,0,2,10,45
21,4,4,11,5,0,0,1,0,0,1,5,10,0,0,4,3,86,2,7,4,7,7,3,7,15,6,2,0,0,2,10,30
-30,3,3,11,5,0,1,1,0,0,3,12,3,0,0,4,3,86,2,3,2,3,3,6,10,14,9,2,0,0,2,10,30
15,3,3,10,5,0,1,1,0,0,2,9,6,0,0,4,3,86,2,3,3,3,3,5,9,13,8,2,0,0,2,10,15
-59,3,3,13,5,0,1,1,0,0,1,5,10,0,0,4,3,86,2,3,3,3,3,4,8,12,7,2,0,0,2,10,45
-2,1,1,15,6,0,1,1,0,0,1,0,15,0,0,4,3,86,2,1,1,1,1,4,8,11,8,2,0,0,2,11,0
32,1,1,6,5,0,1,1,0,0,1,11,4,0,0,4,3,86,2,1,1,1,1,4,8,10,7,2,0,0,2,9,45
-13,1,1,8,4,0,1,1,0,0,1,3,12,0,0,4,3,86,2,1,1,1,1,5,8,9,6,2,0,0,1,10,0
20,0,0,2,4,0,2,1,0,0,0,4,11,0,0,4,3,86,2,0,0,0,0,4,8,8,6,3,0,0,2,9,15
23,0,0,4,3,0,2,1,0,0,0,0,15,0,0,4,3,86,2,0,0,0,0,4,7,7,5,2,0,0,2,9,30
38,0,0,8,2,0,2,1,0,0,0,0,9,0,0,4,3,86,0,0,0,0,0,4,6,6,6,2,0,0,1,10,0
20,0,0,2,2,0,1,1,0,0,0,0,10,0,0,4,3,86,0,0,0,0,0,3,5,5,5,2,0,0,2,9,15
-49,0,0,6,2,0,0,1,0,0,0,0,27,0,0,4,3,86,0,0,0,0,0,4,4,4,4,2,0,0,2,9,45
43,0,0,4,2,0,0,0,0,0,0,0,30,0,0,4,3,86,0,0,0,0,0,3,3,3,3,2,0,0,2,9,30
17,0,0,0,1,0,0,0,0,0,0,0,40,0,1,4,3,86,0,0,0,0,0,2,2,2,2,1,0,0,2,9,0
-5,0,0,0,0,0,0,0,0,0,0,0,53,0,1,4,3,86,0,0,0,0,0,1,1,1,1,0,0,0,2,9,0
14,22,3,48,2,0,1,1,0,0,0,7,8,1,0,3,3,85,2,45,1,5,13,3,6,11,3,1,5,1,2,17,30
-5,22,3,48,2,0,1,0,0,0,0,6,9,1,0,3,3,85,2,45,1,6,13,2,5,10,2,1,5,1,2,17,30
29,20,1,43,1,0,1,1,0,0,0,8,7,0,0,3,3,85,0,44,4,8,15,4,6,15,4,2,4,2,1,16,30
16,20,2,43,2,0,0,1,0,0,0,13,2,0,0,3,3,85,1,43,5,9,14,3,7,14,3,1,4,1,1,16,30
-3,20,2,41,2,0,0,1,0,0,1,1,14,0,0,3,3,85,2,41,5,8,12,4,6,13,3,2,4,1,2,16,15
76,20,2,34,2,0,0,0,0,0,1,1,14,0,0,3,3,85,2,41,5,8,12,3,5,12,2,1,4,1,2,15,15
-47,19,1,45,2,0,0,2,0,0,1,7,8,0,0,3,3,85,1,38,4,8,11,4,6,12,5,3,3,1,1,16,45
27,19,1,36,2,0,0,2,0,0,0,5,10,0,0,3,3,85,1,38,4,8,11,3,6,11,4,2,3,0,1,15,30
-31,19,2,46,2,0,0,3,0,0,0,8,7,0,0,3,3,85,2,36,4,7,11,3,9,10,4,2,3,2,1,17,0
-19,19,2,39,1,0,0,3,0,0,0,7,8,0,0,3,3,85,2,36,4,7,11,2,8,9,3,2,3,2,2,16,0
-21,18,2,36,3,0,0,3,0,0,0,12,3,0,0,3,3,85,1,33,4,4,10,6,7,9,6,5,3,2,1,15,30
-106,18,3,47,3,0,1,2,0,0,0,12,3,0,0,3,3,85,2,32,3,5,10,6,6,9,5,4,3,2,2,17,15
-58,18,3,39,2,0,1,3,0,0,1,6,9,0,0,3,3,85,3,30,1,3,9,5,6,10,5,3,3,2,2,16,0
-36,18,3,41,2,0,1,2,0,0,1,4,11,0,0,3,3,85,3,30,1,3,9,4,5,9,4,2,3,2,2,16,15
-25,18,3,38,2,0,1,1,0,0,1,0,15,0,0,3,3,85,3,30,1,5,11,3,4,8,3,1,2,2,2,15,45
-6,18,3,31,3,0,0,1,0,0,1,12,3,0,0,3,3,85,4,29,0,4,10,2,3,8,2,1,2,1,2,14,45
1,18,3,34,2,0,0,1,0,0,1,9,6,0,0,3,3,85,4,29,1,4,10,1,2,7,1,1,1,1,2,15,15
75,15,3,23,4,0,0,1,0,0,0,11,34,0,0,3,3,85,1,27,2,5,11,1,3,11,5,4,1,0,2,12,45
-15,14,4,30,5,0,1,1,0,0,0,6,9,0,0,3,3,85,1,24,3,7,10,4,8,12,7,4,1,1,1,14,30
-50,12,4,29,6,0,1,1,0,0,0,14,1,0,0,3,3,85,1,22,5,6,11,6,9,16,8,3,1,1,1,14,15
10,12,4,23,6,0,0,1,0,0,0,9,6,0,0,3,3,85,1,21,5,6,11,6,8,15,7,2,0,1,2,12,45
16,11,3,25,5,0,0,2,0,0,0,7,8,0,0,3,3,85,1,21,4,5,10,5,7,14,7,2,0,0,1,13,0
53,11,3,28,6,0,0,2,0,0,0,14,1,0,0,3,3,85,3,19,2,4,9,5,6,14,6,2,0,0,1,13,30
22,10,3,21,6,0,0,3,0,0,0,14,1,0,0,3,3,85,2,17,1,3,9,4,5,14,8,2,0,0,2,12,30
-113,10,3,32,5,0,0,3,0,0,0,14,1,0,0,3,3,85,2,17,1,3,9,4,4,13,7,2,0,0,2,15,0
-75,10,3,32,4,0,0,3,0,0,0,11,4,0,0,3,3,85,2,17,1,3,11,3,3,12,6,2,0,0,2,15,0
43,9,2,25,3,0,0,3,0,0,0,3,12,0,0,3,3,85,1,17,2,3,11,2,4,11,6,2,0,0,1,13,0
23,8,2,19,3,0,0,3,0,0,0,29,16,0,0,3,3,85,1,16,2,5,10,1,8,13,6,1,0,0,2,12,15
62,7,5,13,4,0,1,2,0,0,0,8,7,0,0,3,3,85,0,14,3,8,11,7,9,13,8,1,0,0,2,10,45
-2,7,5,21,4,0,1,1,0,0,0,6,9,0,0,3,3,85,0,14,3,8,12,6,8,13,7,1,0,0,2,12,30
64,7,5,14,3,0,1,1,0,0,0,3,12,0,0,3,3,85,0,14,4,8,14,5,7,12,6,1,0,0,1,11,0
21,7,5,17,3,0,1,1,0,0,0,2,13,0,0,3,3,85,1,13,3,7,13,4,6,11,5,1,0,0,2,12,0
-46,7,5,19,3,0,0,1,0,0,0,1,14,0,0,3,3,85,1,13,3,7,13,4,5,11,4,1,0,0,2,12,15
-55,7,5,27,2,0,0,1,0,0,0,1,14,0,0,3,3,85,1,13,3,7,13,3,4,10,3,1,0,0,1,13,15
-28,7,5,17,1,0,0,1,0,0,0,11,4,0,0,3,3,85,1,13,3,7,13,2,3,9,2,0,0,0,2,12,0
-35,6,5,16,3,0,0,1,0,0,0,2,13,0,0,3,3,85,2,10,4,5,10,2,5,12,3,1,0,0,2,11,15
17,5,4,14,4,0,0,1,0,0,0,6,9,0,0,3,3,85,3,8,2,5,8,2,5,13,3,0,0,0,1,11,0
5,1,1,10,5,0,0,1,0,0,0,6,9,0,0,3,3,85,0,6,3,6,6,4,6,13,7,3,0,0,1,10,15
-29,1,1,12,4,0,0,1,0,0,0,5,10,0,0,3,3,85,0,6,3,6,6,3,5,12,6,2,0,0,1,10,30
10,1,1,8,3,0,0,1,0,0,0,14,1,0,0,3,3,85,0,6,3,6,6,2,4,11,5,1,0,0,2,10,0
39,1,1,6,2,0,0,2,0,0,0,13,2,0,0,3,3,85,1,5,5,5,5,3,8,10,4,1,0,0,2,9,45
55,0,0,2,3,0,1,2,0,0,0,7,8,0,0,3,3,85,1,2,2,2,2,3,9,9,6,3,0,0,2,9,15
78,0,0,4,4,0,1,2,0,0,0,1,14,0,0,3,3,85,3,0,0,0,0,5,8,8,5,3,0,0,2,9,30
11,0,0,0,3,0,1,2,0,0,0,0,18,0,1,3,3,85,0,0,0,0,0,7,7,7,7,4,0,0,2,9,0
-31,0,0,4,2,0,1,2,0,0,0,0,25,0,0,3,3,85,0,0,0,0,0,6,6,6,6,4,0,0,2,9,30
53,0,0,0,1,0,1,2,0,0,0,0,27,0,1,3,3,85,0,0,0,0,0,5,5,5,5,3,0,0,2,9,0
-70,0,0,8,1,0,1,1,0,0,0,0,28,0,0,3,3,85,0,0,0,0,0,4,4,4,4,2,0,0,2,10,0
-53,0,0,10,1,0,1,0,0,0,0,0,29,0,0,3,3,85,0,0,0,0,0,3,3,3,3,2,0,0,1,10,15
-33,0,0,6,1,0,0,0,0,0,0,0,37,0,0,3,3,85,0,0,0,0,0,2,2,2,2,1,0,0,2,9,45
-29,0,0,2,0,0,0,0,0,0,0,0,43,0,0,3,3,85,0,0,0,0,0,1,1,1,1,0,0,0,2,9,15
-15,33,4,54,2,0,2,1,0,0,2,12,3,0,0,2,3,84,3,50,5,7,14,4,7,14,5,3,10,3,2,17,15
-13,32,4,52,5,0,1,1,0,0,2,8,7,0,0,2,3,84,3,47,3,7,13,6,9,15,7,4,9,2,2,17,0
-52,31,3,56,5,0,1,2,0,0,1,1,14,1,0,2,3,84,2,46,3,6,12,5,8,14,8,5,8,1,2,17,30
8,31,3,54,5,0,0,2,0,0,1,0,15,0,0,2,3,84,2,46,3,6,12,4,7,13,7,4,8,0,2,17,15
-17,31,3,52,4,0,0,2,1,0,1,4,11,0,0,2,3,84,3,45,5,6,14,5,9,12,6,3,8,1,2,17,0
5,30,2,46,3,0,0,2,1,0,1,2,13,0,0,2,3,84,2,45,5,6,14,4,8,11,6,3,8,1,2,16,15
-27,30,2,50,2,0,0,2,2,0,1,9,6,0,0,2,3,84,3,44,4,6,13,4,7,11,5,3,8,1,2,16,45
54,29,1,46,1,0,1,2,2,0,1,9,6,0,0,2,3,84,2,43,4,7,13,5,7,12,6,4,8,1,2,16,15
42,29,1,42,3,0,1,2,2,0,1,4,11,0,0,2,3,84,3,40,1,5,10,5,7,12,7,5,8,2,2,15,45
-43,28,0,48,3,0,1,2,2,0,0,10,5,0,0,2,3,84,2,40,2,5,10,4,7,12,7,5,8,3,2,16,30
-13,28,1,50,3,0,1,1,2,0,0,13,2,0,0,2,3,84,1,40,4,6,12,4,6,14,7,5,7,3,2,16,45
-25,28,1,44,3,0,1,1,1,0,0,12,3,0,0,2,3,84,1,40,4,6,12,3,5,13,6,5,7,2,2,16,0
19,28,1,39,4,0,1,1,0,0,0,6,9,0,0,2,3,84,2,39,4,8,12,3,4,13,5,4,7,2,2,15,30
3,28,1,44,6,0,1,0,0,0,0,6,9,0,0,2,3,84,2,37,3,6,13,3,5,12,6,3,7,2,2,16,0
-113,28,2,56,7,0,0,0,0,0,0,23,7,1,0,2,3,84,2,36,5,6,14,2,6,12,6,2,6,2,2,17,30
-15,28,2,39,6,0,0,1,0,0,0,14,16,0,0,2,3,84,2,35,4,5,13,1,6,11,6,2,5,1,2,15,30
0,27,3,32,8,0,1,1,0,0,0,58,17,0,0,2,3,84,4,31,1,4,14,5,9,13,7,2,5,2,2,14,15
-8,27,3,35,7,0,1,1,0,0,0,54,21,0,0,2,3,84,3,31,1,6,14,5,8,12,7,2,5,2,2,15,0
11,27,5,37,6,0,1,1,0,0,0,51,24,0,0,2,3,84,3,31,2,7,14,4,7,11,6,2,5,2,3,15,15
-20,27,7,35,5,0,1,1,0,0,1,39,36,0,0,2,3,84,3,30,2,7,15,5,7,13,6,1,5,2,2,15,0
-13,26,6,37,4,0,1,1,0,0,1,34,41,0,0,2,3,84,2,30,3,8,17,5,6,12,6,1,5,2,3,15,15
-40,26,7,33,4,0,1,0,0,0,1,25,50,0,0,2,3,84,2,30,4,9,17,4,5,12,5,1,5,2,2,14,45
-104,26,7,39,4,0,0,1,0,0,1,21,54,0,0,2,3,84,2,29,5,9,16,3,5,11,5,1,4,2,2,15,30
-186,26,7,48,4,0,0,1,0,0,0,17,58,0,0,2,3,84,2,29,5,10,17,3,5,12,4,1,3,2,2,16,30
-14,25,8,33,3,0,0,2,0,0,0,7,68,0,0,2,3,84,2,28,6,9,17,2,4,13,4,1,3,1,2,14,45
-110,22,7,42,4,0,0,3,0,0,1,3,12,0,0,2,3,84,3,24,5,8,14,3,5,13,6,3,3,1,2,15,45
38,19,6,30,5,0,1,3,0,0,1,9,6,0,0,2,3,84,2,21,4,8,15,3,7,14,9,3,3,2,1,13,0
21,19,7,25,6,0,1,3,1,0,0,3,12,0,0,2,3,84,4,19,3,6,13,3,7,13,8,3,2,2,2,12,30
24,17,7,28,6,0,2,2,2,0,0,0,15,0,0,2,3,84,4,17,4,6,12,4,9,13,9,4,2,1,2,12,45
5,15,6,30,6,0,2,1,2,0,0,5,10,0,0,2,3,84,2,17,4,7,13,5,9,16,10,5,2,1,1,13,0
9,15,7,25,7,0,1,1,2,0,0,3,12,0,0,2,3,84,3,16,3,6,12,4,8,16,9,4,2,1,2,12,30
23,15,7,25,7,0,1,1,2,0,0,2,13,0,0,2,3,84,4,15,3,5,11,4,7,15,8,4,1,1,2,12,30
-13,13,6,28,7,0,1,2,2,0,0,14,1,0,0,2,3,84,4,13,2,6,10,5,7,16,9,4,1,0,2,12,45
12,12,6,21,6,0,1,2,2,0,0,5,10,0,0,2,3,84,2,13,3,7,11,5,7,18,10,6,1,0,2,12,0
24,12,6,23,5,0,1,2,2,0,0,3,12,0,0,2,3,84,2,13,3,7,11,4,6,17,9,6,1,0,3,12,15
11,11,6,21,6,0,1,3,1,0,0,9,6,0,0,2,3,84,3,11,3,5,11,4,5,16,9,6,1,0,2,12,0
11,11,6,23,6,0,1,2,1,0,0,8,7,0,0,2,3,84,3,11,3,5,11,3,4,15,8,5,1,0,3,12,15
26,9,5,17,6,0,0,2,1,0,0,11,4,0,0,2,3,84,1,11,4,7,11,2,5,14,9,5,1,0,2,11,30
14,8,6,19,6,0,0,2,1,0,0,15,15,0,0,2,3,84,0,10,4,6,10,2,8,14,10,4,1,1,2,11,45
61,6,4,13,8,0,0,2,1,0,0,11,4,0,0,2,3,84,1,6,3,5,7,4,10,14,11,4,1,1,2,10,45
27,5,5,16,8,0,0,2,1,0,0,8,7,0,0,2,3,84,1,6,2,6,6,7,11,16,11,5,1,1,2,11,15
1,4,4,9,8,0,0,2,1,0,1,13,2,0,0,2,3,84,2,4,1,4,4,7,10,15,11,5,1,1,2,10,15
17,4,4,14,8,0,0,1,1,0,1,11,4,0,0,2,3,84,2,4,2,4,4,7,9,14,10,4,0,1,1,11,0
34,4,4,11,7,0,0,1,1,0,1,9,6,0,0,2,3,84,2,4,2,4,4,6,9,13,9,4,0,0,1,10,30
-2,4,4,17,6,0,0,1,1,0,1,7,8,0,0,2,3,84,2,4,2,4,4,6,8,13,8,4,0,0,2,11,30
28,4,4,11,5,0,0,1,1,0,1,4,11,0,0,2,3,84,2,4,2,4,4,6,7,13,7,3,0,0,1,10,30
22,2,2,14,4,0,0,1,1,0,1,8,7,0,0,2,3,84,0,4,4,4,4,5,6,12,8,4,0,0,1,11,0
28,2,2,7,4,0,0,1,1,0,1,0,15,0,0,2,3,84,1,3,3,3,3,4,5,11,7,3,0,0,2,10,0
33,2,2,2,5,0,0,1,1,0,0,12,3,0,0,2,3,84,2,2,2,2,2,3,5,10,6,3,0,0,2,9,15
16,2,2,9,5,0,0,1,0,0,0,8,7,0,0,2,3,84,2,2,2,2,2,3,5,9,5,2,0,0,2,10,15
64,2,2,6,5,0,0,0,0,0,0,6,9,0,0,2,3,84,2,2,2,2,2,2,5,8,4,1,0,0,2,9,45
-57,0,0,19,6,0,0,0,0,0,0,0,5,0,0,2,3,84,0,0,0,0,0,2,5,7,7,5,0,0,2,11,45
-45,0,0,7,5,0,0,0,0,0,0,0,32,0,0,2,3,84,0,0,0,0,0,4,6,6,6,5,0,0,2,10,0
37,0,0,4,4,0,0,0,0,0,0,0,37,0,0,2,3,84,0,0,0,0,0,4,5,5,5,4,0,0,1,9,30
8,0,0,0,3,0,0,0,0,0,0,0,39,0,1,2,3,84,0,0,0,0,0,4,4,4,4,3,0,0,2,9,0
8,0,0,0,2,0,0,0,0,0,0,0,47,0,1,2,3,84,0,0,0,0,0,3,3,3,3,2,0,0,2,9,0
33,0,0,2,1,0,0,0,0,0,0,0,67,0,0,2,3,84,0,0,0,0,0,2,2,2,2,1,0,0,2,9,15
-32,0,0,4,0,0,0,0,0,0,0,0,68,0,0,2,3,84,0,0,0,0,0,1,1,1,1,1,0,0,1,9,30
-16,27,5,58,5,0,2,3,1,0,0,2,13,1,0,6,3,81,4,47,4,7,12,5,8,18,8,2,9,3,2,17,30
28,26,6,50,7,0,3,2,1,0,0,13,2,0,0,6,3,81,5,44,4,6,11,5,9,18,9,2,8,3,2,16,30
-5,26,6,52,6,0,3,2,1,0,0,12,3,0,0,6,3,81,5,44,4,6,11,4,8,17,8,2,8,2,2,16,45
17,24,4,54,6,0,3,2,0,0,0,6,9,0,0,6,3,81,3,44,4,6,11,5,8,17,9,2,8,2,2,17,0
-19,24,4,56,6,0,3,2,0,0,0,4,11,0,0,6,3,81,4,43,3,5,10,4,7,16,8,1,8,2,1,17,15
-13,23,4,54,6,0,2,2,0,0,0,1,14,0,0,6,3,81,3,43,3,6,11,3,7,15,8,2,7,3,2,17,0
1,22,3,46,8,0,1,3,0,0,0,11,4,0,0,6,3,81,3,40,2,5,9,5,10,16,10,2,6,2,2,16,0
35,22,3,46,7,0,1,3,0,0,0,11,4,0,0,6,3,81,3,40,2,5,9,4,9,15,9,1,6,1,2,16,0
-34,21,2,48,6,0,1,3,0,0,0,0,15,0,0,6,3,81,2,40,3,5,11,4,10,15,9,2,6,2,2,16,15
-23,21,2,52,6,0,0,3,0,0,0,13,2,0,0,6,3,81,2,40,4,6,11,3,9,14,8,2,6,2,2,16,45
12,20,2,50,6,0,1,3,0,0,0,12,3,0,0,6,3,81,2,38,3,5,11,5,9,15,9,4,6,2,2,16,30
-13,20,3,41,7,0,0,3,0,0,0,3,12,0,0,6,3,81,3,37,2,5,11,7,9,14,8,4,5,2,2,15,30
59,19,2,41,7,0,1,2,0,0,0,6,9,0,0,6,3,81,3,36,2,5,11,7,9,13,8,4,5,1,2,15,30
-17,19,3,48,6,0,1,2,0,0,0,14,1,0,0,6,3,81,2,36,3,5,12,6,9,13,8,5,5,1,2,16,15
25,19,3,44,6,0,1,2,0,0,0,13,2,0,0,6,3,81,3,35,2,4,12,5,8,12,7,4,5,1,2,15,45
18,19,3,35,5,0,1,2,0,0,0,11,4,0,0,6,3,81,2,35,2,4,12,5,7,11,7,4,5,1,2,14,45
12,19,3,39,5,0,1,1,0,0,0,6,9,0,0,6,3,81,2,35,2,6,13,4,7,12,6,3,4,2,3,15,15
0,19,3,44,5,0,1,0,0,0,0,6,9,0,0,6,3,81,2,35,2,6,13,3,6,11,5,2,4,1,2,15,45
55,19,3,39,4,0,1,1,0,0,0,12,3,0,0,6,3,81,2,34,2,5,13,2,5,10,5,2,4,1,3,15,15
30,18,3,37,4,0,1,1,0,0,0,41,4,0,0,6,3,81,1,33,2,6,13,3,6,10,6,3,4,1,2,15,0
-2,17,3,34,4,0,2,1,0,0,0,22,23,0,0,6,3,81,1,31,2,6,12,3,5,13,7,3,4,1,2,14,30
-3,17,4,35,4,0,1,1,0,0,0,19,26,0,0,6,3,81,1,31,2,7,12,4,4,12,6,3,4,1,2,14,45
-19,16,4,33,4,0,0,1,0,0,0,9,36,0,0,6,3,81,0,30,4,8,13,3,5,11,6,3,3,1,1,14,15
-14,16,6,37,4,0,1,1,0,0,0,6,9,0,0,6,3,81,2,29,4,8,14,2,6,12,5,3,3,1,2,15,0
156,15,5,20,3,0,1,1,0,0,0,5,10,0,0,6,3,81,1,29,4,8,14,1,5,11,5,2,3,1,2,11,45
64,13,5,29,6,0,1,1,0,0,1,0,15,0,0,6,3,81,2,24,4,6,13,4,8,17,8,3,3,2,1,13,0
6,12,4,27,7,0,1,1,0,0,0,9,6,0,0,6,3,81,1,23,3,5,13,4,7,17,9,3,3,2,2,12,45
18,12,4,32,7,0,1,1,0,0,0,9,6,0,0,6,3,81,2,22,2,5,12,3,6,16,8,3,3,2,1,13,30
-77,11,5,41,7,0,1,0,1,0,0,8,7,0,0,6,3,81,2,21,2,6,12,4,6,16,8,4,2,2,2,15,30
118,10,5,12,6,0,1,1,1,0,0,10,5,0,0,6,3,81,2,20,2,5,13,4,7,19,8,3,1,1,2,10,45
10,10,6,24,5,0,1,1,1,0,0,8,7,0,0,6,3,81,2,20,3,6,13,3,7,18,7,2,1,0,2,12,15
-236,9,5,56,6,0,0,1,1,0,0,3,12,0,0,6,3,81,2,19,3,5,13,2,8,17,7,2,1,0,1,17,15
-19,9,6,29,5,0,0,1,1,0,0,8,7,0,0,6,3,81,1,19,4,7,14,2,8,16,7,3,1,0,1,13,0
11,6,4,27,7,0,0,1,1,0,0,0,15,0,0,6,3,81,1,16,4,7,13,7,11,16,9,3,1,0,2,12,45
-4,6,4,31,7,0,0,1,1,0,0,7,8,0,0,6,3,81,2,15,3,6,13,7,10,16,8,2,1,0,1,13,15
23,5,4,22,6,0,0,1,1,0,0,13,2,0,0,6,3,81,1,15,4,8,13,7,12,16,8,2,1,1,1,12,0
51,5,4,25,5,0,0,1,1,0,0,9,6,0,0,6,3,81,1,15,5,8,13,7,12,15,7,2,1,1,2,12,30
3,4,3,18,5,0,0,1,1,0,0,7,8,0,0,6,3,81,1,14,4,7,12,6,11,15,7,2,1,1,2,11,30
17,4,3,18,4,0,0,1,1,0,0,6,9,0,0,6,3,81,1,14,4,7,14,5,10,14,6,2,1,1,2,11,30
19,4,3,20,4,0,0,1,0,0,0,3,12,0,0,6,3,81,1,14,5,8,14,4,9,14,5,2,1,1,2,11,45
4,3,2,16,5,0,0,1,0,0,0,7,8,0,0,6,3,81,2,12,3,7,12,4,8,13,5,2,1,1,2,11,15
-29,3,2,25,5,0,0,0,0,0,0,3,12,0,0,6,3,81,1,12,4,8,12,5,7,13,5,2,1,1,2,12,30
16,2,1,16,4,0,1,1,0,0,0,11,4,0,0,6,3,81,2,10,3,6,10,6,6,13,5,2,1,1,2,11,15
-10,2,1,14,4,0,1,1,0,0,0,3,12,0,0,6,3,81,3,9,3,5,9,5,5,14,4,2,1,1,2,11,0
13,1,1,10,3,0,1,1,0,0,0,5,10,0,0,6,3,81,1,9,5,7,9,4,6,14,5,3,1,1,2,10,30
-88,1,1,22,4,0,0,1,0,0,0,3,12,0,0,6,3,81,2,8,4,6,8,3,5,13,4,2,0,1,1,12,0
1,1,1,14,4,0,0,1,0,0,0,14,1,0,0,6,3,81,3,7,3,5,7,2,5,12,3,1,0,0,2,11,0
24,1,1,12,3,0,0,1,0,0,0,12,3,0,0,6,3,81,3,7,3,5,7,1,4,11,2,0,0,0,2,10,45
-3,0,0,6,4,0,0,2,0,0,0,1,14,0,0,6,3,81,1,3,4,4,4,5,9,11,6,4,0,0,2,10,0
-8,0,0,8,4,0,0,2,0,0,0,11,4,0,0,6,3,81,2,3,3,3,3,4,8,10,5,3,0,0,2,10,15
-28,0,0,10,5,0,0,1,0,0,0,2,13,0,0,6,3,81,2,2,2,2,2,4,8,9,5,4,0,0,2,10,30
-6,0,0,4,4,0,0,1,0,0,0,8,7,0,0,6,3,81,0,2,2,2,2,6,7,8,6,4,0,0,2,9,45
-18,0,0,2,5,0,0,1,0,0,0,5,10,0,0,6,3,81,2,0,0,0,0,5,6,7,5,3,0,0,2,9,30
20,0,0,6,4,0,0,1,0,0,0,0,11,0,0,6,3,81,0,0,0,0,0,5,6,6,6,4,0,0,2,10,0
-15,0,0,1,3,0,0,1,0,0,0,0,16,0,0,6,3,81,0,0,0,0,0,4,5,5,5,4,0,0,2,9,15
-29,0,0,4,2,0,0,1,0,0,0,0,21,0,0,6,3,81,0,0,0,0,0,3,4,4,4,3,0,0,2,9,45
-4,0,0,0,1,0,0,1,0,0,0,0,21,0,1,6,3,81,0,0,0,0,0,2,3,3,3,2,0,0,1,9,0
2,0,0,2,1,0,0,0,0,0,0,0,35,0,0,6,3,81,0,0,0,0,0,2,2,2,2,2,0,0,2,9,30
-57,0,0,8,0,0,0,0,0,0,0,0,59,0,0,6,3,81,0,0,0,0,0,1,1,1,1,1,0,0,2,10,15
19,31,3,52,1,0,1,0,0,0,0,4,11,1,0,5,3,80,2,50,4,7,9,2,2,7,1,0,4,1,1,17,45
2,29,2,50,3,0,0,1,0,0,1,10,5,0,0,5,3,80,3,46,1,3,9,1,4,10,3,2,3,2,1,17,30
-33,27,1,49,3,0,0,2,0,0,2,12,3,0,0,5,3,80,1,43,1,2,11,4,6,10,7,5,3,1,2,17,15
-14,27,1,50,3,0,0,1,0,0,2,3,12,0,0,5,3,80,1,43,1,4,12,3,5,11,6,4,3,1,1,17,30
3,27,2,44,3,0,0,1,0,0,1,1,14,0,0,5,3,80,1,43,2,5,12,2,5,10,5,3,2,1,2,16,30
21,27,2,47,2,0,0,1,0,0,1,3,12,0,0,5,3,80,0,43,2,8,14,2,7,9,5,4,2,0,1,17,0
-11,27,3,47,3,0,0,1,0,0,1,13,2,0,0,5,3,80,2,41,3,7,15,3,6,11,4,3,2,0,1,17,0
-12,26,2,45,3,0,0,1,0,0,0,1,14,0,0,5,3,80,0,41,6,9,16,5,5,12,5,2,2,0,2,16,45
52,26,2,41,3,0,1,1,0,0,0,3,12,0,0,5,3,80,1,39,5,8,16,4,6,12,5,3,2,0,2,16,0
-22,25,1,40,4,0,0,1,0,0,0,12,3,0,0,5,3,80,1,38,4,8,16,3,5,11,5,2,2,0,1,15,45
6,25,1,39,4,0,0,1,0,0,0,11,4,0,0,5,3,80,2,37,3,7,15,2,4,11,4,1,2,0,1,15,30
-1,25,1,42,4,0,0,0,0,0,0,9,6,0,0,5,3,80,2,37,3,7,16,1,3,10,3,1,2,0,1,16,15
-39,24,2,42,6,0,1,1,0,0,0,11,4,0,0,5,3,80,4,32,4,8,15,3,7,13,5,1,2,2,1,16,15
16,24,2,35,5,0,2,1,0,0,0,7,8,0,0,5,3,80,4,31,4,7,14,2,7,12,5,1,2,2,2,15,0
-36,24,6,35,8,0,2,0,0,0,0,42,3,0,0,5,3,80,4,28,3,8,14,5,10,16,7,2,2,2,2,15,0
-169,23,6,45,8,0,2,0,0,0,0,36,9,0,0,5,3,80,3,27,3,7,13,5,9,17,8,4,2,2,2,16,45
-20,23,6,37,8,0,2,0,0,0,0,32,13,0,0,5,3,80,4,26,3,6,12,4,8,16,7,3,1,2,1,15,15
-31,23,7,33,8,0,1,0,0,0,0,28,17,0,0,5,3,80,4,26,4,6,13,3,7,15,6,2,0,1,2,14,45
-9,23,7,31,7,0,1,0,0,0,0,27,18,0,0,5,3,80,4,26,4,7,13,2,6,14,5,2,0,0,1,14,15
-75,22,9,37,8,0,0,1,0,0,0,8,37,0,0,5,3,80,4,24,4,7,13,5,6,14,6,1,0,0,1,15,15
51,21,9,27,9,0,0,1,0,0,0,12,3,0,0,5,3,80,5,22,3,6,12,4,7,17,6,1,0,0,1,13,0
23,19,7,32,9,0,0,1,0,0,0,4,11,0,0,5,3,80,4,21,2,6,11,3,8,16,7,1,0,0,2,14,30
-1,19,7,33,8,0,0,1,0,0,0,4,11,0,0,5,3,80,4,21,2,6,11,2,7,15,6,1,0,0,2,14,45
-25,19,7,30,7,0,0,1,0,0,0,2,13,0,0,5,3,80,4,21,3,6,11,1,7,14,5,1,0,0,1,14,0
13,14,5,29,8,0,1,2,0,0,0,0,15,0,0,5,3,80,3,17,3,5,10,6,9,14,9,3,0,0,1,13,15
71,13,5,19,7,0,1,2,0,0,0,5,10,0,0,5,3,80,2,17,3,6,10,7,9,14,9,3,0,0,2,12,0
24,12,4,23,6,0,1,2,0,0,0,0,15,0,0,5,3,80,1,17,4,6,11,6,11,13,9,2,0,0,2,12,30
11,12,4,23,6,0,1,2,0,0,0,11,4,0,0,5,3,80,2,16,3,6,11,5,10,13,8,1,0,0,2,12,30
22,12,4,27,6,0,1,1,0,0,0,10,5,0,0,5,3,80,2,16,3,6,11,4,9,12,7,0,0,0,1,13,0
31,12,5,21,6,0,1,1,0,0,0,3,12,0,0,5,3,80,3,15,3,5,11,4,8,12,6,0,0,0,2,12,15
14,11,4,25,6,0,1,1,0,0,0,10,5,0,0,5,3,80,3,14,3,4,10,3,8,11,6,0,0,0,2,12,45
24,11,4,25,5,0,1,1,0,0,0,9,6,0,0,5,3,80,2,14,3,4,10,2,7,10,6,1,0,0,2,12,45
40,10,3,17,5,0,2,1,0,0,0,4,11,0,0,5,3,80,3,12,2,4,9,5,6,10,6,2,0,0,2,11,45
45,8,2,15,5,0,1,1,1,0,0,6,9,0,0,5,3,80,2,11,1,4,9,5,6,10,7,3,0,0,2,11,30
-20,8,2,21,4,0,1,1,1,0,0,4,11,0,0,5,3,80,2,11,1,4,9,4,5,9,6,3,0,0,2,12,15
31,8,2,15,3,0,1,1,1,0,0,4,11,0,0,5,3,80,2,11,1,5,9,3,4,8,5,2,0,0,2,11,30
41,8,3,19,2,0,1,1,1,0,0,0,15,0,0,5,3,80,2,11,2,5,10,2,3,7,4,2,0,0,2,12,0
54,7,2,10,3,0,0,1,1,0,0,11,4,0,0,5,3,80,1,10,3,6,9,2,4,8,5,2,0,0,2,10,30
28,7,4,14,4,0,0,1,1,0,1,13,2,0,0,5,3,80,2,7,3,4,7,3,4,11,6,1,0,0,2,11,15
54,5,4,8,5,0,0,1,0,0,1,12,3,0,0,5,3,80,1,6,2,5,6,3,4,13,7,1,0,0,1,10,15
32,5,4,13,5,0,0,1,0,0,1,5,10,0,0,5,3,80,1,5,2,4,5,2,3,12,7,1,0,0,1,11,0
-4,4,4,11,6,0,0,0,0,0,1,6,9,0,0,5,3,80,1,4,2,3,4,2,5,12,7,2,0,0,1,10,45
-49,3,3,17,7,0,0,0,0,0,1,10,5,0,0,5,3,80,2,2,1,2,2,3,8,11,7,3,0,0,2,11,45
0,0,0,2,7,0,0,0,0,0,1,0,1,0,0,5,3,80,0,1,1,1,1,5,10,10,9,4,0,0,2,9,15
27,0,0,7,6,0,0,0,0,0,1,0,4,0,0,5,3,80,0,1,1,1,1,6,9,9,8,4,0,0,2,10,0
32,0,0,5,5,0,0,0,0,0,1,0,6,0,0,5,3,80,0,1,1,1,1,5,8,8,7,4,0,0,1,9,45
5,0,0,0,4,0,1,0,0,0,1,0,18,0,1,5,3,80,1,0,0,0,0,6,7,7,6,3,0,0,1,9,0
4,0,0,3,3,0,1,0,0,0,1,0,28,0,0,5,3,80,0,0,0,0,0,6,6,6,6,3,0,0,2,9,30
24,0,0,0,2,0,1,0,0,0,1,0,31,0,1,5,3,80,0,0,0,0,0,5,5,5,5,2,0,0,1,9,0
-67,0,0,5,2,0,0,0,0,0,1,0,33,0,0,5,3,80,0,0,0,0,0,4,4,4,4,2,0,0,1,9,45
23,0,0,3,1,0,0,0,0,0,1,0,42,0,0,5,3,80,0,0,0,0,0,3,3,3,3,1,0,0,2,9,30
-8,0,0,8,0,0,0,0,0,0,1,0,44,0,0,5,3,80,0,0,0,0,0,2,2,2,2,0,0,0,1,10,15
-8,0,0,11,0,0,0,0,0,0,0,0,56,0,0,5,3,80,0,0,0,0,0,1,1,1,1,0,0,0,1,10,45
-33,28,1,43,1,0,0,1,0,0,0,21,39,1,0,4,3,79,1,41,0,2,7,2,2,4,2,2,2,2,2,18,30
78,28,1,39,1,0,0,0,0,0,0,19,41,0,0,4,3,79,1,41,0,2,7,1,1,3,1,1,1,1,2,17,0
-21,26,3,40,3,0,0,0,0,0,0,2,28,0,0,4,3,79,1,38,3,5,9,2,4,10,3,2,1,0,1,17,15
11,25,4,42,4,0,1,0,0,0,0,5,10,0,0,4,3,79,2,35,2,4,7,3,5,10,4,3,1,0,1,17,30
29,24,4,37,4,0,1,1,0,0,0,1,14,0,0,4,3,79,2,33,2,4,7,2,7,10,5,2,1,0,1,16,15
-27,23,3,38,3,0,1,1,0,0,0,5,10,0,0,4,3,79,1,33,2,4,8,3,7,9,5,2,1,0,1,16,30
37,21,1,31,3,0,1,2,0,0,0,14,1,0,0,4,3,79,1,31,2,3,8,5,7,11,6,3,1,0,1,15,15
21,21,1,35,2,0,1,2,0,0,0,13,2,0,0,4,3,79,1,31,2,3,9,4,6,10,5,3,1,0,1,16,0
-66,20,0,40,2,0,1,2,0,0,0,14,1,0,0,4,3,79,1,30,1,2,9,4,5,10,5,2,1,0,1,17,15
1,20,0,33,2,0,1,2,0,0,0,8,7,0,0,4,3,79,2,29,0,2,10,3,4,9,4,1,1,0,1,15,30
-23,20,0,31,2,0,0,2,0,0,0,4,11,0,0,4,3,79,1,29,0,3,10,2,4,8,4,2,1,1,1,15,15
43,20,1,30,2,0,0,1,0,0,0,24,6,0,0,4,3,79,0,29,1,4,10,2,3,7,4,2,1,1,2,15,0
31,20,2,28,1,0,1,1,0,0,0,1,29,0,0,4,3,79,1,28,2,5,12,2,5,7,3,2,1,1,1,14,45
-98,20,5,34,2,0,0,1,0,0,0,21,24,0,0,4,3,79,1,27,4,8,12,4,5,8,3,2,0,1,2,15,45
-4,19,5,28,2,0,0,1,0,0,1,5,40,0,0,4,3,79,1,25,3,7,12,3,4,10,4,1,0,0,1,14,45
46,19,6,27,3,0,0,0,0,0,1,3,42,0,0,4,3,79,2,24,3,6,12,2,4,9,3,0,0,0,2,14,15
47,19,6,23,2,0,0,0,0,0,1,0,45,0,0,4,3,79,2,24,3,6,12,2,3,8,2,0,0,0,1,13,0
-1,17,6,26,5,0,0,0,0,0,0,2,13,0,0,4,3,79,2,21,3,5,11,2,4,7,4,1,0,0,1,13,30
8,14,5,23,7,0,0,0,0,0,0,4,11,0,0,4,3,79,2,18,2,5,11,3,6,12,6,1,0,0,1,13,0
-143,11,4,35,8,0,0,0,0,0,0,11,4,0,0,4,3,79,1,16,2,5,10,5,5,12,8,2,0,0,1,16,0
15,11,4,21,7,0,0,0,0,0,0,7,8,0,0,4,3,79,1,16,3,5,11,4,4,12,7,2,0,0,2,12,45
37,11,6,18,7,0,1,0,0,0,0,19,11,0,0,4,3,79,2,14,2,5,9,3,6,12,7,2,0,0,1,12,15
4,10,5,25,6,0,1,0,0,0,0,14,16,0,0,4,3,79,1,14,3,5,10,2,5,11,7,3,0,0,1,13,15
18,10,5,18,5,0,1,0,0,0,0,12,18,0,0,4,3,79,1,14,3,6,10,1,6,10,6,3,0,0,1,12,15
12,6,4,20,7,0,1,1,0,0,0,12,3,0,0,4,3,79,1,10,4,5,9,6,8,14,9,5,0,0,2,12,30
44,6,4,16,6,0,1,2,0,0,0,10,5,0,0,4,3,79,2,9,3,4,8,5,8,13,8,4,0,0,1,11,30
17,6,4,17,5,0,1,2,0,0,0,7,8,0,0,4,3,79,2,9,3,4,8,4,7,12,7,3,0,0,2,12,0
-44,5,3,21,4,0,1,2,0,0,0,14,1,0,0,4,3,79,1,9,3,5,9,4,6,11,7,4,0,0,2,12,45
30,5,3,12,3,0,1,2,0,0,0,14,1,0,0,4,3,79,1,9,3,5,9,3,5,10,6,4,0,0,2,11,0
22,4,2,14,3,0,1,2,0,0,0,8,7,0,0,4,3,79,1,8,3,5,8,3,4,9,6,5,0,0,1,11,15
33,2,2,14,2,0,1,3,1,0,0,0,15,0,0,4,3,79,1,6,2,5,6,3,5,14,7,6,0,0,1,11,15
4,2,2,9,2,0,0,4,1,0,0,9,6,0,0,4,3,79,2,5,2,4,5,2,4,13,6,5,0,0,1,10,30
31,2,2,11,1,0,0,4,1,0,0,27,3,0,0,4,3,79,0,5,4,4,5,1,6,12,7,6,0,0,2,10,45
-9,0,0,7,4,0,0,5,0,0,0,4,11,0,0,4,3,79,1,1,1,1,1,5,11,11,9,7,0,0,2,10,15
21,0,0,9,4,0,0,4,0,0,0,3,12,0,0,4,3,79,1,1,1,1,1,4,10,10,8,6,0,0,1,10,30
24,0,0,0,3,0,0,4,0,0,0,6,9,0,1,4,3,79,0,1,1,1,1,3,9,9,8,6,0,0,1,9,0
-15,0,0,7,3,0,0,3,0,0,0,5,10,0,0,4,3,79,0,1,1,1,1,2,8,8,7,5,0,0,2,10,15
40,0,0,5,3,0,0,2,0,0,0,0,15,0,0,4,3,79,0,1,1,1,1,1,7,7,6,4,0,0,2,10,0
3,0,0,12,3,0,0,2,0,0,0,0,30,0,0,4,3,79,0,0,0,0,0,6,6,6,6,4,0,0,2,11,0
23,0,0,5,3,0,0,1,0,0,0,0,35,0,0,4,3,79,0,0,0,0,0,5,5,5,5,3,0,0,2,10,0
-1,0,0,3,2,0,0,1,0,0,0,0,36,0,0,4,3,79,0,0,0,0,0,4,4,4,4,3,0,0,2,9,30
-20,0,0,0,1,0,0,1,0,0,0,0,38,0,1,4,3,79,0,0,0,0,0,3,3,3,3,3,0,0,1,9,0
6,0,0,3,1,0,0,0,0,0,0,0,40,0,0,4,3,79,0,0,0,0,0,2,2,2,2,2,0,0,2,9,30
-3,0,0,2,0,0,0,0,0,0,0,0,41,0,0,4,3,79,0,0,0,0,0,1,1,1,1,1,0,0,2,9,15
55,25,1,43,2,0,1,2,0,0,0,8,22,0,0,3,3,78,1,41,1,2,6,3,3,6,5,1,5,1,2,17,0
17,25,2,45,2,0,0,2,0,0,0,24,6,1,0,3,3,78,1,41,1,3,7,2,2,5,4,1,5,0,2,17,30
84,24,1,40,1,0,0,3,0,0,0,9,21,0,0,3,3,78,1,40,1,2,10,1,2,5,4,1,5,0,1,16,15
86,23,1,37,2,0,0,3,0,0,0,3,12,0,0,3,3,78,1,38,2,6,12,1,4,7,5,1,5,1,1,15,45
14,23,2,37,2,0,1,3,0,0,1,1,14,0,0,3,3,78,2,35,3,7,12,3,3,12,6,2,5,1,1,15,45
-7,23,2,45,2,0,1,2,0,0,1,13,2,1,0,3,3,78,2,35,4,7,12,2,2,11,5,2,4,1,2,17,30
79,22,3,36,5,0,1,1,0,0,1,6,9,0,0,3,3,78,3,32,4,6,11,1,4,11,6,4,4,0,2,15,30
4,21,5,33,9,0,0,1,0,0,1,42,3,0,0,3,3,78,2,28,2,5,10,3,9,16,10,5,4,2,1,15,0
-21,20,4,33,8,0,0,1,0,0,1,40,5,0,0,3,3,78,1,28,2,6,10,2,8,16,10,5,4,2,1,15,0
-37,20,5,40,7,0,0,1,0,0,1,38,7,0,0,3,3,78,1,28,2,6,11,1,7,15,9,5,4,2,1,16,15
-55,17,4,43,9,0,0,0,0,0,2,1,44,0,0,3,3,78,1,25,4,6,11,6,10,16,11,4,3,4,2,17,0
-4,17,5,31,9,0,0,0,0,0,2,11,4,0,0,3,3,78,1,24,3,5,11,6,10,15,11,5,3,3,1,14,30
-14,17,5,32,8,0,0,0,0,0,2,11,4,0,0,3,3,78,1,24,3,5,11,5,9,14,10,4,3,3,2,14,45
-51,17,5,39,8,0,0,0,0,0,1,7,8,0,0,3,3,78,1,24,3,6,11,4,8,13,9,3,3,3,2,16,0
27,17,5,30,8,0,0,0,0,0,1,6,9,0,0,3,3,78,2,23,2,5,10,3,7,12,8,2,2,3,1,14,15
-25,17,6,35,7,0,0,0,0,0,1,5,10,0,0,3,3,78,2,23,2,5,10,2,6,11,7,2,2,2,1,15,15
35,15,5,27,8,0,0,1,0,0,0,14,1,0,0,3,3,78,2,21,2,4,11,5,9,12,8,2,1,2,1,13,15
-68,14,5,42,7,0,0,2,0,0,0,2,13,0,0,3,3,78,2,20,2,5,11,5,8,14,8,2,0,1,2,16,30
-3,13,5,29,6,0,0,2,0,0,0,8,7,0,0,3,3,78,1,20,3,5,11,6,8,13,8,2,0,0,1,13,30
77,13,5,24,5,0,0,2,0,0,0,4,11,0,0,3,3,78,1,20,3,6,11,5,7,12,7,1,0,0,1,12,45
48,13,6,22,4,0,1,2,0,0,0,0,15,0,0,3,3,78,2,19,2,5,11,5,6,11,6,1,0,0,2,12,30
56,11,5,27,4,0,1,2,0,0,0,4,11,0,0,3,3,78,1,18,2,6,10,4,5,11,7,2,0,0,1,13,15
52,11,6,24,3,0,1,2,0,0,0,12,3,0,0,3,3,78,1,18,3,7,11,4,5,11,6,1,0,0,1,12,45
44,11,6,20,2,0,1,2,0,0,0,10,5,0,0,3,3,78,1,18,3,7,11,3,4,10,5,1,0,0,2,12,15
9,10,6,26,2,0,1,2,0,0,0,3,12,0,0,3,3,78,1,17,3,6,10,2,4,9,5,1,0,0,2,13,0
13,8,6,22,3,0,1,2,0,0,0,14,16,0,0,3,3,78,1,15,4,6,8,2,6,11,6,2,0,0,2,12,30
5,6,5,20,5,0,0,2,0,0,1,2,13,0,0,3,3,78,2,12,3,4,8,5,6,15,7,3,0,0,2,12,15
51,5,5,16,5,0,0,2,0,0,1,9,6,0,0,3,3,78,2,11,2,4,8,4,6,14,7,4,0,0,1,11,15
40,3,3,12,6,0,0,2,0,0,0,9,6,0,0,3,3,78,1,10,2,3,10,3,7,14,8,5,0,0,2,10,45
29,3,3,16,6,0,0,2,0,0,0,7,8,0,0,3,3,78,2,9,1,2,9,2,6,13,7,4,0,0,1,11,15
27,3,3,19,6,0,0,1,0,0,0,6,9,0,0,3,3,78,2,9,1,2,9,1,5,12,6,4,0,0,2,12,0
9,1,1,14,5,0,1,1,0,0,0,4,11,0,0,3,3,78,1,8,1,4,8,4,9,16,7,4,0,0,2,11,0
111,1,1,6,5,0,1,1,0,0,0,14,1,0,0,3,3,78,2,7,0,4,7,4,9,15,6,4,0,0,2,10,0
3,0,0,18,5,0,1,0,0,0,0,2,13,0,0,3,3,78,0,7,2,5,7,6,8,14,7,4,0,0,1,11,30
15,0,0,14,4,0,1,0,0,0,0,11,4,0,0,3,3,78,0,7,3,7,7,6,7,13,6,4,0,0,2,11,0
17,0,0,10,3,0,1,0,0,0,0,2,13,0,0,3,3,78,0,7,3,7,7,6,8,12,5,3,0,0,2,10,30
13,0,0,6,4,0,0,0,0,0,0,9,6,0,0,3,3,78,1,6,3,6,6,5,7,11,4,2,0,0,2,10,0
3,0,0,10,3,0,0,0,0,0,0,9,6,0,0,3,3,78,1,6,3,6,6,4,6,10,3,2,0,0,2,10,30
12,0,0,12,2,0,0,0,0,0,0,8,7,0,0,3,3,78,1,6,4,6,6,3,5,9,2,2,0,0,2,10,45
-13,0,0,8,2,0,0,0,0,0,0,0,15,0,0,3,3,78,2,5,4,5,5,2,5,8,1,1,0,0,2,10,15
-45,0,0,8,2,0,0,0,0,0,0,3,12,0,0,3,3,78,1,4,4,4,4,3,7,7,2,0,0,0,2,10,15
-19,0,0,4,5,0,0,0,0,0,0,0,5,0,0,3,3,78,2,0,0,0,0,5,6,6,4,1,0,0,2,9,45
-11,0,0,1,4,0,0,0,0,0,0,0,11,0,0,3,3,78,1,0,0,0,0,5,5,5,4,1,0,0,2,9,15
-31,0,0,4,3,0,0,0,0,0,0,0,27,0,0,3,3,78,0,0,0,0,0,4,4,4,4,2,0,0,2,9,45
-10,0,0,0,2,0,0,0,0,0,0,0,30,0,1,3,3,78,0,0,0,0,0,3,3,3,3,2,0,0,1,9,0
-34,0,0,2,1,0,0,0,0,0,0,0,32,0,0,3,3,78,0,0,0,0,0,2,2,2,2,2,0,0,2,9,30
-45,0,0,2,0,0,0,0,0,0,0,0,37,0,0,3,3,78,0,0,0,0,0,1,1,1,1,1,0,0,2,9,30
32,24,3,43,4,0,1,2,0,0,1,5,10,0,0,2,3,77,1,38,3,5,11,3,7,16,8,4,2,0,1,17,0
16,24,4,41,4,0,1,3,0,0,0,6,9,0,0,2,3,77,2,37,3,6,10,4,6,15,7,4,2,0,2,16,45
28,23,3,45,4,0,1,3,0,0,0,1,14,0,0,2,3,77,2,36,3,5,9,3,6,15,7,3,2,0,1,17,15
13,22,2,39,5,0,0,3,0,0,0,3,12,0,0,2,3,77,2,35,3,5,9,4,6,14,7,4,2,0,2,16,30
24,21,2,46,5,0,0,3,0,0,0,0,15,1,0,2,3,77,2,34,2,4,9,3,5,13,7,3,2,0,1,17,30
25,21,2,41,6,0,0,2,0,0,0,0,15,0,0,2,3,77,2,33,2,4,9,3,7,14,7,3,2,0,2,16,45
21,21,2,37,5,0,0,2,0,0,0,29,1,0,0,2,3,77,2,33,2,4,9,2,6,13,6,2,2,0,2,16,15
-21,20,3,35,4,0,1,3,0,0,0,4,26,0,0,2,3,77,1,31,2,4,8,4,9,14,8,5,2,1,2,16,0
-59,20,3,39,3,1,1,3,0,0,0,7,8,0,0,2,3,77,2,30,2,4,10,6,9,13,7,4,2,1,2,16,30
22,19,2,30,3,1,0,3,0,0,0,8,7,0,0,2,3,77,1,30,3,5,11,7,9,12,7,3,2,1,1,15,0
6,19,2,37,3,1,0,3,0,0,0,7,8,0,0,2,3,77,2,29,2,4,10,6,8,11,6,2,2,1,2,16,15
-12,19,2,35,2,1,0,3,0,0,0,2,13,0,0,2,3,77,1,29,2,4,10,5,8,10,6,3,2,1,2,16,0
-24,19,3,32,3,0,0,3,0,0,0,13,2,0,0,2,3,77,2,28,1,4,9,5,7,9,5,2,2,1,2,15,15
17,18,2,33,3,0,0,2,0,0,0,9,6,0,0,2,3,77,1,28,2,4,10,4,6,9,5,1,2,1,2,15,45
-6,18,2,43,2,0,0,2,0,0,0,7,8,0,0,2,3,77,1,28,2,4,10,3,5,8,4,1,2,1,1,17,0
26,18,2,33,2,0,0,1,0,0,0,6,9,0,0,2,3,77,1,28,2,5,10,2,4,7,3,1,1,1,2,15,45
0,17,2,30,3,0,0,0,0,0,0,47,13,0,0,2,3,77,0,27,3,5,10,3,5,7,4,0,1,1,1,15,0
1,17,4,27,3,0,1,0,0,0,0,24,36,0,0,2,3,77,1,25,2,6,11,4,4,9,4,1,1,1,2,14,30
69,17,4,26,2,0,1,0,0,0,0,18,42,0,0,2,3,77,1,25,2,6,11,3,3,8,3,1,1,1,1,13,30
-28,16,5,28,2,0,2,0,0,0,0,5,55,0,0,2,3,77,2,23,3,5,11,2,3,7,3,2,1,1,2,14,45
-50,15,4,28,1,0,2,0,0,0,0,9,6,0,0,2,3,77,1,23,4,6,11,1,2,8,3,2,0,1,2,14,45
30,12,3,25,5,0,1,0,0,0,0,11,4,0,0,2,3,77,2,18,3,6,11,3,5,12,5,4,0,0,1,13,15
6,11,2,23,5,0,1,1,0,0,0,6,9,0,0,2,3,77,2,17,3,6,11,4,7,12,6,3,0,0,1,13,0
29,10,2,23,4,0,1,1,0,0,0,1,14,0,0,2,3,77,1,17,3,7,12,3,6,12,6,2,0,0,1,13,0
76,10,3,16,5,0,0,1,0,0,0,6,9,0,0,2,3,77,1,16,4,7,11,2,5,12,6,2,0,0,1,12,0
17,10,3,16,4,0,0,1,1,0,0,12,3,0,0,2,3,77,2,15,3,6,10,3,5,13,5,1,0,0,1,12,0
-1,9,5,19,5,0,1,1,1,0,0,15,15,0,0,2,3,77,2,12,3,5,9,3,7,13,7,3,0,0,2,12,30
8,9,5,19,4,0,1,1,1,0,0,14,16,0,0,2,3,77,2,12,3,5,9,2,6,12,6,3,0,0,2,12,30
3,9,6,21,4,0,1,1,1,0,0,6,24,0,0,2,3,77,3,11,2,5,10,2,6,12,5,3,0,0,2,12,45
6,7,5,13,5,0,1,0,1,0,1,13,2,0,0,2,3,77,2,9,3,4,9,4,9,12,7,3,0,0,1,11,15
-37,6,5,21,4,0,1,0,1,0,1,5,10,0,0,2,3,77,1,9,3,4,9,5,9,11,7,4,0,0,2,12,45
56,6,5,11,3,0,1,0,1,0,1,4,11,0,0,2,3,77,1,9,3,4,9,4,8,10,6,4,0,0,2,11,0
-14,6,5,15,3,0,0,0,1,0,1,2,13,0,0,2,3,77,1,9,4,4,9,3,7,9,5,3,0,0,2,11,45
6,4,3,11,5,0,0,0,1,0,1,11,4,0,0,2,3,77,2,6,1,4,6,5,6,11,6,3,0,0,2,11,0
-2,3,2,13,4,0,0,0,1,0,1,6,9,0,0,2,3,77,1,6,1,5,6,5,6,12,6,3,0,0,1,11,15
9,2,2,10,4,0,0,0,2,0,0,6,9,0,0,2,3,77,1,5,2,5,5,4,6,12,6,2,0,0,2,10,45
-37,2,2,18,3,0,0,0,2,0,0,2,13,0,0,2,3,77,1,5,2,5,5,3,5,11,5,1,0,0,2,12,15
27,2,2,7,3,0,0,0,1,0,0,14,1,0,0,2,3,77,1,5,2,5,5,2,4,10,4,0,0,0,1,10,15
3,2,2,9,2,0,0,0,1,0,0,9,6,0,0,2,3,77,1,5,3,5,5,1,3,9,3,0,0,0,1,10,30
25,1,1,6,4,0,0,0,1,0,0,9,6,0,0,2,3,77,1,2,2,2,2,2,6,8,5,1,0,0,2,10,0
-5,0,0,2,4,0,0,0,1,0,0,7,8,0,0,2,3,77,0,1,1,1,1,2,6,7,6,3,0,0,2,9,30
29,0,0,4,4,0,0,0,1,0,0,0,20,0,0,2,3,77,0,0,0,0,0,5,6,6,6,4,0,0,1,9,45
8,0,0,0,3,0,0,0,1,0,0,0,26,0,1,2,3,77,0,0,0,0,0,5,5,5,5,4,0,0,1,9,0
-35,0,0,7,2,0,0,0,1,0,0,0,32,0,0,2,3,77,0,0,0,0,0,4,4,4,4,3,0,0,1,10,15
35,0,0,1,2,0,0,0,0,0,0,0,35,0,0,2,3,77,0,0,0,0,0,3,3,3,3,3,0,0,2,9,15
-12,0,0,2,1,0,0,0,0,0,0,0,37,0,0,2,3,77,0,0,0,0,0,2,2,2,2,2,0,0,2,9,30
-49,0,0,4,0,0,0,0,0,0,0,0,54,0,0,2,3,77,0,0,0,0,0,1,1,1,1,1,0,0,1,9,45
-22,19,4,51,7,0,0,3,1,0,0,3,12,0,0,6,3,74,3,42,2,4,9,3,8,15,9,4,4,1,1,17,15
55,17,2,45,7,0,0,3,1,0,0,4,11,0,0,6,3,74,2,41,1,4,8,5,9,14,10,3,4,1,2,16,15
32,17,3,41,7,0,0,2,1,0,0,1,14,0,0,6,3,74,2,41,1,4,8,6,8,14,9,3,4,1,2,15,45
35,16,2,43,6,0,0,3,1,0,0,2,13,0,0,6,3,74,2,40,2,3,7,5,8,15,9,3,4,1,2,16,0
8,15,1,51,6,0,0,3,0,0,0,9,6,0,0,6,3,74,1,40,3,5,7,6,8,14,9,3,4,1,1,17,15
1,15,1,49,5,0,0,3,0,0,0,6,9,0,0,6,3,74,1,40,3,5,7,5,8,13,8,3,4,2,1,16,45
34,15,1,47,5,0,0,2,0,0,0,2,13,0,0,6,3,74,1,40,3,5,8,4,7,12,7,2,3,2,1,16,30
25,15,1,45,5,0,0,1,0,0,0,2,13,0,0,6,3,74,1,40,3,5,8,3,6,11,6,1,3,1,2,16,15
-41,15,2,53,5,1,1,1,0,0,0,11,4,1,0,6,3,74,2,37,1,4,8,4,7,11,7,1,3,2,1,17,30
42,15,2,41,4,1,1,1,0,0,0,10,5,0,0,6,3,74,1,37,2,4,8,3,6,10,7,2,3,2,2,15,45
42,14,1,39,3,1,1,1,0,0,0,7,8,0,0,6,3,74,0,37,4,4,8,4,7,10,7,2,3,2,2,15,30
-20,14,1,39,2,1,1,1,0,0,0,0,15,0,0,6,3,74,0,37,4,4,12,4,7,9,6,2,3,2,2,15,30
-42,14,1,43,4,0,1,1,0,0,0,8,7,0,0,6,3,74,2,35,2,2,12,3,6,8,5,1,2,2,2,16,0
-94,14,1,50,5,0,1,0,0,0,0,0,15,0,0,6,3,74,2,34,1,2,13,3,6,9,5,1,1,1,2,17,0
3,14,1,36,5,0,0,1,0,0,0,7,8,0,0,6,3,74,3,33,0,2,13,4,5,9,4,1,1,0,1,15,0
61,13,1,34,4,0,0,1,0,0,0,33,12,0,0,6,3,74,0,33,0,4,14,3,4,10,6,3,1,0,2,14,45
-23,13,2,36,3,0,0,1,0,0,0,23,22,0,0,6,3,74,0,33,2,4,15,3,3,9,5,3,1,0,1,15,0
-24,13,2,34,2,0,0,1,0,0,0,22,23,0,0,6,3,74,0,33,2,5,15,2,3,8,4,3,1,0,2,14,45
85,13,3,33,2,0,0,1,0,0,0,0,45,0,0,6,3,74,1,32,3,11,17,1,4,13,3,2,1,0,2,14,30
-65,11,3,32,3,0,0,1,1,0,0,8,7,0,0,6,3,74,0,29,9,11,17,4,6,15,6,5,1,0,1,14,15
-5,11,3,26,5,0,0,3,1,0,1,8,7,0,0,6,3,74,4,23,4,6,11,5,9,16,7,6,1,1,2,12,45
17,10,2,28,6,0,0,3,1,0,1,1,14,0,0,6,3,74,4,21,2,6,10,4,10,15,8,6,1,1,1,13,0
-68,10,2,38,6,0,0,2,1,0,1,11,4,0,0,6,3,74,4,21,3,6,10,3,9,14,7,5,1,1,2,15,15
-48,10,3,31,6,0,1,3,1,0,0,5,10,0,0,6,3,74,4,19,1,4,8,2,8,13,8,5,1,1,1,13,30
-44,10,3,30,6,0,1,2,1,0,0,14,1,0,0,6,3,74,4,19,1,5,10,3,8,13,7,4,1,1,1,13,15
-248,8,4,47,6,0,1,2,1,0,0,3,12,0,0,6,3,74,2,18,3,6,14,7,9,16,9,5,0,1,1,16,30
16,8,4,26,6,0,1,2,0,0,0,1,14,0,0,6,3,74,2,18,3,6,14,6,8,15,8,4,0,0,2,12,45
-4,8,4,28,5,0,1,2,0,0,0,13,2,0,0,6,3,74,1,18,4,6,14,5,8,14,8,4,0,0,1,13,0
6,8,4,20,5,0,0,2,0,0,0,12,3,0,0,6,3,74,1,18,4,6,14,4,8,13,7,4,0,0,2,12,0
117,8,4,22,5,0,0,2,0,0,0,6,9,0,0,6,3,74,2,17,3,6,14,4,7,12,6,3,0,0,2,12,15
-9,8,4,24,5,0,0,3,0,0,0,2,13,0,0,6,3,74,3,15,1,4,13,4,6,12,6,2,0,0,2,12,30
3,7,3,24,5,0,0,2,0,0,0,4,11,0,0,6,3,74,2,15,3,4,13,3,6,14,6,2,0,0,2,12,30
-31,5,1,22,5,0,0,1,0,0,1,9,6,0,0,6,3,74,1,14,2,5,12,4,5,14,7,2,0,0,2,12,15
-11,5,1,19,4,0,0,1,0,0,1,4,11,0,0,6,3,74,1,14,3,6,13,3,4,13,6,1,0,0,2,11,45
-38,4,2,17,4,0,0,2,0,0,1,0,15,0,0,6,3,74,0,12,2,8,12,3,7,14,8,3,0,0,1,11,30
-10,4,3,20,3,0,0,2,0,0,1,13,2,0,0,6,3,74,0,12,3,8,12,2,6,14,7,3,0,0,2,12,0
-6,4,4,14,4,0,0,2,0,0,0,5,10,0,0,6,3,74,1,11,7,9,11,4,9,16,6,3,0,0,2,11,0
72,3,3,8,5,0,1,3,0,0,0,14,1,0,0,6,3,74,2,7,5,6,7,5,9,16,8,4,0,0,1,10,0
32,3,3,17,5,0,1,4,0,0,0,13,2,0,0,6,3,74,4,5,3,4,5,4,8,15,7,3,0,0,1,11,30
39,3,3,11,4,0,1,4,0,0,0,10,5,0,0,6,3,74,4,5,3,4,5,5,7,14,6,3,0,0,1,10,30
-73,3,3,15,3,0,1,5,0,0,0,3,12,0,0,6,3,74,4,4,2,4,4,5,7,14,6,4,0,0,2,11,15
8,1,1,15,4,0,1,5,0,0,0,2,13,0,0,6,3,74,3,2,1,2,2,5,8,13,8,5,0,0,2,11,15
-6,0,0,8,4,0,1,4,0,0,0,11,4,0,0,6,3,74,1,2,1,2,2,4,8,12,9,7,0,0,1,10,0
16,0,0,4,4,0,1,3,0,0,0,11,4,0,0,6,3,74,1,2,1,2,2,3,7,11,8,6,0,0,2,9,30
3,0,0,13,4,0,1,2,0,0,0,5,10,0,0,6,3,74,0,2,2,2,2,3,8,10,8,6,0,0,1,10,45
-7,0,0,6,4,0,1,1,0,0,0,0,15,0,0,6,3,74,0,2,2,2,2,3,8,9,7,5,0,0,2,9,45
-59,0,0,11,6,0,0,1,0,0,0,0,7,0,0,6,3,74,1,0,0,0,0,5,8,8,7,6,0,0,1,10,30
-2,0,0,10,5,0,0,1,0,0,0,0,15,0,0,6,3,74,1,0,0,0,0,6,7,7,6,5,0,0,2,10,15
-6,0,0,0,4,0,0,1,0,0,0,0,16,0,1,6,3,74,1,0,0,0,0,5,6,6,5,4,0,0,2,9,0
-22,0,0,6,4,0,0,0,0,0,0,0,30,0,0,6,3,74,0,0,0,0,0,4,5,5,5,4,0,0,2,9,45
-35,0,0,2,3,0,0,0,0,0,0,0,37,0,0,6,3,74,0,0,0,0,0,4,4,4,4,3,0,0,2,9,15
29,0,0,2,2,0,0,0,0,0,0,0,38,0,0,6,3,74,0,0,0,0,0,3,3,3,3,2,0,0,2,9,15
34,0,0,4,1,0,0,0,0,0,0,0,42,0,0,6,3,74,0,0,0,0,0,2,2,2,2,1,0,0,2,9,30
29,0,0,0,0,0,0,0,0,0,0,0,65,0,1,6,3,74,0,0,0,0,0,1,1,1,1,1,0,0,2,9,0
-21,19,5,57,1,0,0,1,0,0,0,18,42,1,0,5,3,73,1,55,5,7,9,1,3,7,2,2,5,0,2,18,30
13,15,1,53,4,0,0,4,0,0,0,9,6,0,0,5,3,73,3,48,2,2,7,3,6,12,6,3,5,1,2,17,15
28,14,0,53,3,0,0,4,0,0,0,5,10,0,0,5,3,73,2,48,2,2,7,2,5,11,6,3,5,1,2,17,15
27,14,0,55,4,0,0,3,0,0,1,12,3,0,0,5,3,73,3,46,0,1,8,4,7,12,6,4,5,1,1,17,30
27,14,1,51,4,0,0,2,0,0,1,3,12,0,0,5,3,73,2,46,0,3,9,3,8,11,6,3,4,2,2,17,0
-9,14,1,49,4,0,0,2,0,0,0,12,3,0,0,5,3,73,2,46,1,4,10,3,7,10,5,2,4,1,2,16,45
60,14,1,47,3,0,0,2,0,0,0,11,4,0,0,5,3,73,2,46,1,4,10,2,6,9,4,1,4,1,1,16,15
53,14,2,45,2,0,0,2,0,0,0,12,3,0,0,5,3,73,1,46,4,6,12,5,7,11,4,1,4,1,1,16,0
-21,14,2,49,1,0,0,2,1,0,0,7,8,0,0,5,3,73,1,45,4,6,11,4,6,10,4,1,4,1,2,16,45
-23,14,2,55,0,0,0,2,1,0,0,6,9,0,0,5,3,73,1,45,4,6,11,3,5,9,3,1,4,1,1,17,30
-48,14,2,48,0,0,0,1,1,0,0,12,3,0,0,5,3,73,1,45,4,8,11,2,5,8,2,1,3,1,2,16,30
7,13,1,39,1,0,0,1,0,0,0,6,9,0,0,5,3,73,1,44,3,7,10,2,4,8,2,1,3,0,2,15,15
-52,13,1,51,1,0,0,2,0,0,1,9,6,0,0,5,3,73,2,41,4,6,11,3,5,10,3,1,3,0,2,17,0
-24,12,0,41,1,0,0,2,0,0,0,2,13,0,0,5,3,73,1,41,4,7,13,2,5,9,3,0,3,0,2,15,30
-48,12,1,43,3,0,0,1,0,0,1,1,14,0,0,5,3,73,4,38,3,4,12,2,4,11,2,0,3,0,2,15,45
-18,12,2,36,4,0,0,3,0,0,0,31,14,0,0,5,3,73,3,35,1,5,14,3,6,13,5,3,3,1,1,14,45
33,12,2,34,4,0,0,2,0,0,0,27,18,0,0,5,3,73,3,35,1,5,15,2,5,12,4,2,3,1,1,14,15
-42,12,2,38,3,0,0,2,0,0,0,21,24,0,0,5,3,73,2,35,1,6,16,3,5,11,4,3,3,1,2,15,0
-70,11,2,36,3,0,0,2,0,0,0,9,6,0,0,5,3,73,1,34,4,9,17,4,8,12,5,2,3,2,1,14,45
-68,11,2,41,2,0,0,2,0,0,0,6,9,0,0,5,3,73,1,34,5,9,17,3,7,11,4,2,3,2,2,15,30
-155,10,4,43,1,0,0,2,0,0,1,8,7,0,0,5,3,73,0,33,5,10,16,4,7,13,5,3,2,2,2,15,45
-70,10,4,39,4,0,0,1,0,0,1,11,4,0,0,5,3,73,3,30,5,10,14,5,7,15,4,2,2,1,2,15,15
23,10,5,28,5,0,0,2,0,0,0,0,15,0,0,5,3,73,3,28,3,9,14,4,6,16,5,1,2,1,2,12,45
-126,10,6,45,5,0,0,1,0,0,0,14,1,0,0,5,3,73,3,28,4,9,14,4,5,15,4,1,1,1,1,16,0
31,9,5,30,6,0,0,1,0,0,0,3,12,0,0,5,3,73,3,26,5,9,13,3,5,17,5,2,1,0,1,13,0
-109,9,5,35,6,0,0,1,0,0,0,13,2,0,0,5,3,73,4,25,5,8,14,3,4,16,4,2,1,0,2,14,30
-38,7,3,33,5,0,0,2,0,0,0,0,15,0,0,5,3,73,3,24,5,7,15,2,5,15,5,1,1,0,1,13,30
-23,6,2,32,5,0,2,2,0,0,0,2,13,0,0,5,3,73,5,21,4,5,12,2,8,15,5,1,1,0,1,13,15
10,4,1,20,7,0,1,2,0,0,0,12,3,0,0,5,3,73,3,19,2,5,14,4,11,17,8,3,1,0,3,11,45
9,4,1,22,9,0,0,2,0,0,0,10,5,0,0,5,3,73,2,17,2,6,14,8,12,19,10,4,1,1,1,12,0
-84,4,2,30,8,0,0,2,0,0,0,2,13,0,0,5,3,73,1,17,3,8,14,8,11,19,10,4,1,1,1,13,0
-63,4,2,28,7,0,0,2,0,0,0,12,3,0,0,5,3,73,0,17,3,8,15,7,10,18,10,4,1,1,2,12,45
-11,4,2,20,6,0,0,2,0,0,0,11,4,0,0,5,3,73,0,17,3,8,16,7,9,17,9,3,1,1,3,11,45
-56,4,2,25,5,0,0,2,0,0,0,2,13,0,0,5,3,73,0,17,4,8,16,8,8,18,8,3,1,1,2,12,15
8,4,2,26,5,0,0,1,0,0,0,2,13,0,0,5,3,73,0,16,4,8,16,7,8,17,7,3,1,1,2,12,30
15,4,2,18,4,0,0,1,0,0,1,13,2,0,0,5,3,73,1,16,5,9,15,6,7,17,6,2,1,1,2,11,30
78,4,2,14,4,0,0,1,0,0,1,10,5,0,0,5,3,73,2,15,4,8,14,5,6,17,5,2,1,1,2,11,0
-1,3,1,16,4,0,0,1,0,0,1,3,12,0,0,5,3,73,2,14,5,8,14,4,7,18,5,2,1,1,2,11,15
-35,3,1,26,3,0,0,1,0,0,1,12,3,0,0,5,3,73,1,14,5,9,14,3,7,17,5,2,1,1,2,12,30
-1,3,2,22,3,0,0,0,0,0,1,7,8,0,0,5,3,73,0,14,5,10,14,2,6,16,5,2,0,1,1,12,0
51,3,2,18,3,0,0,0,0,0,1,4,11,0,0,5,3,73,1,13,4,10,13,1,5,15,4,1,0,0,2,11,30
-38,2,2,16,4,0,0,2,0,0,1,2,13,0,0,5,3,73,1,9,6,8,9,5,10,17,7,3,0,0,2,11,15
-5,2,2,10,5,0,0,2,0,0,1,8,7,0,0,5,3,73,2,7,4,6,7,6,12,16,7,3,0,0,2,10,30
-17,2,2,10,4,0,0,2,0,0,1,5,10,0,0,5,3,73,2,7,4,7,7,6,12,15,6,3,0,0,2,10,30
-114,2,2,22,6,0,0,1,0,0,1,12,3,0,0,5,3,73,3,5,3,5,5,5,11,14,6,3,0,0,1,12,0
-16,1,1,14,7,0,0,1,0,0,1,3,12,0,0,5,3,73,3,3,2,3,3,6,10,13,7,3,0,0,2,11,0
6,1,1,12,7,0,0,1,0,0,0,14,1,0,0,5,3,73,2,3,2,3,3,6,10,12,7,4,0,0,2,10,45
55,1,1,4,6,0,0,1,0,0,0,12,3,0,0,5,3,73,2,3,2,3,3,5,9,11,6,4,0,0,1,9,30
-30,1,1,9,5,0,0,1,0,0,0,8,7,0,0,5,3,73,1,3,2,3,3,6,8,10,6,3,0,0,2,10,15
-23,0,0,7,4,0,1,1,0,0,1,8,7,0,0,5,3,73,1,1,1,1,1,6,9,9,7,4,0,0,1,10,0
26,0,0,2,3,0,1,1,0,0,1,5,10,0,0,5,3,73,1,1,1,1,1,5,8,8,6,4,0,0,2,9,15
-37,0,0,7,2,0,1,1,0,0,1,1,14,0,0,5,3,73,1,1,1,1,1,4,7,7,5,3,0,0,1,10,0
-44,0,0,12,2,0,1,0,0,0,1,0,4,0,0,5,3,73,0,1,1,1,1,4,6,6,5,3,0,0,2,10,45
-18,0,0,2,2,0,0,0,0,0,1,0,7,0,0,5,3,73,0,1,1,1,1,3,5,5,4,2,0,0,2,9,15
8,0,0,0,2,0,0,0,0,0,0,0,8,0,1,5,3,73,0,1,1,1,1,3,4,4,3,2,0,0,2,9,0
-14,0,0,6,2,0,0,0,0,0,0,0,31,0,0,5,3,73,0,0,0,0,0,3,3,3,3,2,0,0,2,9,45
-24,0,0,0,1,0,0,0,0,0,0,0,38,0,1,5,3,73,0,0,0,0,0,2,2,2,2,1,0,0,2,9,0
-10,0,0,4,0,0,0,0,0,0,0,0,41,0,0,5,3,73,0,0,0,0,0,1,1,1,1,1,0,0,1,9,30
83,38,6,54,0,0,0,0,0,0,0,33,0,0,0,4,3,72,0,61,4,9,13,1,1,6,1,0,6,0,2,16,45
5,32,6,60,6,0,1,1,0,0,0,2,13,1,0,4,3,72,3,52,2,4,12,2,5,11,6,3,6,0,2,17,30
11,30,6,58,5,0,1,2,0,0,0,12,3,0,0,4,3,72,2,51,2,6,13,3,5,11,7,2,6,0,2,17,15
1,29,5,58,5,0,0,3,0,0,0,14,1,0,0,4,3,72,2,50,2,7,14,3,5,15,7,1,6,0,2,17,15
2,28,6,60,5,0,0,3,0,0,0,2,13,1,0,4,3,72,2,49,4,7,15,3,5,15,7,1,6,1,2,17,30
25,27,5,56,4,0,0,3,0,0,0,11,4,0,0,4,3,72,1,49,4,7,15,2,4,15,7,2,6,1,2,17,0
12,25,4,48,6,0,0,3,0,0,0,5,10,0,0,4,3,72,2,46,3,8,15,3,6,16,8,2,6,2,2,16,0
7,24,3,56,7,0,0,3,0,0,1,2,13,0,0,4,3,72,2,43,3,7,14,5,9,18,10,3,6,2,2,17,0
22,24,3,45,6,0,0,3,0,0,1,13,2,0,0,4,3,72,2,43,3,7,15,4,10,18,9,3,5,3,2,15,45
31,22,2,52,5,0,0,4,0,0,1,10,5,0,0,4,3,72,1,41,4,9,16,5,11,18,10,2,5,2,2,16,30
-16,21,3,48,5,0,0,4,0,0,2,6,9,0,0,4,3,72,2,40,4,8,15,6,10,17,10,2,5,2,2,16,0
65,21,3,43,5,0,0,3,0,0,2,3,12,0,0,4,3,72,2,40,4,8,15,5,9,16,9,2,4,2,3,15,30
39,21,4,50,5,0,0,3,1,0,2,14,1,0,0,4,3,72,2,38,4,7,16,8,12,16,10,3,4,1,2,16,15
6,21,4,41,4,0,0,3,1,0,2,10,5,0,0,4,3,72,2,38,5,8,16,7,12,16,9,3,4,2,2,15,15
7,21,4,50,5,0,0,2,1,0,2,8,7,0,0,4,3,72,3,37,4,8,15,6,11,15,8,3,4,2,2,16,15
1,21,4,45,4,0,0,2,1,0,2,7,8,0,0,4,3,72,2,36,5,8,15,5,10,14,8,4,4,2,2,15,45
13,21,4,41,5,0,0,2,1,0,1,0,15,0,0,4,3,72,2,36,4,7,15,5,9,14,8,3,3,2,2,15,15
26,21,4,43,5,0,0,1,1,0,1,14,1,0,0,4,3,72,2,36,4,7,15,4,8,13,7,3,3,1,3,15,30
-4,20,5,39,5,0,0,2,1,0,1,3,12,0,0,4,3,72,2,34,3,7,14,4,8,15,8,4,3,1,2,15,0
-97,20,5,52,5,0,0,2,1,0,0,0,15,0,0,4,3,72,2,34,3,8,14,5,7,16,7,3,3,1,2,16,30
8,18,4,39,6,0,0,1,2,0,0,2,13,0,0,4,3,72,2,32,3,7,15,5,7,15,8,5,3,2,2,15,0
-8,17,3,37,6,0,0,1,1,0,0,36,9,0,0,4,3,72,0,32,5,9,15,5,7,16,9,6,3,2,2,14,45
-3,17,3,36,6,0,0,1,1,0,0,32,13,0,0,4,3,72,1,31,4,8,15,4,6,16,8,5,3,2,2,14,30
-69,17,4,45,5,0,0,1,1,0,0,30,15,0,0,4,3,72,1,31,5,9,15,3,5,15,7,5,3,2,2,15,45
11,17,4,34,4,0,0,1,1,0,0,27,18,0,0,4,3,72,1,31,5,9,17,3,4,15,6,5,2,2,1,14,15
-71,17,4,54,5,0,0,1,1,0,0,14,31,0,0,4,3,72,2,29,4,8,16,2,5,17,6,5,2,1,2,16,45
-23,15,3,31,5,0,1,1,1,0,1,13,2,0,0,4,3,72,2,26,4,7,16,2,9,18,8,5,1,2,2,14,0
-58,14,3,31,8,0,0,1,1,0,1,8,7,0,0,4,3,72,2,23,2,6,15,5,10,19,10,6,1,1,2,14,0
8,13,3,31,9,0,0,0,1,0,1,11,4,0,0,4,3,72,1,22,3,9,15,7,12,20,11,5,1,1,2,14,0
113,13,4,22,9,0,0,0,1,0,1,1,14,0,0,4,3,72,1,21,4,8,15,6,13,20,11,5,1,1,2,12,15
-8,13,4,26,8,0,0,0,1,0,1,14,1,0,0,4,3,72,1,21,4,8,15,6,12,19,10,4,1,1,2,12,45
17,13,6,24,7,0,0,0,1,0,1,11,4,0,0,4,3,72,1,21,4,9,17,5,11,18,9,3,1,1,2,12,30
-15,12,5,28,7,0,0,0,1,0,1,6,9,0,0,4,3,72,1,20,3,10,16,6,11,18,9,4,1,1,1,13,0
67,12,5,19,7,0,0,0,1,0,0,3,12,0,0,4,3,72,1,20,4,10,16,5,11,17,8,4,0,1,2,12,0
141,12,6,15,7,0,0,0,0,0,0,1,14,0,0,4,3,72,1,20,4,10,16,4,10,16,7,3,0,0,2,11,30
-50,11,8,37,6,0,0,2,0,0,1,0,15,0,0,4,3,72,2,17,4,9,14,7,9,19,8,3,0,0,2,14,45
39,11,8,26,5,0,0,2,0,0,1,8,7,0,0,4,3,72,2,17,5,9,15,7,10,18,7,3,0,0,2,12,45
14,11,8,30,4,0,0,2,0,0,1,6,9,0,0,4,3,72,2,17,6,9,15,6,9,17,6,3,0,0,3,13,15
-7,10,8,28,5,0,1,2,0,0,1,13,2,0,0,4,3,72,3,14,4,7,13,6,10,18,7,3,0,0,1,13,0
5,10,8,17,5,0,1,2,0,0,0,11,4,0,0,4,3,72,3,14,4,7,14,5,9,17,6,3,0,0,3,11,45
-22,10,8,24,4,0,1,3,0,0,0,5,10,0,0,4,3,72,4,13,5,7,13,4,9,17,5,3,0,0,2,12,30
5,9,7,19,4,0,1,2,0,0,0,1,14,0,0,4,3,72,3,13,5,7,13,3,8,16,5,3,0,0,2,12,0
-58,7,5,34,4,0,1,2,0,0,0,10,5,0,0,4,3,72,2,12,4,8,12,3,7,15,6,3,0,0,1,14,15
24,7,5,19,3,0,1,3,0,0,1,5,10,0,0,4,3,72,3,10,2,6,10,3,7,15,6,3,0,0,2,12,0
27,3,2,9,5,0,1,3,0,0,0,13,2,0,0,4,3,72,1,8,3,5,8,5,10,16,9,3,0,0,2,10,45
-24,3,2,17,5,0,0,3,0,0,0,9,6,0,0,4,3,72,1,8,4,6,8,4,9,15,8,3,0,0,3,11,45
2,2,1,13,4,0,0,3,0,0,0,4,11,0,0,4,3,72,0,8,4,6,8,4,9,15,8,2,0,0,2,11,15
36,2,2,5,4,0,0,3,0,0,0,13,2,0,0,4,3,72,1,7,3,6,7,3,9,14,7,2,0,0,2,10,15
-25,2,2,22,4,0,0,2,0,0,0,10,5,0,0,4,3,72,1,7,3,7,7,2,8,13,6,2,0,0,2,12,15
4,2,2,15,6,0,0,2,0,0,0,8,7,0,0,4,3,72,2,4,2,4,4,5,8,13,7,3,0,0,2,11,30
13,1,1,13,5,0,0,2,0,0,0,8,7,0,0,4,3,72,0,4,4,4,4,7,9,12,8,4,0,0,2,11,15
-13,1,1,9,5,0,0,2,0,0,0,5,10,0,0,4,3,72,1,3,3,3,3,6,8,11,7,4,0,0,2,10,45
29,1,1,11,5,0,0,1,0,0,0,0,15,0,0,4,3,72,1,3,3,3,3,5,7,10,6,4,0,0,2,11,0
-33,1,1,11,4,0,0,1,0,0,0,0,15,0,0,4,3,72,1,3,3,3,3,4,6,9,5,3,0,0,2,11,0
-5,1,1,5,4,0,0,1,0,0,0,5,10,0,0,4,3,72,2,2,2,2,2,4,7,8,4,2,0,0,2,10,15
35,1,1,7,4,0,0,0,0,0,0,4,11,0,0,4,3,72,2,2,2,2,2,3,6,7,3,2,0,0,2,10,30
31,0,0,7,3,0,0,1,1,0,0,9,6,0,0,4,3,72,2,0,0,0,0,3,5,6,4,2,0,0,2,10,30
-14,0,0,3,2,0,0,1,1,0,0,0,10,0,0,4,3,72,0,0,0,0,0,4,5,5,5,3,0,0,2,10,0
-15,0,0,2,2,0,0,1,0,0,0,0,20,0,0,4,3,72,0,0,0,0,0,3,4,4,4,2,0,0,2,9,45
15,0,0,3,1,0,0,1,0,0,0,0,32,0,0,4,3,72,0,0,0,0,0,3,3,3,3,2,0,0,2,10,0
-2,0,0,0,1,0,0,0,0,0,0,0,37,0,1,4,3,72,0,0,0,0,0,2,2,2,2,1,0,0,1,9,30
18,0,0,0,0,0,0,0,0,0,0,0,55,0,1,4,3,72,0,0,0,0,0,1,1,1,1,0,0,0,1,9,30
21,29,4,57,2,0,0,1,0,0,0,12,3,1,0,3,3,71,2,55,5,7,15,2,2,9,2,2,5,2,2,17,45
-7,29,4,57,1,0,0,1,0,0,0,8,7,1,0,3,3,71,1,55,5,7,16,1,2,8,2,1,4,1,2,17,45
-23,25,3,54,6,0,1,1,0,0,0,9,6,0,0,3,3,71,2,48,5,9,17,4,7,17,7,2,4,1,1,17,15
-4,23,3,56,7,0,1,1,0,0,0,14,1,0,0,3,3,71,2,46,4,9,15,6,7,18,8,2,4,2,2,17,30
3,23,3,54,6,0,1,2,0,0,0,8,7,0,0,3,3,71,3,45,3,9,15,5,6,18,7,2,4,2,1,17,15
5,22,2,52,7,0,0,2,0,0,0,2,13,0,0,3,3,71,3,44,3,8,15,4,6,17,7,3,3,2,2,17,0
-7,22,2,50,7,0,0,2,0,0,0,9,6,0,0,3,3,71,2,42,4,8,14,3,7,17,8,5,3,1,2,16,45
0,22,2,52,7,0,0,2,0,0,0,9,6,0,0,3,3,71,3,42,3,7,13,2,6,16,7,4,3,1,2,17,0
33,22,2,46,6,0,0,2,0,0,0,2,13,0,0,3,3,71,3,42,4,7,14,1,5,15,6,4,3,1,2,16,15
-35,20,1,48,8,0,2,2,0,0,0,14,1,0,0,3,3,71,3,37,2,6,11,6,12,16,10,5,2,2,2,16,30
7,20,1,46,7,0,2,2,1,0,0,7,8,0,0,3,3,71,4,36,2,6,10,6,12,16,9,4,2,1,2,16,15
6,20,1,38,8,0,1,2,1,0,0,11,4,0,0,3,3,71,4,35,4,6,10,7,12,17,9,4,2,1,2,15,15
18,20,2,44,7,0,1,2,1,0,0,10,5,0,0,3,3,71,4,35,4,6,10,7,11,16,8,3,2,1,2,16,0
53,20,2,38,7,0,1,1,1,0,0,1,14,0,0,3,3,71,4,35,4,7,11,7,10,15,7,3,2,1,2,15,15
-12,20,2,42,6,0,1,1,1,0,0,14,1,0,0,3,3,71,4,35,4,7,12,7,9,14,6,2,2,1,2,15,45
15,20,2,36,5,0,1,1,1,0,0,12,3,0,0,3,3,71,3,35,4,7,12,6,8,13,6,3,2,1,2,15,0
-2,20,3,34,7,0,1,1,0,0,0,4,11,0,0,3,3,71,4,33,4,5,10,6,7,13,6,3,2,1,2,14,45
-76,20,4,48,7,0,0,1,0,0,0,0,15,0,0,3,3,71,3,33,4,5,11,5,6,12,6,3,1,1,2,16,30
-48,20,4,50,6,0,0,3,0,0,0,55,5,0,0,3,3,71,4,31,2,4,9,5,6,11,6,4,1,1,2,16,45
-23,20,4,44,5,0,0,3,0,0,0,54,6,0,0,3,3,71,4,31,2,4,9,4,5,10,5,3,1,1,2,16,0
-58,19,4,40,4,0,0,3,0,0,0,44,16,0,0,3,3,71,2,31,3,5,9,3,5,9,6,4,1,1,2,15,30
-3,19,4,36,3,0,0,3,0,0,0,40,20,0,0,3,3,71,2,31,3,5,10,2,5,9,5,3,1,1,2,15,0
-4,19,5,33,2,0,1,4,0,0,0,28,32,0,0,3,3,71,4,29,2,4,9,2,6,8,4,2,1,1,2,14,30
85,16,4,25,4,0,0,4,0,0,0,14,1,0,0,3,3,71,2,27,2,5,10,5,6,13,7,3,0,1,2,12,30
2,16,4,32,3,0,0,4,0,0,0,6,9,0,0,3,3,71,2,27,2,5,11,4,5,12,6,3,0,0,1,13,30
-53,15,4,34,4,0,0,3,0,0,0,11,4,0,0,3,3,71,2,26,3,4,10,3,4,12,6,3,0,0,2,14,45
-70,15,4,42,3,0,0,3,0,0,0,7,8,0,0,3,3,71,2,26,3,5,10,3,4,12,5,2,0,0,2,15,45
-75,15,4,40,3,0,0,2,0,0,0,6,9,0,0,3,3,71,2,26,3,5,10,2,3,11,4,2,0,0,2,15,30
2,13,4,31,5,0,0,2,0,0,0,8,7,0,0,3,3,71,2,23,2,6,11,2,6,14,6,2,0,0,1,13,15
76,11,3,29,7,0,0,1,0,0,0,10,5,0,0,3,3,71,1,21,3,5,12,4,8,13,8,2,0,0,1,13,0
33,11,4,23,6,0,0,3,0,0,0,8,7,0,0,3,3,71,2,19,3,5,13,6,8,15,8,3,0,0,2,12,15
52,10,4,27,6,0,0,3,0,0,0,1,14,0,0,3,3,71,2,18,2,6,13,5,10,15,8,4,0,0,2,12,45
-15,10,5,29,6,0,0,2,0,0,0,0,15,0,0,3,3,71,2,18,2,6,13,4,9,14,7,4,0,0,1,13,0
-11,10,5,27,5,0,0,2,0,0,0,10,5,0,0,3,3,71,2,18,2,6,13,4,9,13,6,3,0,0,2,12,45
44,9,4,23,5,0,0,2,0,0,0,8,7,0,0,3,3,71,2,17,1,5,12,4,8,12,6,2,0,0,2,12,15
33,9,4,20,4,0,0,2,0,0,0,3,12,0,0,3,3,71,2,17,2,6,13,3,7,11,5,2,0,0,1,11,45
37,8,4,22,3,0,1,2,0,0,0,13,2,0,0,3,3,71,1,16,4,6,13,5,6,14,6,3,0,0,2,12,0
-3,8,5,18,2,0,1,2,0,0,0,9,6,0,0,3,3,71,1,16,4,7,14,5,6,14,5,3,0,0,2,11,30
-34,7,5,25,2,0,1,3,0,0,0,8,7,0,0,3,3,71,2,14,4,8,14,4,7,14,5,3,0,0,2,12,30
9,6,4,18,2,0,1,3,0,0,0,3,12,0,0,3,3,71,2,13,3,8,13,3,7,14,5,3,0,0,2,11,30
2,6,4,20,2,0,1,2,0,0,0,2,13,0,0,3,3,71,2,13,3,8,13,2,6,13,4,3,0,0,1,11,45
7,5,4,15,3,0,0,2,0,0,0,10,5,0,0,3,3,71,2,12,3,7,12,1,5,13,4,3,0,0,1,11,0
40,3,2,4,4,0,0,2,1,0,0,9,6,0,0,3,3,71,1,9,4,7,9,4,9,17,7,4,0,0,2,9,30
0,3,3,17,5,0,0,1,1,0,0,0,15,0,0,3,3,71,1,8,4,7,8,3,9,16,7,5,0,0,2,11,15
30,2,2,10,5,0,0,2,1,0,0,9,6,0,0,3,3,71,2,6,2,6,6,4,8,15,7,4,0,0,2,10,15
-7,2,2,13,4,0,0,2,1,0,0,6,9,0,0,3,3,71,1,6,3,6,6,4,7,14,7,3,0,0,2,10,45
10,1,1,6,4,0,0,3,1,0,0,11,4,0,0,3,3,71,1,4,3,4,4,6,10,13,8,4,0,0,2,9,45
45,1,1,6,3,0,0,3,1,0,0,10,5,0,0,3,3,71,1,4,4,4,4,5,9,12,7,4,0,0,2,9,45
-8,1,1,8,3,0,0,3,1,0,0,7,8,0,0,3,3,71,2,3,3,3,3,4,9,11,6,4,0,0,1,10,0
18,1,1,11,3,0,0,2,1,0,0,5,10,0,0,3,3,71,2,3,3,3,3,3,9,10,5,4,0,0,2,10,30
26,1,1,2,2,0,1,2,1,0,0,10,5,0,0,3,3,71,2,2,2,2,2,4,9,9,5,4,0,0,2,9,15
-38,1,1,13,2,0,1,2,0,0,0,9,6,0,0,3,3,71,2,2,2,2,2,3,8,8,4,4,0,0,2,10,45
2,0,0,0,4,0,0,2,0,0,0,0,11,0,1,3,3,71,0,0,0,0,0,6,7,7,7,6,0,0,2,9,0
-46,0,0,15,3,0,0,2,0,0,0,0,13,0,0,3,3,71,0,0,0,0,0,5,6,6,6,6,0,0,1,11,0
-43,0,0,8,3,0,0,1,0,0,0,0,24,0,0,3,3,71,0,0,0,0,0,5,5,5,5,5,0,0,1,10,0
-9,0,0,0,2,0,0,1,0,0,0,0,33,0,1,3,3,71,0,0,0,0,0,4,4,4,4,4,0,0,2,9,0
-57,0,0,11,2,0,0,0,0,0,0,0,36,0,0,3,3,71,0,0,0,0,0,3,3,3,3,3,0,0,2,10,30
-24,0,0,4,1,0,0,0,0,0,0,0,39,0,0,3,3,71,0,0,0,0,0,2,2,2,2,2,0,0,2,9,30
-25,0,0,2,0,0,0,0,0,0,0,0,44,0,0,3,3,71,0,0,0,0,0,1,1,1,1,1,0,0,2,9,15
-25,38,5,63,2,0,0,0,0,0,0,17,28,1,0,2,3,70,1,61,3,8,16,4,4,9,2,1,8,1,2,18,30
-12,37,4,61,2,0,1,0,0,0,0,7,38,0,0,2,3,70,1,59,4,6,15,3,3,8,3,0,8,1,1,18,15
-33,37,4,61,2,0,0,0,0,0,0,7,38,0,0,2,3,70,1,59,4,6,15,2,2,7,2,0,7,1,1,18,15
44,37,5,57,1,0,0,0,0,0,0,0,45,0,0,2,3,70,1,59,4,7,16,1,2,7,1,0,7,0,1,17,0
37,32,4,55,6,0,1,0,0,0,0,0,15,0,0,2,3,70,2,52,4,9,15,4,6,13,6,1,7,1,1,16,45
55,32,6,51,7,0,1,0,0,0,0,3,12,0,0,2,3,70,1,50,4,8,15,3,5,14,8,2,7,1,2,16,15
-36,32,7,59,8,0,0,0,0,0,0,9,6,0,0,2,3,70,2,49,4,7,15,3,5,15,7,2,7,1,2,17,30
-61,32,7,59,7,0,0,0,0,0,0,6,9,0,0,2,3,70,2,49,5,8,15,2,4,15,6,2,7,1,2,17,30
0,29,6,58,8,0,0,1,0,0,1,2,13,0,0,2,3,70,2,45,3,7,13,2,5,16,9,4,7,1,2,17,15
-11,28,5,53,8,0,0,2,0,0,1,3,12,0,0,2,3,70,3,43,3,5,11,3,8,18,9,5,6,1,2,16,30
-10,26,3,53,8,0,0,2,0,0,1,1,14,0,0,2,3,70,2,42,4,7,12,3,10,18,10,4,6,1,2,16,30
6,25,2,48,9,0,0,3,0,0,0,3,12,0,0,2,3,70,3,40,2,6,12,6,12,19,10,5,6,1,1,15,45
-5,23,1,50,9,0,0,4,0,0,0,3,12,0,0,2,3,70,2,38,3,6,11,7,12,20,12,6,6,1,2,16,0
21,23,1,51,8,0,0,4,0,0,0,14,1,0,0,2,3,70,2,38,3,6,12,7,12,19,11,6,6,1,2,16,15
14,23,2,44,8,0,0,3,0,0,0,7,8,0,0,2,3,70,2,38,4,6,14,7,12,19,10,6,6,2,2,15,15
6,23,2,55,7,0,0,3,0,0,0,5,10,0,0,2,3,70,2,38,4,6,14,7,12,18,9,6,6,2,1,16,45
21,23,2,48,6,0,0,3,0,0,0,4,11,0,0,2,3,70,2,38,4,6,14,6,11,17,8,5,6,2,1,15,45
61,23,2,36,6,0,0,3,0,0,0,11,4,0,0,2,3,70,2,37,4,6,14,6,11,16,8,5,5,2,1,14,15
6,23,2,46,7,0,0,2,0,0,0,6,9,0,0,2,3,70,2,36,3,6,13,6,10,17,8,4,5,1,2,15,30
118,23,2,34,6,0,0,3,0,0,0,1,14,0,0,2,3,70,2,35,3,5,13,6,9,17,8,4,5,1,1,13,30
47,23,2,44,5,0,0,3,0,0,0,11,4,0,0,2,3,70,2,35,3,5,14,5,10,17,7,4,5,2,2,15,15
-25,23,3,40,4,0,1,3,0,0,0,6,9,0,0,2,3,70,1,34,2,6,13,5,9,17,8,5,5,2,2,14,45
-39,23,4,46,3,0,1,3,0,0,0,4,11,0,0,2,3,70,1,34,2,6,13,5,8,16,7,4,5,2,2,15,30
1,22,3,42,3,0,1,3,0,0,0,24,6,0,0,2,3,70,1,33,2,6,15,5,7,15,7,4,5,2,2,15,0
-28,22,4,42,3,0,1,3,0,0,0,17,13,0,0,2,3,70,2,32,2,5,14,4,8,15,6,4,5,3,2,15,0
133,22,4,20,3,0,0,3,0,0,0,10,20,0,0,2,3,70,1,32,3,7,14,5,7,14,6,4,4,3,2,11,45
-5,21,3,36,2,0,0,3,0,0,0,6,24,0,0,2,3,70,0,32,4,8,15,4,7,13,6,3,4,3,1,14,15
-23,21,4,40,3,0,0,2,0,0,0,12,3,0,0,2,3,70,1,31,4,8,15,3,6,14,5,2,4,3,2,14,45
-22,21,6,39,3,0,1,1,0,0,0,13,2,0,0,2,3,70,1,30,4,9,17,4,8,15,5,3,4,3,2,14,30
118,21,6,30,3,0,1,0,0,0,0,11,4,0,0,2,3,70,1,30,5,9,17,3,8,14,4,3,3,3,1,13,0
25,19,6,33,4,0,1,0,0,0,1,7,8,0,0,2,3,70,2,27,4,9,17,5,8,14,5,2,3,2,1,13,15
-56,18,5,36,4,0,0,0,0,0,1,4,11,0,0,2,3,70,1,27,5,9,17,4,8,13,5,2,2,2,1,14,15
-16,18,7,35,6,0,0,0,0,0,1,8,7,0,0,2,3,70,2,24,3,6,16,6,7,14,6,3,1,1,3,14,0
-20,16,6,30,5,0,0,0,0,0,2,7,8,0,0,2,3,70,0,23,5,8,17,5,10,15,8,3,1,0,1,13,0
36,16,6,24,4,0,0,0,0,0,2,7,8,0,0,2,3,70,0,23,5,8,17,4,9,14,7,2,1,0,2,12,15
22,15,6,28,5,0,0,0,0,0,1,2,13,0,0,2,3,70,0,22,4,9,16,4,8,13,7,2,1,0,3,12,45
1,15,6,26,5,0,0,0,0,0,1,13,2,0,0,2,3,70,1,21,3,8,15,3,7,13,6,2,1,0,2,12,30
-5,15,6,26,5,0,0,0,0,0,0,8,7,0,0,2,3,70,1,21,3,9,15,2,6,13,5,2,1,0,2,12,30
3,13,5,24,5,0,1,1,0,0,0,6,9,0,0,2,3,70,2,18,3,8,14,5,6,12,6,2,1,0,2,12,15
28,11,5,18,6,0,0,1,0,0,0,4,11,0,0,2,3,70,1,17,6,9,14,4,8,11,7,3,1,1,2,11,30
25,11,5,22,5,0,0,1,0,0,0,3,12,0,0,2,3,70,1,17,6,9,14,3,7,10,6,3,1,1,2,12,0
5,10,6,30,5,0,0,1,0,0,1,9,6,0,0,2,3,70,2,15,5,9,12,2,7,11,6,2,1,1,1,13,0
3,10,6,22,4,0,0,1,0,0,1,8,7,0,0,2,3,70,2,15,5,9,12,2,6,10,5,2,1,1,2,12,0
44,8,6,15,7,0,1,1,0,0,1,8,7,0,0,2,3,70,2,10,4,6,10,5,7,12,9,3,1,1,2,11,0
33,6,5,14,8,0,1,1,0,0,0,10,5,0,0,2,3,70,1,9,3,6,9,6,6,14,10,4,0,1,1,10,45
-6,6,5,28,7,0,1,1,0,0,0,9,6,0,0,2,3,70,1,9,3,6,9,5,5,13,9,3,0,0,3,12,45
2,6,5,20,6,0,1,1,1,0,0,7,8,0,0,2,3,70,2,8,2,5,8,4,4,12,8,2,0,0,2,11,45
-16,6,5,16,6,0,1,0,1,0,0,0,15,0,0,2,3,70,2,8,3,5,8,3,4,11,7,2,0,0,2,11,15
-23,4,3,18,6,0,1,0,2,0,0,13,2,0,0,2,3,70,2,6,3,4,6,2,5,13,8,3,0,0,2,11,30
-5,4,3,16,5,0,1,0,2,0,0,12,3,0,0,2,3,70,2,6,3,4,6,1,4,12,7,3,0,0,2,11,15
29,1,1,12,7,0,0,0,3,0,0,0,15,0,0,2,3,70,1,3,3,3,3,5,8,14,10,4,0,0,1,10,30
55,1,1,12,6,0,0,0,3,0,0,14,1,0,0,2,3,70,0,3,3,3,3,4,7,13,10,5,0,0,1,10,30
22,1,1,6,7,0,0,0,2,0,0,0,15,0,0,2,3,70,1,2,2,2,2,6,9,12,9,5,0,0,2,9,45
26,1,1,10,7,0,0,0,2,0,0,10,5,0,0,2,3,70,2,1,1,1,1,5,8,11,8,5,0,0,2,10,15
28,1,1,4,6,0,0,0,2,0,0,6,9,0,0,2,3,70,2,1,1,1,1,4,7,10,7,4,0,0,2,9,30
-6,0,0,6,7,0,0,0,1,0,0,0,7,0,0,2,3,70,0,0,0,0,0,5,8,9,9,6,0,0,2,9,45
25,0,0,8,6,0,0,0,1,0,0,0,9,0,0,2,3,70,0,0,0,0,0,4,7,8,8,5,0,0,2,10,0
32,0,0,10,5,0,0,0,1,0,0,0,10,0,0,2,3,70,0,0,0,0,0,3,6,7,7,5,0,0,2,10,15
-11,0,0,2,4,0,0,0,1,0,0,0,33,0,0,2,3,70,0,0,0,0,0,5,6,6,6,4,0,0,2,9,15
-31,0,0,8,3,0,0,0,1,0,0,0,35,0,0,2,3,70,0,0,0,0,0,4,5,5,5,4,0,0,2,10,0
16,0,0,4,2,0,0,0,1,0,0,0,44,0,0,2,3,70,0,0,0,0,0,3,4,4,4,3,0,0,2,9,30
-7,0,0,0,1,0,0,0,1,0,0,0,55,0,1,2,3,70,0,0,0,0,0,3,3,3,3,3,0,0,2,9,0
2,0,0,0,0,0,0,0,1,0,0,0,63,0,1,2,3,70,0,0,0,0,0,2,2,2,2,2,0,0,2,9,0
70,0,0,2,0,0,0,0,0,0,0,0,79,0,0,2,3,70,0,0,0,0,0,1,1,1,1,1,0,0,2,9,15
94,34,6,46,1,0,2,0,1,0,0,14,1,0,0,6,3,67,2,52,4,7,13,1,4,10,3,2,4,1,3,16,30
32,32,7,53,2,0,1,3,1,0,0,14,1,0,0,6,3,67,3,48,3,5,10,3,3,11,5,1,4,0,2,17,15
-2,31,6,55,1,0,1,3,1,0,0,9,6,0,0,6,3,67,2,48,3,5,11,2,4,10,5,2,4,0,1,17,30
42,28,4,48,3,0,1,3,0,0,0,3,12,0,0,6,3,67,1,46,3,6,11,1,6,12,7,5,4,2,2,16,45
12,25,4,44,4,0,1,4,0,0,0,12,3,0,0,6,3,67,0,43,4,5,10,6,8,12,10,8,4,2,2,16,15
-40,25,4,51,3,0,1,4,0,0,0,10,5,0,0,6,3,67,0,43,4,6,10,5,7,11,9,7,4,2,2,17,0
5,24,3,57,4,0,1,4,0,0,0,1,14,1,0,6,3,67,1,41,3,5,8,4,7,12,9,6,3,2,2,17,45
26,24,4,46,3,0,1,4,1,0,0,7,8,0,0,6,3,67,2,40,2,5,9,5,8,13,8,5,2,2,3,16,30
13,24,4,51,3,0,1,3,1,0,0,4,11,0,0,6,3,67,2,40,2,5,9,4,7,12,7,4,2,1,2,17,0
20,24,4,48,4,0,1,2,1,0,0,1,14,0,0,6,3,67,3,39,1,4,8,3,6,12,6,3,2,1,2,16,45
82,22,3,40,5,0,1,1,1,0,0,14,1,0,0,6,3,67,2,38,2,4,8,4,5,12,7,2,2,1,2,15,30
17,22,3,41,5,0,0,1,1,0,0,7,8,0,0,6,3,67,2,38,3,4,8,4,5,11,6,1,2,2,1,15,45
18,21,2,44,5,0,0,1,1,0,0,8,7,0,0,6,3,67,1,37,3,4,7,3,4,12,7,1,2,2,2,16,15
36,21,2,43,6,0,0,0,1,0,0,0,15,0,0,6,3,67,2,36,2,3,8,2,6,11,6,0,2,2,2,16,0
4,21,2,55,5,0,0,0,1,0,0,13,2,0,0,6,3,67,2,36,2,4,8,1,5,10,5,0,1,2,1,17,30
90,19,3,33,6,0,0,1,0,0,0,10,5,0,0,6,3,67,0,34,3,4,10,5,7,11,8,1,0,1,1,14,15
-5,19,3,37,6,0,0,1,0,0,0,38,7,0,0,6,3,67,1,33,3,3,12,6,8,13,7,1,0,0,1,15,0
43,19,3,37,5,0,0,1,0,0,0,36,9,0,0,6,3,67,1,33,3,4,12,5,7,12,6,1,0,0,1,15,0
-32,19,3,41,4,0,0,1,0,0,0,31,14,0,0,6,3,67,1,33,3,5,12,4,6,11,5,1,0,0,1,15,45
6,19,4,35,5,0,0,1,0,0,0,27,18,0,0,6,3,67,3,31,1,3,12,3,5,10,4,1,0,0,1,14,30
6,18,3,39,4,0,0,1,0,0,0,17,28,0,0,6,3,67,2,31,1,4,13,3,4,11,4,1,0,0,1,15,15
11,18,3,36,4,0,0,1,0,0,0,12,33,0,0,6,3,67,2,30,0,4,13,3,5,11,4,1,0,0,2,14,45
24,16,4,32,3,0,0,1,0,0,0,7,8,0,0,6,3,67,0,30,2,6,17,2,5,13,5,2,0,0,2,13,30
19,16,4,31,2,0,0,1,0,0,0,0,15,0,0,6,3,67,0,30,4,8,17,3,6,12,4,2,0,0,1,13,15
80,15,3,24,4,0,1,1,0,0,0,1,14,0,0,6,3,67,2,26,3,9,16,5,7,15,5,2,0,0,2,12,15
-159,15,3,53,4,0,1,0,0,0,0,0,15,0,0,6,3,67,2,26,4,9,16,4,6,14,4,1,0,0,2,17,15
26,13,2,22,5,0,1,0,0,0,0,8,7,0,0,6,3,67,1,24,5,10,16,4,9,16,6,2,0,0,2,12,0
14,12,2,28,4,0,1,1,0,0,0,5,10,0,0,6,3,67,1,23,4,10,16,4,8,15,6,2,0,0,1,12,45
-13,12,2,30,3,0,1,1,0,0,0,3,12,0,0,6,3,67,1,23,5,10,16,3,7,14,5,2,0,0,1,13,0
-26,12,5,26,6,0,1,1,0,0,0,10,5,0,0,6,3,67,2,19,5,7,13,5,7,14,7,4,0,0,2,12,30
-33,12,5,26,5,0,1,1,0,0,0,5,10,0,0,6,3,67,2,19,6,8,13,5,7,14,6,3,0,0,2,12,30
-1,12,6,24,6,0,2,0,0,0,0,0,15,0,0,6,3,67,4,17,4,7,12,4,8,14,5,2,0,0,2,12,15
44,11,5,20,6,0,1,0,0,0,0,8,7,0,0,6,3,67,2,17,5,7,13,4,9,15,6,3,0,0,2,11,45
52,11,6,18,6,0,1,1,0,0,0,13,2,0,0,6,3,67,3,15,3,7,13,3,9,17,6,2,0,0,2,11,30
-19,11,6,22,6,0,1,1,0,0,0,10,5,0,0,6,3,67,3,14,2,6,12,2,8,16,6,3,0,0,2,12,0
-17,9,5,20,6,0,1,2,0,0,0,10,5,0,0,6,3,67,3,12,2,5,12,6,8,17,7,3,0,0,2,11,45
5,7,4,16,6,0,0,2,0,0,0,6,9,0,0,6,3,67,1,12,5,6,12,6,8,17,8,3,0,0,2,11,15
-1,6,3,18,7,0,0,2,0,0,0,4,11,0,0,6,3,67,2,10,3,4,10,5,8,16,8,4,0,0,2,11,30
26,6,3,16,6,0,0,2,0,0,0,2,13,0,0,6,3,67,2,10,3,4,10,5,7,15,7,4,0,0,2,11,15
-1,6,3,28,5,0,0,2,0,0,0,14,1,0,0,6,3,67,2,10,3,5,10,4,6,14,6,4,0,0,1,12,45
-32,6,3,33,4,0,0,2,0,0,0,14,1,0,0,6,3,67,2,10,3,5,10,3,5,13,5,3,0,0,1,14,15
6,5,3,14,3,0,2,2,0,0,0,0,15,0,0,6,3,67,2,8,2,6,8,2,9,13,6,5,0,0,2,11,0
15,4,3,14,3,0,2,2,0,0,0,2,13,0,0,6,3,67,1,7,1,7,7,3,9,12,7,5,0,0,2,11,0
80,3,3,0,3,0,1,3,0,0,0,9,6,0,1,6,3,67,1,6,4,6,6,7,10,14,7,4,0,0,2,9,0
-1,3,3,10,3,0,0,3,0,0,0,5,10,0,0,6,3,67,1,6,4,6,6,7,9,13,6,3,0,0,2,10,30
12,3,3,12,4,0,0,2,0,0,0,13,2,0,0,6,3,67,1,5,5,5,5,6,8,12,6,4,0,0,2,10,45
-28,2,2,9,4,0,0,2,0,0,0,9,6,0,0,6,3,67,1,4,4,4,4,6,7,11,6,4,0,0,2,10,15
65,2,2,4,3,0,0,2,0,0,0,8,7,0,0,6,3,67,1,4,4,4,4,5,6,10,5,3,0,0,2,9,30
-2,2,2,12,2,0,0,2,0,0,0,7,8,0,0,6,3,67,1,4,4,4,4,4,5,9,4,2,0,0,2,10,45
20,2,2,10,3,0,0,2,0,0,0,4,11,0,0,6,3,67,2,2,2,2,2,4,4,8,4,2,0,0,2,10,30
12,2,2,4,2,0,0,2,0,0,0,6,9,0,0,6,3,67,2,2,2,2,2,3,4,7,3,1,0,0,2,9,30
-27,1,1,6,4,0,0,1,0,0,0,13,2,0,0,6,3,67,2,0,0,0,0,2,3,6,4,2,0,0,1,9,45
3,0,0,8,3,0,0,1,0,0,0,6,9,0,0,6,3,67,1,0,0,0,0,1,3,5,4,2,0,0,1,10,0
5,0,0,2,2,0,0,1,0,0,0,0,27,0,0,6,3,67,0,0,0,0,0,3,4,4,4,3,0,0,2,9,15
-13,0,0,2,1,0,0,1,0,0,0,0,50,0,0,6,3,67,0,0,0,0,0,3,3,3,3,2,0,0,2,9,15
-9,0,0,6,1,0,0,0,0,0,0,0,57,0,0,6,3,67,0,0,0,0,0,2,2,2,2,1,0,0,1,9,45
9,0,0,0,0,0,0,0,0,0,0,0,58,0,1,6,3,67,0,0,0,0,0,1,1,1,1,0,0,0,2,9,0
-38,41,3,50,1,0,0,0,0,0,0,52,38,1,0,5,3,66,1,49,2,5,15,1,1,1,1,0,5,0,2,19,0
-6,29,5,48,11,0,1,2,1,0,0,12,3,0,0,5,3,66,2,34,4,6,9,5,12,21,14,8,5,3,1,17,15
16,29,5,47,10,0,1,2,1,0,0,9,6,0,0,5,3,66,2,34,4,6,10,5,12,21,13,7,5,3,1,17,0
37,29,5,49,10,0,1,2,1,0,0,5,10,0,0,5,3,66,3,33,4,5,9,5,12,20,12,7,5,3,1,17,30
45,28,4,39,10,0,1,1,1,0,0,12,3,0,0,5,3,66,2,33,4,6,10,6,12,19,12,7,5,4,2,16,0
58,28,4,45,10,0,1,1,1,0,0,4,11,0,0,5,3,66,2,32,4,6,11,6,12,18,12,8,5,4,1,16,45
106,25,1,36,10,0,1,2,1,0,0,9,6,0,0,5,3,66,1,30,2,4,9,8,13,18,14,9,4,4,3,15,45
24,25,1,42,10,0,1,2,1,0,0,8,7,0,0,5,3,66,2,29,1,3,9,8,12,17,13,8,4,3,1,16,15
-8,25,1,45,10,0,0,2,1,0,0,4,11,0,0,5,3,66,2,29,1,3,9,7,11,16,12,8,3,3,1,16,45
50,25,1,44,9,0,0,2,1,0,0,1,14,0,0,5,3,66,2,29,2,3,10,6,10,16,11,7,2,2,2,16,30
46,24,0,32,8,0,0,2,1,0,0,7,8,0,0,5,3,66,1,29,3,4,10,6,12,15,11,6,2,2,2,15,15
89,24,0,34,8,0,0,3,0,0,0,1,14,0,0,5,3,66,2,28,2,3,10,6,11,14,10,5,2,2,3,15,30
159,24,0,24,7,0,0,3,0,0,0,14,1,0,0,5,3,66,1,28,2,3,10,6,10,13,10,5,2,2,1,13,0
48,24,0,30,6,0,0,3,0,0,0,10,5,0,0,5,3,66,0,28,2,3,11,6,10,12,10,4,2,2,2,15,0
59,24,0,39,5,0,0,3,0,0,0,9,6,0,0,5,3,66,0,28,2,4,12,5,9,11,9,4,2,2,2,16,0
-45,24,0,39,6,0,0,2,0,0,0,13,2,0,0,5,3,66,1,27,2,4,11,6,8,10,8,3,1,2,2,16,0
119,24,2,28,6,0,0,2,0,0,0,5,10,0,0,5,3,66,2,26,1,5,11,6,7,9,7,3,1,1,2,14,45
41,24,2,36,5,0,0,2,0,0,0,0,15,0,0,5,3,66,2,26,1,5,12,5,7,8,6,3,1,1,3,15,45
43,24,2,34,5,0,0,1,0,0,0,29,1,0,0,5,3,66,1,26,1,5,12,4,6,7,6,2,1,1,3,15,30
-31,24,4,32,4,0,0,1,0,0,0,16,14,0,0,5,3,66,0,26,3,7,14,4,6,9,6,2,0,1,2,15,15
-17,24,4,30,4,0,0,1,0,0,0,14,16,0,0,5,3,66,1,25,2,6,13,3,5,8,5,2,0,0,2,15,0
70,24,5,27,3,0,0,1,0,0,0,10,20,0,0,5,3,66,1,25,2,6,14,2,4,7,4,1,0,0,2,14,15
-18,24,6,42,2,0,0,1,0,0,0,56,4,0,0,5,3,66,1,25,4,8,15,2,3,7,3,1,0,0,1,16,15
-34,22,7,36,5,0,0,0,1,0,0,31,29,0,0,5,3,66,3,21,3,7,13,2,2,8,4,0,0,0,3,15,45
54,20,6,28,6,0,0,0,1,0,0,16,44,0,0,5,3,66,3,19,3,7,13,1,4,7,5,1,0,0,2,14,45
37,15,6,26,9,0,0,1,1,0,0,10,5,0,0,5,3,66,3,14,4,6,11,4,6,16,9,5,0,0,1,13,15
40,14,6,24,8,0,0,1,1,0,0,4,11,0,0,5,3,66,2,14,4,8,12,3,5,16,9,5,0,0,1,13,0
80,14,6,20,8,0,0,1,1,0,0,3,12,0,0,5,3,66,3,13,3,7,11,2,4,15,8,5,0,0,2,12,30
68,11,5,20,10,0,0,1,1,0,0,1,14,0,0,5,3,66,3,10,2,6,10,3,5,16,10,7,0,0,2,12,30
10,9,5,18,9,0,1,1,1,0,1,7,8,0,0,5,3,66,3,8,3,5,8,3,9,15,11,7,0,0,2,12,15
86,9,5,16,8,0,1,1,1,0,1,6,9,0,0,5,3,66,2,8,3,5,8,3,8,14,11,7,0,0,2,12,0
-54,7,6,22,11,0,1,1,1,0,0,9,6,0,0,5,3,66,2,5,2,5,5,7,12,18,13,7,0,0,2,12,45
35,6,5,18,11,0,1,1,0,0,0,6,9,0,0,5,3,66,1,5,2,5,5,6,11,17,13,6,0,0,2,12,15
-9,5,5,14,11,0,1,1,0,0,0,14,1,0,0,5,3,66,1,4,1,4,4,8,11,16,13,5,0,0,2,11,45
84,4,4,14,10,0,1,2,0,0,0,5,10,0,0,5,3,66,1,3,1,3,3,8,10,16,13,4,0,0,2,11,45
34,4,4,22,9,0,1,2,0,0,0,0,15,0,0,5,3,66,1,3,1,3,3,7,9,15,12,3,0,0,2,12,45
86,4,4,12,8,0,1,2,0,0,0,14,1,0,0,5,3,66,1,3,2,3,3,7,8,14,11,3,0,0,2,11,30
59,4,4,5,7,0,1,2,0,0,0,12,3,0,0,5,3,66,1,3,2,3,3,6,7,13,10,2,0,0,1,10,30
30,4,4,16,7,0,1,1,0,0,0,2,13,0,0,5,3,66,1,3,3,3,3,6,6,13,9,2,0,0,2,12,0
64,4,4,12,6,0,1,1,0,0,0,0,15,0,0,5,3,66,1,3,3,3,3,5,6,12,8,1,0,0,2,11,30
63,4,4,10,5,0,1,1,0,0,0,14,1,0,0,5,3,66,1,3,3,3,3,4,5,11,7,1,0,0,2,11,15
67,3,3,8,4,0,1,1,0,0,0,10,5,0,0,5,3,66,0,3,3,3,3,3,6,10,7,2,0,0,2,11,0
90,2,2,5,4,0,1,1,0,0,0,14,1,0,0,5,3,66,0,2,2,2,2,2,5,9,7,1,0,0,1,10,30
52,0,0,7,6,0,0,1,0,0,0,3,12,0,0,5,3,66,0,0,0,0,0,1,6,8,8,2,0,0,2,10,45
75,0,0,1,5,0,0,1,0,0,0,1,14,0,0,5,3,66,0,0,0,0,0,5,7,7,7,2,0,0,2,10,0
19,0,0,1,4,0,0,1,0,0,0,0,1,0,0,5,3,66,0,0,0,0,0,4,6,6,6,2,0,0,2,10,0
8,0,0,10,3,0,0,1,0,0,0,0,5,0,0,5,3,66,0,0,0,0,0,3,5,5,5,1,0,0,2,11,15
29,0,0,3,3,0,0,0,0,0,0,0,17,0,0,5,3,66,0,0,0,0,0,3,4,4,4,1,0,0,2,10,15
11,0,0,3,2,0,0,0,0,0,0,0,18,0,0,5,3,66,0,0,0,0,0,2,3,3,3,0,0,0,2,10,15
44,0,0,0,1,0,0,0,0,0,0,0,40,0,1,5,3,66,0,0,0,0,0,2,2,2,2,0,0,0,2,9,45
12,0,0,8,0,0,0,0,0,0,0,0,52,0,0,5,3,66,0,0,0,0,0,1,1,1,1,0,0,0,2,11,0
-13,27,2,50,1,0,0,0,0,0,1,14,16,1,0,4,3,65,1,49,3,5,13,2,3,5,2,0,4,1,1,17,30
25,27,3,50,0,0,0,0,0,0,1,3,27,1,0,4,3,65,1,49,4,7,13,1,2,5,1,0,3,1,1,17,30
3,25,3,48,1,0,0,3,0,0,1,12,3,0,0,4,3,65,4,44,3,5,12,2,2,9,2,1,3,0,2,17,0
-40,24,3,48,3,0,0,2,0,0,1,3,12,0,0,4,3,65,4,42,3,7,11,1,3,11,3,2,3,0,2,17,0
-5,21,2,42,4,0,1,4,0,0,1,1,14,0,0,4,3,65,4,37,5,5,11,5,8,17,7,6,3,1,2,16,0
17,21,2,44,5,0,1,3,0,0,1,5,10,0,0,4,3,65,3,36,4,5,11,5,9,16,8,6,3,1,1,16,15
5,21,2,42,4,0,2,3,0,0,1,0,15,0,0,4,3,65,4,35,3,4,12,5,9,15,7,5,2,1,2,16,0
21,21,2,36,4,0,1,3,0,0,1,0,15,0,0,4,3,65,4,35,3,4,12,4,9,14,6,4,2,0,1,15,0
-49,20,1,47,4,0,1,3,0,0,1,7,8,0,0,4,3,65,4,34,2,4,12,3,10,14,6,5,2,0,2,16,45
-33,19,0,40,4,0,2,3,0,0,1,6,9,0,0,4,3,65,4,32,1,4,10,5,11,14,7,6,2,1,2,15,45
42,19,0,34,4,0,2,2,0,0,1,3,12,0,0,4,3,65,4,32,1,4,10,4,10,15,6,6,2,1,2,14,45
-8,19,2,32,4,0,1,2,0,0,1,4,11,0,0,4,3,65,1,32,2,5,12,7,10,15,8,6,2,1,2,14,30
-33,19,2,40,4,0,1,1,0,0,1,44,1,0,0,4,3,65,1,32,3,6,12,7,9,14,7,6,2,1,2,15,45
39,19,3,31,4,0,1,1,0,0,1,37,8,0,0,4,3,65,1,31,3,6,13,7,8,13,7,5,2,1,2,14,15
-10,19,3,36,4,0,0,1,0,0,1,32,13,0,0,4,3,65,1,31,3,8,14,7,7,12,6,4,2,1,1,15,0
-105,19,4,44,4,0,0,0,0,0,1,30,15,0,0,4,3,65,1,31,3,8,14,6,6,11,5,3,2,1,1,16,15
24,19,4,38,3,0,0,0,0,0,1,30,15,0,0,4,3,65,1,30,3,8,14,5,5,10,4,2,2,1,1,15,15
88,19,4,29,2,0,0,0,0,0,2,23,22,0,0,4,3,65,0,30,3,8,14,4,5,10,5,1,2,1,1,13,15
-136,19,5,46,2,0,0,0,0,0,1,19,26,0,0,4,3,65,0,30,4,8,15,3,4,9,4,0,1,1,1,16,30
-50,19,5,34,2,0,0,0,1,0,0,14,31,0,0,4,3,65,1,29,3,7,14,2,3,8,3,0,1,0,2,14,45
-33,19,6,32,2,0,0,0,1,0,0,3,42,0,0,4,3,65,2,28,5,6,15,1,5,9,2,0,1,1,2,14,30
2,15,5,30,7,0,1,0,0,0,0,9,6,0,0,4,3,65,4,22,2,6,11,5,6,13,5,1,1,1,1,13,30
-62,14,4,39,6,0,1,0,0,0,0,11,4,0,0,4,3,65,2,22,3,7,11,4,5,12,6,3,0,1,2,15,30
44,14,6,23,5,0,1,0,0,0,0,5,10,0,0,4,3,65,2,22,4,8,13,3,6,12,5,3,0,0,2,12,30
23,13,5,27,4,0,1,0,0,0,0,4,11,0,0,4,3,65,1,22,5,9,13,2,5,12,5,3,0,0,1,13,0
5,12,4,25,4,0,0,1,0,0,0,11,4,0,0,4,3,65,1,21,5,9,13,2,4,13,5,4,0,0,2,12,45
4,10,3,23,5,0,0,2,1,0,0,14,1,0,0,4,3,65,2,17,4,6,13,3,8,13,7,4,0,0,2,12,30
-6,8,2,18,6,0,0,2,1,0,1,8,7,0,0,4,3,65,1,14,2,4,13,5,7,15,10,5,0,0,3,12,0
-2,8,2,25,5,0,0,2,1,0,1,8,7,0,0,4,3,65,1,14,2,4,13,4,6,14,9,5,0,0,2,12,45
1,8,3,27,5,0,0,2,2,0,1,7,8,0,0,4,3,65,3,12,1,4,12,5,9,15,8,4,0,0,1,13,0
-9,7,2,20,4,0,0,2,2,0,1,1,14,0,0,4,3,65,2,12,1,5,12,4,8,14,8,3,0,0,2,12,15
-6,7,3,18,4,0,0,2,1,0,1,10,5,0,0,4,3,65,1,12,1,6,12,3,8,15,8,2,0,0,3,12,0
30,7,3,16,4,0,0,1,1,0,1,2,13,0,0,4,3,65,1,12,3,7,12,4,7,14,7,2,0,0,2,11,45
15,7,3,20,3,0,0,1,1,0,1,14,1,0,0,4,3,65,1,12,3,8,12,4,6,14,6,2,0,0,2,12,15
54,6,4,10,4,0,0,2,1,0,1,6,9,0,0,4,3,65,3,9,4,8,9,5,8,16,6,2,0,0,1,10,45
36,6,4,14,4,0,0,1,1,0,1,4,11,0,0,4,3,65,3,9,4,9,9,4,7,15,5,1,0,0,2,11,30
16,6,4,12,4,0,0,1,0,0,1,0,15,0,0,4,3,65,3,9,4,9,9,3,6,15,4,1,0,0,1,11,0
26,6,4,13,4,0,0,1,0,0,1,11,4,0,0,4,3,65,3,8,5,8,8,2,5,15,4,2,0,0,2,11,15
-15,4,4,14,4,0,0,1,0,0,2,11,4,0,0,4,3,65,2,6,4,6,6,4,7,14,6,2,0,0,2,11,30
-32,3,3,10,7,0,0,1,0,0,1,9,6,0,0,4,3,65,3,3,3,3,3,3,9,13,7,3,0,0,1,10,45
-2,2,2,9,6,0,0,1,0,0,1,4,11,0,0,4,3,65,2,3,3,3,3,4,8,12,7,4,0,0,2,10,30
28,2,2,7,6,0,0,1,0,0,1,13,2,0,0,4,3,65,1,2,2,2,2,4,8,11,8,4,0,0,1,10,15
-14,2,2,6,6,0,0,1,0,0,2,9,6,0,0,4,3,65,2,0,0,0,0,6,10,10,8,3,0,0,2,10,0
19,2,2,3,5,0,0,1,0,0,2,7,8,0,0,4,3,65,2,0,0,0,0,5,9,9,7,3,0,0,2,9,30
22,0,0,0,5,0,0,1,0,0,1,14,1,0,1,4,3,65,0,0,0,0,0,5,8,8,8,3,0,0,2,9,0
44,0,0,1,4,0,0,1,0,0,1,10,5,0,0,4,3,65,0,0,0,0,0,5,7,7,7,3,0,0,1,9,15
26,0,0,4,3,0,0,1,0,0,1,1,14,0,0,4,3,65,0,0,0,0,0,5,6,6,6,2,0,0,1,9,45
-134,0,0,20,2,0,0,1,0,0,1,0,4,0,0,4,3,65,0,0,0,0,0,5,5,5,5,2,0,0,2,12,15
-2,0,0,4,1,0,0,1,0,0,1,0,11,0,0,4,3,65,0,0,0,0,0,4,4,4,4,2,0,0,1,9,45
5,0,0,1,0,0,0,1,0,0,1,0,19,0,0,4,3,65,0,0,0,0,0,3,3,3,3,1,0,0,1,9,15
-126,0,0,16,0,0,0,1,0,0,0,0,26,0,0,4,3,65,0,0,0,0,0,2,2,2,2,0,0,0,2,11,45
7,0,0,7,0,0,0,0,0,0,0,0,33,0,0,4,3,65,0,0,0,0,0,1,1,1,1,0,0,0,1,10,15
55,30,1,51,0,0,0,0,1,0,0,0,15,0,0,3,3,64,1,57,4,7,16,2,5,9,1,1,5,1,2,16,45
-2,30,2,55,0,0,0,1,0,0,1,14,1,0,0,3,3,64,2,55,3,7,17,2,4,11,1,1,5,1,2,17,15
-11,30,3,53,1,0,1,2,0,0,0,0,15,0,0,3,3,64,2,52,4,11,16,3,7,13,3,3,5,2,2,17,0
-31,30,4,57,1,0,1,1,0,0,0,12,3,1,0,3,3,64,2,52,4,11,16,2,6,13,2,2,4,2,1,17,30
-13,30,4,51,2,0,0,1,0,0,0,5,10,0,0,3,3,64,2,51,5,10,16,2,5,12,2,1,4,1,2,16,45
2,27,3,47,2,0,0,3,0,0,0,10,5,0,0,3,3,64,0,48,7,10,17,4,7,12,6,1,4,2,2,16,15
8,27,3,45,2,0,1,3,0,0,0,1,14,0,0,3,3,64,1,46,5,9,15,3,6,12,6,1,4,2,2,16,0
-19,27,3,49,1,0,1,3,0,0,0,1,14,0,0,3,3,64,1,46,5,9,15,2,5,11,5,0,4,2,2,16,30
-88,27,3,55,1,0,1,3,0,0,0,9,6,0,0,3,3,64,2,45,5,8,15,2,5,10,4,0,3,2,2,17,15
13,25,2,38,3,0,0,5,0,0,1,13,2,0,0,3,3,64,3,40,3,7,12,3,8,12,7,2,2,2,2,15,15
26,25,2,41,3,0,0,4,0,0,1,7,8,0,0,3,3,64,3,40,4,7,12,3,7,11,6,2,2,1,2,15,30
-35,25,3,53,4,0,0,4,0,0,1,4,11,0,0,3,3,64,5,38,2,6,10,3,6,10,5,2,2,1,2,17,0
17,24,3,34,4,0,0,4,0,0,1,10,5,0,0,3,3,64,3,37,4,7,12,5,6,13,7,4,2,1,2,14,45
-62,24,3,47,5,0,0,4,0,0,0,6,9,0,0,3,3,64,4,36,3,6,11,4,5,13,6,3,2,1,2,16,15
18,24,3,36,5,0,0,3,0,0,0,2,13,0,0,3,3,64,3,36,5,6,12,3,5,13,6,3,2,1,3,15,0
-3,24,3,41,4,0,0,3,0,0,0,14,1,0,0,3,3,64,3,36,5,6,12,2,4,12,5,2,2,1,2,15,30
-94,23,3,57,7,0,0,2,0,0,0,43,2,1,0,3,3,64,3,33,2,5,11,2,5,11,7,2,1,1,1,17,30
1,21,3,32,8,0,0,2,0,0,0,17,28,0,0,3,3,64,2,31,3,5,14,4,7,15,9,2,1,0,1,14,15
-42,21,5,38,7,0,0,2,1,0,0,3,42,0,0,3,3,64,3,30,2,6,15,3,9,14,8,2,1,0,2,15,15
-64,20,5,43,6,0,0,2,1,0,0,11,4,0,0,3,3,64,1,30,3,6,16,5,8,16,9,2,1,0,2,15,45
-27,20,5,38,6,0,0,1,1,0,0,11,4,0,0,3,3,64,1,30,3,6,16,4,7,15,8,1,1,0,2,15,15
-43,18,4,36,5,0,1,3,1,0,0,0,15,0,0,3,3,64,2,27,3,8,15,6,8,21,9,3,1,0,3,15,0
-20,18,4,34,4,0,1,3,1,0,0,11,4,0,0,3,3,64,2,27,3,9,16,5,7,20,8,3,1,0,2,14,45
-26,18,4,33,3,0,1,3,1,0,0,11,4,0,0,3,3,64,2,27,3,9,16,4,6,19,7,2,1,0,2,14,30
55,17,6,28,3,0,1,3,1,0,1,26,4,0,0,3,3,64,2,25,4,9,17,3,8,19,8,2,1,0,1,13,0
35,17,6,31,2,0,1,3,1,0,1,24,6,0,0,3,3,64,2,25,4,9,18,2,7,19,7,2,1,0,1,13,30
-138,17,7,43,1,0,1,3,1,0,1,19,11,0,0,3,3,64,2,25,5,9,18,3,6,18,6,2,1,0,2,15,45
1,14,6,28,2,0,2,4,1,0,1,7,8,0,0,3,3,64,2,21,5,8,17,5,14,20,9,3,1,0,1,13,0
44,14,6,26,2,0,2,4,0,0,1,6,9,0,0,3,3,64,2,21,5,9,17,4,13,19,8,2,1,0,2,12,45
119,13,6,12,4,0,2,4,0,0,1,4,11,0,0,3,3,64,2,18,4,8,16,8,13,18,10,3,1,1,2,10,45
63,13,6,22,4,0,2,4,0,0,1,2,13,0,0,3,3,64,3,17,3,7,16,8,12,18,9,3,1,1,2,12,0
19,13,6,24,3,0,2,4,0,0,1,2,13,0,0,3,3,64,3,17,3,7,16,7,11,17,8,2,1,1,2,12,15
-272,10,4,49,3,0,2,4,1,0,1,3,12,0,0,3,3,64,2,15,3,9,14,9,12,18,10,3,1,1,2,16,30
26,10,4,18,2,0,2,4,2,0,1,13,2,0,0,3,3,64,2,14,2,8,14,9,11,17,10,3,1,1,2,11,30
-7,10,5,24,1,0,2,4,2,0,1,12,3,0,0,3,3,64,2,14,3,8,14,8,10,16,9,3,1,1,2,12,15
-1,10,5,26,1,0,1,4,2,0,1,9,6,0,0,3,3,64,2,14,3,8,14,7,9,15,8,3,1,1,2,12,45
1,10,5,20,1,0,1,4,2,0,0,6,9,0,0,3,3,64,2,14,4,8,14,6,9,14,7,3,1,1,2,11,45
42,10,6,20,1,0,1,3,2,0,0,3,12,0,0,3,3,64,2,14,4,10,14,5,9,13,6,3,1,1,2,11,45
20,10,7,16,1,0,0,3,2,0,0,1,14,0,0,3,3,64,2,14,5,10,14,4,8,14,5,3,1,1,2,11,15
14,10,7,18,0,0,0,3,2,0,0,11,4,0,0,3,3,64,2,14,6,10,14,4,8,14,4,3,1,1,2,11,30
107,9,6,10,0,0,0,2,2,0,0,8,7,0,0,3,3,64,1,14,7,10,14,4,7,13,4,2,1,1,2,10,30
-71,8,7,30,2,0,0,1,2,0,0,1,14,0,0,3,3,64,2,12,6,10,12,3,6,13,4,2,0,1,1,13,15
-30,7,6,22,4,0,2,0,2,0,0,14,1,0,0,3,3,64,3,8,4,7,8,5,8,14,6,3,0,0,2,12,0
7,6,5,14,4,0,3,0,1,0,0,10,5,0,0,3,3,64,3,7,3,6,7,4,7,13,6,2,0,0,2,11,0
-4,5,5,14,4,0,3,0,1,0,0,8,7,0,0,3,3,64,2,6,4,6,6,3,6,14,7,1,0,0,2,11,0
-31,5,5,16,3,0,3,0,1,0,0,6,9,0,0,3,3,64,2,6,4,6,6,2,5,13,6,1,0,0,2,11,15
100,3,3,2,4,0,3,0,1,0,0,0,15,0,0,3,3,64,2,4,3,4,4,4,6,13,7,1,0,0,2,9,30
8,1,1,12,6,0,3,0,1,0,0,2,13,0,0,3,3,64,2,1,1,1,1,3,9,12,9,3,0,0,2,10,45
-325,1,1,45,5,0,3,0,1,0,0,1,14,0,0,3,3,64,2,1,1,1,1,4,8,11,8,2,0,0,2,16,0
13,1,1,10,5,0,2,0,1,0,0,0,15,0,0,3,3,64,2,1,1,1,1,3,7,10,7,2,0,0,2,10,30
43,0,0,4,5,0,1,1,1,0,0,2,13,0,0,3,3,64,1,0,0,0,0,6,9,9,8,2,0,0,2,9,45
20,0,0,6,5,0,0,1,1,0,0,1,14,0,0,3,3,64,1,0,0,0,0,5,8,8,7,2,0,0,2,10,0
3,0,0,8,4,0,0,1,1,0,0,13,2,0,0,3,3,64,1,0,0,0,0,4,7,7,6,2,0,0,2,10,15
48,0,0,1,4,0,0,1,0,0,0,4,11,0,0,3,3,64,0,0,0,0,0,4,6,6,6,3,0,0,2,9,15
-17,0,0,8,3,0,0,1,0,0,0,0,15,0,0,3,3,64,0,0,0,0,0,4,5,5,5,2,0,0,2,10,15
6,0,0,6,2,0,0,1,0,0,0,0,1,0,0,3,3,64,0,0,0,0,0,3,4,4,4,1,0,0,2,10,0
-1,0,0,4,1,0,0,1,0,0,0,0,23,0,0,3,3,64,0,0,0,0,0,3,3,3,3,1,0,0,2,9,45
29,0,0,0,0,0,0,1,0,0,0,0,30,0,1,3,3,64,0,0,0,0,0,2,2,2,2,1,0,0,1,9,0
-23,0,0,2,0,0,0,0,0,0,0,0,42,0,0,3,3,64,0,0,0,0,0,1,1,1,1,1,0,0,2,9,30
-1,14,3,38,1,0,1,1,1,0,0,2,28,1,0,2,3,63,2,34,2,5,10,1,3,11,3,1,5,1,1,17,30
59,12,2,31,2,0,2,2,1,0,0,11,4,0,0,2,3,63,2,30,4,5,8,6,10,13,6,2,5,2,2,16,15
-13,12,2,37,2,0,2,1,1,0,0,10,5,0,0,2,3,63,2,30,4,5,8,5,9,12,5,2,5,2,1,17,15
64,11,1,27,2,0,1,2,1,0,0,1,14,0,0,2,3,63,2,29,4,5,8,6,8,11,5,3,4,2,1,15,30
-19,11,1,30,4,0,1,2,1,0,0,0,15,0,0,2,3,63,3,26,1,2,7,7,7,11,6,3,4,1,2,16,0
-33,11,1,33,4,0,1,1,1,0,0,13,2,0,0,2,3,63,2,26,1,2,7,6,6,10,6,4,4,1,2,16,30
10,11,1,33,3,0,1,1,1,0,0,13,2,0,0,2,3,63,2,26,1,2,7,5,5,9,5,3,4,1,2,16,30
-30,11,1,31,4,0,1,0,1,0,0,8,7,0,0,2,3,63,3,25,0,2,10,4,5,8,4,3,4,1,2,16,15
-35,11,1,35,3,0,1,0,1,0,0,5,10,0,0,2,3,63,3,25,0,2,10,3,4,7,3,2,4,1,1,16,45
8,11,1,29,3,0,0,0,1,0,0,0,15,0,0,2,3,63,3,25,1,2,10,2,3,6,2,2,3,1,1,15,45
-1,10,0,27,3,0,0,0,0,0,0,3,12,0,0,2,3,63,1,25,1,2,11,1,2,5,3,2,3,0,1,15,30
-41,10,2,25,3,0,0,0,0,0,0,12,3,0,0,2,3,63,0,24,2,6,13,3,4,5,4,3,3,0,2,15,15
-39,10,4,25,3,0,0,0,0,0,0,31,14,0,0,2,3,63,1,23,4,9,12,3,3,8,3,2,3,0,2,15,15
12,10,4,24,2,0,0,0,0,0,0,30,15,0,0,2,3,63,1,23,4,9,12,2,2,7,2,1,3,0,2,15,0
-93,10,4,35,1,0,1,0,1,0,0,15,30,0,0,2,3,63,2,21,6,8,11,1,1,9,2,2,3,0,1,16,45
15,6,2,20,6,0,2,1,1,0,0,10,5,0,0,2,3,63,4,13,2,6,8,4,9,13,7,5,3,2,1,13,30
2,5,2,17,8,0,1,1,1,0,0,11,4,0,0,2,3,63,4,11,0,4,8,5,8,14,8,4,2,2,1,13,0
-11,5,2,17,7,0,1,1,1,0,0,10,5,0,0,2,3,63,4,11,0,4,8,4,7,13,7,3,2,1,1,13,0
-57,5,2,22,7,0,1,0,1,0,0,4,11,0,0,2,3,63,4,11,1,5,9,4,7,12,6,2,2,1,1,14,30
89,4,1,10,7,0,1,0,0,0,0,5,10,0,0,2,3,63,3,11,4,5,9,5,8,13,6,3,2,1,2,12,0
-48,4,1,23,6,0,1,0,0,0,0,14,1,0,0,2,3,63,1,11,4,5,9,4,8,13,7,3,2,1,1,14,45
-74,4,1,19,6,0,0,0,0,0,0,5,10,0,0,2,3,63,1,11,5,5,10,4,7,13,6,2,1,1,1,13,15
42,4,1,13,6,0,0,0,0,0,0,2,13,0,0,2,3,63,2,10,4,4,9,4,6,12,5,2,1,0,2,12,30
-11,4,1,15,6,0,0,0,1,0,0,0,15,0,0,2,3,63,4,8,2,3,7,3,5,11,4,1,1,0,2,12,45
19,3,0,11,6,0,0,0,1,0,0,9,6,0,0,2,3,63,2,7,1,4,7,4,6,11,6,1,1,0,2,12,15
134,3,0,3,6,0,0,0,1,0,0,4,11,0,0,2,3,63,3,6,0,4,6,3,5,10,5,1,1,0,1,10,0
-11,3,0,11,5,0,0,0,1,0,0,8,7,0,0,2,3,63,3,6,1,4,6,2,6,9,4,0,1,1,2,12,15
-8,3,2,9,4,0,0,0,1,0,0,14,1,0,0,2,3,63,2,6,3,4,6,3,6,8,4,1,1,1,1,11,45
-46,3,2,13,4,0,0,1,1,0,0,4,11,0,0,2,3,63,3,4,2,3,4,4,6,10,4,2,1,1,2,12,30
14,3,2,7,3,0,0,1,1,0,0,3,12,0,0,2,3,63,3,4,2,3,4,3,5,9,3,2,1,1,1,11,15
-59,3,3,8,3,0,0,2,1,0,0,14,16,0,0,2,3,63,3,2,1,2,2,4,5,9,4,4,1,1,1,11,30
-217,3,3,21,3,0,0,1,1,0,0,8,22,0,0,2,3,63,3,2,1,2,2,3,4,8,3,3,0,1,1,14,15
-37,1,1,6,2,0,0,1,1,0,0,1,29,0,0,2,3,63,1,2,1,2,2,2,3,7,4,2,0,0,1,11,0
-98,1,1,15,1,0,0,1,1,0,0,14,1,0,0,2,3,63,1,2,1,2,2,2,2,6,3,1,0,0,2,12,45
16,1,1,2,0,0,0,1,2,0,0,0,15,0,0,2,3,63,1,1,1,1,1,1,4,5,3,1,0,0,1,9,45
-72,0,0,4,0,0,0,1,2,0,0,0,18,0,0,2,3,63,0,0,0,0,0,3,4,4,4,2,0,0,1,10,30
11,0,0,0,0,0,0,1,1,0,0,0,25,0,1,2,3,63,0,0,0,0,0,3,3,3,3,2,0,0,1,9,15
-68,0,0,5,0,0,0,1,0,0,0,0,28,0,0,2,3,63,0,0,0,0,0,2,2,2,2,1,0,0,1,10,45
37,0,0,1,0,0,0,0,0,0,0,0,52,0,0,2,3,63,0,0,0,0,0,1,1,1,1,0,0,0,1,9,30
10,25,2,51,4,0,1,3,0,0,0,5,10,1,0,6,3,60,2,44,1,3,10,3,3,11,7,3,6,0,1,17,15
20,24,3,48,5,0,0,3,0,0,0,9,6,0,0,6,3,60,2,43,0,5,11,2,2,12,7,3,6,0,1,16,45
-50,24,3,51,4,0,0,3,0,0,0,4,11,1,0,6,3,60,1,43,1,5,11,1,1,11,7,3,6,0,1,17,15
56,21,2,40,5,0,3,3,0,0,0,11,4,0,0,6,3,60,2,38,3,6,13,8,10,16,10,4,6,3,2,15,30
47,21,2,44,4,0,3,3,0,0,0,7,8,0,0,6,3,60,2,38,3,6,15,7,9,17,9,3,6,3,1,16,0
31,21,2,42,4,0,3,2,0,0,0,5,10,0,0,6,3,60,1,38,4,6,15,6,8,16,9,4,6,3,2,15,45
-15,21,2,38,4,0,2,2,0,0,0,2,13,0,0,6,3,60,1,38,5,7,16,6,7,15,8,3,6,3,2,15,15
8,21,2,40,3,0,2,2,0,0,0,2,13,0,0,6,3,60,1,38,5,7,16,5,6,14,7,2,6,3,2,15,30
-59,21,2,42,4,0,2,2,0,0,0,22,8,0,0,6,3,60,2,36,4,6,16,5,7,14,7,3,6,4,2,15,45
9,21,2,47,4,0,2,1,0,0,0,20,10,0,0,6,3,60,2,36,4,8,16,4,6,13,6,2,5,4,2,16,30
26,21,2,48,3,0,2,1,0,0,0,16,14,0,0,6,3,60,1,36,4,8,17,3,5,12,6,3,5,3,1,16,45
-27,21,4,36,5,0,1,1,0,0,1,3,27,0,0,6,3,60,3,33,2,6,15,2,6,12,6,4,4,3,2,15,0
-23,21,5,38,5,0,0,1,0,0,1,11,4,0,0,6,3,60,3,33,3,6,16,2,5,11,5,3,3,2,2,15,15
32,19,6,34,4,0,2,1,0,0,1,16,14,0,0,6,3,60,1,31,4,9,15,4,9,15,8,5,3,2,2,14,45
-51,19,6,50,5,0,2,0,0,0,1,11,19,0,0,6,3,60,2,30,4,9,15,3,8,14,7,5,2,2,2,17,0
11,19,7,36,6,0,2,0,1,0,1,0,30,0,0,6,3,60,4,27,2,8,13,4,7,13,7,5,2,1,2,15,0
-22,18,7,34,5,0,2,0,1,0,1,10,5,0,0,6,3,60,3,27,2,9,13,4,6,13,7,5,2,1,2,14,45
-35,16,6,33,5,0,1,0,1,0,2,8,7,0,0,6,3,60,2,26,6,9,13,5,6,13,8,4,2,1,2,14,15
-55,16,6,32,5,0,1,0,1,0,1,4,11,0,0,6,3,60,1,26,6,9,13,4,6,12,8,4,1,2,1,14,0
19,15,6,28,5,0,1,0,1,0,1,10,5,0,0,6,3,60,1,25,7,9,13,3,6,13,8,4,1,1,1,13,0
41,14,5,31,5,0,2,0,1,0,1,8,7,0,0,6,3,60,2,23,5,7,11,3,7,13,8,5,1,1,1,13,30
48,13,5,30,5,0,2,0,1,0,1,2,13,0,0,6,3,60,2,22,4,6,11,2,7,13,8,4,1,1,1,13,15
28,10,3,28,5,0,3,2,1,0,1,8,7,0,0,6,3,60,2,18,2,4,9,3,7,13,11,6,1,1,1,13,0
-147,10,3,46,6,0,2,2,1,0,1,6,9,0,0,6,3,60,2,17,2,4,11,5,7,13,11,6,0,1,1,16,15
8,9,2,26,5,0,2,2,2,0,1,11,4,0,0,6,3,60,2,16,2,3,10,5,8,12,11,6,0,0,2,12,45
-130,9,2,44,5,0,2,2,2,0,0,8,7,0,0,6,3,60,2,16,2,4,11,4,7,13,10,5,0,0,1,16,0
43,9,2,24,4,0,2,2,2,0,0,8,7,0,0,6,3,60,2,16,2,4,11,3,7,12,9,4,0,0,2,12,30
-4,9,2,26,4,0,1,2,2,0,0,7,8,0,0,6,3,60,2,16,2,4,11,2,6,11,8,4,0,0,2,12,45
34,8,2,22,3,0,1,3,2,0,1,12,3,0,0,6,3,60,3,14,1,4,12,4,7,12,8,4,0,0,2,12,15
-20,7,1,24,3,0,1,2,2,0,1,6,9,0,0,6,3,60,2,14,2,5,12,4,6,12,8,4,0,0,2,12,30
64,7,4,20,3,0,1,3,1,0,1,1,14,0,0,6,3,60,1,13,3,7,13,5,6,13,9,3,0,0,2,12,0
60,7,4,14,3,0,0,3,1,0,1,0,15,0,0,6,3,60,1,13,3,7,13,4,5,12,8,3,0,0,2,11,0
12,7,4,22,2,0,0,4,1,0,1,8,7,0,0,6,3,60,2,12,3,7,12,3,6,11,7,2,0,0,2,12,15
33,7,5,20,3,0,0,3,1,0,1,2,13,0,0,6,3,60,2,11,3,8,11,2,6,12,7,2,0,0,2,12,0
-1,7,6,16,3,0,0,4,1,0,0,2,13,0,0,6,3,60,2,10,4,8,10,2,6,13,7,2,0,0,1,11,15
-30,4,4,19,5,0,0,4,0,0,0,14,1,0,0,6,3,60,1,8,5,6,8,4,7,14,9,4,0,0,2,11,45
-25,3,3,11,6,0,0,5,0,0,0,10,5,0,0,6,3,60,2,5,3,5,5,4,7,17,10,5,0,0,1,10,30
78,3,3,11,5,0,0,5,0,0,0,9,6,0,0,6,3,60,2,5,3,5,5,3,6,16,9,4,0,0,1,10,30
11,2,2,16,6,0,0,5,0,0,0,3,12,0,0,6,3,60,3,3,1,3,3,4,6,15,9,4,0,0,1,11,15
-10,2,2,13,6,0,0,4,0,0,0,14,1,0,0,6,3,60,3,3,1,3,3,3,6,14,8,4,0,0,2,10,45
-25,1,1,8,5,0,0,4,1,0,0,7,8,0,0,6,3,60,1,2,2,2,2,3,8,13,10,5,0,0,1,10,0
16,1,1,8,5,0,0,3,1,0,0,4,11,0,0,6,3,60,1,2,2,2,2,2,8,12,9,4,0,0,1,10,0
51,0,0,2,4,0,0,3,1,0,0,12,3,0,0,6,3,60,0,2,2,2,2,3,7,11,9,3,0,0,2,9,15
-8,0,0,14,5,0,0,2,1,0,1,0,12,0,0,6,3,60,1,0,0,0,0,6,10,10,9,3,0,0,2,11,0
41,0,0,0,4,0,0,2,1,0,1,0,13,0,1,6,3,60,0,0,0,0,0,5,9,9,9,3,0,0,2,9,0
-16,0,0,2,3,0,0,2,1,0,1,0,20,0,0,6,3,60,0,0,0,0,0,4,8,8,8,3,0,0,2,9,15
32,0,0,6,2,0,0,2,1,0,1,0,22,0,0,6,3,60,0,0,0,0,0,5,7,7,7,3,0,0,2,9,45
-42,0,0,4,2,0,0,2,1,0,0,0,28,0,0,6,3,60,0,0,0,0,0,5,6,6,6,3,0,0,2,9,30
54,0,0,18,1,0,0,2,1,0,0,0,40,0,0,6,3,60,0,0,0,0,0,5,5,5,5,2,0,0,1,11,30
23,0,0,4,1,0,0,1,1,0,0,0,50,0,0,6,3,60,0,0,0,0,0,4,4,4,4,2,0,0,2,9,30
-14,0,0,6,1,0,0,0,1,0,0,0,51,0,0,6,3,60,0,0,0,0,0,3,3,3,3,1,0,0,2,9,45
15,0,0,10,0,0,0,0,1,0,0,0,56,0,0,6,3,60,0,0,0,0,0,2,2,2,2,1,0,0,2,10,15
14,0,0,0,0,0,0,0,0,0,0,0,61,0,1,6,3,60,0,0,0,0,0,1,1,1,1,0,0,0,2,9,0
13,24,3,45,3,0,2,2,0,0,0,12,3,0,0,5,2,59,5,43,2,7,8,2,4,12,3,0,7,3,1,16,45
-8,24,3,47,4,0,1,3,0,0,0,0,15,0,0,5,2,59,5,41,3,6,7,2,3,11,4,1,6,3,2,17,15
-36,23,4,49,6,0,0,3,0,0,0,6,9,1,0,5,2,59,5,39,4,4,7,2,8,13,5,3,5,3,2,17,30
-38,22,3,49,6,0,0,3,0,0,0,8,7,1,0,5,2,59,4,38,3,3,8,4,8,13,6,4,4,2,2,17,30
9,20,1,47,7,0,0,4,0,0,0,14,1,0,0,5,2,59,5,35,0,1,6,7,8,12,7,3,4,1,2,17,15
-1,20,1,41,6,0,0,4,0,0,0,11,4,0,0,5,2,59,5,35,0,1,7,6,8,11,6,3,4,1,2,16,15
-1,20,1,43,5,0,0,4,0,0,0,8,7,0,0,5,2,59,5,35,0,1,7,5,7,10,5,3,3,1,1,16,30
15,20,1,38,4,0,0,4,0,0,0,2,13,0,0,5,2,59,4,35,0,2,8,5,6,10,5,3,3,0,1,15,45
67,20,1,36,4,0,0,3,0,0,0,13,2,0,0,5,2,59,4,35,0,2,9,4,6,9,4,3,3,0,2,15,30
45,19,0,36,3,0,0,3,0,0,0,6,9,0,0,5,2,59,3,35,1,3,10,3,6,8,4,2,3,0,2,15,30
0,19,0,38,2,0,0,3,0,0,0,4,11,0,0,5,2,59,3,35,1,3,11,2,5,7,3,1,3,0,1,15,45
-39,19,0,41,2,0,0,2,0,0,0,7,8,0,0,5,2,59,2,35,1,5,11,2,5,7,3,2,3,0,2,16,15
-78,19,0,43,3,0,0,1,0,0,0,13,2,0,0,5,2,59,2,34,2,6,12,3,4,7,3,1,3,0,1,16,30
-17,19,1,32,2,0,1,1,0,0,0,1,14,0,0,5,2,59,2,33,3,6,13,3,4,8,3,0,3,0,2,15,0
9,19,1,34,2,0,1,1,0,0,0,12,3,0,0,5,2,59,3,32,3,6,13,2,3,8,2,0,3,0,2,15,15
-25,19,3,32,2,0,1,1,0,0,0,56,4,0,0,5,2,59,2,31,3,7,12,1,2,9,3,1,3,0,2,15,0
-11,18,4,29,6,0,1,0,0,0,0,22,38,0,0,5,2,59,2,27,3,5,9,2,4,11,6,3,3,0,2,14,30
-38,16,4,30,8,0,1,0,0,0,0,8,7,0,0,5,2,59,2,24,2,5,9,3,8,15,8,5,3,1,2,14,45
-23,16,4,28,7,0,1,0,0,0,0,3,12,0,0,5,2,59,2,24,4,5,10,3,7,14,7,5,3,1,1,14,15
23,14,2,24,7,0,2,0,0,0,0,8,7,0,0,5,2,59,1,22,3,4,11,6,8,15,9,7,3,2,1,13,0
-192,14,2,46,6,0,2,0,0,0,0,6,9,0,0,5,2,59,1,22,3,4,11,5,8,14,8,6,3,2,2,17,0
12,14,2,24,6,0,3,0,0,0,0,0,15,0,0,5,2,59,3,20,1,3,10,4,8,13,7,6,3,2,1,13,0
22,13,1,27,5,0,3,1,0,0,0,11,4,0,0,5,2,59,2,19,0,2,9,4,7,12,8,6,3,2,1,13,15
-200,12,0,40,5,0,2,1,0,0,0,12,3,0,0,5,2,59,1,19,1,4,10,3,9,13,8,5,2,3,2,16,0
22,12,0,21,4,0,2,1,0,0,0,9,6,0,0,5,2,59,1,19,1,4,10,3,8,12,7,4,2,2,2,12,30
-53,12,1,34,4,0,1,1,0,0,0,13,2,0,0,5,2,59,0,19,2,5,13,4,7,12,7,3,1,2,2,15,15
10,12,2,22,4,0,1,1,0,0,0,26,4,0,0,5,2,59,1,18,3,6,14,6,8,15,6,2,1,1,3,12,45
-15,12,4,22,4,0,0,1,0,0,0,22,8,0,0,5,2,59,1,18,3,7,14,5,7,14,5,1,1,1,3,12,45
-74,12,4,30,3,0,0,1,0,0,0,19,11,0,0,5,2,59,0,18,4,7,14,4,6,14,5,2,1,1,2,14,45
0,12,5,19,3,0,0,1,0,0,0,7,23,0,0,5,2,59,1,17,4,7,16,3,6,13,4,2,1,1,1,12,15
-54,12,5,24,3,0,0,0,0,0,0,3,27,0,0,5,2,59,1,17,4,7,16,2,5,12,3,2,1,1,1,13,0
12,12,6,19,3,0,0,0,0,0,0,14,1,0,0,5,2,59,1,16,3,7,16,2,4,11,3,2,0,1,1,12,15
-26,10,6,18,3,0,1,1,0,0,0,2,13,0,0,5,2,59,2,13,3,7,13,3,6,12,4,2,0,0,2,12,0
3,10,6,15,3,0,1,1,0,0,0,13,2,0,0,5,2,59,3,12,3,8,12,3,7,11,3,1,0,0,1,11,0
-29,7,4,17,4,0,1,1,0,0,0,10,5,0,0,5,2,59,2,10,4,7,10,3,8,14,5,2,0,0,1,11,45
25,6,4,8,5,0,0,1,0,0,0,13,2,0,0,5,2,59,1,9,5,9,9,5,7,15,6,3,0,0,2,10,0
-58,6,5,16,5,0,0,2,0,0,0,5,10,0,0,5,2,59,3,7,3,7,7,5,6,15,5,2,0,0,1,11,15
-12,5,5,10,5,0,0,2,0,0,0,6,9,0,0,5,2,59,1,6,5,6,6,5,6,14,7,3,0,0,2,10,15
56,4,4,6,5,0,0,2,0,0,0,0,15,0,0,5,2,59,1,5,5,5,5,4,6,13,7,3,0,0,2,9,45
8,4,4,14,5,0,1,1,0,0,0,14,1,0,0,5,2,59,2,4,4,4,4,3,5,12,6,3,0,0,1,10,45
-26,4,4,12,4,0,1,1,0,0,0,11,4,0,0,5,2,59,2,4,4,4,4,2,4,11,5,3,0,0,1,10,30
25,4,4,10,3,0,1,1,0,0,0,4,11,0,0,5,2,59,2,4,4,4,4,1,4,10,4,3,0,0,2,10,15
1,0,0,2,4,0,2,1,0,0,1,0,7,0,0,5,2,59,0,0,0,0,0,7,9,9,9,4,0,0,2,9,15
-77,0,0,12,3,0,2,1,0,0,1,0,9,0,0,5,2,59,0,0,0,0,0,6,8,8,8,3,0,0,1,10,30
16,0,0,8,2,0,2,1,0,0,1,0,25,0,0,5,2,59,0,0,0,0,0,7,7,7,7,3,0,0,2,10,0
23,0,0,4,2,0,2,0,0,0,1,0,27,0,0,5,2,59,0,0,0,0,0,6,6,6,6,2,0,0,2,9,30
13,0,0,2,2,0,1,0,0,0,1,0,28,0,0,5,2,59,0,0,0,0,0,5,5,5,5,1,0,0,2,9,15
5,0,0,0,2,0,1,0,0,0,0,0,31,0,1,5,2,59,0,0,0,0,0,4,4,4,4,1,0,0,2,9,0
7,0,0,0,2,0,0,0,0,0,0,0,36,0,1,5,2,59,0,0,0,0,0,3,3,3,3,1,0,0,2,9,0
19,0,0,4,1,0,0,0,0,0,0,0,45,0,0,5,2,59,0,0,0,0,0,2,2,2,2,1,0,0,2,9,30
-13,0,0,6,0,0,0,0,0,0,0,0,47,0,0,5,2,59,0,0,0,0,0,1,1,1,1,1,0,0,2,9,45
-13,26,0,43,3,0,0,0,0,0,0,8,22,1,0,4,2,58,2,40,0,2,8,2,3,4,2,0,1,0,2,17,45
-22,26,0,41,2,0,0,0,0,0,0,8,22,0,0,4,2,58,2,40,0,2,8,1,2,3,1,0,1,0,1,17,30
-27,26,2,40,2,0,0,0,0,0,0,40,5,0,0,4,2,58,1,39,3,5,9,1,2,6,2,1,1,0,2,17,15
-13,24,0,39,4,0,0,1,0,0,0,1,44,0,0,4,2,58,2,35,1,4,10,1,3,7,4,2,1,0,1,16,45
-133,24,1,41,5,0,0,1,0,0,1,13,2,0,0,4,2,58,1,32,1,6,11,3,5,12,7,3,1,0,1,17,30
36,24,3,35,5,0,0,1,0,0,1,2,13,0,0,4,2,58,1,31,2,6,11,3,5,11,7,2,1,0,1,15,15
-19,23,4,35,5,0,0,1,0,0,0,3,12,0,0,4,2,58,0,31,4,7,12,3,6,10,7,2,1,0,1,15,15
-19,23,5,37,5,0,0,0,0,0,1,40,5,0,0,4,2,58,1,30,4,6,11,2,5,10,6,2,1,0,1,15,30
-32,23,7,31,8,0,0,0,0,0,0,19,26,0,0,4,2,58,2,27,3,5,11,3,7,12,7,3,1,1,1,14,30
43,22,6,33,8,0,0,0,0,0,0,9,36,0,0,4,2,58,2,26,2,5,11,4,7,12,7,3,1,1,2,15,0
-6,21,5,32,8,0,0,0,0,0,0,0,45,0,0,4,2,58,2,25,2,5,12,4,6,12,7,3,1,1,2,14,45
-12,19,5,33,8,0,0,0,0,0,0,4,11,0,0,4,2,58,1,24,2,5,12,4,5,14,8,4,1,1,2,15,0
26,18,4,28,7,0,0,0,0,0,0,10,5,0,0,4,2,58,0,24,3,6,13,4,5,13,8,3,1,1,1,13,15
-24,18,4,30,7,0,0,0,0,0,0,8,7,0,0,4,2,58,1,23,2,5,12,3,5,12,7,3,1,1,1,14,15
57,16,3,29,7,0,0,0,0,0,0,5,10,0,0,4,2,58,0,22,3,6,14,2,6,14,8,4,0,1,1,13,30
29,16,4,26,6,0,0,1,0,0,0,13,2,0,0,4,2,58,1,21,2,5,13,1,5,13,7,3,0,0,1,13,0
19,14,5,24,6,0,0,1,0,0,1,13,2,0,0,4,2,58,1,19,3,7,15,4,9,15,8,3,0,0,2,12,45
-39,14,6,38,6,0,0,1,0,0,1,9,6,0,0,4,2,58,2,18,3,7,15,4,8,14,7,2,0,0,1,16,15
39,13,5,24,5,0,0,2,0,0,1,13,2,0,0,4,2,58,1,17,4,8,14,4,9,13,8,4,0,0,2,12,45
37,13,5,26,5,0,0,2,0,0,1,6,9,0,0,4,2,58,2,16,4,8,13,5,9,12,7,4,0,0,1,13,0
41,12,4,22,4,0,0,2,0,0,1,12,3,0,0,4,2,58,1,16,4,8,13,5,8,12,7,5,0,0,2,12,30
21,11,4,22,5,0,0,3,0,0,1,3,12,0,0,4,2,58,3,13,3,7,10,4,8,12,7,5,0,0,2,12,30
34,10,4,14,4,0,0,3,0,0,1,13,2,0,0,4,2,58,2,13,4,7,10,5,8,11,7,4,0,0,2,11,15
36,10,5,18,4,0,0,3,0,0,0,10,5,0,0,4,2,58,2,13,5,8,11,5,7,10,6,3,0,0,2,11,45
12,10,5,21,5,0,0,2,0,0,0,6,9,0,0,4,2,58,3,12,4,7,10,4,7,9,5,2,0,0,2,12,15
33,8,5,16,6,0,0,2,0,0,0,2,13,0,0,4,2,58,2,10,4,7,10,4,6,9,7,3,0,0,1,11,30
-1,8,5,19,5,0,0,3,0,0,0,1,14,0,0,4,2,58,3,9,3,6,9,3,5,8,6,2,0,0,1,12,0
9,8,6,16,6,0,0,2,0,0,0,10,5,0,0,4,2,58,2,8,2,5,8,3,4,9,7,1,0,0,1,11,30
-50,7,6,19,6,0,0,2,0,0,0,8,7,0,0,4,2,58,2,7,4,4,7,3,5,11,7,2,0,0,1,12,0
35,6,5,11,6,0,0,2,0,0,0,13,2,0,0,4,2,58,2,6,3,3,6,2,4,12,7,2,0,0,2,10,45
-4,5,4,12,6,0,0,2,0,0,0,9,6,0,0,4,2,58,2,5,2,3,5,1,3,12,7,2,0,0,2,11,0
15,1,1,7,6,0,1,2,0,0,0,3,12,0,0,4,2,58,0,3,2,3,3,2,5,13,10,5,0,0,2,10,0
12,1,1,8,5,0,1,2,0,0,0,9,6,0,0,4,2,58,0,3,3,3,3,2,7,12,9,4,0,0,1,10,15
56,1,1,8,5,0,2,2,0,0,0,2,13,0,0,4,2,58,2,1,1,1,1,3,10,11,8,4,0,0,1,10,15
15,0,0,0,4,0,2,2,0,0,1,0,1,0,1,4,2,58,1,0,0,0,0,7,10,10,9,4,0,0,2,9,0
-1,0,0,12,3,0,2,2,0,0,1,0,4,0,0,4,2,58,0,0,0,0,0,6,9,9,9,4,0,0,2,11,0
52,0,0,0,3,0,1,2,0,0,1,0,15,0,1,4,2,58,0,0,0,0,0,7,8,8,8,4,0,0,2,9,0
26,0,0,4,2,0,1,2,0,0,1,0,16,0,0,4,2,58,0,0,0,0,0,6,7,7,7,3,0,0,1,9,30
-17,0,0,2,2,0,0,2,0,0,1,0,17,0,0,4,2,58,0,0,0,0,0,6,6,6,6,2,0,0,2,9,15
47,0,0,6,2,0,0,1,0,0,1,0,28,0,0,4,2,58,0,0,0,0,0,5,5,5,5,2,0,0,1,9,45
11,0,0,10,1,0,0,1,0,0,1,0,30,0,0,4,2,58,0,0,0,0,0,4,4,4,4,2,0,0,1,10,30
-9,0,0,2,1,0,0,1,0,0,0,0,35,0,0,4,2,58,0,0,0,0,0,3,3,3,3,1,0,0,2,9,15
44,0,0,4,0,0,0,1,0,0,0,0,42,0,0,4,2,58,0,0,0,0,0,2,2,2,2,0,0,0,1,9,30
14,0,0,14,0,0,0,0,0,0,0,0,47,0,0,4,2,58,0,0,0,0,0,1,1,1,1,0,0,0,2,11,15
22,18,3,47,4,0,0,1,0,0,0,11,4,1,0,3,2,57,2,42,3,3,8,2,2,7,4,2,6,2,2,17,45
32,16,1,45,4,0,0,2,0,0,0,2,13,0,0,3,2,57,2,40,1,2,9,1,2,9,5,3,5,1,1,17,30
5,15,3,45,4,0,0,2,0,0,0,6,9,0,0,3,2,57,0,39,3,7,12,4,5,11,7,4,5,0,1,17,30
27,15,3,40,4,0,1,2,0,0,0,13,17,0,0,3,2,57,2,37,3,7,10,4,8,14,6,3,5,1,1,16,45
45,15,3,37,3,0,1,2,0,0,0,11,19,0,0,3,2,57,2,37,3,7,10,3,7,13,5,3,5,1,1,16,15
23,14,2,43,2,0,1,3,0,0,0,6,24,0,0,3,2,57,2,36,4,6,9,2,6,12,5,4,5,1,2,17,15
-23,14,2,42,2,0,1,2,0,0,0,5,25,0,0,3,2,57,2,36,5,6,9,1,5,11,4,3,5,1,2,17,0
21,12,1,34,3,0,1,3,0,0,2,0,15,0,0,3,2,57,3,31,1,4,6,4,7,14,7,3,5,1,2,15,30
7,12,1,43,2,0,1,3,0,0,2,14,1,0,0,3,2,57,3,31,1,4,6,3,6,13,6,2,5,1,2,17,15
-7,12,1,40,1,0,1,3,0,0,2,10,5,0,0,3,2,57,3,31,1,4,6,2,7,12,5,1,5,2,1,16,45
15,12,1,33,2,0,1,3,0,0,1,14,1,0,0,3,2,57,3,30,1,3,6,1,7,11,5,1,4,2,1,15,15
24,11,0,31,2,0,1,3,0,0,1,10,5,0,0,3,2,57,1,29,2,3,7,6,9,10,7,1,4,1,1,15,0
-39,11,0,37,3,0,1,3,0,0,1,7,8,0,0,3,2,57,2,27,0,1,5,5,9,11,7,2,4,1,1,16,15
-18,11,0,29,3,0,0,3,0,0,1,4,11,0,0,3,2,57,2,27,0,2,5,4,8,10,6,2,4,1,2,14,45
-85,11,0,39,3,0,0,2,0,0,1,43,2,0,0,3,2,57,2,27,0,2,7,3,7,9,5,1,3,1,2,16,30
-4,11,0,35,3,0,0,1,0,0,1,43,2,0,0,3,2,57,2,27,0,2,7,2,6,8,4,1,3,0,2,15,45
-19,11,1,28,2,0,0,1,0,0,1,30,15,0,0,3,2,57,0,27,0,3,9,3,5,8,5,1,3,0,2,14,30
-5,11,2,29,1,0,0,1,0,0,1,3,42,0,0,3,2,57,0,27,3,5,13,4,4,10,4,1,3,0,2,14,45
-47,11,2,31,1,0,0,0,0,0,1,0,45,0,0,3,2,57,0,27,3,5,13,3,3,9,3,1,3,0,1,15,0
-82,11,2,35,0,0,0,0,0,0,1,13,2,0,0,3,2,57,0,27,3,5,13,2,2,8,2,1,3,0,2,15,45
34,11,2,27,1,0,0,0,0,0,0,10,5,0,0,3,2,57,1,26,2,4,12,1,2,7,1,0,3,0,1,14,15
-22,9,3,23,2,0,0,1,1,0,0,10,5,0,0,3,2,57,1,22,6,8,13,4,6,12,4,1,3,1,1,13,0
-21,9,3,26,1,0,0,1,1,0,0,9,6,0,0,3,2,57,1,22,6,8,13,3,5,11,3,0,3,1,1,13,30
7,9,4,22,4,0,0,1,1,0,0,0,15,0,0,3,2,57,2,18,4,6,10,4,8,12,5,3,2,2,2,12,45
-68,8,3,25,4,0,0,1,1,0,0,13,2,0,0,3,2,57,1,17,3,5,10,3,7,11,6,4,2,1,1,13,15
-23,6,3,21,4,0,1,1,2,0,0,10,5,0,0,3,2,57,2,14,2,4,8,5,7,13,7,3,2,1,1,12,30
-42,6,3,23,4,0,1,1,1,0,0,8,7,0,0,3,2,57,2,14,2,4,8,4,6,12,6,2,2,1,1,13,0
-16,6,4,20,3,0,1,1,2,0,0,6,9,0,0,3,2,57,2,13,2,4,11,4,6,14,6,2,2,1,1,12,15
62,6,4,19,2,0,1,1,2,0,0,14,1,0,0,3,2,57,2,13,3,5,13,4,6,13,5,2,2,1,1,12,0
1,6,4,18,2,0,1,0,2,0,0,14,1,0,0,3,2,57,2,13,3,5,13,3,5,12,4,2,1,1,1,11,45
44,5,3,15,1,0,1,1,2,0,0,7,8,0,0,3,2,57,2,12,2,4,12,2,4,11,4,2,1,0,1,11,15
-2,3,1,17,1,0,1,1,2,0,0,4,11,0,0,3,2,57,1,11,3,4,11,3,7,13,5,1,1,0,1,11,30
34,2,0,15,1,0,1,1,2,0,0,6,9,0,0,3,2,57,1,10,2,5,10,2,7,13,5,0,1,1,1,11,15
12,2,1,13,2,0,0,1,2,0,0,6,9,0,0,3,2,57,1,9,2,7,9,3,8,14,5,1,1,1,2,11,0
37,2,2,7,3,0,0,1,1,0,0,4,11,0,0,3,2,57,0,8,4,8,8,5,8,14,6,1,1,1,1,10,0
35,2,2,8,3,0,0,1,0,0,1,7,8,0,0,3,2,57,0,7,5,7,7,6,8,13,6,2,1,1,2,10,15
-33,2,2,11,2,0,0,1,0,0,1,5,10,0,0,3,2,57,0,7,5,7,7,5,7,12,5,2,1,1,2,10,45
-12,2,2,9,1,0,0,1,0,0,1,4,11,0,0,3,2,57,0,7,6,7,7,4,7,11,4,2,1,1,2,10,30
27,2,2,9,1,0,2,0,0,0,1,7,8,0,0,3,2,57,1,5,5,5,5,3,7,10,4,2,0,1,2,10,30
-53,2,2,11,2,0,2,0,0,0,0,2,13,0,0,3,2,57,2,4,4,4,4,3,6,9,3,2,0,0,2,10,45
-24,1,1,13,2,0,2,0,0,0,0,12,3,0,0,3,2,57,2,3,3,3,3,3,5,8,3,2,0,0,2,11,0
-6,0,0,5,3,0,2,1,0,0,0,5,10,0,0,3,2,57,2,0,0,0,0,4,7,7,5,2,0,0,1,9,45
-20,0,0,5,3,0,1,1,0,0,0,0,2,0,0,3,2,57,0,0,0,0,0,3,6,6,6,3,0,0,1,9,45
29,0,0,0,2,0,1,1,0,0,0,0,11,0,1,3,2,57,0,0,0,0,0,5,5,5,5,2,0,0,2,9,0
4,0,0,1,2,0,0,1,0,0,0,0,21,0,0,3,2,57,0,0,0,0,0,4,4,4,4,1,0,0,2,9,15
-13,0,0,1,1,0,0,1,0,0,0,0,36,0,0,3,2,57,0,0,0,0,0,3,3,3,3,1,0,0,2,9,15
-26,0,0,3,1,0,0,0,0,0,0,0,38,0,0,3,2,57,0,0,0,0,0,2,2,2,2,0,0,0,2,9,30
-14,0,0,3,0,0,0,0,0,0,0,0,39,0,0,3,2,57,0,0,0,0,0,1,1,1,1,0,0,0,2,9,30
-3,28,3,53,1,0,1,2,1,0,0,12,18,0,0,2,2,56,2,50,2,5,9,3,4,10,4,1,9,1,2,17,15
-6,28,3,54,1,0,0,2,1,0,0,6,24,1,0,2,2,56,2,50,2,6,9,2,3,10,3,1,8,1,1,17,30
-1,26,2,54,2,0,0,1,1,0,0,14,1,1,0,2,2,56,1,49,3,6,10,1,4,10,4,1,8,1,1,17,30
50,25,3,49,2,0,1,2,1,0,0,14,1,0,0,2,2,56,1,46,4,5,11,4,6,14,6,3,8,2,1,16,15
51,25,3,46,4,0,1,2,0,0,0,6,9,0,0,2,2,56,2,44,2,3,11,4,7,13,6,3,8,3,2,15,45
-30,25,3,51,4,0,1,1,0,0,0,4,11,0,0,2,2,56,2,44,2,3,11,3,6,12,5,3,7,3,1,16,30
-10,24,2,47,5,0,0,1,0,0,0,11,4,0,0,2,2,56,2,43,1,4,10,2,7,11,5,2,6,3,2,16,0
20,22,0,49,6,0,0,0,0,0,0,12,3,0,0,2,2,56,1,42,1,5,13,3,7,11,6,3,6,3,1,16,15
16,22,1,47,5,0,1,0,0,0,0,5,10,0,0,2,2,56,1,41,3,6,13,5,9,11,6,3,6,4,2,16,0
4,22,1,45,4,0,1,0,0,0,0,12,3,0,0,2,2,56,1,41,4,6,14,5,8,10,5,2,5,4,1,15,30
7,22,1,43,3,0,1,0,0,0,0,7,8,0,0,2,2,56,0,41,5,8,14,5,7,9,5,2,5,3,1,15,15
-4,22,2,40,5,0,0,0,0,0,0,0,15,0,0,2,2,56,2,39,3,6,13,6,6,10,4,1,4,3,1,14,45
-6,22,2,43,4,0,0,0,0,0,0,13,2,0,0,2,2,56,1,39,3,6,13,5,5,9,4,2,4,2,1,15,15
-78,22,3,52,3,0,0,0,1,0,0,5,10,0,0,2,2,56,2,38,3,7,14,4,4,9,3,1,3,2,1,17,0
48,22,5,38,3,0,0,0,1,0,0,39,6,0,0,2,2,56,2,37,3,8,13,3,4,9,3,1,2,1,2,14,30
-27,21,5,40,2,0,0,1,1,0,0,35,10,0,0,2,2,56,2,36,3,7,13,2,3,9,3,2,2,0,1,14,45
-31,21,5,42,1,0,0,1,1,0,0,35,10,0,0,2,2,56,2,36,3,7,13,1,2,8,2,2,2,0,2,15,0
-46,18,5,38,4,0,1,2,2,0,0,12,3,0,0,2,2,56,4,29,2,5,13,2,6,16,6,2,2,1,2,14,30
38,16,4,36,4,0,1,2,1,0,0,5,10,0,0,2,2,56,2,29,3,6,16,2,6,16,7,4,2,1,1,13,30
-24,14,3,37,5,0,1,1,1,0,1,7,8,0,0,2,2,56,2,27,4,8,17,4,11,17,8,5,2,2,2,14,15
26,14,4,29,4,0,2,1,1,0,1,1,14,0,0,2,2,56,2,26,3,8,17,4,11,16,8,5,1,2,2,12,45
23,13,3,29,6,0,1,1,1,0,1,6,9,0,0,2,2,56,2,24,3,7,17,7,12,16,9,5,1,1,2,12,45
45,13,4,23,5,0,1,1,1,0,1,2,13,0,0,2,2,56,2,24,3,8,17,7,11,16,8,4,1,1,2,12,0
18,12,3,32,6,0,1,1,0,0,1,7,8,0,0,2,2,56,1,23,4,10,17,7,11,16,9,5,1,1,2,13,0
19,12,4,34,6,0,1,1,0,0,1,11,4,0,0,2,2,56,1,22,4,10,17,8,10,15,9,6,1,1,1,13,15
-4,12,4,27,6,0,1,1,0,0,1,9,6,0,0,2,2,56,2,21,3,9,16,8,9,14,8,6,1,1,3,12,30
23,12,4,32,6,0,1,0,0,0,1,7,8,0,0,2,2,56,2,21,4,9,16,7,9,13,7,5,1,1,2,13,0
11,12,4,25,5,0,1,0,0,0,1,7,8,0,0,2,2,56,2,21,4,10,16,6,8,12,6,4,1,1,2,12,15
-39,12,4,34,5,0,1,0,0,0,0,5,10,0,0,2,2,56,2,21,5,10,17,5,7,11,5,4,0,1,1,13,15
-2,11,4,25,4,0,1,0,0,0,0,12,3,0,0,2,2,56,1,21,5,11,18,4,7,13,5,5,0,0,2,12,15
-43,10,3,29,6,0,1,0,0,0,0,2,13,0,0,2,2,56,2,18,6,9,15,4,6,13,6,5,0,0,2,12,45
-22,10,3,23,5,0,1,0,0,0,0,13,2,0,0,2,2,56,2,18,6,11,15,3,5,12,5,4,0,0,2,12,0
14,10,3,20,5,0,0,0,0,0,0,10,5,0,0,2,2,56,2,18,6,11,15,2,4,11,4,3,0,0,2,11,30
35,9,5,15,6,0,0,1,0,0,0,11,4,0,0,2,2,56,3,15,5,8,14,3,5,12,5,3,0,0,2,11,0
24,8,4,27,8,0,0,1,0,0,0,9,6,0,0,2,2,56,3,12,5,7,12,2,5,14,7,4,0,0,3,12,30
23,7,4,21,9,0,0,1,0,0,0,1,14,0,0,2,2,56,3,10,3,7,10,3,7,13,8,4,0,0,2,11,45
-23,5,3,21,10,0,0,2,0,0,0,7,8,0,0,2,2,56,3,7,2,4,7,3,8,18,10,4,0,0,2,11,45
-3,5,4,15,9,0,0,2,0,0,0,4,11,0,0,2,2,56,3,7,3,5,7,2,7,18,9,4,0,0,2,11,0
4,4,3,15,8,0,0,2,0,0,0,9,6,0,0,2,2,56,2,7,4,6,7,5,8,18,9,4,0,0,2,11,0
-26,3,3,18,10,0,0,2,1,0,0,3,12,0,0,2,2,56,3,3,2,3,3,5,9,17,11,5,0,0,1,11,15
-7,3,3,18,10,0,0,1,1,0,0,2,13,0,0,2,2,56,3,3,2,3,3,4,8,16,10,5,0,0,1,11,15
47,3,3,12,9,0,0,1,1,0,0,1,14,0,0,2,2,56,3,3,2,3,3,3,7,15,9,4,0,0,1,10,30
24,3,3,8,8,0,0,1,1,0,0,9,6,0,0,2,2,56,3,3,2,3,3,4,7,14,8,3,0,0,2,10,0
18,2,2,12,7,0,0,1,1,0,0,10,5,0,0,2,2,56,2,3,3,3,3,4,10,13,8,4,0,0,1,10,30
26,1,1,6,8,0,0,1,1,0,0,12,3,0,0,2,2,56,2,1,1,1,1,5,12,12,9,4,0,0,2,9,45
-4,1,1,8,7,0,0,1,1,0,0,10,5,0,0,2,2,56,2,1,1,1,1,4,11,11,8,4,0,0,2,10,0
-14,0,0,14,6,0,0,1,1,0,0,4,11,0,0,2,2,56,1,1,1,1,1,6,10,10,8,5,0,0,3,10,45
9,0,0,10,6,0,0,1,1,0,0,0,6,0,0,2,2,56,2,0,0,0,0,6,9,9,7,4,0,0,2,10,15
-23,0,0,3,5,0,0,1,1,0,0,0,18,0,0,2,2,56,0,0,0,0,0,8,8,8,8,5,0,0,2,9,15
-10,0,0,10,5,0,0,0,1,0,0,0,22,0,0,2,2,56,0,0,0,0,0,7,7,7,7,5,0,0,2,10,15
7,0,0,0,4,0,0,0,1,0,0,0,23,0,1,2,2,56,0,0,0,0,0,6,6,6,6,4,0,0,1,9,0
-10,0,0,0,3,0,0,0,1,0,0,0,25,0,1,2,2,56,0,0,0,0,0,5,5,5,5,3,0,0,1,9,0
4,0,0,6,2,0,0,0,1,0,0,0,30,0,0,2,2,56,0,0,0,0,0,4,4,4,4,2,0,0,2,9,45
6,0,0,4,1,0,0,0,1,0,0,0,36,0,0,2,2,56,0,0,0,0,0,3,3,3,3,2,0,0,2,9,30
-10,0,0,4,1,0,0,0,0,0,0,0,38,0,0,2,2,56,0,0,0,0,0,2,2,2,2,1,0,0,2,9,30
21,0,0,0,0,0,0,0,0,0,0,0,46,0,1,2,2,56,0,0,0,0,0,1,1,1,1,0,0,0,1,9,0
92,27,2,44,0,0,0,0,0,0,0,9,0,0,0,6,2,53,0,51,3,5,13,1,2,6,1,0,6,2,1,16,15
0,26,2,51,0,0,1,2,0,0,0,1,14,1,0,6,2,53,2,47,2,6,10,1,3,7,2,0,5,2,3,17,30
-11,25,6,50,1,0,3,2,0,0,0,2,13,0,0,6,2,53,2,43,4,5,9,3,4,10,5,2,4,2,1,17,15
-3,25,6,47,1,0,2,2,0,0,0,14,1,0,0,6,2,53,2,43,4,5,11,3,4,9,4,2,4,1,1,16,45
2,24,5,47,2,0,2,2,0,0,0,7,8,0,0,6,2,53,2,41,3,4,11,2,6,12,5,4,4,2,1,16,45
-4,22,3,46,4,0,1,2,0,0,0,0,15,0,0,6,2,53,2,39,1,2,9,2,6,11,6,5,3,2,2,16,30
-28,19,1,49,5,0,1,1,0,0,0,1,14,0,0,6,2,53,0,38,1,4,10,5,6,13,8,6,3,1,1,17,0
-13,19,2,44,5,0,0,1,0,0,0,11,4,0,0,6,2,53,0,38,3,6,12,4,7,12,7,5,3,1,1,16,15
20,19,2,37,4,0,1,1,0,0,0,14,1,0,0,6,2,53,1,37,2,6,11,4,7,12,6,4,3,1,2,15,15
7,19,2,43,3,0,1,1,0,0,0,12,3,0,0,6,2,53,1,37,2,7,12,3,6,11,5,3,2,1,2,16,0
25,19,2,35,2,0,1,1,0,0,0,6,9,0,0,6,2,53,1,37,3,7,12,2,6,11,4,2,2,0,2,15,0
3,18,2,41,1,0,2,2,0,0,0,7,8,0,0,6,2,53,2,35,4,5,10,3,6,11,4,2,2,0,1,15,45
51,18,3,35,1,0,4,2,0,0,0,73,2,0,0,6,2,53,3,32,2,6,10,4,7,11,5,1,2,0,2,15,0
-62,17,2,39,1,0,3,2,0,0,0,71,4,0,0,6,2,53,2,32,2,6,10,3,6,10,5,1,2,0,2,15,30
6,17,3,37,0,0,4,2,0,0,0,61,14,0,0,6,2,53,3,31,1,5,11,4,6,9,4,1,2,0,2,15,15
26,17,3,31,1,0,3,2,0,0,0,56,19,0,0,6,2,53,2,30,0,5,11,4,5,9,5,1,2,0,1,14,15
-45,16,2,33,1,0,2,2,0,0,0,38,37,0,0,6,2,53,1,30,4,5,12,3,6,10,5,1,2,0,2,14,45
-47,16,2,33,1,0,1,2,0,0,0,36,39,0,0,6,2,53,1,30,4,6,12,2,5,9,4,1,2,0,2,14,45
-76,16,3,39,1,0,1,1,0,0,0,28,47,0,0,6,2,53,1,30,4,7,12,2,4,8,3,1,2,0,2,15,30
81,14,2,20,3,0,2,1,0,0,0,3,72,0,0,6,2,53,2,26,2,6,11,3,4,10,5,2,2,0,2,11,45
71,14,3,29,3,0,2,1,0,0,0,7,8,0,0,6,2,53,3,25,3,6,11,3,5,10,4,1,2,0,1,13,0
-82,14,4,32,3,0,1,1,0,0,0,0,15,0,0,6,2,53,3,25,3,7,12,2,5,10,3,0,2,0,2,14,30
47,13,5,26,4,0,2,1,0,0,0,7,8,0,0,6,2,53,3,22,3,5,11,2,5,11,5,0,2,0,1,12,30
21,12,6,24,6,0,2,1,0,0,0,11,4,0,0,6,2,53,4,19,1,4,10,3,7,12,6,1,2,1,2,12,15
45,11,5,29,5,0,2,1,0,0,0,7,8,0,0,6,2,53,3,19,2,5,11,3,6,12,6,2,2,1,1,13,0
-3,10,4,26,4,0,2,1,0,0,0,3,12,0,0,6,2,53,2,19,2,6,12,2,6,11,6,3,2,1,1,12,30
15,8,4,22,4,0,1,3,0,0,0,8,7,0,0,6,2,53,1,17,2,6,13,4,7,11,8,5,2,1,2,12,0
6,8,4,20,3,0,1,4,0,0,0,13,2,0,0,6,2,53,2,16,3,6,15,4,7,10,7,4,2,2,2,11,45
-8,7,4,24,3,0,1,4,0,0,0,9,6,0,0,6,2,53,2,15,2,5,14,5,6,11,7,4,2,2,2,12,15
-80,7,4,28,3,0,0,4,0,0,0,1,14,0,0,6,2,53,2,15,3,5,15,4,6,14,6,4,1,2,2,12,45
38,6,4,17,3,0,0,4,0,0,0,6,9,0,0,6,2,53,1,14,4,6,14,3,6,14,7,3,1,1,2,11,15
-4,6,4,16,3,0,0,4,0,0,0,12,3,0,0,6,2,53,2,13,3,7,13,3,5,16,6,2,1,1,1,11,0
-184,6,4,41,3,0,0,3,0,0,0,10,5,0,0,6,2,53,2,13,3,7,13,2,4,16,5,2,1,1,1,15,45
3,4,2,18,5,0,0,3,0,0,0,3,12,0,0,6,2,53,2,10,3,7,10,3,4,17,7,3,0,1,2,11,30
-94,3,3,22,4,0,0,3,0,0,0,4,11,0,0,6,2,53,1,10,5,10,10,3,9,18,7,3,0,0,2,12,0
15,3,3,14,5,0,0,2,0,0,0,10,5,0,0,6,2,53,2,9,5,9,9,2,9,17,6,2,0,0,1,10,45
25,2,2,14,5,0,2,2,0,0,0,8,7,0,0,6,2,53,1,6,6,6,6,4,13,16,9,4,0,0,1,10,45
-31,1,1,8,7,0,4,1,1,0,0,13,2,0,0,6,2,53,3,1,1,1,1,10,15,15,11,3,0,0,2,10,0
-7,1,1,6,7,0,3,1,1,0,0,11,4,0,0,6,2,53,3,1,1,1,1,9,14,14,10,3,0,0,2,9,45
8,0,0,18,6,0,3,1,1,0,0,9,6,0,0,6,2,53,1,1,1,1,1,10,13,13,11,3,0,0,2,11,30
-43,0,0,12,6,0,3,1,1,0,0,5,10,0,0,6,2,53,2,0,0,0,0,10,12,12,10,3,0,0,2,10,30
-33,0,0,10,6,0,2,1,1,0,0,5,10,0,0,6,2,53,2,0,0,0,0,9,11,11,9,3,0,0,2,10,15
9,0,0,10,5,0,2,1,1,0,0,5,10,0,0,6,2,53,2,0,0,0,0,8,10,10,8,2,0,0,2,10,15
-5,0,0,2,5,0,1,1,1,0,0,0,3,0,0,6,2,53,1,0,0,0,0,7,9,9,8,3,0,0,2,9,15
6,0,0,12,4,0,1,1,1,0,0,0,11,0,0,6,2,53,0,0,0,0,0,6,8,8,8,4,0,0,2,10,30
-27,0,0,4,4,0,0,1,1,0,0,0,15,0,0,6,2,53,0,0,0,0,0,7,7,7,7,4,0,0,2,9,30
25,0,0,4,3,0,0,1,1,0,0,0,15,0,0,6,2,53,0,0,0,0,0,6,6,6,6,3,0,0,2,9,30
-27,0,0,6,2,0,0,1,1,0,0,0,20,0,0,6,2,53,0,0,0,0,0,5,5,5,5,3,0,0,2,9,45
11,0,0,0,1,0,0,1,1,0,0,0,21,0,1,6,2,53,0,0,0,0,0,4,4,4,4,3,0,0,2,9,0
11,0,0,8,1,0,0,0,1,0,0,0,23,0,0,6,2,53,0,0,0,0,0,3,3,3,3,2,0,0,2,10,0
-3,0,0,0,0,0,0,0,1,0,0,0,43,0,1,6,2,53,0,0,0,0,0,2,2,2,2,1,0,0,2,9,0
3,0,0,2,0,0,0,0,0,0,0,0,44,0,0,6,2,53,0,0,0,0,0,1,1,1,1,0,0,0,2,9,15
38,32,5,48,2,0,1,0,0,0,1,8,7,1,0,5,2,52,2,45,4,6,10,1,4,9,3,3,3,1,2,17,30
43,28,5,44,2,1,2,2,0,0,1,25,5,0,0,5,2,52,2,40,3,4,9,4,8,10,7,4,2,1,2,17,0
-34,27,4,48,1,1,2,3,0,0,1,16,14,1,0,5,2,52,2,39,3,3,8,4,7,12,7,3,2,0,2,17,30
7,27,4,46,0,1,2,3,0,0,1,9,21,0,0,5,2,52,2,39,3,4,8,3,6,12,6,3,2,0,2,17,15
46,24,2,41,2,1,1,3,0,0,1,12,3,0,0,5,2,52,1,37,1,4,7,5,5,12,8,3,2,0,1,16,15
7,23,2,44,2,1,1,2,0,0,2,1,14,0,0,5,2,52,1,36,0,3,6,4,5,11,8,4,2,0,2,17,0
24,23,3,46,2,1,1,2,0,0,1,4,11,0,0,5,2,52,0,36,1,4,7,3,4,12,8,4,2,0,2,17,15
17,23,3,43,2,0,1,2,0,0,1,0,15,0,0,5,2,52,0,36,2,5,7,2,3,11,7,3,2,0,2,16,45
12,23,3,40,1,0,1,2,0,0,1,13,2,0,0,5,2,52,0,36,3,5,7,1,2,10,6,2,2,0,2,16,0
66,21,1,36,2,0,0,3,1,0,1,3,12,0,0,5,2,52,1,33,2,3,10,4,7,12,7,2,2,0,2,15,30
36,20,0,38,2,0,2,2,1,0,1,12,3,0,0,5,2,52,1,31,1,2,12,6,8,14,8,4,2,1,1,15,45
18,20,0,38,1,0,2,2,1,0,1,10,5,0,0,5,2,52,1,31,1,2,13,5,7,13,7,4,2,1,1,15,45
-24,20,0,41,1,0,2,2,1,0,0,6,9,0,0,5,2,52,1,31,1,3,13,4,7,12,6,3,2,1,1,16,15
-10,20,1,33,1,0,1,2,1,0,0,2,13,0,0,5,2,52,0,31,1,3,13,3,6,11,6,3,2,1,1,15,0
50,20,2,36,1,0,1,1,1,0,0,0,15,0,0,5,2,52,0,31,1,4,13,2,5,10,5,2,2,1,2,15,30
-40,20,3,35,1,0,0,1,1,0,0,7,8,0,0,5,2,52,0,31,1,5,13,3,4,10,4,1,2,1,2,15,15
21,20,5,33,2,0,0,0,1,0,0,29,16,0,0,5,2,52,1,30,3,8,13,3,6,10,3,1,1,1,1,15,0
22,20,6,31,2,0,0,0,0,0,0,27,18,0,0,5,2,52,0,30,3,8,13,2,6,9,3,1,1,0,2,14,45
11,20,9,31,2,0,0,0,0,0,1,9,36,0,0,5,2,52,2,28,5,10,15,3,6,11,2,1,1,1,2,14,45
-17,17,6,29,2,0,1,0,0,0,1,3,12,0,0,5,2,52,1,26,6,8,13,4,7,13,4,2,1,1,1,14,15
36,17,6,24,3,0,1,0,0,0,0,1,14,0,0,5,2,52,2,25,5,7,13,3,6,12,3,2,1,1,1,13,0
1,15,4,28,4,0,1,1,0,0,0,2,13,0,0,5,2,52,2,22,4,5,11,3,5,12,5,5,1,1,1,13,30
52,14,3,20,3,0,1,1,0,0,0,12,3,0,0,5,2,52,1,22,4,5,11,2,4,11,5,4,1,1,2,12,30
4,13,4,24,4,0,1,1,0,0,0,0,15,0,0,5,2,52,2,20,2,5,9,3,5,10,5,4,0,1,1,13,0
-75,11,4,30,6,0,0,1,0,0,0,11,4,0,0,5,2,52,1,18,1,5,10,3,8,12,7,4,0,0,2,14,30
8,11,4,22,5,0,0,1,0,0,0,7,8,0,0,5,2,52,0,18,2,5,11,2,7,11,7,4,0,0,3,12,45
28,11,5,20,5,0,0,1,0,0,0,11,4,0,0,5,2,52,1,17,4,6,13,6,7,13,6,3,0,0,2,12,30
-31,10,4,27,5,0,0,1,0,0,0,6,9,0,0,5,2,52,1,16,3,5,12,5,6,12,6,3,0,0,1,13,15
26,9,3,19,5,0,0,1,0,0,0,14,1,0,0,5,2,52,1,15,3,4,11,4,5,12,6,3,0,0,2,12,15
23,9,3,22,6,0,0,0,0,0,1,7,8,0,0,5,2,52,3,13,2,3,9,4,5,11,5,3,0,0,3,12,45
39,8,2,18,5,0,0,0,0,0,1,6,9,0,0,5,2,52,2,13,2,3,10,3,4,10,5,2,0,0,1,12,0
-35,8,2,24,4,0,0,0,0,0,1,3,12,0,0,5,2,52,2,13,2,3,10,2,3,10,4,1,0,0,1,13,0
5,6,3,16,3,0,1,0,0,0,1,9,6,0,0,5,2,52,1,12,2,6,11,2,7,13,5,1,0,0,1,11,45
5,6,6,12,4,0,1,0,0,0,0,12,18,0,0,5,2,52,0,11,5,7,11,5,7,15,6,1,0,0,2,11,15
36,6,6,10,5,0,1,0,0,0,1,0,30,0,0,5,2,52,3,8,4,5,8,5,7,15,5,0,0,0,2,11,0
-29,6,6,14,5,0,0,0,0,0,1,14,1,0,0,5,2,52,3,8,4,6,8,4,6,14,4,0,0,0,2,11,30
28,5,5,10,6,0,0,0,0,0,1,0,15,0,0,5,2,52,3,6,2,5,6,4,8,13,5,1,0,0,2,11,0
23,4,4,14,5,0,0,0,0,0,1,13,2,0,0,5,2,52,2,6,2,5,6,3,7,12,5,2,0,0,2,11,30
-81,3,3,16,5,0,0,0,0,0,0,9,6,0,0,5,2,52,1,6,2,5,6,2,7,12,5,2,0,0,1,11,45
5,0,0,6,5,0,0,0,1,0,0,4,11,0,0,5,2,52,0,4,3,4,4,4,9,11,7,4,0,0,1,10,0
27,0,0,2,4,0,0,1,1,0,0,5,10,0,0,5,2,52,1,3,3,3,3,7,8,10,6,4,0,0,2,9,30
-22,0,0,12,3,0,0,1,1,0,1,14,1,0,0,5,2,52,2,2,2,2,2,6,8,9,5,3,0,0,2,11,15
55,0,0,2,2,0,1,1,1,0,1,8,7,0,0,5,2,52,0,1,1,1,1,5,7,8,7,5,0,0,2,9,30
-50,0,0,8,2,0,0,1,1,0,1,2,13,0,0,5,2,52,0,1,1,1,1,5,6,7,6,4,0,0,1,10,15
14,0,0,6,1,0,0,1,1,0,1,12,3,0,0,5,2,52,0,1,1,1,1,4,5,6,5,3,0,0,1,10,0
-66,0,0,9,1,0,0,0,1,0,1,8,7,0,0,5,2,52,0,1,1,1,1,3,5,5,4,2,0,0,2,10,30
-20,0,0,4,1,0,1,0,1,0,0,7,8,0,0,5,2,52,1,0,0,0,0,2,4,4,3,1,0,0,2,9,45
15,0,0,4,1,0,1,0,0,0,0,0,7,0,0,5,2,52,0,0,0,0,0,2,3,3,3,1,0,0,2,9,45
-17,0,0,1,1,0,0,0,0,0,0,0,27,0,0,5,2,52,0,0,0,0,0,2,2,2,2,0,0,0,2,9,15
72,0,0,0,0,0,0,0,0,0,0,0,48,0,1,5,2,52,0,0,0,0,0,1,1,1,1,0,0,0,1,9,0
-14,28,4,48,5,0,0,2,0,0,0,26,4,1,0,4,2,51,2,41,3,4,8,3,8,9,6,4,5,3,1,18,15
71,27,3,41,4,0,0,2,0,0,0,15,15,0,0,4,2,51,0,41,3,4,9,3,7,8,7,3,5,3,3,16,45
13,27,4,44,3,0,0,3,0,0,1,3,27,0,0,4,2,51,2,39,2,4,9,5,7,9,6,2,5,3,1,17,15
-18,26,4,47,4,0,0,2,0,0,1,6,9,0,0,4,2,51,2,38,1,4,8,5,6,11,6,1,5,3,1,18,0
63,26,4,40,4,0,0,1,0,0,1,14,1,0,0,4,2,51,2,38,1,4,8,4,5,10,5,1,4,3,3,16,30
0,25,4,41,4,0,0,1,0,0,1,8,7,0,0,4,2,51,2,37,1,3,8,3,4,9,5,1,3,2,3,16,45
-7,25,4,44,3,0,0,1,0,0,1,5,10,0,0,4,2,51,2,37,2,3,8,2,3,8,4,1,3,1,1,17,15
31,24,3,41,2,0,0,1,0,0,1,13,2,0,0,4,2,51,1,37,3,4,9,2,2,9,4,1,2,1,3,16,45
0,23,3,39,2,0,0,1,1,0,1,4,11,0,0,4,2,51,2,35,1,5,9,1,3,9,4,1,2,0,1,16,15
18,20,0,34,5,0,0,2,1,0,0,12,3,0,0,4,2,51,1,31,1,4,9,5,8,13,8,5,2,0,1,15,30
0,20,0,30,4,0,0,2,1,0,0,8,7,0,0,4,2,51,1,31,2,4,10,4,7,12,7,4,2,0,2,15,0
12,20,0,32,4,0,0,2,1,0,0,9,6,0,0,4,2,51,0,30,2,4,12,5,6,11,8,5,2,0,2,15,15
39,20,0,36,3,0,0,2,1,0,0,8,7,0,0,4,2,51,0,30,2,4,12,4,5,10,7,4,2,0,2,15,45
93,20,0,34,2,0,0,2,1,0,0,8,7,0,0,4,2,51,0,30,2,4,12,3,4,9,6,3,2,0,1,15,30
-14,20,2,30,3,0,0,2,1,0,0,3,12,0,0,4,2,51,2,28,2,4,13,3,5,9,5,3,2,0,2,15,0
88,20,2,27,3,0,0,1,1,0,0,1,14,0,0,4,2,51,2,28,2,4,13,2,4,8,4,2,2,0,2,14,30
-149,20,3,44,2,0,0,1,1,0,0,48,12,0,0,4,2,51,1,28,3,6,14,2,5,10,4,3,2,1,1,17,15
-27,20,6,37,3,0,1,1,1,0,0,21,39,0,0,4,2,51,2,25,2,7,13,4,5,12,5,5,2,2,1,16,0
-40,18,5,28,2,0,1,1,2,0,0,5,55,0,0,4,2,51,1,24,3,7,14,4,5,12,6,5,2,2,2,14,45
-18,17,6,32,3,0,1,0,2,0,0,11,4,0,0,4,2,51,1,23,4,8,16,3,5,12,6,4,1,2,2,15,15
-12,17,6,26,2,0,1,0,2,0,0,7,8,0,0,4,2,51,1,23,5,9,16,2,5,11,5,3,1,1,1,14,15
-62,17,6,28,3,0,0,0,2,0,0,3,12,0,0,4,2,51,2,22,4,8,15,1,5,11,4,2,0,1,2,14,45
14,13,5,23,6,0,1,1,1,0,0,9,6,0,0,4,2,51,3,17,4,6,13,6,8,16,7,4,0,0,1,13,0
34,11,4,23,7,0,1,2,0,0,0,0,15,0,0,4,2,51,2,15,3,6,12,6,8,15,9,6,0,0,1,13,0
8,11,4,21,7,0,1,2,0,0,0,9,6,0,0,4,2,51,3,14,2,7,11,5,7,15,8,6,0,0,2,12,45
8,11,4,21,6,0,1,2,0,0,0,6,9,0,0,4,2,51,3,14,2,7,11,4,7,15,7,5,0,0,2,12,45
6,10,4,25,6,0,1,2,0,0,0,0,15,0,0,4,2,51,3,13,2,6,10,3,6,15,7,4,0,0,1,13,15
19,10,4,17,6,0,0,2,0,0,0,14,1,0,0,4,2,51,2,13,2,6,10,2,5,14,7,4,0,0,2,12,15
-217,9,4,37,5,0,0,2,0,0,0,3,12,0,0,4,2,51,1,13,4,8,12,2,6,13,7,3,0,0,1,16,0
-49,8,5,19,6,0,0,2,0,0,0,10,5,0,0,4,2,51,1,11,5,7,10,3,9,15,8,3,0,0,2,12,30
-30,7,5,19,7,0,0,2,0,0,0,0,15,0,0,4,2,51,2,9,4,6,8,4,8,14,8,3,0,0,2,12,30
23,7,6,17,8,0,0,2,0,0,0,6,9,0,0,4,2,51,2,7,2,4,6,4,9,14,9,4,0,0,2,12,15
-5,5,4,11,8,0,0,2,0,0,0,8,7,0,0,4,2,51,1,6,2,4,6,6,9,14,10,4,0,0,2,11,15
1,5,4,16,7,0,0,2,0,0,0,4,11,0,0,4,2,51,1,6,3,5,6,5,8,14,9,3,0,0,2,12,0
30,4,3,15,8,0,0,1,0,0,0,10,5,0,0,4,2,51,1,5,2,4,5,5,8,13,9,3,0,0,1,11,45
-2,4,3,11,7,0,0,1,0,0,0,5,10,0,0,4,2,51,1,5,2,4,5,5,8,12,8,2,0,0,2,11,15
21,3,2,13,7,0,0,1,0,0,0,2,13,0,0,4,2,51,1,4,1,3,4,5,8,11,8,1,0,0,1,11,30
19,3,2,10,6,0,0,1,0,0,0,0,15,0,0,4,2,51,1,4,1,3,4,4,7,10,7,1,0,0,2,11,0
46,2,2,13,7,0,0,0,0,0,0,12,3,0,0,4,2,51,1,3,2,2,3,4,7,10,7,0,0,0,1,11,30
63,1,1,3,6,0,0,0,0,0,0,7,8,0,0,4,2,51,0,3,2,2,3,4,6,9,7,0,0,0,2,10,0
42,1,1,8,5,0,0,0,0,0,0,3,12,0,0,4,2,51,0,3,2,2,3,4,5,8,6,0,0,0,1,10,45
8,1,1,5,5,0,0,0,0,0,1,28,2,0,0,4,2,51,2,1,0,1,1,4,6,8,5,0,0,0,1,10,15
-65,1,1,8,5,0,0,0,0,0,0,22,8,0,0,4,2,51,1,1,0,1,1,3,5,7,5,0,0,0,1,10,45
27,1,1,2,4,0,0,0,0,0,0,18,12,0,0,4,2,51,1,1,0,1,1,2,4,6,4,0,0,0,2,9,45
29,0,0,7,3,0,0,0,0,0,0,0,30,0,0,4,2,51,0,1,1,1,1,3,4,5,4,0,0,0,2,10,30
17,0,0,5,2,0,0,0,0,0,1,0,4,0,0,4,2,51,1,0,0,0,0,3,4,4,3,0,0,0,1,10,15
30,0,0,0,1,0,0,0,0,0,1,0,9,0,1,4,2,51,1,0,0,0,0,2,3,3,2,0,0,0,1,9,0
47,0,0,3,0,0,0,0,0,0,1,0,33,0,0,4,2,51,0,0,0,0,0,1,2,2,2,0,0,0,2,10,0
-28,0,0,1,0,0,0,0,0,0,0,0,63,0,0,4,2,51,0,0,0,0,0,1,1,1,1,0,0,0,1,9,15
54,19,1,53,1,0,0,0,0,0,0,43,0,1,0,3,2,50,1,53,1,1,9,1,1,4,1,0,6,0,1,17,30
-32,18,2,53,2,0,0,3,0,0,0,13,2,1,0,3,2,50,2,48,4,7,16,3,5,16,4,3,6,2,1,17,30
35,18,2,49,3,0,0,2,0,0,0,13,2,0,0,3,2,50,3,47,3,6,15,2,4,15,3,3,5,2,2,17,0
-16,18,2,49,3,0,0,3,0,0,0,0,15,0,0,3,2,50,4,45,2,5,15,1,5,14,3,2,5,2,2,17,0
18,16,0,40,5,0,0,3,0,0,0,5,10,0,0,3,2,50,3,42,6,10,13,5,12,18,6,2,4,4,2,15,45
-35,16,0,51,4,0,0,3,0,0,0,4,11,0,0,3,2,50,3,42,6,10,13,4,11,17,5,2,4,3,2,17,15
-1,16,0,46,4,0,0,3,0,0,0,9,6,0,0,3,2,50,2,41,9,9,12,6,11,17,6,3,3,3,1,16,30
31,16,0,40,4,0,0,3,0,0,0,3,12,0,0,3,2,50,3,40,8,8,11,6,10,16,5,3,3,2,2,15,45
-26,16,0,51,6,0,0,3,0,0,0,7,8,0,0,3,2,50,3,37,5,7,8,6,10,16,7,4,3,2,2,17,15
-58,16,0,48,6,0,1,4,0,0,0,13,2,0,0,3,2,50,6,34,2,5,7,8,10,16,6,3,3,2,2,16,45
-36,16,0,43,5,0,1,4,0,0,0,12,3,0,0,3,2,50,6,34,2,5,7,7,9,15,5,2,3,2,1,16,0
-31,16,0,46,5,0,1,4,0,0,0,11,4,0,0,3,2,50,6,33,1,4,6,6,8,14,5,2,3,2,1,16,30
-20,16,0,38,6,0,1,3,0,0,0,5,10,0,0,3,2,50,6,32,0,3,6,5,7,13,5,1,2,2,3,15,30
-12,16,1,43,5,0,1,3,0,0,0,14,1,0,0,3,2,50,6,32,2,3,7,4,7,12,4,1,2,2,1,16,0
-4,16,1,38,5,0,1,2,0,0,0,7,8,0,0,3,2,50,5,32,2,3,8,4,8,12,4,2,1,2,3,15,30
-33,16,1,40,4,0,1,2,0,0,0,7,8,0,0,3,2,50,5,32,2,3,8,3,7,11,3,1,1,1,2,15,45
-43,16,1,45,3,0,1,2,0,0,0,2,13,0,0,3,2,50,5,32,3,3,12,2,6,11,2,1,1,1,2,16,15
-7,16,1,34,4,0,1,2,0,0,0,9,6,0,0,3,2,50,5,30,1,1,11,3,7,12,3,3,1,1,2,15,0
-43,16,1,36,4,0,1,2,0,0,0,1,14,0,0,3,2,50,5,29,0,1,11,4,7,11,3,3,1,1,2,15,15
-33,15,0,36,4,0,1,1,0,0,0,32,13,0,0,3,2,50,3,29,0,4,12,4,6,10,4,3,0,1,2,15,15
-19,15,1,31,3,0,1,1,0,0,0,22,23,0,0,3,2,50,2,29,0,5,13,4,6,10,4,3,0,0,2,14,30
64,15,1,25,2,0,1,1,0,0,0,22,23,0,0,3,2,50,2,29,0,5,13,3,5,9,3,2,0,0,1,13,0
-23,15,1,30,2,0,0,1,0,0,0,11,34,0,0,3,2,50,1,29,2,10,14,3,5,12,3,2,0,0,1,14,15
-76,15,3,34,1,0,0,1,0,0,0,11,4,0,0,3,2,50,1,29,5,10,14,3,6,12,2,1,0,0,2,15,0
-23,15,3,32,1,0,0,0,0,0,0,7,8,0,0,3,2,50,1,29,5,10,15,2,5,11,1,1,0,0,2,14,45
17,14,2,24,5,0,0,0,0,0,0,12,3,0,0,3,2,50,3,24,5,7,10,4,4,13,3,3,0,0,2,12,45
-29,14,2,28,5,0,0,0,0,0,0,5,10,0,0,3,2,50,4,23,4,7,12,3,4,14,2,2,0,0,1,13,30
-22,14,3,28,7,1,0,0,0,0,0,9,6,0,0,3,2,50,6,19,2,4,9,2,7,13,3,2,0,0,1,13,30
-11,13,3,25,6,1,0,0,0,0,0,0,15,0,0,3,2,50,5,19,2,4,10,1,7,13,3,1,0,0,1,13,0
-8,12,3,22,7,1,0,0,0,0,0,9,6,0,0,3,2,50,3,17,2,4,12,6,11,13,6,3,0,0,1,12,30
-28,12,3,27,7,1,0,0,0,0,0,5,10,0,0,3,2,50,4,16,2,5,11,5,10,12,5,3,0,0,2,13,15
20,11,2,20,6,1,0,0,0,0,0,4,11,0,0,3,2,50,3,16,2,5,11,4,9,11,5,3,0,0,2,12,15
12,11,2,20,7,0,0,0,0,0,0,2,13,0,0,3,2,50,4,15,1,4,11,3,8,10,4,3,0,0,2,12,15
-30,11,2,22,6,0,0,0,0,0,0,2,13,0,0,3,2,50,4,15,1,4,11,2,7,9,3,2,0,0,1,12,30
-159,10,1,32,5,0,0,0,0,0,0,2,13,0,0,3,2,50,2,15,1,5,13,3,7,10,4,3,0,0,2,14,45
5,10,3,18,4,0,0,0,0,0,1,11,19,0,0,3,2,50,2,14,3,7,14,5,7,13,4,3,0,0,1,11,45
3,10,3,16,3,0,0,0,0,0,1,9,21,0,0,3,2,50,2,14,4,7,14,4,6,12,3,2,0,0,1,11,30
-8,10,4,16,2,0,0,0,0,0,1,2,28,0,0,3,2,50,2,14,4,8,14,4,5,11,2,1,0,0,1,11,30
-23,9,3,19,2,0,0,0,0,0,1,10,5,0,0,3,2,50,1,13,4,8,13,4,4,10,3,2,0,0,2,12,0
-1,9,4,13,2,0,0,0,0,0,0,9,6,0,0,3,2,50,1,13,4,8,13,3,3,9,2,1,0,0,2,11,0
-12,9,6,13,4,0,0,0,0,0,0,4,11,0,0,3,2,50,2,10,4,8,10,2,3,13,3,1,0,0,2,11,0
-14,8,6,13,3,0,1,0,0,0,0,11,4,0,0,3,2,50,1,9,4,8,9,1,4,12,4,2,0,0,2,11,0
27,3,3,11,8,0,1,1,0,0,0,4,11,0,0,3,2,50,3,2,2,2,2,6,11,13,8,5,0,0,1,10,30
-11,2,2,12,7,0,1,1,0,0,0,3,12,0,0,3,2,50,2,2,2,2,2,5,10,12,8,5,0,0,3,10,45
30,2,2,8,6,0,1,1,0,0,1,1,14,0,0,3,2,50,3,1,1,1,1,4,9,11,7,5,0,0,1,10,0
67,1,1,0,5,0,1,1,0,0,1,6,9,0,1,3,2,50,1,1,1,1,1,3,9,10,8,5,0,0,2,9,0
10,1,1,6,4,0,1,1,0,0,1,4,11,0,0,3,2,50,0,1,1,1,1,2,8,9,8,5,0,0,2,9,45
14,1,1,8,4,0,0,1,0,0,1,3,12,0,0,3,2,50,0,1,1,1,1,1,7,8,7,4,0,0,1,10,0
17,0,0,4,4,0,0,1,0,0,1,0,13,0,0,3,2,50,0,0,0,0,0,6,7,7,7,5,0,0,2,9,30
-24,0,0,6,4,0,0,1,0,0,0,0,14,0,0,3,2,50,0,0,0,0,0,5,6,6,6,5,0,0,2,9,45
-49,0,0,10,4,0,0,0,0,0,0,0,16,0,0,3,2,50,0,0,0,0,0,4,5,5,5,4,0,0,1,10,15
22,0,0,4,3,0,0,0,0,0,0,0,18,0,0,3,2,50,0,0,0,0,0,3,4,4,4,4,0,0,2,9,30
19,0,0,2,2,0,0,0,0,0,0,0,20,0,0,3,2,50,0,0,0,0,0,2,3,3,3,3,0,0,2,9,15
7,0,0,2,1,0,0,0,0,0,0,0,36,0,0,3,2,50,0,0,0,0,0,2,2,2,2,2,0,0,2,9,15
8,0,0,0,0,0,0,0,0,0,0,0,53,0,1,3,2,50,0,0,0,0,0,1,1,1,1,1,0,0,2,9,0
28,28,4,49,0,0,0,2,0,0,0,8,7,0,0,6,2,46,0,51,3,6,11,1,2,7,3,3,5,1,2,17,15
4,24,6,53,4,0,0,3,0,0,0,0,30,1,0,6,2,46,2,45,3,5,12,2,3,14,6,3,4,1,2,17,45
6,22,5,49,4,0,0,4,0,0,0,8,7,0,0,6,2,46,2,43,3,7,11,2,7,14,7,2,4,2,2,17,15
17,19,2,48,4,0,1,4,0,0,1,0,15,0,0,6,2,46,1,40,2,6,9,5,8,13,10,4,4,2,2,16,45
-88,18,2,51,4,0,1,4,0,0,0,12,3,0,0,6,2,46,0,40,5,7,10,5,11,13,10,4,3,2,1,17,30
12,18,2,51,4,0,1,3,0,0,0,12,3,0,0,6,2,46,0,40,5,7,10,4,10,13,9,4,2,1,1,17,30
5,18,2,46,3,0,1,3,0,0,0,9,6,0,0,6,2,46,0,40,5,7,11,3,9,12,8,3,2,0,1,16,30
3,18,4,42,3,0,1,4,0,0,0,0,15,0,0,6,2,46,2,38,4,6,9,4,9,12,7,3,2,0,2,16,0
30,18,4,41,3,0,1,4,0,0,0,12,3,0,0,6,2,46,3,37,3,5,8,5,8,11,6,3,2,0,2,15,45
6,17,3,44,4,0,1,5,0,0,0,4,11,0,0,6,2,46,3,34,1,2,10,6,7,13,8,3,2,0,2,16,15
38,17,3,44,4,0,1,4,0,0,0,1,14,0,0,6,2,46,3,34,2,3,11,6,6,12,7,2,2,0,2,16,15
25,17,3,35,3,0,1,4,0,0,0,14,1,0,0,6,2,46,3,34,2,3,11,5,5,12,6,2,2,0,2,15,0
25,17,3,46,3,0,1,3,0,0,0,13,2,0,0,6,2,46,3,34,2,3,11,4,4,11,5,2,2,0,1,16,30
19,17,3,39,3,0,0,3,0,0,0,9,6,0,0,6,2,46,3,34,2,4,11,3,3,10,4,2,2,0,1,15,30
-53,17,3,42,2,0,0,3,0,0,0,8,7,0,0,6,2,46,3,34,2,4,11,2,2,9,3,1,2,0,2,16,0
81,14,0,37,3,0,0,3,0,0,0,1,14,0,0,6,2,46,2,32,1,3,12,1,4,8,5,2,2,0,2,15,15
-2,14,2,37,5,0,0,2,0,0,0,21,39,0,0,6,2,46,2,30,3,7,14,4,7,12,6,3,2,1,2,15,15
5,14,2,33,4,0,0,2,0,0,0,12,48,0,0,6,2,46,1,30,6,8,14,5,6,12,6,4,2,1,2,14,45
-93,14,2,39,4,0,0,2,0,0,0,8,52,0,0,6,2,46,2,29,5,8,13,4,5,11,5,4,2,1,1,15,30
79,13,2,30,3,0,1,2,0,0,0,10,5,0,0,6,2,46,2,28,5,8,13,4,5,11,5,5,2,1,1,13,15
-59,13,4,33,4,0,1,3,1,0,0,0,15,0,0,6,2,46,6,24,2,7,11,3,6,12,4,4,2,1,2,14,45
-46,13,4,35,3,0,1,3,1,0,0,12,3,0,0,6,2,46,6,24,2,8,11,2,5,12,3,3,2,1,2,15,0
8,12,4,32,3,0,1,3,1,0,0,0,15,0,0,6,2,46,6,23,3,7,10,2,4,13,3,2,1,1,2,14,30
16,11,4,23,5,0,1,3,1,0,0,0,15,0,0,6,2,46,5,20,4,4,10,3,7,18,6,3,1,1,2,12,15
34,9,4,25,7,0,1,3,0,0,0,4,11,0,0,6,2,46,5,18,2,5,8,4,7,17,7,2,1,1,2,12,30
1,9,4,31,7,0,1,2,1,0,0,0,15,0,0,6,2,46,6,17,1,4,8,4,7,16,6,2,1,1,1,13,30
-13,8,3,27,6,0,2,2,1,0,0,14,1,0,0,6,2,46,4,16,1,3,12,4,9,17,8,2,0,1,1,12,45
21,8,4,21,5,0,2,2,1,0,0,8,7,0,0,6,2,46,4,16,2,4,12,4,12,16,7,2,0,0,2,12,0
23,7,4,21,4,0,2,2,1,0,0,3,12,0,0,6,2,46,3,16,3,5,13,3,11,15,7,3,0,0,2,12,0
-17,7,4,25,3,0,2,2,1,0,0,3,12,0,0,6,2,46,3,16,3,6,13,6,12,15,6,3,0,0,2,12,30
-17,6,4,29,5,0,2,1,1,0,0,8,7,0,0,6,2,46,4,14,2,4,12,9,11,15,6,3,0,0,1,13,0
37,5,3,15,5,0,3,1,0,0,0,0,15,0,0,6,2,46,2,13,2,4,11,9,10,15,8,6,0,0,2,11,15
39,5,3,17,4,0,3,1,0,0,0,4,1,0,0,6,2,46,2,13,2,4,11,8,9,14,7,5,0,0,2,11,30
12,5,3,15,4,0,3,0,0,0,0,1,4,0,0,6,2,46,2,13,2,4,12,7,9,13,6,5,0,0,2,11,15
11,5,3,14,4,0,2,0,0,0,0,9,1,0,0,6,2,46,2,13,3,4,12,6,8,13,5,5,0,0,2,11,10
-2,5,3,27,3,0,2,0,0,0,0,14,1,0,0,6,2,46,1,13,3,9,13,6,8,13,5,5,0,0,1,12,45
70,4,2,5,3,0,2,0,0,0,0,10,5,0,0,6,2,46,1,12,2,8,12,5,7,13,5,4,0,0,2,9,45
-12,4,2,17,2,0,2,0,0,0,0,10,5,0,0,6,2,46,1,12,2,8,12,4,6,12,4,4,0,0,2,11,30
-29,4,2,19,1,0,2,0,0,0,0,9,6,0,0,6,2,46,1,12,2,8,12,3,5,11,3,3,0,0,2,11,45
-15,3,1,23,2,0,1,0,0,0,0,1,14,0,0,6,2,46,1,11,2,8,11,2,4,12,3,3,0,0,2,12,15
-43,3,1,19,3,0,0,0,0,0,0,7,8,0,0,6,2,46,1,10,1,7,10,2,3,11,3,2,0,0,2,11,45
-19,2,2,13,3,0,0,0,0,0,0,13,2,0,0,6,2,46,1,9,6,8,9,2,5,12,3,2,0,0,1,11,0
23,2,2,10,4,1,0,1,0,0,1,2,13,0,0,6,2,46,5,4,1,4,4,2,5,12,3,2,0,0,1,10,30
-68,2,2,12,5,1,0,1,0,0,0,4,11,0,0,6,2,46,4,3,3,3,3,4,9,11,4,3,0,0,1,10,45
-17,2,2,9,5,1,0,0,0,0,0,1,14,0,0,6,2,46,4,3,3,3,3,4,8,10,3,2,0,0,2,10,15
-27,1,1,10,5,1,0,0,0,0,0,0,15,0,0,6,2,46,3,2,2,2,2,6,7,9,4,3,0,0,1,10,30
13,0,0,2,4,1,0,1,0,0,0,9,6,0,0,6,2,46,3,1,1,1,1,5,8,8,4,3,0,0,1,9,15
28,0,0,7,4,1,0,1,0,0,0,1,14,0,0,6,2,46,2,0,0,0,0,5,7,7,5,3,0,0,1,10,0
-20,0,0,5,3,1,0,1,0,0,0,0,3,0,0,6,2,46,2,0,0,0,0,4,6,6,4,2,0,0,2,9,45
-25,0,0,4,3,0,0,1,0,0,0,0,10,0,0,6,2,46,1,0,0,0,0,3,5,5,4,1,0,0,2,9,30
-59,0,0,7,3,0,0,0,0,0,0,0,12,0,0,6,2,46,1,0,0,0,0,2,4,4,3,0,0,0,1,10,0
-22,0,0,2,2,0,0,0,0,0,0,0,25,0,0,6,2,46,0,0,0,0,0,3,3,3,3,0,0,0,1,9,15
13,0,0,0,1,0,0,0,0,0,0,0,46,0,1,6,2,46,0,0,0,0,0,2,2,2,2,0,0,0,2,9,0
-14,0,0,0,0,0,0,0,0,0,0,0,48,0,1,6,2,46,0,0,0,0,0,1,1,1,1,0,0,0,2,9,0
95,21,0,47,0,0,0,0,0,0,0,50,0,0,0,5,2,45,0,54,0,3,9,1,1,3,1,0,9,0,2,16,45
-5,19,2,53,3,0,1,2,0,0,0,4,11,1,0,5,2,45,2,47,4,8,12,2,7,17,5,3,9,2,2,17,30
30,18,1,41,3,0,1,2,0,0,1,9,6,0,0,5,2,45,2,45,3,6,11,4,7,17,6,2,9,3,2,16,0
-20,18,2,52,3,0,1,3,0,0,1,0,15,0,0,5,2,45,2,43,4,8,13,5,11,17,7,3,9,5,2,17,15
-1,18,2,43,3,0,1,3,0,0,0,12,3,0,0,5,2,45,1,43,4,8,13,4,10,16,7,2,9,5,2,16,15
30,18,2,43,3,0,0,3,0,0,0,11,4,0,0,5,2,45,1,43,4,8,13,3,9,15,6,2,8,5,2,16,15
18,17,2,47,4,0,0,4,0,0,0,1,14,0,0,5,2,45,2,40,2,5,10,7,9,14,7,3,8,4,2,16,45
-46,17,2,50,3,0,0,4,0,0,1,6,9,0,0,5,2,45,2,39,3,4,11,6,11,14,7,2,7,5,1,17,0
23,17,2,36,2,0,0,4,0,0,1,11,4,0,0,5,2,45,1,39,4,5,11,6,11,13,7,2,6,4,3,15,30
-33,17,2,50,2,0,1,3,0,0,1,6,9,0,0,5,2,45,1,38,3,4,10,5,10,12,7,3,6,3,1,17,0
-21,17,2,53,2,0,1,2,0,0,1,5,10,1,0,5,2,45,1,38,3,4,11,4,9,11,6,3,5,3,2,17,30
-49,17,2,45,1,0,1,2,0,0,1,3,12,0,0,5,2,45,1,38,3,4,11,3,8,10,5,3,4,2,3,16,30
-7,17,2,41,0,0,1,2,0,0,1,3,12,0,0,5,2,45,1,38,3,4,11,2,7,9,4,3,4,1,2,16,0
-23,17,2,38,1,0,1,3,0,0,0,5,10,0,0,5,2,45,2,36,1,4,11,5,6,9,4,2,4,1,2,15,45
3,15,1,33,0,0,2,3,0,0,0,2,13,0,0,5,2,45,0,35,1,5,11,5,6,10,6,2,4,1,1,15,0
-31,15,2,45,0,0,2,2,0,0,0,10,5,0,0,5,2,45,0,35,3,7,12,4,5,10,5,1,4,1,3,16,30
10,15,2,31,0,0,1,2,0,0,0,10,5,0,0,5,2,45,0,35,3,7,12,3,4,9,4,1,4,1,2,14,45
-16,15,2,38,0,0,1,1,0,0,0,8,7,0,0,5,2,45,0,35,3,7,12,2,4,8,3,1,3,2,2,15,45
-16,15,2,36,0,0,0,1,0,0,0,3,12,0,0,5,2,45,0,35,3,7,14,2,3,8,2,0,3,1,3,15,30
-53,15,3,38,2,0,1,0,0,0,0,35,10,0,0,5,2,45,2,32,4,7,14,2,3,10,2,0,3,1,2,15,45
-175,13,3,47,4,0,1,0,1,0,0,9,36,0,0,5,2,45,2,28,2,5,14,2,5,14,5,2,2,1,2,16,45
-17,12,4,30,4,0,2,0,1,0,0,13,2,0,0,5,2,45,2,26,3,7,14,4,7,16,6,3,2,0,2,14,30
-46,12,5,29,5,0,2,0,0,0,0,0,15,0,0,5,2,45,2,25,4,8,16,4,10,18,6,3,2,0,1,14,15
58,12,5,25,6,0,1,0,0,0,0,11,4,0,0,5,2,45,2,24,4,8,15,4,9,17,6,3,2,0,1,13,0
35,10,5,18,6,0,1,0,0,0,0,0,15,0,0,5,2,45,1,23,4,9,14,4,8,17,7,2,2,0,2,12,15
13,10,5,28,6,0,1,0,0,0,0,7,8,0,0,5,2,45,2,22,4,8,15,4,9,20,6,2,2,1,1,13,30
-57,9,4,33,6,0,1,0,1,0,0,12,3,0,0,5,2,45,2,20,4,6,13,6,8,19,7,2,2,1,1,15,0
17,8,3,27,5,0,1,0,1,0,0,8,7,0,0,5,2,45,1,20,4,7,13,5,8,18,7,1,2,1,1,13,15
-2,7,2,25,5,0,2,0,1,0,0,7,8,0,0,5,2,45,1,18,4,8,13,6,9,19,8,2,2,1,1,13,0
13,7,2,18,4,0,2,0,1,0,0,4,11,0,0,5,2,45,1,18,4,8,14,5,9,18,7,1,2,1,2,12,15
-13,7,2,22,3,0,2,0,1,0,0,4,11,0,0,5,2,45,1,18,4,9,14,4,8,17,6,1,2,1,2,12,45
6,7,2,22,3,0,1,0,1,0,0,2,13,0,0,5,2,45,1,18,4,9,15,3,8,16,5,1,2,1,2,12,45
54,5,0,8,3,0,1,2,1,0,1,13,2,0,0,5,2,45,2,14,2,5,12,5,9,15,7,2,1,1,2,11,0
27,5,0,14,3,0,1,2,0,0,1,9,6,0,0,5,2,45,2,14,3,7,12,4,11,15,6,2,1,1,2,11,45
23,5,0,16,3,0,1,2,0,0,1,10,5,0,0,5,2,45,1,13,4,6,13,6,11,14,7,2,1,1,2,12,0
-97,5,0,31,2,0,1,2,0,0,1,3,12,0,0,5,2,45,1,13,4,7,13,5,10,13,6,2,1,1,2,14,45
-43,5,0,20,2,0,1,1,0,0,1,2,13,0,0,5,2,45,1,13,4,7,13,5,9,12,5,2,1,1,3,12,30
34,5,1,10,2,0,2,2,0,0,1,5,10,0,0,5,2,45,2,10,3,5,10,8,10,12,6,1,1,1,2,11,15
-22,5,1,20,1,0,3,2,0,0,1,2,13,0,0,5,2,45,3,9,2,6,9,7,9,12,5,1,1,1,3,12,30
-25,5,1,16,1,0,3,1,0,0,1,1,14,0,0,5,2,45,3,9,2,6,9,6,8,11,4,1,1,1,2,12,0
-7,5,1,14,1,0,3,1,0,0,0,3,12,0,0,5,2,45,1,9,3,7,9,5,7,11,5,2,1,1,2,11,45
-247,5,1,35,2,0,2,1,0,0,0,41,4,0,0,5,2,45,1,8,3,6,8,4,7,11,5,2,0,1,2,15,15
-14,5,1,12,1,0,2,2,0,0,0,40,5,0,0,5,2,45,2,7,2,5,7,3,6,10,4,2,0,0,2,11,30
-15,5,1,10,1,0,1,2,0,0,0,39,6,0,0,5,2,45,2,7,2,5,7,4,5,9,3,2,0,0,2,11,15
-2,5,2,8,1,0,0,2,0,0,0,38,7,0,0,5,2,45,2,7,2,5,7,3,4,8,2,1,0,0,2,11,0
-2,5,5,6,2,0,0,1,0,0,1,10,35,0,0,5,2,45,2,5,3,5,5,3,4,9,3,2,0,0,2,10,45
-61,5,5,12,1,0,0,1,0,0,1,9,36,0,0,5,2,45,2,5,3,5,5,2,3,8,2,2,0,0,2,11,30
-2,4,4,4,3,0,0,1,0,0,1,27,18,0,0,5,2,45,2,2,2,2,2,2,5,8,4,3,0,0,2,10,0
23,0,0,2,4,0,0,1,0,0,1,13,2,0,0,5,2,45,0,0,0,0,0,4,5,7,7,6,0,0,2,9,15
5,0,0,4,3,0,0,1,0,0,1,3,12,0,0,5,2,45,0,0,0,0,0,3,5,6,6,6,0,0,2,10,0
20,0,0,0,2,0,0,1,0,0,1,0,9,0,1,5,2,45,0,0,0,0,0,3,5,5,5,5,0,0,2,9,0
-132,0,0,22,2,0,0,0,0,0,1,0,14,0,0,5,2,45,0,0,0,0,0,2,4,4,4,4,0,0,2,12,45
-56,0,0,6,2,0,0,0,0,0,0,0,33,0,0,5,2,45,0,0,0,0,0,3,3,3,3,3,0,0,2,10,45
20,0,0,2,1,0,0,0,0,0,0,0,50,0,0,5,2,45,0,0,0,0,0,2,2,2,2,2,0,0,2,9,15
19,0,0,0,0,0,0,0,0,0,0,0,62,0,1,5,2,45,0,0,0,0,0,1,1,1,1,1,0,0,2,9,0
-28,23,3,46,4,0,1,1,0,0,0,3,12,1,0,4,2,44,3,40,2,4,6,3,6,11,4,2,6,2,2,17,30
3,23,3,44,4,0,1,0,0,0,0,7,8,0,0,4,2,44,3,40,3,4,6,2,6,11,3,2,6,2,1,16,45
55,23,3,40,3,0,1,0,0,0,0,3,12,0,0,4,2,44,3,40,4,4,6,2,5,10,2,2,5,2,2,16,15
-18,21,1,45,3,0,3,0,1,0,0,5,10,0,0,4,2,44,3,36,0,1,5,4,7,10,5,4,4,1,1,17,0
-31,20,0,42,3,0,2,0,1,0,0,13,2,0,0,4,2,44,1,36,0,2,6,6,6,9,6,3,4,0,1,16,30
-19,20,0,42,2,0,2,0,1,0,0,4,11,0,0,4,2,44,1,36,0,2,6,5,6,10,5,3,4,1,1,16,30
-15,20,0,38,1,0,2,0,1,0,0,8,7,0,0,4,2,44,0,36,1,2,7,4,6,9,5,2,4,2,1,15,45
1,20,0,40,1,0,1,0,1,0,0,3,12,0,0,4,2,44,0,36,1,2,8,3,5,8,4,2,4,2,2,16,15
-15,20,0,39,1,0,0,0,1,0,0,1,14,0,0,4,2,44,0,36,1,2,8,2,4,7,3,1,4,2,2,16,0
24,20,0,37,1,0,0,0,0,0,0,1,14,0,0,4,2,44,0,36,1,2,8,1,3,6,2,1,4,2,1,15,30
33,20,0,36,0,0,1,0,1,0,0,5,10,0,0,4,2,44,0,34,2,4,8,3,5,6,3,0,3,2,1,15,15
-21,20,0,34,0,0,0,0,1,0,0,14,1,0,0,4,2,44,0,34,3,4,9,2,4,6,2,0,2,1,1,15,0
-18,20,2,34,0,0,1,0,0,0,1,56,4,0,0,4,2,44,2,32,2,5,9,1,3,6,1,0,2,0,1,15,0
-39,20,3,33,1,0,0,0,0,0,2,24,36,0,0,4,2,44,2,30,3,4,11,2,3,10,2,1,2,0,2,14,45
-33,20,3,32,1,0,0,0,0,0,1,23,37,0,0,4,2,44,2,30,3,4,11,1,2,9,1,1,2,0,1,14,30
-38,18,3,31,1,0,1,1,0,0,1,7,8,0,0,4,2,44,2,27,1,4,12,1,3,8,3,2,2,0,1,14,15
48,17,4,26,1,0,2,1,0,0,0,3,12,0,0,4,2,44,1,26,3,8,17,2,7,10,4,1,2,1,2,12,30
19,16,4,27,2,0,1,1,0,0,0,13,2,0,0,4,2,44,1,25,3,7,16,1,6,9,4,1,2,1,1,12,45
1,15,7,30,4,0,1,1,0,0,0,12,3,0,0,4,2,44,2,22,4,9,15,5,5,13,5,1,2,1,1,13,15
9,14,6,23,3,0,1,1,0,0,0,10,5,0,0,4,2,44,1,22,4,9,15,4,4,12,5,0,1,1,1,12,0
-26,14,6,27,2,0,1,1,0,0,0,9,6,0,0,4,2,44,1,21,6,10,15,3,3,12,4,0,1,0,1,12,45
18,14,6,25,2,0,0,2,0,0,0,6,9,0,0,4,2,44,2,21,5,9,15,2,2,13,3,0,1,0,1,12,15
-3,14,6,29,2,0,0,1,0,0,0,5,10,0,0,4,2,44,2,21,5,9,15,1,1,12,2,0,1,0,1,13,0
35,8,5,13,7,0,1,2,1,0,1,1,14,0,0,4,2,44,4,11,3,6,11,6,12,18,9,4,0,1,2,10,45
25,7,5,16,6,0,1,3,1,0,1,8,7,0,0,4,2,44,3,10,2,7,10,5,11,19,10,5,0,0,2,11,0
35,7,5,13,6,0,1,3,1,0,1,4,11,0,0,4,2,44,4,9,2,7,9,6,11,18,9,4,0,0,2,10,45
27,5,3,20,5,0,1,3,1,0,1,10,5,0,0,4,2,44,2,9,2,7,9,5,10,18,10,5,0,0,1,11,30
26,5,3,18,5,0,1,2,2,0,1,6,9,0,0,4,2,44,3,8,2,7,8,7,9,17,9,5,0,0,2,11,15
4,4,3,16,5,0,1,2,1,0,1,6,9,0,0,4,2,44,2,8,2,7,8,6,8,16,9,5,0,0,2,11,0
0,3,3,20,4,0,1,2,1,0,1,6,9,0,0,4,2,44,1,8,6,8,8,7,10,17,9,4,0,0,1,11,30
-30,3,3,18,4,0,1,2,1,0,1,5,10,0,0,4,2,44,2,7,5,7,7,6,9,16,8,4,0,0,2,11,15
71,3,3,3,4,0,0,2,1,0,1,9,6,0,0,4,2,44,1,7,5,7,7,5,10,15,8,3,0,0,2,9,30
-15,3,3,23,4,0,0,2,1,0,1,8,7,0,0,4,2,44,2,6,4,6,6,4,9,14,7,3,0,0,1,12,0
-41,3,3,22,3,0,0,2,1,0,1,7,8,0,0,4,2,44,2,6,5,6,6,3,8,13,6,3,0,0,2,11,45
6,3,3,9,3,0,0,2,1,0,1,2,13,0,0,4,2,44,2,5,5,5,5,2,7,13,6,3,0,0,2,10,15
25,2,2,5,3,0,1,2,2,0,0,8,7,0,0,4,2,44,3,3,3,3,3,3,8,12,6,2,0,0,2,9,45
-55,0,0,11,4,0,1,2,2,0,1,13,2,0,0,4,2,44,1,0,0,0,0,6,10,11,10,5,0,0,3,10,30
-43,0,0,11,3,0,1,2,2,0,1,13,2,0,0,4,2,44,1,0,0,0,0,5,9,10,9,5,0,0,3,10,30
-8,0,0,5,3,0,0,2,2,0,1,7,8,0,0,4,2,44,1,0,0,0,0,5,8,9,8,5,0,0,2,9,45
-24,0,0,3,2,0,0,2,2,0,1,2,13,0,0,4,2,44,0,0,0,0,0,4,7,8,8,5,0,0,2,9,30
-4,0,0,7,1,0,0,2,2,0,1,0,3,0,0,4,2,44,0,0,0,0,0,4,6,7,7,4,0,0,2,10,0
15,0,0,9,1,0,0,1,2,0,1,0,17,0,0,4,2,44,0,0,0,0,0,5,6,6,6,4,0,0,2,10,15
0,0,0,2,0,0,0,1,2,0,1,0,20,0,0,4,2,44,0,0,0,0,0,4,5,5,5,3,0,0,2,9,15
21,0,0,0,0,0,0,1,1,0,1,0,31,0,1,4,2,44,0,0,0,0,0,3,4,4,4,2,0,0,1,9,0
-77,0,0,13,0,0,0,1,1,0,0,0,40,0,0,4,2,44,0,0,0,0,0,2,3,3,3,1,0,0,2,10,45
43,0,0,0,0,0,0,1,0,0,0,0,41,0,1,4,2,44,0,0,0,0,0,1,2,2,2,1,0,0,1,9,0
26,0,0,7,0,0,0,0,0,0,0,0,71,0,0,4,2,44,0,0,0,0,0,1,1,1,1,1,0,0,2,10,0
-12,20,3,49,2,0,1,0,1,0,0,13,2,1,0,3,2,43,3,45,1,2,7,1,4,7,2,0,6,0,2,17,15
0,18,1,48,3,0,0,0,1,0,0,13,2,0,0,3,2,43,2,44,1,4,9,3,4,8,3,2,6,0,1,16,45
27,17,0,46,3,0,0,1,0,0,0,2,13,0,0,3,2,43,2,43,1,5,9,3,5,9,3,2,6,1,1,16,15
17,17,0,43,2,0,0,1,0,0,0,8,7,0,0,3,2,43,1,43,2,5,10,2,4,8,3,1,6,1,1,15,45
14,17,0,45,1,0,0,1,0,0,0,12,3,0,0,3,2,43,1,43,3,5,10,1,3,9,2,1,6,1,1,16,0
-34,17,0,47,3,0,1,0,1,0,0,10,5,0,0,3,2,43,3,39,1,4,10,2,4,10,3,2,5,1,1,16,30
-15,17,0,43,2,0,1,0,1,0,0,9,6,0,0,3,2,43,3,39,1,4,10,1,4,9,2,2,5,0,1,15,45
-4,17,1,40,3,0,1,0,0,0,1,9,6,0,0,3,2,43,2,37,4,6,13,4,7,13,4,2,5,1,1,15,15
-9,17,1,40,3,0,1,0,0,0,1,3,12,0,0,3,2,43,3,36,3,5,13,4,7,13,3,1,5,2,1,15,15
-31,17,1,38,3,0,0,0,1,0,1,40,5,0,0,3,2,43,3,35,2,6,12,4,6,12,3,0,5,2,2,15,0
-28,16,1,35,4,0,0,0,1,0,0,32,13,0,0,3,2,43,1,34,2,6,12,3,5,13,5,1,5,2,2,14,45
-40,16,1,35,3,0,0,0,1,0,1,19,26,0,0,3,2,43,2,33,2,7,12,4,5,13,4,1,4,2,2,14,45
-101,16,2,42,2,0,0,0,1,0,1,15,30,0,0,3,2,43,1,33,3,8,13,3,4,14,4,1,4,1,2,15,30
-10,16,2,38,2,0,0,1,1,0,1,11,4,0,0,3,2,43,2,31,4,7,14,2,7,14,4,1,4,2,2,15,0
-46,16,3,34,2,0,0,1,1,0,0,5,10,0,0,3,2,43,2,31,5,8,14,2,6,13,3,1,3,2,3,14,30
62,15,3,28,3,0,3,2,0,0,0,7,8,0,0,3,2,43,2,26,3,5,12,5,9,17,7,4,3,2,1,13,0
-1,14,3,28,3,0,3,3,0,0,0,11,4,0,0,3,2,43,2,24,1,4,12,5,10,17,8,5,3,2,1,13,0
-4,14,3,28,3,0,2,3,0,0,0,9,6,0,0,3,2,43,2,24,1,5,12,4,9,16,7,4,2,2,1,13,0
-10,14,4,33,2,0,2,3,0,0,0,3,12,0,0,3,2,43,2,24,1,5,12,5,9,15,6,4,2,1,1,14,15
37,14,4,24,1,0,2,3,0,0,0,13,2,0,0,3,2,43,1,24,3,7,13,4,8,15,6,5,2,1,2,12,30
-12,13,3,32,2,0,2,2,0,0,0,5,10,0,0,3,2,43,1,23,2,6,13,4,7,14,6,5,2,1,1,13,30
-16,13,4,31,1,0,2,2,0,0,0,5,10,0,0,3,2,43,0,23,4,9,16,5,7,14,6,5,2,1,1,13,15
-120,13,4,35,1,0,1,2,0,0,0,5,10,0,0,3,2,43,0,23,4,9,16,4,7,13,5,4,1,1,2,14,45
24,13,4,20,1,0,0,2,0,0,2,12,3,0,0,3,2,43,2,21,4,7,14,4,9,13,4,3,1,0,2,12,0
-21,12,4,24,0,0,0,2,0,0,2,3,12,0,0,3,2,43,1,21,5,8,15,3,9,14,4,2,1,1,2,12,30
1,12,4,26,0,0,0,1,1,0,2,2,13,0,0,3,2,43,2,20,4,7,14,2,8,13,3,1,1,1,3,12,45
10,10,3,18,1,0,0,1,1,0,1,4,11,0,0,3,2,43,1,19,5,7,15,4,7,13,4,3,1,1,2,11,45
-31,9,4,20,2,0,1,1,1,0,1,12,3,0,0,3,2,43,1,16,4,8,15,6,7,13,6,3,1,1,2,12,0
-14,9,4,26,3,0,1,1,1,0,1,5,10,0,0,3,2,43,2,14,2,7,14,5,7,12,6,3,1,1,3,12,45
16,9,4,14,2,0,1,1,1,0,1,4,11,0,0,3,2,43,2,14,2,7,14,4,7,12,5,2,1,1,1,11,0
4,9,4,17,2,0,1,1,0,0,1,3,12,0,0,3,2,43,2,14,2,7,14,3,6,11,4,2,1,1,2,11,30
0,9,5,18,2,0,1,1,0,0,0,1,14,0,0,3,2,43,2,14,2,7,14,3,5,10,3,1,1,1,2,11,45
-67,9,5,22,2,0,0,1,0,0,0,6,9,0,0,3,2,43,2,14,4,7,14,2,5,12,2,0,0,1,2,12,15
29,6,3,8,3,0,0,0,1,0,0,2,13,0,0,3,2,43,1,12,5,8,12,3,6,13,4,1,0,0,2,10,15
4,5,4,12,6,0,0,0,1,0,0,11,4,0,0,3,2,43,2,8,2,7,8,4,6,14,6,2,0,0,2,10,45
-15,5,4,10,5,0,1,0,1,0,0,5,10,0,0,3,2,43,2,7,2,7,7,4,5,15,6,1,0,0,2,10,30
-2,4,4,16,4,0,1,0,1,0,0,8,7,0,0,3,2,43,0,7,4,7,7,4,6,14,7,1,0,0,1,11,15
-48,4,4,12,4,0,0,1,1,0,0,3,12,0,0,3,2,43,1,6,4,6,6,3,8,13,6,1,0,0,2,10,45
3,3,3,10,5,0,0,1,0,0,0,7,8,0,0,3,2,43,1,5,5,5,5,2,8,12,6,2,0,0,2,10,30
-32,3,3,14,5,0,0,1,1,0,0,1,14,0,0,3,2,43,3,3,3,3,3,2,8,11,5,2,0,0,1,11,0
-18,0,0,5,6,0,0,1,1,0,1,4,11,0,0,3,2,43,1,0,0,0,0,6,10,10,9,4,0,0,1,9,45
17,0,0,7,5,0,0,1,1,0,1,0,4,0,0,3,2,43,1,0,0,0,0,6,9,9,8,3,0,0,2,10,0
18,0,0,5,4,0,0,1,1,0,1,0,8,0,0,3,2,43,0,0,0,0,0,5,8,8,8,3,0,0,1,9,45
-179,0,0,22,3,0,0,1,1,0,1,0,9,0,0,3,2,43,0,0,0,0,0,4,7,7,7,3,0,0,2,12,15
-9,0,0,8,2,0,0,1,1,0,1,0,12,0,0,3,2,43,0,0,0,0,0,3,6,6,6,2,0,0,2,10,15
-20,0,0,2,2,0,0,1,1,0,0,0,21,0,0,3,2,43,0,0,0,0,0,4,5,5,5,2,0,0,1,9,15
8,0,0,4,2,0,0,0,1,0,0,0,29,0,0,3,2,43,0,0,0,0,0,4,4,4,4,2,0,0,2,9,30
9,0,0,2,1,0,0,0,1,0,0,0,42,0,0,3,2,43,0,0,0,0,0,3,3,3,3,1,0,0,1,9,15
12,0,0,0,1,0,0,0,0,0,0,0,50,0,1,3,2,43,0,0,0,0,0,2,2,2,2,1,0,0,2,9,0
5,0,0,0,0,0,0,0,0,0,0,0,52,0,1,3,2,43,0,0,0,0,0,1,1,1,1,1,0,0,2,9,0
-8,29,3,55,7,0,0,2,0,0,1,7,8,1,0,2,2,42,3,46,0,5,11,3,7,15,8,2,10,2,2,17,30
30,28,4,51,7,0,0,2,0,0,0,7,8,0,0,2,2,42,0,46,3,7,14,5,10,17,10,3,9,5,2,17,0
75,28,4,43,6,0,0,2,0,0,0,14,1,0,0,2,2,42,0,46,4,8,14,4,9,16,9,3,9,4,3,16,0
19,28,4,55,5,0,1,3,0,0,0,0,15,1,0,2,2,42,2,44,4,6,14,6,10,16,8,3,8,5,2,17,30
24,28,5,53,6,0,1,2,0,0,0,12,3,0,0,2,2,42,2,43,4,5,13,6,9,15,8,2,8,4,2,17,15
14,28,5,53,5,0,1,2,0,0,0,10,5,0,0,2,2,42,2,43,4,6,13,6,8,14,7,2,8,4,2,17,15
49,26,3,42,6,0,1,2,0,0,0,10,5,0,0,2,2,42,2,41,3,5,13,6,9,16,8,2,8,4,2,15,45
-17,26,3,45,6,0,0,3,0,0,0,4,11,0,0,2,2,42,3,40,2,5,13,6,9,15,7,2,7,4,1,16,15
-14,26,3,49,6,0,0,2,0,0,0,3,12,0,0,2,2,42,3,40,2,5,13,5,8,14,6,2,6,3,2,16,45
-35,24,1,51,5,0,1,2,0,0,0,13,2,0,0,2,2,42,2,39,1,5,12,4,7,13,7,2,6,2,2,17,0
17,24,1,39,5,0,1,1,0,0,0,12,3,0,0,2,2,42,2,39,2,5,12,3,7,12,6,2,5,3,1,15,30
1,24,1,39,5,0,1,1,0,0,0,11,4,0,0,2,2,42,2,38,2,6,13,4,7,12,6,3,4,2,1,15,30
16,24,1,49,4,0,1,1,0,0,0,9,6,0,0,2,2,42,2,38,2,6,13,3,6,11,5,3,4,1,2,16,45
27,23,1,45,3,0,2,1,0,0,0,8,7,0,0,2,2,42,1,37,3,7,14,5,6,11,6,4,4,1,1,16,15
44,23,1,35,2,0,2,1,0,0,0,8,7,0,0,2,2,42,1,37,3,7,14,4,5,10,5,4,4,1,1,14,45
-86,23,3,45,2,0,2,1,1,0,0,4,11,0,0,2,2,42,1,35,5,8,13,3,7,10,6,3,4,2,1,16,15
-24,23,4,37,3,0,1,1,1,0,0,12,3,0,0,2,2,42,2,34,4,7,12,3,6,10,5,3,3,2,1,15,0
29,23,4,38,2,0,1,1,1,0,0,12,3,0,0,2,2,42,2,34,4,7,12,2,5,10,4,3,3,1,3,15,15
-27,22,4,35,4,0,1,2,1,0,0,19,11,0,0,2,2,42,2,30,3,5,10,4,5,9,7,3,3,2,1,14,45
73,20,5,32,5,0,0,2,2,0,0,14,1,0,0,2,2,42,2,28,3,6,10,3,5,9,8,4,2,2,1,13,45
-13,20,5,39,5,0,0,1,2,0,0,13,2,0,0,2,2,42,2,28,3,6,10,2,4,8,7,3,2,1,1,15,30
-6,20,5,34,5,0,0,1,1,0,0,12,3,0,0,2,2,42,2,28,3,6,10,2,3,7,6,2,2,1,2,14,30
-89,18,3,48,5,0,0,3,1,0,0,12,3,0,0,2,2,42,2,25,3,4,11,2,5,10,8,1,1,2,2,16,30
-8,17,2,33,4,0,0,3,1,0,0,3,12,0,0,2,2,42,1,24,3,5,12,2,4,9,8,1,1,1,1,14,15
18,15,2,31,5,0,1,3,1,0,0,11,4,0,0,2,2,42,1,22,1,4,12,3,5,10,10,2,1,1,1,13,30
54,15,2,30,4,0,1,3,1,0,0,1,14,0,0,2,2,42,1,22,2,5,13,2,4,12,9,1,1,1,1,13,15
-6,15,2,28,4,0,0,3,1,0,0,12,3,0,0,2,2,42,1,22,3,6,15,1,4,11,8,1,0,1,1,13,0
34,15,5,28,7,0,0,3,0,0,0,10,20,0,0,2,2,42,2,19,3,8,16,3,5,15,9,2,0,0,1,13,0
-23,13,4,24,7,0,0,3,0,0,0,12,3,0,0,2,2,42,1,18,4,8,16,4,6,21,10,2,0,0,2,12,30
62,13,5,26,8,0,0,3,0,0,0,0,15,0,0,2,2,42,3,16,4,8,16,3,8,23,9,1,0,0,2,12,45
22,12,5,18,8,0,0,3,0,0,0,3,12,0,0,2,2,42,1,15,4,8,15,4,9,27,11,2,0,0,2,11,30
-154,12,6,43,8,0,0,3,0,0,0,0,15,0,0,2,2,42,2,14,4,8,14,3,8,26,10,2,0,0,3,16,0
14,10,5,24,9,0,1,3,0,0,0,9,6,0,0,2,2,42,2,11,4,8,11,6,10,25,12,3,0,0,2,12,30
95,10,6,20,8,0,1,3,0,0,0,6,9,0,0,2,2,42,2,11,4,9,11,5,11,24,11,3,0,0,2,11,45
49,9,6,22,9,0,1,2,0,0,0,11,4,0,0,2,2,42,2,10,5,8,10,6,15,23,11,4,0,0,2,12,15
16,9,6,26,9,0,1,1,0,0,0,8,7,0,0,2,2,42,2,10,5,9,10,5,15,22,10,4,0,0,2,12,45
18,9,8,12,10,0,0,1,0,0,0,3,12,0,0,2,2,42,2,9,5,9,9,5,15,21,10,3,0,0,2,10,45
27,8,7,16,10,0,0,1,0,0,1,11,4,0,0,2,2,42,3,7,4,7,7,5,15,20,10,3,0,0,2,11,15
19,7,7,14,9,0,0,1,0,0,1,4,11,0,0,2,2,42,2,7,5,7,7,6,19,19,10,3,0,0,2,11,0
30,6,6,10,8,0,0,2,0,0,1,14,1,0,0,2,2,42,2,6,4,6,6,10,18,18,10,3,0,0,2,10,30
-3,6,6,16,8,0,0,3,0,0,1,5,10,0,0,2,2,42,2,4,4,4,4,10,17,17,11,4,0,0,2,11,15
-4,5,5,18,8,0,0,3,0,0,1,12,3,0,0,2,2,42,2,3,3,3,3,11,16,16,11,4,0,0,2,11,30
-3,5,5,22,8,0,0,2,0,0,1,9,6,0,0,2,2,42,2,3,3,3,3,10,15,15,10,4,0,0,2,12,15
-16,4,4,20,7,0,0,2,0,0,1,7,8,0,0,2,2,42,1,3,3,3,3,13,14,14,10,5,0,0,2,11,45
-33,4,4,12,8,0,0,2,0,0,0,2,13,0,0,2,2,42,2,2,2,2,2,13,13,13,9,5,0,0,2,10,45
53,3,3,0,7,0,0,2,0,0,0,1,14,0,1,2,2,42,1,2,2,2,2,12,12,12,9,5,0,0,2,9,0
17,3,3,4,7,0,0,1,0,0,0,1,14,0,0,2,2,42,1,2,2,2,2,11,11,11,8,4,0,0,2,9,30
-7,3,3,8,7,0,0,0,0,0,0,1,14,0,0,2,2,42,1,2,2,2,2,10,10,10,7,4,0,0,2,10,15
-24,3,3,14,6,0,0,0,0,0,0,0,15,0,0,2,2,42,1,2,2,2,2,9,9,9,6,3,0,0,2,11,0
32,3,3,7,6,0,0,0,0,0,0,9,6,0,0,2,2,42,2,1,1,1,1,8,8,8,5,3,0,0,2,10,0
30,1,1,5,5,0,1,0,0,0,0,4,11,0,0,2,2,42,1,0,0,0,0,7,7,7,6,5,0,0,1,9,45
11,1,1,8,4,0,1,0,0,0,0,2,13,0,0,2,2,42,1,0,0,0,0,6,6,6,5,4,0,0,2,10,15
13,1,1,10,3,0,1,0,0,0,0,8,7,0,0,2,2,42,1,0,0,0,0,5,5,5,4,4,0,0,2,10,30
23,1,1,2,2,0,1,0,0,0,0,8,7,0,0,2,2,42,1,0,0,0,0,4,4,4,3,3,0,0,1,9,15
37,1,1,0,1,0,1,0,0,0,0,7,8,0,1,2,2,42,1,0,0,0,0,3,3,3,2,2,0,0,2,9,0
14,1,1,5,0,0,1,0,0,0,0,7,8,0,0,2,2,42,1,0,0,0,0,2,2,2,1,1,0,0,1,9,45
7,0,0,2,0,0,0,0,0,0,0,6,9,0,0,2,2,42,0,0,0,0,0,1,1,1,1,0,0,0,1,9,15
17,29,2,41,1,0,1,1,0,0,0,9,6,1,0,6,2,39,1,38,2,5,11,2,4,9,3,2,0,0,2,17,0
-12,28,2,39,3,0,0,1,0,0,0,11,4,0,0,6,2,39,0,36,3,5,12,3,6,10,5,3,0,0,1,16,15
0,27,1,37,3,0,0,1,0,0,0,2,13,0,0,6,2,39,0,35,3,6,11,2,6,9,5,2,0,0,1,16,0
19,27,1,40,2,0,0,1,0,0,1,6,9,0,0,6,2,39,0,34,3,6,10,3,6,9,5,3,0,0,1,16,45
35,27,3,32,2,0,0,2,0,0,1,14,1,0,0,6,2,39,1,32,4,6,10,5,7,9,5,2,0,0,1,15,0
-8,27,3,35,2,0,0,2,0,0,0,14,1,0,0,6,2,39,1,32,4,6,10,4,6,8,4,2,0,0,1,15,30
16,26,3,37,3,0,0,1,0,0,0,6,9,0,0,6,2,39,1,31,3,6,10,3,5,7,4,1,0,0,1,16,0
-2,26,5,36,2,0,2,1,0,0,0,62,13,0,0,6,2,39,1,29,2,5,10,3,4,7,5,2,0,0,2,15,45
-8,26,5,34,1,0,2,2,0,0,0,61,14,0,0,6,2,39,2,28,2,4,9,3,3,6,4,2,0,0,1,15,15
-12,24,4,30,1,0,1,3,0,0,0,32,43,0,0,6,2,39,1,27,3,5,10,2,4,6,5,3,0,0,2,14,45
-15,24,4,32,0,0,1,3,0,0,0,32,43,0,0,6,2,39,1,27,3,5,10,1,3,5,4,2,0,0,1,15,0
12,21,5,30,2,0,1,3,0,0,0,9,6,0,0,6,2,39,1,24,3,5,10,2,3,9,6,3,0,0,2,14,45
48,20,5,29,3,0,1,2,0,0,0,14,1,0,0,6,2,39,1,23,3,5,11,1,2,8,6,4,0,0,2,13,30
37,17,5,27,4,0,2,2,0,0,1,4,11,0,0,6,2,39,2,19,2,4,11,2,7,11,8,6,0,0,1,13,0
78,15,5,25,4,0,2,3,0,0,1,10,5,0,0,6,2,39,2,17,1,5,11,4,6,13,9,5,0,0,1,12,30
50,14,6,28,4,0,2,2,0,0,1,0,15,0,0,6,2,39,1,17,2,5,12,5,5,14,9,6,0,0,1,13,15
69,14,6,26,4,0,2,1,0,0,1,10,5,0,0,6,2,39,1,17,3,6,12,4,4,13,8,6,0,0,1,12,45
73,13,6,18,4,0,1,1,1,0,1,2,13,0,0,6,2,39,1,16,4,6,11,3,4,13,8,5,0,0,2,11,30
34,12,6,24,4,0,1,1,1,0,0,10,5,0,0,6,2,39,0,16,4,8,12,2,5,14,8,5,0,0,1,12,15
79,12,7,22,4,0,1,1,1,0,0,4,11,0,0,6,2,39,1,15,3,7,11,1,5,13,7,4,0,0,1,12,0
43,8,6,20,6,0,1,1,1,0,1,10,5,0,0,6,2,39,1,11,4,6,11,6,9,18,10,6,0,0,2,11,45
37,6,4,16,6,0,1,1,1,0,1,1,14,0,0,6,2,39,0,10,4,5,10,6,9,18,11,6,0,0,2,11,15
17,6,4,22,5,0,2,1,1,0,1,11,4,0,0,6,2,39,1,9,3,4,9,5,9,17,10,6,0,0,1,12,0
41,5,4,14,5,0,3,1,0,0,1,5,10,0,0,6,2,39,1,8,2,4,8,5,9,17,10,6,0,0,2,11,0
99,5,4,16,4,0,3,1,0,0,1,1,14,0,0,6,2,39,1,8,3,4,8,5,9,16,9,5,0,0,2,11,15
35,5,4,12,4,0,3,2,0,0,0,11,4,0,0,6,2,39,2,7,2,4,7,4,8,16,8,4,0,0,2,10,45
30,3,2,14,4,0,2,2,0,0,1,1,14,0,0,6,2,39,1,6,1,3,6,4,8,15,9,6,0,0,2,11,0
39,3,2,10,3,0,2,2,0,0,1,9,6,0,0,6,2,39,1,6,2,4,6,5,7,15,8,5,0,0,2,10,30
23,3,3,10,3,0,2,2,0,0,1,1,14,0,0,6,2,39,1,5,1,4,5,5,6,14,8,5,0,0,2,10,30
69,2,2,4,3,0,1,2,0,0,1,6,9,0,0,6,2,39,0,5,2,5,5,4,10,13,8,6,0,0,1,9,30
-100,2,2,20,3,0,1,2,0,0,0,14,1,0,0,6,2,39,0,5,3,5,5,4,9,12,7,6,0,0,2,11,45
2,2,2,9,3,0,1,2,0,0,0,10,5,0,0,6,2,39,1,4,2,4,4,3,8,11,6,5,0,0,2,10,15
63,1,1,7,2,0,1,2,0,0,0,2,13,0,0,6,2,39,0,4,3,4,4,2,8,10,6,4,0,0,1,10,0
30,1,1,18,2,0,2,1,0,0,0,5,10,0,0,6,2,39,1,3,3,3,3,6,8,9,5,3,0,0,2,11,30
38,0,0,0,3,0,1,1,0,0,1,0,15,0,1,6,2,39,1,1,1,1,1,6,8,8,6,4,0,0,1,9,0
-25,0,0,6,3,0,0,1,0,0,2,0,2,0,0,6,2,39,2,0,0,0,0,6,7,7,5,4,0,0,2,9,45
51,0,0,4,3,0,0,0,0,0,2,0,2,0,0,6,2,39,2,0,0,0,0,5,6,6,4,3,0,0,1,9,30
46,0,0,7,2,0,0,0,0,0,2,0,5,0,0,6,2,39,1,0,0,0,0,4,5,5,4,2,0,0,1,10,0
-108,0,0,12,2,0,0,0,0,0,1,0,6,0,0,6,2,39,1,0,0,0,0,3,4,4,3,2,0,0,2,10,45
41,0,0,3,1,0,0,0,0,0,1,0,24,0,0,6,2,39,1,0,0,0,0,3,3,3,2,2,0,0,2,9,15
6,0,0,0,0,0,0,0,0,0,1,0,31,0,1,6,2,39,1,0,0,0,0,2,2,2,1,1,0,0,1,9,0
-40,0,0,0,0,0,0,0,0,0,0,0,45,0,1,6,2,39,0,0,0,0,0,1,1,1,1,1,0,0,1,9,0
59,28,4,53,6,0,2,5,0,0,0,12,3,0,0,5,2,38,2,41,3,6,11,5,10,21,12,9,5,2,1,17,45
69,28,4,49,6,0,2,4,0,0,0,5,10,0,0,5,2,38,2,41,4,7,12,4,11,22,11,9,5,1,2,17,15
-12,28,5,47,6,0,1,4,0,0,1,10,5,0,0,5,2,38,3,40,4,7,12,5,11,21,10,8,5,1,2,17,0
-23,27,4,51,6,0,1,4,0,0,1,0,15,0,0,5,2,38,1,39,4,8,11,7,10,21,12,9,5,1,1,17,30
52,27,4,49,6,0,1,4,0,0,1,14,1,0,0,5,2,38,2,38,3,7,11,6,10,20,11,8,5,1,2,17,15
90,25,4,41,5,0,1,4,1,0,1,13,2,0,0,5,2,38,1,37,4,7,12,8,11,20,12,10,5,1,2,16,15
50,25,4,47,4,0,1,4,1,0,2,12,3,0,0,5,2,38,2,36,3,6,11,7,10,19,11,10,5,1,2,17,0
57,25,4,39,3,0,1,4,1,0,3,5,10,0,0,5,2,38,3,35,3,5,10,6,10,18,10,9,5,1,2,16,0
-102,24,3,54,3,0,1,4,1,0,2,3,12,1,0,5,2,38,2,35,4,5,10,5,11,17,10,8,4,1,3,18,0
0,24,3,51,3,0,1,3,1,0,2,2,13,0,0,5,2,38,2,35,4,5,10,4,10,16,9,7,4,0,1,17,30
48,24,3,41,3,0,1,2,1,0,2,7,8,0,0,5,2,38,1,35,4,6,12,4,12,16,9,7,4,0,2,16,15
31,24,3,45,3,0,1,1,1,0,2,7,8,0,0,5,2,38,0,35,4,6,12,3,11,15,9,6,4,0,2,16,45
3,24,3,39,2,0,2,1,1,0,3,0,15,0,0,5,2,38,2,33,3,5,10,4,11,14,8,5,4,1,2,16,0
-13,23,2,36,3,0,1,1,1,0,4,14,1,0,0,5,2,38,2,31,1,3,10,8,11,15,9,5,4,2,2,15,30
-20,22,1,45,2,0,1,1,1,0,4,5,10,0,0,5,2,38,1,31,2,6,11,9,10,14,9,5,4,2,2,16,45
-8,22,1,37,3,0,1,1,1,0,3,1,14,0,0,5,2,38,2,30,1,5,11,8,10,13,8,4,4,2,2,15,45
-48,21,0,43,3,0,1,1,1,0,2,10,5,0,0,5,2,38,1,30,2,5,11,7,9,13,8,4,4,2,2,16,30
18,21,1,37,2,0,1,1,1,0,2,4,11,0,0,5,2,38,0,30,2,5,13,7,8,12,8,3,4,2,2,15,45
16,21,1,43,2,0,1,0,1,0,2,3,12,0,0,5,2,38,0,30,2,5,13,6,7,11,7,2,4,2,2,16,30
80,21,1,32,2,0,0,0,1,0,2,2,13,0,0,5,2,38,0,30,2,5,13,5,6,10,6,1,4,2,2,15,0
33,21,1,34,2,0,0,0,0,0,2,0,15,0,0,5,2,38,0,30,2,5,13,4,5,9,5,1,4,2,1,15,15
-24,21,1,34,1,0,0,0,0,0,2,9,6,0,0,5,2,38,0,30,4,6,13,3,5,8,4,1,4,2,1,15,15
72,21,1,26,2,0,0,0,0,0,1,6,9,0,0,5,2,38,1,29,3,6,12,2,4,7,3,1,3,2,2,14,15
29,21,3,28,2,0,0,0,0,0,1,6,9,0,0,5,2,38,2,28,3,6,13,2,5,6,2,1,2,2,2,14,30
37,21,5,28,3,0,1,0,0,0,1,50,10,0,0,5,2,38,3,25,2,5,13,2,4,7,3,1,2,1,2,14,30
-6,20,7,26,3,0,1,0,0,0,0,29,31,0,0,5,2,38,1,25,4,8,17,3,4,7,4,0,2,1,2,14,15
54,18,6,23,5,0,0,0,0,0,0,15,45,0,0,5,2,38,1,23,4,6,16,2,3,8,5,2,1,1,1,13,0
-50,18,6,32,4,0,0,0,0,0,0,14,46,0,0,5,2,38,1,23,4,7,16,1,2,7,4,2,1,0,2,15,0
19,14,4,23,7,0,0,0,0,0,0,11,4,0,0,5,2,38,1,19,4,9,17,1,3,13,7,4,1,0,1,13,0
31,12,6,17,8,0,1,3,0,0,0,13,2,0,0,5,2,38,3,13,5,8,13,3,8,20,10,7,1,1,2,12,15
-59,12,7,30,8,0,1,3,0,0,0,9,6,0,0,5,2,38,3,12,5,8,12,2,8,21,10,7,1,1,2,14,45
34,8,6,19,10,0,1,3,0,0,0,5,10,0,0,5,2,38,2,9,4,7,9,4,12,21,13,9,1,1,2,12,30
78,7,6,17,9,0,1,3,0,0,2,8,7,0,0,5,2,38,2,7,3,6,7,6,12,20,14,9,1,1,2,12,15
18,7,6,25,8,0,1,3,0,0,2,6,9,0,0,5,2,38,2,7,4,6,7,5,11,20,13,8,1,1,2,13,15
38,6,6,19,8,0,1,3,0,0,2,9,6,0,0,5,2,38,1,6,4,6,6,7,12,20,14,7,1,1,2,12,30
-5,6,6,13,9,0,1,3,0,0,1,4,11,0,0,5,2,38,2,5,3,5,5,8,13,19,13,6,1,1,2,11,45
-27,6,6,21,9,0,0,3,0,0,1,3,12,0,0,5,2,38,2,5,3,5,5,7,12,18,12,6,0,1,2,12,45
101,5,5,10,8,0,0,3,0,0,1,11,4,0,0,5,2,38,1,5,4,5,5,6,12,17,12,5,0,0,1,11,15
2,4,4,15,9,0,0,3,0,0,1,3,12,0,0,5,2,38,2,3,3,3,3,7,13,17,12,4,0,0,2,12,0
-33,3,3,21,9,0,0,3,0,0,1,12,3,0,0,5,2,38,2,2,2,2,2,7,12,16,12,3,0,0,2,12,45
-132,3,3,30,8,0,0,3,0,0,1,12,3,0,0,5,2,38,2,2,2,2,2,6,11,15,11,3,0,0,2,14,45
36,2,2,10,7,0,0,3,0,0,1,6,9,0,0,5,2,38,1,2,2,2,2,6,11,14,11,2,0,0,1,11,15
21,2,2,12,6,0,0,3,0,0,1,5,10,0,0,5,2,38,1,2,2,2,2,6,10,13,10,2,0,0,2,11,30
43,1,1,8,6,0,0,3,0,0,1,10,5,0,0,5,2,38,0,1,1,1,1,6,9,12,11,2,0,0,2,11,0
33,1,1,15,7,0,0,2,0,0,1,3,12,0,0,5,2,38,1,0,0,0,0,7,9,11,10,2,0,0,2,12,0
-17,1,1,13,7,0,0,1,0,0,1,2,13,0,0,5,2,38,1,0,0,0,0,6,8,10,9,1,0,0,2,11,45
63,0,0,8,7,0,0,0,0,0,1,6,9,0,0,5,2,38,0,0,0,0,0,6,8,9,9,2,0,0,2,11,0
26,0,0,4,6,0,0,0,0,0,1,5,10,0,0,5,2,38,0,0,0,0,0,5,7,8,8,1,0,0,2,10,30
45,0,0,3,5,0,0,0,0,0,1,2,13,0,0,5,2,38,0,0,0,0,0,4,6,7,7,1,0,0,2,10,15
42,0,0,4,4,0,0,0,0,0,1,10,5,0,0,5,2,38,0,0,0,0,0,3,5,6,6,1,0,0,2,10,30
69,0,0,1,3,0,0,0,0,0,1,9,6,0,0,5,2,38,0,0,0,0,0,2,4,5,5,1,0,0,1,10,0
45,0,0,6,3,0,0,0,0,0,0,10,5,0,0,5,2,38,0,0,0,0,0,3,4,4,4,1,0,0,2,10,45
-4,0,0,6,2,0,0,0,0,0,0,0,8,0,0,5,2,38,0,0,0,0,0,3,3,3,3,1,0,0,2,10,45
62,0,0,0,1,0,0,0,0,0,0,0,16,0,1,5,2,38,0,0,0,0,0,2,2,2,2,1,0,0,2,9,45
30,0,0,1,0,0,0,0,0,0,0,0,37,0,0,5,2,38,0,0,0,0,0,1,1,1,1,1,0,0,1,10,0
73,39,5,45,2,0,1,3,0,0,0,13,2,0,0,4,2,37,1,52,2,8,15,1,4,11,6,2,4,0,2,16,15
50,37,7,53,4,0,1,3,0,0,0,8,7,0,0,4,2,37,1,48,6,10,16,4,8,18,8,2,4,0,2,17,15
37,35,7,57,6,0,2,3,0,0,0,3,12,0,0,4,2,37,2,45,4,8,15,6,9,18,10,3,4,0,1,17,45
38,34,7,55,6,0,2,2,0,0,0,1,14,0,0,4,2,37,1,45,4,8,15,5,8,18,10,3,4,0,1,17,30
-7,34,7,51,7,0,1,2,0,0,0,12,3,0,0,4,2,37,2,44,5,7,14,5,8,17,9,2,4,0,2,17,0
-25,34,7,55,6,0,1,2,0,0,1,8,7,0,0,4,2,37,3,43,5,7,13,4,7,16,8,1,4,0,1,17,30
14,34,8,47,6,0,0,3,0,0,1,2,13,0,0,4,2,37,3,42,4,7,13,4,7,15,8,2,4,0,2,16,30
5,32,6,53,5,0,0,3,0,0,1,11,4,0,0,4,2,37,1,42,4,7,13,4,8,15,9,3,4,0,2,17,15
41,31,6,51,5,0,0,2,0,0,2,1,14,0,0,4,2,37,1,41,4,8,12,3,10,14,9,3,4,0,2,17,0
44,29,5,49,5,0,1,3,0,0,2,3,12,0,0,4,2,37,2,38,2,5,9,3,10,15,10,2,4,0,2,16,45
18,29,5,45,4,0,1,3,0,0,2,14,1,0,0,4,2,37,2,38,3,5,9,4,10,15,9,2,4,0,2,16,15
62,27,3,40,4,0,1,3,0,0,2,12,3,0,0,4,2,37,1,37,4,7,9,7,10,14,10,2,4,0,2,15,30
31,26,4,47,3,0,1,5,0,0,2,3,12,0,0,4,2,37,2,35,2,6,9,7,9,15,10,3,4,0,2,16,30
46,26,4,38,3,0,1,5,0,0,1,1,14,0,0,4,2,37,2,35,2,6,9,6,9,14,9,3,4,1,2,15,15
28,26,4,42,3,0,1,5,0,0,0,13,2,0,0,4,2,37,2,35,2,6,9,6,8,13,8,3,4,1,1,15,45
8,25,3,38,3,0,1,5,0,0,0,6,9,0,0,4,2,37,1,34,4,5,8,5,7,12,9,3,4,1,2,15,15
-24,25,3,49,4,0,1,4,0,0,0,4,11,0,0,4,2,37,2,33,3,4,7,4,6,11,8,2,4,1,2,16,45
26,25,3,42,3,0,1,4,0,0,0,4,11,0,0,4,2,37,2,33,3,4,8,3,5,11,7,1,4,1,1,15,45
41,25,3,35,3,0,1,3,0,0,0,10,5,0,0,4,2,37,2,33,3,4,10,3,4,11,6,1,4,1,2,15,0
21,24,3,40,2,0,1,3,0,0,0,14,1,0,0,4,2,37,1,33,4,4,11,3,6,10,6,2,4,2,2,15,30
32,24,3,35,4,0,0,3,1,0,0,2,13,0,0,4,2,37,3,30,1,2,10,2,5,11,6,3,4,2,2,15,0
8,22,1,35,4,0,0,3,1,0,0,2,13,0,0,4,2,37,2,29,0,3,9,3,6,12,7,5,3,2,2,15,0
74,22,3,33,4,0,0,2,1,0,0,25,20,0,0,4,2,37,1,29,1,6,13,3,7,12,7,5,3,1,3,14,45
11,21,3,31,3,0,0,2,1,0,0,19,26,0,0,4,2,37,0,29,3,6,13,3,6,11,7,5,2,1,1,14,15
-213,21,3,58,2,0,0,2,1,0,0,15,30,1,0,4,2,37,0,29,3,7,13,3,5,10,6,4,2,0,1,18,15
22,21,5,32,2,0,0,2,1,0,0,8,7,0,0,4,2,37,1,28,5,8,13,4,7,11,5,3,2,1,2,14,30
-37,21,5,33,3,0,0,2,1,0,0,4,11,0,0,4,2,37,3,26,4,6,12,3,7,11,4,2,2,1,3,14,45
21,20,5,25,3,0,0,1,1,0,0,4,11,0,0,4,2,37,1,26,6,8,12,4,6,12,5,2,2,1,2,12,45
20,19,5,30,3,0,1,2,1,0,0,12,3,0,0,4,2,37,3,23,3,6,11,3,6,12,5,2,2,1,1,13,30
78,18,6,27,3,0,1,2,1,0,0,8,7,0,0,4,2,37,3,22,3,7,13,4,5,14,5,2,2,1,1,13,0
-4,17,5,29,2,0,1,2,1,0,0,6,9,0,0,4,2,37,2,22,4,7,13,3,5,14,5,2,2,1,1,13,15
1,16,4,27,1,0,2,3,1,0,0,10,5,0,0,4,2,37,2,20,4,5,12,3,5,13,6,3,1,1,1,13,0
20,16,4,23,1,0,1,3,1,0,0,8,7,0,0,4,2,37,2,20,4,5,13,2,4,12,5,3,1,0,2,12,30
-53,15,6,44,3,0,1,2,1,0,0,3,12,0,0,4,2,37,3,18,3,4,13,3,6,13,5,4,1,0,2,16,0
10,12,5,22,4,0,2,3,0,0,0,8,7,0,0,4,2,37,3,15,1,6,12,4,9,16,7,3,1,0,2,12,15
-19,12,5,25,4,0,1,3,0,0,0,4,11,0,0,4,2,37,3,15,1,6,14,4,9,15,6,2,1,0,2,12,45
7,12,7,21,4,0,1,2,0,0,0,6,9,0,0,4,2,37,3,15,4,8,14,6,8,15,5,2,1,0,1,12,0
9,11,7,19,4,0,1,2,0,0,0,10,5,0,0,4,2,37,3,14,5,8,13,6,9,15,5,2,1,0,1,11,45
32,9,6,16,3,0,1,2,0,0,0,4,11,0,0,4,2,37,1,14,5,9,13,6,8,15,6,3,1,0,1,11,15
6,9,6,23,4,0,1,1,0,0,0,1,14,0,0,4,2,37,2,13,4,8,12,5,7,14,5,3,1,0,2,12,30
8,8,6,14,3,0,2,1,0,0,0,9,6,0,0,4,2,37,2,12,4,7,11,4,6,13,5,3,1,0,2,11,0
6,8,6,16,4,0,1,1,0,0,0,7,8,0,0,4,2,37,2,11,4,7,10,3,5,12,5,2,1,0,1,11,15
14,8,7,19,5,0,1,1,0,0,0,1,14,0,0,4,2,37,4,9,2,5,9,2,6,13,4,1,1,0,1,11,45
-36,7,6,18,4,0,1,1,0,0,0,6,9,0,0,4,2,37,3,9,4,6,9,3,7,12,4,2,1,1,2,11,30
31,5,5,9,5,0,0,1,0,0,1,1,14,0,0,4,2,37,2,7,3,6,7,4,8,14,6,3,1,1,1,10,15
6,4,4,14,6,0,0,0,0,0,1,12,3,0,0,4,2,37,2,6,3,5,6,5,7,13,6,2,1,1,2,11,0
14,2,2,8,7,0,0,0,0,0,1,4,11,0,0,4,2,37,2,4,3,4,4,5,8,12,7,3,1,1,2,10,0
48,1,1,6,6,0,0,0,0,0,1,1,14,0,0,4,2,37,0,4,3,4,4,5,8,11,8,4,1,1,1,9,45
19,1,1,9,5,0,0,0,0,0,1,0,15,0,0,4,2,37,0,4,3,4,4,4,7,11,7,4,1,1,1,10,15
12,1,1,12,5,0,0,0,0,0,1,13,2,0,0,4,2,37,1,3,2,3,3,3,6,10,6,4,0,1,2,10,45
42,0,0,2,5,0,0,0,1,0,1,14,1,0,0,4,2,37,2,1,0,1,1,3,6,9,6,4,0,0,2,9,15
-10,0,0,11,4,0,0,0,1,0,1,2,13,0,0,4,2,37,1,1,1,1,1,3,7,8,6,5,0,0,2,10,30
21,0,0,6,3,0,0,0,1,0,1,10,5,0,0,4,2,37,0,1,1,1,1,3,6,7,6,5,0,0,1,9,45
-58,0,0,12,3,0,1,0,1,0,0,0,11,0,0,4,2,37,1,0,0,0,0,5,5,6,5,4,0,0,2,10,45
31,0,0,0,2,0,1,0,1,0,0,0,13,0,1,4,2,37,1,0,0,0,0,4,4,5,4,3,0,0,2,9,0
-1,0,0,2,1,0,1,0,1,0,0,0,30,0,0,4,2,37,0,0,0,0,0,3,4,4,4,2,0,0,2,9,15
17,0,0,4,0,0,1,0,1,0,0,0,33,0,0,4,2,37,0,0,0,0,0,2,3,3,3,1,0,0,2,9,30
-11,0,0,4,0,0,1,0,0,0,0,0,36,0,0,4,2,37,0,0,0,0,0,1,2,2,2,1,0,0,2,9,30
-19,0,0,0,0,0,0,0,0,0,0,0,74,0,1,4,2,37,0,0,0,0,0,1,1,1,1,0,0,0,2,9,0
-14,23,4,51,3,0,1,2,0,0,0,3,12,1,0,3,2,36,2,46,3,7,13,4,5,12,5,1,8,2,2,17,30
25,23,5,50,2,0,1,2,0,0,0,14,1,0,0,3,2,36,2,46,4,8,13,3,4,11,4,0,8,1,2,17,15
4,22,5,46,3,0,0,2,0,0,0,0,15,0,0,3,2,36,2,45,5,7,13,2,5,11,4,0,7,2,1,16,45
-33,21,4,51,4,0,0,2,0,0,0,12,3,1,0,3,2,36,3,43,3,7,11,1,5,12,4,1,7,1,2,17,30
28,19,4,43,3,0,1,3,0,0,1,9,6,0,0,3,2,36,3,40,4,7,11,4,8,13,6,1,7,3,1,16,15
-37,18,3,46,4,0,1,4,0,0,0,7,8,0,0,3,2,36,3,38,3,5,10,6,8,13,7,3,7,4,1,16,45
44,18,3,40,3,0,1,4,0,0,0,3,12,0,0,3,2,36,2,38,3,6,10,5,7,12,7,4,6,4,1,15,45
1,17,2,43,3,0,1,3,0,0,2,14,1,0,0,3,2,36,3,36,2,4,8,5,7,11,7,4,6,3,1,16,15
-6,17,2,49,4,0,1,2,0,0,2,3,12,0,0,3,2,36,4,35,2,4,8,4,8,13,6,4,6,4,1,17,0
30,17,2,37,4,0,0,2,0,0,2,0,15,0,0,3,2,36,4,35,2,5,9,3,7,13,5,4,5,4,2,15,15
17,17,2,40,3,0,0,2,0,0,2,14,1,0,0,3,2,36,4,35,2,5,9,2,6,12,4,3,4,3,1,15,45
-57,15,0,45,2,0,0,2,0,0,2,2,13,0,0,3,2,36,1,35,3,6,9,2,6,11,6,6,4,3,3,16,30
-12,15,0,42,4,0,0,1,0,0,2,11,4,0,0,3,2,36,3,33,3,4,9,4,6,13,5,5,3,3,2,16,0
28,15,2,33,5,0,0,1,0,0,1,0,15,0,0,3,2,36,3,32,3,4,8,4,5,12,5,4,3,2,2,14,45
-93,15,2,46,5,0,0,1,0,0,0,13,2,0,0,3,2,36,3,32,3,4,8,3,4,12,4,3,2,2,1,16,45
20,15,2,33,4,0,0,1,0,0,0,8,7,0,0,3,2,36,2,32,3,4,8,2,5,11,4,2,2,1,2,14,45
0,15,2,38,7,0,0,0,0,0,0,38,7,0,0,3,2,36,3,29,0,3,8,2,6,10,5,1,1,1,2,15,30
-11,15,4,31,6,0,0,0,0,0,0,21,24,0,0,3,2,36,2,29,1,5,11,3,8,9,5,1,1,0,1,14,15
-43,13,2,35,6,0,0,0,0,0,0,13,2,0,0,3,2,36,1,28,2,4,12,5,8,14,6,0,1,0,1,15,0
-57,13,2,38,5,0,0,0,0,0,0,10,5,0,0,3,2,36,1,28,3,4,13,4,7,13,5,0,1,0,2,15,30
45,13,2,26,5,0,0,0,0,0,0,3,12,0,0,3,2,36,2,27,3,5,12,5,6,12,4,0,1,0,1,12,45
-47,13,2,35,4,0,0,0,0,0,0,3,12,0,0,3,2,36,2,27,3,5,12,4,5,11,3,0,1,0,1,15,0
-2,12,2,32,3,0,0,1,0,0,0,14,1,0,0,3,2,36,1,26,2,8,13,4,4,12,4,0,1,0,2,14,30
10,11,1,30,3,0,1,1,0,0,0,7,8,0,0,3,2,36,2,24,1,6,11,3,3,12,4,1,1,0,1,13,30
-1,11,1,29,2,0,1,1,0,0,0,7,8,0,0,3,2,36,2,24,1,6,11,2,2,11,3,1,1,0,1,13,15
-17,11,3,28,2,0,0,1,0,0,0,14,1,0,0,3,2,36,0,24,6,8,14,1,7,12,4,2,1,0,1,13,0
56,9,5,21,3,0,3,2,1,0,0,3,12,0,0,3,2,36,2,17,2,5,12,6,9,15,8,5,1,1,2,12,0
34,9,5,24,2,0,3,2,1,0,0,1,14,0,0,3,2,36,2,17,2,5,13,6,8,14,7,4,1,1,2,12,30
-12,9,5,24,1,0,3,2,1,0,0,14,1,0,0,3,2,36,2,17,2,6,13,5,7,13,6,4,1,1,2,12,30
-18,9,5,22,1,0,2,2,1,0,0,8,7,0,0,3,2,36,2,17,3,6,13,4,6,12,5,4,1,1,2,12,15
-12,8,4,22,1,0,1,2,1,0,0,6,9,0,0,3,2,36,1,17,3,7,13,3,5,11,5,3,1,1,2,12,15
6,8,4,20,1,0,0,2,1,0,0,4,11,0,0,3,2,36,1,17,4,7,14,2,4,10,4,2,1,1,1,11,45
-12,7,3,26,2,0,0,2,1,0,0,2,13,0,0,3,2,36,2,15,3,6,14,3,7,10,4,3,1,1,1,12,45
6,5,2,18,3,0,0,3,0,0,0,0,15,0,0,3,2,36,2,13,3,6,12,3,7,13,5,2,1,1,1,11,30
33,5,3,18,3,0,0,2,0,0,0,10,5,0,0,3,2,36,2,13,4,7,12,4,6,13,4,2,0,1,1,11,30
36,4,3,10,2,0,1,3,1,0,0,2,13,0,0,3,2,36,2,10,3,7,10,5,7,15,6,1,0,0,2,10,15
16,4,3,14,1,0,1,3,1,0,0,0,15,0,0,3,2,36,2,10,3,8,10,4,6,14,5,1,0,0,2,11,0
9,4,3,16,1,0,1,2,1,0,0,14,1,0,0,3,2,36,2,10,4,8,10,3,5,13,4,1,0,0,2,11,15
37,4,3,11,1,0,1,2,1,0,0,9,6,0,0,3,2,36,3,9,3,7,9,2,4,12,3,0,0,0,1,10,30
-4,3,3,13,2,0,1,2,1,0,0,5,10,0,0,3,2,36,2,7,4,6,7,2,6,13,5,1,0,0,2,10,45
-40,2,2,16,3,0,1,2,0,0,0,9,6,0,0,3,2,36,2,6,5,6,6,2,7,12,5,1,0,0,2,11,15
9,1,1,8,4,0,1,2,0,0,1,3,12,0,0,3,2,36,2,3,2,3,3,4,9,12,7,2,0,0,1,10,0
19,0,0,2,4,0,2,2,0,0,1,0,15,0,0,3,2,36,1,1,1,1,1,6,10,11,9,3,0,0,2,9,15
-39,0,0,14,4,0,1,2,0,0,1,12,3,0,0,3,2,36,1,1,1,1,1,5,9,10,8,2,0,0,2,11,0
-11,0,0,8,3,0,1,2,0,0,1,9,6,0,0,3,2,36,1,1,1,1,1,6,8,9,7,2,0,0,1,10,0
-15,0,0,11,3,0,1,1,0,0,1,3,12,0,0,3,2,36,0,1,1,1,1,5,7,8,7,2,0,0,1,10,30
-15,0,0,6,3,0,1,1,0,0,0,0,2,0,0,3,2,36,0,1,1,1,1,4,6,7,6,2,0,0,2,9,45
6,0,0,2,3,0,1,1,0,0,0,0,10,0,0,3,2,36,1,0,0,0,0,5,5,6,5,2,0,0,2,9,15
-2,0,0,6,3,0,1,0,0,0,0,0,19,0,0,3,2,36,1,0,0,0,0,4,5,5,4,1,0,0,2,9,45
58,0,0,0,2,0,1,0,0,0,0,0,19,0,1,3,2,36,1,0,0,0,0,3,4,4,3,1,0,0,2,9,0
-21,0,0,0,2,0,0,0,0,0,0,0,37,0,1,3,2,36,0,0,0,0,0,2,3,3,3,1,0,0,2,9,0
-14,0,0,4,1,0,0,0,0,0,0,0,40,0,0,3,2,36,0,0,0,0,0,1,2,2,2,1,0,0,2,9,30
-26,0,0,4,0,0,0,0,0,0,0,0,73,0,0,3,2,36,0,0,0,0,0,1,1,1,1,0,0,0,2,9,30
49,40,5,58,8,0,1,3,1,0,1,3,12,1,0,2,2,35,4,45,4,6,11,5,10,16,11,6,6,2,2,17,30
46,39,4,57,7,0,1,4,1,0,1,6,9,0,0,2,2,35,3,44,4,6,11,5,10,18,12,6,6,3,2,17,15
6,39,4,58,7,0,1,4,1,0,1,13,2,1,0,2,2,35,4,43,4,6,12,4,9,18,11,5,6,3,2,17,30
41,39,5,55,7,0,2,3,1,0,1,13,2,0,0,2,2,35,5,42,3,5,11,3,9,17,10,5,6,3,1,17,0
43,38,4,51,7,0,2,3,0,0,1,8,7,0,0,2,2,35,4,42,3,5,11,4,8,16,10,5,5,3,2,16,30
12,37,3,53,9,0,2,3,0,0,0,9,6,0,0,2,2,35,4,40,2,4,11,6,8,18,11,4,5,2,2,16,45
58,36,3,53,9,0,2,3,0,0,0,13,2,0,0,2,2,35,4,39,2,4,10,6,9,17,11,4,4,2,2,16,45
60,35,2,49,9,0,1,3,0,0,0,8,7,0,0,2,2,35,3,39,2,5,11,5,9,17,11,3,4,1,2,16,15
32,35,2,55,8,0,1,3,0,0,0,6,9,0,0,2,2,35,3,39,3,5,11,5,8,17,10,3,4,1,1,17,0
1,35,2,47,8,0,0,3,0,0,0,5,10,0,0,2,2,35,3,39,3,5,11,4,7,16,9,3,4,1,2,16,0
57,35,2,47,7,0,0,3,0,0,0,11,4,0,0,2,2,35,3,39,3,6,12,3,8,15,8,3,3,2,2,16,0
9,34,3,43,7,0,0,4,0,0,0,13,2,0,0,2,2,35,4,37,2,6,12,4,9,15,8,3,3,1,2,15,30
-6,34,3,51,6,0,0,4,0,0,0,8,7,0,0,2,2,35,3,37,3,6,13,4,8,14,8,4,3,1,2,16,30
56,34,5,41,6,0,0,4,1,0,0,7,8,0,0,2,2,35,3,35,2,6,12,6,10,13,9,6,3,1,2,15,15
-41,33,4,45,6,0,0,3,1,0,0,0,15,0,0,2,2,35,2,35,4,6,13,5,9,13,9,6,3,1,2,15,45
50,33,4,39,5,0,0,3,1,0,0,11,4,0,0,2,2,35,2,35,4,6,13,5,8,12,8,5,3,1,2,15,0
51,33,6,45,6,0,0,2,1,0,0,3,12,0,0,2,2,35,2,34,3,7,16,5,9,12,8,6,3,1,2,15,45
52,33,6,43,7,0,0,1,1,0,0,1,14,0,0,2,2,35,3,33,2,6,15,4,8,11,7,5,2,1,2,15,30
-10,33,6,49,7,0,0,0,1,0,0,10,5,0,0,2,2,35,3,33,3,6,15,5,7,10,6,4,2,0,2,16,15
16,31,6,36,8,0,0,0,1,0,0,44,1,0,0,2,2,35,3,31,2,6,14,4,7,10,7,6,2,1,2,14,30
-6,31,7,41,7,0,0,0,1,0,0,35,10,0,0,2,2,35,2,31,3,8,16,5,6,10,7,6,2,1,2,15,15
-7,31,8,39,7,0,0,0,0,0,0,29,16,0,0,2,2,35,2,31,4,8,16,4,5,9,6,5,2,1,2,15,0
28,31,8,37,6,0,0,0,0,0,0,28,17,0,0,2,2,35,2,31,4,8,16,3,4,8,5,4,2,1,2,14,45
48,28,6,33,6,0,0,1,0,0,0,9,36,0,0,2,2,35,1,29,5,8,15,3,4,8,7,6,2,1,1,13,30
-7,28,7,37,6,0,0,1,0,0,0,7,38,0,0,2,2,35,2,28,4,9,14,2,3,9,6,5,2,1,2,14,45
95,26,7,27,7,0,0,1,0,0,0,6,9,0,0,2,2,35,2,26,3,8,14,1,3,11,7,6,1,1,2,12,45
-9,22,6,35,8,0,0,2,0,0,0,2,13,0,0,2,2,35,1,23,6,9,15,3,4,14,10,8,1,0,1,14,15
5,20,5,30,11,0,0,2,1,0,0,3,12,0,0,2,2,35,4,18,3,5,12,3,7,14,11,8,1,0,1,13,0
6,18,4,33,12,0,0,1,1,0,0,5,10,0,0,2,2,35,3,17,3,5,12,2,9,14,12,7,1,0,1,13,30
83,18,5,25,11,0,0,1,1,0,0,14,1,0,0,2,2,35,3,17,3,6,13,2,8,14,11,6,1,0,3,12,30
21,16,7,30,12,0,0,2,1,0,0,1,14,0,0,2,2,35,2,14,3,6,12,7,10,16,14,9,1,0,1,13,0
42,16,8,32,11,0,0,2,1,0,0,9,6,0,0,2,2,35,2,14,3,8,13,7,9,15,13,8,1,0,2,13,15
85,16,8,23,10,0,0,2,1,0,0,7,8,0,0,2,2,35,2,14,3,8,13,6,8,14,12,7,1,0,2,12,15
81,16,8,14,10,0,0,2,0,0,0,5,10,0,0,2,2,35,2,14,5,8,13,5,8,13,11,6,1,0,2,11,0
99,15,8,20,9,0,0,4,0,0,0,1,14,0,0,2,2,35,3,12,3,6,11,4,7,13,11,6,1,0,2,11,45
39,15,8,21,9,0,0,3,0,0,0,0,15,0,0,2,2,35,3,12,3,7,11,3,6,13,10,5,1,0,2,12,0
6,14,8,25,8,0,0,3,0,0,0,6,9,0,0,2,2,35,2,12,4,7,12,3,6,14,10,5,1,0,3,12,30
37,13,8,23,8,0,0,3,0,0,0,13,2,0,0,2,2,35,2,11,4,7,11,3,6,15,10,6,1,0,2,12,15
40,10,7,18,10,0,0,3,0,0,0,8,7,0,0,2,2,35,2,8,3,6,8,4,8,15,12,6,1,0,1,11,30
23,9,6,27,9,0,0,3,0,0,0,2,13,0,0,2,2,35,1,8,3,6,8,4,7,15,12,7,1,0,2,12,45
41,8,6,18,9,0,0,3,1,0,0,6,9,0,0,2,2,35,2,6,3,5,6,4,6,15,12,7,1,0,1,11,30
-9,6,5,21,9,0,0,3,1,0,0,11,4,0,0,2,2,35,1,5,3,4,5,4,8,17,13,6,1,0,2,12,0
67,6,5,16,8,0,0,3,1,0,0,5,10,0,0,2,2,35,1,5,3,5,5,4,9,16,12,5,1,1,2,11,15
29,5,5,10,8,0,0,3,1,0,1,6,9,0,0,2,2,35,2,3,2,3,3,3,9,16,12,6,1,1,2,10,30
-56,5,5,27,7,0,0,3,1,0,1,0,15,0,0,2,2,35,2,3,2,3,3,4,8,16,11,6,1,1,2,12,45
35,4,4,14,7,0,1,2,1,0,1,11,4,0,0,2,2,35,2,2,1,2,2,4,7,15,11,5,1,1,2,11,0
6,2,2,16,7,0,1,2,1,0,1,2,13,0,0,2,2,35,1,1,1,1,1,6,10,14,12,5,1,1,2,11,15
41,2,2,7,6,0,1,2,1,0,1,1,14,0,0,2,2,35,1,1,1,1,1,5,10,13,11,4,1,1,1,10,0
36,1,1,10,5,0,1,2,1,0,1,15,15,0,0,2,2,35,0,1,1,1,1,4,9,12,11,4,1,1,2,10,30
24,1,1,12,5,0,1,1,1,0,1,10,5,0,0,2,2,35,0,1,1,1,1,3,9,11,10,4,0,1,2,10,45
36,1,1,9,5,0,1,1,1,0,1,5,10,0,0,2,2,35,1,0,0,0,0,4,8,10,9,4,0,0,2,10,15
33,1,1,12,5,0,1,0,1,0,1,3,12,0,0,2,2,35,1,0,0,0,0,3,7,9,8,3,0,0,2,10,45
16,0,0,2,4,0,1,0,1,0,1,0,6,0,0,2,2,35,0,0,0,0,0,6,8,8,8,3,0,0,1,9,15
41,0,0,5,3,0,1,0,1,0,1,0,8,0,0,2,2,35,0,0,0,0,0,5,7,7,7,2,0,0,2,9,45
32,0,0,7,3,0,1,0,0,0,1,0,24,0,0,2,2,35,0,0,0,0,0,5,6,6,6,2,0,0,1,10,0
29,0,0,5,2,0,1,0,0,0,1,0,26,0,0,2,2,35,0,0,0,0,0,4,5,5,5,2,0,0,2,9,45
37,0,0,0,2,0,0,0,0,0,1,0,29,0,1,2,2,35,0,0,0,0,0,4,4,4,4,1,0,0,2,9,0
28,0,0,4,1,0,0,0,0,0,1,0,31,0,0,2,2,35,0,0,0,0,0,3,3,3,3,1,0,0,2,9,30
17,0,0,0,0,0,0,0,0,0,1,0,45,0,1,2,2,35,0,0,0,0,0,2,2,2,2,1,0,0,2,9,0
38,0,0,2,0,0,0,0,0,0,0,0,56,0,0,2,2,35,0,0,0,0,0,1,1,1,1,0,0,0,1,9,15
38,31,5,47,1,0,1,3,0,0,0,4,11,0,0,6,2,32,2,49,5,9,15,3,5,13,4,2,4,1,2,16,30
10,31,5,52,1,0,0,3,0,0,0,3,12,0,0,6,2,32,2,49,5,9,15,2,4,12,3,1,4,1,2,17,15
-9,31,5,53,3,0,0,2,0,0,0,14,1,1,0,6,2,32,2,47,5,8,14,2,8,13,4,0,3,1,2,17,30
10,29,5,45,3,0,1,3,0,0,0,10,5,0,0,6,2,32,2,44,4,8,11,4,8,15,6,2,3,1,1,16,15
2,29,6,45,4,0,0,4,0,0,0,14,1,0,0,6,2,32,3,42,3,8,10,6,8,16,6,1,3,1,1,16,15
27,26,4,40,4,0,0,4,1,0,0,12,3,0,0,6,2,32,2,40,4,7,9,6,8,16,8,2,3,1,2,15,30
-83,26,4,53,3,0,0,4,1,0,0,11,4,1,0,6,2,32,2,40,4,7,9,5,7,15,7,1,3,1,2,17,30
7,26,5,48,3,0,0,3,1,0,0,8,7,0,0,6,2,32,2,40,5,7,9,4,6,14,6,1,3,1,2,16,45
-37,26,5,50,2,0,0,3,1,0,0,6,9,0,0,6,2,32,2,40,6,7,9,4,6,13,5,1,3,1,1,17,0
39,26,5,38,2,0,0,3,1,0,0,1,14,0,0,6,2,32,2,39,5,6,8,3,6,13,5,2,3,1,2,15,15
-16,26,5,50,3,0,0,2,2,0,0,8,7,0,0,6,2,32,3,37,3,4,6,2,7,12,5,2,2,2,1,17,0
-9,24,3,48,4,0,0,2,2,0,0,7,8,0,0,6,2,32,2,35,2,2,6,2,8,11,7,4,2,1,2,16,45
5,23,2,38,3,0,0,2,3,0,0,6,9,0,0,6,2,32,2,34,1,2,8,6,8,11,7,4,2,1,2,15,15
-14,21,1,42,4,0,0,2,2,0,0,6,9,0,0,6,2,32,1,33,0,2,9,6,8,11,8,4,2,1,1,15,45
-12,21,1,42,4,0,0,1,2,0,0,3,12,0,0,6,2,32,1,33,1,2,10,5,8,10,7,4,2,1,1,15,45
22,21,1,40,4,0,0,0,2,0,0,12,3,0,0,6,2,32,1,33,1,2,10,5,7,11,6,3,2,1,2,15,30
-52,21,1,44,3,0,0,0,2,0,0,10,5,0,0,6,2,32,0,33,1,2,10,4,6,10,6,3,1,1,2,16,0
4,21,1,34,2,0,0,0,2,0,0,6,9,0,0,6,2,32,0,33,1,2,11,3,5,9,5,3,1,0,2,14,45
120,21,1,31,2,0,0,0,1,0,0,55,5,0,0,6,2,32,0,33,2,4,12,3,4,9,4,3,1,0,1,13,15
-35,21,3,36,2,0,0,0,1,0,0,46,14,0,0,6,2,32,1,32,1,4,13,3,4,8,3,2,1,0,2,15,0
8,21,4,33,2,0,0,0,0,0,0,28,32,0,0,6,2,32,1,32,3,7,15,2,4,9,2,1,1,0,2,14,30
18,20,4,34,2,0,0,0,0,0,0,19,41,0,0,6,2,32,1,31,2,7,15,2,3,8,2,1,1,0,2,14,45
42,20,6,29,3,0,0,0,0,0,0,6,9,0,0,6,2,32,2,29,5,10,16,2,5,11,2,2,1,0,1,13,0
-48,17,3,32,5,0,0,0,0,0,1,0,15,0,0,6,2,32,2,25,4,8,15,4,6,14,5,4,1,0,1,14,15
47,16,3,22,4,0,0,2,0,0,1,2,13,0,0,6,2,32,3,23,4,7,15,3,7,15,5,3,1,0,3,12,15
34,16,3,25,3,0,0,2,0,0,1,1,14,0,0,6,2,32,3,23,4,7,15,2,6,14,4,2,1,0,1,12,30
29,15,3,25,2,0,0,4,0,0,1,4,11,0,0,6,2,32,3,21,2,7,14,2,5,14,5,2,1,0,1,12,30
45,14,5,19,3,0,0,4,1,0,0,6,9,0,0,6,2,32,1,19,5,8,15,4,9,15,8,5,1,1,2,11,45
13,14,5,20,5,0,0,3,1,0,0,1,14,0,0,6,2,32,2,17,3,7,14,3,9,14,8,5,1,1,3,12,0
-11,13,4,29,4,0,0,3,2,0,0,4,11,0,0,6,2,32,1,16,4,7,15,4,10,14,9,6,1,1,1,13,0
102,13,4,14,3,0,0,3,2,0,0,3,12,0,0,6,2,32,1,16,4,8,15,4,9,13,8,5,1,1,1,11,0
-7,12,7,25,5,0,0,3,2,0,0,14,1,0,0,6,2,32,3,13,3,7,12,6,9,12,8,6,1,1,1,12,30
6,12,7,17,4,0,0,3,2,0,0,12,3,0,0,6,2,32,3,13,3,7,12,5,9,11,7,5,1,1,1,11,30
-13,10,5,22,4,0,0,3,2,0,0,3,12,0,0,6,2,32,2,12,3,7,12,6,8,12,8,6,1,1,3,12,15
-193,9,5,36,4,0,0,3,1,0,0,0,15,0,0,6,2,32,1,12,4,8,12,5,8,12,8,5,0,1,2,15,0
-30,9,5,28,4,0,0,2,1,0,0,11,4,0,0,6,2,32,1,12,5,8,12,4,7,11,7,5,0,0,2,12,45
-13,9,5,22,5,0,0,1,1,0,0,5,10,0,0,6,2,32,2,11,4,7,11,4,6,11,6,4,0,0,3,12,15
12,9,7,14,5,0,0,2,1,0,0,9,6,0,0,6,2,32,2,9,3,7,9,4,6,12,7,4,0,0,1,11,0
84,9,7,7,5,0,0,2,0,0,0,8,7,0,0,6,2,32,2,9,3,7,9,3,5,11,6,3,0,0,2,10,0
15,7,6,13,5,0,0,2,1,0,0,5,10,0,0,6,2,32,2,7,3,6,7,3,4,13,7,4,0,0,2,10,45
-20,5,4,20,4,0,0,3,1,0,0,13,2,0,0,6,2,32,1,6,3,5,6,3,3,12,8,5,0,0,3,12,0
-41,4,4,17,4,0,0,4,1,0,0,1,14,0,0,6,2,32,2,4,3,4,4,2,4,13,8,6,0,0,1,11,30
2,2,2,11,5,0,0,3,1,0,0,0,15,0,0,6,2,32,1,3,2,3,3,1,6,13,9,6,0,0,1,10,30
-28,0,0,16,6,0,0,3,1,0,0,10,5,0,0,6,2,32,0,1,1,1,1,5,9,12,11,8,0,0,2,11,15
15,0,0,7,5,0,0,3,2,0,0,6,9,0,0,6,2,32,1,0,0,0,0,5,8,11,10,8,0,0,2,10,0
0,0,0,9,5,0,0,3,1,0,0,1,14,0,0,6,2,32,1,0,0,0,0,6,9,10,9,8,0,0,2,10,15
18,0,0,2,4,0,0,3,1,0,0,0,6,0,0,6,2,32,1,0,0,0,0,6,9,9,8,7,0,0,2,9,15
13,0,0,9,3,0,0,3,1,0,0,0,13,0,0,6,2,32,0,0,0,0,0,5,8,8,8,6,0,0,2,10,15
33,0,0,11,3,0,0,2,1,0,0,0,20,0,0,6,2,32,0,0,0,0,0,4,7,7,7,5,0,0,1,10,30
18,0,0,3,2,0,0,2,1,0,0,0,24,0,0,6,2,32,0,0,0,0,0,3,6,6,6,4,0,0,2,9,30
17,0,0,5,2,0,0,1,1,0,0,0,26,0,0,6,2,32,0,0,0,0,0,3,5,5,5,3,0,0,2,9,45
15,0,0,3,2,0,0,0,1,0,0,0,35,0,0,6,2,32,0,0,0,0,0,4,4,4,4,2,0,0,2,9,30
-17,0,0,5,1,0,0,0,1,0,0,0,55,0,0,6,2,32,0,0,0,0,0,3,3,3,3,2,0,0,2,9,45
-9,0,0,0,1,0,0,0,0,0,0,0,57,0,1,6,2,32,0,0,0,0,0,2,2,2,2,1,0,0,1,9,0
11,0,0,0,0,0,0,0,0,0,0,0,64,0,1,6,2,32,0,0,0,0,0,1,1,1,1,1,0,0,1,9,0
-12,33,3,54,0,0,4,1,0,0,0,6,9,1,0,5,1,31,0,49,3,8,12,2,5,10,6,4,9,2,2,17,45
12,33,3,52,1,0,3,1,1,0,0,4,11,0,0,5,1,31,2,47,2,6,10,1,4,9,5,3,9,1,1,17,30
-12,33,6,52,2,0,2,2,1,0,0,3,12,0,0,5,1,31,3,45,4,7,12,3,5,14,5,4,8,2,1,17,30
13,32,7,51,2,0,1,4,1,0,0,3,12,0,0,5,1,31,3,43,4,6,12,3,5,15,6,6,8,1,2,17,15
40,30,6,46,2,0,0,4,1,0,0,0,15,0,0,5,1,31,1,43,4,6,12,2,6,14,7,5,8,2,2,16,30
-1,30,6,50,3,0,0,4,1,0,0,14,1,0,0,5,1,31,2,41,4,4,12,2,5,14,7,5,7,2,1,17,0
29,28,4,48,4,0,0,3,2,0,0,10,5,0,0,5,1,31,2,39,2,5,11,4,10,13,8,5,7,3,1,16,45
13,26,4,44,6,0,0,3,1,0,0,6,9,0,0,5,1,31,2,37,1,5,9,4,10,15,9,6,7,3,2,16,15
40,25,3,36,5,0,0,3,1,0,0,2,13,0,0,5,1,31,1,37,2,6,10,6,10,14,9,5,6,3,3,15,15
16,24,2,43,4,0,0,3,1,0,0,0,15,0,0,5,1,31,0,37,2,6,10,6,9,13,9,6,6,2,2,16,0
3,24,3,38,4,0,0,3,0,0,0,11,4,0,0,5,1,31,0,37,5,8,14,7,9,15,8,6,5,3,2,15,30
12,24,3,41,3,0,0,4,0,0,0,5,10,0,0,5,1,31,1,36,5,7,14,6,8,14,7,5,5,2,1,15,45
18,24,3,36,3,0,0,4,0,0,0,3,12,0,0,5,1,31,2,35,4,6,13,6,7,14,6,4,4,2,3,15,15
-1,24,3,46,3,0,0,3,0,0,0,3,12,0,0,5,1,31,2,35,4,6,13,5,6,13,5,3,4,1,2,16,30
-35,24,3,48,3,0,0,2,0,0,0,1,14,0,0,5,1,31,2,35,4,6,13,4,5,12,4,2,4,1,1,16,45
30,24,4,41,3,0,0,1,0,0,0,12,3,0,0,5,1,31,2,35,4,7,13,3,4,12,3,1,4,1,1,15,45
16,23,3,35,3,0,1,1,1,0,0,14,1,0,0,5,1,31,2,32,3,4,11,3,6,12,5,2,4,1,2,15,0
-6,22,2,33,3,0,1,1,1,0,0,5,10,0,0,5,1,31,2,31,2,4,11,2,5,11,5,2,4,1,1,14,45
1,21,1,32,3,0,0,2,1,0,0,37,8,0,0,5,1,31,2,30,2,4,11,1,5,12,5,3,3,2,2,14,30
-54,20,3,38,4,0,0,2,1,0,0,6,39,0,0,5,1,31,1,28,2,6,15,4,8,14,7,3,3,3,2,15,30
128,20,3,20,3,0,0,2,1,0,0,4,41,0,0,5,1,31,1,28,2,6,15,3,7,13,6,3,3,3,2,12,15
200,20,3,18,2,0,0,2,1,0,0,4,41,0,0,5,1,31,1,28,2,6,15,2,6,12,5,2,3,3,3,12,0
-79,20,3,33,1,0,0,2,2,0,0,0,15,0,0,5,1,31,1,27,5,7,15,4,7,11,5,3,2,3,1,14,45
40,19,2,30,1,0,0,3,1,0,0,2,13,0,0,5,1,31,1,26,4,8,16,5,8,11,5,3,2,2,1,13,30
-84,19,2,38,1,0,0,2,1,0,0,2,13,0,0,5,1,31,1,26,4,8,16,4,7,11,4,2,1,2,2,15,30
28,18,2,29,1,0,2,3,1,0,0,5,10,0,0,5,1,31,4,22,2,6,13,3,6,12,4,2,1,1,1,13,15
-31,17,2,31,1,0,2,2,1,0,0,14,1,0,0,5,1,31,3,22,2,9,13,3,7,11,4,3,0,1,1,14,15
10,17,5,25,1,0,1,2,1,0,0,3,12,0,0,5,1,31,1,22,4,9,16,4,6,11,5,3,0,0,2,12,45
-18,17,6,27,3,0,0,2,1,0,0,3,12,0,0,5,1,31,3,20,6,8,15,3,5,12,4,3,0,0,1,13,0
-25,17,7,27,2,0,0,3,1,0,0,8,7,0,0,5,1,31,3,19,6,8,15,4,4,11,4,3,0,0,1,13,0
19,17,7,25,2,0,0,3,0,0,0,5,10,0,0,5,1,31,3,19,6,8,16,3,4,10,3,3,0,0,2,12,45
-18,15,8,23,3,0,2,4,0,0,0,2,13,0,0,5,1,31,4,14,2,5,13,2,6,11,6,5,0,0,2,12,30
2,15,8,18,2,0,2,4,0,0,0,0,15,0,0,5,1,31,4,14,2,5,13,1,5,10,5,4,0,0,3,12,0
-255,10,7,44,2,0,3,4,1,0,0,7,8,0,0,5,1,31,2,11,5,7,11,5,7,15,9,6,0,0,2,16,15
32,9,6,20,3,0,3,3,1,0,0,2,13,0,0,5,1,31,2,10,4,7,10,4,6,15,9,6,0,0,2,12,15
26,9,6,15,3,0,2,3,1,0,0,12,3,0,0,5,1,31,2,9,5,8,10,3,5,14,8,5,0,0,1,11,15
65,9,6,12,4,0,1,3,1,0,0,8,7,0,0,5,1,31,3,9,4,7,9,2,6,14,7,5,0,0,1,10,30
3,6,4,17,6,0,1,2,1,0,0,10,5,0,0,5,1,31,2,7,2,6,7,3,6,14,9,5,0,0,2,11,45
-31,5,4,23,8,0,1,1,1,0,0,7,8,0,0,5,1,31,3,5,3,4,5,4,9,15,9,5,0,0,2,12,30
22,5,4,15,7,0,1,1,1,0,0,5,10,0,0,5,1,31,3,5,4,4,5,3,8,14,8,4,0,0,1,11,15
20,3,3,14,9,0,1,1,1,0,0,9,6,0,0,5,1,31,2,2,1,2,2,7,9,15,11,5,0,0,2,11,0
25,3,3,13,9,0,0,1,1,0,0,8,7,0,0,5,1,31,2,2,1,2,2,6,9,14,10,5,0,0,1,10,45
-14,2,2,10,8,0,0,1,2,0,0,11,4,0,0,5,1,31,2,1,0,1,1,6,9,13,10,4,0,0,1,10,15
41,1,1,8,7,0,0,1,2,0,0,5,10,0,0,5,1,31,1,1,1,1,1,5,8,12,10,4,0,0,2,10,0
-135,1,1,20,6,0,0,1,2,0,0,1,14,0,0,5,1,31,1,1,1,1,1,5,7,11,9,4,0,0,2,12,15
65,1,1,4,5,0,0,1,2,0,0,14,1,0,0,5,1,31,1,1,1,1,1,4,6,10,8,4,0,0,2,9,30
35,1,1,10,4,0,0,1,2,0,0,10,5,0,0,5,1,31,1,1,1,1,1,3,5,9,7,3,0,0,1,10,15
79,1,1,6,4,0,0,0,2,0,0,5,10,0,0,5,1,31,0,1,1,1,1,3,7,8,7,4,0,0,2,9,45
53,1,1,8,4,0,1,0,1,0,0,3,12,0,0,5,1,31,1,0,0,0,0,3,7,7,6,4,0,0,2,10,0
27,0,0,6,3,0,1,0,1,0,0,0,7,0,0,5,1,31,0,0,0,0,0,3,6,6,6,3,0,0,2,9,45
-6,0,0,4,3,0,1,0,0,0,0,0,12,0,0,5,1,31,0,0,0,0,0,4,5,5,5,2,0,0,2,9,30
35,0,0,2,2,0,1,0,0,0,0,0,36,0,0,5,1,31,0,0,0,0,0,4,4,4,4,1,0,0,2,9,15
0,0,0,0,2,0,0,0,0,0,0,0,37,0,1,5,1,31,0,0,0,0,0,3,3,3,3,1,0,0,2,9,0
62,0,0,2,1,0,0,0,0,0,0,0,40,0,0,5,1,31,0,0,0,0,0,2,2,2,2,1,0,0,2,9,15
38,0,0,0,0,0,0,0,0,0,0,0,43,0,1,5,1,31,0,0,0,0,0,1,1,1,1,0,0,0,2,9,0
44,41,6,52,0,0,0,1,0,0,0,36,0,1,0,4,1,30,1,52,3,6,11,1,1,3,1,1,8,0,2,17,30
38,34,3,51,3,0,0,3,0,0,1,7,8,0,0,4,1,30,1,45,3,5,12,2,4,12,7,2,8,3,2,17,15
35,34,4,48,3,0,1,3,0,0,1,11,4,0,0,4,1,30,3,43,2,3,10,1,5,12,6,2,7,4,1,17,0
34,32,4,42,5,0,0,3,0,0,1,4,11,0,0,4,1,30,2,41,3,7,12,6,8,15,8,3,6,5,2,16,0
21,31,4,48,5,0,0,3,0,0,1,7,8,0,0,4,1,30,1,40,3,7,12,6,9,14,9,4,5,4,1,17,0
32,31,4,48,5,0,0,2,0,0,1,3,12,0,0,4,1,30,1,40,6,7,13,6,8,13,8,4,4,3,1,17,0
25,30,3,46,4,0,0,2,0,0,1,12,3,0,0,4,1,30,0,40,6,7,14,5,8,13,8,3,4,2,3,16,45
38,30,3,43,3,0,0,2,0,0,1,11,4,0,0,4,1,30,0,40,6,7,14,4,7,12,7,2,4,2,1,16,15
23,30,3,52,4,0,0,2,0,0,1,9,6,1,0,4,1,30,2,38,4,5,12,3,6,11,6,2,3,2,2,17,30
-17,30,4,45,5,0,0,2,0,0,0,9,6,0,0,4,1,30,2,37,4,5,12,4,7,12,6,3,2,1,2,16,30
18,29,3,43,7,0,0,1,0,0,0,5,10,0,0,4,1,30,2,35,2,3,10,3,6,11,7,4,2,0,1,16,15
27,27,1,39,7,0,1,1,0,0,0,12,3,0,0,4,1,30,1,33,1,5,12,5,7,11,9,4,2,0,1,15,30
-42,27,1,46,6,0,1,1,0,0,0,11,4,0,0,4,1,30,1,33,1,5,12,4,6,10,8,4,2,0,3,16,45
-18,27,2,41,5,0,1,1,0,0,0,2,13,0,0,4,1,30,1,33,1,6,13,4,5,10,7,3,2,0,1,15,45
29,27,3,37,4,0,1,1,0,0,0,4,11,0,0,4,1,30,1,33,4,7,14,4,6,11,6,2,2,1,2,15,15
-9,27,4,39,3,0,1,1,0,0,0,0,15,0,0,4,1,30,1,33,4,7,14,3,6,10,5,2,2,1,1,15,30
-2,26,3,36,3,0,1,1,0,0,0,5,10,0,0,4,1,30,0,32,5,7,15,2,5,10,6,4,2,1,2,15,0
29,26,5,34,3,0,2,2,0,0,0,34,11,0,0,4,1,30,2,29,3,7,13,3,5,10,6,4,2,2,1,14,45
60,24,6,30,4,0,2,3,0,0,0,13,32,0,0,4,1,30,2,26,2,6,13,4,6,13,8,3,1,2,1,13,30
-53,24,7,37,4,0,1,3,0,0,0,5,40,0,0,4,1,30,2,26,4,6,14,3,6,13,7,2,1,1,2,15,15
142,23,6,27,4,0,1,2,0,0,0,1,44,0,0,4,1,30,1,26,5,7,14,2,5,12,7,2,1,1,1,13,0
18,22,6,34,4,0,1,2,0,0,0,2,13,0,0,4,1,30,1,25,5,8,14,2,5,11,7,2,0,1,1,14,45
-22,18,5,32,5,0,2,4,0,0,0,3,12,0,0,4,1,30,2,20,3,6,12,4,9,14,10,3,0,0,1,14,15
84,18,5,23,5,0,1,4,0,0,0,13,2,0,0,4,1,30,2,20,3,7,12,3,8,14,9,3,0,0,2,12,30
9,18,6,25,5,0,1,3,0,0,0,11,4,0,0,4,1,30,2,20,3,7,12,2,7,13,8,3,0,0,2,12,45
15,16,4,30,5,0,1,4,0,0,0,8,7,0,0,4,1,30,1,18,4,7,12,5,7,13,10,4,0,0,1,13,30
34,15,5,23,5,0,1,4,0,0,0,10,5,0,0,4,1,30,1,17,5,7,13,5,6,13,10,5,0,0,2,12,30
49,15,5,21,6,0,0,4,0,0,0,4,11,0,0,4,1,30,2,16,4,6,13,5,6,13,9,5,0,0,2,12,15
58,14,6,21,5,0,0,5,0,0,0,14,1,0,0,4,1,30,2,15,3,7,12,4,6,13,9,5,0,0,2,12,15
38,13,5,19,4,0,0,5,0,0,0,14,1,0,0,4,1,30,1,15,3,7,12,3,5,12,9,6,0,0,2,12,0
-50,13,5,29,4,0,0,5,0,0,0,6,9,0,0,4,1,30,2,14,3,6,12,2,5,11,8,5,0,0,2,13,15
33,12,4,25,6,0,0,4,0,0,0,8,7,0,0,4,1,30,2,12,2,4,11,1,6,11,9,5,0,0,2,12,45
40,10,5,17,7,0,0,4,0,0,0,6,9,0,0,4,1,30,2,10,2,7,10,5,8,14,10,6,0,0,1,11,30
32,9,4,27,7,0,0,4,0,0,0,2,13,0,0,4,1,30,2,9,1,6,9,4,7,13,10,5,0,0,1,13,0
-23,8,3,33,6,0,0,5,0,0,0,12,3,0,0,4,1,30,2,8,1,6,8,4,7,13,10,4,0,0,2,14,30
-12,8,5,19,6,0,0,4,0,0,0,5,10,0,0,4,1,30,2,8,2,6,8,3,7,14,9,4,0,0,2,12,0
45,8,5,18,6,0,0,3,0,0,0,2,13,0,0,4,1,30,2,8,2,6,8,2,6,13,8,3,0,0,2,11,45
47,6,4,16,6,0,0,3,0,0,0,13,2,0,0,4,1,30,1,7,4,7,7,4,5,16,9,4,0,0,1,11,15
59,6,6,14,5,0,1,3,0,0,0,2,13,0,0,4,1,30,2,6,5,6,6,4,6,15,8,4,0,0,1,11,0
34,5,5,11,6,0,1,3,0,0,1,8,7,0,0,4,1,30,3,3,2,3,3,3,7,15,9,4,0,0,1,10,30
0,5,5,14,5,0,1,3,0,0,1,0,15,0,0,4,1,30,3,3,3,3,3,2,7,14,8,4,0,0,1,11,0
-17,3,3,11,5,0,1,3,0,0,1,6,9,0,0,4,1,30,2,2,2,2,2,3,8,13,9,4,0,0,1,10,30
-15,1,1,7,6,0,0,3,0,0,2,7,8,0,0,4,1,30,1,0,0,0,0,6,11,12,11,4,0,0,2,10,0
22,1,1,9,6,0,0,2,0,0,2,7,8,0,0,4,1,30,1,0,0,0,0,5,10,11,10,4,0,0,2,10,15
15,0,0,2,6,0,0,2,0,0,1,0,15,0,0,4,1,30,0,0,0,0,0,6,9,10,10,4,0,0,2,9,15
103,0,0,7,5,0,0,2,0,0,1,11,4,0,0,4,1,30,0,0,0,0,0,5,9,9,9,3,0,0,2,10,0
28,0,0,6,5,0,0,1,0,0,1,1,14,0,0,4,1,30,0,0,0,0,0,6,8,8,8,3,0,0,2,9,45
17,0,0,9,5,0,0,0,0,0,1,0,3,0,0,4,1,30,0,0,0,0,0,6,7,7,7,3,0,0,2,10,15
138,0,0,0,4,0,0,0,0,0,1,0,9,0,1,4,1,30,0,0,0,0,0,5,6,6,6,2,0,0,2,9,0
20,0,0,0,3,0,0,0,0,0,1,0,13,0,1,4,1,30,0,0,0,0,0,4,5,5,5,1,0,0,2,9,0
12,0,0,2,3,0,0,0,0,0,0,0,19,0,0,4,1,30,0,0,0,0,0,4,4,4,4,1,0,0,2,9,15
27,0,0,4,2,0,0,0,0,0,0,0,25,0,0,4,1,30,0,0,0,0,0,3,3,3,3,1,0,0,1,9,30
29,0,0,13,1,0,0,0,0,0,0,0,30,0,0,4,1,30,0,0,0,0,0,2,2,2,2,1,0,0,2,10,45
21,0,0,4,0,0,0,0,0,0,0,0,46,0,0,4,1,30,0,0,0,0,0,1,1,1,1,0,0,0,1,9,30
38,30,4,50,3,0,0,3,0,0,0,8,7,0,0,3,1,29,1,54,6,9,16,3,6,13,6,3,7,2,2,16,30
16,29,4,59,6,0,2,2,1,0,0,0,15,1,0,3,1,29,5,48,3,6,12,4,7,15,7,3,6,2,2,17,30
18,29,4,57,5,0,2,2,1,0,0,0,15,0,0,3,1,29,5,48,3,6,12,3,6,14,6,3,6,1,2,17,15
-1,28,3,55,4,0,2,3,1,0,0,2,13,0,0,3,1,29,4,47,2,7,12,4,5,16,7,4,6,1,2,17,0
7,26,1,57,4,0,2,4,1,0,0,10,5,0,0,3,1,29,4,45,2,5,11,3,4,15,8,5,6,1,2,17,15
-13,26,2,59,4,0,2,3,1,0,0,11,4,1,0,3,1,29,4,45,3,7,11,3,7,17,7,4,6,1,2,17,30
8,26,2,53,3,0,2,3,1,0,0,2,13,0,0,3,1,29,3,45,5,8,11,2,7,16,7,3,5,1,2,16,45
9,25,1,55,3,0,2,3,2,0,0,8,7,0,0,3,1,29,3,43,4,6,9,2,6,15,8,4,5,0,2,17,0
-1,25,3,53,4,0,2,4,2,0,0,9,6,0,0,3,1,29,4,40,3,6,8,5,11,16,9,4,5,1,2,16,45
44,24,2,46,5,0,2,4,2,0,0,3,12,0,0,3,1,29,4,38,2,4,6,5,11,16,10,4,5,2,1,16,0
56,24,2,42,5,0,2,4,1,0,0,3,12,0,0,3,1,29,4,38,2,4,6,4,10,15,9,4,5,2,2,15,30
74,24,2,40,4,0,2,4,1,0,0,0,15,0,0,3,1,29,4,38,2,4,7,5,10,14,8,3,5,2,2,15,15
-27,24,2,50,4,0,2,3,1,0,0,11,4,0,0,3,1,29,4,38,2,4,8,5,10,13,7,3,5,2,2,16,30
-9,24,3,42,5,0,1,3,1,0,0,7,8,0,0,3,1,29,4,37,3,3,11,7,9,12,7,4,5,2,2,15,30
-25,24,3,46,5,0,1,2,1,0,1,1,14,0,0,3,1,29,5,36,2,2,11,6,9,13,6,3,4,2,1,16,0
14,24,3,44,4,0,1,2,1,0,1,0,15,0,0,3,1,29,5,36,2,2,11,6,8,12,5,2,4,1,3,15,45
-21,22,1,49,4,0,1,2,0,0,1,11,4,0,0,3,1,29,3,36,2,3,11,6,7,11,6,2,4,1,3,16,15
8,22,1,40,4,0,1,2,0,0,1,9,6,0,0,3,1,29,4,35,1,2,10,5,6,10,5,2,4,1,2,15,15
-1,22,1,38,3,0,1,2,0,0,1,6,9,0,0,3,1,29,4,35,1,2,11,4,5,9,4,2,4,1,2,15,0
-124,22,3,50,3,0,1,2,0,0,1,9,6,0,0,3,1,29,2,34,0,2,11,3,5,11,6,4,3,2,2,16,30
-15,22,4,44,3,0,1,1,0,0,1,1,14,0,0,3,1,29,2,34,0,3,11,3,5,11,5,3,3,1,3,15,45
-12,22,4,37,2,0,1,1,0,0,1,44,1,0,0,3,1,29,2,34,0,3,12,2,4,10,4,3,3,1,2,14,45
27,21,6,35,1,0,1,1,0,0,1,20,25,0,0,3,1,29,1,34,2,8,13,3,4,11,4,2,3,1,1,14,15
-90,20,8,46,2,0,1,1,0,0,0,4,41,0,0,3,1,29,1,33,5,10,13,2,5,11,4,2,2,1,1,16,0
13,19,8,36,1,0,1,1,0,0,1,5,10,0,0,3,1,29,1,32,6,9,14,2,6,14,4,2,2,0,1,14,30
34,15,6,34,3,0,1,3,1,0,1,7,8,0,0,3,1,29,2,26,3,5,12,5,8,14,8,4,2,0,1,13,30
50,14,5,27,3,0,1,3,1,0,0,2,13,0,0,3,1,29,1,26,3,5,13,4,7,15,8,4,2,0,2,12,30
3,12,3,31,3,0,1,3,2,0,0,6,9,0,0,3,1,29,1,23,3,4,12,5,7,15,9,5,2,1,1,13,0
85,12,3,17,4,0,1,3,1,0,0,10,5,0,0,3,1,29,1,23,2,5,13,5,9,14,9,5,2,1,1,11,15
39,12,3,24,4,0,0,3,1,0,0,9,6,0,0,3,1,29,1,23,2,5,13,4,9,13,8,5,2,1,2,12,15
18,11,2,29,4,0,0,2,1,0,0,1,14,0,0,3,1,29,0,23,2,6,14,3,8,14,8,5,2,1,2,12,45
26,11,2,31,3,0,1,2,1,0,0,9,6,0,0,3,1,29,1,22,2,6,15,2,8,14,7,4,2,1,1,13,0
20,10,2,33,3,0,1,2,1,0,0,14,1,0,0,3,1,29,1,21,3,6,15,3,7,13,7,4,2,1,1,13,15
-113,9,2,38,3,0,1,2,1,0,0,8,7,0,0,3,1,29,1,20,4,8,16,6,9,16,7,5,1,2,2,15,0
18,9,4,27,2,0,1,3,1,0,0,2,13,0,0,3,1,29,2,19,4,8,16,5,8,15,6,4,1,1,2,12,30
42,9,4,22,2,0,1,3,1,0,0,12,3,0,0,3,1,29,2,18,3,8,16,4,7,14,6,4,1,1,3,12,0
33,9,4,19,2,0,0,3,1,0,0,11,4,0,0,3,1,29,2,18,3,8,16,3,6,13,5,3,1,1,2,11,30
7,9,4,24,2,0,0,3,0,0,0,10,5,0,0,3,1,29,2,18,4,8,16,2,5,12,4,2,1,1,2,12,15
-19,9,4,29,1,0,0,3,1,0,0,1,14,0,0,3,1,29,1,17,5,8,16,3,6,11,5,2,1,1,2,12,45
10,8,4,20,1,0,0,3,1,0,2,7,8,0,0,3,1,29,2,14,5,9,14,3,7,16,6,4,0,1,2,11,45
-20,7,4,20,0,0,0,3,1,0,2,5,10,0,0,3,1,29,1,14,5,9,14,3,7,15,6,4,0,0,2,11,45
6,7,4,13,1,0,0,4,1,0,1,11,4,0,0,3,1,29,2,12,4,8,12,4,7,15,6,5,0,0,2,10,45
-45,5,4,24,3,0,0,3,2,0,1,5,10,0,0,3,1,29,3,9,4,7,9,5,7,17,7,6,0,0,2,12,15
-13,5,4,17,3,0,0,3,1,0,1,2,13,0,0,3,1,29,2,9,5,8,9,4,6,16,7,7,0,0,1,11,15
-3,5,4,13,3,0,0,3,1,0,1,14,1,0,0,3,1,29,3,8,4,7,8,4,6,16,6,6,0,0,2,10,45
1,4,4,15,4,0,0,4,1,0,1,8,7,0,0,3,1,29,2,5,3,5,5,4,10,16,9,7,0,0,2,11,0
-11,3,3,11,3,0,0,4,1,0,1,6,9,0,0,3,1,29,1,5,3,5,5,3,9,15,9,6,0,0,2,10,30
-17,3,3,11,3,0,0,4,1,0,1,14,1,0,0,3,1,29,2,4,3,4,4,3,8,14,8,5,0,0,2,10,30
34,3,3,7,3,0,0,3,1,0,1,8,7,0,0,3,1,29,2,4,4,4,4,4,9,13,7,5,0,0,2,10,0
6,1,1,5,4,0,0,3,1,0,2,0,15,0,0,3,1,29,1,1,1,1,1,6,10,12,10,6,0,0,2,9,45
5,0,0,3,4,0,0,3,1,0,2,9,6,0,0,3,1,29,1,0,0,0,0,7,10,11,10,7,0,0,2,9,30
58,0,0,2,4,0,0,3,0,0,2,9,6,0,0,3,1,29,1,0,0,0,0,6,9,10,9,7,0,0,2,9,15
21,0,0,9,3,0,0,3,0,0,2,8,7,0,0,3,1,29,1,0,0,0,0,5,8,9,8,6,0,0,2,10,15
-43,0,0,22,3,0,0,2,0,0,2,6,9,0,0,3,1,29,1,0,0,0,0,5,7,8,7,5,0,0,3,12,0
-18,0,0,9,3,0,0,1,0,0,2,0,1,0,0,3,1,29,0,0,0,0,0,5,6,7,7,5,0,0,2,10,15
-17,0,0,5,3,0,0,0,0,0,2,0,18,0,0,3,1,29,0,0,0,0,0,5,6,6,6,4,0,0,2,9,45
24,0,0,0,3,0,0,0,0,0,1,0,20,0,1,3,1,29,0,0,0,0,0,4,5,5,5,3,0,0,1,9,0
-58,0,0,15,3,0,0,0,0,0,0,0,23,0,0,3,1,29,0,0,0,0,0,3,4,4,4,2,0,0,2,11,0
12,0,0,0,2,0,0,0,0,0,0,0,27,0,1,3,1,29,0,0,0,0,0,2,3,3,3,2,0,0,1,9,0
-41,0,0,7,1,0,0,0,0,0,0,0,46,0,0,3,1,29,0,0,0,0,0,2,2,2,2,1,0,0,2,10,0
-26,0,0,3,0,0,0,0,0,0,0,0,64,0,0,3,1,29,0,0,0,0,0,1,1,1,1,1,0,0,2,9,30
-3,32,6,59,4,0,0,2,1,0,0,11,4,1,0,2,1,28,2,53,4,9,14,3,8,12,6,2,8,1,2,17,45
7,29,3,59,4,0,1,2,1,0,0,8,7,1,0,2,1,28,1,51,3,7,13,4,8,11,8,3,8,2,2,17,45
30,29,3,55,3,0,1,2,1,0,0,7,8,0,0,2,1,28,1,51,4,7,13,3,7,11,7,3,8,2,2,17,15
-13,27,3,57,4,0,2,2,1,0,0,11,4,0,0,2,1,28,1,48,4,8,10,6,8,13,9,3,7,3,2,17,30
16,26,2,51,4,0,2,1,1,0,0,9,6,0,0,2,1,28,0,48,4,8,10,5,7,12,9,3,7,2,2,16,45
3,26,2,57,3,0,2,2,1,0,0,6,9,0,0,2,1,28,1,47,3,7,9,4,7,11,8,2,7,2,2,17,30
17,26,2,53,3,0,2,2,0,0,0,5,10,0,0,2,1,28,1,47,3,7,9,3,6,10,7,2,7,2,2,17,0
13,26,2,51,3,0,2,2,0,0,0,2,13,0,0,2,1,28,2,46,2,6,8,2,5,9,6,1,7,2,2,16,45
-31,26,3,55,5,0,1,2,0,0,0,0,15,0,0,2,1,28,3,44,4,6,9,3,4,11,6,1,6,2,2,17,15
19,25,3,47,5,0,1,2,0,0,0,10,5,0,0,2,1,28,3,43,4,5,9,3,5,13,6,1,6,2,2,16,15
7,25,3,53,5,0,1,2,0,0,0,6,9,0,0,2,1,28,4,42,4,4,8,2,5,12,5,1,5,2,2,17,0
-30,24,2,49,6,0,1,2,0,0,0,8,7,0,0,2,1,28,4,40,2,2,8,1,5,11,6,2,5,1,2,16,30
14,23,2,49,7,0,0,3,0,0,0,8,7,0,0,2,1,28,2,38,0,3,12,4,9,12,9,2,4,1,2,16,30
-45,23,2,47,6,0,0,3,0,0,0,2,13,0,0,2,1,28,2,38,0,4,13,3,8,11,8,2,4,0,2,16,15
12,22,2,42,5,0,0,3,0,0,0,6,9,0,0,2,1,28,1,38,1,4,15,4,8,11,8,1,4,0,1,15,30
39,22,2,44,5,0,0,2,0,0,0,3,12,0,0,2,1,28,1,38,2,4,15,3,7,10,7,1,4,0,2,15,45
47,22,3,36,4,0,0,2,0,0,0,0,15,0,0,2,1,28,1,38,4,8,17,5,6,13,6,1,4,0,2,14,45
-13,22,3,42,4,0,1,1,0,0,0,37,8,0,0,2,1,28,1,37,3,9,17,5,6,14,6,2,4,1,1,15,30
-17,22,3,40,4,0,1,1,0,0,0,33,12,0,0,2,1,28,2,36,2,9,17,4,6,14,5,2,4,2,2,15,15
14,22,3,34,4,0,1,1,0,0,0,29,16,0,0,2,1,28,2,35,2,8,17,3,5,13,5,2,4,2,2,14,30
14,21,2,38,3,0,1,1,0,0,0,24,21,0,0,2,1,28,1,35,3,9,17,2,4,12,5,3,4,2,2,15,0
-17,21,3,40,4,0,1,0,0,0,0,12,33,0,0,2,1,28,2,34,4,9,17,1,3,11,4,2,4,2,2,15,15
-61,19,4,34,8,0,2,0,0,0,0,9,6,0,0,2,1,28,4,28,4,8,16,3,8,18,7,4,3,3,2,14,30
-120,19,4,45,8,0,1,0,0,0,0,6,9,0,0,2,1,28,3,28,5,8,16,2,8,17,7,3,2,2,2,16,0
-24,18,6,32,8,0,2,1,1,0,0,10,5,0,0,2,1,28,4,24,4,8,14,6,9,18,9,5,2,1,1,13,30
-179,16,4,45,9,0,1,1,1,0,0,14,1,0,0,2,1,28,3,23,5,8,15,7,9,19,10,6,1,1,2,16,0
-48,15,5,38,9,0,1,1,1,0,0,7,8,0,0,2,1,28,2,22,4,7,14,6,11,19,11,5,1,1,2,15,0
15,15,5,29,8,0,1,1,1,0,0,5,10,0,0,2,1,28,2,22,4,8,14,5,10,18,10,4,1,1,1,13,0
7,15,5,23,7,0,1,1,1,0,0,5,10,0,0,2,1,28,2,22,4,8,14,4,9,17,9,3,1,1,2,12,15
-73,15,5,36,8,0,1,1,1,0,0,11,4,0,0,2,1,28,3,20,3,7,13,3,11,17,9,3,1,1,2,14,45
-5,15,6,25,7,0,1,1,1,0,0,7,8,0,0,2,1,28,2,20,4,8,13,3,10,16,9,4,1,1,2,12,30
39,15,6,29,7,0,1,1,1,0,0,3,12,0,0,2,1,28,3,19,3,7,12,2,10,15,8,4,1,1,1,13,0
54,12,6,21,9,0,1,0,2,0,0,10,5,0,0,2,1,28,2,16,3,6,11,8,10,18,11,4,1,1,2,12,0
23,12,6,23,9,0,1,0,2,0,0,14,1,0,0,2,1,28,3,15,3,7,12,8,10,18,10,4,1,1,2,12,15
71,11,5,27,8,0,1,0,2,0,0,10,5,0,0,2,1,28,2,15,4,7,13,7,10,17,10,5,1,1,2,12,45
28,10,4,15,8,0,1,0,1,0,0,9,6,0,0,2,1,28,1,15,4,7,13,6,10,16,10,5,1,1,2,11,0
-30,10,4,27,7,0,1,0,1,0,0,9,6,0,0,2,1,28,1,15,4,7,13,5,9,15,9,4,0,1,2,12,45
29,10,5,21,8,0,1,0,0,0,0,4,11,0,0,2,1,28,2,14,4,6,12,4,8,14,8,4,0,0,2,12,0
-20,10,6,31,7,0,1,1,0,0,0,1,14,0,0,2,1,28,3,13,3,5,11,3,7,13,7,3,0,0,1,13,15
17,10,6,20,6,0,1,1,0,0,0,13,2,0,0,2,1,28,3,13,3,5,11,2,7,12,6,2,0,0,2,11,45
28,9,5,19,5,0,1,2,0,0,0,4,11,0,0,2,1,28,3,12,2,5,11,3,6,12,6,3,0,0,1,11,30
-20,6,3,25,6,0,1,2,0,0,0,11,4,0,0,2,1,28,1,10,3,4,10,5,9,13,9,5,0,0,2,12,30
10,6,3,17,5,0,1,2,0,0,0,8,7,0,0,2,1,28,1,10,3,5,10,4,8,14,8,4,0,0,1,11,15
-155,6,4,33,5,0,1,3,0,0,0,14,1,0,0,2,1,28,3,8,1,5,8,3,8,14,7,3,0,0,2,14,15
13,6,4,12,4,0,1,3,0,0,0,10,5,0,0,2,1,28,3,8,2,6,8,4,7,15,6,3,0,0,1,10,30
41,4,4,15,3,0,1,3,0,0,0,14,1,0,0,2,1,28,1,8,2,6,8,5,6,16,7,4,0,0,2,11,0
2,4,4,10,3,0,1,3,0,0,0,13,2,0,0,2,1,28,2,7,4,7,7,5,6,15,6,4,0,0,2,10,15
28,4,4,12,3,0,1,2,0,0,0,12,3,0,0,2,1,28,2,7,5,7,7,4,5,14,5,3,0,0,1,10,30
-30,4,4,17,2,1,1,2,0,0,0,5,10,0,0,2,1,28,3,6,4,6,6,3,5,13,4,3,0,0,1,11,15
7,4,4,14,2,1,1,1,0,0,0,2,13,0,0,2,1,28,3,6,4,6,6,2,5,12,3,2,0,0,2,10,45
68,3,3,8,2,1,1,1,0,0,0,8,7,0,0,2,1,28,2,5,4,5,5,1,6,11,4,2,0,0,2,10,0
-16,0,0,6,4,1,1,1,1,0,0,7,8,0,0,2,1,28,1,1,1,1,1,5,10,10,8,3,0,0,2,9,45
7,0,0,10,4,1,2,0,1,0,0,0,5,0,0,2,1,28,0,0,0,0,0,6,9,9,9,4,0,0,2,10,15
5,0,0,2,3,1,2,0,1,0,0,0,12,0,0,2,1,28,0,0,0,0,0,6,8,8,8,4,0,0,2,9,15
-36,0,0,6,3,1,1,0,1,0,0,0,19,0,0,2,1,28,0,0,0,0,0,7,7,7,7,4,0,0,2,9,45
18,0,0,0,3,1,1,0,0,0,0,0,22,0,1,2,1,28,0,0,0,0,0,6,6,6,6,4,0,0,2,9,0
-14,0,0,2,2,1,1,0,0,0,0,0,29,0,0,2,1,28,0,0,0,0,0,5,5,5,5,3,0,0,2,9,15
15,0,0,4,2,0,1,0,0,0,0,0,34,0,0,2,1,28,0,0,0,0,0,4,4,4,4,3,0,0,2,9,30
3,0,0,4,1,0,1,0,0,0,0,0,35,0,0,2,1,28,0,0,0,0,0,3,3,3,3,3,0,0,2,9,30
-18,0,0,8,0,0,1,0,0,0,0,0,42,0,0,2,1,28,0,0,0,0,0,2,2,2,2,2,0,0,2,10,0
-3,0,0,0,0,0,0,0,0,0,0,0,46,0,1,2,1,28,0,0,0,0,0,1,1,1,1,1,0,0,2,9,0
5,33,6,57,4,0,0,3,0,0,0,1,14,1,0,6,1,25,1,50,5,7,15,4,5,15,7,2,9,4,2,18,0
24,32,5,55,4,0,1,3,0,0,0,8,7,0,0,6,1,25,2,48,3,5,14,3,5,15,7,2,8,3,1,17,30
49,31,4,49,4,0,1,3,0,0,0,14,1,0,0,6,1,25,2,47,3,7,13,2,5,15,7,2,7,2,2,16,45
-32,31,4,53,5,0,0,3,0,0,0,3,12,0,0,6,1,25,2,46,3,7,13,2,5,14,7,3,6,2,2,17,15
19,29,3,51,6,0,0,3,0,0,1,9,6,0,0,6,1,25,3,43,3,7,11,3,9,15,8,3,6,2,2,17,0
41,27,2,51,6,0,0,2,0,0,1,9,6,0,0,6,1,25,1,43,6,9,12,3,11,17,9,3,6,3,2,17,0
9,27,3,45,6,0,0,2,0,0,2,2,13,0,0,6,1,25,2,41,4,7,10,4,11,16,9,3,6,3,2,16,15
14,27,3,43,7,0,0,3,0,0,1,6,9,0,0,6,1,25,4,39,4,5,10,8,10,15,8,2,5,3,2,16,0
56,26,2,47,8,0,0,3,0,0,1,8,7,0,0,6,1,25,5,37,3,5,8,8,9,14,8,3,5,2,2,16,30
-81,26,3,53,7,0,0,3,0,0,1,2,13,0,0,6,1,25,4,37,3,5,9,8,9,13,8,4,5,2,2,17,15
22,26,3,41,6,0,0,3,0,0,1,14,1,0,0,6,1,25,4,37,3,5,9,7,9,13,7,4,5,3,2,15,45
36,26,3,40,5,0,0,3,0,0,1,14,1,0,0,6,1,25,4,37,3,5,9,6,8,12,6,4,5,3,2,15,30
14,26,3,38,6,0,0,3,0,0,0,10,5,0,0,6,1,25,4,36,2,4,9,5,7,11,6,4,4,3,1,15,15
16,26,3,49,6,0,0,3,0,0,0,8,7,0,0,6,1,25,5,35,1,3,10,4,7,11,5,3,3,2,2,16,45
-17,26,3,55,6,0,0,2,0,0,0,7,8,0,0,6,1,25,5,35,1,3,10,3,6,10,4,3,3,1,1,17,30
61,25,2,41,5,0,0,3,0,0,0,14,1,0,0,6,1,25,5,34,2,3,9,2,6,9,4,2,3,1,2,15,45
7,25,2,36,4,0,0,3,0,0,0,6,9,0,0,6,1,25,4,34,2,3,9,2,6,9,4,1,3,1,2,15,0
-71,24,3,47,5,0,1,2,0,0,0,8,7,0,0,6,1,25,3,32,1,3,10,5,5,11,6,3,3,1,2,16,30
-49,23,2,43,4,0,1,2,0,0,0,0,15,0,0,6,1,25,1,32,1,4,12,4,5,11,7,2,2,1,2,16,0
20,23,3,33,3,0,1,2,0,0,0,39,6,0,0,6,1,25,1,32,2,6,13,3,4,10,6,2,2,0,2,14,30
-8,23,3,34,3,0,1,2,0,0,0,35,10,0,0,6,1,25,2,31,2,6,12,2,4,10,5,2,2,0,2,14,45
-29,23,4,34,3,0,0,2,0,0,0,28,17,0,0,6,1,25,1,31,2,6,12,1,3,10,5,2,2,0,2,14,45
-18,21,6,38,4,0,0,3,0,0,0,2,13,0,0,6,1,25,2,28,4,8,16,4,6,12,6,3,2,1,1,15,15
7,20,5,32,3,0,1,4,0,0,0,8,7,0,0,6,1,25,2,26,2,7,14,3,6,12,7,4,2,1,1,14,15
-56,19,5,36,3,0,1,4,0,0,0,11,4,0,0,6,1,25,2,25,3,6,15,4,7,16,7,5,1,1,2,15,0
-100,18,4,45,3,0,1,3,0,0,0,5,10,0,0,6,1,25,1,25,3,8,15,3,7,15,7,4,1,1,2,16,15
5,17,4,28,3,0,1,3,0,0,0,4,11,0,0,6,1,25,1,24,5,8,15,5,7,14,7,4,1,1,1,13,0
42,16,4,27,3,0,2,3,0,0,0,14,1,0,0,6,1,25,1,22,3,7,13,4,6,13,8,5,1,1,2,12,45
-29,15,3,28,5,0,1,3,0,0,0,2,13,0,0,6,1,25,2,20,3,8,12,4,6,14,8,6,1,1,1,13,0
32,15,3,30,4,0,1,4,0,0,0,7,8,0,0,6,1,25,2,19,3,7,13,4,6,13,8,5,1,1,1,13,15
0,14,3,25,3,0,1,4,0,0,0,5,10,0,0,6,1,25,1,19,3,7,14,3,8,12,8,4,1,1,1,12,30
69,14,5,20,4,0,0,4,0,0,0,6,9,0,0,6,1,25,2,18,5,8,15,3,9,15,7,3,0,1,2,11,45
-6,13,4,24,5,0,0,4,0,0,0,10,5,0,0,6,1,25,2,16,4,7,14,2,8,15,8,5,0,0,2,12,15
-15,12,4,31,6,0,0,5,0,0,0,8,7,0,0,6,1,25,3,13,3,4,13,7,9,15,9,6,0,0,1,13,30
-24,12,6,22,6,0,0,5,0,0,0,9,6,0,0,6,1,25,3,12,3,6,12,6,8,16,9,7,0,0,1,12,0
-9,11,5,22,5,0,0,5,0,0,0,7,8,0,0,6,1,25,2,12,3,6,12,5,7,15,9,7,0,0,1,12,0
54,11,5,18,4,0,0,5,0,0,0,6,9,0,0,6,1,25,2,12,3,7,12,4,6,14,8,6,0,0,2,11,30
8,11,6,25,4,0,0,4,0,0,0,5,10,0,0,6,1,25,2,12,3,7,12,3,5,13,7,5,0,0,1,12,30
16,11,6,16,3,0,0,4,0,0,0,4,11,0,0,6,1,25,2,12,3,7,12,2,4,12,6,4,0,0,2,11,15
41,10,5,14,4,0,1,3,0,0,0,13,2,0,0,6,1,25,3,10,1,5,10,1,4,12,6,4,0,0,2,11,0
-10,8,7,18,4,0,1,3,0,0,0,10,5,0,0,6,1,25,1,9,5,9,9,5,8,15,8,5,0,0,2,11,30
88,8,7,20,4,0,1,2,0,0,0,10,5,0,0,6,1,25,1,9,5,9,9,4,7,14,7,4,0,0,2,11,45
-5,5,5,13,7,0,1,2,0,0,0,4,11,0,0,6,1,25,2,5,5,5,5,6,8,15,9,5,0,0,2,10,45
1,5,5,9,6,0,1,2,0,0,0,12,3,0,0,6,1,25,2,5,5,5,5,5,8,15,8,4,0,0,2,10,15
32,5,5,11,5,0,2,2,0,0,0,11,4,0,0,6,1,25,3,4,4,4,4,4,7,14,7,3,0,0,1,10,30
51,4,4,16,4,0,2,2,0,0,0,9,6,0,0,6,1,25,2,4,4,4,4,3,6,13,7,3,0,0,2,11,15
-37,4,4,11,4,0,2,2,0,0,0,13,2,0,0,6,1,25,1,3,3,3,3,4,6,12,8,3,0,0,1,10,30
7,3,3,14,5,0,2,2,0,0,0,7,8,0,0,6,1,25,2,1,1,1,1,3,6,11,8,3,0,0,2,11,0
-13,1,1,7,6,0,1,2,0,0,0,8,7,0,0,6,1,25,1,0,0,0,0,3,8,10,9,3,0,0,2,10,0
13,1,1,9,5,0,1,2,0,0,0,2,13,0,0,6,1,25,1,0,0,0,0,3,8,9,8,3,0,0,2,10,15
9,0,0,5,5,0,0,2,0,0,0,2,13,0,0,6,1,25,0,0,0,0,0,4,7,8,8,4,0,0,2,9,45
1,0,0,3,5,0,0,1,0,0,0,0,12,0,0,6,1,25,0,0,0,0,0,5,7,7,7,4,0,0,2,9,30
55,0,0,7,5,0,0,0,0,0,0,0,18,0,0,6,1,25,0,0,0,0,0,5,6,6,6,3,0,0,2,10,0
21,0,0,5,4,0,0,0,0,0,0,0,26,0,0,6,1,25,0,0,0,0,0,4,5,5,5,2,0,0,2,9,45
46,0,0,3,3,0,0,0,0,0,0,0,34,0,0,6,1,25,0,0,0,0,0,4,4,4,4,1,0,0,2,9,30
24,0,0,1,2,0,0,0,0,0,0,0,35,0,0,6,1,25,0,0,0,0,0,3,3,3,3,1,0,0,2,9,15
11,0,0,0,1,0,0,0,0,0,0,0,43,0,1,6,1,25,0,0,0,0,0,2,2,2,2,1,0,0,2,9,0
14,0,0,1,0,0,0,0,0,0,0,0,61,0,0,6,1,25,0,0,0,0,0,1,1,1,1,0,0,0,2,9,15
10,27,2,46,5,0,0,0,1,0,0,2,13,1,0,5,1,24,1,40,2,4,11,3,7,12,6,4,3,0,1,17,30
4,27,2,45,4,0,0,0,1,0,0,0,15,0,0,5,1,24,1,40,2,5,12,3,6,11,5,4,3,0,1,17,15
51,25,1,44,3,0,0,0,1,0,1,1,14,0,0,5,1,24,0,39,1,7,12,4,7,11,6,5,3,0,1,17,0
66,25,2,39,3,0,0,0,1,0,1,16,14,0,0,5,1,24,1,38,2,7,13,4,6,11,5,4,3,0,1,16,15
47,25,2,36,3,0,0,0,1,0,0,13,17,0,0,5,1,24,1,38,6,7,13,3,5,10,4,4,3,0,1,15,30
7,25,2,39,3,0,0,0,0,0,0,3,27,0,0,5,1,24,0,38,6,7,14,4,5,10,4,4,3,0,1,16,15
52,25,3,42,4,0,0,0,0,0,0,2,13,0,0,5,1,24,2,36,5,7,13,3,6,10,3,3,3,1,1,16,45
84,25,3,36,7,0,0,0,0,0,0,25,5,0,0,5,1,24,5,32,1,4,10,2,5,9,3,2,3,1,1,15,30
-50,24,3,42,6,0,0,0,0,0,0,18,12,0,0,5,1,24,4,32,1,4,10,2,5,8,3,1,3,1,1,16,45
11,23,5,33,5,0,0,0,1,0,0,8,7,0,0,5,1,24,4,31,3,7,11,3,6,8,3,1,3,1,2,15,0
-17,22,5,38,4,0,0,0,1,0,0,24,6,0,0,5,1,24,2,31,5,8,12,3,6,8,4,1,2,2,2,15,45
22,22,5,33,4,0,0,0,1,0,0,22,8,0,0,5,1,24,2,30,4,7,11,2,5,8,4,1,2,1,2,15,0
-2,21,4,31,5,0,0,0,0,0,1,6,24,0,0,5,1,24,1,28,4,6,11,3,4,7,6,2,2,1,3,14,45
-21,20,5,33,7,0,0,0,0,0,1,47,13,0,0,5,1,24,2,25,2,4,8,3,3,9,7,2,2,1,2,15,0
-18,18,3,31,6,0,0,0,0,0,1,41,19,0,0,5,1,24,0,25,2,5,9,2,3,8,8,2,2,1,3,14,45
-118,18,4,41,7,0,0,0,0,0,0,27,33,0,0,5,1,24,1,24,2,4,9,1,2,8,7,2,1,1,2,16,30
99,15,3,25,9,0,0,0,1,0,0,11,4,0,0,5,1,24,2,20,2,4,9,3,6,11,9,1,1,0,3,12,45
-6,14,3,26,8,0,1,0,1,0,0,12,3,0,0,5,1,24,1,19,2,4,9,2,6,12,10,2,1,1,1,13,0
-1,14,3,30,7,0,1,0,1,0,0,7,8,0,0,5,1,24,1,19,2,5,9,2,5,12,9,1,1,1,2,14,15
44,13,4,29,8,0,1,0,1,0,0,22,8,0,0,5,1,24,1,17,3,6,11,4,6,13,10,3,1,1,1,13,15
64,13,4,21,8,0,1,0,0,0,0,19,11,0,0,5,1,24,1,17,3,6,12,3,5,13,9,3,1,1,2,12,15
60,13,4,26,7,0,1,0,0,0,0,18,12,0,0,5,1,24,1,17,3,6,12,2,4,12,8,3,1,1,1,13,0
-15,12,4,23,7,0,1,0,0,0,0,2,28,0,0,5,1,24,1,16,4,5,12,1,6,14,8,4,0,1,1,12,30
114,9,5,19,7,0,2,1,0,0,1,12,3,0,0,5,1,24,1,12,2,5,12,6,9,18,11,4,0,0,2,11,45
85,9,5,15,7,0,1,1,0,0,1,10,5,0,0,5,1,24,1,12,2,6,12,5,8,17,10,4,0,0,2,11,0
51,9,6,21,7,0,1,1,0,0,1,2,13,0,0,5,1,24,2,11,2,6,11,5,8,16,9,3,0,0,2,12,15
65,8,5,26,6,0,1,1,0,0,1,0,15,0,0,5,1,24,1,11,2,6,11,4,8,16,9,3,0,0,1,13,0
57,8,6,19,5,0,1,1,0,0,1,9,6,0,0,5,1,24,1,11,2,7,11,4,7,15,8,2,0,0,2,11,45
43,8,7,15,4,0,1,2,0,0,1,13,2,0,0,5,1,24,2,10,3,6,10,4,8,17,7,2,0,0,2,11,0
129,7,6,23,3,0,1,2,0,0,1,9,6,0,0,5,1,24,1,10,4,7,10,3,7,16,7,3,0,0,1,12,30
75,6,5,13,2,0,2,2,0,0,1,11,4,0,0,5,1,24,1,9,5,7,9,4,6,15,7,4,0,0,2,10,45
46,6,5,13,2,0,2,2,0,0,0,8,7,0,0,5,1,24,1,9,5,7,9,3,6,14,6,3,0,0,2,10,45
-1,3,3,17,5,0,2,2,0,0,0,6,9,0,0,5,1,24,2,5,2,5,5,4,9,15,8,4,0,0,2,11,15
45,3,3,6,5,0,2,1,0,0,0,1,14,0,0,5,1,24,2,5,3,5,5,3,8,14,7,4,0,0,2,9,45
14,2,2,8,6,0,1,1,0,0,0,8,7,0,0,5,1,24,2,4,2,4,4,3,8,13,7,4,0,0,1,10,0
8,2,2,17,6,0,1,0,0,0,0,6,9,0,0,5,1,24,2,4,2,4,4,2,8,12,6,3,0,0,2,11,15
47,1,1,10,7,0,1,0,0,0,0,11,4,0,0,5,1,24,1,2,2,2,2,6,9,11,8,4,0,0,2,10,15
52,1,1,2,6,0,1,0,0,0,0,5,10,0,0,5,1,24,1,2,2,2,2,6,9,10,7,4,0,0,2,9,15
-3,1,1,4,6,0,1,0,0,0,0,0,15,0,0,5,1,24,1,1,1,1,1,6,8,9,7,5,0,0,2,9,30
-73,1,1,11,5,0,1,0,0,0,0,14,1,0,0,5,1,24,1,1,1,1,1,5,7,8,6,5,0,0,2,10,30
34,1,1,6,5,0,0,0,0,0,0,13,2,0,0,5,1,24,1,1,1,1,1,5,6,7,5,4,0,0,2,9,45
-21,0,0,8,5,0,0,0,0,0,0,1,14,0,0,5,1,24,1,0,0,0,0,4,6,6,5,5,0,0,1,10,0
12,0,0,11,4,0,0,0,0,0,0,0,8,0,0,5,1,24,0,0,0,0,0,4,5,5,5,5,0,0,2,10,30
7,0,0,0,3,0,0,0,0,0,0,0,10,0,1,5,1,24,0,0,0,0,0,3,4,4,4,4,0,0,2,9,0
35,0,0,2,2,0,0,0,0,0,0,0,16,0,0,5,1,24,0,0,0,0,0,2,3,3,3,3,0,0,2,9,15
60,0,0,0,1,0,0,0,0,0,0,0,38,0,1,5,1,24,0,0,0,0,0,2,2,2,2,2,0,0,2,9,0
-32,0,0,4,0,0,0,0,0,0,0,0,47,0,0,5,1,24,0,0,0,0,0,1,1,1,1,1,0,0,2,9,30
182,28,3,23,1,0,2,2,0,0,0,2,0,0,0,4,1,23,1,32,2,4,10,1,1,8,5,2,4,0,2,14,45
44,25,6,35,2,0,3,3,0,0,0,8,7,0,0,4,1,23,1,28,5,6,9,4,7,12,8,5,3,2,1,16,45
53,23,6,35,4,0,4,2,0,0,0,5,10,0,0,4,1,23,2,25,3,5,7,6,8,12,9,5,3,1,1,16,45
50,22,5,31,4,0,4,2,0,0,0,12,3,0,0,4,1,23,2,24,2,5,6,5,9,12,9,4,3,2,2,16,0
13,21,4,37,5,0,3,2,0,0,0,9,6,1,0,4,1,23,2,23,1,4,6,4,8,11,9,4,3,2,2,17,0
41,20,3,32,5,0,2,2,0,0,0,0,15,0,0,4,1,23,1,23,3,4,6,3,8,12,9,5,2,3,1,16,15
63,19,2,32,5,0,2,2,0,0,0,6,9,0,0,4,1,23,1,22,2,3,6,3,7,12,9,5,2,2,1,16,15
51,19,2,25,5,0,1,2,0,0,0,5,10,0,0,4,1,23,1,22,2,3,6,2,6,11,8,4,2,2,1,15,0
12,17,1,27,6,0,0,2,1,0,0,8,7,0,0,4,1,23,1,20,1,2,6,5,6,11,9,6,2,2,2,15,15
37,17,1,28,5,0,0,2,1,0,0,5,10,0,0,4,1,23,1,20,1,2,7,4,5,10,8,5,2,2,1,15,30
40,17,1,25,4,0,0,2,1,0,0,3,12,0,0,4,1,23,1,20,1,2,7,3,5,9,7,4,1,2,1,15,0
2,17,1,28,3,0,0,3,1,0,0,13,2,0,0,4,1,23,1,19,0,1,7,2,4,8,7,5,1,1,1,15,30
-6,17,1,34,3,0,0,2,1,0,0,2,13,0,0,4,1,23,1,19,0,2,7,1,4,8,6,5,0,1,2,16,30
-75,16,3,30,3,0,0,2,0,0,0,11,34,0,0,4,1,23,0,19,3,5,10,4,6,12,6,5,0,0,1,15,45
49,16,3,22,3,0,0,2,0,0,0,4,41,0,0,4,1,23,1,18,2,5,10,4,5,11,5,4,0,0,2,14,30
27,16,5,21,3,0,0,2,0,0,0,5,10,0,0,4,1,23,1,17,3,5,10,3,4,11,5,3,0,0,1,14,15
22,16,6,23,2,0,0,2,0,0,0,1,14,0,0,4,1,23,1,17,3,5,10,3,4,11,4,2,0,0,2,14,45
110,15,5,18,2,0,0,2,0,0,0,9,6,0,0,4,1,23,1,16,2,5,10,2,4,10,4,3,0,0,1,13,0
47,14,4,19,3,0,0,2,0,0,0,2,13,0,0,4,1,23,2,14,2,5,9,2,6,9,4,3,0,0,1,13,15
-5,10,2,20,3,0,1,2,0,0,0,3,12,0,0,4,1,23,0,12,2,5,9,5,8,12,7,4,0,0,1,13,30
34,10,2,10,3,0,1,2,0,0,0,10,5,0,0,4,1,23,1,11,2,5,8,5,7,11,6,4,0,0,1,11,45
28,10,3,12,3,0,1,2,0,0,0,13,2,0,0,4,1,23,1,10,2,4,8,4,6,10,6,4,0,0,2,12,0
-28,10,3,15,3,0,0,2,0,0,0,9,6,0,0,4,1,23,1,10,2,5,8,3,5,9,5,4,0,0,1,12,30
28,10,3,17,2,0,0,2,0,0,0,6,9,0,0,4,1,23,1,10,3,5,8,3,4,8,4,4,0,0,1,12,45
4,10,4,15,2,0,0,2,0,0,0,0,15,0,0,4,1,23,1,9,2,4,7,3,4,7,4,4,0,0,1,12,30
62,9,4,10,2,0,0,1,1,0,0,24,21,0,0,4,1,23,1,8,3,4,8,2,6,6,4,4,0,0,1,11,45
43,8,4,13,2,0,1,0,1,0,0,18,27,0,0,4,1,23,1,7,2,4,7,1,5,5,4,3,0,0,2,12,15
-27,6,3,13,3,0,1,0,1,0,0,1,14,0,0,4,1,23,1,5,2,3,5,4,4,6,5,3,0,0,2,12,15
25,5,3,7,3,0,0,0,2,0,0,35,10,0,0,4,1,23,1,4,2,3,4,3,3,7,5,3,0,0,2,10,45
36,5,3,8,2,0,0,0,2,0,0,34,11,0,0,4,1,23,1,4,2,3,4,2,2,6,4,3,0,0,2,11,0
22,5,4,8,2,0,0,0,1,0,0,28,17,0,0,4,1,23,1,4,2,4,4,1,1,5,3,2,0,0,2,11,0
56,0,0,4,4,0,0,0,2,0,0,11,4,0,0,4,1,23,0,0,0,0,0,2,6,7,7,4,0,0,1,9,45
38,0,0,4,4,0,0,0,1,0,0,0,14,0,0,4,1,23,0,0,0,0,0,5,6,6,6,3,0,0,1,9,45
50,0,0,6,3,0,0,0,1,0,0,0,20,0,0,4,1,23,0,0,0,0,0,4,5,5,5,3,0,0,1,10,0
13,0,0,0,2,0,0,0,1,0,0,0,20,0,1,4,1,23,0,0,0,0,0,3,4,4,4,2,0,0,1,9,0
42,0,0,3,1,0,0,0,1,0,0,0,37,0,0,4,1,23,0,0,0,0,0,3,3,3,3,2,0,0,2,9,30
31,0,0,2,1,0,0,0,0,0,0,0,40,0,0,4,1,23,0,0,0,0,0,2,2,2,2,2,0,0,1,9,15
28,0,0,0,0,0,0,0,0,0,0,0,50,0,1,4,1,23,0,0,0,0,0,1,1,1,1,1,0,0,1,9,0
35,44,5,54,0,0,0,1,0,0,0,19,0,0,0,3,1,22,0,55,4,7,15,1,1,4,2,1,2,0,1,17,15
2,38,8,53,5,0,0,2,0,0,0,5,10,0,0,3,1,22,1,48,5,9,14,2,5,12,7,4,1,1,2,17,0
24,35,6,51,5,0,1,3,0,0,1,13,2,0,0,3,1,22,2,44,4,6,11,3,7,13,9,6,1,0,1,16,45
52,35,6,56,6,0,1,2,0,0,1,4,11,1,0,3,1,22,3,43,4,6,11,3,6,13,8,5,1,0,2,17,30
7,32,4,54,5,0,2,3,0,0,2,2,13,0,0,3,1,22,3,40,2,4,12,5,8,12,10,6,1,0,1,17,15
32,31,4,48,4,0,2,3,0,0,3,8,7,0,0,3,1,22,3,39,1,4,11,4,8,12,10,5,1,0,1,16,15
49,30,3,51,4,0,2,2,0,0,3,3,12,0,0,3,1,22,2,39,2,5,11,3,7,12,10,5,1,0,1,16,45
29,30,3,50,3,0,2,2,0,0,3,14,1,0,0,3,1,22,2,39,2,5,11,3,6,12,9,5,1,0,2,16,30
11,30,3,48,3,0,1,2,0,0,3,12,3,0,0,3,1,22,2,39,2,5,11,3,6,12,8,4,1,0,1,16,15
5,29,5,45,3,0,1,3,0,0,3,0,15,0,0,3,1,22,2,37,3,6,11,4,7,12,9,4,1,0,1,15,45
41,29,5,40,3,0,0,3,0,0,3,13,2,0,0,3,1,22,2,37,3,6,11,3,6,11,8,4,1,0,1,15,0
21,29,5,42,3,0,0,3,0,0,2,11,4,0,0,3,1,22,2,37,3,8,11,3,5,11,7,4,1,0,2,15,15
90,28,5,36,5,0,0,3,0,0,1,11,4,0,0,3,1,22,3,35,2,7,11,3,4,12,7,4,1,0,2,14,30
76,27,6,40,5,0,0,3,0,0,1,12,3,0,0,3,1,22,2,34,3,6,10,3,7,11,8,4,1,0,1,15,0
60,27,6,43,4,0,0,3,0,0,1,10,5,0,0,3,1,22,2,34,5,7,10,2,6,10,7,3,1,0,2,15,30
37,26,7,38,5,0,0,2,0,0,1,53,7,0,0,3,1,22,2,32,5,6,11,2,5,11,7,4,1,0,2,14,45
25,22,5,35,8,0,0,2,0,0,2,25,35,0,0,3,1,22,3,28,1,4,11,4,8,14,10,4,1,0,2,14,15
66,22,6,38,8,0,0,1,0,0,2,19,41,0,0,3,1,22,3,28,1,4,12,4,7,14,9,4,1,0,2,14,45
20,21,5,36,8,0,0,0,0,0,2,16,44,0,0,3,1,22,2,28,2,4,13,3,6,14,9,4,1,0,2,14,30
-23,21,5,43,8,0,0,0,0,0,1,13,47,0,0,3,1,22,2,28,2,4,13,3,5,14,8,4,1,0,2,15,30
50,19,4,34,8,0,0,0,0,0,1,6,9,0,0,3,1,22,1,27,3,5,15,4,6,15,9,6,1,0,1,13,15
-73,18,3,45,8,0,0,0,0,0,1,13,2,0,0,3,1,22,1,26,2,5,16,3,5,14,9,7,1,0,1,15,45
70,17,2,28,8,0,0,0,0,0,1,2,13,0,0,3,1,22,1,25,2,7,15,3,7,17,9,6,1,0,2,12,30
93,17,2,30,7,0,0,0,0,0,1,2,13,0,0,3,1,22,1,25,2,7,15,2,6,16,8,6,1,0,2,12,45
48,15,3,32,7,0,0,1,1,0,0,7,8,0,0,3,1,22,1,23,4,9,17,4,9,18,9,6,1,0,1,13,0
91,15,4,28,7,0,0,1,1,0,0,10,5,0,0,3,1,22,2,22,5,10,16,5,10,19,8,5,1,0,2,12,30
109,15,5,18,8,0,0,1,1,0,0,11,4,0,0,3,1,22,2,20,6,10,16,7,10,20,9,6,1,0,2,11,30
77,15,5,22,7,0,0,1,1,0,0,9,6,0,0,3,1,22,2,20,6,10,16,6,10,19,8,5,1,0,2,12,0
24,15,5,26,7,0,0,1,1,0,0,5,10,0,0,3,1,22,2,19,5,9,16,6,9,19,8,5,1,0,2,12,15
79,14,5,26,7,0,0,1,1,0,0,0,15,0,0,3,1,22,2,18,6,8,15,5,10,18,8,5,1,1,2,12,15
2,13,5,30,7,0,1,1,1,0,0,4,11,0,0,3,1,22,3,16,5,9,14,5,10,19,8,4,1,1,2,12,45
-2,13,5,22,7,0,1,1,1,0,0,3,12,0,0,3,1,22,4,15,4,8,13,4,9,18,7,4,1,1,2,12,0
1,13,5,32,6,0,1,1,1,0,0,14,1,0,0,3,1,22,3,15,4,8,13,3,9,18,7,4,1,1,1,13,0
23,11,4,22,6,0,1,2,0,0,0,6,9,0,0,3,1,22,2,14,4,8,13,4,9,17,8,4,1,1,2,12,0
-15,11,4,20,6,0,1,3,0,0,0,10,5,0,0,3,1,22,3,12,3,6,11,5,10,16,8,4,1,1,4,11,45
43,10,5,12,7,0,0,3,1,0,0,12,3,0,0,3,1,22,3,10,3,6,10,6,11,17,9,5,1,1,2,10,45
-6,10,5,22,6,0,0,3,1,0,0,9,6,0,0,3,1,22,3,10,3,6,10,5,10,16,8,4,1,1,2,12,0
7,9,5,17,6,0,0,2,1,0,0,4,11,0,0,3,1,22,2,10,4,7,10,6,10,16,8,3,1,1,2,11,15
-243,9,6,47,6,0,0,1,1,0,0,3,12,0,0,3,1,22,2,10,4,7,10,5,9,17,7,3,0,1,2,16,0
76,8,5,10,5,0,0,1,1,0,1,8,7,0,0,3,1,22,2,9,3,6,9,6,10,16,7,3,0,0,3,10,30
6,8,6,18,6,0,0,1,1,0,1,2,13,0,0,3,1,22,4,7,1,5,7,5,9,16,6,3,0,0,2,11,30
0,8,6,15,5,0,0,1,1,0,1,7,8,0,0,3,1,22,3,7,3,6,7,5,9,15,6,3,0,0,1,11,0
-16,7,5,12,6,0,0,1,1,0,0,6,9,0,0,3,1,22,3,6,3,5,6,4,8,14,6,2,0,0,2,10,45
23,7,6,8,6,0,0,1,0,0,0,0,15,0,0,3,1,22,2,6,3,5,6,5,7,13,6,2,0,0,2,10,15
-12,7,6,10,5,0,0,1,0,0,0,9,6,0,0,3,1,22,2,6,3,5,6,5,7,13,5,1,0,0,3,10,30
-1,5,5,15,5,0,0,1,0,0,0,0,15,0,0,3,1,22,1,5,3,5,5,5,7,12,6,2,0,0,1,11,0
-28,4,4,20,5,0,0,1,0,0,1,6,9,0,0,3,1,22,2,3,2,3,3,4,6,11,6,3,0,0,4,11,45
5,3,3,12,4,0,0,1,0,0,1,0,15,0,0,3,1,22,1,3,2,3,3,3,8,10,6,3,0,0,2,10,45
4,3,3,4,4,0,0,0,0,0,1,10,5,0,0,3,1,22,1,3,2,3,3,2,7,9,5,3,0,0,2,9,45
22,2,2,6,3,0,0,1,0,0,1,1,14,0,0,3,1,22,1,2,2,2,2,3,7,8,5,3,0,0,2,10,0
60,1,1,0,2,0,0,1,0,0,2,9,6,0,1,3,1,22,0,1,1,1,1,5,7,7,6,5,0,0,1,9,0
7,1,1,4,2,0,0,1,0,0,2,8,7,0,0,3,1,22,1,0,0,0,0,4,6,6,5,5,0,0,2,9,45
1,0,0,2,2,0,0,1,0,0,1,0,11,0,0,3,1,22,0,0,0,0,0,4,5,5,5,5,0,0,1,9,15
-47,0,0,8,1,0,0,0,0,0,1,0,12,0,0,3,1,22,0,0,0,0,0,3,4,4,4,4,0,0,2,10,15
0,0,0,6,1,0,0,0,0,0,1,0,12,0,0,3,1,22,0,0,0,0,0,3,4,4,4,4,0,0,2,10,0
5,0,0,0,1,0,0,0,0,0,0,0,26,0,1,3,1,22,0,0,0,0,0,2,2,2,2,2,0,0,1,9,0
7,0,0,3,0,0,0,0,0,0,0,0,49,0,0,3,1,22,0,0,0,0,0,1,1,1,1,1,0,0,2,9,30
-11,37,2,52,3,0,0,0,0,0,0,47,13,1,0,6,1,18,1,49,1,5,10,5,5,6,3,1,8,1,2,19,0
-8,37,2,51,2,0,0,0,0,0,0,47,13,0,0,6,1,18,1,49,1,5,10,4,4,5,2,0,8,1,1,18,45
15,37,2,50,1,0,0,0,0,0,0,47,13,0,0,6,1,18,1,49,1,5,10,3,3,4,1,0,8,1,1,18,30
71,36,2,46,1,0,0,0,0,0,0,27,33,0,0,6,1,18,1,48,2,5,10,2,3,5,1,1,7,1,1,17,0
40,35,1,47,0,0,0,0,0,0,0,25,35,0,0,6,1,18,0,48,3,5,10,1,2,4,1,1,7,0,2,17,15
-16,34,6,48,0,0,0,4,0,0,0,2,13,0,0,6,1,18,2,43,1,5,9,1,3,8,3,1,7,1,1,17,30
18,30,4,45,2,0,1,3,1,0,0,12,3,0,0,6,1,18,2,39,3,5,8,5,7,11,6,3,6,2,1,16,45
-3,30,5,48,2,0,1,2,1,0,0,9,6,0,0,6,1,18,2,39,3,5,8,4,6,11,5,3,6,1,1,17,30
14,28,3,43,2,0,2,2,1,0,0,7,8,0,0,6,1,18,2,37,2,4,7,5,6,11,6,4,5,1,1,16,30
2,27,2,41,1,0,2,2,1,0,0,2,13,0,0,6,1,18,1,37,2,4,7,4,5,10,6,3,5,0,2,16,15
11,27,2,41,0,0,2,2,1,0,0,1,14,0,0,6,1,18,1,37,2,4,7,3,5,9,5,2,5,1,2,16,15
7,27,2,40,1,0,1,2,1,0,0,1,14,0,0,6,1,18,1,36,2,4,8,2,5,9,5,3,5,1,2,16,0
32,26,1,37,1,0,1,3,0,0,0,8,7,0,0,6,1,18,1,35,2,3,8,2,5,8,5,3,5,1,1,15,30
-4,25,1,39,3,0,0,3,0,0,0,11,4,0,0,6,1,18,1,33,1,3,9,3,6,7,6,3,5,2,1,15,45
19,25,1,43,3,0,0,2,0,0,0,1,14,0,0,6,1,18,1,33,1,3,10,3,5,6,5,2,4,2,1,16,30
13,25,2,35,2,0,0,2,0,0,0,23,7,0,0,6,1,18,0,33,2,5,10,3,4,5,5,2,4,1,2,15,15
-2,25,2,33,2,0,0,2,0,0,0,8,22,0,0,6,1,18,1,32,2,5,11,3,4,6,4,2,4,2,2,15,0
34,24,3,35,3,0,0,1,0,0,0,40,5,0,0,6,1,18,1,31,3,5,13,2,3,6,4,2,3,2,2,15,15
-52,24,4,37,2,0,0,1,0,0,0,31,14,0,0,6,1,18,1,31,3,6,13,2,2,5,3,2,3,1,1,15,30
11,23,6,33,4,0,0,0,1,0,0,6,39,0,0,6,1,18,2,28,3,7,13,1,1,8,4,2,2,1,2,15,0
30,17,4,29,6,0,1,2,1,0,1,1,14,0,0,6,1,18,2,21,3,6,13,3,7,14,10,6,2,1,1,13,15
22,17,4,23,6,0,0,2,1,0,1,0,15,0,0,6,1,18,2,21,3,6,13,3,6,13,9,5,2,1,2,12,15
43,16,4,30,5,0,0,2,1,0,1,8,7,0,0,6,1,18,1,21,3,8,13,2,8,13,9,6,2,1,1,13,30
-15,15,4,31,5,0,1,3,1,0,1,0,15,0,0,6,1,18,2,18,3,5,12,4,9,13,10,5,2,1,1,14,15
-28,14,5,27,5,0,1,3,1,0,1,6,9,0,0,6,1,18,2,17,4,6,13,6,9,13,10,6,2,1,1,12,45
-129,14,5,32,5,0,1,4,1,0,0,3,12,0,0,6,1,18,3,16,3,5,12,5,9,13,9,6,1,1,2,14,45
80,14,5,21,4,0,1,4,1,0,0,10,5,0,0,6,1,18,3,16,3,7,13,5,8,14,8,5,1,0,2,12,0
31,13,6,25,5,0,1,4,0,0,0,14,1,0,0,6,1,18,2,15,2,7,13,5,7,16,9,5,1,0,2,12,30
26,13,6,23,4,0,1,4,0,0,0,14,1,0,0,6,1,18,2,15,3,7,13,4,6,15,8,5,1,0,2,12,15
4,12,5,21,3,0,1,4,0,0,0,12,3,0,0,6,1,18,1,15,4,7,13,3,6,14,8,4,1,0,2,12,0
40,12,7,25,3,0,1,4,1,0,0,10,5,0,0,6,1,18,3,13,4,7,13,4,5,13,7,4,1,0,2,12,30
4,12,7,27,2,0,1,4,1,0,0,4,11,0,0,6,1,18,3,13,4,7,13,3,5,13,6,4,1,0,1,12,45
-15,10,7,20,3,0,1,4,1,0,0,9,6,0,0,6,1,18,3,11,3,7,11,3,5,13,7,4,1,1,2,11,45
56,9,6,18,3,0,1,3,1,0,0,5,10,0,0,6,1,18,2,11,3,7,11,2,5,13,7,4,1,1,1,11,30
13,7,5,17,5,0,1,3,1,0,0,12,3,0,0,6,1,18,2,8,2,6,8,2,9,15,9,5,1,1,2,11,15
36,5,5,16,6,0,0,4,1,0,0,6,9,0,0,6,1,18,2,6,4,6,6,5,9,15,10,7,1,1,1,11,0
29,3,3,18,6,0,0,3,1,0,0,12,3,0,0,6,1,18,0,6,4,6,6,7,8,16,11,7,0,1,1,11,30
47,3,3,10,6,0,1,3,0,0,1,5,10,0,0,6,1,18,2,4,3,4,4,6,9,15,10,6,0,0,2,10,15
20,3,3,8,5,0,1,3,0,0,1,1,14,0,0,6,1,18,2,4,4,4,4,5,9,15,9,5,0,0,2,10,0
45,2,2,10,4,0,1,3,0,0,1,14,1,0,0,6,1,18,1,4,4,4,4,4,9,14,9,5,0,0,2,10,15
8,2,2,12,3,0,2,3,1,0,1,5,10,0,0,6,1,18,2,2,2,2,2,4,9,13,9,5,0,0,2,10,30
-1,2,2,12,2,0,2,3,1,0,1,4,11,0,0,6,1,18,2,2,2,2,2,3,8,12,8,4,0,0,2,10,30
6,2,2,14,2,0,2,2,1,0,1,0,15,0,0,6,1,18,2,2,2,2,2,2,7,11,7,4,0,0,1,10,45
29,0,0,2,3,0,2,2,1,0,1,6,9,0,0,6,1,18,1,0,0,0,0,6,7,10,9,6,0,0,2,9,15
33,0,0,8,2,0,2,2,1,0,1,0,5,0,0,6,1,18,0,0,0,0,0,5,8,9,9,6,0,0,2,10,0
-63,0,0,14,2,0,2,2,1,0,0,0,9,0,0,6,1,18,0,0,0,0,0,4,7,8,8,5,0,0,1,10,45
-14,0,0,4,2,0,1,2,1,0,0,0,12,0,0,6,1,18,0,0,0,0,0,3,6,7,7,5,0,0,2,9,30
39,0,0,6,2,0,1,1,1,0,0,0,14,0,0,6,1,18,0,0,0,0,0,2,6,6,6,5,0,0,2,9,45
-4,0,0,0,1,0,1,1,1,0,0,0,18,0,1,6,1,18,0,0,0,0,0,2,5,5,5,4,0,0,2,9,0
10,0,0,2,1,0,1,1,0,0,0,0,47,0,0,6,1,18,0,0,0,0,0,4,4,4,4,3,0,0,2,9,15
27,0,0,4,1,0,1,0,0,0,0,0,55,0,0,6,1,18,0,0,0,0,0,3,3,3,3,2,0,0,2,9,30
13,0,0,6,0,0,1,0,0,0,0,0,57,0,0,6,1,18,0,0,0,0,0,2,2,2,2,2,0,0,2,9,45
15,0,0,0,0,0,0,0,0,0,0,0,73,0,1,6,1,18,0,0,0,0,0,1,1,1,1,1,0,0,2,9,0
-34,33,0,52,2,0,0,0,0,0,0,4,11,1,0,5,1,17,0,50,2,3,7,3,5,7,3,1,4,1,2,19,0
-31,33,0,51,1,0,0,0,0,0,0,4,11,0,0,5,1,17,0,50,2,4,7,2,4,6,2,1,4,1,1,18,45
16,33,0,50,0,0,0,0,0,0,0,4,11,0,0,5,1,17,0,50,2,4,7,1,3,5,1,1,4,1,1,18,15
-15,33,0,48,1,0,0,0,0,0,0,37,23,0,0,5,1,17,0,48,4,4,8,2,4,8,2,2,3,1,1,18,0
-22,33,0,46,0,0,0,0,0,0,0,37,23,0,0,5,1,17,0,48,4,4,9,1,3,7,1,1,3,0,2,17,45
-55,33,2,48,2,0,0,1,0,0,0,1,59,0,0,5,1,17,2,44,1,3,7,2,3,8,2,1,3,0,1,18,0
-54,33,2,46,1,0,0,1,0,0,0,0,60,0,0,5,1,17,2,44,1,3,7,1,2,7,1,1,3,0,2,17,45
-9,31,0,45,2,0,0,1,0,0,0,1,14,0,0,5,1,17,1,42,2,5,8,2,5,7,3,2,3,0,2,16,45
3,31,1,42,3,0,0,1,0,0,0,2,13,0,0,5,1,17,1,40,3,3,10,4,6,6,4,4,3,0,2,16,0
3,31,1,43,3,0,0,0,0,0,0,9,6,0,0,5,1,17,1,40,3,4,11,3,5,7,3,3,3,0,1,16,15
-12,31,1,41,2,0,0,0,0,0,0,8,7,0,0,5,1,17,1,40,3,4,11,2,4,6,2,2,3,0,1,15,45
-25,31,1,43,2,0,0,0,0,0,0,0,15,0,0,5,1,17,1,39,2,3,10,2,3,6,2,1,3,0,1,16,15
-8,31,2,40,3,0,0,0,0,0,0,21,9,0,0,5,1,17,1,37,1,5,11,2,2,7,3,1,3,0,1,15,30
-6,31,4,39,2,0,0,0,0,0,0,6,24,0,0,5,1,17,1,37,3,7,13,1,1,7,2,1,3,0,1,15,15
-8,26,6,37,7,0,1,0,0,0,0,14,1,0,0,5,1,17,1,30,3,8,15,3,7,15,8,4,3,2,1,15,0
-36,26,6,35,6,0,1,0,0,0,0,12,3,0,0,5,1,17,1,30,3,8,15,2,7,14,7,3,3,2,2,14,30
7,26,6,33,5,0,1,1,0,0,0,3,12,0,0,5,1,17,2,29,4,7,16,4,7,15,6,2,2,3,1,14,0
3,23,6,35,6,0,1,1,0,0,0,11,4,0,0,5,1,17,1,27,5,9,18,5,8,18,8,2,1,2,2,14,30
32,23,6,29,6,0,1,1,0,0,0,7,8,0,0,5,1,17,2,26,4,9,17,5,7,17,7,2,1,1,1,13,0
13,23,6,32,6,0,1,1,0,0,0,3,12,0,0,5,1,17,2,25,3,8,18,4,7,16,7,3,1,1,1,13,30
2,21,6,29,6,0,1,1,0,0,0,2,13,0,0,5,1,17,1,24,5,9,18,4,9,16,8,3,1,1,1,13,0
30,20,6,31,6,0,1,2,0,0,0,14,1,0,0,5,1,17,2,22,3,7,17,3,8,15,8,3,1,1,1,13,15
-65,20,6,37,6,0,0,2,0,0,0,10,5,0,0,5,1,17,2,22,5,7,17,3,7,14,7,2,0,1,1,15,0
10,19,7,25,6,0,0,2,0,0,0,13,2,0,0,5,1,17,1,21,5,8,17,4,9,14,8,4,0,0,2,12,30
0,17,6,25,7,0,0,2,0,0,0,13,2,0,0,5,1,17,0,19,4,9,16,5,10,15,10,5,0,0,2,12,30
52,17,8,23,8,0,0,2,0,0,0,6,9,0,0,5,1,17,2,17,4,8,14,5,10,16,9,5,0,0,2,12,15
14,17,9,21,7,0,0,2,0,0,0,1,14,0,0,5,1,17,2,17,4,10,16,5,9,16,8,4,0,0,2,12,0
22,15,8,27,7,0,1,2,0,0,0,5,10,0,0,5,1,17,2,15,3,8,14,7,8,15,9,4,0,0,2,12,45
29,15,8,23,6,0,1,2,0,0,0,5,10,0,0,5,1,17,2,15,3,8,14,6,8,14,8,4,0,0,2,12,15
-28,14,8,27,7,0,1,1,0,0,0,9,6,0,0,5,1,17,2,14,5,9,13,6,7,14,8,4,0,0,2,12,45
-2,14,9,21,7,0,1,1,0,0,0,6,9,0,0,5,1,17,3,13,4,8,12,5,7,13,7,3,0,0,2,12,0
30,12,8,18,6,0,1,1,0,0,0,0,15,0,0,5,1,17,1,13,6,9,12,4,6,14,8,2,0,0,1,11,30
43,12,8,18,5,0,1,1,0,0,1,9,6,0,0,5,1,17,2,12,5,8,11,3,5,15,7,2,0,0,1,11,30
-84,12,9,34,4,0,1,1,0,0,1,8,7,0,0,5,1,17,2,12,5,8,11,2,4,14,6,2,0,0,2,14,15
6,11,8,16,4,0,1,1,0,0,2,13,2,0,0,5,1,17,2,10,5,7,10,2,5,14,7,2,0,0,2,11,15
33,7,7,13,5,0,1,1,1,0,2,5,10,0,0,5,1,17,1,7,3,6,7,2,7,13,10,4,0,0,1,10,45
20,6,6,13,5,0,2,2,1,0,1,7,8,0,0,5,1,17,2,5,2,4,5,5,7,12,10,4,0,0,1,10,45
15,3,3,16,6,0,1,2,1,0,1,5,10,0,0,5,1,17,0,4,3,3,4,5,10,12,12,5,0,0,2,11,15
42,3,3,15,7,0,1,1,1,0,1,1,14,0,0,5,1,17,1,3,2,2,3,4,10,11,11,5,0,0,2,11,0
23,3,3,11,6,0,1,1,1,0,1,10,5,0,0,5,1,17,1,3,2,3,3,4,9,10,10,4,0,0,2,10,30
71,3,3,11,5,0,1,1,1,0,1,9,6,0,0,5,1,17,1,3,2,3,3,3,8,9,9,4,0,0,2,10,30
49,2,2,8,5,0,1,1,1,0,1,4,11,0,0,5,1,17,1,2,1,2,2,3,7,9,9,4,0,0,1,10,0
34,0,0,6,6,0,0,1,1,0,1,13,2,0,0,5,1,17,0,1,1,1,1,6,6,11,10,4,0,0,2,9,45
56,0,0,6,6,0,0,1,0,0,1,6,9,0,0,5,1,17,0,1,1,1,1,5,5,10,9,4,0,0,2,9,45
17,0,0,4,5,0,0,1,0,0,1,1,14,0,0,5,1,17,0,1,1,1,1,4,5,9,8,3,0,0,2,9,30
-45,0,0,20,5,0,0,1,0,0,0,14,1,0,0,5,1,17,0,1,1,1,1,3,4,8,7,3,0,0,2,11,45
42,0,0,10,4,0,0,1,0,0,0,11,4,0,0,5,1,17,0,1,1,1,1,2,3,7,6,2,0,0,2,10,15
21,0,0,8,4,0,0,0,0,0,0,3,12,0,0,5,1,17,0,1,1,1,1,1,2,6,5,2,0,0,1,10,0
-13,0,0,0,4,0,0,0,0,0,0,0,44,0,1,5,1,17,0,0,0,0,0,4,5,5,5,2,0,0,2,9,0
62,0,0,4,3,0,0,0,0,0,0,0,69,0,0,5,1,17,0,0,0,0,0,4,4,4,4,1,0,0,2,9,30
22,0,0,2,2,0,0,0,0,0,0,0,73,0,0,5,1,17,0,0,0,0,0,3,3,3,3,1,0,0,2,9,15
54,0,0,2,1,0,0,0,0,0,0,0,73,0,0,5,1,17,0,0,0,0,0,2,2,2,2,0,0,0,2,9,15
51,0,0,0,0,0,0,0,0,0,0,0,75,0,1,5,1,17,0,0,0,0,0,1,1,1,1,0,0,0,2,9,0
6,25,4,58,2,0,2,4,0,0,2,11,4,1,0,4,1,16,3,49,2,5,12,7,10,17,8,3,8,1,2,17,30
3,25,4,56,2,0,2,3,0,0,2,10,5,0,0,4,1,16,3,49,3,5,12,6,9,16,7,3,8,1,2,17,15
13,24,3,52,2,0,2,3,0,0,2,2,13,0,0,4,1,16,3,48,2,6,11,6,9,15,7,3,8,1,1,16,30
3,24,3,52,2,0,2,2,0,0,2,1,14,0,0,4,1,16,3,48,2,6,11,5,8,14,6,3,8,1,1,16,30
-30,23,2,54,2,0,2,2,0,0,1,9,6,0,0,4,1,16,2,48,3,7,12,4,8,13,6,3,8,1,1,16,45
-23,22,1,56,2,0,2,1,0,0,1,4,11,0,0,4,1,16,1,48,4,7,12,3,8,13,6,3,8,1,2,17,15
25,22,1,44,3,0,1,1,0,0,1,14,1,0,0,4,1,16,2,47,3,7,11,2,7,12,5,2,7,1,2,16,0
11,21,0,50,3,0,1,1,0,0,1,3,12,0,0,4,1,16,2,46,4,7,12,4,7,11,5,2,7,0,2,16,15
30,21,1,40,3,0,1,1,0,0,2,13,2,0,0,4,1,16,3,44,4,7,12,5,9,15,5,2,7,2,2,15,30
-89,21,1,55,3,0,0,1,0,0,2,13,2,0,0,4,1,16,3,44,4,7,12,4,8,14,4,1,7,2,2,17,0
7,21,1,44,3,0,0,0,0,0,2,8,7,0,0,4,1,16,3,44,4,7,14,4,7,13,3,1,7,2,2,16,0
51,21,1,36,3,0,1,0,0,0,2,11,4,0,0,4,1,16,3,42,4,6,13,3,6,15,4,2,7,2,2,15,0
-38,21,1,42,3,0,1,0,0,0,2,5,10,0,0,4,1,16,4,41,3,5,12,4,6,14,3,1,7,2,6,15,45
-49,21,1,42,3,0,0,1,0,0,2,13,2,0,0,4,1,16,3,40,3,4,12,4,5,14,4,1,7,2,6,15,45
-165,21,2,58,5,0,0,1,0,0,1,9,6,1,0,4,1,16,3,38,2,5,12,3,7,14,5,2,6,3,2,17,30
-85,21,2,50,4,0,0,1,0,0,1,8,7,0,0,4,1,16,3,38,2,5,13,2,8,13,4,1,6,2,2,16,15
-35,20,3,38,3,0,0,2,0,0,1,0,15,0,0,4,1,16,3,37,1,5,13,2,7,14,4,2,5,2,2,15,15
21,20,4,38,3,0,0,2,0,0,1,37,23,0,0,4,1,16,1,36,3,7,13,6,9,16,6,3,5,2,2,15,15
-64,20,4,36,3,0,1,2,0,0,1,15,45,0,0,4,1,16,2,34,4,8,17,8,10,17,6,3,5,3,2,15,0
-102,20,4,40,3,0,1,2,0,0,0,15,45,0,0,4,1,16,2,34,5,8,17,7,9,16,5,2,5,3,2,15,30
-117,20,5,44,4,0,1,1,0,0,0,10,50,0,0,4,1,16,3,33,4,7,16,6,8,16,4,2,4,3,2,16,0
-13,19,5,35,4,0,1,0,0,0,0,9,51,0,0,4,1,16,2,33,4,7,17,5,7,15,4,1,4,2,2,14,45
6,19,5,33,3,0,1,0,0,0,0,8,52,0,0,4,1,16,2,33,4,8,17,4,6,14,3,1,4,2,1,14,15
-20,17,4,34,2,0,3,1,0,0,0,8,7,0,0,4,1,16,2,30,3,6,15,5,9,16,5,1,4,3,1,14,30
25,17,5,29,1,0,3,1,0,0,0,5,10,0,0,4,1,16,2,30,3,6,16,4,8,15,4,1,4,3,1,13,0
-171,17,5,44,1,0,2,1,0,0,0,4,11,0,0,4,1,16,1,30,3,6,16,3,7,14,4,2,3,3,2,16,0
20,16,4,29,2,0,1,1,0,0,0,1,14,0,0,4,1,16,0,29,5,7,17,3,7,14,5,3,2,2,1,13,0
4,16,4,32,2,0,1,1,0,0,0,10,5,0,0,4,1,16,1,28,4,7,17,4,7,13,4,3,2,1,1,13,15
-176,14,3,44,4,0,2,1,0,0,0,1,14,0,0,4,1,16,3,24,2,9,16,5,9,17,5,4,1,1,2,16,0
30,13,2,20,3,0,2,1,0,0,0,0,15,0,0,4,1,16,2,24,2,9,18,4,8,16,5,3,1,0,2,11,45
13,13,2,27,3,0,1,1,0,0,0,12,3,0,0,4,1,16,2,24,2,9,18,4,8,15,4,3,1,0,3,12,45
-14,13,3,29,2,0,1,1,0,0,0,8,7,0,0,4,1,16,2,24,3,9,18,3,8,14,3,3,1,0,1,13,0
37,12,3,18,3,0,0,1,0,0,0,12,3,0,0,4,1,16,1,23,6,10,18,4,7,15,4,3,1,0,2,11,30
11,12,3,24,3,0,0,1,0,0,0,13,2,0,0,4,1,16,0,22,7,11,18,5,7,17,5,3,1,0,1,12,15
-43,12,4,26,4,0,0,2,0,0,1,3,12,0,0,4,1,16,4,18,4,7,16,5,10,17,4,2,1,0,2,12,30
189,12,5,2,4,0,0,2,0,0,1,13,2,0,0,4,1,16,4,17,4,8,15,4,9,16,4,1,1,0,2,9,15
-16,11,5,22,3,0,0,3,0,0,1,5,10,0,0,4,1,16,3,16,4,8,15,3,8,16,5,1,1,0,2,12,0
-72,11,6,27,4,0,0,3,0,0,0,13,2,0,0,4,1,16,4,15,4,9,14,3,8,17,4,1,1,0,3,12,45
-37,11,6,22,3,0,0,3,0,0,0,10,5,0,0,4,1,16,4,15,4,9,14,2,7,16,3,1,1,0,2,12,0
-9,9,5,24,4,0,1,2,0,0,1,2,13,0,0,4,1,16,3,12,4,8,12,6,11,17,6,3,1,1,1,12,15
-55,9,5,20,5,0,1,2,0,0,0,9,6,0,0,4,1,16,2,11,5,8,11,5,11,18,7,4,1,1,2,11,45
-17,9,5,16,4,0,1,2,0,0,0,8,7,0,0,4,1,16,2,11,5,8,11,4,10,17,6,4,1,1,2,11,15
10,9,6,16,3,0,1,2,0,0,0,6,9,0,0,4,1,16,2,11,5,8,11,4,9,16,5,4,1,1,2,11,15
-18,9,6,14,3,0,0,2,0,0,0,4,11,0,0,4,1,16,2,11,6,9,11,3,8,15,4,3,1,1,2,11,0
4,5,3,11,3,0,0,3,1,0,0,2,13,0,0,4,1,16,1,8,4,7,8,5,8,16,7,5,1,1,1,10,30
6,5,4,14,4,0,0,2,1,0,1,6,9,0,0,4,1,16,2,6,3,6,6,6,9,15,7,4,1,1,2,11,0
-345,4,4,44,5,0,0,1,1,0,1,0,15,0,0,4,1,16,1,5,3,5,5,5,10,14,8,4,0,1,2,16,0
40,4,4,11,4,0,0,1,1,0,1,11,4,0,0,4,1,16,1,5,3,5,5,4,9,13,7,4,0,0,1,10,30
-43,4,4,13,4,0,0,1,1,0,0,10,5,0,0,4,1,16,1,5,3,5,5,3,8,12,6,3,0,0,2,10,45
18,4,4,8,5,0,0,1,0,0,0,2,13,0,0,4,1,16,1,4,3,4,4,3,7,11,6,3,0,0,1,10,0
18,4,4,10,4,0,0,1,0,0,0,11,4,0,0,4,1,16,1,4,3,4,4,4,6,10,5,2,0,0,2,10,15
42,3,3,6,4,0,0,1,0,0,1,7,8,0,0,4,1,16,1,2,2,2,2,5,8,9,6,3,0,0,2,9,45
15,2,2,6,4,0,0,1,0,0,1,0,15,0,0,4,1,16,1,1,1,1,1,4,8,8,6,4,0,0,2,9,45
-50,2,2,18,4,0,0,0,0,0,1,0,15,0,0,4,1,16,1,1,1,1,1,3,7,7,5,4,0,0,2,11,30
-12,1,1,8,3,0,1,0,0,0,1,4,11,0,0,4,1,16,1,0,0,0,0,4,6,6,5,4,0,0,1,10,0
7,0,0,2,3,0,1,0,0,0,0,1,14,0,0,4,1,16,0,0,0,0,0,4,5,5,5,4,0,0,2,9,15
7,0,0,4,2,0,1,0,0,0,0,0,19,0,0,4,1,16,0,0,0,0,0,4,4,4,4,3,0,0,2,9,30
-5,0,0,4,1,0,1,0,0,0,0,0,20,0,0,4,1,16,0,0,0,0,0,3,3,3,3,2,0,0,2,9,30
9,0,0,0,0,0,1,0,0,0,0,0,27,0,1,4,1,16,0,0,0,0,0,2,2,2,2,2,0,0,2,9,0
3,0,0,0,0,0,0,0,0,0,0,0,41,0,1,4,1,16,0,0,0,0,0,1,1,1,1,1,0,0,2,9,0
6,20,4,49,2,0,1,0,0,0,2,13,2,0,0,3,1,15,2,48,3,7,14,5,7,13,4,1,9,5,2,17,15
-27,20,5,52,2,0,0,1,1,0,2,6,9,1,0,3,1,15,3,46,1,5,13,5,8,13,4,1,8,4,2,17,30
-32,19,4,52,2,0,0,1,1,0,1,1,14,1,0,3,1,15,2,46,2,5,15,4,7,12,4,1,7,3,2,17,30
11,18,3,49,1,0,0,1,1,0,1,4,11,0,0,3,1,15,0,46,4,9,16,3,7,12,5,2,7,2,2,17,15
7,18,3,48,0,0,0,1,1,0,1,1,14,0,0,3,1,15,0,46,4,9,16,3,6,11,4,1,6,2,3,17,0
3,18,3,46,0,0,0,1,2,0,0,10,5,0,0,3,1,15,1,45,4,8,15,4,7,12,3,1,5,1,1,16,45
-36,16,2,49,2,0,0,1,2,0,0,17,13,0,0,3,1,15,1,42,5,8,13,4,7,14,5,2,5,0,2,17,15
3,16,2,43,3,0,0,1,1,0,0,11,19,0,0,3,1,15,2,41,4,7,12,5,6,14,4,2,5,0,1,16,15
13,16,2,45,3,0,0,0,1,0,0,10,20,0,0,3,1,15,2,41,4,8,12,4,5,13,3,1,5,0,2,16,30
34,15,1,38,2,0,0,0,1,0,0,14,1,0,0,3,1,15,0,41,7,10,13,4,5,14,4,1,5,0,3,15,30
-34,15,1,46,3,0,1,1,1,0,0,13,2,0,0,3,1,15,3,37,3,7,9,3,6,13,4,1,5,1,1,16,45
-27,15,1,43,3,0,1,1,0,0,0,12,3,0,0,3,1,15,3,37,3,7,9,2,6,12,3,1,5,2,1,16,15
-11,15,1,40,2,0,1,1,0,0,0,10,5,0,0,3,1,15,3,37,4,7,9,1,5,11,2,1,5,2,2,15,45
22,14,0,38,3,0,2,2,0,0,0,7,8,0,0,3,1,15,3,33,3,4,8,5,8,10,5,3,5,2,3,15,30
-53,14,0,40,3,0,2,2,0,0,1,21,4,0,0,3,1,15,5,31,1,3,7,6,9,10,4,2,4,2,2,15,45
8,14,0,36,3,0,2,2,0,0,1,9,16,0,0,3,1,15,5,30,1,2,8,5,8,10,4,2,4,1,2,15,15
-22,14,1,34,3,0,2,2,0,0,0,7,18,0,0,3,1,15,5,30,1,2,8,5,7,9,3,2,3,1,2,15,0
-35,14,1,34,3,0,1,2,0,0,0,2,23,0,0,3,1,15,4,30,1,2,8,4,6,8,3,2,3,0,2,15,0
-2,14,1,32,2,0,1,2,0,0,0,1,4,0,0,3,1,15,3,30,2,3,9,5,5,7,3,1,3,0,1,14,20
-41,14,1,40,1,0,1,2,0,0,0,0,5,0,0,3,1,15,3,30,2,3,9,4,4,6,2,1,3,0,2,15,45
-31,14,3,33,0,0,2,2,0,0,0,27,18,0,0,3,1,15,2,29,1,4,9,3,3,5,3,1,3,0,2,14,45
-12,14,4,36,0,0,2,1,0,0,0,18,27,0,0,3,1,15,2,29,1,4,10,2,2,5,2,0,3,0,2,15,15
-8,14,4,31,1,0,1,1,0,0,0,17,28,0,0,3,1,15,3,28,0,3,9,1,2,4,1,0,3,0,1,14,15
5,10,3,28,2,0,1,1,1,0,0,3,12,0,0,3,1,15,1,25,4,6,15,2,3,12,5,2,3,0,1,13,0
28,8,1,24,3,0,0,2,2,0,0,14,1,0,0,3,1,15,2,22,2,6,13,1,7,12,6,3,3,2,2,12,30
29,7,2,28,2,0,1,2,2,0,1,11,4,0,0,3,1,15,1,20,4,8,16,6,10,15,8,5,3,3,1,13,0
-39,7,4,26,2,0,2,2,2,0,0,1,14,0,0,3,1,15,1,19,4,9,16,5,9,17,8,4,2,3,2,12,45
15,7,4,22,2,0,2,2,1,0,0,0,15,0,0,3,1,15,1,19,5,9,16,4,8,16,7,3,2,2,2,12,15
29,7,4,22,2,0,2,2,0,0,0,14,1,0,0,3,1,15,1,19,5,9,16,3,7,15,6,3,2,2,2,12,15
-24,7,4,30,1,0,2,2,0,0,0,13,2,0,0,3,1,15,1,19,5,9,16,2,6,14,5,2,2,2,1,13,30
3,7,4,26,2,0,2,1,0,0,0,11,4,0,0,3,1,15,2,18,4,8,15,1,5,13,4,2,1,2,2,12,45
-13,5,4,24,3,0,3,1,1,0,0,10,5,0,0,3,1,15,2,14,4,7,11,4,7,18,7,4,1,1,2,12,30
28,5,4,20,3,0,3,1,1,0,0,8,7,0,0,3,1,15,2,13,3,7,10,4,7,17,7,4,1,1,2,12,0
-10,5,4,18,3,0,2,1,1,0,0,6,9,0,0,3,1,15,1,13,3,7,10,3,6,16,7,5,1,1,2,11,45
-14,5,4,20,3,0,1,1,1,0,0,4,11,0,0,3,1,15,1,13,3,7,11,2,5,15,6,5,0,1,2,12,0
22,3,3,13,5,0,0,1,1,0,1,8,7,0,0,3,1,15,2,10,4,7,10,4,8,16,7,6,0,0,2,11,0
-8,1,1,18,7,0,0,1,1,0,1,0,15,0,0,3,1,15,2,7,4,4,7,7,11,17,9,7,0,0,2,11,45
22,1,1,13,7,0,0,1,0,0,1,11,4,0,0,3,1,15,1,7,4,4,7,6,12,17,9,7,0,0,2,11,0
-22,1,1,17,7,0,0,1,0,0,1,8,7,0,0,3,1,15,2,6,3,3,6,5,11,16,8,6,0,0,2,11,30
-58,1,1,15,6,0,0,1,0,0,1,3,12,0,0,3,1,15,1,6,3,4,6,4,10,15,8,6,0,0,1,11,15
5,1,1,11,8,0,0,0,0,0,1,10,5,0,0,3,1,15,2,4,1,4,4,5,9,14,8,5,0,0,2,10,45
-48,1,1,11,8,0,0,0,0,0,1,6,9,0,0,3,1,15,3,3,0,3,3,6,9,13,7,5,0,0,2,10,45
-24,0,0,10,7,0,0,0,0,0,1,3,12,0,0,3,1,15,2,3,0,3,3,5,8,12,7,5,0,0,2,10,30
68,0,0,4,6,0,0,0,0,0,1,1,14,0,0,3,1,15,0,3,1,3,3,6,8,11,8,6,0,0,2,9,30
-13,0,0,7,5,0,0,0,0,0,1,11,4,0,0,3,1,15,0,3,3,3,3,5,7,10,7,6,0,0,2,10,0
-3,0,0,8,4,0,0,0,0,0,1,8,7,0,0,3,1,15,0,3,3,3,3,5,6,9,6,5,0,0,1,10,15
-9,0,0,15,3,0,0,0,0,0,1,6,9,0,0,3,1,15,0,3,3,3,3,4,5,8,5,4,0,0,1,11,15
66,0,0,5,3,0,0,0,0,0,0,12,3,0,0,3,1,15,0,3,3,3,3,3,7,7,4,3,0,0,1,9,45
17,0,0,8,2,0,0,0,0,0,0,12,3,0,0,3,1,15,0,3,3,3,3,3,6,6,3,2,0,0,1,10,15
-12,0,0,5,2,0,1,0,0,0,1,0,6,0,0,3,1,15,2,0,0,0,0,2,5,5,3,2,0,0,1,9,45
-19,0,0,2,1,0,1,0,0,0,1,0,18,0,0,3,1,15,0,0,0,0,0,4,4,4,4,2,0,0,1,9,15
-10,0,0,0,1,0,1,0,0,0,0,0,39,0,1,3,1,15,0,0,0,0,0,3,3,3,3,1,0,0,2,9,0
50,0,0,0,0,0,1,0,0,0,0,0,42,0,1,3,1,15,0,0,0,0,0,2,2,2,2,0,0,0,2,9,0
-25,0,0,2,0,0,0,0,0,0,0,0,47,0,0,3,1,15,0,0,0,0,0,1,1,1,1,0,0,0,1,9,15
-2,23,3,51,7,0,0,0,0,0,1,0,15,1,0,2,1,14,2,44,2,3,11,1,5,14,7,2,8,1,2,17,30
0,20,1,49,8,0,0,0,0,0,1,13,2,0,0,2,1,14,1,42,2,5,12,5,7,16,9,2,8,1,2,17,15
4,20,1,47,7,0,0,0,0,0,1,9,6,0,0,2,1,14,1,42,3,5,12,4,6,15,8,2,8,1,2,17,0
77,20,1,45,6,0,1,0,0,0,1,6,9,0,0,2,1,14,1,41,3,7,12,3,9,17,8,3,8,3,2,16,45
16,20,1,47,5,0,1,0,0,0,1,3,12,0,0,2,1,14,1,41,3,7,12,3,10,16,7,3,8,3,2,17,0
59,20,2,49,5,0,1,0,0,0,1,13,2,0,0,2,1,14,2,40,3,7,12,3,9,15,6,3,7,3,2,17,15
104,20,2,31,6,0,1,0,0,0,1,4,11,0,0,2,1,14,2,38,4,7,11,8,10,17,7,4,7,3,2,14,45
38,19,1,40,6,0,1,0,0,0,1,0,15,0,0,2,1,14,1,37,4,6,10,7,10,16,8,5,7,3,2,16,0
-7,19,1,38,5,0,1,0,0,0,1,3,12,0,0,2,1,14,0,37,5,8,12,7,10,15,8,6,7,3,1,15,45
-1,19,1,38,5,0,1,0,0,0,1,0,15,0,0,2,1,14,1,36,4,7,11,6,10,14,7,5,7,3,1,15,45
0,19,1,36,5,0,1,0,0,0,0,14,1,0,0,2,1,14,1,36,4,7,12,5,9,13,6,4,6,3,2,15,30
-23,19,1,43,6,0,0,0,0,0,0,12,3,0,0,2,1,14,2,35,3,6,11,4,8,12,5,4,5,2,2,16,30
-43,19,1,41,6,0,0,0,0,0,0,5,10,0,0,2,1,14,2,34,2,5,11,4,8,11,5,4,5,1,2,16,15
1,19,1,45,5,0,0,0,0,0,0,5,10,0,0,2,1,14,2,34,2,5,11,3,7,10,4,3,5,1,2,16,45
147,18,0,35,4,0,0,1,0,0,0,7,8,0,0,2,1,14,2,33,3,5,10,4,6,9,4,3,4,1,2,15,15
-23,18,0,36,4,0,0,1,0,0,0,6,9,0,0,2,1,14,1,32,3,5,11,5,7,10,5,4,4,2,2,15,30
-127,18,1,51,4,0,0,1,0,0,0,4,11,1,0,2,1,14,2,31,2,4,10,4,7,9,4,3,4,3,2,17,30
-9,18,2,33,4,0,0,1,0,0,0,9,6,0,0,2,1,14,1,30,2,3,9,3,6,8,5,4,4,3,1,15,0
2,18,2,33,3,0,1,1,0,0,0,2,13,0,0,2,1,14,2,29,2,4,9,3,5,7,4,3,4,3,1,15,0
-2,18,2,30,2,0,1,1,0,0,0,41,4,0,0,2,1,14,0,29,2,5,9,2,4,6,5,3,4,3,2,14,30
-122,18,4,41,3,0,0,2,0,0,0,18,27,0,0,2,1,14,2,27,2,4,11,3,4,9,4,2,3,3,2,16,15
-111,18,4,43,2,0,0,2,0,0,0,10,35,0,0,2,1,14,2,27,3,5,12,2,4,10,3,2,2,2,2,16,30
-18,18,4,31,2,0,0,1,0,0,0,6,39,0,0,2,1,14,2,27,3,6,12,1,3,10,2,1,1,1,2,14,45
-10,14,2,28,3,0,0,2,1,0,0,3,12,0,0,2,1,14,0,23,3,7,13,2,6,15,7,2,1,1,1,13,30
-1,14,2,29,2,0,0,2,1,0,0,2,13,0,0,2,1,14,0,23,3,8,13,1,5,15,6,2,1,1,1,14,15
-16,13,5,23,4,0,0,2,1,0,0,7,8,0,0,2,1,14,1,20,5,10,15,7,9,15,7,4,1,1,2,12,45
25,13,5,21,7,0,0,2,0,0,0,1,14,0,0,2,1,14,3,17,4,7,14,6,8,14,7,3,1,1,2,12,30
13,12,4,19,6,0,0,2,0,0,0,9,6,0,0,2,1,14,2,17,4,7,15,5,10,13,7,2,1,1,2,12,15
32,12,4,25,5,0,0,2,0,0,0,5,10,0,0,2,1,14,2,16,5,7,15,4,10,12,6,1,0,1,1,13,0
65,11,4,21,6,0,0,1,1,0,0,0,15,0,0,2,1,14,2,15,3,5,14,5,10,11,7,3,0,0,2,12,30
6,10,3,25,6,0,0,0,1,0,0,10,5,0,0,2,1,14,1,15,3,7,15,4,10,13,7,4,0,0,1,13,0
-23,10,3,27,5,0,0,0,1,0,0,7,8,0,0,2,1,14,1,15,5,7,15,3,9,12,6,4,0,0,1,13,15
28,8,2,13,6,0,1,0,1,0,0,4,11,0,0,2,1,14,2,12,2,6,12,6,8,15,7,3,0,0,2,11,15
-10,8,2,18,5,0,1,0,1,0,0,1,14,0,0,2,1,14,2,12,2,6,12,6,7,15,6,2,0,0,2,12,0
-15,8,4,15,5,0,1,1,1,0,0,14,1,0,0,2,1,14,2,10,3,7,10,6,6,14,7,3,0,0,1,11,30
26,8,4,11,5,0,0,1,1,0,0,13,2,0,0,2,1,14,2,10,3,7,10,5,5,13,6,2,0,0,2,11,0
2,8,4,17,4,0,0,1,1,0,0,12,3,0,0,2,1,14,2,10,3,7,10,4,4,12,5,2,0,0,1,11,45
-12,8,5,19,3,0,0,1,1,0,0,8,7,0,0,2,1,14,2,10,4,8,10,3,3,11,4,1,0,0,2,12,15
27,8,5,15,2,0,0,1,1,0,0,2,13,0,0,2,1,14,2,10,4,8,10,2,2,11,3,1,0,0,1,11,30
18,7,4,13,2,0,0,1,0,0,0,14,1,0,0,2,1,14,1,9,4,9,10,1,1,10,3,1,0,0,2,11,15
1,3,3,9,10,0,0,1,1,0,0,12,3,0,0,2,1,14,3,0,0,0,0,8,9,13,10,6,0,0,1,10,30
-90,3,3,23,9,0,0,1,1,0,0,12,3,0,0,2,1,14,3,0,0,0,0,7,8,12,9,5,0,0,2,12,45
-21,3,3,11,9,0,0,0,1,0,0,11,4,0,0,2,1,14,3,0,0,0,0,6,8,11,8,4,0,0,2,11,0
-13,1,1,10,8,0,0,0,1,0,0,1,14,0,0,2,1,14,1,0,0,0,0,5,7,10,9,5,0,0,2,10,45
-2,1,1,7,8,0,0,0,0,0,0,0,15,0,0,2,1,14,1,0,0,0,0,4,6,9,8,4,0,0,1,10,15
77,1,1,3,7,0,0,0,0,0,0,12,3,0,0,2,1,14,1,0,0,0,0,3,5,8,7,3,0,0,1,9,30
5,0,0,5,6,0,0,0,0,0,0,5,10,0,0,2,1,14,0,0,0,0,0,3,5,7,7,3,0,0,2,10,0
3,0,0,5,5,0,0,0,0,0,0,1,14,0,0,2,1,14,0,0,0,0,0,2,4,6,6,3,0,0,2,10,0
23,0,0,0,4,0,0,0,0,0,0,0,10,0,1,2,1,14,0,0,0,0,0,3,4,5,5,2,0,0,2,9,0
16,0,0,1,3,0,0,0,0,0,0,0,19,0,0,2,1,14,0,0,0,0,0,3,4,4,4,2,0,0,1,9,15
8,0,0,4,2,0,0,0,0,0,0,0,37,0,0,2,1,14,0,0,0,0,0,2,3,3,3,2,0,0,2,9,45
22,0,0,1,1,0,0,0,0,0,0,0,45,0,0,2,1,14,0,0,0,0,0,2,2,2,2,1,0,0,1,9,15
-32,0,0,7,0,0,0,0,0,0,0,0,70,0,0,2,1,14,0,0,0,0,0,1,1,1,1,0,0,0,1,10,15
50,33,0,43,0,0,0,0,0,0,0,47,0,1,0,6,1,11,0,44,0,3,8,1,1,3,1,0,4,0,1,17,30
-15,31,4,43,3,0,0,0,0,0,0,0,15,1,0,6,1,11,1,40,5,6,11,2,6,9,3,3,4,1,1,17,30
59,30,4,39,5,0,0,0,0,0,0,13,17,0,0,6,1,11,2,37,2,4,10,3,5,8,4,4,3,1,2,16,15
-30,28,3,42,4,0,0,2,0,0,0,12,3,0,0,6,1,11,2,35,1,4,9,4,5,7,5,3,3,0,2,17,0
13,28,3,40,3,0,0,2,0,0,0,5,10,0,0,6,1,11,1,35,2,5,9,3,5,7,5,3,3,1,1,16,45
24,28,3,38,2,0,0,2,0,0,0,12,3,0,0,6,1,11,1,35,2,5,10,2,4,7,4,2,3,1,1,16,0
37,27,2,36,1,0,0,3,0,0,0,2,13,0,0,6,1,11,1,34,2,5,10,2,3,8,4,2,3,1,1,15,45
58,26,2,36,0,0,0,4,0,0,0,11,4,0,0,6,1,11,1,33,3,6,11,2,3,9,4,3,3,1,1,15,45
-39,25,2,40,1,0,1,3,0,0,0,24,6,0,0,6,1,11,2,31,4,5,11,2,3,8,4,3,2,1,1,16,45
-30,24,4,34,2,0,0,3,1,0,0,1,29,0,0,6,1,11,1,29,3,5,10,1,5,8,6,3,2,1,2,15,30
24,23,6,34,3,0,0,3,1,0,1,71,19,0,0,6,1,11,2,26,3,6,11,4,6,10,7,4,2,1,2,15,30
28,22,6,32,4,0,0,2,1,0,1,62,28,0,0,6,1,11,2,25,2,6,11,4,5,10,7,4,2,1,2,15,15
-19,22,7,32,3,0,0,2,1,0,1,51,39,0,0,6,1,11,2,25,4,6,12,4,4,9,6,3,1,1,2,15,15
17,20,5,29,3,0,0,2,1,0,1,48,42,0,0,6,1,11,1,24,3,5,11,3,3,8,7,3,1,0,2,14,30
-11,20,6,30,4,0,0,2,1,0,0,34,56,0,0,6,1,11,2,23,4,6,12,2,4,8,6,3,1,0,2,14,45
33,18,5,30,4,0,0,1,2,0,0,26,64,0,0,6,1,11,1,22,3,6,11,1,3,8,7,2,1,0,2,14,45
62,15,5,27,6,0,1,1,1,0,0,1,14,0,0,6,1,11,1,19,4,6,11,4,5,10,9,4,1,0,1,13,0
50,14,6,27,7,0,2,0,1,0,0,7,8,0,0,6,1,11,2,17,3,5,10,4,5,9,9,4,1,0,1,13,0
-8,13,5,25,7,0,1,1,1,0,0,10,5,0,0,6,1,11,1,16,2,5,10,3,5,12,10,5,1,0,2,12,45
115,13,6,23,6,0,1,1,1,0,0,6,9,0,0,6,1,11,1,16,3,6,10,2,4,11,9,4,1,0,2,12,30
42,12,6,25,6,0,1,1,1,0,0,9,6,0,0,6,1,11,1,15,3,5,10,1,4,13,9,5,1,0,2,12,45
91,8,4,17,9,0,1,1,0,0,0,8,7,0,0,6,1,11,0,12,2,5,9,3,5,15,12,6,1,0,2,11,45
80,8,5,23,8,0,1,2,0,0,0,1,14,0,0,6,1,11,1,11,2,4,9,2,7,15,11,5,1,0,2,12,30
79,7,5,21,8,0,1,2,0,0,0,2,13,0,0,6,1,11,1,10,2,5,8,3,8,14,11,4,1,1,2,12,15
24,6,4,14,7,0,1,3,0,0,0,12,3,0,0,6,1,11,1,9,3,4,9,5,9,14,11,5,1,1,1,11,15
67,5,4,19,6,0,1,3,0,0,0,4,11,0,0,6,1,11,0,9,3,5,9,5,9,14,11,5,1,1,2,12,0
25,4,4,16,7,0,1,3,0,0,0,7,8,0,0,6,1,11,1,7,2,4,7,7,10,16,11,4,1,1,2,11,30
49,4,4,12,6,0,1,3,0,0,0,5,10,0,0,6,1,11,1,7,2,5,7,6,9,15,10,4,1,1,2,11,0
27,4,4,17,5,0,1,3,0,0,0,3,12,0,0,6,1,11,1,7,2,5,7,5,9,14,9,4,1,1,2,11,45
38,3,3,19,6,0,0,3,0,0,0,11,4,0,0,6,1,11,1,6,1,4,6,4,8,14,9,3,0,1,2,12,0
8,2,2,14,7,0,0,2,0,0,0,2,13,0,0,6,1,11,1,5,2,3,5,4,7,13,9,3,0,0,1,11,15
135,2,2,7,6,0,0,2,0,0,0,0,15,0,0,6,1,11,1,5,2,3,5,3,6,13,8,3,0,0,2,10,15
36,2,2,21,5,0,0,2,0,0,0,11,4,0,0,6,1,11,1,5,2,4,5,3,6,12,7,3,0,0,2,12,15
12,1,1,12,4,0,0,2,0,0,0,5,10,0,0,6,1,11,0,5,3,5,5,4,6,11,7,3,0,0,2,11,0
58,1,1,11,6,0,0,1,0,0,0,13,2,0,0,6,1,11,2,3,2,3,3,3,5,11,6,2,0,0,2,10,45
16,0,0,9,5,0,0,1,0,0,0,11,4,0,0,6,1,11,1,3,2,3,3,3,5,10,6,2,0,0,1,10,30
19,0,0,9,6,0,0,0,0,0,0,3,12,0,0,6,1,11,2,2,1,2,2,2,6,9,5,2,0,0,1,10,30
32,0,0,4,6,0,0,0,0,0,0,12,3,0,0,6,1,11,1,1,1,1,1,2,7,8,6,4,0,0,2,9,45
-27,0,0,5,5,0,0,1,0,0,0,0,6,0,0,6,1,11,1,0,0,0,0,5,6,7,6,4,0,0,2,10,0
32,0,0,5,4,0,0,1,0,0,0,0,19,0,0,6,1,11,0,0,0,0,0,5,6,6,6,3,0,0,2,10,0
-25,0,0,2,3,0,0,1,0,0,0,0,20,0,0,6,1,11,0,0,0,0,0,4,5,5,5,3,0,0,1,9,30
-53,0,0,7,2,0,0,1,0,0,0,0,21,0,0,6,1,11,0,0,0,0,0,3,4,4,4,3,0,0,2,10,15
21,0,0,2,1,0,0,1,0,0,0,0,31,0,0,6,1,11,0,0,0,0,0,2,3,3,3,2,0,0,1,9,30
27,0,0,1,0,0,0,1,0,0,0,0,43,0,0,6,1,11,0,0,0,0,0,2,2,2,2,1,0,0,2,9,15
-9,0,0,0,0,0,0,0,0,0,0,0,71,0,1,6,1,11,0,0,0,0,0,1,1,1,1,0,0,0,1,9,0
27,28,4,47,2,0,0,4,0,0,2,14,1,0,0,5,1,10,2,48,5,7,11,3,7,16,7,5,4,2,2,16,15
10,28,4,56,2,0,0,4,0,0,2,10,5,1,0,5,1,10,2,47,4,6,10,4,7,16,7,4,4,1,1,17,30
34,28,5,54,2,0,0,4,0,0,2,13,2,0,0,5,1,10,2,46,5,6,12,4,8,16,7,4,3,1,1,17,15
2,25,2,51,3,0,1,5,0,0,1,11,4,0,0,5,1,10,2,43,2,4,10,5,8,16,9,5,3,0,1,16,45
50,25,2,47,2,0,1,5,0,0,1,11,4,0,0,5,1,10,2,43,2,4,10,4,7,15,8,4,3,0,2,16,15
24,25,2,53,2,0,1,4,0,0,2,2,13,0,0,5,1,10,3,42,2,4,10,4,6,15,7,4,3,0,2,17,0
-11,24,2,54,3,0,1,3,0,0,2,0,15,0,0,5,1,10,1,41,1,4,11,4,10,14,9,7,3,2,1,17,15
-17,24,2,51,2,0,1,3,0,0,2,13,2,0,0,5,1,10,1,41,2,4,11,4,9,13,8,6,3,2,1,16,45
47,24,2,40,3,0,0,3,0,0,2,7,8,0,0,5,1,10,2,40,1,6,11,3,9,13,7,6,3,2,1,15,15
14,23,1,42,3,0,0,3,0,0,1,1,14,0,0,5,1,10,1,40,2,6,12,2,9,12,7,5,3,2,2,15,30
-28,23,1,45,3,0,0,3,0,0,1,0,15,0,0,5,1,10,2,39,2,6,12,6,9,11,6,4,3,2,2,16,0
35,23,2,37,3,0,0,3,0,0,1,0,15,0,0,5,1,10,1,38,4,6,12,7,9,11,7,4,3,2,1,14,45
-2,23,3,39,3,0,0,3,0,0,0,8,7,0,0,5,1,10,1,38,4,7,14,6,8,11,6,4,3,2,2,15,0
16,23,3,43,2,0,0,3,0,0,0,8,7,0,0,5,1,10,1,38,5,7,14,5,7,10,5,3,3,2,2,15,45
-17,23,4,49,2,0,0,2,0,0,0,7,8,0,0,5,1,10,1,38,5,7,14,4,6,10,4,2,2,2,2,16,30
9,23,4,45,2,0,0,1,0,0,0,6,9,0,0,5,1,10,1,38,5,7,14,3,5,9,3,1,1,1,2,16,0
-26,22,3,40,1,0,1,1,0,0,0,13,2,0,0,5,1,10,1,37,4,7,14,3,4,9,3,2,1,0,1,15,15
-14,22,4,43,3,0,2,0,0,0,0,1,14,0,0,5,1,10,3,34,2,5,13,3,4,9,3,3,1,0,2,15,45
2,22,5,36,3,0,2,0,0,0,0,36,9,0,0,5,1,10,4,33,2,6,13,2,3,9,2,2,1,0,2,14,30
-19,21,5,37,4,0,1,0,0,0,0,18,27,0,0,5,1,10,3,32,3,6,13,2,2,8,3,2,1,0,1,14,45
-9,19,4,35,4,0,1,0,1,0,0,11,4,0,0,5,1,10,3,30,4,8,13,1,5,10,4,3,1,0,1,14,15
23,16,5,33,5,0,2,1,1,0,0,3,12,0,0,5,1,10,2,26,5,7,15,5,6,16,8,5,1,0,1,13,15
-5,15,4,34,4,0,2,1,1,0,0,14,1,0,0,5,1,10,1,26,5,8,15,4,6,15,8,5,1,1,1,13,30
57,15,4,28,5,0,2,1,1,0,0,8,7,0,0,5,1,10,3,24,4,6,13,4,5,14,7,5,1,1,3,12,45
56,15,6,30,4,0,2,1,1,0,0,13,2,0,0,5,1,10,3,24,5,7,13,3,6,15,6,4,1,1,1,13,0
11,14,5,30,5,0,3,1,1,0,0,7,8,0,0,5,1,10,4,21,2,4,11,2,5,14,7,5,1,1,1,13,0
49,13,5,26,6,0,3,1,0,0,0,10,5,0,0,5,1,10,3,20,2,5,12,2,5,15,8,5,1,1,2,12,30
-208,11,5,49,6,0,2,2,0,0,0,2,13,0,0,5,1,10,1,19,4,8,14,4,10,19,10,7,0,1,2,16,30
-32,10,4,30,6,0,2,2,0,0,0,4,11,0,0,5,1,10,1,18,4,7,15,4,10,19,10,8,0,0,1,13,0
39,9,4,24,7,0,2,1,0,0,0,13,2,0,0,5,1,10,1,17,5,6,14,4,10,18,10,8,0,0,2,12,15
-1,8,3,22,6,0,2,1,0,0,0,4,11,0,0,5,1,10,0,17,6,7,15,6,9,19,10,8,0,0,2,12,0
2,8,5,28,7,0,2,1,0,0,0,5,10,0,0,5,1,10,1,15,4,8,15,7,11,18,10,8,0,0,3,12,45
-13,7,4,26,8,0,2,2,0,0,0,14,1,0,0,5,1,10,3,12,1,5,12,7,12,19,10,8,0,0,2,12,30
20,7,4,19,8,0,1,2,0,0,0,13,2,0,0,5,1,10,3,12,1,5,12,6,11,18,9,7,0,0,1,11,30
26,6,3,21,8,0,0,2,0,0,0,12,3,0,0,5,1,10,2,12,1,6,12,5,10,17,9,6,0,0,2,11,45
9,6,3,24,8,0,0,2,0,0,0,5,10,0,0,5,1,10,2,11,1,5,11,4,10,17,9,6,0,0,2,12,15
4,6,3,19,7,0,0,2,0,0,0,3,12,0,0,5,1,10,2,11,1,5,11,4,10,16,8,5,0,0,1,11,30
1,6,4,22,6,0,0,2,0,0,0,5,10,0,0,5,1,10,2,11,4,7,11,5,10,15,7,4,0,0,2,12,0
27,6,4,11,5,0,0,2,0,0,0,2,13,0,0,5,1,10,1,11,4,8,11,5,9,15,7,4,0,0,2,10,30
-9,5,4,15,5,0,0,2,0,0,0,4,11,0,0,5,1,10,1,10,4,8,10,7,10,14,7,4,0,0,2,11,0
14,5,4,17,6,0,0,1,0,0,0,12,3,0,0,5,1,10,2,9,5,7,9,6,9,14,6,4,0,0,2,11,15
22,5,4,15,6,0,0,1,0,0,0,10,5,0,0,5,1,10,3,8,4,7,8,6,8,13,5,3,0,0,2,11,0
-11,3,3,13,6,0,0,0,0,0,1,2,13,0,0,5,1,10,2,7,4,7,7,5,9,12,6,2,0,0,2,10,45
34,3,3,11,5,0,0,0,0,0,1,0,15,0,0,5,1,10,1,7,4,7,7,4,8,12,6,2,0,0,2,10,30
31,3,3,7,5,0,0,0,0,0,1,12,3,0,0,5,1,10,2,6,4,6,6,4,7,13,5,1,0,0,2,10,0
25,3,3,5,4,0,0,0,0,0,1,5,10,0,0,5,1,10,2,6,4,6,6,4,7,12,4,1,0,0,2,9,45
-15,3,3,9,6,0,0,0,0,0,0,12,3,0,0,5,1,10,2,4,2,4,4,3,6,11,5,2,0,0,2,10,15
-59,2,2,13,6,0,1,0,0,0,0,12,3,0,0,5,1,10,3,2,2,2,2,4,6,10,5,3,0,0,2,10,45
22,2,2,5,5,0,1,0,0,0,0,11,4,0,0,5,1,10,2,2,2,2,2,3,5,9,5,4,0,0,2,9,45
-8,1,1,17,5,0,1,0,0,0,0,5,10,0,0,5,1,10,2,0,0,0,0,3,5,8,6,6,0,0,2,11,15
-33,1,1,7,5,0,1,0,0,0,0,5,10,0,0,5,1,10,2,0,0,0,0,3,5,8,6,6,0,0,2,10,0
10,0,0,3,4,0,1,0,0,0,0,0,9,0,0,5,1,10,0,0,0,0,0,2,6,6,6,6,0,0,2,9,30
-26,0,0,9,3,0,1,0,0,0,0,0,27,0,0,5,1,10,0,0,0,0,0,2,5,5,5,5,0,0,2,10,15
-38,0,0,3,2,0,1,0,0,0,0,0,43,0,0,5,1,10,0,0,0,0,0,4,4,4,4,4,0,0,2,9,30
-1,0,0,2,2,0,0,0,0,0,0,0,60,0,0,5,1,10,0,0,0,0,0,3,3,3,3,3,0,0,2,9,15
4,0,0,0,1,0,0,0,0,0,0,0,62,0,1,5,1,10,0,0,0,0,0,2,2,2,2,2,0,0,1,9,0
24,0,0,0,0,0,0,0,0,0,0,0,63,0,1,5,1,10,0,0,0,0,0,1,1,1,1,1,0,0,1,9,0
-12,23,1,55,4,0,1,2,0,0,1,1,14,1,0,4,1,9,2,48,3,7,13,1,10,17,7,5,10,4,2,17,15
-28,22,3,52,9,0,0,2,0,0,1,9,6,0,0,4,1,9,3,43,3,7,11,9,13,20,10,7,9,5,1,16,45
12,22,3,55,8,0,0,2,0,0,1,7,8,1,0,4,1,9,2,43,4,7,11,8,13,19,10,8,8,4,2,17,15
-9,22,3,54,7,0,0,2,0,0,1,7,8,0,0,4,1,9,2,43,4,7,11,7,12,18,9,8,8,3,2,17,0
-30,22,3,52,6,0,0,2,0,0,1,6,9,0,0,4,1,9,2,43,4,7,12,7,11,17,8,7,8,3,1,16,45
31,22,3,45,6,0,0,1,0,0,1,5,10,0,0,4,1,9,2,43,4,7,12,6,10,16,7,6,7,3,2,16,0
74,22,3,41,6,0,0,2,0,0,0,4,11,0,0,4,1,9,3,42,3,6,11,5,9,15,6,5,7,2,2,15,30
43,22,3,45,6,0,0,1,0,0,0,3,12,0,0,4,1,9,3,42,3,6,11,4,8,14,5,5,6,2,2,16,0
-22,22,3,48,5,0,0,1,1,0,0,7,8,0,0,4,1,9,2,41,3,6,10,4,9,13,6,5,6,1,2,16,15
-30,22,4,48,4,0,0,1,1,0,0,4,11,0,0,4,1,9,2,41,3,6,10,3,8,13,5,4,6,1,2,16,15
-17,20,2,45,5,0,0,1,1,0,0,6,9,0,0,4,1,9,2,39,3,6,9,5,11,12,6,4,5,2,2,16,0
3,20,2,50,4,0,1,1,1,0,0,1,14,0,0,4,1,9,2,38,3,5,10,5,10,11,6,5,5,1,2,16,30
-31,19,2,50,3,0,1,2,1,0,0,12,3,0,0,4,1,9,2,37,3,5,10,6,9,13,6,4,5,1,2,16,30
-13,19,2,41,3,0,1,2,1,0,0,11,4,0,0,4,1,9,3,36,2,4,9,6,8,12,5,3,5,1,2,15,30
18,19,2,43,2,0,1,2,1,0,0,9,6,0,0,4,1,9,3,36,2,4,10,7,7,11,4,2,5,1,3,15,45
-55,19,2,43,2,0,0,2,1,0,0,3,12,0,0,4,1,9,2,36,3,5,11,6,6,10,4,2,5,1,3,15,45
15,19,3,39,3,0,0,2,0,0,0,9,6,0,0,4,1,9,2,35,2,4,11,5,5,9,4,1,5,1,2,15,15
59,18,2,34,4,0,0,1,0,0,0,12,3,0,0,4,1,9,1,34,2,3,12,4,5,8,5,0,4,1,1,14,30
-31,18,2,39,3,0,0,1,0,0,0,11,4,0,0,4,1,9,1,34,2,3,12,3,4,7,4,0,4,0,2,15,15
12,18,2,37,2,0,0,1,0,0,0,11,4,0,0,4,1,9,1,34,2,3,12,2,3,6,3,0,4,0,2,15,0
-23,18,2,37,1,0,0,1,0,0,0,10,5,0,0,4,1,9,1,34,2,4,12,1,2,5,2,0,4,0,2,15,0
19,16,3,33,4,0,0,0,0,0,0,7,38,0,0,4,1,9,1,31,4,7,13,1,4,8,4,2,4,1,2,14,15
-38,16,4,36,4,0,1,1,0,0,1,5,10,0,0,4,1,9,4,27,3,6,14,3,5,14,4,2,4,2,2,14,45
28,16,4,30,3,0,1,1,0,0,1,4,11,0,0,4,1,9,4,27,3,6,15,2,5,13,3,2,4,2,2,13,15
34,16,4,31,2,0,1,1,0,0,1,2,13,0,0,4,1,9,4,27,3,6,15,1,4,12,2,1,3,2,1,13,30
-63,12,2,34,4,0,1,3,1,0,1,13,2,0,0,4,1,9,3,21,2,7,15,4,10,16,8,4,3,1,1,14,30
8,12,3,26,4,0,0,3,1,0,1,11,4,0,0,4,1,9,3,21,2,7,16,3,9,15,7,4,2,1,1,12,45
-22,12,4,29,3,0,0,3,1,0,1,5,10,0,0,4,1,9,3,21,3,9,16,3,9,18,6,4,2,0,1,13,0
46,12,6,23,4,0,0,3,1,0,1,4,11,0,0,4,1,9,3,19,4,8,17,5,9,20,7,5,2,0,1,12,15
-26,11,6,26,5,0,0,3,0,0,1,6,9,0,0,4,1,9,2,18,5,9,16,7,11,21,8,6,2,1,1,12,45
-62,11,6,31,4,0,0,3,0,0,1,3,12,0,0,4,1,9,2,18,6,9,16,6,10,20,7,5,2,1,1,13,30
-11,11,7,21,3,0,0,3,0,0,2,0,15,0,0,4,1,9,2,17,5,9,15,5,9,19,7,6,2,1,2,12,0
16,10,6,25,3,0,1,2,1,0,2,9,6,0,0,4,1,9,3,15,4,7,13,4,9,19,7,5,2,1,3,12,30
6,10,7,18,2,0,1,2,1,0,2,2,13,0,0,4,1,9,2,15,4,9,14,4,8,18,7,5,2,1,2,11,30
-14,10,7,19,2,0,1,2,1,0,1,14,1,0,0,4,1,9,2,15,5,9,14,4,7,18,6,4,2,1,2,11,45
18,9,6,23,1,0,1,2,2,0,1,9,6,0,0,4,1,9,2,14,4,9,13,4,7,17,6,3,2,1,1,12,15
11,6,5,14,3,0,0,2,2,0,2,6,9,0,0,4,1,9,2,11,4,8,11,5,12,19,8,5,2,2,2,11,0
-60,6,6,26,4,0,0,1,2,0,2,0,15,0,0,4,1,9,3,10,4,8,10,4,12,18,7,5,2,2,1,12,45
14,5,5,12,4,0,0,1,2,0,1,10,5,0,0,4,1,9,1,10,5,8,10,3,11,17,8,6,2,2,2,10,45
-2,5,5,21,4,0,0,0,2,0,1,9,6,0,0,4,1,9,1,10,5,8,10,3,11,16,7,6,1,2,2,12,0
10,4,4,16,5,0,0,0,2,0,1,10,5,0,0,4,1,9,2,8,5,6,8,8,11,15,7,5,1,1,1,11,15
-26,3,3,19,8,0,0,0,1,0,1,10,5,0,0,4,1,9,3,5,3,4,5,8,11,14,8,6,1,1,2,11,45
5,3,3,14,8,0,0,0,1,0,0,7,8,0,0,4,1,9,2,5,3,4,5,8,10,14,8,5,0,1,2,11,0
3,3,3,10,7,0,0,0,1,0,0,6,9,0,0,4,1,9,2,5,3,4,5,7,10,14,7,4,0,0,2,10,30
-5,3,3,10,6,0,0,0,1,0,0,5,10,0,0,4,1,9,2,5,3,4,5,6,9,13,6,4,0,0,2,10,30
-34,3,3,16,5,0,0,0,1,0,0,2,13,0,0,4,1,9,2,5,3,4,5,5,9,12,5,4,0,0,1,11,15
60,3,3,6,5,0,0,0,0,0,0,2,13,0,0,4,1,9,2,5,3,4,5,4,8,11,4,3,0,0,2,10,0
-36,1,1,12,5,0,0,0,1,0,0,13,2,0,0,4,1,9,2,3,1,2,3,4,7,10,5,3,0,0,2,10,45
15,1,1,4,5,0,0,0,1,0,0,2,13,0,0,4,1,9,2,2,1,2,2,3,7,9,5,4,0,0,2,9,45
27,0,0,8,4,0,0,0,1,0,0,9,6,0,0,4,1,9,1,2,1,2,2,3,6,8,5,3,0,0,2,10,15
-12,0,0,6,3,0,0,0,1,0,0,0,15,0,0,4,1,9,1,2,1,2,2,4,5,7,4,2,0,0,2,10,0
15,0,0,4,2,0,0,1,1,0,0,1,14,0,0,4,1,9,1,1,1,1,1,4,4,6,4,2,0,0,2,9,45
31,0,0,0,2,0,0,1,0,0,0,0,9,0,1,4,1,9,0,1,1,1,1,3,4,5,4,3,0,0,2,9,15
4,0,0,8,1,0,0,1,0,0,0,0,12,0,0,4,1,9,0,1,1,1,1,2,4,4,3,3,0,0,2,10,15
-15,0,0,2,1,0,0,1,0,0,0,0,20,0,0,4,1,9,1,0,0,0,0,1,3,3,2,2,0,0,2,9,30
-5,0,0,2,0,0,0,1,0,0,0,0,68,0,0,4,1,9,0,0,0,0,0,2,2,2,2,2,0,0,2,9,30
-30,0,0,0,0,0,0,0,0,0,0,0,69,0,1,4,1,9,0,0,0,0,0,1,1,1,1,1,0,0,2,9,15
11,34,4,54,3,0,0,2,0,0,0,10,5,0,0,3,1,8,2,52,3,8,14,3,5,9,4,1,5,1,2,17,15
-23,34,4,56,2,0,0,2,0,0,0,10,5,1,0,3,1,8,2,52,3,8,14,2,4,9,3,1,5,0,2,17,30
-13,33,3,56,2,0,0,1,0,0,0,7,8,1,0,3,1,8,1,52,4,8,15,1,3,8,3,1,5,0,2,17,30
8,31,4,51,5,0,0,1,0,0,0,6,9,0,0,3,1,8,3,48,4,7,14,2,5,10,4,2,5,1,1,16,45
15,31,5,48,5,0,0,1,0,0,0,13,2,0,0,3,1,8,4,47,4,7,14,2,5,10,3,2,5,1,2,16,15
-54,30,7,53,5,0,2,1,0,0,0,6,9,0,0,3,1,8,4,44,3,7,13,3,5,14,5,3,5,1,2,17,0
-8,27,6,54,6,0,2,1,0,0,0,13,2,0,0,3,1,8,3,42,4,7,13,3,7,14,7,5,5,1,2,17,15
-37,27,6,49,7,0,1,1,0,0,0,11,4,0,0,3,1,8,4,41,3,6,12,2,6,13,6,5,4,1,2,16,30
56,26,5,44,6,0,1,1,0,0,0,4,11,0,0,3,1,8,3,41,4,7,14,2,6,12,6,4,4,0,2,15,45
18,23,4,42,8,0,1,1,0,0,0,10,5,0,0,3,1,8,3,38,3,7,12,4,7,15,8,5,4,0,2,15,30
20,23,4,40,9,0,0,1,0,0,0,1,14,0,0,3,1,8,3,37,4,6,12,4,9,14,8,4,4,1,2,15,15
19,23,4,44,8,0,0,1,0,0,0,14,1,0,0,3,1,8,3,37,4,7,13,3,8,13,7,3,4,1,2,15,45
3,23,4,42,8,0,0,0,1,0,0,9,6,0,0,3,1,8,4,36,4,6,13,2,8,13,6,2,4,1,2,15,30
19,21,3,37,9,0,0,0,1,0,0,6,9,0,0,3,1,8,3,34,3,7,13,6,7,16,8,2,4,1,1,14,45
19,21,5,37,8,0,1,1,1,0,0,36,9,0,0,3,1,8,4,32,2,5,12,6,7,16,8,2,4,1,1,14,45
4,19,3,40,7,0,1,1,1,0,0,32,13,0,0,3,1,8,2,32,3,6,13,5,7,16,9,2,4,1,2,15,15
-10,19,3,36,7,0,1,1,1,0,0,24,21,0,0,3,1,8,3,31,2,5,12,4,8,15,8,2,4,2,2,14,30
-99,19,3,49,6,0,1,1,1,0,0,23,22,0,0,3,1,8,3,31,3,5,12,3,7,14,7,2,4,2,2,16,30
-81,19,5,46,5,0,1,1,1,0,0,21,24,0,0,3,1,8,3,31,4,5,12,2,6,13,6,2,3,2,1,16,0
10,19,5,39,4,0,2,1,1,0,0,11,34,0,0,3,1,8,3,30,3,7,12,1,6,13,6,3,3,1,2,15,0
171,16,6,16,5,0,3,1,1,0,0,8,7,0,0,3,1,8,2,27,4,7,14,5,10,15,9,4,3,2,2,11,15
59,16,7,34,4,0,3,1,2,0,0,4,11,0,0,3,1,8,3,26,3,7,13,6,10,14,8,4,3,2,1,13,30
24,16,8,35,3,0,3,1,2,0,0,2,13,0,0,3,1,8,3,26,3,7,13,5,9,13,7,4,3,2,1,14,15
-195,16,8,51,2,0,3,1,2,0,0,11,4,0,0,3,1,8,3,26,4,7,14,5,8,13,6,4,2,2,1,16,45
95,14,6,26,5,0,2,1,2,0,0,12,3,0,0,3,1,8,4,23,3,5,13,6,8,16,7,5,2,1,2,12,30
21,13,6,33,4,0,2,1,2,0,0,7,8,0,0,3,1,8,3,23,3,6,14,5,7,16,7,4,2,1,1,13,15
10,13,6,31,4,0,1,1,2,0,0,6,9,0,0,3,1,8,3,23,3,6,14,4,6,15,6,3,2,1,1,13,0
-133,12,5,46,4,0,1,0,2,0,0,0,15,0,0,3,1,8,2,23,4,6,14,4,6,15,6,2,1,1,1,16,0
10,11,4,26,3,0,2,1,2,0,0,8,7,0,0,3,1,8,3,21,2,6,12,3,6,14,6,1,1,0,2,12,30
12,10,4,31,3,0,2,1,1,0,0,0,15,0,0,3,1,8,2,21,2,8,15,3,6,13,6,2,1,0,1,13,0
7,10,4,29,4,0,3,1,0,0,0,5,10,0,0,3,1,8,4,19,2,6,14,2,5,12,5,2,1,0,2,12,45
7,8,3,29,3,0,3,1,0,0,0,5,10,0,0,3,1,8,2,19,4,7,16,4,6,14,6,2,1,0,2,12,45
13,7,3,24,4,0,3,1,0,0,0,2,13,0,0,3,1,8,3,17,4,8,14,3,10,15,6,3,1,0,3,12,15
35,7,4,22,3,0,3,1,0,0,0,13,2,0,0,3,1,8,3,17,5,8,14,3,9,14,5,3,1,0,2,12,0
7,7,4,24,4,0,3,1,0,0,0,7,8,0,0,3,1,8,3,15,3,6,13,3,8,13,6,5,1,0,3,12,15
-3,5,3,18,4,0,3,2,0,0,0,1,14,0,0,3,1,8,2,13,4,8,12,7,8,15,8,6,1,1,2,11,30
20,5,3,20,4,0,3,1,0,0,1,10,5,0,0,3,1,8,3,12,3,7,12,6,8,14,7,5,1,1,2,11,45
2,5,3,16,3,0,3,1,0,0,1,3,12,0,0,3,1,8,2,12,5,9,12,5,8,15,7,6,1,1,2,11,15
-12,5,3,18,3,0,2,1,0,0,1,2,13,0,0,3,1,8,2,12,6,9,12,4,8,14,6,6,1,1,2,11,30
3,4,2,22,3,0,2,1,0,0,2,13,2,0,0,3,1,8,3,10,4,7,10,3,7,13,6,6,1,1,2,12,0
39,4,2,14,4,0,1,1,0,0,2,7,8,0,0,3,1,8,4,9,3,6,9,2,7,13,5,5,1,1,2,11,0
1,4,2,12,4,0,1,1,0,0,1,4,11,0,0,3,1,8,3,9,4,6,9,1,6,13,5,5,1,1,2,10,45
-65,2,2,26,7,0,1,1,0,0,1,2,13,0,0,3,1,8,4,5,2,4,5,5,8,16,7,5,0,1,2,12,30
-9,2,2,14,7,0,1,0,0,0,1,13,2,0,0,3,1,8,3,5,2,5,5,4,7,15,7,5,0,0,2,11,0
-20,2,2,11,6,0,1,1,1,0,1,7,8,0,0,3,1,8,4,3,1,3,3,3,6,14,7,5,0,0,2,10,30
-71,2,2,20,5,0,1,1,1,0,1,2,13,0,0,3,1,8,4,3,1,3,3,3,7,13,6,5,0,0,2,11,45
19,2,2,12,4,0,1,1,1,0,1,12,3,0,0,3,1,8,4,3,1,3,3,4,7,12,5,4,0,0,2,10,45
-1,2,2,7,4,0,1,1,1,0,1,3,12,0,0,3,1,8,3,2,2,2,2,5,10,11,6,3,0,0,2,10,0
16,2,2,9,3,0,1,1,1,0,1,1,14,0,0,3,1,8,3,2,2,2,2,4,9,10,5,2,0,0,1,10,15
7,1,1,7,2,0,1,1,1,0,1,13,2,0,0,3,1,8,2,2,2,2,2,3,9,9,5,3,0,0,2,10,0
-41,0,0,5,3,0,1,1,1,0,1,0,9,0,0,3,1,8,1,0,0,0,0,7,8,8,7,3,0,0,2,9,45
-19,0,0,9,2,0,1,1,1,0,1,0,12,0,0,3,1,8,1,0,0,0,0,6,7,7,6,3,0,0,1,10,15
-15,0,0,0,2,0,0,1,1,0,1,0,18,0,1,3,1,8,0,0,0,0,0,6,6,6,6,3,0,0,1,9,0
-33,0,0,3,1,0,0,1,1,0,1,0,24,0,0,3,1,8,0,0,0,0,0,5,5,5,5,2,0,0,2,9,30
0,0,0,2,0,0,0,1,1,0,1,0,32,0,0,3,1,8,0,0,0,0,0,4,4,4,4,1,0,0,2,9,15
6,0,0,0,0,0,0,1,1,0,0,0,35,0,1,3,1,8,0,0,0,0,0,3,3,3,3,0,0,0,1,9,0
-8,0,0,5,0,0,0,1,0,0,0,0,37,0,0,3,1,8,0,0,0,0,0,2,2,2,2,0,0,0,2,9,45
-7,0,0,3,0,0,0,0,0,0,0,0,44,0,0,3,1,8,0,0,0,0,0,1,1,1,1,0,0,0,2,9,30
16,50,4,60,2,0,0,0,0,0,0,13,2,0,0,2,1,7,2,59,1,5,13,3,3,5,1,0,10,0,1,18,15
52,49,5,57,1,0,0,0,0,0,0,6,9,0,0,2,1,7,0,59,1,7,15,2,2,4,2,2,10,0,1,17,30
-8,49,5,61,0,0,0,0,0,0,0,6,9,1,0,2,1,7,0,59,1,7,15,1,1,3,1,1,10,0,2,18,30
23,42,9,57,3,0,1,3,0,0,2,12,3,0,0,2,1,7,2,49,3,8,15,2,5,12,8,5,10,3,1,17,30
51,41,8,50,3,0,0,3,0,0,2,7,8,0,0,2,1,7,1,49,4,8,15,1,5,12,8,4,10,3,3,16,45
9,35,8,57,7,0,0,4,0,0,2,8,7,0,0,2,1,7,1,43,5,9,14,6,9,17,13,9,9,5,1,17,30
21,33,6,52,7,0,0,4,0,0,3,1,14,0,0,2,1,7,1,41,4,7,12,6,8,16,14,8,8,4,2,17,0
7,33,6,55,7,0,0,4,0,0,2,13,2,0,0,2,1,7,1,41,4,7,12,5,8,18,13,7,7,3,3,17,15
-7,33,6,55,7,0,0,3,0,0,2,8,7,0,0,2,1,7,1,41,4,7,13,4,8,17,12,7,7,3,3,17,15
10,32,5,52,7,0,0,2,0,0,2,4,11,0,0,2,1,7,0,41,4,7,13,4,7,16,12,8,6,3,2,17,0
88,31,4,40,8,0,0,3,0,0,2,9,6,0,0,2,1,7,2,38,3,5,11,4,10,15,12,8,6,2,2,15,30
16,31,4,49,7,0,0,3,0,0,2,6,9,0,0,2,1,7,2,38,4,6,12,3,9,14,11,8,6,2,2,16,30
8,30,4,50,7,0,0,3,0,0,2,5,10,0,0,2,1,7,2,37,3,7,11,4,10,15,11,8,6,3,3,16,45
14,28,2,40,8,0,0,3,0,0,1,2,13,0,0,2,1,7,1,36,2,6,10,5,9,14,12,9,5,3,2,15,30
10,27,1,45,9,0,0,2,0,0,2,14,1,0,0,2,1,7,2,34,2,5,9,7,9,15,12,9,5,2,2,16,0
28,27,1,47,9,0,0,1,0,0,2,10,5,0,0,2,1,7,2,34,4,6,10,7,10,14,11,8,4,2,1,16,15
51,27,2,40,8,0,0,1,0,0,2,4,11,0,0,2,1,7,2,34,4,6,10,6,9,13,10,7,4,1,2,15,30
62,27,2,36,7,0,0,1,0,0,2,3,12,0,0,2,1,7,2,34,4,6,12,5,8,13,9,6,4,1,2,15,0
13,27,2,45,6,0,0,1,0,0,2,13,2,0,0,2,1,7,1,34,4,6,12,4,7,12,9,7,4,1,2,16,0
9,27,3,47,5,0,0,1,0,0,2,13,2,0,0,2,1,7,1,34,4,6,12,3,6,11,8,6,4,1,1,16,15
6,27,4,43,6,0,0,2,0,0,1,2,13,0,0,2,1,7,2,32,3,6,10,2,5,11,8,6,3,1,2,15,45
49,27,4,38,7,0,0,2,0,0,1,11,4,0,0,2,1,7,4,30,2,4,10,4,5,10,7,5,3,1,3,15,15
19,26,5,38,6,0,1,2,0,0,1,31,14,0,0,2,1,7,2,29,3,4,11,3,6,12,9,7,3,2,3,15,15
25,26,5,34,5,0,1,2,0,0,1,28,17,0,0,2,1,7,2,29,3,5,11,3,6,11,8,6,3,2,2,14,45
63,26,5,32,5,0,1,1,0,0,1,28,17,0,0,2,1,7,2,29,3,5,11,2,5,10,7,5,3,2,1,14,15
-140,23,5,52,7,0,1,1,1,0,0,0,45,0,0,2,1,7,2,26,1,4,11,4,6,12,9,6,2,2,2,17,0
33,23,6,34,6,0,1,1,1,0,0,11,4,0,0,2,1,7,2,26,2,6,13,3,5,13,8,5,2,1,2,14,45
-81,21,5,43,6,0,1,0,1,0,0,14,1,0,0,2,1,7,0,26,4,7,14,3,6,13,9,6,1,1,2,15,45
-23,21,6,33,6,0,1,0,1,0,0,1,14,0,0,2,1,7,1,25,3,7,14,3,6,13,8,6,1,0,2,14,30
-12,20,6,36,7,0,1,0,1,0,0,3,12,0,0,2,1,7,2,23,3,7,14,3,7,12,8,5,1,1,2,15,0
56,19,5,31,7,0,1,0,1,0,0,11,4,0,0,2,1,7,2,22,3,6,14,4,7,11,8,5,1,1,1,13,30
36,17,5,30,9,0,0,0,1,0,0,10,5,0,0,2,1,7,2,20,3,7,14,4,8,11,9,5,1,1,1,13,15
45,16,5,25,10,0,0,0,0,0,0,14,1,0,0,2,1,7,2,19,3,7,13,5,8,13,9,6,1,1,1,12,30
43,16,5,28,9,0,0,0,0,0,0,13,2,0,0,2,1,7,2,19,3,7,14,4,7,12,8,5,1,1,1,13,0
32,15,5,28,9,0,0,0,0,0,0,13,2,0,0,2,1,7,2,18,4,8,15,4,7,13,8,6,1,1,1,13,0
29,14,5,21,9,0,0,0,1,0,0,4,11,0,0,2,1,7,3,16,3,7,14,4,6,15,8,5,0,1,2,12,0
17,14,5,23,8,0,0,0,1,0,0,29,1,0,0,2,1,7,3,16,4,8,14,4,5,14,7,5,0,0,2,12,15
53,14,7,15,8,0,0,0,1,0,0,15,15,0,0,2,1,7,3,15,4,7,14,4,4,14,7,4,0,0,2,11,0
29,13,6,27,8,0,0,0,1,0,0,12,18,0,0,2,1,7,3,13,4,7,13,3,4,13,7,5,0,0,2,12,45
26,11,4,25,7,0,0,0,3,0,0,14,1,0,0,2,1,7,3,12,4,6,12,2,6,14,8,4,0,0,1,12,30
60,10,4,17,7,0,0,0,3,0,0,3,12,0,0,2,1,7,3,11,3,7,11,1,7,14,8,4,0,0,2,11,15
5,7,5,21,10,0,0,0,3,0,0,14,1,0,0,2,1,7,2,7,4,6,7,6,10,20,12,5,0,0,2,12,0
-33,7,6,17,10,0,0,0,3,0,0,8,7,0,0,2,1,7,3,6,3,6,6,7,10,20,11,4,0,0,2,11,15
43,7,7,13,10,0,0,0,2,0,0,2,13,0,0,2,1,7,2,6,4,6,6,7,10,19,11,5,0,0,2,10,45
26,7,7,23,9,0,0,0,2,0,0,14,1,0,0,2,1,7,2,6,4,6,6,6,9,18,10,4,0,0,2,12,15
-50,6,6,19,9,0,0,0,2,0,0,12,3,0,0,2,1,7,2,5,3,5,5,5,8,17,10,4,0,0,2,11,45
75,6,6,7,8,0,0,0,2,0,0,9,6,0,0,2,1,7,2,5,3,5,5,4,8,16,9,4,0,0,2,10,0
-10,5,5,11,7,0,0,2,2,0,0,12,3,0,0,2,1,7,2,3,2,3,3,4,8,15,10,6,0,0,2,10,30
26,5,5,15,6,0,0,2,2,0,0,11,4,0,0,2,1,7,2,3,2,3,3,3,7,14,9,5,0,0,2,11,0
51,5,5,9,6,0,0,2,1,0,0,7,8,0,0,2,1,7,2,3,3,3,3,3,6,13,8,5,0,0,2,10,15
28,3,3,5,6,0,0,2,2,0,0,5,10,0,0,2,1,7,2,1,1,1,1,4,9,12,9,6,0,0,2,9,45
26,1,1,11,6,0,0,2,1,0,0,10,5,0,0,2,1,7,0,1,1,1,1,4,11,11,10,7,0,0,2,10,30
46,0,0,2,5,0,1,2,1,0,0,2,13,0,0,2,1,7,0,0,0,0,0,4,10,10,10,6,0,0,1,9,15
-6,0,0,19,4,0,1,2,1,0,0,9,6,0,0,2,1,7,0,0,0,0,0,5,9,9,9,5,0,0,2,11,45
31,0,0,7,3,0,1,2,1,0,0,0,2,0,0,2,1,7,0,0,0,0,0,7,8,8,8,5,0,0,2,10,0
29,0,0,0,2,0,1,2,1,0,0,0,13,0,1,2,1,7,0,0,0,0,0,7,7,7,7,5,0,0,2,9,0
0,0,0,5,2,0,1,1,1,0,0,0,14,0,0,2,1,7,0,0,0,0,0,6,6,6,6,4,0,0,2,9,45
20,0,0,4,2,0,1,0,1,0,0,0,20,0,0,2,1,7,0,0,0,0,0,5,5,5,5,3,0,0,2,9,30
23,0,0,9,1,0,1,0,1,0,0,0,22,0,0,2,1,7,0,0,0,0,0,4,4,4,4,3,0,0,2,10,15
-42,0,0,13,0,0,1,0,1,0,0,0,28,0,0,2,1,7,0,0,0,0,0,3,3,3,3,2,0,0,2,10,45
13,0,0,2,0,0,1,0,0,0,0,0,31,0,0,2,1,7,0,0,0,0,0,2,2,2,2,1,0,0,1,9,15
21,0,0,0,0,0,0,0,0,0,0,0,33,0,1,2,1,7,0,0,0,0,0,1,1,1,1,0,0,0,2,9,0
29,27,5,52,1,0,0,4,0,0,0,14,1,1,0,6,1,4,2,48,3,8,11,2,4,9,4,2,3,2,2,17,30
-16,25,5,52,4,0,0,3,0,0,0,3,12,1,0,6,1,4,2,45,4,6,10,3,6,12,6,2,3,1,2,17,30
45,24,4,49,6,0,0,2,0,0,0,8,7,0,0,6,1,4,2,43,3,4,10,3,6,11,7,1,2,1,1,17,0
3,22,4,48,5,0,0,3,0,0,0,25,5,0,0,6,1,4,1,42,2,4,11,4,6,14,8,1,2,0,2,16,45
8,21,4,49,6,0,0,3,0,0,0,9,21,0,0,6,1,4,2,40,1,3,10,4,5,15,8,1,2,0,1,17,0
-17,21,4,51,6,0,0,2,0,0,0,5,25,0,0,6,1,4,2,40,2,4,10,3,4,14,7,1,2,0,2,17,15
28,20,3,45,5,0,0,2,0,0,0,14,1,0,0,6,1,4,1,40,2,4,12,3,4,13,7,2,2,0,1,16,15
46,20,4,43,5,0,0,2,0,0,0,0,15,0,0,6,1,4,1,39,2,5,13,2,6,12,7,3,2,1,2,15,45
27,19,3,41,5,0,0,2,0,0,0,1,14,0,0,6,1,4,1,38,2,7,12,2,7,12,7,3,2,1,2,15,30
97,17,1,35,6,0,0,2,0,0,0,2,13,0,0,6,1,4,1,36,5,6,12,5,10,13,8,4,2,1,2,14,45
57,17,2,39,5,0,0,2,0,0,0,14,1,0,0,6,1,4,1,36,5,8,12,5,9,12,7,4,2,1,2,15,15
-2,17,2,47,4,0,0,2,0,0,0,12,3,0,0,6,1,4,1,36,5,10,12,6,8,11,6,4,2,1,1,16,30
26,16,1,33,4,0,0,2,0,0,0,9,6,0,0,6,1,4,1,35,4,9,12,6,7,10,6,5,1,1,2,14,30
-53,16,2,41,5,0,0,3,0,0,0,5,10,0,0,6,1,4,2,32,2,6,10,6,6,10,7,6,1,0,2,15,30
-2,16,2,43,6,0,0,2,0,0,0,1,14,0,0,6,1,4,3,31,1,5,9,5,6,11,6,5,1,0,2,15,45
8,16,2,39,5,0,0,2,0,0,0,43,2,0,0,6,1,4,2,31,4,5,9,4,5,10,6,4,1,0,2,15,15
-109,16,2,45,4,0,0,2,0,0,0,42,3,0,0,6,1,4,2,31,5,5,9,3,4,9,5,4,1,0,1,16,15
45,16,2,37,4,0,0,1,0,0,0,39,6,0,0,6,1,4,2,31,5,5,10,2,3,8,4,3,1,0,2,15,0
11,16,2,33,4,0,0,1,0,0,0,25,20,0,0,6,1,4,2,30,4,4,11,1,4,7,4,3,1,1,2,14,30
14,14,2,37,5,0,2,1,0,0,0,3,12,0,0,6,1,4,3,26,2,4,10,3,6,13,6,3,1,1,2,15,0
-30,14,3,35,4,0,2,1,0,0,0,9,6,0,0,6,1,4,3,26,3,5,10,2,5,13,5,2,1,1,2,14,45
-15,14,4,32,4,0,2,0,0,0,0,14,1,0,0,6,1,4,3,26,3,6,10,1,4,12,4,2,0,1,2,14,15
30,12,5,29,5,0,2,2,0,0,0,5,10,0,0,6,1,4,4,22,4,6,12,4,10,15,6,1,0,0,1,13,0
-5,12,5,31,4,0,2,2,0,0,0,4,11,0,0,6,1,4,4,22,4,6,12,3,9,14,5,0,0,0,1,13,30
29,12,5,30,3,0,2,2,0,0,0,3,12,0,0,6,1,4,4,22,5,6,13,3,8,13,4,0,0,0,1,13,15
16,8,1,25,3,0,3,2,1,0,0,9,6,0,0,6,1,4,2,19,3,4,13,6,8,15,8,3,0,0,2,12,30
11,8,1,22,3,0,3,2,2,0,0,3,12,0,0,6,1,4,3,17,1,2,11,6,7,15,8,3,0,0,2,12,0
-21,8,1,25,3,0,2,2,2,0,0,2,13,0,0,6,1,4,3,17,1,3,11,5,6,15,7,2,0,0,2,12,30
16,7,2,20,3,0,1,2,2,0,0,5,10,0,0,6,1,4,1,17,1,4,13,5,8,15,8,4,0,0,1,11,45
91,7,3,15,3,0,1,1,3,0,0,1,14,0,0,6,1,4,2,16,0,5,12,4,8,14,7,4,0,0,1,11,0
-53,7,3,27,3,0,0,1,3,0,0,10,5,0,0,6,1,4,2,16,1,6,12,3,7,14,6,4,0,0,1,12,45
9,7,3,20,2,0,0,1,3,0,0,7,8,0,0,6,1,4,1,16,1,6,12,2,6,14,6,4,0,0,1,11,45
28,7,4,18,2,0,0,1,2,0,0,11,4,0,0,6,1,4,0,16,3,8,12,2,5,15,6,4,0,0,2,11,30
-51,6,4,23,2,0,0,3,1,0,0,1,14,0,0,6,1,4,1,14,5,9,14,4,9,14,6,4,0,0,2,12,15
-18,6,6,27,3,0,0,2,1,0,0,10,5,0,0,6,1,4,2,13,5,9,13,3,9,13,5,4,0,0,1,12,45
-18,6,6,18,2,0,0,2,1,0,0,8,7,0,0,6,1,4,2,13,5,9,13,3,8,12,4,4,0,0,2,11,30
-39,5,5,23,2,0,1,2,0,0,0,4,11,0,0,6,1,4,2,12,4,8,12,3,7,11,4,4,0,0,2,12,15
25,3,3,17,4,0,1,2,0,0,1,9,6,0,0,6,1,4,2,8,4,4,8,6,10,14,7,5,0,0,2,11,15
-20,2,2,13,4,0,0,2,0,0,1,4,11,0,0,6,1,4,1,8,4,5,8,5,9,13,7,4,0,0,2,10,45
-40,2,2,15,4,0,0,2,0,0,1,14,1,0,0,6,1,4,1,7,3,5,7,5,8,13,7,5,0,0,1,11,0
2,2,2,10,4,0,0,2,0,0,1,6,9,0,0,6,1,4,2,6,2,6,6,5,7,14,6,4,0,0,1,10,15
18,2,2,10,3,0,0,2,0,0,1,2,13,0,0,6,1,4,1,6,2,6,6,4,6,13,6,5,0,0,1,10,15
24,2,2,6,3,0,0,2,0,0,2,10,5,0,0,6,1,4,3,4,0,4,4,5,5,12,5,4,0,0,2,9,45
36,0,0,8,3,0,0,1,0,0,2,0,15,0,0,6,1,4,0,4,2,4,4,4,5,11,7,6,0,0,2,10,0
17,0,0,12,3,0,0,0,0,0,2,9,6,0,0,6,1,4,0,4,4,4,4,3,5,10,6,5,0,0,2,10,30
-13,0,0,6,3,0,0,0,0,0,1,13,2,0,0,6,1,4,0,4,4,4,4,2,6,9,5,4,0,0,2,9,45
-11,0,0,8,2,0,0,0,0,0,1,12,3,0,0,6,1,4,0,4,4,4,4,1,5,8,4,3,0,0,2,10,0
-16,0,0,2,2,0,1,1,0,0,2,0,29,0,0,6,1,4,0,0,0,0,0,5,7,7,7,5,0,0,2,9,15
-4,0,0,0,2,0,0,1,0,0,2,0,36,0,1,6,1,4,0,0,0,0,0,4,6,6,6,4,0,0,2,9,0
10,0,0,4,1,0,0,1,0,0,2,0,37,0,0,6,1,4,0,0,0,0,0,4,5,5,5,3,0,0,2,9,30
10,0,0,4,0,0,0,1,0,0,2,0,39,0,0,6,1,4,0,0,0,0,0,4,4,4,4,2,0,0,2,9,30
-28,0,0,2,0,0,0,1,0,0,1,0,56,0,0,6,1,4,0,0,0,0,0,3,3,3,3,2,0,0,2,9,15
-45,0,0,13,0,0,0,1,0,0,0,0,66,0,0,6,1,4,0,0,0,0,0,2,2,2,2,2,0,0,2,10,45
-10,0,0,0,0,0,0,0,0,0,0,0,68,0,1,6,1,4,0,0,0,0,0,1,1,1,1,1,0,0,2,9,0
50,28,6,46,7,0,0,2,0,0,0,11,4,0,0,5,1,3,3,38,3,6,12,1,4,8,7,2,5,2,1,17,15
44,25,5,44,9,0,0,2,0,0,0,9,6,0,0,5,1,3,3,35,3,7,10,4,5,13,9,5,5,3,1,17,0
53,24,4,44,8,0,0,2,0,0,0,6,9,0,0,5,1,3,2,35,3,7,11,3,4,12,9,4,4,3,1,17,0
4,23,5,47,7,0,0,4,0,0,0,5,10,1,0,5,1,3,3,33,3,7,11,2,5,12,9,5,3,3,2,17,30
38,22,5,42,7,0,0,4,0,0,0,10,5,0,0,5,1,3,3,32,4,6,10,2,4,12,9,5,3,2,2,16,45
41,20,3,41,8,0,0,3,0,0,1,4,11,0,0,5,1,3,1,30,4,4,9,3,8,16,12,8,2,2,2,16,30
-24,20,3,37,10,0,0,3,0,0,0,5,10,0,0,5,1,3,3,28,2,4,8,3,8,17,11,8,2,1,2,16,0
10,18,2,39,11,0,1,2,0,0,0,14,1,0,0,5,1,3,3,26,0,2,6,2,8,16,12,9,1,1,1,16,15
12,17,1,42,10,0,1,2,0,0,0,10,5,0,0,5,1,3,2,26,1,4,9,6,8,15,12,9,1,0,2,16,45
59,17,4,31,9,0,1,2,0,0,0,14,1,0,0,5,1,3,1,26,2,5,11,6,11,15,12,9,1,0,2,15,15
96,17,4,27,8,0,1,2,0,0,0,13,2,0,0,5,1,3,1,26,2,5,11,5,10,14,11,8,1,0,2,14,45
67,17,4,35,7,0,1,2,0,0,0,10,5,0,0,5,1,3,0,26,2,5,11,4,10,14,11,9,1,0,2,15,45
51,17,4,29,6,0,1,2,0,0,0,5,10,0,0,5,1,3,0,26,4,5,13,3,9,13,10,8,1,0,2,15,0
-42,17,4,33,7,0,0,2,0,0,0,0,15,0,0,5,1,3,1,25,3,4,12,2,8,13,9,8,1,0,2,15,30
64,16,3,33,7,0,0,2,0,0,0,0,15,0,0,5,1,3,1,24,3,4,13,6,9,12,9,9,1,0,2,15,30
30,16,4,27,8,0,0,2,0,0,0,14,16,0,0,5,1,3,2,22,1,4,13,6,8,13,9,9,1,0,2,14,45
152,15,4,22,9,0,0,1,0,0,0,6,24,0,0,5,1,3,2,21,1,4,12,7,7,13,9,8,1,0,1,13,15
19,14,3,29,8,0,0,1,0,0,0,5,25,0,0,5,1,3,1,21,1,4,12,6,6,12,9,8,1,0,2,15,0
28,14,3,26,7,0,0,1,0,0,0,2,28,0,0,5,1,3,1,21,1,5,12,5,6,11,8,7,1,0,2,14,30
1,14,3,25,6,0,0,1,0,0,0,2,28,0,0,5,1,3,1,21,1,5,12,4,5,10,7,6,1,0,1,14,15
-11,13,2,35,5,0,0,1,0,0,0,12,3,0,0,5,1,3,0,21,1,6,12,3,5,10,7,5,1,0,2,15,45
45,13,4,31,5,0,0,0,0,0,0,13,2,0,0,5,1,3,0,21,3,9,13,2,5,12,6,4,1,0,2,15,15
-80,13,6,37,5,0,0,0,0,0,0,8,7,0,0,5,1,3,1,20,3,9,13,1,4,12,5,3,1,0,2,16,0
44,11,6,20,6,0,0,1,0,0,0,2,13,0,0,5,1,3,1,17,6,8,13,3,6,16,7,4,1,0,1,13,0
9,11,6,24,6,0,0,2,0,0,0,13,2,0,0,5,1,3,3,15,5,6,12,3,6,15,6,4,1,0,1,13,45
-5,9,5,20,7,0,0,2,0,0,0,4,11,0,0,5,1,3,2,13,3,5,11,3,5,14,8,5,1,0,1,13,0
20,7,3,23,8,0,0,2,0,0,0,14,1,0,0,5,1,3,2,11,2,5,9,3,9,16,9,5,1,0,1,13,30
-122,6,2,39,7,0,0,2,0,0,1,9,6,0,0,5,1,3,1,10,1,4,8,3,8,15,10,6,1,0,1,16,15
55,5,2,12,6,0,1,2,0,0,1,10,5,0,0,5,1,3,1,9,2,5,7,5,10,14,10,5,1,0,2,12,0
12,5,3,16,5,0,1,2,0,0,1,13,2,0,0,5,1,3,1,9,3,6,8,6,10,14,9,4,1,0,2,12,30
13,4,3,14,4,0,1,3,0,0,1,3,12,0,0,5,1,3,1,8,3,6,8,7,9,14,9,4,1,0,2,12,15
-11,4,3,18,4,0,1,2,0,0,1,1,14,0,0,5,1,3,1,8,3,6,8,6,9,13,8,4,1,1,2,12,45
23,4,4,18,3,0,1,2,0,0,1,0,15,0,0,5,1,3,1,8,3,6,8,5,8,12,7,3,1,1,2,12,45
12,4,4,16,3,0,2,1,0,0,1,9,6,0,0,5,1,3,1,7,3,5,7,5,7,12,7,2,1,1,2,12,30
19,4,4,10,4,0,2,1,0,0,0,8,7,0,0,5,1,3,1,6,2,4,6,4,6,11,7,2,1,1,2,11,45
-1,3,3,14,3,0,2,2,0,0,0,4,11,0,0,5,1,3,1,5,3,3,5,4,7,12,7,2,1,1,2,12,15
57,3,3,8,2,0,2,2,0,0,0,3,12,0,0,5,1,3,1,5,3,3,5,3,6,11,6,1,1,1,2,11,30
-22,3,3,10,3,0,1,2,0,0,0,10,5,0,0,5,1,3,1,4,2,2,4,3,5,10,6,1,1,1,2,11,45
14,3,3,12,2,0,1,2,0,0,0,6,9,0,0,5,1,3,1,4,2,3,4,2,4,9,5,1,1,1,2,12,0
-4,1,1,8,4,0,1,1,0,0,0,1,14,0,0,5,1,3,1,2,0,2,2,3,5,9,6,1,0,1,2,11,30
25,0,0,7,4,0,0,1,0,0,0,18,12,0,0,5,1,3,0,2,1,2,2,2,5,8,6,2,0,0,2,11,15
-1,0,0,5,4,0,0,0,0,0,0,16,14,0,0,5,1,3,0,2,1,2,2,1,4,7,5,2,0,0,1,11,0
13,0,0,3,3,0,1,0,0,0,0,0,2,0,0,5,1,3,1,1,1,1,1,3,5,6,4,2,0,0,1,10,30
7,0,0,5,3,0,1,0,0,0,0,0,10,0,0,5,1,3,1,0,0,0,0,4,5,5,4,2,0,0,1,11,0
2,0,0,4,2,0,1,0,0,0,0,0,16,0,0,5,1,3,1,0,0,0,0,3,4,4,3,2,0,0,2,10,45
-17,0,0,1,2,0,0,0,0,0,0,0,34,0,0,5,1,3,0,0,0,0,0,2,3,3,3,3,0,0,1,10,0
31,0,0,1,1,0,0,0,0,0,0,0,40,0,0,5,1,3,0,0,0,0,0,2,2,2,2,2,0,0,1,10,0
-19,0,0,0,0,0,0,0,0,0,0,0,64,0,1,5,1,3,0,0,0,0,0,1,1,1,1,1,0,0,2,9,45
30,21,4,44,3,0,0,2,0,0,0,8,7,0,0,4,1,2,1,41,2,7,11,3,8,13,5,2,6,4,2,17,15
34,19,3,45,4,0,0,2,0,0,0,3,12,1,0,4,1,2,1,39,3,5,10,5,8,12,6,1,5,4,1,17,30
-13,19,3,45,4,0,0,1,0,0,0,8,7,1,0,4,1,2,1,39,5,5,11,6,8,11,5,1,5,3,1,17,30
42,19,3,43,3,0,0,2,0,0,0,3,12,0,0,4,1,2,2,38,4,5,12,5,7,10,4,1,4,3,1,17,0
23,18,2,34,4,0,0,2,0,0,0,8,7,0,0,4,1,2,2,36,2,4,10,4,8,11,5,0,4,2,1,15,45
20,18,2,39,3,0,0,2,0,0,0,5,10,0,0,4,1,2,2,36,2,4,10,3,7,10,4,0,3,2,2,16,30
16,18,2,39,3,0,0,1,0,0,0,0,15,0,0,4,1,2,1,36,2,5,12,4,6,9,4,0,2,1,2,16,30
16,17,1,41,3,0,0,1,0,0,0,11,4,0,0,4,1,2,1,35,1,4,11,3,6,9,4,1,2,0,1,16,45
33,16,1,32,3,0,0,1,0,0,0,5,10,0,0,4,1,2,0,34,2,5,12,4,5,10,5,2,2,0,1,15,15
-31,16,1,41,2,0,0,1,0,0,0,3,12,0,0,4,1,2,0,34,2,5,12,3,4,9,4,2,2,0,1,16,45
-13,16,1,37,4,0,0,0,0,0,0,10,5,0,0,4,1,2,1,32,3,6,12,3,3,8,4,2,2,0,2,16,15
-33,16,1,37,3,0,0,0,0,0,0,9,6,0,0,4,1,2,1,32,3,6,13,2,4,7,3,2,2,1,2,16,15
0,16,1,36,3,0,0,0,0,0,0,12,3,0,0,4,1,2,2,31,3,7,13,1,3,7,2,1,2,1,2,16,0
-16,15,6,33,6,0,1,0,0,0,0,40,20,0,0,4,1,2,3,26,4,6,12,4,5,10,5,1,1,2,2,15,30
-65,15,6,34,5,0,1,0,0,0,0,40,20,0,0,4,1,2,3,26,4,7,12,3,4,9,4,1,1,1,1,15,45
-10,15,6,30,6,0,1,0,0,0,0,27,33,0,0,4,1,2,3,24,3,6,10,3,4,8,5,2,1,1,1,15,0
3,15,6,29,5,0,1,0,0,0,0,22,38,0,0,4,1,2,3,24,3,7,10,2,3,9,4,2,1,1,2,14,45
-26,13,5,27,5,0,2,0,0,0,0,9,51,0,0,4,1,2,3,22,3,6,8,1,3,10,5,3,0,1,1,14,30
-30,9,3,30,7,0,1,0,0,0,1,7,8,0,0,4,1,2,2,19,3,5,8,2,5,15,8,4,0,0,1,15,0
-23,8,2,27,6,0,2,0,1,0,1,1,14,0,0,4,1,2,3,17,3,3,9,4,7,14,8,5,0,0,1,14,30
19,7,1,26,5,0,2,1,1,0,1,4,11,0,0,4,1,2,2,16,2,3,9,3,9,13,9,5,0,0,2,13,30
75,6,0,15,4,0,2,3,1,0,1,5,10,0,0,4,1,2,3,14,0,2,7,4,10,13,9,4,0,0,2,12,0
24,6,0,17,4,0,1,3,1,0,1,3,12,0,0,4,1,2,3,14,0,2,8,4,9,12,8,4,0,0,2,12,15
64,6,0,17,4,0,0,3,1,0,1,26,4,0,0,4,1,2,1,14,2,4,10,8,10,12,9,6,0,0,2,12,15
27,6,0,25,3,0,0,3,1,0,1,25,5,0,0,4,1,2,1,14,2,4,10,7,9,11,8,6,0,0,1,13,15
18,6,1,19,3,0,0,3,1,0,0,19,11,0,0,4,1,2,1,14,2,5,11,6,8,10,7,5,0,0,2,12,30
-16,6,1,23,3,0,0,3,0,0,0,14,16,0,0,4,1,2,1,14,2,6,12,5,7,10,6,4,0,0,1,13,0
31,6,1,23,2,0,0,3,0,0,0,9,21,0,0,4,1,2,1,14,3,6,13,5,6,10,5,3,0,0,1,13,0
34,6,2,21,2,0,0,3,0,0,0,4,26,0,0,4,1,2,2,13,2,6,12,5,5,9,4,3,0,0,2,12,45
71,6,2,12,2,0,0,2,0,0,0,1,29,0,0,4,1,2,2,13,2,6,12,4,4,9,3,2,0,0,1,11,15
-30,6,2,21,2,0,1,1,0,0,0,12,3,0,0,4,1,2,3,12,2,5,11,3,3,8,2,2,0,0,2,12,45
-18,6,3,19,2,0,1,0,0,0,0,14,1,0,0,4,1,2,2,12,4,6,11,2,3,8,2,1,0,0,2,12,30
-43,6,3,15,2,0,1,0,0,0,0,9,6,0,0,4,1,2,2,11,3,6,10,1,2,7,2,1,0,0,2,12,0
-6,4,3,12,4,0,1,1,0,0,0,9,6,0,0,4,1,2,3,7,4,6,7,2,5,12,4,3,0,0,1,11,15
-2,3,3,10,5,0,1,1,1,0,0,5,10,0,0,4,1,2,3,4,3,3,4,3,7,11,6,2,0,0,2,11,0
-36,2,2,10,7,0,0,1,1,0,0,0,15,0,0,4,1,2,3,2,1,2,2,4,7,12,7,3,0,0,2,11,0
-38,2,2,8,6,0,0,1,1,0,0,28,2,0,0,4,1,2,3,2,1,2,2,3,6,11,6,3,0,0,2,10,30
-84,1,1,14,6,0,0,1,1,0,0,17,13,0,0,4,1,2,2,1,0,1,1,5,8,10,7,3,0,0,2,11,30
-4,1,1,4,5,0,0,1,1,0,0,9,21,0,0,4,1,2,1,1,1,1,1,4,7,9,7,3,0,0,2,9,45
-60,0,0,8,4,0,0,1,1,0,0,7,8,0,0,4,1,2,0,1,1,1,1,5,6,8,7,4,0,0,2,10,30
35,0,0,5,3,0,0,1,1,0,0,6,9,0,0,4,1,2,0,1,1,1,1,4,5,7,6,4,0,0,1,10,0
17,0,0,5,3,0,0,0,1,0,0,3,12,0,0,4,1,2,0,1,1,1,1,3,4,6,5,3,0,0,1,10,0
39,0,0,7,3,0,0,0,1,0,0,0,18,0,0,4,1,2,0,0,0,0,0,3,5,5,5,3,0,0,2,10,15
48,0,0,2,3,0,0,0,0,0,0,0,22,0,0,4,1,2,0,0,0,0,0,2,4,4,4,3,0,0,1,9,15
41,0,0,0,2,0,0,0,0,0,0,0,28,0,1,4,1,2,0,0,0,0,0,1,3,3,3,2,0,0,2,9,0
-29,0,0,2,1,0,0,0,0,0,0,0,59,0,0,4,1,2,0,0,0,0,0,2,2,2,2,1,0,0,1,9,15
19,0,0,0,0,0,0,0,0,0,0,0,60,0,1,4,1,2,0,0,0,0,0,1,1,1,1,1,0,0,2,9,0
35,9,1,28,0,0,0,0,0,0,1,11,19,1,0,2,12,365,0,27,1,3,5,1,2,5,2,0,5,0,2,16,15
21,8,0,27,0,0,0,1,0,0,2,7,38,0,0,2,12,365,2,24,0,0,6,1,4,6,2,1,5,3,1,15,45
-17,8,2,24,0,0,0,1,0,0,1,11,19,0,0,2,12,365,0,24,2,4,10,3,3,6,3,2,4,3,1,15,0
-18,8,2,24,0,0,0,0,0,0,1,42,3,0,0,2,12,365,0,24,4,5,13,2,4,8,2,2,3,3,1,15,0
38,8,2,23,0,0,0,0,0,0,0,41,4,0,0,2,12,365,0,24,4,5,13,1,3,7,1,1,2,2,3,14,45
-21,6,1,22,1,0,0,0,0,0,2,10,5,0,0,2,12,365,1,20,4,6,14,2,3,8,3,2,2,2,1,14,15
-98,6,2,24,2,0,0,0,0,0,1,13,2,0,0,2,12,365,1,19,3,8,14,1,5,7,3,2,1,2,1,15,0
15,5,1,15,5,0,0,0,0,0,2,4,11,0,0,2,12,365,2,14,3,6,9,4,6,14,6,4,0,1,2,12,45
13,5,3,21,5,0,0,0,0,0,2,4,11,0,0,2,12,365,2,13,4,8,9,4,5,15,6,4,0,0,1,13,30
-35,5,3,18,5,0,0,0,0,0,1,3,12,0,0,2,12,365,2,13,4,8,9,3,4,14,5,4,0,0,1,13,0
-3,4,2,18,4,0,0,0,0,0,1,1,14,0,0,2,12,365,1,13,5,8,9,2,3,13,5,3,0,0,1,13,0
17,4,2,10,5,0,0,0,0,0,1,1,14,0,0,2,12,365,2,11,3,6,8,2,6,13,5,3,0,0,2,12,0
-28,4,3,12,6,0,0,1,0,0,1,4,11,0,0,2,12,365,3,8,3,3,7,4,9,14,6,3,0,0,1,12,15
-31,2,1,20,6,0,0,3,0,0,1,9,6,0,0,2,12,365,3,5,0,1,5,8,10,14,8,4,0,0,1,13,15
-17,2,1,14,5,0,0,3,0,0,1,7,8,0,0,2,12,365,3,5,0,1,5,7,9,13,7,3,0,0,3,12,30
0,2,1,8,5,0,0,2,0,0,1,5,10,0,0,2,12,365,3,5,0,1,5,6,8,12,6,3,0,0,1,11,30
12,2,1,6,5,0,0,1,0,0,1,4,11,0,0,2,12,365,3,5,0,1,5,5,8,11,5,3,0,0,1,11,15
-58,1,0,10,4,0,0,1,0,0,1,10,5,0,0,2,12,365,1,5,1,2,5,6,7,10,6,5,0,0,2,12,0
-89,1,0,15,3,0,0,1,0,0,1,8,7,0,0,2,12,365,1,5,1,2,5,5,6,9,5,4,0,0,2,12,45
-2,1,0,9,2,0,0,1,0,0,1,4,11,0,0,2,12,365,1,5,1,4,5,4,5,8,4,3,0,0,2,11,45
80,1,0,12,2,0,0,1,0,0,0,11,4,0,0,2,12,365,0,5,1,4,5,3,5,8,4,3,0,0,1,12,15
0,1,0,4,2,0,0,0,0,0,0,2,13,0,0,2,12,365,0,5,1,4,5,3,5,8,3,2,0,0,2,11,0
-7,1,0,15,2,0,0,0,0,0,0,28,2,0,0,2,12,365,1,4,1,3,4,2,4,7,2,1,0,0,2,12,45
-56,1,1,6,1,0,0,0,0,0,0,4,26,0,0,2,12,365,0,4,3,4,4,3,4,6,2,0,0,0,1,11,15
-15,1,1,4,1,0,1,0,0,0,1,48,12,0,0,2,12,365,2,1,1,1,1,3,3,5,2,0,0,0,2,11,0
-50,1,1,3,1,0,1,0,0,0,0,40,20,0,0,2,12,365,1,1,1,1,1,2,4,4,2,1,0,0,2,10,45
-47,1,1,2,2,0,0,0,0,0,0,22,38,0,0,2,12,365,1,0,0,0,0,1,3,3,2,1,0,0,1,10,30
18,0,0,0,1,0,0,0,0,0,0,0,13,0,1,2,12,365,0,0,0,0,0,2,2,2,2,0,0,0,1,9,0
-26,0,0,1,0,0,0,0,0,0,0,0,19,0,0,2,12,365,0,0,0,0,0,1,1,1,1,0,0,0,1,10,0
25,23,1,41,0,0,0,0,0,0,0,26,4,1,0,6,12,362,0,42,1,3,7,1,2,6,1,0,8,2,1,17,30
-26,23,1,41,0,0,0,0,0,0,0,26,4,1,0,6,12,362,0,41,2,5,8,1,1,6,1,1,7,1,1,17,30
-58,20,2,40,2,0,2,1,0,0,0,6,9,0,0,6,12,362,1,35,0,5,10,4,7,12,5,1,7,3,2,17,0
9,20,2,39,2,0,2,0,0,0,0,6,9,0,0,6,12,362,1,35,0,5,10,3,6,11,4,0,6,3,1,16,30
10,20,2,37,2,0,1,0,0,0,0,3,12,0,0,6,12,362,1,35,1,5,11,2,5,10,3,0,6,2,1,15,45
-7,19,1,38,2,0,0,0,0,0,0,12,3,0,0,6,12,362,0,35,1,6,11,2,5,9,3,0,6,3,1,16,0
33,19,1,31,1,0,1,0,0,0,0,3,12,0,0,6,12,362,1,34,4,7,12,3,6,9,2,0,5,3,2,15,0
9,19,2,35,1,0,2,0,0,0,0,11,4,0,0,6,12,362,1,32,4,7,12,4,7,8,3,0,5,3,1,15,30
-29,19,2,35,1,0,1,0,0,0,0,10,5,0,0,6,12,362,1,32,4,7,12,3,6,7,2,0,4,3,1,15,30
-1,18,1,28,1,0,1,1,0,0,0,0,15,0,0,6,12,362,2,30,3,6,11,3,5,6,2,0,3,2,2,14,45
-19,18,2,28,2,0,0,2,0,0,0,41,4,0,0,6,12,362,2,28,3,6,9,4,4,8,3,2,3,1,2,14,45
7,18,2,27,1,0,1,2,0,0,0,38,7,0,0,6,12,362,3,27,2,5,8,3,3,7,2,1,3,1,3,14,30
-42,18,4,31,1,0,1,3,0,0,0,16,29,0,0,6,12,362,2,25,2,5,10,2,3,8,4,4,3,2,2,15,0
-70,18,4,33,1,0,1,2,0,0,0,13,32,0,0,6,12,362,2,25,2,5,10,1,2,7,3,3,2,2,2,15,15
-22,16,4,26,2,0,1,3,0,0,0,4,11,0,0,6,12,362,1,22,3,4,12,1,4,11,6,4,1,2,1,14,15
-67,13,4,28,2,0,1,4,0,0,1,12,18,0,0,6,12,362,1,19,2,8,12,4,7,13,8,5,0,1,2,14,45
-83,13,4,33,2,0,0,4,0,0,1,11,19,0,0,6,12,362,1,19,3,8,12,3,7,12,7,4,0,0,2,15,15
11,12,3,25,1,0,0,4,0,0,1,10,20,0,0,6,12,362,0,19,3,8,12,2,6,11,7,3,0,0,1,13,30
38,12,6,21,3,0,0,3,0,0,1,0,15,0,0,6,12,362,2,17,5,8,12,3,7,12,6,2,0,0,1,12,45
41,11,5,16,4,0,0,3,0,0,0,8,7,0,0,6,12,362,2,16,5,8,13,4,7,11,6,3,0,0,1,11,45
0,9,4,23,8,0,0,2,0,0,0,1,14,0,0,6,12,362,2,12,3,5,10,5,7,15,9,4,0,0,1,13,0
24,9,4,19,9,0,0,1,0,0,0,0,15,0,0,6,12,362,3,11,2,4,9,4,7,14,8,3,0,0,2,12,15
6,9,4,21,9,0,0,0,0,0,0,12,3,0,0,6,12,362,3,11,2,4,9,3,6,13,7,3,0,0,1,12,45
-4,7,3,24,8,0,0,1,0,0,0,15,15,0,0,6,12,362,2,10,2,4,10,4,6,13,8,3,0,0,1,13,15
12,7,3,16,7,0,0,1,0,0,0,6,9,0,0,6,12,362,2,10,2,5,10,3,5,13,7,3,0,0,1,11,45
16,6,2,9,7,0,0,0,0,0,1,11,4,0,0,6,12,362,2,9,2,5,9,3,5,13,7,2,0,0,2,10,45
-25,6,3,19,7,0,0,0,0,0,1,4,11,0,0,6,12,362,2,8,2,5,8,2,4,12,7,3,0,0,2,12,15
10,5,3,14,7,0,0,0,0,0,1,0,15,0,0,6,12,362,1,7,2,5,7,3,8,11,8,5,0,0,2,11,30
27,4,4,12,6,0,1,0,0,0,1,3,12,0,0,6,12,362,1,6,3,6,6,2,8,13,8,4,0,0,2,11,15
-28,4,4,18,5,0,2,0,0,0,1,1,14,0,0,6,12,362,1,5,3,5,5,6,8,13,8,5,0,0,2,12,0
16,2,2,10,7,0,2,0,0,0,1,23,7,0,0,6,12,362,1,2,2,2,2,7,8,13,10,6,0,0,2,11,0
5,2,2,3,6,0,2,0,0,0,1,22,8,0,0,6,12,362,1,2,2,2,2,6,7,12,9,5,0,0,2,9,45
-32,2,2,8,6,0,1,0,0,0,1,19,11,0,0,6,12,362,1,2,2,2,2,5,6,11,8,5,0,0,1,10,30
-6,2,2,6,6,0,0,0,0,0,1,17,13,0,0,6,12,362,1,2,2,2,2,4,5,10,7,5,0,0,1,10,15
-23,2,2,12,6,0,0,0,0,0,0,16,14,0,0,6,12,362,1,2,2,2,2,3,4,9,6,4,0,0,2,11,15
19,0,0,10,6,0,1,0,0,0,0,7,23,0,0,6,12,362,1,0,0,0,0,3,3,8,7,4,0,0,2,11,0
-58,0,0,14,5,0,1,0,0,0,0,9,6,0,0,6,12,362,0,0,0,0,0,2,6,7,7,4,0,0,2,11,30
-48,0,0,4,5,0,0,0,0,0,0,0,2,0,0,6,12,362,0,0,0,0,0,1,5,6,6,3,0,0,2,10,0
30,0,0,0,4,0,0,0,0,0,0,0,38,0,1,6,12,362,0,0,0,0,0,4,5,5,5,3,0,0,1,9,0
26,0,0,2,3,0,0,0,0,0,0,0,40,0,0,6,12,362,0,0,0,0,0,3,4,4,4,2,0,0,1,9,15
22,0,0,0,2,0,0,0,0,0,0,0,42,0,1,6,12,362,0,0,0,0,0,3,3,3,3,1,0,0,1,9,0
21,0,0,4,1,0,0,0,0,0,0,0,43,0,0,6,12,362,0,0,0,0,0,2,2,2,2,1,0,0,2,10,0
28,0,0,6,0,0,0,0,0,0,0,0,72,0,0,6,12,362,0,0,0,0,0,1,1,1,1,1,0,0,1,10,15
7,20,1,49,1,0,0,0,0,0,0,7,8,1,0,5,12,361,0,48,1,4,10,1,3,8,2,2,3,0,2,16,45
1,19,1,48,2,0,0,0,0,0,0,13,2,0,0,5,12,361,0,46,5,8,13,2,4,10,3,2,3,0,1,16,30
-30,19,1,47,2,0,0,1,0,0,0,9,6,0,0,5,12,361,2,44,3,6,11,2,6,10,2,1,3,0,1,16,15
-22,18,0,46,3,0,0,2,0,0,0,10,5,0,0,5,12,361,1,41,3,5,11,3,8,10,5,2,3,1,1,15,45
-14,18,0,44,4,0,0,2,0,0,0,5,10,0,0,5,12,361,3,39,1,3,9,4,7,9,4,2,3,1,1,15,30
31,18,1,39,4,0,0,2,0,0,0,12,3,0,0,5,12,361,1,38,1,5,11,6,6,9,6,2,3,1,2,15,0
-30,18,1,42,3,0,0,2,0,0,0,10,5,0,0,5,12,361,1,38,2,5,11,5,5,8,5,2,3,1,2,15,15
-7,18,1,37,2,0,0,2,0,0,0,9,6,0,0,5,12,361,1,38,2,5,11,4,5,8,4,2,3,1,3,14,45
-19,18,1,44,2,0,0,1,0,0,0,2,13,0,0,5,12,361,1,38,2,6,12,3,4,8,3,1,2,1,1,15,30
-40,18,1,42,1,0,0,1,1,0,0,39,6,0,0,5,12,361,2,37,2,5,13,2,3,9,2,1,2,0,2,15,15
18,18,1,37,1,0,0,0,1,0,0,31,14,0,0,5,12,361,1,37,2,5,13,1,2,8,2,1,2,0,3,14,45
-26,17,1,36,5,0,0,0,0,0,0,10,5,0,0,5,12,361,3,33,3,6,14,2,3,14,3,0,2,0,2,14,30
-1,17,2,33,5,0,0,1,0,0,0,0,15,0,0,5,12,361,3,31,4,7,16,2,6,13,4,1,2,1,1,13,15
20,16,1,27,5,0,0,2,0,0,0,8,7,0,0,5,12,361,2,29,5,8,18,5,10,16,6,3,2,2,2,12,30
-68,16,2,35,6,0,0,2,0,0,0,10,5,0,0,5,12,361,2,27,3,8,19,5,11,16,7,4,2,2,1,14,15
5,16,2,34,6,0,0,2,0,0,0,7,8,0,0,5,12,361,2,26,3,8,18,4,10,16,7,4,2,2,1,13,30
-95,16,2,39,6,0,0,2,0,0,0,13,2,0,0,5,12,361,2,25,3,8,17,5,9,16,7,4,1,2,2,15,0
-13,16,2,31,5,0,0,2,0,0,0,11,4,0,0,5,12,361,2,25,3,9,17,5,8,15,6,4,1,1,1,13,0
-121,15,4,39,6,0,0,1,0,0,0,11,4,0,0,5,12,361,0,24,5,10,17,7,7,16,8,5,1,1,2,15,0
-18,15,4,29,6,0,0,1,0,0,0,4,11,0,0,5,12,361,1,23,5,11,17,6,6,16,7,4,0,1,2,12,45
-22,15,4,27,6,0,0,1,0,0,0,0,15,0,0,5,12,361,2,22,4,10,16,5,5,16,6,3,0,0,2,12,30
-1,15,4,25,5,0,0,1,0,0,0,13,2,0,0,5,12,361,2,22,5,10,17,4,6,16,5,2,0,0,2,12,15
-22,15,4,29,4,0,0,1,0,0,0,11,4,0,0,5,12,361,1,22,6,11,17,3,6,15,5,3,0,0,2,12,45
-3,15,5,23,4,0,0,1,0,0,0,7,8,0,0,5,12,361,1,21,5,10,17,2,6,14,5,4,0,0,2,12,0
-26,15,6,31,5,0,0,0,0,0,0,2,13,0,0,5,12,361,2,20,4,11,16,1,6,15,4,4,0,0,1,13,0
-14,11,7,20,9,0,1,2,0,0,0,0,15,0,0,5,12,361,2,12,4,6,12,6,11,19,11,10,0,0,1,11,30
-3,11,7,22,8,0,1,2,0,0,0,14,1,0,0,5,12,361,2,12,4,6,12,5,10,18,10,9,0,0,2,11,45
8,11,7,23,7,0,2,2,0,0,0,12,3,0,0,5,12,361,3,11,3,6,11,5,10,17,9,8,0,0,2,12,0
12,11,7,14,7,0,1,2,0,0,0,10,5,0,0,5,12,361,3,11,3,6,11,4,9,16,8,7,0,0,2,10,45
12,9,6,18,7,0,1,2,0,0,0,5,10,0,0,5,12,361,2,10,3,6,10,3,9,17,9,8,0,0,2,11,15
-37,6,5,25,7,0,2,2,0,0,0,8,7,0,0,5,12,361,1,8,2,5,8,5,10,17,11,7,0,0,2,12,15
-5,6,5,20,6,0,2,2,0,0,0,13,2,0,0,5,12,361,1,8,3,6,8,6,11,18,10,6,0,0,1,11,30
-12,5,5,16,6,0,2,2,0,0,0,14,1,0,0,5,12,361,1,7,4,7,7,7,10,18,10,5,0,0,2,11,0
25,5,5,8,5,0,2,2,0,0,0,13,2,0,0,5,12,361,1,7,4,7,7,6,9,17,9,4,0,0,2,10,0
4,4,4,16,5,0,2,2,0,0,0,8,7,0,0,5,12,361,1,6,3,6,6,6,8,16,9,4,0,0,2,11,0
-5,4,4,18,5,0,2,1,0,0,0,2,13,0,0,5,12,361,1,6,3,6,6,6,9,15,8,3,0,0,2,11,15
27,4,4,12,5,0,2,0,0,0,1,13,2,0,0,5,12,361,2,5,3,5,5,6,8,14,7,2,0,0,2,10,30
16,3,3,10,6,0,1,0,0,0,1,5,10,0,0,5,12,361,1,4,4,4,4,5,9,13,8,2,0,0,2,10,15
39,3,3,8,5,0,1,0,0,0,1,4,11,0,0,5,12,361,1,4,4,4,4,4,8,12,7,2,0,0,2,10,0
6,1,1,12,4,0,1,0,0,0,2,9,6,0,0,5,12,361,0,3,3,3,3,3,8,11,8,2,0,0,2,10,30
-66,1,1,14,4,0,1,0,0,0,1,3,12,0,0,5,12,361,0,3,3,3,3,3,8,10,7,2,0,0,2,10,45
17,1,1,6,4,0,0,0,0,0,1,2,13,0,0,5,12,361,0,3,3,3,3,3,7,9,6,2,0,0,2,9,45
57,0,0,4,4,0,0,0,0,0,3,0,8,0,0,5,12,361,0,0,0,0,0,5,8,8,8,4,0,0,2,9,30
9,0,0,2,4,0,0,0,0,0,2,0,12,0,0,5,12,361,0,0,0,0,0,5,7,7,7,4,0,0,2,9,15
-70,0,0,10,4,0,0,0,0,0,1,0,20,0,0,5,12,361,0,0,0,0,0,6,6,6,6,4,0,0,2,10,15
12,0,0,2,3,0,0,0,0,0,1,0,21,0,0,5,12,361,0,0,0,0,0,5,5,5,5,3,0,0,2,9,15
3,0,0,0,2,0,0,0,0,0,1,0,29,0,1,5,12,361,0,0,0,0,0,4,4,4,4,2,0,0,2,9,0
9,0,0,4,1,0,0,0,0,0,1,0,42,0,0,5,12,361,0,0,0,0,0,3,3,3,3,2,0,0,2,9,30
-6,0,0,0,1,0,0,0,0,0,0,0,46,0,1,5,12,361,0,0,0,0,0,2,2,2,2,1,0,0,2,9,0
11,0,0,6,0,0,0,0,0,0,0,0,47,0,0,5,12,361,0,0,0,0,0,1,1,1,1,0,0,0,2,9,45
-12,18,1,38,0,0,0,0,0,0,0,18,27,1,0,4,12,360,0,38,1,5,6,1,2,4,1,0,2,1,2,17,30
11,17,1,35,0,0,0,0,1,0,0,40,5,0,0,4,12,360,1,36,3,4,7,2,3,6,1,1,2,0,2,16,30
-31,17,2,36,0,0,0,2,1,0,0,15,30,0,0,4,12,360,3,33,0,1,4,2,3,6,1,0,2,1,1,16,45
-46,16,2,36,0,0,0,1,1,0,0,6,9,0,0,4,12,360,0,33,1,4,6,1,3,6,3,2,2,1,1,16,45
1,15,1,32,0,0,0,1,1,0,0,3,12,0,0,4,12,360,0,32,3,3,9,3,4,6,3,1,1,1,1,15,15
29,15,1,33,0,0,0,2,0,0,0,5,10,0,0,4,12,360,1,31,2,4,10,2,3,8,2,1,1,0,1,15,30
-7,14,0,34,1,0,0,2,0,0,0,4,11,0,0,4,12,360,2,29,0,2,10,2,3,9,2,2,1,1,1,15,45
-2,14,2,28,1,0,0,1,0,0,0,41,4,0,0,4,12,360,1,29,2,6,13,1,3,8,2,2,1,1,2,14,30
2,14,4,29,2,0,0,0,0,0,1,8,37,0,0,4,12,360,1,27,4,7,14,2,6,9,3,1,0,1,1,14,45
-65,13,3,29,2,0,0,0,0,0,0,10,5,0,0,4,12,360,0,27,5,8,16,1,6,9,3,0,0,0,1,14,45
-53,11,2,31,4,0,0,1,0,0,1,9,6,0,0,4,12,360,1,22,3,7,12,5,6,14,6,3,0,0,1,15,0
-58,11,2,27,3,0,0,1,0,0,1,9,6,0,0,4,12,360,1,22,3,7,12,4,5,13,5,3,0,0,1,14,15
-23,11,2,26,2,0,0,2,0,0,1,7,8,0,0,4,12,360,2,21,3,6,11,3,4,12,4,2,0,0,1,13,30
73,10,1,15,2,0,0,2,0,0,0,5,10,0,0,4,12,360,1,21,4,6,12,2,3,11,4,2,0,0,2,11,45
26,10,2,22,3,0,0,2,0,0,0,7,8,0,0,4,12,360,3,19,3,6,12,1,3,10,3,2,0,0,1,12,45
-24,9,4,24,4,0,0,4,0,0,0,11,4,0,0,4,12,360,2,15,4,5,12,3,9,15,7,3,0,0,1,13,0
14,8,3,25,4,0,0,5,0,0,0,13,2,0,0,4,12,360,2,13,3,4,10,4,8,15,8,5,0,0,1,13,15
12,7,2,17,3,0,0,5,0,0,0,14,1,0,0,4,12,360,0,13,3,6,11,6,7,14,9,5,0,0,2,12,0
-13,7,3,21,3,0,0,6,1,0,0,2,13,0,0,4,12,360,2,10,1,5,8,6,9,14,9,6,0,0,2,12,30
36,7,3,19,3,0,0,5,1,0,0,14,1,0,0,4,12,360,2,10,1,5,8,5,8,13,8,5,0,0,1,12,15
-22,5,1,22,3,0,0,4,1,0,0,5,10,0,0,4,12,360,0,10,3,6,8,4,9,13,9,5,0,0,1,12,45
34,5,2,10,3,0,0,3,1,0,0,2,13,0,0,4,12,360,0,10,3,6,8,3,8,12,8,4,0,0,1,11,0
-8,5,2,13,2,0,0,3,1,0,0,0,15,0,0,4,12,360,0,10,3,6,8,2,7,11,7,4,0,0,2,11,30
-11,5,2,19,2,0,0,2,1,0,0,27,3,0,0,4,12,360,0,10,3,7,8,1,6,10,6,3,0,0,1,12,15
37,4,3,9,4,0,0,3,0,0,0,8,7,0,0,4,12,360,0,7,4,5,7,6,8,11,8,3,0,0,2,10,30
-1,4,3,13,4,0,0,4,0,0,0,6,9,0,0,4,12,360,2,5,2,3,5,6,7,10,7,2,0,0,2,11,30
0,4,3,15,3,0,0,4,0,0,0,3,12,0,0,4,12,360,2,5,2,3,5,5,6,9,6,2,0,0,2,11,45
-23,4,4,10,2,0,0,4,0,0,0,12,3,0,0,4,12,360,1,5,2,3,5,4,5,9,6,2,0,0,1,11,0
-11,4,4,17,2,0,0,3,0,0,0,12,3,0,0,4,12,360,1,5,2,3,5,3,4,8,5,2,0,0,2,12,0
-2,3,3,8,2,0,0,4,0,0,0,11,4,0,0,4,12,360,2,3,1,1,3,3,4,8,5,2,0,0,1,10,15
-52,3,3,12,2,0,0,3,0,0,0,7,8,0,0,4,12,360,2,3,1,3,3,2,3,8,4,1,0,0,2,11,15
34,1,1,3,3,0,0,2,0,0,0,12,3,0,0,4,12,360,1,2,0,2,2,2,4,8,5,1,0,0,2,9,30
39,0,0,5,2,0,0,2,0,0,0,6,9,0,0,4,12,360,0,2,2,2,2,2,4,7,5,1,0,0,1,9,45
66,0,0,7,3,0,1,1,0,0,0,0,10,0,0,4,12,360,2,0,0,0,0,2,5,6,4,1,0,0,1,10,0
-22,0,0,0,3,0,0,1,0,0,0,0,32,0,1,4,12,360,0,0,0,0,0,3,5,5,5,2,0,0,2,9,0
-46,0,0,1,2,0,0,1,0,0,0,0,45,0,0,4,12,360,0,0,0,0,0,4,4,4,4,1,0,0,2,9,15
9,0,0,3,2,0,0,0,0,0,0,0,61,0,0,4,12,360,0,0,0,0,0,3,3,3,3,1,0,0,2,9,30
1,0,0,5,1,0,0,0,0,0,0,0,67,0,0,4,12,360,0,0,0,0,0,2,2,2,2,1,0,0,1,9,45
3,0,0,1,0,0,0,0,0,0,0,0,71,0,0,4,12,360,0,0,0,0,0,1,1,1,1,1,0,0,2,9,15
10,6,0,15,0,0,1,0,0,0,0,58,17,1,0,2,12,358,1,14,0,1,5,1,2,3,1,1,1,1,1,14,45
-25,6,0,14,0,0,0,0,0,0,0,13,62,0,0,2,12,358,0,14,1,3,6,1,1,5,1,0,1,0,1,14,30
-25,5,1,11,1,0,1,1,1,0,0,2,43,0,0,2,12,358,1,9,1,2,6,4,4,5,4,1,1,1,1,13,0
-30,5,1,13,1,0,1,1,1,0,0,9,6,0,0,2,12,358,2,8,0,2,6,3,3,4,3,0,1,1,1,13,15
-20,5,1,11,1,0,1,0,1,0,0,6,9,0,0,2,12,358,2,8,0,2,6,2,2,4,2,0,1,1,1,13,0
3,5,1,10,1,0,0,0,1,0,0,24,6,0,0,2,12,358,2,8,0,2,7,1,1,5,1,0,0,1,2,12,15
-3,3,2,6,2,0,0,1,2,0,0,12,18,0,0,2,12,358,2,4,1,4,4,1,4,8,4,2,0,0,1,11,0
-34,1,1,9,2,0,1,1,2,0,0,6,24,0,0,2,12,358,2,2,2,2,2,4,6,9,5,3,0,0,1,12,0
51,1,1,3,2,0,1,1,1,0,0,2,28,0,0,2,12,358,1,2,2,2,2,3,5,8,5,4,0,0,1,10,0
21,1,1,8,2,0,1,1,0,0,0,13,2,0,0,2,12,358,1,2,2,2,2,2,4,7,4,3,0,0,1,11,30
-24,1,1,5,3,0,1,1,0,0,0,9,6,0,0,2,12,358,2,0,0,0,0,3,4,6,4,3,0,0,2,10,30
-10,0,0,3,3,0,0,1,0,0,0,0,10,0,0,2,12,358,0,0,0,0,0,2,5,5,5,4,0,0,1,10,0
-85,0,0,6,2,0,0,1,0,0,0,0,19,0,0,2,12,358,0,0,0,0,0,2,4,4,4,3,0,0,1,11,0
47,0,0,2,2,0,0,0,0,0,0,0,48,0,0,2,12,358,0,0,0,0,0,3,3,3,3,2,0,0,2,9,45
58,0,0,0,1,0,0,0,0,0,0,0,61,0,1,2,12,358,0,0,0,0,0,2,2,2,2,2,0,0,1,9,30
3,0,0,0,0,0,0,0,0,0,0,0,62,0,1,2,12,358,0,0,0,0,0,1,1,1,1,1,0,0,1,9,30
-9,29,4,57,1,0,2,1,0,0,0,3,12,1,0,6,12,355,1,54,3,7,12,2,4,9,4,2,6,1,2,17,30
24,29,4,57,1,0,2,1,0,0,0,10,5,1,0,6,12,355,2,53,2,8,13,1,4,10,3,2,5,1,2,17,30
25,26,2,56,3,0,3,2,0,0,1,10,5,0,0,6,12,355,4,47,2,5,13,5,7,15,6,2,5,1,2,17,15
36,25,1,54,3,0,2,2,0,0,1,5,10,0,0,6,12,355,3,47,2,5,13,5,6,15,6,3,5,1,1,16,45
-29,25,1,55,2,0,2,2,0,0,1,14,1,0,0,6,12,355,2,47,2,5,13,4,5,14,6,2,5,1,1,17,0
41,25,1,47,2,0,2,3,0,0,1,10,5,0,0,6,12,355,3,45,2,5,13,3,6,13,6,3,5,1,3,16,0
14,25,1,53,1,0,2,3,0,0,1,6,9,0,0,6,12,355,3,45,2,5,13,2,5,13,5,3,4,1,1,16,30
44,25,2,45,0,0,2,3,0,0,1,9,6,0,0,6,12,355,3,45,3,7,14,2,8,12,4,3,4,0,3,15,45
-16,25,4,50,1,0,3,3,0,0,1,2,13,0,0,6,12,355,4,42,2,6,14,7,9,14,5,4,4,0,1,16,15
-58,24,5,50,0,0,3,3,0,0,2,12,3,0,0,6,12,355,1,41,5,8,14,7,9,13,8,7,4,0,1,16,15
16,24,6,39,1,0,2,3,0,0,2,11,4,0,0,6,12,355,2,40,4,8,14,6,8,12,7,6,4,0,2,15,0
-50,24,6,47,1,0,2,3,0,0,1,6,9,0,0,6,12,355,2,40,4,8,14,6,8,11,6,5,4,1,3,16,0
-4,24,6,47,1,0,1,3,0,0,1,5,10,0,0,6,12,355,2,40,4,8,14,5,7,10,5,4,4,1,3,16,0
-26,24,6,43,1,0,0,3,0,0,1,3,12,0,0,6,12,355,2,40,4,8,14,4,6,10,4,3,4,1,2,15,30
-44,24,6,50,1,0,0,2,0,0,1,3,12,0,0,6,12,355,2,40,4,8,14,3,5,9,3,3,4,1,1,16,15
40,23,5,43,3,0,0,2,0,0,1,7,8,0,0,6,12,355,3,37,3,6,14,3,5,8,4,4,4,1,2,15,30
-15,21,6,39,3,0,1,2,0,0,0,6,9,0,0,6,12,355,1,36,4,7,14,3,5,8,6,4,4,1,2,15,0
-45,20,5,41,4,0,1,2,0,0,0,40,5,0,0,6,12,355,2,34,3,7,13,2,5,8,6,4,4,1,2,15,15
-16,18,5,45,5,0,1,2,0,0,0,21,24,0,0,6,12,355,2,32,3,6,13,3,4,9,7,5,3,1,3,15,45
0,18,6,37,5,0,1,2,0,0,0,9,36,0,0,6,12,355,2,31,4,8,14,3,4,8,7,5,3,0,2,14,45
3,17,5,36,5,0,1,2,0,0,0,2,43,0,0,6,12,355,2,30,3,8,13,2,4,8,7,4,3,0,2,14,30
6,15,4,35,6,0,0,2,0,0,0,5,10,0,0,6,12,355,1,29,3,7,12,1,3,10,8,6,3,0,1,14,15
5,13,4,34,6,0,1,2,1,0,0,5,10,0,0,6,12,355,2,26,4,8,11,2,5,13,9,6,3,1,1,13,30
-63,12,5,37,9,0,1,1,2,0,0,2,13,0,0,6,12,355,4,22,1,5,8,2,5,16,10,8,3,1,2,14,45
55,11,5,28,8,0,1,1,2,0,0,3,12,0,0,6,12,355,3,22,4,6,10,3,7,15,10,8,2,2,2,12,30
27,9,4,26,8,0,1,1,3,0,0,0,15,0,0,6,12,355,3,20,3,4,12,3,9,15,11,8,2,2,2,12,15
46,9,4,26,7,0,1,1,3,0,0,14,1,0,0,6,12,355,3,20,3,4,12,3,8,15,10,7,2,2,2,12,15
73,7,2,32,6,0,1,4,3,0,0,5,10,0,0,6,12,355,3,17,1,3,11,4,12,18,12,9,2,2,1,13,0
39,7,2,30,5,0,1,4,3,0,0,14,1,0,0,6,12,355,3,17,1,4,13,6,11,17,11,8,2,2,1,12,45
-199,7,2,41,5,0,0,4,3,0,0,13,2,0,0,6,12,355,3,17,2,4,13,5,10,17,10,7,1,2,2,15,15
66,7,2,24,5,0,0,4,2,0,0,11,4,0,0,6,12,355,3,17,2,4,13,4,9,17,9,6,1,1,2,12,0
2,5,1,22,5,0,0,4,2,0,0,4,11,0,0,6,12,355,1,16,2,6,15,8,8,20,11,7,1,1,2,11,45
43,5,1,33,5,0,0,3,2,0,0,1,14,0,0,6,12,355,1,16,2,8,16,7,7,19,10,7,0,1,1,13,15
32,5,1,20,5,0,0,3,1,0,0,0,15,0,0,6,12,355,1,16,2,8,16,6,7,18,9,6,0,0,2,11,30
-9,5,2,30,5,0,0,3,1,0,0,6,9,0,0,6,12,355,2,15,2,8,15,5,9,18,8,5,0,0,1,12,45
40,5,3,22,4,0,0,3,1,0,0,0,15,0,0,6,12,355,1,15,3,8,15,4,8,19,8,5,0,0,2,11,45
39,5,3,20,4,0,0,3,0,0,0,14,1,0,0,6,12,355,1,15,3,8,15,3,7,19,7,4,0,0,2,11,30
-83,5,3,28,3,0,0,3,0,0,0,11,4,0,0,6,12,355,1,15,3,8,15,2,7,18,6,4,0,0,2,12,30
0,5,3,18,4,0,0,2,0,0,0,6,9,0,0,6,12,355,2,14,4,8,14,1,7,17,5,3,0,0,2,11,15
117,4,4,24,5,0,1,5,0,0,0,1,14,0,0,6,12,355,3,8,3,8,8,6,12,20,9,6,0,0,2,12,0
-32,4,4,16,4,0,1,5,0,0,0,14,1,0,0,6,12,355,3,8,3,8,8,5,11,19,8,5,0,0,2,11,0
15,4,4,8,4,0,0,5,0,0,0,12,3,0,0,6,12,355,2,8,4,8,8,6,10,18,8,5,0,0,2,10,0
-40,3,3,16,3,0,0,5,0,0,0,10,5,0,0,6,12,355,1,8,4,8,8,6,9,17,8,5,0,0,2,11,0
-9,2,2,10,3,0,0,5,0,0,0,13,2,0,0,6,12,355,1,7,4,7,7,7,12,16,8,6,0,0,2,10,15
-32,2,2,12,2,0,0,5,0,0,0,11,4,0,0,6,12,355,1,7,5,7,7,6,11,15,7,5,0,0,2,10,30
-39,2,2,14,4,0,0,5,0,0,0,13,2,0,0,6,12,355,3,4,4,4,4,6,11,14,7,5,0,0,2,10,45
11,2,2,6,4,0,0,4,0,0,0,12,3,0,0,6,12,355,2,4,4,4,4,5,10,13,7,5,0,0,2,9,45
-28,2,2,18,3,0,0,4,0,0,0,11,4,0,0,6,12,355,2,4,4,4,4,4,9,12,6,5,0,0,2,11,15
50,2,2,12,3,0,0,3,0,0,0,7,8,0,0,6,12,355,2,4,4,4,4,4,8,11,5,4,0,0,2,10,30
-69,2,2,14,3,0,0,2,0,0,0,6,9,0,0,6,12,355,2,4,4,4,4,3,7,10,4,4,0,0,2,10,45
-48,1,1,10,2,0,2,3,0,0,0,5,10,0,0,6,12,355,2,1,1,1,1,5,8,9,6,3,0,0,2,10,15
16,0,0,4,1,0,2,4,0,0,0,0,5,0,0,6,12,355,1,0,0,0,0,5,8,8,7,4,0,0,2,9,30
103,0,0,8,1,0,2,3,0,0,0,0,10,0,0,6,12,355,0,0,0,0,0,4,7,7,7,3,0,0,2,10,0
-21,0,0,4,1,0,1,3,0,0,0,0,11,0,0,6,12,355,0,0,0,0,0,3,6,6,6,2,0,0,2,9,30
-27,0,0,6,1,0,1,2,0,0,0,0,16,0,0,6,12,355,0,0,0,0,0,4,5,5,5,2,0,0,2,9,45
-15,0,0,2,1,0,1,1,0,0,0,0,27,0,0,6,12,355,0,0,0,0,0,3,4,4,4,2,0,0,2,9,15
1,0,0,2,0,0,1,1,0,0,0,0,45,0,0,6,12,355,0,0,0,0,0,3,3,3,3,1,0,0,2,9,15
4,0,0,0,0,0,0,1,0,0,0,0,46,0,1,6,12,355,0,0,0,0,0,2,2,2,2,1,0,0,2,9,0
-9,0,0,0,0,0,0,0,0,0,0,0,58,0,1,6,12,355,0,0,0,0,0,1,1,1,1,0,0,0,2,9,0
47,43,4,51,0,0,0,1,0,0,0,44,0,1,0,5,12,354,1,51,1,4,10,1,1,2,1,1,1,0,2,17,15
17,37,5,50,3,0,1,1,0,0,2,10,20,0,0,5,12,354,1,44,4,7,13,2,6,12,7,4,1,0,2,17,0
22,34,4,48,5,0,2,1,0,0,2,12,3,0,0,5,12,354,2,40,3,6,10,5,7,13,9,5,1,0,1,16,45
40,34,4,48,5,0,1,1,0,0,2,7,8,0,0,5,12,354,1,40,4,6,12,4,7,13,9,4,1,0,1,16,45
86,33,4,46,5,0,1,0,1,0,2,1,14,0,0,5,12,354,1,38,3,5,11,3,6,13,9,4,1,0,2,16,15
11,33,5,46,5,0,1,0,1,0,3,4,11,0,0,5,12,354,2,37,3,4,10,3,6,13,9,5,1,0,2,16,15
14,33,5,44,5,0,1,0,1,0,2,3,12,0,0,5,12,354,2,37,3,5,10,3,6,12,8,4,1,0,2,16,0
-30,32,6,51,5,0,1,0,1,0,2,13,2,1,0,5,12,354,2,36,2,5,10,4,7,14,8,4,1,0,2,17,15
36,30,4,41,6,0,1,1,1,0,1,4,11,0,0,5,12,354,2,34,2,4,10,4,6,13,9,4,1,0,1,15,30
13,30,4,40,6,0,1,1,1,0,0,8,7,0,0,5,12,354,2,34,3,6,12,5,6,12,8,3,1,0,2,15,15
272,29,4,17,6,0,0,1,1,0,0,13,2,0,0,5,12,354,1,34,3,6,13,4,7,12,8,2,1,0,1,11,15
75,28,3,38,5,0,0,1,1,0,1,4,11,0,0,5,12,354,0,33,3,6,14,3,7,13,9,3,1,1,1,15,0
63,28,3,41,4,0,0,1,2,0,1,0,15,0,0,5,12,354,1,32,2,5,13,3,7,12,8,3,1,1,1,15,30
-5,27,4,44,4,0,0,1,2,0,1,9,6,0,0,5,12,354,1,31,1,4,13,2,6,13,8,4,1,1,2,16,0
22,26,4,36,5,0,0,1,1,0,1,31,14,0,0,5,12,354,1,30,3,6,14,5,7,13,8,4,1,1,2,14,45
-4,26,6,43,6,0,0,1,1,0,1,23,22,0,0,5,12,354,2,28,1,6,13,4,6,12,8,4,1,1,2,15,45
9,26,6,38,5,0,0,1,1,0,1,19,26,0,0,5,12,354,2,28,1,6,14,3,6,13,7,3,1,1,1,15,0
8,25,6,34,5,0,0,1,1,0,0,7,38,0,0,5,12,354,1,28,2,8,15,4,7,13,7,3,0,1,2,14,30
17,25,7,34,6,0,0,0,1,0,0,3,42,0,0,5,12,354,2,27,3,8,14,3,6,13,6,2,0,0,2,14,30
-3,23,7,36,5,0,0,0,1,0,0,4,11,0,0,5,12,354,0,27,5,9,16,3,7,13,7,2,0,0,2,14,45
57,23,8,25,4,0,0,0,1,0,0,2,13,0,0,5,12,354,0,27,6,9,16,2,6,12,6,1,0,0,2,12,30
88,20,7,29,8,0,0,0,0,0,1,7,8,0,0,5,12,354,2,22,4,7,13,5,7,14,8,2,0,0,1,13,0
14,19,7,31,8,0,0,0,0,0,1,12,3,0,0,5,12,354,1,21,4,7,13,5,8,13,9,2,0,0,1,13,15
16,19,7,32,7,0,0,0,0,0,1,12,3,0,0,5,12,354,1,21,4,7,13,4,7,12,8,2,0,0,1,13,30
-21,17,7,33,7,0,0,1,0,0,1,13,2,0,0,5,12,354,1,19,3,7,11,3,8,12,9,3,0,0,2,14,15
76,17,7,29,6,0,0,1,0,0,1,11,4,0,0,5,12,354,1,19,4,7,11,2,7,11,8,3,0,0,1,13,0
129,15,6,13,5,0,1,1,0,0,1,1,14,0,0,5,12,354,0,18,4,7,11,3,6,10,9,4,0,0,2,10,45
67,13,5,21,5,0,1,3,0,0,1,7,8,0,0,5,12,354,1,15,4,6,11,5,8,10,10,4,0,0,2,12,0
8,13,5,27,5,0,1,3,0,0,0,5,10,0,0,5,12,354,1,15,4,6,11,4,7,9,9,4,0,0,2,12,45
65,12,5,17,6,0,0,3,0,0,0,0,15,0,0,5,12,354,1,14,3,5,11,3,6,9,9,4,0,0,1,11,15
21,11,4,23,6,0,0,3,0,0,0,6,9,0,0,5,12,354,1,13,3,5,11,2,5,10,9,4,0,0,2,12,15
18,10,3,25,6,0,0,3,0,0,0,14,1,0,0,5,12,354,1,12,2,4,10,1,5,12,9,3,0,0,2,12,30
30,8,4,21,6,0,0,3,1,0,0,13,2,0,0,5,12,354,1,10,2,6,10,4,5,16,10,4,0,0,2,12,0
32,8,4,19,6,0,0,2,1,0,0,11,4,0,0,5,12,354,0,10,2,6,10,3,4,15,10,4,0,0,1,11,30
-1,8,4,27,5,0,0,2,1,0,0,10,5,0,0,5,12,354,0,10,2,6,10,2,3,14,9,3,0,0,2,12,45
33,7,6,20,7,0,0,1,1,0,0,1,14,0,0,5,12,354,1,8,4,6,8,2,8,16,9,3,0,0,2,11,45
119,5,5,2,8,0,0,1,2,0,0,7,8,0,0,5,12,354,2,5,3,5,5,4,11,16,10,5,0,0,2,9,15
49,3,3,13,8,0,0,1,2,0,0,5,10,0,0,5,12,354,0,4,4,4,4,8,11,16,12,6,0,0,2,10,45
12,2,2,9,8,0,0,1,2,0,0,13,2,0,0,5,12,354,0,3,3,3,3,7,12,15,12,6,0,0,2,10,15
69,2,2,9,7,0,1,1,2,0,0,8,7,0,0,5,12,354,1,2,2,2,2,8,11,14,11,5,0,0,2,10,15
58,2,2,15,5,0,1,1,2,0,0,6,9,0,0,5,12,354,1,2,2,2,2,8,11,13,10,4,0,0,2,11,0
71,2,2,11,5,0,1,1,2,0,0,6,9,0,0,5,12,354,1,2,2,2,2,8,11,13,10,4,0,0,2,10,30
50,1,1,15,5,0,1,0,2,0,0,1,14,0,0,5,12,354,0,2,2,2,2,6,9,11,9,4,0,0,2,11,0
25,1,1,4,5,0,1,0,2,0,0,10,5,0,0,5,12,354,1,1,1,1,1,5,8,10,8,4,0,0,2,9,30
-39,1,1,11,4,0,1,0,2,0,0,8,7,0,0,5,12,354,1,1,1,1,1,4,8,9,7,3,0,0,2,10,30
26,0,0,6,5,0,1,0,1,0,0,10,5,0,0,5,12,354,1,0,0,0,0,5,7,8,7,4,0,0,1,9,45
19,0,0,6,4,0,1,0,1,0,0,8,7,0,0,5,12,354,1,0,0,0,0,4,6,7,6,3,0,0,1,9,45
-79,0,0,23,4,0,1,0,0,0,0,7,8,0,0,5,12,354,1,0,0,0,0,4,5,6,5,3,0,0,2,12,15
46,0,0,8,3,0,1,0,0,0,0,0,12,0,0,5,12,354,0,0,0,0,0,4,5,5,5,4,0,0,2,10,0
21,0,0,0,2,0,1,0,0,0,0,0,14,0,1,5,12,354,0,0,0,0,0,3,4,4,4,3,0,0,2,9,0
30,0,0,2,1,0,1,0,0,0,0,0,22,0,0,5,12,354,0,0,0,0,0,2,3,3,3,2,0,0,2,9,15
-24,0,0,4,0,0,1,0,0,0,0,0,35,0,0,5,12,354,0,0,0,0,0,2,2,2,2,2,0,0,2,9,30
31,0,0,0,0,0,0,0,0,0,0,0,54,0,1,5,12,354,0,0,0,0,0,1,1,1,1,1,0,0,2,9,0
-56,29,3,39,1,0,0,0,0,0,0,30,60,1,0,4,12,353,0,38,3,5,10,3,3,5,2,1,5,0,2,17,45
-11,29,4,38,0,0,0,0,0,0,0,25,65,0,0,4,12,353,0,38,3,5,11,2,2,4,1,1,5,0,1,16,45
14,28,3,37,1,0,0,0,0,0,0,3,87,0,0,4,12,353,1,36,2,5,11,1,3,5,1,0,5,1,1,15,15
25,25,3,32,3,0,0,1,0,0,0,3,12,0,0,4,12,353,1,32,3,6,12,2,2,6,4,2,4,1,1,14,15
-10,25,5,36,2,0,0,1,0,0,0,7,8,0,0,4,12,353,1,32,3,7,13,1,2,7,3,1,4,0,1,15,0
31,21,5,34,6,0,0,3,0,0,0,11,4,0,0,4,12,353,3,25,3,6,12,3,6,14,7,2,4,1,1,14,45
32,20,5,33,5,0,0,3,0,0,0,6,9,0,0,4,12,353,2,25,3,6,12,3,5,13,7,3,4,1,2,14,30
-45,19,4,34,5,0,0,2,0,0,1,9,6,0,0,4,12,353,2,24,3,8,13,2,6,12,7,3,3,2,1,14,45
10,17,5,29,5,0,0,3,0,0,1,6,9,0,0,4,12,353,1,22,3,6,13,3,9,12,9,5,3,2,2,13,30
32,16,6,27,5,0,0,4,0,0,1,0,15,0,0,4,12,353,2,20,4,7,13,7,10,14,9,5,3,2,1,13,0
8,16,6,25,5,0,0,4,0,0,0,14,1,0,0,4,12,353,2,20,4,7,13,6,9,13,8,4,3,2,1,12,45
25,15,5,30,6,0,0,3,0,0,0,5,10,0,0,4,12,353,1,19,4,6,12,6,8,13,9,5,2,2,1,13,45
39,15,6,25,7,0,0,3,0,0,0,11,4,0,0,4,12,353,3,17,3,6,11,6,7,13,8,5,2,1,1,12,45
1,15,6,30,7,0,0,3,0,0,0,8,7,0,0,4,12,353,4,16,2,5,12,6,6,12,7,4,1,1,1,13,45
-10,14,6,28,6,0,0,3,0,0,0,0,15,0,0,4,12,353,3,16,3,5,12,5,5,12,7,3,1,0,1,13,15
3,14,6,23,5,0,0,3,0,0,0,0,15,0,0,4,12,353,3,16,3,5,12,4,4,11,6,3,1,0,2,12,30
-9,12,5,23,4,0,0,3,0,0,0,7,8,0,0,4,12,353,1,16,3,7,12,3,4,10,7,4,1,0,2,12,30
60,12,6,21,4,0,0,3,0,0,0,4,11,0,0,4,12,353,2,15,2,6,11,2,3,10,6,3,1,0,2,12,15
41,12,6,21,4,0,0,3,0,0,0,8,7,0,0,4,12,353,3,14,3,7,12,1,3,9,5,3,1,1,2,12,15
38,8,4,18,6,0,0,4,0,0,0,13,2,0,0,4,12,353,2,10,3,6,10,4,7,16,9,6,1,1,1,11,30
24,6,3,20,6,0,1,3,0,0,0,3,12,0,0,4,12,353,1,9,2,6,9,4,7,16,10,7,0,1,2,12,0
54,6,5,14,6,0,2,3,0,0,0,2,13,0,0,4,12,353,2,7,3,5,7,5,6,16,10,6,0,0,2,11,0
-6,6,5,16,5,0,2,3,0,0,0,1,14,0,0,4,12,353,2,7,3,5,7,4,5,15,9,6,0,0,1,11,15
-20,4,4,14,5,0,1,3,0,0,0,7,8,0,0,4,12,353,0,7,3,6,7,3,6,14,10,5,0,0,2,11,0
14,4,4,19,5,0,1,2,0,0,0,0,15,0,0,4,12,353,0,7,5,7,7,3,6,14,9,5,0,0,1,11,45
4,4,4,16,6,0,2,2,0,0,0,5,10,0,0,4,12,353,3,4,2,4,4,2,8,13,8,4,0,0,1,11,15
105,3,3,6,6,0,2,1,0,0,0,6,9,0,0,4,12,353,1,4,3,4,4,3,10,14,9,5,0,0,2,9,45
53,1,1,8,7,0,2,2,0,0,0,13,2,0,0,4,12,353,2,1,1,1,1,8,10,13,10,5,0,0,2,10,0
17,0,0,4,7,0,1,2,0,0,0,10,5,0,0,4,12,353,1,1,1,1,1,7,9,12,10,4,0,0,2,9,30
-18,0,0,10,6,0,1,2,0,0,1,0,15,0,0,4,12,353,2,0,0,0,0,7,9,11,9,4,0,0,1,10,15
66,0,0,6,6,0,1,1,0,0,1,11,4,0,0,4,12,353,1,0,0,0,0,6,8,10,9,4,0,0,2,9,45
11,0,0,10,6,0,0,1,0,0,1,11,4,0,0,4,12,353,1,0,0,0,0,5,7,9,8,4,0,0,1,10,15
95,0,0,8,5,0,0,1,0,0,1,7,8,0,0,4,12,353,1,0,0,0,0,4,6,8,7,4,0,0,2,10,0
36,0,0,12,4,0,0,1,0,0,1,3,12,0,0,4,12,353,1,0,0,0,0,4,5,7,6,3,0,0,1,10,30
-91,0,0,13,4,0,0,0,0,0,1,1,14,0,0,4,12,353,1,0,0,0,0,3,5,6,5,2,0,0,2,10,45
55,0,0,4,3,0,0,0,0,0,1,0,6,0,0,4,12,353,0,0,0,0,0,2,5,5,5,2,0,0,2,9,30
-18,0,0,2,3,0,0,0,0,0,0,0,25,0,0,4,12,353,0,0,0,0,0,2,4,4,4,2,0,0,2,9,15
54,0,0,0,2,0,0,0,0,0,0,0,40,0,1,4,12,353,0,0,0,0,0,3,3,3,3,2,0,0,2,9,0
11,0,0,2,1,0,0,0,0,0,0,0,58,0,0,4,12,353,0,0,0,0,0,2,2,2,2,1,0,0,2,9,15
32,0,0,0,0,0,0,0,0,0,0,0,62,0,1,4,12,353,0,0,0,0,0,1,1,1,1,1,0,0,2,9,0
8,28,1,49,1,0,2,0,1,0,0,7,8,0,0,3,12,352,1,48,0,4,14,3,4,7,4,2,3,1,2,17,15
-22,28,2,51,0,0,2,0,1,0,0,1,14,1,0,3,12,352,1,48,1,5,14,2,3,7,3,2,3,1,2,17,30
15,28,2,48,0,0,1,0,1,0,0,1,14,0,0,3,12,352,1,48,1,5,14,1,2,6,2,1,2,1,2,17,0
0,28,3,49,1,0,1,1,0,0,0,11,4,0,0,3,12,352,2,46,4,11,13,1,3,7,2,0,2,0,2,17,15
-54,26,3,51,3,0,0,2,1,0,0,10,5,1,0,3,12,352,3,42,7,8,11,2,4,11,4,3,2,0,2,17,30
21,25,3,44,4,0,0,5,1,0,1,4,11,0,0,3,12,352,7,36,2,2,7,2,5,13,5,5,2,1,1,16,0
19,23,3,42,5,0,0,4,2,0,1,8,7,0,0,3,12,352,5,34,0,2,7,4,6,12,8,6,2,1,1,15,45
-58,23,3,46,5,0,0,3,2,0,1,2,13,0,0,3,12,352,5,34,1,3,8,3,6,12,7,5,2,1,1,16,30
-12,22,4,42,4,0,0,3,2,0,1,0,15,0,0,3,12,352,4,34,2,4,10,4,7,13,7,5,1,1,1,15,45
-33,22,4,45,4,0,0,3,1,0,1,9,6,0,0,3,12,352,4,34,2,5,10,3,6,12,6,4,1,0,1,16,15
19,22,4,40,4,0,0,3,1,0,1,10,5,0,0,3,12,352,4,33,2,5,9,5,8,11,6,4,1,1,2,15,30
-40,20,2,47,4,0,0,2,1,0,1,5,10,0,0,3,12,352,2,33,3,6,9,4,7,11,7,4,1,1,1,16,45
30,20,2,35,4,0,0,2,1,0,1,38,7,0,0,3,12,352,2,32,3,5,10,4,6,11,7,3,1,1,1,14,45
0,20,3,38,3,0,0,3,1,0,1,31,14,0,0,3,12,352,3,31,2,5,9,5,6,10,6,2,1,1,2,15,15
23,20,3,34,3,0,0,3,0,0,1,25,20,0,0,3,12,352,3,31,3,6,9,4,6,10,5,2,1,1,2,14,30
158,18,3,22,5,0,0,3,0,0,0,8,37,0,0,3,12,352,3,29,2,5,10,3,6,9,6,3,1,1,2,11,45
-55,18,3,40,5,0,0,2,0,0,0,6,39,0,0,3,12,352,2,29,2,5,10,2,5,8,6,3,0,1,2,15,30
9,18,3,33,4,0,0,2,0,0,0,6,39,0,0,3,12,352,2,29,2,5,10,1,4,7,5,2,0,0,1,14,15
-50,17,4,37,4,0,0,4,0,0,0,4,11,0,0,3,12,352,2,26,2,4,12,3,5,13,7,5,0,0,2,15,0
-68,17,4,35,4,0,0,4,0,0,0,13,2,0,0,3,12,352,3,25,1,3,12,2,4,14,6,5,0,0,1,14,45
39,16,3,31,4,0,0,3,1,0,0,5,10,0,0,3,12,352,3,24,0,3,12,2,4,13,6,4,0,0,1,13,15
-6,14,4,32,3,0,0,3,1,0,0,9,6,0,0,3,12,352,0,24,2,7,14,3,4,13,8,6,0,0,1,13,30
-1,14,4,27,3,0,0,4,1,0,0,11,4,0,0,3,12,352,2,22,3,6,14,2,6,15,7,5,0,0,2,12,30
-39,13,4,28,3,0,0,3,1,0,0,11,4,0,0,3,12,352,0,22,5,9,16,2,10,15,8,5,0,0,1,12,45
37,13,7,26,4,0,1,3,1,0,0,4,11,0,0,3,12,352,2,19,5,9,16,7,9,16,8,5,0,0,1,12,15
-131,10,4,38,5,0,1,3,1,0,0,3,12,0,0,3,12,352,1,17,5,8,15,8,10,19,10,6,0,0,2,15,15
11,10,5,24,4,0,1,3,1,0,0,1,14,0,0,3,12,352,1,17,6,9,15,7,10,18,9,5,0,0,1,12,0
47,10,5,30,4,0,1,2,1,0,0,1,14,0,0,3,12,352,1,17,6,9,15,6,9,17,8,4,0,0,1,13,0
65,10,5,24,5,0,1,1,1,0,0,11,4,0,0,3,12,352,2,16,5,8,14,5,9,18,7,4,0,0,1,12,0
10,10,5,18,5,0,0,2,1,0,0,9,6,0,0,3,12,352,3,15,4,7,14,4,8,17,6,3,0,0,2,11,15
-70,10,5,28,5,0,0,2,1,0,0,9,6,0,0,3,12,352,4,14,3,6,13,3,7,16,5,3,0,0,1,12,45
76,9,5,20,4,0,0,2,1,0,1,1,14,0,0,3,12,352,4,13,3,7,13,2,6,16,5,3,0,0,2,11,30
57,9,5,20,4,0,0,2,0,0,1,13,2,0,0,3,12,352,4,13,3,7,13,2,5,15,4,2,0,0,2,11,30
40,6,4,14,7,0,0,1,0,0,1,14,1,0,0,3,12,352,2,10,4,7,10,4,7,16,8,4,0,0,2,10,45
48,6,6,8,6,0,0,2,0,0,1,4,11,0,0,3,12,352,3,9,4,7,9,4,10,16,7,4,0,0,2,10,0
9,6,6,16,5,0,0,2,0,0,1,3,12,0,0,3,12,352,2,9,4,7,9,3,9,15,7,4,0,0,2,11,0
2,5,5,14,6,0,0,2,0,0,0,12,3,0,0,3,12,352,2,8,4,6,8,2,10,15,7,5,0,0,2,10,45
11,4,4,12,6,0,0,3,0,0,0,11,4,0,0,3,12,352,2,6,3,6,6,4,10,15,8,5,0,0,2,10,30
-28,3,3,16,7,0,1,3,0,0,0,10,5,0,0,3,12,352,3,3,1,3,3,8,11,15,9,7,0,0,2,11,0
64,3,3,12,6,0,1,3,0,0,0,10,5,0,0,3,12,352,3,3,1,3,3,7,10,14,8,6,0,0,2,10,30
18,0,0,8,5,0,1,3,0,0,0,12,3,0,0,3,12,352,0,3,3,3,3,7,10,13,10,6,0,0,2,10,0
4,0,0,6,5,0,1,3,0,0,0,7,8,0,0,3,12,352,1,2,2,2,2,6,9,12,9,5,0,0,2,9,45
-52,0,0,22,4,0,1,3,0,0,0,6,9,0,0,3,12,352,1,2,2,2,2,5,8,11,8,4,0,0,2,11,45
-12,0,0,10,3,0,1,3,0,0,0,6,9,0,0,3,12,352,1,2,2,2,2,4,7,10,7,4,0,0,2,10,15
10,0,0,4,3,0,0,3,0,0,0,14,1,0,0,3,12,352,1,2,2,2,2,5,7,9,6,4,0,0,2,9,30
-57,0,0,18,3,0,0,2,0,0,0,13,2,0,0,3,12,352,1,2,2,2,2,4,6,8,5,3,0,0,2,11,15
20,0,0,6,5,0,0,1,0,0,0,6,9,0,0,3,12,352,2,0,0,0,0,3,5,7,5,3,0,0,2,9,45
13,0,0,2,4,0,0,1,0,0,0,0,10,0,0,3,12,352,1,0,0,0,0,3,6,6,5,2,0,0,2,9,15
-23,0,0,10,4,0,0,0,0,0,0,0,11,0,0,3,12,352,1,0,0,0,0,2,5,5,4,2,0,0,2,10,15
13,0,0,2,3,0,0,0,0,0,0,0,32,0,0,3,12,352,0,0,0,0,0,3,4,4,4,1,0,0,2,9,15
-7,0,0,0,2,0,0,0,0,0,0,0,44,0,1,3,12,352,0,0,0,0,0,3,3,3,3,1,0,0,2,9,0
-14,0,0,0,1,0,0,0,0,0,0,0,57,0,1,3,12,352,0,0,0,0,0,2,2,2,2,1,0,0,2,9,0
-20,0,0,4,0,0,0,0,0,0,0,0,65,0,0,3,12,352,0,0,0,0,0,1,1,1,1,1,0,0,2,9,30
34,31,5,43,7,0,1,2,0,0,0,4,11,0,0,2,12,351,0,45,5,9,12,8,11,17,11,6,5,1,1,16,0
22,31,6,54,8,0,1,1,0,0,0,14,1,1,0,2,12,351,1,44,4,8,11,9,11,16,10,6,5,1,2,17,30
11,31,6,50,7,0,1,1,0,0,0,12,3,0,0,2,12,351,1,44,4,8,11,8,10,15,9,5,5,1,2,17,0
25,31,6,52,6,0,1,1,0,0,0,11,4,0,0,2,12,351,1,44,4,8,11,7,9,14,8,4,5,1,2,17,15
6,31,6,50,6,0,1,1,0,0,0,2,13,0,0,2,12,351,2,43,4,7,11,6,9,14,7,4,5,1,2,17,0
3,30,6,48,6,0,1,1,0,0,0,13,2,0,0,2,12,351,2,42,5,6,11,6,9,13,7,4,5,1,2,16,45
-4,30,6,48,5,0,1,1,0,0,0,9,6,0,0,2,12,351,1,42,6,6,11,5,8,12,7,3,5,1,2,16,45
40,29,5,46,6,0,1,1,0,0,0,4,11,0,0,2,12,351,2,40,4,6,9,4,8,11,7,4,5,2,2,16,30
96,29,5,33,5,0,1,1,0,0,0,3,12,0,0,2,12,351,2,40,4,6,9,3,7,11,6,3,5,2,2,14,30
28,29,5,54,4,0,1,1,0,0,0,2,13,1,0,2,12,351,2,40,4,6,9,2,6,10,5,2,4,2,2,17,30
-18,28,5,46,4,0,0,2,0,0,0,2,13,0,0,2,12,351,1,39,3,5,9,4,6,9,6,3,4,1,2,16,30
61,26,3,45,6,0,0,2,0,0,0,0,15,0,0,2,12,351,2,36,2,3,7,4,6,12,7,4,4,2,2,16,15
6,25,2,52,6,0,0,1,0,0,0,10,5,0,0,2,12,351,1,36,2,3,8,3,5,11,7,5,4,2,2,17,15
-4,25,2,43,5,0,0,1,0,0,0,2,13,0,0,2,12,351,1,36,2,5,8,3,5,10,6,4,4,2,1,16,0
60,24,2,38,5,0,0,2,0,0,0,5,10,0,0,2,12,351,2,34,1,3,7,3,4,9,6,3,3,2,1,15,15
6,23,1,41,4,0,0,2,0,0,0,7,8,0,0,2,12,351,1,34,2,4,8,2,4,9,6,2,3,1,1,15,30
13,23,2,42,3,0,0,2,0,0,1,11,4,0,0,2,12,351,2,33,2,3,9,2,5,8,5,1,2,3,2,15,45
14,23,2,36,3,0,0,2,0,0,1,36,9,0,0,2,12,351,2,32,2,4,10,2,6,9,5,1,2,2,3,15,0
28,22,4,38,4,0,0,1,0,0,1,18,27,0,0,2,12,351,1,31,1,5,11,5,5,10,6,2,2,2,1,15,15
-45,22,4,38,4,0,0,1,0,0,1,1,44,0,0,2,12,351,2,30,2,5,11,4,5,9,5,2,1,2,1,15,15
27,22,4,32,4,0,0,1,0,0,0,1,44,0,0,2,12,351,2,30,2,5,11,3,4,8,4,2,0,1,1,13,45
16,21,3,34,4,0,0,0,0,0,0,6,9,0,0,2,12,351,1,30,3,6,12,2,4,7,4,2,0,0,2,14,45
44,21,3,34,3,0,0,0,0,0,0,6,9,0,0,2,12,351,1,30,3,6,12,1,3,6,3,2,0,0,2,14,45
-50,18,4,36,4,0,0,1,1,0,0,9,6,0,0,2,12,351,1,26,4,6,15,3,5,11,6,1,0,0,3,15,0
-5,18,4,28,5,0,0,1,1,0,0,6,9,0,0,2,12,351,3,24,4,6,16,4,4,13,5,1,0,0,1,13,0
16,17,3,28,7,0,0,1,0,0,0,1,14,0,0,2,12,351,3,22,2,5,14,3,3,12,6,1,0,0,1,13,0
19,17,4,26,6,0,0,1,0,0,0,5,10,0,0,2,12,351,2,22,2,7,15,2,4,13,6,2,0,0,2,12,45
12,17,4,31,5,0,0,1,0,0,0,2,13,0,0,2,12,351,2,22,3,8,15,1,3,13,5,2,0,0,1,13,30
25,14,8,26,7,0,0,4,0,0,0,13,2,0,0,2,12,351,3,16,5,8,14,6,9,19,9,4,0,0,2,12,45
-42,13,7,30,7,0,0,4,0,0,0,6,9,0,0,2,12,351,2,15,5,8,14,5,9,18,10,4,0,0,1,13,15
6,12,6,24,7,0,0,4,0,0,0,0,15,0,0,2,12,351,2,14,6,7,13,6,10,18,10,5,0,0,2,12,30
-8,11,6,24,7,0,0,4,0,0,0,8,7,0,0,2,12,351,2,13,5,6,13,5,12,17,10,5,0,0,2,12,30
-33,10,5,21,7,0,0,5,0,0,0,2,13,0,0,2,12,351,2,11,3,4,11,5,11,19,11,5,0,0,2,12,0
-34,10,5,22,6,0,0,5,0,0,0,0,15,0,0,2,12,351,2,11,3,5,11,4,10,18,10,5,0,0,2,12,15
40,8,4,18,6,0,0,5,0,0,0,2,13,0,0,2,12,351,1,10,3,5,10,6,11,19,11,5,0,0,1,11,30
18,8,4,20,7,0,0,4,0,0,1,1,14,0,0,2,12,351,3,8,1,3,8,5,10,18,10,4,0,0,1,11,45
-36,8,5,22,6,0,0,4,0,0,1,7,8,0,0,2,12,351,3,8,1,4,8,7,10,17,9,4,0,0,2,12,15
-25,6,4,18,6,0,0,4,0,0,1,9,6,0,0,2,12,351,2,7,2,5,7,7,10,18,10,5,0,0,1,11,30
40,6,4,16,5,0,0,4,0,0,1,6,9,0,0,2,12,351,2,7,2,6,7,6,9,17,9,4,0,0,2,11,15
34,6,4,11,4,0,0,4,0,0,1,2,13,0,0,2,12,351,2,7,2,6,7,6,9,16,8,4,0,0,2,10,30
37,6,5,9,4,0,0,3,0,0,1,14,1,0,0,2,12,351,2,7,2,6,7,5,8,15,7,4,0,0,2,10,15
35,6,5,8,3,0,0,3,0,0,1,12,3,0,0,2,12,351,2,7,3,6,7,4,7,14,6,4,0,0,2,10,0
10,5,4,16,3,0,0,2,0,0,1,9,6,0,0,2,12,351,1,7,3,7,7,3,6,13,6,4,0,0,2,11,15
61,5,5,9,4,0,0,2,0,0,1,11,4,0,0,2,12,351,2,5,3,5,5,4,8,13,6,5,0,0,2,10,15
5,4,4,11,3,0,0,2,0,0,1,3,12,0,0,2,12,351,1,5,4,5,5,4,8,12,6,5,0,0,2,10,30
13,3,3,15,3,0,0,2,0,0,1,8,7,0,0,2,12,351,1,4,4,4,4,3,8,11,6,4,0,0,2,11,0
6,3,3,13,3,0,0,1,0,0,1,5,10,0,0,2,12,351,1,4,4,4,4,4,7,10,5,4,0,0,1,10,45
-42,2,2,13,6,0,0,1,0,0,0,5,10,0,0,2,12,351,2,1,1,1,1,5,8,9,6,4,0,0,1,10,45
2,1,1,2,6,0,0,1,0,0,0,6,9,0,0,2,12,351,1,0,0,0,0,5,7,8,7,3,0,0,2,9,15
26,1,1,6,5,0,0,1,0,0,0,6,9,0,0,2,12,351,1,0,0,0,0,4,6,7,6,3,0,0,1,9,45
-19,1,1,6,4,0,0,1,0,0,0,3,12,0,0,2,12,351,1,0,0,0,0,4,5,6,5,2,0,0,1,9,45
2,0,0,0,3,0,0,1,0,0,0,0,9,0,1,2,12,351,0,0,0,0,0,4,5,5,5,3,0,0,2,9,0
19,0,0,4,3,0,0,0,0,0,0,0,13,0,0,2,12,351,0,0,0,0,0,3,4,4,4,2,0,0,2,9,30
11,0,0,4,2,0,0,0,0,0,0,0,26,0,0,2,12,351,0,0,0,0,0,2,3,3,3,1,0,0,2,9,30
-4,0,0,2,1,0,0,0,0,0,0,0,34,0,0,2,12,351,0,0,0,0,0,2,2,2,2,1,0,0,2,9,15
25,0,0,0,0,0,0,0,0,0,0,0,60,0,1,2,12,351,0,0,0,0,0,1,1,1,1,1,0,0,2,9,0
12,31,1,45,1,0,0,0,0,0,0,0,0,1,0,6,12,348,0,44,2,5,11,1,2,6,2,1,0,0,2,16,30
27,30,1,43,2,0,0,1,0,0,0,2,13,0,0,6,12,348,1,41,3,6,11,2,2,8,3,0,0,0,1,16,15
-7,30,2,41,3,0,0,1,0,0,0,12,3,0,0,6,12,348,1,39,3,6,10,1,4,10,4,1,0,0,2,16,0
-39,29,1,43,5,0,0,1,0,0,1,1,14,0,0,6,12,348,3,35,3,5,13,4,6,14,5,2,0,0,1,16,15
27,29,1,40,5,0,0,0,0,0,1,12,3,0,0,6,12,348,2,35,3,5,13,3,6,13,5,2,0,0,2,15,45
-45,29,2,39,4,0,0,0,0,0,1,8,7,0,0,6,12,348,2,35,3,5,14,3,5,12,4,2,0,0,1,15,30
-28,28,2,41,4,0,0,1,0,0,1,9,6,0,0,6,12,348,1,33,3,6,14,3,6,11,6,3,0,0,2,16,0
-15,28,4,37,4,0,1,1,0,0,0,39,6,0,0,6,12,348,2,32,2,8,15,3,7,11,5,3,0,0,1,15,15
-11,28,5,34,3,0,1,1,0,0,0,34,11,0,0,6,12,348,1,32,3,9,16,2,6,10,5,3,0,0,1,14,45
14,28,7,32,4,0,1,1,0,0,0,14,31,0,0,6,12,348,2,30,4,8,15,5,8,11,5,3,0,0,1,14,15
5,27,9,37,4,0,1,1,0,0,0,2,43,0,0,6,12,348,2,29,6,9,16,4,7,12,5,3,0,0,1,15,15
-23,26,8,36,3,0,1,1,0,0,0,0,45,0,0,6,12,348,1,29,6,9,16,3,6,11,5,3,0,0,2,15,0
-44,25,8,34,5,0,0,2,0,0,0,7,8,0,0,6,12,348,3,26,4,7,14,3,5,11,5,3,0,0,1,14,45
-24,25,8,33,5,0,0,1,0,0,0,5,10,0,0,6,12,348,3,26,4,8,14,2,5,10,4,3,0,0,2,14,30
37,23,7,26,6,0,0,2,0,0,0,13,2,0,0,6,12,348,3,23,3,8,13,3,5,11,6,3,0,0,2,12,45
-1,21,6,30,5,0,0,3,0,0,0,3,12,0,0,6,12,348,2,22,4,7,12,3,5,10,7,3,0,0,1,13,15
9,21,6,28,4,0,0,3,0,0,0,2,13,0,0,6,12,348,2,22,4,7,12,2,4,9,6,3,0,0,1,13,0
10,17,5,31,6,0,0,3,0,0,0,5,10,0,0,6,12,348,1,19,4,7,14,3,6,11,9,5,0,0,1,13,30
14,16,6,28,8,0,1,2,0,0,1,14,1,0,0,6,12,348,4,15,2,5,11,4,7,14,9,5,0,0,1,13,0
56,16,7,22,7,0,1,2,0,0,1,8,7,0,0,6,12,348,4,15,2,5,12,4,6,13,8,4,0,0,1,12,0
7,14,5,20,7,0,1,2,0,0,0,10,5,0,0,6,12,348,2,15,5,7,13,4,5,15,9,4,0,0,2,11,45
2,13,5,25,8,0,1,2,0,0,0,4,11,0,0,6,12,348,3,13,3,6,12,4,5,14,9,4,0,0,2,12,30
21,13,7,16,8,0,0,2,0,0,0,12,3,0,0,6,12,348,3,13,3,7,13,3,4,14,8,4,0,0,2,11,15
41,11,6,24,10,0,0,2,0,0,0,10,5,0,0,6,12,348,4,10,2,5,10,2,7,15,9,5,0,0,1,12,15
91,11,7,22,9,0,0,2,0,0,0,6,9,0,0,6,12,348,4,10,3,6,10,1,6,14,8,4,0,0,1,12,0
69,9,8,18,11,0,0,2,0,0,0,4,11,0,0,6,12,348,5,7,3,6,7,6,10,16,9,6,0,0,2,11,30
41,5,4,18,10,0,0,2,0,0,1,10,5,0,0,6,12,348,2,6,3,6,6,6,11,16,12,6,0,0,2,11,30
39,5,5,20,9,0,0,2,0,0,1,7,8,0,0,6,12,348,2,6,3,6,6,5,10,15,11,5,0,0,2,11,45
25,5,5,14,9,0,0,2,0,0,1,13,2,0,0,6,12,348,2,5,3,5,5,6,10,15,11,6,0,0,2,11,0
11,5,5,9,8,0,0,2,0,0,1,13,2,0,0,6,12,348,2,5,3,5,5,5,9,14,10,5,0,0,2,10,15
87,4,4,16,9,0,0,1,0,0,1,5,10,0,0,6,12,348,1,4,3,4,4,5,8,14,11,6,0,0,2,11,15
-27,4,4,12,9,0,0,1,0,0,0,3,12,0,0,6,12,348,1,4,4,4,4,4,7,13,10,5,0,0,2,10,45
-32,3,3,12,9,0,0,1,0,0,0,6,9,0,0,6,12,348,1,3,3,3,3,5,6,14,10,5,0,0,2,10,45
44,3,3,14,9,0,0,1,0,0,0,3,12,0,0,6,12,348,2,2,2,2,2,5,5,13,9,4,0,0,2,11,0
42,2,2,10,8,0,0,1,0,0,0,11,4,0,0,6,12,348,1,2,2,2,2,4,6,12,9,4,0,0,2,10,30
59,1,1,7,8,0,0,1,0,0,1,0,15,0,0,6,12,348,2,0,0,0,0,3,7,11,9,4,0,0,1,10,0
34,1,1,10,7,0,0,1,0,0,1,11,4,0,0,6,12,348,2,0,0,0,0,2,6,10,8,3,0,0,2,10,30
21,0,0,5,6,0,0,1,0,0,1,6,9,0,0,6,12,348,1,0,0,0,0,1,5,9,8,3,0,0,2,9,45
23,0,0,0,5,0,0,1,0,0,1,0,14,0,1,6,12,348,0,0,0,0,0,5,8,8,8,4,0,0,1,9,0
34,0,0,7,4,0,0,1,0,0,1,0,18,0,0,6,12,348,0,0,0,0,0,4,7,7,7,3,0,0,1,10,0
48,0,0,5,4,0,0,0,0,0,1,0,21,0,0,6,12,348,0,0,0,0,0,4,6,6,6,3,0,0,2,9,45
30,0,0,2,3,0,0,0,0,0,1,0,30,0,0,6,12,348,0,0,0,0,0,4,5,5,5,3,0,0,2,9,15
31,0,0,3,2,0,0,0,0,0,1,0,42,0,0,6,12,348,0,0,0,0,0,4,4,4,4,3,0,0,2,9,30
39,0,0,0,1,0,0,0,0,0,1,0,48,0,1,6,12,348,0,0,0,0,0,3,3,3,3,2,0,0,1,9,0
63,0,0,3,0,0,0,0,0,0,1,0,58,0,0,6,12,348,0,0,0,0,0,2,2,2,2,2,0,0,2,9,30
-213,0,0,26,0,0,0,0,0,0,0,0,66,0,0,6,12,348,0,0,0,0,0,1,1,1,1,1,0,0,2,12,45
-9,31,2,59,2,0,0,2,0,0,0,9,6,1,0,5,12,347,2,55,2,6,15,1,2,11,2,2,8,2,2,18,0
25,29,3,55,1,0,2,4,1,0,0,0,15,0,0,5,12,347,3,50,4,9,16,4,9,13,5,3,7,3,1,17,30
12,29,3,55,1,0,2,4,1,0,0,1,14,0,0,5,12,347,3,49,7,10,15,5,9,13,6,3,7,2,1,17,30
-33,28,4,53,2,0,2,4,1,0,0,5,10,0,0,5,12,347,3,47,5,10,14,7,9,14,7,3,7,2,3,17,15
-37,28,4,58,2,0,1,4,1,0,1,4,11,0,0,5,12,347,4,46,5,9,13,6,8,13,6,2,6,2,1,17,45
28,28,5,51,4,0,1,3,1,0,1,9,6,0,0,5,12,347,5,44,4,8,11,6,8,13,6,2,6,1,2,17,0
9,27,4,55,5,0,1,3,1,0,1,4,11,0,0,5,12,347,6,42,2,6,9,5,7,14,6,2,5,1,1,17,30
-30,27,4,50,5,0,0,3,1,0,1,13,2,0,0,5,12,347,6,42,3,6,9,5,7,15,5,2,5,0,2,16,45
38,26,4,41,5,0,0,3,1,0,0,7,8,0,0,5,12,347,5,42,4,7,10,4,6,14,5,1,5,0,2,15,30
-21,26,4,53,5,0,0,2,1,0,0,6,9,0,0,5,12,347,5,42,5,7,10,3,5,13,4,1,5,0,3,17,15
-38,26,4,51,6,0,0,1,1,0,0,12,3,0,0,5,12,347,5,41,5,7,9,3,4,13,4,1,5,0,2,17,0
13,26,5,47,8,0,0,1,0,0,0,0,15,0,0,5,12,347,6,39,3,5,10,2,5,14,4,1,5,0,1,16,15
-19,24,3,45,7,0,2,2,0,0,0,12,3,0,0,5,12,347,5,36,2,3,9,2,5,15,7,1,5,0,2,16,0
11,23,2,43,7,0,2,1,0,0,0,14,1,0,0,5,12,347,4,36,2,3,9,3,9,14,7,1,5,0,2,15,45
-53,21,1,47,8,0,2,1,0,0,0,6,9,0,0,5,12,347,2,34,1,3,9,5,10,15,10,1,5,0,1,16,15
-11,21,1,45,7,0,2,1,0,0,0,0,15,0,0,5,12,347,2,34,1,4,10,6,10,15,9,1,5,0,2,16,0
-23,21,2,39,6,0,2,1,0,0,0,10,5,0,0,5,12,347,2,34,1,5,11,6,11,14,8,0,5,2,2,15,15
-75,21,3,49,7,0,2,0,0,0,0,42,3,0,0,5,12,347,2,33,1,6,12,6,10,13,8,0,5,2,1,16,30
27,21,3,36,7,0,1,0,0,0,0,39,6,0,0,5,12,347,2,33,2,6,12,5,9,13,7,0,5,2,1,14,45
0,21,4,41,6,0,1,0,0,0,0,36,9,0,0,5,12,347,1,33,2,6,12,5,8,12,7,1,5,2,2,15,30
29,21,5,38,5,0,1,0,0,0,0,31,14,0,0,5,12,347,1,33,3,6,14,5,7,12,6,1,5,2,2,15,0
-26,21,5,36,4,0,1,0,0,0,0,30,15,0,0,5,12,347,1,33,4,6,14,5,6,11,5,1,5,2,1,14,45
25,21,5,33,3,0,1,0,0,0,1,13,32,0,0,5,12,347,2,32,5,6,16,5,7,10,4,1,5,3,2,14,15
-22,20,5,34,3,0,1,0,0,0,1,8,37,0,0,5,12,347,2,31,4,6,15,4,6,9,4,2,5,3,2,14,30
-36,20,5,39,3,0,1,0,0,0,1,1,44,0,0,5,12,347,3,30,3,5,14,3,6,11,3,1,5,3,2,15,15
26,19,4,34,3,0,1,0,0,0,1,0,45,0,0,5,12,347,3,29,2,5,14,2,5,11,3,1,4,3,2,14,30
56,19,4,26,3,0,1,0,0,0,0,14,1,0,0,5,12,347,3,29,2,5,14,1,4,10,2,1,3,2,2,12,45
-6,16,4,31,4,0,0,1,0,0,0,14,1,0,0,5,12,347,1,27,3,9,14,3,5,14,5,3,2,1,1,13,30
0,16,6,31,4,0,0,1,0,0,0,14,1,0,0,5,12,347,2,26,4,10,17,2,4,15,4,3,2,0,1,13,30
1,15,5,30,4,0,0,1,0,0,0,3,12,0,0,5,12,347,1,25,4,9,17,3,6,15,5,4,2,0,2,13,15
-7,13,4,24,7,0,0,1,0,0,0,9,6,0,0,5,12,347,2,21,5,7,16,2,9,17,7,4,2,1,2,12,30
8,12,3,28,6,0,0,1,0,0,0,3,12,0,0,5,12,347,1,21,5,8,17,4,10,18,7,3,2,1,1,13,0
5,10,5,28,9,0,1,1,0,0,0,7,8,0,0,5,12,347,2,16,3,8,13,8,11,19,10,3,2,1,1,13,0
10,10,5,24,8,0,1,1,0,0,0,5,10,0,0,5,12,347,2,16,3,8,13,8,10,18,9,2,2,1,2,12,30
43,10,6,18,7,0,1,1,0,0,0,4,11,0,0,5,12,347,2,16,3,8,13,7,10,17,8,1,2,1,2,11,45
-23,10,6,22,7,0,0,1,0,0,0,0,15,0,0,5,12,347,2,16,3,9,13,6,10,17,7,1,2,1,2,12,15
-67,9,5,26,7,0,0,1,0,0,0,5,10,0,0,5,12,347,1,15,5,9,13,5,10,16,8,1,2,2,2,12,45
-182,9,5,43,6,0,0,1,0,0,0,3,12,0,0,5,12,347,1,15,5,9,13,4,9,16,7,1,1,2,2,15,45
3,9,6,20,5,0,0,1,1,0,0,12,3,0,0,5,12,347,2,14,5,8,13,5,9,15,6,1,1,1,2,12,0
16,9,6,20,5,0,0,1,1,0,0,7,8,0,0,5,12,347,3,13,5,9,12,4,10,17,5,1,1,1,2,12,0
17,9,6,16,4,0,0,1,1,0,0,6,9,0,0,5,12,347,2,13,5,9,12,3,9,16,5,1,1,1,2,11,30
28,6,4,16,5,0,1,1,1,0,0,2,13,0,0,5,12,347,1,10,4,6,10,6,10,17,8,4,1,1,2,11,30
9,6,4,15,4,0,1,1,1,0,0,1,14,0,0,5,12,347,1,10,4,6,10,5,9,16,7,4,1,1,2,11,15
-12,5,4,14,3,0,2,1,2,0,0,5,10,0,0,5,12,347,2,8,4,5,8,6,8,15,7,3,1,1,1,11,0
-48,4,3,22,2,0,2,1,2,0,1,0,15,0,0,5,12,347,2,7,3,4,7,7,7,14,7,3,1,1,2,12,15
4,4,3,12,2,0,1,1,2,0,1,14,1,0,0,5,12,347,2,7,3,5,7,6,7,13,6,3,0,1,1,10,45
25,4,3,8,2,0,1,1,2,0,1,3,12,0,0,5,12,347,2,6,2,4,6,5,7,13,6,2,0,0,2,10,15
41,3,3,8,2,0,1,1,2,0,1,9,6,0,0,5,12,347,1,5,2,4,5,4,9,12,7,2,0,0,2,10,15
-38,3,3,18,2,0,1,0,2,0,1,8,7,0,0,5,12,347,1,5,2,4,5,3,8,11,6,2,0,0,2,11,45
34,3,3,7,3,0,0,0,2,0,1,2,13,0,0,5,12,347,2,4,1,3,4,2,8,11,5,2,0,0,2,10,0
23,3,3,10,3,0,0,0,1,0,1,1,14,0,0,5,12,347,2,4,1,4,4,1,7,10,4,1,0,0,2,10,30
-16,1,1,10,3,0,0,0,1,0,1,0,15,0,0,5,12,347,0,3,3,3,3,6,7,9,6,2,0,0,2,10,30
-21,1,1,12,3,0,0,0,2,0,0,4,11,0,0,5,12,347,1,2,2,2,2,6,7,8,5,2,0,0,1,10,45
15,0,0,5,3,0,0,0,2,0,0,11,4,0,0,5,12,347,1,1,1,1,1,5,6,7,5,3,0,0,1,9,45
15,0,0,0,3,0,0,0,1,0,0,10,5,0,1,5,12,347,1,1,1,1,1,4,5,6,4,2,0,0,2,9,0
-8,0,0,5,2,0,0,0,1,0,0,9,6,0,0,5,12,347,0,1,1,1,1,3,4,5,4,2,0,0,1,9,45
45,0,0,4,2,0,0,0,0,0,0,5,10,0,0,5,12,347,0,1,1,1,1,2,4,4,3,1,0,0,2,9,30
-5,0,0,2,2,0,0,0,0,0,0,0,6,0,0,5,12,347,1,0,0,0,0,1,3,3,2,1,0,0,1,9,15
-8,0,0,0,1,0,0,0,0,0,0,0,37,0,1,5,12,347,0,0,0,0,0,2,2,2,2,0,0,0,2,9,0
25,0,0,2,0,0,0,0,0,0,0,0,53,0,0,5,12,347,0,0,0,0,0,1,1,1,1,0,0,0,1,9,15
-27,25,4,43,4,0,1,1,0,0,0,22,23,0,0,4,12,346,4,39,3,6,8,4,4,9,3,2,5,1,2,17,15
-41,25,4,44,3,0,1,1,0,0,0,18,27,1,0,4,12,346,4,39,3,6,8,3,3,8,2,2,5,1,2,17,30
-28,25,4,42,3,0,0,1,0,0,0,12,33,0,0,4,12,346,3,39,4,6,9,2,2,9,2,2,4,1,1,17,0
-29,24,5,44,5,0,0,0,0,0,0,1,44,1,0,4,12,346,4,37,2,5,7,1,1,10,2,1,4,0,2,17,30
52,19,3,36,7,0,0,1,1,0,1,5,10,0,0,4,12,346,4,31,0,1,6,5,10,12,7,2,4,1,1,15,15
11,19,3,41,6,0,0,1,1,0,1,4,11,0,0,4,12,346,4,31,0,1,6,4,9,11,6,2,4,1,1,16,15
20,18,2,38,5,0,0,1,1,0,1,10,5,0,0,4,12,346,3,31,1,1,7,6,8,10,6,2,4,1,1,15,30
22,17,1,39,4,0,0,1,1,0,1,3,12,0,0,4,12,346,2,31,1,1,7,6,7,9,6,1,4,1,1,15,45
23,16,0,34,4,0,0,1,0,0,1,10,5,0,0,4,12,346,0,31,1,2,9,6,7,8,7,3,4,1,2,15,0
-31,16,0,36,3,0,0,1,0,0,1,2,13,0,0,4,12,346,0,30,1,5,10,5,6,7,6,3,4,1,1,15,15
16,16,0,30,2,0,0,2,0,0,1,0,15,0,0,4,12,346,1,30,0,4,10,4,5,6,5,2,4,1,2,14,30
31,16,0,30,2,0,0,2,0,0,0,41,4,0,0,4,12,346,1,30,0,4,10,3,4,5,4,1,3,1,2,14,30
-20,16,0,40,1,0,0,2,0,0,0,37,8,0,0,4,12,346,1,30,0,4,10,2,3,4,3,1,3,0,1,16,0
22,16,1,34,1,0,0,1,0,0,0,29,16,0,0,4,12,346,1,30,0,5,11,2,2,3,2,0,3,0,2,15,0
9,16,1,32,0,0,0,1,0,0,0,0,45,0,0,4,12,346,0,30,5,7,16,1,2,5,2,1,3,1,2,14,45
-33,15,5,32,5,0,0,0,0,0,0,8,7,0,0,4,12,346,4,25,3,7,15,1,1,10,2,2,2,1,2,14,45
5,10,4,22,9,0,0,3,2,0,0,10,5,0,0,4,12,346,5,15,3,6,11,5,14,21,10,6,2,1,2,12,30
15,10,4,22,8,0,0,3,2,0,0,8,7,0,0,4,12,346,5,15,3,6,11,4,13,21,9,5,2,1,2,12,30
0,9,3,27,7,0,0,3,2,0,0,6,9,0,0,4,12,346,4,15,3,6,11,5,13,20,9,4,2,2,1,13,15
19,9,5,19,8,0,1,3,1,0,1,9,6,0,0,4,12,346,6,12,2,4,9,5,12,19,9,3,2,2,1,12,0
-28,8,4,28,7,0,1,3,1,0,1,1,14,0,0,4,12,346,5,12,3,4,9,7,12,18,9,3,2,2,1,13,30
-46,7,4,24,7,0,1,2,1,0,1,8,7,0,0,4,12,346,4,12,3,4,10,9,14,17,9,3,2,2,1,12,45
-15,7,4,19,6,0,1,2,1,0,1,6,9,0,0,4,12,346,4,12,3,4,10,9,13,16,8,2,2,2,1,12,0
-6,7,4,26,6,0,1,1,1,0,1,2,13,0,0,4,12,346,3,12,4,5,10,8,12,15,8,3,2,2,1,13,0
58,7,4,13,7,0,1,2,0,0,1,9,6,0,0,4,12,346,3,10,2,5,9,7,13,14,9,4,2,2,2,11,15
-146,6,4,29,7,0,1,2,0,0,0,2,13,0,0,4,12,346,2,10,2,6,10,7,12,14,9,4,1,2,2,13,45
-36,6,4,17,6,0,1,2,0,0,1,1,14,0,0,4,12,346,3,9,1,5,9,6,11,14,8,3,1,1,2,11,45
-18,6,4,15,5,0,1,2,0,0,1,1,14,0,0,4,12,346,3,9,1,5,9,5,10,13,7,3,1,1,2,11,30
7,6,4,15,5,0,0,2,0,0,1,0,15,0,0,4,12,346,3,9,1,5,9,5,9,12,6,2,1,1,2,11,30
6,6,4,17,4,0,0,2,0,0,1,14,1,0,0,4,12,346,3,9,1,5,9,4,8,12,5,1,1,1,2,11,45
-40,6,4,24,4,0,0,1,0,0,1,7,8,0,0,4,12,346,2,9,1,5,9,5,8,12,5,1,0,1,1,12,45
-22,4,3,13,4,0,0,1,0,0,1,7,8,0,0,4,12,346,1,8,3,5,8,6,7,13,6,1,0,0,2,11,15
35,4,3,8,4,0,0,0,0,0,1,0,15,0,0,4,12,346,1,8,4,5,8,5,6,12,5,1,0,0,2,10,30
17,4,3,8,3,0,0,0,0,0,1,13,2,0,0,4,12,346,1,8,4,6,8,4,5,11,4,1,0,0,2,10,30
62,4,3,2,3,0,0,0,0,0,0,12,3,0,0,4,12,346,1,8,4,6,8,3,4,10,3,1,0,0,2,9,45
25,3,3,12,3,0,0,0,1,0,0,0,15,0,0,4,12,346,2,6,2,4,6,3,3,10,3,1,0,0,2,11,0
23,3,3,21,2,0,0,0,1,0,0,14,1,0,0,4,12,346,2,6,2,4,6,2,2,9,2,0,0,0,2,12,15
12,2,2,6,2,0,0,0,1,0,1,10,5,0,0,4,12,346,2,4,2,4,4,1,4,9,3,2,0,0,2,10,15
-14,0,0,6,3,0,0,1,1,0,2,4,26,0,0,4,12,346,1,0,0,0,0,6,7,8,7,6,0,0,2,10,15
-36,0,0,2,2,0,0,1,1,0,2,2,28,0,0,4,12,346,1,0,0,0,0,5,6,7,6,5,0,0,2,9,45
3,0,0,4,2,0,0,1,0,0,2,0,30,0,0,4,12,346,1,0,0,0,0,4,5,6,5,4,0,0,2,10,0
-56,0,0,4,1,0,0,1,0,0,2,0,7,0,0,4,12,346,0,0,0,0,0,3,5,5,5,3,0,0,2,10,0
-108,0,0,10,1,0,0,1,0,0,1,0,21,0,0,4,12,346,0,0,0,0,0,3,4,4,4,2,0,0,1,10,45
-57,0,0,10,1,0,0,1,0,0,0,0,23,0,0,4,12,346,0,0,0,0,0,2,3,3,3,2,0,0,1,10,45
11,0,0,1,0,0,0,1,0,0,0,0,37,0,0,4,12,346,0,0,0,0,0,2,2,2,2,1,0,0,2,9,30
26,0,0,0,0,0,0,0,0,0,0,0,61,0,1,4,12,346,0,0,0,0,0,1,1,1,1,0,0,0,1,9,0
83,33,3,49,3,0,1,1,1,0,0,5,10,0,0,3,12,345,2,47,1,3,11,4,6,10,5,4,4,2,1,17,0
4,33,3,52,3,0,0,1,1,0,0,13,2,1,0,3,12,345,2,47,2,4,11,3,5,11,4,3,4,1,1,17,30
8,32,2,52,3,0,0,1,0,0,0,4,11,1,0,3,12,345,1,47,2,5,11,2,4,11,4,2,4,1,1,17,30
27,31,1,47,2,0,0,2,0,0,0,23,7,0,0,3,12,345,1,46,2,5,11,3,3,11,4,2,3,1,2,16,45
10,30,1,47,1,0,1,2,0,0,0,4,26,0,0,3,12,345,1,45,3,7,13,2,4,11,4,2,3,0,2,16,45
1,30,1,51,1,0,1,1,0,0,0,13,2,0,0,3,12,345,1,45,3,8,14,1,4,11,3,2,3,0,2,17,15
-7,30,1,43,7,0,1,1,0,0,0,7,8,0,0,3,12,345,3,38,2,6,12,7,8,15,7,2,3,1,2,16,0
-47,30,1,49,7,0,0,1,0,0,0,5,10,0,0,3,12,345,3,38,2,6,12,6,8,14,6,2,3,1,1,17,0
209,29,1,30,7,0,0,1,0,0,0,14,1,0,0,3,12,345,3,37,2,5,11,5,8,13,6,3,3,1,1,13,15
-14,29,2,41,6,0,0,1,0,0,0,11,4,0,0,3,12,345,3,37,2,6,11,4,8,12,5,3,3,2,2,15,45
33,29,2,43,6,0,1,0,0,0,0,3,12,0,0,3,12,345,2,36,3,5,11,4,9,11,6,4,2,2,2,16,0
-33,29,2,45,5,0,1,0,0,0,0,0,15,0,0,3,12,345,2,36,3,5,12,3,8,10,5,3,2,1,2,16,15
-22,29,3,39,4,0,1,0,0,0,0,10,5,0,0,3,12,345,2,36,4,7,14,2,7,9,4,3,2,1,2,15,30
-68,29,3,45,4,0,1,0,0,0,0,10,5,0,0,3,12,345,2,35,4,6,14,4,6,8,4,3,2,1,2,16,15
-47,29,4,39,6,0,0,1,0,0,0,6,9,0,0,3,12,345,3,32,3,6,14,5,7,11,5,3,2,1,2,15,30
20,28,3,36,5,0,0,1,0,0,0,44,1,0,0,3,12,345,2,32,3,6,15,4,6,12,5,4,2,1,1,15,0
-20,27,3,41,4,0,0,1,1,0,0,41,4,0,0,3,12,345,2,31,2,5,15,3,5,12,5,3,1,1,2,15,45
-29,27,3,36,3,0,0,1,1,0,0,38,7,0,0,3,12,345,2,31,2,6,16,2,4,11,4,2,1,0,1,15,0
-14,27,4,34,2,0,0,1,1,0,0,35,10,0,0,3,12,345,2,31,2,6,16,1,3,13,3,1,1,0,2,14,45
2,25,8,32,4,0,1,1,1,0,0,12,3,0,0,3,12,345,2,27,3,9,15,2,6,14,6,5,1,1,1,14,15
-65,25,8,34,4,0,0,1,2,0,0,8,7,0,0,3,12,345,3,26,4,8,14,1,5,13,5,4,1,1,2,14,45
-77,18,8,38,9,0,0,1,2,0,0,6,9,0,0,3,12,345,1,20,5,7,12,8,12,17,12,6,1,1,2,15,15
-79,18,8,33,8,0,0,1,2,0,0,4,11,0,0,3,12,345,1,20,5,8,14,9,11,16,11,5,0,1,2,14,30
33,18,8,28,8,0,0,1,3,0,0,2,13,0,0,3,12,345,3,18,3,6,13,8,10,15,10,4,0,0,1,13,0
103,17,7,22,8,0,0,1,2,0,0,12,3,0,0,3,12,345,2,18,4,6,14,7,9,14,10,4,0,0,2,12,15
29,17,7,26,8,0,0,1,1,0,0,6,9,0,0,3,12,345,2,18,5,6,14,6,8,13,9,3,0,0,2,12,45
8,17,7,28,8,0,0,1,1,0,0,4,11,0,0,3,12,345,3,17,4,5,13,5,7,12,8,2,0,0,1,13,0
30,15,6,24,7,0,0,1,1,0,0,13,2,0,0,3,12,345,1,17,4,6,13,5,6,11,9,4,0,0,2,12,30
39,15,7,20,7,0,0,1,2,0,0,7,8,0,0,3,12,345,3,15,2,5,12,5,5,11,8,4,0,0,2,12,0
30,15,7,24,6,0,0,1,2,0,0,6,9,0,0,3,12,345,3,15,2,5,12,4,4,10,7,3,0,0,2,12,30
44,15,7,31,6,0,0,0,2,0,0,5,10,0,0,3,12,345,3,15,3,5,12,3,4,9,6,3,0,0,1,13,30
25,12,5,22,6,0,0,1,2,0,0,0,15,0,0,3,12,345,2,13,2,4,11,2,5,11,8,3,0,0,2,12,15
32,10,5,20,5,0,0,1,2,0,0,7,8,0,0,3,12,345,0,13,3,5,12,1,6,10,9,5,0,0,2,12,0
1,8,4,26,7,0,0,1,2,0,0,6,9,0,0,3,12,345,1,10,2,7,10,5,6,14,10,5,0,0,2,12,45
45,7,4,14,8,0,0,1,1,0,0,12,3,0,0,3,12,345,1,9,5,6,9,4,5,13,10,6,0,0,2,11,15
62,7,4,14,8,0,0,1,0,0,0,10,5,0,0,3,12,345,1,9,5,6,9,3,4,12,9,6,0,0,2,11,15
32,6,4,16,8,0,0,1,0,0,0,11,4,0,0,3,12,345,1,8,5,6,8,2,6,13,9,5,0,0,2,11,30
84,6,4,10,7,0,0,1,0,0,0,10,5,0,0,3,12,345,1,8,5,7,8,1,5,12,8,5,0,0,1,10,30
31,4,4,18,8,0,0,1,1,0,2,8,7,0,0,3,12,345,4,3,2,3,3,4,9,14,9,6,0,0,2,11,45
11,3,3,16,8,0,0,1,1,0,2,6,9,0,0,3,12,345,3,2,1,2,2,6,8,14,10,7,0,0,2,11,30
38,3,3,6,7,0,0,1,1,0,2,3,12,0,0,3,12,345,2,2,2,2,2,6,7,14,10,7,0,0,2,10,0
57,3,3,8,6,0,0,1,1,0,2,2,13,0,0,3,12,345,2,2,2,2,2,5,6,13,9,6,0,0,2,10,15
37,2,2,13,7,0,0,0,1,0,2,5,10,0,0,3,12,345,1,1,1,1,1,5,8,12,10,7,0,0,2,11,0
49,1,1,2,7,0,0,0,0,0,2,11,4,0,0,3,12,345,0,1,1,1,1,4,8,11,10,7,0,0,2,9,30
47,1,1,10,6,0,0,0,0,0,2,8,7,0,0,3,12,345,0,1,1,1,1,3,7,10,9,7,0,0,1,10,30
60,1,1,4,5,0,0,0,0,0,2,6,9,0,0,3,12,345,0,1,1,1,1,2,7,9,8,6,0,0,2,9,45
59,0,0,6,5,0,0,0,0,0,2,9,6,0,0,3,12,345,0,0,0,0,0,3,6,8,8,6,0,0,2,10,0
15,0,0,4,4,0,0,0,0,0,2,0,17,0,0,3,12,345,0,0,0,0,0,5,7,7,7,5,0,0,2,9,45
15,0,0,2,3,0,0,0,0,0,2,0,18,0,0,3,12,345,0,0,0,0,0,4,6,6,6,4,0,0,2,9,30
-54,0,0,12,3,0,0,0,0,0,1,0,22,0,0,3,12,345,0,0,0,0,0,3,5,5,5,4,0,0,1,10,45
-14,0,0,8,2,0,0,0,0,0,1,0,27,0,0,3,12,345,0,0,0,0,0,2,4,4,4,3,0,0,2,10,15
11,0,0,0,1,0,0,0,0,0,1,0,38,0,1,3,12,345,0,0,0,0,0,2,3,3,3,2,0,0,1,9,0
13,0,0,1,0,0,0,0,0,0,1,0,63,0,0,3,12,345,0,0,0,0,0,2,2,2,2,2,0,0,2,9,15
-123,0,0,18,0,0,0,0,0,0,0,0,69,0,0,3,12,345,0,0,0,0,0,1,1,1,1,1,0,0,2,11,45
-5,28,5,54,1,0,0,3,2,0,0,10,5,1,0,2,12,344,2,48,4,8,14,4,7,14,5,2,9,3,1,18,15
-9,27,4,52,4,0,0,2,2,0,0,13,2,0,0,2,12,344,4,45,3,8,12,4,7,13,5,3,8,2,1,18,0
69,27,5,46,5,0,0,1,2,0,0,3,12,0,0,2,12,344,4,44,3,7,12,4,7,13,5,4,7,2,1,17,0
-2,26,4,49,5,0,0,1,1,0,0,0,15,0,0,2,12,344,3,44,4,7,12,3,6,13,5,4,7,1,1,17,30
0,25,3,49,4,0,2,1,1,0,0,1,14,0,0,2,12,344,3,42,2,7,11,4,8,13,6,5,7,2,1,17,30
17,23,1,42,3,0,2,1,1,0,0,3,12,0,0,2,12,344,1,42,5,8,11,4,8,15,7,6,7,3,2,16,30
25,23,2,40,2,0,2,3,1,0,0,0,15,0,0,2,12,344,3,40,3,6,9,3,7,16,6,5,7,3,2,16,15
-32,23,2,44,2,0,1,3,1,0,0,5,10,0,0,2,12,344,1,40,4,7,9,5,7,15,7,6,7,3,2,16,45
55,23,2,36,4,0,1,3,1,0,0,27,3,0,0,2,12,344,2,37,3,4,6,4,6,15,8,5,6,3,2,15,30
-18,22,1,48,4,0,1,3,0,0,0,14,16,0,0,2,12,344,1,37,3,5,6,4,7,14,8,4,6,3,2,17,15
2,22,1,46,4,0,1,2,0,0,0,12,18,0,0,2,12,344,1,37,3,5,8,4,6,13,7,3,6,3,1,17,0
-30,22,1,42,5,0,0,2,0,0,0,6,24,0,0,2,12,344,2,36,3,5,7,3,5,12,6,2,5,3,2,16,30
-66,22,2,51,5,0,0,2,0,0,1,10,5,0,0,2,12,344,3,34,1,3,6,2,6,13,6,3,4,3,2,17,45
22,21,1,38,4,0,0,2,0,0,1,14,1,0,0,2,12,344,1,34,2,3,8,3,9,12,7,2,4,2,2,16,0
-36,21,1,44,4,0,0,3,0,0,1,6,9,0,0,2,12,344,2,32,1,1,11,6,9,12,7,3,3,2,2,16,45
-19,21,1,34,4,0,0,2,0,0,1,1,14,0,0,2,12,344,2,32,1,1,11,5,8,11,6,2,3,1,2,15,15
80,20,0,28,4,0,0,2,0,0,1,34,11,0,0,2,12,344,1,31,0,2,12,7,8,11,7,2,2,2,1,13,15
-198,20,0,52,4,0,0,1,0,0,1,25,20,0,0,2,12,344,1,31,0,3,12,6,7,10,6,1,2,1,1,18,0
-1,20,0,38,4,0,0,0,0,0,1,22,23,0,0,2,12,344,0,31,0,3,12,5,7,9,6,1,2,1,2,16,0
-1,20,0,36,3,0,0,0,0,0,1,21,24,0,0,2,12,344,0,31,0,4,12,4,6,8,5,1,2,1,2,15,30
-51,20,2,40,2,0,0,0,0,0,1,16,29,0,0,2,12,344,0,31,0,5,14,3,5,7,4,0,2,1,2,16,15
-22,20,2,31,2,0,0,0,0,0,0,15,30,0,0,2,12,344,0,31,0,5,14,2,4,6,3,0,2,1,1,14,45
15,20,3,33,1,0,0,0,0,0,0,4,41,0,0,2,12,344,0,31,2,8,15,2,3,5,2,0,2,1,2,15,0
-19,20,5,30,1,0,0,1,0,0,0,5,25,0,0,2,12,344,1,29,6,10,15,2,4,5,2,1,1,2,2,14,0
36,20,6,34,0,0,1,1,0,0,0,10,5,0,0,2,12,344,2,28,6,9,14,1,3,6,1,0,1,1,2,15,15
16,17,3,26,3,0,1,3,0,0,0,9,6,0,0,2,12,344,3,22,3,7,13,2,3,13,5,4,1,1,1,13,0
-33,15,2,29,4,0,0,4,0,0,0,14,1,0,0,2,12,344,3,20,3,5,12,1,2,15,6,6,0,1,1,13,30
49,14,5,22,8,0,0,3,1,0,0,9,6,0,0,2,12,344,3,15,1,6,12,3,11,19,10,7,0,0,2,12,30
6,13,6,26,8,0,0,3,1,0,0,3,12,0,0,2,12,344,2,14,2,8,13,6,15,19,11,7,0,0,1,13,0
20,11,5,22,7,0,0,3,1,0,0,13,2,0,0,2,12,344,0,14,3,8,13,8,15,18,12,6,0,0,2,12,30
-1,11,5,19,7,0,0,3,0,0,0,7,8,0,0,2,12,344,0,14,5,9,13,9,14,18,11,5,0,0,1,12,0
-3,11,5,21,6,0,0,3,0,0,0,5,10,0,0,2,12,344,0,13,5,9,13,9,13,17,10,5,0,0,2,12,15
-99,11,7,31,6,0,1,2,0,0,0,2,13,0,0,2,12,344,1,13,4,8,12,9,13,16,9,4,0,0,1,14,45
16,10,6,14,5,0,2,2,0,0,0,10,5,0,0,2,12,344,1,12,4,8,11,9,12,16,9,3,0,0,2,11,15
77,9,6,16,5,0,2,1,1,0,0,0,15,0,0,2,12,344,1,11,5,8,11,10,11,15,9,3,0,0,1,11,30
1,9,6,16,4,0,2,1,1,0,0,14,1,0,0,2,12,344,1,11,5,8,11,9,10,15,8,2,0,0,1,11,30
-19,9,6,24,3,0,2,1,1,0,0,13,2,0,0,2,12,344,1,11,5,8,11,8,10,14,7,2,0,0,2,12,45
28,9,6,19,3,0,2,1,1,0,0,10,5,0,0,2,12,344,2,10,5,7,10,7,9,13,6,1,0,0,1,12,0
-28,9,6,24,2,0,2,1,2,0,0,7,8,0,0,2,12,344,3,9,4,6,9,6,8,12,5,1,0,0,2,12,45
27,9,6,11,2,0,1,1,2,0,0,5,10,0,0,2,12,344,3,9,4,6,9,5,7,11,4,1,0,0,1,10,45
-2,8,5,18,1,0,1,1,2,0,0,2,13,0,0,2,12,344,1,9,4,6,9,5,6,10,5,1,0,0,2,11,45
35,7,6,8,2,0,1,0,2,0,0,11,4,0,0,2,12,344,1,8,4,6,8,4,6,11,5,1,0,0,2,10,15
36,7,6,14,1,0,1,0,2,0,0,9,6,0,0,2,12,344,1,8,5,6,8,3,5,10,4,1,0,0,2,11,15
-11,6,5,13,2,0,1,0,2,0,0,1,14,0,0,2,12,344,2,6,3,5,6,2,4,9,4,2,0,0,2,11,0
19,4,3,11,3,0,0,0,2,0,0,3,12,0,0,2,12,344,1,5,2,4,5,2,4,9,5,3,0,0,1,10,45
3,3,3,9,3,0,0,1,2,0,0,14,1,0,0,2,12,344,2,3,2,3,3,2,5,10,5,3,0,0,2,10,30
12,2,2,9,3,0,0,1,2,0,0,14,1,0,0,2,12,344,2,2,1,2,2,3,6,9,5,3,0,0,2,10,30
64,1,1,2,4,0,0,1,1,0,0,13,2,0,0,2,12,344,2,1,1,1,1,3,6,8,5,2,0,0,2,9,15
22,1,1,6,3,0,0,1,1,0,0,1,14,0,0,2,12,344,2,1,1,1,1,2,5,7,4,2,0,0,1,9,45
63,0,0,2,4,0,0,1,0,0,0,0,1,0,0,2,12,344,1,0,0,0,0,4,6,6,5,4,0,0,2,9,15
-52,0,0,7,3,0,0,1,0,0,0,0,15,0,0,2,12,344,0,0,0,0,0,3,5,5,5,3,0,0,1,10,0
-8,0,0,0,2,0,0,1,0,0,0,0,16,0,1,2,12,344,0,0,0,0,0,2,4,4,4,2,0,0,2,9,0
13,0,0,4,2,0,0,0,0,0,0,0,30,0,0,2,12,344,0,0,0,0,0,3,3,3,3,2,0,0,1,9,30
17,0,0,4,1,0,0,0,0,0,0,0,50,0,0,2,12,344,0,0,0,0,0,2,2,2,2,2,0,0,1,9,30
16,0,0,0,0,0,0,0,0,0,0,0,54,0,1,2,12,344,0,0,0,0,0,1,1,1,1,1,0,0,2,9,0
27,19,2,49,2,0,0,1,0,0,0,11,4,0,0,6,12,341,2,52,3,7,13,1,3,10,2,1,4,1,2,17,0
5,18,2,53,3,0,1,1,0,0,0,8,7,1,0,6,12,341,3,49,5,8,14,2,2,13,3,0,3,1,2,17,30
-15,17,1,51,5,0,0,2,0,0,0,2,13,0,0,6,12,341,3,46,4,7,14,1,7,15,5,2,3,0,3,17,15
4,16,1,43,8,0,1,2,0,0,0,5,10,0,0,6,12,341,2,41,2,7,10,8,11,16,10,5,3,1,2,16,15
36,16,1,47,7,0,1,2,0,0,0,1,14,0,0,6,12,341,1,41,4,7,10,8,10,15,10,4,3,1,2,16,45
-21,16,1,45,6,0,1,2,0,0,0,14,1,0,0,6,12,341,1,41,4,7,11,7,10,14,9,4,3,1,2,16,30
26,16,1,43,6,0,1,2,0,0,0,7,8,0,0,6,12,341,2,40,3,7,10,6,11,14,8,4,3,1,2,16,15
-19,16,1,47,5,0,1,2,0,0,0,6,9,0,0,6,12,341,2,40,3,8,10,6,10,13,7,3,3,1,2,16,45
-13,16,1,49,5,0,1,1,0,0,0,4,11,0,0,6,12,341,2,39,4,8,10,5,9,13,6,3,3,1,2,17,0
-71,15,0,53,5,0,1,1,0,0,0,13,2,1,0,6,12,341,1,39,3,7,9,5,8,13,7,2,3,1,2,17,30
-43,15,0,45,4,0,1,1,0,0,0,8,7,0,0,6,12,341,1,39,4,7,9,4,7,13,6,2,3,1,2,16,30
-43,15,0,51,4,0,1,0,0,0,0,4,11,0,0,6,12,341,1,39,5,7,10,3,6,12,5,2,2,1,3,17,15
-77,15,0,53,3,0,2,0,0,0,1,7,8,1,0,6,12,341,1,37,5,6,8,5,6,12,6,4,2,0,2,17,30
-53,15,0,41,4,0,1,0,0,0,1,1,14,0,0,6,12,341,1,36,4,5,8,4,5,11,6,4,2,0,2,16,0
-2,15,0,41,3,0,2,1,0,0,1,0,15,0,0,6,12,341,1,34,2,3,9,3,5,10,7,4,2,0,2,16,0
-13,15,0,37,3,0,1,1,0,0,1,11,4,0,0,6,12,341,1,34,2,4,9,3,4,11,6,3,2,0,2,15,30
-12,15,0,39,3,0,1,1,0,0,1,8,7,0,0,6,12,341,1,33,2,3,8,2,4,10,6,2,2,1,2,15,45
17,15,0,35,3,0,1,1,0,0,1,43,2,0,0,6,12,341,1,32,2,3,14,2,7,10,6,3,2,1,2,15,15
-9,15,1,35,3,0,1,2,0,0,0,29,16,0,0,6,12,341,1,31,1,3,14,4,6,9,6,3,2,1,2,15,15
-65,15,2,39,3,0,0,2,1,0,0,9,36,0,0,6,12,341,2,30,1,5,16,5,7,8,5,2,1,2,2,15,45
-38,15,2,37,2,0,0,2,1,0,0,6,39,0,0,6,12,341,2,30,2,5,16,4,6,7,4,2,1,1,2,15,30
-43,15,2,33,2,0,0,1,1,0,0,1,44,0,0,6,12,341,1,30,2,6,16,3,5,7,4,2,1,1,1,14,45
-13,15,2,34,2,0,0,0,1,0,0,9,6,0,0,6,12,341,1,30,4,7,18,2,4,7,3,2,1,1,2,15,0
-7,15,3,32,2,0,0,0,1,0,0,0,15,0,0,6,12,341,1,29,4,11,17,1,3,8,3,2,1,1,1,14,30
-11,13,2,30,5,0,0,1,0,0,0,12,3,0,0,6,12,341,1,25,7,11,17,3,3,10,6,5,1,1,1,13,30
-40,13,2,31,4,0,0,1,0,0,0,11,4,0,0,6,12,341,1,25,7,11,17,2,2,9,5,4,0,1,1,14,15
38,12,4,25,9,0,0,2,0,0,0,14,1,0,0,6,12,341,7,18,3,6,12,1,5,11,5,4,0,0,2,12,30
-16,10,6,24,10,0,0,3,1,0,0,19,11,0,0,6,12,341,6,14,4,6,11,5,8,15,9,7,0,0,2,12,15
8,9,5,27,9,0,0,4,1,0,0,15,15,0,0,6,12,341,6,13,3,5,10,4,7,14,9,7,0,0,1,12,45
17,9,5,18,10,0,0,3,1,0,0,8,22,0,0,6,12,341,7,12,2,4,10,3,8,13,8,6,0,0,2,11,15
-3,8,4,27,9,0,0,3,1,0,0,1,29,0,0,6,12,341,6,12,4,5,10,3,7,12,8,5,0,0,1,12,45
-26,8,4,29,8,0,0,3,1,0,0,12,3,0,0,6,12,341,6,12,4,6,11,3,6,12,7,4,0,0,1,13,15
-17,6,3,25,10,0,0,3,1,0,0,6,9,0,0,6,12,341,6,9,1,5,9,5,7,12,9,5,0,0,2,12,30
-6,6,4,22,9,0,0,4,1,0,0,0,15,0,0,6,12,341,7,8,2,5,8,4,7,16,8,4,0,0,1,12,0
42,4,2,16,9,0,0,4,0,0,0,5,10,0,0,6,12,341,5,8,2,5,8,3,8,16,9,6,0,0,2,11,0
111,4,3,12,8,0,0,4,0,0,0,13,2,0,0,6,12,341,5,8,2,6,8,4,7,15,8,5,0,0,2,10,30
-34,4,3,20,7,0,0,4,0,0,0,9,6,0,0,6,12,341,5,8,3,6,8,3,6,16,7,5,0,0,2,11,45
54,4,4,14,7,0,0,4,1,0,0,2,13,0,0,6,12,341,5,6,3,5,6,5,6,18,8,5,0,0,2,10,45
8,3,3,18,6,0,0,4,1,0,0,13,2,0,0,6,12,341,3,6,4,5,6,4,5,18,9,6,0,0,2,11,15
72,3,3,6,7,0,0,4,1,0,1,1,14,0,0,6,12,341,5,3,1,3,3,3,9,17,9,7,0,0,2,9,45
8,2,2,16,7,0,0,3,1,0,1,10,5,0,0,6,12,341,3,3,2,3,3,3,10,16,10,8,0,0,2,11,0
-112,2,2,20,7,0,0,2,1,0,1,5,10,0,0,6,12,341,2,3,2,3,3,2,9,15,10,8,0,0,2,11,45
44,1,1,8,9,0,0,1,1,0,1,14,1,0,0,6,12,341,1,1,1,1,1,8,12,14,12,8,0,0,2,10,0
-35,0,0,8,8,0,0,1,1,0,1,0,5,0,0,6,12,341,0,1,1,1,1,7,13,13,12,8,0,0,2,10,0
45,0,0,2,8,0,0,2,0,0,1,0,9,0,0,6,12,341,1,0,0,0,0,8,12,12,11,7,0,0,2,9,15
4,0,0,4,7,0,0,2,0,0,1,0,10,0,0,6,12,341,1,0,0,0,0,7,11,11,10,6,0,0,2,9,30
15,0,0,4,6,0,0,2,0,0,1,0,10,0,0,6,12,341,1,0,0,0,0,6,10,10,9,6,0,0,2,9,30
11,0,0,0,5,0,0,2,0,0,1,0,12,0,1,6,12,341,1,0,0,0,0,5,9,9,8,5,0,0,2,9,0
-10,0,0,12,5,0,0,1,0,0,1,0,14,0,0,6,12,341,1,0,0,0,0,5,8,8,7,4,0,0,2,10,30
-59,0,0,14,5,0,0,1,0,0,0,0,16,0,0,6,12,341,1,0,0,0,0,5,7,7,6,4,0,0,2,10,45
-14,0,0,10,4,0,0,1,0,0,0,0,35,0,0,6,12,341,0,0,0,0,0,6,6,6,6,4,0,0,2,10,15
-19,0,0,0,4,0,0,0,0,0,0,0,36,0,1,6,12,341,0,0,0,0,0,5,5,5,5,3,0,0,2,9,0
28,0,0,10,3,0,0,0,0,0,0,0,42,0,0,6,12,341,0,0,0,0,0,4,4,4,4,3,0,0,2,10,15
-10,0,0,6,2,0,0,0,0,0,0,0,46,0,0,6,12,341,0,0,0,0,0,3,3,3,3,2,0,0,2,9,45
-1,0,0,2,1,0,0,0,0,0,0,0,54,0,0,6,12,341,0,0,0,0,0,2,2,2,2,1,0,0,2,9,15
-103,0,0,22,0,0,0,0,0,0,0,0,59,0,0,6,12,341,0,0,0,0,0,1,1,1,1,1,0,0,1,12,0
20,32,5,51,4,1,1,2,0,0,0,10,5,1,0,5,12,340,2,45,2,8,14,3,6,12,7,5,6,2,2,17,30
41,30,3,49,3,1,2,3,0,0,0,7,8,0,0,5,12,340,2,43,2,6,12,5,7,15,8,6,6,2,3,17,15
109,30,4,44,2,1,2,3,0,0,0,1,14,0,0,5,12,340,2,43,2,7,12,4,7,14,7,6,6,3,3,16,45
0,30,4,51,2,1,1,3,0,0,0,22,8,1,0,5,12,340,2,43,6,9,15,3,8,14,6,5,5,3,2,17,30
27,30,4,49,1,1,1,3,0,0,0,18,12,0,0,5,12,340,1,43,6,9,15,3,7,14,6,4,5,2,3,17,15
24,30,4,46,1,0,1,3,0,0,0,18,12,0,0,5,12,340,1,43,6,9,15,2,6,13,5,3,4,2,2,17,0
7,27,3,51,5,0,1,3,1,0,0,4,11,1,0,5,12,340,4,37,3,6,12,5,7,16,7,4,4,1,2,17,30
19,27,3,44,5,0,1,2,1,0,0,14,1,0,0,5,12,340,4,37,3,6,12,4,7,17,6,3,4,1,3,16,45
16,27,3,42,5,0,0,2,1,0,0,7,8,0,0,5,12,340,3,37,4,6,13,3,8,17,6,4,3,1,2,16,15
2,26,2,42,5,0,0,2,1,0,0,0,15,0,0,5,12,340,3,36,4,7,12,2,7,17,6,4,3,0,2,16,15
-23,26,2,46,5,0,0,1,1,0,0,10,5,0,0,5,12,340,3,36,5,7,13,2,6,16,5,3,3,0,2,17,0
-7,24,3,40,8,0,0,1,0,0,1,14,1,0,0,5,12,340,3,32,3,7,12,5,8,16,8,3,3,0,2,16,0
-22,24,3,40,8,0,0,1,0,0,1,5,10,0,0,5,12,340,4,31,3,6,12,6,9,15,7,2,3,1,2,16,0
-14,24,3,36,7,0,0,1,0,0,1,3,12,0,0,5,12,340,4,31,3,6,12,5,9,14,6,2,3,1,2,15,30
7,24,4,46,7,0,0,0,0,0,1,14,1,0,0,5,12,340,4,31,5,6,13,4,10,13,5,2,3,2,2,17,0
10,24,4,34,6,0,0,0,0,0,1,10,5,0,0,5,12,340,3,31,5,7,14,3,9,12,5,2,3,2,2,15,15
4,24,4,38,7,0,0,0,0,0,1,8,7,0,0,5,12,340,4,29,4,6,14,4,10,12,5,3,3,2,2,15,45
0,24,4,34,7,0,0,1,0,0,0,7,8,0,0,5,12,340,5,28,3,5,13,4,9,11,4,3,3,2,2,15,15
-33,22,3,36,9,0,0,1,0,0,0,3,12,0,0,5,12,340,4,25,1,4,12,7,8,15,7,4,3,2,2,15,30
2,21,3,30,8,0,0,1,0,0,0,10,5,0,0,5,12,340,3,25,2,5,12,7,8,16,7,3,3,3,1,14,30
81,21,3,25,7,0,0,1,0,0,0,7,8,0,0,5,12,340,3,25,2,6,13,6,7,15,6,3,2,3,1,13,15
26,21,3,38,6,0,0,1,0,0,0,5,10,0,0,5,12,340,3,25,3,6,13,5,6,15,5,3,2,2,2,15,45
-26,20,3,31,5,0,0,1,0,0,0,2,13,0,0,5,12,340,2,25,3,6,14,4,5,14,5,2,2,2,2,14,45
-33,20,4,32,5,0,0,0,0,0,0,0,15,0,0,5,12,340,2,25,3,6,14,3,4,13,4,2,1,2,2,15,0
1,20,5,29,4,0,1,0,0,0,0,23,7,0,0,5,12,340,3,24,2,7,13,2,4,12,3,1,1,1,1,14,15
-14,20,7,32,3,0,1,0,0,0,0,16,14,0,0,5,12,340,3,24,3,8,13,2,3,11,2,1,1,1,2,15,0
-14,19,9,28,6,0,0,0,0,0,0,1,14,0,0,5,12,340,4,21,5,8,13,2,7,14,3,0,0,1,1,14,0
17,15,5,25,8,0,1,0,0,0,0,8,7,0,0,5,12,340,4,17,3,6,10,6,9,16,6,2,0,0,1,13,15
33,11,2,27,10,0,1,0,0,0,0,14,1,0,0,5,12,340,3,14,3,5,10,8,11,18,9,2,0,0,1,13,30
18,11,2,19,9,0,1,0,0,0,0,12,3,0,0,5,12,340,3,14,3,5,10,7,10,17,8,2,0,0,2,12,30
31,11,2,19,8,0,1,0,0,0,0,11,4,0,0,5,12,340,3,14,3,5,10,6,9,16,7,2,0,0,2,12,30
4,11,2,23,7,0,1,0,0,0,0,10,5,0,0,5,12,340,3,14,3,5,10,5,8,15,6,2,0,0,2,13,0
16,11,2,23,6,0,1,0,0,0,0,9,6,0,0,5,12,340,3,14,3,5,11,4,8,14,5,1,0,0,2,13,0
4,10,2,21,7,0,0,0,0,0,0,13,2,0,0,5,12,340,3,13,2,5,12,3,9,13,5,2,0,0,2,12,45
83,10,2,10,6,0,0,0,0,0,0,11,4,0,0,5,12,340,2,13,2,6,12,2,8,12,5,3,0,0,1,11,0
57,10,4,16,6,0,0,0,0,0,0,7,8,0,0,5,12,340,2,12,1,5,11,1,7,11,5,2,0,0,2,12,0
66,9,5,13,6,0,0,0,0,0,1,3,12,0,0,5,12,340,2,10,3,6,10,6,10,13,6,1,0,0,1,11,30
-2,9,5,17,5,0,0,0,0,0,1,3,12,0,0,5,12,340,2,10,3,6,10,6,9,12,5,1,0,0,2,12,15
-50,9,5,21,5,0,0,0,0,0,1,0,15,0,0,5,12,340,3,9,2,5,9,5,8,11,4,0,0,0,2,12,45
85,9,6,4,5,0,0,0,0,0,0,9,6,0,0,5,12,340,2,9,2,5,9,4,7,10,4,1,0,0,2,10,15
-4,8,6,13,5,0,0,0,0,0,0,14,1,0,0,5,12,340,2,8,3,7,8,6,6,9,4,1,0,0,1,11,30
-4,8,6,17,4,0,0,0,0,0,0,14,1,0,0,5,12,340,2,8,3,7,8,5,5,8,3,0,0,0,2,12,15
55,6,4,4,4,0,0,0,0,0,0,3,12,0,0,5,12,340,1,7,3,6,7,4,5,8,4,0,0,0,2,10,15
6,5,4,12,4,0,0,0,0,0,0,6,9,0,0,5,12,340,1,6,3,6,6,3,4,8,4,1,0,0,2,11,15
44,5,4,15,3,0,0,0,0,0,0,6,9,0,0,5,12,340,1,6,3,6,6,2,3,7,3,1,0,0,1,11,45
9,5,5,10,2,0,0,0,0,0,0,2,13,0,0,5,12,340,1,6,4,6,6,1,3,6,2,1,0,0,1,11,0
-24,2,2,8,6,0,0,0,0,0,0,6,9,0,0,5,12,340,1,1,1,1,1,3,4,8,6,1,0,0,2,10,45
5,0,0,6,6,0,0,0,0,0,0,3,12,0,0,5,12,340,0,0,0,0,0,2,4,7,7,2,0,0,2,10,30
14,0,0,2,5,0,0,0,0,0,0,0,5,0,0,5,12,340,0,0,0,0,0,2,5,6,6,2,0,0,2,10,0
10,0,0,8,4,0,0,0,0,0,0,0,31,0,0,5,12,340,0,0,0,0,0,3,5,5,5,2,0,0,2,10,45
5,0,0,0,3,0,0,0,0,0,0,0,46,0,1,5,12,340,0,0,0,0,0,3,4,4,4,1,0,0,2,9,45
40,0,0,0,2,0,0,0,0,0,0,0,60,0,1,5,12,340,0,0,0,0,0,3,3,3,3,1,0,0,2,9,45
-24,0,0,6,1,0,0,0,0,0,0,0,65,0,0,5,12,340,0,0,0,0,0,2,2,2,2,1,0,0,2,10,30
3,0,0,2,0,0,0,0,0,0,0,0,82,0,0,5,12,340,0,0,0,0,0,1,1,1,1,1,0,0,2,10,0
3,38,3,55,3,0,0,0,0,0,0,13,2,1,0,4,12,339,1,52,2,3,18,1,4,14,3,2,1,1,2,18,15
13,36,8,52,3,0,0,0,0,0,1,18,12,0,0,4,12,339,1,50,4,16,16,5,13,13,4,3,1,1,1,17,30
43,35,7,48,3,0,1,0,0,0,0,8,22,0,0,4,12,339,1,49,11,15,15,6,12,12,4,2,1,1,1,16,30
17,35,7,51,2,0,1,0,0,0,0,14,1,0,0,4,12,339,0,49,15,15,18,6,11,16,4,2,1,1,2,17,15
4,34,7,54,2,0,1,0,0,0,1,8,7,0,0,4,12,339,1,47,13,13,16,10,10,15,4,1,1,1,1,17,45
116,34,7,35,3,0,1,0,0,0,0,6,9,0,0,4,12,339,2,46,12,12,15,9,9,14,3,1,1,1,2,14,45
121,33,6,34,3,0,1,1,0,0,0,0,15,0,0,4,12,339,3,44,10,10,13,8,8,13,3,2,1,1,2,14,30
-43,33,6,52,4,0,0,1,0,0,0,14,1,0,0,4,12,339,4,43,9,9,12,7,7,12,2,1,1,1,1,17,30
1,28,2,46,9,0,1,3,0,0,0,1,14,0,0,4,12,339,7,34,0,0,3,6,6,11,7,4,1,1,2,16,15
24,28,2,44,9,0,0,3,0,0,0,12,3,0,0,4,12,339,7,34,0,0,4,5,5,10,6,3,1,1,2,16,0
48,28,2,40,8,0,0,3,0,0,0,11,4,0,0,4,12,339,7,34,0,0,4,4,4,9,5,2,1,1,2,15,30
34,28,2,42,8,0,0,2,0,0,0,11,4,0,0,4,12,339,7,34,0,0,4,3,3,8,4,2,0,1,2,15,45
39,28,2,46,7,0,0,2,0,0,0,11,4,0,0,4,12,339,7,34,0,0,4,2,2,7,3,1,0,0,2,16,15
-9,28,2,48,6,0,0,2,0,0,0,10,5,0,0,4,12,339,7,34,0,0,4,1,1,6,2,1,0,0,1,16,30
38,25,4,42,5,0,0,2,0,0,0,2,13,0,0,4,12,339,2,34,3,11,11,5,10,10,6,1,0,0,2,15,45
-46,25,4,44,5,0,0,1,0,0,0,2,13,0,0,4,12,339,2,34,3,11,11,4,9,9,5,0,0,0,2,16,0
7,25,4,37,4,0,0,1,0,0,0,2,13,0,0,4,12,339,2,34,3,11,11,3,8,8,4,0,0,0,1,15,0
106,24,3,28,4,0,0,2,0,0,0,1,14,0,0,4,12,339,3,32,1,9,9,2,7,7,4,1,0,0,1,13,0
8,24,3,39,3,0,0,2,0,0,0,1,14,0,0,4,12,339,3,32,1,9,9,1,6,6,3,0,0,0,2,15,15
54,22,4,35,7,0,0,3,0,0,0,26,19,0,0,4,12,339,4,26,3,3,12,5,5,10,7,4,0,0,2,14,45
-135,22,5,50,6,0,0,3,1,0,0,23,22,0,0,4,12,339,5,25,2,2,12,4,4,9,6,4,0,0,1,16,45
69,22,5,31,7,0,0,2,1,0,0,21,24,0,0,4,12,339,6,24,1,1,11,3,3,9,5,3,0,0,1,13,30
-14,22,5,33,6,0,0,2,1,0,0,20,25,0,0,4,12,339,6,24,1,1,11,2,2,8,4,2,0,0,1,14,15
-4,22,5,37,5,0,0,2,1,0,0,20,25,0,0,4,12,339,6,24,1,1,11,1,1,7,3,1,0,0,1,15,0
-78,15,5,40,9,0,0,2,1,0,0,9,6,0,0,4,12,339,4,19,5,6,12,4,6,14,9,2,0,0,2,15,30
38,15,6,31,8,0,0,2,1,0,0,3,12,0,0,4,12,339,4,19,5,6,12,3,6,14,8,1,0,0,1,13,30
33,15,6,30,7,0,0,2,1,0,0,2,13,0,0,4,12,339,4,19,5,7,12,2,6,13,7,1,0,0,2,13,15
77,14,6,21,10,0,1,3,0,0,0,11,4,0,0,4,12,339,6,14,1,3,10,3,6,15,9,1,0,0,2,12,0
15,13,6,25,9,0,1,3,0,0,0,0,15,0,0,4,12,339,5,14,2,4,10,5,5,15,9,1,0,0,1,12,30
17,11,6,27,9,0,1,3,0,0,0,7,8,0,0,4,12,339,4,13,2,4,10,4,8,14,10,1,0,0,2,12,45
3,9,4,28,9,0,1,2,0,0,0,4,11,0,0,4,12,339,2,13,3,6,13,3,9,14,11,2,0,0,1,13,0
54,9,5,21,8,0,1,2,1,0,0,2,13,0,0,4,12,339,3,12,2,5,12,2,8,13,10,2,0,0,2,12,0
35,9,5,17,8,0,1,1,1,0,0,1,14,0,0,4,12,339,3,12,2,5,12,1,7,12,9,2,0,0,2,11,30
74,7,5,10,11,0,0,1,1,0,0,13,2,0,0,4,12,339,4,9,3,6,9,6,10,16,10,3,0,0,2,10,30
-15,7,5,25,10,0,0,1,1,0,0,12,3,0,0,4,12,339,4,9,3,6,9,5,9,15,9,2,0,0,1,12,30
-3,7,5,23,10,0,0,0,1,0,0,10,5,0,0,4,12,339,4,9,3,6,9,4,8,14,8,1,0,0,2,12,15
43,5,4,16,9,0,0,0,1,0,0,8,7,0,0,4,12,339,2,9,3,6,9,3,7,13,9,2,0,0,2,11,15
12,5,4,23,8,0,0,0,1,0,0,6,9,0,0,4,12,339,2,9,3,6,9,2,6,12,8,2,0,0,2,12,15
59,5,4,14,8,0,0,0,2,0,0,5,10,0,0,4,12,339,3,7,3,7,7,5,6,13,8,3,0,0,1,11,0
-47,3,3,17,8,0,0,0,2,0,0,6,9,0,0,4,12,339,2,6,3,6,6,4,6,13,9,5,0,0,2,11,30
57,3,3,19,7,0,0,0,2,0,0,3,12,0,0,4,12,339,2,6,3,6,6,3,5,14,8,4,0,0,2,11,45
18,2,2,14,7,0,0,0,2,0,1,11,4,0,0,4,12,339,2,4,2,4,4,2,6,13,9,5,0,0,1,11,0
69,2,2,8,7,0,0,0,1,0,1,8,7,0,0,4,12,339,2,4,4,4,4,2,5,12,8,5,0,0,1,10,0
23,1,1,10,7,0,0,0,1,0,2,11,4,0,0,4,12,339,1,1,2,2,2,4,6,13,10,5,0,0,2,10,30
-2,1,1,6,8,0,1,0,1,0,1,10,5,0,0,4,12,339,2,0,0,0,0,5,8,12,10,6,0,0,1,9,45
-90,0,0,19,7,0,1,0,1,0,1,13,2,0,0,4,12,339,1,0,0,0,0,4,9,11,10,5,0,0,2,11,45
52,0,0,12,6,0,1,0,1,0,1,12,3,0,0,4,12,339,1,0,0,0,0,3,8,10,9,5,0,0,2,10,45
63,0,0,4,5,0,1,0,1,0,1,2,13,0,0,4,12,339,1,0,0,0,0,5,8,9,8,5,0,0,2,9,30
100,0,0,2,4,0,1,0,1,0,1,2,13,0,0,4,12,339,1,0,0,0,0,4,7,8,7,4,0,0,2,9,15
-14,0,0,2,4,0,0,0,1,0,1,0,22,0,0,4,12,339,0,0,0,0,0,5,7,7,7,4,0,0,2,9,15
32,0,0,6,3,0,0,0,1,0,1,0,24,0,0,4,12,339,0,0,0,0,0,4,6,6,6,3,0,0,1,9,45
-46,0,0,12,3,0,0,0,1,0,0,0,26,0,0,4,12,339,0,0,0,0,0,4,5,5,5,2,0,0,2,10,45
24,0,0,4,2,0,0,0,1,0,0,0,40,0,0,4,12,339,0,0,0,0,0,4,4,4,4,2,0,0,2,9,30
-48,0,0,9,1,0,0,0,1,0,0,0,41,0,0,4,12,339,0,0,0,0,0,3,3,3,3,2,0,0,2,10,15
25,0,0,0,0,0,0,0,1,0,0,0,55,0,1,4,12,339,0,0,0,0,0,2,2,2,2,1,0,0,2,9,0
88,0,0,0,0,0,0,0,0,0,0,0,58,0,1,4,12,339,0,0,0,0,0,1,1,1,1,1,0,0,2,9,0
-10,36,7,63,4,0,0,2,0,0,0,14,1,1,0,3,12,338,3,57,4,9,15,2,2,11,4,3,3,1,2,18,0
9,34,7,61,4,0,1,2,0,0,0,11,4,0,0,3,12,338,3,55,4,9,14,1,2,12,5,4,3,0,1,17,30
20,27,6,57,9,0,0,3,1,0,2,14,1,0,0,3,12,338,3,46,4,5,9,5,10,20,13,7,3,1,2,17,0
25,27,6,59,10,0,0,2,1,0,2,9,6,0,0,3,12,338,4,45,3,5,9,5,10,20,12,6,3,2,2,17,15
25,25,4,54,10,0,0,2,1,0,2,9,6,0,0,3,12,338,3,44,3,4,13,8,10,21,13,6,3,2,2,16,45
-48,24,3,59,10,0,0,2,1,0,1,7,8,0,0,3,12,338,2,44,3,4,13,7,10,20,13,7,3,2,2,17,15
19,24,3,52,10,0,0,2,2,0,1,14,1,0,0,3,12,338,4,42,1,3,12,6,9,19,12,6,3,2,3,16,30
24,23,2,54,10,0,0,1,2,0,1,12,3,0,0,3,12,338,3,42,1,3,12,5,8,18,12,7,2,2,2,16,45
8,23,2,50,9,0,0,1,2,0,1,7,8,0,0,3,12,338,3,42,2,3,12,5,7,17,11,7,2,1,2,16,15
4,23,2,50,9,0,0,1,2,0,0,3,12,0,0,3,12,338,3,42,2,3,12,4,7,17,10,6,2,1,2,16,15
40,22,1,48,8,0,0,1,2,0,0,14,1,0,0,3,12,338,2,42,2,3,12,3,10,16,10,7,2,1,2,16,0
19,22,1,52,7,0,0,1,2,0,0,12,3,0,0,3,12,338,2,42,2,3,12,2,9,15,9,7,2,1,3,16,30
-9,21,1,54,8,0,0,1,1,0,0,12,3,0,0,3,12,338,1,41,2,5,14,3,11,16,10,7,1,1,2,16,45
24,21,2,57,8,0,0,1,1,0,0,11,4,0,0,3,12,338,2,40,1,8,14,7,11,16,9,6,1,0,2,17,0
17,21,2,42,8,0,0,1,0,0,0,9,6,0,0,3,12,338,2,40,2,9,14,6,11,16,8,5,1,0,2,15,15
5,21,3,61,8,0,0,1,0,0,0,7,8,0,0,3,12,338,1,39,4,9,14,8,10,15,9,5,1,0,1,17,30
43,21,3,40,7,0,0,1,0,0,0,2,13,0,0,3,12,338,1,39,5,9,15,7,10,16,8,5,1,0,2,15,0
38,21,3,44,7,0,0,0,0,0,0,1,14,0,0,3,12,338,1,39,6,9,15,6,9,15,7,4,1,0,2,15,30
23,21,3,46,6,0,0,0,0,0,0,1,14,0,0,3,12,338,1,39,6,9,15,5,8,14,6,3,1,0,2,15,45
38,21,3,42,5,0,0,0,0,0,0,0,15,0,0,3,12,338,0,39,7,9,15,4,7,13,6,3,1,0,2,15,15
-43,21,3,48,5,0,0,0,0,0,0,8,7,0,0,3,12,338,1,38,7,9,15,5,8,13,5,2,1,0,2,16,0
-53,21,3,46,4,0,0,0,0,0,0,5,10,0,0,3,12,338,1,38,7,10,16,4,7,12,4,1,1,0,2,15,45
-38,20,2,44,5,0,0,0,0,0,0,13,2,0,0,3,12,338,2,36,6,9,14,3,6,12,4,1,1,0,2,15,30
143,19,2,30,6,0,2,0,0,0,0,28,2,0,0,3,12,338,4,32,2,6,12,3,6,13,5,1,1,0,1,13,0
-30,19,2,40,6,0,2,0,0,0,0,25,5,0,0,3,12,338,5,31,2,5,11,3,5,13,4,1,1,0,2,15,0
-11,18,4,36,6,0,2,0,0,0,0,3,27,0,0,3,12,338,5,30,3,6,13,3,6,14,4,1,1,0,1,14,15
59,18,5,32,5,0,2,0,0,0,0,11,4,0,0,3,12,338,3,30,4,7,15,3,6,13,5,3,1,0,2,13,15
36,18,5,33,4,0,2,1,0,0,0,9,6,0,0,3,12,338,4,29,3,6,14,3,6,12,4,2,1,0,1,13,30
-39,18,6,35,5,0,2,0,0,0,1,3,12,0,0,3,12,338,5,27,3,7,14,3,8,14,4,2,1,0,1,14,0
-76,17,6,38,5,0,2,0,0,0,1,10,5,0,0,3,12,338,5,26,3,6,14,3,8,14,4,3,1,1,2,14,45
-8,14,3,28,6,0,1,1,0,0,1,3,12,0,0,3,12,338,3,24,4,7,13,6,9,17,7,4,1,1,2,12,45
52,14,3,30,5,0,1,1,0,0,1,3,12,0,0,3,12,338,3,24,4,7,13,5,8,16,6,4,1,1,1,13,0
4,13,3,28,5,0,1,1,0,0,1,10,5,0,0,3,12,338,3,23,3,8,13,5,7,16,6,5,1,1,2,12,45
-78,13,4,38,5,0,1,1,0,0,1,4,11,0,0,3,12,338,4,22,3,7,13,6,6,15,5,4,1,1,2,14,45
48,12,3,25,4,0,1,1,0,0,1,12,3,0,0,3,12,338,2,22,3,9,15,5,8,14,6,4,1,1,2,12,15
42,12,3,21,4,0,1,1,0,0,0,10,5,0,0,3,12,338,2,22,3,9,15,4,7,13,5,3,1,1,2,11,45
-71,12,4,33,5,0,1,0,1,0,0,12,3,0,0,3,12,338,3,20,5,8,15,3,7,14,5,3,0,1,1,13,30
65,11,3,19,4,0,1,0,1,0,0,8,7,0,0,3,12,338,2,20,5,8,15,2,7,13,5,4,0,0,2,11,30
13,11,3,23,3,0,1,0,1,0,0,7,8,0,0,3,12,338,2,20,5,8,15,1,6,12,4,4,0,0,1,12,0
-24,9,4,26,6,0,1,2,2,0,0,1,14,0,0,3,12,338,5,13,1,4,11,6,9,17,7,5,0,0,2,12,30
25,9,4,19,5,0,1,2,2,0,0,0,15,0,0,3,12,338,5,13,1,4,11,5,8,17,6,4,0,0,2,11,30
43,9,4,23,4,0,1,2,2,0,0,13,2,0,0,3,12,338,5,13,1,5,11,5,7,17,5,3,0,0,1,12,0
-167,8,3,37,4,0,1,2,1,0,0,2,13,0,0,3,12,338,4,13,2,6,13,5,7,16,5,3,0,0,2,14,30
16,8,4,17,3,0,1,3,1,0,0,8,7,0,0,3,12,338,3,12,2,7,12,5,7,15,6,4,0,0,2,11,15
50,8,4,11,3,0,1,2,1,0,0,3,12,0,0,3,12,338,3,12,3,8,12,4,6,15,5,3,0,0,2,10,30
-5,8,5,21,2,0,1,2,1,0,0,0,15,0,0,3,12,338,3,12,3,10,12,3,5,14,4,3,0,0,2,11,45
-96,8,5,26,2,0,0,2,1,0,0,12,3,0,0,3,12,338,3,12,5,10,12,2,5,13,3,3,0,0,2,12,30
10,6,3,15,3,0,0,2,0,0,0,1,14,0,0,3,12,338,2,11,4,9,11,2,7,13,4,4,0,0,2,11,0
85,5,5,2,3,0,1,2,1,0,1,4,11,0,0,3,12,338,2,7,5,7,7,4,10,14,7,5,0,0,1,9,15
-15,5,5,17,2,0,1,2,1,0,1,1,14,0,0,3,12,338,1,7,5,7,7,5,9,13,7,5,0,0,2,11,15
2,3,3,9,6,0,0,2,2,0,1,14,1,0,0,3,12,338,3,2,0,2,2,8,9,14,9,5,0,0,2,10,15
-4,3,3,9,6,0,0,2,2,0,0,10,5,0,0,3,12,338,3,2,1,2,2,7,8,13,8,5,0,0,2,10,15
37,3,3,7,6,0,0,1,2,0,0,3,12,0,0,3,12,338,3,2,2,2,2,6,7,12,7,5,0,0,2,10,0
-37,3,3,15,6,0,0,0,2,0,0,3,12,0,0,3,12,338,3,2,2,2,2,5,7,11,6,4,0,0,2,11,0
-3,2,2,11,5,0,0,0,2,0,0,12,3,0,0,3,12,338,2,2,2,2,2,4,7,10,6,3,0,0,2,10,30
-10,2,2,7,4,0,0,0,2,0,0,11,4,0,0,3,12,338,2,2,2,2,2,3,6,9,5,2,0,0,2,10,0
17,2,2,4,3,0,0,0,2,0,0,1,14,0,0,3,12,338,2,2,2,2,2,3,6,8,4,1,0,0,2,9,30
16,2,2,2,2,0,0,0,2,0,0,0,15,0,0,3,12,338,2,2,2,2,2,2,5,7,3,1,0,0,1,9,15
-43,0,0,13,2,0,1,1,1,0,0,0,7,0,0,3,12,338,1,0,0,0,0,3,6,6,5,4,0,0,2,10,45
13,0,0,5,1,0,1,1,1,0,0,0,27,0,0,3,12,338,0,0,0,0,0,3,5,5,5,3,0,0,2,9,45
-62,0,0,5,1,0,0,1,1,0,0,0,32,0,0,3,12,338,0,0,0,0,0,2,4,4,4,3,0,0,2,9,45
-104,0,0,13,1,0,0,0,1,0,0,0,44,0,0,3,12,338,0,0,0,0,0,3,3,3,3,3,0,0,2,10,45
5,0,0,0,1,0,0,0,0,0,0,0,63,0,1,3,12,338,0,0,0,0,0,2,2,2,2,2,0,0,2,9,0
10,0,0,0,0,0,0,0,0,0,0,0,64,0,1,3,12,338,0,0,0,0,0,1,1,1,1,1,0,0,2,9,0
43,33,6,51,3,0,1,2,1,0,0,10,5,0,0,2,12,337,2,50,2,7,14,3,5,12,6,4,4,1,2,16,45
-17,33,7,57,3,0,1,1,1,0,0,4,11,1,0,2,12,337,2,50,4,7,15,3,4,11,5,3,3,1,2,18,0
2,31,7,54,3,0,1,2,1,0,0,12,3,0,0,2,12,337,2,48,4,8,14,3,7,12,6,4,3,1,2,17,15
-19,30,6,55,4,0,0,3,1,0,0,6,9,0,0,2,12,337,3,46,3,7,12,2,6,12,6,4,3,1,1,17,30
29,28,5,49,5,0,0,3,1,0,0,4,11,0,0,2,12,337,3,44,3,7,11,5,7,13,7,4,3,1,1,16,30
11,26,3,52,5,0,0,3,1,0,0,4,11,0,0,2,12,337,2,43,4,8,10,4,7,15,8,3,3,1,1,17,0
8,26,3,49,4,0,0,3,1,0,0,2,13,0,0,2,12,337,2,43,4,8,10,3,6,14,7,3,3,1,1,16,30
-9,26,3,55,6,0,0,2,1,0,0,11,4,0,0,2,12,337,4,41,3,7,9,2,5,14,6,3,3,1,1,17,30
54,25,2,44,6,0,0,2,0,0,0,9,6,0,0,2,12,337,3,41,3,7,9,1,4,13,6,2,2,1,2,16,0
-19,23,0,44,8,0,0,2,0,0,0,5,10,0,0,2,12,337,2,37,3,4,9,3,8,16,10,3,2,0,2,16,0
20,23,0,47,8,0,0,2,0,0,0,5,10,0,0,2,12,337,2,37,3,4,9,3,8,16,10,3,2,0,2,16,15
40,23,0,41,8,0,0,1,0,0,0,0,15,0,0,2,12,337,2,37,3,4,10,2,7,14,8,2,2,0,3,15,45
25,23,0,39,10,0,0,1,0,0,0,4,11,0,0,2,12,337,2,34,1,3,11,5,9,14,10,4,2,0,3,15,30
38,23,0,39,9,0,0,1,0,0,0,0,15,0,0,2,12,337,2,34,1,3,11,5,9,13,9,4,2,0,3,15,30
-4,23,1,38,8,0,0,1,0,0,0,6,9,0,0,2,12,337,1,34,1,4,13,6,9,14,9,4,2,0,2,15,15
43,23,1,36,7,0,0,1,0,0,0,3,12,0,0,2,12,337,1,34,1,4,13,5,8,13,8,4,2,0,1,15,0
28,23,1,41,7,0,0,1,0,0,0,8,7,0,0,2,12,337,1,33,1,4,12,5,9,12,8,3,2,1,3,15,45
-26,23,3,47,6,0,0,1,0,0,0,2,13,0,0,2,12,337,1,33,2,6,13,4,8,12,7,3,2,1,2,16,15
-1,23,4,32,5,0,0,1,0,0,0,9,6,0,0,2,12,337,0,33,3,7,15,4,7,11,7,3,2,1,1,14,15
-6,23,4,33,4,0,0,1,0,0,0,9,6,0,0,2,12,337,0,33,3,8,15,3,6,10,6,3,2,1,2,14,30
36,23,6,34,4,0,0,1,0,0,0,28,2,0,0,2,12,337,1,32,3,8,15,5,5,11,5,3,2,1,2,14,45
-1,23,7,36,3,0,1,1,0,0,0,17,13,0,0,2,12,337,2,31,4,8,15,4,5,10,4,2,2,1,1,15,0
-4,22,8,34,2,0,1,1,1,0,0,8,22,0,0,2,12,337,2,30,5,9,15,3,6,10,4,1,2,2,2,14,45
-47,22,8,41,3,0,1,0,1,0,0,1,29,0,0,2,12,337,2,29,4,8,14,2,5,12,4,1,1,2,3,15,45
-36,22,8,44,2,0,1,0,1,0,0,0,30,0,0,2,12,337,2,29,4,8,14,1,4,11,3,0,1,1,2,16,0
15,16,6,30,5,0,1,2,1,0,0,5,10,0,0,2,12,337,2,23,3,7,12,4,6,14,8,5,1,1,1,13,30
23,15,5,27,5,0,1,3,0,0,0,10,5,0,0,2,12,337,2,22,3,7,14,3,6,14,8,5,1,1,1,13,0
-25,15,5,31,5,0,0,3,0,0,0,9,6,0,0,2,12,337,2,22,4,7,14,2,5,13,7,4,0,1,1,14,0
22,13,3,27,5,0,0,3,0,0,0,7,8,0,0,2,12,337,1,21,5,7,15,3,8,15,8,4,0,0,1,13,0
0,11,3,29,5,0,0,5,0,0,0,8,7,0,0,2,12,337,2,18,3,6,14,3,9,15,9,4,0,0,1,13,15
38,11,3,24,5,0,0,4,0,0,0,2,13,0,0,2,12,337,2,18,3,6,14,5,8,16,8,4,0,0,1,12,30
58,10,5,17,4,0,0,4,1,0,1,14,1,0,0,2,12,337,1,16,2,7,13,6,9,19,10,5,0,0,2,11,30
31,10,5,24,3,0,0,5,1,0,1,6,9,0,0,2,12,337,2,15,3,8,12,6,8,19,9,5,0,0,1,12,30
17,10,5,20,2,0,0,5,1,0,1,4,11,0,0,2,12,337,2,15,3,8,12,5,7,18,8,4,0,0,2,12,0
6,10,5,18,2,0,0,5,1,0,0,4,11,0,0,2,12,337,2,15,3,8,12,4,6,17,7,4,0,0,2,11,45
37,10,6,22,1,0,0,5,1,0,0,9,6,0,0,2,12,337,2,15,3,9,13,4,8,16,6,3,0,0,2,12,15
58,9,6,18,1,0,0,5,1,0,0,4,11,0,0,2,12,337,2,14,4,8,12,3,7,16,6,3,0,0,2,11,45
-13,8,5,22,1,0,0,4,1,0,1,8,7,0,0,2,12,337,1,13,6,9,13,3,7,15,7,4,0,0,2,12,15
79,7,5,13,2,0,0,3,1,0,1,12,3,0,0,2,12,337,1,12,5,9,12,4,11,14,7,5,0,0,2,11,0
-2,6,4,15,2,0,0,3,2,0,1,3,12,0,0,2,12,337,2,10,5,7,10,4,11,13,7,5,0,0,1,11,15
38,5,4,20,4,0,0,3,2,0,1,4,11,0,0,2,12,337,4,7,3,4,7,6,11,13,7,5,0,0,2,12,0
22,5,4,13,4,0,0,3,1,0,1,2,13,0,0,2,12,337,4,7,3,4,7,5,10,12,6,5,0,0,2,11,0
17,5,4,11,4,0,0,3,1,0,0,12,3,0,0,2,12,337,3,7,4,5,7,8,9,11,6,4,0,0,2,10,45
-303,3,3,52,5,0,0,2,1,0,1,0,15,0,0,2,12,337,3,5,2,3,5,7,9,13,7,5,0,0,1,17,0
10,3,3,7,5,0,0,2,1,0,1,7,8,0,0,2,12,337,4,4,1,4,4,7,8,13,6,4,0,0,2,10,15
4,3,3,15,5,0,0,1,1,0,1,6,9,0,0,2,12,337,4,4,1,4,4,6,7,12,5,3,0,0,1,11,15
-134,2,2,26,4,0,0,1,1,0,1,2,13,0,0,2,12,337,2,4,1,4,4,5,6,11,6,3,0,0,2,12,45
17,2,2,4,3,0,0,1,1,0,1,2,13,0,0,2,12,337,2,4,1,4,4,4,5,10,5,3,0,0,1,9,45
46,2,2,6,2,0,0,1,1,0,1,0,15,0,0,2,12,337,2,4,1,4,4,3,4,9,4,3,0,0,2,10,0
4,2,2,11,2,0,0,1,1,0,1,12,3,0,0,2,12,337,3,3,1,3,3,2,3,8,3,3,0,0,2,10,45
-33,2,2,9,2,0,0,1,0,0,1,12,3,0,0,2,12,337,2,3,1,3,3,2,3,8,3,3,0,0,2,10,30
-24,1,1,9,3,0,0,1,0,0,0,8,7,0,0,2,12,337,1,2,2,2,2,1,3,7,4,3,0,0,2,10,30
-11,0,0,1,3,0,0,1,0,0,1,0,15,0,0,2,12,337,0,0,0,0,0,4,6,6,6,4,0,0,1,9,15
-22,0,0,1,3,0,0,1,0,0,0,0,35,0,0,2,12,337,0,0,0,0,0,4,5,5,5,4,0,0,1,9,15
36,0,0,4,3,0,0,0,0,0,0,0,39,0,0,2,12,337,0,0,0,0,0,4,4,4,4,3,0,0,1,9,45
-36,0,0,7,2,0,0,0,0,0,0,0,40,0,0,2,12,337,0,0,0,0,0,3,3,3,3,2,0,0,2,10,15
7,0,0,3,1,0,0,0,0,0,0,0,47,0,0,2,12,337,0,0,0,0,0,2,2,2,2,2,0,0,2,9,30
17,0,0,0,0,0,0,0,0,0,0,0,67,0,1,2,12,337,0,0,0,0,0,1,1,1,1,1,0,0,2,9,0
6,36,5,52,2,0,1,3,1,0,2,0,15,0,0,6,11,334,3,47,3,6,10,2,7,12,7,3,2,1,1,17,0
9,34,4,52,3,0,1,2,1,0,4,7,8,0,0,6,11,334,4,44,2,5,11,5,7,14,8,2,2,0,1,17,0
-10,33,4,55,3,0,1,1,1,0,4,13,2,1,0,6,11,334,3,44,3,6,12,5,6,14,8,3,2,0,1,17,30
113,32,4,38,3,0,1,1,0,0,4,0,15,0,0,6,11,334,1,44,4,6,12,4,7,14,9,2,2,0,2,14,45
-100,32,4,55,4,0,0,1,0,0,4,11,4,1,0,6,11,334,2,43,4,5,11,4,7,14,8,1,2,0,1,17,30
41,32,4,51,4,0,0,1,0,0,3,10,5,0,0,6,11,334,2,43,4,5,11,3,6,13,7,1,2,0,2,16,45
-44,32,4,54,5,0,0,0,0,0,3,4,11,0,0,6,11,334,3,42,3,4,11,2,5,13,6,1,2,0,2,17,15
3,30,2,48,6,1,0,0,0,0,2,14,1,0,0,6,11,334,3,40,2,4,11,3,7,13,7,2,2,1,2,16,15
26,28,0,49,6,1,0,0,0,0,3,7,8,0,0,6,11,334,2,38,1,6,11,5,9,12,9,5,2,1,1,16,30
20,28,0,45,6,1,0,0,0,0,2,2,13,0,0,6,11,334,2,38,2,6,11,4,8,11,8,5,2,1,2,15,45
12,28,1,46,5,1,0,0,0,0,2,12,3,0,0,6,11,334,2,38,2,6,11,4,8,10,7,4,2,1,1,16,0
2,28,2,44,5,1,0,0,0,0,2,2,13,0,0,6,11,334,3,37,4,7,10,5,8,10,6,4,2,1,1,15,30
55,28,2,40,4,1,0,0,0,0,2,11,4,0,0,6,11,334,2,37,5,7,13,5,7,10,6,3,2,1,2,15,0
10,28,3,38,5,0,0,0,0,0,2,1,14,0,0,6,11,334,2,36,4,7,12,4,7,11,6,4,1,1,2,14,45
0,28,5,40,6,0,1,0,0,0,1,39,6,0,0,6,11,334,4,34,2,5,10,4,6,10,5,3,1,0,2,15,0
-2,28,5,36,7,0,1,0,0,0,0,34,11,0,0,6,11,334,5,33,2,5,11,4,5,10,4,2,1,0,2,14,30
7,28,6,42,6,0,2,0,0,0,0,28,17,0,0,6,11,334,4,32,2,5,13,3,4,10,5,3,1,0,1,15,15
-10,27,6,36,5,0,2,0,0,0,0,13,32,0,0,6,11,334,3,32,3,5,15,3,3,10,5,4,1,0,2,14,30
-1,27,6,42,5,0,2,0,0,0,0,6,39,0,0,6,11,334,4,31,3,4,15,2,3,10,4,3,1,0,1,15,15
-13,25,5,35,5,0,2,1,0,0,0,3,12,0,0,6,11,334,4,29,2,5,14,1,5,9,5,2,1,0,2,14,15
5,21,4,34,7,0,1,1,0,0,0,9,6,0,0,6,11,334,1,27,4,11,18,4,8,21,9,3,1,1,1,13,30
-116,21,4,46,7,0,1,1,0,0,1,0,15,0,0,6,11,334,3,25,5,9,17,4,7,21,8,3,1,1,1,16,0
29,20,3,33,6,0,1,2,0,0,1,9,6,0,0,6,11,334,2,24,6,8,16,4,6,20,9,4,1,1,1,13,15
30,20,5,27,6,0,0,2,0,0,1,7,8,0,0,6,11,334,2,24,6,8,17,3,5,19,8,3,1,1,2,12,30
13,18,3,22,8,0,0,2,0,0,0,6,9,0,0,6,11,334,2,22,6,9,19,4,7,20,9,3,0,1,2,12,0
-2,18,4,27,9,0,0,2,0,0,0,14,1,0,0,6,11,334,4,20,4,8,18,3,9,19,8,2,0,0,2,12,30
25,17,6,29,11,0,0,2,0,0,0,14,1,0,0,6,11,334,3,17,3,7,16,2,11,19,11,4,0,0,2,12,45
23,17,6,31,11,0,0,2,0,0,0,11,4,0,0,6,11,334,4,16,2,6,15,2,12,18,10,4,0,0,1,13,0
-16,15,8,25,12,0,0,2,0,0,0,12,3,0,0,6,11,334,2,14,4,9,14,9,15,19,13,6,0,0,2,12,15
90,15,8,18,12,0,0,2,0,0,0,8,7,0,0,6,11,334,3,13,4,10,13,12,15,19,12,6,0,0,1,11,15
-17,15,8,31,11,0,0,2,0,0,0,7,8,0,0,6,11,334,3,13,4,10,13,11,14,18,11,6,0,0,1,13,0
-14,14,7,22,10,0,0,2,0,0,0,6,9,0,0,6,11,334,2,13,4,10,13,10,13,17,11,5,0,0,2,12,0
11,14,7,25,9,0,0,2,0,0,0,3,12,0,0,6,11,334,2,13,4,11,13,9,12,16,10,4,0,0,2,12,15
8,14,8,18,10,0,0,1,0,0,0,0,15,0,0,6,11,334,3,12,4,10,12,9,11,16,9,3,0,0,1,11,15
-281,14,8,49,9,0,0,1,0,0,0,14,1,0,0,6,11,334,3,12,4,10,12,8,10,15,8,2,0,0,1,16,30
-21,14,9,22,8,0,0,1,0,0,0,10,5,0,0,6,11,334,3,12,4,11,12,7,9,16,7,2,0,0,2,12,0
-9,12,7,21,7,0,0,1,0,0,0,8,7,0,0,6,11,334,1,12,5,11,12,6,8,15,8,2,0,0,3,11,45
42,11,8,20,8,0,0,1,0,0,0,12,3,0,0,6,11,334,1,10,5,9,10,6,8,15,9,3,0,0,1,11,30
6,11,8,16,7,0,0,1,0,0,0,11,4,0,0,6,11,334,1,10,6,9,10,5,7,14,8,3,0,0,2,11,0
54,11,8,16,6,0,0,1,0,0,0,10,5,0,0,6,11,334,1,10,6,9,10,4,6,13,7,3,0,0,2,11,0
26,11,8,29,6,0,0,1,0,0,0,9,6,0,0,6,11,334,2,9,6,8,9,3,5,12,6,2,0,0,2,12,45
55,11,8,9,5,0,0,1,0,0,0,1,14,0,0,6,11,334,2,9,7,9,9,3,5,11,5,2,0,0,1,10,0
14,9,7,12,5,0,0,2,0,0,0,4,11,0,0,6,11,334,2,7,6,7,7,3,5,12,6,3,0,0,2,10,30
38,7,7,14,6,0,1,3,0,0,0,8,7,0,0,6,11,334,4,3,2,3,3,2,5,13,7,5,0,0,2,10,45
-2,4,4,14,6,0,1,3,1,0,0,4,11,0,0,6,11,334,3,1,1,1,1,3,8,12,9,7,0,0,2,10,45
34,3,3,7,6,0,2,2,1,0,0,3,12,0,0,6,11,334,3,0,0,0,0,3,7,12,9,6,0,0,2,9,45
25,2,2,12,5,0,2,2,1,0,0,14,1,0,0,6,11,334,2,0,0,0,0,3,7,11,9,6,0,0,2,10,30
17,0,0,7,4,0,2,2,1,0,0,8,7,0,0,6,11,334,0,0,0,0,0,5,9,10,10,6,0,0,2,9,45
11,0,0,11,3,0,2,2,1,0,0,3,12,0,0,6,11,334,0,0,0,0,0,4,8,9,9,6,0,0,2,10,15
12,0,0,5,2,0,2,2,1,0,0,0,3,0,0,6,11,334,0,0,0,0,0,4,7,8,8,6,0,0,2,9,30
25,0,0,9,1,0,2,2,1,0,0,0,5,0,0,6,11,334,0,0,0,0,0,3,6,7,7,6,0,0,1,10,0
3,0,0,2,1,0,1,2,1,0,0,0,8,0,0,6,11,334,0,0,0,0,0,3,5,6,6,5,0,0,2,9,15
16,0,0,2,1,0,1,2,0,0,0,0,30,0,0,6,11,334,0,0,0,0,0,4,5,5,5,4,0,0,2,9,15
38,0,0,2,1,0,1,1,0,0,0,0,36,0,0,6,11,334,0,0,0,0,0,3,4,4,4,3,0,0,2,9,15
44,0,0,5,0,0,1,1,0,0,0,0,47,0,0,6,11,334,0,0,0,0,0,3,3,3,3,2,0,0,2,9,30
13,0,0,0,0,0,0,1,0,0,0,0,51,0,1,6,11,334,0,0,0,0,0,2,2,2,2,1,0,0,3,9,0
55,0,0,0,0,0,0,0,0,0,0,0,72,0,1,6,11,334,0,0,0,0,0,1,1,1,1,1,0,0,3,9,0
59,35,3,55,3,0,1,0,1,0,1,1,14,0,0,5,11,333,0,55,5,10,20,3,5,15,7,3,8,1,2,17,15
11,35,5,60,3,0,1,0,1,0,1,6,9,1,0,5,11,333,1,54,6,10,19,2,5,15,6,3,7,1,2,18,15
8,34,7,55,5,0,1,0,1,0,1,2,13,0,0,5,11,333,2,51,6,11,18,3,6,18,7,3,7,0,2,17,15
-11,33,7,53,6,0,0,0,1,0,3,1,14,0,0,5,11,333,2,48,5,10,16,4,7,21,9,5,7,0,3,17,0
18,33,7,58,6,0,0,0,0,0,4,13,2,0,0,5,11,333,2,47,5,9,15,3,8,20,9,6,7,0,2,17,30
36,32,7,53,6,0,1,1,0,0,3,13,2,0,0,5,11,333,1,45,5,10,14,4,10,20,11,7,7,1,3,17,0
56,30,6,45,6,0,1,1,0,0,3,5,10,0,0,5,11,333,0,44,5,9,13,4,10,20,12,8,7,1,2,16,0
36,29,5,58,7,0,2,1,0,0,3,8,7,0,0,5,11,333,2,41,4,8,11,6,12,19,12,7,7,1,2,17,30
38,27,4,45,7,0,2,1,0,0,3,1,14,0,0,5,11,333,1,40,5,7,11,7,12,19,13,7,7,1,2,16,0
-15,27,4,51,7,0,2,1,0,0,2,12,3,0,0,5,11,333,1,40,5,7,11,6,13,18,12,6,7,1,2,16,45
5,26,4,47,8,0,2,1,1,0,1,0,15,0,0,5,11,333,2,38,4,6,10,8,14,18,12,5,7,1,2,16,15
-15,26,4,49,8,0,1,1,1,0,1,14,1,0,0,5,11,333,1,38,4,6,10,7,13,17,12,5,7,1,2,16,30
33,26,4,51,8,0,1,1,1,0,1,10,5,0,0,5,11,333,2,37,3,5,9,6,12,17,11,5,7,1,2,16,45
22,25,3,43,7,0,1,1,1,0,1,6,9,0,0,5,11,333,1,37,4,6,9,6,12,17,11,5,7,1,2,15,45
-89,25,4,60,8,0,1,1,1,0,1,1,14,1,0,5,11,333,2,35,2,4,9,6,11,16,11,5,6,1,2,18,15
12,24,3,43,8,0,0,1,1,0,1,8,7,0,0,5,11,333,1,35,2,4,9,8,11,15,11,4,6,0,2,15,45
-46,24,3,47,7,0,0,1,1,0,1,4,11,0,0,5,11,333,1,35,2,5,11,8,10,14,10,4,6,0,2,16,15
-3,24,3,49,7,0,0,2,1,0,0,2,13,0,0,5,11,333,2,34,2,4,10,7,9,13,9,4,6,0,2,16,30
39,24,4,37,6,0,0,2,1,0,0,10,5,0,0,5,11,333,2,34,2,4,10,6,8,12,8,3,6,0,2,15,0
-36,23,4,55,6,0,0,2,1,0,0,4,11,0,0,5,11,333,2,33,2,4,10,6,8,12,8,4,6,0,2,17,15
32,23,4,39,5,0,0,2,1,0,0,0,15,0,0,5,11,333,2,33,2,4,10,5,7,11,7,4,6,0,2,15,15
18,23,4,41,4,0,0,2,1,0,0,13,2,0,0,5,11,333,2,33,2,4,11,4,6,10,6,4,6,0,2,15,30
-9,23,4,41,4,0,0,2,0,0,0,10,5,0,0,5,11,333,2,33,2,4,11,4,5,9,5,3,6,0,2,15,30
22,22,3,37,3,0,0,2,0,0,0,5,10,0,0,5,11,333,0,33,3,4,12,3,4,8,6,2,6,0,2,15,0
52,22,4,39,5,0,0,1,0,0,0,6,9,0,0,5,11,333,2,31,2,3,12,3,6,8,5,1,6,2,2,15,15
20,21,4,34,4,0,0,1,0,0,0,12,3,0,0,5,11,333,1,31,2,5,13,2,5,8,5,1,6,2,2,14,30
25,20,6,35,4,0,0,2,0,0,0,22,8,0,0,5,11,333,2,29,1,6,15,4,5,8,5,0,6,3,2,14,45
4,18,4,33,3,0,1,2,0,0,0,1,29,0,0,5,11,333,1,28,4,7,15,3,4,15,6,1,5,3,1,14,15
-10,18,4,35,3,0,1,1,0,0,0,10,5,0,0,5,11,333,1,28,4,8,15,2,4,15,5,1,5,2,2,14,45
45,18,4,30,2,0,1,1,0,0,0,8,7,0,0,5,11,333,1,28,5,9,16,2,3,14,4,1,4,2,1,13,15
36,14,3,26,4,0,1,1,0,0,1,9,6,0,0,5,11,333,1,24,4,10,14,2,4,18,7,5,3,2,1,12,45
70,14,6,31,6,0,1,2,0,0,1,11,4,0,0,5,11,333,3,20,6,7,12,3,12,20,8,5,3,3,1,13,30
86,14,6,17,7,0,1,3,0,0,0,5,10,0,0,5,11,333,4,18,4,7,11,2,11,20,8,5,2,3,3,11,45
3,11,3,20,8,0,1,3,0,0,0,13,2,0,0,5,11,333,1,16,3,6,12,9,13,19,12,6,2,2,2,12,0
-1,10,3,20,9,0,1,3,0,0,0,5,10,0,0,5,11,333,2,14,3,5,11,9,14,19,12,6,2,2,2,12,0
44,10,3,23,8,0,1,3,0,0,0,4,11,0,0,5,11,333,2,14,3,5,11,8,13,18,11,6,2,2,1,12,15
50,10,4,29,8,0,1,2,0,0,0,2,13,0,0,5,11,333,2,14,3,5,12,7,12,17,10,5,2,2,1,13,0
121,10,4,15,7,0,1,2,0,0,0,1,14,0,0,5,11,333,2,14,3,5,13,6,11,16,9,5,2,2,3,11,30
9,10,4,17,6,0,1,2,0,0,0,14,1,0,0,5,11,333,2,14,3,5,13,6,11,15,8,4,2,2,3,11,45
20,9,3,20,5,0,1,2,1,0,0,13,2,0,0,5,11,333,2,13,2,4,12,5,10,14,8,4,1,2,2,12,0
-80,9,3,32,5,0,0,2,1,0,0,10,5,0,0,5,11,333,2,13,2,4,12,5,10,13,7,3,0,1,1,14,0
54,9,3,23,4,0,0,2,1,0,0,2,13,0,0,5,11,333,2,13,3,4,12,5,10,15,6,3,0,0,1,12,15
29,8,2,13,3,0,0,2,1,0,0,12,3,0,0,5,11,333,1,13,3,5,12,5,9,14,6,3,0,0,2,11,15
-25,8,2,26,4,0,0,2,1,0,0,0,15,0,0,5,11,333,3,11,2,5,10,6,9,15,5,3,0,0,1,12,45
-19,8,3,25,4,0,0,1,1,0,0,11,4,0,0,5,11,333,3,11,2,6,10,6,8,14,4,3,0,0,3,12,30
-8,8,4,13,3,0,0,1,1,0,0,3,12,0,0,5,11,333,1,11,2,6,10,5,7,13,5,5,0,0,2,11,15
29,8,5,11,3,0,1,1,0,0,0,12,3,0,0,5,11,333,2,10,2,7,9,5,6,12,4,4,0,0,2,11,0
-34,7,4,17,2,0,1,1,0,0,0,9,6,0,0,5,11,333,1,10,3,7,9,4,5,11,4,3,0,0,3,11,45
-10,6,5,26,2,0,1,1,0,0,0,1,14,0,0,5,11,333,1,9,3,8,9,4,5,10,4,2,0,0,1,12,45
27,6,5,7,2,0,0,1,0,0,0,12,3,0,0,5,11,333,1,9,4,8,9,3,4,9,3,1,0,0,2,10,30
41,6,6,15,1,0,0,1,0,0,0,3,12,0,0,5,11,333,1,9,4,8,9,2,5,9,2,1,0,0,3,11,30
18,6,6,7,2,0,0,1,0,0,0,21,9,0,0,5,11,333,2,7,4,6,7,2,5,11,2,0,0,0,2,10,30
-29,3,3,11,4,0,1,1,0,0,0,7,8,0,0,5,11,333,2,3,2,3,3,4,6,10,5,2,0,0,2,11,0
14,1,1,6,5,0,0,1,0,0,1,7,8,0,0,5,11,333,1,1,0,1,1,5,5,9,7,4,0,0,2,10,0
-27,1,1,9,4,0,0,1,0,0,1,5,10,0,0,5,11,333,1,1,0,1,1,4,4,8,6,4,0,0,2,10,45
19,0,0,3,3,0,0,1,0,0,1,3,12,0,0,5,11,333,0,1,0,1,1,3,4,7,6,5,0,0,1,9,30
59,0,0,0,2,0,0,1,0,0,1,6,9,0,1,5,11,333,0,1,1,1,1,2,6,6,5,4,0,0,1,9,0
19,0,0,5,2,0,0,0,0,0,1,4,11,0,0,5,11,333,0,1,1,1,1,1,5,5,4,3,0,0,1,9,45
18,0,0,2,2,0,0,0,0,0,1,0,27,0,0,5,11,333,0,0,0,0,0,4,4,4,4,2,0,0,2,9,15
-20,0,0,0,1,0,0,0,0,0,1,0,29,0,1,5,11,333,0,0,0,0,0,3,3,3,3,1,0,0,1,9,0
22,0,0,3,0,0,0,0,0,0,1,0,32,0,0,5,11,333,0,0,0,0,0,2,2,2,2,1,0,0,1,9,30
-64,0,0,9,0,0,0,0,0,0,0,0,34,0,0,5,11,333,0,0,0,0,0,1,1,1,1,1,0,0,2,10,45
11,40,7,53,2,0,0,1,0,0,0,14,1,1,0,4,11,332,2,51,3,8,14,1,4,8,2,0,0,0,2,17,30
20,34,5,53,8,0,0,0,0,0,1,24,6,1,0,4,11,332,2,44,1,7,9,4,7,12,8,4,0,0,2,17,30
169,34,5,35,8,0,0,0,0,0,1,19,11,0,0,4,11,332,3,43,1,6,9,3,6,11,7,4,0,0,2,14,30
9,33,5,52,7,0,0,0,0,0,1,14,16,0,0,4,11,332,2,43,2,6,9,3,5,10,7,3,0,0,2,17,15
-2,33,5,49,7,0,0,0,0,0,0,7,23,0,0,4,11,332,2,43,3,6,9,3,4,11,6,3,0,0,1,16,45
39,31,4,47,7,0,0,1,0,0,0,1,14,0,0,4,11,332,2,41,4,5,8,3,5,12,7,3,0,0,2,16,15
17,30,3,47,6,0,0,1,0,0,0,10,5,0,0,4,11,332,1,41,4,5,9,2,4,12,7,3,0,0,2,16,15
8,29,2,51,7,0,0,1,1,0,0,11,4,0,0,4,11,332,3,37,1,3,6,2,6,11,7,3,0,0,1,17,0
18,27,0,49,6,0,0,1,1,0,1,14,1,0,0,4,11,332,2,37,2,4,8,4,7,11,8,4,0,0,1,16,45
13,27,0,44,5,0,1,1,1,0,1,6,9,0,0,4,11,332,3,36,2,3,8,4,8,12,7,3,0,0,1,15,45
63,27,0,40,4,0,1,1,1,0,1,9,6,0,0,4,11,332,2,36,2,4,10,5,8,11,7,4,0,0,2,15,15
56,27,0,44,3,0,1,1,1,0,1,6,9,0,0,4,11,332,1,36,2,4,11,4,7,10,7,3,0,0,1,15,45
31,27,0,42,2,0,2,1,1,0,1,12,3,0,0,4,11,332,2,35,2,3,11,4,6,9,6,2,0,0,2,15,30
-39,27,2,42,2,0,1,2,1,0,1,14,1,0,0,4,11,332,3,34,1,3,13,4,5,9,5,2,0,0,2,15,30
35,27,2,36,2,0,1,2,1,0,0,10,5,0,0,4,11,332,2,34,2,3,13,4,5,8,5,2,0,0,2,14,45
32,27,3,38,3,0,1,1,1,0,0,44,1,0,0,4,11,332,3,33,1,4,13,3,4,10,4,1,0,0,2,15,0
-13,27,3,40,3,0,1,1,0,0,0,37,8,0,0,4,11,332,3,33,2,5,14,2,4,9,3,1,0,0,2,15,15
-93,27,4,46,3,0,0,1,0,0,0,29,16,0,0,4,11,332,2,33,2,6,15,1,4,10,3,1,0,0,2,16,0
48,25,6,38,4,0,0,1,0,0,0,12,3,0,0,4,11,332,2,31,4,10,18,3,4,13,4,1,0,0,2,15,0
15,24,7,30,5,0,0,1,0,0,0,10,5,0,0,4,11,332,1,29,6,10,18,2,6,12,6,4,0,0,1,13,0
-43,24,7,36,5,0,0,0,0,0,1,6,9,0,0,4,11,332,2,28,5,9,17,2,5,12,5,3,0,0,2,14,45
9,20,5,28,9,0,0,1,0,0,0,10,5,0,0,4,11,332,2,23,4,8,14,4,8,16,9,4,0,0,2,12,45
-5,19,7,33,9,0,1,1,1,0,0,3,12,0,0,4,11,332,3,20,4,8,14,7,9,20,10,6,0,0,1,13,30
31,19,7,24,8,0,1,1,1,0,0,2,13,0,0,4,11,332,3,20,4,8,14,6,8,19,9,5,0,0,1,12,15
27,18,6,27,7,0,1,1,1,0,0,0,15,0,0,4,11,332,2,20,4,9,14,5,7,19,9,6,0,0,2,12,30
-32,17,7,30,7,0,1,2,1,0,0,2,13,0,0,4,11,332,2,18,4,7,14,5,8,19,10,6,0,0,1,13,0
51,17,7,24,6,0,1,2,1,0,0,1,14,0,0,4,11,332,2,18,4,7,14,4,7,18,9,5,0,0,1,12,15
25,16,8,32,6,0,1,2,2,0,0,7,8,0,0,4,11,332,2,16,4,7,14,4,9,18,10,5,0,0,1,13,15
-49,16,8,34,5,0,1,2,2,0,0,6,9,0,0,4,11,332,2,16,4,7,14,3,8,17,9,5,0,0,1,14,15
112,14,7,20,6,0,1,2,2,0,0,3,12,0,0,4,11,332,2,14,3,7,14,4,10,17,10,4,0,0,2,11,45
120,13,7,4,6,0,1,2,2,0,0,14,1,0,0,4,11,332,2,13,2,6,13,3,9,17,10,4,0,0,2,9,30
-2,10,6,22,6,0,1,2,2,0,1,7,8,0,0,4,11,332,1,11,2,7,11,8,13,18,12,5,0,0,3,12,0
27,10,6,20,6,0,0,2,2,0,1,5,10,0,0,4,11,332,1,11,3,7,11,7,12,17,11,5,0,0,2,11,45
22,9,5,13,6,0,0,2,2,0,0,11,4,0,0,4,11,332,0,11,4,8,11,6,12,16,11,6,0,0,2,10,45
22,9,5,17,7,0,0,2,1,0,0,9,6,0,0,4,11,332,1,10,3,8,10,5,11,15,10,6,0,0,1,11,15
-10,9,6,24,7,0,0,1,1,0,0,8,7,0,0,4,11,332,1,10,3,8,10,5,10,14,9,6,0,0,1,12,15
25,8,6,19,8,0,0,1,0,0,0,4,11,0,0,4,11,332,1,9,3,8,9,6,9,13,9,6,0,0,2,11,30
92,7,5,15,8,0,0,0,0,0,0,8,7,0,0,4,11,332,0,9,5,8,9,6,9,14,9,6,0,0,2,11,0
43,7,5,11,7,0,0,0,0,0,0,7,8,0,0,4,11,332,0,9,5,8,9,5,8,13,8,5,0,0,2,10,30
16,6,6,22,8,0,0,0,0,0,0,8,7,0,0,4,11,332,1,7,5,7,7,6,9,13,8,5,0,0,3,12,0
37,6,6,10,7,0,0,1,0,0,0,6,9,0,0,4,11,332,2,6,4,6,6,5,8,12,7,4,0,0,2,10,15
-5,6,6,28,6,0,0,1,0,0,0,5,10,0,0,4,11,332,2,6,5,6,6,4,7,11,6,3,0,0,2,12,45
27,5,5,17,5,0,0,1,0,0,0,2,13,0,0,4,11,332,1,6,5,6,6,3,6,10,6,3,0,0,1,11,15
2,4,4,11,6,0,0,1,0,0,0,7,8,0,0,4,11,332,2,4,3,4,4,3,6,9,6,4,0,0,2,10,30
26,4,4,15,6,0,0,1,0,0,0,13,2,0,0,4,11,332,3,3,3,3,3,3,5,10,5,4,0,0,2,11,0
13,2,2,13,6,0,0,1,1,0,0,0,15,0,0,4,11,332,3,1,1,1,1,3,4,10,6,5,0,0,2,10,45
53,0,0,6,6,0,0,1,1,0,0,0,15,0,0,4,11,332,2,0,0,0,0,3,5,9,7,6,0,0,2,9,45
23,0,0,4,5,0,0,1,1,0,0,12,3,0,0,4,11,332,2,0,0,0,0,2,4,8,6,6,0,0,2,9,30
-37,0,0,8,4,0,0,1,1,0,0,14,1,0,0,4,11,332,1,0,0,0,0,1,4,7,6,5,0,0,1,10,0
32,0,0,6,3,0,0,1,1,0,0,0,17,0,0,4,11,332,0,0,0,0,0,3,6,6,6,5,0,0,2,9,45
-63,0,0,8,2,0,0,1,1,0,0,0,18,0,0,4,11,332,0,0,0,0,0,2,5,5,5,4,0,0,1,10,0
21,0,0,2,1,0,0,1,1,0,0,0,35,0,0,4,11,332,0,0,0,0,0,4,4,4,4,4,0,0,2,9,15
34,0,0,0,1,0,0,1,0,0,0,0,60,0,1,4,11,332,0,0,0,0,0,3,3,3,3,3,0,0,2,9,0
37,0,0,2,0,0,0,1,0,0,0,0,62,0,0,4,11,332,0,0,0,0,0,2,2,2,2,2,0,0,2,9,15
74,0,0,0,0,0,0,0,0,0,0,0,65,0,1,4,11,332,0,0,0,0,0,1,1,1,1,1,0,0,2,9,0
28,44,8,54,5,0,1,4,0,0,0,10,5,0,0,3,11,331,4,49,3,8,17,1,5,14,7,3,7,1,2,17,0
47,40,9,52,5,0,4,5,0,0,0,2,13,0,0,3,11,331,4,44,3,9,14,5,11,15,11,3,7,1,1,16,45
-26,39,8,55,5,0,4,5,0,0,0,9,6,0,0,3,11,331,4,43,4,9,13,7,11,17,11,4,7,1,2,17,15
-55,37,7,59,6,0,3,5,0,0,0,0,15,1,0,3,11,331,3,42,6,8,13,6,10,18,12,5,6,1,2,18,0
5,37,7,51,6,0,2,5,0,0,0,0,15,0,0,3,11,331,3,42,6,9,13,5,10,17,11,5,6,0,2,16,30
13,36,7,49,6,0,2,5,0,0,0,9,6,0,0,3,11,331,3,41,5,9,12,6,9,16,11,6,6,0,1,16,15
9,35,6,57,5,0,2,6,0,0,0,0,15,0,0,3,11,331,3,40,5,8,11,6,8,16,11,7,6,0,1,17,30
39,35,6,49,4,0,2,6,0,0,0,14,1,0,0,3,11,331,3,40,5,8,11,5,7,16,10,7,6,0,1,16,15
5,35,7,47,5,0,1,6,0,0,0,12,3,0,0,3,11,331,4,39,4,8,10,5,6,15,9,7,6,0,2,16,0
24,33,5,52,5,0,1,7,0,0,1,13,2,0,0,3,11,331,4,36,3,6,9,5,7,15,11,7,6,1,1,16,45
50,33,6,57,5,0,1,6,0,0,1,12,3,0,0,3,11,331,4,36,4,6,9,4,6,14,10,6,6,1,1,17,30
79,31,5,47,6,0,1,5,0,0,1,3,12,0,0,3,11,331,3,35,3,5,10,3,5,13,11,7,6,1,2,16,0
20,31,5,45,6,0,0,5,0,0,1,14,1,0,0,3,11,331,3,35,3,5,10,2,4,12,10,6,6,1,2,15,45
25,30,5,41,5,0,0,6,0,0,1,0,15,0,0,3,11,331,3,34,4,5,11,3,8,13,10,7,6,2,2,15,30
24,28,5,37,8,0,0,6,0,0,0,2,13,0,0,3,11,331,3,31,2,4,10,7,10,14,12,7,5,3,2,15,0
75,28,5,41,9,0,0,5,0,0,0,1,14,0,0,3,11,331,4,30,1,3,9,6,9,13,11,7,5,2,2,15,30
23,26,5,35,8,0,0,5,0,0,0,58,17,0,0,3,11,331,2,30,1,6,11,7,8,15,12,8,5,2,2,14,45
26,26,5,39,7,0,0,5,0,0,0,57,18,0,0,3,11,331,2,30,1,6,11,6,7,14,11,7,5,2,4,15,15
21,26,6,41,6,0,0,5,0,0,0,57,18,0,0,3,11,331,2,30,1,6,11,5,6,13,10,7,4,2,2,15,30
32,25,5,45,7,0,0,4,0,0,0,51,24,0,0,3,11,331,2,29,2,5,11,5,7,13,10,6,4,1,2,15,45
8,25,5,39,7,0,0,3,0,0,0,48,27,0,0,3,11,331,2,29,2,6,11,4,6,14,9,5,4,1,4,15,15
10,24,6,35,7,0,0,2,0,0,0,35,40,0,0,3,11,331,1,29,4,6,12,3,6,13,9,5,3,1,2,14,45
-2,23,5,37,6,0,0,2,0,0,0,30,45,0,0,3,11,331,0,29,4,6,14,2,5,12,9,5,3,0,2,15,0
-100,23,6,55,7,0,0,1,0,0,0,22,53,0,0,3,11,331,1,28,4,6,13,3,5,13,8,5,3,0,2,17,15
4,20,6,41,8,0,0,2,1,0,0,11,4,0,0,3,11,331,2,24,2,5,10,3,7,15,10,6,3,1,2,15,30
13,20,6,34,7,0,0,2,1,0,0,11,4,0,0,3,11,331,2,24,2,5,10,2,7,14,9,6,3,1,2,14,30
131,18,5,18,6,0,0,2,2,0,0,9,6,0,0,3,11,331,1,23,2,6,14,4,8,14,10,7,3,1,1,11,15
66,17,6,33,6,0,0,2,2,0,0,9,6,0,0,3,11,331,1,22,4,7,14,5,9,15,10,6,3,1,1,13,15
45,17,7,25,5,0,1,2,2,0,0,13,2,0,0,3,11,331,2,21,3,7,14,6,9,15,9,5,3,1,2,12,15
82,17,7,29,4,0,1,2,2,0,0,10,5,0,0,3,11,331,2,21,4,7,14,5,9,14,8,5,3,1,2,12,45
26,15,6,27,5,0,1,3,1,0,0,0,15,0,0,3,11,331,2,19,4,5,13,4,9,15,9,7,2,2,2,12,30
50,14,5,31,5,0,1,2,1,0,0,11,4,0,0,3,11,331,1,19,4,5,13,4,8,15,9,7,2,1,1,13,0
84,14,5,23,5,0,1,2,1,0,0,6,9,0,0,3,11,331,2,18,4,4,12,4,8,15,8,6,2,1,2,12,0
117,14,5,27,4,0,1,2,1,0,0,4,11,0,0,3,11,331,2,18,4,4,12,3,7,14,7,5,2,1,2,12,30
26,11,3,25,6,0,1,3,0,0,0,12,3,0,0,3,11,331,2,15,1,7,12,5,7,16,9,5,2,2,2,12,15
64,11,4,29,5,0,1,3,0,0,0,10,5,0,0,3,11,331,2,15,1,7,12,4,7,15,8,5,2,2,2,12,45
39,11,5,21,4,0,1,3,0,0,1,2,13,0,0,3,11,331,3,14,3,7,12,4,6,15,7,4,2,2,2,11,45
137,10,4,8,4,0,0,3,0,0,1,11,4,0,0,3,11,331,2,14,4,7,13,3,6,15,7,3,2,2,2,10,0
15,9,3,20,3,0,0,3,0,0,1,8,7,0,0,3,11,331,1,14,5,7,14,2,6,14,7,2,1,2,2,11,30
54,9,5,12,3,0,0,3,0,0,0,8,7,0,0,3,11,331,1,14,6,8,14,3,8,13,6,1,1,1,2,10,30
12,9,5,31,6,0,1,2,1,0,0,2,13,0,0,3,11,331,4,9,3,5,9,5,9,15,7,2,0,1,1,13,0
13,8,5,23,6,0,1,2,1,0,0,11,4,0,0,3,11,331,4,8,2,5,8,5,9,15,7,3,0,0,2,12,0
77,6,3,13,6,0,1,2,1,0,0,0,15,0,0,3,11,331,3,7,1,6,7,5,10,17,8,4,0,0,3,10,45
90,6,3,2,6,0,0,2,1,0,0,9,6,0,0,3,11,331,2,7,2,6,7,4,9,16,8,5,0,0,2,9,15
14,6,5,18,6,0,0,2,1,0,0,4,11,0,0,3,11,331,3,6,2,6,6,4,8,15,7,4,0,0,1,11,15
-7,4,3,15,5,0,0,2,1,0,0,13,2,0,0,3,11,331,1,6,3,6,6,5,7,14,8,5,0,0,2,11,0
-34,4,3,15,5,0,0,1,1,0,0,10,5,0,0,3,11,331,1,6,3,6,6,4,6,13,7,5,0,0,2,11,0
50,4,4,15,5,0,0,1,1,0,0,5,10,0,0,3,11,331,2,4,5,5,5,5,8,13,6,4,0,0,2,11,0
26,4,4,10,6,0,0,1,0,0,0,2,13,0,0,3,11,331,3,4,4,4,4,4,7,12,5,4,0,0,1,10,15
-40,3,3,21,6,0,0,0,0,0,1,13,2,0,0,3,11,331,3,3,3,3,3,3,7,11,5,3,0,0,2,11,45
37,3,3,8,5,0,0,0,0,0,1,7,8,0,0,3,11,331,2,3,3,3,3,2,6,10,5,3,0,0,2,10,0
29,3,3,6,4,0,1,0,1,0,1,1,14,0,0,3,11,331,3,1,1,1,1,4,8,9,5,3,0,0,2,9,45
6,0,0,2,4,0,1,0,1,0,1,5,10,0,0,3,11,331,0,0,0,0,0,5,7,8,8,6,0,0,2,9,15
21,0,0,0,4,0,0,0,1,0,1,4,11,0,1,3,11,331,0,0,0,0,0,5,6,7,7,5,0,0,2,9,0
13,0,0,4,3,0,0,0,1,0,1,1,14,0,0,3,11,331,0,0,0,0,0,5,5,6,6,4,0,0,2,9,30
-2,0,0,4,3,0,0,0,0,0,1,0,15,0,0,3,11,331,0,0,0,0,0,4,5,5,5,4,0,0,2,9,30
32,0,0,6,2,0,0,0,0,0,1,0,24,0,0,3,11,331,0,0,0,0,0,3,4,4,4,3,0,0,2,9,45
-73,0,0,13,2,0,0,0,0,0,0,0,26,0,0,3,11,331,0,0,0,0,0,2,3,3,3,2,0,0,3,10,45
-37,0,0,10,1,0,0,0,0,0,0,0,29,0,0,3,11,331,0,0,0,0,0,1,2,2,2,1,0,0,1,10,15
8,0,0,0,0,0,0,0,0,0,0,0,68,0,1,3,11,331,0,0,0,0,0,1,1,1,1,0,0,0,2,9,0
32,39,3,53,0,0,0,1,0,0,0,15,0,1,0,2,11,330,0,52,3,7,11,1,1,3,2,2,4,1,2,17,30
11,34,4,51,5,0,0,2,0,0,0,6,24,0,0,2,11,330,2,45,3,6,11,1,5,10,6,2,4,1,1,17,15
36,30,1,51,8,0,1,1,0,0,0,5,10,0,0,2,11,330,1,41,3,6,13,4,7,14,10,4,4,2,1,17,15
24,30,2,49,9,0,1,0,1,0,0,12,3,0,0,2,11,330,3,39,2,5,12,3,7,14,9,3,4,2,2,17,0
-39,30,3,49,8,0,1,0,1,0,0,9,6,0,0,2,11,330,3,39,2,5,12,3,7,14,8,3,3,2,2,17,0
42,30,3,48,7,0,1,0,1,0,0,6,9,0,0,2,11,330,3,39,2,5,13,2,6,14,7,3,3,1,2,16,30
10,29,3,44,8,0,0,0,1,0,1,9,6,0,0,2,11,330,2,37,3,7,12,5,8,17,9,4,2,1,2,16,0
58,29,3,38,8,0,0,0,1,0,1,13,2,0,0,2,11,330,2,36,4,6,12,5,9,16,9,5,2,0,2,15,15
24,29,4,46,8,0,0,0,1,0,1,6,9,0,0,2,11,330,2,35,3,6,12,5,8,17,9,5,2,0,1,16,15
24,29,4,46,7,0,0,0,1,0,1,2,13,0,0,2,11,330,2,35,4,8,12,5,7,16,8,4,2,0,1,16,15
14,27,3,36,7,0,0,0,1,0,1,9,6,0,0,2,11,330,1,34,4,7,11,4,8,15,9,5,2,0,2,15,0
7,27,4,42,6,0,1,0,1,0,1,4,11,0,0,2,11,330,2,33,3,7,12,5,9,14,8,4,2,1,2,15,45
-23,26,3,40,7,0,1,0,1,0,0,26,4,0,0,2,11,330,1,32,2,6,11,4,9,13,9,4,2,2,2,15,30
-91,26,4,44,7,0,0,0,1,0,0,21,9,0,0,2,11,330,1,32,3,6,11,3,9,12,8,3,2,2,2,16,0
-17,26,5,42,8,0,1,0,0,0,0,6,24,0,0,2,11,330,1,30,4,5,10,6,9,12,9,2,2,2,2,15,45
37,26,5,38,7,0,1,0,0,0,0,5,25,0,0,2,11,330,1,30,4,5,10,5,8,11,8,2,2,2,2,15,15
145,25,6,23,7,0,2,1,0,0,0,14,16,0,0,2,11,330,3,27,2,4,9,6,9,11,8,3,2,2,1,12,15
-20,24,6,33,6,0,2,1,0,0,0,9,21,0,0,2,11,330,2,27,2,4,10,6,8,10,8,3,2,2,2,14,30
26,23,5,30,7,0,1,1,0,0,0,7,23,0,0,2,11,330,2,26,1,3,10,5,7,9,8,4,1,2,1,13,30
-10,23,5,40,6,0,1,1,0,0,0,6,24,0,0,2,11,330,2,26,1,3,10,4,6,8,7,3,1,1,2,15,30
27,23,5,32,5,0,1,1,0,0,0,2,28,0,0,2,11,330,2,26,2,5,10,3,5,8,6,3,0,1,1,14,0
0,23,5,34,4,0,1,1,0,0,0,11,4,0,0,2,11,330,2,26,3,5,11,4,4,8,5,3,0,0,2,14,45
-38,21,4,34,4,0,1,1,0,0,0,13,2,0,0,2,11,330,1,25,2,5,12,3,4,9,6,3,0,0,2,14,45
-5,20,5,36,3,0,1,2,0,0,0,12,3,0,0,2,11,330,1,24,3,4,14,2,4,12,6,4,0,0,2,15,0
29,20,5,26,4,0,0,2,0,0,0,11,4,0,0,2,11,330,2,23,2,4,14,1,3,11,5,3,0,0,2,12,45
10,17,5,30,6,0,0,1,1,0,0,3,12,0,0,2,11,330,2,20,1,7,15,2,5,12,7,5,0,0,1,13,30
22,16,6,27,5,0,0,1,1,0,0,0,15,0,0,2,11,330,1,20,4,10,15,2,9,12,7,5,0,0,1,13,0
1,14,9,27,4,0,1,3,2,0,0,4,11,0,0,2,11,330,2,16,5,10,11,7,9,13,9,8,0,0,1,13,0
18,13,9,25,3,0,1,3,2,0,0,14,1,0,0,2,11,330,1,16,6,10,11,7,9,13,9,8,0,0,1,12,30
30,12,8,19,4,0,1,3,1,0,0,8,7,0,0,2,11,330,1,15,6,10,11,6,8,13,9,9,0,0,1,11,30
24,12,8,29,5,0,1,3,1,0,0,0,15,0,0,2,11,330,3,13,5,8,10,5,8,14,8,8,0,0,2,13,15
24,10,6,17,7,0,1,2,1,0,0,7,8,0,0,2,11,330,3,11,3,6,8,5,7,16,9,8,0,0,1,11,15
40,10,6,21,7,0,1,1,1,0,0,7,8,0,0,2,11,330,3,11,4,6,8,4,6,15,8,7,0,0,2,12,0
-1,10,8,20,7,0,0,1,1,0,0,4,11,0,0,2,11,330,3,11,4,6,8,3,5,14,7,6,0,0,2,11,45
8,10,8,23,6,0,0,1,1,0,0,1,14,0,0,2,11,330,3,11,5,6,10,3,4,13,6,5,0,0,1,12,15
27,7,6,16,9,0,0,1,0,0,0,8,7,0,0,2,11,330,3,8,3,3,8,3,4,14,8,6,0,0,2,11,0
4,5,4,21,10,0,0,1,0,0,0,4,11,0,0,2,11,330,3,6,1,1,6,2,4,14,9,6,0,0,2,12,0
73,4,4,8,10,0,0,1,0,0,0,0,15,0,0,2,11,330,3,5,0,2,5,2,7,15,9,5,0,0,2,10,0
4,1,1,14,9,0,0,1,0,0,0,8,7,0,0,2,11,330,0,5,1,5,5,3,11,16,11,6,0,0,1,10,45
15,1,1,14,8,0,0,1,0,0,0,8,7,0,0,2,11,330,0,5,2,5,5,8,10,15,10,5,0,0,1,10,45
14,1,1,6,7,0,0,1,0,0,0,0,15,0,0,2,11,330,0,5,4,5,5,7,10,14,9,5,0,0,2,9,45
8,1,1,12,7,0,0,1,0,0,0,8,7,0,0,2,11,330,1,4,4,4,4,8,9,13,8,5,0,0,2,10,30
51,1,1,2,7,0,0,1,0,0,0,7,8,0,0,2,11,330,2,3,3,3,3,7,9,12,7,5,0,0,2,9,15
41,0,0,12,6,0,0,1,0,0,0,1,14,0,0,2,11,330,1,3,3,3,3,6,9,11,7,4,0,0,2,10,30
14,0,0,17,6,0,0,0,0,0,0,0,15,0,0,2,11,330,1,3,3,3,3,5,8,10,6,3,0,0,1,11,15
39,0,0,10,5,0,0,0,0,0,0,14,1,0,0,2,11,330,1,3,3,3,3,4,7,9,5,2,0,0,2,10,15
46,0,0,6,4,0,0,0,0,0,0,12,3,0,0,2,11,330,1,3,3,3,3,3,6,8,4,1,0,0,2,9,45
5,0,0,8,4,0,0,1,0,0,0,0,3,0,0,2,11,330,2,1,1,1,1,3,6,7,4,1,0,0,2,10,0
22,0,0,10,3,0,0,1,0,0,0,0,5,0,0,2,11,330,2,1,1,1,1,2,5,6,3,1,0,0,2,10,15
19,0,0,0,2,0,1,1,0,0,0,0,26,0,1,2,11,330,0,0,0,0,0,3,5,5,5,1,0,0,2,9,0
-37,0,0,4,2,0,1,0,0,0,0,0,38,0,0,2,11,330,0,0,0,0,0,4,4,4,4,1,0,0,2,9,30
-19,0,0,0,1,0,1,0,0,0,0,0,42,0,1,2,11,330,0,0,0,0,0,3,3,3,3,0,0,0,2,9,0
-9,0,0,2,0,0,1,0,0,0,0,0,58,0,0,2,11,330,0,0,0,0,0,2,2,2,2,0,0,0,2,9,15
-50,0,0,4,0,0,0,0,0,0,0,0,66,0,0,2,11,330,0,0,0,0,0,1,1,1,1,0,0,0,2,9,30
15,20,3,47,1,0,2,0,0,0,0,3,0,1,0,6,11,327,3,45,3,4,11,1,2,12,1,0,3,0,2,17,30
-3,17,1,47,2,0,2,2,0,0,0,7,8,1,0,6,11,327,3,41,3,7,10,4,9,12,4,3,3,0,2,17,30
-38,17,2,45,3,0,3,1,0,0,0,15,15,0,0,6,11,327,1,39,3,7,8,8,10,11,7,5,3,0,2,17,15
-9,17,2,42,3,0,2,1,0,0,0,14,16,0,0,6,11,327,1,39,3,7,8,7,9,10,6,5,3,0,1,16,45
13,17,2,45,2,0,2,1,0,0,0,13,17,0,0,6,11,327,1,39,3,7,8,6,8,9,5,4,3,0,2,17,15
-35,17,2,44,3,0,1,1,0,0,0,6,24,0,0,6,11,327,1,38,4,6,7,6,7,9,5,4,3,0,2,17,0
75,16,1,37,3,0,1,1,0,0,0,10,5,0,0,6,11,327,1,37,4,6,7,6,7,8,5,3,3,0,1,15,45
42,16,1,35,2,0,1,1,0,0,0,8,7,0,0,6,11,327,1,37,4,6,7,5,6,7,4,2,3,0,1,15,15
-11,16,1,40,2,0,0,1,0,0,0,4,11,0,0,6,11,327,1,37,5,6,7,4,5,6,3,2,3,0,2,16,30
-20,16,1,40,1,0,0,1,0,0,0,3,12,0,0,6,11,327,0,37,5,6,7,3,4,5,3,2,3,0,2,16,30
-12,16,1,39,2,0,0,2,0,0,0,6,9,0,0,6,11,327,3,34,2,3,4,2,3,4,2,1,3,0,2,16,0
25,16,1,42,2,0,0,1,0,0,0,5,10,0,0,6,11,327,3,34,2,3,5,1,2,3,1,1,3,0,1,16,45
-13,15,0,37,2,0,0,1,1,0,0,3,12,0,0,6,11,327,3,32,1,1,8,1,2,6,2,0,3,1,1,15,45
-15,15,2,33,2,0,0,2,0,0,0,37,38,0,0,6,11,327,1,31,1,6,11,1,5,6,4,1,2,2,1,15,0
42,13,3,31,2,0,0,4,0,0,0,1,74,0,0,6,11,327,2,28,4,7,12,4,5,11,5,1,2,1,2,14,45
55,13,4,27,1,0,0,4,0,0,0,14,1,0,0,6,11,327,2,28,4,7,13,3,4,10,4,1,2,1,1,13,0
-40,13,4,33,2,0,0,3,0,0,0,12,3,0,0,6,11,327,3,27,3,6,12,2,3,9,3,1,1,1,1,15,0
-60,13,4,36,3,0,0,2,0,0,0,2,13,0,0,6,11,327,4,26,3,6,12,2,2,10,2,1,1,0,2,15,30
28,12,3,29,3,0,0,2,1,0,0,9,6,0,0,6,11,327,4,24,4,5,13,1,4,12,3,2,1,0,1,13,15
-21,9,3,30,5,0,0,2,1,0,1,5,10,0,0,6,11,327,3,20,4,8,13,5,11,16,7,6,1,1,2,13,30
-41,9,3,27,5,0,0,2,1,0,0,13,2,0,0,6,11,327,3,20,5,8,15,5,10,15,6,5,1,1,1,13,0
61,9,3,17,5,0,0,2,0,0,0,13,2,0,0,6,11,327,3,20,5,8,15,4,9,14,5,4,1,1,2,11,45
14,9,3,21,4,0,1,2,0,0,0,6,9,0,0,6,11,327,2,19,4,9,15,5,8,15,6,4,1,1,2,12,15
-2,9,3,19,4,0,1,3,0,0,0,11,4,0,0,6,11,327,3,17,3,7,14,6,9,14,6,3,1,1,2,12,0
94,8,2,16,4,0,1,3,0,0,0,5,10,0,0,6,11,327,3,16,4,6,13,6,8,14,6,2,1,1,2,11,30
-13,8,3,23,5,0,1,2,0,0,0,11,4,0,0,6,11,327,3,15,3,7,12,5,9,16,6,1,1,1,2,12,30
4,8,3,23,5,0,1,1,0,0,0,8,7,0,0,6,11,327,3,15,5,7,14,4,9,15,5,0,1,1,2,12,30
-87,7,4,25,4,0,1,2,0,0,0,0,15,0,0,6,11,327,2,14,4,6,13,4,8,15,6,1,1,1,2,12,45
-179,7,4,31,4,0,0,2,0,0,0,12,3,0,0,6,11,327,2,14,4,6,13,4,7,14,5,1,0,1,2,14,45
-26,6,3,19,4,0,0,3,0,0,0,6,9,0,0,6,11,327,2,12,2,5,11,3,6,15,6,2,0,0,2,12,0
-19,6,4,21,5,0,0,3,0,0,0,20,10,0,0,6,11,327,3,10,2,6,10,5,7,16,6,2,0,0,2,12,15
-37,6,5,17,4,0,0,3,0,0,0,13,17,0,0,6,11,327,2,10,2,7,10,4,6,15,6,2,0,0,2,11,45
-39,5,5,14,4,0,0,3,0,0,0,1,29,0,0,6,11,327,1,9,3,6,9,3,6,15,7,2,0,0,1,11,15
-15,5,5,14,4,0,0,3,0,0,0,12,3,0,0,6,11,327,2,8,3,5,8,3,8,15,6,1,0,0,1,11,15
38,5,5,12,4,0,0,2,0,0,0,8,7,0,0,6,11,327,2,8,3,7,8,3,7,15,5,1,0,0,2,11,0
23,3,3,6,6,0,0,2,0,0,0,13,2,0,0,6,11,327,2,5,2,5,5,5,10,14,7,3,0,0,2,10,0
19,3,3,12,5,0,0,2,0,0,0,9,6,0,0,6,11,327,2,5,2,5,5,5,10,13,6,2,0,0,2,11,0
53,0,0,8,6,0,1,1,0,0,0,7,8,0,0,6,11,327,1,3,2,3,3,7,9,12,8,3,0,0,2,10,15
2,0,0,10,5,0,1,1,0,0,0,0,15,0,0,6,11,327,1,3,3,3,3,7,9,11,7,3,0,0,2,10,30
-115,0,0,25,5,0,1,0,0,0,0,13,2,0,0,6,11,327,1,3,3,3,3,6,8,10,6,3,0,0,2,12,45
-1,0,0,6,4,0,1,0,0,0,0,12,3,0,0,6,11,327,1,3,3,3,3,5,8,9,5,3,0,0,2,10,0
7,0,0,8,4,0,1,0,0,0,1,5,10,0,0,6,11,327,2,1,1,1,1,5,8,8,5,2,0,0,2,10,15
-22,0,0,4,4,0,0,0,0,0,1,11,4,0,0,6,11,327,1,1,1,1,1,4,7,7,5,3,0,0,2,9,45
37,0,0,2,3,0,0,0,0,0,1,8,7,0,0,6,11,327,0,1,1,1,1,3,6,6,5,4,0,0,1,9,15
-32,0,0,4,3,0,0,0,0,0,0,5,10,0,0,6,11,327,0,1,1,1,1,2,5,5,4,4,0,0,2,9,45
-82,0,0,10,2,0,1,0,0,0,0,0,4,0,0,6,11,327,1,0,0,0,0,3,4,4,3,3,0,0,2,10,30
20,0,0,3,1,0,1,0,0,0,0,0,26,0,0,6,11,327,0,0,0,0,0,3,3,3,3,2,0,0,2,9,30
-16,0,0,0,1,0,0,0,0,0,0,0,32,0,1,6,11,327,0,0,0,0,0,2,2,2,2,1,0,0,1,9,0
38,0,0,0,0,0,0,0,0,0,0,0,36,0,1,6,11,327,0,0,0,0,0,1,1,1,1,1,0,0,1,9,0
-15,23,3,44,3,0,2,2,0,0,0,13,2,0,0,4,11,325,2,40,4,5,11,4,6,12,6,2,7,1,2,16,15
39,23,3,39,2,0,2,3,0,0,0,8,7,0,0,4,11,325,2,39,3,4,10,4,5,11,6,1,6,1,2,15,45
-23,22,2,46,3,0,1,3,0,0,0,3,12,1,0,4,11,325,2,38,2,3,10,4,4,10,6,2,6,0,2,16,30
-3,21,1,42,3,0,1,3,0,0,0,23,7,0,0,4,11,325,1,37,1,3,10,3,4,10,7,4,6,0,2,16,0
32,21,1,42,2,0,2,3,0,0,0,8,22,0,0,4,11,325,2,36,1,6,10,2,6,11,6,3,6,2,2,16,0
-64,21,1,46,2,0,2,2,0,0,0,6,24,1,0,4,11,325,2,36,1,6,10,1,6,10,5,3,6,2,2,16,30
-3,20,4,39,2,0,2,3,0,0,0,9,6,0,0,4,11,325,0,34,5,7,11,6,7,12,8,3,6,3,2,15,45
23,20,5,37,2,0,2,2,0,0,0,4,11,0,0,4,11,325,0,34,5,7,13,5,6,11,7,3,5,3,3,15,30
-71,20,5,44,2,0,1,2,0,0,0,4,11,0,0,4,11,325,0,34,5,7,13,4,5,10,6,3,5,2,2,16,15
50,20,5,34,2,0,1,1,0,0,0,3,12,0,0,4,11,325,0,34,5,8,13,3,5,9,5,2,4,2,1,14,45
26,20,6,36,2,0,2,2,1,0,0,37,8,0,0,4,11,325,4,30,1,4,10,2,5,8,4,1,4,1,2,15,0
-3,20,6,33,1,0,2,2,1,0,0,27,18,0,0,4,11,325,4,30,3,4,12,2,5,8,3,0,4,1,2,14,30
-58,17,5,37,2,0,2,2,1,0,0,2,43,0,0,4,11,325,2,28,2,5,10,4,5,8,6,1,3,1,3,15,30
4,15,4,34,3,0,1,3,1,0,0,3,12,0,0,4,11,325,2,26,2,5,9,3,5,11,7,3,3,0,1,14,45
41,14,3,30,3,0,1,2,1,0,0,13,2,0,0,4,11,325,1,26,2,5,11,2,4,11,7,3,3,0,1,13,15
-128,14,5,39,3,0,0,2,1,0,0,3,12,0,0,4,11,325,1,26,3,7,12,2,3,13,6,3,3,0,2,15,45
1,13,5,31,3,0,0,3,1,0,0,11,4,0,0,4,11,325,1,24,3,6,11,2,3,13,7,3,3,0,1,13,30
49,11,3,29,3,0,0,3,1,0,0,11,4,0,0,4,11,325,0,23,5,5,12,2,5,15,8,3,3,1,1,13,0
29,8,2,27,6,0,0,3,1,0,0,14,1,0,0,4,11,325,1,19,1,5,12,3,10,17,10,3,3,2,1,12,45
-28,8,3,23,6,0,0,3,1,0,0,2,13,0,0,4,11,325,0,18,4,6,14,9,11,18,11,4,3,2,2,12,15
7,8,3,21,5,0,0,3,1,0,0,0,15,0,0,4,11,325,0,18,4,6,14,8,10,17,10,4,3,2,2,12,0
-78,8,3,32,5,0,0,3,0,0,0,12,3,0,0,4,11,325,0,18,4,6,14,8,11,17,9,4,2,2,1,14,15
64,8,3,27,5,0,1,2,0,0,0,8,7,0,0,4,11,325,1,17,3,6,14,7,10,16,8,4,2,1,1,12,45
80,8,3,21,5,0,1,1,0,0,0,5,10,0,0,4,11,325,1,17,3,7,14,6,10,16,7,4,1,1,2,12,0
69,8,4,18,4,0,1,1,0,0,0,2,13,0,0,4,11,325,1,17,4,8,15,5,10,15,6,3,1,1,1,11,30
11,8,4,23,4,0,1,2,0,0,0,12,3,0,0,4,11,325,3,15,2,6,13,4,9,14,5,3,1,1,2,12,15
21,8,4,25,4,0,1,1,0,0,0,12,3,0,0,4,11,325,3,15,2,6,13,3,8,13,4,2,1,1,2,12,30
21,6,2,20,3,0,1,1,0,0,1,5,10,0,0,4,11,325,2,14,2,7,13,3,7,12,5,3,1,1,2,11,45
6,6,2,14,3,0,0,1,0,0,1,14,1,0,0,4,11,325,2,14,2,7,13,3,7,11,4,2,1,1,1,11,0
-42,5,3,25,3,0,1,1,0,0,1,7,8,0,0,4,11,325,2,12,5,7,12,5,7,17,5,2,1,1,2,12,30
-25,5,4,14,3,0,0,1,0,0,1,14,1,0,0,4,11,325,1,12,5,8,12,5,8,16,5,2,1,1,1,11,0
-2,5,4,12,2,0,0,1,0,0,1,12,3,0,0,4,11,325,0,12,5,8,12,4,7,15,5,2,1,1,1,10,30
-31,5,5,17,3,0,0,1,0,0,0,6,9,0,0,4,11,325,1,11,5,8,11,3,7,15,4,1,1,1,2,11,15
31,5,5,18,3,0,0,1,0,0,0,3,12,0,0,4,11,325,2,10,4,7,10,3,6,14,3,0,0,1,1,11,30
51,4,4,8,4,0,0,1,0,0,1,5,10,0,0,4,11,325,2,7,2,6,7,2,5,13,5,2,0,0,2,10,0
17,4,4,8,3,0,1,1,0,0,1,6,9,0,0,4,11,325,2,6,3,5,6,4,8,13,5,3,0,0,2,10,0
-10,2,2,10,4,0,1,1,0,0,1,2,13,0,0,4,11,325,1,4,3,4,4,3,10,12,7,3,0,0,1,10,15
9,1,1,14,4,0,1,0,0,0,1,0,15,0,0,4,11,325,0,4,3,4,4,2,9,11,7,4,0,0,1,11,0
1,0,0,4,4,0,1,0,0,0,1,7,8,0,0,4,11,325,0,3,2,3,3,4,9,10,7,5,0,0,2,9,30
-34,0,0,13,5,0,2,0,0,0,0,0,2,0,0,4,11,325,0,1,1,1,1,7,9,9,8,6,0,0,3,10,45
31,0,0,2,4,0,2,0,0,0,0,0,5,0,0,4,11,325,0,1,1,1,1,6,8,8,7,5,0,0,2,9,15
-17,0,0,10,3,0,2,0,0,0,0,0,7,0,0,4,11,325,0,1,1,1,1,6,7,7,6,4,0,0,1,10,15
-17,0,0,4,2,0,2,0,0,0,0,0,8,0,0,4,11,325,0,1,1,1,1,5,6,6,5,3,0,0,2,9,30
-11,0,0,6,1,0,2,0,0,0,0,0,9,0,0,4,11,325,0,1,1,1,1,4,5,5,4,2,0,0,2,9,45
1,0,0,6,1,0,1,1,0,0,0,0,15,0,0,4,11,325,1,0,0,0,0,3,4,4,3,2,0,0,2,9,45
-14,0,0,2,1,0,0,1,0,0,0,0,20,0,0,4,11,325,1,0,0,0,0,2,3,3,2,2,0,0,2,9,15
23,0,0,0,0,0,0,1,0,0,0,0,35,0,1,4,11,325,0,0,0,0,0,2,2,2,2,2,0,0,2,9,0
-21,0,0,0,0,0,0,0,0,0,0,0,59,0,1,4,11,325,0,0,0,0,0,1,1,1,1,1,0,0,2,9,0
-4,37,4,54,8,0,1,1,0,0,0,5,10,0,0,3,11,324,1,49,4,8,15,5,9,18,10,6,5,2,2,17,15
16,37,4,58,7,0,2,1,0,0,0,1,14,1,0,3,11,324,2,48,3,7,14,4,8,17,9,5,4,2,2,18,0
29,37,4,56,6,0,2,1,0,0,0,0,15,0,0,3,11,324,2,48,3,7,14,3,7,16,8,5,4,1,2,17,30
25,36,3,56,7,0,2,0,0,0,0,14,1,0,0,3,11,324,1,47,4,8,14,4,7,20,9,5,4,1,2,17,30
-66,36,3,58,7,0,1,0,0,0,0,13,2,1,0,3,11,324,1,47,4,8,14,3,6,19,8,4,3,1,2,18,0
72,35,4,49,7,0,1,2,0,0,0,10,5,0,0,3,11,324,3,44,3,9,12,4,10,18,8,3,3,0,2,16,30
61,35,4,50,6,0,1,2,0,0,0,9,6,0,0,3,11,324,3,44,4,9,12,3,9,17,7,3,3,0,2,16,45
27,34,4,52,6,0,1,2,0,0,0,11,4,0,0,3,11,324,2,43,5,9,12,3,10,17,8,4,3,0,2,17,0
21,34,4,47,7,0,0,2,0,0,0,9,6,0,0,3,11,324,3,42,5,8,11,2,10,17,7,3,3,0,1,16,15
-37,33,4,50,9,0,0,1,0,0,0,7,8,0,0,3,11,324,2,40,5,7,11,6,11,16,9,5,3,2,2,16,45
-15,33,4,45,9,0,2,1,0,0,0,6,9,0,0,3,11,324,3,37,3,5,10,8,13,16,10,5,3,2,2,16,0
31,31,3,36,8,0,2,1,0,0,0,1,14,0,0,3,11,324,1,37,3,5,11,7,12,16,11,5,3,2,1,14,45
-6,31,3,54,7,0,2,3,0,0,0,13,2,0,0,3,11,324,3,35,1,3,10,7,11,17,10,5,3,2,2,17,15
51,31,3,45,6,0,2,3,0,0,0,12,3,0,0,3,11,324,3,35,2,3,10,6,10,16,9,4,3,2,2,16,0
51,31,3,38,5,0,2,3,0,0,0,12,3,0,0,3,11,324,3,35,2,3,10,5,9,15,8,4,3,2,2,15,0
35,30,3,35,6,0,2,2,0,0,0,5,10,0,0,3,11,324,3,34,1,3,10,5,9,14,8,5,3,2,2,14,30
-31,30,3,52,5,0,2,2,0,0,0,0,15,0,0,3,11,324,2,34,1,3,11,6,8,13,8,5,3,2,2,17,0
15,30,3,44,4,0,2,2,0,0,0,11,4,0,0,3,11,324,2,34,1,3,11,6,7,12,7,4,3,2,2,15,45
42,29,3,41,4,0,2,1,0,0,0,14,1,0,0,3,11,324,1,34,2,4,12,5,7,11,7,3,2,2,1,15,30
-5,29,3,41,5,0,1,1,0,0,0,9,6,0,0,3,11,324,2,33,1,4,11,4,6,11,6,3,1,1,1,15,30
4,29,4,39,5,0,0,1,0,0,0,3,12,0,0,3,11,324,2,33,2,4,12,4,5,10,5,3,1,0,3,15,15
-11,29,4,39,5,0,0,0,0,0,0,1,14,0,0,3,11,324,2,33,2,4,12,3,4,9,4,2,1,0,3,15,15
-30,29,4,47,4,0,0,0,0,0,0,0,15,0,0,3,11,324,2,33,2,4,12,2,3,8,3,1,1,0,1,16,15
-2,28,6,41,3,0,1,0,0,0,0,38,7,0,0,3,11,324,2,32,3,7,13,2,6,10,3,0,1,0,1,15,30
1,27,8,36,3,0,1,0,0,0,0,25,20,0,0,3,11,324,2,31,4,8,14,1,5,9,3,0,1,0,1,14,45
28,23,8,30,3,0,2,1,1,0,0,8,7,0,0,3,11,324,2,27,5,7,14,4,6,12,6,0,1,0,1,13,0
36,23,8,33,3,0,1,1,1,0,0,5,10,0,0,3,11,324,2,27,5,7,15,3,5,13,5,0,1,0,1,13,30
36,22,8,32,3,0,1,1,1,0,0,14,1,0,0,3,11,324,2,25,4,6,14,2,5,13,5,0,1,0,1,13,15
6,22,8,34,2,0,1,2,1,0,0,13,2,0,0,3,11,324,3,25,3,5,13,1,4,12,4,0,1,0,1,14,15
24,16,4,30,4,0,0,3,1,0,0,9,6,0,0,3,11,324,0,22,3,6,15,3,7,13,9,4,1,0,1,13,0
25,15,4,24,3,0,0,4,2,0,0,9,6,0,0,3,11,324,1,20,3,6,13,3,7,14,9,4,1,0,2,12,15
170,14,5,12,3,0,0,3,2,0,0,14,1,0,0,3,11,324,0,20,4,8,14,5,9,15,9,4,1,0,2,10,45
26,14,6,26,3,0,0,3,2,0,0,9,6,0,0,3,11,324,1,19,3,7,14,4,8,14,8,4,1,0,2,12,30
29,14,8,28,2,0,0,4,2,0,1,8,7,0,0,3,11,324,2,17,3,8,13,4,7,14,8,5,1,0,2,12,45
62,13,7,22,2,0,0,4,1,0,1,4,11,0,0,3,11,324,1,17,5,10,15,6,7,14,8,5,1,0,2,12,0
3,13,7,28,1,0,0,5,1,0,1,0,15,0,0,3,11,324,2,16,4,9,14,5,6,14,7,4,1,0,2,12,45
23,11,6,18,2,0,0,6,1,0,0,0,15,0,0,3,11,324,2,14,5,7,14,4,7,15,8,4,1,1,2,11,30
35,10,6,26,3,0,1,5,1,0,0,7,8,0,0,3,11,324,3,12,4,5,12,3,7,16,8,4,1,1,2,12,30
71,10,6,16,3,0,1,5,0,0,0,7,8,0,0,3,11,324,3,12,4,5,12,2,6,15,7,3,1,1,2,11,15
57,10,6,20,3,0,1,4,0,0,0,4,11,0,0,3,11,324,3,12,5,6,12,2,6,14,6,3,1,1,2,11,45
3,6,3,16,3,0,1,6,1,0,0,6,9,0,0,3,11,324,2,8,2,5,8,4,7,15,10,4,1,1,2,11,15
15,6,4,22,4,0,1,5,1,0,0,12,3,0,0,3,11,324,3,7,2,5,7,5,8,16,9,4,1,1,2,12,0
-39,5,4,20,4,0,0,5,1,0,0,4,11,0,0,3,11,324,2,7,3,6,7,5,9,15,9,5,0,1,2,11,45
2,5,5,14,3,0,0,5,1,0,0,10,5,0,0,3,11,324,2,7,3,7,7,4,8,16,8,4,0,0,2,11,0
10,4,4,18,3,0,1,4,1,0,0,5,10,0,0,3,11,324,1,6,3,6,6,3,9,15,9,5,0,0,2,11,30
-20,4,4,24,2,0,1,4,1,0,0,3,12,0,0,3,11,324,1,6,4,6,6,3,8,14,8,4,0,0,2,12,15
55,4,4,8,2,0,1,4,1,0,0,7,8,0,0,3,11,324,1,5,3,5,5,5,8,13,8,3,0,0,2,10,15
40,2,2,7,3,0,1,3,2,0,0,5,10,0,0,3,11,324,1,3,3,3,3,6,8,13,9,3,0,0,2,10,0
34,2,2,14,3,0,2,2,2,0,0,3,12,0,0,3,11,324,2,2,2,2,2,5,8,12,8,2,0,0,2,11,0
-16,2,2,10,3,0,1,2,2,0,0,11,4,0,0,3,11,324,2,2,2,2,2,4,8,11,7,2,0,0,2,10,30
38,2,2,12,3,0,1,1,2,0,0,8,7,0,0,3,11,324,2,2,2,2,2,3,7,10,6,2,0,0,2,10,45
6,0,0,3,5,0,0,1,2,0,0,9,6,0,0,3,11,324,1,0,0,0,0,4,8,9,8,4,0,0,2,9,30
41,0,0,8,5,0,0,0,2,0,0,7,8,0,0,3,11,324,1,0,0,0,0,3,7,8,7,3,0,0,2,10,15
-6,0,0,10,4,0,0,0,2,0,0,8,7,0,0,3,11,324,0,0,0,0,0,4,6,7,7,4,0,0,2,10,30
26,0,0,0,3,0,0,0,2,0,0,7,8,0,1,3,11,324,0,0,0,0,0,3,5,6,6,3,0,0,2,9,0
36,0,0,1,3,0,0,0,1,0,0,0,11,0,0,3,11,324,0,0,0,0,0,4,5,5,5,3,0,0,2,9,15
38,0,0,5,3,0,0,0,0,0,0,0,14,0,0,3,11,324,0,0,0,0,0,3,4,4,4,3,0,0,1,9,45
-3,0,0,1,2,0,0,0,0,0,0,0,29,0,0,3,11,324,0,0,0,0,0,3,3,3,3,2,0,0,2,9,15
25,0,0,3,1,0,0,0,0,0,0,0,35,0,0,3,11,324,0,0,0,0,0,2,2,2,2,1,0,0,2,9,30
-10,0,0,5,0,0,0,0,0,0,0,0,56,0,0,3,11,324,0,0,0,0,0,1,1,1,1,1,0,0,1,9,45
44,45,2,58,0,0,0,1,0,0,0,28,2,1,0,2,11,323,1,57,1,4,12,1,1,5,1,0,2,1,1,18,0
-8,43,5,55,1,0,0,2,1,0,1,2,13,0,0,2,11,323,1,52,4,8,15,3,6,12,5,1,2,0,1,17,15
6,40,5,49,2,0,2,2,1,0,1,5,10,0,0,2,11,323,2,48,4,9,15,5,8,15,7,2,2,0,2,16,30
25,40,5,55,2,0,2,1,1,0,1,5,10,0,0,2,11,323,2,48,4,9,15,4,7,14,6,2,2,0,1,17,15
-4,39,5,53,3,0,2,2,1,0,1,0,15,0,0,2,11,323,3,45,5,8,14,5,7,16,7,2,2,0,2,17,0
20,39,5,53,3,0,2,2,0,0,1,13,2,0,0,2,11,323,3,45,5,8,14,4,6,15,6,2,2,0,2,17,0
17,38,4,45,4,0,1,2,0,0,1,5,10,0,0,2,11,323,2,44,5,7,14,4,7,14,7,1,2,0,2,16,0
11,38,4,47,5,0,0,2,0,0,1,10,5,0,0,2,11,323,3,43,6,7,13,4,7,14,6,1,2,0,2,16,15
-43,38,4,57,4,0,0,2,0,0,1,9,6,0,0,2,11,323,2,43,6,7,13,3,7,14,6,2,2,0,1,17,30
-14,37,3,49,6,0,0,2,0,0,1,13,2,0,0,2,11,323,4,40,3,6,11,2,6,13,6,2,2,0,2,16,30
-9,35,3,41,6,0,0,2,0,0,1,13,2,0,0,2,11,323,2,39,3,7,11,3,9,13,8,4,2,1,2,15,30
-8,34,4,45,5,0,0,4,0,0,1,11,4,0,0,2,11,323,2,37,3,7,12,4,9,12,9,4,2,1,2,16,0
19,34,4,47,5,0,0,3,0,0,1,10,5,0,0,2,11,323,2,37,4,7,12,3,8,11,8,4,2,1,2,16,15
-6,34,5,43,6,0,0,3,0,0,0,11,4,0,0,2,11,323,2,36,4,6,11,6,8,11,8,3,2,1,2,15,45
23,34,5,39,5,0,0,3,0,0,0,10,5,0,0,2,11,323,2,36,4,6,11,5,7,10,7,2,2,1,1,15,0
41,33,5,37,7,0,0,3,0,0,0,7,8,0,0,2,11,323,3,33,3,4,14,5,7,10,8,2,2,1,1,14,30
12,33,5,43,7,0,0,2,0,0,0,6,9,0,0,2,11,323,3,33,3,4,14,4,6,9,7,2,2,1,2,15,45
7,32,5,40,6,0,0,2,0,0,0,3,12,0,0,2,11,323,2,33,3,5,14,4,5,10,7,2,2,1,2,15,15
-114,32,6,51,6,0,0,1,0,0,0,44,1,0,0,2,11,323,2,33,3,5,14,3,5,9,6,2,1,1,2,16,45
10,32,7,36,5,0,0,2,0,0,0,35,10,0,0,2,11,323,3,32,2,5,13,3,4,8,5,2,1,0,1,14,15
-108,30,6,51,5,0,0,3,0,0,0,18,27,0,0,2,11,323,3,30,2,5,13,2,3,8,6,3,1,0,2,16,45
2,29,6,41,4,0,0,3,0,0,0,9,36,0,0,2,11,323,2,30,3,5,14,2,3,8,6,2,1,0,2,15,30
50,27,7,35,3,0,0,5,0,0,0,1,14,0,0,2,11,323,2,28,3,9,15,2,5,10,7,3,1,0,1,13,30
48,24,8,34,4,0,1,5,0,0,0,2,13,0,0,2,11,323,2,25,6,8,15,4,5,16,9,4,1,0,1,13,15
17,21,8,29,7,0,1,5,0,0,0,10,5,0,0,2,11,323,3,21,4,7,15,3,6,19,11,4,1,0,3,12,45
29,20,8,24,8,0,0,5,1,0,0,6,9,0,0,2,11,323,4,19,2,5,13,2,5,18,11,3,1,0,2,12,0
-10,20,8,38,7,0,0,5,1,0,0,6,9,0,0,2,11,323,4,19,2,5,14,1,4,17,10,3,1,0,1,14,45
59,16,7,26,6,0,0,5,2,0,1,5,10,0,0,2,11,323,2,17,4,7,16,4,11,20,13,5,1,1,1,12,15
63,16,8,31,5,0,0,5,2,0,1,1,14,0,0,2,11,323,2,17,4,7,16,4,11,19,12,5,1,1,1,13,0
50,13,6,29,7,0,0,4,2,0,1,13,2,0,0,2,11,323,1,15,5,8,15,5,13,20,14,5,1,1,3,12,45
6,12,6,22,8,0,0,4,2,0,0,5,10,0,0,2,11,323,1,14,4,9,14,8,13,20,14,6,1,1,2,11,45
50,11,5,28,8,0,0,4,2,0,0,3,12,0,0,2,11,323,1,13,3,8,13,8,12,19,14,6,1,1,2,12,30
43,11,6,31,8,0,0,3,2,0,0,14,1,0,0,2,11,323,1,12,3,8,13,7,11,19,13,5,0,1,1,13,0
27,9,5,20,8,0,0,4,2,0,0,14,1,0,0,2,11,323,1,11,4,8,11,9,11,21,14,7,0,0,2,11,30
26,9,5,26,7,0,0,5,2,0,0,9,6,0,0,2,11,323,2,10,4,7,10,9,13,20,13,6,0,0,1,12,15
37,9,5,24,7,0,0,4,2,0,0,9,6,0,0,2,11,323,2,10,4,7,10,8,12,19,12,5,0,0,2,12,0
6,9,7,31,7,0,0,3,2,0,0,7,8,0,0,2,11,323,2,10,4,7,10,7,11,18,11,5,0,0,1,13,0
20,9,7,22,6,0,0,3,2,0,0,6,9,0,0,2,11,323,2,10,5,9,10,6,10,17,10,5,0,0,2,11,45
69,9,7,18,5,0,0,3,2,0,0,4,11,0,0,2,11,323,2,10,5,9,10,5,9,16,9,5,0,0,2,11,15
-1,8,6,14,6,0,0,2,2,0,0,12,3,0,0,2,11,323,1,9,5,9,9,4,8,15,10,5,0,0,2,10,45
45,8,6,20,5,0,0,2,2,0,0,10,5,0,0,2,11,323,1,9,6,9,9,3,8,14,9,5,0,0,2,11,30
42,8,6,16,6,0,0,2,1,0,0,3,12,0,0,2,11,323,2,8,5,8,8,3,7,13,8,4,0,0,2,11,0
48,6,5,12,5,0,0,3,1,0,0,11,4,0,0,2,11,323,1,7,4,7,7,4,7,14,9,5,0,0,2,10,30
-27,4,4,14,6,0,1,3,2,0,0,8,7,0,0,2,11,323,2,3,3,3,3,5,11,15,11,7,0,0,2,10,45
51,4,4,12,5,0,1,3,2,0,0,13,2,0,0,2,11,323,2,3,3,3,3,5,10,15,10,6,0,0,2,10,30
47,4,4,8,5,0,1,2,2,0,0,12,3,0,0,2,11,323,2,3,3,3,3,4,9,14,9,5,0,0,2,10,0
51,4,4,10,5,0,1,2,1,0,0,9,6,0,0,2,11,323,2,3,3,3,3,3,8,13,8,5,0,0,2,10,15
56,2,2,2,5,0,1,3,2,0,0,10,5,0,0,2,11,323,2,0,0,0,0,6,7,12,10,7,0,0,2,9,15
14,2,2,18,4,0,1,3,2,0,0,2,13,0,0,2,11,323,2,0,0,0,0,6,6,11,9,7,0,0,2,11,15
42,1,1,6,3,0,1,3,2,0,0,7,8,0,0,2,11,323,1,0,0,0,0,5,7,10,9,7,0,0,2,9,45
-19,1,1,8,3,0,1,2,2,0,0,1,14,0,0,2,11,323,1,0,0,0,0,4,7,9,8,6,0,0,2,10,0
34,1,1,16,2,0,1,2,2,0,0,14,1,0,0,2,11,323,1,0,0,0,0,3,6,8,7,5,0,0,2,11,0
89,0,0,4,2,0,1,1,2,0,0,12,3,0,0,2,11,323,0,0,0,0,0,2,6,7,7,6,0,0,2,9,30
30,0,0,6,1,0,1,1,2,0,0,9,6,0,0,2,11,323,0,0,0,0,0,1,5,6,6,5,0,0,2,9,45
14,0,0,10,0,0,1,1,2,0,0,0,28,0,0,2,11,323,0,0,0,0,0,4,5,5,5,4,0,0,2,10,15
13,0,0,0,0,0,1,1,1,0,0,0,29,0,1,2,11,323,0,0,0,0,0,3,4,4,4,3,0,0,2,9,0
31,0,0,0,0,0,1,0,1,0,0,0,41,0,1,2,11,323,0,0,0,0,0,3,3,3,3,2,0,0,2,9,0
38,0,0,2,0,0,1,0,0,0,0,0,46,0,0,2,11,323,0,0,0,0,0,2,2,2,2,2,0,0,2,9,15
23,0,0,4,0,0,0,0,0,0,0,0,60,0,0,2,11,323,0,0,0,0,0,1,1,1,1,1,0,0,2,9,30
2,27,0,52,0,0,0,0,0,0,0,9,6,1,0,6,11,320,0,52,4,7,8,1,2,6,1,1,6,1,2,17,45
-5,27,1,50,1,0,0,2,0,0,0,13,2,0,0,6,11,320,2,48,3,4,10,1,4,7,2,2,5,1,1,17,30
-8,26,0,50,2,0,1,3,0,0,0,0,15,0,0,6,11,320,1,44,0,4,10,4,5,10,6,3,5,1,1,17,30
-18,26,0,48,2,0,1,2,0,0,0,24,6,0,0,6,11,320,1,44,0,4,10,3,5,9,5,2,5,1,2,17,15
-23,26,0,46,2,0,0,2,0,0,0,20,10,0,0,6,11,320,0,44,0,4,10,2,4,8,5,1,5,1,1,16,45
-5,26,0,47,1,0,0,2,0,0,0,11,19,0,0,6,11,320,0,44,2,6,12,1,4,8,4,1,4,1,2,17,0
-22,26,1,45,4,0,0,1,0,0,1,5,25,0,0,6,11,320,3,40,2,5,12,4,5,11,4,2,4,0,1,16,30
20,26,1,43,4,0,0,0,0,0,1,13,2,0,0,6,11,320,3,40,3,6,12,4,5,10,3,2,4,0,1,16,15
-19,26,2,41,4,0,0,1,0,0,1,12,3,0,0,6,11,320,3,38,3,6,13,3,5,10,4,4,4,0,2,15,45
-34,26,2,41,3,0,0,1,0,0,1,10,5,0,0,6,11,320,2,38,3,6,13,2,4,9,4,3,4,0,2,15,45
-75,26,3,43,3,0,0,1,0,0,1,14,1,0,0,6,11,320,3,37,3,6,13,2,4,10,3,2,4,0,1,16,15
-35,25,5,48,3,0,0,1,0,0,3,0,15,0,0,6,11,320,3,34,3,6,12,3,6,11,5,2,4,0,2,17,15
-29,24,6,38,3,0,0,2,0,0,3,30,15,0,0,6,11,320,3,32,4,7,12,4,6,11,6,2,4,0,1,15,0
-32,24,8,36,3,0,1,2,0,0,2,16,29,0,0,6,11,320,3,31,3,7,12,4,7,14,6,1,4,2,2,14,45
-5,22,6,38,4,0,1,2,0,0,1,9,36,0,0,6,11,320,2,30,3,7,12,3,7,13,7,2,4,3,1,15,0
15,22,6,34,5,0,2,2,0,0,0,2,43,0,0,6,11,320,4,28,3,5,12,3,6,13,6,2,4,3,1,14,15
-33,22,7,35,5,0,2,1,0,0,0,13,2,0,0,6,11,320,4,28,3,5,12,2,5,12,5,2,4,3,2,14,30
-36,19,4,40,5,0,4,0,0,0,0,3,12,0,0,6,11,320,2,26,3,6,13,4,6,14,8,4,4,3,2,15,15
76,16,2,28,4,0,6,0,0,0,0,4,11,0,0,6,11,320,1,24,2,4,15,4,9,13,10,5,3,3,2,12,45
13,16,2,32,4,0,5,0,0,0,0,2,13,0,0,6,11,320,1,24,2,4,15,3,8,12,9,5,2,2,1,13,15
53,16,2,21,4,0,4,0,1,0,0,12,3,0,0,6,11,320,2,23,2,5,14,2,7,11,8,4,1,1,2,12,0
5,15,2,28,4,0,3,0,1,0,0,11,4,0,0,6,11,320,1,23,3,7,17,4,8,11,8,3,1,1,2,12,45
33,15,3,26,4,0,2,3,1,0,0,8,7,0,0,6,11,320,3,20,2,7,16,5,8,13,8,3,1,1,2,12,30
9,15,5,30,3,0,2,3,1,0,0,14,1,0,0,6,11,320,2,20,4,9,18,5,8,14,8,3,1,1,1,13,0
15,15,5,33,3,0,1,3,1,0,0,12,3,0,0,6,11,320,2,20,4,9,18,4,7,13,7,3,1,1,1,13,30
39,15,5,30,2,0,1,3,1,0,0,11,4,0,0,6,11,320,2,20,4,9,18,4,6,12,6,2,1,1,1,13,0
17,15,6,24,2,0,0,3,1,0,0,7,8,0,0,6,11,320,2,20,5,11,18,3,5,11,5,1,1,1,2,12,15
86,13,6,21,1,0,0,5,1,0,1,7,8,0,0,6,11,320,2,17,4,9,15,4,4,10,7,3,1,1,2,12,0
-6,13,8,26,1,0,0,6,0,0,1,12,3,0,0,6,11,320,1,16,5,10,14,3,4,9,8,3,0,1,2,12,30
-9,12,9,18,1,0,0,8,0,0,0,0,15,0,0,6,11,320,2,14,5,10,13,2,6,10,8,4,0,0,3,11,45
-7,12,9,24,2,0,0,7,0,0,0,8,7,0,0,6,11,320,3,13,5,9,12,1,5,10,7,4,0,0,2,12,15
-11,5,5,21,4,0,0,9,0,0,1,13,2,0,0,6,11,320,1,7,5,5,7,6,6,15,14,11,0,0,2,12,0
-16,5,5,18,4,0,0,8,1,0,1,10,5,0,0,6,11,320,2,6,4,5,6,5,5,15,13,11,0,0,3,11,45
20,5,5,17,4,0,0,7,1,0,1,9,6,0,0,6,11,320,2,6,4,5,6,4,4,14,12,11,0,0,3,11,30
22,3,3,12,4,0,0,7,1,0,1,4,11,0,0,6,11,320,1,5,3,4,5,3,4,13,13,11,0,0,1,10,45
22,2,2,15,5,0,0,6,2,0,1,3,12,0,0,6,11,320,2,3,1,3,3,2,6,15,13,12,0,0,1,11,15
-102,1,1,36,5,0,0,6,2,0,1,1,14,0,0,6,11,320,2,2,0,2,2,1,5,14,13,11,0,0,2,14,45
18,0,0,14,6,0,0,5,2,0,1,9,6,0,0,6,11,320,1,1,1,1,1,5,10,16,14,12,0,0,2,11,0
35,0,0,10,6,0,0,4,2,0,1,3,12,0,0,6,11,320,1,1,1,1,1,5,9,15,13,11,0,0,2,10,30
18,0,0,10,6,0,0,3,2,0,1,12,3,0,0,6,11,320,1,1,1,1,1,6,10,14,12,10,0,0,2,10,30
65,0,0,1,6,0,0,3,1,0,2,4,11,0,0,6,11,320,1,0,0,0,0,6,10,13,12,9,0,0,2,9,15
40,0,0,7,5,0,0,3,1,0,2,0,2,0,0,6,11,320,1,0,0,0,0,5,10,12,11,8,0,0,1,10,0
-21,0,0,15,4,0,0,3,1,0,2,0,12,0,0,6,11,320,0,0,0,0,0,5,11,11,11,7,0,0,1,11,15
15,0,0,9,4,0,0,2,1,0,2,0,14,0,0,6,11,320,0,0,0,0,0,5,10,10,10,6,0,0,2,10,15
37,0,0,5,3,0,0,2,1,0,2,0,15,0,0,6,11,320,0,0,0,0,0,4,9,9,9,5,0,0,2,9,45
60,0,0,3,3,0,0,1,1,0,2,0,18,0,0,6,11,320,0,0,0,0,0,4,8,8,8,5,0,0,2,9,30
11,0,0,12,3,0,0,1,1,0,1,0,32,0,0,6,11,320,0,0,0,0,0,5,7,7,7,4,0,0,1,10,45
2,0,0,3,2,0,0,1,1,0,1,0,44,0,0,6,11,320,0,0,0,0,0,6,6,6,6,3,0,0,2,9,30
-11,0,0,5,2,0,0,1,0,0,1,0,45,0,0,6,11,320,0,0,0,0,0,5,5,5,5,2,0,0,2,9,45
2,0,0,7,1,0,0,1,0,0,1,0,56,0,0,6,11,320,0,0,0,0,0,4,4,4,4,1,0,0,1,10,0
-8,0,0,1,0,0,0,1,0,0,1,0,61,0,0,6,11,320,0,0,0,0,0,3,3,3,3,1,0,0,2,9,15
68,0,0,0,0,0,0,0,0,0,1,0,65,0,1,6,11,320,0,0,0,0,0,2,2,2,2,1,0,0,2,9,0
-170,0,0,18,0,0,0,0,0,0,0,0,66,0,0,6,11,320,0,0,0,0,0,1,1,1,1,0,0,0,3,11,45
61,37,6,57,2,0,3,5,0,0,0,1,14,0,0,5,11,319,1,51,4,9,14,5,7,12,10,4,7,1,2,17,30
21,37,6,53,3,0,2,5,0,0,0,0,15,0,0,5,11,319,2,50,3,8,13,4,6,11,9,4,7,1,2,17,0
53,35,8,55,4,0,2,5,0,0,0,7,8,0,0,5,11,319,1,48,4,9,14,5,7,16,11,3,7,1,2,17,15
-74,35,8,61,4,0,1,5,0,0,0,6,9,1,0,5,11,319,1,48,4,9,14,4,7,15,10,3,6,1,1,18,15
36,35,8,57,4,0,0,5,0,0,0,2,13,0,0,5,11,319,1,48,5,9,14,3,6,15,9,3,6,0,2,17,30
29,33,7,55,6,0,0,4,0,0,0,6,9,0,0,5,11,319,1,46,5,8,13,3,6,16,10,4,6,0,2,17,15
31,33,7,51,7,0,0,3,0,0,0,13,2,0,0,5,11,319,2,45,6,8,13,3,6,17,9,4,6,1,2,16,45
49,30,4,51,8,0,0,4,0,0,0,11,4,0,0,5,11,319,1,42,4,6,10,3,7,20,12,5,6,1,2,16,45
26,29,3,48,7,0,2,4,0,0,0,0,15,0,0,5,11,319,2,40,2,5,10,4,8,19,12,5,6,1,1,16,15
55,27,2,46,8,0,2,3,0,0,0,7,8,0,0,5,11,319,1,39,2,5,9,3,9,19,13,6,6,1,2,16,0
83,27,2,50,9,0,2,2,0,0,0,9,6,0,0,5,11,319,2,38,2,5,10,5,10,18,12,6,6,1,2,16,30
122,26,1,37,9,0,2,1,0,0,0,5,10,0,0,5,11,319,1,38,3,5,10,4,10,18,12,6,5,1,1,15,0
41,26,1,44,9,0,2,1,0,0,0,0,15,0,0,5,11,319,1,37,3,5,11,7,14,17,12,5,5,1,2,15,45
8,26,1,42,9,0,1,2,0,0,0,12,3,0,0,5,11,319,1,36,3,4,11,6,14,17,12,5,5,1,2,15,30
25,26,1,46,8,0,1,2,0,0,0,10,5,0,0,5,11,319,1,36,3,4,12,5,13,17,11,4,5,1,2,16,0
39,26,1,37,9,0,0,2,0,0,0,1,14,0,0,5,11,319,2,35,2,5,13,7,12,17,10,4,5,1,1,15,0
18,26,1,44,9,0,0,1,0,0,0,14,1,0,0,5,11,319,2,35,3,5,13,7,11,16,9,4,5,1,2,15,45
71,26,1,35,8,0,0,1,0,0,0,10,5,0,0,5,11,319,2,35,3,5,13,6,11,15,8,4,5,2,4,14,45
-15,25,2,53,8,0,0,1,0,0,0,2,13,0,0,5,11,319,1,34,2,4,13,6,10,15,9,6,5,2,2,17,0
113,25,2,32,7,0,1,1,0,0,0,10,5,0,0,5,11,319,1,33,2,5,14,8,9,14,9,6,5,2,1,13,30
-2,25,3,48,6,0,1,1,0,0,0,7,8,0,0,5,11,319,1,33,2,5,14,7,9,13,8,5,5,3,1,16,15
108,25,3,33,5,0,1,1,0,0,0,3,12,0,0,5,11,319,1,33,3,6,16,6,8,12,7,4,5,3,1,14,15
16,25,3,42,4,0,1,1,0,0,0,0,15,0,0,5,11,319,0,33,3,6,16,5,7,11,7,5,5,3,2,15,30
-32,25,3,37,4,0,1,1,0,0,0,38,7,0,0,5,11,319,1,32,2,5,15,5,6,13,6,4,5,3,1,15,0
10,25,4,34,3,0,1,1,0,0,0,31,14,0,0,5,11,319,1,32,2,6,15,4,5,13,5,4,5,3,2,14,30
-225,25,5,59,3,0,0,1,0,0,0,30,15,0,0,5,11,319,1,32,2,6,15,3,4,13,4,3,4,3,1,18,0
-9,25,5,41,2,0,0,1,0,0,0,29,16,0,0,5,11,319,1,32,2,7,15,2,3,12,3,2,4,2,2,15,15
-204,25,7,59,4,0,0,0,0,0,0,14,31,0,0,5,11,319,2,30,3,8,16,2,5,12,3,3,3,2,1,18,0
-3,22,7,37,5,0,0,0,0,0,0,7,8,0,0,5,11,319,1,28,4,9,16,4,5,13,5,5,2,1,1,15,0
78,20,6,23,6,0,1,0,0,0,0,13,2,0,0,5,11,319,2,25,5,8,15,4,9,16,6,5,2,1,2,12,15
27,19,5,25,5,0,1,0,0,0,0,12,3,0,0,5,11,319,1,25,6,9,15,3,8,15,6,5,2,1,2,12,30
23,19,5,29,5,0,1,0,0,0,0,9,6,0,0,5,11,319,2,24,5,9,15,2,8,14,5,4,2,1,1,13,0
3,18,6,29,7,0,0,0,0,0,0,5,10,0,0,5,11,319,3,22,5,8,15,5,8,15,5,3,2,1,1,13,0
-52,15,5,35,9,0,0,1,0,0,1,14,1,0,0,5,11,319,3,17,3,7,13,6,10,15,9,7,2,1,4,14,45
32,15,5,21,8,0,0,1,0,0,1,9,6,0,0,5,11,319,3,17,3,7,13,5,9,16,8,6,1,1,2,12,0
6,15,5,27,7,0,0,1,0,0,1,8,7,0,0,5,11,319,3,17,3,7,13,5,8,15,7,5,1,0,2,12,45
20,15,6,31,6,0,0,1,0,0,1,7,8,0,0,5,11,319,3,17,3,7,13,4,7,14,6,5,1,0,1,13,15
41,14,5,19,6,0,0,1,0,0,0,1,14,0,0,5,11,319,2,17,4,7,14,3,7,13,6,5,1,0,2,11,45
-12,14,6,27,6,0,0,1,0,0,0,9,6,0,0,5,11,319,3,15,4,7,14,2,7,13,5,5,1,0,2,12,45
60,12,4,21,7,0,0,1,0,0,0,9,6,0,0,5,11,319,3,14,4,6,12,4,8,14,6,5,1,0,2,12,0
67,11,5,13,6,0,0,3,0,0,0,8,7,0,0,5,11,319,3,12,3,7,10,5,7,18,7,5,1,0,2,11,0
11,11,5,17,5,0,0,3,0,0,0,7,8,0,0,5,11,319,2,12,3,7,10,4,6,17,7,4,1,0,2,11,30
-13,11,6,25,6,0,0,3,0,0,0,2,13,0,0,5,11,319,4,10,2,5,8,4,6,16,6,3,1,0,2,12,30
5,9,4,19,5,0,0,3,0,0,0,4,11,0,0,5,11,319,2,10,3,6,10,4,7,15,7,3,1,1,2,11,45
17,9,5,15,4,0,0,3,0,0,0,1,14,0,0,5,11,319,2,10,4,7,10,3,6,14,6,3,1,1,2,11,15
67,8,5,15,4,0,0,3,0,0,0,6,9,0,0,5,11,319,2,9,4,7,9,2,8,13,6,3,1,1,2,11,15
-8,8,7,17,4,0,0,2,0,0,1,9,6,0,0,5,11,319,2,8,4,6,8,4,7,13,6,3,1,1,2,11,30
38,6,5,10,4,0,0,4,0,0,1,4,11,0,0,5,11,319,2,5,3,3,5,6,11,14,8,5,1,1,2,10,30
59,5,4,6,4,0,0,4,0,0,1,11,4,0,0,5,11,319,2,4,2,2,4,5,10,13,8,6,1,1,2,10,0
32,5,4,11,4,0,0,3,0,0,1,10,5,0,0,5,11,319,2,4,2,3,4,4,9,12,7,6,0,1,2,10,45
14,3,3,8,5,0,0,2,0,0,1,14,1,0,0,5,11,319,1,3,1,3,3,6,8,11,8,6,0,0,1,10,15
-13,3,3,13,6,0,0,1,0,0,1,9,6,0,0,5,11,319,2,2,0,2,2,6,7,10,7,5,0,0,2,11,0
-43,3,3,23,5,0,0,1,0,0,1,8,7,0,0,5,11,319,2,2,0,2,2,6,6,9,6,4,0,0,2,12,15
3,1,1,8,4,0,0,1,0,0,1,7,8,0,0,5,11,319,0,2,2,2,2,5,6,9,7,4,0,0,1,10,15
13,1,1,3,3,0,0,1,0,0,1,1,14,0,0,5,11,319,0,2,2,2,2,4,6,8,6,3,0,0,1,9,30
38,1,1,6,2,0,0,1,0,0,1,0,15,0,0,5,11,319,0,2,2,2,2,3,5,7,5,3,0,0,2,10,0
18,1,1,5,1,0,0,1,0,0,1,10,5,0,0,5,11,319,0,2,2,2,2,2,5,6,4,2,0,0,2,9,45
-11,1,1,11,1,0,0,1,0,0,0,9,6,0,0,5,11,319,0,2,2,2,2,1,4,5,3,2,0,0,2,10,45
44,0,0,2,2,0,0,0,0,0,1,0,11,0,0,5,11,319,0,0,0,0,0,3,4,4,4,4,0,0,2,9,15
1,0,0,0,1,0,0,0,0,0,1,0,25,0,1,5,11,319,0,0,0,0,0,2,3,3,3,3,0,0,1,9,0
13,0,0,3,0,0,0,0,0,0,1,0,34,0,0,5,11,319,0,0,0,0,0,1,2,2,2,2,0,0,1,9,30
-7,0,0,0,0,0,0,0,0,0,0,0,70,0,1,5,11,319,0,0,0,0,0,1,1,1,1,1,0,0,1,9,0
-4,37,4,49,1,0,1,1,0,0,0,20,10,1,0,4,11,318,1,46,2,5,11,1,3,6,3,2,1,0,2,17,30
27,35,7,47,3,0,0,2,0,0,0,10,20,0,0,4,11,318,2,43,2,7,11,2,4,11,4,3,1,0,1,16,45
29,33,5,48,2,0,1,3,0,0,0,11,4,0,0,4,11,318,2,41,3,5,11,1,4,11,5,3,1,0,1,17,15
59,30,4,44,5,0,1,3,0,0,0,4,11,0,0,4,11,318,3,37,2,4,12,3,7,13,7,4,1,0,1,15,45
253,28,2,19,6,0,0,3,0,0,0,10,5,0,0,4,11,318,2,36,2,4,13,3,8,12,8,4,1,0,2,11,45
30,28,3,46,6,0,0,2,0,0,0,1,14,0,0,4,11,318,2,36,2,5,14,2,8,11,7,4,1,0,1,16,15
79,27,4,38,8,0,0,1,0,0,0,14,1,0,0,4,11,318,2,34,2,5,13,4,8,13,8,5,1,0,2,15,0
28,26,6,40,7,0,0,1,0,0,0,10,5,0,0,4,11,318,0,34,4,8,14,6,8,12,9,4,1,0,2,15,15
33,26,7,38,7,0,0,1,0,0,0,6,9,0,0,4,11,318,1,33,3,8,13,5,8,12,8,3,1,0,2,15,0
22,26,7,45,6,0,0,1,0,0,0,6,9,0,0,4,11,318,1,33,3,8,13,5,7,11,7,2,1,0,1,16,0
39,26,7,40,7,0,0,0,0,0,0,12,3,0,0,4,11,318,2,32,3,8,12,4,6,10,6,2,1,0,2,15,15
27,26,7,34,6,0,0,0,0,0,0,11,4,0,0,4,11,318,2,32,3,9,12,3,5,9,5,1,1,0,2,14,30
-16,26,7,42,5,0,0,0,0,0,0,10,5,0,0,4,11,318,2,32,3,9,12,2,4,8,4,1,1,0,1,15,30
48,24,7,36,6,0,0,0,0,0,0,36,9,0,0,4,11,318,2,30,5,8,13,3,3,8,5,1,1,0,2,14,45
-38,23,7,42,5,0,0,1,0,0,0,23,22,0,0,4,11,318,2,29,6,8,14,2,5,10,5,1,1,0,1,15,30
24,19,4,36,5,0,1,2,0,0,1,9,36,0,0,4,11,318,2,25,3,5,12,1,4,11,8,3,1,0,2,14,45
8,16,4,33,5,0,1,4,0,0,1,5,10,0,0,4,11,318,1,22,2,5,12,4,5,13,11,3,1,0,2,14,15
54,16,5,27,5,0,1,4,0,0,0,4,11,0,0,4,11,318,1,22,2,5,12,3,5,13,10,3,1,0,1,12,45
46,16,6,32,4,0,1,4,0,0,0,1,14,0,0,4,11,318,1,22,2,6,12,2,4,12,9,3,1,0,1,13,30
-58,15,7,34,6,0,0,4,0,0,0,8,7,0,0,4,11,318,2,20,3,7,13,2,7,15,9,4,1,1,2,14,30
48,13,8,31,6,0,0,4,0,0,0,13,2,0,0,4,11,318,1,19,6,9,13,6,9,15,10,4,1,1,1,13,15
35,11,6,17,6,0,0,5,0,0,0,4,11,0,0,4,11,318,1,17,4,7,12,5,9,15,11,5,1,1,2,11,30
49,10,6,30,6,0,0,5,0,0,0,1,14,0,0,4,11,318,1,16,4,6,12,4,8,15,11,5,1,1,1,13,0
72,10,6,25,5,0,0,5,0,0,0,14,1,0,0,4,11,318,1,16,4,6,12,4,7,14,10,4,1,1,3,12,30
79,8,5,25,5,0,0,6,1,0,0,0,15,0,0,4,11,318,2,13,3,5,10,4,10,13,11,4,1,1,3,12,30
34,8,5,27,5,0,0,5,1,0,0,14,1,0,0,4,11,318,2,13,3,5,10,3,9,12,10,4,0,1,1,12,45
32,6,4,23,5,0,0,5,1,0,0,0,15,0,0,4,11,318,1,12,2,5,10,4,9,12,11,6,0,0,2,12,15
20,6,4,27,4,0,1,5,1,0,0,8,7,0,0,4,11,318,2,11,2,4,10,3,8,11,10,5,0,0,1,12,45
68,5,3,23,5,0,1,4,1,0,0,14,1,0,0,4,11,318,2,10,2,4,10,6,7,10,10,6,0,0,2,12,15
2,5,3,21,5,0,1,3,1,0,0,4,11,0,0,4,11,318,2,10,3,5,10,5,7,10,9,6,0,0,2,12,0
78,3,2,9,5,0,1,3,1,0,1,7,8,0,0,4,11,318,2,8,2,5,8,5,7,13,10,8,0,0,2,10,30
72,3,2,13,4,0,1,3,1,0,1,5,10,0,0,4,11,318,2,8,2,5,8,4,6,12,9,7,0,0,2,11,0
46,3,2,19,3,0,1,3,1,0,1,4,11,0,0,4,11,318,2,8,2,5,8,3,5,11,8,6,0,0,2,11,45
7,3,2,15,3,0,0,3,1,0,1,2,13,0,0,4,11,318,1,8,2,5,8,2,4,10,8,7,0,0,2,11,15
33,3,2,13,4,0,0,3,0,0,1,4,11,0,0,4,11,318,1,7,2,4,7,2,3,12,8,7,0,0,2,11,0
23,2,2,17,5,0,0,2,0,0,1,7,8,0,0,4,11,318,0,6,3,6,6,2,3,14,9,8,0,0,2,11,30
14,2,2,21,6,0,0,2,0,0,1,2,13,0,0,4,11,318,2,4,1,4,4,2,4,14,8,8,0,0,2,12,0
32,1,1,2,6,0,0,2,0,0,1,4,11,0,0,4,11,318,1,3,3,3,3,2,10,13,9,7,0,0,2,9,30
55,0,0,6,9,0,0,1,0,0,1,4,11,0,0,4,11,318,1,0,0,0,0,8,12,12,11,8,0,0,1,10,0
80,0,0,8,9,0,0,0,0,0,1,3,12,0,0,4,11,318,1,0,0,0,0,8,11,11,10,7,0,0,2,10,15
62,0,0,6,8,0,0,0,0,0,1,2,13,0,0,4,11,318,0,0,0,0,0,7,10,10,10,7,0,0,1,10,0
-5,0,0,2,7,0,0,0,0,0,1,0,2,0,0,4,11,318,0,0,0,0,0,6,9,9,9,6,0,0,2,9,30
-5,0,0,11,7,0,0,0,0,0,0,0,4,0,0,4,11,318,0,0,0,0,0,6,8,8,8,5,0,0,2,10,45
-28,0,0,15,6,0,0,0,0,0,0,0,14,0,0,4,11,318,0,0,0,0,0,5,7,7,7,4,0,0,2,11,15
-86,0,0,11,5,0,0,0,0,0,0,0,17,0,0,4,11,318,0,0,0,0,0,5,6,6,6,3,0,0,2,10,45
46,0,0,4,4,0,0,0,0,0,0,0,20,0,0,4,11,318,0,0,0,0,0,4,5,5,5,3,0,0,2,9,45
29,0,0,0,3,0,0,0,0,0,0,0,26,0,1,4,11,318,0,0,0,0,0,4,4,4,4,2,0,0,1,9,0
-13,0,0,1,2,0,0,0,0,0,0,0,34,0,0,4,11,318,0,0,0,0,0,3,3,3,3,2,0,0,2,9,15
-23,0,0,9,1,0,0,0,0,0,0,0,45,0,0,4,11,318,0,0,0,0,0,2,2,2,2,1,0,0,2,10,30
-10,0,0,4,0,0,0,0,0,0,0,0,55,0,0,4,11,318,0,0,0,0,0,1,1,1,1,0,0,0,2,9,45
28,27,2,48,5,0,1,0,0,0,0,2,13,0,0,3,11,317,1,48,2,5,11,5,6,12,6,3,3,2,1,16,45
38,27,3,53,5,0,1,0,0,0,0,12,3,1,0,3,11,317,2,47,1,5,11,5,5,11,5,2,3,2,1,17,30
22,27,3,50,4,0,1,0,0,0,0,6,9,0,0,3,11,317,2,47,2,5,12,4,5,10,4,1,3,2,2,17,0
32,26,2,51,3,0,1,0,0,0,0,5,10,0,0,3,11,317,1,47,2,5,12,3,4,10,4,1,2,2,2,17,15
54,26,2,51,3,0,0,0,0,0,0,4,11,0,0,3,11,317,1,47,2,5,12,2,3,9,3,0,1,1,2,17,15
21,25,3,53,3,0,0,0,0,0,0,14,1,1,0,3,11,317,0,46,4,6,13,1,4,10,4,1,1,0,1,17,30
-3,24,3,44,6,0,0,0,0,0,0,10,5,0,0,3,11,317,1,42,3,7,9,3,6,13,6,1,1,0,1,16,15
36,24,3,44,6,0,0,0,0,0,0,3,12,0,0,3,11,317,2,41,2,6,8,3,6,13,5,1,1,1,1,16,15
16,22,2,41,6,0,0,0,0,0,0,14,1,0,0,3,11,317,1,40,3,7,11,4,7,13,6,2,1,1,1,15,45
0,22,2,41,6,0,0,0,0,0,0,8,7,0,0,3,11,317,2,39,4,6,10,3,6,13,5,2,1,1,1,15,45
-16,21,1,48,5,0,0,2,0,0,0,10,5,0,0,3,11,317,2,37,3,4,12,4,8,12,6,2,1,1,1,16,45
29,21,1,43,4,0,0,2,0,0,0,3,12,0,0,3,11,317,2,37,3,4,13,4,8,11,5,1,1,1,3,16,0
-13,21,1,39,5,0,0,2,0,0,0,5,10,0,0,3,11,317,2,35,2,2,13,3,8,15,6,3,0,1,2,15,30
1,21,1,37,4,0,0,2,0,0,0,12,3,0,0,3,11,317,2,35,2,3,13,5,7,14,5,3,0,0,2,15,15
-19,21,2,44,4,0,0,2,0,0,0,9,6,0,0,3,11,317,3,34,1,2,12,4,7,13,4,2,0,0,1,16,15
-33,20,1,39,5,0,0,1,0,0,0,5,10,0,0,3,11,317,0,33,0,5,15,5,7,13,7,4,0,0,2,15,30
19,20,2,37,4,0,0,1,0,0,0,3,12,0,0,3,11,317,0,33,0,6,15,4,6,12,6,3,0,0,2,15,15
-21,20,2,33,3,0,0,1,0,0,0,2,13,0,0,3,11,317,0,33,1,6,15,3,5,12,5,3,0,0,2,14,45
-21,20,3,33,2,0,0,1,0,0,0,33,12,0,0,3,11,317,0,33,3,9,18,3,4,11,4,3,0,0,2,14,45
-113,20,5,47,1,0,0,1,0,0,0,24,21,0,0,3,11,317,0,33,4,10,18,3,5,10,3,2,0,0,2,16,30
-2,20,6,35,1,0,0,0,0,0,1,10,35,0,0,3,11,317,1,32,7,10,19,2,7,11,2,1,0,0,2,15,0
115,19,7,18,3,0,0,1,0,0,0,11,4,0,0,3,11,317,3,29,5,9,18,3,7,11,2,0,0,0,2,11,45
-96,16,5,35,4,0,1,2,1,0,0,14,1,0,0,3,11,317,3,24,4,9,16,6,7,12,6,2,0,0,2,15,0
13,16,5,27,3,0,1,2,1,0,0,13,2,0,0,3,11,317,3,24,4,9,16,5,6,12,5,2,0,0,1,13,0
4,15,5,29,4,0,1,2,1,0,0,8,7,0,0,3,11,317,4,22,3,7,14,4,5,13,5,3,0,0,1,13,15
6,14,4,32,3,0,1,2,1,0,0,6,9,0,0,3,11,317,3,22,4,8,14,3,4,14,5,4,0,0,2,14,30
-60,14,4,31,3,0,0,2,1,0,0,5,10,0,0,3,11,317,3,22,4,8,14,2,3,13,4,4,0,0,1,14,15
17,13,4,25,4,0,0,2,1,0,0,4,11,0,0,3,11,317,2,20,5,8,13,2,4,14,6,5,0,0,2,12,45
-41,12,5,30,5,0,1,1,1,0,0,2,13,0,0,3,11,317,2,18,5,8,13,1,4,15,7,5,0,0,1,13,30
41,10,6,22,7,0,1,2,2,0,0,14,1,0,0,3,11,317,4,13,3,5,12,3,11,18,9,6,0,0,1,12,15
-42,10,6,27,7,0,0,2,2,0,0,10,5,0,0,3,11,317,3,13,4,5,12,3,10,18,9,5,0,0,1,13,0
23,9,5,24,8,0,0,1,2,0,0,3,12,0,0,3,11,317,3,12,4,5,11,3,10,17,9,5,0,0,2,12,30
95,7,4,13,9,0,0,1,2,0,0,13,2,0,0,3,11,317,3,10,2,6,9,8,11,16,10,6,0,0,2,11,0
-5,6,3,20,10,0,0,1,1,0,0,7,8,0,0,3,11,317,3,9,1,6,9,8,12,16,10,6,0,0,2,12,0
-3,6,4,25,10,0,0,1,1,0,0,14,1,0,0,3,11,317,4,8,1,5,8,7,11,17,9,5,0,0,2,12,45
26,6,4,13,9,0,0,1,1,0,0,10,5,0,0,3,11,317,4,8,2,5,8,7,11,16,8,4,0,0,2,11,0
100,6,4,8,8,0,0,1,1,0,0,9,6,0,0,3,11,317,4,8,2,5,8,6,10,15,7,3,0,0,2,10,15
57,5,3,17,7,0,0,1,1,0,0,7,8,0,0,3,11,317,3,8,2,5,8,5,9,14,7,3,0,0,2,11,30
20,5,4,15,7,0,0,1,0,0,0,6,9,0,0,3,11,317,3,8,2,5,8,4,8,14,6,3,0,0,1,11,15
8,5,4,20,6,0,0,1,0,0,0,5,10,0,0,3,11,317,3,8,3,6,8,3,7,13,5,2,0,0,2,12,0
86,4,4,4,5,0,0,1,0,0,0,9,6,0,0,3,11,317,2,8,4,7,8,5,8,14,5,2,0,0,2,9,45
-4,3,3,18,6,0,0,0,0,0,0,13,2,0,0,3,11,317,1,6,4,6,7,5,7,13,6,3,0,0,2,11,45
0,3,3,10,6,0,0,1,0,0,0,3,12,0,0,3,11,317,2,5,3,4,5,5,6,12,6,4,0,0,1,10,30
-97,3,3,22,5,0,0,2,0,0,0,13,2,0,0,3,11,317,3,4,3,3,4,4,5,11,5,3,0,0,1,12,15
66,3,3,8,4,0,0,2,0,0,0,11,4,0,0,3,11,317,3,4,3,3,4,4,4,11,4,3,0,0,2,10,15
54,2,2,6,4,0,0,2,0,0,0,13,2,0,0,3,11,317,2,3,2,3,3,3,6,10,5,3,0,0,2,10,0
-35,1,1,12,5,0,0,1,0,0,0,4,11,0,0,3,11,317,2,2,1,2,2,2,6,9,5,3,0,0,2,10,45
14,0,0,10,5,0,0,1,0,0,0,11,4,0,0,3,11,317,2,1,0,1,1,1,7,8,5,3,0,0,1,10,30
-53,0,0,15,4,0,0,1,0,0,0,11,4,0,0,3,11,317,0,1,1,1,1,6,7,7,6,4,0,0,1,11,15
52,0,0,0,3,0,0,2,0,0,0,4,11,0,1,3,11,317,1,0,0,0,0,5,6,6,5,3,0,0,1,9,0
6,0,0,6,2,0,0,2,0,0,0,3,12,0,0,3,11,317,1,0,0,0,0,4,5,5,4,3,0,0,2,10,0
-14,0,0,4,1,0,0,2,0,0,0,0,8,0,0,3,11,317,0,0,0,0,0,3,4,4,4,3,0,0,2,9,45
14,0,0,2,1,0,0,1,0,0,0,0,13,0,0,3,11,317,0,0,0,0,0,2,3,3,3,2,0,0,2,9,30
-22,0,0,1,1,0,0,0,0,0,0,0,18,0,0,3,11,317,0,0,0,0,0,2,2,2,2,1,0,0,2,9,15
-16,0,0,2,0,0,0,0,0,0,0,0,47,0,0,3,11,317,0,0,0,0,0,1,1,1,1,1,0,0,2,9,30
14,18,2,55,4,0,2,4,1,0,0,13,2,0,0,2,11,316,3,47,2,5,11,3,11,16,9,1,8,4,2,17,15
57,17,2,52,4,0,1,4,1,0,0,2,13,0,0,2,11,316,2,47,3,6,14,4,10,16,9,2,8,4,2,17,0
16,17,2,57,4,0,1,3,1,0,0,13,2,1,0,2,11,316,2,47,4,7,14,4,9,15,8,2,7,4,1,17,30
66,17,3,45,4,0,2,3,1,0,0,11,4,0,0,2,11,316,2,45,3,7,14,8,9,17,9,3,7,4,1,16,0
64,16,2,42,5,0,2,2,1,0,0,4,11,0,0,2,11,316,1,44,2,6,13,7,9,17,10,4,6,4,2,15,45
48,16,2,42,5,0,1,2,1,0,0,0,15,0,0,2,11,316,1,44,4,6,13,6,9,17,9,4,5,3,2,15,45
66,16,2,45,5,0,1,2,1,0,0,12,3,0,0,2,11,316,2,43,3,6,12,5,9,18,8,4,5,3,1,16,0
-22,16,3,55,4,0,1,2,1,0,0,4,11,0,0,2,11,316,2,43,5,6,12,4,9,18,7,4,4,3,2,17,15
-45,16,3,50,4,0,0,2,1,0,0,3,12,0,0,2,11,316,2,43,5,6,12,3,8,17,6,4,4,2,3,16,45
12,16,3,47,5,0,0,2,0,0,0,0,15,0,0,2,11,316,3,42,4,5,11,3,7,16,5,4,4,2,2,16,15
-21,16,3,48,5,0,0,1,0,0,0,13,2,0,0,2,11,316,2,42,4,6,13,2,6,15,5,3,4,2,2,16,30
-38,14,1,48,5,0,0,2,1,0,1,3,12,0,0,2,11,316,2,38,1,6,12,5,7,14,8,5,3,2,2,16,30
36,14,1,38,4,0,0,2,1,0,1,5,10,0,0,2,11,316,1,38,5,7,13,5,8,13,8,5,3,1,2,15,15
-41,14,1,42,3,0,0,2,1,0,1,0,15,0,0,2,11,316,0,38,5,7,14,4,9,12,8,5,3,1,2,15,45
-20,14,1,52,4,0,0,1,1,0,1,12,3,0,0,2,11,316,1,37,4,6,13,3,9,11,7,4,2,1,2,17,0
-110,14,1,52,4,0,0,1,1,0,0,8,7,0,0,2,11,316,1,37,5,6,14,2,9,10,6,4,2,0,2,17,0
4,13,0,32,5,0,0,2,1,0,1,8,7,0,0,2,11,316,3,33,2,5,11,4,9,13,7,5,2,0,2,14,30
-35,13,2,40,5,0,0,2,1,0,1,34,11,0,0,2,11,316,2,32,1,6,14,8,8,13,8,7,2,0,3,15,30
-19,13,2,34,4,0,0,2,1,0,1,31,14,0,0,2,11,316,2,32,1,6,14,7,7,12,7,6,2,0,2,14,45
-1,13,2,40,3,0,0,2,1,0,1,27,18,0,0,2,11,316,1,32,3,7,14,6,6,11,7,6,2,0,3,15,30
-32,13,2,34,4,0,0,1,1,0,1,20,25,0,0,2,11,316,2,31,3,6,14,5,5,10,6,6,2,0,2,14,45
23,13,2,36,3,0,0,1,1,0,1,17,28,0,0,2,11,316,2,31,3,7,14,4,4,10,5,5,2,0,2,15,0
102,13,3,30,2,0,0,1,1,0,1,13,32,0,0,2,11,316,2,31,3,7,14,3,3,9,4,4,2,0,1,13,30
-30,13,3,38,2,0,0,1,0,0,1,12,33,0,0,2,11,316,2,31,3,7,14,2,2,8,3,3,2,0,2,15,15
-13,13,3,32,2,0,0,1,0,0,0,6,39,0,0,2,11,316,1,31,4,8,15,1,1,7,3,2,2,0,2,14,30
-240,10,3,57,7,0,1,2,0,0,0,3,12,1,0,2,11,316,2,23,5,7,14,5,6,13,9,6,1,2,1,17,30
-36,10,4,31,7,0,1,1,0,0,0,2,13,0,0,2,11,316,2,23,5,8,14,4,5,12,8,5,1,1,2,14,15
-61,10,4,36,6,0,1,1,0,0,0,0,15,0,0,2,11,316,2,23,5,8,14,3,4,11,7,5,1,1,2,15,0
-224,9,3,50,6,0,0,1,0,0,0,10,5,0,0,2,11,316,1,23,5,8,14,2,3,12,7,5,0,1,3,16,45
21,7,3,28,7,0,0,3,1,0,0,5,10,0,0,2,11,316,3,18,2,6,11,2,5,13,9,7,0,0,1,13,0
22,7,5,26,7,0,0,3,1,0,0,3,12,0,0,2,11,316,3,17,3,6,13,2,8,14,9,6,0,0,1,12,45
-2,6,4,26,8,0,0,3,1,0,1,3,12,0,0,2,11,316,2,14,3,6,12,7,9,18,12,9,0,0,1,12,45
-4,6,4,21,8,0,0,3,1,0,1,0,15,0,0,2,11,316,3,13,3,6,11,6,8,17,11,9,0,0,1,12,0
-20,4,2,19,9,0,0,3,1,0,0,7,8,0,0,2,11,316,2,12,2,5,12,5,8,18,12,9,0,0,2,11,45
46,4,2,18,9,0,0,3,0,0,0,4,11,0,0,2,11,316,2,12,2,5,12,4,9,18,11,8,0,0,2,11,30
14,4,2,24,9,0,0,2,0,0,0,3,12,0,0,2,11,316,2,12,3,6,12,3,8,17,10,7,0,0,2,12,30
-16,4,2,29,8,0,0,2,0,0,0,2,13,0,0,2,11,316,2,12,3,6,12,2,7,16,9,6,0,0,1,13,15
-3,2,1,19,8,0,0,2,0,0,0,3,12,0,0,2,11,316,1,11,3,7,11,3,7,17,10,6,0,0,2,11,45
13,2,2,23,8,0,0,2,0,0,0,11,4,0,0,2,11,316,2,9,4,7,9,5,10,19,10,5,0,0,2,12,15
42,2,2,11,8,0,0,2,0,0,0,11,4,0,0,2,11,316,2,9,4,7,9,5,10,19,10,5,0,0,2,10,30
-10,2,2,24,9,0,0,2,0,0,0,12,3,0,0,2,11,316,2,7,4,7,7,5,9,18,10,4,0,0,2,12,30
18,2,2,17,8,0,0,2,0,0,0,5,10,0,0,2,11,316,2,7,5,7,7,5,11,18,9,3,0,0,1,11,15
170,2,2,1,8,0,0,1,0,0,0,4,11,0,0,2,11,316,1,7,5,7,7,4,10,17,9,2,0,0,2,9,15
54,1,1,7,10,0,0,1,0,0,0,5,10,0,0,2,11,316,2,4,2,4,4,5,11,16,10,3,0,0,2,10,0
35,1,1,9,9,0,0,1,0,0,0,2,13,0,0,2,11,316,2,4,2,4,4,5,10,15,9,3,0,0,2,10,15
-10,1,1,11,9,0,0,1,0,0,0,11,4,0,0,2,11,316,3,3,3,3,3,5,10,14,8,2,0,0,2,10,30
-85,0,0,15,9,0,0,1,0,0,0,0,15,0,0,2,11,316,2,2,2,2,2,7,11,13,9,3,0,0,1,11,0
-16,0,0,21,9,0,0,0,0,0,0,13,2,0,0,2,11,316,2,2,2,2,2,6,10,12,8,2,0,0,1,12,0
13,0,0,15,8,0,0,0,0,0,0,4,11,0,0,2,11,316,1,2,2,2,2,6,10,11,8,2,0,0,1,11,0
-21,0,0,13,9,0,0,0,0,0,0,11,4,0,0,2,11,316,2,0,0,0,0,6,10,10,8,3,0,0,2,10,45
-23,0,0,5,8,0,0,0,0,0,0,10,5,0,0,2,11,316,2,0,0,0,0,5,9,9,7,3,0,0,2,9,45
-10,0,0,9,7,0,0,0,0,0,0,6,9,0,0,2,11,316,2,0,0,0,0,5,8,8,6,3,0,0,2,10,15
-27,0,0,5,6,0,0,0,0,0,0,2,13,0,0,2,11,316,2,0,0,0,0,5,7,7,5,3,0,0,2,9,45
-6,0,0,7,5,0,0,0,0,0,0,0,5,0,0,2,11,316,1,0,0,0,0,5,6,6,5,2,0,0,2,10,0
-14,0,0,1,4,0,0,0,0,0,0,0,19,0,0,2,11,316,0,0,0,0,0,4,5,5,5,1,0,0,2,9,15
-13,0,0,13,3,0,0,0,0,0,0,0,22,0,0,2,11,316,0,0,0,0,0,4,4,4,4,1,0,0,2,10,45
9,0,0,3,2,0,0,0,0,0,0,0,24,0,0,2,11,316,0,0,0,0,0,3,3,3,3,1,0,0,2,9,30
22,0,0,3,1,0,0,0,0,0,0,0,35,0,0,2,11,316,0,0,0,0,0,2,2,2,2,1,0,0,2,9,30
-12,0,0,0,0,0,0,0,0,0,0,0,49,0,1,2,11,316,0,0,0,0,0,1,1,1,1,0,0,0,2,9,0
12,38,4,58,3,0,0,0,0,0,0,24,6,1,0,6,11,313,2,55,3,6,12,2,3,7,2,0,5,2,1,18,15
17,37,3,53,3,0,0,0,0,0,0,6,24,0,0,6,11,313,1,54,4,5,12,1,2,9,3,1,4,1,3,17,30
-2,35,1,53,4,0,2,0,0,0,0,5,10,0,0,6,11,313,2,50,1,6,11,1,3,11,5,2,4,0,3,17,30
4,34,2,55,4,0,2,0,0,0,0,3,12,0,0,6,11,313,1,49,5,7,14,2,7,12,6,1,4,3,1,18,0
34,34,3,47,7,0,3,0,0,0,0,0,15,0,0,6,11,313,4,44,1,3,9,5,9,14,7,3,4,3,1,16,30
-20,33,4,55,6,0,4,0,0,0,0,0,15,0,0,6,11,313,3,43,1,5,8,6,8,13,8,5,3,3,1,18,0
-11,33,4,47,6,0,3,0,0,0,0,11,4,0,0,6,11,313,3,43,1,5,9,6,7,12,7,4,2,2,1,16,30
17,32,3,50,5,0,3,0,0,0,0,6,9,0,0,6,11,313,2,43,2,6,10,6,6,11,7,4,2,1,1,17,0
-112,32,4,55,5,0,2,0,0,0,0,3,12,0,0,6,11,313,1,43,2,6,10,5,5,10,7,5,1,1,1,18,0
-18,32,4,52,5,0,1,0,0,0,0,26,4,0,0,6,11,313,1,43,3,7,10,4,5,9,6,4,1,0,2,17,15
11,32,4,43,6,0,0,0,0,0,0,17,13,0,0,6,11,313,1,42,4,7,13,3,5,9,6,5,1,0,1,15,45
24,32,4,49,5,0,0,0,0,0,0,13,17,0,0,6,11,313,1,42,4,7,13,2,6,8,5,4,1,1,2,16,45
-26,32,5,45,4,0,0,0,0,0,0,11,19,0,0,6,11,313,1,42,4,7,13,1,5,8,4,4,1,1,2,16,15
-18,28,2,41,9,0,0,0,0,0,0,12,3,0,0,6,11,313,1,36,1,3,11,5,5,12,9,6,1,1,1,15,15
22,28,4,40,9,0,0,0,0,0,0,4,11,0,0,6,11,313,2,35,0,5,11,4,5,11,8,6,1,1,2,15,0
3,28,4,44,8,0,0,0,0,0,0,2,13,0,0,6,11,313,2,35,0,6,11,3,4,10,7,5,1,1,2,16,0
-31,28,4,50,7,0,0,0,0,0,0,0,15,0,0,6,11,313,2,35,0,6,12,2,3,11,6,4,0,1,1,17,0
-32,27,4,41,6,0,0,0,0,0,0,10,5,0,0,6,11,313,1,35,2,6,13,1,3,11,6,3,0,0,1,15,15
21,24,7,37,8,0,1,1,0,0,0,6,39,0,0,6,11,313,3,30,2,6,14,4,7,14,8,4,0,0,2,14,30
6,24,8,35,7,0,2,1,0,0,0,12,3,0,0,6,11,313,4,29,2,7,15,5,9,16,7,4,0,0,1,14,15
-37,23,8,45,6,0,2,1,0,0,0,8,7,0,0,6,11,313,3,29,2,7,15,4,8,16,7,3,0,0,2,16,15
23,22,8,38,6,0,2,1,0,0,0,10,5,0,0,6,11,313,3,28,3,7,16,4,8,15,7,2,0,0,1,14,45
117,21,8,26,5,0,2,1,0,0,0,5,10,0,0,6,11,313,2,28,4,8,16,3,7,14,7,3,0,0,2,12,30
17,21,8,38,4,0,2,1,0,0,0,4,11,0,0,6,11,313,2,28,4,9,16,2,6,13,6,3,0,0,1,14,45
6,19,8,33,6,0,2,1,0,0,0,2,13,0,0,6,11,313,3,25,4,7,15,4,7,15,7,3,0,0,1,13,15
1,17,8,31,6,0,2,1,0,0,0,1,14,0,0,6,11,313,2,24,5,9,15,4,9,14,8,3,0,0,1,13,0
11,17,8,34,5,0,2,1,0,0,0,1,14,0,0,6,11,313,2,24,5,9,15,3,8,13,7,3,0,0,2,13,30
26,16,8,31,6,0,1,2,0,0,0,12,3,0,0,6,11,313,3,22,3,8,13,2,7,12,7,4,0,0,1,13,0
69,14,8,26,7,0,1,1,0,0,0,10,5,0,0,6,11,313,2,21,5,9,14,3,8,12,8,4,0,0,2,12,30
59,13,8,18,8,0,0,2,0,0,0,12,3,0,0,6,11,313,2,19,5,8,13,5,9,14,9,4,0,0,2,11,30
58,12,8,20,7,0,0,3,0,0,0,8,7,0,0,6,11,313,2,18,4,7,12,6,8,14,9,4,0,0,2,11,45
26,9,6,26,8,0,0,3,0,0,0,6,9,0,0,6,11,313,1,16,4,6,11,5,8,14,11,7,0,0,2,12,30
18,9,6,22,7,0,1,3,0,0,0,3,12,0,0,6,11,313,2,15,3,6,10,6,7,14,10,6,0,0,2,12,0
12,9,6,24,6,0,1,3,0,0,0,2,13,0,0,6,11,313,2,15,3,6,11,5,6,13,9,6,0,0,3,12,15
20,8,5,29,6,0,1,3,0,0,0,12,3,0,0,6,11,313,2,14,3,5,10,4,5,12,9,7,0,0,2,12,45
-46,8,5,29,6,0,1,2,0,0,0,11,4,0,0,6,11,313,2,14,3,5,10,3,4,11,8,6,0,0,2,12,45
25,5,3,24,7,0,1,2,0,0,0,4,11,0,0,6,11,313,1,12,3,6,9,3,5,14,10,6,0,0,3,12,15
10,5,3,22,6,0,1,2,0,0,0,3,12,0,0,6,11,313,1,12,3,6,9,2,5,13,9,6,0,0,2,12,0
31,4,4,16,7,0,1,2,0,0,0,5,10,0,0,6,11,313,2,10,2,4,10,1,6,14,9,6,0,0,2,11,15
24,2,2,14,10,0,0,2,0,0,0,4,11,0,0,6,11,313,2,7,1,4,7,5,8,18,11,8,0,0,2,11,0
41,2,2,16,10,0,0,1,0,0,0,10,5,0,0,6,11,313,1,7,2,4,7,5,9,18,11,8,0,0,2,11,15
8,2,2,18,9,0,0,1,1,0,0,3,12,0,0,6,11,313,2,6,1,3,6,5,9,18,10,7,0,0,2,11,30
28,1,1,14,8,0,0,1,1,0,0,0,15,0,0,6,11,313,1,6,2,4,6,4,8,17,10,6,0,0,2,11,0
61,0,0,8,7,0,0,1,1,0,0,8,7,0,0,6,11,313,0,6,2,5,6,4,8,16,10,6,0,0,2,10,15
62,0,0,12,7,0,1,0,1,0,0,12,3,0,0,6,11,313,1,5,2,5,5,4,9,15,9,6,0,0,2,10,45
-2,0,0,10,6,0,1,0,1,0,0,4,11,0,0,6,11,313,1,5,2,5,5,5,9,14,8,5,0,0,2,10,30
20,0,0,12,6,0,1,0,1,0,0,9,6,0,0,6,11,313,2,4,3,4,4,5,9,13,7,4,0,0,2,10,45
16,0,0,5,6,0,1,0,1,0,0,13,2,0,0,6,11,313,1,3,3,3,3,5,11,12,8,3,0,0,2,9,45
24,0,0,10,5,0,1,0,1,0,0,12,3,0,0,6,11,313,1,3,3,3,3,5,10,11,7,3,0,0,2,10,30
41,0,0,6,4,0,1,0,1,0,0,10,5,0,0,6,11,313,1,3,3,3,3,4,9,10,6,3,0,0,2,10,0
25,0,0,6,4,0,1,0,1,0,0,0,2,0,0,6,11,313,1,2,2,2,2,5,9,9,6,2,0,0,2,10,0
42,0,0,1,4,0,1,1,0,0,0,0,7,0,0,6,11,313,1,1,1,1,1,4,8,8,6,1,0,0,2,9,15
-28,0,0,1,4,0,1,1,0,0,0,0,17,0,0,6,11,313,1,0,0,0,0,6,7,7,6,1,0,0,2,9,15
-1,0,0,0,3,0,1,1,0,0,0,0,26,0,1,6,11,313,0,0,0,0,0,6,6,6,6,1,0,0,2,9,0
-93,0,0,20,2,0,1,1,0,0,0,0,27,0,0,6,11,313,0,0,0,0,0,5,5,5,5,1,0,0,2,11,45
-60,0,0,8,1,0,1,1,0,0,0,0,37,0,0,6,11,313,0,0,0,0,0,4,4,4,4,1,0,0,2,10,15
-48,0,0,3,1,0,1,0,0,0,0,0,37,0,0,6,11,313,0,0,0,0,0,3,3,3,3,1,0,0,1,9,30
-291,0,0,35,1,0,0,0,0,0,0,0,46,0,0,6,11,313,0,0,0,0,0,2,2,2,2,0,0,0,1,14,15
-34,0,0,3,0,0,0,0,0,0,0,0,56,0,0,6,11,313,0,0,0,0,0,1,1,1,1,0,0,0,1,9,30
36,41,8,55,3,0,2,2,1,0,0,3,12,0,0,5,11,312,2,51,5,9,16,3,4,15,7,4,6,1,2,17,15
0,37,7,56,7,0,2,2,1,0,0,10,5,0,0,5,11,312,3,46,4,7,13,3,8,15,10,5,5,2,2,17,30
13,37,8,56,6,0,2,2,1,0,0,6,9,0,0,5,11,312,3,46,4,7,13,2,7,14,9,5,5,1,2,17,30
15,33,5,53,7,0,3,3,1,0,0,12,3,0,0,5,11,312,3,42,3,6,11,5,10,17,12,5,5,1,1,17,0
17,33,5,52,7,0,3,2,1,0,0,3,12,0,0,5,11,312,3,42,4,7,11,5,11,17,11,5,5,1,2,16,45
16,31,3,49,7,0,3,3,1,0,0,11,4,0,0,5,11,312,3,40,3,5,10,4,10,18,12,6,5,1,1,16,15
18,31,3,51,7,0,2,3,1,0,0,4,11,0,0,5,11,312,3,40,4,6,11,5,10,18,11,6,5,1,1,16,30
84,30,2,42,7,0,2,4,0,0,0,0,15,0,0,5,11,312,3,39,3,6,10,5,9,18,11,6,4,1,2,15,30
-8,30,3,53,7,0,1,4,0,0,0,11,4,0,0,5,11,312,3,39,3,6,10,5,8,18,10,5,4,0,1,17,0
29,28,1,47,8,0,1,4,0,0,1,11,4,0,0,5,11,312,3,36,1,5,9,6,9,18,12,5,4,0,2,16,0
71,28,1,42,7,0,1,4,0,0,1,4,11,0,0,5,11,312,3,36,2,5,10,6,9,17,11,4,4,0,2,15,30
14,28,1,47,7,0,1,3,0,0,1,1,14,0,0,5,11,312,3,36,2,5,10,5,9,17,10,4,4,1,2,16,0
43,28,2,40,6,0,1,3,0,0,1,12,3,0,0,5,11,312,2,36,3,5,12,4,8,16,10,4,4,1,3,15,15
25,28,2,45,5,0,1,3,0,0,1,10,5,0,0,5,11,312,2,36,3,5,12,3,7,15,9,4,4,1,2,15,45
46,28,2,38,5,0,0,3,0,0,1,9,6,0,0,5,11,312,2,36,3,5,12,2,6,14,8,3,4,1,2,15,0
46,28,2,36,5,0,1,3,0,0,1,6,9,0,0,5,11,312,3,34,3,5,13,4,8,14,8,3,4,2,2,14,45
44,27,3,38,6,0,1,2,0,0,1,4,11,0,0,5,11,312,2,33,2,6,14,4,11,17,9,5,4,4,2,15,0
45,27,4,42,6,0,2,2,0,0,1,41,4,0,0,5,11,312,4,31,1,4,13,6,10,17,8,4,4,4,2,15,30
12,27,4,33,6,0,1,2,0,0,1,38,7,0,0,5,11,312,4,31,2,5,13,5,9,17,7,4,4,4,2,14,15
-169,27,5,58,6,0,1,2,0,0,0,34,11,1,0,5,11,312,4,31,2,5,14,5,8,16,6,3,3,4,1,18,0
-56,26,5,36,5,0,1,2,0,0,0,18,27,0,0,5,11,312,2,31,4,8,16,7,8,18,7,4,3,3,2,14,45
46,26,6,30,5,0,0,2,0,0,0,13,32,0,0,5,11,312,2,31,4,8,17,6,8,17,6,3,2,3,1,13,15
7,26,6,40,6,0,0,1,0,0,0,12,33,0,0,5,11,312,3,30,3,8,17,5,7,17,5,2,2,2,3,15,15
-103,26,6,49,6,0,0,1,0,0,0,5,40,0,0,5,11,312,4,29,3,8,17,4,6,16,4,2,2,2,1,16,15
46,26,7,34,6,0,0,0,0,0,0,3,42,0,0,5,11,312,4,29,3,8,17,3,6,15,3,1,1,2,2,14,30
-201,26,7,58,5,0,0,0,0,0,0,13,2,1,0,5,11,312,3,29,4,8,17,3,6,15,3,1,0,1,1,18,0
-47,25,8,45,4,0,0,0,0,0,0,8,7,0,0,5,11,312,2,29,5,10,18,2,6,15,3,0,0,0,2,15,45
-62,22,9,34,6,0,0,0,0,0,0,1,14,0,0,5,11,312,1,26,5,9,17,3,8,17,6,3,0,0,2,14,30
13,20,8,28,6,0,2,0,0,0,0,14,1,0,0,5,11,312,1,23,5,9,15,5,10,16,8,4,0,0,2,13,0
12,19,8,30,6,0,2,0,1,0,0,4,11,0,0,5,11,312,2,21,4,9,14,6,10,17,8,5,0,0,1,13,15
36,19,9,25,5,0,2,0,1,0,0,14,1,0,0,5,11,312,2,21,4,9,15,5,10,16,7,5,0,0,1,12,30
27,19,9,25,4,0,2,0,1,0,0,12,3,0,0,5,11,312,2,21,5,10,15,4,9,15,6,4,0,0,1,12,30
95,16,6,12,5,0,2,0,1,0,0,4,11,0,0,5,11,312,1,19,4,8,13,6,9,14,8,5,0,0,2,10,45
75,15,6,18,6,0,1,0,1,0,0,12,3,0,0,5,11,312,1,18,5,8,12,6,9,14,8,5,0,0,2,11,30
39,15,6,20,5,0,1,0,1,0,0,10,5,0,0,5,11,312,1,18,6,8,12,5,8,14,7,4,0,0,2,11,45
23,13,6,20,6,0,1,0,1,0,0,9,6,0,0,5,11,312,1,16,5,7,12,6,9,14,8,4,0,0,2,11,45
35,13,6,27,5,0,2,0,1,0,0,5,10,0,0,5,11,312,2,15,4,6,11,5,8,13,7,4,0,0,2,12,45
17,13,6,22,4,0,2,0,1,0,0,4,11,0,0,5,11,312,2,15,4,6,11,4,7,12,6,3,0,0,1,12,0
85,11,5,14,6,0,2,0,0,0,0,12,3,0,0,5,11,312,2,13,3,5,10,4,7,11,7,4,0,0,2,11,0
19,10,5,24,6,0,2,0,0,0,0,2,13,0,0,5,11,312,2,12,3,6,11,4,7,11,7,3,0,0,2,12,15
27,10,5,16,7,0,1,0,0,0,0,10,5,0,0,5,11,312,2,11,2,5,10,4,6,10,7,2,0,0,2,11,15
2,9,4,22,6,0,1,0,0,0,0,0,15,0,0,5,11,312,1,11,3,5,11,3,5,10,7,3,0,0,1,12,0
-10,8,4,28,7,0,0,0,1,0,0,2,13,0,0,5,11,312,2,9,3,3,9,4,6,12,7,4,0,0,2,13,0
-23,8,4,32,6,0,0,0,1,0,0,1,14,0,0,5,11,312,2,9,3,3,9,3,5,11,6,4,0,0,1,13,30
32,6,2,14,6,0,0,0,1,0,0,12,3,0,0,5,11,312,1,8,2,5,8,3,5,12,7,5,0,0,2,11,0
77,6,3,10,5,0,0,0,1,0,1,7,8,0,0,5,11,312,2,7,1,5,7,3,5,11,6,5,0,0,2,10,30
23,5,5,12,5,0,0,0,1,0,1,0,15,0,0,5,11,312,2,6,3,6,6,3,5,14,6,4,0,0,2,10,45
25,4,4,10,4,0,0,0,1,0,1,11,4,0,0,5,11,312,1,6,3,6,6,2,5,13,6,4,0,0,2,10,30
-1,4,4,18,4,0,0,1,1,0,1,11,4,0,0,5,11,312,2,4,3,4,4,2,6,12,6,3,0,0,2,11,30
0,4,4,16,3,0,1,1,1,0,1,11,4,0,0,5,11,312,2,3,3,3,3,3,7,11,6,4,0,0,2,11,15
31,0,0,8,4,0,1,2,0,0,1,2,13,0,0,5,11,312,0,1,1,1,1,5,9,10,9,4,0,0,2,10,15
22,0,0,0,5,0,1,1,0,0,1,11,4,0,1,5,11,312,1,0,0,0,0,5,9,9,8,3,0,0,2,9,0
20,0,0,8,4,0,1,1,0,0,1,6,9,0,0,5,11,312,1,0,0,0,0,4,8,8,7,3,0,0,2,10,15
17,0,0,1,3,0,1,1,0,0,1,3,12,0,0,5,11,312,1,0,0,0,0,3,7,7,6,3,0,0,2,9,15
3,0,0,3,3,0,0,1,0,0,1,0,5,0,0,5,11,312,0,0,0,0,0,4,6,6,6,3,0,0,1,9,30
27,0,0,5,2,0,0,1,0,0,1,0,16,0,0,5,11,312,0,0,0,0,0,5,5,5,5,3,0,0,2,9,45
-16,0,0,1,1,0,0,1,0,0,1,0,27,0,0,5,11,312,0,0,0,0,0,4,4,4,4,2,0,0,2,9,15
-3,0,0,6,1,0,0,1,0,0,0,0,33,0,0,5,11,312,0,0,0,0,0,3,3,3,3,1,0,0,2,10,0
10,0,0,3,1,0,0,0,0,0,0,0,40,0,0,5,11,312,0,0,0,0,0,2,2,2,2,1,0,0,1,9,30
-15,0,0,6,0,0,0,0,0,0,0,0,44,0,0,5,11,312,0,0,0,0,0,1,1,1,1,1,0,0,2,10,0
-15,31,5,56,2,0,0,2,0,0,0,7,8,1,0,4,11,311,2,52,3,6,11,1,5,9,3,2,7,0,1,17,30
17,28,4,51,5,0,0,2,0,0,0,2,13,0,0,4,11,311,2,48,2,6,13,4,4,15,6,1,7,0,2,16,45
-22,28,4,55,4,0,0,2,0,0,0,9,6,0,0,4,11,311,2,48,4,6,14,3,5,14,5,1,7,0,1,17,15
42,28,4,51,4,0,0,1,0,0,0,8,7,0,0,4,11,311,2,48,4,6,14,2,4,14,4,1,7,0,2,16,45
14,26,3,53,5,0,1,0,0,0,0,10,5,0,0,4,11,311,2,46,3,5,12,1,3,13,5,2,7,0,1,17,0
5,24,3,44,8,0,0,0,0,0,1,12,3,0,0,4,11,311,2,42,4,7,14,5,11,16,8,2,7,3,3,16,0
27,24,3,49,7,0,0,0,0,0,1,10,5,0,0,4,11,311,2,42,4,7,14,4,10,15,7,1,7,3,2,16,30
37,23,2,44,6,0,1,0,0,0,1,10,5,0,0,4,11,311,1,41,4,7,14,5,10,15,8,2,7,3,3,16,0
-10,22,1,46,5,0,1,0,0,0,1,8,7,0,0,4,11,311,0,41,5,8,14,5,9,14,8,3,6,3,2,16,15
-21,22,1,42,6,0,1,0,0,0,0,2,13,0,0,4,11,311,1,40,5,8,14,7,8,14,7,3,6,2,2,15,45
66,22,2,38,7,0,1,0,0,0,0,3,12,0,0,4,11,311,2,38,4,7,13,7,10,15,7,3,6,2,2,15,15
69,22,3,32,8,0,0,0,0,0,0,14,1,0,0,4,11,311,2,37,3,7,12,6,9,14,7,4,5,2,1,14,0
51,22,3,40,7,0,0,0,0,0,0,10,5,0,0,4,11,311,1,37,3,7,13,5,9,14,7,4,4,1,2,15,30
18,22,3,40,7,0,0,1,0,0,0,5,10,0,0,4,11,311,3,35,2,6,12,4,8,13,6,3,4,0,2,15,30
-9,22,3,42,6,0,0,1,0,0,0,4,11,0,0,4,11,311,3,35,3,6,13,3,7,12,5,3,4,0,2,15,45
23,22,3,36,5,0,0,1,0,0,0,3,12,0,0,4,11,311,3,35,3,6,13,2,6,11,4,3,4,0,2,15,0
2,21,3,33,5,0,0,1,0,0,0,24,6,0,0,4,11,311,2,34,2,6,13,3,5,11,5,3,4,0,2,14,30
-6,20,4,36,4,1,1,1,0,0,0,26,4,0,0,4,11,311,0,32,4,6,12,4,6,13,8,6,4,1,2,15,0
-29,20,4,38,3,1,1,1,0,0,0,25,5,0,0,4,11,311,0,32,4,6,13,3,5,12,7,5,4,1,2,15,15
-1,20,5,34,3,1,1,1,0,0,0,19,11,0,0,4,11,311,1,31,4,6,12,2,6,11,6,4,4,3,2,14,45
60,19,4,27,3,1,1,1,0,0,0,13,17,0,0,4,11,311,1,30,3,6,11,1,5,10,6,4,4,3,1,13,0
-131,18,7,46,6,0,1,1,0,0,0,12,3,0,0,4,11,311,2,27,3,7,12,4,8,14,7,3,3,3,2,16,15
-6,16,5,31,5,0,1,1,0,0,0,8,7,0,0,4,11,311,0,27,4,7,13,4,7,14,8,3,3,2,1,13,30
11,16,6,27,6,0,0,1,0,0,0,9,6,0,0,4,11,311,1,26,5,7,14,4,7,14,7,3,2,2,1,13,0
-157,15,5,53,6,0,0,1,0,0,0,5,10,0,0,4,11,311,1,25,4,6,13,3,6,13,7,4,1,1,1,17,0
15,15,5,30,6,0,0,1,0,0,0,11,4,0,0,4,11,311,2,24,4,5,14,4,5,12,6,3,1,0,1,13,15
90,13,3,22,7,0,0,1,0,0,0,12,3,0,0,4,11,311,1,22,2,6,14,4,6,15,8,3,1,0,2,12,15
-107,11,2,46,6,0,0,2,1,0,0,1,14,0,0,4,11,311,1,20,1,4,12,3,8,14,9,4,1,0,2,16,15
41,11,2,24,5,0,0,2,1,0,0,13,2,0,0,4,11,311,1,20,1,4,13,2,7,14,8,4,1,0,1,12,30
-25,11,2,27,4,0,0,2,1,0,0,1,14,0,0,4,11,311,1,20,3,8,14,2,7,16,7,3,1,0,1,13,0
9,10,3,24,6,0,0,1,1,0,1,4,11,0,0,4,11,311,2,17,4,8,16,6,11,16,8,5,1,0,1,12,30
36,10,3,22,5,0,0,1,1,0,1,0,15,0,0,4,11,311,2,17,5,8,16,5,10,15,7,5,1,0,2,12,15
34,10,4,20,5,0,0,1,1,0,1,9,6,0,0,4,11,311,2,16,4,8,16,5,9,14,7,4,1,0,2,12,0
-36,9,3,34,4,0,0,1,1,0,1,8,7,0,0,4,11,311,1,16,4,8,16,4,8,13,7,4,1,0,2,14,45
18,9,5,20,4,0,0,0,1,0,1,6,9,0,0,4,11,311,1,16,4,8,16,3,7,12,6,4,1,0,2,12,0
-15,9,5,19,4,0,0,1,1,0,0,10,5,0,0,4,11,311,1,15,5,8,15,2,9,14,6,3,1,1,2,11,45
61,9,5,14,5,0,0,1,1,0,1,14,1,0,0,4,11,311,2,12,3,6,12,5,9,17,7,3,1,1,2,11,0
-9,8,6,18,6,0,0,1,1,0,1,9,6,0,0,4,11,311,2,10,3,7,10,7,9,17,8,2,1,1,1,11,30
54,8,6,11,5,0,0,1,1,0,1,9,6,0,0,4,11,311,2,10,3,8,10,6,8,16,7,2,1,1,1,10,30
68,7,5,16,4,0,0,1,1,0,1,7,8,0,0,4,11,311,1,10,3,8,10,5,7,15,7,2,1,1,1,11,15
-10,7,5,16,4,0,0,1,1,0,1,5,10,0,0,4,11,311,2,9,2,8,9,4,6,14,6,1,1,1,1,11,15
-282,4,4,49,5,0,0,1,1,0,1,13,2,0,0,4,11,311,1,7,3,7,7,5,7,15,8,3,0,1,2,16,30
22,4,4,11,5,0,0,1,1,0,0,11,4,0,0,4,11,311,1,7,4,7,7,4,6,14,7,2,0,0,1,10,30
38,4,4,7,4,0,0,1,1,0,0,11,4,0,0,4,11,311,1,7,4,7,7,3,6,13,6,2,0,0,2,10,0
7,4,4,9,3,0,0,1,1,0,0,3,12,0,0,4,11,311,1,7,6,7,7,2,7,12,5,2,0,0,2,10,15
-13,3,3,14,5,0,0,1,0,0,0,6,9,0,0,4,11,311,1,5,5,5,5,1,8,12,6,3,0,0,2,11,0
-42,0,0,13,8,0,1,1,0,0,0,2,13,0,0,4,11,311,1,0,0,0,0,7,10,11,10,6,0,0,2,10,45
12,0,0,1,8,0,0,1,0,0,0,0,15,0,0,4,11,311,0,0,0,0,0,6,9,10,10,7,0,0,2,9,15
7,0,0,9,7,0,0,1,0,0,0,11,4,0,0,4,11,311,0,0,0,0,0,6,8,9,9,6,0,0,2,10,15
-15,0,0,3,6,0,0,1,0,0,0,10,5,0,0,4,11,311,0,0,0,0,0,5,7,8,8,5,0,0,2,9,30
-104,0,0,26,6,0,0,0,0,0,0,5,10,0,0,4,11,311,0,0,0,0,0,4,6,7,7,4,0,0,3,12,45
-8,0,0,3,5,0,0,0,0,0,0,3,12,0,0,4,11,311,0,0,0,0,0,3,5,6,6,4,0,0,2,9,30
44,0,0,5,4,0,0,0,0,0,0,1,14,0,0,4,11,311,0,0,0,0,0,2,4,5,5,3,0,0,2,9,45
-18,0,0,7,3,0,0,0,0,0,0,0,17,0,0,4,11,311,0,0,0,0,0,3,4,4,4,2,0,0,2,10,0
7,0,0,5,2,0,0,0,0,0,0,0,34,0,0,4,11,311,0,0,0,0,0,3,3,3,3,2,0,0,2,9,45
25,0,0,1,1,0,0,0,0,0,0,0,41,0,0,4,11,311,0,0,0,0,0,2,2,2,2,1,0,0,2,9,15
28,0,0,0,0,0,0,0,0,0,0,0,63,0,1,4,11,311,0,0,0,0,0,1,1,1,1,1,0,0,2,9,0
35,45,4,56,2,0,0,3,0,0,1,12,3,0,0,3,11,310,1,53,6,7,12,3,9,13,6,4,6,1,2,17,15
7,43,4,54,4,0,0,5,0,0,1,5,10,0,0,3,11,310,3,48,2,4,10,5,9,14,8,5,6,1,2,17,0
80,43,4,49,4,0,0,4,0,0,1,2,13,0,0,3,11,310,3,48,2,4,10,5,8,14,7,4,6,1,2,16,15
39,41,3,58,4,0,0,4,0,0,1,10,5,1,0,3,11,310,2,47,1,4,11,6,8,14,8,4,6,2,1,17,30
44,41,3,46,4,0,0,4,0,0,0,13,2,0,0,3,11,310,2,47,3,6,11,5,8,14,7,3,5,2,2,16,0
70,41,4,46,3,0,0,4,0,0,0,10,5,0,0,3,11,310,2,47,3,6,11,4,8,14,6,3,5,2,2,16,0
-13,41,4,54,3,0,0,4,0,0,0,3,12,0,0,3,11,310,2,46,2,5,11,4,7,13,6,3,5,2,2,17,0
0,41,4,51,2,0,0,4,0,0,0,1,14,0,0,3,11,310,2,46,2,5,11,3,6,12,5,2,5,2,1,16,30
15,41,4,56,2,0,0,3,0,0,0,1,14,0,0,3,11,310,2,46,3,5,11,2,5,11,4,1,5,2,2,17,15
-3,39,3,46,3,0,0,3,0,0,0,7,8,0,0,3,11,310,1,44,3,6,12,4,6,13,6,3,5,2,2,16,0
6,39,4,51,4,0,0,2,0,0,0,0,15,0,0,3,11,310,2,43,2,5,13,3,6,12,5,2,4,3,1,16,30
14,38,3,44,4,0,0,3,0,0,0,4,11,0,0,3,11,310,2,41,1,5,13,4,6,13,6,2,4,2,1,15,30
-84,37,4,58,4,0,0,2,0,0,0,11,4,1,0,3,11,310,1,41,2,5,14,3,7,12,6,2,3,2,1,17,30
10,36,4,45,3,0,0,2,0,0,0,10,5,0,0,3,11,310,0,41,5,7,16,4,8,13,6,3,3,1,3,15,45
-80,36,4,53,3,0,0,2,0,0,0,7,8,0,0,3,11,310,1,40,4,6,16,3,7,13,5,2,3,1,2,16,45
27,36,6,39,5,0,0,1,0,0,0,5,10,0,0,3,11,310,2,38,2,8,17,4,7,14,5,2,2,1,2,14,45
10,35,6,49,5,0,0,1,0,0,0,14,1,0,0,3,11,310,1,37,2,7,16,3,6,13,6,2,2,0,2,16,15
-14,35,9,41,5,0,0,1,0,0,0,3,12,0,0,3,11,310,2,36,4,8,17,4,7,13,5,2,2,0,1,15,0
10,33,7,43,5,0,0,0,0,0,0,41,4,0,0,3,11,310,0,36,4,9,17,4,6,12,6,1,2,0,1,15,15
0,33,9,41,4,0,0,0,0,0,1,28,17,0,0,3,11,310,1,35,5,10,18,3,7,12,5,1,2,2,1,15,0
0,32,9,37,4,0,0,0,0,0,1,25,20,0,0,3,11,310,1,34,4,9,17,2,6,11,5,1,2,2,1,14,15
-15,32,10,39,4,0,0,0,0,0,2,15,30,0,0,3,11,310,3,32,5,8,15,3,6,11,4,1,2,2,2,14,45
41,28,9,36,6,0,0,1,0,0,2,8,7,0,0,3,11,310,3,28,3,8,15,5,8,12,7,2,2,2,1,13,30
0,26,8,38,5,0,0,1,0,0,2,5,10,0,0,3,11,310,1,28,4,9,15,4,7,11,8,4,2,2,2,14,30
82,24,8,26,7,0,0,1,0,0,1,3,12,0,0,3,11,310,1,26,5,7,17,5,7,16,9,5,1,2,1,12,15
70,24,8,30,8,0,0,1,0,0,0,14,1,0,0,3,11,310,2,25,4,7,16,4,6,15,8,5,0,1,2,12,45
45,23,7,33,7,0,0,1,0,0,0,9,6,0,0,3,11,310,1,25,5,8,18,4,5,15,8,4,0,0,1,13,0
102,22,6,22,7,0,0,1,0,0,0,0,15,0,0,3,11,310,1,24,5,7,18,3,5,14,8,4,0,0,2,11,45
6,21,6,35,7,0,1,2,0,0,0,10,5,0,0,3,11,310,3,21,2,5,15,3,5,13,8,5,0,0,1,13,15
4,19,7,33,6,0,1,2,0,0,0,10,5,0,0,3,11,310,1,21,4,8,15,2,5,15,9,6,0,0,1,13,0
43,18,7,26,6,0,1,2,0,0,1,10,5,0,0,3,11,310,2,19,3,9,14,3,8,15,9,5,0,0,1,12,15
36,16,8,30,6,0,2,2,0,0,1,5,10,0,0,3,11,310,2,17,4,10,16,3,10,17,10,6,0,0,2,12,45
31,15,8,24,6,0,2,2,0,0,1,14,1,0,0,3,11,310,2,16,5,10,15,4,9,16,10,5,0,0,3,12,0
22,14,7,24,6,0,2,2,0,0,0,9,6,0,0,3,11,310,1,16,7,10,15,5,8,16,10,4,0,0,3,12,0
30,12,6,26,8,0,2,2,1,0,0,1,14,0,0,3,11,310,3,12,6,7,11,7,11,18,11,5,0,0,1,12,15
36,12,6,29,8,0,2,2,1,0,0,14,1,0,0,3,11,310,4,11,5,6,10,6,10,18,10,4,0,0,3,12,30
46,12,7,30,7,0,2,3,1,0,0,13,2,0,0,3,11,310,5,10,4,5,9,5,9,17,9,4,0,0,2,12,45
61,12,7,22,6,0,2,3,1,0,0,12,3,0,0,3,11,310,5,10,4,5,9,4,8,16,8,3,0,0,2,11,45
58,10,6,19,7,0,1,3,1,0,0,6,9,0,0,3,11,310,4,9,3,6,8,4,7,16,9,3,0,0,2,11,30
25,9,5,17,6,0,1,3,1,0,0,3,12,0,0,3,11,310,3,9,3,7,8,3,8,15,9,3,0,0,3,11,15
51,9,5,17,8,0,1,2,1,0,0,10,5,0,0,3,11,310,5,7,1,6,7,4,8,16,8,3,0,0,3,11,15
38,7,5,19,8,0,1,2,1,0,0,8,7,0,0,3,11,310,3,6,1,5,6,4,8,16,10,6,0,0,2,11,30
45,7,6,13,7,0,1,2,1,0,0,2,13,0,0,3,11,310,3,6,4,5,6,5,8,15,9,5,0,0,2,10,45
8,7,6,15,7,0,1,2,0,0,0,2,13,0,0,3,11,310,3,6,4,5,6,4,7,14,8,4,0,0,2,11,0
48,6,6,13,7,0,1,2,0,0,0,5,10,0,0,3,11,310,3,5,4,4,5,4,7,15,8,4,0,0,2,10,45
-17,4,4,15,9,0,1,2,0,0,0,4,11,0,0,3,11,310,3,2,1,1,2,5,9,14,10,6,0,0,2,11,0
56,4,4,8,8,0,1,2,0,0,0,4,11,0,0,3,11,310,3,2,1,1,2,4,8,13,9,5,0,0,2,10,15
15,4,4,19,8,0,0,2,0,0,0,0,15,0,0,3,11,310,3,2,1,2,2,3,7,12,8,5,0,0,2,11,30
-24,2,2,11,7,0,0,2,1,0,0,11,4,0,0,3,11,310,2,1,0,1,1,5,9,12,9,6,0,0,2,10,30
34,1,1,8,6,0,0,2,1,0,0,5,10,0,0,3,11,310,1,1,0,1,1,5,8,11,9,5,0,0,2,10,15
64,1,1,6,5,0,0,2,1,0,0,11,4,0,0,3,11,310,1,1,1,1,1,6,7,10,8,4,0,0,3,10,0
13,0,0,6,5,0,0,1,1,0,0,2,13,0,0,3,11,310,0,1,1,1,1,5,8,9,8,3,0,0,3,10,0
21,0,0,11,5,0,0,0,1,0,0,0,15,0,0,3,11,310,0,1,1,1,1,5,7,8,7,3,0,0,2,10,30
24,0,0,2,4,0,0,0,1,0,0,9,6,0,0,3,11,310,0,1,1,1,1,4,6,7,6,2,0,0,2,9,30
3,0,0,4,3,0,0,0,1,0,1,0,1,0,0,3,11,310,1,0,0,0,0,3,5,6,5,2,0,0,2,9,45
10,0,0,8,2,0,0,0,1,0,1,0,3,0,0,3,11,310,1,0,0,0,0,2,4,5,4,1,0,0,2,10,15
23,0,0,4,1,0,0,0,1,0,1,0,14,0,0,3,11,310,1,0,0,0,0,3,4,4,3,1,0,0,2,9,45
5,0,0,1,1,0,0,0,0,0,1,0,36,0,0,3,11,310,0,0,0,0,0,2,3,3,3,1,0,0,2,9,15
6,0,0,2,0,0,0,0,0,0,1,0,37,0,0,3,11,310,0,0,0,0,0,1,2,2,2,1,0,0,2,9,30
-16,0,0,0,0,0,0,0,0,0,0,0,68,0,1,3,11,310,0,0,0,0,0,1,1,1,1,1,0,0,1,9,0
-9,27,1,49,2,0,0,2,0,0,1,6,9,0,0,2,11,309,1,47,1,4,11,3,5,10,5,1,6,3,2,17,15
16,27,1,49,1,0,0,2,0,0,1,17,13,0,0,2,11,309,0,47,3,6,12,4,6,11,5,2,6,2,2,17,15
-20,27,2,51,2,0,0,2,0,0,0,9,21,1,0,2,11,309,1,46,2,5,11,3,5,11,4,2,6,2,1,17,30
8,26,2,51,2,0,0,1,0,0,0,10,5,1,0,2,11,309,0,46,4,7,13,4,4,11,4,2,5,2,1,17,30
26,26,4,47,4,0,0,0,0,0,0,2,13,0,0,2,11,309,2,44,3,5,11,3,4,13,3,2,4,1,2,17,0
4,26,4,45,5,0,0,0,0,0,0,13,2,0,0,2,11,309,2,42,3,6,12,2,5,15,4,3,4,1,2,16,30
-11,26,4,47,4,0,0,0,0,0,0,11,4,0,0,2,11,309,2,42,3,6,12,1,4,14,3,3,4,1,2,17,0
-9,24,2,43,6,0,0,0,0,0,0,7,8,0,0,2,11,309,2,39,3,6,10,4,8,14,5,4,4,2,2,16,15
-13,22,1,42,6,0,0,0,0,0,1,9,6,0,0,2,11,309,2,37,2,7,10,5,9,13,6,3,4,2,2,16,0
-6,22,1,43,5,0,0,0,0,0,1,7,8,0,0,2,11,309,2,37,2,7,10,4,8,12,5,2,3,2,2,16,15
30,22,1,34,5,0,0,0,0,0,1,7,8,0,0,2,11,309,1,36,3,6,10,5,10,11,6,2,3,1,2,15,0
4,22,1,36,5,0,0,0,0,0,1,3,12,0,0,2,11,309,2,35,2,5,10,5,9,10,5,1,3,1,2,15,15
-37,22,1,38,4,0,0,0,0,0,1,26,4,0,0,2,11,309,1,35,4,5,10,5,8,9,5,1,2,1,2,15,30
33,22,1,31,5,0,0,0,0,0,1,11,19,0,0,2,11,309,2,33,3,4,10,7,8,8,5,1,2,0,2,14,45
-15,22,1,36,5,0,0,0,0,0,0,8,22,0,0,2,11,309,1,33,3,4,11,6,7,7,5,2,2,0,2,15,15
11,22,1,38,4,0,0,0,0,0,0,6,24,0,0,2,11,309,1,33,3,4,11,5,6,6,4,2,2,0,2,15,30
-2,22,1,31,3,0,0,0,0,0,0,3,27,0,0,2,11,309,1,33,3,5,11,4,5,5,3,2,2,0,2,14,45
-80,21,2,40,4,0,0,0,0,0,1,35,10,0,0,2,11,309,3,30,0,3,10,3,4,4,3,2,2,0,1,15,45
-25,21,2,34,3,0,0,0,0,0,1,33,12,0,0,2,11,309,2,30,0,3,10,2,3,3,3,2,2,0,2,15,0
2,21,2,30,2,0,0,0,0,0,1,33,12,0,0,2,11,309,2,30,0,3,10,1,2,2,2,1,2,0,3,14,15
-41,21,4,31,2,0,0,0,0,0,1,1,44,0,0,2,11,309,3,29,2,6,14,1,1,7,1,1,2,0,2,14,45
44,15,7,19,9,0,2,1,1,0,1,8,7,0,0,2,11,309,3,17,5,7,13,9,11,22,12,8,2,2,2,11,45
156,15,7,11,8,0,2,1,1,0,1,7,8,0,0,2,11,309,3,17,5,7,13,8,10,21,11,7,2,2,2,10,30
-191,15,7,45,8,0,2,1,1,0,0,6,9,0,0,2,11,309,3,17,5,8,13,7,10,20,10,6,1,2,2,16,30
-3,15,7,29,7,0,2,1,1,0,0,5,10,0,0,2,11,309,2,17,5,8,13,6,9,19,10,7,1,1,1,13,30
20,15,7,27,7,0,2,1,0,0,0,13,2,0,0,2,11,309,2,17,6,9,14,5,11,18,9,7,1,1,1,12,45
67,13,5,19,9,0,1,1,0,0,0,8,7,0,0,2,11,309,2,15,4,7,13,5,10,18,10,6,1,1,2,11,45
15,12,5,21,9,0,0,1,0,0,0,0,15,0,0,2,11,309,1,15,5,8,13,5,12,17,10,6,1,1,2,12,0
-235,12,6,40,9,0,0,1,0,0,0,14,1,0,0,2,11,309,2,14,4,7,12,4,11,16,9,5,0,1,1,15,45
32,12,6,21,9,0,2,0,0,0,0,9,6,0,0,2,11,309,4,12,2,6,11,3,12,15,8,4,0,0,2,12,0
-2,9,4,27,8,0,2,0,0,0,1,11,4,0,0,2,11,309,2,11,3,6,10,6,11,18,10,5,0,0,1,12,45
-13,8,4,25,7,0,2,0,0,0,2,2,13,0,0,2,11,309,2,10,3,6,10,7,11,18,10,5,0,0,2,12,30
9,8,5,17,6,0,3,0,0,0,2,7,8,0,0,2,11,309,1,9,4,5,9,9,11,17,11,5,0,0,2,11,30
9,8,5,15,5,0,3,0,0,0,2,4,11,0,0,2,11,309,1,9,4,5,9,8,10,17,10,5,0,0,2,11,15
138,8,6,0,5,0,2,0,1,0,2,3,12,0,1,2,11,309,2,8,3,4,8,7,9,16,9,5,0,0,1,9,0
-15,8,6,23,4,0,2,0,1,0,2,1,14,0,0,2,11,309,2,8,3,5,8,6,8,15,8,5,0,0,2,12,15
19,7,5,12,4,0,2,0,1,0,1,4,11,0,0,2,11,309,1,8,3,6,8,6,8,15,8,4,0,0,1,10,45
8,7,5,17,3,0,2,0,1,0,1,4,11,0,0,2,11,309,1,8,3,6,8,5,7,14,7,4,0,0,2,11,30
49,7,5,12,3,0,2,0,1,0,1,1,14,0,0,2,11,309,2,7,3,5,7,5,6,14,6,4,0,0,1,10,45
-81,6,4,23,3,0,2,0,1,0,0,14,1,0,0,2,11,309,1,7,3,5,7,4,5,14,6,3,0,0,2,12,15
-33,6,4,25,2,0,2,0,1,0,0,13,2,0,0,2,11,309,1,7,3,5,7,3,4,13,5,3,0,0,2,12,30
23,5,5,14,3,0,2,0,1,0,0,6,9,0,0,2,11,309,2,5,3,5,5,3,8,12,5,3,0,0,2,11,0
-20,4,4,15,4,0,1,0,1,0,0,1,14,0,0,2,11,309,2,4,2,4,4,2,7,11,5,3,0,0,2,11,15
5,2,2,7,5,0,1,0,1,0,0,8,7,0,0,2,11,309,2,2,1,2,2,6,8,10,6,4,0,0,1,10,0
29,1,1,7,6,0,1,0,0,0,0,9,6,0,0,2,11,309,1,1,1,1,1,5,9,9,7,3,0,0,1,10,0
37,1,1,5,5,0,1,0,0,0,0,7,8,0,0,2,11,309,1,1,1,1,1,4,8,8,6,3,0,0,3,9,45
66,1,1,3,5,0,0,0,0,0,0,2,13,0,0,2,11,309,1,1,1,1,1,4,7,7,5,2,0,0,2,9,30
-46,1,1,10,4,0,0,0,0,0,0,12,3,0,0,2,11,309,1,1,1,1,1,3,6,6,4,2,0,0,1,10,15
10,1,1,2,3,0,0,0,0,0,0,10,5,0,0,2,11,309,1,1,1,1,1,2,5,5,3,2,0,0,2,9,15
6,0,0,0,3,0,0,0,0,0,0,0,10,0,1,2,11,309,0,0,0,0,0,4,4,4,4,4,0,0,1,9,0
-63,0,0,7,2,0,0,0,0,0,0,0,21,0,0,2,11,309,0,0,0,0,0,3,3,3,3,3,0,0,1,10,0
18,0,0,3,1,0,0,0,0,0,0,0,29,0,0,2,11,309,0,0,0,0,0,2,2,2,2,2,0,0,2,9,30
15,0,0,5,0,0,0,0,0,0,0,0,30,0,0,2,11,309,0,0,0,0,0,1,1,1,1,1,0,0,3,9,45
12,29,4,46,5,0,0,1,0,0,0,2,13,0,0,6,11,306,4,41,3,3,10,4,6,12,3,3,3,0,1,17,15
62,29,4,43,4,0,0,1,0,0,0,1,14,0,0,6,11,306,4,41,3,4,10,4,5,11,2,2,3,0,1,16,45
16,27,4,41,5,0,0,1,0,0,0,14,1,0,0,6,11,306,3,39,1,4,9,3,5,10,4,3,3,1,2,16,30
43,26,3,39,5,0,0,0,0,0,0,12,3,0,0,6,11,306,2,39,1,4,9,3,5,9,4,2,3,1,2,16,15
-1,26,3,45,4,0,0,1,0,0,0,1,14,0,0,6,11,306,3,38,1,5,9,2,4,8,3,1,3,1,1,17,0
30,25,3,43,3,0,0,1,0,0,0,13,2,0,0,6,11,306,2,38,3,6,9,2,5,10,3,1,3,1,1,16,45
21,25,3,38,4,0,0,0,0,0,0,9,6,0,0,6,11,306,3,37,4,7,8,2,6,10,2,0,2,1,2,16,0
-36,23,1,41,4,0,1,0,0,0,0,12,3,0,0,6,11,306,2,35,4,5,7,4,5,11,4,1,2,0,2,16,30
16,22,1,35,4,0,1,1,0,0,0,5,10,0,0,6,11,306,2,33,3,4,9,4,5,11,5,1,2,0,2,15,30
-6,22,1,36,4,0,0,1,0,0,0,0,15,0,0,6,11,306,2,33,3,4,9,3,5,10,4,0,2,0,1,15,45
8,22,1,36,5,0,0,1,0,0,0,12,3,0,0,6,11,306,4,31,1,2,7,2,5,9,3,0,2,0,1,15,45
27,22,1,39,4,0,0,1,0,0,0,9,6,0,0,6,11,306,3,31,2,2,8,1,4,8,3,1,2,0,2,16,15
-2,21,2,31,4,0,1,1,0,0,0,6,9,0,0,6,11,306,1,29,1,5,11,5,7,9,6,2,2,0,1,14,45
7,21,3,30,3,0,1,1,0,0,0,1,14,0,0,6,11,306,1,29,1,5,11,5,6,8,5,2,2,0,2,14,30
-8,21,3,34,3,0,1,0,0,0,0,43,2,0,0,6,11,306,1,29,1,5,11,4,5,8,4,2,2,0,1,15,15
-141,21,4,47,2,0,1,0,0,0,0,28,17,1,0,6,11,306,1,29,3,8,14,4,4,8,3,1,2,0,2,17,30
25,21,5,33,1,0,1,1,0,0,0,21,24,0,0,6,11,306,1,28,4,7,14,3,3,8,3,0,2,0,1,15,0
-24,21,6,31,1,0,0,1,0,0,0,17,28,0,0,6,11,306,1,28,4,7,14,2,2,7,2,0,2,0,1,14,45
-20,21,6,29,2,0,0,1,0,0,0,5,40,0,0,6,11,306,3,26,3,6,14,1,2,6,1,0,2,0,1,14,15
10,15,5,25,4,0,0,4,0,0,0,5,10,0,0,6,11,306,1,20,3,8,12,4,5,12,8,5,2,1,1,13,0
-21,13,3,28,5,0,0,3,0,0,0,10,5,0,0,6,11,306,0,19,4,7,12,4,7,12,9,5,1,1,1,13,30
41,13,4,23,4,0,0,4,0,0,0,0,15,0,0,6,11,306,1,18,4,6,11,3,7,13,8,4,1,0,2,12,45
10,13,4,23,3,0,0,4,0,0,0,12,3,0,0,6,11,306,1,18,4,6,11,2,6,13,7,3,1,0,2,12,45
18,11,3,21,5,0,0,4,0,0,0,11,4,0,0,6,11,306,2,15,3,6,10,4,8,13,8,4,1,0,2,12,30
-19,10,5,19,6,0,0,5,0,0,0,4,11,0,0,6,11,306,2,12,2,5,11,6,8,14,10,4,1,0,2,12,15
4,10,5,27,5,0,0,5,0,0,0,1,14,0,0,6,11,306,2,12,2,5,12,5,7,13,9,4,1,0,1,13,15
77,10,5,19,5,0,0,4,0,0,0,11,4,0,0,6,11,306,2,12,3,5,12,5,6,13,8,3,1,0,2,12,15
-14,9,4,25,4,0,0,4,0,0,0,8,7,0,0,6,11,306,1,12,3,5,12,4,6,12,8,4,1,0,1,13,0
43,8,3,16,5,0,0,3,0,0,0,9,6,0,0,6,11,306,1,11,3,5,11,3,8,13,8,5,1,1,1,11,45
22,8,3,16,6,0,0,2,0,0,0,7,8,0,0,6,11,306,2,10,2,4,10,2,7,12,7,5,1,1,1,11,45
25,8,3,18,6,0,0,2,0,0,0,28,2,0,0,6,11,306,3,9,2,4,9,2,6,12,6,5,1,1,2,12,0
43,5,3,12,6,0,0,3,0,0,0,5,25,0,0,6,11,306,1,7,1,6,7,5,7,13,9,6,1,1,2,11,15
16,5,4,14,6,0,0,2,0,0,0,8,7,0,0,6,11,306,0,7,3,7,7,4,7,14,9,5,1,1,2,11,30
-47,5,5,12,6,0,0,1,0,0,0,1,14,0,0,6,11,306,0,7,3,7,7,3,8,13,8,4,1,1,2,11,15
24,5,5,11,5,0,0,1,0,0,0,13,2,0,0,6,11,306,0,7,5,7,7,2,7,12,7,4,1,1,2,11,0
-45,5,5,21,6,0,0,0,0,0,0,10,5,0,0,6,11,306,1,6,4,6,6,1,6,11,6,3,0,1,2,12,30
-46,2,2,14,8,0,0,1,0,0,0,9,6,0,0,6,11,306,2,2,2,2,2,5,7,12,8,4,0,0,2,11,30
52,2,2,6,8,0,0,1,0,0,0,7,8,0,0,6,11,306,3,1,1,1,1,4,7,11,7,4,0,0,2,10,0
10,2,2,10,7,0,0,1,1,0,0,13,2,0,0,6,11,306,2,0,0,0,0,4,8,10,8,4,0,0,1,10,30
40,1,1,8,6,0,0,1,1,0,0,5,10,0,0,6,11,306,1,0,0,0,0,3,7,9,8,5,0,0,1,10,15
72,0,0,6,5,0,0,1,1,0,0,3,12,0,0,6,11,306,0,0,0,0,0,2,6,8,8,5,0,0,2,10,0
10,0,0,2,4,0,0,1,1,0,0,2,13,0,0,6,11,306,0,0,0,0,0,3,7,7,7,4,0,0,2,9,30
9,0,0,4,3,0,0,1,1,0,0,0,19,0,0,6,11,306,0,0,0,0,0,4,6,6,6,4,0,0,2,9,45
-8,0,0,4,2,0,0,1,1,0,0,0,22,0,0,6,11,306,0,0,0,0,0,3,5,5,5,4,0,0,2,9,45
8,0,0,1,1,0,0,1,1,0,0,0,29,0,0,6,11,306,0,0,0,0,0,4,4,4,4,3,0,0,2,9,15
-40,0,0,8,1,0,0,0,1,0,0,0,30,0,0,6,11,306,0,0,0,0,0,3,3,3,3,2,0,0,1,10,15
20,0,0,0,1,0,0,0,0,0,0,0,54,0,1,6,11,306,0,0,0,0,0,2,2,2,2,2,0,0,1,9,0
18,0,0,2,0,0,0,0,0,0,0,0,55,0,0,6,11,306,0,0,0,0,0,1,1,1,1,1,0,0,2,9,30
12,34,6,45,3,0,2,0,0,0,0,2,13,0,0,5,11,305,2,43,4,8,14,4,6,12,4,2,5,2,1,17,0
16,34,7,43,3,0,2,0,0,0,0,13,2,0,0,5,11,305,2,42,4,8,13,3,5,11,4,2,5,1,1,16,45
-5,34,7,47,3,0,2,1,0,0,0,3,12,1,0,5,11,305,4,40,3,6,12,3,4,10,3,1,4,1,1,17,30
26,33,7,43,3,0,2,1,0,0,0,9,6,0,0,5,11,305,4,39,4,6,12,3,3,11,3,1,4,0,1,16,45
3,31,6,41,5,0,1,1,0,0,0,7,8,0,0,5,11,305,3,37,3,6,12,2,6,13,5,3,4,0,2,16,30
-29,29,5,46,6,0,0,2,0,0,0,12,3,0,0,5,11,305,3,35,2,4,10,1,7,13,6,4,4,0,2,17,15
-17,25,2,41,6,0,0,2,0,0,1,5,10,0,0,5,11,305,1,33,2,7,11,6,8,14,9,3,4,0,2,16,30
21,25,3,36,6,0,0,2,0,0,2,14,1,0,0,5,11,305,3,31,2,5,10,5,10,14,8,3,4,1,2,15,45
22,25,3,38,5,0,0,2,0,0,2,13,2,0,0,5,11,305,3,31,2,5,10,4,9,13,7,3,4,1,1,16,0
70,25,3,29,5,0,0,1,0,0,2,7,8,0,0,5,11,305,3,31,3,6,11,3,8,12,6,2,4,1,2,14,45
14,25,3,38,5,0,0,0,0,0,2,4,11,0,0,5,11,305,3,31,3,6,12,2,7,12,5,2,4,1,1,16,0
31,24,2,34,4,0,0,0,0,0,2,0,15,0,0,5,11,305,1,31,4,6,13,2,7,11,6,2,4,1,2,15,30
13,24,5,34,4,0,0,1,1,0,2,0,15,0,0,5,11,305,3,27,3,4,14,6,7,13,6,2,4,1,2,15,30
-67,24,5,36,4,0,0,1,1,0,2,10,5,0,0,5,11,305,3,27,2,5,14,5,7,13,6,3,4,1,2,15,45
-73,23,4,40,5,0,0,1,1,0,1,4,11,0,0,5,11,305,3,26,2,4,14,4,6,14,6,3,3,1,2,16,15
22,23,4,31,5,0,0,1,1,0,0,2,13,0,0,5,11,305,3,26,2,4,14,3,6,13,5,3,3,0,1,15,0
10,22,4,33,4,0,0,1,1,0,0,0,15,0,0,5,11,305,2,26,2,5,14,2,5,12,5,3,3,0,2,15,15
-30,22,6,31,5,0,0,0,1,0,0,33,12,0,0,5,11,305,3,25,1,7,14,2,5,12,4,3,3,0,1,15,0
17,19,7,29,5,0,0,0,1,0,0,6,39,0,0,5,11,305,0,24,4,10,16,3,6,16,7,4,3,1,2,14,45
8,19,7,27,5,0,0,0,0,0,0,14,1,0,0,5,11,305,0,24,6,10,16,3,6,15,6,3,3,1,1,14,15
38,19,9,23,4,0,1,0,1,0,0,2,13,0,0,5,11,305,2,22,6,10,15,3,8,15,5,2,3,2,1,13,0
-46,16,7,28,4,0,3,0,1,0,0,4,11,0,0,5,11,305,1,19,5,8,13,4,8,17,8,4,3,2,2,14,30
75,14,6,23,6,0,3,0,1,0,0,4,11,0,0,5,11,305,2,16,4,7,11,6,9,19,9,4,2,2,1,13,0
39,14,6,25,6,0,3,0,1,0,0,14,1,0,0,5,11,305,3,15,3,6,10,5,9,18,8,4,2,2,1,13,15
20,12,5,26,5,0,3,1,1,0,0,5,10,0,0,5,11,305,2,14,3,6,11,5,10,17,9,4,2,2,1,13,30
80,12,6,12,5,0,2,1,2,0,0,13,2,0,0,5,11,305,3,13,3,6,11,6,9,16,8,3,1,2,2,11,45
19,11,5,21,5,0,1,1,2,0,0,9,6,0,0,5,11,305,2,13,3,6,11,5,8,15,8,3,1,1,2,12,45
9,10,4,21,4,0,1,1,2,0,0,8,7,0,0,5,11,305,1,13,3,6,11,4,7,14,8,3,1,1,2,12,45
26,9,4,17,4,0,2,1,2,0,0,7,8,0,0,5,11,305,2,11,3,5,10,5,9,15,8,3,1,1,2,12,15
26,9,4,19,3,0,2,1,2,0,0,2,13,0,0,5,11,305,2,11,3,5,10,5,9,15,7,3,1,1,2,12,30
46,9,4,19,3,0,2,1,1,0,0,0,15,0,0,5,11,305,2,11,3,5,10,4,8,14,6,3,1,1,2,12,30
-257,8,4,47,5,0,1,1,1,0,0,0,15,1,0,5,11,305,2,9,2,4,9,5,10,15,7,2,0,1,1,17,30
31,8,4,12,5,0,1,1,1,0,0,10,5,0,0,5,11,305,2,8,1,4,8,5,9,14,7,3,0,0,2,11,45
40,7,4,15,4,0,1,1,1,0,0,6,9,0,0,5,11,305,1,8,2,4,8,5,8,13,7,4,0,0,2,12,0
53,6,5,10,3,0,1,2,1,0,0,3,12,0,0,5,11,305,1,7,2,5,7,7,7,14,7,4,0,0,3,11,30
12,5,4,17,3,0,1,1,1,0,0,1,14,0,0,5,11,305,0,7,2,5,7,6,6,13,7,4,0,0,2,12,15
-1,5,4,15,3,0,1,1,0,0,0,12,3,0,0,5,11,305,0,7,2,6,7,5,6,12,6,3,0,0,2,12,0
23,5,4,10,2,0,1,2,0,0,0,7,8,0,0,5,11,305,1,6,2,5,6,4,6,11,5,3,0,0,3,11,30
40,5,4,7,1,0,1,2,0,0,0,29,1,0,0,5,11,305,1,6,4,5,6,3,6,11,4,3,0,0,1,11,0
-2,5,4,12,1,0,1,2,0,0,0,26,4,0,0,5,11,305,2,5,3,4,5,2,5,10,3,2,0,0,2,11,45
14,4,4,9,1,0,0,2,0,0,0,20,10,0,0,5,11,305,1,5,3,5,5,1,5,9,3,1,0,0,2,11,15
33,1,1,1,3,0,1,2,0,0,0,14,1,0,0,5,11,305,2,1,1,1,1,5,7,8,5,3,0,0,2,10,0
16,1,1,7,3,0,1,1,0,0,0,8,7,0,0,5,11,305,2,1,1,1,1,4,6,7,4,2,0,0,1,11,0
9,1,1,5,2,0,1,1,0,0,0,5,10,0,0,5,11,305,2,1,1,1,1,3,5,6,3,1,0,0,2,10,30
25,0,0,5,2,0,1,0,0,0,0,8,7,0,0,5,11,305,1,1,1,1,1,2,5,5,3,0,0,0,2,10,30
3,0,0,3,1,0,1,1,0,0,0,1,14,0,0,5,11,305,2,0,0,0,0,3,4,4,2,0,0,0,2,10,15
8,0,0,0,1,0,0,1,0,0,0,0,23,0,1,5,11,305,0,0,0,0,0,3,3,3,3,1,0,0,2,9,45
-41,0,0,3,0,0,0,1,0,0,0,0,23,0,0,5,11,305,0,0,0,0,0,2,2,2,2,1,0,0,2,10,15
-19,0,0,1,0,0,0,0,0,0,0,0,45,0,0,5,11,305,0,0,0,0,0,1,1,1,1,0,0,0,2,10,0
-3,31,2,45,0,0,0,1,0,0,0,3,12,1,0,4,10,304,1,44,2,3,11,2,2,7,1,1,8,0,1,17,0
34,29,1,40,0,0,0,2,0,0,0,9,6,0,0,4,10,304,1,42,1,5,12,1,4,7,2,1,8,1,1,16,0
8,29,4,43,2,0,0,1,0,0,0,9,6,0,0,4,10,304,1,40,4,8,13,4,6,11,3,3,8,3,1,16,30
-23,29,4,44,2,0,0,0,0,0,0,9,6,0,0,4,10,304,0,40,4,8,14,3,5,10,3,3,8,3,1,16,45
-10,28,3,40,1,0,2,0,0,0,0,11,4,0,0,4,10,304,0,37,2,8,12,3,4,12,4,4,7,3,1,16,0
-1,28,3,36,2,0,1,0,0,0,0,8,7,0,0,4,10,304,1,37,3,7,11,2,3,11,3,3,7,2,2,15,30
3,26,1,36,3,0,0,0,0,0,0,5,10,0,0,4,10,304,0,36,4,7,12,2,4,10,4,4,6,3,2,15,30
-6,25,2,38,3,0,1,0,0,0,2,10,5,0,0,4,10,304,2,32,3,4,11,2,6,11,5,4,5,3,2,15,45
-91,25,3,42,4,0,1,0,0,0,2,6,9,0,0,4,10,304,2,30,2,4,10,3,8,13,6,4,4,3,1,16,15
-15,25,4,32,5,0,0,0,0,0,2,38,7,0,0,4,10,304,1,29,3,5,11,5,7,12,7,5,4,2,1,14,45
-28,25,4,32,4,0,0,0,0,0,2,33,12,0,0,4,10,304,1,29,3,6,12,4,6,11,6,4,4,2,1,14,45
11,24,6,34,3,0,1,0,0,0,2,18,27,0,0,4,10,304,1,28,2,7,13,5,7,12,6,3,4,2,1,15,0
-77,24,6,38,3,0,1,0,0,0,1,17,28,0,0,4,10,304,1,28,3,7,13,4,6,11,5,2,3,2,2,15,45
13,23,6,31,4,0,1,0,0,0,1,9,36,0,0,4,10,304,2,26,1,6,12,3,5,11,5,3,3,1,2,14,30
-1,23,7,30,4,0,1,0,0,0,0,0,45,0,0,4,10,304,2,26,3,6,14,3,6,10,4,3,2,2,1,14,15
6,23,7,35,3,0,1,0,0,0,0,14,1,0,0,4,10,304,2,26,4,6,14,2,6,9,3,2,2,1,2,15,15
61,19,5,26,4,0,1,0,0,0,1,1,14,0,0,4,10,304,1,23,3,6,14,4,5,13,6,2,2,1,1,13,0
13,19,6,29,4,0,0,0,2,0,1,5,10,0,0,4,10,304,3,21,1,6,13,4,4,12,5,2,2,1,1,13,30
46,16,5,22,4,0,0,0,3,0,0,3,12,0,0,4,10,304,1,20,3,8,14,3,6,13,7,4,2,1,1,12,15
2,16,5,26,3,0,0,0,3,0,0,1,14,0,0,4,10,304,1,20,3,8,14,2,5,12,6,4,1,1,1,13,0
33,16,5,25,2,0,0,0,3,0,0,14,1,0,0,4,10,304,1,20,3,8,14,1,4,12,5,3,1,0,2,12,45
23,13,5,18,5,0,0,1,3,0,0,4,11,0,0,4,10,304,2,15,4,7,14,5,8,16,8,6,1,1,2,11,45
40,13,5,20,5,0,0,1,2,0,0,3,12,0,0,4,10,304,2,15,4,7,14,4,7,15,7,6,1,1,2,12,0
11,13,6,28,5,0,0,1,2,0,0,0,15,0,0,4,10,304,3,14,3,7,13,3,6,15,6,5,1,1,1,13,15
33,11,6,22,5,0,0,1,3,0,0,12,3,0,0,4,10,304,2,12,3,6,12,5,8,17,8,5,1,1,1,12,15
-7,11,7,20,5,0,0,1,3,0,0,7,8,0,0,4,10,304,3,11,2,7,11,4,9,16,7,4,0,1,2,12,0
5,9,5,17,4,0,0,1,3,0,0,0,15,0,0,4,10,304,1,11,4,7,11,3,8,17,8,4,0,0,2,11,30
6,9,5,24,4,0,0,1,2,0,1,8,7,0,0,4,10,304,1,10,4,6,10,4,8,16,8,5,0,0,1,12,30
74,9,5,13,4,0,0,1,1,0,1,8,7,0,0,4,10,304,1,9,4,6,10,3,7,16,7,4,0,0,2,11,0
11,7,5,11,5,0,1,1,2,0,1,10,5,0,0,4,10,304,3,6,2,6,6,6,9,16,8,4,0,0,2,10,45
-3,7,6,18,4,0,1,1,2,0,1,9,6,0,0,4,10,304,3,6,2,6,6,5,8,15,7,4,0,0,2,11,45
7,6,5,9,4,0,0,1,2,0,1,0,15,0,0,4,10,304,2,6,4,6,6,5,9,15,7,5,0,0,2,10,30
0,4,3,11,6,0,0,1,2,0,0,8,7,0,0,4,10,304,2,4,2,4,4,5,9,14,8,6,0,0,2,10,45
55,4,3,13,5,0,0,1,2,0,0,7,8,0,0,4,10,304,2,4,2,4,4,4,8,13,7,5,0,0,2,11,0
29,4,4,15,5,0,0,0,2,0,0,14,1,0,0,4,10,304,2,4,3,4,4,4,9,12,6,4,0,0,1,11,15
47,2,2,9,6,0,0,0,1,0,1,2,13,0,0,4,10,304,2,2,2,2,2,4,9,11,7,5,0,0,2,10,30
-6,2,2,15,5,0,0,0,1,0,1,8,7,0,0,4,10,304,2,2,2,2,2,5,8,10,6,4,0,0,1,11,15
43,2,2,4,6,0,0,0,0,0,1,2,13,0,0,4,10,304,2,1,1,1,1,5,8,9,6,4,0,0,2,9,45
-27,1,1,8,6,0,0,0,1,0,0,4,11,0,0,4,10,304,2,0,0,0,0,6,7,8,6,4,0,0,2,10,15
24,1,1,6,5,0,0,0,1,0,0,1,14,0,0,4,10,304,2,0,0,0,0,5,7,7,5,3,0,0,1,10,0
10,1,1,2,4,0,0,0,1,0,0,13,2,0,0,4,10,304,1,0,0,0,0,4,6,6,5,2,0,0,2,9,30
51,0,0,1,3,0,0,0,1,0,0,4,11,0,0,4,10,304,0,0,0,0,0,4,5,5,5,2,0,0,2,9,15
38,0,0,2,2,0,0,0,1,0,0,2,13,0,0,4,10,304,0,0,0,0,0,3,4,4,4,1,0,0,2,9,30
81,0,0,6,1,0,0,0,1,0,0,8,7,0,0,4,10,304,0,0,0,0,0,2,3,3,3,1,0,0,1,10,0
-16,0,0,4,0,0,0,0,1,0,0,0,9,0,0,4,10,304,0,0,0,0,0,2,2,2,2,1,0,0,2,9,45
20,0,0,0,0,0,0,0,0,0,0,0,26,0,1,4,10,304,0,0,0,0,0,1,1,1,1,1,0,0,1,9,0
85,35,1,41,2,0,1,0,0,0,1,0,15,0,0,3,10,303,1,47,1,5,10,4,5,8,4,2,7,2,1,16,0
20,35,2,51,2,0,1,0,0,0,0,10,5,1,0,3,10,303,1,47,1,6,10,4,4,7,3,2,6,2,1,17,45
32,34,1,49,2,0,0,0,0,0,0,3,12,0,0,3,10,303,0,47,2,6,12,3,3,7,3,1,5,1,1,17,15
34,34,1,47,1,0,1,0,0,0,0,0,15,0,0,3,10,303,1,46,1,5,11,2,2,6,2,0,5,0,1,17,0
-4,34,3,47,1,0,0,0,0,0,0,0,15,0,0,3,10,303,0,46,4,7,12,1,3,5,2,0,5,1,1,17,0
-7,33,4,44,2,0,2,1,0,0,0,0,15,0,0,3,10,303,2,41,4,6,11,2,4,10,4,3,5,2,1,16,30
30,31,2,40,3,0,1,2,0,0,0,6,9,0,0,3,10,303,2,39,2,4,11,2,3,11,5,4,4,2,2,15,45
-6,30,1,43,3,0,0,3,1,0,0,13,2,0,0,3,10,303,2,37,2,5,12,2,5,10,6,4,3,2,2,16,15
-14,29,1,41,3,0,0,4,1,0,0,4,11,0,0,3,10,303,2,35,3,5,12,4,6,11,7,4,3,2,1,16,0
123,29,4,34,2,0,1,4,1,0,0,29,1,0,0,3,10,303,1,34,3,7,13,4,8,10,8,4,3,2,2,15,0
41,29,4,36,2,0,1,4,1,0,0,20,10,0,0,3,10,303,1,33,3,6,12,4,7,9,8,5,2,2,2,15,15
-159,29,5,50,1,0,1,4,1,0,0,19,11,0,0,3,10,303,1,33,3,6,12,3,6,8,7,4,2,1,1,17,30
-8,28,5,32,2,0,0,4,1,0,0,2,28,0,0,3,10,303,0,32,4,7,14,5,6,8,8,5,2,1,2,14,45
42,28,6,36,2,0,0,4,2,0,0,41,4,0,0,3,10,303,2,30,3,5,13,4,6,8,7,4,1,1,2,15,15
54,28,7,31,2,0,0,4,1,0,0,32,13,0,0,3,10,303,2,30,5,7,14,3,5,9,6,3,1,0,2,14,15
-16,28,7,38,2,0,0,3,1,0,0,29,16,0,0,3,10,303,2,30,5,7,15,2,4,8,5,2,1,0,1,15,30
56,28,7,32,2,0,0,2,1,0,0,27,18,0,0,3,10,303,2,30,5,7,15,1,3,7,4,2,1,0,2,14,45
-38,23,5,34,5,0,1,1,2,0,0,6,9,0,0,3,10,303,2,25,3,7,13,2,3,10,8,5,1,0,2,15,0
-45,23,6,38,5,0,1,0,2,0,0,14,1,0,0,3,10,303,2,25,4,7,15,1,2,12,7,4,1,0,1,15,30
98,19,7,23,7,0,1,1,2,0,0,2,13,0,0,3,10,303,2,21,5,9,17,3,5,17,10,6,1,0,2,12,15
50,17,7,26,8,0,2,1,2,0,0,14,1,0,0,3,10,303,2,18,4,8,15,4,10,19,12,6,1,0,2,12,45
56,15,6,27,8,0,2,1,2,0,0,6,9,0,0,3,10,303,1,17,5,7,15,3,10,19,13,6,1,0,1,13,0
64,15,6,29,7,0,2,2,2,0,0,2,13,0,0,3,10,303,2,16,4,7,14,2,10,19,12,5,1,0,1,13,15
19,12,4,21,6,0,2,2,2,0,2,2,13,0,0,3,10,303,1,14,4,7,13,5,12,20,14,5,1,1,1,12,0
40,12,7,24,6,0,2,3,2,0,2,1,14,0,0,3,10,303,2,12,3,8,12,8,12,20,14,6,1,1,1,12,30
33,12,7,27,6,0,2,3,1,0,2,0,15,0,0,3,10,303,2,12,4,8,12,7,11,19,13,5,1,1,1,13,0
15,11,6,30,5,0,2,3,1,0,2,7,8,0,0,3,10,303,1,12,4,8,12,8,12,18,13,4,1,1,1,13,30
73,10,5,21,6,0,1,4,1,0,2,3,12,0,0,3,10,303,2,10,3,7,10,8,12,17,13,4,1,1,1,12,0
-3,10,5,18,6,0,1,4,1,0,1,2,13,0,0,3,10,303,2,10,3,7,10,7,11,17,12,3,1,1,2,11,45
76,10,5,16,6,0,1,3,1,0,1,1,14,0,0,3,10,303,2,10,3,7,10,6,10,16,11,2,1,1,3,11,30
6,9,5,18,6,0,1,3,1,0,0,7,8,0,0,3,10,303,1,10,6,8,10,5,10,16,11,2,1,1,2,11,45
69,9,5,12,6,0,0,3,1,0,0,6,9,0,0,3,10,303,1,10,6,8,10,4,9,15,10,1,1,1,2,11,0
25,9,6,24,6,0,0,4,1,0,0,0,15,0,0,3,10,303,2,8,4,6,8,5,10,14,10,2,1,1,1,12,30
56,9,6,16,6,0,0,4,0,0,0,12,3,0,0,3,10,303,2,8,4,7,8,4,10,14,9,2,1,1,3,11,30
2,9,6,18,7,0,0,3,0,0,0,3,12,0,0,3,10,303,3,7,4,6,7,5,9,13,8,1,0,1,2,11,45
38,6,5,10,9,0,0,3,0,0,0,4,11,0,0,3,10,303,3,4,2,4,4,6,9,13,10,2,0,0,2,10,45
-243,5,4,44,8,0,0,3,0,0,0,0,15,0,0,3,10,303,2,4,2,4,4,6,8,12,10,3,0,0,1,16,30
55,5,4,14,7,0,0,3,0,0,0,12,3,0,0,3,10,303,2,4,3,4,4,6,7,11,9,3,0,0,2,11,15
40,5,5,14,7,0,0,3,0,0,0,5,10,0,0,3,10,303,3,3,2,3,3,5,6,12,8,3,0,0,2,11,15
33,4,4,6,6,0,0,3,0,0,0,7,8,0,0,3,10,303,1,2,3,3,3,5,7,12,9,4,0,0,2,10,15
50,3,3,8,6,0,0,3,0,0,0,5,10,0,0,3,10,303,1,2,2,2,2,4,6,11,9,5,0,0,2,10,30
16,3,3,6,5,0,0,3,0,0,0,1,14,0,0,3,10,303,1,2,2,2,2,3,5,11,8,5,0,0,2,10,15
7,3,3,12,5,0,0,3,0,0,0,13,2,0,0,3,10,303,2,1,1,1,1,2,4,10,7,4,0,0,2,11,0
-340,1,1,46,5,0,1,2,0,0,0,10,5,0,0,3,10,303,1,0,0,0,0,3,5,9,8,6,0,0,2,16,45
53,0,0,4,4,0,1,2,0,0,0,2,13,0,0,3,10,303,0,0,0,0,0,3,7,8,8,5,0,0,1,9,45
12,0,0,8,4,0,1,1,0,0,0,0,15,0,0,3,10,303,0,0,0,0,0,3,6,7,7,5,0,0,2,10,30
-29,0,0,10,3,0,1,1,0,0,0,0,2,0,0,3,10,303,0,0,0,0,0,2,6,6,6,4,0,0,2,10,45
7,0,0,5,2,0,1,1,0,0,0,0,14,0,0,3,10,303,0,0,0,0,0,4,5,5,5,3,0,0,2,10,0
35,0,0,2,2,0,1,0,0,0,0,0,34,0,0,3,10,303,0,0,0,0,0,4,4,4,4,3,0,0,1,9,30
11,0,0,2,1,0,1,0,0,0,0,0,38,0,0,3,10,303,0,0,0,0,0,3,3,3,3,2,0,0,1,9,30
26,0,0,0,1,0,0,0,0,0,0,0,41,0,1,3,10,303,0,0,0,0,0,2,2,2,2,1,0,0,1,9,0
30,0,0,1,0,0,0,0,0,0,0,0,58,0,0,3,10,303,0,0,0,0,0,1,1,1,1,1,0,0,2,9,15
32,45,8,60,2,0,0,0,0,0,0,1,0,0,0,2,10,302,2,60,6,10,14,1,3,10,1,1,5,1,1,17,30
3,37,3,60,6,0,0,0,0,0,3,10,5,0,0,2,10,302,1,52,3,5,12,5,9,14,9,3,5,2,1,17,30
115,37,3,45,5,0,0,1,0,0,3,8,7,0,0,2,10,302,2,51,2,4,11,4,8,13,8,3,5,2,2,15,45
17,37,3,57,6,0,0,2,0,0,2,11,4,0,0,2,10,302,3,49,2,3,10,6,7,13,8,3,4,2,2,17,15
-3,37,4,62,5,0,0,2,0,0,2,4,11,1,0,2,10,302,3,49,2,4,12,5,6,12,7,3,3,1,1,17,45
29,37,4,55,5,0,0,2,0,0,1,0,15,0,0,2,10,302,3,49,2,4,12,5,5,11,6,3,3,0,3,17,0
0,36,3,55,5,0,0,2,0,0,1,2,13,0,0,2,10,302,2,48,2,6,13,4,6,12,7,3,3,0,3,17,0
51,36,4,51,4,0,0,2,0,0,1,1,14,0,0,2,10,302,2,48,2,6,13,3,5,11,6,2,3,0,2,16,30
54,36,4,49,3,0,0,3,0,0,1,14,1,0,0,2,10,302,3,47,1,5,12,2,4,11,5,2,3,0,2,16,15
-24,36,5,57,3,0,0,3,0,0,0,1,14,0,0,2,10,302,3,47,2,6,13,1,5,12,4,2,3,0,2,17,15
26,33,3,51,4,0,0,3,0,0,1,10,5,0,0,2,10,302,1,44,4,8,14,5,6,16,8,4,3,0,2,16,30
10,33,3,49,4,0,0,3,0,0,1,5,10,0,0,2,10,302,1,43,3,7,14,4,7,15,8,4,3,0,2,16,15
-29,32,2,47,6,0,0,3,0,0,0,11,4,0,0,2,10,302,2,41,2,6,13,4,7,15,8,4,3,0,2,16,0
-19,31,1,53,6,0,0,2,0,0,0,4,11,0,0,2,10,302,1,41,4,6,14,3,8,14,8,3,3,0,2,16,45
-1,31,1,43,6,0,0,2,0,0,0,11,4,0,0,2,10,302,2,40,4,6,14,2,8,13,7,3,3,0,2,15,30
-6,31,2,38,5,0,0,3,0,0,0,4,11,0,0,2,10,302,2,39,3,7,14,3,7,12,7,3,3,0,3,15,0
-10,30,4,43,6,0,0,3,1,0,0,9,6,0,0,2,10,302,2,36,3,6,17,6,10,15,9,6,3,0,2,15,30
-33,30,4,40,6,0,0,2,1,0,0,7,8,0,0,2,10,302,2,36,3,7,17,5,9,14,8,5,3,0,2,15,15
1,30,4,40,6,0,0,2,1,0,0,29,1,0,0,2,10,302,2,35,3,6,17,5,9,14,8,4,3,0,2,15,15
10,30,5,45,6,0,0,1,1,0,0,25,5,0,0,2,10,302,1,35,3,7,19,5,8,14,8,5,3,0,2,15,45
39,30,5,38,5,0,0,1,1,0,0,23,7,0,0,2,10,302,1,35,3,7,19,4,7,13,7,4,3,0,3,15,0
3,30,8,35,5,0,0,1,1,0,0,13,17,0,0,2,10,302,1,34,4,8,19,5,6,14,7,3,3,0,2,14,30
1,29,9,47,5,0,0,2,1,0,0,0,30,0,0,2,10,302,2,32,3,9,19,5,7,15,7,3,3,1,2,16,0
20,29,9,36,4,0,0,2,1,0,0,11,4,0,0,2,10,302,2,32,4,9,19,4,7,16,6,3,3,1,2,14,45
-11,27,9,36,4,0,0,2,1,0,0,0,15,0,0,2,10,302,1,31,5,11,19,3,7,17,7,5,3,1,2,14,45
-1,27,9,34,5,0,0,2,0,0,0,14,1,0,0,2,10,302,2,30,4,10,18,2,6,16,6,4,3,1,1,14,15
-160,26,10,53,5,0,0,1,1,0,0,3,12,0,0,2,10,302,2,29,4,11,18,1,5,16,6,4,3,1,2,16,45
12,20,8,31,6,0,0,3,1,0,0,3,12,0,0,2,10,302,0,25,7,11,19,4,10,20,11,5,3,1,1,13,15
6,20,8,33,5,0,0,3,1,0,0,3,12,0,0,2,10,302,0,25,7,12,19,3,9,19,10,4,2,1,1,13,45
-179,20,9,57,6,0,0,3,1,0,0,12,3,0,0,2,10,302,2,23,7,10,17,4,10,20,9,3,2,0,2,17,15
36,18,8,29,6,0,0,4,1,0,1,1,14,0,0,2,10,302,2,20,5,8,14,4,10,21,11,5,2,0,1,13,0
46,15,6,18,7,0,0,4,1,0,1,0,15,0,0,2,10,302,1,18,5,8,13,6,11,21,13,5,2,0,2,11,30
26,14,6,22,8,0,1,4,1,0,0,12,3,0,0,2,10,302,2,16,3,7,11,7,10,20,13,5,2,0,2,12,0
13,13,6,28,9,0,1,3,1,0,0,3,12,0,0,2,10,302,2,15,3,7,11,7,11,19,13,5,2,1,2,12,45
59,13,6,24,8,0,1,3,1,0,0,14,1,0,0,2,10,302,2,15,3,7,11,7,10,18,12,5,2,1,2,12,15
66,13,6,22,8,0,1,3,0,0,0,13,2,0,0,2,10,302,2,15,3,7,11,6,9,17,11,5,2,1,2,12,0
11,12,6,26,8,0,1,3,0,0,0,5,10,0,0,2,10,302,1,14,3,7,10,5,10,17,12,6,2,1,1,12,30
102,11,5,8,8,0,0,4,0,0,0,0,15,0,0,2,10,302,1,13,3,7,9,5,11,16,12,5,2,1,1,10,15
34,11,5,24,8,0,0,3,0,0,0,13,2,0,0,2,10,302,1,13,3,7,10,4,11,15,11,5,2,2,2,12,15
40,10,5,20,7,0,1,3,0,0,0,4,11,0,0,2,10,302,1,12,4,6,10,5,12,15,11,6,2,2,2,11,45
-23,10,5,29,7,0,1,2,0,0,0,1,14,0,0,2,10,302,1,12,4,6,10,4,11,14,10,5,2,2,1,13,0
137,9,5,11,6,0,1,3,0,0,0,5,10,0,0,2,10,302,1,11,4,5,9,5,11,13,10,5,2,2,3,10,45
49,8,4,16,7,0,1,3,0,0,0,11,4,0,0,2,10,302,2,9,3,4,9,8,10,12,10,6,2,2,2,11,15
19,7,3,26,6,0,1,3,0,0,0,6,9,0,0,2,10,302,1,9,3,5,9,8,9,12,10,7,1,2,1,12,30
5,7,4,32,6,0,1,3,0,0,0,13,2,0,0,2,10,302,2,8,2,4,8,7,8,12,9,6,1,1,1,13,30
44,6,3,18,6,0,1,3,0,0,0,5,10,0,0,2,10,302,1,7,1,3,7,7,8,13,10,6,1,1,2,11,30
80,6,3,16,5,0,1,3,0,0,0,4,11,0,0,2,10,302,1,7,1,3,7,6,7,12,9,6,1,1,2,11,15
45,6,3,13,4,0,1,4,0,0,0,2,13,0,0,2,10,302,2,6,1,2,6,5,6,11,8,6,1,1,2,11,0
13,6,4,13,4,0,0,4,0,0,0,14,1,0,0,2,10,302,2,6,1,2,6,4,5,11,7,6,0,1,2,11,0
-49,6,4,20,4,0,0,3,0,0,0,11,4,0,0,2,10,302,2,6,1,3,6,3,4,10,6,5,0,0,2,11,45
-202,5,3,40,3,0,0,3,0,0,0,7,8,0,0,2,10,302,1,6,2,3,6,2,3,10,6,5,0,0,2,15,15
23,4,3,13,3,0,0,2,0,0,0,5,10,0,0,2,10,302,0,6,2,4,6,2,3,10,6,5,0,0,2,11,0
66,3,3,10,4,0,1,1,0,0,0,7,8,0,0,2,10,302,1,4,2,4,4,2,5,11,6,5,0,0,2,10,30
23,2,2,11,4,0,1,1,0,0,0,7,8,0,0,2,10,302,1,3,3,3,3,2,7,10,6,5,0,0,3,10,45
-8,1,1,2,6,0,1,1,0,0,0,9,6,0,0,2,10,302,2,0,0,0,0,6,9,9,7,4,0,0,2,9,30
-67,0,0,8,5,0,1,1,0,0,0,0,2,0,0,2,10,302,0,0,0,0,0,5,8,8,8,6,0,0,1,10,15
29,0,0,6,4,0,1,1,0,0,0,0,3,0,0,2,10,302,0,0,0,0,0,4,7,7,7,5,0,0,2,10,0
16,0,0,4,4,0,0,1,0,0,0,0,8,0,0,2,10,302,0,0,0,0,0,3,6,6,6,4,0,0,2,9,45
57,0,0,6,3,0,0,1,0,0,0,0,13,0,0,2,10,302,0,0,0,0,0,5,5,5,5,3,0,0,2,10,0
55,0,0,4,3,0,0,0,0,0,0,0,19,0,0,2,10,302,0,0,0,0,0,4,4,4,4,2,0,0,2,9,45
16,0,0,2,2,0,0,0,0,0,0,0,39,0,0,2,10,302,0,0,0,0,0,3,3,3,3,2,0,0,2,9,30
1,0,0,0,1,0,0,0,0,0,0,0,40,0,1,2,10,302,0,0,0,0,0,2,2,2,2,1,0,0,1,9,0
22,0,0,1,0,0,0,0,0,0,0,0,41,0,0,2,10,302,0,0,0,0,0,1,1,1,1,0,0,0,2,9,15
23,27,1,41,3,0,0,1,0,0,0,41,4,0,0,6,10,299,2,39,1,5,8,2,4,9,3,1,3,0,1,17,0
2,27,1,43,2,0,0,1,0,0,0,37,8,1,0,6,10,299,1,39,1,5,8,2,3,8,3,1,3,0,1,17,30
-20,27,4,41,1,0,0,2,0,0,0,8,37,0,0,6,10,299,1,38,4,6,10,2,5,10,3,2,3,1,1,17,0
3,26,4,39,2,0,0,1,0,0,0,3,12,0,0,6,10,299,0,37,4,6,10,4,5,10,4,3,3,1,2,16,45
-37,25,4,39,4,0,0,1,0,0,0,7,8,0,0,6,10,299,2,34,2,3,8,3,5,9,4,3,3,1,2,16,45
-4,25,4,38,3,0,1,1,0,0,0,1,14,0,0,6,10,299,3,33,1,2,7,3,4,9,3,2,3,1,2,16,0
7,24,3,35,2,0,1,1,0,0,0,19,11,0,0,6,10,299,2,33,2,3,7,2,4,8,3,2,2,1,1,15,30
0,22,2,35,1,0,1,2,0,0,0,2,28,0,0,6,10,299,1,32,1,4,8,2,5,7,4,2,2,0,1,15,30
4,21,2,37,2,0,1,1,0,0,0,27,3,0,0,6,10,299,1,31,3,4,9,4,5,7,4,2,2,0,1,15,45
14,21,4,33,1,0,2,1,0,0,0,7,23,0,0,6,10,299,1,30,3,4,10,3,5,8,4,2,2,0,2,15,0
0,21,4,31,1,0,2,1,0,0,0,4,26,0,0,6,10,299,2,29,2,3,9,3,4,7,3,2,2,0,2,14,45
22,20,3,31,1,0,1,1,0,0,0,2,28,0,0,6,10,299,1,29,2,3,9,2,3,7,3,2,2,0,2,14,45
-25,19,4,33,2,0,1,1,0,0,0,21,24,0,0,6,10,299,2,27,1,4,10,2,3,8,3,2,2,0,2,15,0
3,17,4,30,3,0,0,1,0,0,0,3,42,0,0,6,10,299,1,26,2,6,11,1,4,9,4,1,2,1,2,14,15
37,15,4,26,4,0,0,1,0,0,1,10,5,0,0,6,10,299,2,23,3,6,12,3,5,9,5,1,2,1,1,13,0
38,13,4,26,6,0,0,0,0,0,1,6,9,0,0,6,10,299,1,21,3,5,14,3,6,10,7,4,1,1,1,13,0
27,13,4,29,6,0,0,0,0,0,1,3,12,0,0,6,10,299,2,20,3,5,13,2,6,9,6,4,1,0,1,13,30
71,12,5,18,6,0,0,0,0,0,0,3,12,0,0,6,10,299,1,20,3,7,14,3,5,11,6,3,1,0,2,11,45
32,11,4,22,5,0,0,3,0,0,0,14,1,0,0,6,10,299,2,17,3,6,13,4,5,13,7,4,1,0,2,12,15
-6,11,4,25,4,0,0,3,0,0,0,9,6,0,0,6,10,299,2,17,3,6,13,3,4,12,6,3,1,0,3,12,45
43,10,4,23,4,0,0,3,0,0,0,14,1,0,0,6,10,299,2,16,3,7,14,2,5,14,6,2,1,0,1,12,30
-60,9,3,26,5,0,0,2,0,0,0,5,10,0,0,6,10,299,2,15,3,8,13,1,4,13,6,3,1,0,1,13,0
41,7,2,20,6,0,0,3,0,0,0,3,12,0,0,6,10,299,2,12,5,8,11,3,9,13,8,5,1,1,1,12,0
63,6,4,14,6,0,1,4,0,0,0,2,13,0,0,6,10,299,3,9,3,7,9,5,10,14,9,5,1,1,2,11,15
15,6,4,20,5,0,1,4,0,0,0,0,15,0,0,6,10,299,2,9,3,7,9,4,9,13,9,6,1,1,1,12,0
24,5,4,16,6,0,1,4,0,0,0,13,2,0,0,6,10,299,1,7,3,5,7,6,9,15,11,6,1,1,2,11,30
-1,5,4,16,6,0,1,3,0,0,0,12,3,0,0,6,10,299,1,7,3,5,7,5,8,14,10,6,1,1,2,11,30
38,5,5,12,6,0,1,3,0,0,0,5,10,0,0,6,10,299,2,6,4,4,6,4,7,14,9,5,1,1,2,11,0
-73,5,5,18,7,0,1,2,0,0,0,13,2,0,0,6,10,299,2,5,3,4,5,6,6,15,9,5,1,1,2,11,45
-104,5,5,23,7,0,0,2,0,0,0,6,9,0,0,6,10,299,2,4,3,4,5,5,6,14,8,5,0,1,1,12,30
4,5,5,14,7,0,0,2,0,0,0,3,12,0,0,6,10,299,3,4,2,3,4,4,5,13,7,4,0,0,2,11,15
-1,2,2,12,7,0,1,2,0,0,0,4,11,0,0,6,10,299,2,2,0,2,2,3,6,12,9,6,0,0,2,11,0
67,2,2,6,6,0,1,2,0,0,0,3,12,0,0,6,10,299,2,2,0,2,2,2,5,11,8,5,0,0,2,10,15
-1,2,2,10,5,0,1,2,0,0,0,0,15,0,0,6,10,299,2,2,0,2,2,1,4,10,7,4,0,0,2,10,45
38,0,0,6,4,0,1,2,0,0,1,13,2,0,0,6,10,299,1,1,1,1,1,3,9,10,8,6,0,0,2,10,15
0,0,0,8,3,0,1,2,0,0,1,0,2,0,0,6,10,299,0,1,1,1,1,5,8,9,8,7,0,0,2,10,30
-12,0,0,8,4,0,1,1,0,0,1,0,5,0,0,6,10,299,1,0,0,0,0,4,7,8,7,6,0,0,2,10,30
7,0,0,4,3,0,1,1,0,0,1,0,18,0,0,6,10,299,0,0,0,0,0,6,6,7,7,6,0,0,1,9,45
2,0,0,5,2,0,1,1,0,0,1,0,22,0,0,6,10,299,0,0,0,0,0,5,5,6,6,6,0,0,2,10,0
-29,0,0,1,1,0,1,1,0,0,1,0,26,0,0,6,10,299,0,0,0,0,0,4,4,5,5,5,0,0,2,9,15
5,0,0,2,1,0,1,0,0,0,1,0,38,0,0,6,10,299,0,0,0,0,0,3,4,4,4,4,0,0,1,9,30
26,0,0,0,1,0,0,0,0,0,1,0,45,0,1,6,10,299,0,0,0,0,0,2,3,3,3,3,0,0,1,9,0
30,0,0,2,0,0,0,0,0,0,1,0,46,0,0,6,10,299,0,0,0,0,0,1,2,2,2,2,0,0,1,9,30
-100,0,0,10,0,0,0,0,0,0,0,0,87,0,0,6,10,299,0,0,0,0,0,1,1,1,1,1,0,0,2,10,45
-14,28,4,47,1,0,0,1,0,0,0,9,21,1,0,5,10,298,1,45,5,7,12,1,2,6,2,1,5,0,1,17,30
35,24,3,46,2,0,0,2,1,0,2,3,12,0,0,5,10,298,2,39,3,5,8,2,5,11,6,2,5,1,1,17,0
5,23,2,42,2,0,0,3,1,0,2,9,6,0,0,5,10,298,2,37,3,4,7,4,6,12,7,4,5,3,2,16,30
9,22,2,44,3,0,0,3,1,0,1,1,14,0,0,5,10,298,2,36,2,4,8,3,6,11,7,3,5,3,1,16,45
79,22,2,36,4,0,0,2,1,0,1,10,5,0,0,5,10,298,3,35,2,3,7,2,6,11,6,2,4,3,2,15,45
-8,21,1,44,4,0,0,2,1,0,0,11,4,0,0,5,10,298,1,35,2,3,8,3,6,12,7,4,4,2,1,16,45
-30,21,3,38,4,0,0,3,1,0,0,7,8,0,0,5,10,298,2,33,1,2,8,4,7,11,7,5,3,2,2,16,0
33,21,3,40,4,0,0,2,1,0,0,3,12,0,0,5,10,298,2,33,1,3,9,3,6,10,6,4,2,1,2,16,15
-35,20,2,42,3,0,0,2,1,0,0,7,8,0,0,5,10,298,1,33,1,3,10,3,6,9,6,5,2,0,2,16,30
7,20,2,38,3,0,1,2,0,0,0,12,3,0,0,5,10,298,2,32,1,4,11,4,5,8,5,4,2,0,2,16,0
-32,20,3,33,3,0,0,2,0,0,0,13,2,0,0,5,10,298,1,32,2,5,11,4,7,10,5,3,2,0,1,15,0
65,19,2,31,4,0,0,1,0,0,0,4,11,0,0,5,10,298,1,31,1,4,12,3,6,9,5,3,2,0,1,14,45
43,19,2,31,3,0,0,1,0,0,0,1,14,0,0,5,10,298,1,31,3,4,13,2,5,8,4,3,2,0,1,14,45
5,18,3,29,3,0,0,1,0,0,0,30,15,0,0,5,10,298,1,30,3,7,12,4,4,7,4,3,2,0,1,14,15
-19,18,5,35,3,0,1,1,0,0,0,12,33,0,0,5,10,298,2,28,3,7,12,3,3,8,4,3,2,0,2,15,30
23,17,4,30,4,0,1,0,0,0,0,3,42,0,0,5,10,298,2,27,2,6,11,2,4,9,4,2,2,0,2,14,30
40,17,4,28,3,0,1,0,0,0,0,2,43,0,0,5,10,298,2,27,3,6,11,1,3,9,3,1,2,0,1,13,30
70,13,5,23,7,0,1,1,0,0,0,12,3,0,0,5,10,298,2,21,3,5,13,3,5,15,8,4,2,0,2,12,30
-86,13,5,34,6,0,1,1,0,0,0,6,9,0,0,5,10,298,2,21,3,5,14,2,5,15,7,4,2,0,1,15,15
-194,13,5,40,5,0,1,1,0,0,0,0,15,0,0,5,10,298,2,21,3,5,14,1,6,14,6,4,2,1,2,16,15
15,9,3,26,9,0,1,1,0,0,0,3,12,0,0,5,10,298,2,16,2,7,13,7,12,18,10,4,2,2,1,13,0
47,8,3,21,8,0,1,1,0,0,0,12,3,0,0,5,10,298,1,16,2,8,15,8,11,17,10,4,2,2,1,12,15
3,8,3,21,7,0,1,1,0,0,0,10,5,0,0,5,10,298,1,16,2,8,15,7,11,17,9,3,2,2,1,12,15
-43,8,3,24,6,0,1,1,0,0,0,5,10,0,0,5,10,298,0,16,4,9,15,7,10,17,9,4,2,2,2,12,45
-146,8,3,36,6,0,0,1,0,0,0,3,12,0,0,5,10,298,0,16,4,9,16,7,9,16,8,4,1,2,2,15,45
45,8,3,19,5,0,0,1,0,0,0,9,6,0,0,5,10,298,0,16,7,10,16,7,8,17,7,3,1,1,2,12,0
2,8,3,24,6,0,0,1,0,0,0,8,7,0,0,5,10,298,2,14,5,8,14,6,8,16,6,3,1,1,2,12,45
25,8,3,19,6,0,0,0,0,0,0,2,13,0,0,5,10,298,2,14,5,9,14,5,8,15,5,2,1,1,2,12,0
-81,8,4,26,5,0,0,0,0,0,0,14,1,0,0,5,10,298,2,14,6,9,14,4,7,15,4,2,1,1,1,13,0
14,7,4,17,6,0,0,0,0,0,0,5,10,0,0,5,10,298,2,12,5,9,12,4,8,15,5,1,1,1,2,11,45
43,7,4,12,5,0,0,0,0,0,0,4,11,0,0,5,10,298,2,12,5,9,12,3,7,14,4,1,0,1,1,11,0
41,7,4,17,4,0,0,1,0,0,0,13,2,0,0,5,10,298,2,11,4,8,11,2,6,13,4,1,0,0,2,11,45
-15,5,3,14,3,0,2,1,1,0,0,11,4,0,0,5,10,298,2,8,3,7,8,4,7,13,6,3,0,0,2,11,15
-21,5,4,15,2,0,3,1,1,0,1,9,6,0,0,5,10,298,2,6,3,6,6,5,9,13,7,4,0,0,2,11,30
17,5,4,8,2,0,2,1,1,0,1,6,9,0,0,5,10,298,2,6,3,6,6,4,8,12,6,4,0,0,2,10,30
55,4,4,4,2,0,2,1,1,0,1,11,4,0,0,5,10,298,1,5,4,5,5,4,8,12,7,4,0,0,2,10,0
-8,4,4,10,3,0,1,1,1,0,1,9,6,0,0,5,10,298,2,4,3,4,4,3,7,11,6,3,0,0,2,10,45
12,3,3,12,2,0,2,1,1,0,1,9,6,0,0,5,10,298,2,3,3,3,3,5,7,11,6,3,0,0,1,11,0
-44,2,2,15,3,0,3,0,1,0,1,12,3,0,0,5,10,298,2,1,1,1,1,5,7,10,7,5,0,0,2,11,30
-15,2,2,8,3,0,2,0,1,0,1,9,6,0,0,5,10,298,2,1,1,1,1,4,6,9,6,4,0,0,2,10,30
-28,2,2,6,4,0,1,0,1,0,1,1,14,0,0,5,10,298,2,0,0,0,0,4,5,8,6,3,0,0,2,10,15
-40,2,2,6,3,0,1,0,1,0,1,1,14,0,0,5,10,298,2,0,0,0,0,3,4,7,5,2,0,0,2,10,15
-21,0,0,10,3,0,1,0,1,0,0,14,1,0,0,5,10,298,0,0,0,0,0,3,5,6,6,4,0,0,2,10,45
15,0,0,4,3,0,1,0,0,0,0,6,9,0,0,5,10,298,0,0,0,0,0,2,4,5,5,4,0,0,2,10,0
21,0,0,0,2,0,1,0,0,0,0,0,16,0,1,5,10,298,0,0,0,0,0,3,4,4,4,4,0,0,1,9,0
38,0,0,2,1,0,1,0,0,0,0,0,34,0,0,5,10,298,0,0,0,0,0,3,3,3,3,3,0,0,1,9,30
15,0,0,1,1,0,0,0,0,0,0,0,40,0,0,5,10,298,0,0,0,0,0,2,2,2,2,2,0,0,1,9,15
0,0,0,3,0,0,0,0,0,0,0,0,58,0,0,5,10,298,0,0,0,0,0,1,1,1,1,1,0,0,2,9,45
-6,29,6,54,1,0,0,0,0,0,0,26,4,1,0,4,10,297,1,53,4,8,15,1,3,9,1,1,7,2,1,18,0
-20,27,6,53,3,0,1,0,0,0,0,7,8,0,0,4,10,297,2,49,4,8,14,3,5,12,3,3,7,2,1,17,30
22,25,6,51,2,0,1,2,0,0,0,3,12,0,0,4,10,297,2,47,6,9,12,3,5,13,4,3,6,2,1,17,0
8,23,4,51,3,0,0,2,1,0,0,10,5,0,0,4,10,297,2,45,4,7,10,2,6,14,5,4,6,1,1,17,0
50,22,4,40,4,0,0,2,0,0,0,5,10,0,0,4,10,297,1,44,5,7,9,2,6,13,6,4,6,1,2,15,30
3,21,5,49,6,0,0,2,0,0,0,10,5,0,0,4,10,297,2,41,4,6,9,4,8,12,7,4,5,3,2,16,45
14,20,4,47,7,0,0,2,0,0,0,4,11,0,0,4,10,297,3,39,2,4,7,4,7,12,7,4,5,2,2,16,30
-34,19,3,46,7,0,0,2,0,0,0,0,15,0,0,4,10,297,1,38,3,3,8,6,10,15,9,5,5,3,2,16,15
37,19,3,40,6,0,0,2,0,0,0,13,2,0,0,4,10,297,1,38,3,3,8,5,9,14,8,4,5,3,2,15,30
-24,19,3,49,6,0,0,2,0,0,0,9,6,0,0,4,10,297,2,37,2,2,8,4,8,13,7,4,5,3,2,16,45
77,18,2,37,6,0,0,1,0,0,0,0,15,0,0,4,10,297,1,37,2,3,10,4,7,12,7,4,4,3,2,15,15
-27,18,2,44,6,0,0,1,0,0,0,9,6,0,0,4,10,297,2,36,1,3,9,3,6,11,6,3,4,2,1,16,0
27,18,2,37,5,0,0,1,0,0,0,7,8,0,0,4,10,297,2,36,1,4,10,3,5,11,5,3,3,2,2,15,15
48,16,1,42,6,0,0,0,0,0,0,3,12,0,0,4,10,297,0,35,0,3,12,4,5,11,7,5,2,1,2,15,45
-2,16,1,44,5,0,0,0,0,0,0,8,7,0,0,4,10,297,0,35,2,5,13,3,6,10,6,4,2,0,1,16,0
4,16,1,42,4,0,0,0,0,0,0,3,12,0,0,4,10,297,0,35,3,5,13,2,6,9,5,3,2,1,2,15,45
5,16,1,35,3,0,0,0,0,0,0,0,15,0,0,4,10,297,0,35,3,5,15,1,6,8,4,2,2,2,3,15,0
-7,15,5,35,3,0,1,1,0,0,0,24,21,0,0,4,10,297,0,32,3,8,16,5,6,12,6,3,2,2,3,15,0
34,15,5,30,3,0,1,1,0,0,0,14,31,0,0,4,10,297,1,31,4,9,16,4,6,11,5,2,2,2,2,13,30
18,15,6,34,3,0,1,1,0,0,0,12,33,0,0,4,10,297,2,30,3,8,15,3,5,10,4,2,2,2,2,14,45
8,15,7,37,2,0,1,1,0,0,0,3,42,0,0,4,10,297,1,30,4,8,15,3,4,13,4,1,1,2,2,15,15
-17,15,7,31,2,0,0,1,0,0,0,2,43,0,0,4,10,297,1,30,5,9,15,2,3,12,3,1,0,1,1,14,15
-8,12,7,31,4,0,0,1,0,0,0,8,7,0,0,4,10,297,1,27,5,9,13,2,5,16,5,0,0,0,1,14,15
-55,10,6,33,6,0,0,2,0,0,0,3,12,0,0,4,10,297,2,23,4,7,12,2,6,17,7,1,0,0,1,14,30
3,6,2,29,7,0,0,3,1,0,0,5,10,0,0,4,10,297,2,19,3,4,12,5,13,18,10,4,0,0,1,13,15
94,5,1,15,7,0,0,3,1,0,0,2,13,0,0,4,10,297,2,18,2,3,11,4,12,18,10,4,0,0,2,11,30
-7,5,1,27,6,0,0,3,1,0,0,9,6,0,0,4,10,297,2,18,3,4,11,4,12,17,9,4,0,0,1,13,0
37,4,0,25,7,0,0,3,1,0,0,3,12,0,0,4,10,297,2,16,1,2,10,6,11,16,10,5,0,0,2,12,45
62,4,0,13,6,0,0,3,1,0,0,12,3,0,0,4,10,297,1,16,1,4,10,5,11,15,10,5,0,0,2,11,15
7,4,0,19,6,0,0,3,1,0,0,9,6,0,0,4,10,297,1,15,1,5,11,9,11,17,10,5,0,0,2,12,0
24,4,0,23,5,0,0,3,1,0,0,8,7,0,0,4,10,297,1,15,1,5,11,8,10,16,9,4,0,0,2,12,30
-7,4,0,21,5,0,0,2,1,0,0,6,9,0,0,4,10,297,1,15,1,5,11,7,9,15,8,3,0,0,2,12,15
23,4,0,19,5,0,0,2,0,0,0,4,11,0,0,4,10,297,1,15,1,5,12,6,8,14,7,3,0,0,2,12,0
8,4,1,27,5,0,0,1,0,0,0,12,3,0,0,4,10,297,1,15,3,7,12,6,9,13,6,3,0,0,1,13,0
14,4,1,23,4,0,0,1,0,0,0,9,6,0,0,4,10,297,0,15,3,7,12,5,8,12,6,4,0,0,2,12,30
42,4,1,17,3,0,0,1,0,0,0,9,6,0,0,4,10,297,0,15,3,7,12,4,7,11,5,3,0,0,2,11,45
51,4,1,17,3,0,0,0,0,0,0,5,10,0,0,4,10,297,0,15,4,8,12,3,6,10,4,2,0,0,2,11,45
-273,4,1,47,2,0,0,0,0,0,0,0,15,0,0,4,10,297,0,15,5,8,12,3,6,10,3,1,0,0,2,16,30
-49,4,2,25,3,0,0,0,0,0,0,14,1,0,0,4,10,297,1,13,5,7,13,4,5,10,3,2,0,0,2,12,45
-11,4,2,13,3,0,0,0,1,0,0,4,11,0,0,4,10,297,1,11,4,6,11,3,5,11,4,3,0,0,2,11,15
-49,4,3,21,2,0,0,0,2,0,0,4,11,0,0,4,10,297,3,9,3,6,9,3,6,12,3,2,0,0,2,12,15
-39,4,3,15,2,0,0,0,2,0,0,4,11,0,0,4,10,297,3,9,3,6,9,3,6,12,3,2,0,0,2,11,30
-10,3,3,11,2,0,0,0,3,0,0,3,12,0,0,4,10,297,3,7,2,4,7,2,4,10,3,2,0,0,2,11,0
29,2,2,5,3,0,0,0,2,0,0,7,8,0,0,4,10,297,1,6,3,6,6,3,6,10,5,4,0,0,1,10,0
-26,2,2,11,3,0,0,0,2,0,0,3,12,0,0,4,10,297,2,5,2,5,5,2,6,10,4,3,0,0,2,11,0
-15,1,1,8,3,0,0,0,1,0,0,10,5,0,0,4,10,297,1,5,4,5,5,2,5,9,4,3,0,0,1,10,30
-60,0,0,8,3,0,0,0,2,0,0,3,12,0,0,4,10,297,0,3,3,3,3,4,6,9,6,4,0,0,1,10,30
14,0,0,5,5,0,0,0,1,0,1,4,11,0,0,4,10,297,2,0,0,0,0,5,5,8,6,4,0,0,1,10,0
-18,0,0,7,4,0,0,0,1,0,1,0,7,0,0,4,10,297,1,0,0,0,0,4,5,7,6,3,0,0,2,10,15
-6,0,0,3,3,0,0,0,1,0,1,0,11,0,0,4,10,297,1,0,0,0,0,3,5,6,5,3,0,0,2,9,45
-21,0,0,1,2,0,0,0,1,0,1,0,25,0,0,4,10,297,0,0,0,0,0,2,5,5,5,3,0,0,1,9,15
18,0,0,2,1,0,0,0,1,0,1,0,26,0,0,4,10,297,0,0,0,0,0,1,4,4,4,3,0,0,2,9,30
-58,0,0,3,0,0,0,0,1,0,1,0,64,0,0,4,10,297,0,0,0,0,0,3,3,3,3,2,0,0,2,9,45
19,0,0,0,0,0,0,0,0,0,1,0,69,0,1,4,10,297,0,0,0,0,0,2,2,2,2,1,0,0,1,9,0
-97,0,0,10,0,0,0,0,0,0,0,0,82,0,0,4,10,297,0,0,0,0,0,1,1,1,1,1,0,0,2,10,45
19,26,2,46,0,0,0,0,0,0,0,15,0,1,0,3,10,296,0,47,4,6,7,1,2,4,1,0,4,1,1,17,30
-16,25,1,46,1,0,1,1,0,0,0,5,10,1,0,3,10,296,2,43,2,2,8,1,2,5,2,0,4,0,1,17,30
38,24,0,43,1,0,0,3,0,0,0,27,18,0,0,3,10,296,1,41,0,4,6,1,3,6,4,2,4,1,1,16,45
-13,24,1,45,1,0,0,2,0,0,0,2,13,0,0,3,10,296,1,41,4,6,10,3,5,8,3,2,3,1,2,17,15
-29,24,1,44,4,0,0,1,0,0,0,3,12,0,0,3,10,296,3,38,3,3,8,2,4,8,3,3,3,0,1,17,0
46,24,1,42,4,0,0,1,0,0,0,4,11,0,0,3,10,296,3,37,2,3,8,3,3,7,3,2,3,0,1,16,0
-5,23,0,38,4,0,1,1,0,0,0,12,3,0,0,3,10,296,3,35,0,3,9,2,4,8,4,2,3,0,2,15,30
-9,23,0,40,3,0,1,1,0,0,0,12,3,0,0,3,10,296,3,35,0,3,9,1,3,7,3,2,3,0,1,15,45
-26,23,2,40,3,0,1,1,0,0,0,41,4,0,0,3,10,296,1,34,3,6,13,3,4,10,5,4,3,0,1,15,45
-17,23,3,35,3,0,1,1,0,0,0,30,15,0,0,3,10,296,1,33,4,7,13,3,4,11,5,3,3,0,1,15,0
-24,23,3,33,3,0,1,1,0,0,0,25,20,0,0,3,10,296,2,32,3,6,13,2,4,11,4,2,3,0,1,14,30
53,21,2,32,5,0,1,0,0,0,0,5,40,0,0,3,10,296,1,30,3,7,15,1,5,12,6,3,3,1,1,14,15
-36,21,4,35,5,0,2,1,0,0,0,1,14,0,0,3,10,296,2,27,4,7,16,4,8,14,7,4,3,1,1,15,0
36,20,3,28,4,0,3,1,0,0,0,13,2,0,0,3,10,296,2,26,3,7,15,3,7,13,7,3,3,1,1,13,0
-85,19,5,37,6,0,2,1,1,0,0,7,8,0,0,3,10,296,3,23,2,7,17,5,9,16,8,3,2,1,2,15,15
-43,19,5,38,5,0,2,1,1,0,0,7,8,0,0,3,10,296,3,23,2,7,17,4,8,15,7,3,2,0,2,15,30
10,18,5,31,5,0,2,1,1,0,0,2,13,0,0,3,10,296,2,22,4,8,17,6,8,16,8,4,2,0,1,13,30
-7,18,7,28,6,0,1,1,1,0,0,14,1,0,0,3,10,296,3,21,3,8,17,6,7,16,7,4,2,0,1,13,0
49,18,7,21,6,0,0,1,1,0,0,8,7,0,0,3,10,296,3,21,4,9,17,5,8,16,6,3,2,1,2,12,0
17,17,7,22,5,0,0,1,2,0,0,1,14,0,0,3,10,296,3,20,5,9,16,5,7,15,6,3,2,1,2,12,15
31,17,8,24,5,0,0,0,2,0,1,11,4,0,0,3,10,296,3,19,4,8,16,4,6,14,6,3,2,1,2,12,30
-14,17,8,30,4,0,0,0,2,0,1,5,10,0,0,3,10,296,3,19,5,10,17,3,8,14,5,3,2,1,1,13,15
-5,16,8,24,4,0,1,0,1,0,1,0,15,0,0,3,10,296,2,18,4,10,16,2,7,13,6,3,2,1,2,12,30
35,14,7,18,6,0,1,0,1,0,1,3,12,0,0,3,10,296,3,15,4,9,15,3,7,17,7,4,2,1,1,11,30
-84,11,6,34,7,0,1,1,1,0,1,12,3,0,0,3,10,296,2,12,4,8,12,5,10,20,10,7,2,2,2,14,45
18,11,7,18,7,0,1,1,1,0,0,8,7,0,0,3,10,296,2,12,5,8,12,5,9,19,9,7,1,2,1,11,30
24,9,6,16,8,0,1,1,0,0,0,11,4,0,0,3,10,296,1,11,5,8,11,6,8,20,10,7,1,1,2,11,15
-15,9,6,22,7,0,1,2,0,0,0,9,6,0,0,3,10,296,2,10,4,7,10,5,7,19,9,6,1,1,2,12,15
23,9,6,16,7,0,0,2,0,0,0,6,9,0,0,3,10,296,2,10,5,7,10,4,7,18,8,5,1,1,2,11,15
16,8,6,14,9,0,0,2,0,0,0,9,6,0,0,3,10,296,4,7,3,6,7,5,9,17,8,4,1,1,2,11,0
-22,7,6,20,8,0,0,2,0,0,1,3,12,0,0,3,10,296,4,6,2,6,6,4,10,16,8,3,1,1,1,11,45
-135,7,7,26,8,0,0,2,0,0,0,13,2,0,0,3,10,296,3,6,2,6,6,3,11,15,8,2,1,1,2,12,45
46,6,6,12,8,0,0,2,0,0,0,2,13,0,0,3,10,296,3,5,3,5,5,3,11,14,8,2,1,1,2,10,45
-57,5,5,26,7,0,0,2,1,0,0,13,2,0,0,3,10,296,3,4,3,4,4,3,11,13,8,2,0,1,2,12,45
14,3,3,14,6,0,0,3,1,0,0,8,7,0,0,3,10,296,1,3,3,3,3,8,12,14,10,4,0,0,2,11,0
24,2,2,4,6,0,0,3,1,0,0,0,15,0,0,3,10,296,1,2,2,2,2,9,11,13,10,4,0,0,2,9,45
12,2,2,12,6,0,0,2,1,0,1,12,3,0,0,3,10,296,2,1,1,1,1,8,10,12,9,3,0,0,2,10,45
32,2,2,8,5,0,0,2,1,0,1,11,4,0,0,3,10,296,2,1,1,1,1,7,9,11,8,3,0,0,2,10,15
-34,1,1,10,4,0,0,2,1,0,1,8,7,0,0,3,10,296,1,1,1,1,1,6,8,10,8,3,0,0,2,10,30
16,1,1,6,3,0,0,2,1,0,1,4,11,0,0,3,10,296,1,1,1,1,1,6,7,9,7,2,0,0,2,10,0
46,1,1,8,3,0,0,2,1,0,1,3,12,0,0,3,10,296,2,0,0,0,0,6,6,8,6,2,0,0,2,10,15
7,1,1,10,3,0,0,1,1,0,1,2,13,0,0,3,10,296,2,0,0,0,0,5,5,7,5,2,0,0,2,10,30
24,0,0,6,2,0,0,1,1,0,1,6,9,0,0,3,10,296,1,0,0,0,0,4,4,6,5,2,0,0,2,10,0
14,0,0,4,2,0,0,1,0,0,1,1,14,0,0,3,10,296,0,0,0,0,0,3,3,5,5,3,0,0,2,9,45
39,0,0,0,1,0,0,1,0,0,1,5,10,0,1,3,10,296,0,0,0,0,0,2,3,4,4,2,0,0,1,9,0
15,0,0,1,1,0,0,1,0,0,0,3,12,0,0,3,10,296,0,0,0,0,0,1,2,3,3,2,0,0,2,9,15
-10,0,0,2,0,0,0,1,0,0,0,0,49,0,0,3,10,296,0,0,0,0,0,2,2,2,2,2,0,0,2,9,30
18,0,0,2,0,0,0,0,0,0,0,0,59,0,0,3,10,296,0,0,0,0,0,1,1,1,1,1,0,0,2,9,30
14,34,5,51,2,0,0,1,0,0,1,8,7,1,0,2,10,295,3,47,3,8,12,2,3,9,2,1,2,1,1,17,30
52,32,3,50,3,0,0,1,0,0,1,1,14,0,0,2,10,295,2,45,6,7,11,2,4,9,4,2,1,2,1,17,15
1,30,1,46,4,0,0,2,0,0,1,7,8,0,0,2,10,295,2,42,4,5,11,2,6,13,6,2,1,1,2,16,45
30,29,1,43,6,0,0,2,0,0,1,8,7,0,0,2,10,295,4,39,1,4,8,2,6,13,6,1,0,1,2,16,15
-4,29,2,44,6,0,0,2,0,0,1,5,10,0,0,2,10,295,4,38,1,4,8,4,6,13,6,0,0,0,2,16,30
17,29,2,41,6,0,0,2,0,0,1,1,14,0,0,2,10,295,3,37,2,5,10,5,8,13,7,1,0,0,1,16,0
-1,29,2,48,5,0,0,2,0,0,1,1,14,0,0,2,10,295,3,37,2,6,10,4,8,12,6,1,0,0,1,17,0
0,29,3,48,5,0,0,2,0,0,0,29,1,0,0,2,10,295,3,37,2,6,10,3,7,11,5,1,0,0,1,17,0
43,28,2,39,7,0,0,1,0,0,0,12,18,0,0,2,10,295,3,35,1,4,11,2,8,10,6,2,0,0,2,15,45
-29,27,2,44,6,0,0,1,0,0,0,6,24,0,0,2,10,295,2,35,1,4,12,1,7,9,6,2,0,0,2,16,30
7,27,3,36,6,0,0,1,0,0,0,6,9,0,0,2,10,295,1,34,3,6,15,6,7,11,7,2,0,0,1,15,0
-9,27,3,39,6,0,0,2,0,0,0,3,12,0,0,2,10,295,3,32,1,4,13,5,6,10,6,2,0,0,2,15,45
-60,27,3,46,5,0,0,2,0,0,0,1,14,0,0,2,10,295,3,32,1,4,13,4,6,9,5,2,0,0,2,16,45
31,27,3,34,4,0,0,2,0,0,0,1,14,0,0,2,10,295,3,32,2,5,13,3,5,8,4,1,0,0,2,14,45
-3,26,4,36,3,0,0,3,0,0,0,12,3,0,0,2,10,295,2,31,1,4,13,3,4,7,5,1,0,0,1,15,0
-3,26,4,38,3,0,0,2,0,0,0,5,10,0,0,2,10,295,2,31,1,6,13,2,3,7,4,1,0,0,2,15,30
14,25,7,32,3,0,0,2,0,0,0,28,17,0,0,2,10,295,1,30,3,8,14,2,2,10,5,1,0,0,1,14,15
-5,24,10,34,4,0,0,2,0,0,0,2,43,0,0,2,10,295,2,28,6,9,15,1,4,10,5,1,0,0,2,14,45
12,17,5,30,8,0,0,3,0,0,0,10,5,0,0,2,10,295,1,22,4,7,14,3,8,12,11,4,0,0,1,13,15
-17,16,4,33,9,0,0,2,0,0,0,6,9,0,0,2,10,295,1,21,3,6,13,3,8,11,11,5,0,0,2,14,30
-90,16,4,41,8,0,0,2,0,0,0,5,10,0,0,2,10,295,1,21,3,7,13,2,7,11,10,4,0,0,1,16,0
50,13,4,24,10,0,0,2,0,0,0,6,9,0,0,2,10,295,1,18,3,6,12,6,9,15,12,4,0,0,2,12,30
15,13,4,28,11,0,0,1,0,0,0,2,13,0,0,2,10,295,2,17,3,6,12,5,8,14,11,3,0,0,1,13,0
45,13,4,28,10,0,0,2,0,0,0,13,2,0,0,2,10,295,2,16,2,5,11,4,7,13,11,3,0,0,1,13,0
38,13,4,31,10,0,0,1,0,0,0,12,3,0,0,2,10,295,2,16,2,5,11,3,6,12,10,3,0,0,1,13,30
39,13,4,24,9,0,0,1,0,0,0,9,6,0,0,2,10,295,2,16,2,5,12,2,5,11,9,3,0,0,2,12,30
90,12,5,20,9,0,0,1,0,0,0,9,6,0,0,2,10,295,2,15,2,7,11,2,4,13,9,2,0,0,2,12,0
4,10,6,18,10,0,0,0,0,0,1,1,14,0,0,2,10,295,2,13,4,7,12,3,9,17,10,4,0,0,2,11,45
38,9,6,22,10,0,0,0,0,0,1,7,8,0,0,2,10,295,1,12,4,6,11,2,8,17,11,4,0,0,2,12,15
49,9,6,22,9,0,0,0,0,0,1,6,9,0,0,2,10,295,1,12,4,6,11,1,7,16,10,3,0,0,2,12,15
76,5,4,17,11,0,0,0,1,0,1,5,10,0,0,2,10,295,1,8,3,6,8,6,9,19,13,4,0,0,2,11,30
56,5,4,9,12,0,0,0,1,0,0,2,13,0,0,2,10,295,2,7,2,5,7,5,8,20,12,4,0,0,2,10,30
37,5,4,20,11,0,0,0,1,0,0,12,3,0,0,2,10,295,2,7,2,6,7,4,9,19,11,3,0,0,2,12,0
51,5,4,15,10,0,0,0,1,0,0,10,5,0,0,2,10,295,2,7,3,6,7,3,9,18,10,3,0,0,1,11,15
50,4,4,13,9,0,0,0,1,0,0,5,10,0,0,2,10,295,1,7,3,6,7,3,9,17,10,4,0,0,2,11,0
10,4,4,26,8,0,0,1,1,0,0,2,13,0,0,2,10,295,2,6,2,5,6,2,9,16,9,3,0,0,2,12,45
75,2,2,15,8,0,0,2,1,0,0,9,6,0,0,2,10,295,1,4,3,4,4,6,11,15,11,5,0,0,1,11,15
-29,1,1,26,7,0,0,2,1,0,0,0,15,0,0,2,10,295,0,4,3,4,4,7,12,15,11,6,0,0,2,12,45
8,1,1,13,6,0,0,2,1,0,0,10,5,0,0,2,10,295,0,4,3,4,4,6,11,14,10,5,0,0,2,11,0
38,1,1,7,7,0,0,2,1,0,0,1,14,0,0,2,10,295,2,2,2,2,2,6,12,13,9,5,0,0,2,10,15
-20,1,1,11,7,0,0,1,1,0,0,14,1,0,0,2,10,295,2,2,2,2,2,6,11,12,8,4,0,0,2,10,45
6,1,1,9,7,0,0,1,1,0,0,10,5,0,0,2,10,295,3,1,1,1,1,6,10,11,7,4,0,0,2,10,30
23,0,0,11,6,0,0,1,1,0,0,6,9,0,0,2,10,295,2,1,1,1,1,6,9,10,7,3,0,0,2,10,45
68,0,0,4,6,0,0,1,0,0,0,5,10,0,0,2,10,295,2,1,1,1,1,5,8,9,6,3,0,0,1,9,45
39,0,0,0,5,0,0,1,0,0,0,10,5,0,1,2,10,295,0,1,1,1,1,5,7,8,7,3,0,0,1,9,0
-17,0,0,18,5,0,0,1,0,0,0,0,15,0,0,2,10,295,1,0,0,0,0,6,6,7,6,3,0,0,2,11,45
-35,0,0,6,4,0,0,1,0,0,0,13,2,0,0,2,10,295,1,0,0,0,0,5,5,6,5,3,0,0,2,10,0
9,0,0,7,3,0,0,1,0,0,0,9,6,0,0,2,10,295,1,0,0,0,0,4,4,5,4,3,0,0,2,10,15
41,0,0,2,2,0,0,1,0,0,0,1,14,0,0,2,10,295,1,0,0,0,0,3,4,4,3,2,0,0,2,9,30
-14,0,0,4,1,0,0,1,0,0,0,0,11,0,0,2,10,295,0,0,0,0,0,2,3,3,3,2,0,0,1,9,45
31,0,0,2,1,0,0,0,0,0,0,0,13,0,0,2,10,295,0,0,0,0,0,1,2,2,2,2,0,0,2,9,30
-16,0,0,1,0,0,0,0,0,0,0,0,52,0,0,2,10,295,0,0,0,0,0,1,1,1,1,1,0,0,2,9,15
35,21,5,40,3,0,0,0,0,0,1,1,14,0,0,6,10,292,1,38,3,7,10,3,5,10,4,2,2,0,1,16,45
28,21,5,38,2,0,0,1,0,0,1,11,4,0,0,6,10,292,2,37,3,7,9,2,4,9,3,1,2,0,2,16,30
-11,20,4,42,2,0,0,1,0,0,1,2,13,1,0,6,10,292,2,36,2,6,9,2,3,10,3,1,2,0,1,17,0
29,19,4,38,3,0,0,1,1,0,0,20,10,0,0,6,10,292,2,34,4,5,7,2,5,10,4,1,2,0,2,16,30
6,19,5,37,2,0,0,2,1,0,0,14,16,0,0,6,10,292,3,33,3,4,7,1,5,9,3,0,2,0,2,16,15
-31,15,2,40,3,0,0,2,2,0,0,8,7,0,0,6,10,292,2,30,1,3,7,4,8,12,6,4,2,1,1,16,45
2,15,2,35,3,0,0,1,2,0,0,7,8,0,0,6,10,292,2,30,1,3,7,3,7,11,5,4,2,1,1,15,45
35,15,2,32,3,0,0,1,1,0,0,0,15,0,0,6,10,292,1,30,2,3,7,3,6,10,5,3,2,1,2,15,15
54,14,1,30,3,0,0,1,1,0,0,14,1,0,0,6,10,292,0,29,2,3,7,4,5,10,6,2,2,1,1,15,0
27,14,2,30,3,0,0,1,0,0,0,6,9,0,0,6,10,292,0,29,2,3,8,4,4,9,5,1,2,1,1,15,0
50,14,2,35,3,0,0,1,0,0,0,5,10,0,0,6,10,292,1,28,1,4,8,3,5,8,4,0,2,1,1,15,45
-14,14,2,33,3,0,0,0,0,0,0,5,10,0,0,6,10,292,1,28,2,4,8,2,4,7,3,0,2,1,2,15,30
-30,13,3,33,2,0,0,0,1,0,0,8,7,0,0,6,10,292,1,27,1,4,7,1,5,7,3,1,1,1,2,15,30
24,12,4,26,2,0,0,0,1,0,0,15,30,0,0,6,10,292,0,26,3,5,12,4,5,6,4,3,1,1,1,13,30
-18,12,5,28,3,0,1,0,0,0,0,6,39,0,0,6,10,292,2,24,2,4,10,4,4,6,3,2,1,1,1,14,30
15,11,4,29,3,0,1,0,0,0,0,27,3,0,0,6,10,292,2,23,1,3,11,3,4,6,3,2,1,1,2,14,45
15,10,3,27,2,0,1,0,0,0,0,24,6,0,0,6,10,292,1,23,2,3,11,2,3,5,3,3,1,1,1,14,15
25,10,4,24,2,0,0,0,0,0,0,11,19,0,0,6,10,292,1,23,2,5,12,1,2,5,2,2,0,1,1,13,0
42,7,2,22,2,0,0,2,0,0,0,13,2,0,0,6,10,292,1,20,4,8,12,1,3,10,4,3,0,0,2,12,45
7,6,5,22,5,0,0,4,0,0,0,10,5,0,0,6,10,292,3,14,3,5,10,4,9,13,7,6,0,0,2,12,45
-10,5,4,17,5,0,1,4,0,0,0,2,13,0,0,6,10,292,4,12,2,4,10,6,8,16,7,6,0,0,2,12,0
9,5,4,24,4,1,1,4,0,0,0,3,12,0,0,6,10,292,4,11,1,3,11,6,7,16,7,6,0,0,1,13,0
23,5,4,19,4,1,1,3,0,0,0,11,4,0,0,6,10,292,4,11,2,3,11,6,7,15,6,5,0,0,1,12,15
9,3,2,19,4,1,1,2,0,0,0,8,7,0,0,6,10,292,2,11,2,3,11,5,6,14,7,5,0,0,1,12,15
5,3,2,14,5,1,1,1,0,0,0,5,10,0,0,6,10,292,3,10,1,2,10,4,5,13,6,4,0,0,1,11,30
-22,3,2,21,4,1,1,1,0,0,0,4,11,0,0,6,10,292,3,10,1,2,10,3,4,12,5,3,0,0,2,12,30
25,2,1,9,4,0,1,1,0,0,0,6,9,0,0,6,10,292,2,10,2,3,10,2,5,12,5,2,0,0,1,10,45
-6,1,0,17,5,0,1,0,0,0,0,0,15,0,0,6,10,292,2,9,1,4,9,2,4,11,5,3,0,0,2,12,0
-23,1,1,11,4,0,2,0,0,0,0,16,14,0,0,6,10,292,1,8,2,8,8,3,9,14,6,3,0,0,2,11,0
-39,1,1,12,4,0,2,0,0,0,0,2,28,0,0,6,10,292,1,7,5,7,7,7,8,13,6,3,0,0,2,11,15
-7,1,1,14,3,0,2,0,0,0,0,10,5,0,0,6,10,292,1,7,6,7,7,6,8,13,5,2,0,0,1,11,30
-82,1,1,12,3,0,2,0,0,0,2,11,4,0,0,6,10,292,2,4,4,4,4,6,7,12,6,2,0,0,2,11,15
-20,1,1,7,3,0,1,0,0,0,2,9,6,0,0,6,10,292,2,4,4,4,4,5,6,11,5,1,0,0,2,10,30
99,1,1,1,2,0,1,0,0,0,2,8,7,0,0,6,10,292,2,4,4,4,4,4,5,10,4,1,0,0,2,9,30
15,1,1,7,1,0,1,0,0,0,2,6,9,0,0,6,10,292,2,4,4,4,4,3,5,9,3,1,0,0,2,10,30
55,1,1,5,0,0,1,0,0,0,2,6,9,0,0,6,10,292,1,4,4,4,4,2,4,8,3,1,0,0,2,10,0
-27,1,1,5,0,0,0,1,3,0,2,4,11,0,0,6,10,292,2,0,0,0,0,2,6,7,5,2,0,0,2,10,0
-38,0,0,3,0,0,0,1,2,0,2,0,14,0,0,6,10,292,0,0,0,0,0,2,5,6,6,4,0,0,2,9,45
-14,0,0,3,0,0,0,0,2,0,2,0,38,0,0,6,10,292,0,0,0,0,0,4,5,5,5,3,0,0,2,9,45
-7,0,0,1,0,0,0,0,1,0,2,0,45,0,0,6,10,292,0,0,0,0,0,3,4,4,4,2,0,0,2,9,30
-60,0,0,9,0,0,0,0,1,0,1,0,48,0,0,6,10,292,0,0,0,0,0,3,3,3,3,2,0,0,1,10,45
2,0,0,0,0,0,0,0,0,0,1,0,55,0,1,6,10,292,0,0,0,0,0,2,2,2,2,2,0,0,2,9,15
-129,0,0,16,0,0,0,0,0,0,0,0,75,0,0,6,10,292,0,0,0,0,0,1,1,1,1,1,0,0,2,11,45
13,39,5,60,2,0,0,0,1,0,0,12,3,1,0,5,10,291,2,57,1,4,11,1,4,7,2,1,9,1,1,18,0
25,37,5,57,4,0,1,0,0,0,0,15,15,0,0,5,10,291,2,54,2,6,14,3,6,12,4,3,9,2,2,17,30
-30,36,6,58,4,0,0,1,0,0,0,7,23,0,0,5,10,291,2,53,3,6,13,4,5,12,4,3,8,2,1,17,45
24,35,5,58,3,0,0,1,0,0,0,14,1,0,0,5,10,291,1,53,3,7,13,3,4,13,4,2,8,1,1,17,45
69,34,4,52,3,0,0,2,0,0,0,11,4,0,0,5,10,291,2,51,3,7,12,3,6,14,4,1,8,4,2,16,45
8,34,4,55,2,0,0,2,0,0,0,9,6,0,0,5,10,291,2,51,4,8,13,2,6,13,3,0,8,4,1,17,0
42,32,4,49,5,0,0,1,0,0,0,1,14,0,0,5,10,291,2,48,2,8,10,4,7,12,5,1,7,4,1,16,15
17,30,3,49,6,0,0,1,0,0,0,8,7,0,0,5,10,291,1,46,5,6,10,6,10,11,7,3,6,3,1,16,15
38,30,3,44,5,0,0,1,0,0,0,6,9,0,0,5,10,291,1,46,6,7,11,5,10,10,6,2,5,2,2,15,45
62,30,3,47,4,0,0,1,0,0,0,4,11,0,0,5,10,291,1,46,6,7,11,4,9,10,5,2,4,1,2,16,0
-15,30,3,52,7,0,0,0,0,0,0,9,6,0,0,5,10,291,2,43,3,5,8,3,8,10,6,2,4,0,2,16,45
41,30,3,42,6,0,0,0,0,0,0,3,12,0,0,5,10,291,2,43,3,5,9,4,7,10,5,2,4,0,3,15,30
-29,28,1,51,5,0,1,0,0,0,0,13,2,0,0,5,10,291,1,42,2,4,8,4,6,10,6,1,4,0,3,16,30
31,28,2,38,5,0,1,1,0,0,0,8,7,0,0,5,10,291,2,40,2,2,8,5,5,11,6,2,4,0,2,15,0
-76,27,1,55,4,0,1,1,0,0,0,4,11,0,0,5,10,291,0,40,2,2,9,4,4,10,7,4,4,0,1,17,0
-3,27,1,44,3,0,1,1,0,0,0,2,13,0,0,5,10,291,0,40,2,3,10,3,3,9,6,4,4,0,2,15,45
-9,27,1,42,3,0,0,1,0,0,0,10,5,0,0,5,10,291,0,40,2,4,10,2,2,8,5,4,4,0,3,15,30
13,27,1,47,2,0,0,1,0,0,0,8,7,0,0,5,10,291,0,40,2,4,10,1,1,7,4,3,4,0,2,16,0
28,26,5,38,5,0,1,1,0,0,0,21,24,0,0,5,10,291,2,35,2,7,18,4,6,14,6,3,4,1,2,15,0
-11,25,5,40,5,0,1,0,0,0,0,9,36,0,0,5,10,291,1,35,3,9,19,4,7,14,6,3,4,1,2,15,15
20,25,5,36,5,0,1,0,0,0,0,5,40,0,0,5,10,291,2,34,3,8,18,4,7,14,5,2,4,1,2,14,45
-113,25,5,44,5,0,0,0,0,0,0,3,42,0,0,5,10,291,2,34,4,9,18,3,6,13,4,1,3,1,2,15,45
8,23,6,35,6,0,0,0,0,0,0,14,1,0,0,5,10,291,2,32,5,11,17,3,6,16,5,1,3,0,2,14,15
-50,23,7,40,5,0,0,0,0,0,0,9,6,0,0,5,10,291,1,32,6,12,18,3,5,15,5,1,3,0,2,15,15
42,20,7,29,7,0,0,1,0,0,0,3,12,0,0,5,10,291,2,28,7,11,18,4,8,17,7,1,3,0,2,12,45
25,20,7,31,7,0,0,1,0,0,0,11,4,0,0,5,10,291,1,27,7,10,18,3,8,16,8,3,3,0,1,13,0
23,20,8,26,7,0,0,1,0,0,0,6,9,0,0,5,10,291,1,26,6,10,17,3,7,17,8,4,3,0,2,12,30
-31,19,8,33,7,0,0,1,0,0,1,12,3,0,0,5,10,291,2,24,5,9,15,3,7,18,8,4,3,0,1,13,15
8,16,6,24,9,0,1,1,0,0,1,6,9,0,0,5,10,291,2,20,4,7,14,5,10,21,11,6,3,0,3,12,15
10,15,5,34,9,0,1,1,0,0,1,0,15,0,0,5,10,291,2,19,3,6,13,5,11,20,11,6,3,1,1,13,30
41,14,6,20,9,0,1,1,0,0,0,8,7,0,0,5,10,291,1,19,4,7,14,5,11,19,11,7,3,1,2,11,45
-18,14,6,31,11,0,1,0,0,0,0,6,9,0,0,5,10,291,3,17,2,6,13,5,10,18,10,6,3,1,1,13,0
-31,13,6,29,11,0,0,0,0,0,0,12,3,0,0,5,10,291,2,17,3,7,14,6,9,17,10,5,3,1,2,12,45
-212,12,5,52,10,0,0,1,0,0,0,5,10,0,0,5,10,291,2,16,3,7,14,5,11,18,10,5,3,1,2,16,45
34,11,5,26,10,0,0,1,0,0,0,10,5,0,0,5,10,291,2,15,3,6,14,7,12,17,10,5,3,2,2,12,30
2,11,5,26,9,0,0,1,0,0,0,6,9,0,0,5,10,291,2,15,4,8,14,6,12,16,9,4,3,3,2,12,30
13,11,5,22,8,0,0,1,0,0,0,6,9,0,0,5,10,291,2,15,4,9,14,5,11,15,8,4,3,3,2,12,0
48,11,5,22,7,0,0,1,0,0,0,5,10,0,0,5,10,291,2,15,4,9,14,4,10,14,7,3,3,3,2,12,0
32,10,7,14,7,0,1,1,0,0,0,3,12,0,0,5,10,291,2,13,4,7,13,6,11,17,8,3,2,3,1,11,0
50,10,7,17,6,0,1,1,0,0,0,1,14,0,0,5,10,291,2,13,4,7,13,5,10,16,7,3,2,2,2,11,15
11,8,6,18,5,0,1,1,0,0,0,12,3,0,0,5,10,291,0,13,4,7,13,5,9,17,8,3,2,2,2,11,30
23,7,5,18,5,0,2,3,0,0,0,11,4,0,0,5,10,291,3,9,3,7,9,7,8,18,8,3,2,2,2,11,30
16,7,5,14,4,0,2,3,0,0,0,6,9,0,0,5,10,291,2,9,3,7,9,7,9,17,8,2,2,2,1,11,0
-61,7,5,24,4,0,2,2,0,0,0,5,10,0,0,5,10,291,2,9,3,7,9,6,8,16,7,2,2,2,3,12,15
5,7,6,20,3,0,2,2,0,0,0,12,3,0,0,5,10,291,2,9,3,8,9,5,7,15,6,2,2,2,2,11,45
17,6,5,10,3,0,1,2,0,0,0,10,5,0,0,5,10,291,1,9,4,8,9,4,6,14,6,3,1,2,2,10,30
-126,6,5,36,2,0,1,2,0,0,0,8,7,0,0,5,10,291,1,9,4,8,9,3,5,13,5,3,0,1,2,14,45
27,4,4,10,2,0,1,4,0,0,0,11,4,0,0,5,10,291,2,6,4,6,6,2,7,12,6,3,0,0,2,10,30
3,4,4,8,2,0,0,4,0,0,0,9,6,0,0,5,10,291,2,6,4,6,6,2,6,12,5,2,0,0,2,10,15
43,2,2,8,5,0,0,4,0,0,0,9,6,0,0,5,10,291,2,2,2,2,2,5,10,12,8,2,0,0,2,10,15
-21,2,2,14,5,0,0,3,0,0,0,8,7,0,0,5,10,291,2,2,2,2,2,4,9,11,7,2,0,0,1,11,0
-57,0,0,12,4,0,0,3,0,0,1,4,11,0,0,5,10,291,0,1,1,1,1,8,8,10,9,3,0,0,3,10,45
-5,0,0,4,3,0,0,3,0,0,1,4,11,0,0,5,10,291,0,1,1,1,1,7,7,9,8,3,0,0,2,9,45
-76,0,0,12,3,0,0,3,0,0,0,14,1,0,0,5,10,291,0,1,1,1,1,6,6,8,7,3,0,0,3,10,45
0,0,0,6,4,0,0,2,0,0,0,6,9,0,0,5,10,291,0,0,0,0,0,5,6,7,7,2,0,0,2,10,0
34,0,0,4,3,0,0,2,0,0,0,0,2,0,0,5,10,291,0,0,0,0,0,4,5,6,6,2,0,0,2,9,45
-5,0,0,1,2,0,0,2,0,0,0,0,3,0,0,5,10,291,0,0,0,0,0,3,5,5,5,1,0,0,2,9,15
56,0,0,2,2,0,0,1,0,0,0,0,5,0,0,5,10,291,0,0,0,0,0,2,4,4,4,1,0,0,2,9,30
6,0,0,6,2,0,0,0,0,0,0,0,9,0,0,5,10,291,0,0,0,0,0,1,3,3,3,0,0,0,2,10,0
23,0,0,0,1,0,0,0,0,0,0,0,50,0,1,5,10,291,0,0,0,0,0,2,2,2,2,0,0,0,1,9,0
0,0,0,2,0,0,0,0,0,0,0,0,62,0,0,5,10,291,0,0,0,0,0,1,1,1,1,0,0,0,2,9,30
-11,33,3,58,1,0,0,2,0,0,1,4,11,1,0,4,10,290,2,54,3,7,15,1,4,8,3,1,8,2,1,17,30
5,30,3,49,3,0,0,4,0,0,1,11,4,0,0,4,10,290,4,49,2,9,14,3,5,14,5,0,7,2,1,16,30
24,30,4,49,2,0,0,5,0,0,1,1,14,0,0,4,10,290,4,48,5,9,14,2,5,14,5,1,7,2,1,16,30
12,30,4,56,2,0,0,4,0,0,1,10,5,0,0,4,10,290,4,48,6,9,16,1,4,14,4,1,6,2,1,17,15
18,29,6,47,2,0,2,7,0,0,1,9,6,0,0,4,10,290,6,42,3,7,13,3,6,18,7,3,6,1,4,16,15
-8,28,5,45,4,0,1,7,0,0,1,13,2,0,0,4,10,290,6,40,3,5,11,4,10,17,8,3,6,2,2,16,0
21,26,4,53,4,0,1,6,0,0,1,1,14,0,0,4,10,290,4,40,3,6,11,4,10,17,9,4,5,3,2,16,45
22,26,5,39,4,0,1,6,0,0,1,5,10,0,0,4,10,290,4,39,4,7,12,3,10,17,9,5,5,2,2,15,15
-39,25,4,54,5,0,1,5,0,0,1,2,13,0,0,4,10,290,4,38,3,6,12,5,9,16,9,6,5,2,2,17,0
-94,23,3,56,4,0,2,5,0,0,1,3,12,0,0,4,10,290,3,37,3,5,13,7,12,17,10,6,5,2,1,17,15
-53,23,4,45,5,0,2,5,0,0,1,5,10,0,0,4,10,290,4,35,3,6,12,7,12,18,10,5,5,2,2,16,0
28,23,4,37,4,0,2,5,0,0,1,4,11,0,0,4,10,290,4,35,3,6,12,6,11,17,9,4,5,2,2,15,0
42,23,4,34,4,0,2,4,0,0,1,3,12,0,0,4,10,290,4,35,3,6,12,5,10,16,8,3,5,2,1,14,15
-53,23,4,49,4,0,2,3,0,0,1,0,15,0,0,4,10,290,3,35,3,6,12,4,9,16,8,3,4,2,1,16,30
-147,23,4,54,4,0,2,2,0,0,1,14,1,0,0,4,10,290,3,35,3,6,12,3,8,15,7,3,4,1,2,17,0
-31,22,4,49,4,0,2,2,0,0,1,3,12,0,0,4,10,290,2,34,2,5,12,5,8,15,8,3,3,2,1,16,30
20,22,4,36,4,0,1,2,0,0,1,29,1,0,0,4,10,290,2,34,4,6,12,6,7,15,7,3,3,1,2,14,45
48,21,6,39,6,0,1,1,0,0,1,12,18,0,0,4,10,290,2,32,3,6,12,5,7,19,8,3,3,2,2,15,15
-65,21,6,41,6,0,1,1,0,0,0,11,19,0,0,4,10,290,2,32,3,6,13,5,6,18,7,3,3,2,2,15,30
-61,21,7,43,6,0,0,1,0,0,0,9,21,0,0,4,10,290,2,32,3,7,13,4,5,17,6,3,3,2,2,15,45
20,20,6,35,5,0,0,1,0,0,0,3,27,0,0,4,10,290,1,32,3,8,13,3,6,16,6,4,3,2,1,14,30
23,20,7,37,4,0,0,2,1,0,0,14,1,0,0,4,10,290,3,30,2,6,11,2,5,15,5,4,3,2,2,15,0
-81,18,5,41,4,0,0,2,1,0,0,11,4,0,0,4,10,290,2,29,3,6,12,2,8,15,6,4,2,2,2,15,30
43,18,5,31,5,0,0,1,1,0,0,12,3,0,0,4,10,290,2,28,5,6,13,3,9,14,6,4,1,1,1,13,30
41,14,2,33,6,0,1,1,1,0,0,8,7,0,0,4,10,290,1,25,2,6,16,6,12,16,9,5,1,1,1,13,45
27,14,2,30,5,0,1,1,1,0,0,7,8,0,0,4,10,290,1,25,2,6,16,5,11,15,8,4,1,1,2,13,15
9,13,2,26,6,0,0,1,1,0,1,8,7,0,0,4,10,290,1,23,2,6,16,7,10,17,9,4,1,1,2,12,45
19,13,2,31,5,0,0,1,1,0,1,5,10,0,0,4,10,290,1,23,2,6,17,8,10,16,8,4,1,1,1,13,30
16,13,2,24,4,0,0,1,1,0,1,3,12,0,0,4,10,290,1,23,2,6,17,7,9,16,7,3,1,1,2,12,30
57,13,2,24,4,0,0,1,0,0,1,12,3,0,0,4,10,290,0,23,3,6,18,7,8,15,7,3,1,1,2,12,30
2,13,4,28,4,0,0,1,0,0,1,1,14,0,0,4,10,290,1,22,3,6,18,6,7,14,6,2,1,1,1,13,0
45,13,4,22,3,0,0,1,0,0,1,14,1,0,0,4,10,290,1,22,3,6,18,5,6,13,5,1,1,1,2,12,15
-183,13,4,43,4,0,0,1,0,0,0,9,6,0,0,4,10,290,2,21,4,7,18,4,5,12,4,1,1,1,2,15,45
-174,13,4,47,4,0,0,0,0,0,0,8,7,0,0,4,10,290,2,21,4,7,18,3,4,11,3,1,0,1,4,16,15
-32,13,4,28,3,0,0,0,0,0,0,7,8,0,0,4,10,290,2,21,4,7,18,3,3,10,2,1,0,0,1,13,0
27,13,6,26,2,0,0,0,0,0,1,13,2,0,0,4,10,290,3,20,3,10,17,2,5,12,1,1,0,0,2,12,45
-20,11,6,22,2,0,0,0,2,0,1,7,8,0,0,4,10,290,3,17,3,10,14,1,7,12,3,2,0,0,2,12,15
-12,9,8,18,2,0,0,2,2,0,1,5,10,0,0,4,10,290,2,14,8,11,13,6,8,16,6,3,0,0,1,11,30
15,7,6,18,2,0,0,2,1,0,1,4,11,0,0,4,10,290,0,14,8,11,13,6,8,15,7,3,0,0,1,11,30
4,7,7,14,4,0,0,2,1,0,1,14,1,0,0,4,10,290,3,10,6,8,10,5,8,15,6,2,0,0,2,11,0
57,6,6,10,5,0,0,2,1,0,1,6,9,0,0,4,10,290,3,9,4,6,9,4,7,15,7,3,0,0,2,10,30
147,5,5,2,5,0,0,2,1,0,1,12,3,0,0,4,10,290,3,8,4,5,8,3,7,15,7,2,0,0,2,9,30
-28,5,5,21,4,0,0,2,1,0,1,11,4,0,0,4,10,290,3,8,4,5,8,2,6,14,6,1,0,0,2,12,0
11,4,4,12,5,0,0,2,1,0,1,5,10,0,0,4,10,290,4,6,3,4,6,2,5,13,6,2,0,0,2,10,45
9,1,1,8,7,0,0,2,1,0,1,6,9,0,0,4,10,290,3,3,0,2,3,4,9,14,9,3,0,0,2,10,15
76,1,1,6,7,0,0,1,1,0,1,4,11,0,0,4,10,290,3,3,1,2,3,3,8,13,8,3,0,0,2,10,0
-19,0,0,16,6,0,0,1,1,0,1,2,13,0,0,4,10,290,2,3,1,2,3,2,7,12,8,4,0,0,2,11,15
4,0,0,14,6,0,0,0,1,0,1,3,12,0,0,4,10,290,2,3,1,3,3,4,8,11,7,4,0,0,2,11,0
51,0,0,4,7,0,0,0,0,0,1,11,4,0,0,4,10,290,2,2,1,2,2,6,9,11,7,5,0,0,2,9,45
63,0,0,4,6,0,0,0,0,0,1,8,7,0,0,4,10,290,1,2,2,2,2,6,9,10,7,4,0,0,2,9,45
49,0,0,1,5,0,0,0,0,0,1,6,9,0,0,4,10,290,1,2,2,2,2,5,8,9,6,4,0,0,2,9,15
-110,0,0,16,4,0,0,0,0,0,2,7,8,0,0,4,10,290,1,1,1,1,1,5,7,8,6,4,0,0,2,11,15
-15,0,0,12,4,0,0,0,0,0,1,6,9,0,0,4,10,290,1,1,1,1,1,4,6,7,5,4,0,0,2,10,45
19,0,0,8,3,0,0,0,0,0,1,1,14,0,0,4,10,290,0,1,1,1,1,4,5,6,5,4,0,0,2,10,15
54,0,0,2,3,0,0,0,0,0,1,0,6,0,0,4,10,290,1,0,0,0,0,4,4,5,4,3,0,0,2,9,30
-14,0,0,6,2,0,0,0,0,0,1,0,16,0,0,4,10,290,0,0,0,0,0,3,3,4,4,4,0,0,2,10,0
-76,0,0,10,1,0,0,0,0,0,1,0,26,0,0,4,10,290,0,0,0,0,0,2,3,3,3,3,0,0,2,10,30
-11,0,0,0,0,0,0,0,0,0,1,0,36,0,1,4,10,290,0,0,0,0,0,1,2,2,2,2,0,0,1,9,0
-163,0,0,20,0,0,0,0,0,0,0,0,82,0,0,4,10,290,0,0,0,0,0,1,1,1,1,1,0,0,1,11,45
102,43,0,52,0,0,0,0,0,0,0,68,0,0,0,3,10,289,0,55,0,0,10,1,1,3,1,1,5,1,1,17,0
87,41,7,44,2,0,2,0,0,0,0,11,4,0,0,3,10,289,3,50,5,8,13,2,3,9,2,2,5,1,2,16,0
11,38,7,54,7,0,1,0,0,0,0,14,1,0,0,3,10,289,3,45,3,5,10,2,6,11,6,2,4,2,1,17,15
-33,35,5,55,7,0,1,1,0,0,0,9,6,1,0,3,10,289,2,43,2,5,10,2,5,14,8,2,4,1,1,17,30
-10,33,4,52,8,0,1,1,0,0,0,13,2,0,0,3,10,289,2,41,2,5,12,4,8,16,9,2,4,1,1,17,0
21,32,4,50,7,0,1,1,0,0,0,5,10,0,0,3,10,289,1,41,3,5,12,3,8,16,9,3,4,1,2,16,45
1,32,4,48,7,0,0,1,0,0,0,4,11,0,0,3,10,289,1,41,3,6,12,2,7,15,8,2,3,1,2,16,30
1,32,4,46,6,0,0,1,0,0,0,3,12,0,0,3,10,289,1,41,3,6,12,1,6,14,7,1,3,0,2,16,15
24,30,3,50,8,0,0,2,0,0,0,0,15,0,0,3,10,289,2,37,2,5,11,5,11,15,9,1,3,1,2,16,45
26,29,2,40,8,0,0,1,0,0,0,12,3,0,0,3,10,289,1,37,3,5,11,4,11,14,9,1,3,2,2,15,30
36,29,2,46,8,0,0,1,0,0,0,6,9,0,0,3,10,289,2,36,3,6,12,4,10,13,8,0,3,2,2,16,15
38,29,2,44,7,0,0,1,0,0,0,0,15,0,0,3,10,289,2,36,3,6,12,6,9,12,7,0,3,2,2,16,0
-17,29,2,38,6,0,0,1,0,0,0,9,6,0,0,3,10,289,1,36,3,7,12,5,8,11,7,1,3,2,2,15,15
-109,28,2,48,7,0,0,2,0,0,0,9,6,0,0,3,10,289,2,33,2,6,11,7,8,10,8,1,2,2,2,16,30
31,28,3,36,6,0,0,2,0,0,0,5,10,0,0,3,10,289,2,33,3,6,12,6,7,9,7,0,2,1,2,15,0
72,28,3,38,5,0,0,2,0,0,0,3,12,0,0,3,10,289,2,33,3,6,12,5,6,8,6,0,2,1,2,15,15
45,28,3,36,4,0,0,2,0,0,0,3,12,0,0,3,10,289,2,33,3,6,12,4,5,7,5,0,2,1,2,15,0
34,27,3,40,4,0,0,2,0,0,0,3,12,0,0,3,10,289,1,32,3,6,13,4,6,7,6,0,2,1,2,15,30
45,27,4,33,3,0,0,2,0,0,0,0,15,0,0,3,10,289,1,32,3,6,13,3,5,6,5,0,2,1,2,14,30
-25,27,4,42,3,0,0,1,0,0,0,43,2,0,0,3,10,289,1,32,4,6,13,2,4,5,4,0,1,1,2,15,45
6,27,7,34,5,0,0,1,0,0,0,22,23,0,0,3,10,289,3,29,2,6,12,3,3,11,4,1,1,0,2,14,45
-16,25,7,34,5,0,0,2,0,0,0,1,44,0,0,3,10,289,3,27,3,6,12,2,2,12,5,2,1,0,2,14,45
-108,25,8,42,4,0,0,2,0,0,0,10,5,0,0,3,10,289,3,27,3,7,13,1,2,12,4,2,1,0,2,15,45
36,17,6,26,8,0,1,2,0,0,0,12,3,0,0,3,10,289,1,21,3,7,11,6,11,16,11,3,1,1,2,12,30
0,16,7,27,8,0,1,3,0,0,0,10,5,0,0,3,10,289,2,19,3,5,12,9,12,16,11,3,0,1,1,12,45
78,16,7,22,8,0,1,2,0,0,0,7,8,0,0,3,10,289,2,19,3,5,12,8,11,15,10,3,0,0,2,12,0
89,15,6,18,7,0,1,2,0,0,0,6,9,0,0,3,10,289,1,19,3,5,12,7,11,14,10,3,0,0,2,11,30
7,14,5,32,7,0,1,1,0,0,0,5,10,0,0,3,10,289,0,19,3,5,12,6,10,13,10,4,0,0,1,14,15
32,14,5,30,6,0,1,1,0,0,0,2,13,0,0,3,10,289,0,19,4,5,13,5,9,12,9,4,0,0,1,13,15
9,14,5,31,6,0,1,1,0,0,0,10,5,0,0,3,10,289,1,18,4,5,13,5,8,11,8,3,0,0,1,13,30
21,14,5,29,5,0,1,1,0,0,0,8,7,0,0,3,10,289,1,18,4,5,13,4,7,10,7,3,0,0,1,13,0
6,14,5,24,6,0,0,1,0,0,0,7,8,0,0,3,10,289,2,17,3,4,12,3,6,9,6,3,0,0,1,12,15
8,13,4,27,6,0,0,1,0,0,0,12,3,0,0,3,10,289,2,16,2,4,12,4,6,11,6,3,0,0,1,12,45
39,11,3,22,6,0,0,2,0,0,0,12,3,0,0,3,10,289,2,14,1,4,12,4,6,11,7,3,0,0,2,12,0
50,10,3,17,6,0,0,1,0,0,0,3,12,0,0,3,10,289,1,14,1,6,13,3,6,11,7,3,0,0,2,11,15
22,10,4,20,5,0,0,1,0,0,0,0,15,0,0,3,10,289,1,14,2,7,13,2,5,10,6,2,0,0,2,11,45
3,9,3,18,4,0,0,1,0,0,0,7,8,0,0,3,10,289,0,14,2,7,13,2,4,9,6,2,0,0,2,11,30
14,9,6,24,4,0,0,2,0,0,0,14,1,0,0,3,10,289,2,12,5,7,12,3,5,10,5,2,0,0,1,12,15
64,8,6,11,4,0,0,2,1,0,0,1,14,0,0,3,10,289,2,10,4,8,10,2,6,13,6,2,0,0,2,10,30
1,7,6,20,4,0,0,2,2,0,0,7,8,0,0,3,10,289,2,8,3,7,8,1,6,13,7,1,0,0,2,11,45
-2,3,3,11,4,0,0,4,2,0,0,4,11,0,0,3,10,289,1,5,4,4,5,5,7,16,10,2,0,0,2,10,30
20,3,3,15,3,0,0,4,2,0,0,0,15,0,0,3,10,289,1,5,4,5,5,4,6,15,9,2,0,0,1,11,0
-7,3,3,13,3,0,0,3,2,0,1,13,2,0,0,3,10,289,2,4,3,4,4,3,5,14,8,2,0,0,2,10,45
17,2,2,8,4,0,0,3,2,0,1,3,12,0,0,3,10,289,2,2,1,2,2,3,7,13,9,3,0,0,1,10,0
25,2,2,8,4,0,0,3,1,0,1,11,4,0,0,3,10,289,2,2,1,2,2,2,7,12,8,3,0,0,1,10,0
21,0,0,5,5,0,0,3,0,0,1,5,10,0,0,3,10,289,0,1,1,1,1,4,11,11,10,5,0,0,2,9,45
20,0,0,10,4,0,0,3,0,0,1,0,5,0,0,3,10,289,0,1,1,1,1,5,10,10,9,4,0,0,2,10,15
-61,0,0,5,4,0,0,3,0,0,1,0,21,0,0,3,10,289,0,0,0,0,0,9,9,9,9,3,0,0,2,9,45
24,0,0,2,4,0,0,2,0,0,1,0,22,0,0,3,10,289,0,0,0,0,0,8,8,8,8,3,0,0,3,9,30
13,0,0,15,4,0,0,1,0,0,1,0,25,0,0,3,10,289,0,0,0,0,0,7,7,7,7,3,0,0,1,11,0
-70,0,0,13,4,0,0,1,0,0,0,0,28,0,0,3,10,289,0,0,0,0,0,6,6,6,6,3,0,0,2,10,45
-19,0,0,2,3,0,0,1,0,0,0,0,37,0,0,3,10,289,0,0,0,0,0,5,5,5,5,2,0,0,3,9,30
17,0,0,0,2,0,0,1,0,0,0,0,40,0,1,3,10,289,0,0,0,0,0,4,4,4,4,1,0,0,1,9,0
10,0,0,1,1,0,0,1,0,0,0,0,44,0,0,3,10,289,0,0,0,0,0,3,3,3,3,1,0,0,3,9,15
7,0,0,5,0,0,0,1,0,0,0,0,45,0,0,3,10,289,0,0,0,0,0,2,2,2,2,0,0,0,2,9,45
11,0,0,2,0,0,0,0,0,0,0,0,46,0,0,3,10,289,0,0,0,0,0,1,1,1,1,0,0,0,3,9,30
17,22,3,52,5,0,1,1,0,0,0,12,3,0,0,2,10,288,2,47,4,11,14,2,7,12,6,3,5,2,1,17,15
29,21,4,43,5,0,1,1,0,0,0,13,2,0,0,2,10,288,1,46,4,11,14,2,6,13,7,5,4,1,1,16,0
-1,21,4,54,7,0,2,1,0,0,0,3,12,1,0,2,10,288,4,42,6,8,12,5,6,15,7,4,4,0,1,17,30
-20,21,4,46,7,0,1,1,0,0,0,13,2,0,0,2,10,288,3,41,7,8,12,4,7,14,7,4,4,1,2,16,30
11,21,4,50,7,0,1,1,0,0,0,10,5,0,0,2,10,288,4,41,6,7,11,3,7,14,6,4,4,1,2,17,0
-5,21,4,50,6,0,1,1,0,0,0,8,7,0,0,2,10,288,4,41,6,7,11,2,6,13,5,3,4,1,2,17,0
6,20,3,48,6,0,2,1,0,0,0,4,11,0,0,2,10,288,6,38,3,4,8,1,5,13,5,3,4,1,2,16,45
-39,17,1,52,6,0,4,1,0,0,0,1,14,0,0,2,10,288,5,35,2,4,6,4,9,13,8,2,4,2,1,17,15
2,17,2,41,6,0,4,1,0,0,0,1,14,0,0,2,10,288,4,34,2,4,8,6,9,13,9,2,3,2,2,15,45
-31,17,2,46,5,0,4,1,0,0,0,0,15,0,0,2,10,288,4,34,2,4,8,5,8,13,8,2,3,1,2,16,30
-1,17,2,37,4,0,4,1,0,0,0,12,3,0,0,2,10,288,4,34,2,4,9,4,7,13,7,1,3,1,2,15,15
29,17,2,35,4,0,3,1,0,0,1,13,2,0,0,2,10,288,4,33,3,4,11,5,8,12,7,1,3,1,2,15,0
14,17,2,37,4,0,2,1,0,0,1,10,5,0,0,2,10,288,4,33,3,4,11,4,8,11,6,1,3,2,2,15,15
-43,17,2,41,4,0,1,2,0,0,1,8,7,0,0,2,10,288,4,32,2,3,10,3,7,10,6,2,3,2,2,15,45
-15,16,2,43,4,0,0,3,0,0,1,5,10,0,0,2,10,288,4,31,1,2,11,5,6,14,6,1,3,2,1,16,0
21,16,2,39,3,0,0,3,0,0,1,2,13,0,0,2,10,288,3,31,1,2,11,4,5,13,6,2,2,2,2,15,30
61,16,2,45,3,0,0,3,0,0,1,36,9,0,0,2,10,288,4,30,1,3,11,4,4,13,5,2,2,1,2,16,15
-36,15,1,39,2,0,0,3,0,0,1,26,19,0,0,2,10,288,2,30,1,5,12,3,6,13,6,3,2,1,2,15,30
-127,15,2,48,2,0,0,3,0,0,0,21,24,0,0,2,10,288,2,30,1,6,13,2,5,13,5,3,2,1,2,16,45
-42,15,3,35,3,0,0,3,0,0,0,12,33,0,0,2,10,288,2,29,1,7,13,1,4,12,5,3,1,1,2,15,0
13,14,5,31,6,0,0,2,0,0,0,3,12,0,0,2,10,288,2,26,4,7,14,3,10,17,7,4,1,1,1,14,15
-78,14,5,33,5,0,0,2,0,0,0,1,14,0,0,2,10,288,2,26,4,7,14,2,9,17,6,4,1,1,2,14,45
36,14,6,30,4,0,1,2,0,0,0,13,2,0,0,2,10,288,2,25,4,7,13,1,8,16,6,3,1,1,1,13,30
-1,10,4,27,6,0,1,3,0,0,0,13,2,0,0,2,10,288,1,21,3,7,13,7,11,19,10,7,1,1,1,13,0
-29,10,4,32,6,0,1,2,0,0,0,11,4,0,0,2,10,288,1,21,3,7,13,6,10,18,9,7,1,1,2,14,30
21,10,4,22,7,0,0,2,0,0,0,10,5,0,0,2,10,288,2,20,2,7,12,5,9,17,8,6,0,1,2,12,30
10,10,4,25,6,0,0,2,0,0,0,10,5,0,0,2,10,288,2,20,3,7,12,4,9,16,7,6,0,0,2,12,45
-61,10,4,33,6,0,0,1,0,0,0,9,6,0,0,2,10,288,2,20,3,7,14,3,8,16,6,5,0,0,2,14,45
-12,9,3,29,5,0,0,1,0,0,0,12,3,0,0,2,10,288,0,20,4,8,15,3,8,15,7,5,0,0,1,13,15
-1,9,4,25,6,0,0,0,0,0,0,6,9,0,0,2,10,288,1,19,4,7,14,3,8,15,6,4,0,0,2,12,45
33,8,3,27,6,0,0,1,0,0,0,7,8,0,0,2,10,288,2,17,4,6,12,5,8,16,6,3,0,0,1,13,0
33,7,2,17,6,0,0,1,0,0,0,11,4,0,0,2,10,288,1,16,4,6,12,5,9,15,7,4,0,0,2,12,0
1,6,1,22,7,0,0,1,0,0,0,2,13,0,0,2,10,288,2,14,2,5,11,6,9,16,7,3,0,0,2,12,30
14,6,1,17,6,0,0,1,0,0,0,0,15,0,0,2,10,288,2,14,2,6,11,5,8,15,6,2,0,0,2,12,0
29,6,2,14,6,0,0,1,0,0,0,10,5,0,0,2,10,288,2,13,1,5,12,4,8,15,6,3,0,0,1,11,30
-16,6,2,22,6,0,0,1,0,0,0,14,1,0,0,2,10,288,2,12,2,6,12,5,8,14,6,4,0,0,2,12,30
32,5,2,10,5,0,0,1,0,0,0,8,7,0,0,2,10,288,1,12,3,7,12,5,8,13,6,3,0,0,2,11,0
-32,5,2,20,5,0,0,0,0,0,0,2,13,0,0,2,10,288,1,12,3,7,12,4,8,12,5,3,0,0,3,12,15
11,5,2,10,5,0,0,0,0,0,0,22,8,0,0,2,10,288,1,11,5,6,11,5,8,13,5,3,0,0,2,11,0
22,5,2,14,5,0,0,0,0,0,0,17,13,0,0,2,10,288,2,10,4,6,10,4,7,12,4,3,0,0,1,11,30
-53,5,2,16,4,0,0,1,0,0,0,9,21,0,0,2,10,288,2,9,4,6,9,4,8,12,4,3,0,0,3,11,45
-48,5,3,20,3,0,0,2,0,0,0,14,1,0,0,2,10,288,2,8,3,6,8,4,8,11,4,3,0,0,3,12,15
-3,3,3,9,3,0,0,2,1,0,0,10,5,0,0,2,10,288,1,5,2,5,5,3,6,10,6,4,0,0,2,10,30
-43,3,3,17,2,0,0,2,1,0,0,5,10,0,0,2,10,288,1,5,2,5,5,4,5,10,5,4,0,0,2,12,0
-31,3,3,12,1,0,0,2,1,0,0,14,1,0,0,2,10,288,1,5,3,5,5,4,6,9,4,3,0,0,2,11,15
-43,3,3,12,2,0,0,2,1,0,0,10,5,0,0,2,10,288,1,3,3,3,3,3,6,9,5,5,0,0,2,11,15
13,3,3,5,2,0,0,2,0,0,0,9,6,0,0,2,10,288,1,3,3,3,3,2,5,8,4,4,0,0,1,10,0
12,2,2,8,3,0,0,1,0,0,0,14,1,0,0,2,10,288,1,2,2,2,2,2,4,7,4,3,0,0,1,10,15
-18,0,0,2,4,0,0,1,0,0,0,1,14,0,0,2,10,288,0,0,0,0,0,3,5,6,6,4,0,0,1,9,30
0,0,0,1,3,0,0,1,0,0,0,0,1,0,0,2,10,288,0,0,0,0,0,2,4,5,5,4,0,0,2,9,15
-8,0,0,5,3,0,0,0,0,0,0,0,14,0,0,2,10,288,0,0,0,0,0,2,4,4,4,3,0,0,1,10,0
-1,0,0,4,2,0,0,0,0,0,0,0,40,0,0,2,10,288,0,0,0,0,0,3,3,3,3,2,0,0,3,9,45
2,0,0,2,1,0,0,0,0,0,0,0,51,0,0,2,10,288,0,0,0,0,0,2,2,2,2,1,0,0,1,9,30
24,0,0,0,0,0,0,0,0,0,0,0,69,0,1,2,10,288,0,0,0,0,0,1,1,1,1,1,0,0,1,9,0
8,24,7,50,4,0,1,1,0,0,0,0,15,0,0,6,10,285,2,45,3,8,15,4,6,12,5,4,8,2,1,17,0
1,23,6,47,5,0,1,1,0,0,0,0,15,0,0,6,10,285,2,43,4,6,14,5,6,11,6,4,8,2,1,16,30
-4,22,5,51,5,0,1,0,1,0,0,4,11,1,0,6,10,285,2,42,5,8,13,4,6,10,6,3,7,3,1,17,15
5,21,4,49,4,0,1,0,1,0,0,1,14,0,0,6,10,285,1,42,5,9,14,3,5,12,6,4,7,2,1,16,45
34,20,3,46,5,0,1,0,1,0,0,12,3,0,0,6,10,285,2,40,3,7,12,3,4,11,6,4,6,2,2,16,15
-20,20,4,47,5,0,0,0,1,0,0,6,9,0,0,6,10,285,2,40,3,8,13,2,5,11,5,3,6,1,1,16,30
9,17,1,42,5,0,0,1,1,0,1,14,1,0,0,6,10,285,2,37,4,7,11,2,6,14,7,4,6,1,2,15,45
1,17,2,37,7,0,1,1,1,0,0,6,9,0,0,6,10,285,4,34,4,5,9,4,5,13,7,5,5,1,2,15,15
59,16,2,32,7,0,1,1,1,0,0,9,6,0,0,6,10,285,4,33,3,5,10,4,7,12,7,5,5,2,2,14,30
59,16,2,33,7,0,1,1,0,0,0,9,6,0,0,6,10,285,4,33,3,5,10,3,7,11,6,5,5,2,2,14,45
-44,16,2,37,8,0,1,1,0,0,0,0,15,0,0,6,10,285,4,31,2,4,10,2,8,11,7,4,5,3,2,15,15
63,16,4,35,8,0,1,1,0,0,0,3,12,0,0,6,10,285,4,30,2,4,10,1,9,12,7,5,5,3,3,15,0
-74,15,3,42,9,0,1,1,0,0,0,18,27,0,0,6,10,285,3,28,2,3,11,8,8,14,9,6,4,3,2,15,45
-95,15,3,44,8,0,1,1,0,0,0,17,28,0,0,6,10,285,3,28,2,3,11,7,7,13,8,6,3,2,1,16,0
63,15,3,33,7,0,1,1,0,0,0,17,28,0,0,6,10,285,3,28,2,3,11,6,6,12,7,5,3,1,2,14,45
-64,14,3,44,7,0,1,0,0,0,0,9,36,0,0,6,10,285,2,28,3,5,13,5,5,11,7,4,3,1,1,16,0
-72,14,5,37,7,0,0,0,0,0,1,3,42,0,0,6,10,285,3,27,2,5,12,4,5,11,6,3,2,1,2,15,15
27,14,5,35,6,0,0,0,0,0,1,2,43,0,0,6,10,285,3,27,2,6,12,3,4,10,5,2,2,0,3,15,0
26,13,4,31,5,0,0,0,0,0,1,13,2,0,0,6,10,285,2,27,2,6,12,2,3,9,5,2,2,0,1,14,15
51,13,4,27,4,0,0,0,0,0,1,13,2,0,0,6,10,285,2,27,2,6,12,1,2,8,4,1,2,0,1,13,0
39,10,3,25,7,0,1,0,0,0,0,5,10,0,0,6,10,285,1,23,3,8,15,5,7,16,8,4,2,0,2,12,45
-18,9,3,29,8,0,1,0,0,0,0,10,5,0,0,6,10,285,2,21,3,6,14,5,6,17,8,3,2,0,1,13,15
-17,9,3,30,8,0,1,0,0,0,0,7,8,0,0,6,10,285,3,20,3,5,13,4,7,16,7,2,2,0,1,13,30
-76,8,2,40,7,0,1,0,0,0,0,0,15,0,0,6,10,285,1,20,3,6,14,3,7,15,8,3,2,0,2,15,30
5,8,3,23,7,0,0,0,0,0,0,6,9,0,0,6,10,285,0,20,5,8,15,3,10,16,8,4,2,1,2,12,30
44,8,3,27,7,0,0,1,0,0,0,11,4,0,0,6,10,285,2,18,3,7,15,2,9,16,7,3,2,1,1,13,0
44,7,3,25,8,0,0,2,0,0,0,9,6,0,0,6,10,285,3,15,3,6,14,5,10,16,8,4,2,1,2,12,45
-16,6,3,19,7,0,0,2,0,0,0,8,7,0,0,6,10,285,1,15,4,8,14,7,11,17,9,4,2,2,2,12,0
64,6,3,16,6,0,0,2,0,0,0,7,8,0,0,6,10,285,1,15,5,8,14,6,10,16,8,3,2,2,2,11,30
-6,6,3,21,5,0,0,2,0,0,0,7,8,0,0,6,10,285,1,15,5,8,14,5,9,15,7,3,2,2,2,12,15
13,6,4,14,6,0,0,1,0,0,1,13,2,0,0,6,10,285,3,13,4,7,12,4,8,14,6,2,2,2,1,11,15
-9,6,4,23,6,0,0,1,0,0,1,8,7,0,0,6,10,285,4,12,3,6,11,5,9,14,5,2,2,2,2,12,30
58,5,3,17,5,0,0,1,0,0,1,7,8,0,0,6,10,285,3,12,3,7,11,4,8,14,5,1,1,2,2,11,45
3,5,3,21,4,0,0,1,0,0,1,6,9,0,0,6,10,285,3,12,4,7,11,3,7,13,4,1,1,1,2,12,15
32,5,4,14,6,0,0,0,0,0,2,12,3,0,0,6,10,285,3,9,3,8,9,4,7,13,6,2,1,1,1,11,15
-60,5,4,19,5,0,0,0,0,0,2,11,4,0,0,6,10,285,2,9,3,8,9,3,7,13,6,2,1,1,2,12,0
-245,4,3,40,4,0,0,1,0,0,2,3,12,0,0,6,10,285,2,8,3,7,8,4,6,13,6,2,0,1,2,15,30
-57,4,3,17,4,0,0,2,0,0,1,13,2,0,0,6,10,285,3,7,3,6,7,4,6,12,5,2,0,0,2,11,45
-4,2,1,12,4,0,0,2,0,0,1,11,4,0,0,6,10,285,2,6,5,5,6,4,6,13,6,2,0,0,2,11,0
-18,2,1,12,3,0,0,2,0,0,1,9,6,0,0,6,10,285,2,6,5,5,6,3,6,12,5,1,0,0,2,11,0
10,2,1,9,3,0,0,2,0,0,1,2,13,0,0,6,10,285,3,5,4,5,5,3,6,11,4,1,0,0,2,10,30
-17,1,1,7,4,0,0,3,0,0,2,11,4,0,0,6,10,285,3,1,0,1,1,3,7,11,7,2,0,0,1,10,15
67,1,1,5,3,0,0,3,0,0,2,2,13,0,0,6,10,285,1,1,1,1,1,4,7,10,8,3,0,0,2,10,0
-11,1,1,3,2,0,0,3,0,0,2,24,6,0,0,6,10,285,1,1,1,1,1,4,6,9,7,3,0,0,2,9,45
54,1,1,1,2,0,0,2,0,0,2,10,20,0,0,6,10,285,1,1,1,1,1,4,7,8,6,3,0,0,2,9,30
-3,1,1,5,1,0,0,2,0,0,2,8,22,0,0,6,10,285,1,1,1,1,1,3,6,7,5,2,0,0,2,10,0
4,1,1,7,2,0,0,1,0,0,2,0,30,0,0,6,10,285,2,0,0,0,0,3,5,6,4,2,0,0,1,10,15
-10,0,0,3,2,0,0,0,0,0,2,0,18,0,0,6,10,285,0,0,0,0,0,4,5,5,5,3,0,0,2,9,45
-55,0,0,10,2,0,0,0,0,0,1,0,26,0,0,6,10,285,0,0,0,0,0,3,4,4,4,2,0,0,2,10,45
15,0,0,1,1,0,0,0,0,0,1,0,38,0,0,6,10,285,0,0,0,0,0,2,3,3,3,1,0,0,2,9,30
0,0,0,0,0,0,0,0,0,0,1,0,42,0,1,6,10,285,0,0,0,0,0,1,2,2,2,1,0,0,2,9,0
-109,0,0,10,0,0,0,0,0,0,0,0,72,0,0,6,10,285,0,0,0,0,0,1,1,1,1,0,0,0,2,10,45
39,31,4,55,3,0,1,1,0,0,1,0,15,0,0,5,10,284,2,51,5,10,16,4,7,13,5,2,10,3,1,17,0
37,31,4,55,2,0,2,1,0,0,1,11,4,0,0,5,10,284,2,50,4,9,15,3,6,12,5,2,10,3,1,17,0
-15,29,4,57,4,0,2,0,0,0,1,10,5,1,0,5,10,284,2,48,4,8,14,3,7,14,6,3,10,3,1,17,30
26,28,3,53,4,0,3,0,0,0,1,3,12,0,0,5,10,284,2,46,3,6,12,3,6,15,7,3,10,3,2,16,45
25,28,3,47,4,0,3,1,0,0,0,10,5,0,0,5,10,284,3,45,5,7,11,3,6,16,6,2,9,3,1,16,15
18,28,3,47,4,0,2,2,0,0,0,8,7,0,0,5,10,284,1,44,4,9,13,4,7,17,8,3,8,3,1,16,15
46,27,2,47,7,0,1,2,0,0,0,0,15,0,0,5,10,284,3,41,2,6,10,4,7,17,8,2,7,2,1,16,15
23,25,2,45,7,0,1,2,0,0,0,14,1,0,0,5,10,284,2,40,3,6,10,5,9,16,9,3,7,2,5,16,0
-9,25,2,47,7,0,0,2,0,0,0,13,2,0,0,5,10,284,2,40,4,6,11,4,8,15,8,3,7,2,1,16,15
-1,25,2,53,6,0,0,2,0,0,0,3,12,0,0,5,10,284,0,40,5,6,12,4,9,15,9,3,7,4,2,16,45
-8,25,3,52,7,0,1,2,0,0,0,1,14,0,0,5,10,284,3,37,2,5,10,6,11,15,8,3,6,4,2,16,30
-10,25,3,47,6,0,1,2,0,0,0,1,14,0,0,5,10,284,3,37,2,5,10,5,10,14,7,3,6,3,1,16,15
37,25,4,38,7,0,1,2,0,0,0,4,11,0,0,5,10,284,4,35,1,4,10,5,10,14,7,2,6,3,2,15,0
-7,23,3,45,7,0,1,1,0,0,0,9,6,0,0,5,10,284,2,35,2,5,10,7,10,14,8,2,6,4,5,16,0
51,23,3,36,6,0,1,1,0,0,0,6,9,0,0,5,10,284,2,35,2,5,11,6,9,14,7,2,6,4,2,14,45
23,23,3,42,6,0,1,0,0,0,0,6,9,0,0,5,10,284,2,35,2,5,11,5,8,13,6,1,5,4,2,15,30
-24,23,5,40,7,0,0,0,0,0,0,6,9,0,0,5,10,284,2,34,3,5,11,6,7,15,6,1,4,3,1,15,15
-23,23,5,43,6,0,0,0,0,0,0,4,11,0,0,5,10,284,1,34,3,6,11,5,6,14,6,2,3,2,2,15,45
-27,23,5,43,5,0,0,0,0,0,0,0,15,0,0,5,10,284,1,34,3,6,12,5,7,14,5,2,3,1,2,15,45
-45,23,6,40,4,0,0,0,0,0,0,41,4,0,0,5,10,284,1,34,4,7,12,4,6,14,4,2,3,1,1,15,15
15,22,5,35,4,0,0,0,0,0,1,32,13,0,0,5,10,284,1,32,2,5,10,3,5,13,5,3,3,1,2,14,30
26,22,6,34,3,0,0,0,0,0,1,31,14,0,0,5,10,284,1,32,2,5,10,2,4,13,4,3,3,1,1,14,15
-50,21,6,38,2,0,1,0,0,0,1,17,28,0,0,5,10,284,1,31,3,6,10,2,4,12,4,2,2,1,2,15,0
45,18,5,32,4,0,1,0,0,0,1,3,12,0,0,5,10,284,1,28,3,5,13,3,8,12,6,2,2,0,1,13,15
141,18,5,20,4,0,1,0,0,0,0,1,14,0,0,5,10,284,1,28,3,5,13,2,7,11,5,2,2,0,1,11,45
-24,15,3,36,6,0,1,0,0,0,0,5,10,0,0,5,10,284,1,25,2,4,14,6,9,13,7,4,2,1,2,14,45
72,15,3,26,6,0,0,0,0,0,0,14,1,0,0,5,10,284,1,25,3,5,16,6,8,13,6,3,2,1,2,12,30
14,15,3,30,5,0,0,0,0,0,0,9,6,0,0,5,10,284,0,25,3,6,17,6,7,13,6,3,2,1,1,13,0
2,15,3,33,4,0,1,0,0,0,0,5,10,0,0,5,10,284,1,24,2,5,17,5,6,13,5,2,2,1,1,13,30
22,14,2,26,3,0,1,0,0,0,0,3,12,0,0,5,10,284,0,24,2,5,18,4,5,12,5,3,2,1,2,12,30
21,14,3,30,3,0,1,0,0,0,0,11,4,0,0,5,10,284,1,23,2,7,17,4,5,11,4,3,2,1,1,13,0
18,13,4,23,4,0,0,0,0,0,0,1,14,0,0,5,10,284,1,22,1,7,16,3,4,13,4,3,1,1,2,12,15
47,13,4,23,3,0,0,0,0,0,0,12,3,0,0,5,10,284,1,22,3,9,16,2,3,12,3,2,1,0,2,12,15
20,12,5,22,2,0,0,0,0,0,0,1,14,0,0,5,10,284,0,22,4,10,19,1,4,11,3,1,1,0,3,12,0
-3,11,6,28,4,0,1,0,0,0,0,1,14,0,0,5,10,284,1,18,6,12,16,3,7,14,5,1,1,0,2,12,45
-54,7,4,28,6,0,2,1,0,0,0,6,9,0,0,5,10,284,1,13,5,9,13,6,9,17,9,3,1,0,2,12,45
10,7,4,16,6,0,2,1,0,0,0,6,9,0,0,5,10,284,2,12,4,8,12,5,8,17,8,3,1,0,2,11,15
-13,7,5,18,5,0,2,1,0,0,0,0,15,0,0,5,10,284,2,12,6,9,12,4,7,17,7,2,1,0,2,11,30
22,6,5,20,5,0,2,1,0,0,0,5,10,0,0,5,10,284,2,11,5,8,11,6,9,16,7,2,1,1,1,11,45
-43,5,4,23,7,0,1,1,0,0,1,9,6,0,0,5,10,284,2,8,3,5,8,5,8,18,9,4,1,1,2,12,15
31,5,4,14,6,0,1,1,0,0,1,8,7,0,0,5,10,284,2,8,4,5,8,4,7,17,8,3,1,1,2,11,0
67,4,3,7,6,0,1,1,1,0,1,10,5,0,0,5,10,284,2,6,3,5,6,5,8,17,9,5,1,1,2,10,0
20,3,2,10,5,0,1,1,1,0,1,7,8,0,0,5,10,284,1,6,3,5,6,5,8,16,9,4,1,1,2,10,30
9,3,2,14,4,0,1,1,1,0,1,6,9,0,0,5,10,284,1,6,3,5,6,4,7,15,8,3,1,1,2,11,0
32,1,1,12,4,0,2,2,1,0,1,11,4,0,0,5,10,284,1,3,1,3,3,5,10,14,10,4,1,1,2,10,45
87,1,1,2,4,0,1,2,1,0,1,11,4,0,0,5,10,284,1,3,1,3,3,4,9,13,9,4,1,1,3,9,30
19,1,1,4,4,0,0,2,1,0,1,9,6,0,0,5,10,284,1,3,2,3,3,4,8,12,8,4,0,1,1,9,45
-21,1,1,10,4,0,0,2,1,0,1,3,12,0,0,5,10,284,1,2,2,2,2,6,10,11,8,4,0,0,2,10,30
-26,1,1,16,4,0,0,1,1,0,1,12,3,0,0,5,10,284,0,2,2,2,2,6,10,10,8,5,0,0,2,11,15
-5,1,1,12,5,0,0,1,1,0,0,10,5,0,0,5,10,284,1,1,1,1,1,5,9,9,7,4,0,0,2,10,45
54,1,1,2,5,0,0,1,0,0,0,0,15,0,0,5,10,284,1,1,1,1,1,5,8,8,6,4,0,0,3,9,30
13,0,0,8,5,0,0,1,0,0,0,9,6,0,0,5,10,284,1,0,0,0,0,6,7,7,6,4,0,0,2,10,15
-18,0,0,4,4,0,0,1,0,0,0,6,9,0,0,5,10,284,1,0,0,0,0,5,6,6,5,3,0,0,1,9,45
-55,0,0,18,3,0,0,1,0,0,0,3,12,0,0,5,10,284,1,0,0,0,0,4,5,5,4,2,0,0,2,11,30
12,0,0,4,3,0,0,0,0,0,0,0,13,0,0,5,10,284,0,0,0,0,0,4,4,4,4,2,0,0,1,9,45
-26,0,0,8,2,0,0,0,0,0,0,0,16,0,0,5,10,284,0,0,0,0,0,3,3,3,3,2,0,0,2,10,15
-16,0,0,1,1,0,0,0,0,0,0,0,17,0,0,5,10,284,0,0,0,0,0,2,2,2,2,1,0,0,2,9,15
12,0,0,0,0,0,0,0,0,0,0,0,33,0,1,5,10,284,0,0,0,0,0,1,1,1,1,0,0,0,1,9,0
-11,32,2,48,0,0,0,1,0,0,1,23,22,1,0,4,10,283,2,46,0,3,10,2,2,5,1,1,7,1,1,18,0
18,30,2,47,0,0,0,1,0,0,0,10,5,0,0,4,10,283,0,46,3,6,15,1,3,5,2,1,6,2,1,17,15
22,28,6,45,3,0,0,2,0,0,0,33,12,0,0,4,10,283,1,41,4,9,13,2,4,15,5,2,6,2,1,17,0
-15,28,7,45,3,0,0,1,1,0,0,27,18,0,0,4,10,283,2,40,4,9,13,1,3,14,4,1,5,2,1,17,0
-1,24,4,43,6,0,0,1,1,0,0,8,7,0,0,4,10,283,2,36,5,6,12,2,11,16,7,4,5,5,2,16,30
29,24,4,38,6,0,0,1,1,0,0,3,12,0,0,4,10,283,2,35,4,5,11,1,11,15,7,3,4,5,2,15,30
30,20,2,31,8,0,0,1,1,0,1,2,13,0,0,4,10,283,0,31,1,6,11,10,11,16,12,5,3,4,2,14,45
25,20,3,34,7,0,0,1,1,0,1,2,13,0,0,4,10,283,0,31,1,6,11,9,10,15,11,5,3,3,2,15,0
10,20,3,36,6,0,0,1,1,0,1,0,15,0,0,4,10,283,0,31,1,6,11,8,9,14,10,5,3,3,3,15,15
113,20,4,30,5,0,0,1,1,0,1,9,6,0,0,4,10,283,0,31,3,6,11,8,8,14,9,4,3,3,3,14,30
79,20,4,31,5,0,0,1,0,0,1,4,11,0,0,4,10,283,0,31,3,6,12,7,7,13,8,4,3,3,2,14,45
-24,20,4,38,5,0,0,1,0,0,0,4,11,0,0,4,10,283,0,31,3,6,13,6,6,12,7,4,2,3,2,15,30
-53,20,4,43,5,0,0,0,0,0,0,14,1,0,0,4,10,283,0,31,3,6,13,5,5,11,6,3,1,2,2,16,30
36,20,4,41,4,0,0,0,0,0,0,14,1,0,0,4,10,283,0,31,3,6,13,4,4,10,5,3,1,1,2,15,45
-14,20,5,41,3,0,0,0,0,0,0,14,1,0,0,4,10,283,0,31,4,6,13,3,4,9,4,3,0,1,2,15,45
42,20,5,36,3,0,0,0,0,0,0,3,12,0,0,4,10,283,1,30,5,6,15,2,5,8,3,2,0,0,3,15,15
18,20,6,38,3,0,0,0,0,0,0,11,4,0,0,4,10,283,1,29,4,7,14,1,5,8,3,1,0,0,2,15,30
167,15,5,13,5,0,1,0,0,0,0,14,31,0,0,4,10,283,0,25,3,7,15,5,6,13,7,4,0,0,2,11,15
5,15,5,34,5,0,1,0,0,0,0,11,34,0,0,4,10,283,1,24,2,6,15,4,5,12,6,3,0,0,2,15,0
3,15,5,29,4,0,1,0,0,0,0,9,36,0,0,4,10,283,1,24,2,7,16,3,4,11,5,3,0,0,1,14,15
40,15,5,28,3,0,1,0,0,0,0,3,42,0,0,4,10,283,1,24,4,9,16,2,4,11,4,2,0,0,1,13,30
60,14,5,25,5,0,0,0,0,0,0,11,4,0,0,4,10,283,2,22,2,7,14,2,3,10,4,3,0,0,1,13,0
-17,12,4,31,5,0,0,0,1,0,0,13,2,0,0,4,10,283,2,20,5,8,12,2,5,12,5,2,0,0,2,14,45
53,10,5,21,9,0,0,0,1,0,0,3,12,0,0,4,10,283,5,15,2,7,8,4,7,14,6,4,0,0,2,12,30
29,9,5,25,8,0,0,0,1,0,0,1,14,0,0,4,10,283,3,15,5,7,8,6,7,14,7,4,0,0,1,13,0
39,8,5,19,9,0,0,0,1,0,0,8,7,0,0,4,10,283,4,13,5,5,7,5,6,14,7,3,0,0,2,12,15
29,8,5,27,8,0,0,0,1,0,0,7,8,0,0,4,10,283,4,13,5,5,7,4,5,13,6,2,0,0,1,13,15
-29,7,4,23,8,0,0,0,2,0,0,9,6,0,0,4,10,283,4,11,3,3,6,4,8,12,7,3,0,0,2,12,45
22,7,4,23,7,0,0,0,2,0,0,7,8,0,0,4,10,283,4,11,3,3,7,3,7,11,6,3,0,0,2,12,45
79,7,4,14,7,0,0,0,1,0,0,4,11,0,0,4,10,283,4,11,3,3,8,2,7,11,5,3,0,0,2,11,30
29,5,3,18,8,0,0,0,2,0,0,3,12,0,0,4,10,283,4,8,0,1,5,3,7,12,7,3,0,0,2,12,0
11,3,2,16,7,0,0,0,2,0,0,5,10,0,0,4,10,283,2,8,1,2,8,6,8,13,8,4,0,0,1,11,45
-41,3,2,21,6,0,0,0,2,0,0,5,10,0,0,4,10,283,2,8,1,2,8,5,7,12,7,3,0,0,2,12,30
39,3,2,12,5,0,0,0,2,0,0,0,15,0,0,4,10,283,2,8,1,3,8,4,6,11,6,3,0,0,1,11,0
15,3,2,14,5,0,0,0,1,0,0,13,2,0,0,4,10,283,2,8,1,3,8,4,5,10,5,3,0,0,2,11,30
57,3,2,7,5,0,0,0,0,0,0,6,9,0,0,4,10,283,2,8,1,5,8,3,5,9,4,2,0,0,3,10,30
25,3,2,16,5,0,0,0,0,0,0,14,1,0,0,4,10,283,3,7,1,4,7,3,4,9,3,1,0,0,1,11,45
-15,2,1,19,4,0,0,0,0,0,0,14,1,0,0,4,10,283,2,7,2,4,7,2,5,10,3,1,0,0,2,12,15
24,1,0,9,3,0,0,0,0,0,0,1,14,0,0,4,10,283,1,7,4,5,7,2,6,10,3,0,0,0,1,10,45
13,1,1,7,4,0,1,1,0,0,0,6,9,0,0,4,10,283,3,3,1,3,3,4,5,9,4,1,0,0,3,10,30
8,1,1,5,3,0,1,1,0,0,0,10,5,0,0,4,10,283,3,3,2,3,3,4,5,9,3,1,0,0,2,10,15
-15,1,1,5,2,0,1,1,0,0,0,10,5,0,0,4,10,283,3,3,2,3,3,3,4,8,2,1,0,0,2,10,15
-8,1,1,3,2,0,0,1,0,0,1,25,5,0,0,4,10,283,2,2,2,2,2,2,6,7,3,2,0,0,1,9,45
-7,1,1,4,1,0,0,1,0,0,1,18,12,0,0,4,10,283,2,2,2,2,2,1,5,6,2,1,0,0,2,10,0
-22,0,0,1,1,0,0,1,0,0,2,0,12,0,0,4,10,283,0,0,0,0,0,4,5,5,5,4,0,0,1,9,30
-27,0,0,1,0,0,0,1,0,0,2,0,29,0,0,4,10,283,0,0,0,0,0,3,4,4,4,4,0,0,1,9,30
1,0,0,0,0,0,0,1,0,0,1,0,30,0,1,4,10,283,0,0,0,0,0,2,3,3,3,3,0,0,2,9,0
-67,0,0,9,0,0,0,0,0,0,1,0,34,0,0,4,10,283,0,0,0,0,0,1,2,2,2,2,0,0,1,10,45
-89,0,0,9,0,0,0,0,0,0,0,0,71,0,0,4,10,283,0,0,0,0,0,1,1,1,1,1,0,0,1,10,45
57,32,5,55,1,0,1,1,0,0,0,1,14,0,0,3,10,282,2,54,2,7,16,1,2,11,2,0,3,1,1,17,15
6,28,4,53,5,0,0,2,0,0,0,1,14,0,0,3,10,282,2,49,3,10,14,3,7,13,6,2,3,1,2,17,0
5,27,5,57,6,0,1,2,0,0,0,13,2,1,0,3,10,282,2,46,2,8,11,6,10,15,8,2,3,2,1,17,30
-27,26,4,55,5,0,1,2,0,0,0,6,9,0,0,3,10,282,0,46,5,9,12,5,10,15,9,4,2,2,1,17,15
11,26,5,53,4,0,1,2,0,0,0,1,14,0,0,3,10,282,0,46,7,9,12,4,9,15,8,3,2,1,2,17,0
9,26,5,45,5,0,0,2,0,0,0,13,2,0,0,3,10,282,1,45,6,8,11,5,8,14,7,3,2,1,2,16,0
-11,26,5,49,4,0,0,2,0,0,0,12,3,0,0,3,10,282,1,45,6,8,11,4,7,13,6,2,2,1,2,16,30
-18,26,5,51,3,0,0,2,0,0,0,11,4,0,0,3,10,282,1,45,6,8,11,3,6,12,5,2,2,1,2,16,45
7,24,3,47,9,0,0,1,0,0,0,1,14,0,0,3,10,282,4,39,2,4,7,5,6,15,7,2,1,1,2,16,15
8,24,3,49,8,0,0,1,0,0,0,14,1,0,0,3,10,282,4,39,2,4,7,4,5,14,6,2,1,0,2,16,30
-23,23,2,45,7,0,0,1,0,0,0,4,11,0,0,3,10,282,2,39,2,4,7,4,7,13,7,2,1,0,2,16,0
-38,22,1,51,8,0,0,0,0,0,0,14,1,0,0,3,10,282,2,38,1,3,7,3,6,13,7,2,1,0,2,16,45
20,22,1,47,7,0,0,0,0,0,0,11,4,0,0,3,10,282,2,38,2,3,7,2,6,12,6,1,1,0,2,16,15
33,21,0,34,6,0,0,1,0,0,0,8,7,0,0,3,10,282,1,37,2,3,9,3,8,11,7,3,1,0,2,14,45
28,21,2,36,6,0,1,1,0,0,0,11,4,0,0,3,10,282,1,35,1,3,11,5,9,12,8,3,1,1,3,15,0
11,21,2,41,5,0,1,1,0,0,0,10,5,0,0,3,10,282,1,35,1,3,11,4,8,11,7,3,1,1,2,15,30
32,21,2,38,4,0,1,1,0,0,0,5,10,0,0,3,10,282,1,35,1,3,11,5,7,11,6,3,1,1,2,15,15
-30,21,3,36,3,0,1,1,0,0,0,42,3,0,0,3,10,282,1,35,3,4,13,4,7,10,5,3,1,1,3,15,0
-38,21,3,43,3,0,1,1,0,0,0,33,12,0,0,3,10,282,1,34,2,5,13,5,6,9,5,3,1,1,2,15,45
-6,21,4,34,3,0,1,0,0,0,0,25,20,0,0,3,10,282,1,34,2,6,14,4,5,10,4,2,1,1,2,14,45
50,21,4,32,2,0,1,0,0,0,0,25,20,0,0,3,10,282,1,34,2,6,14,3,4,9,3,1,1,1,1,14,15
-24,20,5,33,4,0,0,0,0,0,0,8,37,0,0,3,10,282,2,32,3,7,14,3,4,11,3,1,1,1,2,14,30
-7,20,6,41,3,0,0,0,0,0,0,6,39,0,0,3,10,282,2,32,3,7,15,2,3,10,2,1,0,1,2,15,30
28,18,6,28,3,0,0,0,0,0,0,3,12,0,0,3,10,282,1,31,5,8,16,1,4,12,3,1,0,0,1,13,0
-22,15,6,31,5,0,0,2,1,0,0,14,1,0,0,3,10,282,3,25,3,7,15,3,6,16,6,3,0,0,1,13,30
17,13,6,25,5,0,0,2,1,0,0,13,2,0,0,3,10,282,2,24,4,7,16,3,7,15,7,5,0,0,2,12,30
33,12,6,26,4,0,0,2,1,0,0,5,10,0,0,3,10,282,1,24,5,9,18,4,9,17,7,5,0,0,2,12,45
27,11,5,30,5,0,0,3,2,0,0,1,14,0,0,3,10,282,2,20,3,8,16,5,11,18,9,6,0,0,1,13,15
4,11,5,26,4,0,0,3,2,0,0,11,4,0,0,3,10,282,2,20,4,8,16,4,11,17,8,5,0,0,2,12,45
-44,10,4,28,3,0,0,3,2,0,0,7,8,0,0,3,10,282,1,20,5,8,16,5,10,16,8,5,0,0,1,13,0
36,9,4,21,5,0,0,3,1,0,0,14,1,0,0,3,10,282,2,18,4,8,15,7,10,16,8,4,0,0,2,12,0
57,8,3,21,5,0,0,2,1,0,0,10,5,0,0,3,10,282,1,18,4,8,15,7,9,16,8,3,0,0,2,12,0
30,6,3,16,7,0,0,2,1,0,0,10,5,0,0,3,10,282,2,15,3,8,14,7,11,17,9,3,0,0,2,11,15
22,6,3,20,6,0,0,2,1,0,0,8,7,0,0,3,10,282,2,15,3,8,14,6,10,17,8,3,0,0,2,11,45
8,6,3,23,5,0,0,2,1,0,0,7,8,0,0,3,10,282,2,15,3,9,14,6,9,16,7,3,0,0,1,12,15
94,6,3,14,5,0,0,1,1,0,0,2,13,0,0,3,10,282,2,15,5,9,14,5,8,15,6,2,0,0,2,11,0
58,6,3,12,5,0,0,1,1,0,0,14,1,0,0,3,10,282,3,14,4,9,14,4,7,14,5,1,0,0,2,10,45
-191,6,3,38,5,0,0,1,0,0,0,13,2,0,0,3,10,282,1,14,4,9,14,3,7,13,6,1,0,0,2,15,15
2,6,3,18,5,0,0,1,1,0,0,14,1,0,0,3,10,282,2,12,4,8,12,2,7,13,6,2,0,0,1,11,30
23,6,4,18,5,0,0,0,1,0,0,7,8,0,0,3,10,282,1,12,6,8,12,4,6,12,6,3,0,0,1,11,30
-62,3,2,23,6,0,0,0,2,0,1,13,2,0,0,3,10,282,2,8,4,6,8,5,8,16,8,5,0,0,1,12,15
-255,3,2,38,5,0,0,0,2,0,1,12,3,0,0,3,10,282,2,8,4,6,8,4,8,15,7,5,0,0,2,15,15
11,3,2,16,4,0,0,0,2,0,1,11,4,0,0,3,10,282,2,8,4,7,8,3,7,14,6,4,0,0,2,11,15
-8,3,3,14,6,0,0,1,1,0,1,13,2,0,0,3,10,282,3,5,2,5,5,3,7,14,7,4,0,0,2,11,0
16,3,3,10,5,0,0,1,1,0,1,7,8,0,0,3,10,282,3,5,3,5,5,3,7,14,6,3,0,0,2,10,30
30,2,2,6,7,0,0,1,0,0,1,5,10,0,0,3,10,282,2,3,2,3,3,5,7,13,8,5,0,0,2,10,0
-271,2,2,43,6,0,0,1,0,0,1,11,4,0,0,3,10,282,2,3,3,3,3,4,9,12,7,4,0,0,2,15,45
-1,1,1,8,5,0,0,2,0,0,1,3,12,0,0,3,10,282,1,2,2,2,2,4,9,11,8,4,0,0,2,10,15
3,1,1,10,4,0,0,2,0,0,1,12,3,0,0,3,10,282,1,2,2,2,2,3,8,10,7,3,0,0,2,10,30
10,1,1,4,4,0,0,2,0,0,1,9,6,0,0,3,10,282,2,1,1,1,1,2,7,9,6,2,0,0,2,9,45
-16,0,0,8,4,0,0,1,1,0,1,11,4,0,0,3,10,282,1,0,0,0,0,5,7,8,7,2,0,0,2,10,15
18,0,0,0,3,0,0,1,1,0,1,0,9,0,1,3,10,282,0,0,0,0,0,5,7,7,7,2,0,0,1,9,0
7,0,0,2,2,0,0,1,1,0,1,0,12,0,0,3,10,282,0,0,0,0,0,5,6,6,6,2,0,0,2,9,30
-8,0,0,2,2,0,0,0,1,0,1,0,17,0,0,3,10,282,0,0,0,0,0,4,5,5,5,2,0,0,2,9,30
-22,0,0,12,2,0,0,0,1,0,0,0,18,0,0,3,10,282,0,0,0,0,0,3,4,4,4,2,0,0,2,10,45
-8,0,0,4,1,0,0,0,1,0,0,0,26,0,0,3,10,282,0,0,0,0,0,3,3,3,3,2,0,0,2,9,45
-3,0,0,6,0,0,0,0,1,0,0,0,40,0,0,3,10,282,0,0,0,0,0,2,2,2,2,2,0,0,2,10,0
-14,0,0,1,0,0,0,0,0,0,0,0,50,0,0,3,10,282,0,0,0,0,0,1,1,1,1,1,0,0,2,9,15
76,24,3,44,2,0,0,2,0,0,0,3,12,0,0,6,10,278,1,46,2,5,13,1,5,10,4,1,6,3,2,16,30
18,21,3,49,3,0,0,3,0,0,0,2,13,0,0,6,10,278,1,43,4,9,11,5,8,13,6,3,5,3,1,17,15
-18,21,3,50,3,0,0,2,0,0,0,1,14,1,0,6,10,278,1,43,4,9,11,4,7,12,5,3,5,2,1,17,30
44,21,3,42,2,0,0,2,0,0,0,0,15,0,0,6,10,278,1,43,4,9,11,3,6,11,4,3,4,2,2,16,15
14,21,3,42,2,0,0,1,0,0,0,8,7,0,0,6,10,278,1,43,5,10,11,2,6,11,3,2,3,1,2,16,15
59,20,4,36,3,0,0,1,0,0,2,5,10,0,0,6,10,278,2,39,4,6,9,4,6,12,5,4,3,0,2,15,30
41,20,4,44,4,0,0,1,0,0,2,8,7,0,0,6,10,278,3,37,4,5,9,4,5,12,5,4,3,0,2,16,30
0,20,4,40,6,0,0,1,0,0,1,3,12,0,0,6,10,278,5,35,2,3,7,3,4,12,4,3,3,0,2,16,0
-53,19,3,46,6,0,0,1,0,0,0,12,3,0,0,6,10,278,4,35,2,3,8,3,3,11,4,3,3,0,1,16,45
-1,18,2,40,6,0,0,1,0,0,0,12,3,0,0,6,10,278,3,34,2,2,9,2,6,11,5,3,3,1,2,16,0
6,17,1,32,5,0,1,1,0,0,0,12,3,0,0,6,10,278,3,33,1,3,10,1,7,10,5,2,3,1,2,15,0
-154,16,2,48,5,0,1,1,0,0,0,10,5,0,0,6,10,278,1,32,2,5,13,6,8,10,7,2,2,1,1,17,0
24,16,2,29,4,0,1,1,0,0,0,7,8,0,0,6,10,278,1,32,2,5,13,5,7,10,6,2,2,0,2,14,30
-6,16,2,38,4,0,1,0,0,0,0,3,12,0,0,6,10,278,0,32,2,6,14,4,6,9,6,2,2,0,2,15,45
33,16,4,32,3,0,1,0,0,0,0,43,2,0,0,6,10,278,0,32,3,7,14,3,6,9,5,1,2,0,2,15,0
-26,16,6,30,3,0,2,0,0,0,0,31,14,0,0,6,10,278,2,30,2,7,15,4,5,11,4,1,2,0,2,14,45
-11,16,6,36,2,0,2,0,0,0,0,30,15,0,0,6,10,278,2,30,2,7,15,3,4,11,3,1,2,0,2,15,30
33,15,6,30,2,0,2,0,0,0,0,12,33,0,0,6,10,278,1,29,4,9,15,3,4,12,4,2,2,0,2,14,45
-114,15,6,46,3,0,1,0,0,0,0,7,38,0,0,6,10,278,2,28,3,9,15,2,3,11,3,1,2,0,1,16,45
-26,12,4,28,4,0,0,1,0,0,0,2,13,0,0,6,10,278,1,26,4,8,15,1,4,13,5,2,2,1,1,14,15
23,10,3,23,6,0,0,1,0,0,1,0,15,0,0,6,10,278,1,22,4,8,14,3,9,12,8,3,2,2,1,12,45
-149,9,3,34,7,0,1,2,0,0,0,10,5,0,0,6,10,278,1,19,4,7,14,7,10,14,10,4,1,2,2,15,15
23,8,3,27,7,0,1,2,0,0,0,3,12,0,0,6,10,278,1,18,4,7,13,6,10,13,10,4,1,1,1,13,30
35,8,3,21,6,0,1,2,0,0,0,11,4,0,0,6,10,278,1,18,4,8,13,6,9,13,9,4,1,1,2,12,30
-167,8,3,38,7,0,1,2,0,0,0,8,7,0,0,6,10,278,2,16,3,6,13,5,8,14,9,5,1,1,2,15,45
18,8,4,25,7,0,1,2,0,0,0,5,10,0,0,6,10,278,3,15,2,5,12,4,7,14,8,4,1,1,1,13,0
13,8,5,26,6,0,1,2,0,0,0,1,14,0,0,6,10,278,3,15,3,5,12,3,6,14,7,4,1,1,1,13,15
-156,7,4,34,6,0,0,2,0,0,0,11,4,0,0,6,10,278,2,15,3,5,12,2,5,13,7,5,0,1,2,15,15
3,7,4,19,6,0,0,2,0,0,0,2,13,0,0,6,10,278,3,14,3,5,11,4,4,13,6,5,0,0,2,12,15
14,6,5,16,6,0,1,2,0,0,0,11,4,0,0,6,10,278,4,12,2,7,10,3,6,14,6,4,0,0,1,11,45
33,6,5,23,6,0,1,1,0,0,0,10,5,0,0,6,10,278,4,12,3,7,10,2,5,13,5,3,0,0,1,12,45
42,5,4,18,5,0,1,1,0,0,0,9,6,0,0,6,10,278,3,12,3,7,10,1,4,12,5,2,0,0,2,12,0
-4,3,3,19,6,0,1,3,0,0,0,13,2,0,0,6,10,278,4,8,3,6,8,4,11,16,7,4,0,0,2,12,15
-3,3,3,21,6,0,1,2,0,0,0,12,3,0,0,6,10,278,4,8,3,6,8,3,10,15,6,3,0,0,2,12,30
-12,3,3,14,7,0,0,2,0,0,0,7,8,0,0,6,10,278,5,7,4,5,7,4,9,14,5,2,0,0,2,11,30
13,0,0,6,8,0,0,2,0,0,0,0,15,0,0,6,10,278,2,5,3,3,5,7,11,15,9,4,0,0,2,10,15
19,0,0,13,7,0,0,2,0,0,0,10,5,0,0,6,10,278,2,5,3,4,5,7,10,14,8,4,0,0,2,11,15
-3,0,0,8,7,0,0,2,0,0,1,8,7,0,0,6,10,278,3,3,1,2,3,6,10,13,8,5,0,0,1,10,30
69,0,0,6,6,0,0,2,0,0,1,5,10,0,0,6,10,278,3,3,1,2,3,5,9,12,7,4,0,0,2,10,15
4,0,0,11,5,0,0,2,0,0,1,2,13,0,0,6,10,278,3,3,1,2,3,4,8,11,6,4,0,0,1,11,0
-54,0,0,14,4,0,0,2,0,0,1,7,8,0,0,6,10,278,1,3,1,3,3,3,7,10,7,3,0,0,2,11,30
-3,0,0,4,4,0,0,3,0,0,0,0,15,0,0,6,10,278,2,2,0,2,2,5,7,10,6,3,0,0,2,10,0
-50,0,0,11,3,0,0,3,0,0,0,14,1,0,0,6,10,278,2,2,0,2,2,4,6,9,5,3,0,0,1,11,0
95,0,0,1,3,0,0,2,0,0,0,7,8,0,0,6,10,278,2,2,2,2,2,4,7,8,4,2,0,0,1,9,30
6,0,0,8,2,0,0,2,0,0,0,2,13,0,0,6,10,278,2,2,2,2,2,3,6,7,3,1,0,0,1,10,30
31,0,0,3,1,0,0,2,0,0,0,1,14,0,0,6,10,278,1,2,2,2,2,3,5,6,3,2,0,0,2,9,45
-88,0,0,10,1,0,0,1,0,0,1,0,6,0,0,6,10,278,1,1,1,1,1,2,4,5,3,1,0,0,2,10,45
-6,0,0,4,1,0,0,1,0,0,1,0,28,0,0,6,10,278,0,0,0,0,0,3,3,4,4,1,0,0,2,10,0
-14,0,0,1,1,0,0,0,0,0,1,0,38,0,0,6,10,278,0,0,0,0,0,2,3,3,3,1,0,0,1,9,30
-22,0,0,0,0,0,0,0,0,0,1,0,42,0,1,6,10,278,0,0,0,0,0,1,2,2,2,1,0,0,2,9,15
-166,0,0,16,0,0,0,0,0,0,0,0,89,0,0,6,10,278,0,0,0,0,0,1,1,1,1,1,0,0,1,11,45
18,21,4,41,3,0,0,2,0,0,0,8,7,0,0,5,10,277,1,39,2,5,10,3,5,9,5,2,5,2,1,17,0
67,21,4,39,3,0,0,1,0,0,0,7,8,0,0,5,10,277,1,39,2,5,10,2,4,8,4,2,5,1,2,16,45
5,20,3,43,2,0,0,1,0,0,0,2,13,0,0,5,10,277,0,39,2,5,10,1,3,7,4,2,4,1,1,17,15
9,18,1,44,5,0,0,0,0,0,0,4,11,1,0,5,10,277,0,36,3,4,10,2,5,9,6,1,4,0,1,17,30
20,18,1,38,4,0,0,0,1,0,0,13,2,0,0,5,10,277,1,35,2,5,9,1,5,11,5,0,4,0,2,16,30
1,17,1,41,3,0,1,1,1,0,0,11,4,0,0,5,10,277,1,33,4,5,8,4,5,12,6,1,4,1,1,17,0
-12,17,1,39,2,0,1,1,1,0,0,7,8,0,0,5,10,277,1,33,4,6,9,3,5,11,5,1,4,1,2,16,45
10,17,1,37,1,0,1,1,1,0,0,0,15,0,0,5,10,277,0,33,4,7,10,2,4,10,5,1,4,1,1,16,15
56,17,1,29,3,0,1,1,0,0,0,14,1,0,0,5,10,277,2,31,3,5,10,2,6,12,4,1,4,3,2,15,0
55,16,1,31,5,0,1,1,0,0,0,3,12,0,0,5,10,277,1,28,2,3,11,3,8,12,7,1,3,3,1,15,15
3,16,1,27,4,0,1,1,0,0,0,56,4,0,0,5,10,277,1,28,2,3,12,5,7,11,6,1,3,2,2,14,45
-24,16,2,34,5,0,2,0,0,0,0,42,18,0,0,5,10,277,2,26,1,3,12,5,7,12,6,2,2,2,1,15,45
-51,16,2,31,4,0,2,0,0,0,0,31,29,0,0,5,10,277,1,26,1,5,14,5,8,15,6,2,1,1,1,15,15
-3,16,2,27,3,0,2,0,0,0,0,30,30,0,0,5,10,277,1,26,1,5,14,4,7,14,5,1,1,0,2,14,45
-25,16,2,36,3,0,1,0,0,0,0,29,31,0,0,5,10,277,1,26,1,5,15,3,6,13,4,1,1,0,1,16,0
-93,16,4,34,4,0,0,0,0,0,0,15,45,0,0,5,10,277,1,25,2,5,14,2,6,13,4,1,1,0,1,15,45
-3,15,4,29,3,0,0,0,0,0,0,7,53,0,0,5,10,277,0,25,3,8,15,3,5,12,4,1,1,0,2,15,0
-46,14,4,33,4,0,0,0,0,0,0,13,2,0,0,5,10,277,1,23,3,9,15,4,6,15,4,1,1,0,2,15,30
40,14,5,22,4,0,0,0,0,0,0,9,6,0,0,5,10,277,1,22,4,9,15,3,7,14,4,2,1,0,1,13,0
-42,14,6,26,4,0,0,0,0,0,0,3,12,0,0,5,10,277,2,21,5,8,14,2,8,13,3,2,1,1,2,14,30
-18,12,4,25,3,0,0,0,0,0,0,10,5,0,0,5,10,277,0,21,5,10,15,1,7,12,4,2,1,1,1,13,30
26,10,4,19,8,0,0,0,0,0,0,8,7,0,0,5,10,277,2,15,4,6,11,6,9,14,7,3,1,1,1,12,30
12,10,5,19,8,0,0,0,0,0,0,1,14,0,0,5,10,277,3,14,3,6,11,6,10,16,6,3,1,1,1,12,30
43,10,5,17,7,0,0,0,0,0,0,12,3,0,0,5,10,277,3,14,3,7,12,5,9,15,5,3,1,1,2,12,15
14,9,4,22,6,0,0,0,0,0,0,11,4,0,0,5,10,277,2,14,3,7,12,4,8,14,5,4,1,1,1,13,0
-40,9,4,24,6,0,0,0,0,0,0,7,8,0,0,5,10,277,3,13,3,6,11,3,7,13,4,3,1,1,1,13,15
-16,9,4,21,5,0,0,0,0,0,0,3,12,0,0,5,10,277,3,13,3,6,11,2,6,12,3,2,0,1,2,12,45
56,7,4,12,5,0,1,0,0,0,0,4,11,0,0,5,10,277,2,11,3,6,10,3,6,12,5,5,0,0,1,11,30
-1,6,5,15,5,0,1,0,0,0,0,2,13,0,0,5,10,277,2,10,3,6,9,4,7,12,5,4,0,0,2,12,0
3,6,5,15,4,0,1,0,0,0,0,10,5,0,0,5,10,277,2,10,4,6,9,3,6,11,4,3,0,0,2,12,0
31,5,5,10,5,0,1,0,0,0,0,3,12,0,0,5,10,277,2,8,3,5,7,4,7,12,5,3,0,0,2,11,15
-56,5,5,17,5,0,0,0,0,0,0,1,14,0,0,5,10,277,2,8,3,5,7,3,7,11,4,3,0,0,2,12,15
26,3,3,14,5,0,1,0,0,0,0,8,7,0,0,5,10,277,1,6,2,5,6,3,7,10,6,5,0,0,2,11,45
3,3,3,8,5,0,0,0,0,0,1,4,11,0,0,5,10,277,2,5,2,4,5,4,6,9,5,4,0,0,2,11,0
20,1,1,12,5,0,0,0,0,0,1,3,12,0,0,5,10,277,1,4,2,3,4,4,6,8,6,4,0,0,1,11,30
-4,0,0,10,4,0,0,0,0,0,1,6,9,0,0,5,10,277,0,4,3,3,4,4,6,10,6,3,0,0,2,11,15
40,0,0,3,3,0,0,0,0,0,1,6,9,0,0,5,10,277,0,4,3,3,4,3,5,9,5,3,0,0,1,10,15
21,0,0,8,2,0,0,1,0,0,1,1,14,0,0,5,10,277,1,3,2,2,3,2,5,8,4,2,0,0,2,11,0
-3,0,0,3,2,0,1,0,0,0,1,12,3,0,0,5,10,277,0,2,1,2,2,2,4,7,5,3,0,0,1,10,15
0,0,0,6,2,0,1,1,0,0,0,0,8,0,0,5,10,277,0,1,1,1,1,3,3,6,5,3,0,0,2,10,45
13,0,0,5,1,0,1,1,0,0,0,0,20,0,0,5,10,277,0,1,1,1,1,2,5,5,4,3,0,0,2,10,30
-1,0,0,1,1,0,0,1,0,0,0,0,24,0,0,5,10,277,0,1,1,1,1,1,4,4,3,2,0,0,2,10,0
-104,0,0,6,1,0,0,1,0,0,0,0,75,0,0,5,10,277,0,0,0,0,0,3,3,3,3,1,0,0,2,10,45
24,0,0,1,0,0,0,1,0,0,0,0,77,0,0,5,10,277,0,0,0,0,0,2,2,2,2,1,0,0,2,10,0
-1,0,0,0,0,0,0,0,0,0,0,0,79,0,1,5,10,277,0,0,0,0,0,1,1,1,1,1,0,0,2,9,45
12,29,2,52,1,0,0,0,0,0,0,16,14,1,0,4,10,276,1,51,1,5,16,1,1,6,1,1,5,0,1,17,30
-16,25,3,51,6,0,1,0,0,0,0,8,7,0,0,4,10,276,2,44,3,11,15,5,6,15,6,4,5,0,1,17,0
15,24,2,45,7,0,0,2,0,0,0,4,11,0,0,4,10,276,3,41,6,9,13,4,5,15,7,3,5,0,1,16,0
1,24,3,49,6,0,0,2,0,0,0,14,1,0,0,4,10,276,3,41,8,9,13,4,5,14,6,3,5,0,1,16,45
-5,24,3,48,5,0,0,2,0,0,0,13,2,0,0,4,10,276,3,41,8,9,13,3,4,14,5,3,5,0,2,16,30
15,24,3,47,4,0,0,2,0,0,0,12,3,0,0,4,10,276,3,41,8,9,13,2,4,14,4,2,5,1,1,16,15
37,22,2,41,7,0,0,2,2,0,1,0,15,0,0,4,10,276,5,34,2,4,8,2,7,14,8,4,5,3,2,15,30
86,21,1,34,8,0,0,2,2,0,1,1,14,0,0,4,10,276,4,32,1,4,8,6,10,15,10,7,5,3,2,14,45
-4,21,2,45,7,0,0,2,2,0,1,12,3,0,0,4,10,276,3,32,2,4,9,6,11,14,10,6,4,3,1,16,0
-5,21,2,38,8,0,0,2,1,0,1,8,7,0,0,4,10,276,4,31,2,3,8,7,10,13,9,6,4,2,2,15,15
-4,21,2,43,8,0,0,1,1,0,1,4,11,0,0,4,10,276,3,31,2,3,9,6,9,12,9,6,3,2,2,15,45
11,21,2,41,8,0,0,0,1,0,1,59,1,0,0,4,10,276,3,31,2,4,10,5,8,11,8,6,2,1,2,15,30
-17,20,3,36,7,0,0,0,1,0,1,54,6,0,0,4,10,276,2,31,3,4,10,5,8,10,8,6,2,0,3,15,0
-40,20,4,38,7,0,0,1,1,0,0,44,16,0,0,4,10,276,3,30,2,4,10,4,7,10,7,6,2,0,2,15,15
-81,20,4,49,6,0,0,1,1,0,0,42,18,0,0,4,10,276,3,30,2,5,10,5,6,9,6,5,2,0,1,16,45
58,20,4,33,6,0,0,1,1,0,0,39,21,0,0,4,10,276,4,29,1,4,9,4,5,8,5,4,2,0,2,14,30
-10,20,4,43,5,0,0,1,1,0,0,27,33,0,0,4,10,276,3,29,2,5,11,4,5,7,5,4,2,0,2,15,45
-62,20,5,36,6,0,0,0,1,0,0,13,47,0,0,4,10,276,4,28,3,4,11,3,5,8,4,3,2,0,3,15,0
-18,19,4,38,5,0,0,0,1,0,0,12,48,0,0,4,10,276,3,28,3,5,12,2,4,8,4,2,2,0,2,15,15
1,19,5,34,5,0,0,0,1,0,0,14,1,0,0,4,10,276,4,27,2,6,12,2,3,9,3,1,2,0,2,14,45
55,16,5,32,5,0,0,1,1,0,0,3,12,0,0,4,10,276,3,25,3,5,13,2,3,11,5,1,2,0,1,13,30
42,16,5,29,5,0,0,1,1,0,0,4,11,0,0,4,10,276,3,24,4,6,12,1,2,14,5,1,2,0,1,13,0
57,13,5,25,5,0,2,1,2,0,0,0,15,0,0,4,10,276,3,20,3,7,14,2,8,18,8,2,2,1,2,12,30
30,11,6,23,8,0,2,0,2,0,0,1,14,0,0,4,10,276,2,17,4,6,14,7,14,20,11,3,2,2,2,12,15
40,11,6,27,7,0,2,0,2,0,0,14,1,0,0,4,10,276,2,17,4,6,14,6,13,19,10,3,2,2,2,12,45
-20,11,6,31,8,0,2,0,1,0,0,13,2,0,0,4,10,276,3,16,3,5,13,5,12,19,9,3,2,2,1,13,15
35,10,5,17,8,0,1,0,1,0,0,7,8,0,0,4,10,276,1,16,4,5,13,5,11,18,10,4,1,2,2,11,30
15,10,5,29,7,0,1,0,1,0,0,6,9,0,0,4,10,276,1,16,4,5,13,4,11,17,9,4,1,1,1,13,0
59,8,5,15,10,0,1,0,0,0,0,2,13,0,0,4,10,276,2,13,2,7,11,9,12,18,10,4,1,1,2,11,15
-13,8,5,21,9,0,1,0,0,0,0,1,14,0,0,4,10,276,2,13,2,7,11,8,11,17,9,4,1,1,2,12,0
26,7,4,21,9,0,1,0,0,0,0,11,4,0,0,4,10,276,2,12,1,6,10,7,10,16,9,5,1,1,2,12,0
0,7,4,25,8,0,1,0,0,0,0,3,12,0,0,4,10,276,2,12,1,7,12,7,11,15,8,4,1,1,2,12,30
-7,6,3,27,8,0,0,0,0,0,0,11,4,0,0,4,10,276,1,12,4,7,12,7,10,16,8,5,0,1,2,12,45
-18,6,3,23,7,0,0,0,0,0,0,10,5,0,0,4,10,276,1,12,4,7,12,6,9,15,7,5,0,0,2,12,15
9,5,2,17,6,0,0,0,0,0,0,7,8,0,0,4,10,276,0,12,4,7,12,5,8,14,7,4,0,0,2,11,30
-3,5,3,19,5,0,0,0,0,0,0,4,11,0,0,4,10,276,0,12,5,9,12,5,7,14,6,4,0,0,2,11,45
42,5,3,11,5,0,0,0,0,0,0,3,12,0,0,4,10,276,1,11,5,8,11,4,7,13,5,3,0,0,2,10,45
10,5,3,15,4,0,0,0,0,0,0,6,9,0,0,4,10,276,0,11,6,8,11,4,7,13,5,2,0,0,2,11,15
-21,5,4,13,5,0,0,0,0,0,1,12,3,0,0,4,10,276,3,8,3,5,8,4,6,14,4,2,0,0,2,11,0
8,5,4,11,4,0,0,0,0,0,1,4,11,0,0,4,10,276,3,8,4,6,8,3,7,13,3,2,0,0,2,10,45
13,3,3,13,5,0,0,0,0,0,1,11,4,0,0,4,10,276,2,6,3,4,6,4,6,13,5,4,0,0,2,11,0
28,3,3,9,4,0,0,0,0,0,2,5,10,0,0,4,10,276,3,5,2,4,5,3,5,12,4,3,0,0,2,10,30
-93,2,2,19,4,0,0,0,1,0,2,3,12,0,0,4,10,276,3,3,1,3,3,4,7,11,5,2,0,0,2,11,45
3,2,2,7,4,0,0,0,1,0,1,13,2,0,0,4,10,276,3,3,1,3,3,3,7,10,4,2,0,0,2,10,15
-16,1,1,7,4,0,0,0,1,0,1,9,6,0,0,4,10,276,2,2,2,2,2,4,8,9,5,2,0,0,2,10,15
-10,1,1,4,3,0,0,0,1,0,1,5,10,0,0,4,10,276,2,2,2,2,2,3,7,8,4,2,0,0,1,9,45
2,0,0,1,4,0,0,0,1,0,1,1,14,0,0,4,10,276,1,0,0,0,0,4,7,7,6,4,0,0,2,9,15
-73,0,0,9,3,0,0,0,1,0,1,0,3,0,0,4,10,276,1,0,0,0,0,5,6,6,5,3,0,0,2,10,30
49,0,0,2,2,0,0,0,1,0,1,0,11,0,0,4,10,276,0,0,0,0,0,4,5,5,5,3,0,0,2,9,30
-56,0,0,6,1,0,0,0,1,0,1,0,16,0,0,4,10,276,0,0,0,0,0,3,4,4,4,2,0,0,2,10,0
-53,0,0,4,0,0,0,0,1,0,1,0,29,0,0,4,10,276,0,0,0,0,0,3,3,3,3,2,0,0,1,9,45
31,0,0,0,0,0,0,0,0,0,1,0,30,0,1,4,10,276,0,0,0,0,0,2,2,2,2,1,0,0,1,9,0
22,0,0,2,0,0,0,0,0,0,0,0,46,0,0,4,10,276,0,0,0,0,0,1,1,1,1,0,0,0,2,9,30
51,42,5,57,2,0,0,1,0,0,0,7,8,0,0,3,10,275,1,56,4,8,15,2,4,9,3,3,10,2,1,17,15
22,42,5,57,2,0,0,1,0,0,0,3,12,0,0,3,10,275,2,55,4,7,14,1,4,9,2,2,9,2,1,17,15
20,39,5,59,5,0,1,0,0,0,0,2,13,1,0,3,10,275,3,51,3,7,13,3,5,11,4,1,9,1,1,17,30
17,37,7,55,6,0,1,1,0,0,0,12,3,0,0,3,10,275,3,48,2,7,11,2,6,12,6,2,9,1,2,17,0
11,37,7,52,6,0,0,1,0,0,0,6,9,0,0,3,10,275,3,48,4,7,11,2,5,12,5,2,8,1,2,16,30
52,34,5,50,7,0,0,1,0,0,2,6,9,0,0,3,10,275,3,44,3,4,10,4,8,15,8,2,8,2,1,16,15
14,34,5,55,6,0,0,1,0,0,2,2,13,0,0,3,10,275,3,44,3,6,10,4,7,15,7,2,8,2,2,17,0
15,31,3,48,8,0,0,1,0,0,2,3,12,0,0,3,10,275,3,41,0,4,8,5,8,14,9,5,8,2,2,16,0
44,31,4,48,7,0,0,1,0,0,2,13,2,0,0,3,10,275,3,41,1,4,8,5,7,13,8,5,8,2,2,16,0
25,30,3,44,6,0,0,1,0,0,2,5,10,0,0,3,10,275,2,41,2,4,9,4,7,13,8,5,8,2,2,15,30
31,30,3,42,5,0,0,1,0,0,2,0,15,0,0,3,10,275,2,41,3,4,9,3,9,12,7,5,7,2,2,15,15
-18,30,3,50,4,0,0,1,0,0,2,13,2,0,0,3,10,275,2,41,3,4,9,2,8,11,6,4,7,1,1,16,15
12,29,2,44,4,0,0,1,0,0,2,1,14,0,0,3,10,275,1,40,3,5,9,3,7,11,7,4,6,1,2,15,30
38,28,4,40,4,0,0,2,0,0,2,8,7,0,0,3,10,275,1,38,3,4,12,6,8,11,8,3,6,1,2,15,0
20,28,4,46,4,0,0,2,0,0,2,5,10,0,0,3,10,275,2,37,2,4,11,5,7,10,7,2,6,1,2,15,45
-17,27,3,42,4,0,0,2,0,0,1,56,4,0,0,3,10,275,1,37,3,4,12,4,6,9,7,1,6,1,2,15,15
-34,27,3,46,4,0,0,2,0,0,0,50,10,0,0,3,10,275,1,37,3,5,14,4,6,8,6,1,6,1,2,15,45
43,27,4,39,3,0,0,2,0,0,0,48,12,0,0,3,10,275,1,37,3,5,14,4,5,7,5,1,6,1,2,14,45
75,27,4,35,2,0,0,2,0,0,0,47,13,0,0,3,10,275,1,37,3,5,14,3,4,6,4,1,6,1,1,13,15
-17,25,5,53,3,0,1,2,0,0,0,24,36,0,0,3,10,275,2,34,1,5,14,2,4,8,5,2,5,2,2,16,45
4,25,6,40,3,0,1,1,0,0,0,18,42,0,0,3,10,275,2,34,2,6,16,2,3,8,4,1,5,1,2,15,0
8,24,8,38,4,0,1,0,0,0,0,5,10,0,0,3,10,275,2,32,4,10,18,2,3,11,4,2,5,1,1,14,30
45,22,7,35,4,0,0,0,1,0,0,9,6,0,0,3,10,275,1,31,6,10,20,2,3,15,5,3,4,1,1,13,15
49,17,5,28,6,0,0,3,1,0,0,10,5,0,0,3,10,275,2,26,3,9,17,1,6,19,9,6,4,0,3,12,30
56,15,6,26,6,0,0,3,2,0,1,10,5,0,0,3,10,275,1,23,6,10,16,5,12,23,12,6,4,3,2,12,15
59,14,7,33,6,0,0,3,2,0,1,4,11,0,0,3,10,275,1,22,5,10,15,5,13,23,12,7,4,3,2,13,0
4,14,7,33,7,0,0,3,1,0,1,3,12,0,0,3,10,275,2,21,5,9,14,4,12,22,11,6,4,3,2,13,0
-21,13,6,30,9,0,0,3,1,0,0,6,9,0,0,3,10,275,2,19,4,9,14,4,11,23,12,5,4,3,2,12,45
32,12,6,24,8,0,1,3,1,0,0,2,13,0,0,3,10,275,2,18,4,8,13,6,12,23,12,5,4,3,2,12,0
60,11,6,22,7,0,1,3,2,0,0,6,9,0,0,3,10,275,1,17,5,8,14,8,13,22,13,6,4,3,2,11,45
51,11,6,24,7,0,1,3,2,0,0,2,13,0,0,3,10,275,2,16,4,7,14,8,14,21,12,6,4,3,2,12,0
16,9,4,30,8,0,1,2,2,0,0,5,10,0,0,3,10,275,1,15,5,8,14,8,15,22,13,6,3,4,2,12,45
11,9,4,28,8,0,1,2,2,0,0,4,11,0,0,3,10,275,1,14,4,7,13,7,14,21,13,6,2,3,3,12,30
14,9,4,37,7,0,1,2,2,0,0,3,12,0,0,3,10,275,1,14,4,7,13,6,13,20,12,5,2,2,1,13,30
-15,9,4,30,7,0,1,1,2,0,0,1,14,0,0,3,10,275,1,14,4,7,13,8,13,19,11,4,1,2,2,12,45
43,9,5,20,7,0,1,1,2,0,0,12,3,0,0,3,10,275,2,13,4,6,12,7,12,18,10,4,1,1,2,11,30
-10,9,5,20,6,0,1,1,2,0,0,10,5,0,0,3,10,275,2,13,4,6,12,6,11,17,9,4,1,1,2,11,30
23,7,3,22,6,0,1,1,1,0,1,5,10,0,0,3,10,275,1,12,3,5,11,5,11,16,10,6,1,1,2,11,45
36,7,3,18,7,0,1,1,1,0,1,6,9,0,0,3,10,275,3,10,3,5,10,8,13,16,9,5,1,1,2,11,15
36,7,4,18,6,0,1,1,1,0,1,2,13,0,0,3,10,275,3,10,3,5,10,7,12,16,8,5,1,1,2,11,15
-14,6,3,26,5,0,1,1,1,0,1,2,13,0,0,3,10,275,2,10,3,5,10,6,11,15,8,5,1,1,2,12,15
36,6,3,16,4,0,1,1,1,0,1,1,14,0,0,3,10,275,2,10,3,5,10,5,10,14,7,5,1,1,2,11,0
-302,5,3,53,4,0,0,1,1,0,2,4,11,0,0,3,10,275,1,9,2,6,9,6,9,14,8,5,1,1,2,16,45
72,5,4,9,4,0,0,1,0,0,2,3,12,0,0,3,10,275,1,9,2,6,9,5,8,13,7,4,1,1,3,10,15
35,5,4,11,4,0,0,1,0,0,1,1,14,0,0,3,10,275,1,9,3,7,9,4,7,13,6,4,0,1,2,10,30
-23,5,4,16,4,0,0,2,0,0,1,6,9,0,0,3,10,275,3,7,2,6,7,5,8,14,5,3,0,0,2,11,0
2,5,4,14,3,0,0,2,0,0,1,1,14,0,0,3,10,275,2,7,2,6,7,5,7,13,5,4,0,0,2,10,45
22,4,4,9,2,0,0,2,0,0,1,7,8,0,0,3,10,275,0,7,4,6,7,4,6,12,6,5,0,0,3,10,15
-11,4,4,11,2,0,0,3,0,0,1,12,3,0,0,3,10,275,2,5,4,4,5,3,5,12,5,4,0,0,2,10,30
66,4,4,7,2,0,0,2,0,0,1,6,9,0,0,3,10,275,2,5,4,5,5,4,5,11,4,3,0,0,2,10,0
50,4,4,11,1,0,0,2,0,0,1,6,9,0,0,3,10,275,2,5,4,5,5,3,4,10,3,2,0,0,2,10,30
4,1,1,2,3,0,0,2,1,0,1,12,3,0,0,3,10,275,2,1,1,1,1,3,7,9,6,3,0,0,2,9,30
-12,1,1,5,2,0,0,2,1,0,1,10,5,0,0,3,10,275,2,1,1,1,1,2,6,8,5,3,0,0,2,9,45
14,0,0,7,2,0,1,1,1,0,1,0,3,0,0,3,10,275,1,0,0,0,0,5,7,7,6,3,0,0,2,10,0
-28,0,0,2,1,0,1,1,1,0,1,0,10,0,0,3,10,275,0,0,0,0,0,5,6,6,6,3,0,0,2,9,30
4,0,0,5,0,0,1,1,1,0,1,0,15,0,0,3,10,275,0,0,0,0,0,4,5,5,5,2,0,0,2,9,45
-23,0,0,1,0,0,0,1,1,0,1,0,28,0,0,3,10,275,0,0,0,0,0,3,4,4,4,2,0,0,3,9,15
15,0,0,0,0,0,0,1,0,0,1,0,32,0,1,3,10,275,0,0,0,0,0,3,3,3,3,1,0,0,1,9,0
-34,0,0,14,0,0,0,1,0,0,0,0,36,0,0,3,10,275,0,0,0,0,0,2,2,2,2,1,0,0,2,10,45
13,0,0,2,0,0,0,0,0,0,0,0,59,0,0,3,10,275,0,0,0,0,0,1,1,1,1,1,0,0,2,9,30
35,20,2,43,1,0,1,2,0,0,0,11,4,0,0,2,10,274,4,41,4,6,11,2,6,10,1,1,2,1,1,17,0
-21,20,4,43,1,0,0,4,0,0,0,21,9,0,0,2,10,274,3,39,2,6,9,2,5,12,3,2,2,0,1,17,0
-66,19,4,45,2,0,0,3,0,0,1,4,26,1,0,2,10,274,3,37,3,6,8,4,5,12,4,3,2,0,1,17,30
10,19,5,38,2,0,0,2,0,0,1,6,9,0,0,2,10,274,3,37,4,7,10,3,7,12,3,3,2,0,2,16,0
-12,18,4,42,2,0,0,1,0,0,1,5,10,0,0,2,10,274,2,37,4,7,10,2,6,11,3,2,2,0,2,16,45
21,18,4,35,3,0,0,1,0,0,0,0,15,0,0,2,10,274,2,36,3,6,9,2,5,10,3,2,2,0,1,15,30
-24,16,2,40,5,0,0,0,0,0,1,1,14,0,0,2,10,274,3,33,3,4,8,4,7,11,4,2,2,0,1,16,30
-35,15,1,37,7,0,0,0,0,0,0,1,14,0,0,2,10,274,3,31,1,2,7,3,8,10,5,2,2,1,2,15,45
-40,15,1,40,6,0,0,0,0,0,0,0,15,0,0,2,10,274,3,31,1,2,7,3,7,9,4,2,2,1,1,16,30
7,15,1,35,5,0,0,0,0,0,0,12,3,0,0,2,10,274,3,31,1,2,7,3,6,9,3,1,2,1,1,15,30
9,14,0,32,4,0,0,1,0,0,0,0,15,0,0,2,10,274,1,30,1,4,9,5,7,8,5,2,2,1,1,15,0
-11,14,0,32,3,0,0,1,0,0,0,59,1,0,0,2,10,274,0,30,1,4,9,4,6,7,5,1,2,1,1,15,0
7,14,0,34,2,0,0,1,0,0,0,53,7,0,0,2,10,274,0,30,3,5,10,3,5,6,4,1,2,1,2,15,15
84,14,2,28,2,0,0,1,0,0,0,36,24,0,0,2,10,274,0,29,2,5,12,2,4,6,4,1,2,1,1,13,30
-84,14,2,38,2,0,0,0,0,0,0,33,27,0,0,2,10,274,0,29,3,5,12,3,3,5,3,0,1,1,2,16,0
-15,14,2,30,2,0,0,1,0,0,0,6,54,0,0,2,10,274,1,27,3,4,13,2,3,8,3,0,1,0,2,14,45
-22,14,3,29,1,0,0,1,0,0,0,4,56,0,0,2,10,274,1,27,3,5,13,1,2,7,2,0,1,0,2,14,30
-64,12,4,30,3,0,0,1,0,0,0,13,2,0,0,2,10,274,2,24,4,7,14,1,3,11,3,2,1,0,2,14,45
66,9,5,20,6,0,1,1,1,0,0,9,6,0,0,2,10,274,2,18,4,6,12,5,8,17,8,5,1,0,2,12,15
10,8,4,25,6,0,1,1,1,0,0,0,15,0,0,2,10,274,2,17,3,7,12,4,9,16,8,4,1,0,1,13,0
5,7,3,22,6,0,0,1,1,0,0,13,2,0,0,2,10,274,1,17,4,7,12,3,8,15,8,3,1,0,1,12,30
-22,7,4,27,6,0,0,1,1,0,0,7,8,0,0,2,10,274,2,16,4,7,11,2,7,15,7,3,1,0,1,13,15
-3,7,4,25,5,0,0,1,1,0,0,7,8,0,0,2,10,274,2,16,4,7,11,1,6,14,6,2,1,0,1,13,0
7,5,3,20,7,0,0,1,2,0,0,0,15,0,0,2,10,274,1,12,3,6,10,7,12,17,10,4,1,1,2,12,15
27,5,3,18,6,0,0,1,2,0,0,14,1,0,0,2,10,274,1,12,3,6,10,6,11,16,9,4,1,1,2,12,0
-13,5,3,22,5,0,0,1,2,0,0,11,4,0,0,2,10,274,1,12,4,6,10,6,10,15,8,3,1,1,1,12,30
-25,4,2,18,5,0,0,1,2,0,0,8,7,0,0,2,10,274,1,11,3,5,9,5,9,14,8,3,1,1,2,12,0
38,4,3,15,5,0,0,1,2,0,0,1,14,0,0,2,10,274,2,10,3,5,8,6,8,13,7,3,1,1,1,11,30
-18,3,2,17,5,0,0,1,2,0,0,5,10,0,0,2,10,274,2,9,3,5,9,7,8,14,7,4,0,1,2,11,45
-55,3,2,24,5,0,0,1,1,0,0,2,13,0,0,2,10,274,1,9,3,6,9,6,7,13,7,5,0,0,2,12,45
58,3,2,12,4,0,0,1,1,0,0,13,2,0,0,2,10,274,1,9,3,6,9,5,6,12,6,4,0,0,1,11,0
49,3,3,8,5,0,0,1,1,0,0,3,12,0,0,2,10,274,2,7,1,4,7,4,6,12,6,4,0,0,2,10,30
10,3,3,12,5,0,0,1,0,0,0,1,14,0,0,2,10,274,2,7,1,4,7,3,5,11,5,4,0,0,1,11,0
-25,3,3,14,4,0,0,1,0,0,0,12,3,0,0,2,10,274,2,7,2,4,7,2,6,10,4,3,0,0,2,11,15
17,2,2,15,4,0,0,0,1,0,0,6,9,0,0,2,10,274,1,6,2,4,6,2,6,10,5,3,0,0,1,11,30
-7,1,1,10,4,0,0,0,1,0,0,10,5,0,0,2,10,274,1,5,2,4,5,4,6,10,5,3,0,0,2,10,45
-1,1,1,4,5,0,0,0,1,0,0,6,9,0,0,2,10,274,1,3,1,3,3,4,6,10,6,4,0,0,1,9,45
19,0,0,4,5,0,0,0,0,0,0,14,1,0,0,2,10,274,0,3,1,3,3,4,6,9,6,4,0,0,1,9,45
24,0,0,6,4,0,0,0,0,0,0,12,3,0,0,2,10,274,0,3,2,3,3,3,5,8,5,3,0,0,1,10,0
24,0,0,8,4,0,0,0,0,0,0,8,7,0,0,2,10,274,1,2,2,2,2,2,5,7,4,3,0,0,2,10,30
3,0,0,2,3,0,0,0,0,0,0,0,15,0,0,2,10,274,0,2,2,2,2,3,5,6,4,3,0,0,2,9,30
-24,0,0,7,2,0,2,0,0,0,0,0,7,0,0,2,10,274,2,0,0,0,0,3,4,5,3,3,0,0,2,10,15
-28,0,0,1,2,0,1,0,0,0,0,0,26,0,0,2,10,274,0,0,0,0,0,2,4,4,4,3,0,0,2,9,15
-18,0,0,0,2,0,0,0,0,0,0,0,34,0,1,2,10,274,0,0,0,0,0,2,3,3,3,3,0,0,1,9,0
-21,0,0,2,1,0,0,0,0,0,0,0,59,0,0,2,10,274,0,0,0,0,0,2,2,2,2,2,0,0,2,9,30
-20,0,0,10,0,0,0,0,0,0,0,0,72,0,0,2,10,274,0,0,0,0,0,1,1,1,1,1,0,0,2,10,45
27,33,3,53,2,0,0,0,0,0,0,1,0,1,0,6,9,271,2,51,2,5,12,1,1,5,1,0,6,0,1,17,30
12,30,5,52,5,0,0,1,0,0,0,1,14,0,0,6,9,271,2,46,3,7,12,3,4,10,5,5,5,2,1,17,15
12,29,5,50,5,0,0,1,0,0,0,14,16,0,0,6,9,271,1,45,4,7,12,2,6,11,6,4,4,1,1,17,0
-1,29,5,50,4,0,0,1,0,0,0,12,18,0,0,6,9,271,1,45,4,7,12,1,6,10,5,3,4,0,1,17,0
-9,26,4,48,6,0,0,2,0,0,1,8,7,0,0,6,9,271,2,40,3,5,9,5,7,16,8,5,4,1,2,16,45
-2,24,3,46,6,0,0,2,1,0,1,3,12,0,0,6,9,271,1,38,3,5,8,5,8,15,10,6,4,2,2,16,30
-5,24,3,40,6,0,0,2,1,0,0,2,13,0,0,6,9,271,1,38,3,5,8,4,7,14,9,6,4,2,2,15,30
-37,24,3,48,5,0,0,2,1,0,0,14,1,0,0,6,9,271,1,38,3,5,9,4,6,14,8,5,4,2,2,16,45
41,24,3,42,4,0,0,2,1,0,0,13,2,0,0,6,9,271,1,38,3,5,10,3,5,13,7,4,4,2,2,15,45
57,23,3,46,5,0,0,2,1,0,0,7,8,0,0,6,9,271,2,36,3,5,10,4,9,13,7,4,4,4,2,16,30
42,22,2,39,5,0,1,1,1,0,0,1,14,0,0,6,9,271,1,35,2,4,10,3,9,13,8,4,3,4,2,15,15
-82,21,1,44,5,0,0,2,1,0,0,9,6,0,0,6,9,271,0,34,3,4,14,7,9,13,9,4,3,3,2,16,0
22,21,1,33,4,0,0,2,1,0,0,9,6,0,0,6,9,271,0,34,3,4,14,6,8,12,8,3,2,3,2,14,30
-10,21,1,36,4,0,0,2,1,0,1,34,11,0,0,6,9,271,1,32,1,5,16,7,9,11,8,4,1,2,1,15,0
12,21,1,42,4,0,0,1,1,0,1,34,11,0,0,6,9,271,1,32,1,5,16,6,8,10,7,3,1,1,2,15,45
58,21,1,34,3,0,0,1,1,0,1,33,12,0,0,6,9,271,1,32,1,5,16,5,7,9,6,2,1,1,3,14,45
174,21,1,22,4,0,0,1,0,0,1,29,16,0,0,6,9,271,2,31,0,5,15,4,6,8,5,2,0,1,2,12,15
27,20,1,36,3,0,0,1,0,0,1,24,21,0,0,6,9,271,1,31,1,5,15,3,5,7,5,3,0,0,1,15,0
-53,20,1,36,3,0,0,1,0,0,0,19,26,0,0,6,9,271,1,31,1,6,15,2,5,6,4,2,0,0,1,15,0
52,20,2,34,2,0,0,1,0,0,0,14,31,0,0,6,9,271,0,31,2,6,17,2,4,5,4,2,0,0,3,14,45
-106,20,5,40,3,0,0,1,0,0,0,1,14,0,0,6,9,271,1,29,4,11,18,3,4,7,4,3,0,0,2,15,30
11,20,6,32,4,0,0,0,0,0,0,9,6,0,0,6,9,271,2,28,4,10,18,2,3,7,3,2,0,0,1,14,15
56,19,7,29,4,0,0,1,0,0,0,6,9,0,0,6,9,271,2,26,6,10,19,2,2,13,4,3,0,0,1,13,0
-7,18,9,30,5,0,0,1,0,0,0,6,9,0,0,6,9,271,1,24,8,10,19,1,2,13,6,2,0,0,1,13,15
-11,10,5,31,10,0,1,3,0,0,1,12,3,0,0,6,9,271,2,14,3,8,13,4,11,20,14,5,0,0,1,13,30
30,8,6,18,11,0,2,4,0,0,0,4,11,0,0,6,9,271,2,11,4,7,10,10,14,23,16,5,0,0,2,11,45
-5,8,6,27,10,0,2,4,0,0,0,4,11,0,0,6,9,271,2,11,4,7,10,9,13,22,15,5,0,0,1,12,45
16,7,5,25,10,0,2,3,0,0,0,13,2,0,0,6,9,271,0,11,4,8,10,8,13,21,16,6,0,0,2,12,30
28,7,5,20,10,0,2,3,0,0,0,9,6,0,0,6,9,271,1,10,4,7,9,7,12,21,15,6,0,0,3,12,0
25,7,6,25,9,0,2,3,0,0,1,6,9,0,0,6,9,271,2,9,4,6,9,7,14,21,14,6,0,0,2,12,30
14,7,6,22,8,0,2,3,0,0,1,5,10,0,0,6,9,271,2,9,4,6,9,7,13,20,13,5,0,0,2,12,15
6,7,6,22,8,0,1,3,0,0,1,4,11,0,0,6,9,271,2,9,4,6,9,6,13,19,12,5,0,0,2,12,15
39,7,6,16,7,0,1,4,0,0,1,2,13,0,0,6,9,271,3,8,3,5,8,5,12,18,11,5,0,0,2,11,30
-1,6,5,14,7,0,0,4,0,0,1,1,14,0,0,6,9,271,2,8,3,5,8,4,11,17,11,5,0,0,2,11,15
-8,5,4,27,7,0,0,4,0,0,1,10,5,0,0,6,9,271,2,7,3,4,7,4,10,18,11,5,0,0,1,12,45
-224,3,3,44,7,0,0,5,0,0,1,7,8,0,0,6,9,271,2,5,2,4,5,7,12,18,12,6,0,0,2,16,0
84,3,3,6,6,0,0,5,0,0,1,5,10,0,0,6,9,271,2,5,2,4,5,7,11,17,11,5,0,0,2,10,15
6,3,3,20,5,0,0,5,0,0,1,14,1,0,0,6,9,271,1,5,2,4,5,7,10,16,11,6,0,0,3,12,0
34,2,2,14,5,0,0,5,0,0,1,8,7,0,0,6,9,271,1,4,1,3,4,6,10,15,11,6,0,0,2,11,15
26,2,2,8,6,0,0,5,0,0,0,0,15,0,0,6,9,271,2,3,2,2,3,5,9,15,10,5,0,0,2,10,30
33,2,2,12,5,0,0,5,0,0,0,9,6,0,0,6,9,271,2,3,2,3,3,7,9,14,9,5,0,0,2,11,0
77,2,2,2,4,0,0,5,0,0,0,8,7,0,0,6,9,271,2,3,2,3,3,6,9,13,8,5,0,0,2,9,45
-76,1,1,18,4,0,0,4,0,0,0,7,8,0,0,6,9,271,1,3,2,3,3,5,8,12,8,6,0,0,2,11,45
46,1,1,12,4,0,0,3,0,0,0,4,11,0,0,6,9,271,1,3,2,3,3,4,7,11,7,5,0,0,2,11,0
71,0,0,1,4,0,0,3,0,0,1,11,4,0,0,6,9,271,1,1,0,1,1,5,9,10,8,7,0,0,2,9,30
44,0,0,8,4,0,0,2,0,0,1,10,5,0,0,6,9,271,1,1,0,1,1,4,8,9,7,6,0,0,2,10,30
-56,0,0,10,4,0,0,2,0,0,0,9,6,0,0,6,9,271,1,1,0,1,1,3,7,8,6,5,0,0,2,10,45
23,0,0,6,4,0,0,1,0,0,0,28,2,0,0,6,9,271,0,1,1,1,1,4,6,7,6,5,0,0,2,10,15
26,0,0,4,3,0,0,1,0,0,0,12,18,0,0,6,9,271,0,1,1,1,1,5,6,6,5,5,0,0,2,10,0
52,0,0,0,2,0,0,1,0,0,1,9,21,0,1,6,9,271,1,0,0,0,0,4,5,5,4,4,0,0,1,9,0
7,0,0,4,2,0,0,0,0,0,1,1,29,0,0,6,9,271,0,0,0,0,0,3,4,4,4,4,0,0,2,10,0
-8,0,0,16,1,0,0,0,0,0,1,0,3,0,0,6,9,271,0,0,0,0,0,2,3,3,3,3,0,0,2,11,30
-101,0,0,10,1,0,0,0,0,0,0,0,5,0,0,6,9,271,0,0,0,0,0,1,2,2,2,2,0,0,2,10,45
-8,0,0,2,0,0,0,0,0,0,0,0,37,0,0,6,9,271,0,0,0,0,0,1,1,1,1,1,0,0,2,9,45
103,19,1,37,2,0,1,0,0,0,0,8,7,0,0,5,9,270,0,44,3,5,11,4,4,9,4,2,4,1,2,15,45
4,19,1,44,2,0,1,1,0,0,1,9,6,0,0,5,9,270,3,41,1,4,9,3,3,9,3,1,4,1,2,17,0
9,19,1,45,2,0,0,1,0,0,1,8,7,0,0,5,9,270,3,41,1,4,9,2,3,9,2,1,3,2,1,17,15
-19,19,1,47,1,0,0,1,0,0,1,0,15,1,0,5,9,270,3,41,1,5,9,1,2,9,1,1,3,1,1,17,30
-62,18,1,45,4,0,0,1,0,0,1,9,6,0,0,5,9,270,3,37,4,5,9,4,6,12,4,2,2,1,1,17,15
-42,18,1,41,5,0,0,1,0,0,0,11,4,0,0,5,9,270,2,36,3,5,8,4,7,11,5,3,2,0,2,16,30
-14,18,1,39,4,0,0,3,0,0,0,4,11,0,0,5,9,270,3,34,1,4,8,4,7,10,5,2,2,0,1,16,0
-71,18,1,42,3,0,0,3,0,0,0,2,13,0,0,5,9,270,3,34,2,4,8,3,7,9,4,2,2,0,1,16,45
-84,18,1,42,2,0,0,4,0,0,0,7,8,0,0,5,9,270,3,33,1,3,9,3,6,9,4,1,2,0,1,16,45
22,17,1,37,2,0,0,3,0,0,0,7,8,0,0,5,9,270,1,33,3,4,10,4,5,9,5,1,2,0,2,15,45
-16,17,1,36,2,0,0,3,0,0,0,8,7,0,0,5,9,270,1,32,2,4,12,4,6,9,5,2,2,1,2,15,30
-28,17,1,39,1,0,0,3,0,0,0,2,13,0,0,5,9,270,1,32,2,4,13,3,5,9,4,2,2,1,1,16,0
18,17,1,31,3,0,0,2,0,0,0,8,7,0,0,5,9,270,3,30,1,2,11,2,4,10,3,1,2,1,2,14,45
-3,17,1,33,3,0,0,1,0,0,0,2,13,0,0,5,9,270,3,30,1,4,13,2,3,9,2,1,2,1,1,15,0
-4,16,2,29,2,0,0,1,0,0,1,21,24,0,0,5,9,270,1,29,2,6,13,2,4,9,4,4,1,1,1,14,15
-3,16,2,31,2,0,0,0,0,0,1,12,33,0,0,5,9,270,1,29,5,8,14,1,3,9,3,3,1,0,2,14,45
-38,16,5,30,5,0,0,1,0,0,1,11,4,0,0,5,9,270,5,24,4,7,13,3,6,14,3,2,1,1,2,14,30
29,14,3,28,4,0,0,1,0,0,1,4,11,0,0,5,9,270,2,24,5,7,13,3,6,15,5,3,1,1,1,13,30
-115,14,3,33,6,0,0,1,0,0,1,12,3,0,0,5,9,270,3,21,4,6,13,4,6,18,6,2,1,1,1,15,0
-102,13,3,35,6,0,0,1,0,0,1,6,9,0,0,5,9,270,3,20,3,5,13,4,7,17,6,3,1,1,1,15,15
19,13,3,22,6,0,0,1,0,0,1,2,13,0,0,5,9,270,4,19,2,5,12,3,8,16,5,3,0,1,2,12,45
-12,13,3,25,5,0,0,1,0,0,1,14,1,0,0,5,9,270,4,19,2,5,13,2,7,16,4,2,0,0,1,13,0
11,11,3,25,6,0,1,1,0,0,0,7,8,0,0,5,9,270,3,17,2,6,15,3,10,16,6,4,0,0,1,13,0
-27,11,4,27,7,0,1,1,0,0,0,13,2,0,0,5,9,270,3,15,4,7,13,7,13,17,7,4,0,0,1,13,15
43,11,5,14,7,0,0,1,0,0,0,10,5,0,0,5,9,270,2,15,4,8,13,6,12,16,7,5,0,0,1,11,30
-1,11,5,17,6,0,0,1,0,0,0,7,8,0,0,5,9,270,2,15,4,8,13,7,11,15,6,5,0,0,1,12,0
19,10,4,17,5,0,0,1,0,0,0,6,9,0,0,5,9,270,1,15,4,8,13,6,10,14,6,5,0,0,1,12,0
-3,10,4,16,4,0,0,2,0,0,0,4,11,0,0,5,9,270,2,14,3,7,12,5,9,13,5,4,0,0,2,11,45
-10,10,6,20,5,0,0,2,0,0,0,11,4,0,0,5,9,270,4,12,2,7,10,5,9,13,4,3,0,0,3,12,30
23,10,7,19,5,0,0,2,0,0,0,9,6,0,0,5,9,270,4,11,1,6,9,4,8,12,4,2,0,0,2,12,15
-79,8,6,22,4,0,0,2,0,0,0,9,6,0,0,5,9,270,2,11,4,9,11,6,8,13,5,1,0,0,2,12,45
-25,8,6,20,4,0,0,1,0,0,0,8,7,0,0,5,9,270,2,11,4,9,11,5,7,13,4,1,0,0,3,12,30
7,7,6,14,3,0,0,1,0,0,0,3,12,0,0,5,9,270,1,11,4,9,11,4,6,12,4,2,0,0,1,11,30
19,7,6,11,3,0,0,1,0,0,1,6,9,0,0,5,9,270,3,9,5,7,9,4,7,12,3,1,0,0,2,11,0
22,7,6,10,3,0,0,1,0,0,1,1,14,0,0,5,9,270,3,8,5,6,8,3,6,11,3,1,0,0,1,10,45
1,7,6,12,3,0,0,0,0,0,1,13,2,0,0,5,9,270,3,8,5,6,8,3,5,11,2,0,0,0,2,11,15
1,4,3,7,4,0,0,0,0,0,1,0,15,0,0,5,9,270,2,6,4,4,6,3,4,11,4,3,0,0,1,10,30
10,3,3,7,5,0,1,0,1,0,0,0,15,0,0,5,9,270,4,3,1,2,3,3,6,11,4,2,0,0,1,10,30
2,1,1,7,4,0,2,0,1,0,0,15,15,0,0,5,9,270,3,2,0,2,2,2,6,10,5,3,0,0,1,10,30
-25,1,1,12,3,0,2,0,1,0,0,12,18,0,0,5,9,270,3,2,0,2,2,2,6,9,4,2,0,0,2,11,15
-32,1,1,5,3,0,1,0,1,0,0,14,1,0,0,5,9,270,0,2,2,2,2,5,7,8,6,3,0,0,3,10,15
-43,1,1,5,4,0,0,0,1,0,0,6,9,0,0,5,9,270,1,1,1,1,1,4,7,7,5,3,0,0,3,10,15
20,0,0,4,4,0,0,0,0,0,0,1,14,0,0,5,9,270,0,1,1,1,1,3,6,6,5,3,0,0,2,9,45
40,0,0,2,4,0,0,0,0,0,0,9,6,0,0,5,9,270,1,0,0,0,0,3,5,5,4,2,0,0,1,9,30
-176,0,0,22,3,0,0,0,0,0,0,0,15,0,0,5,9,270,1,0,0,0,0,3,4,4,3,1,0,0,2,12,45
56,0,0,2,2,0,0,0,0,0,0,0,16,0,0,5,9,270,0,0,0,0,0,3,3,3,3,1,0,0,1,9,30
-21,0,0,1,1,0,0,0,0,0,0,0,29,0,0,5,9,270,0,0,0,0,0,2,2,2,2,1,0,0,2,9,15
18,0,0,0,0,0,0,0,0,0,0,0,38,0,1,5,9,270,0,0,0,0,0,1,1,1,1,0,0,0,1,9,0
32,29,2,50,1,0,0,1,1,0,0,7,8,0,0,4,9,269,2,48,1,7,13,1,3,7,2,0,5,1,1,17,15
-18,28,5,51,2,0,0,1,0,0,0,21,9,1,0,4,9,269,2,47,6,11,14,2,5,10,2,1,5,0,1,17,30
1,28,5,48,1,0,0,1,0,0,0,19,11,0,0,4,9,269,2,47,6,11,15,1,5,9,1,1,5,0,1,17,0
16,23,1,45,8,0,0,3,0,0,1,12,3,0,0,4,9,269,6,36,1,3,9,4,8,10,7,3,5,1,2,16,15
-36,23,1,48,8,0,0,2,0,0,1,9,6,0,0,4,9,269,6,36,1,3,9,3,7,9,6,3,5,1,1,17,0
-35,23,1,46,8,0,0,1,0,0,1,6,9,0,0,4,9,269,6,36,1,3,9,2,6,8,5,2,5,1,2,16,45
30,23,1,40,7,0,0,1,0,0,1,6,9,0,0,4,9,269,6,36,1,3,9,2,5,7,4,1,5,1,2,15,30
34,22,2,38,7,0,0,1,0,0,1,6,9,0,0,4,9,269,3,35,2,5,10,4,5,9,7,5,4,1,2,15,15
43,22,2,36,6,0,0,1,0,0,1,2,13,0,0,4,9,269,3,35,3,6,10,3,4,8,6,4,4,0,2,15,0
3,22,2,42,5,0,0,1,0,0,1,12,3,0,0,4,9,269,3,35,3,6,11,2,3,8,5,4,4,0,1,15,45
-32,22,2,44,5,0,0,1,0,0,0,8,7,0,0,4,9,269,3,35,3,6,11,1,3,8,4,4,4,0,1,16,0
-7,21,3,40,7,0,1,1,0,0,0,44,1,0,0,4,9,269,3,31,4,6,12,2,3,14,7,6,4,0,2,15,30
21,20,4,32,9,0,0,1,0,0,0,25,20,0,0,4,9,269,4,29,3,5,12,2,5,15,7,5,4,0,1,14,15
13,20,6,36,10,0,0,1,0,0,0,4,41,0,0,4,9,269,4,27,2,6,13,3,6,15,8,5,4,1,2,15,0
38,17,6,31,9,0,0,2,0,0,1,9,6,0,0,4,9,269,3,25,4,6,14,5,11,21,10,6,4,2,1,13,30
-12,17,6,33,8,0,0,2,0,0,1,7,8,0,0,4,9,269,3,25,4,6,14,4,10,20,9,6,4,2,2,14,30
-1,17,7,34,8,0,0,1,0,0,1,0,15,0,0,4,9,269,3,25,4,7,16,5,10,19,8,5,4,2,2,14,45
-97,16,7,46,8,0,0,1,0,0,1,8,7,0,0,4,9,269,2,24,4,8,15,7,11,19,9,4,3,4,2,16,45
-18,16,7,34,7,0,0,1,0,0,1,2,13,0,0,4,9,269,2,24,4,8,15,7,10,18,8,3,3,3,2,14,45
14,14,7,30,7,0,2,1,0,0,1,2,13,0,0,4,9,269,3,21,3,7,15,6,10,19,9,4,3,3,1,13,15
-90,14,7,38,6,0,2,1,0,0,1,1,14,0,0,4,9,269,3,21,3,7,15,6,9,18,8,3,2,3,2,15,15
25,13,7,26,6,0,2,1,0,0,0,14,1,0,0,4,9,269,2,21,3,7,16,5,9,17,8,2,2,2,2,12,45
31,13,7,28,5,0,2,1,0,0,0,12,3,0,0,4,9,269,2,21,4,7,16,5,9,16,7,1,2,2,1,13,0
-111,13,7,42,4,0,2,1,0,0,0,11,4,0,0,4,9,269,2,21,4,7,16,4,8,15,6,1,2,2,1,15,45
-5,11,5,28,3,0,2,1,1,0,0,5,10,0,0,4,9,269,1,20,4,7,16,4,9,15,7,3,2,2,1,13,0
29,10,5,24,5,0,2,0,1,0,0,1,14,0,0,4,9,269,2,18,4,9,14,4,10,16,7,4,2,2,2,12,30
15,10,6,21,5,0,1,0,1,0,0,13,2,0,0,4,9,269,1,18,4,9,14,4,9,17,7,4,1,2,2,12,15
81,10,6,11,5,0,0,1,1,0,0,10,5,0,0,4,9,269,2,17,3,8,13,4,9,17,6,4,0,1,2,11,0
-1,8,5,19,6,0,0,1,1,0,1,3,12,0,0,4,9,269,2,14,5,8,11,7,10,18,8,3,0,0,3,12,0
0,7,4,26,5,0,0,1,1,0,1,0,15,0,0,4,9,269,1,14,5,8,11,6,9,17,8,4,0,0,2,12,45
7,6,3,19,5,0,0,1,0,0,1,12,3,0,0,4,9,269,0,14,5,9,12,6,8,16,8,4,0,0,3,12,0
13,6,3,24,4,0,0,1,0,0,1,7,8,0,0,4,9,269,0,14,5,9,12,5,7,15,7,3,0,0,2,12,30
-6,6,4,18,3,0,0,1,0,0,1,6,9,0,0,4,9,269,0,14,5,10,12,4,6,14,6,3,0,0,2,11,45
15,6,4,14,4,0,0,1,0,0,0,5,10,0,0,4,9,269,1,13,4,9,11,3,6,13,5,3,0,0,2,11,15
6,6,4,21,4,0,0,1,0,0,0,13,2,0,0,4,9,269,2,12,3,8,10,3,6,12,4,2,0,0,2,12,15
83,4,3,10,5,0,0,2,0,0,0,28,2,0,0,4,9,269,2,9,4,5,8,3,8,14,6,4,0,0,3,10,30
2,3,2,16,4,0,0,2,0,0,0,14,16,0,0,4,9,269,0,9,5,5,9,4,9,13,7,5,0,0,1,11,30
-6,3,2,14,3,0,0,2,0,0,0,12,18,0,0,4,9,269,0,9,5,5,9,3,8,12,6,4,0,0,2,11,15
59,2,2,6,6,0,0,3,0,0,0,6,9,0,0,4,9,269,3,4,0,2,4,7,8,11,7,5,0,0,2,10,0
12,2,2,16,6,0,0,2,0,0,0,4,11,0,0,4,9,269,3,4,0,2,4,6,7,10,6,4,0,0,1,11,30
-25,2,2,11,5,0,0,2,0,0,0,7,8,0,0,4,9,269,3,4,1,2,4,6,7,10,5,4,0,0,2,11,0
11,2,2,11,4,0,0,2,0,0,0,1,14,0,0,4,9,269,2,4,1,3,4,5,8,9,5,4,0,0,2,11,0
-78,1,1,21,4,0,0,1,0,0,0,14,1,0,0,4,9,269,1,4,1,3,4,4,7,8,5,3,0,0,2,12,15
14,1,1,4,3,0,0,1,0,0,0,11,4,0,0,4,9,269,1,4,2,3,4,3,6,7,4,2,0,0,2,9,45
61,1,1,4,2,0,0,1,0,0,0,7,8,0,0,4,9,269,0,4,2,3,4,2,5,8,4,3,0,0,2,9,45
-23,1,1,8,1,0,0,1,0,0,0,12,3,0,0,4,9,269,0,4,2,4,4,1,4,7,3,3,0,0,1,10,15
-14,0,0,8,2,0,1,0,0,0,0,9,6,0,0,4,9,269,0,2,2,2,2,3,4,6,4,3,0,0,1,10,15
-44,0,0,6,2,0,0,0,0,0,0,7,8,0,0,4,9,269,0,2,2,2,2,2,3,5,3,2,0,0,2,10,0
52,0,0,2,1,0,0,0,0,0,0,7,8,0,0,4,9,269,0,2,2,2,2,1,2,4,2,1,0,0,2,9,30
-39,0,0,2,1,0,1,0,0,0,0,0,45,0,0,4,9,269,0,0,0,0,0,3,3,3,3,2,0,0,2,9,30
-32,0,0,1,1,0,0,0,0,0,0,0,65,0,0,4,9,269,0,0,0,0,0,2,2,2,2,1,0,0,2,9,15
26,0,0,0,0,0,0,0,0,0,0,0,66,0,1,4,9,269,0,0,0,0,0,1,1,1,1,0,0,0,1,9,0
59,43,7,51,3,0,0,2,0,0,0,8,7,0,0,3,9,268,2,48,4,7,12,1,3,10,4,2,5,0,1,17,0
-29,39,5,53,5,0,0,3,0,0,0,7,8,1,0,3,9,268,2,44,4,5,12,2,6,10,7,5,5,0,1,17,30
5,36,3,47,5,0,0,3,0,0,1,6,9,0,0,3,9,268,1,42,3,4,11,3,5,14,9,5,5,0,2,16,30
28,36,3,49,6,0,0,3,0,0,1,6,9,0,0,3,9,268,2,40,1,4,10,4,7,15,9,4,5,1,2,16,45
1,36,3,51,6,0,0,2,0,0,1,4,11,0,0,3,9,268,2,40,1,4,10,3,7,14,8,4,5,1,1,17,0
6,35,2,49,5,0,0,2,0,0,2,5,10,0,0,3,9,268,2,39,1,4,11,2,6,16,8,4,5,1,2,16,45
22,34,2,42,5,0,0,2,0,0,1,7,8,0,0,3,9,268,0,39,3,7,13,4,5,15,9,3,5,1,2,15,45
-9,33,4,44,4,0,0,2,0,0,2,4,11,0,0,3,9,268,0,38,3,7,15,4,9,14,9,4,5,4,1,16,0
15,33,4,36,4,0,0,2,0,0,1,1,14,0,0,3,9,268,0,38,5,7,15,3,9,13,8,4,4,4,2,15,0
35,33,4,42,4,0,0,2,0,0,2,8,7,0,0,3,9,268,2,36,4,6,14,2,9,12,7,3,4,3,2,15,45
16,33,4,38,4,0,0,2,0,0,1,4,11,0,0,3,9,268,2,36,5,6,14,1,8,11,6,2,4,3,2,15,15
55,31,5,38,7,0,1,1,1,0,1,3,27,0,0,3,9,268,3,31,1,5,12,7,10,10,9,6,3,3,2,15,15
31,30,5,46,7,0,1,0,1,0,1,1,29,0,0,3,9,268,2,31,1,5,12,6,9,9,9,7,2,2,2,16,15
-7,30,5,40,6,0,1,0,1,0,1,0,30,0,0,3,9,268,2,31,1,6,12,5,8,8,8,6,2,1,2,15,30
5,30,5,33,6,0,0,0,1,0,1,44,1,0,0,3,9,268,2,31,1,6,12,4,7,7,7,6,1,1,1,14,15
15,30,5,47,5,0,0,0,1,0,1,39,6,0,0,3,9,268,2,31,2,6,14,5,6,7,6,5,1,0,2,16,30
13,29,6,33,4,0,0,0,1,0,1,31,14,0,0,3,9,268,1,31,3,8,15,5,5,9,6,4,1,0,1,14,15
-14,29,6,36,4,0,0,0,1,0,0,29,16,0,0,3,9,268,1,31,4,8,15,4,4,8,5,3,1,0,2,15,0
-42,28,5,40,3,0,0,1,1,0,0,14,31,0,0,3,9,268,1,30,5,8,16,3,3,8,5,3,1,0,2,15,30
37,28,6,32,3,0,0,1,1,0,0,9,36,0,0,3,9,268,2,29,4,7,15,2,2,7,4,2,1,0,2,13,30
61,27,5,35,3,0,0,1,1,0,0,6,39,0,0,3,9,268,2,28,4,7,15,1,1,7,4,3,1,0,2,14,45
63,20,8,31,5,0,1,3,2,0,1,14,1,0,0,3,9,268,2,19,5,8,16,5,11,19,12,8,1,1,1,13,15
75,18,7,24,6,0,1,2,2,0,2,6,9,0,0,3,9,268,2,17,4,8,14,5,10,19,13,8,1,1,3,12,30
36,17,6,24,7,0,1,2,1,0,2,3,12,0,0,3,9,268,2,16,4,7,14,4,12,18,13,7,1,1,3,12,30
-186,17,6,44,7,0,1,2,1,0,2,1,14,0,0,3,9,268,2,16,4,7,14,3,11,17,12,7,1,1,1,16,0
18,16,7,26,7,0,2,2,1,0,1,10,5,0,0,3,9,268,2,15,3,8,14,5,10,16,12,7,1,1,2,12,45
45,15,9,26,7,0,2,3,1,0,1,8,7,0,0,3,9,268,3,13,3,8,12,6,14,17,12,7,1,1,2,12,45
17,13,7,22,6,0,2,4,1,0,1,1,14,0,0,3,9,268,2,12,3,7,11,8,13,18,13,8,1,1,2,12,15
33,13,7,26,5,0,2,4,1,0,1,12,3,0,0,3,9,268,1,12,3,7,11,7,12,17,13,8,1,1,2,12,45
38,13,8,29,5,0,2,4,0,0,1,11,4,0,0,3,9,268,1,12,4,7,11,6,11,16,12,8,1,1,1,13,0
-11,13,8,29,5,0,2,4,0,0,1,7,8,0,0,3,9,268,2,11,4,7,11,7,10,15,11,7,1,1,1,13,0
26,13,9,16,5,0,2,4,0,0,0,2,13,0,0,3,9,268,2,11,4,8,11,7,9,14,10,6,0,1,1,11,30
22,11,8,19,6,0,2,3,1,0,0,5,10,0,0,3,9,268,2,9,4,6,9,8,9,16,11,5,0,0,2,12,0
21,11,8,14,5,0,2,3,1,0,0,5,10,0,0,3,9,268,2,9,4,6,9,7,8,15,10,4,0,0,2,11,15
24,11,8,22,4,0,2,3,1,0,0,3,12,0,0,3,9,268,2,9,4,7,9,6,7,14,9,3,0,0,2,12,15
-17,9,6,18,6,0,2,2,1,0,0,10,5,0,0,3,9,268,2,7,3,6,7,5,6,15,10,4,0,0,3,11,45
12,9,6,19,6,0,2,1,1,0,0,8,7,0,0,3,9,268,2,7,3,6,7,4,5,14,9,3,0,0,2,12,0
95,8,5,10,5,0,2,1,1,0,0,3,12,0,0,3,9,268,1,7,3,6,7,3,4,13,9,3,0,0,1,10,30
7,8,5,19,4,0,3,1,1,0,0,12,3,0,0,3,9,268,2,6,3,5,6,2,4,14,8,3,0,0,2,12,0
19,8,5,14,4,0,2,1,1,0,0,11,4,0,0,3,9,268,2,6,3,5,6,1,3,13,7,2,0,0,2,11,15
25,4,3,12,6,0,1,2,1,0,0,10,5,0,0,3,9,268,1,3,2,3,3,2,8,12,10,4,0,0,1,10,45
28,3,3,10,7,0,1,2,1,0,0,1,14,0,0,3,9,268,2,1,1,1,1,5,9,13,10,4,0,0,1,10,30
6,3,3,6,6,0,1,2,1,0,0,8,7,0,0,3,9,268,2,1,1,1,1,6,10,12,9,4,0,0,2,10,0
23,2,2,8,6,0,0,2,1,0,0,7,8,0,0,3,9,268,1,1,1,1,1,5,9,11,9,4,0,0,2,10,15
56,2,2,6,6,0,0,2,0,0,0,5,10,0,0,3,9,268,1,1,1,1,1,4,8,10,8,3,0,0,2,10,0
16,1,1,13,6,0,0,1,1,0,0,2,13,0,0,3,9,268,1,0,0,0,0,5,7,9,8,2,0,0,2,11,0
33,1,1,8,5,0,0,1,1,0,0,0,15,0,0,3,9,268,1,0,0,0,0,5,6,8,7,2,0,0,2,10,15
18,1,1,16,4,0,0,1,1,0,0,11,4,0,0,3,9,268,1,0,0,0,0,5,5,7,6,2,0,0,1,11,30
48,0,0,2,3,0,0,1,1,0,0,0,3,0,0,3,9,268,0,0,0,0,0,4,6,6,6,2,0,0,2,9,30
41,0,0,4,3,0,0,0,1,0,0,0,5,0,0,3,9,268,0,0,0,0,0,3,5,5,5,2,0,0,2,9,45
7,0,0,2,2,0,0,0,1,0,0,0,15,0,0,3,9,268,0,0,0,0,0,2,4,4,4,2,0,0,2,9,30
55,0,0,4,1,0,0,0,1,0,0,0,16,0,0,3,9,268,0,0,0,0,0,1,3,3,3,2,0,0,2,9,45
8,0,0,0,1,0,0,0,0,0,0,0,52,0,1,3,9,268,0,0,0,0,0,2,2,2,2,1,0,0,1,9,0
14,0,0,1,0,0,0,0,0,0,0,0,57,0,0,3,9,268,0,0,0,0,0,1,1,1,1,0,0,0,2,9,15
104,36,4,41,2,0,0,1,1,0,0,8,0,0,0,2,9,267,4,51,1,5,11,1,3,8,1,0,8,2,4,16,0
1,34,6,55,2,0,0,2,0,0,1,2,13,1,0,2,9,267,3,49,3,5,12,3,5,11,3,2,8,2,1,17,30
18,33,5,52,2,0,0,2,0,0,1,6,9,0,0,2,9,267,3,47,3,6,12,3,4,10,3,1,7,2,1,17,0
19,30,2,44,3,0,0,2,0,0,1,3,12,0,0,2,9,267,2,46,2,7,12,3,5,12,5,2,6,2,2,16,15
-11,30,2,54,4,0,0,1,0,0,1,7,8,0,0,2,9,267,3,45,3,6,13,2,5,11,4,2,6,1,1,17,15
10,29,1,50,4,0,0,2,0,0,0,13,2,0,0,2,9,267,3,44,3,7,14,3,5,14,4,1,6,1,2,16,45
6,28,1,48,3,0,1,2,1,0,0,6,9,0,0,2,9,267,3,42,4,6,13,4,7,15,5,2,6,2,2,16,30
50,28,1,41,2,0,1,2,1,0,0,4,11,0,0,2,9,267,3,42,4,6,14,3,6,14,4,2,5,2,4,16,0
-74,28,2,52,3,0,0,3,1,0,1,3,12,0,0,2,9,267,3,39,2,5,13,3,7,15,6,2,5,1,1,17,0
48,28,2,37,2,0,0,3,1,0,1,6,9,0,0,2,9,267,2,39,3,7,14,4,7,14,6,3,5,2,2,15,30
-7,28,3,44,2,0,0,4,1,0,1,24,6,0,0,2,9,267,3,37,3,7,13,4,10,13,6,3,4,3,2,16,15
-8,28,3,37,2,0,0,3,1,0,1,17,13,0,0,2,9,267,3,37,3,7,13,4,9,12,5,2,4,2,2,15,30
-26,27,3,41,3,0,0,3,1,0,0,6,24,0,0,2,9,267,3,36,4,7,14,4,9,11,5,1,4,2,4,16,0
18,26,2,39,4,0,0,2,1,0,0,2,28,0,0,2,9,267,3,35,3,7,13,3,8,10,5,0,4,2,3,15,45
-42,26,3,48,5,0,0,2,0,0,0,9,6,0,0,2,9,267,2,34,4,7,15,6,8,9,6,1,4,2,2,16,30
-21,26,4,33,6,0,0,2,0,0,0,51,9,0,0,2,9,267,2,32,3,7,14,6,8,10,7,3,3,3,1,14,45
-54,25,4,44,7,0,0,2,0,0,0,46,14,0,0,2,9,267,3,30,2,5,13,5,7,9,7,3,2,2,2,16,15
-126,25,4,50,7,0,0,1,0,0,0,45,15,0,0,2,9,267,3,30,2,5,13,4,6,8,6,3,2,1,2,16,45
-3,25,5,32,6,0,0,1,0,0,0,44,16,0,0,2,9,267,3,30,2,5,13,3,5,7,5,3,2,1,3,14,30
-65,25,5,39,5,0,0,1,0,0,0,40,20,0,0,2,9,267,3,30,2,6,13,3,4,7,4,2,2,1,3,15,45
4,24,6,33,6,0,0,0,0,0,0,21,39,0,0,2,9,267,2,29,4,7,15,3,3,9,5,3,2,1,1,14,45
13,23,6,33,6,0,0,0,0,0,0,13,47,0,0,2,9,267,2,28,3,7,14,2,2,10,5,3,2,1,1,14,45
-76,23,8,36,6,0,0,1,0,0,0,6,54,0,0,2,9,267,4,26,2,7,12,1,2,9,4,3,1,1,2,15,15
76,15,5,28,8,0,0,3,1,0,1,7,8,0,0,2,9,267,2,19,3,5,12,3,8,17,12,7,1,1,1,13,0
-2,14,5,31,8,0,0,2,1,0,1,7,8,0,0,2,9,267,1,19,5,7,13,5,9,19,12,6,1,1,1,13,30
5,12,4,26,8,0,0,4,1,0,0,11,4,0,0,2,9,267,1,17,3,7,13,6,10,20,13,7,1,1,2,12,45
88,12,5,22,7,0,0,5,1,0,0,6,9,0,0,2,9,267,2,16,2,6,12,5,10,19,12,7,0,1,2,12,15
47,12,5,24,6,0,0,5,1,0,0,3,12,0,0,2,9,267,1,16,3,6,12,4,9,19,12,7,0,0,2,12,30
50,11,6,26,6,0,0,5,2,0,0,8,7,0,0,2,9,267,2,14,2,5,11,5,10,21,12,8,0,0,2,12,45
56,11,6,18,6,0,0,4,2,0,0,5,10,0,0,2,9,267,2,14,2,6,11,4,9,20,11,7,0,0,3,11,45
56,11,6,28,5,0,0,4,2,0,0,3,12,0,0,2,9,267,2,14,3,6,13,4,8,19,10,6,0,0,1,13,0
44,10,7,24,7,0,0,3,2,0,0,13,2,0,0,2,9,267,3,12,2,6,12,6,9,19,10,5,0,0,2,12,30
-71,10,7,30,7,0,0,2,2,0,0,12,3,0,0,2,9,267,3,12,3,6,12,5,9,18,9,5,0,0,1,13,15
91,8,6,16,6,0,0,2,2,0,0,4,11,0,0,2,9,267,1,12,4,6,12,5,12,17,10,5,0,0,1,11,30
44,8,6,22,6,0,0,2,2,0,0,0,15,0,0,2,9,267,2,11,3,6,11,4,11,17,9,4,0,0,2,12,15
40,7,5,19,6,0,0,2,2,0,0,9,6,0,0,2,9,267,2,10,3,6,10,3,10,16,9,3,0,0,2,12,0
87,7,5,13,6,0,0,2,1,0,0,0,15,0,0,2,9,267,2,10,4,7,10,4,13,16,8,2,0,0,1,11,0
97,5,3,11,5,0,0,2,2,0,0,9,6,0,0,2,9,267,1,9,3,6,9,6,12,15,9,2,0,0,2,10,45
13,4,3,16,5,0,0,2,3,0,0,9,6,0,0,2,9,267,2,7,3,6,7,7,11,16,9,3,0,0,1,11,30
9,4,3,15,4,0,0,2,3,0,0,8,7,0,0,2,9,267,2,7,3,6,7,6,10,15,8,3,0,0,2,11,15
12,3,2,19,4,0,0,1,3,0,1,13,2,0,0,2,9,267,2,6,3,6,6,9,10,15,8,4,0,0,2,12,0
2,3,2,19,4,0,0,0,3,0,1,12,3,0,0,2,9,267,2,6,3,6,6,8,9,14,7,3,0,0,2,12,0
9,3,2,13,3,0,0,0,3,0,1,9,6,0,0,2,9,267,2,6,3,6,6,7,8,13,6,2,0,0,1,11,0
99,2,1,1,2,0,0,0,3,0,1,7,8,0,0,2,9,267,0,6,3,6,6,6,7,13,7,3,0,0,1,9,15
50,2,1,9,2,0,0,0,2,0,1,5,10,0,0,2,9,267,0,6,4,6,6,5,6,12,6,3,0,0,2,10,30
-22,2,2,11,3,0,1,0,2,0,0,6,9,0,0,2,9,267,2,4,3,4,4,4,6,11,5,3,0,0,2,10,45
1,2,2,9,2,0,1,0,2,0,0,3,12,0,0,2,9,267,1,4,3,4,4,3,6,10,5,4,0,0,2,10,30
44,2,2,7,1,0,1,0,2,0,0,2,13,0,0,2,9,267,1,4,3,4,4,2,5,9,4,3,0,0,2,10,15
39,2,2,5,2,0,1,0,1,0,0,1,14,0,0,2,9,267,2,3,2,3,3,2,4,8,3,3,0,0,2,10,0
24,1,1,5,4,0,1,0,0,0,0,2,13,0,0,2,9,267,1,1,1,1,1,3,6,7,5,4,0,0,2,10,0
-370,1,1,44,5,0,0,0,0,0,0,1,14,0,0,2,9,267,1,0,0,0,0,3,6,6,5,4,0,0,2,16,15
-6,0,0,3,4,0,0,0,0,0,0,4,11,0,0,2,9,267,0,0,0,0,0,3,5,5,5,3,0,0,2,9,45
22,0,0,2,3,0,0,0,0,0,0,0,12,0,0,2,9,267,0,0,0,0,0,4,4,4,4,3,0,0,2,9,30
15,0,0,0,2,0,0,0,0,0,0,0,15,0,1,2,9,267,0,0,0,0,0,3,3,3,3,2,0,0,1,9,0
-20,0,0,7,1,0,0,0,0,0,0,0,28,0,0,2,9,267,0,0,0,0,0,2,2,2,2,2,0,0,2,10,15
-16,0,0,3,0,0,0,0,0,0,0,0,36,0,0,2,9,267,0,0,0,0,0,1,1,1,1,1,0,0,2,9,45
125,36,2,37,1,0,0,2,0,0,0,28,2,0,0,6,9,264,2,47,2,2,9,1,3,7,2,1,6,1,2,15,30
56,35,4,46,1,1,0,2,0,0,0,6,9,0,0,6,9,264,1,45,2,5,10,2,4,9,4,4,5,1,2,16,45
-4,35,4,48,1,0,0,2,0,0,0,13,2,0,0,6,9,264,1,45,3,6,12,1,4,9,3,3,5,0,1,17,0
11,33,2,48,1,0,0,4,0,0,0,12,3,0,0,6,9,264,1,42,3,6,12,3,5,9,5,3,5,1,1,17,0
-13,33,3,45,1,0,0,5,0,0,0,5,10,0,0,6,9,264,3,40,1,5,10,2,5,8,4,2,5,1,2,16,30
-5,31,2,41,0,0,0,5,0,0,1,14,1,0,0,6,9,264,1,39,3,6,11,3,6,8,6,3,5,2,2,16,0
-12,31,2,50,0,0,0,4,0,0,2,2,13,1,0,6,9,264,2,38,3,5,11,3,6,9,5,2,5,2,1,17,30
5,31,4,43,2,0,0,3,0,0,2,2,13,0,0,6,9,264,2,36,2,5,11,3,5,8,6,2,4,2,1,16,15
-2,31,5,37,2,0,0,3,0,0,1,25,5,0,0,6,9,264,2,36,3,6,12,4,4,7,5,2,4,1,2,15,30
15,30,5,43,3,0,0,2,0,0,1,9,21,0,0,6,9,264,1,35,3,7,14,3,4,10,6,1,3,1,1,16,15
15,29,5,39,3,0,1,1,0,0,1,2,28,0,0,6,9,264,1,34,3,6,13,2,3,10,6,1,3,0,2,15,45
20,29,5,39,3,0,1,0,1,0,1,11,4,0,0,6,9,264,2,33,3,5,13,1,2,10,5,1,3,0,2,15,45
-11,25,7,33,7,0,1,0,1,0,1,25,20,0,0,6,9,264,2,28,3,7,13,3,7,12,9,4,3,1,2,14,30
-101,24,7,46,6,0,1,0,1,0,1,10,35,0,0,6,9,264,1,28,4,8,15,2,8,16,9,4,3,1,2,16,45
21,24,7,34,5,0,1,1,1,0,1,6,39,0,0,6,9,264,2,27,5,7,15,1,7,15,8,4,3,1,1,14,45
-40,19,5,41,5,0,2,2,3,0,1,5,10,0,0,6,9,264,2,22,2,5,13,7,8,17,12,6,3,2,2,16,0
107,19,6,26,5,0,1,2,3,0,1,4,11,0,0,6,9,264,2,22,2,6,14,6,7,16,11,6,3,2,2,12,45
27,19,6,28,5,0,1,1,3,0,1,3,12,0,0,6,9,264,2,22,4,6,15,5,6,15,10,5,2,2,1,13,0
32,18,6,31,5,0,1,1,3,0,1,14,1,0,0,6,9,264,2,21,3,6,14,4,5,15,10,5,2,1,1,13,30
12,18,7,32,5,0,1,1,2,0,1,8,7,0,0,6,9,264,2,21,3,6,14,3,5,15,9,5,2,1,1,14,15
12,17,7,28,5,0,0,2,2,0,1,13,2,0,0,6,9,264,2,20,3,6,14,3,7,14,9,5,2,1,1,13,0
6,16,7,34,4,0,0,2,2,0,1,6,9,0,0,6,9,264,1,20,3,8,15,2,8,13,9,5,2,1,1,14,45
29,14,7,23,5,0,0,3,3,0,0,14,1,0,0,6,9,264,2,17,3,7,12,5,9,13,10,5,1,1,2,12,30
123,12,6,18,5,0,0,3,3,0,1,11,4,0,0,6,9,264,2,15,3,8,11,8,11,18,11,6,1,0,1,11,30
39,11,5,23,5,0,0,3,2,0,1,7,8,0,0,6,9,264,1,15,5,9,11,7,10,17,11,6,1,0,2,12,30
68,11,6,21,5,0,0,2,2,0,1,6,9,0,0,6,9,264,1,15,5,9,11,6,9,16,10,5,1,0,1,12,0
32,11,6,30,4,0,0,2,3,0,1,1,14,0,0,6,9,264,2,14,4,8,11,5,8,16,9,4,1,0,1,13,15
26,9,4,16,5,0,0,2,2,0,1,11,4,0,0,6,9,264,1,13,4,7,10,4,7,15,10,3,1,0,2,11,15
51,9,4,20,4,0,0,2,2,0,1,11,4,0,0,6,9,264,1,13,4,7,10,3,6,14,9,3,1,0,1,11,45
16,9,6,23,4,0,0,2,2,0,1,5,10,0,0,6,9,264,2,12,3,7,10,3,5,16,8,3,1,0,2,12,30
24,8,6,18,4,0,0,2,2,0,0,11,4,0,0,6,9,264,1,12,5,7,11,4,5,16,8,3,1,0,1,11,30
84,7,5,13,5,0,0,2,3,0,0,10,5,0,0,6,9,264,3,9,3,4,9,3,4,15,8,3,1,0,2,11,0
86,6,4,26,6,0,0,2,3,0,0,2,13,0,0,6,9,264,3,7,2,2,7,2,7,14,9,5,1,0,2,12,45
63,6,4,13,6,0,0,2,2,0,0,12,3,0,0,6,9,264,3,7,2,3,7,2,8,14,8,4,1,1,2,11,0
20,2,1,22,8,0,0,1,2,0,0,13,2,0,0,6,9,264,1,5,1,4,5,7,12,16,11,5,1,1,3,12,15
59,2,2,11,7,0,0,1,2,0,0,10,5,0,0,6,9,264,1,5,2,5,5,7,11,16,10,5,1,1,3,10,45
28,2,2,13,7,0,0,1,1,0,0,6,9,0,0,6,9,264,0,5,3,5,5,9,10,15,10,5,1,1,2,11,0
50,2,2,16,7,0,0,0,1,0,0,3,12,0,0,6,9,264,0,5,3,5,5,8,9,14,9,4,1,1,2,11,15
31,2,2,5,6,0,0,0,1,0,0,3,12,0,0,6,9,264,0,5,3,5,5,7,8,13,8,4,1,1,2,10,0
38,2,2,11,5,0,0,0,1,0,0,2,13,0,0,6,9,264,0,5,4,5,5,7,7,12,7,4,1,1,3,10,45
-246,2,2,36,4,0,0,0,1,0,0,14,1,0,0,6,9,264,0,5,4,5,5,6,7,11,6,4,0,1,2,15,15
66,2,2,5,3,0,0,1,1,0,0,5,10,0,0,6,9,264,1,4,3,4,4,5,7,10,5,3,0,0,2,10,0
21,2,2,9,3,0,0,1,2,0,0,9,6,0,0,6,9,264,2,2,2,2,2,4,8,9,5,3,0,0,2,10,30
23,2,2,7,2,0,0,1,2,0,0,7,8,0,0,6,9,264,2,2,2,2,2,3,7,8,4,2,0,0,2,10,15
-6,2,2,7,2,0,0,1,1,0,0,6,9,0,0,6,9,264,2,2,2,2,2,2,6,7,3,1,0,0,2,10,15
7,2,2,9,1,0,0,1,1,0,0,3,12,0,0,6,9,264,2,2,2,2,2,1,5,6,2,1,0,0,2,10,30
-16,0,0,1,1,0,0,2,1,0,0,0,15,0,0,6,9,264,0,0,0,0,0,4,5,5,5,3,0,0,2,9,30
-36,0,0,3,1,0,0,1,1,0,0,0,24,0,0,6,9,264,0,0,0,0,0,4,4,4,4,3,0,0,2,9,45
1,0,0,1,1,0,0,1,0,0,0,0,33,0,0,6,9,264,0,0,0,0,0,3,3,3,3,3,0,0,2,9,30
10,0,0,0,0,0,0,1,0,0,0,0,35,0,1,6,9,264,0,0,0,0,0,2,2,2,2,2,0,0,2,9,15
-3,0,0,3,0,0,0,0,0,0,0,0,49,0,0,6,9,264,0,0,0,0,0,1,1,1,1,1,0,0,2,9,45
13,35,6,48,6,0,0,2,1,0,0,3,12,0,0,5,9,263,3,45,4,7,12,3,5,13,7,2,2,1,2,16,15
10,33,6,52,8,0,0,1,1,0,0,14,1,0,0,5,9,263,2,43,4,5,13,3,6,15,9,3,2,0,2,16,45
4,33,6,53,8,0,0,2,1,0,0,5,10,1,0,5,9,263,4,41,2,4,12,3,6,16,8,2,2,0,1,17,0
4,31,5,50,8,0,0,2,1,0,0,6,9,0,0,5,9,263,3,40,2,4,13,3,6,16,9,2,2,0,1,16,30
30,30,5,53,8,0,0,2,1,0,0,10,5,1,0,5,9,263,3,39,1,5,12,3,8,18,9,1,2,0,1,17,0
3,29,5,45,8,0,0,2,1,0,0,13,2,0,0,5,9,263,3,38,2,6,13,3,10,18,9,2,2,0,1,15,45
30,27,4,45,8,0,0,1,1,0,0,1,14,0,0,5,9,263,1,38,2,7,14,4,10,17,10,2,2,0,1,15,45
25,27,6,43,7,0,0,1,1,0,1,6,9,0,0,5,9,263,2,37,4,8,14,5,11,17,9,2,2,0,2,15,30
-31,27,7,50,8,0,0,1,0,0,1,10,5,0,0,5,9,263,2,36,5,8,15,8,11,16,9,2,2,0,1,16,30
20,26,6,35,7,0,0,1,0,0,1,4,11,0,0,5,9,263,1,36,5,9,15,7,10,16,9,1,2,0,2,14,30
-2,25,5,35,7,0,0,2,0,0,0,12,3,0,0,5,9,263,1,35,5,8,16,7,12,15,9,2,2,1,2,14,30
10,25,5,34,7,0,0,2,0,0,0,10,5,0,0,5,9,263,2,34,5,7,15,7,11,14,8,2,2,1,2,14,15
84,24,4,27,7,0,1,1,0,0,0,3,12,0,0,5,9,263,2,33,4,7,15,6,10,13,8,3,2,1,2,12,45
28,24,4,39,6,0,1,1,0,0,0,0,15,0,0,5,9,263,2,33,4,7,16,6,9,12,7,2,2,1,2,15,0
16,24,5,39,7,0,1,0,0,0,0,28,2,0,0,5,9,263,2,32,3,6,15,5,9,11,7,3,2,1,2,15,0
20,24,6,41,6,0,1,0,0,0,0,26,4,0,0,5,9,263,2,32,4,7,15,4,8,10,6,3,2,1,2,15,15
21,22,5,37,7,0,1,0,0,0,0,13,17,0,0,5,9,263,2,30,3,6,15,6,7,9,7,4,2,1,2,14,45
15,21,4,47,7,0,1,0,0,0,0,10,20,0,0,5,9,263,2,29,2,5,14,5,6,8,7,4,2,1,2,16,0
4,21,5,37,6,0,1,0,0,0,0,1,29,0,0,5,9,263,2,29,3,6,14,4,6,11,6,4,2,1,2,14,45
56,20,4,29,7,0,1,0,0,0,0,14,1,0,0,5,9,263,2,27,3,8,14,4,6,15,7,5,2,1,1,13,0
14,20,4,32,6,0,1,0,0,0,0,14,1,0,0,5,9,263,2,27,3,8,14,3,5,14,6,4,2,1,1,13,30
-1,20,4,33,6,0,0,0,0,0,0,14,1,0,0,5,9,263,2,27,3,8,14,2,4,13,5,4,1,1,1,14,0
61,20,7,25,6,0,0,0,0,0,0,14,1,0,0,5,9,263,2,26,4,9,15,2,3,13,5,4,1,0,2,12,30
60,17,6,31,7,0,0,0,0,0,0,10,5,0,0,5,9,263,1,24,5,9,16,2,2,16,7,4,1,0,1,13,15
43,16,6,29,9,0,0,0,0,0,0,8,7,0,0,5,9,263,2,21,5,8,15,1,8,16,8,3,1,1,1,13,0
-13,11,4,27,11,0,1,1,0,0,1,9,6,0,0,5,9,263,2,15,4,7,13,10,14,19,13,6,1,1,2,12,45
0,10,3,22,10,0,1,1,0,0,1,5,10,0,0,5,9,263,1,15,4,8,14,9,13,18,13,6,1,1,2,12,0
-204,10,3,43,10,0,0,1,0,0,1,4,11,0,0,5,9,263,1,15,4,8,14,8,12,17,12,5,0,1,2,15,30
42,10,3,23,9,0,0,1,0,0,1,2,13,0,0,5,9,263,1,15,4,8,14,7,11,17,11,5,0,0,2,12,15
-186,10,4,48,10,0,0,1,0,0,1,14,1,0,0,5,9,263,2,13,2,6,12,6,11,16,11,5,0,0,2,16,15
22,10,4,15,10,0,0,1,0,0,0,14,1,0,0,5,9,263,2,13,2,6,12,5,10,15,10,4,0,0,2,11,15
-105,10,4,41,9,0,0,1,0,0,0,9,6,0,0,5,9,263,2,13,3,6,12,6,9,14,9,4,0,0,2,15,15
29,10,4,25,8,0,0,1,0,0,0,8,7,0,0,5,9,263,2,13,3,7,12,5,8,13,8,3,0,0,2,12,30
24,9,4,18,7,0,0,1,0,0,0,1,14,0,0,5,9,263,1,13,4,8,12,5,7,13,8,3,0,0,2,11,30
27,9,5,20,7,0,0,1,0,0,0,12,3,0,0,5,9,263,2,12,3,7,11,4,6,13,7,2,0,0,1,11,45
20,8,5,18,8,0,0,1,0,0,0,12,3,0,0,5,9,263,2,10,3,5,10,5,7,15,8,4,0,0,2,11,30
30,7,4,23,7,0,0,1,0,0,0,9,6,0,0,5,9,263,1,10,3,7,10,4,6,14,8,3,0,0,2,12,15
93,7,4,13,6,0,0,2,0,0,0,6,9,0,0,5,9,263,2,9,3,6,9,3,5,14,7,3,0,0,3,11,0
100,7,5,9,5,0,0,2,0,0,0,11,4,0,0,5,9,263,1,9,4,7,9,2,6,14,7,3,0,0,2,10,30
50,7,7,9,6,0,0,2,0,0,0,0,15,0,0,5,9,263,2,7,2,6,7,3,6,15,7,3,0,0,2,10,30
-27,4,4,15,6,0,1,2,0,0,0,5,10,0,0,5,9,263,1,5,4,4,5,4,8,14,9,4,0,0,2,11,15
-7,4,4,11,6,0,1,1,0,0,0,3,12,0,0,5,9,263,1,5,4,4,5,4,8,14,8,4,0,0,2,10,45
11,3,3,13,7,0,1,1,0,0,0,5,10,0,0,5,9,263,2,3,2,3,3,4,9,13,8,3,0,0,3,11,0
-14,3,3,20,8,0,1,0,0,0,0,12,3,0,0,5,9,263,3,2,1,2,2,4,9,12,7,2,0,0,1,11,45
12,1,1,6,8,0,1,0,0,0,0,4,11,0,0,5,9,263,2,1,0,1,1,5,8,11,8,4,0,0,1,10,0
12,0,0,4,8,0,0,0,0,0,0,6,9,0,0,5,9,263,0,1,1,1,1,6,9,10,9,5,0,0,2,9,45
19,0,0,6,7,0,0,0,0,0,0,12,3,0,0,5,9,263,0,1,1,1,1,6,8,9,8,5,0,0,1,10,0
-13,0,0,15,6,0,0,0,0,0,0,5,10,0,0,5,9,263,0,1,1,1,1,5,7,8,7,4,0,0,2,11,15
14,0,0,8,5,0,0,0,0,0,0,4,11,0,0,5,9,263,0,1,1,1,1,4,6,7,6,3,0,0,2,10,15
10,0,0,11,4,0,0,0,0,0,0,1,14,0,0,5,9,263,0,1,1,1,1,5,6,6,5,3,0,0,2,10,45
11,0,0,2,4,0,0,0,0,0,0,0,7,0,0,5,9,263,1,0,0,0,0,4,5,5,4,3,0,0,2,9,30
16,0,0,1,3,0,0,0,0,0,0,0,10,0,0,5,9,263,1,0,0,0,0,3,4,4,3,2,0,0,2,9,15
11,0,0,2,2,0,0,0,0,0,0,0,27,0,0,5,9,263,0,0,0,0,0,3,3,3,3,1,0,0,2,9,30
-15,0,0,4,1,0,0,0,0,0,0,0,29,0,0,5,9,263,0,0,0,0,0,2,2,2,2,0,0,0,2,9,45
-13,0,0,0,0,0,0,0,0,0,0,0,56,0,1,5,9,263,0,0,0,0,0,1,1,1,1,0,0,0,1,9,0
22,28,4,51,2,0,0,0,0,0,0,5,25,1,0,4,9,262,2,49,4,9,15,1,4,9,1,1,4,0,1,17,30
3,24,6,47,5,0,3,1,0,0,1,1,14,0,0,4,9,262,4,40,3,5,9,4,8,13,7,3,4,0,2,16,45
-29,24,6,49,5,0,2,1,0,0,1,12,3,0,0,4,9,262,4,40,3,5,9,3,7,12,6,3,4,0,1,17,0
8,24,6,45,5,0,1,1,0,0,1,11,4,0,0,4,9,262,4,40,3,5,9,2,6,11,5,2,4,0,2,16,30
22,24,6,45,4,0,1,1,0,0,1,4,11,0,0,4,9,262,4,40,4,6,10,3,5,10,4,2,4,0,2,16,30
-21,21,3,49,7,0,0,1,0,0,1,11,4,0,0,4,9,262,3,37,3,4,10,4,8,11,7,4,4,1,1,17,0
-10,19,1,43,7,0,0,1,0,0,1,5,10,0,0,4,9,262,2,36,2,3,10,3,7,11,8,6,4,1,1,16,0
17,19,1,38,6,0,0,1,0,0,1,3,12,0,0,4,9,262,2,36,2,3,10,2,6,10,7,5,4,1,3,15,30
20,19,1,36,5,0,0,1,0,0,2,9,6,0,0,4,9,262,2,35,1,3,9,3,5,9,7,5,4,1,2,15,15
-5,18,1,38,5,0,0,2,0,0,1,1,14,0,0,4,9,262,2,34,1,4,10,4,5,10,7,5,4,2,3,15,30
11,18,1,44,5,0,0,1,0,0,1,14,1,0,0,4,9,262,2,34,1,5,10,3,4,9,6,5,3,2,2,16,15
53,18,1,32,4,0,0,1,0,0,1,6,9,0,0,4,9,262,2,34,2,5,10,3,4,8,5,4,3,1,2,14,45
37,18,2,32,3,0,0,1,0,0,1,13,2,0,0,4,9,262,2,34,3,6,10,2,4,7,4,3,3,1,2,14,45
-25,18,4,47,3,0,0,1,1,0,1,7,8,0,0,4,9,262,3,32,3,6,11,2,4,9,4,3,2,1,2,16,45
-5,17,4,31,3,0,0,2,1,0,2,22,23,0,0,4,9,262,3,29,3,5,13,3,5,9,6,3,2,1,2,14,30
11,16,3,40,3,0,0,2,1,0,2,20,25,0,0,4,9,262,2,28,3,4,12,2,4,8,7,2,2,1,1,15,45
46,16,3,36,3,0,0,2,1,0,2,7,38,0,0,4,9,262,3,27,3,4,13,2,5,8,6,1,2,1,2,15,15
-24,14,3,30,4,0,0,3,1,0,1,0,15,0,0,4,9,262,3,25,1,4,12,2,5,12,7,0,1,2,1,14,15
54,13,3,27,4,0,0,3,1,0,1,3,12,0,0,4,9,262,2,24,1,5,12,3,4,14,8,1,1,1,2,13,15
-151,13,6,40,4,0,0,3,1,0,0,11,4,0,0,4,9,262,2,24,3,10,14,3,4,15,7,1,1,1,1,15,45
-58,13,6,34,3,0,0,3,1,0,0,10,5,0,0,4,9,262,1,24,4,10,14,2,3,14,7,2,1,1,2,15,0
20,12,6,28,4,0,0,2,1,0,0,14,1,0,0,4,9,262,1,23,5,9,14,1,4,14,7,2,0,1,1,13,30
50,10,5,24,6,0,2,2,1,0,0,13,2,0,0,4,9,262,2,18,4,6,11,3,10,15,10,4,0,0,1,12,45
6,7,3,18,10,0,1,2,1,0,0,8,7,0,0,4,9,262,2,14,2,4,11,9,11,17,13,6,0,0,1,11,45
74,7,3,19,9,0,1,2,1,0,0,3,12,0,0,4,9,262,2,14,2,5,11,8,10,16,12,6,0,0,2,12,0
-38,6,3,34,9,0,1,1,1,0,0,11,4,0,0,4,9,262,1,14,3,5,12,7,11,16,12,5,0,0,2,15,0
-4,6,3,24,9,0,1,0,1,0,0,10,5,0,0,4,9,262,1,14,3,6,12,6,10,15,11,5,0,0,1,12,45
78,5,2,20,8,0,1,0,1,0,0,8,7,0,0,4,9,262,0,14,3,7,12,6,9,14,11,4,0,0,2,12,15
-32,5,2,20,7,0,1,1,1,0,0,5,10,0,0,4,9,262,1,13,2,6,11,5,8,14,10,4,0,0,2,12,15
33,5,2,14,6,0,1,1,1,0,0,14,1,0,0,4,9,262,1,13,3,6,11,5,8,13,9,3,0,0,2,11,15
86,5,2,12,5,0,1,1,1,0,0,13,2,0,0,4,9,262,1,13,3,6,11,4,7,12,8,3,0,0,2,11,0
-31,5,2,22,5,0,0,1,1,0,0,13,2,0,0,4,9,262,1,13,3,6,11,3,6,11,7,2,0,0,2,12,30
-77,4,1,28,5,0,0,1,1,0,1,8,7,0,0,4,9,262,1,11,3,5,11,4,6,13,8,3,0,0,1,13,30
4,4,1,22,5,0,0,2,0,0,1,3,12,0,0,4,9,262,2,10,3,5,10,3,7,13,7,3,0,0,2,12,30
34,3,2,16,5,0,0,2,0,0,1,0,15,0,0,4,9,262,1,9,2,6,9,3,6,17,8,3,0,0,1,11,30
27,3,2,16,4,0,0,2,0,0,1,14,1,0,0,4,9,262,1,9,2,6,9,2,5,16,7,3,0,0,1,11,30
16,3,2,14,3,0,1,2,1,0,1,2,13,0,0,4,9,262,3,7,2,5,7,4,6,16,6,2,0,0,2,11,15
24,3,3,12,2,0,1,2,1,0,1,12,3,0,0,4,9,262,1,7,5,7,7,4,8,15,7,4,0,0,2,11,0
-3,3,3,7,2,0,0,3,1,0,1,7,8,0,0,4,9,262,1,6,4,6,6,3,7,14,7,5,0,0,1,10,15
10,3,3,10,3,0,0,2,1,0,1,5,10,0,0,4,9,262,2,5,3,5,5,3,6,13,6,4,0,0,2,10,45
17,1,1,2,3,0,0,3,1,0,2,12,3,0,0,4,9,262,2,2,2,2,2,5,11,12,8,4,0,0,1,9,30
16,1,1,7,3,0,0,2,1,0,2,5,10,0,0,4,9,262,2,2,2,2,2,4,11,11,7,4,0,0,1,10,15
-1,1,1,5,4,0,0,2,0,0,2,11,4,0,0,4,9,262,1,1,1,1,1,8,10,10,8,6,0,0,2,10,0
-285,1,1,40,4,0,0,2,0,0,1,7,8,0,0,4,9,262,1,1,1,1,1,7,9,9,7,5,0,0,1,15,45
7,0,0,2,4,0,0,2,0,0,1,1,14,0,0,4,9,262,1,0,0,0,0,7,8,8,7,4,0,0,1,9,30
-11,0,0,10,3,0,0,2,0,0,1,0,12,0,0,4,9,262,0,0,0,0,0,7,7,7,7,3,0,0,2,10,45
2,0,0,0,2,0,0,2,0,0,1,0,13,0,1,4,9,262,0,0,0,0,0,6,6,6,6,3,0,0,1,9,0
-34,0,0,9,1,0,0,2,0,0,1,0,14,0,0,4,9,262,0,0,0,0,0,5,5,5,5,3,0,0,2,10,30
-21,0,0,5,1,0,0,1,0,0,1,0,15,0,0,4,9,262,0,0,0,0,0,4,4,4,4,2,0,0,2,10,0
-243,0,0,26,1,0,0,1,0,0,0,0,18,0,0,4,9,262,0,0,0,0,0,3,3,3,3,2,0,0,1,13,0
-29,0,0,4,1,0,0,0,0,0,0,0,25,0,0,4,9,262,0,0,0,0,0,2,2,2,2,2,0,0,2,9,45
-1,0,0,1,0,0,0,0,0,0,0,0,33,0,0,4,9,262,0,0,0,0,0,1,1,1,1,1,0,0,2,9,15
-3,36,4,53,2,0,1,2,0,0,0,11,4,1,0,3,9,261,2,48,3,8,11,1,3,9,4,0,5,1,1,17,30
37,34,6,47,4,0,2,3,0,0,0,6,9,0,0,3,9,261,3,43,5,6,12,3,6,16,7,2,4,1,1,16,30
35,33,5,50,5,0,2,3,0,0,0,12,3,0,0,3,9,261,4,41,4,4,10,2,7,15,7,1,4,0,1,17,0
64,30,2,45,5,0,4,3,0,0,0,1,14,0,0,3,9,261,4,38,1,3,7,3,7,15,9,2,4,1,2,16,15
-14,28,2,49,6,0,3,3,0,0,0,8,7,0,0,3,9,261,3,37,0,5,8,6,10,17,10,2,4,1,2,16,45
23,28,3,43,5,0,3,3,0,0,0,3,12,0,0,3,9,261,3,37,2,6,8,5,9,16,9,2,4,1,2,16,0
44,28,3,47,5,0,3,2,0,0,0,10,5,0,0,3,9,261,2,37,2,6,9,4,9,16,9,3,4,1,1,16,30
33,28,3,39,4,0,3,2,0,0,0,4,11,0,0,3,9,261,1,37,4,6,9,5,10,15,9,4,4,2,2,15,30
13,28,3,41,4,0,2,2,0,0,0,12,3,0,0,3,9,261,1,37,4,6,10,5,9,14,8,4,4,2,2,15,45
5,28,3,45,3,0,2,2,0,0,0,8,7,0,0,3,9,261,1,37,5,6,10,5,9,13,7,4,3,2,2,16,15
38,28,3,39,4,0,2,2,0,0,0,10,5,0,0,3,9,261,3,35,4,5,9,6,11,13,6,4,3,1,2,15,30
-19,28,3,50,4,0,3,1,0,0,0,8,7,0,0,3,9,261,4,34,3,4,9,6,10,12,5,3,3,1,1,17,0
46,26,1,35,5,0,2,1,0,0,0,12,3,0,0,3,9,261,3,33,2,4,11,5,9,12,6,4,3,1,2,15,0
-30,26,1,43,5,0,3,0,0,0,0,9,6,0,0,3,9,261,3,32,1,3,11,5,8,11,6,5,3,1,2,16,0
22,25,1,32,4,0,4,0,0,0,0,11,4,0,0,3,9,261,2,31,1,3,13,6,8,11,7,4,3,1,2,14,30
-153,25,1,52,4,0,3,0,0,0,0,10,5,0,0,3,9,261,2,31,1,3,13,6,7,11,6,3,2,1,1,17,15
-8,25,1,33,4,0,2,0,0,0,0,8,7,0,0,3,9,261,1,31,1,3,14,5,6,10,6,3,2,0,2,14,45
-37,25,1,35,4,0,1,0,0,0,0,40,5,0,0,3,9,261,1,31,2,4,14,4,5,10,5,3,2,0,2,15,0
-24,25,1,41,3,0,1,0,0,0,0,31,14,0,0,3,9,261,1,31,2,5,15,3,5,11,4,2,2,0,2,15,45
19,25,1,31,2,0,1,1,0,0,0,28,17,0,0,3,9,261,2,30,1,4,15,3,4,10,3,1,2,0,1,14,15
56,25,3,37,1,0,1,1,0,0,0,26,19,0,0,3,9,261,2,30,2,4,16,2,3,9,2,1,2,0,2,15,15
82,24,6,30,1,0,1,1,0,0,0,14,1,0,0,3,9,261,1,29,3,10,18,2,4,10,3,2,2,0,1,13,30
-105,24,9,37,1,0,1,1,0,0,1,20,10,0,0,3,9,261,2,27,7,11,20,3,5,14,3,1,2,1,2,15,15
-98,20,8,33,3,0,0,3,0,0,2,0,30,0,0,3,9,261,3,22,5,8,15,4,8,15,6,2,2,1,2,14,45
87,19,9,17,4,0,0,3,0,0,1,6,9,0,0,3,9,261,3,21,5,9,15,3,7,17,6,3,2,1,2,11,30
61,17,8,19,5,0,0,4,1,0,0,10,5,0,0,3,9,261,3,18,4,8,13,5,6,17,8,4,2,1,2,11,45
23,16,8,29,6,0,0,3,1,0,0,4,11,0,0,3,9,261,3,17,3,9,13,4,8,16,8,5,1,2,1,13,15
13,15,9,25,5,0,1,3,1,0,0,3,12,0,0,3,9,261,3,16,4,9,14,4,10,16,8,4,1,1,2,12,30
-3,14,8,25,4,0,1,3,1,0,0,1,14,0,0,3,9,261,2,16,5,9,14,3,9,15,8,3,1,1,2,12,30
123,13,7,11,6,0,1,2,1,0,0,11,4,0,0,3,9,261,3,14,4,7,12,2,9,14,8,3,1,1,2,10,45
16,13,8,19,6,0,0,2,1,0,0,4,11,0,0,3,9,261,2,14,6,7,12,4,8,14,8,3,1,1,2,11,45
15,9,6,21,6,0,1,3,2,0,0,10,5,0,0,3,9,261,2,10,3,5,9,7,11,16,11,5,0,1,2,12,0
62,9,6,17,5,0,1,3,2,0,0,9,6,0,0,3,9,261,2,10,3,5,9,6,10,15,10,5,0,0,2,11,30
12,8,5,27,4,0,1,3,2,0,0,9,6,0,0,3,9,261,1,10,3,5,9,5,9,14,10,5,0,0,1,12,45
7,7,4,23,5,0,1,3,2,0,0,14,1,0,0,3,9,261,2,8,1,4,7,4,8,14,10,4,0,0,2,12,15
12,7,6,23,4,0,1,3,2,0,0,9,6,0,0,3,9,261,2,8,2,5,8,6,7,13,9,3,0,0,2,12,15
22,6,5,15,3,0,1,3,3,0,0,4,11,0,0,3,9,261,2,7,1,5,7,5,7,12,9,2,0,0,2,11,15
0,6,5,21,3,0,1,3,2,0,0,11,4,0,0,3,9,261,2,7,2,5,7,5,6,12,8,2,0,0,2,12,0
62,4,3,11,2,0,1,3,2,0,0,13,2,0,0,3,9,261,0,7,4,5,7,4,6,13,9,4,0,0,2,10,45
4,4,3,15,2,0,0,3,3,0,0,11,4,0,0,3,9,261,1,6,3,4,6,3,5,13,8,3,0,0,2,11,15
-52,4,3,27,2,0,0,2,3,0,0,10,5,0,0,3,9,261,1,6,3,4,6,2,4,12,7,3,0,0,1,12,45
27,4,3,13,3,0,0,2,2,0,0,1,14,0,0,3,9,261,2,5,3,3,5,2,4,11,6,3,0,0,2,11,0
24,1,0,13,5,0,0,1,3,0,0,5,10,0,0,3,9,261,2,2,0,2,2,2,6,12,8,5,0,0,2,11,0
72,1,1,9,4,0,0,1,3,0,0,9,6,0,0,3,9,261,2,2,1,2,2,4,7,11,7,5,0,0,2,10,30
66,1,1,6,4,0,0,0,3,0,0,4,11,0,0,3,9,261,0,2,2,2,2,4,8,10,8,6,0,0,1,10,0
60,1,1,4,4,0,0,0,2,0,0,0,15,0,0,3,9,261,0,2,2,2,2,3,7,9,7,6,0,0,2,9,45
57,1,1,2,4,0,0,0,1,0,0,13,2,0,0,3,9,261,0,2,2,2,2,3,7,8,6,5,0,0,2,9,30
25,1,1,9,3,0,0,0,1,0,1,7,8,0,0,3,9,261,1,1,1,1,1,3,7,7,5,4,0,0,2,10,30
-6,0,0,1,4,0,0,0,1,0,0,0,1,0,0,3,9,261,0,0,0,0,0,4,6,6,6,4,0,0,2,9,15
44,0,0,2,3,0,0,0,1,0,0,0,6,0,0,3,9,261,0,0,0,0,0,5,5,5,5,3,0,0,2,9,30
-31,0,0,8,3,0,0,0,0,0,0,0,12,0,0,3,9,261,0,0,0,0,0,4,4,4,4,2,0,0,2,10,15
-1,0,0,4,2,0,0,0,0,0,0,0,19,0,0,3,9,261,0,0,0,0,0,3,3,3,3,1,0,0,2,9,45
11,0,0,6,1,0,0,0,0,0,0,0,31,0,0,3,9,261,0,0,0,0,0,2,2,2,2,1,0,0,1,10,0
4,0,0,0,0,0,0,0,0,0,0,0,33,0,1,3,9,261,0,0,0,0,0,1,1,1,1,0,0,0,1,9,0
37,33,5,48,3,0,0,2,0,0,1,9,6,0,0,2,9,260,2,44,3,5,13,2,5,8,5,2,4,4,2,17,15
0,31,5,49,3,0,0,3,0,0,1,1,14,1,0,2,9,260,2,42,3,5,13,4,6,9,6,3,4,3,1,17,30
12,30,4,41,5,0,0,3,0,0,0,0,15,0,0,2,9,260,2,40,2,6,12,4,6,14,7,4,3,3,2,16,30
29,30,5,49,5,0,0,2,0,0,0,25,5,1,0,2,9,260,2,40,2,6,12,4,5,13,6,3,2,2,1,17,30
26,29,4,44,6,0,0,1,0,0,0,19,11,0,0,2,9,260,2,39,2,5,11,3,4,13,6,2,1,1,2,16,45
32,28,4,41,5,0,0,1,0,0,0,7,23,0,0,2,9,260,1,39,5,8,12,3,3,13,6,2,1,0,2,16,30
23,27,4,44,5,0,0,1,0,0,0,11,4,0,0,2,9,260,1,38,4,7,12,2,3,12,6,3,1,0,2,16,45
33,26,3,46,5,0,0,1,1,0,0,12,3,0,0,2,9,260,2,36,5,7,10,1,5,12,6,2,1,0,1,17,0
50,24,2,32,7,0,1,2,1,0,0,13,2,0,0,2,9,260,2,31,3,5,11,8,10,14,10,3,1,0,2,15,0
-16,23,2,46,8,0,1,1,1,0,0,3,12,0,0,2,9,260,2,30,2,4,12,8,10,15,10,3,1,0,1,17,0
24,23,2,39,8,0,1,1,1,0,0,14,1,0,0,2,9,260,3,29,1,3,11,8,9,14,9,2,1,0,3,16,0
17,23,2,37,7,0,1,1,1,0,0,13,2,0,0,2,9,260,3,29,1,3,12,7,8,13,8,2,1,0,2,15,45
-4,23,2,34,7,0,0,1,1,0,0,12,3,0,0,2,9,260,3,29,2,3,12,6,7,12,7,1,1,0,1,15,15
18,23,2,39,6,0,0,1,1,0,0,11,4,0,0,2,9,260,3,29,2,3,12,5,6,11,6,1,1,0,3,16,0
12,23,2,34,6,0,0,1,0,0,0,10,5,0,0,2,9,260,2,29,2,3,12,4,5,10,6,1,1,0,1,15,15
-48,23,3,41,5,0,0,1,0,0,1,6,9,0,0,2,9,260,3,28,1,3,11,3,5,10,5,0,1,0,2,16,30
-20,22,3,32,4,0,0,1,0,0,1,4,11,0,0,2,9,260,2,28,2,4,12,3,5,9,5,1,1,0,2,15,0
-3,22,3,36,3,0,0,1,0,0,1,0,15,0,0,2,9,260,2,28,2,5,12,2,4,8,4,1,1,0,2,15,30
7,22,6,28,5,0,0,1,0,0,0,24,21,0,0,2,9,260,3,26,2,7,11,3,5,11,4,1,1,0,1,14,15
11,20,4,30,6,0,0,0,0,0,0,6,39,0,0,2,9,260,2,25,3,8,13,3,6,12,5,1,1,0,2,14,45
22,20,5,30,5,0,0,0,0,0,0,6,39,0,0,2,9,260,2,25,3,8,13,2,5,11,4,1,1,0,2,14,45
-24,18,4,29,7,0,0,0,0,0,0,12,3,0,0,2,9,260,2,22,5,6,12,3,5,14,6,3,1,0,2,14,30
84,17,4,20,8,0,0,0,0,0,0,10,5,0,0,2,9,260,2,20,4,5,11,3,7,15,7,4,1,0,2,12,30
15,16,3,24,8,0,0,0,1,0,0,4,11,0,0,2,9,260,2,18,2,4,9,2,7,14,8,5,1,0,1,13,0
-6,16,5,24,8,0,0,0,1,0,0,10,5,0,0,2,9,260,2,17,1,5,9,3,7,14,8,5,1,0,1,13,0
100,14,6,17,8,0,0,0,1,0,0,14,1,0,0,2,9,260,1,16,4,5,11,5,10,15,9,4,1,0,1,11,45
25,13,5,20,7,0,0,0,1,0,0,10,5,0,0,2,9,260,0,16,4,6,12,5,10,14,9,4,1,0,2,12,30
54,13,5,22,6,0,0,0,1,0,0,2,13,0,0,2,9,260,0,16,5,6,13,5,10,14,8,4,1,0,2,12,45
-3,13,5,27,5,0,0,0,1,0,0,12,3,0,0,2,9,260,0,16,5,7,14,6,9,13,7,3,1,0,1,13,30
-31,13,6,26,6,0,0,0,1,0,0,4,11,0,0,2,9,260,2,14,3,5,12,6,8,15,6,2,1,0,1,13,15
-164,12,5,37,7,0,0,0,1,0,0,13,2,0,0,2,9,260,3,12,1,4,11,5,8,15,6,1,1,0,2,15,45
20,10,5,22,7,0,0,0,1,0,0,4,11,0,0,2,9,260,2,11,1,5,10,6,8,14,7,1,1,0,2,12,45
21,10,5,19,7,0,0,0,0,0,0,13,2,0,0,2,9,260,2,11,2,5,10,5,7,14,6,1,1,0,2,12,15
16,10,5,15,6,0,0,0,0,0,0,12,3,0,0,2,9,260,2,11,2,5,10,4,6,13,5,1,1,0,1,11,30
10,9,4,15,5,0,0,0,0,0,0,9,6,0,0,2,9,260,1,11,2,5,10,3,5,13,5,1,1,0,1,11,30
12,8,4,18,5,0,0,0,0,0,0,12,3,0,0,2,9,260,1,10,2,6,10,3,5,12,5,2,1,0,1,12,0
71,8,4,13,4,0,0,0,0,0,0,8,7,0,0,2,9,260,1,10,2,6,10,3,4,11,4,2,1,0,2,11,15
71,7,6,7,4,0,0,0,0,0,0,2,13,0,0,2,9,260,1,9,4,7,9,3,8,10,4,2,1,1,2,10,15
21,6,5,13,4,0,0,0,0,0,0,9,6,0,0,2,9,260,1,8,4,7,8,2,7,10,4,2,1,1,2,11,15
36,5,4,7,5,0,0,0,0,0,0,6,9,0,0,2,9,260,1,6,4,6,6,4,8,10,5,2,1,1,2,10,15
-8,2,1,9,6,0,0,0,0,0,0,5,10,0,0,2,9,260,0,4,3,4,4,5,7,11,7,4,1,1,1,10,30
18,1,1,12,6,0,0,0,1,0,0,8,7,0,0,2,9,260,1,2,2,2,2,6,6,10,7,4,1,1,2,11,0
49,1,1,3,5,0,0,0,1,0,0,7,8,0,0,2,9,260,1,2,2,2,2,5,5,9,6,3,0,1,2,9,45
10,1,1,9,4,0,0,0,1,0,0,5,10,0,0,2,9,260,1,2,2,2,2,4,4,8,5,3,0,0,1,10,30
6,1,1,5,3,0,0,0,1,0,0,2,13,0,0,2,9,260,1,2,2,2,2,3,3,7,4,3,0,0,2,10,0
7,1,1,5,3,0,0,0,1,0,0,2,13,0,0,2,9,260,1,1,1,1,1,2,4,6,4,3,0,0,2,10,0
38,1,1,1,2,0,0,0,1,0,0,10,5,0,0,2,9,260,0,1,1,1,1,1,3,5,4,3,0,0,1,9,15
3,0,0,0,2,0,0,0,1,0,0,0,19,0,1,2,9,260,0,0,0,0,0,4,4,4,4,3,0,0,1,9,0
32,0,0,3,1,0,0,0,1,0,0,0,24,0,0,2,9,260,0,0,0,0,0,3,3,3,3,2,0,0,2,9,45
-73,0,0,11,1,0,0,0,0,0,0,0,39,0,0,2,9,260,0,0,0,0,0,2,2,2,2,1,0,0,1,10,45
-4,0,0,2,0,0,0,0,0,0,0,0,42,0,0,2,9,260,0,0,0,0,0,1,1,1,1,0,0,0,2,9,30
15,23,1,46,1,0,0,2,0,0,0,8,7,0,0,6,9,257,1,45,3,6,11,2,4,10,3,1,5,2,1,17,0
0,23,2,48,2,0,0,1,0,0,0,14,1,1,0,6,9,257,2,44,2,6,11,2,3,9,2,0,5,1,1,17,30
1,23,2,46,2,0,0,2,0,0,0,1,14,0,0,6,9,257,1,42,4,7,11,2,6,9,4,2,5,2,1,17,0
-8,22,1,44,2,0,0,2,0,0,0,3,12,0,0,6,9,257,1,41,4,7,11,2,7,9,4,2,4,3,2,16,45
7,21,2,40,2,0,1,3,0,0,0,10,5,0,0,6,9,257,2,38,4,5,10,6,6,11,5,3,4,2,1,16,0
-4,21,3,43,2,0,2,2,0,0,0,14,1,0,0,6,9,257,2,37,3,5,10,5,5,10,5,4,4,2,2,16,30
-14,21,3,40,2,0,2,3,0,0,0,7,8,0,0,6,9,257,2,35,2,4,9,4,5,10,6,5,4,2,1,16,0
-2,21,3,44,2,0,2,2,0,0,0,6,9,0,0,6,9,257,2,35,2,4,9,3,4,9,5,4,3,2,2,16,45
-40,21,3,42,2,0,1,2,0,0,0,0,15,0,0,6,9,257,2,35,2,4,9,2,3,8,4,3,3,1,1,16,15
-19,21,3,38,3,0,0,2,0,0,0,12,3,0,0,6,9,257,2,34,1,3,10,1,2,7,4,2,2,1,2,15,45
7,18,4,38,4,0,1,2,0,0,0,9,6,0,0,6,9,257,1,31,2,5,10,3,6,12,7,3,2,0,2,15,45
-28,18,5,33,5,0,0,2,0,0,0,35,10,0,0,6,9,257,1,30,3,7,11,4,6,13,7,4,2,0,1,14,45
29,18,6,32,4,0,0,2,0,0,0,25,20,0,0,6,9,257,1,30,4,8,12,4,7,12,6,3,2,1,2,14,30
1,18,6,35,5,0,0,1,0,0,0,24,21,0,0,6,9,257,2,29,3,7,11,3,6,11,5,3,2,1,1,15,0
15,17,6,31,5,0,0,1,0,0,0,12,33,0,0,6,9,257,2,28,4,6,11,2,7,11,5,3,2,2,1,14,15
-8,15,6,37,4,0,0,2,0,0,0,13,2,0,0,6,9,257,1,27,4,6,11,3,7,13,6,2,2,2,2,15,30
14,13,4,28,6,0,0,2,0,0,0,12,3,0,0,6,9,257,2,24,2,5,12,5,7,14,7,1,2,2,2,13,15
18,13,4,29,5,0,1,2,0,0,0,5,10,0,0,6,9,257,3,23,2,4,11,5,7,13,6,1,1,2,1,13,30
5,12,3,29,4,0,1,2,0,0,0,12,3,0,0,6,9,257,2,23,2,5,11,4,6,13,6,2,1,1,1,13,30
-1,12,3,36,5,0,1,1,0,0,0,8,7,0,0,6,9,257,3,22,1,4,12,3,5,12,5,2,1,1,1,15,15
14,12,3,26,4,0,1,1,0,0,0,7,8,0,0,6,9,257,2,22,1,4,12,2,4,11,5,2,0,1,1,13,0
-5,10,1,33,4,0,1,1,0,0,0,8,7,0,0,6,9,257,1,21,2,4,12,3,4,11,6,2,0,0,1,14,45
-7,9,2,26,4,0,0,1,0,0,0,6,9,0,0,6,9,257,0,21,3,5,15,2,6,12,6,1,0,0,1,13,0
30,9,3,23,4,0,0,1,1,0,0,10,5,0,0,6,9,257,2,19,2,7,14,2,7,12,5,1,0,0,1,12,30
56,9,4,23,6,0,0,0,1,0,0,2,13,0,0,6,9,257,2,17,3,7,15,6,7,13,6,1,0,0,1,12,30
33,8,4,22,5,0,0,0,1,0,0,3,12,0,0,6,9,257,1,17,5,8,15,5,9,14,6,1,0,0,2,12,15
59,8,4,16,5,0,0,0,1,0,0,0,15,0,0,6,9,257,2,16,4,8,14,4,8,13,5,1,0,0,1,11,30
-7,8,4,20,4,0,0,0,1,0,0,14,1,0,0,6,9,257,2,16,4,9,14,3,7,13,4,1,0,0,1,12,0
70,7,5,16,3,0,0,1,1,0,0,6,9,0,0,6,9,257,2,15,5,9,13,3,6,14,4,2,0,0,1,11,30
-6,7,5,20,4,0,0,1,0,0,0,4,11,0,0,6,9,257,3,14,4,8,12,2,5,14,3,2,0,0,1,12,0
11,6,4,12,4,0,0,2,0,0,0,13,2,0,0,6,9,257,1,12,5,9,12,4,6,14,6,3,0,0,2,11,0
-26,5,4,19,5,0,0,2,0,0,0,2,13,0,0,6,9,257,2,10,5,8,10,4,6,14,6,3,0,0,2,11,45
-92,4,3,25,6,0,0,1,0,0,0,7,8,0,0,6,9,257,1,9,5,7,9,3,5,13,7,4,0,0,2,12,45
-24,4,4,16,5,0,0,1,0,0,0,4,11,0,0,6,9,257,1,9,5,7,9,3,6,12,6,3,0,0,1,11,30
-22,2,2,12,6,0,0,1,0,0,1,3,12,0,0,6,9,257,2,6,4,4,6,3,9,14,7,5,0,0,2,11,0
14,2,2,14,6,0,0,2,0,0,1,7,8,0,0,6,9,257,3,4,2,3,4,2,8,14,7,4,0,0,3,11,15
20,2,2,14,7,0,0,2,0,0,1,10,5,0,0,6,9,257,2,2,0,2,2,6,8,13,9,4,0,0,3,11,15
-11,0,0,6,7,0,0,1,0,0,1,6,9,0,0,6,9,257,0,2,1,2,2,6,8,12,10,5,0,0,2,10,15
26,0,0,8,7,0,0,0,0,0,1,5,10,0,0,6,9,257,0,2,1,2,2,5,7,11,9,5,0,0,2,10,30
-3,0,0,4,6,0,0,0,0,0,1,0,15,0,0,6,9,257,0,2,1,2,2,5,6,10,8,4,0,0,2,10,0
6,0,0,3,5,0,0,0,0,0,1,12,3,0,0,6,9,257,0,2,2,2,2,4,6,9,7,4,0,0,2,9,45
11,0,0,6,4,0,0,0,0,0,1,10,5,0,0,6,9,257,0,2,2,2,2,3,5,8,6,3,0,0,2,10,15
14,0,0,8,3,0,0,0,0,0,1,6,9,0,0,6,9,257,0,2,2,2,2,2,6,7,5,2,0,0,2,10,30
-29,0,0,10,3,0,0,0,0,0,1,0,15,0,0,6,9,257,1,1,1,1,1,2,6,6,4,2,0,0,2,10,45
25,0,0,4,3,0,0,0,0,0,1,0,11,0,0,6,9,257,0,0,0,0,0,4,5,5,5,3,0,0,2,10,0
-7,0,0,0,2,0,0,0,0,0,1,0,31,0,1,6,9,257,0,0,0,0,0,4,4,4,4,2,0,0,1,9,0
-15,0,0,1,2,0,0,0,0,0,0,0,36,0,0,6,9,257,0,0,0,0,0,3,3,3,3,2,0,0,1,9,15
-44,0,0,10,1,0,0,0,0,0,0,0,39,0,0,6,9,257,0,0,0,0,0,2,2,2,2,1,0,0,2,10,45
7,0,0,2,0,0,0,0,0,0,0,0,48,0,0,6,9,257,0,0,0,0,0,1,1,1,1,0,0,0,1,9,30
22,29,3,51,3,0,0,0,0,0,1,9,6,0,0,5,9,256,0,52,6,13,16,4,7,15,5,5,10,3,2,17,0
-30,29,4,55,3,0,0,1,0,0,1,4,11,0,0,5,9,256,2,50,5,12,15,3,7,14,4,4,10,3,1,17,30
3,29,4,53,2,0,0,1,0,0,1,3,12,0,0,5,9,256,2,50,5,12,16,2,6,13,3,3,9,3,1,17,15
-32,28,7,53,4,0,1,2,0,0,0,10,5,0,0,5,9,256,2,46,7,10,12,4,7,15,6,5,8,3,1,17,15
-27,27,6,56,3,0,1,3,0,0,0,0,15,1,0,5,9,256,1,45,7,9,13,4,7,17,7,5,7,2,1,18,0
-28,27,6,51,3,0,0,3,0,0,0,13,2,0,0,5,9,256,1,45,7,9,13,3,6,16,6,4,7,1,2,17,0
14,26,6,49,7,0,0,4,0,0,0,10,5,0,0,5,9,256,5,39,3,3,7,4,9,16,7,5,7,4,2,16,45
-9,26,6,47,6,0,0,4,0,0,0,7,8,0,0,5,9,256,5,39,3,4,7,3,8,15,6,4,7,4,2,16,30
-9,23,4,49,7,0,0,4,0,0,0,4,11,0,0,5,9,256,4,37,1,3,8,6,8,14,8,5,7,4,2,16,45
-14,21,2,46,6,0,0,4,1,0,0,11,4,0,0,5,9,256,3,36,0,2,7,6,8,13,9,5,6,4,2,16,15
0,21,2,47,5,0,0,4,1,0,0,6,9,0,0,5,9,256,3,36,1,3,8,5,10,12,8,5,6,4,2,16,30
11,21,2,37,5,0,0,3,1,0,0,13,2,0,0,5,9,256,2,36,2,4,8,4,10,12,8,5,6,4,1,15,15
21,21,2,43,5,0,0,2,1,0,0,11,4,0,0,5,9,256,2,36,2,4,8,4,9,11,7,4,5,4,1,16,0
4,21,2,43,5,0,0,1,1,0,0,9,6,0,0,5,9,256,2,36,2,4,8,3,8,10,6,4,4,3,1,16,0
21,21,2,37,4,0,0,1,1,0,0,4,11,0,0,5,9,256,2,36,2,4,10,2,7,9,5,3,3,2,1,15,15
6,19,0,41,4,0,0,2,1,0,0,27,3,0,0,5,9,256,1,34,2,4,11,6,7,11,7,5,3,1,3,15,45
17,19,1,40,4,0,0,1,1,0,0,15,15,0,0,5,9,256,0,34,2,5,11,6,6,10,7,5,3,1,2,15,30
-57,19,1,43,3,0,0,1,1,0,0,10,20,0,0,5,9,256,0,34,2,5,12,5,5,10,6,5,3,1,1,16,0
34,19,1,35,2,0,0,1,1,0,0,10,20,0,0,5,9,256,0,34,2,5,12,4,4,9,5,4,3,1,3,15,0
17,19,2,33,3,0,0,1,0,0,0,7,23,0,0,5,9,256,1,33,1,5,11,3,3,9,4,4,2,1,2,14,45
-24,19,3,41,2,0,0,1,0,0,0,1,29,0,0,5,9,256,1,33,2,5,12,2,2,9,3,3,2,0,3,15,45
29,19,4,32,2,0,0,1,0,0,0,30,15,0,0,5,9,256,2,32,3,6,13,1,2,9,2,2,2,0,2,14,15
-28,16,4,35,5,0,0,1,0,0,0,15,15,0,0,5,9,256,2,28,5,7,13,4,7,12,5,2,2,0,3,15,0
8,15,3,31,6,0,0,1,0,0,0,0,15,0,0,5,9,256,3,26,3,7,12,3,7,15,5,1,2,1,1,13,30
5,14,3,29,6,0,0,1,0,0,0,8,7,0,0,5,9,256,3,25,3,8,13,3,7,14,5,1,2,1,1,13,15
-47,14,4,33,7,0,0,1,0,0,0,1,14,0,0,5,9,256,4,23,2,6,12,4,6,14,5,0,2,1,2,14,45
7,12,4,27,6,0,0,1,0,0,0,12,3,0,0,5,9,256,2,23,4,7,14,4,8,16,6,1,2,1,2,13,0
54,12,4,23,6,0,1,0,0,0,0,8,7,0,0,5,9,256,3,22,5,7,14,4,7,15,5,1,2,1,2,12,30
42,12,4,20,5,0,1,0,0,0,0,6,9,0,0,5,9,256,3,22,5,7,15,3,6,15,4,1,2,1,2,12,0
-56,12,4,29,7,0,0,1,0,0,0,1,14,0,0,5,9,256,2,19,3,5,14,5,9,17,7,3,1,1,1,13,15
10,11,3,25,6,0,0,1,0,0,0,12,3,0,0,5,9,256,1,19,3,6,15,4,8,16,7,3,1,0,2,12,45
-11,9,4,21,7,0,0,1,0,0,0,6,9,0,0,5,9,256,1,17,2,8,15,5,9,19,8,3,1,0,2,12,15
-8,9,4,27,7,0,0,1,0,0,0,4,11,0,0,5,9,256,2,16,2,7,14,5,9,18,7,2,1,0,2,13,0
6,9,4,23,6,0,0,1,0,0,0,2,13,0,0,5,9,256,2,16,2,7,14,5,8,17,6,2,1,0,2,12,30
-26,8,6,25,6,0,0,1,0,0,0,11,4,0,0,5,9,256,1,15,5,9,14,5,10,16,7,3,1,1,2,12,45
23,8,6,17,5,0,0,1,0,0,0,10,5,0,0,5,9,256,1,15,5,9,14,4,9,15,6,3,1,1,1,11,30
13,8,7,16,5,0,0,1,0,0,0,4,11,0,0,5,9,256,1,14,5,8,13,5,10,14,6,4,1,1,2,11,15
12,8,7,19,4,0,0,1,0,0,0,3,12,0,0,5,9,256,1,14,5,8,13,4,9,13,5,4,1,1,1,11,45
-12,7,6,17,5,0,1,1,0,0,0,4,11,0,0,5,9,256,2,11,4,7,11,5,9,13,6,3,1,1,1,11,30
44,6,6,13,5,0,2,1,0,0,0,9,6,0,0,5,9,256,3,9,3,7,9,5,10,12,6,2,1,1,1,11,0
-8,5,5,21,5,0,2,0,0,0,0,4,11,0,0,5,9,256,2,9,3,7,9,6,10,12,6,2,1,1,2,12,15
0,5,5,12,4,0,2,0,0,0,0,0,15,0,0,5,9,256,2,9,4,7,9,5,9,13,5,1,1,1,3,10,45
6,4,4,11,4,0,2,0,0,0,0,8,7,0,0,5,9,256,2,8,4,6,8,4,8,13,5,1,1,1,1,10,30
42,2,2,8,5,0,1,1,0,0,0,0,15,0,0,5,9,256,2,6,4,5,6,5,7,13,6,2,0,1,2,10,10
-7,2,2,13,4,0,1,1,0,0,0,9,1,0,0,5,9,256,2,6,4,5,6,5,6,13,5,2,0,0,1,11,0
7,1,1,9,3,0,1,1,0,0,0,7,3,0,0,5,9,256,1,6,4,5,6,4,5,12,5,2,0,0,1,10,15
28,1,1,6,3,0,1,2,0,0,0,7,8,0,0,5,9,256,3,4,2,4,4,4,4,11,4,1,0,0,1,10,0
-248,1,1,37,2,0,1,2,0,0,0,3,12,0,0,5,9,256,2,4,2,4,4,3,4,10,4,2,0,0,1,15,15
37,0,0,4,3,0,0,3,0,0,0,12,3,0,0,5,9,256,2,2,1,2,2,2,3,9,5,3,0,0,2,9,45
8,0,0,6,2,0,0,3,0,0,0,7,8,0,0,5,9,256,2,2,1,2,2,1,2,8,4,3,0,0,1,10,0
16,0,0,3,4,0,0,2,0,0,0,0,10,0,0,5,9,256,1,0,0,0,0,5,7,7,6,6,0,0,2,9,30
-2,0,0,4,4,0,0,1,0,0,0,0,25,0,0,5,9,256,0,0,0,0,0,6,6,6,6,5,0,0,2,9,45
-13,0,0,0,3,0,0,1,0,0,0,0,26,0,1,5,9,256,0,0,0,0,0,5,5,5,5,4,0,0,2,9,0
-18,0,0,1,2,0,0,1,0,0,0,0,27,0,0,5,9,256,0,0,0,0,0,4,4,4,4,4,0,0,1,9,15
-24,0,0,9,1,0,0,1,0,0,0,0,36,0,0,5,9,256,0,0,0,0,0,3,3,3,3,3,0,0,1,10,15
-2,0,0,1,1,0,0,0,0,0,0,0,44,0,0,5,9,256,0,0,0,0,0,2,2,2,2,2,0,0,1,9,15
-99,0,0,13,0,0,0,0,0,0,0,0,48,0,0,5,9,256,0,0,0,0,0,1,1,1,1,1,0,0,1,11,0
-1,35,0,48,3,0,0,0,0,0,0,0,30,1,0,4,9,255,0,45,1,3,11,2,3,5,4,3,4,0,1,17,30
9,35,2,46,3,0,0,0,0,0,0,12,3,0,0,4,9,255,1,44,1,5,12,2,2,5,3,2,4,0,1,17,0
35,35,6,45,3,0,0,0,0,0,0,15,15,0,0,4,9,255,2,43,3,8,13,1,3,8,2,1,4,0,2,16,45
11,33,6,46,6,0,0,1,0,0,0,10,5,0,0,4,9,255,3,38,4,6,11,2,4,12,5,2,4,0,1,17,0
-24,31,5,44,6,0,0,1,0,0,1,7,8,0,0,4,9,255,3,36,2,5,10,1,4,11,6,1,4,1,1,16,30
25,27,1,39,6,0,0,2,0,0,1,7,8,0,0,4,9,255,1,34,3,6,15,3,10,13,9,2,4,3,1,15,30
12,27,2,42,7,0,0,2,0,0,1,10,5,0,0,4,9,255,3,32,3,5,14,5,9,13,8,2,4,3,1,15,45
-15,27,3,43,7,0,0,1,0,0,1,8,7,0,0,4,9,255,3,32,3,5,14,4,8,12,7,2,3,3,1,16,0
33,26,2,33,7,0,0,1,0,0,1,5,10,0,0,4,9,255,1,31,3,6,14,7,8,14,9,3,3,2,2,14,45
2,26,2,37,6,0,0,1,0,0,1,4,11,0,0,4,9,255,1,31,3,6,14,6,7,13,8,2,3,2,3,15,15
40,26,4,31,7,0,0,1,0,0,1,41,4,0,0,4,9,255,2,29,2,6,13,5,7,13,8,1,3,2,1,14,15
-48,26,6,35,6,0,0,1,0,0,1,35,10,0,0,4,9,255,2,29,2,8,13,4,7,12,7,1,3,2,2,15,0
-68,26,6,39,6,0,0,1,0,0,0,30,15,0,0,4,9,255,2,29,2,8,14,3,6,12,6,1,2,2,1,15,30
25,26,6,35,5,0,0,1,0,0,0,26,19,0,0,4,9,255,2,29,3,9,15,2,5,13,5,1,2,1,2,15,0
18,26,8,33,6,0,0,0,0,0,0,22,23,0,0,4,9,255,3,28,3,9,14,1,4,13,4,1,1,1,2,14,45
24,24,9,37,7,0,1,0,0,0,0,6,9,0,0,4,9,255,3,25,6,8,16,3,7,17,6,3,1,0,3,15,15
66,23,8,30,6,0,1,1,0,0,0,1,14,0,0,4,9,255,3,24,5,7,15,2,6,16,6,3,1,0,1,13,30
40,20,7,27,7,0,1,1,1,0,0,6,9,0,0,4,9,255,3,21,3,5,12,2,6,16,8,4,1,0,1,13,0
47,17,6,23,7,0,1,2,2,0,0,12,3,0,0,4,9,255,3,18,1,7,11,4,9,18,10,4,1,0,2,12,30
-123,16,6,39,7,0,0,2,2,0,0,0,15,0,0,4,9,255,2,18,3,7,12,5,12,18,10,5,1,0,1,15,30
35,15,5,29,6,0,0,2,2,0,0,13,2,0,0,4,9,255,1,18,3,7,12,5,11,17,10,5,1,0,1,13,15
23,15,5,23,5,0,0,2,2,0,0,12,3,0,0,4,9,255,1,18,3,7,12,4,10,16,9,4,1,0,2,12,30
23,14,6,25,5,0,0,2,2,0,0,11,4,0,0,4,9,255,1,16,6,8,15,5,10,16,9,4,1,0,2,12,45
28,12,4,21,6,0,0,3,1,0,0,1,14,0,0,4,9,255,1,15,4,7,13,8,13,15,10,5,1,1,2,12,15
22,12,4,25,6,0,0,2,1,0,0,14,1,0,0,4,9,255,1,15,4,7,13,7,12,14,9,5,1,1,2,12,45
15,12,5,27,5,0,0,2,1,0,0,11,4,0,0,4,9,255,1,15,5,7,13,6,11,14,8,5,1,1,1,13,0
56,12,5,19,6,0,0,2,0,0,0,7,8,0,0,4,9,255,2,14,5,7,12,6,10,13,7,5,1,1,2,12,0
13,10,4,21,7,0,0,2,1,0,0,3,12,0,0,4,9,255,2,11,3,5,11,9,10,13,9,4,1,1,2,12,15
-7,10,4,32,6,0,0,2,1,0,0,3,12,0,0,4,9,255,2,11,3,5,11,8,9,12,8,4,1,1,2,14,30
10,10,4,19,5,0,0,2,1,0,0,3,12,0,0,4,9,255,2,11,3,5,11,7,8,11,7,3,1,1,2,12,0
44,10,4,16,4,0,0,2,1,0,0,2,13,0,0,4,9,255,2,11,3,5,11,6,7,10,6,2,1,1,1,11,30
23,9,4,14,4,0,0,2,1,0,0,9,6,0,0,4,9,255,2,10,2,6,10,5,6,11,6,2,1,1,2,11,15
93,8,4,11,4,0,0,2,1,0,0,9,6,0,0,4,9,255,2,9,2,7,9,4,6,11,6,3,0,1,2,11,0
32,8,5,16,4,0,0,1,1,0,0,5,10,0,0,4,9,255,2,9,3,7,9,4,5,10,5,2,0,0,1,11,30
-9,8,5,18,3,0,0,1,1,0,0,4,11,0,0,4,9,255,2,9,3,7,9,3,4,9,4,1,0,0,2,11,45
29,8,5,14,2,0,0,1,1,0,0,4,11,0,0,4,9,255,2,8,3,7,9,2,3,9,3,1,0,0,2,11,15
54,6,5,8,4,0,0,1,1,0,0,5,10,0,0,4,9,255,2,6,4,6,6,2,4,12,5,1,0,0,1,10,30
23,4,4,11,8,0,0,1,0,0,0,12,18,0,0,4,9,255,2,2,1,2,2,3,6,11,7,4,0,0,2,11,0
-8,2,2,8,7,0,0,1,0,0,0,12,3,0,0,4,9,255,0,2,2,2,2,3,7,10,8,4,0,0,1,10,30
-7,1,1,11,8,0,0,0,0,0,0,13,2,0,0,4,9,255,0,1,1,1,1,4,8,10,9,4,0,0,2,11,0
72,1,1,4,8,0,0,0,0,0,0,14,1,0,0,4,9,255,1,0,0,0,0,4,8,9,8,4,0,0,2,9,45
-15,1,1,10,7,0,0,0,0,0,0,10,5,0,0,4,9,255,1,0,0,0,0,4,7,8,7,4,0,0,3,10,45
58,1,1,4,6,0,0,0,0,0,0,6,9,0,0,4,9,255,1,0,0,0,0,3,6,7,6,3,0,0,2,9,45
30,0,0,1,5,0,0,0,0,0,0,4,11,0,0,4,9,255,0,0,0,0,0,5,5,6,6,4,0,0,2,9,15
27,0,0,6,4,0,0,0,0,0,0,0,2,0,0,4,9,255,0,0,0,0,0,4,4,5,5,3,0,0,2,10,0
47,0,0,2,3,0,0,0,0,0,0,0,13,0,0,4,9,255,0,0,0,0,0,3,4,4,4,2,0,0,2,9,30
30,0,0,2,2,0,0,0,0,0,0,0,14,0,0,4,9,255,0,0,0,0,0,2,3,3,3,2,0,0,2,9,30
7,0,0,6,1,0,0,0,0,0,0,0,20,0,0,4,9,255,0,0,0,0,0,1,2,2,2,2,0,0,2,10,0
15,0,0,0,0,0,0,0,0,0,0,0,69,0,1,4,9,255,0,0,0,0,0,1,1,1,1,1,0,0,1,9,0
6,35,4,51,2,0,0,0,0,0,0,7,8,0,0,3,9,254,0,51,5,8,13,4,5,8,3,0,4,1,1,16,30
-16,35,6,53,1,0,2,0,0,0,0,8,7,1,0,3,9,254,0,49,5,8,12,3,5,9,4,2,4,1,1,16,45
-6,35,6,50,3,0,1,0,0,0,0,13,2,0,0,3,9,254,2,47,3,7,11,2,4,8,3,2,3,1,2,16,15
-17,35,6,51,4,0,0,0,0,0,0,9,6,0,0,3,9,254,3,46,3,6,10,2,3,7,2,1,3,0,1,16,30
47,31,4,48,4,0,0,0,1,0,0,10,5,0,0,3,9,254,1,44,4,6,11,2,4,6,5,3,3,0,1,16,0
7,31,4,46,4,0,0,0,2,0,0,1,14,0,0,3,9,254,3,42,2,5,11,2,4,8,4,3,3,0,2,15,45
40,29,3,39,4,0,1,0,2,0,0,9,6,0,0,3,9,254,2,40,2,4,12,2,4,10,6,4,3,0,3,15,0
-3,28,2,39,4,0,0,0,2,0,0,12,3,0,0,3,9,254,1,40,3,5,15,2,3,11,6,4,3,0,3,15,0
13,27,3,42,6,0,0,0,2,0,0,47,13,0,0,3,9,254,2,37,2,5,16,2,4,15,7,4,3,1,1,15,15
26,27,3,39,6,0,0,0,1,0,0,42,18,0,0,3,9,254,1,37,2,7,16,1,5,14,7,4,3,1,3,15,0
64,25,9,34,8,0,1,0,2,0,0,7,8,0,0,3,9,254,2,32,5,11,17,6,12,19,10,4,2,2,1,13,30
18,24,8,36,7,0,1,0,2,0,0,6,9,0,0,3,9,254,1,32,5,11,17,5,11,18,10,3,2,1,2,14,30
26,24,8,37,7,0,1,0,1,0,1,1,14,0,0,3,9,254,2,31,6,10,16,5,11,17,9,2,2,1,3,14,45
29,24,9,37,6,0,1,0,1,0,1,0,15,0,0,3,9,254,2,31,6,10,16,4,10,16,8,1,2,1,3,14,45
-151,23,8,48,6,0,1,0,1,0,1,6,9,0,0,3,9,254,1,30,6,11,16,5,10,16,9,1,2,1,1,16,0
37,22,8,30,8,0,0,0,1,0,1,1,14,0,0,3,9,254,2,28,4,9,15,6,10,16,9,2,2,1,1,12,45
-122,19,6,42,10,0,0,0,1,0,0,3,12,0,0,3,9,254,1,26,5,8,17,7,11,17,11,4,1,1,1,15,15
24,19,7,34,10,0,0,0,1,0,0,13,2,0,0,3,9,254,2,25,4,8,16,6,11,17,10,4,1,0,1,13,30
-115,18,6,46,9,0,0,0,1,0,0,12,3,0,0,3,9,254,1,25,4,8,16,5,10,17,10,5,1,0,2,15,45
20,17,6,33,8,0,0,0,2,0,0,2,13,0,0,3,9,254,1,24,5,7,17,6,10,18,10,6,1,0,2,13,15
37,17,6,28,7,0,0,0,2,0,0,1,14,0,0,3,9,254,1,24,5,7,18,5,9,18,9,6,1,0,2,12,30
27,16,6,28,7,0,0,0,3,0,0,9,6,0,0,3,9,254,2,22,3,6,16,5,8,18,9,6,1,0,2,12,30
63,16,6,19,7,0,0,1,2,0,0,6,9,0,0,3,9,254,3,21,2,6,15,4,7,17,8,5,1,0,3,11,30
36,15,6,26,6,0,0,1,2,0,0,8,7,0,0,3,9,254,2,21,4,7,15,6,7,18,8,4,1,0,2,12,15
42,15,6,24,5,0,0,2,3,0,0,4,11,0,0,3,9,254,4,19,2,6,14,5,7,17,7,4,1,0,2,12,0
4,14,6,32,5,0,0,2,2,0,0,12,3,0,0,3,9,254,3,19,3,8,15,4,6,17,7,4,1,0,1,13,0
-56,13,6,42,5,0,0,2,2,0,0,3,12,0,0,3,9,254,3,18,3,9,14,3,7,17,7,3,1,0,1,15,15
34,12,5,26,4,0,0,2,2,0,0,0,15,0,0,3,9,254,2,18,3,9,15,2,6,16,7,4,1,0,2,12,15
-74,12,5,45,3,0,0,2,2,0,1,8,7,0,0,3,9,254,3,17,3,9,14,2,9,17,6,3,1,1,2,15,30
64,9,5,15,5,0,0,3,1,0,1,9,6,0,0,3,9,254,2,14,6,8,14,6,12,19,9,4,1,1,2,11,0
27,9,5,19,5,0,1,2,1,0,1,5,10,0,0,3,9,254,3,13,6,7,13,7,11,20,8,3,1,1,3,11,30
14,8,4,17,7,0,1,2,1,0,0,7,8,0,0,3,9,254,2,11,5,7,11,8,11,19,10,6,1,1,2,11,15
47,7,3,15,7,0,1,2,0,0,0,6,9,0,0,3,9,254,1,11,5,7,11,7,11,19,10,6,1,1,2,11,0
75,7,4,17,8,0,1,2,0,0,0,14,1,0,0,3,9,254,3,9,3,6,9,7,11,20,9,5,1,1,2,11,15
31,7,4,21,7,0,1,2,0,0,0,12,3,0,0,3,9,254,3,9,3,6,9,7,11,20,8,5,1,1,2,11,45
15,7,4,13,8,0,1,1,0,0,0,9,6,0,0,3,9,254,3,8,2,5,8,6,10,19,8,6,1,1,2,10,45
-46,7,4,21,8,0,0,1,0,0,0,8,7,0,0,3,9,254,3,8,2,5,8,5,9,18,7,5,0,1,2,11,45
36,5,4,9,8,0,0,1,0,0,0,1,14,0,0,3,9,254,2,7,3,6,7,4,9,17,8,5,0,0,2,10,15
-40,4,3,21,9,0,0,0,0,0,0,10,5,0,0,3,9,254,2,6,2,5,6,4,8,16,8,5,0,0,2,11,45
7,4,3,11,8,0,0,0,0,0,0,1,14,0,0,3,9,254,2,6,2,5,6,4,8,15,7,4,0,0,2,10,30
-91,4,3,30,7,0,0,0,0,0,0,13,2,0,0,3,9,254,2,6,3,5,6,5,7,14,6,3,0,0,1,12,45
59,4,4,9,8,0,0,0,0,0,0,15,15,0,0,3,9,254,3,4,3,4,4,5,9,13,6,4,0,0,2,10,15
-79,4,4,24,7,0,0,0,0,0,0,7,8,0,0,3,9,254,3,4,3,4,4,4,8,12,5,4,0,0,2,12,0
32,3,3,6,7,0,0,0,0,0,0,0,15,0,0,3,9,254,2,3,2,3,3,4,10,11,6,4,0,0,2,10,0
108,3,3,4,6,0,0,0,0,0,0,14,1,0,0,3,9,254,2,3,2,3,3,3,9,10,5,4,0,0,3,9,45
-15,3,3,6,6,0,0,0,0,0,0,5,10,0,0,3,9,254,3,2,2,2,2,5,9,9,4,3,0,0,2,10,0
4,1,1,2,6,0,0,0,0,0,0,1,14,0,0,3,9,254,0,1,1,1,1,7,8,8,7,2,0,0,2,9,30
29,1,1,6,5,0,0,0,0,0,0,11,4,0,0,3,9,254,0,1,1,1,1,7,7,7,6,2,0,0,2,10,0
16,1,1,1,5,0,0,0,0,0,0,8,7,0,0,3,9,254,1,0,0,0,0,6,6,6,5,1,0,0,2,9,15
-85,1,1,13,4,0,0,0,0,0,0,6,9,0,0,3,9,254,1,0,0,0,0,5,5,5,4,1,0,0,2,10,45
-26,0,0,11,3,0,0,0,0,0,0,0,8,0,0,3,9,254,0,0,0,0,0,4,4,4,4,2,0,0,2,10,30
5,0,0,0,2,0,0,0,0,0,0,0,9,0,1,3,9,254,0,0,0,0,0,3,3,3,3,1,0,0,1,9,0
-9,0,0,2,1,0,0,0,0,0,0,0,10,0,0,3,9,254,0,0,0,0,0,2,2,2,2,0,0,0,2,9,30
1,0,0,4,0,0,0,0,0,0,0,0,17,0,0,3,9,254,0,0,0,0,0,1,1,1,1,0,0,0,3,9,45
-38,26,3,50,0,0,0,1,0,0,0,12,3,1,0,2,9,253,1,49,5,6,12,1,3,8,1,1,5,1,1,17,30
-22,25,3,47,3,0,0,1,0,0,1,8,22,0,0,2,9,253,2,44,3,6,9,2,5,11,4,2,4,1,1,16,45
-23,24,4,49,3,0,0,0,1,0,1,12,3,0,0,2,9,253,1,43,2,6,8,3,4,10,5,1,4,0,1,17,0
14,23,3,45,2,0,1,1,1,0,1,6,9,0,0,2,9,253,2,41,3,4,9,3,6,12,5,1,4,0,1,16,0
-20,23,3,47,2,0,1,1,1,0,0,14,1,0,0,2,9,253,1,41,3,4,9,2,6,11,5,2,4,0,1,16,45
-10,23,3,43,4,0,0,1,1,0,0,6,9,0,0,2,9,253,2,39,2,3,7,2,6,10,5,2,4,0,1,15,45
-33,20,0,46,5,0,0,1,1,0,0,10,5,0,0,2,9,253,1,37,0,2,9,5,7,9,7,3,4,1,2,16,30
7,20,0,39,4,0,0,1,1,0,0,5,10,0,0,2,9,253,1,37,2,4,9,4,7,8,6,3,4,1,1,15,0
65,20,0,37,4,0,0,1,0,0,0,12,3,0,0,2,9,253,0,37,2,5,10,3,7,8,6,3,4,1,2,14,45
45,20,0,41,3,0,0,1,0,0,0,2,13,0,0,2,9,253,0,37,2,5,11,3,6,7,5,2,4,1,1,15,15
-59,20,1,43,2,0,0,1,0,0,0,11,4,0,0,2,9,253,0,37,2,5,12,2,5,6,4,2,4,1,1,15,45
-1,20,1,42,4,0,0,0,0,0,0,42,3,0,0,2,9,253,1,35,3,5,13,4,4,8,4,3,3,1,2,15,30
18,20,3,39,3,0,0,0,0,0,0,25,20,0,0,2,9,253,1,35,3,7,16,3,3,9,3,3,3,0,1,15,0
-18,20,3,36,3,0,0,0,0,0,0,23,22,0,0,2,9,253,2,34,2,6,15,2,2,8,2,2,3,0,2,14,30
14,20,3,37,2,0,0,1,0,0,0,13,32,0,0,2,9,253,3,33,3,6,15,1,2,9,1,1,3,0,2,14,45
-41,17,5,35,3,0,1,3,0,0,0,2,13,0,0,2,9,253,2,28,4,10,18,2,7,16,6,3,3,1,1,14,15
21,15,5,27,5,0,2,3,0,0,0,3,12,0,0,2,9,253,3,24,5,9,20,5,11,20,8,2,3,3,3,12,45
33,14,4,26,4,0,2,3,0,0,0,1,14,0,0,2,9,253,2,24,6,9,20,5,10,19,8,1,3,3,2,12,30
-11,14,5,33,3,0,2,3,0,0,0,0,15,0,0,2,9,253,1,24,6,10,20,4,9,18,8,1,3,3,1,13,30
-35,13,4,29,3,0,4,4,0,0,0,3,12,0,0,2,9,253,3,20,3,6,16,7,11,22,9,2,3,3,1,13,0
3,13,4,24,3,0,3,4,0,0,0,1,14,0,0,2,9,253,3,20,3,7,16,6,10,21,8,2,2,3,1,12,15
12,12,4,32,4,0,3,3,0,0,0,3,12,0,0,2,9,253,2,19,4,9,17,6,10,20,9,3,2,2,2,13,15
14,12,5,24,3,0,3,4,0,0,0,0,15,0,0,2,9,253,3,18,4,8,16,5,9,20,8,2,2,2,1,12,15
4,11,4,22,4,0,2,4,0,0,0,11,4,0,0,2,9,253,3,17,3,9,15,4,9,20,8,2,2,2,2,12,0
-54,11,4,29,4,0,1,4,0,0,0,10,5,0,0,2,9,253,3,17,3,10,15,3,8,20,7,2,1,2,1,13,0
-8,11,4,29,4,0,1,3,0,0,0,8,7,0,0,2,9,253,3,17,3,10,16,2,7,19,6,1,1,1,1,13,0
71,10,4,18,4,0,2,2,0,0,0,9,6,0,0,2,9,253,3,16,5,10,15,4,8,18,6,2,0,1,1,11,30
13,9,5,18,4,0,2,2,1,0,0,6,9,0,0,2,9,253,3,14,7,10,14,5,12,19,7,3,0,0,1,11,30
-74,9,5,33,3,0,2,2,1,0,0,6,9,0,0,2,9,253,3,14,7,10,14,4,11,18,6,3,0,0,1,13,30
-47,9,6,27,3,0,2,1,1,0,0,5,10,0,0,2,9,253,3,14,7,10,14,4,10,17,5,3,0,0,3,12,45
15,8,6,14,7,0,1,1,1,0,0,4,11,0,0,2,9,253,3,10,5,8,10,6,11,16,8,5,0,0,2,11,0
10,7,5,16,7,0,1,1,1,0,0,12,3,0,0,2,9,253,3,9,5,7,9,7,12,15,8,5,0,0,3,11,15
5,7,6,21,7,0,1,1,1,0,1,5,10,0,0,2,9,253,4,7,3,6,7,7,12,15,8,4,0,0,2,11,45
26,6,5,10,7,0,1,1,1,0,1,9,6,0,0,2,9,253,3,6,4,5,6,8,11,15,9,4,0,0,2,10,30
-26,5,4,18,8,0,1,1,0,0,1,7,8,0,0,2,9,253,3,5,3,4,5,7,10,14,9,4,0,0,1,11,30
-9,5,5,14,7,0,1,1,0,0,1,6,9,0,0,2,9,253,3,5,3,4,5,6,9,14,8,3,0,0,2,11,0
32,4,4,8,6,0,1,1,0,0,2,14,1,0,0,2,9,253,3,4,2,4,4,7,10,14,8,4,0,0,2,10,15
-16,4,4,16,5,0,1,1,0,0,2,12,3,0,0,2,9,253,3,4,2,4,4,6,9,13,7,4,0,0,3,11,15
-40,4,4,22,5,0,1,0,0,0,2,9,6,0,0,2,9,253,3,4,2,4,4,6,8,12,6,3,0,0,2,12,0
-11,3,3,12,5,0,1,0,0,0,1,4,11,0,0,2,9,253,2,4,3,4,4,5,7,11,6,3,0,0,2,10,45
23,3,3,6,4,0,1,0,0,0,1,3,12,0,0,2,9,253,2,4,3,4,4,4,6,10,5,2,0,0,2,10,0
45,2,2,4,5,0,1,0,0,0,1,2,13,0,0,2,9,253,3,2,2,2,2,3,5,10,5,2,0,0,2,9,45
15,2,2,4,5,0,1,0,0,0,0,0,15,0,0,2,9,253,3,2,2,2,2,4,4,9,4,2,0,0,2,9,45
-4,1,1,12,4,0,1,0,0,0,0,11,4,0,0,2,9,253,2,2,2,2,2,3,4,8,4,3,0,0,2,10,45
1,0,0,8,3,0,1,1,1,0,0,2,13,0,0,2,9,253,2,0,0,0,0,2,5,7,5,4,0,0,2,10,15
6,0,0,6,2,0,1,1,1,0,0,1,14,0,0,2,9,253,2,0,0,0,0,1,5,6,4,3,0,0,2,10,0
21,0,0,0,2,0,0,1,1,0,0,0,19,0,1,2,9,253,0,0,0,0,0,4,5,5,5,3,0,0,1,9,0
11,0,0,2,1,0,0,1,1,0,0,0,27,0,0,2,9,253,0,0,0,0,0,3,4,4,4,3,0,0,2,9,30
-19,0,0,1,1,0,0,1,0,0,0,0,39,0,0,2,9,253,0,0,0,0,0,2,3,3,3,2,0,0,2,9,15
-50,0,0,10,0,0,0,1,0,0,0,0,43,0,0,2,9,253,0,0,0,0,0,2,2,2,2,1,0,0,2,10,30
-19,0,0,2,0,0,0,0,0,0,0,0,69,0,0,2,9,253,0,0,0,0,0,1,1,1,1,0,0,0,2,9,30
15,31,4,41,2,0,0,3,0,0,0,2,13,0,0,6,9,250,0,38,4,6,9,4,8,12,6,4,1,0,1,16,45
2,31,5,39,2,0,0,3,0,0,0,0,15,0,0,6,9,250,1,37,3,6,9,3,7,11,5,3,1,0,2,16,30
7,29,4,39,2,0,0,4,0,0,0,6,9,0,0,6,9,250,0,35,3,4,7,5,7,11,7,3,1,0,2,16,30
6,29,4,41,2,0,0,3,0,0,0,5,10,0,0,6,9,250,0,35,3,4,7,4,6,10,6,2,1,0,1,16,45
24,29,4,43,2,0,0,2,1,0,0,0,15,1,0,6,9,250,1,34,3,3,6,4,6,9,5,1,1,0,1,17,0
18,29,4,37,1,0,0,2,1,0,0,14,1,0,0,6,9,250,1,34,3,3,6,3,5,8,4,0,1,0,1,16,0
39,27,3,35,2,0,0,2,1,0,0,23,7,0,0,6,9,250,1,32,1,3,6,2,5,7,5,1,1,0,1,15,30
-16,27,4,38,2,0,0,1,1,0,0,19,11,0,0,6,9,250,1,32,1,3,6,2,4,6,4,1,1,0,2,16,15
42,25,3,34,2,0,0,2,0,0,0,7,8,0,0,6,9,250,0,31,2,3,6,3,5,7,5,1,1,0,1,15,0
62,25,3,30,1,0,0,2,0,0,0,4,11,0,0,6,9,250,0,31,2,3,7,2,4,6,4,0,1,0,1,14,15
7,25,3,36,1,0,0,1,0,0,0,10,5,0,0,6,9,250,0,31,3,3,9,2,3,5,3,0,1,0,1,15,45
4,23,1,31,2,0,0,1,0,0,0,4,11,0,0,6,9,250,0,29,1,3,9,2,2,5,4,0,1,0,2,14,30
42,22,2,32,1,0,0,1,1,0,0,27,18,0,0,6,9,250,0,28,0,3,11,1,3,6,4,1,1,0,1,14,45
17,22,5,32,3,0,0,0,1,0,0,28,2,0,0,6,9,250,2,26,2,7,17,2,3,6,3,1,1,0,1,14,45
43,20,5,28,3,0,0,0,0,0,0,17,13,0,0,6,9,250,0,26,5,8,18,1,4,8,4,3,1,0,1,13,15
-36,19,8,29,3,0,0,2,2,0,0,1,14,0,0,6,9,250,2,21,3,8,17,3,3,13,6,3,1,0,1,13,30
127,16,8,22,4,0,0,2,2,0,0,9,6,0,0,6,9,250,1,19,4,10,17,2,3,14,8,5,1,0,2,12,15
-5,15,7,26,4,0,0,1,2,0,0,3,12,0,0,6,9,250,0,19,6,11,17,1,5,13,8,5,1,0,1,12,45
32,9,7,24,5,0,2,3,4,0,0,1,14,0,0,6,9,250,2,10,5,8,11,6,12,23,13,7,1,1,2,12,30
18,8,6,22,6,0,2,4,3,0,0,6,9,0,0,6,9,250,2,9,5,7,9,7,11,24,14,8,1,1,2,12,15
46,8,6,18,6,0,2,4,2,0,0,5,10,0,0,6,9,250,2,9,5,7,9,6,10,23,13,8,1,1,1,11,30
36,8,6,24,6,0,2,4,2,0,0,5,10,0,0,6,9,250,3,8,4,6,8,6,9,22,12,7,1,1,2,12,30
31,7,5,14,6,0,2,4,2,0,0,9,6,0,0,6,9,250,2,7,4,5,7,7,11,21,13,7,1,1,2,11,0
-5,5,3,16,6,0,1,4,2,0,0,4,11,0,0,6,9,250,0,7,4,6,7,6,12,20,14,7,1,1,2,11,15
23,4,3,18,7,0,1,4,2,0,0,13,2,0,0,6,9,250,1,5,3,5,5,6,13,19,14,7,1,1,1,11,30
35,4,3,8,7,0,1,3,2,0,0,11,4,0,0,6,9,250,1,5,3,5,5,5,12,18,13,6,1,1,2,10,15
35,4,3,20,8,0,1,2,2,0,0,5,10,0,0,6,9,250,2,4,2,4,4,4,13,18,12,5,1,1,1,11,45
115,4,3,3,8,0,0,2,2,0,0,3,12,0,0,6,9,250,2,4,2,4,4,3,12,17,11,4,0,1,2,9,45
33,3,2,10,7,0,0,2,2,0,0,13,2,0,0,6,9,250,1,4,2,4,4,3,11,16,11,4,0,0,2,10,30
15,3,3,14,7,0,0,3,1,0,0,2,13,0,0,6,9,250,1,3,2,3,3,7,12,15,11,3,0,0,2,11,0
36,2,2,8,6,0,0,4,1,0,0,14,1,0,0,6,9,250,1,2,2,2,2,9,13,14,11,2,0,0,2,10,15
3,2,2,21,5,0,0,4,1,0,0,13,2,0,0,6,9,250,1,2,2,2,2,8,12,13,10,2,0,0,2,12,0
99,2,2,10,4,0,0,4,1,0,0,10,5,0,0,6,9,250,1,2,2,2,2,9,11,12,9,2,0,0,2,10,30
55,2,2,12,3,0,0,4,1,0,0,9,6,0,0,6,9,250,1,2,2,2,2,8,10,11,8,2,0,0,2,10,45
44,2,2,6,2,0,0,4,1,0,0,7,8,0,0,6,9,250,1,2,2,2,2,7,9,10,7,2,0,0,2,10,0
103,2,2,3,3,0,0,3,1,0,0,3,12,0,0,6,9,250,2,1,1,1,1,6,8,9,6,1,0,0,2,9,45
35,2,2,12,2,0,0,3,1,0,0,1,14,0,0,6,9,250,2,1,1,1,1,5,7,8,5,0,0,0,2,10,45
-16,1,1,16,2,0,0,2,2,0,0,9,6,0,0,6,9,250,2,0,0,0,0,5,6,7,5,1,0,0,2,11,15
31,1,1,6,2,0,0,2,1,0,0,6,9,0,0,6,9,250,1,0,0,0,0,5,5,6,5,1,0,0,2,10,0
-140,1,1,26,1,0,0,2,1,0,0,12,3,0,0,6,9,250,1,0,0,0,0,4,5,5,4,1,0,0,1,12,45
31,0,0,1,0,0,0,2,1,0,0,11,4,0,0,6,9,250,0,0,0,0,0,3,4,4,4,2,0,0,1,9,15
-8,0,0,3,0,0,0,1,1,0,0,14,1,0,0,6,9,250,0,0,0,0,0,2,3,3,3,1,0,0,2,9,45
26,0,0,0,0,0,0,1,0,0,0,9,6,0,1,6,9,250,0,0,0,0,0,1,2,2,2,1,0,0,1,9,0
46,0,0,2,0,0,0,0,0,0,0,0,25,0,0,6,9,250,0,0,0,0,0,1,1,1,1,0,0,0,3,9,30
0,20,1,44,3,0,0,0,0,0,0,0,15,1,0,5,9,249,1,41,1,5,11,2,3,7,3,0,8,1,1,17,30
30,19,2,43,2,0,1,0,0,0,0,2,13,0,0,5,9,249,1,40,3,8,11,2,5,9,3,0,7,2,1,17,15
-20,19,4,41,2,0,0,2,0,0,0,0,15,0,0,5,9,249,2,38,4,8,11,4,4,11,3,0,7,1,1,17,0
45,19,5,39,3,0,1,2,0,0,0,12,18,0,0,5,9,249,4,35,3,5,9,3,5,10,3,1,6,3,2,16,45
-12,19,5,37,4,0,1,1,0,0,0,8,22,0,0,5,9,249,5,34,2,4,9,2,4,9,2,1,6,2,2,16,30
10,19,5,41,3,0,1,1,0,0,0,6,24,0,0,5,9,249,5,34,4,4,9,1,4,8,1,0,6,3,1,17,0
4,15,2,33,4,0,1,1,0,0,2,8,7,0,0,5,9,249,5,30,1,4,8,3,7,11,4,3,5,4,1,15,45
5,14,2,36,4,0,0,1,0,0,2,14,1,0,0,5,9,249,3,30,1,4,9,5,6,10,5,3,4,3,2,16,0
4,14,3,29,4,0,0,1,0,0,1,7,8,0,0,5,9,249,3,30,1,5,9,4,5,10,4,3,3,2,2,15,15
68,14,4,25,3,0,0,2,0,0,1,2,13,0,0,5,9,249,2,29,3,7,11,4,6,11,5,3,3,1,2,14,30
46,14,4,28,2,0,0,2,0,0,1,1,14,0,0,5,9,249,2,29,3,7,11,3,5,11,4,2,3,1,2,15,0
-42,14,4,33,2,0,0,2,0,0,0,0,15,0,0,5,9,249,2,29,3,7,11,2,4,10,3,1,2,1,1,15,45
-29,13,3,31,3,0,0,2,0,0,0,3,12,0,0,5,9,249,2,27,2,5,11,2,5,10,4,1,2,1,3,15,30
-11,11,3,26,4,0,1,1,0,0,0,34,11,0,0,5,9,249,2,25,3,4,11,4,5,10,5,1,2,1,1,14,45
19,11,3,24,3,0,1,1,0,0,0,32,13,0,0,5,9,249,2,25,3,4,11,3,4,9,4,1,2,1,1,14,15
-71,10,2,37,5,0,2,0,0,0,0,8,37,0,0,5,9,249,2,22,1,4,13,2,7,10,6,3,2,1,2,16,30
-163,10,3,39,5,0,1,0,0,0,0,4,41,0,0,5,9,249,2,22,1,6,13,2,6,10,5,3,1,1,2,16,45
121,9,3,14,4,0,1,1,0,0,0,8,7,0,0,5,9,249,1,21,3,6,15,5,6,11,6,5,1,1,2,12,15
33,8,2,21,4,0,1,1,0,0,0,1,14,0,0,5,9,249,1,20,4,7,14,4,6,11,6,4,1,1,1,13,0
39,8,2,23,3,0,2,1,0,0,0,9,6,0,0,5,9,249,2,19,3,6,15,4,5,11,5,3,1,1,1,13,30
37,8,2,22,2,0,3,1,0,0,0,1,14,0,0,5,9,249,2,18,2,7,14,3,5,12,5,4,1,1,1,13,15
-157,8,4,31,2,0,2,1,0,0,0,9,6,0,0,5,9,249,1,18,3,8,14,2,4,13,5,3,1,1,3,15,30
-111,7,3,33,4,0,1,1,0,0,0,1,14,0,0,5,9,249,2,16,3,7,12,2,4,14,5,3,0,1,1,15,45
-91,6,3,26,5,0,1,1,0,0,0,2,13,0,0,5,9,249,1,14,5,8,11,3,6,17,7,3,0,0,1,14,45
22,6,4,19,7,0,2,0,0,0,0,4,11,0,0,5,9,249,2,11,3,7,10,3,8,16,8,4,0,0,1,12,45
-22,4,3,14,9,0,1,0,0,0,0,6,9,0,0,5,9,249,2,9,3,5,9,3,9,15,9,4,0,0,2,12,15
20,3,2,13,8,0,1,1,0,0,0,10,5,0,0,5,9,249,1,8,3,4,8,4,10,14,10,4,0,0,3,12,0
52,3,2,11,8,0,2,1,0,0,0,10,5,0,0,5,9,249,2,6,2,2,6,6,11,14,10,3,0,0,1,11,45
9,3,2,9,7,0,2,1,0,0,0,2,13,0,0,5,9,249,2,6,2,3,6,8,12,14,9,2,0,0,2,11,30
-152,3,2,29,7,0,1,1,0,0,0,0,15,0,0,5,9,249,2,6,2,3,6,7,11,13,8,2,0,0,2,15,15
28,2,2,7,8,0,1,1,0,0,0,23,7,0,0,5,9,249,3,4,0,3,4,7,10,12,8,2,0,0,1,11,0
-21,2,2,19,7,0,1,1,0,0,0,21,9,0,0,5,9,249,2,4,0,3,4,6,9,11,8,2,0,0,1,12,45
13,1,1,9,6,0,1,1,0,0,0,11,19,0,0,5,9,249,1,4,0,4,4,6,8,10,8,3,0,0,2,11,30
-19,1,1,11,5,0,1,1,0,0,0,9,21,0,0,5,9,249,1,4,0,4,4,5,7,9,7,3,0,0,1,11,45
-35,1,1,17,4,0,1,1,0,0,0,3,27,0,0,5,9,249,1,4,1,4,4,5,6,9,6,3,0,0,2,12,30
-75,1,1,17,4,0,1,0,0,0,0,3,27,0,0,5,9,249,1,4,1,4,4,5,5,8,5,2,0,0,2,12,30
-11,1,1,14,3,0,1,0,0,0,0,9,6,0,0,5,9,249,1,4,3,4,4,4,4,8,4,2,0,0,2,12,15
-23,1,1,8,3,0,0,0,0,0,0,4,11,0,0,5,9,249,1,4,3,4,4,3,3,7,3,2,0,0,2,11,15
60,1,1,1,2,0,0,0,0,0,0,6,9,0,0,5,9,249,1,4,4,4,4,2,4,6,2,1,0,0,2,10,0
19,1,1,5,1,0,0,0,0,0,1,3,12,0,0,5,9,249,2,3,3,3,3,1,3,6,1,1,0,0,1,10,30
-16,0,0,3,2,0,0,1,0,0,1,0,34,0,0,5,9,249,0,0,0,0,0,2,4,5,5,2,0,0,2,10,15
-57,0,0,5,2,0,0,0,0,0,1,0,37,0,0,5,9,249,0,0,0,0,0,1,3,4,4,1,0,0,1,10,30
15,0,0,0,2,0,0,0,0,0,0,0,68,0,1,5,9,249,0,0,0,0,0,2,3,3,3,1,0,0,2,9,45
-30,0,0,3,1,0,0,0,0,0,0,0,74,0,0,5,9,249,0,0,0,0,0,2,2,2,2,1,0,0,2,10,15
-10,0,0,1,0,0,0,0,0,0,0,0,102,0,0,5,9,249,0,0,0,0,0,1,1,1,1,0,0,0,2,10,0
5,27,3,49,1,0,2,0,0,0,0,18,12,0,0,4,9,248,1,48,2,6,14,4,4,12,3,2,5,0,1,17,0
-16,27,4,51,1,0,1,0,0,0,0,12,18,1,0,4,9,248,1,48,3,7,16,3,3,11,2,1,5,0,1,17,30
22,27,4,47,0,0,1,0,0,0,0,10,20,0,0,4,9,248,1,48,4,7,16,2,2,10,1,0,5,0,2,16,30
8,26,4,47,1,0,0,0,0,0,0,11,4,0,0,4,9,248,1,47,4,7,17,1,4,11,1,0,5,0,2,16,30
-7,23,2,43,2,0,1,0,0,0,3,8,7,0,0,4,9,248,2,41,3,9,13,6,8,13,5,2,5,1,1,16,0
16,23,3,40,2,0,1,0,0,0,2,3,12,0,0,4,9,248,2,41,4,9,13,6,7,12,4,1,5,1,2,15,30
66,22,2,36,1,0,1,1,0,0,2,12,3,0,0,4,9,248,2,40,4,10,12,5,7,11,4,1,5,1,2,15,0
-20,22,3,41,1,0,1,1,0,0,1,6,9,0,0,4,9,248,0,40,5,11,12,5,7,10,5,2,5,1,3,15,45
17,22,3,38,1,0,1,1,0,0,0,2,13,0,0,4,9,248,0,40,6,11,12,4,6,9,4,1,5,1,1,15,15
4,22,3,46,0,0,1,1,0,0,0,14,1,0,0,4,9,248,0,40,7,11,12,3,6,8,3,1,5,1,2,16,15
-23,22,4,41,2,0,1,1,0,0,0,3,12,0,0,4,9,248,3,37,5,8,11,2,7,9,2,0,5,2,3,15,45
-47,22,5,49,3,0,0,1,0,0,0,11,4,0,0,4,9,248,3,36,6,8,11,2,6,9,2,0,4,2,1,17,0
16,20,4,33,6,0,0,3,0,0,0,13,2,0,0,4,9,248,4,30,2,2,8,5,5,10,6,3,4,1,2,14,30
-30,20,4,38,5,0,0,3,0,0,0,11,4,0,0,4,9,248,3,30,2,2,8,4,4,9,6,4,4,1,1,15,15
-7,19,3,34,5,0,0,3,0,0,0,1,14,0,0,4,9,248,3,29,1,1,9,3,3,11,6,5,4,1,2,14,45
-18,19,3,34,4,0,0,3,0,0,0,40,5,0,0,4,9,248,3,29,1,2,10,2,2,11,5,4,3,1,2,14,45
7,18,2,32,3,0,0,3,0,0,0,33,12,0,0,4,9,248,2,29,1,3,11,1,3,11,5,4,3,0,1,14,15
66,16,5,28,3,0,0,3,1,0,0,8,7,0,0,4,9,248,2,27,4,8,14,4,10,18,6,5,3,1,1,13,0
80,16,5,30,4,0,0,2,1,0,0,7,8,0,0,4,9,248,3,26,3,7,13,3,9,17,5,4,3,1,1,13,15
-6,16,6,36,4,0,0,2,1,0,0,14,1,0,0,4,9,248,4,25,3,7,13,3,8,16,4,3,3,1,2,15,0
-62,14,4,43,4,0,0,1,1,0,0,13,2,0,0,4,9,248,2,25,5,9,16,6,10,16,5,3,2,1,1,16,0
32,12,3,31,6,0,1,0,1,0,0,14,1,0,0,4,9,248,2,22,4,8,15,6,11,16,7,6,2,1,1,13,30
21,12,4,24,6,0,1,0,0,0,0,8,7,0,0,4,9,248,2,22,4,8,15,6,11,18,6,5,2,1,2,12,30
-17,12,4,28,5,0,2,0,0,0,0,2,13,0,0,4,9,248,2,21,5,7,14,7,10,17,6,4,2,1,1,13,0
5,12,4,24,4,0,2,0,0,0,0,2,13,0,0,4,9,248,2,21,5,7,14,6,9,16,5,3,2,1,2,12,30
79,12,4,22,4,0,2,0,0,0,0,14,1,0,0,4,9,248,2,20,4,6,13,5,9,16,5,3,2,1,2,12,15
40,11,4,22,4,0,2,0,0,0,0,10,5,0,0,4,9,248,2,19,4,6,14,5,9,15,5,2,2,1,2,12,15
27,10,4,18,4,0,1,0,0,0,1,12,3,0,0,4,9,248,2,18,4,6,13,5,8,15,5,3,2,1,2,11,45
20,10,5,18,4,0,1,0,0,0,1,5,10,0,0,4,9,248,2,17,3,5,12,5,8,14,5,3,2,1,2,11,45
-5,10,5,20,3,0,1,0,0,0,1,4,11,0,0,4,9,248,1,17,3,6,12,4,7,13,5,2,2,1,2,12,0
-220,10,5,43,3,0,1,0,0,0,1,12,3,0,0,4,9,248,2,16,3,7,13,5,6,13,4,2,1,1,1,16,0
-29,9,4,26,5,0,0,0,0,0,1,3,12,0,0,4,9,248,3,14,2,5,11,4,6,12,4,2,1,0,2,12,45
-55,9,5,26,5,0,0,0,0,0,0,12,3,0,0,4,9,248,2,14,2,7,12,3,5,12,4,2,1,0,2,12,45
-27,8,5,20,4,0,0,0,0,0,0,1,14,0,0,4,9,248,1,14,3,7,13,3,7,11,4,2,1,1,2,12,0
62,8,6,16,4,0,0,0,0,0,0,12,3,0,0,4,9,248,2,13,4,7,12,2,7,10,3,1,1,1,2,11,30
12,6,4,16,4,0,0,0,0,0,0,10,5,0,0,4,9,248,1,12,5,7,12,5,7,11,4,1,1,1,2,11,30
42,5,3,9,5,0,0,0,0,0,1,7,8,0,0,4,9,248,3,9,4,6,9,5,7,13,4,2,1,1,1,10,30
10,4,3,15,6,0,0,0,0,0,1,11,4,0,0,4,9,248,3,7,2,5,7,5,7,13,5,2,1,1,2,11,15
-23,4,4,12,6,0,0,0,0,0,0,11,4,0,0,4,9,248,3,7,2,5,7,4,6,12,4,2,0,1,1,11,0
2,4,4,12,5,0,0,0,0,0,0,10,5,0,0,4,9,248,3,7,2,5,7,3,5,11,3,2,0,0,1,11,0
5,2,2,11,4,0,0,0,0,0,0,14,1,0,0,4,9,248,1,7,4,6,7,3,4,10,4,2,0,0,3,10,45
-1,2,2,5,5,0,0,0,0,0,0,13,2,0,0,4,9,248,2,5,3,5,5,3,5,10,4,2,0,0,2,10,0
-67,2,2,12,5,0,0,0,0,0,0,1,14,0,0,4,9,248,1,4,3,4,4,2,5,10,5,1,0,0,1,11,0
3,2,2,7,5,0,0,0,0,0,0,2,13,0,0,4,9,248,2,3,3,3,3,2,6,9,4,1,0,0,2,10,15
0,0,0,9,6,0,0,0,0,0,0,0,3,0,0,4,9,248,0,1,1,1,1,3,6,8,7,3,0,0,1,10,30
11,0,0,0,6,0,0,0,0,0,0,0,15,0,1,4,9,248,0,0,0,0,0,5,6,7,7,3,0,0,2,9,15
-45,0,0,3,5,0,0,0,0,0,0,0,28,0,0,4,9,248,0,0,0,0,0,4,6,6,6,3,0,0,2,9,45
1,0,0,7,4,0,0,0,0,0,0,0,35,0,0,4,9,248,0,0,0,0,0,3,5,5,5,3,0,0,2,10,15
-2,0,0,5,3,0,0,0,0,0,0,0,37,0,0,4,9,248,0,0,0,0,0,3,4,4,4,2,0,0,2,10,0
2,0,0,1,2,0,0,0,0,0,0,0,43,0,0,4,9,248,0,0,0,0,0,2,3,3,3,2,0,0,2,9,30
-13,0,0,3,1,0,0,0,0,0,0,0,67,0,0,4,9,248,0,0,0,0,0,2,2,2,2,1,0,0,2,9,45
-17,0,0,1,0,0,0,0,0,0,0,0,86,0,0,4,9,248,0,0,0,0,0,1,1,1,1,0,0,0,2,9,30
27,32,4,51,3,0,1,2,0,0,1,13,2,0,0,3,9,247,1,47,3,6,9,1,6,12,7,3,6,1,1,17,0
23,30,5,54,5,0,1,3,0,0,1,12,3,1,0,3,9,247,2,43,2,4,8,5,7,15,9,5,6,1,1,17,30
-2,30,5,51,5,0,1,3,0,0,0,10,5,0,0,3,9,247,2,43,2,4,8,4,6,14,8,5,6,1,1,17,0
50,30,5,47,5,0,0,3,0,0,0,4,11,0,0,3,9,247,2,43,3,5,10,4,5,14,7,4,6,1,2,16,30
87,28,3,42,6,0,1,2,0,0,0,8,7,0,0,3,9,247,2,41,1,3,8,4,7,13,8,5,6,3,2,15,45
34,28,3,47,5,0,1,2,0,0,0,7,8,0,0,3,9,247,2,41,1,3,8,3,6,12,7,5,6,3,2,16,30
-16,26,2,49,4,0,1,3,0,0,0,7,8,0,0,3,9,247,1,40,1,2,8,2,7,12,8,6,6,3,2,16,45
26,26,2,53,3,0,1,3,0,0,0,9,6,0,0,3,9,247,1,40,2,5,10,4,7,12,7,5,5,3,1,17,15
20,25,3,46,4,0,1,3,0,0,0,13,2,0,0,3,9,247,1,38,2,5,9,6,9,11,8,5,4,3,2,16,15
46,25,3,40,4,0,1,2,0,0,0,12,3,0,0,3,9,247,1,38,2,5,9,5,8,10,7,4,4,2,2,15,30
5,25,3,49,4,0,1,1,0,0,0,10,5,0,0,3,9,247,1,38,3,5,9,4,7,9,6,3,3,2,2,16,45
7,24,2,36,3,0,1,1,0,0,0,0,15,0,0,3,9,247,0,38,3,6,11,4,6,9,6,2,3,1,2,15,0
40,24,2,38,3,0,0,1,0,0,0,10,5,0,0,3,9,247,0,38,3,6,11,4,6,8,5,2,3,1,2,15,15
44,24,2,40,3,0,0,1,0,0,0,3,12,0,0,3,9,247,1,37,4,5,11,4,5,9,4,2,3,1,2,15,30
-42,24,5,44,5,0,0,0,0,0,0,2,13,0,0,3,9,247,2,35,3,5,11,3,5,10,4,1,2,1,1,16,0
8,24,5,42,4,0,0,0,0,0,0,14,1,0,0,3,9,247,2,35,3,5,12,2,4,9,3,1,2,0,2,15,45
-3,22,3,34,5,0,0,0,0,0,0,6,9,0,0,3,9,247,2,33,1,3,11,2,3,8,4,1,2,0,2,14,45
58,22,3,33,5,0,0,0,0,0,0,27,18,0,0,3,9,247,1,32,2,5,14,2,3,9,5,1,2,0,2,14,30
-17,21,3,32,5,0,0,0,0,0,0,16,29,0,0,3,9,247,1,30,1,6,13,1,5,9,5,2,2,0,1,14,15
55,19,4,31,6,0,0,0,0,0,0,9,6,0,0,3,9,247,1,29,5,10,17,4,6,15,6,3,2,0,1,13,30
38,19,5,28,7,0,0,1,0,0,0,4,11,0,0,3,9,247,3,26,5,8,16,4,6,15,6,3,2,0,1,13,0
47,19,5,28,6,0,0,1,0,0,0,4,11,0,0,3,9,247,3,26,5,8,16,3,6,14,5,3,2,0,1,13,0
99,18,4,26,5,0,0,1,0,0,1,2,13,0,0,3,9,247,3,25,4,7,15,3,5,14,5,2,2,0,2,12,45
-37,17,3,34,5,0,0,1,0,0,1,8,7,0,0,3,9,247,3,24,5,8,15,2,6,17,5,3,2,0,2,14,45
26,16,5,22,7,0,0,2,0,0,0,3,12,0,0,3,9,247,2,21,3,7,14,3,6,17,8,6,2,0,2,12,15
50,15,5,26,7,0,0,2,0,0,1,3,12,0,0,3,9,247,3,19,3,7,15,4,10,17,8,5,2,1,2,12,45
18,14,6,18,8,0,0,2,0,0,0,4,11,0,0,3,9,247,2,18,4,8,15,4,9,17,9,5,2,1,2,11,45
18,14,6,24,7,0,0,2,0,0,0,14,1,0,0,3,9,247,2,18,5,8,15,3,10,16,8,4,2,1,2,12,30
10,14,6,20,6,0,0,2,0,0,0,12,3,0,0,3,9,247,2,18,5,8,15,4,10,17,7,4,2,1,2,12,0
13,11,6,22,6,0,1,2,1,0,1,5,10,0,0,3,9,247,1,14,4,7,13,6,12,19,11,7,2,1,2,12,15
-4,10,6,18,6,0,1,2,1,0,1,12,3,0,0,3,9,247,1,13,3,8,12,8,12,18,11,6,2,2,2,11,45
-230,10,6,38,5,0,1,2,1,0,1,12,3,0,0,3,9,247,1,13,3,8,12,7,11,18,10,5,2,2,2,15,15
-176,10,6,44,5,0,1,2,1,0,1,11,4,0,0,3,9,247,2,12,2,7,11,7,10,17,9,5,2,2,1,16,0
1,10,6,17,5,0,0,2,1,0,1,10,5,0,0,3,9,247,2,12,2,7,11,6,9,16,8,4,2,2,2,11,30
-149,10,7,36,5,0,0,1,1,0,1,8,7,0,0,3,9,247,2,12,3,7,11,6,8,15,7,3,1,2,2,15,0
-6,8,5,20,5,0,0,2,1,0,1,2,13,0,0,3,9,247,2,10,3,7,10,7,8,16,8,5,1,1,2,12,0
-11,8,6,24,5,0,0,1,1,0,1,0,15,0,0,3,9,247,2,10,4,7,10,6,7,16,7,5,1,1,2,12,30
-57,8,6,30,4,0,0,1,1,0,1,14,1,0,0,3,9,247,2,10,5,7,10,5,6,15,6,4,1,1,1,13,15
33,8,6,14,4,0,0,1,1,0,0,11,4,0,0,3,9,247,2,10,5,7,10,4,7,14,5,3,1,1,1,11,0
16,8,6,14,4,0,0,1,1,0,0,8,7,0,0,3,9,247,3,9,4,7,9,3,7,13,4,3,1,1,1,11,0
7,7,5,16,4,0,0,1,0,0,0,2,13,0,0,3,9,247,1,9,5,7,9,2,7,12,5,5,1,1,1,11,15
29,5,4,10,5,0,0,1,0,0,0,3,12,0,0,3,9,247,1,7,4,6,7,2,7,12,6,5,0,1,1,10,30
5,3,3,8,5,0,0,2,0,0,1,0,15,0,0,3,9,247,1,4,2,3,4,5,7,13,8,5,0,0,3,10,15
24,2,2,10,4,0,0,2,0,0,2,13,2,0,0,3,9,247,1,3,2,3,3,5,9,12,8,6,0,0,1,10,30
28,2,2,6,3,0,0,2,0,0,2,12,3,0,0,3,9,247,1,3,2,3,3,5,8,11,7,5,0,0,2,10,0
38,2,2,2,2,0,0,2,0,0,2,11,4,0,0,3,9,247,1,3,2,3,3,4,7,10,6,4,0,0,2,9,30
-8,2,2,8,3,0,0,2,0,0,1,2,13,0,0,3,9,247,1,2,1,2,2,3,6,9,6,4,0,0,3,10,15
32,1,1,6,2,0,0,2,1,0,1,8,7,0,0,3,9,247,1,1,0,1,1,2,6,8,6,5,0,0,2,10,0
-9,0,0,13,2,0,0,1,1,0,1,12,3,0,0,3,9,247,0,1,1,1,1,4,5,7,6,5,0,0,2,10,45
29,0,0,4,1,0,0,1,1,0,1,0,9,0,0,3,9,247,0,1,1,1,1,4,6,6,5,4,0,0,2,9,45
24,0,0,0,1,0,0,1,1,0,1,0,13,0,1,3,9,247,1,0,0,0,0,3,5,5,4,4,0,0,1,9,0
0,0,0,1,1,0,0,1,0,0,1,0,14,0,0,3,9,247,1,0,0,0,0,2,4,4,3,3,0,0,2,9,15
1,0,0,4,1,0,0,1,0,0,0,0,34,0,0,3,9,247,0,0,0,0,0,3,3,3,3,3,0,0,2,9,45
-52,0,0,10,1,0,0,0,0,0,0,0,51,0,0,3,9,247,0,0,0,0,0,2,2,2,2,2,0,0,1,10,30
-51,0,0,2,0,0,0,0,0,0,0,0,53,0,0,3,9,247,0,0,0,0,0,1,1,1,1,1,0,0,2,9,30
-1,25,2,50,3,0,0,1,0,0,0,5,10,0,0,6,8,243,0,49,5,9,14,5,8,13,5,2,6,4,1,17,0
113,25,2,42,2,0,0,1,0,0,0,4,11,0,0,6,8,243,0,49,5,9,14,4,7,12,4,1,5,3,1,16,0
21,25,3,52,1,0,0,2,0,0,1,11,4,0,0,6,8,243,2,47,4,9,12,5,7,12,3,0,4,2,1,17,15
37,25,4,46,0,0,0,2,0,0,1,0,15,0,0,6,8,243,1,47,6,11,13,4,7,13,3,1,3,2,2,16,30
39,25,4,46,0,0,1,1,0,0,1,9,6,0,0,6,8,243,1,46,5,10,13,4,6,13,3,1,3,1,2,16,30
-25,24,5,50,1,0,1,1,0,0,1,3,12,0,0,6,8,243,2,44,4,9,12,3,5,13,3,2,3,1,1,17,0
-19,24,5,48,1,0,2,1,0,0,0,1,14,0,0,6,8,243,3,43,3,8,11,3,4,12,2,1,3,1,2,16,45
24,23,4,42,1,0,2,1,0,0,1,10,5,0,0,6,8,243,2,41,5,6,10,3,6,11,4,2,3,1,1,16,0
-30,22,3,48,1,0,2,1,0,0,1,2,13,0,0,6,8,243,2,40,5,5,10,2,5,11,4,1,3,1,2,16,45
-16,22,3,45,3,0,1,1,0,0,2,2,13,0,0,6,8,243,3,37,2,3,8,2,6,11,5,1,2,1,2,16,15
18,19,0,38,4,0,1,1,0,0,2,14,16,0,0,6,8,243,2,35,0,3,7,4,8,13,7,2,2,0,2,15,30
31,19,1,36,4,0,1,1,0,0,1,14,1,0,0,6,8,243,1,35,1,4,8,5,7,13,7,3,2,0,2,15,0
-12,19,1,40,3,0,1,1,0,0,1,12,3,0,0,6,8,243,1,35,1,4,8,4,6,12,6,3,2,0,3,15,45
44,19,1,38,3,0,1,0,0,0,1,0,15,0,0,6,8,243,0,35,3,5,10,5,6,11,6,4,2,0,2,15,30
-141,19,2,53,3,0,0,0,0,0,1,8,7,1,0,6,8,243,0,35,3,5,10,4,6,10,5,4,2,0,1,17,30
-6,19,2,40,2,0,0,1,0,0,1,2,13,0,0,6,8,243,1,34,2,5,10,3,5,9,4,3,2,0,3,15,45
23,19,2,36,1,0,0,1,0,0,1,11,4,0,0,6,8,243,1,34,3,6,12,2,4,9,3,2,2,0,2,15,0
-65,19,2,42,1,0,0,2,0,0,0,9,6,0,0,6,8,243,2,33,2,5,11,2,3,8,2,1,2,0,1,16,0
35,18,3,34,2,0,0,2,0,0,0,25,20,0,0,6,8,243,2,31,3,4,13,2,6,8,3,0,2,0,2,14,45
-21,17,3,32,2,0,0,2,0,0,0,10,35,0,0,6,8,243,0,30,2,5,13,4,5,12,5,1,2,0,1,14,15
71,17,4,28,2,0,0,3,0,0,0,9,6,0,0,6,8,243,2,28,1,6,15,4,5,12,4,1,2,1,1,13,0
-41,17,5,33,2,0,0,2,0,0,0,7,8,0,0,6,8,243,2,28,1,7,15,3,4,11,3,1,2,1,2,14,30
-22,17,5,34,2,0,0,1,0,0,0,5,10,0,0,6,8,243,2,28,2,7,15,2,3,10,2,1,2,1,2,14,45
11,15,4,31,1,0,0,1,0,0,0,6,9,0,0,6,8,243,0,28,3,9,17,1,2,10,3,2,2,1,1,13,30
47,13,5,19,3,0,1,2,0,0,1,12,3,0,0,6,8,243,3,22,4,9,15,2,8,16,5,2,1,2,1,12,0
4,11,6,30,4,0,2,3,0,0,1,28,2,0,0,6,8,243,2,18,5,9,13,6,8,18,9,5,1,1,1,13,15
-1,11,6,26,3,0,2,3,0,0,1,25,5,0,0,6,8,243,2,18,5,9,13,6,8,18,8,5,1,1,2,12,45
22,10,5,19,3,0,2,3,0,0,1,20,10,0,0,6,8,243,2,17,4,9,13,5,8,17,8,5,0,1,1,12,0
-15,10,5,24,3,0,2,3,0,0,0,18,12,0,0,6,8,243,2,17,4,9,13,4,8,16,7,5,0,0,2,12,30
8,10,5,19,2,0,2,3,0,0,0,16,14,0,0,6,8,243,2,17,4,9,13,3,8,15,6,4,0,0,1,12,0
-22,10,6,26,2,0,2,2,0,0,0,15,15,0,0,6,8,243,2,17,5,10,13,2,7,14,5,3,0,0,2,12,45
160,8,5,9,4,0,2,1,2,0,0,12,3,0,0,6,8,243,2,13,4,6,11,2,9,14,8,4,0,0,2,10,30
0,7,5,16,5,0,2,1,2,0,0,9,6,0,0,6,8,243,2,11,4,6,10,5,11,14,9,4,0,0,4,11,30
-77,5,4,28,7,0,1,1,2,0,0,11,4,0,0,6,8,243,1,9,2,4,9,7,10,15,11,5,0,0,1,13,0
-3,5,4,23,6,0,1,1,2,0,0,8,7,0,0,6,8,243,1,9,2,4,9,7,10,14,10,5,0,0,2,12,15
24,5,4,16,7,0,0,1,2,0,0,4,11,0,0,6,8,243,2,8,2,4,8,6,9,13,9,4,0,0,4,11,30
2,5,4,24,6,0,0,1,2,0,0,3,12,0,0,6,8,243,2,8,2,4,8,5,8,12,8,4,0,0,2,12,30
-20,4,3,19,7,0,0,0,2,0,0,6,9,0,0,6,8,243,2,7,2,4,7,6,7,12,8,4,0,0,1,12,0
-10,4,3,14,6,0,0,0,2,0,0,1,14,0,0,6,8,243,2,7,2,4,7,5,7,11,7,3,0,0,3,11,15
-11,4,3,16,6,0,0,0,1,0,0,14,1,0,0,6,8,243,2,7,2,5,7,4,6,11,6,3,0,0,4,11,30
29,2,1,9,5,0,0,0,1,0,0,10,5,0,0,6,8,243,0,7,2,5,7,4,6,10,7,2,0,0,2,10,30
62,2,2,7,6,0,0,0,0,0,0,1,14,0,0,6,8,243,1,6,2,5,6,3,5,11,6,1,0,0,2,10,15
15,2,2,14,6,0,0,0,0,0,0,0,15,0,0,6,8,243,2,5,1,4,5,2,4,10,5,1,0,0,3,11,15
-8,1,1,7,5,0,0,0,0,0,0,11,4,0,0,6,8,243,0,5,3,5,5,3,5,10,6,3,0,0,2,10,15
25,1,1,6,5,0,0,0,0,0,1,2,13,0,0,6,8,243,2,3,2,3,3,4,5,10,5,2,0,0,2,10,0
61,1,1,4,4,0,0,1,0,0,1,11,4,0,0,6,8,243,3,2,2,2,2,3,5,9,4,2,0,0,1,9,45
-15,0,0,2,4,0,0,1,0,0,1,7,8,0,0,6,8,243,1,1,1,1,1,3,6,8,6,2,0,0,2,9,30
74,0,0,1,3,0,0,1,0,0,1,3,12,0,0,6,8,243,1,1,1,1,1,2,6,7,5,2,0,0,2,9,15
-37,0,0,2,3,0,0,0,0,0,2,0,19,0,0,6,8,243,0,0,0,0,0,4,6,6,6,4,0,0,2,9,30
21,0,0,0,2,0,0,0,0,0,2,0,30,0,1,6,8,243,0,0,0,0,0,4,5,5,5,3,0,0,1,9,0
17,0,0,4,1,0,0,0,0,0,2,0,36,0,0,6,8,243,0,0,0,0,0,3,4,4,4,3,0,0,1,9,45
-80,0,0,11,1,0,0,0,0,0,1,0,40,0,0,6,8,243,0,0,0,0,0,2,3,3,3,2,0,0,1,10,45
1,0,0,13,0,0,0,0,0,0,1,0,55,0,0,6,8,243,0,0,0,0,0,2,2,2,2,2,0,0,2,11,0
-112,0,0,11,0,0,0,0,0,0,0,0,74,0,0,6,8,243,0,0,0,0,0,1,1,1,1,1,0,0,1,10,45
19,30,2,50,0,0,0,0,0,0,0,19,11,1,0,5,8,242,0,51,4,5,9,1,4,6,1,1,8,2,1,17,30
-37,28,0,50,0,0,1,2,0,0,0,26,4,1,0,5,8,242,1,47,1,4,8,3,3,6,3,2,8,1,1,17,30
32,28,0,46,0,0,0,2,0,0,0,20,10,0,0,5,8,242,1,47,1,5,8,2,3,7,2,1,7,2,1,16,15
-13,28,1,47,0,0,0,1,1,0,0,12,18,0,0,5,8,242,1,46,1,4,8,1,2,6,2,1,7,1,2,16,45
2,28,3,48,1,0,0,2,1,0,0,9,6,0,0,5,8,242,2,43,1,4,9,2,4,10,3,1,6,1,2,17,0
-61,26,1,48,2,0,0,2,0,0,0,6,9,0,0,5,8,242,0,42,2,5,9,2,4,10,5,2,6,0,2,17,0
24,26,1,38,2,0,0,3,0,0,0,14,1,0,0,5,8,242,2,40,2,4,10,3,6,9,4,2,6,0,1,15,0
-3,25,1,43,3,0,0,2,0,0,0,10,5,0,0,5,8,242,1,39,2,5,11,4,7,9,5,3,6,0,2,15,45
30,25,1,38,2,0,0,2,0,0,0,9,6,0,0,5,8,242,1,39,2,5,11,3,6,8,4,2,6,0,1,15,0
-12,25,3,36,2,0,0,3,0,0,0,1,14,0,0,5,8,242,2,37,3,5,13,4,6,11,4,3,6,0,2,14,45
-26,25,3,44,2,0,0,2,0,0,0,43,2,0,0,5,8,242,0,37,3,6,13,4,5,11,5,4,6,0,1,16,0
-1,25,4,34,2,0,0,2,0,0,0,29,16,0,0,5,8,242,1,36,3,6,14,4,4,11,4,3,6,0,1,14,15
18,25,4,35,2,0,0,2,0,0,0,27,18,0,0,5,8,242,2,35,2,5,13,3,3,10,3,2,6,0,2,14,30
-41,24,4,41,1,0,0,2,1,0,0,13,32,0,0,5,8,242,2,34,3,5,15,2,3,14,3,3,6,1,1,15,30
-76,24,6,41,1,0,0,1,1,0,0,5,40,0,0,5,8,242,2,34,3,7,15,1,2,14,2,2,6,1,1,15,30
20,20,6,33,4,0,1,1,1,0,0,5,10,0,0,5,8,242,2,29,4,8,17,4,10,17,6,3,5,1,1,13,30
-74,18,7,36,5,0,1,1,1,0,0,2,13,0,0,5,8,242,2,27,4,8,19,5,13,21,7,4,5,0,2,14,45
23,17,6,31,7,0,1,1,0,0,0,10,5,0,0,5,8,242,2,25,3,8,18,6,12,21,8,6,5,0,1,13,0
48,16,5,27,6,0,1,1,0,0,0,7,8,0,0,5,8,242,1,25,4,8,18,7,12,20,8,7,5,0,2,12,30
-14,16,5,29,6,0,1,1,0,0,0,4,11,0,0,5,8,242,2,24,3,7,18,6,12,22,7,6,5,1,1,12,45
20,16,7,29,6,0,0,1,0,0,0,14,1,0,0,5,8,242,2,24,5,7,18,7,12,22,6,5,5,1,1,12,45
10,14,6,25,6,0,1,1,0,0,0,1,14,0,0,5,8,242,2,22,4,8,18,8,11,21,7,5,5,1,2,12,15
24,14,6,23,5,0,1,1,0,0,0,10,5,0,0,5,8,242,2,22,5,10,18,7,10,20,6,4,5,1,2,12,0
71,14,6,21,4,0,1,1,0,0,0,9,6,0,0,5,8,242,1,22,5,10,18,7,9,20,6,4,5,1,2,11,45
27,14,6,25,5,0,1,0,0,0,0,8,7,0,0,5,8,242,2,21,4,9,17,6,8,19,5,4,5,1,2,12,15
73,13,6,18,4,0,1,0,0,0,0,2,13,0,0,5,8,242,1,21,4,10,19,6,7,18,5,4,5,1,2,11,30
-80,12,5,32,4,0,1,0,0,0,1,14,1,0,0,5,8,242,2,19,2,10,17,6,6,17,5,4,5,1,1,13,15
8,12,5,23,3,0,1,0,0,0,1,13,2,0,0,5,8,242,2,19,2,10,17,5,5,16,4,3,5,1,2,12,0
54,11,5,13,3,0,1,0,0,0,0,3,12,0,0,5,8,242,1,19,5,11,18,4,8,16,4,4,5,3,2,10,45
25,11,6,21,4,0,1,0,0,0,0,9,6,0,0,5,8,242,3,17,5,10,16,3,9,18,3,3,5,3,2,11,45
19,11,7,18,3,0,1,0,0,0,0,5,10,0,0,5,8,242,3,17,5,11,16,2,10,17,2,2,4,4,2,11,30
30,10,7,17,3,0,0,0,0,0,0,1,14,0,0,5,8,242,2,17,6,11,17,1,11,16,2,1,4,4,3,11,15
-252,7,5,40,5,0,4,1,0,0,0,13,2,0,0,5,8,242,3,9,3,7,9,10,11,17,8,3,3,4,2,15,15
18,6,4,15,4,0,4,1,0,0,0,11,4,0,0,5,8,242,2,9,3,7,9,9,10,16,8,4,3,3,1,11,0
-299,6,5,44,4,0,3,1,0,0,0,9,6,0,0,5,8,242,2,9,3,7,9,8,9,15,7,4,2,3,1,16,0
12,6,5,15,4,0,3,1,0,0,0,4,11,0,0,5,8,242,2,8,3,6,8,7,8,14,7,4,2,2,1,11,0
47,5,4,7,4,0,2,1,0,0,0,2,13,0,0,5,8,242,1,8,3,7,8,6,8,13,7,4,2,2,2,10,0
26,5,4,10,4,0,1,1,0,0,0,0,15,0,0,5,8,242,1,8,4,7,8,5,7,12,6,4,2,2,1,10,15
60,5,4,10,4,0,1,1,0,0,0,7,8,0,0,5,8,242,2,7,4,6,7,5,9,11,5,3,2,2,1,10,15
32,5,5,7,3,0,1,1,0,0,0,6,9,0,0,5,8,242,2,7,5,6,7,4,8,10,4,3,1,2,2,10,0
-9,3,3,13,4,0,0,1,0,0,0,4,11,0,0,5,8,242,1,6,4,6,6,3,7,9,5,4,0,1,2,10,45
-43,3,3,18,4,0,0,0,0,0,0,3,12,0,0,5,8,242,1,6,4,6,6,2,6,8,4,4,0,0,2,11,30
-98,2,2,27,4,0,0,0,0,0,1,10,5,0,0,5,8,242,1,4,3,4,4,5,6,10,5,5,0,0,2,12,30
-8,1,1,7,4,0,0,1,0,0,1,4,11,0,0,5,8,242,0,2,2,2,2,4,6,9,7,5,0,0,2,10,0
30,1,1,2,5,0,0,1,0,0,0,13,2,0,0,5,8,242,1,1,1,1,1,4,5,8,6,4,0,0,2,9,30
50,1,1,2,4,0,0,1,0,0,0,11,4,0,0,5,8,242,1,1,1,1,1,3,4,7,5,3,0,0,2,9,30
35,1,1,5,3,0,0,1,0,0,0,11,4,0,0,5,8,242,1,1,1,1,1,2,3,6,4,2,0,0,3,9,45
-25,0,0,12,3,0,0,1,0,0,0,0,2,0,0,5,8,242,0,0,0,0,0,2,5,5,5,2,0,0,2,10,30
-4,0,0,1,2,0,0,1,0,0,0,0,6,0,0,5,8,242,0,0,0,0,0,1,4,4,4,1,0,0,3,9,15
-4,0,0,5,1,0,0,1,0,0,0,0,46,0,0,5,8,242,0,0,0,0,0,3,3,3,3,1,0,0,3,9,45
21,0,0,0,0,0,0,1,0,0,0,0,47,0,1,5,8,242,0,0,0,0,0,2,2,2,2,1,0,0,1,9,0
9,0,0,2,0,0,0,0,0,0,0,0,54,0,0,5,8,242,0,0,0,0,0,1,1,1,1,0,0,0,2,9,30
86,29,5,45,2,0,1,2,0,0,0,6,9,0,0,4,8,241,2,44,3,5,11,1,3,8,4,1,4,0,1,16,30
26,25,4,47,5,0,1,2,0,0,0,8,7,0,0,4,8,241,1,40,5,6,11,4,6,10,8,3,4,1,1,17,0
58,24,4,40,5,0,0,2,0,0,1,7,8,0,0,4,8,241,1,39,4,6,11,4,6,11,8,3,4,1,2,15,45
50,23,3,42,6,0,0,3,0,0,1,13,2,0,0,4,8,241,3,36,2,4,8,3,6,11,8,3,4,1,1,16,0
-20,23,3,48,5,0,1,3,0,0,1,13,2,0,0,4,8,241,4,35,1,3,7,2,5,10,7,2,3,1,1,17,15
112,22,3,42,5,0,1,2,0,0,1,7,8,0,0,4,8,241,3,35,1,4,7,2,5,9,7,3,3,1,1,16,0
-13,21,2,49,5,0,2,1,0,0,1,9,6,1,0,4,8,241,3,34,3,5,8,3,5,12,7,3,3,1,1,17,30
63,21,3,38,4,0,2,1,0,0,1,6,9,0,0,4,8,241,3,34,3,5,8,3,5,11,6,3,3,1,2,15,30
18,20,2,46,3,0,4,1,0,0,1,14,1,0,0,4,8,241,3,32,1,4,8,2,6,11,7,4,3,1,1,16,45
44,19,1,36,3,0,4,2,0,0,0,8,7,0,0,4,8,241,2,31,2,3,8,2,5,11,8,3,2,1,2,15,15
10,19,3,32,3,0,3,2,0,0,0,13,2,0,0,4,8,241,2,31,3,5,10,4,7,10,7,3,2,0,2,14,45
-25,18,3,38,4,0,2,2,0,0,1,7,8,0,0,4,8,241,2,29,1,3,8,3,7,10,8,5,2,0,2,15,30
42,18,3,31,4,0,1,2,0,0,1,2,13,0,0,4,8,241,2,29,2,3,9,2,6,9,7,4,2,0,2,14,30
-4,18,5,34,5,0,0,2,0,0,1,29,16,0,0,4,8,241,2,28,2,4,10,4,6,11,7,5,2,0,2,15,0
100,18,5,30,5,0,0,2,0,0,1,17,28,0,0,4,8,241,3,27,1,4,10,4,6,12,6,5,2,0,1,14,15
48,17,4,32,4,0,0,2,0,0,1,16,29,0,0,4,8,241,2,27,1,4,11,3,5,11,6,4,2,0,2,14,45
3,17,4,44,3,0,0,2,0,0,1,13,32,0,0,4,8,241,2,27,3,4,12,2,4,10,5,3,2,0,1,16,15
-34,16,5,34,4,0,0,1,0,0,1,11,4,0,0,4,8,241,2,26,2,5,12,2,3,10,5,3,2,0,2,15,0
68,14,5,28,6,0,0,1,0,0,0,5,10,0,0,4,8,241,1,24,2,5,13,2,6,10,7,2,2,1,1,13,15
16,13,4,29,5,0,0,2,0,0,0,10,5,0,0,4,8,241,1,23,2,6,12,1,5,11,7,2,2,1,1,13,30
53,11,4,22,5,0,1,2,0,0,0,10,5,0,0,4,8,241,1,21,4,7,13,4,7,14,8,2,2,1,2,12,30
19,10,3,24,6,0,1,2,0,0,0,0,15,0,0,4,8,241,2,19,4,6,14,5,6,13,8,3,2,1,2,12,45
-73,10,3,36,5,0,1,2,0,0,0,12,3,0,0,4,8,241,2,19,4,7,14,4,6,12,7,2,1,1,2,15,15
-141,10,5,40,4,0,1,2,0,0,0,8,7,0,0,4,8,241,2,19,5,7,14,3,5,11,6,1,1,0,2,15,45
36,9,5,22,4,0,1,2,1,0,0,5,10,0,0,4,8,241,2,17,4,6,13,3,7,13,7,2,1,0,2,12,30
34,9,5,26,4,0,1,1,1,0,0,3,12,0,0,4,8,241,1,17,4,6,13,2,6,12,7,2,1,0,1,13,0
15,8,5,20,6,0,1,0,2,0,0,13,2,0,0,4,8,241,2,14,3,6,10,4,7,15,8,3,1,0,2,12,15
46,7,6,16,7,0,0,0,3,0,0,12,3,0,0,4,8,241,3,12,2,7,11,5,7,15,8,4,1,0,2,11,30
28,5,4,19,7,0,0,0,3,0,0,14,1,0,0,4,8,241,2,11,3,6,10,5,7,15,9,3,1,0,2,12,0
48,5,4,13,7,0,0,0,2,0,0,14,1,0,0,4,8,241,2,11,3,6,10,4,6,14,8,3,1,0,1,11,0
98,4,3,9,6,0,0,0,2,0,0,8,7,0,0,4,8,241,1,11,3,7,11,4,6,13,8,4,1,0,2,10,30
-25,4,3,20,6,0,0,0,2,0,0,14,1,0,0,4,8,241,2,10,5,6,10,3,7,12,7,4,1,0,2,12,15
11,3,3,15,5,0,0,0,2,0,0,5,10,0,0,4,8,241,0,10,5,6,10,2,7,14,8,4,1,1,1,11,15
-43,3,3,24,6,0,0,0,2,0,0,11,4,0,0,4,8,241,2,8,4,5,8,3,8,14,7,3,1,1,2,12,45
8,1,1,13,7,0,0,0,2,0,1,4,11,0,0,4,8,241,3,5,1,4,5,6,8,15,8,3,1,1,1,11,0
24,1,1,11,6,0,0,0,2,0,1,14,1,0,0,4,8,241,3,5,1,4,5,6,8,14,7,3,1,1,2,10,45
15,1,1,5,5,0,1,0,2,0,1,7,8,0,0,4,8,241,3,4,1,4,4,6,7,13,7,3,1,1,2,10,0
53,1,1,5,5,0,1,0,1,0,1,0,15,0,0,4,8,241,2,4,3,4,4,5,6,13,7,4,1,1,2,10,0
-8,0,0,11,4,0,1,0,1,0,1,6,9,0,0,4,8,241,1,4,3,4,4,4,8,12,7,3,0,1,2,10,45
-27,0,0,7,4,0,1,0,1,0,0,4,11,0,0,4,8,241,1,4,3,4,4,3,7,11,6,3,0,0,2,10,15
43,0,0,0,4,0,0,0,1,0,0,2,13,0,1,4,8,241,1,4,3,4,4,2,6,10,5,2,0,0,1,9,0
28,0,0,4,3,0,0,0,1,0,1,10,5,0,0,4,8,241,2,3,2,3,3,2,6,9,4,2,0,0,2,9,45
-32,0,0,9,5,0,0,0,0,0,1,1,14,0,0,4,8,241,2,1,1,1,1,4,7,8,5,2,0,0,2,10,30
65,0,0,2,4,0,0,0,0,0,2,0,17,0,0,4,8,241,0,0,0,0,0,5,7,7,7,5,0,0,1,9,30
-57,0,0,7,4,0,0,0,0,0,1,0,20,0,0,4,8,241,0,0,0,0,0,4,6,6,6,5,0,0,2,10,15
-4,0,0,17,3,0,0,0,0,0,1,0,24,0,0,4,8,241,0,0,0,0,0,4,5,5,5,4,0,0,1,11,45
-145,0,0,17,2,0,0,0,0,0,1,0,32,0,0,4,8,241,0,0,0,0,0,3,4,4,4,3,0,0,1,11,45
-24,0,0,1,1,0,0,0,0,0,1,0,39,0,0,4,8,241,0,0,0,0,0,2,3,3,3,3,0,0,2,9,15
-29,0,0,2,0,0,0,0,0,0,1,0,52,0,0,4,8,241,0,0,0,0,0,2,2,2,2,2,0,0,1,9,30
-251,0,0,26,0,0,0,0,0,0,0,0,71,0,0,4,8,241,0,0,0,0,0,1,1,1,1,1,0,0,1,13,0
-7,31,5,48,2,0,0,0,0,0,1,18,12,1,0,3,8,240,2,45,2,8,15,1,2,12,2,1,4,0,1,17,30
73,28,7,44,2,0,0,4,0,0,1,1,14,0,0,3,8,240,3,40,6,10,11,4,10,13,5,2,4,3,2,16,45
22,24,5,40,4,0,1,4,0,0,1,3,27,0,0,3,8,240,2,36,5,6,11,8,11,15,9,4,4,3,2,16,0
-24,24,5,44,5,0,2,3,0,0,1,2,28,0,0,3,8,240,4,34,4,4,9,8,10,14,8,3,4,3,2,16,45
14,24,5,40,5,0,1,3,0,0,1,1,29,0,0,3,8,240,4,34,4,4,9,7,9,13,7,2,3,3,2,16,0
4,23,4,42,5,0,1,3,0,0,1,7,8,0,0,3,8,240,4,33,3,3,8,6,8,12,7,2,3,2,2,16,30
29,22,4,42,4,0,1,3,1,0,1,2,13,0,0,3,8,240,3,32,2,2,7,6,8,11,8,2,3,2,2,16,30
75,22,4,36,5,0,1,2,1,0,1,13,2,0,0,3,8,240,4,31,1,1,6,5,7,10,7,2,3,2,2,15,30
16,22,4,38,5,0,0,2,1,0,1,12,3,0,0,3,8,240,4,31,1,1,6,4,6,9,6,2,2,2,2,15,45
25,22,4,38,5,0,0,2,1,0,0,6,9,0,0,3,8,240,4,31,1,2,6,4,5,8,5,2,2,1,2,15,45
-19,21,3,46,6,0,0,1,1,0,0,2,13,0,0,3,8,240,4,30,0,1,5,3,4,8,5,2,1,1,1,17,0
89,21,3,33,6,0,0,0,1,0,0,6,9,0,0,3,8,240,4,30,0,1,6,3,4,7,4,1,1,0,1,15,0
18,19,1,36,5,0,0,0,1,0,0,11,4,0,0,3,8,240,2,30,0,4,6,2,3,6,5,2,1,0,2,15,30
-70,19,2,46,4,0,0,0,1,0,0,6,9,0,0,3,8,240,2,30,1,5,8,2,4,8,4,2,1,1,1,17,0
27,18,1,31,5,0,0,0,0,0,0,8,7,0,0,3,8,240,2,29,4,5,12,3,4,7,4,1,1,1,2,14,45
20,18,2,35,7,0,0,0,0,0,0,6,9,0,0,3,8,240,4,26,1,4,12,2,4,11,4,2,0,1,2,15,15
32,18,2,29,6,0,0,1,0,0,0,5,10,0,0,3,8,240,5,25,0,3,11,2,3,10,3,2,0,0,1,14,15
12,17,2,33,5,0,0,1,0,0,0,5,25,0,0,3,8,240,4,25,3,6,13,2,4,10,3,2,0,0,1,15,0
0,16,3,28,7,0,0,0,0,0,0,9,21,0,0,3,8,240,4,23,3,7,12,3,5,12,4,1,0,0,1,14,0
-10,16,3,30,7,0,0,0,0,0,0,5,25,0,0,3,8,240,5,22,3,8,11,2,7,11,3,1,0,0,2,14,30
-26,16,3,27,6,0,0,0,0,0,0,7,8,0,0,3,8,240,4,22,6,9,12,1,7,11,3,1,0,0,1,13,30
10,13,5,25,8,0,1,1,0,0,1,13,2,0,0,3,8,240,4,16,3,5,12,6,8,13,8,2,0,0,1,13,0
4,13,5,23,7,0,1,1,0,0,1,12,3,0,0,3,8,240,4,16,3,5,12,5,7,12,7,2,0,0,2,12,45
-15,13,5,23,8,0,0,1,0,0,1,8,7,0,0,3,8,240,5,15,3,4,11,4,7,11,6,2,0,0,2,12,45
-1,13,5,21,7,0,0,1,0,0,1,7,8,0,0,3,8,240,5,15,3,4,11,3,6,10,5,1,0,0,2,12,30
9,13,5,19,6,0,0,1,0,0,1,6,9,0,0,3,8,240,5,15,3,4,11,2,5,9,4,1,0,0,2,12,15
-85,13,5,31,5,0,0,2,0,0,1,9,6,0,0,3,8,240,5,14,3,4,12,3,5,10,4,1,0,0,2,14,45
33,11,5,17,7,0,0,2,0,0,1,2,13,0,0,3,8,240,5,11,0,4,10,3,6,14,6,3,0,0,1,11,45
-14,10,4,25,6,0,0,2,0,0,1,12,3,0,0,3,8,240,4,11,0,4,10,3,6,14,6,4,0,0,1,13,0
-49,8,3,21,6,0,0,2,0,0,0,10,5,0,0,3,8,240,2,11,2,7,10,4,5,15,7,5,0,0,2,12,30
-17,8,5,19,6,0,0,1,0,0,0,2,13,0,0,3,8,240,1,11,4,9,10,3,5,15,7,4,0,0,2,12,15
17,8,6,14,7,0,0,0,0,0,0,7,8,0,0,3,8,240,1,10,3,9,10,3,5,15,7,3,0,0,1,11,15
15,8,6,16,6,0,0,0,0,0,0,2,13,0,0,3,8,240,1,10,6,9,10,2,5,15,6,3,0,0,1,11,30
19,6,6,12,7,0,0,0,0,0,1,14,1,0,0,3,8,240,2,7,5,6,7,2,8,15,7,3,0,0,2,11,0
43,3,3,10,10,0,0,0,1,0,1,3,12,0,0,3,8,240,4,2,1,1,2,7,11,14,9,3,0,0,1,10,30
-58,2,2,18,9,0,0,0,1,0,1,12,3,0,0,3,8,240,3,2,1,2,2,7,11,13,9,4,0,0,2,12,0
18,2,2,8,9,0,0,0,1,0,1,3,12,0,0,3,8,240,4,1,0,1,1,7,10,13,8,4,0,0,1,10,15
-3,0,0,12,8,0,0,0,1,0,1,9,6,0,0,3,8,240,2,1,0,1,1,7,11,12,9,4,0,0,2,11,0
41,0,0,6,7,0,0,0,1,0,1,8,7,0,0,3,8,240,2,1,0,1,1,6,10,11,8,4,0,0,2,10,0
20,0,0,4,7,0,0,0,0,0,1,5,10,0,0,3,8,240,2,1,0,1,1,6,9,10,7,4,0,0,2,9,45
28,0,0,2,6,0,0,0,0,0,1,5,10,0,0,3,8,240,2,1,0,1,1,5,8,9,6,3,0,0,2,9,30
48,0,0,2,5,0,0,0,0,0,1,12,3,0,0,3,8,240,1,1,1,1,1,5,7,8,6,3,0,0,2,9,30
16,0,0,14,4,0,0,0,0,0,1,9,6,0,0,3,8,240,0,1,1,1,1,4,6,7,6,4,0,0,1,11,15
42,0,0,0,3,0,0,0,0,0,1,2,13,0,1,3,8,240,0,1,1,1,1,4,5,6,5,3,0,0,1,9,0
31,0,0,1,2,0,0,0,0,0,1,8,7,0,0,3,8,240,0,1,1,1,1,4,4,5,4,3,0,0,2,9,15
-32,0,0,6,2,0,0,0,0,0,0,0,15,0,0,3,8,240,0,1,1,1,1,3,3,4,3,2,0,0,2,10,0
-49,0,0,8,1,0,0,0,0,0,1,0,12,0,0,3,8,240,0,0,0,0,0,2,3,3,3,1,0,0,1,10,15
24,0,0,4,0,0,0,0,0,0,1,0,15,0,0,3,8,240,0,0,0,0,0,1,2,2,2,0,0,0,2,9,45
-109,0,0,11,0,0,0,0,0,0,0,0,64,0,0,3,8,240,0,0,0,0,0,1,1,1,1,0,0,0,2,10,45
27,26,5,49,4,0,0,1,0,0,1,14,1,0,0,2,8,239,2,47,4,9,12,3,8,14,5,2,3,1,1,16,45
-1,25,4,53,4,0,0,1,0,0,1,7,8,1,0,2,8,239,2,46,5,8,11,3,7,13,5,2,3,1,1,17,30
36,23,3,45,6,0,1,1,0,0,0,2,13,0,0,2,8,239,2,43,4,5,12,6,9,13,7,2,2,2,2,16,15
28,23,3,42,6,0,2,1,0,0,0,12,3,0,0,2,8,239,3,41,3,3,12,5,10,12,7,1,2,1,2,16,0
-9,23,3,42,6,0,1,1,0,0,0,6,9,0,0,2,8,239,2,41,3,4,12,4,9,11,7,2,2,1,2,16,0
-24,22,2,51,6,0,1,1,0,0,0,13,2,0,0,2,8,239,2,40,2,3,12,3,8,11,7,1,2,1,1,17,0
50,22,2,36,6,0,1,1,0,0,0,6,9,0,0,2,8,239,3,39,1,3,11,4,7,10,6,1,2,1,2,15,15
-31,22,2,47,6,0,0,1,0,0,0,5,10,0,0,2,8,239,3,39,1,3,11,4,6,9,5,1,2,1,2,16,30
3,20,0,40,5,0,1,1,0,0,0,10,5,0,0,2,8,239,1,38,1,7,12,5,7,10,7,1,2,1,3,15,45
-13,20,0,47,5,0,1,0,0,0,0,8,7,0,0,2,8,239,1,38,2,7,12,4,6,9,6,1,1,1,2,16,30
40,20,0,38,4,0,1,0,0,0,0,6,9,0,0,2,8,239,1,38,2,7,13,3,5,8,5,1,1,0,2,15,30
-15,20,1,49,3,0,1,0,0,0,0,14,1,0,0,2,8,239,1,38,3,8,14,3,4,8,4,1,1,0,1,16,45
33,20,1,34,2,0,1,0,0,0,0,13,2,0,0,2,8,239,1,38,3,8,14,2,3,7,3,0,1,0,2,15,0
17,20,2,34,3,0,0,0,1,0,0,65,10,0,0,2,8,239,3,36,5,8,14,2,3,7,2,0,1,0,2,15,0
-18,20,3,40,3,0,0,0,1,0,0,51,24,0,0,2,8,239,2,35,6,8,14,1,4,9,3,0,1,0,3,15,45
-43,19,4,36,6,0,0,3,0,0,0,19,56,0,0,2,8,239,4,29,2,6,11,3,5,13,6,1,1,0,2,15,15
-28,18,4,32,6,0,0,4,0,0,0,3,72,0,0,2,8,239,4,27,2,5,11,3,5,15,7,2,1,0,2,14,45
-112,18,4,45,5,0,0,4,0,0,0,2,73,0,0,2,8,239,4,27,2,5,11,2,4,14,6,1,1,0,2,16,15
-156,17,5,42,6,0,0,4,0,0,0,4,11,0,0,2,8,239,3,25,3,5,14,2,8,15,8,3,1,1,2,16,0
-42,15,3,32,6,0,0,5,0,0,0,9,6,0,0,2,8,239,3,23,2,4,12,3,8,15,9,3,1,1,2,14,45
122,14,5,21,7,0,0,4,0,0,0,3,12,0,0,2,8,239,3,22,2,6,13,6,10,16,9,4,1,1,1,12,0
-211,12,4,52,8,0,0,3,0,0,0,11,4,0,0,2,8,239,2,21,2,7,13,6,10,15,10,5,1,1,1,17,15
24,12,5,30,7,0,0,3,0,0,0,6,9,0,0,2,8,239,1,21,2,8,13,5,10,16,10,6,0,1,1,13,15
11,12,5,26,6,0,0,3,0,0,0,5,10,0,0,2,8,239,1,21,3,8,13,5,9,16,9,5,0,0,2,12,45
-23,12,5,31,5,0,0,4,0,0,0,13,2,0,0,2,8,239,2,20,3,7,14,4,9,17,8,5,0,0,2,13,30
-96,12,6,38,4,0,0,4,0,0,0,9,6,0,0,2,8,239,2,20,4,7,14,3,8,17,7,4,0,0,2,15,30
28,12,7,21,4,0,0,3,0,0,0,3,12,0,0,2,8,239,1,20,4,9,16,5,7,17,7,5,0,0,1,12,0
23,11,6,28,5,0,0,2,0,0,0,6,9,0,0,2,8,239,1,19,6,8,15,5,7,16,7,4,0,0,1,13,0
17,10,6,26,7,0,0,2,0,0,0,9,6,0,0,2,8,239,2,16,3,6,15,5,7,16,8,5,0,0,2,12,45
43,9,5,19,6,0,0,2,0,0,0,8,7,0,0,2,8,239,1,16,3,7,15,4,7,15,8,4,0,0,2,11,45
-8,9,5,24,6,0,0,1,0,0,0,3,12,0,0,2,8,239,1,16,5,7,15,3,6,14,7,4,0,0,2,12,30
9,7,3,24,6,0,0,2,0,0,0,7,8,0,0,2,8,239,1,14,3,6,13,3,7,15,8,4,0,0,2,12,30
-51,7,3,28,5,0,1,2,0,0,0,5,10,0,0,2,8,239,2,13,2,5,13,2,7,14,7,3,0,0,1,13,0
11,5,2,18,6,0,1,2,0,0,0,15,15,0,0,2,8,239,2,11,2,7,11,3,10,16,8,3,0,0,2,11,30
22,5,2,14,5,0,1,2,0,0,0,2,13,0,0,2,8,239,1,11,3,9,11,6,10,17,8,3,0,0,2,11,0
27,4,2,12,7,0,0,2,0,0,0,8,7,0,0,2,8,239,2,9,3,8,9,7,9,17,8,2,0,0,2,10,45
33,4,3,14,7,0,0,2,0,0,0,11,4,0,0,2,8,239,2,8,4,7,8,7,9,17,8,2,0,0,2,11,0
8,4,3,19,6,0,0,2,0,0,0,7,8,0,0,2,8,239,2,8,4,7,8,6,9,16,7,2,0,0,2,11,45
23,4,4,16,5,0,0,2,0,0,0,6,9,0,0,2,8,239,2,8,4,7,8,5,8,15,6,2,0,0,1,11,15
-25,4,4,23,5,0,0,1,0,0,0,2,13,0,0,2,8,239,2,8,5,8,8,4,7,14,5,2,0,0,2,12,15
67,3,3,6,5,0,0,1,0,0,0,0,15,0,0,2,8,239,2,7,5,7,7,4,7,13,5,1,0,0,2,10,0
30,3,3,8,5,0,0,1,0,0,0,10,5,0,0,2,8,239,2,6,5,6,6,3,7,13,5,2,0,0,2,10,15
-19,3,3,16,4,0,0,2,0,0,0,6,9,0,0,2,8,239,2,5,4,5,5,2,6,12,5,2,0,0,1,11,15
-26,3,3,10,5,0,0,3,0,0,0,2,13,0,0,2,8,239,3,2,2,2,2,3,8,11,6,2,0,0,2,10,30
-15,1,1,10,5,0,0,3,0,0,0,12,3,0,0,2,8,239,2,1,1,1,1,6,8,10,7,3,0,0,2,10,30
31,1,1,4,4,0,0,3,0,0,0,9,6,0,0,2,8,239,1,1,1,1,1,5,8,9,7,3,0,0,2,9,45
-7,0,0,8,5,0,0,2,0,0,0,1,14,0,0,2,8,239,1,0,0,0,0,6,7,8,7,3,0,0,2,10,15
46,0,0,0,4,0,0,2,0,0,0,0,15,0,1,2,8,239,1,0,0,0,0,5,6,7,6,3,0,0,1,9,0
-37,0,0,4,3,0,0,2,0,0,0,1,14,0,0,2,8,239,0,0,0,0,0,4,6,6,6,4,0,0,2,9,45
-16,0,0,12,2,0,0,2,0,0,0,0,3,0,0,2,8,239,0,0,0,0,0,3,5,5,5,3,0,0,2,10,45
6,0,0,1,1,0,0,2,0,0,0,0,10,0,0,2,8,239,0,0,0,0,0,3,4,4,4,2,0,0,2,9,15
-10,0,0,6,1,0,0,1,0,0,0,0,14,0,0,2,8,239,0,0,0,0,0,2,3,3,3,2,0,0,2,10,0
6,0,0,2,1,0,0,0,0,0,0,0,33,0,0,2,8,239,0,0,0,0,0,2,2,2,2,2,0,0,2,9,30
-5,0,0,2,0,0,0,0,0,0,0,0,46,0,0,2,8,239,0,0,0,0,0,1,1,1,1,1,0,0,2,9,30
-11,35,6,47,2,0,2,2,0,0,0,2,13,0,0,6,8,236,1,44,3,9,12,3,7,11,6,2,8,2,1,16,45
23,34,7,47,2,0,1,3,0,0,0,3,12,0,0,6,8,236,1,43,4,8,12,5,6,12,6,2,8,2,1,16,45
34,34,7,42,1,0,2,3,0,0,0,8,7,0,0,6,8,236,1,42,5,7,12,4,7,12,6,3,8,3,1,16,0
30,33,6,49,3,0,2,2,0,0,0,13,2,0,0,6,8,236,2,40,5,6,10,4,6,12,6,2,7,3,1,17,0
50,32,6,36,3,0,1,3,0,0,0,7,8,0,0,6,8,236,1,39,4,5,9,3,6,13,7,2,6,3,2,15,15
59,32,6,40,3,0,0,3,0,0,0,5,10,0,0,6,8,236,1,39,4,5,10,2,5,12,6,2,6,2,2,15,45
-35,29,3,50,6,0,0,3,0,0,0,2,13,1,0,6,8,236,2,35,1,3,7,3,5,12,8,3,6,3,1,17,30
-20,27,2,44,5,0,0,3,0,0,0,13,2,0,0,6,8,236,0,35,2,5,8,4,6,12,9,3,6,4,2,16,15
34,27,3,34,4,0,0,3,0,0,0,8,7,0,0,6,8,236,0,35,2,5,8,3,5,11,8,3,5,4,2,15,0
33,26,2,40,4,0,0,3,0,0,0,7,8,0,0,6,8,236,0,34,3,4,9,3,8,11,8,3,4,3,2,15,45
-14,26,2,45,3,0,0,3,0,0,0,2,13,0,0,6,8,236,0,34,4,5,10,3,7,10,7,3,3,2,2,16,30
15,26,3,38,4,1,0,2,0,0,0,10,20,0,0,6,8,236,1,32,2,4,10,5,7,12,7,3,2,2,2,15,30
-112,25,2,45,5,0,0,2,0,0,0,6,24,0,0,6,8,236,1,31,2,3,9,5,7,11,7,3,2,2,2,16,30
42,24,1,32,6,0,0,1,0,0,0,53,7,0,0,6,8,236,1,30,1,3,10,5,6,11,7,3,2,2,2,14,45
39,24,2,36,5,0,0,1,0,0,0,47,13,0,0,6,8,236,0,30,2,4,11,4,6,10,7,2,2,2,2,15,15
21,24,2,34,4,0,0,1,0,0,0,43,17,0,0,6,8,236,0,30,2,4,11,3,5,9,6,2,2,2,2,15,0
-9,24,2,31,3,0,0,1,0,0,0,40,20,0,0,6,8,236,0,30,2,4,12,2,4,8,5,2,2,2,2,14,15
3,24,3,38,3,0,0,1,0,0,0,28,32,0,0,6,8,236,0,29,2,5,13,2,4,7,5,3,1,2,2,15,30
11,23,4,32,3,0,0,0,1,0,0,10,50,0,0,6,8,236,0,28,2,6,16,2,5,9,5,2,0,1,2,14,45
69,22,5,30,3,0,0,0,1,0,0,4,11,0,0,6,8,236,0,27,3,7,17,3,5,8,5,2,0,0,1,13,15
72,21,8,28,3,0,0,2,1,0,0,0,15,0,0,6,8,236,2,24,3,8,18,3,4,10,5,3,0,0,1,13,0
28,21,10,28,3,0,0,2,0,0,0,6,9,0,0,6,8,236,2,24,4,9,19,3,4,9,4,2,0,0,1,13,0
21,19,8,26,3,0,0,3,0,0,0,14,1,0,0,6,8,236,2,22,3,9,18,2,4,9,5,4,0,0,2,12,45
-136,18,10,42,2,0,0,4,0,0,0,0,15,0,0,6,8,236,2,21,5,10,17,1,4,12,5,4,0,0,1,16,0
-23,13,9,24,6,0,2,3,0,0,0,8,22,0,0,6,8,236,2,15,5,10,13,3,6,15,10,6,0,0,2,12,30
8,11,8,26,7,0,2,3,0,0,0,2,28,0,0,6,8,236,2,13,4,8,11,2,6,14,11,8,0,0,2,12,45
34,11,8,21,7,0,3,2,0,0,0,11,4,0,0,6,8,236,3,12,5,8,11,3,5,15,10,7,0,0,1,12,0
38,6,4,16,9,0,2,4,0,0,0,13,2,0,0,6,8,236,2,8,4,5,8,4,11,20,14,10,0,0,2,11,0
6,6,4,24,8,0,2,4,0,0,0,12,3,0,0,6,8,236,2,8,4,5,8,3,10,19,13,9,0,0,2,12,30
6,6,4,23,8,0,2,5,0,0,0,1,14,0,0,6,8,236,4,6,2,3,6,6,9,20,12,8,0,0,2,12,15
30,3,1,18,9,0,1,5,0,0,0,3,12,0,0,6,8,236,2,5,2,3,5,6,9,20,14,9,0,0,1,11,15
13,3,2,21,9,0,1,4,1,0,0,9,6,0,0,6,8,236,3,4,1,4,4,7,11,20,13,8,0,0,1,12,0
35,3,2,13,9,0,0,4,1,0,0,7,8,0,0,6,8,236,3,4,1,4,4,6,10,19,12,8,0,0,2,10,45
37,3,2,16,8,0,0,4,1,0,0,3,12,0,0,6,8,236,3,4,1,4,4,5,10,18,11,7,0,0,2,11,0
40,3,2,18,7,0,0,4,1,0,0,2,13,0,0,6,8,236,3,4,1,4,4,4,9,17,10,6,0,0,1,11,15
89,3,3,11,7,0,0,4,1,0,0,6,9,0,0,6,8,236,3,3,1,3,3,4,11,16,10,5,0,0,3,10,30
-29,2,2,13,7,0,0,3,1,0,0,1,14,0,0,6,8,236,1,3,1,3,3,4,11,15,11,4,0,0,2,10,45
86,2,2,7,6,0,0,3,1,0,0,13,2,0,0,6,8,236,1,3,2,3,3,4,10,14,10,4,0,0,2,10,0
48,2,2,11,6,0,0,2,1,0,0,1,14,0,0,6,8,236,1,3,3,3,3,5,11,13,9,4,0,0,3,10,30
67,1,1,2,5,0,0,2,1,0,1,1,14,0,0,6,8,236,1,2,2,2,2,8,11,12,9,4,0,0,2,9,30
75,1,1,5,5,0,0,2,1,0,1,14,1,0,0,6,8,236,2,1,1,1,1,7,11,11,8,3,0,0,2,9,45
65,1,1,7,6,0,0,1,1,0,1,10,5,0,0,6,8,236,3,0,0,0,0,6,10,10,7,2,0,0,2,10,0
137,1,1,2,5,0,0,1,1,0,1,4,11,0,0,6,8,236,2,0,0,0,0,6,9,9,7,1,0,0,2,9,30
26,0,0,9,5,0,0,0,1,0,1,11,4,0,0,6,8,236,1,0,0,0,0,6,8,8,7,1,0,0,2,10,15
30,0,0,9,4,0,0,0,1,0,1,8,7,0,0,6,8,236,0,0,0,0,0,5,7,7,7,2,0,0,2,10,15
15,0,0,0,3,0,0,0,1,0,1,6,9,0,1,6,8,236,0,0,0,0,0,5,6,6,6,2,0,0,1,9,0
-8,0,0,2,2,0,0,0,1,0,1,3,12,0,0,6,8,236,0,0,0,0,0,4,5,5,5,2,0,0,2,9,30
17,0,0,1,2,0,0,0,1,0,0,0,5,0,0,6,8,236,0,0,0,0,0,4,4,4,4,2,0,0,3,9,15
-97,0,0,13,1,0,0,0,1,0,0,0,12,0,0,6,8,236,0,0,0,0,0,3,3,3,3,1,0,0,2,10,45
17,0,0,5,0,0,0,0,1,0,0,0,23,0,0,6,8,236,0,0,0,0,0,2,2,2,2,0,0,0,2,9,45
-88,0,0,20,0,0,0,0,0,0,0,0,29,0,0,6,8,236,0,0,0,0,0,1,1,1,1,0,0,0,2,11,30
-6,33,7,53,0,0,2,1,0,0,0,11,19,1,0,5,8,235,2,50,4,8,16,2,5,10,2,0,5,1,1,17,30
24,29,4,49,1,0,1,2,1,0,0,4,11,0,0,5,8,235,1,47,3,7,14,3,6,10,5,2,5,2,2,16,45
26,28,4,51,1,0,1,1,2,0,0,6,9,0,0,5,8,235,1,46,5,9,15,4,5,12,5,2,5,2,1,17,0
7,28,6,51,1,0,0,1,2,0,1,12,3,0,0,5,8,235,1,45,4,8,14,4,7,13,5,2,5,3,1,17,0
54,26,5,43,3,0,0,1,2,0,1,13,2,0,0,5,8,235,2,42,3,7,12,3,6,13,6,2,4,3,1,16,0
5,26,6,45,3,0,0,2,2,0,0,8,7,0,0,5,8,235,3,41,3,7,12,2,5,12,5,1,3,2,3,16,15
21,26,7,46,3,0,0,2,1,0,0,2,13,0,0,5,8,235,3,41,4,8,13,4,4,13,4,1,3,1,2,16,30
-15,24,6,49,6,0,0,3,0,0,0,6,9,0,0,5,8,235,4,37,3,6,9,3,7,13,6,1,3,1,2,16,45
8,22,4,46,6,0,0,2,0,0,0,3,12,0,0,5,8,235,2,37,4,6,10,2,7,12,7,2,2,1,2,16,30
-11,22,4,43,5,0,0,2,0,0,0,3,12,0,0,5,8,235,2,37,4,6,10,1,6,11,6,2,2,0,1,16,0
4,19,2,39,8,0,0,1,0,0,1,13,2,0,0,5,8,235,3,33,2,5,10,5,9,12,8,4,2,0,2,15,30
76,18,2,36,7,0,0,1,0,0,1,1,14,0,0,5,8,235,2,33,3,5,12,6,8,11,8,4,2,0,2,15,0
13,18,2,41,6,0,0,1,0,0,1,11,4,0,0,5,8,235,1,33,3,5,13,5,8,11,8,5,2,0,2,15,45
11,18,2,39,6,0,0,0,0,0,1,10,5,0,0,5,8,235,1,33,3,5,13,4,7,10,7,5,2,0,2,15,30
3,18,2,37,6,0,0,1,0,0,1,4,11,0,0,5,8,235,3,31,3,4,11,5,6,9,6,4,2,0,2,15,15
124,18,2,30,5,0,0,1,0,0,1,12,3,0,0,5,8,235,3,31,3,6,13,4,6,9,5,3,2,0,1,13,30
41,18,2,33,5,0,0,1,0,0,1,3,12,0,0,5,8,235,3,30,2,6,13,3,6,9,5,3,2,0,2,14,30
142,17,3,25,4,0,0,2,0,0,1,37,8,0,0,5,8,235,2,29,1,5,12,3,5,8,6,4,2,0,2,12,45
-34,17,3,37,4,0,0,2,0,0,1,35,10,0,0,5,8,235,3,28,1,5,12,2,4,7,5,3,2,0,2,15,15
-18,16,4,34,4,0,0,2,0,0,0,16,29,0,0,5,8,235,1,28,4,7,14,3,3,8,6,3,2,0,1,14,45
10,16,5,34,3,0,0,3,0,0,0,1,44,0,0,5,8,235,1,27,4,9,16,2,4,7,6,2,2,0,1,14,45
-5,16,6,32,6,0,0,2,0,0,0,10,5,0,0,5,8,235,4,24,2,6,13,1,3,8,5,2,2,0,1,14,15
57,11,5,29,8,0,0,2,1,0,0,12,3,0,0,5,8,235,2,20,3,7,12,3,5,13,10,5,2,1,2,13,15
16,11,7,27,7,0,0,2,1,0,0,2,13,0,0,5,8,235,2,19,5,9,14,2,4,15,9,4,2,1,1,13,0
86,10,6,24,9,0,0,1,1,0,0,9,6,0,0,5,8,235,3,18,3,7,12,2,5,15,9,4,2,1,2,12,30
-5,6,4,30,12,0,0,0,1,0,0,10,5,0,0,5,8,235,2,15,4,5,11,4,8,20,12,6,2,1,1,13,30
-134,6,4,41,11,0,0,0,1,0,0,5,10,0,0,5,8,235,1,15,5,5,12,3,8,20,12,5,1,2,2,15,45
22,4,2,18,10,0,3,0,1,0,1,0,15,0,0,5,8,235,2,11,1,5,9,6,11,19,14,7,1,1,2,11,45
75,4,2,15,9,0,3,0,1,0,1,14,1,0,0,5,8,235,2,11,1,5,9,5,10,18,13,7,1,1,2,11,30
20,3,2,20,9,0,3,0,1,0,1,4,11,0,0,5,8,235,2,10,1,4,10,5,12,20,13,7,1,1,2,12,0
8,3,2,25,8,0,3,0,1,0,1,0,15,0,0,5,8,235,2,10,1,4,10,5,12,19,12,6,1,1,2,12,45
22,2,1,13,8,0,2,0,1,0,1,1,14,0,0,5,8,235,0,10,4,5,10,7,12,18,13,6,1,1,3,11,15
10,2,1,27,7,0,2,0,1,0,1,0,15,0,0,5,8,235,0,10,4,5,10,6,11,18,12,6,1,1,1,13,0
9,2,1,15,7,0,2,0,1,0,0,9,6,0,0,5,8,235,0,10,4,6,10,6,13,20,11,5,0,1,2,11,30
66,2,1,12,7,0,2,0,0,0,1,4,11,0,0,5,8,235,1,9,3,6,9,7,12,19,10,4,0,0,2,11,0
70,2,1,18,6,0,3,0,0,0,1,9,6,0,0,5,8,235,1,8,3,5,8,8,11,19,10,4,0,0,2,11,45
-15,2,1,20,6,0,3,0,0,0,1,7,8,0,0,5,8,235,2,7,2,4,7,7,10,18,9,4,0,0,2,12,0
-160,2,1,46,5,0,3,0,0,0,1,6,9,0,0,5,8,235,2,7,2,4,7,6,9,17,8,3,0,0,2,16,30
-11,2,2,10,5,0,3,0,0,0,1,13,2,0,0,5,8,235,2,6,2,4,6,6,8,16,8,2,0,0,1,10,45
-5,1,1,8,5,0,2,0,0,0,1,6,9,0,0,5,8,235,0,6,3,5,6,7,10,15,9,3,0,0,2,10,30
8,1,1,13,5,0,1,0,0,0,1,5,10,0,0,5,8,235,0,6,3,5,6,6,9,14,8,3,0,0,3,11,15
46,1,1,15,4,0,1,0,0,0,1,2,13,0,0,5,8,235,0,6,3,6,6,5,8,13,7,3,0,0,2,11,30
-23,1,1,22,3,0,1,0,0,0,1,15,15,0,0,5,8,235,0,6,3,6,6,4,7,12,6,2,0,0,1,12,15
150,1,1,5,3,0,1,0,0,0,1,14,1,0,0,5,8,235,0,5,3,5,5,3,7,11,6,3,0,0,2,10,0
-70,1,1,22,3,0,0,0,1,0,1,12,3,0,0,5,8,235,1,4,3,4,4,2,7,10,5,3,0,0,1,12,15
-12,1,1,6,2,0,0,0,1,0,1,9,6,0,0,5,8,235,1,4,3,4,4,1,8,9,4,3,0,0,2,10,15
92,0,0,2,4,0,0,0,1,0,1,7,8,0,0,5,8,235,2,1,1,1,1,7,8,8,5,3,0,0,1,9,30
7,0,0,6,3,0,0,0,1,0,1,6,9,0,0,5,8,235,2,1,1,1,1,6,7,7,4,2,0,0,2,10,15
-55,0,0,8,2,0,0,0,1,0,1,6,9,0,0,5,8,235,2,1,1,1,1,5,6,6,3,1,0,0,2,10,30
-6,0,0,1,2,0,0,0,1,0,1,1,14,0,0,5,8,235,0,0,0,0,0,5,5,5,5,3,0,0,2,9,15
-1,0,0,10,2,0,0,0,1,0,0,0,2,0,0,5,8,235,0,0,0,0,0,4,4,4,4,3,0,0,1,10,45
-10,0,0,2,1,0,0,0,1,0,0,0,4,0,0,5,8,235,0,0,0,0,0,3,3,3,3,3,0,0,1,9,30
-27,0,0,4,0,0,0,0,1,0,0,0,5,0,0,5,8,235,0,0,0,0,0,2,2,2,2,2,0,0,1,9,45
33,0,0,0,0,0,0,0,0,0,0,0,16,0,1,5,8,235,0,0,0,0,0,1,1,1,1,1,0,0,1,9,0
-1,36,3,53,0,0,0,0,0,0,0,27,3,1,0,4,8,234,0,53,3,4,11,1,1,3,1,0,7,1,1,18,0
6,30,4,52,3,0,0,2,1,0,0,9,6,0,0,4,8,234,1,46,4,6,11,2,5,13,6,4,7,2,1,17,30
23,29,4,51,4,0,0,2,1,0,0,13,2,0,0,4,8,234,2,44,2,6,9,2,4,13,6,3,7,2,1,17,0
26,27,3,49,4,0,0,3,1,0,0,8,7,0,0,4,8,234,2,42,2,5,9,3,7,13,7,2,6,4,1,16,45
4,27,4,49,5,0,0,2,1,0,0,9,6,0,0,4,8,234,2,41,4,5,10,2,7,12,7,3,6,3,1,16,45
42,27,4,44,5,0,0,2,0,0,0,8,7,0,0,4,8,234,2,41,4,5,10,1,7,11,6,2,5,3,1,15,45
6,25,4,47,6,0,1,3,0,0,0,2,28,0,0,4,8,234,2,37,1,3,10,7,9,13,9,3,5,3,1,16,15
5,25,5,48,6,0,1,2,0,0,0,14,1,0,0,4,8,234,2,37,1,3,11,6,8,12,8,3,4,3,2,16,30
-12,25,5,46,5,0,1,2,0,0,0,12,3,0,0,4,8,234,2,37,2,3,11,5,7,11,7,3,3,2,1,16,0
-16,24,4,44,4,0,1,2,0,0,0,10,5,0,0,4,8,234,1,37,2,4,11,5,7,10,7,3,3,2,1,15,45
67,23,3,40,4,0,1,2,0,0,0,11,4,0,0,4,8,234,1,36,1,5,11,5,6,10,7,3,3,2,2,15,0
-16,23,3,42,4,0,0,2,0,0,0,9,6,0,0,4,8,234,1,36,1,5,12,4,5,9,6,3,3,2,2,15,30
46,22,2,38,4,0,0,1,0,0,0,8,7,0,0,4,8,234,0,36,2,5,12,3,4,8,6,4,2,2,2,14,45
31,22,3,42,3,0,0,2,0,0,0,10,5,0,0,4,8,234,1,35,2,6,13,3,3,7,5,3,2,1,2,15,30
10,21,3,38,2,0,0,2,0,0,0,44,1,0,0,4,8,234,0,35,4,7,13,2,3,7,5,4,2,1,2,14,45
-34,20,4,36,3,0,0,2,0,0,0,26,19,0,0,4,8,234,0,33,4,7,13,1,4,11,6,3,1,1,2,14,30
23,18,5,35,6,0,1,2,0,0,0,0,15,0,0,4,8,234,2,28,2,6,15,4,4,13,8,4,1,1,2,14,15
23,18,5,36,5,0,1,3,0,0,0,8,7,0,0,4,8,234,3,27,3,6,15,3,5,13,7,3,1,1,2,14,30
14,17,4,40,5,0,1,2,0,0,0,4,11,0,0,4,8,234,2,27,3,7,15,2,5,12,7,3,1,1,2,15,0
92,16,6,29,5,0,2,1,0,0,0,2,13,0,0,4,8,234,2,26,4,9,19,1,7,15,7,3,0,1,2,12,45
62,13,4,31,8,0,2,1,0,0,0,0,15,0,0,4,8,234,1,22,5,9,17,6,9,16,11,6,0,0,1,13,0
50,13,4,27,7,0,2,1,0,0,0,9,6,0,0,4,8,234,0,22,5,9,18,6,9,16,11,6,0,0,2,12,30
52,13,4,25,9,0,1,1,0,0,0,5,10,0,0,4,8,234,2,20,4,8,16,5,8,16,10,6,0,0,2,12,15
-18,13,4,31,9,0,0,1,0,0,0,3,12,0,0,4,8,234,2,20,4,8,16,5,7,16,9,5,0,0,1,13,0
-13,12,4,34,8,0,0,1,0,0,0,12,3,0,0,4,8,234,1,20,5,9,17,4,7,16,9,5,0,0,1,13,30
32,12,4,23,7,0,0,1,0,0,0,11,4,0,0,4,8,234,1,20,6,9,17,3,6,15,8,5,0,0,2,12,0
29,10,4,23,8,0,0,2,0,0,0,10,5,0,0,4,8,234,2,17,4,11,15,4,8,15,9,6,0,0,2,12,0
15,9,4,33,8,0,0,2,0,0,0,3,12,0,0,4,8,234,1,16,4,11,14,3,7,16,10,6,0,0,1,13,15
-5,9,4,29,10,0,0,1,1,0,0,1,14,0,0,4,8,234,3,13,6,8,13,6,7,17,10,5,0,0,2,12,45
51,9,4,15,9,0,0,1,1,0,0,12,3,0,0,4,8,234,3,13,6,8,13,5,7,16,9,4,0,0,2,11,0
30,9,6,18,9,0,0,1,1,0,0,14,1,0,0,4,8,234,3,12,7,9,12,4,10,16,9,4,0,0,3,11,30
-5,8,5,25,8,0,0,3,1,0,0,9,6,0,0,4,8,234,4,10,5,7,10,3,9,16,9,5,0,0,2,12,15
61,8,5,16,8,0,0,3,1,0,0,7,8,0,0,4,8,234,5,9,4,6,9,2,8,16,8,5,0,0,2,11,15
27,7,4,27,8,0,0,4,1,0,0,2,13,0,0,4,8,234,6,7,2,4,7,2,7,17,8,4,0,0,2,12,30
50,5,3,13,8,0,0,5,1,0,0,7,8,0,0,4,8,234,4,5,2,4,5,6,10,20,11,6,0,0,1,10,45
-9,5,4,20,8,0,0,4,1,0,0,0,15,0,0,4,8,234,4,5,2,5,5,5,10,19,10,5,0,0,2,11,45
9,4,3,20,7,0,0,4,1,0,0,11,4,0,0,4,8,234,3,5,3,5,5,5,9,18,10,6,0,0,2,11,45
29,4,3,11,7,0,0,4,1,0,0,9,6,0,0,4,8,234,4,4,2,4,4,5,8,17,9,5,0,0,2,10,30
51,4,3,7,6,0,0,4,1,0,0,3,12,0,0,4,8,234,4,4,2,4,4,5,8,16,8,4,0,0,2,10,0
-5,3,2,11,6,0,0,3,1,0,0,2,13,0,0,4,8,234,3,4,3,4,4,4,7,15,8,5,0,0,2,10,30
-8,3,3,18,6,0,0,3,1,0,1,13,2,0,0,4,8,234,3,2,2,2,2,5,11,14,9,5,0,0,3,11,30
-118,3,3,20,6,0,0,3,1,0,0,9,6,0,0,4,8,234,2,2,2,2,2,4,11,13,9,6,0,0,2,11,45
32,3,3,3,5,0,0,3,1,0,0,7,8,0,0,4,8,234,2,2,2,2,2,3,10,12,8,5,0,0,2,9,30
54,2,2,5,5,0,0,3,1,0,0,0,15,0,0,4,8,234,1,1,1,1,1,3,10,11,9,4,0,0,2,9,45
17,1,1,1,5,0,0,3,1,0,0,3,12,0,0,4,8,234,1,0,0,0,0,5,10,10,9,4,0,0,2,9,15
-17,1,1,9,5,0,0,2,1,0,0,3,12,0,0,4,8,234,1,0,0,0,0,8,9,9,8,4,0,0,2,10,15
-10,0,0,16,5,0,0,2,0,0,0,0,4,0,0,4,8,234,0,0,0,0,0,8,8,8,8,5,0,0,2,11,15
59,0,0,5,5,0,0,1,0,0,0,0,7,0,0,4,8,234,0,0,0,0,0,7,7,7,7,4,0,0,2,9,45
-26,0,0,7,4,0,0,1,0,0,0,0,10,0,0,4,8,234,0,0,0,0,0,6,6,6,6,4,0,0,2,10,0
5,0,0,1,3,0,0,1,0,0,0,0,12,0,0,4,8,234,0,0,0,0,0,5,5,5,5,4,0,0,2,9,15
-14,0,0,13,2,0,0,1,0,0,0,0,13,0,0,4,8,234,0,0,0,0,0,4,4,4,4,3,0,0,1,10,45
1,0,0,0,1,0,0,1,0,0,0,0,18,0,1,4,8,234,0,0,0,0,0,3,3,3,3,3,0,0,2,9,0
41,0,0,3,0,0,0,1,0,0,0,0,26,0,0,4,8,234,0,0,0,0,0,2,2,2,2,2,0,0,2,9,30
-33,0,0,9,0,0,0,0,0,0,0,0,31,0,0,4,8,234,0,0,0,0,0,1,1,1,1,1,0,0,2,10,15
9,34,6,55,2,0,3,0,0,0,0,10,5,1,0,3,8,233,2,52,3,7,14,3,5,14,4,3,11,5,1,17,15
18,31,4,55,5,0,2,0,0,0,0,1,14,1,0,3,8,233,2,49,4,5,15,4,6,14,6,2,10,5,1,17,15
22,29,2,50,5,0,1,0,0,0,0,14,1,0,0,3,8,233,0,49,4,5,15,3,5,13,7,3,9,4,2,16,45
148,29,3,33,7,0,0,0,0,0,0,11,4,0,0,3,8,233,1,47,3,7,13,3,8,14,7,3,8,4,2,14,30
31,29,4,55,7,0,0,0,0,0,0,5,10,1,0,3,8,233,1,46,2,7,12,3,7,13,7,3,7,3,1,17,15
24,27,2,53,7,0,0,0,0,0,1,3,12,0,0,3,8,233,1,44,2,6,10,5,10,15,8,3,7,3,3,17,0
44,27,3,45,6,0,0,0,0,0,1,9,6,0,0,3,8,233,0,44,4,9,10,5,9,15,8,3,6,3,1,16,0
32,27,3,43,5,0,0,0,0,0,1,10,5,0,0,3,8,233,0,44,6,10,12,7,9,14,7,3,6,2,2,15,45
-8,27,3,48,4,0,0,0,0,0,1,8,7,0,0,3,8,233,0,44,6,10,12,6,8,13,6,3,6,2,3,16,30
30,27,3,47,3,0,1,0,0,0,1,5,10,0,0,3,8,233,1,43,5,9,12,6,8,12,5,3,5,2,2,16,15
9,26,2,50,2,0,2,2,0,0,1,13,2,0,0,3,8,233,3,40,4,6,9,5,7,12,5,3,5,1,2,16,45
21,25,1,43,2,0,2,2,0,0,1,1,14,0,0,3,8,233,2,39,5,5,10,4,6,13,6,3,5,1,2,15,45
-1,25,1,48,1,0,2,2,0,0,1,0,15,0,0,3,8,233,2,39,5,5,10,3,5,12,5,2,5,1,3,16,30
-44,25,1,50,1,0,2,2,0,0,0,13,2,0,0,3,8,233,2,39,5,5,10,2,4,11,4,2,4,1,2,16,45
29,25,1,37,2,0,1,2,0,0,0,8,7,0,0,3,8,233,3,38,4,4,9,2,4,10,3,1,4,0,2,15,0
-11,24,0,37,3,0,1,3,0,0,1,10,5,0,0,3,8,233,4,34,0,2,8,2,6,10,5,2,4,0,2,15,0
-124,24,0,53,2,0,1,3,0,0,1,7,8,0,0,3,8,233,2,34,0,2,8,2,5,9,6,1,4,0,3,17,0
-51,24,4,42,2,0,1,3,0,0,0,40,20,0,0,3,8,233,2,34,2,5,14,4,7,8,5,0,4,1,2,15,30
26,24,4,33,1,0,1,3,0,0,0,35,25,0,0,3,8,233,2,34,3,5,14,3,6,7,4,0,4,1,2,14,30
22,24,4,37,1,0,1,2,0,0,0,34,26,0,0,3,8,233,2,34,3,5,14,2,5,6,3,0,4,1,2,15,0
-41,24,4,45,1,0,1,1,0,0,0,25,35,0,0,3,8,233,1,34,4,6,16,2,4,5,3,0,4,1,1,16,0
-8,22,4,35,2,0,2,1,0,0,0,14,1,0,0,3,8,233,2,31,2,6,16,3,4,9,4,0,3,2,3,14,45
22,21,4,31,2,0,2,1,0,0,0,8,7,0,0,3,8,233,2,30,2,6,16,3,3,10,4,0,3,1,1,13,15
4,21,6,32,2,0,1,1,0,0,0,1,14,0,0,3,8,233,2,29,3,7,18,2,2,9,3,0,3,1,2,13,30
-76,20,7,40,1,0,1,1,0,0,2,9,6,0,0,3,8,233,2,28,4,10,17,1,2,13,4,2,2,2,1,15,15
-132,13,7,40,8,0,0,4,0,0,2,10,5,0,0,3,8,233,4,18,4,7,12,7,12,19,11,4,1,1,1,15,15
5,13,7,27,9,0,0,4,0,0,1,6,9,0,0,3,8,233,5,17,3,6,12,6,11,18,10,3,1,0,2,12,45
26,13,7,29,9,0,0,3,0,0,1,4,11,0,0,3,8,233,5,17,4,6,12,5,10,17,9,2,1,0,1,13,0
26,12,6,27,10,0,0,3,0,0,0,2,13,0,0,3,8,233,4,16,4,5,11,4,10,17,10,4,1,0,2,12,45
23,11,5,19,9,0,0,3,0,0,0,4,11,0,0,3,8,233,3,16,4,6,13,4,10,19,10,4,1,0,2,11,45
2,10,5,23,8,0,1,3,0,0,0,13,2,0,0,3,8,233,3,15,4,6,12,6,10,18,10,4,1,0,2,12,15
32,10,5,17,8,0,1,3,0,0,0,12,3,0,0,3,8,233,4,14,3,5,11,5,9,17,9,4,1,0,2,11,30
18,7,3,21,9,0,2,2,0,0,0,6,9,0,0,3,8,233,3,12,2,5,10,6,10,19,11,7,1,0,2,12,0
22,6,2,13,8,0,2,2,0,0,0,3,12,0,0,3,8,233,2,11,2,5,11,6,9,18,11,6,1,0,2,11,0
10,6,2,17,8,0,2,2,0,0,0,2,13,0,0,3,8,233,3,11,1,4,10,5,8,17,10,5,1,0,2,11,30
3,6,3,19,7,0,2,2,0,0,0,1,14,0,0,3,8,233,3,11,1,4,10,5,8,16,9,4,1,0,2,11,45
27,6,3,21,7,0,2,1,0,0,0,11,4,0,0,3,8,233,3,11,2,4,11,4,8,16,8,3,1,0,2,12,0
14,6,4,15,6,0,2,1,0,0,0,3,12,0,0,3,8,233,1,11,2,6,11,4,7,18,9,5,1,0,2,11,15
20,6,5,11,6,0,1,2,0,0,0,5,10,0,0,3,8,233,2,10,3,7,10,4,10,18,8,5,1,1,2,10,45
0,6,5,25,5,0,1,2,0,0,0,2,13,0,0,3,8,233,2,10,3,7,10,4,9,17,7,5,1,1,2,12,30
-23,5,5,25,6,0,1,1,0,0,0,11,4,0,0,3,8,233,2,9,2,6,9,4,9,17,7,5,1,1,2,12,30
-27,5,5,23,5,0,1,1,0,0,0,1,14,0,0,3,8,233,2,9,4,7,9,4,10,17,6,5,1,1,2,12,15
1,4,4,9,5,0,1,1,0,0,1,2,13,0,0,3,8,233,2,7,4,6,7,6,9,16,7,4,1,1,2,10,30
10,3,3,15,4,0,1,1,0,0,1,14,1,0,0,3,8,233,1,7,4,6,7,5,8,15,7,5,1,1,2,11,15
-128,2,2,29,3,0,3,1,0,0,1,2,13,0,0,3,8,233,2,5,3,5,5,7,11,14,7,5,1,1,1,13,0
1,2,2,8,2,0,3,1,0,0,1,0,15,0,0,3,8,233,2,5,3,5,5,6,10,13,6,4,1,1,2,10,15
71,1,1,6,3,0,2,2,0,0,1,10,5,0,0,3,8,233,2,3,1,3,3,5,9,12,7,5,0,1,1,10,0
55,1,1,0,3,0,2,2,0,0,0,8,7,0,1,3,8,233,2,3,1,3,3,4,8,11,6,4,0,0,1,9,0
-17,0,0,6,3,0,1,2,0,0,0,11,4,0,0,3,8,233,0,3,3,3,3,4,9,10,7,5,0,0,1,10,0
-8,0,0,13,2,0,1,2,0,0,0,10,5,0,0,3,8,233,0,3,3,3,3,3,8,9,6,5,0,0,2,11,0
0,0,0,4,2,0,0,2,0,0,0,8,7,0,0,3,8,233,0,3,3,3,3,2,7,8,5,4,0,0,2,9,45
-38,0,0,11,3,0,0,2,0,0,0,0,1,0,0,3,8,233,1,1,1,1,1,6,7,7,5,4,0,0,2,10,45
31,0,0,2,3,0,0,1,0,0,1,0,8,0,0,3,8,233,0,0,0,0,0,5,6,6,6,5,0,0,2,9,30
-351,0,0,35,3,0,0,1,0,0,0,0,10,0,0,3,8,233,0,0,0,0,0,5,5,5,5,4,0,0,3,14,45
-60,0,0,9,2,0,0,1,0,0,0,0,11,0,0,3,8,233,0,0,0,0,0,4,4,4,4,4,0,0,2,10,30
-48,0,0,4,1,0,0,1,0,0,0,0,23,0,0,3,8,233,0,0,0,0,0,3,3,3,3,3,0,0,2,9,45
-12,0,0,1,0,0,0,1,0,0,0,0,30,0,0,3,8,233,0,0,0,0,0,2,2,2,2,2,0,0,2,9,15
1,0,0,2,0,0,0,0,0,0,0,0,40,0,0,3,8,233,0,0,0,0,0,1,1,1,1,1,0,0,2,9,30
17,28,0,51,0,0,1,0,0,0,0,3,12,1,0,2,8,232,0,50,1,2,9,2,2,4,2,1,4,1,1,17,45
3,28,0,50,0,0,0,0,0,0,1,11,19,0,0,2,8,232,1,49,0,2,10,1,1,5,1,0,4,0,1,17,30
-13,28,1,48,3,0,0,0,0,0,1,0,15,0,0,2,8,232,3,45,6,8,12,2,5,11,2,1,4,0,1,16,45
-21,28,2,49,5,0,1,0,0,0,1,6,9,0,0,2,8,232,3,41,2,6,10,3,8,12,5,2,4,1,1,17,0
-34,27,2,46,5,0,2,0,0,0,1,14,1,0,0,2,8,232,4,39,2,4,9,3,7,11,5,3,4,1,1,16,30
-43,27,2,46,5,0,1,0,0,0,1,7,8,0,0,2,8,232,4,39,3,6,10,3,6,11,4,3,4,1,1,16,30
-18,27,3,40,7,0,1,0,0,0,0,2,13,0,0,2,8,232,3,37,2,4,10,5,7,11,6,3,4,1,2,15,30
-54,26,2,45,7,0,0,0,0,0,0,12,3,0,0,2,8,232,2,37,3,4,10,4,6,10,6,4,3,1,2,16,15
-13,26,2,44,6,0,1,0,0,0,0,2,13,0,0,2,8,232,2,36,3,5,12,4,7,11,6,4,3,1,1,16,0
-6,26,2,42,5,0,1,0,0,0,0,14,1,0,0,2,8,232,2,36,3,5,12,3,6,10,5,3,3,1,1,15,45
31,26,2,36,4,0,1,0,0,0,0,10,5,0,0,2,8,232,2,36,3,5,12,2,5,9,4,3,3,1,2,15,0
-13,25,3,40,6,0,1,0,0,0,0,5,10,0,0,2,8,232,2,33,1,4,11,3,5,9,6,5,3,1,2,15,30
15,24,2,32,5,0,1,0,0,0,0,39,6,0,0,2,8,232,1,33,2,5,13,3,5,11,6,5,3,1,1,14,15
-49,24,5,42,4,0,1,0,0,0,0,24,21,0,0,2,8,232,0,33,4,7,14,2,5,10,6,5,2,1,1,15,45
-7,24,5,34,5,0,0,0,0,0,0,20,25,0,0,2,8,232,1,32,3,6,14,2,5,9,5,4,2,0,2,14,45
12,22,6,34,5,0,0,1,1,0,0,8,7,0,0,2,8,232,1,29,3,6,15,3,5,11,7,5,2,0,2,14,45
39,22,7,31,5,0,0,1,1,0,0,14,1,0,0,2,8,232,2,28,4,6,15,3,7,13,6,4,2,0,1,13,30
37,19,5,28,6,0,0,1,1,0,0,11,4,0,0,2,8,232,1,26,3,7,17,3,6,14,8,4,2,0,1,13,0
-30,19,6,36,5,0,0,1,1,0,0,5,10,0,0,2,8,232,1,26,4,8,18,2,5,14,7,3,2,0,2,15,0
-25,18,5,33,6,0,0,1,1,0,0,7,8,0,0,2,8,232,2,24,4,9,16,4,5,15,7,2,2,1,2,14,30
74,16,5,23,7,0,0,1,1,0,0,5,10,0,0,2,8,232,2,22,4,9,17,3,8,17,8,2,2,1,1,12,15
52,16,5,23,7,0,0,1,0,0,0,4,11,0,0,2,8,232,2,22,4,9,17,2,7,16,7,1,2,1,1,12,15
1,15,4,28,6,0,0,1,0,0,0,1,14,0,0,2,8,232,1,22,5,9,17,2,7,16,7,1,2,1,1,13,0
-111,13,6,38,10,0,0,1,0,0,0,3,12,0,0,2,8,232,2,17,4,9,16,6,10,19,10,4,1,1,2,15,15
26,12,7,21,10,0,1,1,0,0,0,4,11,0,0,2,8,232,2,15,5,8,14,5,10,19,11,4,1,0,2,12,0
48,12,7,20,10,0,1,1,0,0,0,14,1,0,0,2,8,232,2,14,5,8,13,5,11,19,11,4,1,0,2,11,45
12,12,8,26,9,0,1,1,0,0,0,7,8,0,0,2,8,232,2,14,5,8,13,6,11,20,10,4,1,0,2,12,45
47,11,8,16,8,0,1,2,0,0,0,5,10,0,0,2,8,232,2,13,5,8,12,5,10,20,10,5,1,0,2,11,15
14,11,8,25,7,0,1,2,0,0,0,3,12,0,0,2,8,232,2,13,5,8,12,5,9,19,9,4,1,0,2,12,30
63,9,7,16,10,0,1,2,0,0,0,3,12,0,0,2,8,232,4,9,2,5,9,6,11,18,10,4,1,1,2,11,15
-29,8,6,26,9,0,1,2,0,0,0,13,2,0,0,2,8,232,3,9,3,6,9,6,10,18,10,4,1,1,2,12,45
26,8,7,18,8,0,1,2,0,0,0,8,7,0,0,2,8,232,3,9,3,6,9,6,10,17,9,3,1,1,1,11,30
-79,7,6,30,8,0,1,2,0,0,0,4,11,0,0,2,8,232,3,8,3,5,8,5,10,17,9,3,1,1,1,13,15
36,7,6,13,8,0,0,2,0,0,0,12,3,0,0,2,8,232,3,8,3,7,8,5,9,16,8,3,1,1,2,11,0
8,5,4,11,7,0,0,3,0,0,0,3,12,0,0,2,8,232,1,7,3,6,7,6,9,16,10,5,1,1,3,10,45
-28,5,4,21,8,0,0,2,0,0,0,14,1,0,0,2,8,232,2,6,3,5,6,5,9,16,9,4,1,1,2,12,0
28,5,4,11,8,0,0,1,0,0,0,12,3,0,0,2,8,232,2,6,3,5,6,4,8,15,8,3,1,1,3,10,45
-55,3,2,18,7,0,1,1,0,0,0,2,13,0,0,2,8,232,1,5,4,4,5,5,10,14,9,4,1,1,1,11,30
48,3,2,8,6,0,1,2,0,0,0,7,8,0,0,2,8,232,2,4,3,4,4,5,9,13,8,4,1,1,1,10,15
-215,3,2,38,5,0,1,2,0,0,0,6,9,0,0,2,8,232,2,4,3,4,4,4,8,12,7,4,0,1,2,15,15
14,1,1,13,5,0,1,2,0,0,0,8,7,0,0,2,8,232,1,3,2,3,3,6,8,12,8,5,0,0,2,11,0
21,1,1,13,4,0,1,2,0,0,0,6,9,0,0,2,8,232,1,3,2,3,3,6,8,11,7,5,0,0,2,11,0
25,1,1,8,4,0,1,3,0,0,0,12,3,0,0,2,8,232,2,1,1,1,1,5,7,10,7,5,0,0,1,10,15
36,1,1,4,3,0,1,3,0,0,0,0,15,0,0,2,8,232,1,1,1,1,1,4,8,9,7,5,0,0,2,9,45
-1,1,1,4,2,0,1,3,0,0,0,12,3,0,0,2,8,232,1,1,1,1,1,4,7,8,6,4,0,0,2,9,45
8,1,1,10,1,0,1,3,0,0,0,10,5,0,0,2,8,232,1,1,1,1,1,3,6,7,5,3,0,0,2,10,30
48,1,1,1,1,0,0,3,0,0,0,6,9,0,0,2,8,232,1,1,1,1,1,3,5,6,4,2,0,0,2,9,15
24,0,0,6,1,0,1,2,0,0,0,0,2,0,0,2,8,232,0,0,0,0,0,4,5,5,5,2,0,0,2,10,0
1,0,0,0,1,0,0,2,0,0,0,0,9,0,1,2,8,232,0,0,0,0,0,3,4,4,4,2,0,0,1,9,0
27,0,0,2,1,0,0,1,0,0,0,0,19,0,0,2,8,232,0,0,0,0,0,2,3,3,3,2,0,0,2,9,30
-9,0,0,2,1,0,0,0,0,0,0,0,30,0,0,2,8,232,0,0,0,0,0,2,2,2,2,2,0,0,2,9,30
-24,0,0,6,0,0,0,0,0,0,0,0,57,0,0,2,8,232,0,0,0,0,0,1,1,1,1,1,0,0,2,10,0
16,20,2,43,1,0,0,0,0,0,0,0,15,0,0,6,8,229,0,43,2,6,10,1,1,8,2,1,5,1,1,17,15
18,18,0,41,4,0,0,3,0,0,0,6,24,0,0,6,8,229,1,36,2,4,11,5,9,12,7,4,5,2,1,17,0
0,18,1,41,5,0,0,3,0,0,0,2,28,0,0,6,8,229,3,34,0,2,9,4,8,11,6,3,5,2,1,17,0
-16,18,2,37,4,0,0,3,0,0,0,10,5,0,0,6,8,229,1,34,0,3,9,3,7,11,7,2,5,2,2,16,30
-5,18,3,37,3,0,0,3,0,0,0,1,14,0,0,6,8,229,1,34,0,4,9,4,6,11,6,2,5,2,2,16,30
20,18,3,35,3,0,0,2,0,0,0,39,6,0,0,6,8,229,1,34,2,4,9,4,5,11,5,2,4,2,2,16,0
-2,18,3,39,3,0,0,1,0,0,0,23,22,0,0,6,8,229,1,34,3,7,11,4,5,10,4,2,3,1,2,16,45
-89,18,3,44,2,0,0,1,0,0,0,22,23,1,0,6,8,229,1,34,4,8,11,3,5,9,3,1,3,1,1,17,30
-3,18,3,35,1,0,1,1,0,0,0,14,31,0,0,6,8,229,2,33,3,7,10,2,5,8,2,1,3,1,2,16,0
-32,18,3,39,2,0,1,0,0,0,0,9,36,0,0,6,8,229,3,32,2,7,9,1,4,7,1,1,3,1,2,16,45
22,15,2,27,2,0,1,1,0,0,0,2,13,0,0,6,8,229,1,30,5,5,9,3,6,9,4,2,3,2,2,14,30
11,15,2,28,2,0,3,1,0,0,1,67,8,0,0,6,8,229,5,26,1,3,6,3,5,9,3,2,2,2,2,14,45
5,15,3,30,2,0,2,1,0,0,1,63,12,0,0,6,8,229,5,26,1,3,7,2,4,8,2,1,2,1,3,15,0
-92,14,2,32,3,0,1,1,0,0,1,42,33,0,0,6,8,229,3,25,2,3,10,3,4,8,4,1,1,1,2,15,45
-13,13,1,30,3,0,1,0,0,0,1,31,44,0,0,6,8,229,2,25,2,3,11,2,4,11,4,1,1,0,3,15,0
45,13,1,26,3,0,1,0,0,0,0,28,47,0,0,6,8,229,2,25,2,3,12,1,4,10,3,1,1,0,1,13,15
18,12,3,24,4,0,1,0,0,0,1,2,13,0,0,6,8,229,4,22,1,6,12,3,5,14,3,2,1,0,1,13,0
64,12,3,22,3,0,1,0,0,0,1,10,5,0,0,6,8,229,4,22,1,7,13,3,5,13,2,1,1,0,2,12,45
-40,12,5,28,2,0,1,0,0,0,1,14,1,0,0,6,8,229,4,22,3,9,15,2,7,13,1,1,1,1,2,14,45
-4,11,5,22,3,0,1,0,0,0,0,0,15,0,0,6,8,229,2,21,6,10,15,2,6,13,3,2,1,1,2,12,45
1,9,4,20,4,0,2,0,0,0,0,13,2,0,0,6,8,229,2,18,5,8,12,5,8,14,5,2,1,1,2,12,30
2,9,4,18,7,0,1,0,0,0,0,11,4,0,0,6,8,229,2,15,4,6,10,5,9,13,7,3,1,1,2,12,15
-4,9,4,18,6,0,1,0,0,0,0,10,5,0,0,6,8,229,2,15,4,6,10,4,8,12,6,3,1,1,2,12,15
94,8,3,8,5,0,1,1,0,0,0,5,10,0,0,6,8,229,2,14,3,5,11,3,8,12,6,3,1,1,2,10,45
-208,8,3,32,5,0,0,1,0,0,0,4,11,0,0,6,8,229,2,14,3,6,11,2,7,11,5,3,0,1,2,15,45
9,6,3,13,8,0,0,0,0,0,0,12,3,0,0,6,8,229,3,11,2,5,8,5,7,13,6,4,0,0,2,11,30
-30,5,2,24,7,0,0,0,0,0,0,4,11,0,0,6,8,229,0,11,3,5,8,5,8,12,8,4,0,0,1,13,0
7,5,2,15,6,0,0,0,0,0,0,1,14,0,0,6,8,229,0,11,3,5,8,4,7,11,7,3,0,0,1,11,45
5,5,2,12,5,0,0,1,0,0,0,9,6,0,0,6,8,229,1,10,4,4,9,3,6,10,6,2,0,0,2,11,15
-28,5,2,20,4,0,0,1,0,0,0,4,11,0,0,6,8,229,1,10,4,4,10,2,5,9,5,2,0,0,2,12,30
-2,5,3,17,3,0,0,1,0,0,1,8,7,0,0,6,8,229,1,9,3,4,9,2,5,8,5,2,0,0,2,12,0
-19,4,4,15,3,0,0,2,0,0,2,2,13,0,0,6,8,229,2,6,0,3,6,3,7,10,6,1,0,0,1,11,45
0,3,3,8,3,0,0,2,0,0,1,6,9,0,0,6,8,229,0,6,2,3,6,3,6,9,7,2,0,0,2,10,45
105,3,3,4,2,0,0,2,0,0,1,5,10,0,0,6,8,229,0,6,3,3,6,2,5,8,6,2,0,0,1,10,0
-4,2,2,13,1,0,0,3,0,0,1,9,6,0,0,6,8,229,0,5,2,5,5,4,4,10,6,3,0,0,2,11,30
-2,1,1,10,2,0,0,2,0,0,2,26,4,0,0,6,8,229,1,3,2,3,3,3,5,9,6,2,0,0,1,11,0
15,0,0,5,1,0,0,2,0,0,2,21,9,0,0,6,8,229,0,3,3,3,3,2,4,9,6,3,0,0,2,10,15
-13,0,0,10,1,0,0,2,0,0,1,20,10,0,0,6,8,229,0,3,3,3,3,1,3,8,5,3,0,0,1,11,0
22,0,0,1,2,0,1,2,0,0,1,0,9,0,0,6,8,229,0,0,0,0,0,3,6,7,7,5,0,0,2,9,15
-85,0,0,6,2,0,0,2,0,0,1,0,14,0,0,6,8,229,0,0,0,0,0,3,5,6,6,4,0,0,2,10,30
-4,0,0,0,1,0,0,2,0,0,1,0,27,0,1,6,8,229,0,0,0,0,0,4,5,5,5,3,0,0,1,9,0
0,0,0,2,0,0,0,2,0,0,1,0,42,0,0,6,8,229,0,0,0,0,0,3,4,4,4,3,0,0,1,9,45
10,0,0,2,0,0,0,1,0,0,1,0,50,0,0,6,8,229,0,0,0,0,0,2,3,3,3,3,0,0,1,9,45
-2,0,0,6,0,0,0,0,0,0,1,0,53,0,0,6,8,229,0,0,0,0,0,2,2,2,2,2,0,0,2,10,30
-397,0,0,32,0,0,0,0,0,0,0,0,82,0,0,6,8,229,0,0,0,0,0,1,1,1,1,1,0,0,2,15,45
-7,26,0,50,0,0,0,1,0,0,0,16,14,1,0,5,8,228,0,50,1,2,9,1,2,3,2,0,7,1,1,17,30
-11,26,2,50,2,0,0,0,0,0,0,28,2,1,0,5,8,228,1,48,4,6,11,1,2,8,2,0,6,1,1,17,30
-25,24,2,49,4,0,1,0,0,0,0,7,8,0,0,5,8,228,3,44,3,6,11,1,5,12,3,0,6,1,2,17,0
74,23,2,37,5,0,2,0,0,0,0,14,1,0,0,5,8,228,1,41,4,7,13,4,9,14,7,4,6,1,3,15,0
-50,23,2,46,5,0,1,1,0,0,0,12,3,0,0,5,8,228,2,39,3,6,12,3,8,13,6,4,6,1,2,16,30
1,23,2,38,5,0,0,2,0,0,0,10,5,0,0,5,8,228,3,39,2,5,11,2,7,12,5,3,5,1,2,15,15
-17,22,2,45,5,0,0,2,0,0,0,7,8,0,0,5,8,228,2,38,1,5,12,4,8,13,6,4,5,0,1,16,0
13,21,3,43,5,0,0,2,0,0,0,5,10,0,0,5,8,228,0,37,3,7,13,5,7,14,8,4,5,0,1,15,45
-106,21,3,47,5,0,0,1,0,0,0,14,1,0,0,5,8,228,0,37,3,7,14,6,6,13,7,4,5,0,1,16,45
-9,21,4,36,4,0,0,1,0,0,0,12,3,0,0,5,8,228,0,37,4,7,14,5,5,12,6,4,5,0,1,14,45
-14,21,4,43,5,0,0,2,0,0,0,0,15,0,0,5,8,228,3,34,1,6,13,4,7,11,5,4,5,1,1,15,45
43,21,4,33,5,0,0,1,0,0,0,44,1,0,0,5,8,228,3,34,1,6,13,3,6,10,4,3,5,1,2,14,15
-15,20,4,41,4,0,0,1,0,0,0,30,15,0,0,5,8,228,2,34,4,7,15,2,7,10,4,2,5,2,2,15,30
-44,20,4,41,3,0,0,1,0,0,0,29,16,0,0,5,8,228,2,34,4,7,15,1,6,9,3,1,5,2,2,15,30
7,17,4,34,6,0,0,1,0,0,0,12,3,0,0,5,8,228,2,30,3,7,15,5,7,12,6,5,4,3,1,14,30
31,17,4,32,5,0,0,1,0,0,0,11,4,0,0,5,8,228,2,30,3,7,16,4,6,11,5,4,4,2,1,13,30
-38,17,4,34,5,0,0,0,0,0,0,9,6,0,0,5,8,228,2,30,3,7,17,3,5,11,4,4,4,2,1,14,30
21,16,4,31,4,0,0,1,0,0,1,7,8,0,0,5,8,228,2,28,4,8,15,4,4,15,5,4,4,2,1,13,15
-115,16,5,38,4,0,0,1,0,0,1,1,14,0,0,5,8,228,3,27,4,8,14,3,4,15,4,3,3,2,2,15,15
39,16,7,29,3,0,0,2,0,0,1,4,11,0,0,5,8,228,3,26,4,10,14,2,4,15,4,2,3,1,1,13,0
27,15,6,26,5,0,0,2,0,0,0,8,7,0,0,5,8,228,3,24,4,9,14,1,4,17,5,1,2,1,2,12,45
43,11,4,26,8,0,0,2,1,0,0,1,14,0,0,5,8,228,3,19,4,6,14,5,12,19,9,2,2,1,2,12,45
32,9,2,21,10,0,0,2,1,0,0,5,10,0,0,5,8,228,4,16,3,4,12,6,12,19,10,3,2,1,1,12,0
-5,9,2,29,9,0,0,2,1,0,0,14,1,0,0,5,8,228,3,16,3,5,13,6,12,18,10,2,2,1,1,13,0
19,9,3,19,9,0,0,2,1,0,0,5,10,0,0,5,8,228,3,15,2,5,13,8,13,19,10,3,2,2,2,11,45
27,8,2,16,8,0,0,2,1,0,0,2,13,0,0,5,8,228,2,15,2,5,14,8,12,18,10,3,1,2,2,11,30
30,7,1,19,9,0,0,2,0,0,0,10,5,0,0,5,8,228,2,14,2,5,13,8,12,18,10,2,1,1,2,11,45
13,7,1,24,9,0,0,1,1,0,0,8,7,0,0,5,8,228,2,13,1,6,13,7,11,17,10,2,1,1,3,12,30
5,7,2,24,8,0,0,1,1,0,0,4,11,0,0,5,8,228,2,13,1,6,13,6,10,16,9,2,1,1,3,12,30
-14,7,2,21,7,0,0,1,1,0,0,12,3,0,0,5,8,228,2,13,2,6,13,7,9,16,8,2,1,1,1,12,0
18,7,2,14,6,0,0,1,1,0,0,10,5,0,0,5,8,228,2,13,2,6,13,6,8,15,7,2,1,1,3,11,15
-7,7,2,16,5,0,0,1,1,0,0,8,7,0,0,5,8,228,0,13,3,7,13,6,8,14,8,2,1,1,2,11,30
27,7,2,12,4,0,0,1,1,0,0,4,11,0,0,5,8,228,0,13,3,8,13,5,7,13,7,2,1,1,2,11,0
67,7,2,11,3,0,0,1,1,0,0,0,15,0,0,5,8,228,0,13,4,8,13,4,7,13,6,2,1,1,2,10,45
-238,7,4,47,4,0,0,1,1,0,0,0,15,0,0,5,8,228,2,11,4,8,11,4,7,14,5,1,1,1,1,16,45
-246,7,4,38,4,0,0,1,0,0,0,12,3,0,0,5,8,228,1,11,4,8,11,3,6,13,5,1,0,1,2,15,15
-7,7,4,23,3,0,0,1,0,0,0,9,6,0,0,5,8,228,1,11,4,8,11,3,6,12,4,1,0,0,2,12,15
38,6,4,6,4,0,0,1,0,0,0,12,3,0,0,5,8,228,2,9,5,8,9,3,7,13,4,2,0,0,1,10,0
-21,5,5,16,4,0,0,1,0,0,1,10,5,0,0,5,8,228,1,7,4,7,7,4,7,14,6,3,0,0,2,11,30
-67,5,5,26,3,0,1,2,0,0,1,2,13,0,0,5,8,228,2,5,4,5,5,4,7,13,6,3,0,0,2,12,45
-32,5,5,9,4,0,0,2,0,0,1,8,7,0,0,5,8,228,2,4,4,4,4,4,6,12,6,2,0,0,1,10,30
-16,3,3,12,5,0,0,1,0,0,1,11,4,0,0,5,8,228,1,3,3,3,3,4,7,11,7,3,0,0,2,11,0
4,2,2,4,4,0,0,1,0,0,1,6,9,0,0,5,8,228,0,3,3,3,3,3,6,10,7,3,0,0,2,9,45
-18,2,2,9,5,0,0,1,0,0,1,14,1,0,0,5,8,228,2,1,1,1,1,3,6,9,6,3,0,0,1,10,30
-49,0,0,14,5,0,0,1,0,0,1,4,11,0,0,5,8,228,1,0,0,0,0,3,7,8,7,4,0,0,3,11,15
-8,0,0,8,5,0,0,1,0,0,0,2,13,0,0,5,8,228,0,0,0,0,0,4,7,7,7,3,0,0,2,10,15
10,0,0,1,4,0,0,1,0,0,0,0,9,0,0,5,8,228,0,0,0,0,0,4,6,6,6,3,0,0,2,9,15
22,0,0,6,3,0,0,1,0,0,0,0,12,0,0,5,8,228,0,0,0,0,0,4,5,5,5,2,0,0,1,10,0
22,0,0,2,3,0,0,0,0,0,0,0,25,0,0,5,8,228,0,0,0,0,0,4,4,4,4,2,0,0,2,9,30
-35,0,0,4,2,0,0,0,0,0,0,0,32,0,0,5,8,228,0,0,0,0,0,3,3,3,3,1,0,0,2,9,45
22,0,0,0,1,0,0,0,0,0,0,0,39,0,1,5,8,228,0,0,0,0,0,2,2,2,2,1,0,0,1,9,0
9,0,0,2,0,0,0,0,0,0,0,0,49,0,0,5,8,228,0,0,0,0,0,1,1,1,1,0,0,0,2,9,30
68,32,2,51,1,0,0,0,0,0,0,13,0,0,0,4,8,227,1,53,2,5,10,1,1,7,1,0,4,0,1,17,0
37,28,2,46,5,0,0,2,0,0,0,26,4,0,0,4,8,227,2,46,3,3,9,5,6,11,6,3,4,2,2,16,0
-14,28,3,53,5,0,0,1,0,0,0,26,4,0,0,4,8,227,2,46,3,3,9,4,6,10,5,2,3,2,1,17,15
-20,28,3,54,5,0,0,0,0,0,0,25,5,1,0,4,8,227,2,46,3,3,9,3,5,9,4,2,3,1,1,17,30
22,28,3,51,4,0,0,1,0,0,0,23,7,0,0,4,8,227,3,45,2,3,8,2,4,8,3,1,3,1,1,17,0
2,28,3,47,3,0,0,1,0,0,0,20,10,0,0,4,8,227,3,45,2,3,8,1,3,7,2,1,3,1,2,16,30
12,27,2,49,2,0,1,1,1,0,0,5,10,0,0,4,8,227,2,43,1,2,9,2,4,8,4,3,2,1,2,16,45
-30,25,1,49,1,0,1,1,1,0,0,11,4,0,0,4,8,227,0,43,2,6,12,2,5,10,5,3,2,0,2,16,45
-38,25,2,47,3,0,1,0,1,0,0,9,6,0,0,4,8,227,2,41,2,5,11,3,4,9,4,2,2,0,2,16,30
50,25,2,39,3,0,1,0,0,0,0,11,4,0,0,4,8,227,0,41,4,6,14,3,5,9,5,1,2,0,2,15,0
48,25,3,42,2,0,1,0,0,0,0,3,12,0,0,4,8,227,0,41,5,7,15,2,4,8,4,0,2,0,2,15,30
41,25,3,37,3,0,0,0,1,0,0,5,10,0,0,4,8,227,2,39,4,7,16,2,4,9,3,0,2,1,1,14,45
-14,23,3,37,3,0,0,1,2,0,0,38,7,0,0,4,8,227,1,36,4,7,17,3,5,10,6,1,2,1,1,14,45
-30,23,3,42,2,0,0,1,2,0,1,33,12,0,0,4,8,227,2,35,3,7,16,2,5,9,5,1,2,1,2,15,30
-7,22,5,40,1,0,0,3,2,0,1,12,33,0,0,4,8,227,2,33,3,9,16,3,5,13,6,3,1,1,2,15,15
10,22,7,35,1,0,0,3,2,0,1,2,43,0,0,4,8,227,2,32,4,10,16,3,5,15,6,3,1,0,1,14,15
80,21,6,33,1,0,0,3,1,0,1,12,3,0,0,4,8,227,1,32,5,10,18,2,4,15,6,4,1,0,1,13,15
-115,20,8,44,4,0,0,4,1,0,0,4,11,0,0,4,8,227,2,28,5,9,16,3,5,15,8,5,1,1,1,15,45
-13,18,7,36,5,0,0,3,1,0,1,3,12,0,0,4,8,227,2,26,5,9,17,4,7,17,9,6,1,1,2,14,30
53,16,6,31,5,0,0,5,0,0,1,8,7,0,0,4,8,227,2,24,5,8,16,3,8,18,10,7,1,1,1,13,0
70,13,4,25,8,0,0,4,0,0,1,7,8,0,0,4,8,227,2,21,4,7,14,5,11,19,12,7,1,1,2,12,15
-96,13,4,40,8,0,0,3,0,0,1,5,10,0,0,4,8,227,2,21,4,8,15,4,10,18,11,6,0,1,2,15,15
14,12,7,27,10,0,0,3,0,0,1,14,1,0,0,4,8,227,3,18,3,8,15,9,11,21,12,6,0,0,2,12,30
25,12,7,27,9,0,0,3,0,0,1,11,4,0,0,4,8,227,3,18,4,8,15,8,10,20,11,5,0,0,2,12,30
27,11,6,31,8,0,0,4,0,0,1,10,5,0,0,4,8,227,2,17,3,8,14,7,9,19,12,6,0,0,1,13,0
-155,11,7,44,8,0,0,3,0,0,1,1,14,0,0,4,8,227,2,17,4,8,14,7,10,18,11,5,0,0,1,15,45
10,11,7,21,7,0,0,3,0,0,1,1,14,0,0,4,8,227,2,17,4,8,14,6,9,17,10,4,0,0,2,11,45
54,10,7,19,7,0,0,3,0,0,1,7,8,0,0,4,8,227,2,16,4,8,14,5,10,16,10,3,0,0,2,11,30
36,10,7,23,7,0,0,2,0,0,1,5,10,0,0,4,8,227,2,16,4,9,14,4,9,15,9,3,0,0,2,12,0
4,10,7,29,7,0,0,2,0,0,0,4,11,0,0,4,8,227,2,16,4,9,14,3,8,14,8,3,0,0,2,12,45
39,10,7,21,6,0,0,2,0,0,0,1,14,0,0,4,8,227,2,16,6,9,14,3,8,13,7,2,0,0,2,11,45
-22,9,7,34,6,0,2,2,0,0,0,4,11,0,0,4,8,227,4,13,4,7,11,3,8,13,7,2,0,0,1,13,30
40,6,4,23,7,0,2,3,0,0,0,2,13,0,0,4,8,227,4,10,3,6,9,5,10,15,9,4,0,0,2,12,0
-32,4,2,29,7,0,2,3,0,0,0,7,8,0,0,4,8,227,3,9,2,6,9,6,10,16,10,4,0,0,2,12,45
40,4,2,19,6,0,2,3,0,0,0,3,12,0,0,4,8,227,3,9,3,6,9,5,9,16,9,4,0,0,2,11,30
25,4,2,17,5,0,2,3,0,0,0,0,15,0,0,4,8,227,3,9,3,6,9,6,8,15,8,4,0,0,2,11,15
14,4,3,17,4,0,2,3,0,0,0,10,5,0,0,4,8,227,2,9,3,6,9,5,7,14,8,5,0,0,2,11,15
44,3,2,10,6,0,1,3,0,0,0,2,13,0,0,4,8,227,3,7,3,5,7,5,6,13,8,4,0,0,2,10,30
37,3,2,10,6,0,1,2,0,0,0,11,4,0,0,4,8,227,3,7,4,5,7,5,5,13,7,3,0,0,2,10,30
-17,2,2,15,5,0,1,2,0,0,1,2,13,0,0,4,8,227,3,6,3,4,6,4,5,13,7,3,0,0,2,11,0
92,2,2,4,5,0,1,1,0,0,1,2,13,0,0,4,8,227,3,6,3,4,6,3,4,12,6,2,0,0,2,9,45
-19,2,2,25,6,0,1,1,0,0,1,2,13,0,0,4,8,227,3,4,2,3,4,2,6,12,7,1,0,0,2,12,15
6,2,2,8,5,0,1,1,0,0,1,1,14,0,0,4,8,227,3,4,2,4,4,1,5,11,6,0,0,0,3,10,15
-53,1,1,15,6,0,0,1,1,0,1,10,5,0,0,4,8,227,1,2,2,2,2,5,8,12,9,3,0,0,2,11,0
-25,0,0,6,5,0,0,1,1,0,1,14,1,0,0,4,8,227,0,2,2,2,2,6,8,11,9,4,0,0,2,10,0
69,0,0,4,5,0,0,1,1,0,1,7,8,0,0,4,8,227,1,1,1,1,1,5,8,10,8,4,0,0,2,9,45
31,0,0,10,4,0,0,1,1,0,1,3,12,0,0,4,8,227,1,1,1,1,1,4,7,9,7,4,0,0,2,10,30
-34,0,0,13,3,0,0,1,1,0,2,1,14,0,0,4,8,227,1,0,0,0,0,3,6,8,7,5,0,0,2,10,45
22,0,0,8,3,0,0,0,1,0,2,0,5,0,0,4,8,227,1,0,0,0,0,3,6,7,6,5,0,0,3,10,15
-28,0,0,2,2,0,0,0,1,0,2,0,12,0,0,4,8,227,0,0,0,0,0,3,6,6,6,6,0,0,2,9,30
-45,0,0,13,2,0,0,0,1,0,1,0,32,0,0,4,8,227,0,0,0,0,0,3,5,5,5,5,0,0,2,10,45
-7,0,0,0,2,0,0,0,1,0,0,0,39,0,1,4,8,227,0,0,0,0,0,4,4,4,4,4,0,0,1,9,0
-9,0,0,6,1,0,0,0,1,0,0,0,50,0,0,4,8,227,0,0,0,0,0,3,3,3,3,3,0,0,2,10,0
14,0,0,2,1,0,0,0,0,0,0,0,63,0,0,4,8,227,0,0,0,0,0,2,2,2,2,2,0,0,2,9,30
3,0,0,1,0,0,0,0,0,0,0,0,65,0,0,4,8,227,0,0,0,0,0,1,1,1,1,1,0,0,2,9,15
4,32,5,51,2,0,0,0,0,0,0,1,14,1,0,3,8,226,2,49,2,8,15,1,2,7,1,1,8,1,1,17,30
32,28,7,44,5,0,0,3,0,0,0,6,9,0,0,3,8,226,3,42,4,8,11,2,5,14,6,3,7,2,2,16,15
75,24,3,36,8,0,1,2,0,0,0,7,8,0,0,3,8,226,2,38,4,6,10,4,10,14,10,5,7,2,2,15,15
98,22,1,38,7,0,2,3,0,0,0,7,8,0,0,3,8,226,2,36,2,4,10,6,12,13,11,6,6,2,2,15,30
-1,22,1,42,8,0,1,3,0,0,0,5,10,0,0,3,8,226,3,35,1,3,9,5,11,12,10,5,6,1,1,16,0
-14,22,1,48,8,0,1,2,0,0,0,0,15,0,0,3,8,226,3,35,1,3,10,4,10,11,9,4,6,1,1,17,0
41,21,0,34,8,0,1,2,0,0,0,3,12,0,0,3,8,226,2,34,2,4,11,6,9,12,10,5,6,1,2,15,0
-11,21,0,50,7,0,1,2,0,0,0,11,4,0,0,3,8,226,1,34,2,5,11,6,8,11,10,4,5,1,1,17,15
1,21,0,45,6,0,1,2,0,0,0,10,5,0,0,3,8,226,1,34,2,5,11,6,8,10,9,3,5,0,1,16,30
33,21,0,40,6,0,1,2,0,0,0,14,1,0,0,3,8,226,2,33,1,4,10,6,7,11,8,2,5,0,2,15,45
59,21,0,36,5,0,1,2,0,0,1,10,5,0,0,3,8,226,3,32,0,4,9,5,6,12,7,1,5,0,2,15,15
53,21,0,32,5,0,0,2,0,0,1,8,7,0,0,3,8,226,3,32,0,4,9,4,5,11,6,1,5,0,2,14,45
65,21,1,34,4,0,0,2,0,0,1,0,15,0,0,3,8,226,3,32,2,4,10,3,4,10,5,1,5,0,2,15,0
17,21,2,40,3,0,0,2,0,0,1,11,4,0,0,3,8,226,2,32,3,4,10,3,3,9,5,1,5,0,2,15,45
-4,21,2,38,3,0,0,1,0,0,1,8,7,0,0,3,8,226,2,32,3,5,10,2,2,8,4,1,5,0,2,15,30
53,21,4,30,4,0,0,2,0,0,1,56,4,0,0,3,8,226,4,29,1,6,11,1,3,9,4,0,5,1,2,14,30
-147,18,3,45,7,0,0,2,0,0,1,11,49,0,0,3,8,226,2,25,2,4,13,4,6,13,9,3,5,2,1,16,30
-7,18,3,30,8,0,0,2,0,0,0,11,49,0,0,3,8,226,3,24,1,3,12,3,5,12,8,2,4,2,2,14,30
42,16,4,25,7,0,0,3,0,0,0,4,11,0,0,3,8,226,2,23,1,5,12,4,6,13,9,3,3,1,1,13,0
-92,16,4,47,6,0,0,3,0,0,0,1,14,0,0,3,8,226,2,23,1,5,13,3,5,14,8,2,3,0,2,16,45
-3,16,5,32,5,0,0,3,0,0,0,10,5,0,0,3,8,226,2,23,2,6,13,2,4,14,7,2,3,0,2,14,45
30,16,5,25,4,0,0,3,0,0,0,10,5,0,0,3,8,226,2,23,2,7,13,1,3,13,6,2,3,0,1,13,0
-113,14,5,42,7,0,0,3,0,0,0,5,10,0,0,3,8,226,3,19,4,7,14,4,7,16,8,3,3,0,1,16,0
-15,13,4,29,7,0,1,2,0,0,0,2,13,0,0,3,8,226,3,18,3,6,14,3,6,15,8,3,3,0,2,14,15
3,11,4,21,6,0,1,4,0,0,0,9,6,0,0,3,8,226,3,16,4,6,13,5,10,15,9,3,3,2,1,12,15
32,11,4,28,5,0,1,4,0,0,1,7,8,0,0,3,8,226,4,15,3,6,12,4,9,15,8,3,3,2,1,13,15
28,10,3,24,4,0,1,4,0,0,1,13,2,0,0,3,8,226,3,15,4,7,14,3,9,17,8,4,3,3,3,12,45
6,9,3,21,3,0,1,4,0,0,1,9,6,0,0,3,8,226,2,15,4,7,14,3,8,17,8,5,3,3,1,12,15
38,9,4,23,3,0,1,3,0,0,2,3,12,0,0,3,8,226,3,14,3,8,13,5,7,17,7,4,3,3,1,12,30
-20,7,4,25,4,0,1,3,1,0,2,13,2,0,0,3,8,226,3,11,3,7,11,6,9,17,9,5,3,3,1,13,0
69,7,4,18,4,0,1,2,1,0,2,6,9,0,0,3,8,226,3,11,4,8,11,5,9,18,8,5,3,3,1,11,45
-331,7,4,48,4,0,1,2,1,0,1,4,11,0,0,3,8,226,3,11,5,8,11,4,8,17,7,5,2,3,1,17,0
57,7,4,13,4,0,0,2,1,0,1,3,12,0,0,3,8,226,3,11,5,8,11,3,7,16,6,4,1,2,2,11,0
7,7,5,20,4,0,0,2,1,0,1,12,3,0,0,3,8,226,4,10,4,7,10,2,6,15,5,4,1,1,2,12,0
14,7,5,17,4,0,1,2,1,0,1,1,14,0,0,3,8,226,4,8,4,7,8,4,9,15,6,4,0,1,2,11,30
1,4,3,15,5,0,1,2,1,0,1,10,5,0,0,3,8,226,3,6,3,6,6,4,10,14,8,5,0,0,1,11,15
73,4,3,9,5,0,1,1,1,0,1,9,6,0,0,3,8,226,3,6,3,6,6,3,9,13,7,5,0,0,2,10,30
105,4,3,2,5,0,1,1,1,0,1,7,8,0,0,3,8,226,4,5,2,5,5,3,8,13,6,4,0,0,2,9,30
-5,3,3,13,5,0,1,1,0,0,2,8,7,0,0,3,8,226,2,4,3,4,4,6,9,12,8,6,0,0,2,11,0
7,2,2,9,6,0,0,1,0,0,2,8,7,0,0,3,8,226,2,3,3,3,3,6,9,12,8,5,0,0,2,10,30
10,2,2,7,7,0,0,1,0,0,2,4,11,0,0,3,8,226,3,1,1,1,1,6,9,11,8,4,0,0,2,10,15
-34,2,2,11,7,0,0,1,0,0,1,3,12,0,0,3,8,226,3,1,1,1,1,5,8,11,7,4,0,0,2,10,45
-34,2,2,11,6,0,0,1,0,0,1,2,13,0,0,3,8,226,3,1,1,1,1,4,7,10,6,3,0,0,2,10,45
-27,2,2,15,5,0,0,1,0,0,1,11,4,0,0,3,8,226,2,1,1,1,1,3,6,9,6,3,0,0,1,11,15
15,2,2,3,4,0,0,1,0,0,1,5,10,0,0,3,8,226,2,1,1,1,1,4,5,8,5,3,0,0,2,9,45
40,0,0,5,4,0,1,0,0,0,1,5,10,0,0,3,8,226,0,0,0,0,0,4,5,7,7,6,0,0,2,10,0
36,0,0,3,3,0,1,0,0,0,1,8,7,0,0,3,8,226,0,0,0,0,0,3,4,6,6,5,0,0,2,9,45
5,0,0,1,3,0,0,0,0,0,1,6,9,0,0,3,8,226,0,0,0,0,0,2,3,5,5,4,0,0,1,9,15
28,0,0,0,2,0,0,0,0,0,1,0,7,0,1,3,8,226,0,0,0,0,0,1,3,4,4,3,0,0,1,9,0
-26,0,0,5,1,0,0,0,0,0,1,0,38,0,0,3,8,226,0,0,0,0,0,2,3,3,3,2,0,0,2,10,0
-32,0,0,7,0,0,0,0,0,0,1,0,56,0,0,3,8,226,0,0,0,0,0,2,2,2,2,1,0,0,2,10,15
-112,0,0,18,0,0,0,0,0,0,0,0,72,0,0,3,8,226,0,0,0,0,0,1,1,1,1,0,0,0,1,11,45
-5,24,3,51,0,0,0,0,0,0,0,14,16,1,0,2,8,225,0,51,3,8,14,1,3,7,1,0,3,0,1,17,30
-15,23,5,50,3,0,0,0,1,0,0,14,1,0,0,2,8,225,2,46,4,8,13,3,5,11,3,2,3,1,1,17,0
-14,22,5,48,2,0,1,0,1,0,0,7,8,0,0,2,8,225,2,45,4,8,12,3,5,11,3,2,3,1,1,16,45
19,21,5,43,3,0,0,1,1,0,0,11,4,0,0,2,8,225,2,43,5,6,10,2,4,12,4,3,2,1,1,16,0
26,20,4,43,4,0,0,1,0,0,0,14,1,0,0,2,8,225,2,42,4,5,10,2,4,11,4,2,2,0,1,16,0
13,19,3,46,5,0,0,3,0,0,0,9,6,0,0,2,8,225,4,38,1,3,6,2,5,13,5,2,2,1,2,16,30
-46,18,2,48,5,0,0,2,0,0,0,14,1,0,0,2,8,225,3,38,1,5,7,2,6,13,5,2,2,1,1,16,45
-9,16,0,46,4,0,0,3,0,0,0,7,8,0,0,2,8,225,2,37,4,4,7,4,8,13,6,3,2,1,2,16,30
9,16,0,41,3,0,0,4,0,0,0,2,13,0,0,2,8,225,2,36,3,4,9,6,9,12,6,2,2,1,2,15,45
39,16,0,36,4,0,0,3,0,0,0,14,1,0,0,2,8,225,3,35,2,3,8,5,8,11,5,1,1,1,2,15,0
40,16,1,34,3,0,0,3,0,0,0,9,6,0,0,2,8,225,3,35,2,3,8,5,8,10,4,1,1,1,2,14,45
34,16,1,40,4,0,0,3,0,0,0,6,9,0,0,2,8,225,4,33,0,1,6,4,7,9,4,1,1,1,2,15,30
-10,16,1,34,4,0,0,2,0,0,0,11,4,0,0,2,8,225,2,33,1,2,7,3,7,9,5,2,1,1,2,14,45
-21,16,2,36,3,0,0,2,0,0,0,6,9,0,0,2,8,225,1,33,1,2,8,4,6,8,5,1,1,1,2,15,0
-4,16,2,33,2,0,0,2,0,0,0,43,2,0,0,2,8,225,1,33,1,2,10,4,6,7,4,0,1,1,2,14,30
101,16,2,30,2,0,0,1,0,0,1,26,19,0,0,2,8,225,2,32,1,2,11,4,5,9,3,0,1,1,1,13,30
-48,16,3,41,2,0,0,0,0,0,1,22,23,0,0,2,8,225,2,32,1,3,11,3,4,9,2,0,1,1,2,15,45
-102,16,4,45,1,0,0,0,0,0,1,13,32,0,0,2,8,225,2,32,1,5,11,3,3,9,1,0,0,1,2,16,15
11,15,4,30,1,0,0,0,0,0,0,3,42,0,0,2,8,225,1,32,2,5,12,2,2,9,1,0,0,0,1,13,30
10,14,3,29,1,0,0,0,0,0,0,13,2,0,0,2,8,225,1,31,4,8,14,1,2,9,1,0,0,0,2,13,15
1,11,2,26,3,0,0,1,1,0,0,2,13,0,0,2,8,225,2,26,4,6,13,1,7,13,4,1,0,0,1,12,45
-13,11,5,24,6,0,0,1,1,0,0,2,13,0,0,2,8,225,4,22,2,6,16,6,8,15,5,2,0,0,2,12,30
-31,11,5,26,6,0,0,0,1,0,0,1,14,0,0,2,8,225,4,22,3,6,16,5,7,14,4,2,0,0,1,12,45
25,10,5,24,6,0,0,1,0,0,0,12,3,0,0,2,8,225,4,21,2,7,15,4,8,13,4,1,0,0,2,12,30
-100,10,5,32,5,0,0,1,0,0,0,8,7,0,0,2,8,225,4,21,3,7,15,3,7,12,3,0,0,0,1,14,15
20,9,4,22,4,0,0,1,0,0,0,13,2,0,0,2,8,225,2,21,4,7,17,3,6,12,4,2,0,0,2,12,15
8,9,4,19,4,0,0,0,0,0,0,11,4,0,0,2,8,225,2,21,4,7,18,2,5,11,3,2,0,0,1,11,45
-29,7,3,22,5,0,0,1,0,0,0,5,10,0,0,2,8,225,3,18,4,7,17,4,8,16,4,2,0,0,2,12,15
28,6,4,17,5,0,0,1,0,0,0,8,7,0,0,2,8,225,2,17,3,9,16,4,8,16,5,1,0,0,2,11,30
15,6,4,15,4,0,1,1,0,0,0,1,14,0,0,2,8,225,2,16,3,10,15,4,7,15,5,2,0,0,2,11,15
-43,5,3,21,5,0,1,0,0,0,0,13,2,0,0,2,8,225,2,15,2,9,14,3,6,15,5,2,0,0,2,12,0
11,5,4,13,5,0,1,0,0,0,0,11,4,0,0,2,8,225,2,14,6,11,14,5,6,15,5,2,0,0,2,11,0
28,5,4,9,6,0,0,0,0,0,0,2,13,0,0,2,8,225,2,13,7,11,13,4,8,14,5,2,0,0,2,10,30
21,4,3,13,7,0,0,0,0,0,0,8,7,0,0,2,8,225,2,11,5,9,11,3,8,15,6,2,0,0,2,11,0
-39,4,3,15,6,0,0,0,0,0,0,5,10,0,0,2,8,225,2,11,6,10,11,3,9,15,5,1,0,0,2,11,15
-252,3,2,38,6,0,0,0,0,0,0,4,11,0,0,2,8,225,2,10,5,9,10,2,9,14,5,1,0,0,1,15,15
-84,2,2,17,8,0,0,1,0,0,0,8,7,0,0,2,8,225,3,6,4,6,6,5,9,16,7,2,0,0,2,11,30
-16,1,1,11,8,0,0,3,0,0,0,8,7,0,0,2,8,225,2,3,2,3,3,7,9,15,10,3,0,0,2,10,45
6,1,1,4,8,0,0,3,0,0,0,7,8,0,0,2,8,225,3,2,1,2,2,6,8,14,9,3,0,0,2,9,45
-53,1,1,19,7,0,0,3,0,0,0,6,9,0,0,2,8,225,2,2,1,2,2,5,7,13,9,3,0,0,1,11,45
-330,1,1,38,6,0,0,3,0,0,0,9,6,0,0,2,8,225,2,2,2,2,2,5,7,12,8,3,0,0,1,15,15
25,1,1,6,5,0,0,3,0,0,0,7,8,0,0,2,8,225,2,2,2,2,2,4,7,11,7,2,0,0,1,10,0
-20,1,1,6,5,0,0,2,0,0,0,6,9,0,0,2,8,225,2,2,2,2,2,3,6,10,6,2,0,0,1,10,0
-61,1,1,11,6,0,0,1,0,0,0,5,10,0,0,2,8,225,2,1,1,1,1,2,6,9,6,3,0,0,2,10,45
49,0,0,2,5,0,0,1,0,0,0,0,15,0,0,2,8,225,0,1,1,1,1,2,8,8,7,3,0,0,2,9,30
29,0,0,4,4,0,1,1,0,0,0,0,13,0,0,2,8,225,1,0,0,0,0,4,7,7,6,3,0,0,2,9,45
3,0,0,0,3,0,1,1,0,0,0,0,32,0,1,2,8,225,0,0,0,0,0,6,6,6,6,4,0,0,1,9,0
-57,0,0,8,2,0,1,1,0,0,0,0,36,0,0,2,8,225,0,0,0,0,0,5,5,5,5,4,0,0,2,10,15
-173,0,0,28,2,0,1,0,0,0,0,0,40,0,0,2,8,225,0,0,0,0,0,4,4,4,4,3,0,0,1,13,0
-54,0,0,9,1,0,1,0,0,0,0,0,45,0,0,2,8,225,0,0,0,0,0,3,3,3,3,2,0,0,2,10,30
-10,0,0,2,0,0,1,0,0,0,0,0,47,0,0,2,8,225,0,0,0,0,0,2,2,2,2,2,0,0,2,9,30
-38,0,0,1,0,0,0,0,0,0,0,0,51,0,0,2,8,225,0,0,0,0,0,1,1,1,1,1,0,0,2,9,15
-6,27,3,43,2,0,0,0,0,0,0,8,22,1,0,6,8,222,2,41,2,6,13,2,2,9,1,1,7,1,1,17,30
0,26,4,41,1,0,0,1,0,0,0,7,8,0,0,6,8,222,2,40,3,7,13,1,4,8,1,0,6,1,1,17,0
-6,23,5,38,2,0,1,3,1,0,0,14,1,0,0,6,8,222,2,34,3,6,9,7,7,10,6,2,6,1,2,16,45
-17,23,5,41,2,0,1,2,1,0,0,14,1,0,0,6,8,222,2,34,3,6,9,6,6,9,5,1,6,1,1,17,0
-10,23,5,36,2,0,0,2,1,0,0,11,4,0,0,6,8,222,2,34,3,7,9,5,5,8,4,1,6,1,3,16,30
0,20,3,36,3,0,1,2,1,0,0,13,2,0,0,6,8,222,2,31,1,4,7,4,4,11,6,2,6,1,3,16,30
1,20,4,35,2,0,1,2,1,0,0,9,6,0,0,6,8,222,2,31,3,4,7,3,3,10,5,2,6,1,2,16,0
25,20,4,31,2,0,1,1,1,0,0,2,13,0,0,6,8,222,2,31,3,5,7,2,3,9,4,1,5,1,2,15,30
46,20,4,31,1,0,1,1,1,0,0,2,13,0,0,6,8,222,2,31,3,5,7,1,2,8,3,0,5,0,2,15,30
52,16,1,28,1,0,3,3,0,0,0,7,8,0,0,6,8,222,1,27,1,3,8,2,7,9,7,2,5,2,1,15,0
-92,16,2,38,1,0,2,4,0,0,0,4,11,0,0,6,8,222,1,26,1,4,10,3,7,9,7,2,4,3,2,16,45
25,16,2,25,1,0,1,4,0,0,0,35,10,0,0,6,8,222,1,26,2,4,14,5,6,9,6,2,4,2,2,14,30
29,15,2,30,2,0,0,4,0,0,0,24,21,0,0,6,8,222,1,25,2,4,14,5,6,9,6,2,3,2,2,15,15
27,15,2,28,2,0,0,3,0,0,0,19,26,0,0,6,8,222,0,24,3,5,14,4,5,8,6,2,3,1,1,15,0
31,15,2,26,2,0,0,3,0,0,0,17,28,0,0,6,8,222,1,24,2,4,13,3,4,7,5,2,3,1,2,14,45
26,15,2,24,2,0,0,2,0,0,0,17,28,0,0,6,8,222,1,24,2,4,13,2,3,7,4,1,3,1,1,14,15
-23,15,4,26,2,0,0,1,0,0,0,1,44,0,0,6,8,222,1,24,2,6,15,2,3,6,3,1,2,1,2,14,45
34,14,7,23,3,0,0,1,0,0,0,4,26,0,0,6,8,222,2,22,3,10,14,2,3,9,3,1,2,0,1,13,30
-116,12,7,33,4,0,0,2,0,0,0,6,9,0,0,6,8,222,2,19,6,10,15,2,4,11,5,2,2,0,1,15,45
30,9,4,22,4,0,0,6,0,0,0,0,15,0,0,6,8,222,4,14,3,5,11,3,5,12,7,3,2,0,1,13,0
21,7,3,15,5,0,0,6,0,0,0,12,3,0,0,6,8,222,3,12,3,5,11,3,7,14,9,4,2,2,1,12,0
3,7,4,18,6,0,0,5,0,0,0,2,13,0,0,6,8,222,3,11,2,6,10,3,7,16,9,5,2,2,2,12,30
1,5,4,17,7,0,0,5,0,0,0,29,1,0,0,6,8,222,3,9,2,5,8,5,8,17,10,7,2,2,2,12,15
15,5,5,18,6,0,0,5,0,0,0,23,7,0,0,6,8,222,2,9,2,6,9,4,8,16,10,7,2,2,2,12,30
-161,4,4,33,7,0,0,4,0,0,0,8,22,0,0,6,8,222,2,8,3,6,8,5,8,16,10,7,1,2,1,15,45
10,4,4,12,6,0,0,4,0,0,0,7,23,0,0,6,8,222,2,8,4,6,8,4,7,15,9,6,1,1,1,11,30
-31,4,4,20,6,0,0,3,0,0,0,2,28,0,0,6,8,222,2,8,4,7,8,4,7,14,8,5,0,1,1,12,45
37,3,3,12,6,0,0,4,0,0,0,4,11,0,0,6,8,222,2,6,3,5,6,4,9,15,9,6,0,0,1,11,30
60,3,3,15,5,0,0,4,0,0,1,2,13,0,0,6,8,222,3,5,2,4,5,3,9,15,8,5,0,0,1,12,0
-6,1,1,8,6,0,0,4,0,0,0,2,13,0,0,6,8,222,1,4,3,3,4,4,9,14,10,6,0,0,2,10,45
-291,1,1,38,6,0,0,3,0,0,0,11,4,0,0,6,8,222,1,4,3,3,4,4,9,14,9,6,0,0,2,16,45
97,0,0,2,7,0,0,2,0,0,0,11,4,0,0,6,8,222,1,3,2,3,3,6,9,13,9,5,0,0,2,10,0
-21,0,0,14,7,0,0,2,0,0,0,6,9,0,0,6,8,222,1,2,1,2,2,5,8,12,9,4,0,0,2,11,45
13,0,0,10,6,0,0,2,1,0,0,13,2,0,0,6,8,222,2,1,0,1,1,6,8,11,8,3,0,0,2,11,0
64,0,0,10,6,0,0,1,1,0,0,9,6,0,0,6,8,222,1,1,1,1,1,5,8,10,8,3,0,0,2,11,0
-5,0,0,4,5,0,0,1,1,0,0,4,11,0,0,6,8,222,1,1,1,1,1,4,7,9,7,3,0,0,2,10,15
15,0,0,6,4,0,0,1,1,0,0,3,12,0,0,6,8,222,1,1,1,1,1,3,7,8,6,3,0,0,2,10,30
-106,0,0,20,3,0,0,1,1,0,0,21,9,0,0,6,8,222,0,1,1,1,1,3,6,7,6,4,0,0,1,12,45
42,0,0,4,2,0,0,1,1,0,0,15,15,0,0,6,8,222,0,1,1,1,1,2,5,6,5,4,0,0,2,10,15
3,0,0,6,3,0,0,0,1,0,0,0,1,0,0,6,8,222,1,0,0,0,0,4,5,5,4,3,0,0,2,10,30
-22,0,0,2,3,0,0,0,0,0,0,0,16,0,0,6,8,222,0,0,0,0,0,3,4,4,4,2,0,0,2,10,0
40,0,0,1,2,0,0,0,0,0,0,0,20,0,0,6,8,222,0,0,0,0,0,3,3,3,3,1,0,0,2,9,45
-48,0,0,8,1,0,0,0,0,0,0,0,27,0,0,6,8,222,0,0,0,0,0,2,2,2,2,1,0,0,2,10,45
-3,0,0,0,0,0,0,0,0,0,0,0,47,0,1,6,8,222,0,0,0,0,0,1,1,1,1,0,0,0,1,9,15
19,27,1,49,1,0,1,1,0,0,0,1,14,1,0,5,8,221,1,46,3,3,8,3,5,8,3,1,6,2,1,17,30
2,27,1,48,1,0,0,1,0,0,0,0,15,0,0,5,8,221,1,46,3,3,8,2,4,7,2,0,5,2,1,17,15
42,27,2,43,3,0,0,0,0,0,0,0,15,0,0,5,8,221,3,44,1,3,7,3,3,7,1,0,4,1,2,16,45
6,26,2,41,3,0,0,0,0,0,0,22,8,0,0,5,8,221,2,43,1,4,10,2,3,8,2,0,4,0,3,16,30
-30,26,2,46,2,0,0,0,0,0,0,20,10,0,0,5,8,221,2,43,1,4,10,1,2,7,1,0,4,0,1,17,0
6,25,2,38,3,0,0,1,0,0,0,4,11,0,0,5,8,221,4,40,2,5,12,3,5,10,1,0,4,1,1,15,45
3,24,1,36,5,0,0,0,0,0,0,5,10,0,0,5,8,221,2,38,2,7,12,4,6,12,4,2,4,1,2,15,30
-73,24,1,43,4,0,0,0,0,0,0,5,10,0,0,5,8,221,2,38,2,7,12,3,5,11,3,1,4,1,2,16,45
-98,24,2,46,3,0,0,0,0,0,0,5,10,0,0,5,8,221,1,38,5,9,14,3,4,11,3,1,3,1,1,17,0
-40,23,2,36,3,0,0,0,0,0,0,24,6,0,0,5,8,221,0,37,6,9,14,3,6,11,4,3,3,1,2,15,30
-82,23,4,41,5,0,0,1,0,0,0,7,23,0,0,5,8,221,2,33,4,7,12,2,7,12,5,3,3,1,3,16,30
27,23,4,31,5,0,1,1,0,0,0,44,1,0,0,5,8,221,2,31,2,5,12,2,6,11,6,4,3,1,2,14,15
-29,22,5,32,7,0,1,0,0,0,0,18,27,0,0,5,8,221,2,29,3,5,13,5,7,13,7,4,3,1,1,14,45
-103,21,5,43,7,0,1,0,0,0,0,13,32,0,0,5,8,221,2,28,2,4,12,4,7,12,7,3,3,1,2,16,45
-56,21,5,35,6,0,1,0,0,0,0,10,35,0,0,5,8,221,2,28,2,4,12,4,6,11,6,3,2,1,2,15,15
-16,19,3,32,5,0,1,0,0,0,0,0,45,0,0,5,8,221,0,28,3,5,15,3,7,12,7,2,2,0,1,14,45
17,19,4,30,5,0,2,0,0,0,0,10,5,0,0,5,8,221,2,26,1,5,13,3,6,13,6,2,2,0,1,13,30
36,19,5,26,4,0,2,0,0,0,0,12,3,0,0,5,8,221,2,26,2,7,14,3,5,13,5,2,2,0,2,13,0
38,18,4,28,3,0,2,0,0,0,1,13,2,0,0,5,8,221,1,25,2,7,16,4,6,13,6,3,2,0,1,13,15
4,16,3,24,4,0,2,0,0,0,0,3,12,0,0,5,8,221,0,24,4,8,17,3,6,13,7,4,2,0,2,12,45
34,16,4,26,4,0,2,0,0,0,0,7,8,0,0,5,8,221,1,23,5,8,16,2,6,13,6,4,2,1,2,13,0
25,16,5,24,4,0,1,0,0,0,0,2,13,0,0,5,8,221,1,23,5,9,17,3,6,14,5,4,2,1,2,12,45
18,14,6,22,8,0,1,0,0,0,0,5,10,0,0,5,8,221,3,18,4,8,16,5,9,16,7,4,2,1,2,12,30
13,14,7,20,7,0,1,0,0,0,0,3,12,0,0,5,8,221,3,18,4,8,16,4,8,15,6,3,2,1,2,12,15
-60,14,8,34,7,0,0,0,0,0,1,10,5,0,0,5,8,221,3,17,4,9,15,5,7,14,6,2,2,1,1,15,0
-92,12,8,40,7,0,0,0,0,0,1,9,6,0,0,5,8,221,2,16,6,9,14,6,8,14,7,1,1,1,2,16,0
-8,12,9,28,7,0,1,0,0,0,1,5,10,0,0,5,8,221,4,14,4,7,13,5,8,13,6,0,1,0,1,13,15
-32,11,8,22,6,0,1,1,0,0,1,29,1,0,0,5,8,221,4,13,4,7,12,4,8,14,6,1,1,0,2,12,30
2,11,8,17,5,0,1,1,0,0,1,26,4,0,0,5,8,221,4,13,5,7,12,3,7,13,5,1,1,0,1,11,45
4,10,7,15,6,0,0,1,0,0,1,19,11,0,0,5,8,221,4,12,5,7,11,3,7,12,5,2,1,0,2,11,30
32,8,6,17,6,0,0,1,0,0,1,11,19,0,0,5,8,221,3,10,4,7,10,3,7,13,6,1,1,0,1,11,45
-9,5,5,20,7,0,1,1,0,0,1,5,10,0,0,5,8,221,3,8,3,6,8,4,8,15,8,2,1,0,2,12,15
32,4,4,9,7,0,1,1,0,0,1,11,4,0,0,5,8,221,3,7,3,5,7,5,7,16,8,3,1,0,2,10,30
21,3,3,15,6,0,1,1,0,0,1,6,9,0,0,5,8,221,2,7,5,6,7,5,6,15,8,4,1,0,2,11,30
65,3,3,7,6,0,1,1,0,0,1,2,13,0,0,5,8,221,3,6,4,5,6,4,6,14,7,4,1,1,2,10,15
12,3,3,13,5,0,1,2,0,0,1,5,10,0,0,5,8,221,2,5,3,4,5,4,6,15,8,5,1,1,2,11,0
18,3,3,9,5,0,0,2,0,0,1,3,12,0,0,5,8,221,2,5,3,4,5,3,5,14,7,5,1,1,2,10,30
67,2,2,3,5,0,0,2,0,0,1,11,4,0,0,5,8,221,2,4,2,3,4,2,6,13,7,4,1,1,2,9,45
15,1,1,13,7,0,0,1,0,0,1,8,7,0,0,5,8,221,3,2,1,2,2,3,7,12,7,4,1,1,2,11,0
-317,0,0,38,7,0,0,1,0,0,1,4,11,0,0,5,8,221,3,1,1,1,1,5,9,11,7,4,0,1,1,15,45
19,0,0,11,6,0,0,1,0,0,1,0,15,0,0,5,8,221,3,1,1,1,1,5,8,10,6,3,0,0,2,10,45
-100,0,0,19,5,0,0,1,0,0,1,18,12,0,0,5,8,221,2,1,1,1,1,6,9,9,6,2,0,0,2,12,0
21,0,0,7,4,0,0,1,0,0,1,13,17,0,0,5,8,221,1,1,1,1,1,6,8,8,6,1,0,0,2,10,15
-16,0,0,3,3,0,0,1,0,0,1,6,24,0,0,5,8,221,0,1,1,1,1,5,7,7,6,1,0,0,2,9,45
0,0,0,5,3,0,0,1,0,0,1,2,28,0,0,5,8,221,1,0,0,0,0,4,6,6,5,1,0,0,2,10,0
21,0,0,1,2,0,0,1,0,0,1,0,9,0,0,5,8,221,0,0,0,0,0,5,5,5,5,1,0,0,2,9,30
-92,0,0,11,2,0,0,1,0,0,0,0,11,0,0,5,8,221,0,0,0,0,0,4,4,4,4,1,0,0,2,10,45
-22,0,0,1,1,0,0,1,0,0,0,0,14,0,0,5,8,221,0,0,0,0,0,3,3,3,3,1,0,0,2,9,30
18,0,0,5,1,0,0,0,0,0,0,0,37,0,0,5,8,221,0,0,0,0,0,2,2,2,2,0,0,0,2,10,0
-2,0,0,0,0,0,0,0,0,0,0,0,39,0,1,5,8,221,0,0,0,0,0,1,1,1,1,0,0,0,2,9,0
-55,28,4,38,2,0,0,0,0,0,0,60,15,1,0,4,8,220,1,36,3,6,10,2,2,7,2,1,4,1,1,17,30
-2,28,4,35,2,0,0,0,0,0,0,56,19,0,0,4,8,220,2,35,2,5,10,1,1,8,1,1,4,0,2,16,45
-59,24,2,36,5,0,1,0,0,0,1,15,15,0,0,4,8,220,2,29,2,4,9,3,8,12,6,3,3,1,1,17,15
18,23,2,33,5,0,0,0,0,0,1,6,24,0,0,4,8,220,1,29,2,4,10,3,7,11,6,2,3,0,1,15,30
11,23,2,31,5,0,0,0,0,0,0,3,27,0,0,4,8,220,1,29,2,4,10,2,6,10,5,1,3,0,2,15,0
53,23,3,29,6,0,0,0,0,0,0,0,15,0,0,4,8,220,3,27,2,5,9,5,6,9,4,1,3,0,2,14,45
53,23,4,31,5,0,0,0,0,0,0,3,12,0,0,4,8,220,2,27,2,6,11,4,7,8,4,0,3,1,2,15,0
-48,23,5,33,5,0,0,0,0,0,0,14,1,0,0,4,8,220,3,26,1,5,10,3,6,7,3,0,3,1,1,15,30
-67,22,4,36,4,0,0,0,0,0,0,11,4,0,0,4,8,220,2,26,2,5,10,2,5,7,3,1,3,1,1,17,15
60,22,4,28,4,0,0,0,0,0,0,11,4,0,0,4,8,220,3,25,1,4,9,1,4,6,2,1,3,1,2,14,30
-30,21,6,29,3,0,0,0,0,0,1,24,6,0,0,4,8,220,2,24,3,6,11,4,4,9,3,1,3,2,2,14,45
11,20,5,26,3,0,1,0,0,0,1,9,21,0,0,4,8,220,3,22,3,4,10,3,3,11,3,1,2,2,1,14,0
14,19,5,27,2,0,1,0,0,0,1,4,26,0,0,4,8,220,2,22,3,5,15,2,2,10,3,1,2,1,1,14,15
17,18,5,25,2,0,2,0,0,0,0,9,6,0,0,4,8,220,2,21,2,5,15,1,2,9,3,0,1,1,1,13,30
16,13,4,24,5,0,3,0,0,0,0,12,3,0,0,4,8,220,1,16,3,9,13,5,8,13,8,3,1,0,1,13,15
-18,12,4,23,4,0,3,0,0,0,0,4,11,0,0,4,8,220,0,16,3,10,14,5,7,12,8,3,1,0,1,13,0
20,12,5,17,4,0,3,0,0,0,0,12,3,0,0,4,8,220,1,15,3,9,13,6,6,13,7,2,1,0,2,12,15
57,12,6,17,4,0,2,1,0,0,0,5,10,0,0,4,8,220,2,14,5,8,13,5,8,13,6,2,1,1,2,12,15
52,12,6,21,4,0,1,1,0,0,0,3,12,0,0,4,8,220,1,14,7,8,13,4,7,12,6,2,1,1,1,12,45
25,11,5,19,3,0,1,2,0,0,0,5,10,0,0,4,8,220,1,13,7,7,12,3,7,11,6,2,1,1,2,12,30
2,11,5,19,3,0,0,2,0,0,1,13,2,0,0,4,8,220,2,12,6,7,12,2,6,11,5,1,1,1,2,12,30
21,11,5,16,2,0,0,2,0,0,1,13,2,0,0,4,8,220,2,12,6,7,12,1,5,10,4,0,1,1,2,12,0
14,6,2,11,4,0,2,2,1,0,1,11,4,0,0,4,8,220,3,6,1,4,6,4,7,11,8,3,1,1,2,11,15
-41,6,2,21,4,0,2,1,1,0,1,8,7,0,0,4,8,220,3,6,2,4,6,3,7,10,7,2,1,1,1,12,45
86,6,2,13,3,0,2,1,1,0,1,6,9,0,0,4,8,220,3,6,2,4,6,2,6,9,6,2,0,1,1,11,30
7,6,2,11,3,0,1,1,1,0,1,2,13,0,0,4,8,220,3,6,3,5,6,1,5,8,5,2,0,0,2,11,15
12,6,6,9,4,0,1,2,1,0,1,14,1,0,0,4,8,220,5,3,2,3,3,4,6,11,5,2,0,0,2,11,0
16,4,4,9,5,0,1,2,0,0,1,0,15,0,0,4,8,220,4,2,2,2,2,4,6,12,6,1,0,0,2,11,0
11,4,4,13,5,0,1,1,0,0,1,12,3,0,0,4,8,220,4,2,2,2,2,3,5,11,5,1,0,0,1,11,30
102,4,4,6,4,0,1,1,0,0,1,10,5,0,0,4,8,220,4,2,2,2,2,2,4,10,4,1,0,0,1,10,15
-24,2,2,7,3,0,2,1,0,0,2,4,11,0,0,4,8,220,3,0,0,0,0,2,4,9,6,2,0,0,1,10,30
-13,0,0,8,3,0,2,0,0,0,2,1,14,0,0,4,8,220,1,0,0,0,0,2,6,8,7,3,0,0,2,10,45
23,0,0,2,3,0,2,0,0,0,1,2,13,0,0,4,8,220,1,0,0,0,0,2,6,7,6,2,0,0,1,9,30
-160,0,0,15,3,0,2,0,0,0,0,0,15,0,0,4,8,220,0,0,0,0,0,4,6,6,6,2,0,0,1,11,45
17,0,0,1,3,0,1,0,0,0,0,0,22,0,0,4,8,220,0,0,0,0,0,5,5,5,5,2,0,0,2,9,15
48,0,0,2,2,0,1,0,0,0,0,0,24,0,0,4,8,220,0,0,0,0,0,4,4,4,4,1,0,0,1,9,30
37,0,0,0,2,0,0,0,0,0,0,0,25,0,1,4,8,220,0,0,0,0,0,3,3,3,3,1,0,0,1,9,0
21,0,0,5,1,0,0,0,0,0,0,0,32,0,0,4,8,220,0,0,0,0,0,2,2,2,2,1,0,0,1,10,0
14,0,0,4,0,0,0,0,0,0,0,0,43,0,0,4,8,220,0,0,0,0,0,1,1,1,1,1,0,0,1,9,45
84,30,2,37,4,0,0,0,1,0,0,12,3,0,0,3,8,219,2,39,2,5,14,2,6,12,4,2,0,0,2,16,0
28,29,1,39,4,0,0,0,1,0,0,4,11,0,0,3,8,219,1,38,2,6,13,3,5,12,5,2,0,0,2,16,30
53,29,4,41,4,0,0,0,1,0,0,8,22,0,0,3,8,219,0,37,4,8,14,4,7,12,6,3,0,0,2,16,45
12,29,4,43,3,0,0,0,1,0,0,6,24,1,0,3,8,219,0,37,4,8,14,3,6,11,5,3,0,0,1,17,0
-22,29,5,41,3,0,0,0,1,0,0,13,2,0,0,3,8,219,1,36,4,8,15,3,5,10,4,2,0,0,2,16,45
-20,28,4,43,4,0,0,0,0,0,0,14,1,1,0,3,8,219,1,35,5,9,14,4,7,9,4,2,0,0,1,17,0
35,28,6,37,5,0,1,0,0,0,0,0,15,0,0,3,8,219,2,32,4,7,12,3,7,8,5,3,0,0,2,16,0
-14,26,5,35,6,0,0,1,0,0,0,2,13,0,0,3,8,219,2,30,4,7,11,5,7,8,6,3,0,0,2,15,45
-2,26,5,35,5,0,0,1,0,0,0,2,13,0,0,3,8,219,2,30,4,7,11,4,6,8,5,2,0,0,2,15,45
26,24,6,31,7,0,0,1,1,0,0,6,9,0,0,3,8,219,3,26,2,5,10,4,5,7,7,4,0,0,1,15,0
-21,24,6,39,5,0,0,1,1,0,0,3,12,0,0,3,8,219,3,26,3,5,10,4,4,6,6,4,0,0,2,16,30
34,24,6,33,5,0,0,1,1,0,0,3,12,0,0,3,8,219,3,26,3,5,10,4,4,6,6,4,0,0,1,15,15
15,23,6,29,5,0,0,1,1,0,0,8,7,0,0,3,8,219,3,25,2,5,10,2,2,5,5,4,0,0,2,14,45
-18,21,5,34,5,0,0,1,1,0,0,51,9,0,0,3,8,219,2,24,3,5,11,1,2,6,6,5,0,0,2,15,30
39,17,5,28,5,0,0,2,3,0,0,25,5,0,0,3,8,219,2,20,3,5,12,2,5,12,9,7,0,0,2,14,30
21,16,5,31,5,0,0,2,3,0,0,17,13,0,0,3,8,219,2,19,3,6,11,1,4,13,9,6,0,0,1,15,0
110,12,4,24,7,0,0,4,2,0,0,10,5,0,0,3,8,219,1,15,2,5,9,3,4,17,13,7,0,0,1,12,45
104,12,4,26,6,0,0,4,2,0,0,5,10,0,0,3,8,219,1,15,2,5,9,2,6,17,12,6,0,0,1,13,0
104,12,5,22,5,0,0,4,2,0,0,11,4,0,0,3,8,219,1,15,3,7,10,1,8,16,11,5,0,0,2,12,30
90,9,5,22,6,0,0,4,3,0,1,9,6,0,0,3,8,219,2,11,3,5,8,7,14,17,13,7,0,0,2,12,30
81,8,4,18,7,0,0,4,2,0,1,10,5,0,0,3,8,219,1,10,2,4,9,8,13,17,14,8,0,0,2,12,0
88,8,4,20,7,0,0,4,1,0,1,9,6,0,0,3,8,219,1,10,2,4,9,8,12,16,13,8,0,0,2,12,15
114,8,4,12,7,0,0,3,1,0,1,7,8,0,0,3,8,219,1,10,3,4,9,9,12,15,12,7,0,0,2,11,15
59,8,4,27,6,0,0,3,1,0,1,4,11,0,0,3,8,219,1,10,3,4,9,9,11,14,11,7,0,0,1,13,30
103,7,3,20,7,0,0,3,1,0,1,14,1,0,0,3,8,219,2,8,1,3,7,9,10,13,11,7,0,0,2,12,15
74,7,3,14,6,0,0,3,1,0,1,12,3,0,0,3,8,219,2,8,2,3,7,8,9,12,10,7,0,0,2,11,30
-1,7,4,16,6,0,0,3,1,0,0,6,9,0,0,3,8,219,2,8,2,3,8,7,9,12,9,7,0,0,2,11,45
15,7,4,24,6,0,0,2,1,0,0,5,10,0,0,3,8,219,2,8,2,3,8,6,8,11,8,6,0,0,1,12,45
-100,6,4,29,5,0,0,2,1,0,0,9,6,0,0,3,8,219,1,8,2,4,8,5,7,13,8,6,0,0,2,14,45
54,6,4,14,4,0,0,2,1,0,0,8,7,0,0,3,8,219,1,8,2,4,8,4,6,12,7,6,0,0,2,11,30
21,6,4,16,3,0,0,2,1,0,0,8,7,0,0,3,8,219,1,8,2,4,8,3,5,11,6,5,0,0,2,11,45
41,6,4,18,4,0,0,1,1,0,0,6,9,0,0,3,8,219,2,7,1,4,7,3,5,10,5,4,0,0,2,12,0
61,5,3,11,4,0,0,1,0,0,0,1,14,0,0,3,8,219,1,7,2,4,7,2,4,9,5,3,0,0,2,11,0
15,4,2,12,3,0,0,1,0,0,1,7,8,0,0,3,8,219,0,6,2,5,6,2,4,11,6,2,0,0,2,11,15
35,4,3,9,3,0,0,1,0,0,1,9,6,0,0,3,8,219,1,5,2,4,5,2,3,11,5,1,0,0,1,10,45
33,2,2,7,4,0,0,0,1,0,1,6,9,0,0,3,8,219,1,3,2,3,3,2,6,10,6,2,0,0,2,10,30
40,2,2,6,3,0,0,1,1,0,1,28,2,0,0,3,8,219,1,2,2,2,2,3,6,9,6,3,0,0,2,10,15
23,1,1,4,3,0,0,1,2,0,1,8,22,0,0,3,8,219,1,0,0,0,0,4,8,8,7,3,0,0,1,10,0
77,1,1,7,2,0,0,1,2,0,1,1,29,0,0,3,8,219,1,0,0,0,0,4,7,7,6,3,0,0,2,10,30
29,0,0,2,1,0,0,1,2,0,1,13,2,0,0,3,8,219,0,0,0,0,0,3,6,6,6,2,0,0,2,9,45
-2,0,0,4,1,0,0,1,1,0,1,10,5,0,0,3,8,219,0,0,0,0,0,3,5,5,5,1,0,0,1,10,0
13,0,0,0,0,0,0,1,1,0,1,0,14,0,1,3,8,219,0,0,0,0,0,4,4,4,4,0,0,0,1,9,0
-3,0,0,9,0,0,0,1,1,0,0,0,18,0,0,3,8,219,0,0,0,0,0,3,3,3,3,0,0,0,1,10,45
-5,0,0,2,0,0,0,0,1,0,0,0,22,0,0,3,8,219,0,0,0,0,0,2,2,2,2,0,0,0,2,9,45
15,0,0,1,0,0,0,0,0,0,0,0,31,0,0,3,8,219,0,0,0,0,0,1,1,1,1,0,0,0,2,9,15
37,31,3,47,3,0,0,1,0,0,0,14,1,0,0,2,8,218,2,45,2,5,9,1,2,10,3,3,2,0,1,17,0
4,28,3,44,4,0,1,2,1,0,0,0,15,0,0,2,8,218,3,40,2,4,11,6,9,11,6,5,2,0,2,16,30
35,28,3,45,3,0,1,2,1,0,0,13,2,0,0,2,8,218,3,40,3,4,11,5,8,10,5,4,2,0,2,16,45
18,28,3,42,3,0,1,1,1,0,0,6,9,0,0,2,8,218,2,40,4,5,13,5,7,9,5,4,2,0,1,16,0
-100,28,3,49,3,0,0,2,1,0,0,2,13,1,0,2,8,218,3,39,3,5,12,4,6,9,4,4,2,0,1,17,30
31,27,2,40,2,0,1,2,1,0,0,19,11,0,0,2,8,218,2,38,2,5,13,5,5,8,5,5,2,0,1,15,45
40,27,2,43,1,0,1,2,1,0,0,18,12,0,0,2,8,218,2,38,2,5,13,4,4,7,4,4,2,0,1,16,15
-17,27,2,39,1,0,0,3,1,0,0,12,18,0,0,2,8,218,2,37,1,5,13,3,4,7,4,3,2,0,2,15,30
-20,26,2,40,1,0,0,3,1,0,0,13,2,0,0,2,8,218,2,36,3,6,13,2,3,7,4,3,2,0,1,15,45
-64,26,2,45,1,0,0,2,1,0,0,11,4,0,0,2,8,218,2,36,3,6,14,1,2,7,3,2,2,0,2,16,45
64,25,6,34,4,0,0,1,1,0,0,1,14,0,0,2,8,218,1,33,4,9,14,2,4,9,6,4,2,0,1,14,15
-17,23,7,36,5,0,0,2,1,0,0,25,20,0,0,2,8,218,1,30,4,8,14,2,5,9,8,5,2,0,1,14,45
17,21,8,36,8,0,0,1,1,0,0,3,42,0,0,2,8,218,2,27,3,8,15,3,5,11,9,5,2,0,1,14,45
-148,19,6,47,9,0,0,1,1,0,0,3,12,0,0,2,8,218,2,25,4,6,13,4,6,12,10,7,2,1,1,17,0
91,18,6,30,9,0,1,1,0,0,0,5,10,0,0,2,8,218,2,24,5,7,14,3,5,15,10,6,2,1,2,13,15
-14,16,4,35,9,0,1,1,1,0,0,13,2,0,0,2,8,218,2,22,3,6,12,3,5,14,11,6,2,1,2,14,30
26,15,4,32,9,0,1,1,1,0,0,3,12,0,0,2,8,218,2,21,2,6,13,3,6,13,11,7,2,1,1,13,30
38,13,4,28,9,0,1,2,1,0,0,0,15,0,0,2,8,218,2,19,2,7,13,2,6,18,12,8,2,1,2,13,0
-50,13,4,38,8,0,1,2,1,0,0,12,3,0,0,2,8,218,2,19,3,7,14,2,6,17,11,7,1,1,1,15,0
44,12,3,26,10,0,1,2,1,0,0,13,2,0,0,2,8,218,2,16,4,6,15,5,10,21,13,7,1,0,2,12,45
59,11,4,28,10,0,1,1,1,0,0,9,6,0,0,2,8,218,1,16,4,7,15,4,9,21,13,6,1,0,2,13,0
12,11,4,32,9,0,1,1,1,0,0,7,8,0,0,2,8,218,1,16,4,7,15,3,8,20,12,5,1,0,1,13,30
58,10,5,20,10,0,1,1,1,0,0,10,5,0,0,2,8,218,2,14,3,8,13,6,8,21,12,6,1,0,2,12,0
16,9,5,24,11,0,1,2,0,0,0,13,2,0,0,2,8,218,2,12,2,6,11,6,12,20,13,6,1,1,2,12,30
45,9,6,24,10,0,1,2,0,0,0,4,11,0,0,2,8,218,2,12,4,8,11,5,13,19,12,5,1,1,2,12,30
63,9,7,20,11,0,0,2,0,0,0,0,15,0,0,2,8,218,3,11,3,7,10,4,13,20,11,5,1,1,2,12,0
38,9,7,26,10,0,0,2,0,0,0,14,1,0,0,2,8,218,2,11,4,8,10,3,13,19,11,5,1,1,2,12,45
82,9,7,17,9,0,0,2,0,0,0,11,4,0,0,2,8,218,2,11,5,8,10,3,13,19,10,4,1,1,1,11,30
98,9,7,13,8,0,0,2,0,0,0,9,6,0,0,2,8,218,1,11,5,8,10,3,12,18,10,4,1,1,2,11,0
-38,5,4,22,9,0,1,3,0,0,0,13,2,0,0,2,8,218,1,7,4,6,7,10,13,19,13,5,1,1,2,12,15
42,5,4,15,9,0,1,3,0,0,0,10,5,0,0,2,8,218,2,6,3,5,6,10,13,18,12,5,1,1,2,11,15
24,5,4,19,8,0,1,3,0,0,0,8,7,0,0,2,8,218,2,6,3,5,6,9,12,17,11,5,1,1,2,11,45
51,5,4,11,7,0,1,3,0,0,0,4,11,0,0,2,8,218,2,6,3,5,6,8,11,16,10,5,0,1,2,10,45
-15,5,4,22,6,0,1,3,0,0,0,2,13,0,0,2,8,218,2,6,3,5,6,7,10,15,9,5,0,0,2,12,15
-58,4,3,30,6,0,1,2,0,0,0,0,15,0,0,2,8,218,1,6,4,5,6,6,9,15,9,5,0,0,2,13,15
42,3,3,13,6,0,1,2,0,0,0,9,6,0,0,2,8,218,1,5,4,4,5,6,8,14,9,5,0,0,2,11,0
-16,3,3,17,7,0,1,1,0,0,0,5,10,0,0,2,8,218,2,4,3,3,4,6,7,13,8,4,0,0,1,11,30
75,3,3,2,7,0,0,1,0,0,0,3,12,0,0,2,8,218,2,4,3,3,4,5,6,12,7,3,0,0,1,9,30
17,2,2,9,6,0,1,1,0,0,0,14,1,0,0,2,8,218,2,3,2,2,3,4,7,11,7,3,0,0,2,10,30
-5,2,2,15,5,0,1,1,0,0,0,12,3,0,0,2,8,218,2,3,2,2,3,3,7,10,6,3,0,0,2,11,15
10,1,1,11,5,0,1,2,0,0,0,10,5,0,0,2,8,218,2,1,0,1,1,3,6,10,7,3,0,0,2,10,45
13,1,1,7,4,0,1,2,0,0,0,5,10,0,0,2,8,218,2,1,0,1,1,2,6,9,6,3,0,0,2,10,15
56,1,1,5,3,0,1,2,0,0,0,10,5,0,0,2,8,218,2,1,0,1,1,4,6,8,5,2,0,0,2,10,0
1,0,0,9,3,0,1,1,0,0,0,1,14,0,0,2,8,218,0,1,1,1,1,4,6,7,6,2,0,0,2,10,30
16,0,0,5,2,0,1,1,0,0,0,1,14,0,0,2,8,218,0,1,1,1,1,3,5,6,5,2,0,0,2,10,0
-9,0,0,7,1,0,1,1,0,0,0,14,1,0,0,2,8,218,0,1,1,1,1,2,4,5,4,2,0,0,2,10,15
42,0,0,1,1,0,1,1,0,0,0,0,6,0,0,2,8,218,0,0,0,0,0,3,4,4,4,3,0,0,2,9,15
-9,0,0,4,1,0,1,0,0,0,0,0,17,0,0,2,8,218,0,0,0,0,0,2,3,3,3,2,0,0,2,9,45
-2,0,0,0,1,0,0,0,0,0,0,0,28,0,1,2,8,218,0,0,0,0,0,2,2,2,2,2,0,0,1,9,0
0,0,0,2,0,0,0,0,0,0,0,0,50,0,0,2,8,218,0,0,0,0,0,1,1,1,1,1,0,0,1,9,30
-2,31,5,47,2,0,0,1,0,0,0,10,20,1,0,6,8,215,3,44,2,5,7,1,4,7,1,1,4,1,1,17,30
64,27,3,42,4,0,1,1,0,0,0,26,4,0,0,6,8,215,3,40,2,3,7,5,6,7,4,3,4,1,2,16,0
12,27,4,43,3,0,1,1,0,0,0,24,6,0,0,6,8,215,2,40,2,3,7,4,5,6,4,2,4,1,1,16,30
-5,26,3,43,2,0,1,2,0,0,0,11,19,0,0,6,8,215,1,39,2,2,8,3,4,8,5,4,4,1,1,16,30
9,26,3,46,2,0,1,1,0,0,0,5,25,0,0,6,8,215,1,39,2,3,8,2,3,7,4,4,4,1,1,17,0
71,26,3,41,1,0,2,1,0,0,0,13,2,0,0,6,8,215,2,38,1,2,7,2,2,6,3,3,3,1,1,15,45
-24,24,3,45,0,0,2,2,0,0,0,4,11,0,0,6,8,215,1,37,1,4,7,1,2,5,4,4,3,0,1,16,45
86,22,3,34,0,0,1,4,1,0,0,12,3,0,0,6,8,215,2,34,3,4,10,4,4,10,5,5,3,1,2,14,45
25,20,2,36,0,0,0,4,1,0,0,46,14,0,0,6,8,215,0,33,2,5,11,3,5,12,7,5,2,2,1,15,0
25,20,2,38,0,0,0,4,1,0,0,46,14,0,0,6,8,215,0,33,2,5,11,3,5,12,7,5,2,2,2,15,15
21,20,2,39,1,0,0,3,2,0,0,42,18,0,0,6,8,215,2,31,1,4,9,1,4,10,5,3,2,1,1,15,30
9,18,4,33,3,0,0,3,2,0,0,10,5,0,0,6,8,215,1,28,3,5,13,6,8,11,8,5,2,1,2,14,30
6,18,4,34,3,0,0,2,2,0,0,8,7,0,0,6,8,215,1,28,3,5,13,5,7,10,7,5,1,1,2,14,45
-64,18,5,36,2,0,0,3,2,0,0,1,14,0,0,6,8,215,2,27,2,5,12,4,7,11,6,4,1,0,1,15,0
59,18,5,29,3,0,0,3,1,0,0,11,4,0,0,6,8,215,3,26,2,4,13,3,6,10,5,3,1,0,1,13,0
43,17,4,27,3,0,0,2,1,0,0,9,6,0,0,6,8,215,2,26,2,4,13,2,5,9,5,2,1,0,2,12,45
-73,16,5,39,3,0,0,2,1,0,0,14,1,0,0,6,8,215,2,25,2,5,14,3,4,9,5,2,1,0,1,15,30
78,15,5,31,4,0,0,2,0,0,0,8,7,0,0,6,8,215,2,24,2,6,16,3,4,13,5,3,1,0,1,13,15
-4,15,6,32,3,0,0,2,0,0,0,7,8,0,0,6,8,215,2,24,2,6,16,2,3,12,4,2,1,0,1,13,30
33,13,6,25,3,0,0,2,0,0,0,5,10,0,0,6,8,215,1,23,4,8,16,1,5,13,5,4,1,0,2,12,30
17,10,6,24,4,0,0,3,1,0,0,4,11,0,0,6,8,215,1,19,4,9,15,4,6,15,8,6,1,0,2,12,15
11,8,6,29,5,0,0,3,2,0,0,0,15,0,0,6,8,215,2,16,4,9,13,4,10,18,9,6,1,0,1,13,0
51,7,5,17,4,0,0,4,2,0,0,7,8,0,0,6,8,215,2,15,5,8,13,4,10,17,9,7,1,0,2,11,30
42,7,5,21,4,0,0,3,2,0,0,5,10,0,0,6,8,215,2,15,5,8,13,3,9,17,8,6,1,0,1,12,0
22,6,4,15,4,0,0,4,2,0,0,3,12,0,0,6,8,215,2,13,5,7,13,7,10,20,9,7,1,0,2,11,15
-32,6,4,19,5,0,0,4,2,0,0,14,1,0,0,6,8,215,3,11,4,6,11,6,9,19,9,7,1,0,3,11,45
-29,3,2,17,6,0,0,5,1,0,0,1,14,0,0,6,8,215,2,9,3,5,9,6,10,18,11,7,1,0,2,11,30
-36,3,2,25,5,0,0,5,1,0,0,14,1,0,0,6,8,215,2,9,3,6,9,5,9,18,10,6,1,0,2,12,30
3,3,2,21,5,0,0,4,1,0,0,12,3,0,0,6,8,215,2,9,3,6,9,4,9,17,9,5,1,0,1,12,0
5,3,2,21,5,0,0,3,1,0,0,11,4,0,0,6,8,215,2,9,3,6,9,3,8,16,8,4,1,0,1,12,0
19,2,1,14,6,0,0,3,0,0,0,4,11,0,0,6,8,215,2,8,2,5,8,3,7,16,8,5,1,0,2,11,0
6,2,2,19,6,0,0,3,0,0,0,10,5,0,0,6,8,215,3,7,2,5,7,3,8,16,7,4,1,1,3,11,45
8,2,2,15,5,0,0,3,1,0,0,6,9,0,0,6,8,215,2,6,3,6,6,5,12,16,8,4,1,1,2,11,15
32,2,2,8,4,0,0,3,1,0,0,4,11,0,0,6,8,215,2,6,3,6,6,4,11,15,7,3,1,1,2,10,15
66,1,1,4,4,0,1,3,1,0,0,6,9,0,0,6,8,215,2,4,2,4,4,6,10,14,8,4,1,1,2,9,45
80,1,1,8,3,0,1,3,1,0,0,2,13,0,0,6,8,215,2,4,2,4,4,7,9,13,7,3,1,1,2,10,15
25,1,1,10,3,0,1,2,2,0,0,13,2,0,0,6,8,215,3,3,2,3,3,7,9,12,6,3,1,1,2,10,30
28,0,0,1,3,0,0,2,2,0,0,2,13,0,0,6,8,215,1,3,3,3,3,7,10,11,7,5,0,1,2,9,25
50,0,0,4,3,0,0,1,2,0,0,2,13,0,0,6,8,215,1,3,3,3,3,6,9,10,6,4,0,0,2,9,45
-62,0,0,12,4,0,0,0,2,0,0,7,3,0,0,6,8,215,1,2,2,2,2,5,8,9,6,4,0,0,1,10,45
-6,0,0,6,4,0,0,0,1,0,0,4,6,0,0,6,8,215,1,2,2,2,2,4,7,8,5,3,0,0,2,10,0
-26,0,0,12,3,0,0,0,1,0,0,3,7,0,0,6,8,215,1,2,2,2,2,3,6,7,4,3,0,0,1,10,45
4,0,0,2,2,0,0,0,1,0,0,1,9,0,0,6,8,215,1,2,2,2,2,2,6,6,3,3,0,0,2,9,30
-10,0,0,10,1,0,0,1,1,0,0,0,3,0,0,6,8,215,1,1,1,1,1,2,5,5,3,3,0,0,2,10,30
-31,0,0,2,1,0,0,1,1,0,0,0,31,0,0,6,8,215,0,0,0,0,0,4,4,4,4,2,0,0,2,9,30
-231,0,0,27,1,0,0,0,1,0,0,0,39,0,0,6,8,215,0,0,0,0,0,3,3,3,3,2,0,0,2,12,45
-31,0,0,6,1,0,0,0,0,0,0,0,42,0,0,6,8,215,0,0,0,0,0,2,2,2,2,2,0,0,2,10,0
-1,0,0,0,0,0,0,0,0,0,0,0,58,0,1,6,8,215,0,0,0,0,0,1,1,1,1,1,0,0,1,9,15
29,29,4,40,1,0,0,1,0,0,0,1,29,0,0,5,8,214,0,41,3,8,13,2,4,11,3,2,6,1,1,16,45
-16,29,6,43,3,0,0,0,0,0,0,0,15,1,0,5,8,214,2,39,4,8,12,3,4,10,2,2,6,2,1,17,30
-11,28,5,40,3,0,0,0,0,0,0,0,15,0,0,5,8,214,1,38,5,8,11,2,3,10,3,3,6,2,1,16,45
2,28,5,42,2,0,0,0,0,0,0,14,1,0,0,5,8,214,1,38,5,8,11,1,3,9,2,2,5,2,1,17,0
11,25,3,37,2,0,2,1,0,0,1,13,2,0,0,5,8,214,2,33,3,5,6,2,7,12,5,1,4,3,2,16,15
78,23,2,29,2,0,2,3,1,0,0,14,1,0,0,5,8,214,2,30,2,3,6,6,7,12,7,2,4,3,1,15,0
16,23,2,33,3,0,1,3,1,0,0,9,6,0,0,5,8,214,3,29,1,2,5,5,7,11,6,2,3,3,2,15,45
1,23,2,38,2,0,1,3,1,0,0,2,13,0,0,5,8,214,2,29,2,2,6,4,7,10,6,2,3,2,2,16,30
41,22,1,30,3,0,1,2,1,0,0,8,7,0,0,5,8,214,2,28,1,1,5,4,7,9,6,2,2,2,2,15,15
-21,22,1,38,2,0,1,2,1,0,0,6,9,0,0,5,8,214,2,28,1,1,5,3,6,8,5,1,2,1,2,16,30
18,22,1,31,2,0,0,2,1,0,0,1,14,0,0,5,8,214,2,28,1,1,5,2,5,7,4,1,2,1,2,15,30
-68,21,0,35,2,0,0,2,1,0,0,8,7,0,0,5,8,214,1,27,0,1,8,4,5,8,5,1,1,1,1,16,0
-6,21,1,31,2,0,0,1,1,0,0,11,4,0,0,5,8,214,1,27,0,3,10,4,5,8,4,1,1,0,2,15,30
-18,21,1,35,2,0,0,0,1,0,0,5,10,0,0,5,8,214,1,27,1,3,11,3,4,7,3,1,1,0,1,16,0
29,21,1,26,1,0,0,0,1,0,0,44,1,0,0,5,8,214,1,27,1,4,12,2,3,6,2,1,1,0,1,14,15
25,21,2,28,1,0,0,0,0,0,0,29,16,0,0,5,8,214,1,27,3,4,14,2,2,7,1,1,1,0,1,14,45
-40,21,4,27,1,0,0,0,0,0,0,8,37,0,0,5,8,214,1,26,3,7,15,1,3,9,1,0,1,0,1,14,30
-6,19,6,25,4,0,0,0,0,0,0,10,5,0,0,5,8,214,1,22,5,9,19,3,7,12,4,2,1,0,1,13,30
9,19,7,23,4,0,0,0,0,0,1,6,9,0,0,5,8,214,3,20,4,8,18,2,6,12,3,2,1,0,1,13,0
-2,17,7,24,4,0,0,0,0,0,1,6,9,0,0,5,8,214,2,19,5,10,18,1,6,13,4,2,1,0,1,13,15
10,13,8,18,5,0,0,2,0,0,2,6,9,0,0,5,8,214,2,14,5,9,14,5,8,14,8,3,1,1,2,12,15
19,13,9,18,4,0,0,2,0,0,2,2,13,0,0,5,8,214,2,14,5,11,14,6,7,13,7,3,1,1,2,12,15
41,13,10,16,4,0,0,2,0,0,2,12,3,0,0,5,8,214,2,13,5,10,13,6,7,13,7,3,1,1,2,12,0
95,13,10,16,3,0,0,2,0,0,2,10,5,0,0,5,8,214,2,13,5,10,13,5,6,12,6,3,1,1,2,12,0
-22,11,9,20,3,0,1,2,0,0,2,14,1,0,0,5,8,214,2,11,5,10,11,4,7,12,7,3,1,1,1,12,30
37,10,9,14,4,0,1,3,0,0,1,5,10,0,0,5,8,214,3,9,4,8,9,3,7,13,7,3,1,1,2,11,45
-47,9,8,22,4,0,1,3,0,0,0,3,12,0,0,5,8,214,2,9,6,8,9,2,6,12,7,3,0,1,1,12,45
14,9,8,20,3,0,1,3,0,0,0,1,14,0,0,5,8,214,2,9,6,9,9,1,5,11,6,2,0,0,1,12,30
19,4,4,10,7,0,1,4,0,0,0,1,14,0,0,5,8,214,2,3,3,3,3,4,6,13,11,4,0,0,2,11,15
48,3,3,12,8,0,1,3,0,0,0,9,6,0,0,5,8,214,2,2,2,2,2,3,6,12,11,4,0,0,2,11,30
8,2,2,14,7,0,1,3,0,0,0,2,13,0,0,5,8,214,1,2,2,2,2,2,6,12,11,5,0,0,2,11,45
30,1,1,6,6,0,2,3,0,0,0,7,8,0,0,5,8,214,1,1,1,1,1,3,7,12,11,6,0,0,2,10,45
16,0,0,12,5,0,2,3,0,0,1,12,3,0,0,5,8,214,0,0,0,0,0,4,8,11,12,7,0,0,2,11,30
29,0,0,8,4,0,2,3,0,0,1,7,8,0,0,5,8,214,0,0,0,0,0,5,7,11,11,7,0,0,2,11,0
-281,0,0,33,3,0,2,3,0,0,1,0,15,0,0,5,8,214,0,0,0,0,0,4,7,10,10,7,0,0,2,15,45
43,0,0,3,2,0,2,3,0,0,1,7,8,0,0,5,8,214,0,0,0,0,0,4,6,9,9,6,0,0,2,10,15
49,0,0,4,2,0,2,2,0,0,1,0,5,0,0,5,8,214,0,0,0,0,0,4,7,8,8,6,0,0,2,10,30
27,0,0,10,2,0,2,1,0,0,1,0,6,0,0,5,8,214,0,0,0,0,0,3,6,7,7,6,0,0,2,11,15
42,0,0,0,2,0,1,1,0,0,1,0,21,0,1,5,8,214,0,0,0,0,0,3,5,6,6,5,0,0,2,9,45
33,0,0,4,2,0,1,0,0,0,1,0,23,0,0,5,8,214,0,0,0,0,0,2,4,5,5,4,0,0,2,10,30
-26,0,0,6,2,0,1,0,0,0,0,0,41,0,0,5,8,214,0,0,0,0,0,3,4,4,4,3,0,0,2,10,45
48,0,0,1,1,0,1,0,0,0,0,0,57,0,0,5,8,214,0,0,0,0,0,2,3,3,3,2,0,0,1,10,0
23,0,0,8,1,0,0,0,0,0,0,0,59,0,0,5,8,214,0,0,0,0,0,1,2,2,2,1,0,0,2,11,0
40,0,0,1,0,0,0,0,0,0,0,0,97,0,0,5,8,214,0,0,0,0,0,1,1,1,1,1,0,0,1,10,0
67,29,2,40,4,0,1,1,0,0,0,8,7,0,0,4,8,213,1,40,2,6,10,5,6,10,6,2,5,3,1,16,30
32,28,2,43,4,0,0,1,0,0,0,21,9,0,0,4,8,213,0,40,3,7,12,5,8,9,6,3,5,2,1,16,45
36,28,2,44,3,0,0,1,0,0,0,20,10,0,0,4,8,213,0,40,3,7,12,4,7,9,5,3,4,2,2,17,0
20,28,2,45,2,0,1,1,0,0,0,17,13,1,0,4,8,213,1,39,3,6,11,3,6,8,4,2,3,1,1,17,30
-27,28,2,45,1,0,2,1,0,0,0,8,22,1,0,4,8,213,2,38,4,5,10,2,5,7,3,1,3,0,1,17,30
15,28,3,40,1,0,2,1,0,0,0,14,1,0,0,4,8,213,3,37,4,5,10,3,5,8,2,1,3,0,1,16,30
10,27,3,36,2,0,2,1,0,0,1,3,12,0,0,4,8,213,4,34,2,4,9,4,4,10,3,2,3,0,2,15,45
27,26,2,38,3,0,2,0,0,0,1,0,15,0,0,4,8,213,3,33,1,3,9,3,3,9,4,1,3,0,3,16,0
-14,26,2,36,3,0,2,0,0,0,0,22,8,0,0,4,8,213,3,33,1,4,9,2,2,8,3,0,3,0,2,15,45
-50,25,2,40,3,0,2,0,0,0,0,4,26,0,0,4,8,213,3,32,2,4,8,1,3,8,3,1,3,0,1,16,30
-39,24,4,34,6,0,1,0,1,0,0,6,9,0,0,4,8,213,3,28,3,4,10,4,6,9,6,4,3,0,2,15,30
1,23,3,34,5,0,1,0,1,0,0,34,11,0,0,4,8,213,2,28,3,4,13,5,6,11,6,5,3,0,2,15,30
-15,22,2,30,4,0,1,1,1,0,0,29,16,0,0,4,8,213,2,27,3,4,12,4,6,10,6,5,3,1,2,14,45
20,22,3,29,3,0,1,1,1,0,1,22,23,0,0,4,8,213,3,26,2,3,11,3,6,10,5,4,3,2,2,14,30
4,22,3,32,3,0,1,1,1,0,1,20,25,0,0,4,8,213,4,25,1,2,10,2,5,9,4,3,3,2,2,15,0
-58,22,4,30,3,0,1,1,1,0,0,12,33,0,0,4,8,213,3,25,1,5,13,2,4,10,4,2,3,2,2,14,45
28,20,5,24,3,0,1,1,1,0,0,12,18,0,0,4,8,213,0,24,4,9,16,3,4,11,7,3,3,2,1,13,0
-89,20,7,38,3,0,1,1,1,0,0,2,28,0,0,4,8,213,1,23,5,8,17,2,5,11,6,2,2,2,3,16,0
64,20,7,24,3,0,1,1,0,0,0,11,4,0,0,4,8,213,1,23,5,8,18,1,4,11,5,1,1,1,1,13,0
31,15,7,27,7,0,1,2,0,0,0,2,13,0,0,4,8,213,1,17,4,8,15,6,8,13,10,3,1,0,1,13,30
15,14,7,21,7,0,1,3,0,0,0,10,5,0,0,4,8,213,2,15,3,7,13,5,7,14,10,3,1,0,2,12,30
-94,14,7,32,6,0,1,3,0,0,0,7,8,0,0,4,8,213,2,15,3,7,13,5,6,15,9,2,1,0,2,15,0
7,13,8,22,5,0,1,3,0,0,0,10,5,0,0,4,8,213,1,15,4,10,13,5,8,16,9,3,1,0,3,12,45
12,12,7,18,4,0,1,3,0,0,0,4,11,0,0,4,8,213,0,15,6,10,14,4,7,16,9,4,1,0,1,12,0
55,12,7,22,5,0,1,2,0,0,0,4,11,0,0,4,8,213,1,13,5,9,13,3,6,15,8,4,1,0,3,12,45
-25,11,8,24,5,0,1,3,0,0,0,10,5,0,0,4,8,213,2,12,4,9,12,2,6,15,8,5,1,0,1,13,0
-54,9,6,28,5,0,0,3,0,0,0,4,11,0,0,4,8,213,0,12,5,10,12,2,5,14,9,6,1,0,1,14,15
53,6,4,16,8,0,0,3,0,0,1,4,26,0,0,4,8,213,1,7,5,5,7,4,9,17,12,7,1,1,2,11,45
-54,5,3,20,9,0,0,3,0,0,0,11,4,0,0,4,8,213,1,5,4,4,6,3,10,16,12,8,1,1,1,12,15
21,5,3,18,9,0,0,3,0,0,0,11,4,0,0,4,8,213,2,5,3,3,5,2,9,15,11,8,1,1,1,12,0
35,3,2,16,11,0,0,2,0,0,0,10,5,0,0,4,8,213,2,3,1,3,3,3,10,16,12,10,1,1,2,11,45
-7,2,2,11,11,0,0,2,0,0,0,6,9,0,0,4,8,213,0,2,0,2,2,8,10,16,14,10,1,1,2,10,45
43,2,2,13,10,0,0,2,0,0,0,14,1,0,0,4,8,213,0,2,2,2,2,8,10,15,13,9,1,1,1,11,0
64,2,2,9,10,0,0,1,0,0,0,10,5,0,0,4,8,213,0,2,2,2,2,7,11,14,12,8,0,1,2,10,30
23,2,2,13,9,0,0,1,0,0,0,9,6,0,0,4,8,213,0,2,2,2,2,6,10,13,11,7,0,0,1,11,0
139,2,2,3,9,0,0,0,0,0,0,8,7,0,0,4,8,213,0,2,2,2,2,5,9,12,10,6,0,0,2,9,45
56,2,2,7,8,0,0,0,0,0,0,2,13,0,0,4,8,213,0,2,2,2,2,4,8,11,9,5,0,0,2,10,15
95,2,2,7,7,0,0,0,0,0,0,13,2,0,0,4,8,213,0,2,2,2,2,4,7,10,8,5,0,0,2,10,15
6,2,2,15,6,0,0,0,0,0,0,7,8,0,0,4,8,213,0,2,2,2,2,3,7,9,7,4,0,0,2,11,30
80,2,2,3,6,0,0,0,0,0,0,0,15,0,0,4,8,213,1,1,1,1,1,3,6,8,6,3,0,0,2,9,45
46,1,1,5,6,0,0,0,0,0,0,2,13,0,0,4,8,213,1,0,0,0,0,4,7,7,6,3,0,0,2,10,0
-19,0,0,11,5,0,0,0,0,0,0,4,11,0,0,4,8,213,0,0,0,0,0,4,6,6,6,2,0,0,2,10,45
89,0,0,1,4,0,0,0,0,0,0,0,2,0,0,4,8,213,0,0,0,0,0,4,5,5,5,2,0,0,2,9,30
11,0,0,1,3,0,0,0,0,0,0,0,4,0,0,4,8,213,0,0,0,0,0,3,4,4,4,1,0,0,2,9,30
16,0,0,9,2,0,0,0,0,0,0,0,22,0,0,4,8,213,0,0,0,0,0,3,3,3,3,1,0,0,2,10,30
32,0,0,5,1,0,0,0,0,0,0,0,30,0,0,4,8,213,0,0,0,0,0,2,2,2,2,0,0,0,2,10,0
8,0,0,0,0,0,0,0,0,0,0,0,42,0,1,4,8,213,0,0,0,0,0,1,1,1,1,0,0,0,2,9,15
18,30,5,47,1,0,0,0,0,0,1,22,8,1,0,3,7,212,2,45,1,5,11,1,2,9,1,0,4,1,1,17,15
14,28,5,45,2,0,0,0,0,0,1,26,4,0,0,3,7,212,2,43,5,8,9,1,5,10,2,0,4,1,1,16,45
-3,24,2,41,6,0,1,1,0,0,1,3,12,0,0,3,7,212,1,36,2,2,5,7,8,12,9,5,3,2,2,16,0
23,24,2,39,5,0,1,1,0,0,1,2,13,0,0,3,7,212,1,36,2,2,5,6,8,11,8,4,3,2,2,15,45
30,24,2,43,6,0,1,1,0,0,0,13,2,0,0,3,7,212,2,35,1,1,4,5,7,11,7,4,3,2,2,16,30
-10,23,1,41,6,0,0,1,0,0,0,12,3,0,0,3,7,212,1,35,1,1,5,4,6,10,7,4,3,2,2,16,0
-25,23,1,45,5,0,0,1,0,0,0,4,11,0,0,3,7,212,1,35,1,1,5,3,5,9,6,3,3,2,1,16,45
38,23,1,39,4,0,0,1,0,0,0,2,13,0,0,3,7,212,1,35,1,1,5,2,5,8,5,3,2,3,2,15,45
39,23,1,38,3,0,1,1,0,0,0,8,7,0,0,3,7,212,2,34,0,0,6,2,5,7,4,2,2,2,2,15,30
-48,22,1,43,2,0,1,1,0,0,0,23,7,0,0,3,7,212,0,34,0,3,10,4,4,6,5,4,2,2,2,16,30
-3,22,1,36,2,0,0,1,0,0,0,17,13,0,0,3,7,212,0,34,1,3,10,3,4,6,4,3,1,2,1,15,0
51,22,1,34,2,0,0,0,0,0,0,2,28,0,0,3,7,212,0,34,2,4,14,2,4,7,3,2,0,1,1,14,45
11,22,3,34,1,0,0,0,0,0,0,41,4,0,0,3,7,212,0,34,2,4,15,1,3,6,2,1,0,0,1,14,45
12,21,4,37,1,0,1,0,1,0,0,4,41,0,0,3,7,212,1,31,3,7,17,2,3,9,3,1,0,0,1,15,15
-33,21,4,33,1,0,0,0,1,0,0,0,45,0,0,3,7,212,1,31,4,8,18,1,2,8,2,1,0,0,2,14,15
12,17,8,32,4,0,3,0,1,0,0,5,10,0,0,3,7,212,3,24,6,10,16,3,7,13,6,5,0,0,1,13,30
14,16,9,28,5,0,3,0,1,0,0,11,4,0,0,3,7,212,3,22,6,9,15,3,6,13,7,6,0,0,2,12,45
-6,15,8,30,6,0,2,0,1,0,0,5,10,0,0,3,7,212,3,21,5,8,15,2,7,13,7,5,0,0,1,13,0
42,13,7,26,6,0,2,2,1,0,0,5,10,0,0,3,7,212,4,18,4,8,13,4,7,15,8,4,0,0,2,12,30
12,11,6,24,7,0,2,2,1,0,0,5,10,0,0,3,7,212,4,16,3,8,15,5,8,17,9,3,0,0,2,12,15
57,9,4,20,8,0,2,2,1,0,0,0,15,0,0,3,7,212,4,14,2,6,13,4,8,16,10,3,0,0,2,11,45
6,9,5,24,8,0,1,2,1,0,0,9,6,0,0,3,7,212,4,14,4,6,13,4,7,17,9,3,0,0,2,12,15
30,7,4,18,9,0,1,1,1,0,0,8,7,0,0,3,7,212,3,13,3,6,13,4,8,17,10,4,0,0,2,11,30
47,7,4,26,9,0,1,1,0,0,0,6,9,0,0,3,7,212,3,13,5,6,13,3,7,17,9,4,0,0,2,12,30
20,6,3,18,9,0,0,2,0,0,0,12,3,0,0,3,7,212,2,11,4,7,12,4,8,17,10,4,0,0,2,11,30
-11,5,4,28,8,0,0,3,1,0,0,2,13,0,0,3,7,212,3,10,2,7,10,3,8,18,10,3,0,0,2,12,45
19,5,4,16,9,0,0,3,1,0,0,6,9,0,0,3,7,212,4,8,2,7,8,4,10,18,10,2,0,0,2,11,15
34,5,4,16,8,0,0,3,1,0,0,3,12,0,0,3,7,212,4,8,2,7,8,5,9,18,9,2,0,0,2,11,15
10,4,3,22,8,0,1,2,1,0,0,14,1,0,0,3,7,212,3,7,4,6,7,5,11,18,10,3,0,0,2,12,0
90,3,2,10,7,0,1,2,1,0,0,8,7,0,0,3,7,212,2,7,6,6,7,6,10,17,10,4,0,0,2,10,30
-40,3,3,22,7,0,1,2,1,0,0,5,10,0,0,3,7,212,2,6,5,6,6,6,10,16,10,4,0,0,2,12,0
90,3,3,3,6,0,1,2,1,0,0,3,12,0,0,3,7,212,2,6,5,6,6,5,9,15,9,3,0,0,2,9,45
-2,1,1,14,7,0,1,2,0,0,0,6,9,0,0,3,7,212,1,5,4,5,5,7,10,15,10,4,0,0,2,11,0
30,1,1,20,8,0,2,2,0,0,0,12,3,0,0,3,7,212,3,2,1,2,2,6,10,15,10,5,0,0,2,11,45
-9,1,1,10,8,0,1,2,0,0,0,10,5,0,0,3,7,212,2,2,1,2,2,5,10,14,10,5,0,0,2,10,30
50,1,1,12,7,0,1,3,0,0,0,8,7,0,0,3,7,212,3,1,1,1,1,4,9,13,9,5,0,0,2,10,45
28,1,1,8,6,0,1,3,0,0,0,13,2,0,0,3,7,212,2,1,1,1,1,5,10,12,9,5,0,0,2,10,15
-11,1,1,8,5,0,1,3,0,0,0,11,4,0,0,3,7,212,2,1,1,1,1,5,9,11,8,5,0,0,2,10,15
9,1,1,6,4,0,1,3,0,0,0,8,7,0,0,3,7,212,2,1,1,1,1,4,8,10,7,4,0,0,2,10,0
24,1,1,6,4,0,1,2,0,0,1,7,8,0,0,3,7,212,2,0,0,0,0,5,7,9,7,4,0,0,2,10,0
42,0,0,1,3,0,1,2,0,0,1,1,14,0,0,3,7,212,1,0,0,0,0,5,6,8,7,4,0,0,3,9,30
-134,0,0,30,2,0,1,2,0,0,1,0,3,0,0,3,7,212,1,0,0,0,0,5,5,7,6,4,0,0,1,13,0
-1,0,0,3,2,0,0,2,0,0,1,0,9,0,0,3,7,212,0,0,0,0,0,4,5,6,6,3,0,0,2,9,45
-37,0,0,3,1,0,0,2,0,0,1,0,19,0,0,3,7,212,0,0,0,0,0,3,5,5,5,2,0,0,2,9,45
-49,0,0,12,0,0,0,2,0,0,1,0,27,0,0,3,7,212,0,0,0,0,0,2,4,4,4,2,0,0,2,10,45
93,0,0,1,0,0,0,1,0,0,1,0,29,0,0,3,7,212,0,0,0,0,0,1,3,3,3,2,0,0,3,9,30
-93,0,0,14,0,0,0,0,0,0,1,0,66,0,0,3,7,212,0,0,0,0,0,2,2,2,2,2,0,0,2,11,0
5,0,0,0,0,0,0,0,0,0,0,0,72,0,1,3,7,212,0,0,0,0,0,1,1,1,1,1,0,0,2,9,15
136,29,1,43,0,0,0,0,0,0,0,23,0,0,0,2,7,211,0,54,3,3,9,1,1,6,1,0,7,0,1,15,45
22,27,2,51,1,0,0,1,0,0,1,11,4,0,0,2,7,211,1,50,5,6,15,2,5,11,3,2,6,2,1,17,0
13,26,1,46,4,0,1,1,0,0,0,23,7,0,0,2,7,211,3,46,1,5,12,4,6,12,4,2,5,2,2,16,30
-17,25,1,49,4,0,0,2,0,0,0,9,21,0,0,2,7,211,2,45,1,6,12,3,7,14,5,3,5,2,2,16,45
-23,25,1,49,3,0,0,2,0,0,0,2,28,0,0,2,7,211,2,45,2,8,13,3,7,13,4,3,5,2,2,16,45
-19,25,1,53,2,0,0,2,0,0,0,12,3,0,0,2,7,211,1,45,3,8,14,3,6,12,4,2,5,2,1,17,15
26,25,4,45,2,0,0,2,0,0,0,8,7,0,0,2,7,211,1,44,5,9,15,4,7,12,4,1,4,2,3,16,0
-94,25,4,54,2,0,0,2,0,0,0,0,15,1,0,2,7,211,1,43,6,8,16,4,6,11,4,1,4,1,1,17,30
-29,25,5,46,4,0,0,2,0,0,1,0,15,0,0,2,7,211,4,39,3,6,13,4,8,12,4,1,3,2,2,16,30
49,24,4,41,3,0,0,2,0,0,1,9,6,0,0,2,7,211,3,39,4,6,13,4,8,11,4,2,3,1,2,15,30
-23,24,4,43,3,0,0,1,0,0,1,7,8,0,0,2,7,211,3,39,4,6,13,3,7,11,3,1,3,1,1,15,45
-58,22,4,46,4,0,0,2,0,0,1,3,12,0,0,2,7,211,3,36,3,6,12,5,7,12,5,2,3,1,2,16,30
-30,21,4,41,4,0,1,2,0,0,0,9,6,0,0,2,7,211,3,35,2,6,13,5,6,11,5,2,3,1,2,15,30
55,21,5,34,3,0,1,2,0,0,0,13,2,0,0,2,7,211,2,35,4,8,14,4,6,13,5,2,3,1,1,14,15
49,20,4,33,2,0,1,4,0,0,0,5,10,0,0,2,7,211,3,33,2,7,12,4,6,12,5,1,2,2,1,14,0
18,20,4,35,1,0,1,4,0,0,0,3,12,0,0,2,7,211,3,33,3,7,12,3,5,11,4,1,2,1,1,14,30
12,20,4,36,1,0,1,3,0,0,0,14,1,0,0,2,7,211,2,33,3,7,14,2,4,10,4,1,2,1,2,14,45
-43,19,4,37,3,0,1,2,0,0,0,23,7,0,0,2,7,211,3,31,5,7,13,2,5,12,4,2,2,1,2,15,0
-81,16,3,37,3,0,4,2,0,0,0,13,2,0,0,2,7,211,3,27,3,6,11,4,8,13,7,5,2,1,2,15,0
-42,16,3,39,3,0,4,2,0,0,0,8,7,0,0,2,7,211,4,26,2,5,11,3,7,13,6,4,1,1,2,15,15
70,16,3,30,3,0,3,2,0,0,0,8,7,0,0,2,7,211,4,26,4,7,14,3,7,16,5,3,1,1,1,13,15
63,15,2,28,3,0,3,1,0,0,0,4,11,0,0,2,7,211,2,26,5,7,16,3,6,15,6,4,1,1,2,13,0
22,15,4,32,3,0,3,2,0,0,0,7,8,0,0,2,7,211,3,24,3,7,15,4,7,16,6,4,1,1,1,13,30
-138,13,3,39,4,0,3,2,1,0,0,6,9,0,0,2,7,211,3,21,2,5,13,4,8,16,8,5,1,1,2,15,15
47,13,4,28,3,0,3,2,1,0,0,2,13,0,0,2,7,211,3,21,2,5,13,4,7,17,7,4,1,1,2,13,0
88,13,4,19,3,0,2,2,1,0,0,1,14,0,0,2,7,211,3,21,2,5,13,3,6,16,6,4,1,1,2,12,0
51,13,5,21,4,0,1,2,2,0,0,14,1,0,0,2,7,211,3,19,3,7,12,4,8,16,7,3,0,1,3,12,15
-6,13,7,26,4,0,1,1,2,0,0,3,12,0,0,2,7,211,2,19,3,9,13,4,9,17,7,4,0,0,2,12,45
-17,11,5,23,4,0,0,1,2,0,0,0,15,0,0,2,7,211,0,19,3,9,13,3,9,16,8,4,0,0,2,12,30
-16,10,5,26,5,0,1,1,2,0,0,14,1,0,0,2,7,211,1,16,4,8,13,5,9,17,9,4,0,0,2,12,45
15,10,5,23,5,0,1,0,2,0,0,13,2,0,0,2,7,211,1,16,4,8,14,5,8,16,8,4,0,0,2,12,30
106,9,6,12,4,0,1,0,2,0,0,11,4,0,0,2,7,211,0,16,7,8,15,7,10,15,8,3,0,0,2,11,0
1,9,6,17,4,0,0,1,3,0,0,6,9,0,0,2,7,211,2,14,6,7,14,6,10,14,7,3,0,0,2,11,45
-10,9,6,23,4,0,0,1,2,0,0,5,10,0,0,2,7,211,2,14,6,7,14,5,9,13,6,2,0,0,2,12,30
-9,8,5,30,4,0,0,2,2,0,0,13,2,0,0,2,7,211,3,12,4,5,12,4,9,15,6,2,0,0,1,13,15
0,8,5,19,3,0,0,2,2,0,0,9,6,0,0,2,7,211,3,12,4,5,12,4,8,14,5,1,0,0,2,12,0
20,6,3,14,4,0,0,2,2,0,0,1,14,0,0,2,7,211,3,10,2,4,10,5,8,13,6,2,0,0,1,11,15
17,6,3,17,5,0,0,2,1,0,0,12,3,0,0,2,7,211,3,9,1,4,9,4,7,12,6,3,0,0,2,11,45
-27,4,3,21,5,0,0,2,1,0,0,11,4,0,0,2,7,211,2,8,1,6,8,5,8,12,7,3,0,0,3,12,15
38,3,2,8,4,0,0,2,1,0,0,3,12,0,0,2,7,211,1,8,2,7,8,5,7,11,7,4,0,0,2,10,30
29,3,2,10,4,0,0,1,1,0,0,3,12,0,0,2,7,211,1,8,2,7,8,4,6,10,6,4,0,0,2,10,45
-33,3,2,16,4,0,0,1,1,0,0,8,7,0,0,2,7,211,1,7,3,7,7,4,5,9,6,4,0,0,2,11,30
-43,3,3,14,4,0,0,0,1,0,0,14,1,0,0,2,7,211,1,7,4,7,7,4,7,11,5,3,0,0,1,11,15
24,3,3,10,4,0,1,0,0,0,0,4,11,0,0,2,7,211,2,6,5,6,6,3,6,11,4,3,0,0,2,10,45
26,3,3,6,3,0,1,1,0,0,0,10,5,0,0,2,7,211,1,5,5,5,5,2,6,10,5,3,0,0,2,10,15
56,3,3,5,2,0,1,2,0,0,0,4,11,0,0,2,7,211,2,4,4,4,4,2,5,10,4,3,0,0,2,10,0
19,1,1,1,6,0,1,1,0,0,0,19,11,0,0,2,7,211,2,0,0,0,0,4,6,9,7,4,0,0,2,9,30
3,1,1,8,5,0,1,1,0,0,0,18,12,0,0,2,7,211,2,0,0,0,0,3,6,8,6,3,0,0,2,10,30
-11,0,0,6,4,0,1,1,0,0,0,16,14,0,0,2,7,211,0,0,0,0,0,2,5,7,7,3,0,0,2,10,15
-424,0,0,51,4,0,0,1,0,0,0,0,5,0,0,2,7,211,0,0,0,0,0,1,5,6,6,3,0,0,1,17,0
18,0,0,0,3,0,0,1,0,0,0,0,38,0,1,2,7,211,0,0,0,0,0,4,5,5,5,2,0,0,2,9,0
-19,0,0,3,2,0,0,1,0,0,0,0,38,0,0,2,7,211,0,0,0,0,0,3,4,4,4,2,0,0,1,9,45
12,0,0,1,1,0,0,1,0,0,0,0,42,0,0,2,7,211,0,0,0,0,0,3,3,3,3,2,0,0,2,9,30
-27,0,0,3,0,0,0,1,0,0,0,0,52,0,0,2,7,211,0,0,0,0,0,2,2,2,2,2,0,0,1,9,45
-78,0,0,12,0,0,0,0,0,0,0,0,69,0,0,2,7,211,0,0,0,0,0,1,1,1,1,1,0,0,2,11,0
316,25,2,23,0,0,0,0,0,0,0,43,0,0,0,6,7,208,0,41,1,3,6,1,2,5,1,1,5,0,1,13,0
-3,24,2,41,2,0,0,0,0,0,0,19,11,1,0,6,7,208,1,38,1,3,8,2,4,8,2,1,5,2,1,17,30
33,23,2,39,1,0,0,0,0,0,0,7,23,0,0,6,7,208,0,38,1,3,10,2,3,7,2,2,4,2,1,17,0
18,22,2,39,1,0,0,0,0,0,0,14,1,0,0,6,7,208,0,37,2,5,10,2,3,9,2,2,4,1,1,17,0
10,22,2,37,0,0,0,0,0,0,0,2,13,0,0,6,7,208,0,37,2,5,10,1,3,8,1,1,3,2,2,16,45
-15,20,3,35,1,0,1,1,0,0,1,1,14,0,0,6,7,208,1,32,3,5,7,4,6,10,4,4,3,2,2,16,30
8,20,3,33,1,0,0,1,0,0,1,12,3,0,0,6,7,208,1,32,4,5,7,3,6,9,3,3,2,2,1,15,45
9,20,3,34,2,0,0,0,0,0,1,0,15,0,0,6,7,208,1,31,3,4,7,3,5,8,3,3,2,1,2,16,0
-55,20,3,37,2,0,0,0,0,0,0,14,1,0,0,6,7,208,1,31,3,4,7,2,4,7,2,2,2,1,2,16,45
4,17,0,31,4,0,0,0,0,0,0,0,15,0,0,6,7,208,1,28,1,1,10,3,6,7,4,3,1,1,1,15,15
-52,17,0,35,3,0,0,0,0,0,0,11,4,0,0,6,7,208,1,28,1,2,10,3,5,6,3,2,1,0,2,16,30
7,17,0,29,3,0,0,0,0,0,0,0,15,0,0,6,7,208,1,27,0,2,9,3,4,5,3,2,1,0,1,15,0
-7,17,0,27,2,0,0,0,0,0,0,13,17,0,0,6,7,208,0,27,1,3,10,3,3,7,3,1,1,0,2,14,45
16,17,0,29,1,0,0,0,0,0,0,8,22,0,0,6,7,208,0,27,1,4,10,2,2,7,2,1,1,0,1,15,0
-41,17,1,32,0,0,0,0,0,0,0,38,7,0,0,6,7,208,0,27,2,9,11,1,2,7,1,1,1,1,1,15,30
-61,16,5,27,3,0,1,0,0,0,0,14,1,0,0,6,7,208,2,22,4,6,11,1,6,11,3,3,0,1,2,14,45
-46,13,2,26,4,0,0,3,0,0,0,12,3,0,0,6,7,208,2,18,2,3,11,5,7,12,6,3,0,0,2,14,15
22,12,1,21,4,0,0,3,0,0,0,10,5,0,0,6,7,208,2,17,1,2,10,4,6,11,6,3,0,0,1,12,45
0,12,1,24,3,0,0,3,0,0,0,10,5,0,0,6,7,208,2,17,1,2,10,3,5,10,5,3,0,0,1,13,15
16,12,2,21,2,0,0,3,0,0,0,9,6,0,0,6,7,208,2,17,1,5,13,2,5,10,4,2,0,0,1,12,45
-48,11,2,25,2,0,0,3,0,0,0,1,14,0,0,6,7,208,2,16,1,5,13,2,6,9,4,3,0,0,1,13,30
36,11,5,18,3,0,0,2,0,0,0,3,12,0,0,6,7,208,1,15,3,8,13,5,7,11,5,4,0,0,2,12,15
-22,11,5,19,2,0,0,2,0,0,0,1,14,0,0,6,7,208,1,15,4,8,13,4,6,10,4,4,0,0,2,12,30
72,11,7,14,3,0,0,2,0,0,0,1,14,0,0,6,7,208,2,13,4,8,11,3,6,12,4,3,0,0,1,11,30
-21,10,7,19,4,0,0,1,0,0,0,5,10,0,0,6,7,208,2,12,4,9,11,4,5,12,4,2,0,0,2,12,30
19,10,7,17,3,0,0,1,0,0,0,4,11,0,0,6,7,208,2,12,4,9,11,3,4,11,3,1,0,0,1,12,0
10,7,5,12,4,0,0,2,0,0,0,26,4,0,0,6,7,208,1,9,4,6,9,3,5,11,6,1,0,0,2,11,15
2,7,5,12,4,0,0,2,0,0,0,21,9,0,0,6,7,208,2,8,4,5,8,2,4,11,5,1,0,0,2,11,15
-10,4,2,16,5,0,0,2,0,0,0,4,26,0,0,6,7,208,1,6,3,4,6,2,7,12,7,1,0,0,1,11,45
7,3,1,8,7,0,0,2,0,0,0,1,14,0,0,6,7,208,2,3,1,3,3,3,7,12,8,3,0,0,2,10,30
-24,2,2,14,6,0,0,2,0,0,0,0,15,0,0,6,7,208,0,3,1,3,3,5,7,12,9,4,0,0,1,11,30
27,2,2,8,7,0,0,1,0,0,0,5,10,0,0,6,7,208,1,2,1,2,2,5,7,11,8,4,0,0,2,10,30
44,2,2,4,6,0,0,1,0,0,0,0,15,0,0,6,7,208,1,2,2,2,2,4,7,10,7,3,0,0,2,10,0
23,2,2,2,5,0,0,1,0,0,0,25,5,0,0,6,7,208,0,2,2,2,2,3,7,9,7,4,0,0,2,9,45
15,2,2,10,5,0,0,0,0,0,0,22,8,0,0,6,7,208,0,2,2,2,2,2,6,8,6,4,0,0,2,11,0
35,2,2,6,4,0,1,0,0,0,0,8,22,0,0,6,7,208,1,1,1,1,1,3,5,7,5,4,0,0,2,10,15
30,0,0,4,4,0,1,0,0,0,0,2,13,0,0,6,7,208,0,0,0,0,0,4,6,6,6,5,0,0,2,10,0
-40,0,0,10,3,0,1,0,0,0,0,0,6,0,0,6,7,208,0,0,0,0,0,3,5,5,5,4,0,0,2,11,0
11,0,0,0,2,0,1,0,0,0,0,0,14,0,1,6,7,208,0,0,0,0,0,3,4,4,4,3,0,0,1,9,0
1,0,0,1,2,0,0,0,0,0,0,0,18,0,0,6,7,208,0,0,0,0,0,2,3,3,3,3,0,0,2,9,15
-14,0,0,6,1,0,0,0,0,0,0,0,43,0,0,6,7,208,0,0,0,0,0,2,2,2,2,2,0,0,2,10,15
-4,0,0,2,0,0,0,0,0,0,0,0,48,0,0,6,7,208,0,0,0,0,0,1,1,1,1,1,0,0,2,9,45
41,25,3,47,1,0,0,1,0,0,0,1,0,1,0,5,7,207,2,45,1,4,12,1,3,8,1,0,5,2,1,17,0
13,23,4,45,3,0,2,0,0,0,0,11,4,0,0,5,7,207,2,41,3,7,9,2,5,11,4,1,5,1,1,16,45
-5,23,5,43,2,0,2,0,0,0,0,3,12,0,0,5,7,207,1,41,5,8,9,1,6,10,4,1,4,2,2,16,30
14,20,3,43,4,0,4,0,0,0,0,13,2,0,0,5,7,207,3,36,3,4,6,5,8,11,6,1,4,1,2,16,30
-9,20,3,42,4,0,3,0,0,0,0,7,8,0,0,5,7,207,3,36,3,4,6,5,7,10,5,0,4,1,2,16,15
2,20,3,41,4,0,2,0,0,0,0,6,9,0,0,5,7,207,3,36,3,4,7,5,6,9,4,0,4,1,1,16,0
2,19,2,36,5,0,1,0,0,0,2,6,9,0,0,5,7,207,5,33,0,1,6,5,6,8,4,0,3,2,2,15,15
16,19,2,38,4,0,1,0,0,0,2,6,9,0,0,5,7,207,5,33,0,1,6,4,5,7,3,0,3,1,1,15,30
-30,18,1,45,3,0,1,0,0,0,2,10,5,0,0,5,7,207,3,33,1,2,7,3,4,7,4,1,3,1,1,16,45
30,18,1,34,2,0,1,0,0,0,2,7,8,0,0,5,7,207,3,33,1,2,8,2,3,6,3,1,3,1,2,15,0
5,18,1,34,1,0,1,0,0,0,2,1,14,0,0,5,7,207,3,33,1,3,9,1,2,5,2,1,3,1,2,15,0
-29,17,0,38,1,0,2,0,0,0,1,43,2,0,0,5,7,207,2,32,2,3,12,1,3,6,3,3,2,1,1,15,30
-29,17,2,32,3,0,1,0,0,0,1,13,32,0,0,5,7,207,4,30,1,7,12,2,3,12,2,2,2,1,2,14,45
26,17,3,30,2,0,1,0,0,0,1,7,38,0,0,5,7,207,3,30,3,8,13,1,2,12,2,2,2,1,1,14,15
-95,17,5,36,5,0,1,0,0,0,1,2,13,0,0,5,7,207,4,26,4,6,13,2,6,14,4,2,1,1,2,15,15
-26,14,3,29,6,0,1,1,1,0,1,3,12,0,0,5,7,207,3,22,2,6,13,5,11,14,8,3,1,0,1,13,30
-14,13,3,26,5,0,1,1,1,0,1,4,11,0,0,5,7,207,2,22,4,7,13,8,11,14,8,4,1,0,1,13,0
-57,13,4,31,5,0,1,1,2,0,1,12,3,0,0,5,7,207,3,20,2,5,13,7,11,14,8,3,1,1,2,14,30
23,12,3,21,4,0,1,1,2,0,1,7,8,0,0,5,7,207,1,20,3,7,15,7,10,14,9,4,1,1,2,12,15
10,12,3,25,3,0,1,1,2,0,1,5,10,0,0,5,7,207,1,20,4,7,15,6,9,13,8,4,1,1,2,12,45
24,12,4,23,3,0,1,1,2,0,1,11,4,0,0,5,7,207,2,19,3,7,15,6,9,12,7,3,1,1,1,12,30
-6,12,4,21,4,0,1,1,1,0,1,10,5,0,0,5,7,207,3,18,2,6,14,5,8,12,6,3,1,1,2,12,15
-206,12,4,40,4,0,0,1,1,0,1,9,6,0,0,5,7,207,3,18,3,6,15,4,7,12,5,2,1,1,1,15,45
-5,12,4,28,3,0,0,1,1,0,1,6,9,0,0,5,7,207,2,18,3,6,15,3,6,11,5,2,1,1,1,13,15
34,11,4,19,4,0,0,1,0,0,1,8,7,0,0,5,7,207,2,17,4,8,16,4,5,14,5,3,1,1,1,11,45
7,11,4,20,4,0,0,1,0,0,1,4,11,0,0,5,7,207,3,16,3,7,15,3,4,13,4,2,1,1,2,12,0
-39,10,5,23,4,0,0,1,0,0,1,5,10,0,0,5,7,207,2,15,3,6,15,3,4,14,5,1,1,1,1,12,30
-20,10,5,26,4,0,0,0,0,0,1,4,11,0,0,5,7,207,2,15,3,6,15,2,4,14,4,1,0,1,1,13,0
31,8,5,16,6,0,0,0,0,0,1,0,15,0,0,5,7,207,3,12,3,8,12,1,4,15,5,1,0,0,2,11,15
52,6,5,10,7,0,1,0,0,0,1,12,3,0,0,5,7,207,2,9,5,9,9,3,9,17,8,2,0,0,2,10,30
13,5,5,14,6,0,1,0,0,0,1,4,11,0,0,5,7,207,1,9,7,9,9,5,11,17,8,2,0,0,1,11,0
-243,5,5,32,8,0,1,0,0,0,2,9,6,0,0,5,7,207,3,5,4,5,5,7,11,16,9,4,0,0,2,14,45
-19,3,3,10,8,0,0,1,0,0,2,11,4,0,0,5,7,207,2,4,4,4,4,6,12,16,10,4,0,0,2,10,30
15,3,3,12,7,0,0,1,0,0,3,9,6,0,0,5,7,207,3,3,3,3,3,5,11,15,9,3,0,0,2,10,45
-2,3,3,9,8,0,0,1,0,0,2,5,10,0,0,5,7,207,3,2,2,2,2,6,12,14,9,4,0,0,2,10,15
-9,3,3,17,7,0,0,1,0,0,2,2,13,0,0,5,7,207,3,2,2,2,2,6,11,13,8,3,0,0,1,11,30
-32,2,2,17,6,0,0,1,0,0,2,6,4,0,0,5,7,207,2,2,2,2,2,5,10,12,8,4,0,0,1,11,30
10,1,1,5,7,0,0,1,0,0,1,4,6,0,0,5,7,207,2,1,1,1,1,5,9,11,8,5,0,0,2,9,35
43,0,0,8,6,0,1,1,0,0,1,7,8,0,0,5,7,207,0,0,0,0,0,7,9,10,10,5,0,0,1,10,0
57,0,0,2,5,0,1,1,0,0,1,6,9,0,0,5,7,207,0,0,0,0,0,7,8,9,9,4,0,0,1,9,30
-23,0,0,6,5,0,0,1,0,0,1,5,10,0,0,5,7,207,0,0,0,0,0,6,7,8,8,4,0,0,1,9,45
34,0,0,2,4,0,0,1,0,0,1,10,5,0,0,5,7,207,0,0,0,0,0,5,6,7,7,4,0,0,1,9,30
-53,0,0,12,4,0,0,0,0,0,1,7,8,0,0,5,7,207,0,0,0,0,0,4,5,6,6,4,0,0,2,10,45
10,0,0,2,3,0,0,0,0,0,1,0,1,0,0,5,7,207,0,0,0,0,0,3,5,5,5,3,0,0,1,9,30
11,0,0,1,2,0,0,0,0,0,1,0,7,0,0,5,7,207,0,0,0,0,0,3,4,4,4,2,0,0,3,9,15
-84,0,0,14,2,0,0,0,0,0,0,0,8,0,0,5,7,207,0,0,0,0,0,2,3,3,3,2,0,0,1,11,0
40,0,0,6,1,0,0,0,0,0,0,0,35,0,0,5,7,207,0,0,0,0,0,2,2,2,2,1,0,0,1,9,45
61,0,0,0,0,0,0,0,0,0,0,0,53,0,1,5,7,207,0,0,0,0,0,1,1,1,1,1,0,0,1,9,0
7,29,4,49,2,0,0,1,0,0,0,12,3,0,0,4,7,206,1,47,3,4,9,2,3,8,3,2,8,2,1,17,15
11,29,4,50,2,0,0,1,0,0,0,2,13,1,0,4,7,206,2,46,2,5,8,2,3,8,2,1,8,1,1,17,30
27,26,2,48,3,0,0,0,1,0,0,3,12,0,0,4,7,206,1,44,3,5,10,2,5,9,4,1,7,3,1,17,0
18,25,2,44,4,0,0,1,1,0,0,5,10,0,0,4,7,206,3,41,2,3,11,4,6,9,4,1,7,3,1,16,15
12,25,3,46,4,0,0,1,0,0,0,5,10,0,0,4,7,206,1,41,2,7,13,4,5,11,5,1,7,3,1,16,30
-9,25,4,42,4,0,0,1,0,0,0,14,1,0,0,4,7,206,2,40,2,6,13,3,5,10,4,1,6,3,2,16,0
46,24,3,44,3,0,0,2,0,0,0,6,9,0,0,4,7,206,2,39,1,5,13,3,4,9,4,2,5,2,1,16,15
47,24,4,39,3,0,0,1,0,0,0,7,8,0,0,4,7,206,2,39,4,7,15,2,5,9,3,1,4,2,2,15,30
55,23,3,34,3,0,0,1,0,0,0,7,8,0,0,4,7,206,1,38,4,8,15,2,4,9,4,3,4,1,1,14,45
8,21,3,37,5,0,0,2,0,0,0,14,1,0,0,4,7,206,2,34,2,7,15,3,6,12,6,3,4,2,1,15,0
-6,21,4,42,4,0,0,2,0,0,0,6,9,0,0,4,7,206,2,34,4,8,16,2,5,12,5,2,4,2,2,16,0
-29,20,5,40,4,0,0,1,0,0,0,0,15,0,0,4,7,206,1,34,6,8,17,3,4,13,5,2,3,2,2,15,45
5,20,6,34,7,0,0,1,0,0,0,34,11,0,0,4,7,206,2,30,4,7,15,3,5,16,7,1,3,1,1,14,45
-103,20,6,47,6,0,0,1,0,0,0,33,12,0,0,4,7,206,2,30,4,7,15,2,5,16,6,1,2,1,1,16,45
36,19,6,31,6,0,0,1,1,0,0,27,18,0,0,4,7,206,2,28,3,7,13,1,5,15,7,2,2,1,1,14,15
-46,15,6,38,8,0,0,1,2,0,0,7,8,0,0,4,7,206,2,24,3,8,11,6,9,17,10,6,2,1,1,15,15
-30,15,7,34,7,0,0,2,2,0,0,2,13,0,0,4,7,206,2,23,3,7,11,5,10,18,10,7,2,1,1,14,45
-53,14,6,31,6,0,0,2,2,0,0,4,11,0,0,4,7,206,1,23,5,8,12,5,11,18,10,8,2,1,1,14,15
-95,14,6,40,6,0,0,2,2,0,0,2,13,0,0,4,7,206,2,22,4,7,12,6,11,17,9,7,1,1,2,15,45
44,13,5,27,7,0,0,2,1,0,0,12,3,0,0,4,7,206,2,21,5,6,11,5,10,18,9,8,1,0,2,13,0
15,13,5,28,6,0,0,2,1,0,0,10,5,0,0,4,7,206,2,21,5,6,11,4,9,17,8,7,1,0,1,13,15
122,10,3,23,7,0,1,1,1,0,0,8,7,0,0,4,7,206,1,19,4,5,10,6,10,17,10,8,1,1,2,12,30
19,10,4,30,7,0,1,1,1,0,0,3,12,0,0,4,7,206,2,18,3,4,9,6,10,16,9,8,1,1,2,13,30
77,10,4,25,6,0,1,1,1,0,0,2,13,0,0,4,7,206,2,18,3,4,9,6,9,15,8,7,1,1,1,12,45
37,8,2,21,6,0,1,1,2,0,0,5,10,0,0,4,7,206,1,16,2,4,9,6,8,16,10,7,1,1,2,12,15
63,8,2,17,6,0,0,1,2,0,0,3,12,0,0,4,7,206,1,16,2,4,9,5,8,15,9,7,1,1,2,11,45
107,8,3,17,5,0,0,1,2,0,0,0,15,0,0,4,7,206,1,16,2,5,10,5,8,14,8,6,1,1,2,11,45
-30,8,3,33,5,0,0,1,2,0,0,6,9,0,0,4,7,206,2,15,1,4,12,5,8,13,7,5,1,1,3,14,30
21,8,3,25,5,0,0,1,1,0,0,3,12,0,0,4,7,206,2,15,1,5,12,4,7,12,6,4,1,1,1,12,45
26,8,3,21,4,0,0,1,1,0,0,7,8,0,0,4,7,206,1,15,2,5,12,3,8,11,6,4,1,1,2,12,15
-48,8,4,28,3,0,0,1,2,0,0,2,13,0,0,4,7,206,2,14,2,4,13,4,8,10,5,3,0,1,1,13,15
28,7,3,19,2,0,0,1,2,0,0,7,8,0,0,4,7,206,1,14,3,5,13,4,7,11,5,3,0,0,2,12,0
30,6,3,23,2,0,0,0,2,0,2,4,11,0,0,4,7,206,2,12,2,5,12,5,8,12,5,3,0,0,2,12,30
17,6,3,15,1,0,0,0,2,0,2,3,12,0,0,4,7,206,2,12,2,5,12,5,7,11,4,2,0,0,2,11,30
-5,5,2,19,1,0,1,0,1,0,2,9,6,0,0,4,7,206,2,11,2,7,11,4,6,10,4,3,0,0,2,12,0
4,5,3,15,2,0,1,0,0,0,2,2,13,0,0,4,7,206,3,10,1,7,10,3,5,11,3,2,0,0,2,11,30
66,5,3,13,1,0,1,0,0,0,2,12,3,0,0,4,7,206,3,10,3,7,10,3,4,10,2,1,0,0,2,11,15
16,5,4,11,1,0,1,0,0,0,1,4,11,0,0,4,7,206,2,10,3,7,10,3,3,10,2,1,0,0,2,11,0
-20,4,4,13,2,0,1,1,0,0,1,28,2,0,0,4,7,206,3,7,4,6,7,2,5,12,3,1,0,0,2,11,15
-23,4,4,11,2,0,0,1,0,0,1,26,4,0,0,4,7,206,3,7,4,6,7,1,4,11,2,1,0,0,2,11,0
8,1,1,6,6,0,1,1,0,0,1,10,5,0,0,4,7,206,3,1,1,1,1,4,8,11,7,4,0,0,1,10,0
18,1,1,8,5,0,1,1,0,0,1,8,7,0,0,4,7,206,3,1,1,1,1,3,7,10,6,3,0,0,2,10,30
-27,0,0,9,5,0,1,0,0,0,1,14,1,0,0,4,7,206,2,1,1,1,1,4,7,9,6,2,0,0,2,10,45
-4,0,0,4,5,0,0,0,0,0,1,8,7,0,0,4,7,206,1,1,1,1,1,3,7,8,6,3,0,0,2,9,45
-10,0,0,6,4,0,0,1,0,0,1,6,9,0,0,4,7,206,1,0,0,0,0,4,7,7,6,3,0,0,1,10,0
30,0,0,0,3,0,0,1,0,0,1,2,13,0,1,4,7,206,1,0,0,0,0,4,6,6,5,2,0,0,1,9,0
50,0,0,2,2,0,0,1,0,0,1,0,8,0,0,4,7,206,0,0,0,0,0,4,5,5,5,2,0,0,2,9,30
37,0,0,1,1,0,0,1,0,0,1,0,12,0,0,4,7,206,0,0,0,0,0,4,4,4,4,2,0,0,2,9,15
-33,0,0,2,1,0,0,0,0,0,1,0,28,0,0,4,7,206,0,0,0,0,0,3,3,3,3,2,0,0,2,9,30
-76,0,0,9,1,0,0,0,0,0,0,0,31,0,0,4,7,206,0,0,0,0,0,2,2,2,2,2,0,0,2,10,45
-28,0,0,4,0,0,0,0,0,0,0,0,38,0,0,4,7,206,0,0,0,0,0,1,1,1,1,1,0,0,2,9,45
67,33,2,41,3,0,0,0,0,0,1,5,10,0,0,3,7,205,1,45,2,7,14,2,5,9,4,1,3,1,2,16,0
-19,32,1,49,4,0,0,0,0,0,0,7,8,1,0,3,7,205,1,44,5,8,13,2,6,8,4,2,3,1,1,17,30
27,32,1,43,3,0,1,0,0,0,0,3,12,0,0,3,7,205,1,43,5,7,12,4,5,8,4,2,3,1,1,16,30
29,31,2,41,7,0,0,0,0,0,0,16,14,0,0,3,7,205,3,39,3,7,11,4,5,9,5,2,3,2,2,16,0
10,31,2,48,6,0,0,0,0,0,0,11,19,0,0,3,7,205,3,39,3,8,11,3,5,9,4,1,2,2,1,17,15
-41,31,2,46,5,0,0,1,0,0,0,4,26,0,0,3,7,205,4,38,2,7,10,2,4,11,3,1,2,1,1,17,0
-4,31,2,45,4,1,0,1,0,0,0,12,3,0,0,3,7,205,5,37,4,6,9,1,3,11,2,1,2,1,2,16,45
-2,30,3,38,6,0,0,2,0,0,1,21,9,0,0,3,7,205,6,33,2,3,10,2,5,11,4,3,1,1,2,15,45
-37,29,3,43,8,0,0,1,0,0,1,11,19,0,0,3,7,205,7,31,0,3,10,1,5,10,4,4,1,0,1,16,30
25,27,4,46,7,0,0,1,0,0,1,7,8,0,0,3,7,205,4,31,3,6,14,6,9,11,6,6,1,0,1,17,0
3,27,4,36,6,0,1,1,0,0,1,1,14,0,0,3,7,205,4,30,2,5,15,6,8,11,6,5,1,0,3,15,30
48,27,4,31,6,0,1,0,0,0,1,14,1,0,0,3,7,205,3,30,2,6,15,5,7,10,6,4,1,0,2,14,30
9,26,5,32,7,0,1,0,0,0,1,44,1,0,0,3,7,205,3,28,2,6,14,5,6,12,7,5,1,0,2,14,45
6,26,6,30,7,0,0,0,0,0,1,39,6,0,0,3,7,205,3,28,3,7,14,5,5,11,6,4,1,0,1,14,15
-22,26,7,34,7,0,0,0,0,0,0,37,8,0,0,3,7,205,3,28,3,7,14,4,4,10,5,3,1,0,2,15,0
-30,26,7,34,6,0,0,0,0,0,0,37,8,0,0,3,7,205,3,28,3,7,14,3,3,9,4,2,1,0,2,15,0
-68,26,8,38,5,0,0,0,0,0,0,29,16,0,0,3,7,205,3,28,4,7,15,2,2,8,3,2,1,0,2,15,45
7,23,8,32,7,0,0,0,0,0,0,12,33,0,0,3,7,205,3,25,4,7,14,1,3,10,5,4,1,0,2,14,45
17,16,6,29,9,0,0,2,1,0,1,2,13,0,0,3,7,205,2,18,3,7,11,5,8,18,12,9,1,0,1,13,30
-82,16,6,38,8,0,0,2,1,0,1,14,1,0,0,3,7,205,2,18,4,7,11,5,7,17,11,9,1,0,2,15,45
36,14,5,24,8,0,0,2,1,0,1,6,9,0,0,3,7,205,1,17,3,6,11,4,8,18,12,9,1,0,2,12,45
61,13,5,18,7,0,0,3,2,0,1,4,11,0,0,3,7,205,2,15,3,6,11,5,12,19,12,8,1,0,2,12,0
26,13,5,24,6,0,0,3,2,0,1,3,12,0,0,3,7,205,2,15,4,6,11,4,11,18,11,8,1,0,2,12,45
54,13,5,26,6,0,0,3,2,0,1,1,14,0,0,3,7,205,3,14,3,5,10,3,10,17,10,7,1,0,1,13,0
29,11,4,28,6,0,0,3,2,0,1,14,1,0,0,3,7,205,2,13,3,5,10,5,10,16,11,7,1,0,1,13,15
2,11,5,22,7,0,0,3,2,0,0,6,9,0,0,3,7,205,2,12,3,5,11,7,9,16,11,6,1,0,2,12,30
86,10,5,15,8,0,0,3,1,0,0,13,2,0,0,3,7,205,2,11,2,4,10,7,10,16,11,6,1,0,1,11,30
74,9,4,15,8,0,0,2,1,0,0,8,7,0,0,3,7,205,1,11,3,5,10,6,11,15,11,5,1,1,1,11,30
39,8,3,22,8,0,0,2,1,0,0,1,14,0,0,3,7,205,1,10,2,4,10,5,10,15,11,5,1,1,2,12,30
61,8,3,14,8,0,0,2,0,0,0,12,3,0,0,3,7,205,1,10,3,4,10,5,10,14,10,4,1,1,2,11,15
-121,8,3,36,7,0,0,2,0,0,0,12,3,0,0,3,7,205,1,10,3,4,10,4,9,13,9,3,1,1,3,15,30
21,8,3,26,6,0,0,2,1,0,0,9,6,0,0,3,7,205,2,9,2,3,9,3,9,12,8,2,1,1,1,13,0
51,8,3,18,5,0,0,2,1,0,0,6,9,0,0,3,7,205,2,9,2,4,9,2,8,12,7,2,1,1,2,12,0
21,7,4,20,6,0,0,1,1,0,0,14,1,0,0,3,7,205,1,8,2,5,8,6,7,13,8,3,1,1,2,12,15
64,6,4,13,7,0,0,0,1,0,0,6,9,0,0,3,7,205,1,7,3,6,7,6,7,13,8,3,1,1,1,11,0
-25,5,3,17,6,0,0,0,1,0,0,3,12,0,0,3,7,205,0,7,3,6,7,5,6,12,8,3,1,1,2,11,45
-17,5,4,20,5,0,0,0,1,0,0,10,5,0,0,3,7,205,0,7,3,6,7,4,6,11,7,2,0,1,2,12,15
64,5,4,11,4,0,0,0,1,0,1,9,6,0,0,3,7,205,1,6,3,5,6,3,5,10,6,2,0,0,1,10,45
77,5,4,8,3,0,0,0,1,0,1,0,15,0,0,3,7,205,1,6,3,6,6,2,5,9,5,2,0,0,2,10,15
68,5,4,9,2,0,0,0,1,0,1,10,5,0,0,3,7,205,0,6,4,6,6,1,4,9,5,2,0,0,2,10,30
77,2,2,4,6,0,0,0,0,0,1,7,8,0,0,3,7,205,1,2,2,2,2,4,7,10,7,3,0,0,2,9,45
49,1,1,6,6,0,0,0,0,0,1,0,15,0,0,3,7,205,0,1,1,1,1,4,6,9,8,2,0,0,1,10,0
-18,1,1,11,6,0,0,0,0,0,0,2,13,0,0,3,7,205,0,1,1,1,1,3,5,8,7,2,0,0,1,10,45
-12,1,1,6,5,0,1,0,0,0,0,8,7,0,0,3,7,205,1,0,0,0,0,4,5,7,6,2,0,0,1,10,0
22,1,1,9,4,0,1,0,0,0,0,6,9,0,0,3,7,205,1,0,0,0,0,3,4,6,5,2,0,0,2,10,30
38,0,0,2,3,0,1,0,0,0,0,1,14,0,0,3,7,205,0,0,0,0,0,2,4,5,5,2,0,0,2,9,30
27,0,0,4,2,0,1,0,0,0,0,0,2,0,0,3,7,205,0,0,0,0,0,1,3,4,4,2,0,0,2,9,45
31,0,0,1,1,0,1,0,0,0,0,0,32,0,0,3,7,205,0,0,0,0,0,2,3,3,3,2,0,0,2,9,15
26,0,0,2,0,0,1,0,0,0,0,0,47,0,0,3,7,205,0,0,0,0,0,2,2,2,2,2,0,0,2,9,30
14,0,0,0,0,0,0,0,0,0,0,0,63,0,1,3,7,205,0,0,0,0,0,1,1,1,1,1,0,0,1,9,0
121,30,2,39,0,0,0,0,0,0,0,21,0,0,0,2,7,204,0,48,2,5,12,1,3,6,1,0,3,1,2,16,0
-3,29,5,48,1,0,0,2,1,0,0,0,15,1,0,2,7,204,3,43,2,6,8,2,4,9,2,1,3,1,1,17,30
2,28,4,44,1,0,0,1,1,0,0,10,5,0,0,2,7,204,2,43,3,6,9,1,3,9,2,1,3,1,1,17,0
29,24,1,40,3,0,0,5,0,0,0,4,26,0,0,2,7,204,1,37,1,2,5,4,6,12,8,4,3,1,2,16,30
-49,24,1,47,3,0,0,4,0,0,0,2,28,0,0,2,7,204,1,37,1,2,5,3,5,11,7,3,2,1,1,17,15
-24,24,1,44,4,0,0,3,0,0,0,9,6,0,0,2,7,204,2,36,0,2,4,2,6,11,6,3,2,0,1,17,0
-40,24,1,44,3,0,0,3,0,0,0,4,11,0,0,2,7,204,2,36,0,2,5,2,6,10,5,2,2,1,1,17,0
1,23,1,40,2,0,0,3,0,0,0,5,25,0,0,2,7,204,0,36,2,3,8,5,6,10,6,2,2,1,2,16,30
52,23,1,35,2,0,0,2,0,0,0,14,1,0,0,2,7,204,0,36,2,4,9,4,6,9,5,2,2,1,2,15,15
76,23,1,33,3,0,0,1,0,0,0,1,14,0,0,2,7,204,1,35,2,3,8,4,6,10,4,2,2,1,2,15,0
21,23,1,37,2,0,1,1,0,0,0,11,4,0,0,2,7,204,2,34,1,2,7,3,6,9,3,1,2,2,1,15,45
24,23,1,35,1,0,1,1,0,0,0,7,8,0,0,2,7,204,2,34,1,2,8,2,5,8,2,1,1,2,2,15,15
-11,22,0,33,1,0,0,1,0,0,0,7,8,0,0,2,7,204,0,34,2,4,10,3,4,9,3,1,1,1,2,15,0
15,22,2,31,0,0,0,1,0,0,1,1,14,0,0,2,7,204,1,33,2,5,13,3,4,9,2,1,1,1,1,14,30
-82,22,2,42,1,0,0,0,0,0,1,43,2,0,0,2,7,204,2,32,1,5,12,2,3,8,1,0,1,1,3,16,45
-32,22,2,32,1,0,0,0,0,0,0,30,15,0,0,2,7,204,1,32,2,5,13,1,4,10,1,1,0,1,2,14,45
-17,20,2,30,3,0,0,1,0,0,0,12,3,0,0,2,7,204,2,28,1,6,14,3,6,12,3,1,0,0,1,14,15
29,20,5,26,3,0,0,1,0,0,0,2,13,0,0,2,7,204,1,27,4,8,19,5,6,12,4,1,0,0,1,13,0
15,20,5,28,2,0,0,1,0,0,0,1,14,0,0,2,7,204,1,27,4,8,19,4,6,11,3,1,0,0,1,13,15
-11,18,4,29,2,0,1,1,0,0,0,13,2,0,0,2,7,204,1,25,5,10,19,3,8,11,4,1,0,0,1,13,30
-160,18,4,37,2,0,1,1,0,0,0,10,5,0,0,2,7,204,2,24,4,9,18,2,7,11,3,1,0,0,1,15,45
2,18,5,24,3,0,0,1,0,0,0,4,11,0,0,2,7,204,1,23,4,9,19,2,7,10,4,2,0,0,2,12,45
33,15,6,21,4,0,0,1,1,0,1,8,7,0,0,2,7,204,2,19,5,10,17,5,7,12,6,1,0,0,1,12,15
-8,15,7,24,4,0,0,0,1,0,1,1,14,0,0,2,7,204,1,19,5,11,17,5,6,11,6,1,0,0,2,12,45
24,15,7,18,4,0,0,0,1,0,0,0,15,0,0,2,7,204,1,19,5,11,18,4,5,10,5,0,0,0,1,11,45
24,15,7,20,3,0,0,0,1,0,0,14,1,0,0,2,7,204,1,19,5,11,18,3,4,9,4,0,0,0,2,12,0
-25,14,8,26,5,0,0,1,1,0,0,15,15,0,0,2,7,204,3,15,5,9,14,3,4,10,5,2,0,0,1,13,0
42,13,8,18,5,0,0,1,1,0,0,6,9,0,0,2,7,204,3,14,6,10,13,2,4,9,5,3,0,0,1,11,45
-9,11,7,21,5,0,0,1,1,0,0,9,6,0,0,2,7,204,2,13,5,10,12,2,4,10,6,4,0,0,1,12,15
39,8,7,13,7,0,0,2,1,0,1,9,6,0,0,2,7,204,4,8,5,7,8,3,6,15,8,6,0,0,2,11,0
-35,5,4,23,7,0,0,3,1,0,1,11,4,0,0,2,7,204,3,6,4,5,6,4,6,15,10,8,0,0,2,12,30
21,5,4,17,9,0,0,2,1,0,1,0,15,0,0,2,7,204,4,4,3,3,4,3,6,15,10,8,0,0,2,11,30
42,3,2,10,10,0,0,2,1,0,0,14,1,0,0,2,7,204,3,3,2,3,3,4,6,16,11,8,0,0,2,10,30
11,2,2,15,10,0,0,2,1,0,0,11,4,0,0,2,7,204,3,2,1,2,2,3,5,15,11,9,0,0,1,11,15
44,1,1,11,9,0,0,3,1,0,0,11,4,0,0,2,7,204,2,1,0,1,1,3,10,15,12,10,0,0,2,10,45
43,1,1,2,8,0,0,3,1,0,0,8,7,0,0,2,7,204,2,1,0,1,1,3,9,14,11,10,0,0,2,9,30
14,1,1,13,8,0,0,3,0,0,0,0,15,0,0,2,7,204,1,1,1,1,1,6,10,13,11,9,0,0,2,11,0
-364,1,1,42,8,0,0,2,0,0,0,10,5,0,0,2,7,204,1,1,1,1,1,7,10,12,10,8,0,0,3,16,45
59,0,0,4,8,0,0,2,0,0,0,11,4,0,0,2,7,204,0,0,0,0,0,7,10,11,11,9,0,0,2,9,45
49,0,0,8,8,0,0,1,0,0,0,9,6,0,0,2,7,204,0,0,0,0,0,6,9,10,10,8,0,0,1,10,15
61,0,0,1,7,0,0,1,0,0,0,2,13,0,0,2,7,204,0,0,0,0,0,6,9,9,9,7,0,0,2,9,15
33,0,0,8,6,0,0,1,0,0,0,1,14,0,0,2,7,204,0,0,0,0,0,5,8,8,8,7,0,0,1,10,15
53,0,0,6,5,0,0,1,0,0,0,0,2,0,0,2,7,204,0,0,0,0,0,5,7,7,7,6,0,0,2,10,0
12,0,0,0,4,0,0,1,0,0,0,0,4,0,1,2,7,204,0,0,0,0,0,4,6,6,6,5,0,0,1,9,0
43,0,0,4,3,0,0,1,0,0,0,0,13,0,0,2,7,204,0,0,0,0,0,4,5,5,5,4,0,0,2,9,45
-15,0,0,6,3,0,0,0,0,0,0,0,22,0,0,2,7,204,0,0,0,0,0,3,4,4,4,3,0,0,2,10,0
-72,0,0,15,2,0,0,0,0,0,0,0,31,0,0,2,7,204,0,0,0,0,0,3,3,3,3,3,0,0,1,11,15
39,0,0,2,1,0,0,0,0,0,0,0,38,0,0,2,7,204,0,0,0,0,0,2,2,2,2,2,0,0,2,9,30
-81,0,0,11,0,0,0,0,0,0,0,0,53,0,0,2,7,204,0,0,0,0,0,1,1,1,1,1,0,0,2,10,45
55,36,4,51,2,0,0,0,1,0,0,12,3,1,0,6,7,201,2,48,2,5,12,1,3,8,2,0,6,0,1,17,30
57,34,6,46,2,0,0,1,1,0,0,12,3,0,0,6,7,201,1,46,5,9,11,2,5,12,4,1,6,2,2,16,45
7,34,8,48,3,0,0,2,0,0,0,1,14,0,0,6,7,201,2,44,4,8,9,2,5,11,4,2,6,2,1,17,0
8,30,4,42,4,0,0,3,0,0,0,1,4,0,0,6,7,201,1,41,4,5,8,3,7,11,7,3,5,4,2,16,10
15,29,3,48,3,0,0,3,0,0,1,0,10,0,0,6,7,201,1,40,4,5,8,3,8,10,7,3,5,3,1,17,0
-29,28,2,50,2,0,0,3,0,0,1,9,6,0,0,6,7,201,0,40,4,5,9,4,7,9,7,4,4,3,1,17,15
-6,26,0,46,6,0,0,2,0,0,1,4,11,0,0,6,7,201,2,36,0,1,6,5,7,8,8,3,4,2,2,16,45
6,26,0,43,6,0,0,1,0,0,1,13,2,0,0,6,7,201,2,36,1,1,7,5,6,7,7,2,3,2,1,16,15
11,26,0,39,6,0,0,1,0,0,0,9,6,0,0,6,7,201,2,36,1,2,7,4,6,7,6,1,3,1,2,15,45
15,26,0,43,5,0,0,1,0,0,0,5,10,0,0,6,7,201,2,36,1,3,9,4,5,7,5,0,2,1,1,16,15
11,26,0,40,4,0,0,1,0,0,0,11,4,0,0,6,7,201,2,36,1,3,9,3,4,7,4,0,2,0,1,16,0
40,26,0,34,4,0,0,1,0,0,0,1,14,0,0,6,7,201,3,35,0,2,8,2,3,7,3,0,2,0,2,15,0
1,26,1,45,4,0,0,0,0,0,0,21,9,0,0,6,7,201,3,35,2,4,9,2,2,6,2,0,2,0,2,16,30
7,26,3,37,4,0,0,0,0,0,0,10,5,0,0,6,7,201,3,34,3,5,12,1,2,8,2,1,2,0,1,15,30
-47,23,4,37,7,0,1,0,0,0,0,12,3,0,0,6,7,201,2,29,2,7,16,4,6,14,7,4,2,1,1,15,30
-66,23,4,35,6,0,1,1,0,0,0,7,8,0,0,6,7,201,2,28,2,6,16,3,6,14,7,3,1,1,2,15,15
-27,23,4,33,5,0,1,2,0,0,0,0,15,0,0,6,7,201,3,27,1,7,15,2,7,14,6,2,1,0,1,14,30
-38,22,4,32,5,0,0,2,0,0,0,2,13,0,0,6,7,201,2,27,4,8,17,3,7,13,6,3,1,1,1,14,15
27,20,4,31,5,0,0,2,0,0,0,14,1,0,0,6,7,201,1,26,6,10,20,5,8,14,7,3,1,1,1,13,30
47,20,5,29,5,0,0,2,0,0,0,9,6,0,0,6,7,201,2,25,5,10,19,5,7,15,6,3,1,1,1,13,0
-111,19,6,35,6,0,0,3,0,0,0,11,4,0,0,6,7,201,4,22,4,9,18,4,9,16,6,4,1,1,2,15,15
20,19,7,30,5,0,0,3,0,0,0,3,12,0,0,6,7,201,3,22,6,10,18,4,8,16,6,4,1,1,1,13,15
18,19,7,27,6,0,0,3,0,0,0,0,15,0,0,6,7,201,4,20,4,8,16,4,8,15,6,3,1,1,1,12,45
63,19,8,19,6,0,0,2,0,0,0,14,1,0,0,6,7,201,4,20,4,8,17,3,7,14,5,2,0,1,2,11,45
3,17,8,25,6,0,0,2,0,0,1,8,7,0,0,6,7,201,3,18,5,10,17,5,7,14,7,2,0,0,2,12,30
30,16,9,23,6,0,1,2,0,0,1,1,14,0,0,6,7,201,3,16,4,10,16,4,7,15,8,3,0,0,2,12,15
5,15,10,19,6,0,1,3,0,0,0,4,11,0,0,6,7,201,2,15,5,11,15,4,8,17,9,2,0,0,2,11,45
28,14,9,17,5,0,1,3,0,0,0,3,12,0,0,6,7,201,1,15,5,11,15,3,7,16,9,2,0,0,2,11,30
6,13,8,21,5,0,1,4,0,0,0,12,3,0,0,6,7,201,2,13,4,9,13,3,8,15,9,2,0,0,2,12,0
-11,12,7,23,6,0,1,3,0,0,0,0,15,0,0,6,7,201,2,12,6,8,12,3,8,15,9,3,0,0,2,12,15
-14,10,8,21,7,0,1,3,0,0,0,2,13,0,0,6,7,201,1,10,6,9,10,4,7,16,11,6,0,0,2,12,0
-27,8,6,27,9,0,1,3,0,0,0,6,9,0,0,6,7,201,2,7,3,6,7,6,7,17,12,6,0,0,1,12,45
4,7,7,17,10,0,1,2,0,0,0,12,3,0,0,6,7,201,2,6,4,6,6,5,9,17,12,7,0,0,2,11,30
-223,7,7,40,9,0,1,2,0,0,0,10,5,0,0,6,7,201,2,6,4,6,6,4,8,16,11,6,0,0,1,16,0
-39,5,5,25,8,0,1,4,0,0,0,0,15,0,0,6,7,201,2,4,3,4,4,3,9,16,12,7,0,0,2,12,30
54,5,5,11,7,0,1,4,0,0,0,13,2,0,0,6,7,201,2,4,3,4,4,2,8,15,11,6,0,0,2,10,45
14,5,5,13,7,0,1,3,0,0,0,7,8,0,0,6,7,201,2,4,3,4,4,2,7,15,10,6,0,0,2,11,0
59,2,2,9,8,0,1,4,0,0,0,10,5,0,0,6,7,201,2,1,1,1,1,6,9,15,12,6,0,0,2,10,30
-6,1,1,15,7,0,1,4,0,0,0,6,9,0,0,6,7,201,1,1,1,1,1,5,10,14,12,7,0,0,2,11,15
23,1,1,13,6,0,1,4,0,0,0,5,10,0,0,6,7,201,1,1,1,1,1,4,9,13,11,6,0,0,2,11,0
23,1,1,7,6,0,1,4,0,0,0,14,1,0,0,6,7,201,2,0,0,0,0,4,9,12,10,5,0,0,2,10,15
36,0,0,7,5,0,1,4,0,0,0,8,7,0,0,6,7,201,1,0,0,0,0,4,8,11,10,5,0,0,2,10,15
65,0,0,3,5,0,1,3,0,0,0,8,7,0,0,6,7,201,1,0,0,0,0,4,7,10,9,5,0,0,2,9,45
53,0,0,3,4,0,1,3,0,0,0,18,12,0,0,6,7,201,0,0,0,0,0,5,8,9,9,5,0,0,2,9,45
13,0,0,5,4,0,1,2,0,0,0,12,18,0,0,6,7,201,0,0,0,0,0,5,7,8,8,5,0,0,2,10,0
11,0,0,5,4,0,1,1,0,0,0,8,22,0,0,6,7,201,0,0,0,0,0,4,6,7,7,5,0,0,2,10,0
51,0,0,0,3,0,1,1,0,0,0,0,6,0,1,6,7,201,0,0,0,0,0,5,6,6,6,4,0,0,2,9,0
10,0,0,11,3,0,0,1,0,0,0,0,7,0,0,6,7,201,0,0,0,0,0,4,5,5,5,3,0,0,2,10,45
35,0,0,9,2,0,0,1,0,0,0,0,14,0,0,6,7,201,0,0,0,0,0,3,4,4,4,3,0,0,2,10,30
34,0,0,1,2,0,0,0,0,0,0,0,29,0,0,6,7,201,0,0,0,0,0,3,3,3,3,2,0,0,2,9,30
-99,0,0,15,1,0,0,0,0,0,0,0,34,0,0,6,7,201,0,0,0,0,0,2,2,2,2,2,0,0,2,11,15
14,0,0,1,0,0,0,0,0,0,0,0,55,0,0,6,7,201,0,0,0,0,0,1,1,1,1,1,0,0,2,9,30
18,42,6,53,0,0,0,3,0,0,0,7,8,1,0,5,7,200,1,50,4,8,16,1,3,10,3,2,4,1,1,17,30
24,40,5,50,2,0,1,3,0,0,0,7,8,0,0,5,7,200,1,46,4,7,15,2,4,11,6,5,4,1,1,17,0
-2,39,5,50,3,0,0,4,0,0,0,12,3,0,0,5,7,200,2,44,3,6,14,1,4,11,6,5,3,2,1,17,0
25,36,6,47,4,0,1,4,0,0,0,3,12,0,0,5,7,200,1,41,6,8,13,4,9,12,8,7,3,2,1,16,30
39,35,7,44,4,0,1,4,0,0,0,10,5,0,0,5,7,200,1,40,6,8,13,6,8,12,8,7,3,2,1,16,0
28,35,7,46,4,0,1,4,0,0,0,3,12,0,0,5,7,200,2,39,5,9,13,6,8,12,7,7,2,2,2,16,15
44,34,8,42,6,0,1,3,0,0,0,4,11,0,0,5,7,200,3,37,4,8,12,6,7,13,7,6,2,1,2,15,45
25,32,7,49,9,0,1,2,0,0,0,13,2,0,0,5,7,200,4,34,1,6,9,5,6,12,9,6,2,1,2,16,45
-5,32,7,52,9,0,1,1,0,0,0,12,3,0,0,5,7,200,4,34,1,6,9,4,5,11,8,6,1,1,1,17,15
211,32,7,32,9,0,1,0,0,0,0,11,4,0,0,5,7,200,4,34,1,6,10,3,4,10,7,5,1,0,1,14,0
26,32,8,44,9,0,0,0,0,0,0,7,8,0,0,5,7,200,4,34,3,6,10,2,4,9,6,4,1,0,1,16,0
-19,30,7,47,8,0,0,1,0,0,0,6,9,0,0,5,7,200,3,33,4,5,10,2,4,10,7,4,1,0,1,16,30
33,28,6,37,9,0,1,1,0,0,0,5,10,0,0,5,7,200,4,30,2,4,9,2,5,10,8,4,1,0,2,15,0
31,24,5,37,8,0,1,3,0,0,0,7,8,0,0,5,7,200,2,28,1,4,11,4,6,12,11,4,1,0,2,15,0
33,24,5,39,7,0,1,3,0,0,0,10,5,0,0,5,7,200,2,28,2,5,13,5,7,11,10,4,1,0,1,15,15
33,22,5,33,7,0,1,3,0,0,0,26,4,0,0,5,7,200,1,27,3,6,12,4,6,13,11,4,1,0,1,14,15
28,22,5,41,6,0,1,3,0,0,0,23,7,0,0,5,7,200,1,27,3,6,12,3,5,13,10,4,1,0,2,15,30
94,22,7,28,7,0,0,3,0,0,0,17,13,0,0,5,7,200,2,26,2,6,12,3,5,13,9,3,1,0,2,13,0
31,22,7,35,6,0,0,3,0,0,0,11,19,0,0,5,7,200,2,26,3,7,12,3,4,13,8,2,1,0,2,14,45
1,19,6,39,7,0,0,3,0,0,0,21,9,0,0,5,7,200,1,24,3,7,12,3,6,13,10,2,1,0,1,15,15
53,19,7,30,8,0,0,2,0,0,0,12,18,0,0,5,7,200,2,23,4,7,13,2,5,12,9,2,1,0,1,13,30
28,17,7,30,8,0,1,2,0,0,0,6,9,0,0,5,7,200,2,21,4,7,11,4,8,15,10,3,1,0,1,13,30
122,15,5,28,10,0,1,1,0,0,0,9,6,0,0,5,7,200,2,19,4,6,11,3,9,15,11,5,1,0,2,13,0
84,15,5,25,11,0,1,0,0,0,0,7,8,0,0,5,7,200,3,18,3,5,11,3,8,14,10,5,1,0,2,12,45
16,13,4,35,10,0,1,0,0,0,0,8,7,0,0,5,7,200,1,18,3,6,13,5,8,13,11,6,1,0,2,14,45
-213,12,4,42,12,0,1,0,0,0,0,7,8,0,0,5,7,200,2,15,2,5,12,6,9,15,12,6,1,0,2,15,45
53,12,4,25,11,0,1,0,0,0,0,4,11,0,0,5,7,200,2,15,2,5,12,6,9,14,11,5,1,0,2,12,45
30,12,4,23,10,0,1,0,0,0,0,0,15,0,0,5,7,200,2,15,3,5,13,5,8,13,10,4,1,0,3,12,30
54,11,4,23,9,0,1,0,0,0,0,10,5,0,0,5,7,200,1,15,3,5,13,4,7,14,10,4,1,0,3,12,30
13,10,4,34,9,0,1,0,0,0,0,3,12,0,0,5,7,200,1,14,4,6,13,3,7,13,10,4,1,0,2,14,30
49,10,5,21,8,0,1,0,0,0,0,14,1,0,0,5,7,200,1,14,4,6,14,2,6,14,9,4,1,0,2,12,15
31,10,6,18,8,0,1,0,0,0,0,6,9,0,0,5,7,200,2,13,3,6,13,3,6,15,8,3,1,0,1,11,45
85,8,5,13,9,0,1,0,1,0,0,9,6,0,0,5,7,200,2,10,2,7,10,5,8,15,10,6,1,0,2,11,0
79,8,5,17,9,0,0,0,1,0,0,8,7,0,0,5,7,200,2,10,2,7,10,4,7,15,9,5,1,0,2,11,30
84,8,5,20,8,0,0,0,1,0,0,6,9,0,0,5,7,200,2,10,3,7,10,3,6,14,8,4,1,0,2,12,0
63,7,5,18,7,0,0,0,1,0,0,9,6,0,0,5,7,200,1,10,5,8,10,2,7,13,8,4,1,0,1,11,45
37,5,4,15,7,0,0,0,1,0,1,13,2,0,0,5,7,200,1,8,5,8,8,3,8,14,9,4,1,1,1,11,15
-78,3,3,25,8,0,0,1,1,0,1,5,10,0,0,5,7,200,2,5,3,5,5,5,10,15,10,5,1,1,2,12,45
16,3,3,21,9,0,0,1,1,0,1,1,14,0,0,5,7,200,3,3,2,3,3,4,9,15,10,4,1,1,2,12,15
42,3,3,15,8,0,0,1,1,0,1,13,2,0,0,5,7,200,3,3,3,3,3,5,8,14,9,4,1,1,1,11,15
33,2,2,13,8,0,0,1,1,0,1,13,2,0,0,5,7,200,2,2,2,2,2,6,8,14,10,5,1,1,2,11,0
34,2,2,11,7,0,0,1,1,0,1,11,4,0,0,5,7,200,2,2,2,2,2,5,7,13,9,4,1,1,2,10,45
39,1,1,5,7,0,0,1,1,0,1,0,15,0,0,5,7,200,1,1,1,1,1,5,8,12,10,3,0,1,2,10,0
28,1,1,8,7,0,0,1,0,0,1,0,15,0,0,5,7,200,1,1,1,1,1,4,7,11,9,2,0,0,2,10,30
-6,1,1,6,7,0,0,1,0,0,1,13,2,0,0,5,7,200,2,0,0,0,0,3,6,10,8,2,0,0,3,10,15
55,1,1,2,6,0,0,1,0,0,1,12,3,0,0,5,7,200,2,0,0,0,0,2,5,9,7,2,0,0,1,9,30
15,0,0,8,6,0,0,1,0,0,0,5,10,0,0,5,7,200,0,0,0,0,0,2,6,8,8,3,0,0,2,10,30
50,0,0,1,5,0,0,1,0,0,0,8,7,0,0,5,7,200,0,0,0,0,0,3,7,7,7,3,0,0,2,9,15
31,0,0,0,4,0,0,1,0,0,0,0,10,0,1,5,7,200,0,0,0,0,0,4,6,6,6,2,0,0,1,9,0
4,0,0,11,3,0,0,1,0,0,0,0,12,0,0,5,7,200,0,0,0,0,0,3,5,5,5,1,0,0,2,10,45
-11,0,0,8,3,0,0,0,0,0,0,0,33,0,0,5,7,200,0,0,0,0,0,4,4,4,4,0,0,0,2,10,30
4,0,0,4,2,0,0,0,0,0,0,0,35,0,0,5,7,200,0,0,0,0,0,3,3,3,3,0,0,0,1,9,45
-1,0,0,2,1,0,0,0,0,0,0,0,43,0,0,5,7,200,0,0,0,0,0,2,2,2,2,0,0,0,1,9,30
-22,0,0,6,0,0,0,0,0,0,0,0,49,0,0,5,7,200,0,0,0,0,0,1,1,1,1,0,0,0,3,10,15
93,32,4,38,3,0,0,0,0,0,1,10,5,0,0,4,7,199,1,44,5,6,12,3,7,10,4,1,2,1,1,15,30
22,31,3,47,3,0,0,0,0,0,0,8,7,1,0,4,7,199,0,44,5,6,12,3,6,9,4,1,2,1,1,17,0
44,29,3,45,5,0,1,0,0,0,1,27,3,0,0,4,7,199,1,39,1,4,8,5,6,11,7,3,2,1,2,16,45
6,29,3,42,4,0,1,0,0,0,1,25,5,0,0,4,7,199,1,39,1,4,8,4,5,10,6,3,2,1,2,16,30
80,29,4,41,3,0,1,0,0,0,1,23,7,0,0,4,7,199,1,39,1,4,8,3,4,9,5,2,1,1,3,16,0
-14,29,4,45,3,0,0,0,0,0,1,20,10,0,0,4,7,199,1,39,1,4,8,2,3,9,4,2,1,0,2,16,45
-18,28,3,47,2,0,0,0,0,0,1,7,23,1,0,4,7,199,0,39,3,7,9,2,4,8,4,3,1,0,1,17,0
24,27,4,42,2,0,1,0,0,0,1,4,11,0,0,4,7,199,1,37,4,5,9,1,3,9,4,2,1,0,2,16,30
9,25,3,36,3,0,2,0,1,0,1,12,3,0,0,4,7,199,2,33,1,3,8,3,6,11,6,1,1,0,2,15,15
16,25,3,42,3,0,2,0,1,0,0,9,6,0,0,4,7,199,1,33,1,3,8,2,5,11,6,2,1,0,2,16,30
-3,23,1,36,3,0,2,0,1,0,0,14,1,0,0,4,7,199,0,32,2,4,11,4,7,10,7,3,1,0,2,15,15
80,23,3,31,3,0,2,0,1,0,0,29,1,0,0,4,7,199,1,31,1,6,11,5,6,11,6,2,1,0,2,14,30
138,23,4,30,2,0,2,0,1,0,0,27,3,0,0,4,7,199,1,31,2,6,12,4,6,10,5,2,1,0,1,14,0
18,22,3,32,2,0,2,0,0,0,0,21,9,0,0,4,7,199,0,31,2,6,13,3,5,9,5,2,1,0,2,14,45
-4,22,4,38,3,0,1,0,0,0,0,5,25,0,0,4,7,199,1,30,5,7,14,3,6,9,4,1,1,0,1,15,30
10,22,5,32,2,0,1,0,0,0,0,2,28,0,0,4,7,199,1,30,5,7,15,2,5,8,3,1,1,0,2,14,45
42,22,7,34,3,0,1,0,0,0,0,17,13,0,0,4,7,199,2,28,3,7,16,3,4,9,3,1,1,0,2,15,0
67,20,6,28,3,0,1,1,0,0,1,12,3,0,0,4,7,199,2,25,3,5,13,3,5,11,5,3,1,0,1,13,15
109,19,5,16,3,0,1,1,0,0,0,5,10,0,0,4,7,199,1,25,3,7,15,2,4,10,5,3,1,0,2,11,45
-105,18,6,40,2,0,1,1,0,0,0,10,5,0,0,4,7,199,0,25,4,8,15,2,4,10,5,2,1,0,1,15,45
14,15,5,29,2,0,2,2,1,0,0,14,1,0,0,4,7,199,1,21,4,9,13,3,5,13,7,4,1,0,1,13,30
-74,14,4,34,2,0,2,2,1,0,0,2,13,0,0,4,7,199,1,20,5,8,12,2,6,14,7,3,1,1,2,15,0
-29,13,4,26,3,0,2,3,1,0,0,0,15,0,0,4,7,199,2,17,5,7,11,3,7,15,8,3,1,1,1,13,0
43,11,3,22,4,0,1,4,1,0,0,0,15,0,0,4,7,199,2,15,3,5,11,4,7,17,9,4,1,1,2,12,30
42,11,3,24,5,0,1,3,1,0,0,14,1,0,0,4,7,199,2,14,2,4,10,4,7,16,9,4,1,1,2,12,45
4,10,2,24,6,0,1,3,1,0,0,12,3,0,0,4,7,199,2,12,2,4,11,4,8,15,10,3,1,1,2,12,45
47,10,2,20,6,0,1,3,0,0,0,8,7,0,0,4,7,199,2,12,2,4,11,3,7,14,9,2,0,1,2,12,15
39,10,2,18,5,0,1,3,0,0,0,14,1,0,0,4,7,199,2,12,2,5,12,3,9,13,8,1,0,0,2,12,0
60,9,4,18,6,0,0,4,0,0,0,1,14,0,0,4,7,199,2,10,2,4,10,5,9,15,9,2,0,0,2,12,0
62,9,4,13,5,0,0,4,0,0,0,3,12,0,0,4,7,199,2,10,2,6,10,5,10,14,8,2,0,0,1,11,15
100,8,3,9,5,0,0,3,0,0,0,29,1,0,0,4,7,199,0,10,3,6,10,6,10,13,9,3,0,0,2,10,30
-60,8,3,26,4,0,0,3,0,0,0,28,2,0,0,4,7,199,0,10,4,6,10,5,9,12,8,3,0,0,1,13,0
-37,8,5,22,3,0,0,4,0,0,0,18,12,0,0,4,7,199,1,9,3,7,9,5,8,13,7,3,0,0,2,12,30
-87,8,6,20,4,0,0,3,0,0,0,5,25,0,0,4,7,199,1,8,4,7,8,6,7,15,7,4,0,0,2,12,15
22,8,6,16,3,0,0,3,0,0,0,2,28,0,0,4,7,199,1,8,4,8,8,6,6,14,6,3,0,0,2,11,45
-3,8,7,15,3,0,0,2,0,0,0,0,30,0,0,4,7,199,1,8,4,8,8,5,5,13,5,2,0,0,2,11,30
-1,6,6,11,4,0,0,2,0,0,0,4,11,0,0,4,7,199,1,6,4,6,6,4,6,12,6,1,0,0,2,11,0
38,5,5,13,4,0,0,1,0,0,0,13,2,0,0,4,7,199,0,6,5,6,6,3,6,11,6,0,0,0,1,11,15
2,5,5,7,4,0,0,1,1,0,0,5,10,0,0,4,7,199,2,4,3,4,4,2,5,10,5,0,0,0,2,10,15
24,5,5,11,3,0,0,1,1,0,0,2,13,0,0,4,7,199,2,4,4,4,4,1,4,10,4,0,0,0,2,11,0
33,1,1,9,3,0,0,1,3,0,1,10,5,0,0,4,7,199,2,0,0,0,0,3,8,9,7,2,0,0,2,10,30
11,1,1,4,3,0,0,1,2,0,1,6,9,0,0,4,7,199,2,0,0,0,0,2,7,8,6,2,0,0,1,9,45
5,0,0,2,3,0,0,1,2,0,0,3,12,0,0,4,7,199,1,0,0,0,0,3,6,7,6,1,0,0,2,9,30
13,0,0,7,2,0,0,1,2,0,0,0,11,0,0,4,7,199,0,0,0,0,0,5,6,6,6,1,0,0,2,10,15
23,0,0,2,1,0,0,1,2,0,0,0,11,0,0,4,7,199,0,0,0,0,0,4,5,5,5,1,0,0,2,9,30
-40,0,0,4,0,0,0,1,2,0,0,0,17,0,0,4,7,199,0,0,0,0,0,3,4,4,4,1,0,0,1,9,45
20,0,0,6,0,0,0,0,2,0,0,0,18,0,0,4,7,199,0,0,0,0,0,2,3,3,3,1,0,0,2,10,0
16,0,0,1,0,0,0,0,1,0,0,0,19,0,0,4,7,199,0,0,0,0,0,1,2,2,2,1,0,0,2,9,15
21,0,0,0,0,0,0,0,0,0,0,0,57,0,1,4,7,199,0,0,0,0,0,1,1,1,1,0,0,0,1,9,0
15,36,3,55,1,0,0,0,0,0,0,7,0,1,0,3,7,198,0,54,3,4,14,2,2,7,2,1,5,0,1,17,30
38,36,4,53,2,0,0,0,0,0,0,16,14,0,0,3,7,198,2,52,2,5,15,1,1,8,1,1,5,0,1,17,0
149,31,6,32,4,0,1,1,0,0,2,7,8,0,0,3,7,198,2,45,5,9,13,5,7,17,7,5,5,1,1,14,15
-14,28,4,49,6,0,0,1,0,0,2,4,11,0,0,3,7,198,1,43,5,8,13,6,8,18,9,6,5,1,2,16,30
19,27,3,43,6,0,0,0,1,0,3,1,14,0,0,3,7,198,2,41,4,6,12,5,8,17,9,6,5,2,2,15,45
45,27,3,40,6,0,0,0,1,0,2,12,3,0,0,3,7,198,2,41,5,6,13,4,8,16,8,5,4,2,2,15,30
10,27,3,51,6,0,0,0,1,0,2,9,6,0,0,3,7,198,3,40,4,5,12,3,7,15,7,5,4,1,2,16,45
20,26,2,47,6,0,0,0,1,0,3,6,9,0,0,3,7,198,2,38,3,4,12,4,9,15,9,7,4,1,2,16,15
-5,26,2,49,6,0,0,0,1,0,2,6,9,0,0,3,7,198,2,38,3,4,12,3,8,14,8,7,4,1,2,16,30
-17,24,1,43,8,0,0,0,1,0,1,3,12,0,0,3,7,198,1,36,2,5,11,6,11,13,10,8,4,2,2,15,45
12,24,2,53,8,0,0,0,1,0,1,10,5,0,0,3,7,198,1,35,1,5,12,6,11,12,10,7,4,2,1,17,0
-37,24,2,47,8,0,0,0,1,0,0,3,12,0,0,3,7,198,1,35,2,5,12,6,10,11,9,6,3,2,2,16,15
4,24,3,45,7,0,0,0,1,0,0,0,15,0,0,3,7,198,1,35,2,6,12,5,9,10,8,5,3,1,2,16,0
48,24,4,34,8,0,0,0,0,0,0,9,6,0,0,3,7,198,1,34,1,6,13,6,8,10,8,5,3,1,2,14,45
7,24,4,36,7,0,0,0,0,0,0,8,7,0,0,3,7,198,1,34,2,6,13,5,7,9,7,4,3,1,2,15,0
81,24,5,33,6,0,0,0,0,0,0,0,15,0,0,3,7,198,1,34,4,7,14,6,7,9,6,3,3,1,2,14,30
-16,24,6,40,5,0,0,0,0,0,0,5,10,0,0,3,7,198,1,34,4,8,15,5,6,8,5,3,3,1,2,15,30
-17,24,6,38,4,0,1,0,0,0,0,43,2,0,0,3,7,198,2,33,4,7,14,4,5,7,4,2,2,1,3,15,15
15,24,6,36,3,0,1,0,0,0,0,42,3,0,0,3,7,198,1,33,5,7,15,3,4,6,4,3,2,0,2,15,0
17,23,5,40,3,0,1,0,0,0,0,36,9,0,0,3,7,198,1,32,4,7,14,2,3,6,4,4,2,0,2,15,30
-32,23,7,34,5,0,0,0,0,0,0,30,15,0,0,3,7,198,3,30,3,7,14,2,2,6,3,3,2,0,2,14,45
-78,19,6,45,4,0,0,2,0,0,0,1,44,0,0,3,7,198,1,28,5,8,14,1,3,13,6,4,2,0,2,16,0
26,15,6,31,7,0,0,3,1,0,0,13,2,0,0,3,7,198,1,22,3,8,17,2,9,18,11,6,2,0,1,13,30
44,15,6,28,7,0,0,3,1,0,0,6,9,0,0,3,7,198,2,21,3,7,16,2,11,18,10,6,2,0,1,13,0
91,12,6,22,7,0,1,3,2,0,0,11,4,0,0,3,7,198,2,18,4,7,15,8,13,21,12,5,2,1,2,12,15
1,10,5,24,6,0,1,3,2,0,0,2,13,0,0,3,7,198,0,18,4,8,15,9,12,21,13,5,2,1,2,12,30
123,10,6,9,7,0,0,4,2,0,0,0,15,0,0,3,7,198,2,16,2,7,13,8,12,20,12,5,2,1,2,10,15
67,10,6,28,6,0,0,4,3,0,0,5,10,0,0,3,7,198,2,15,3,6,12,10,12,20,12,6,2,1,1,13,0
65,9,5,20,5,0,0,4,3,0,0,2,13,0,0,3,7,198,1,15,3,7,12,9,11,19,12,5,2,1,2,12,0
-2,9,5,30,4,0,0,4,3,0,0,1,14,0,0,3,7,198,1,15,3,7,12,8,10,18,11,5,2,1,1,13,15
32,9,7,24,3,0,0,4,4,0,0,13,2,0,0,3,7,198,2,14,2,9,11,7,10,17,10,5,2,1,2,12,30
38,9,7,26,3,0,0,3,4,0,0,12,3,0,0,3,7,198,2,14,3,9,11,6,9,16,9,5,2,1,2,12,45
8,9,8,26,2,0,0,3,4,0,0,9,6,0,0,3,7,198,2,14,3,9,11,5,8,16,8,4,2,1,2,12,45
64,9,8,17,2,0,0,3,3,0,0,8,7,0,0,3,7,198,2,14,3,9,11,4,7,15,7,3,2,1,1,11,30
80,8,7,22,2,0,0,2,3,0,0,13,2,0,0,3,7,198,1,14,5,9,12,4,8,16,7,4,2,1,2,12,15
-240,8,7,51,2,0,0,1,3,0,0,10,5,0,0,3,7,198,1,14,5,10,13,3,8,15,6,4,1,1,2,16,45
-5,7,6,20,2,0,0,2,3,0,0,8,7,0,0,3,7,198,2,12,3,8,11,3,7,14,6,4,1,0,2,12,0
18,4,4,19,2,0,0,3,3,0,0,0,15,0,0,3,7,198,1,10,5,7,9,5,9,17,8,5,1,0,2,11,45
33,4,4,17,3,0,0,3,2,0,0,10,5,0,0,3,7,198,1,9,5,6,9,5,9,16,8,5,1,0,1,11,30
18,2,2,16,5,0,1,3,1,0,0,14,1,0,0,3,7,198,2,5,3,3,6,5,8,15,9,6,1,0,2,11,15
15,1,1,11,5,0,0,4,1,0,0,8,7,0,0,3,7,198,2,5,2,2,5,5,8,14,9,6,1,1,2,10,30
-5,1,1,15,4,0,0,4,1,0,0,4,11,0,0,3,7,198,2,5,2,2,5,4,8,13,8,5,1,1,1,11,0
63,1,1,13,4,0,0,3,1,0,0,13,2,0,0,3,7,198,1,5,2,3,5,4,8,12,8,5,1,1,1,10,45
39,1,1,7,4,0,1,3,1,0,0,5,10,0,0,3,7,198,2,3,0,2,3,4,8,12,8,5,1,1,2,10,0
-281,0,0,38,4,0,1,2,1,0,0,12,3,0,0,3,7,198,1,3,0,2,3,3,10,12,8,4,1,1,3,15,15
-4,0,0,9,3,0,1,2,1,0,0,4,11,0,0,3,7,198,0,3,0,2,3,4,9,11,8,3,1,1,2,10,15
85,0,0,7,3,0,1,2,0,0,0,12,3,0,0,3,7,198,0,3,1,3,3,4,8,10,7,3,1,1,2,10,0
29,0,0,4,3,0,0,2,0,0,0,10,5,0,0,3,7,198,0,3,2,3,3,7,7,9,6,2,0,1,2,9,45
38,0,0,11,3,0,0,1,0,0,0,6,9,0,0,3,7,198,0,3,2,3,3,6,6,8,5,2,0,0,2,10,30
76,0,0,4,2,0,0,1,0,0,0,2,13,0,0,3,7,198,0,3,2,3,3,5,5,7,4,1,0,0,2,9,45
-19,0,0,13,1,0,1,2,0,0,0,6,9,0,0,3,7,198,2,1,1,1,1,4,5,6,3,0,0,0,1,10,45
119,0,0,1,0,0,1,2,0,0,0,1,14,0,0,3,7,198,1,1,1,1,1,3,4,5,3,1,0,0,2,9,15
76,0,0,2,0,0,1,1,0,0,0,1,14,0,0,3,7,198,1,1,1,1,1,2,3,4,2,1,0,0,3,9,30
-25,0,0,4,0,0,0,1,0,0,0,12,3,0,0,3,7,198,1,1,1,1,1,1,3,3,1,1,0,0,2,9,45
-10,0,0,0,0,0,0,1,0,0,0,0,36,0,1,3,7,198,0,0,0,0,0,2,2,2,2,2,0,0,1,9,0
-21,0,0,2,0,0,0,0,0,0,0,0,46,0,0,3,7,198,0,0,0,0,0,1,1,1,1,1,0,0,3,9,30
34,36,2,55,0,0,0,0,0,0,0,28,0,1,0,2,7,197,0,55,2,5,14,1,1,5,1,0,2,1,1,17,45
4,28,6,51,7,0,0,0,1,0,0,8,7,0,0,2,7,197,0,46,6,9,14,4,8,16,9,5,2,1,1,17,0
19,28,6,49,8,0,0,0,1,0,0,14,1,0,0,2,7,197,2,44,4,8,12,4,7,16,8,4,2,1,2,16,45
27,28,6,49,7,0,0,0,1,0,0,13,2,0,0,2,7,197,2,44,5,8,12,3,6,15,7,4,2,1,2,16,45
31,26,5,48,6,0,0,2,2,0,0,1,14,0,0,2,7,197,3,41,3,5,9,4,8,17,8,6,2,2,2,16,30
24,25,5,53,6,0,0,2,2,0,0,4,11,0,0,2,7,197,3,40,4,6,9,4,8,18,8,6,1,2,1,17,15
14,23,4,51,5,0,0,3,2,0,0,11,4,0,0,2,7,197,2,39,3,6,10,3,8,17,9,6,1,1,1,17,0
-1,23,4,54,5,0,0,3,2,0,0,2,13,0,0,2,7,197,2,38,2,6,9,5,8,17,9,7,1,1,1,17,30
-9,23,4,44,5,0,0,2,2,0,0,13,2,0,0,2,7,197,2,38,2,6,10,4,7,16,8,6,1,1,2,16,0
69,22,3,39,5,0,0,3,2,0,0,11,4,0,0,2,7,197,2,36,3,4,9,5,9,16,9,7,0,1,2,15,30
71,22,3,39,4,0,0,3,2,0,0,6,9,0,0,2,7,197,2,36,3,4,11,4,9,15,8,6,0,0,2,15,30
21,21,2,44,3,0,0,3,2,0,0,4,11,0,0,2,7,197,1,36,4,4,11,3,8,14,8,6,0,0,2,16,0
27,20,1,37,3,0,0,4,2,0,0,6,9,0,0,2,7,197,2,34,2,3,9,5,11,13,8,6,0,0,3,15,15
11,19,0,46,2,0,0,4,2,0,0,0,15,0,0,2,7,197,1,34,2,4,10,5,10,12,8,6,0,0,1,16,15
-20,19,1,37,2,0,0,5,2,0,0,3,12,0,0,2,7,197,1,32,0,3,9,6,10,12,9,6,0,0,3,15,15
64,19,2,35,2,0,0,4,2,0,0,11,4,0,0,2,7,197,1,32,0,4,10,6,9,12,8,5,0,0,2,15,0
25,19,2,42,2,0,0,3,2,0,0,9,6,0,0,2,7,197,1,32,1,5,11,6,8,11,7,4,0,0,2,15,45
17,19,3,33,2,0,0,2,2,0,0,3,12,0,0,2,7,197,0,32,2,5,11,6,7,10,7,5,0,0,2,14,45
-70,19,3,42,2,0,0,1,2,0,0,10,5,0,0,2,7,197,0,32,3,5,11,5,7,10,6,4,0,0,2,15,45
62,19,3,35,1,0,0,1,2,0,0,3,12,0,0,2,7,197,0,32,3,7,11,5,6,10,5,3,0,0,2,15,0
-38,19,3,46,1,0,0,1,1,0,0,2,13,0,0,2,7,197,0,32,3,7,12,4,5,9,4,3,0,0,1,16,15
49,19,4,32,1,0,0,1,1,0,0,9,6,0,0,2,7,197,1,31,4,6,12,3,4,8,3,2,0,0,2,14,30
67,19,4,30,1,0,0,0,1,0,0,8,7,0,0,2,7,197,1,31,4,6,12,2,3,7,2,1,0,0,1,14,0
-40,18,4,39,0,0,1,0,2,0,0,24,6,0,0,2,7,197,2,29,4,5,12,2,2,8,2,0,0,0,2,15,30
39,16,3,28,2,0,0,0,2,0,0,2,28,0,0,2,7,197,2,27,3,6,12,1,3,9,3,1,0,0,1,13,15
11,14,4,29,3,0,1,1,1,0,0,7,8,0,0,2,7,197,1,24,3,7,13,3,6,12,6,1,0,0,1,13,30
-77,13,3,33,3,0,1,1,1,0,0,14,1,0,0,2,7,197,1,23,4,7,13,3,5,11,6,1,0,0,2,14,45
49,13,4,24,3,0,1,2,1,0,0,1,14,0,0,2,7,197,2,21,2,6,14,4,6,13,6,2,0,0,2,12,45
39,13,4,22,3,0,0,2,1,0,0,5,10,0,0,2,7,197,2,21,5,8,14,3,6,13,5,1,0,0,2,12,30
61,11,3,15,4,0,0,1,2,0,0,6,9,0,0,2,7,197,1,19,4,7,13,2,7,14,7,1,0,0,2,11,15
41,11,3,20,3,0,0,1,2,0,0,5,10,0,0,2,7,197,1,19,4,7,13,1,6,13,6,1,0,0,2,12,15
38,10,5,16,6,0,0,2,1,0,0,4,11,0,0,2,7,197,2,15,3,6,12,5,7,14,8,4,0,0,1,11,30
-2,9,4,24,6,0,0,2,0,0,0,3,12,0,0,2,7,197,1,15,3,7,12,4,6,13,8,4,0,0,2,12,45
16,9,4,22,5,0,0,2,0,0,0,1,14,0,0,2,7,197,1,15,4,8,12,3,7,13,7,3,0,0,2,12,30
28,8,5,16,4,0,2,2,0,0,0,13,2,0,0,2,7,197,1,13,4,6,12,3,8,14,8,4,0,0,1,11,30
-42,8,5,26,3,0,2,3,0,0,0,9,6,0,0,2,7,197,2,12,3,6,12,2,7,13,7,3,0,0,1,13,0
-69,7,5,31,4,0,2,2,0,0,0,13,2,0,0,2,7,197,2,11,4,6,11,4,7,12,7,4,0,0,1,14,15
34,6,6,13,5,0,2,2,0,0,0,7,8,0,0,2,7,197,2,9,3,6,9,6,8,11,8,6,0,0,1,11,0
-3,5,5,19,5,0,2,2,0,0,0,3,12,0,0,2,7,197,2,8,2,5,8,5,7,10,8,6,0,0,2,12,0
-73,5,5,18,6,0,2,1,0,0,0,1,14,0,0,2,7,197,2,7,2,4,7,4,7,9,8,5,0,0,1,11,45
-38,5,5,20,5,0,2,1,0,0,0,11,4,0,0,2,7,197,2,7,2,5,7,3,6,11,7,5,0,0,2,12,15
33,4,4,9,5,0,1,1,0,0,0,0,15,0,0,2,7,197,1,7,3,6,7,4,6,13,7,4,0,0,2,10,30
31,3,3,11,6,0,0,1,0,0,0,9,6,0,0,2,7,197,1,6,2,6,6,3,6,13,7,4,0,0,2,10,45
-11,2,2,13,6,0,0,1,0,0,0,10,5,0,0,2,7,197,1,5,3,5,5,3,5,13,7,5,0,0,1,11,0
-98,1,1,26,6,0,0,1,0,0,0,4,11,0,0,2,7,197,1,4,2,4,4,2,4,12,7,4,0,0,1,13,0
36,0,0,6,6,0,0,1,0,0,0,2,13,0,0,2,7,197,1,3,3,3,3,3,3,11,7,3,0,0,1,10,0
15,0,0,9,7,0,0,1,0,0,0,1,14,0,0,2,7,197,1,1,1,1,1,2,8,10,8,5,0,0,2,10,30
37,0,0,4,6,0,0,1,0,0,0,14,1,0,0,2,7,197,1,1,1,1,1,1,7,9,7,4,0,0,2,9,45
-1,0,0,0,6,0,0,1,0,0,0,0,30,0,1,2,7,197,0,0,0,0,0,8,8,8,8,6,0,0,1,9,0
43,0,0,2,5,0,0,1,0,0,0,0,31,0,0,2,7,197,0,0,0,0,0,7,7,7,7,5,0,0,2,9,30
-5,0,0,1,4,0,0,1,0,0,0,0,32,0,0,2,7,197,0,0,0,0,0,6,6,6,6,4,0,0,2,9,15
-52,0,0,8,3,0,0,1,0,0,0,0,34,0,0,2,7,197,0,0,0,0,0,5,5,5,5,3,0,0,2,10,15
4,0,0,6,2,0,0,1,0,0,0,0,42,0,0,2,7,197,0,0,0,0,0,4,4,4,4,2,0,0,1,10,0
10,0,0,2,1,0,0,1,0,0,0,0,44,0,0,2,7,197,0,0,0,0,0,3,3,3,3,1,0,0,2,9,30
-76,0,0,11,0,0,0,1,0,0,0,0,49,0,0,2,7,197,0,0,0,0,0,2,2,2,2,1,0,0,2,10,45
9,0,0,4,0,0,0,0,0,0,0,0,56,0,0,2,7,197,0,0,0,0,0,1,1,1,1,0,0,0,2,9,45
2,20,2,46,2,0,0,0,0,0,0,25,5,1,0,6,7,194,1,44,0,4,6,1,3,6,2,0,3,0,1,17,30
72,18,3,42,2,0,0,2,0,0,0,8,7,0,0,6,7,194,2,41,2,3,10,3,3,9,3,0,3,0,2,16,30
36,18,3,43,1,0,0,2,0,0,0,1,14,0,0,6,7,194,2,41,2,3,10,2,4,8,2,0,3,0,1,16,45
0,17,2,43,1,0,0,2,0,0,0,9,21,0,0,6,7,194,1,40,2,3,11,1,3,10,3,2,3,0,1,16,45
-34,15,2,45,1,0,0,2,0,0,1,6,9,0,0,6,7,194,0,38,1,7,11,3,6,12,5,4,3,0,1,17,0
-24,15,2,40,1,0,0,2,0,0,0,3,12,0,0,6,7,194,0,38,1,7,11,2,5,11,4,3,3,0,1,16,0
3,15,2,40,1,0,0,1,0,0,1,8,7,0,0,6,7,194,0,37,6,8,14,4,7,11,4,2,3,0,1,16,0
23,15,2,36,1,0,0,0,0,0,1,2,13,0,0,6,7,194,0,37,6,8,15,3,7,10,3,2,3,0,2,15,30
-33,15,2,38,2,0,0,0,0,0,0,1,14,0,0,6,7,194,1,36,5,7,15,2,6,9,2,1,3,0,2,15,45
27,15,2,38,3,0,0,0,0,0,0,6,9,0,0,6,7,194,3,34,3,7,13,1,5,8,1,1,3,0,2,15,45
5,13,0,30,4,0,0,0,0,0,1,4,11,0,0,6,7,194,1,31,4,7,12,4,6,13,5,4,3,1,2,14,45
12,13,0,29,3,0,0,0,0,0,1,0,15,0,0,6,7,194,1,31,4,8,12,3,5,13,4,3,3,1,2,14,30
-31,13,2,32,4,0,1,0,0,0,0,40,5,0,0,6,7,194,3,29,2,6,12,3,4,12,3,3,3,1,2,15,0
-27,13,2,32,3,0,1,0,0,0,0,35,10,0,0,6,7,194,3,29,2,7,12,3,4,11,2,2,3,1,2,15,0
-39,13,4,34,4,0,1,0,0,0,0,12,33,0,0,6,7,194,2,27,4,7,13,2,6,11,4,3,3,2,2,15,15
-76,13,4,34,4,0,0,0,0,0,0,9,36,0,0,6,7,194,2,27,4,7,14,2,6,10,3,2,2,2,2,15,15
-28,11,2,28,3,0,2,1,0,0,1,10,5,0,0,6,7,194,3,23,3,6,12,5,8,13,5,3,2,2,1,14,15
28,10,3,23,4,0,2,2,0,0,0,6,9,0,0,6,7,194,2,21,2,7,14,6,8,13,7,5,2,2,2,12,45
-99,10,3,36,3,0,2,3,0,0,0,1,14,0,0,6,7,194,3,20,1,6,13,6,7,13,6,4,1,2,2,15,30
12,9,2,24,3,0,1,3,0,0,0,14,1,0,0,6,7,194,2,20,2,6,13,5,6,13,6,3,1,1,1,13,0
-14,9,2,26,3,0,0,3,0,0,0,10,5,0,0,6,7,194,2,20,3,7,14,4,5,13,5,2,1,1,1,13,15
-75,9,2,30,2,0,0,3,0,0,0,3,12,0,0,6,7,194,1,20,3,7,14,3,5,12,5,2,1,1,2,14,45
31,9,2,20,1,0,0,3,0,0,0,0,15,0,0,6,7,194,1,20,4,7,14,2,4,11,4,2,0,1,1,12,30
-52,9,3,27,2,0,0,2,0,0,0,2,13,0,0,6,7,194,1,19,5,7,13,2,5,10,4,3,0,0,1,13,30
-12,7,4,20,5,0,0,2,0,0,0,7,8,0,0,6,7,194,2,15,3,8,10,3,6,14,6,2,0,0,1,12,30
-8,7,5,24,7,0,0,1,0,0,0,4,11,0,0,6,7,194,3,13,4,7,9,5,8,16,6,2,0,0,1,13,0
60,6,4,16,7,0,0,0,0,0,0,11,4,0,0,6,7,194,1,13,6,7,11,4,7,15,7,3,0,0,1,11,45
24,6,4,14,7,0,0,0,0,0,0,2,13,0,0,6,7,194,2,12,5,6,10,4,6,14,6,3,0,0,2,11,30
-11,5,3,19,6,0,0,0,0,0,1,10,5,0,0,6,7,194,2,11,5,5,11,4,6,13,6,4,0,0,3,12,15
27,5,3,14,6,0,0,0,0,0,1,8,7,0,0,6,7,194,3,10,4,4,10,4,6,12,5,4,0,0,2,11,30
-27,2,0,18,7,0,0,1,0,0,1,4,11,0,0,6,7,194,2,7,1,2,7,3,8,12,8,6,0,0,1,12,0
-9,2,0,13,6,0,0,1,0,0,1,1,14,0,0,6,7,194,2,7,1,3,7,2,7,11,7,5,0,0,2,11,15
22,2,0,11,7,0,0,1,0,0,0,10,5,0,0,6,7,194,2,6,0,2,6,2,8,10,7,5,0,0,1,10,45
104,2,1,4,6,0,0,1,0,0,0,1,14,0,0,6,7,194,0,6,2,5,6,6,8,13,8,6,0,0,2,9,45
51,2,1,6,5,0,0,1,0,0,0,10,5,0,0,6,7,194,0,6,2,6,6,6,7,13,7,5,0,0,1,10,0
-7,2,1,9,4,0,0,1,0,0,0,5,10,0,0,6,7,194,0,6,2,6,6,6,6,12,6,5,0,0,1,10,30
-4,2,1,16,3,0,0,1,0,0,0,5,10,0,0,6,7,194,0,6,2,6,6,5,5,11,5,4,0,0,1,11,45
74,2,2,6,3,0,0,1,0,0,0,12,3,0,0,6,7,194,1,5,3,5,5,4,5,10,4,3,0,0,1,10,0
0,2,2,12,4,0,0,0,0,0,0,1,14,0,0,6,7,194,1,4,3,4,4,3,4,9,4,2,0,0,1,11,0
-22,2,2,8,3,0,0,0,0,0,0,10,5,0,0,6,7,194,1,4,4,4,4,2,3,8,3,1,0,0,2,10,15
-104,2,2,20,2,0,0,0,0,0,0,8,7,0,0,6,7,194,1,4,4,4,4,1,2,7,2,1,0,0,1,12,30
-22,1,1,4,2,0,0,1,1,0,1,4,11,0,0,6,7,194,2,0,0,0,0,1,6,6,4,2,0,0,2,9,45
7,0,0,2,1,0,0,1,1,0,1,0,29,0,0,6,7,194,0,0,0,0,0,5,5,5,5,3,0,0,2,9,30
-4,0,0,9,0,0,0,1,1,0,1,0,31,0,0,6,7,194,0,0,0,0,0,4,4,4,4,3,0,0,1,10,30
-8,0,0,2,0,0,0,0,1,0,1,0,32,0,0,6,7,194,0,0,0,0,0,3,3,3,3,2,0,0,2,9,30
3,0,0,0,0,0,0,0,0,0,1,0,40,0,1,6,7,194,0,0,0,0,0,2,2,2,2,2,0,0,1,9,0
-12,0,0,1,0,0,0,0,0,0,0,0,50,0,0,6,7,194,0,0,0,0,0,1,1,1,1,1,0,0,2,9,15
68,32,3,46,0,0,0,0,0,0,0,28,0,0,0,5,7,193,0,49,2,5,9,1,1,5,1,1,4,0,1,17,0
4,29,3,48,3,0,0,1,0,0,0,10,5,0,0,5,7,193,2,44,3,5,10,2,4,9,3,1,3,1,1,17,15
50,26,3,40,3,0,0,2,0,0,1,12,3,0,0,5,7,193,0,41,1,6,9,3,5,10,7,4,3,0,1,15,45
0,26,3,49,3,0,0,1,0,0,1,8,7,1,0,5,7,193,0,41,2,6,9,3,4,9,6,4,3,0,1,17,30
-5,26,3,45,3,0,0,1,0,0,0,5,10,0,0,5,7,193,0,41,3,6,9,2,4,9,5,3,3,0,2,16,45
46,25,3,43,4,0,0,1,0,0,0,9,21,0,0,5,7,193,1,39,4,6,9,2,5,9,5,4,3,2,1,16,30
-11,24,2,46,4,0,0,1,0,0,1,7,8,0,0,5,7,193,1,37,3,5,10,3,5,11,6,5,3,2,1,17,0
203,23,2,29,5,0,0,1,0,0,1,6,9,0,0,5,7,193,2,35,2,3,9,3,6,13,6,5,3,2,1,13,30
14,22,1,36,5,0,0,1,0,0,0,9,6,0,0,5,7,193,1,34,3,4,11,2,6,12,6,4,2,2,2,15,15
18,22,2,42,5,0,1,0,0,0,0,11,4,0,0,5,7,193,2,34,2,4,11,3,5,11,5,3,1,1,2,16,15
2,22,2,40,6,0,1,0,0,0,0,8,7,0,0,5,7,193,2,32,1,5,12,4,7,12,6,3,1,1,1,15,45
-17,21,1,34,5,0,1,0,0,0,0,13,2,0,0,5,7,193,1,32,1,5,13,3,7,11,6,2,1,1,2,15,0
-52,21,1,43,4,0,1,0,0,0,0,8,7,0,0,5,7,193,1,32,2,6,13,2,8,11,5,2,1,1,1,16,30
54,21,2,34,3,0,1,0,0,0,0,4,11,0,0,5,7,193,1,32,3,6,13,1,7,10,4,2,1,1,2,15,0
-91,20,6,38,4,0,2,0,0,0,0,15,30,0,0,5,7,193,1,29,4,8,13,6,7,13,6,1,1,1,2,15,30
25,20,6,32,3,0,2,0,0,0,0,14,31,0,0,5,7,193,0,29,4,8,13,5,6,12,6,2,1,1,2,14,45
-47,20,6,38,3,0,2,0,0,0,0,9,36,0,0,5,7,193,1,28,4,7,13,4,5,11,5,2,0,1,2,15,30
-22,20,7,30,3,0,2,0,0,0,0,1,44,0,0,5,7,193,2,27,3,7,12,3,5,13,4,1,0,0,1,14,15
-91,20,7,36,3,0,1,0,0,0,0,10,5,0,0,5,7,193,2,27,5,8,13,2,5,13,3,1,0,0,2,15,15
4,20,7,31,3,0,1,0,0,0,0,9,6,0,0,5,7,193,3,26,4,7,12,1,4,12,2,0,0,0,2,14,30
4,14,3,28,6,0,2,0,0,0,0,0,15,0,0,5,7,193,2,21,4,5,12,4,7,16,7,4,0,0,1,13,15
23,14,3,26,6,0,1,0,0,0,0,9,6,0,0,5,7,193,2,21,4,6,13,4,6,16,6,4,0,0,1,13,0
64,13,3,26,7,0,1,0,0,0,0,11,4,0,0,5,7,193,2,19,3,5,14,4,8,15,7,5,0,0,1,13,0
47,13,3,20,6,0,1,0,0,0,0,4,11,0,0,5,7,193,1,19,3,5,16,3,8,14,7,5,0,0,2,12,15
-127,12,2,32,7,0,1,0,0,0,0,11,4,0,0,5,7,193,2,17,2,4,14,3,8,13,7,5,0,0,2,14,45
1,11,2,22,7,0,1,0,0,0,0,14,1,0,0,5,7,193,1,16,1,3,15,5,7,14,8,6,0,0,2,12,30
27,11,2,24,6,0,1,0,0,0,0,1,14,0,0,5,7,193,1,16,2,7,15,5,10,15,7,5,0,0,2,12,45
-6,11,3,20,7,0,0,0,0,0,0,8,7,0,0,5,7,193,1,15,2,7,15,5,10,15,7,5,0,0,2,12,15
93,10,2,11,6,0,0,0,0,0,0,7,8,0,0,5,7,193,0,15,2,7,15,4,9,14,7,6,0,0,1,10,45
29,10,3,22,5,0,0,0,0,0,0,4,11,0,0,5,7,193,0,15,2,9,15,3,8,13,6,5,0,0,2,12,30
50,10,3,18,4,0,0,0,1,0,0,11,4,0,0,5,7,193,1,14,1,9,14,2,7,13,5,4,0,0,2,12,0
-26,10,5,24,4,0,0,0,1,0,0,14,1,0,0,5,7,193,2,13,4,10,13,5,6,14,4,3,0,0,2,12,45
22,9,6,14,3,0,0,0,1,0,0,10,5,0,0,5,7,193,0,13,8,12,13,5,8,14,5,5,0,0,1,11,15
10,9,6,13,2,0,0,0,1,0,0,10,5,0,0,5,7,193,0,13,9,12,13,4,7,13,4,4,0,0,2,11,0
51,9,7,14,1,0,1,0,1,0,0,9,6,0,0,5,7,193,1,12,8,11,12,3,6,13,3,3,0,0,1,11,15
-15,9,7,18,2,0,1,0,1,0,0,7,8,0,0,5,7,193,3,10,7,9,10,2,6,12,2,2,0,0,2,12,0
-21,9,7,16,4,0,1,0,0,0,0,11,4,0,0,5,7,193,5,8,5,8,8,1,6,11,1,1,0,0,1,11,30
21,3,3,7,9,0,1,0,0,0,0,3,12,0,0,5,7,193,3,2,2,2,2,5,9,13,8,3,0,0,2,10,15
-3,3,3,9,8,0,1,0,0,0,0,0,15,0,0,5,7,193,3,2,2,2,2,4,8,12,7,2,0,0,2,10,30
-11,3,3,9,8,0,1,0,0,0,0,12,3,0,0,5,7,193,4,1,1,1,1,4,7,11,6,2,0,0,2,10,30
39,2,2,4,7,0,1,0,0,0,0,8,7,0,0,5,7,193,3,1,1,1,1,4,7,10,6,3,0,0,2,9,45
4,2,2,5,6,0,1,0,0,0,0,1,14,0,0,5,7,193,3,1,1,1,1,4,6,9,5,3,0,0,2,10,0
46,1,1,2,6,0,1,0,0,0,0,14,1,0,0,5,7,193,1,0,0,0,0,4,7,8,7,6,0,0,1,9,30
10,1,1,5,5,0,1,0,0,0,0,9,6,0,0,5,7,193,1,0,0,0,0,4,6,7,6,5,0,0,2,10,0
24,1,1,7,4,0,1,0,0,0,0,7,8,0,0,5,7,193,1,0,0,0,0,3,6,6,5,4,0,0,2,10,15
2,0,0,1,4,0,0,0,0,0,0,3,12,0,0,5,7,193,0,0,0,0,0,4,5,5,5,4,0,0,2,9,15
34,0,0,0,3,0,0,0,0,0,0,0,5,0,1,5,7,193,0,0,0,0,0,3,4,4,4,4,0,0,1,9,0
25,0,0,2,2,0,0,0,0,0,0,0,19,0,0,5,7,193,0,0,0,0,0,3,3,3,3,3,0,0,1,9,30
-74,0,0,11,1,0,0,0,0,0,0,0,23,0,0,5,7,193,0,0,0,0,0,2,2,2,2,2,0,0,1,10,45
-120,0,0,17,0,0,0,0,0,0,0,0,38,0,0,5,7,193,0,0,0,0,0,1,1,1,1,1,0,0,2,11,45
46,29,6,42,4,0,0,0,0,0,2,33,12,1,0,4,7,192,2,36,4,7,8,2,5,8,5,3,4,0,1,17,30
9,28,6,40,4,0,0,1,0,0,1,19,26,0,0,4,7,192,1,35,4,6,7,3,4,9,6,3,4,0,1,17,0
38,26,5,39,4,0,1,2,0,0,1,1,44,0,0,4,7,192,2,32,3,3,6,3,5,9,7,4,4,2,2,16,15
54,25,4,38,4,0,1,2,0,0,0,11,4,0,0,4,7,192,1,32,3,4,6,2,5,9,7,3,4,2,1,16,0
104,23,2,33,5,0,1,2,0,0,0,4,11,0,0,4,7,192,1,30,1,2,5,3,4,10,8,4,4,2,1,15,15
59,22,1,33,6,0,0,2,0,0,0,0,15,0,0,4,7,192,1,29,1,2,6,3,5,10,8,4,3,2,1,15,15
-18,21,0,40,5,0,0,2,0,0,0,6,9,0,0,4,7,192,0,29,1,2,7,2,5,9,8,4,2,1,1,17,0
44,21,0,33,5,0,0,2,0,0,0,14,1,0,0,4,7,192,1,28,0,2,7,2,5,9,7,4,2,0,1,15,15
51,21,2,37,4,0,0,2,0,0,0,14,1,0,0,4,7,192,1,28,2,3,10,4,6,10,6,4,2,1,1,15,45
87,21,2,31,4,0,0,1,0,0,0,8,7,0,0,4,7,192,0,28,2,4,11,3,5,9,6,4,2,1,3,15,0
71,21,2,29,4,0,0,1,0,0,0,11,4,0,0,4,7,192,1,27,2,5,10,4,5,9,5,3,2,1,2,14,45
11,21,3,36,4,0,0,1,0,0,0,1,14,0,0,4,7,192,2,26,1,4,11,3,5,8,4,2,2,1,1,15,30
55,20,3,28,4,0,0,1,0,0,0,32,13,0,0,4,7,192,1,25,2,4,11,3,4,7,5,3,2,1,2,14,30
92,20,5,29,4,0,0,0,0,0,0,27,18,0,0,4,7,192,1,25,2,5,12,2,3,7,4,3,1,1,2,14,45
-18,19,5,31,4,0,0,0,0,0,0,8,37,0,0,4,7,192,1,24,3,7,13,2,4,10,4,3,1,0,3,15,0
-2,18,5,27,4,0,0,1,0,0,0,4,11,0,0,4,7,192,2,22,3,7,14,3,4,13,4,2,1,0,1,14,15
41,15,4,26,3,0,1,1,1,0,1,9,6,0,0,4,7,192,2,19,3,6,14,3,4,13,6,3,1,0,1,13,30
17,15,4,21,3,0,1,1,1,0,0,7,8,0,0,4,7,192,2,19,3,6,14,2,4,12,5,3,1,0,2,12,45
25,13,5,23,3,0,1,1,2,0,0,1,14,0,0,4,7,192,2,17,3,8,13,2,7,15,6,4,1,0,1,13,0
51,12,6,23,3,0,2,1,3,0,0,2,13,0,0,4,7,192,2,14,5,8,12,5,10,16,8,5,1,1,1,13,0
74,11,5,12,4,0,2,1,2,0,0,7,8,0,0,4,7,192,1,13,5,8,11,7,9,15,9,5,1,1,2,11,30
37,11,7,16,4,0,1,1,2,0,0,5,10,0,0,4,7,192,1,13,5,8,11,7,8,14,8,4,1,1,2,12,0
46,11,7,18,4,0,1,1,2,0,0,14,1,0,0,4,7,192,2,12,6,7,10,6,8,13,7,4,1,1,1,12,15
12,9,5,16,5,0,1,1,1,0,0,9,6,0,0,4,7,192,1,11,5,7,9,6,9,12,8,5,1,1,2,12,0
-4,8,4,18,6,0,0,1,2,0,0,2,13,0,0,4,7,192,2,9,3,5,7,5,9,11,8,5,1,1,1,12,15
-21,8,5,21,7,0,0,1,1,0,0,0,15,0,0,4,7,192,3,8,2,4,6,4,8,11,7,5,1,1,2,12,45
0,8,5,25,6,0,0,1,1,0,0,11,4,0,0,4,7,192,3,8,3,4,6,3,7,12,6,5,1,1,1,13,15
42,6,3,8,6,0,0,0,1,0,0,5,10,0,0,4,7,192,1,8,3,5,6,2,7,11,7,5,0,1,2,11,0
21,6,4,10,7,0,0,0,1,0,0,11,4,0,0,4,7,192,3,6,2,4,5,4,7,10,6,4,0,0,2,11,15
10,4,3,12,7,0,0,0,1,0,0,4,11,0,0,4,7,192,1,5,2,3,5,5,6,9,8,4,0,0,2,11,30
21,4,3,8,7,0,0,0,0,0,0,13,2,0,0,4,7,192,1,5,2,3,5,5,5,9,7,3,0,0,2,11,0
-31,4,3,20,6,0,0,0,0,0,0,12,3,0,0,4,7,192,1,5,3,3,5,4,4,8,6,2,0,0,2,12,30
12,4,3,14,6,0,0,0,0,0,0,7,8,0,0,4,7,192,2,4,2,2,4,3,3,8,5,1,0,0,2,11,45
22,3,2,4,5,0,0,0,0,0,0,55,5,0,0,4,7,192,1,4,2,2,4,2,5,10,5,1,0,0,2,10,30
6,3,2,10,5,0,0,0,0,0,0,45,15,0,0,4,7,192,2,3,1,1,3,1,4,9,4,1,0,0,2,11,15
-49,1,1,14,5,0,0,0,0,0,0,2,58,0,0,4,7,192,0,2,2,2,2,3,6,8,6,4,0,0,2,11,45
0,1,1,4,4,0,0,0,0,0,0,14,1,0,0,4,7,192,0,2,2,2,2,2,6,7,5,3,0,0,2,10,30
6,1,1,6,3,0,0,0,0,0,0,13,2,0,0,4,7,192,0,2,2,2,2,1,5,6,4,3,0,0,2,10,45
2,0,0,0,4,0,0,0,0,0,0,0,13,0,1,4,7,192,0,0,0,0,0,5,5,5,5,5,0,0,1,9,0
-8,0,0,1,3,0,0,0,0,0,0,0,21,0,0,4,7,192,0,0,0,0,0,4,4,4,4,4,0,0,2,9,15
-55,0,0,6,2,0,0,0,0,0,0,0,28,0,0,4,7,192,0,0,0,0,0,3,3,3,3,3,0,0,2,10,45
42,0,0,2,1,0,0,0,0,0,0,0,30,0,0,4,7,192,0,0,0,0,0,2,2,2,2,2,0,0,2,9,30
31,0,0,2,0,0,0,0,0,0,0,0,35,0,0,4,7,192,0,0,0,0,0,1,1,1,1,1,0,0,2,9,30
0,35,7,50,5,0,1,2,0,0,0,2,13,0,0,3,7,191,1,44,4,10,13,3,6,18,8,3,10,2,1,16,45
43,32,5,50,6,0,2,2,0,0,0,10,5,0,0,3,7,191,1,41,7,8,13,3,11,19,10,3,10,5,1,16,45
7,32,5,48,5,0,2,2,1,0,0,6,9,0,0,3,7,191,2,40,6,8,13,3,10,18,9,3,10,5,2,16,30
52,30,3,45,6,0,2,2,1,0,0,9,6,0,0,3,7,191,1,38,4,6,12,5,12,17,11,5,10,6,1,16,0
34,29,2,45,7,0,3,2,1,0,1,9,6,0,0,3,7,191,4,34,1,3,10,8,13,16,11,4,9,6,1,16,0
-5,29,2,43,6,0,3,2,1,0,1,5,10,0,0,3,7,191,4,34,2,3,10,8,13,15,10,4,8,5,2,15,45
-1,28,2,52,5,0,3,2,1,0,1,13,2,1,0,3,7,191,3,34,2,4,12,9,12,14,10,4,7,4,1,17,0
28,28,2,43,5,0,2,2,1,0,1,11,4,0,0,3,7,191,3,34,2,4,12,8,11,13,9,3,7,3,2,15,45
25,27,1,36,6,0,2,2,0,0,1,4,11,0,0,3,7,191,2,33,1,5,11,8,11,14,10,2,7,3,5,15,15
55,27,1,38,6,0,2,1,0,0,1,3,12,0,0,3,7,191,2,33,1,5,11,7,10,13,9,1,6,3,2,15,30
38,27,1,38,6,0,1,1,0,0,1,11,4,0,0,3,7,191,2,33,2,5,11,7,10,13,8,1,5,2,2,15,30
-66,27,1,47,6,0,1,1,0,0,0,10,5,0,0,3,7,191,2,33,2,5,11,6,9,12,7,1,5,1,2,16,15
26,27,2,38,6,0,1,1,0,0,0,5,10,0,0,3,7,191,2,32,1,5,11,6,8,13,7,1,4,1,2,15,30
10,27,2,34,5,0,1,1,0,0,0,4,11,0,0,3,7,191,2,32,1,5,11,5,7,12,6,1,4,0,2,15,0
-10,27,3,48,5,0,1,0,0,0,0,3,12,0,0,3,7,191,2,32,1,5,11,4,6,11,5,1,4,0,2,16,30
34,27,4,32,5,0,0,0,0,0,0,7,8,0,0,3,7,191,1,32,3,6,12,3,5,10,5,2,4,0,2,14,45
-43,27,4,38,4,0,0,0,0,0,0,3,12,0,0,3,7,191,1,32,4,7,13,3,4,9,4,1,4,0,2,15,30
65,27,5,32,4,0,0,0,0,0,0,8,7,0,0,3,7,191,2,31,3,7,13,3,3,9,3,0,4,0,2,14,45
30,26,6,34,3,0,1,1,0,0,0,36,9,0,0,3,7,191,2,29,4,7,14,2,4,10,4,1,4,0,2,15,0
-21,26,7,36,3,0,1,1,0,0,0,28,17,0,0,3,7,191,2,28,3,6,14,1,4,10,4,1,4,0,5,15,15
4,20,5,30,5,0,3,1,1,0,0,8,7,0,0,3,7,191,2,22,2,6,13,5,8,18,9,3,4,1,1,14,15
30,20,5,24,5,0,2,1,1,0,0,8,7,0,0,3,7,191,2,22,2,6,13,4,7,17,8,2,4,1,2,12,45
-18,20,7,31,4,0,2,1,1,0,0,1,14,0,0,3,7,191,2,22,4,7,15,3,6,16,7,2,4,1,2,14,30
-85,19,6,38,4,0,1,1,1,0,0,10,5,0,0,3,7,191,1,22,4,8,15,3,6,15,7,2,3,1,2,15,30
17,19,7,28,3,0,2,1,1,0,0,9,6,0,0,3,7,191,2,21,3,7,14,2,5,14,6,2,3,0,1,13,15
46,16,6,26,5,0,2,1,1,0,0,13,2,0,0,3,7,191,2,18,4,7,14,4,8,16,8,4,3,1,1,13,0
32,15,7,19,4,0,2,1,1,0,0,0,15,0,0,3,7,191,0,18,6,9,14,3,11,16,9,5,3,3,1,12,0
29,15,7,22,4,0,1,1,1,0,0,0,15,0,0,3,7,191,0,18,6,9,14,2,10,15,8,4,3,3,2,12,30
54,13,6,26,7,0,2,0,1,0,0,0,15,0,0,3,7,191,2,14,3,7,11,5,10,16,9,5,3,3,1,13,0
42,11,6,19,8,0,1,0,2,0,0,13,2,0,0,3,7,191,2,12,3,7,11,9,10,17,10,4,3,3,1,12,0
35,10,6,14,8,0,0,0,2,0,0,7,8,0,0,3,7,191,1,11,3,6,10,8,10,16,11,4,2,3,2,11,30
35,10,6,14,8,0,0,0,2,0,0,7,8,0,0,3,7,191,1,11,3,6,10,8,10,16,11,4,2,3,2,11,30
106,10,6,14,7,0,0,0,2,0,0,3,12,0,0,3,7,191,1,11,4,7,10,6,9,16,9,3,2,2,2,11,30
-4,10,6,17,7,0,0,0,2,0,0,11,4,0,0,3,7,191,2,10,3,6,10,5,9,16,8,3,1,2,2,11,45
2,9,5,21,6,0,0,0,2,0,0,6,9,0,0,3,7,191,1,10,4,6,10,5,8,15,8,3,1,1,2,12,15
-29,9,5,24,6,0,0,0,2,0,0,4,11,0,0,3,7,191,2,9,3,5,9,4,7,14,7,2,0,1,2,12,45
15,8,4,22,6,0,0,0,1,0,0,3,12,0,0,3,7,191,1,9,3,5,9,3,6,13,7,2,0,0,2,12,30
18,8,4,29,5,0,0,0,1,0,0,0,15,0,0,3,7,191,1,9,3,5,9,2,5,12,6,1,0,0,1,13,30
40,6,4,13,5,0,1,0,1,0,0,8,7,0,0,3,7,191,1,7,3,6,7,4,7,11,7,2,0,0,3,11,15
40,5,3,12,6,0,2,0,0,0,0,11,4,0,0,3,7,191,2,5,1,4,5,4,7,11,7,2,0,0,1,11,0
59,4,2,5,5,0,2,0,1,0,0,5,10,0,0,3,7,191,2,4,1,3,4,3,7,11,7,3,0,0,2,10,0
55,4,3,9,4,0,2,0,1,0,0,13,2,0,0,3,7,191,2,4,1,4,4,3,8,10,6,2,0,0,1,10,30
36,4,4,9,3,0,2,0,1,0,0,12,3,0,0,3,7,191,1,4,3,4,4,4,7,10,6,3,0,0,1,10,30
51,3,3,5,3,0,1,1,1,0,0,1,14,0,0,3,7,191,1,3,3,3,3,6,6,9,6,2,0,0,2,10,0
4,2,2,17,3,0,1,2,1,0,0,8,7,0,0,3,7,191,2,1,1,1,1,5,5,9,6,3,0,0,2,11,45
63,2,2,7,2,0,1,2,1,0,0,0,15,0,0,3,7,191,1,1,1,1,1,4,5,8,6,4,0,0,2,10,15
-1,2,2,7,2,0,1,2,0,0,0,6,9,0,0,3,7,191,1,1,1,1,1,3,5,7,5,4,0,0,2,10,15
-59,2,2,11,1,0,1,2,0,0,0,3,12,0,0,3,7,191,1,1,1,1,1,2,4,6,4,3,0,0,1,10,45
52,2,2,3,0,0,1,2,0,0,0,3,12,0,0,3,7,191,1,1,1,1,1,1,3,5,3,2,0,0,2,9,45
13,0,0,3,1,0,1,1,0,0,0,0,9,0,0,3,7,191,0,0,0,0,0,2,4,4,4,3,0,0,2,9,45
72,0,0,0,1,0,0,1,0,0,0,0,21,0,1,3,7,191,0,0,0,0,0,2,3,3,3,2,0,0,1,9,0
0,0,0,2,1,0,0,0,0,0,0,0,43,0,0,3,7,191,0,0,0,0,0,2,2,2,2,2,0,0,2,9,30
2,0,0,1,0,0,0,0,0,0,0,0,61,0,0,3,7,191,0,0,0,0,0,1,1,1,1,1,0,0,1,9,15
35,32,3,47,6,0,0,1,0,0,0,7,8,0,0,2,7,190,0,42,2,5,9,3,5,10,8,6,4,2,1,16,45
31,32,4,47,6,0,0,1,0,0,0,14,1,0,0,2,7,190,1,41,1,4,10,3,5,10,7,5,4,2,1,16,45
-5,31,3,49,5,0,0,1,0,0,0,1,14,1,0,2,7,190,0,41,3,4,10,3,4,10,7,6,3,2,1,17,0
109,31,3,43,6,0,0,0,0,0,0,5,10,0,0,2,7,190,1,40,3,4,10,3,5,10,6,5,2,1,1,16,0
34,30,2,46,5,0,0,1,0,0,0,7,8,0,0,2,7,190,1,39,2,4,11,2,6,10,6,6,2,0,2,16,30
33,28,2,45,5,0,0,1,1,0,0,6,9,0,0,2,7,190,1,37,1,4,9,3,5,11,7,6,2,0,1,16,15
10,28,2,37,4,0,0,1,1,0,0,13,2,0,0,2,7,190,0,37,3,6,12,4,7,12,7,6,2,1,1,15,15
93,28,2,36,4,0,0,1,1,0,0,10,5,0,0,2,7,190,1,36,2,6,11,3,6,13,6,5,2,1,2,15,0
55,28,3,40,3,0,0,1,1,0,0,0,15,0,0,2,7,190,1,36,3,7,13,2,5,13,5,4,2,1,2,15,45
6,28,3,43,2,0,0,1,1,0,0,10,5,0,0,2,7,190,0,36,5,8,13,2,5,12,5,3,2,2,1,16,0
35,26,3,37,2,0,1,2,1,0,0,0,15,0,0,2,7,190,0,33,4,6,13,3,7,13,7,5,2,2,1,15,15
19,26,3,32,3,0,0,3,1,0,0,36,9,0,0,2,7,190,1,31,3,4,12,3,7,13,7,5,2,2,1,14,15
-20,26,4,39,3,0,0,3,0,0,0,29,16,0,0,2,7,190,1,31,3,6,13,3,6,12,6,4,1,2,3,15,30
52,25,3,33,4,0,0,2,0,0,1,12,33,0,0,2,7,190,1,29,2,6,13,4,8,11,7,4,0,1,2,14,30
-98,24,3,40,5,0,0,1,0,0,1,2,43,0,0,2,7,190,1,28,3,6,13,4,7,10,7,4,0,0,2,15,45
-2,23,3,34,4,0,0,1,0,0,1,6,9,0,0,2,7,190,0,28,3,7,14,5,7,10,7,4,0,0,1,14,45
-121,23,4,40,5,0,0,1,0,0,0,3,12,0,0,2,7,190,1,27,2,7,14,5,7,9,6,4,0,0,2,15,45
70,23,5,29,4,0,0,1,0,0,0,8,7,0,0,2,7,190,1,27,4,8,15,4,7,10,5,3,0,0,2,13,15
36,22,5,27,4,0,0,2,0,0,0,11,4,0,0,2,7,190,1,25,4,8,15,4,6,10,6,3,0,0,1,13,0
-29,22,5,34,4,0,0,1,0,0,0,11,4,0,0,2,7,190,1,25,4,8,15,3,5,9,5,3,0,0,1,14,45
22,22,6,30,3,0,0,1,0,0,0,3,12,0,0,2,7,190,1,25,5,9,16,3,4,10,4,2,0,0,1,13,30
41,21,8,26,5,0,0,2,0,0,0,13,2,0,0,2,7,190,3,21,3,7,14,3,3,13,5,2,0,0,2,12,45
-33,20,8,30,6,0,0,1,0,0,0,4,11,0,0,2,7,190,3,20,4,7,14,2,3,14,5,1,0,0,1,13,30
35,18,6,24,6,0,0,1,0,0,0,9,6,0,0,2,7,190,2,19,4,7,14,1,4,15,6,1,0,0,1,12,30
16,13,6,21,8,0,1,2,0,0,0,9,6,0,0,2,7,190,1,14,4,7,13,4,10,20,11,2,0,0,1,12,0
3,12,6,23,8,0,1,2,0,0,0,1,14,0,0,2,7,190,1,13,4,7,12,5,11,21,11,2,0,0,2,12,15
-15,12,6,27,7,0,1,3,0,0,0,11,4,0,0,2,7,190,2,12,4,7,11,6,11,21,10,1,0,0,1,13,0
40,12,8,16,7,0,1,3,0,0,0,1,14,0,0,2,7,190,2,11,4,8,11,5,13,21,10,2,0,0,2,11,15
6,11,8,24,7,0,1,3,0,0,0,9,6,0,0,2,7,190,2,10,3,7,10,6,12,20,10,2,0,0,1,12,30
25,10,7,21,6,0,1,3,0,0,0,6,9,0,0,2,7,190,1,10,3,8,10,5,11,20,10,3,0,0,1,12,0
-10,9,7,20,7,0,0,3,0,0,0,28,2,0,0,2,7,190,2,8,3,6,8,7,11,19,10,3,0,0,2,11,45
8,9,7,18,7,0,0,3,0,0,0,28,2,0,0,2,7,190,2,8,3,6,8,7,11,19,10,3,0,0,1,11,30
14,7,5,12,8,0,0,2,0,0,0,14,16,0,0,2,7,190,1,7,4,6,7,8,12,17,10,4,0,0,2,10,45
0,7,5,12,7,0,0,2,0,0,0,13,17,0,0,2,7,190,1,7,4,6,7,7,11,16,9,3,0,0,2,10,45
45,7,6,16,6,0,0,2,0,0,0,6,24,0,0,2,7,190,1,7,5,6,7,6,10,16,8,3,0,0,2,11,15
139,7,6,0,5,0,0,2,0,0,0,5,25,0,1,2,7,190,1,7,5,6,7,5,10,15,7,3,0,0,1,9,0
37,6,5,10,5,0,0,2,0,0,0,0,30,0,0,2,7,190,1,5,4,5,6,4,11,14,7,4,0,0,2,10,15
-21,6,5,18,5,0,0,2,0,0,0,9,6,0,0,2,7,190,2,5,3,4,5,5,10,13,6,3,0,0,1,11,30
45,6,5,14,4,0,0,2,0,0,0,7,8,0,0,2,7,190,2,5,3,5,5,4,9,12,5,2,0,0,2,11,0
33,4,4,14,4,0,0,2,0,0,0,3,12,0,0,2,7,190,1,4,3,4,4,4,9,11,6,3,0,0,2,11,0
49,2,2,3,5,0,0,2,0,0,0,14,1,0,0,2,7,190,1,2,1,2,2,7,9,10,7,3,0,0,2,9,30
36,2,2,8,4,0,0,2,0,0,0,11,4,0,0,2,7,190,0,2,1,2,2,6,8,9,7,3,0,0,2,10,0
5,2,2,8,4,0,0,2,0,0,0,6,9,0,0,2,7,190,1,1,1,1,1,6,7,8,6,3,0,0,2,10,0
-2,2,2,6,3,0,0,2,0,0,0,2,13,0,0,2,7,190,1,1,1,1,1,5,6,7,5,2,0,0,2,9,45
36,1,1,3,2,0,0,2,0,0,0,5,10,0,0,2,7,190,0,1,1,1,1,5,6,6,5,2,0,0,2,9,30
26,1,1,3,2,0,0,1,0,0,0,2,13,0,0,2,7,190,0,1,1,1,1,4,5,5,4,2,0,0,2,9,30
24,1,1,10,2,0,0,0,0,0,0,0,15,0,0,2,7,190,0,1,1,1,1,3,4,4,3,2,0,0,2,10,15
7,1,1,2,2,0,0,0,0,0,0,6,9,0,0,2,7,190,1,0,0,0,0,2,3,3,2,1,0,0,3,9,15
6,0,0,0,1,0,0,0,0,0,0,0,9,0,1,2,7,190,0,0,0,0,0,2,2,2,2,0,0,0,1,9,0
6,0,0,6,0,0,0,0,0,0,0,0,35,0,0,2,7,190,0,0,0,0,0,1,1,1,1,0,0,0,2,9,45
-19,36,3,49,1,0,0,1,0,0,0,4,26,1,0,6,7,187,1,47,2,5,14,1,2,5,2,0,2,0,2,17,30
5,34,4,46,3,0,0,1,0,0,0,25,5,0,0,6,7,187,1,44,4,7,13,1,2,6,4,3,2,0,1,16,45
44,30,4,43,8,0,0,2,0,0,0,14,1,0,0,6,7,187,2,37,4,5,12,4,5,10,9,5,2,0,1,16,0
17,30,4,43,7,0,0,2,0,0,0,9,6,0,0,6,7,187,2,37,4,6,12,3,5,11,8,4,2,0,1,16,0
21,29,5,46,8,0,0,1,3,0,0,5,10,0,0,6,7,187,4,33,0,4,11,2,5,11,9,4,2,0,1,16,45
-29,28,4,48,7,0,0,1,3,0,0,4,11,0,0,6,7,187,3,33,1,4,11,1,4,10,9,4,2,0,1,17,0
-24,27,7,45,7,0,0,1,3,0,0,18,12,0,0,6,7,187,3,32,3,6,13,3,6,13,9,3,2,0,2,16,30
25,26,6,40,8,0,0,0,3,0,0,9,21,0,0,6,7,187,3,31,3,6,13,3,7,12,9,3,2,0,1,15,30
38,25,6,39,7,0,0,0,3,0,0,42,3,0,0,6,7,187,2,31,5,8,13,3,7,11,9,3,2,0,2,15,15
49,24,8,35,9,0,0,0,2,0,0,30,15,0,0,6,7,187,3,29,4,7,12,3,6,12,9,3,2,0,2,14,15
54,22,6,36,9,0,0,0,2,0,1,17,28,0,0,6,7,187,3,26,3,6,11,4,6,11,10,4,2,0,1,14,45
-10,21,7,40,8,0,0,1,2,0,1,6,39,0,0,6,7,187,2,26,4,7,10,4,8,11,11,5,2,1,1,15,30
28,20,6,36,8,0,0,1,2,0,1,12,3,0,0,6,7,187,2,25,3,6,9,3,7,10,11,6,2,1,1,14,45
-6,20,7,42,7,0,0,1,2,0,1,9,6,0,0,6,7,187,2,25,4,7,10,2,6,9,10,5,2,1,2,15,45
82,19,6,34,7,0,0,1,2,0,1,1,14,0,0,6,7,187,2,24,3,6,10,2,5,10,10,5,2,1,1,13,30
75,16,6,33,10,0,0,1,1,0,1,6,9,0,0,6,7,187,2,21,3,5,14,4,6,15,12,7,2,1,1,13,15
81,16,6,31,9,0,0,1,1,0,1,0,15,0,0,6,7,187,2,21,3,5,14,3,5,14,11,7,2,1,1,13,0
34,14,4,31,9,0,0,0,2,0,1,10,5,0,0,6,7,187,1,20,3,4,15,2,5,13,12,8,2,1,1,13,0
-80,14,5,38,9,0,0,0,3,0,0,7,8,0,0,6,7,187,2,19,2,3,14,2,4,12,11,7,1,1,1,15,0
81,12,4,27,9,0,0,1,3,0,0,9,6,0,0,6,7,187,2,17,1,4,15,3,5,15,12,7,1,0,2,12,30
48,12,4,25,8,0,0,1,3,0,0,5,10,0,0,6,7,187,2,17,1,8,15,2,4,14,11,6,1,0,2,12,15
84,10,4,29,7,0,0,1,4,0,0,14,1,0,0,6,7,187,1,16,2,9,15,3,9,17,12,5,1,0,2,12,45
77,9,5,21,7,0,0,1,4,0,0,9,6,0,0,6,7,187,1,15,7,11,14,7,10,18,12,5,1,0,2,11,45
52,9,5,29,7,0,0,1,4,0,0,7,8,0,0,6,7,187,2,14,7,11,13,7,9,17,11,5,1,0,2,12,45
112,8,5,23,11,0,0,2,4,0,0,3,12,0,0,6,7,187,6,8,3,6,8,6,10,19,12,4,1,0,2,12,0
80,8,6,23,10,0,0,2,4,0,0,14,1,0,0,6,7,187,6,8,4,6,8,5,11,18,11,4,1,1,2,12,0
56,6,4,19,10,0,0,2,3,0,0,11,4,0,0,6,7,187,4,8,4,6,8,6,10,17,12,4,1,1,2,11,30
41,6,4,27,10,0,0,2,2,0,0,9,6,0,0,6,7,187,4,8,4,6,8,5,9,17,11,4,1,1,2,12,30
46,6,4,17,10,0,0,2,1,0,0,9,6,0,0,6,7,187,4,8,4,7,8,4,8,16,10,3,1,1,2,11,15
75,6,4,19,9,0,0,2,1,0,1,8,7,0,0,6,7,187,5,7,3,6,7,3,7,16,9,3,1,1,2,11,30
101,4,3,15,10,0,1,2,1,0,1,14,1,0,0,6,7,187,4,4,2,3,4,6,9,17,12,2,1,1,2,11,0
53,4,3,13,10,0,1,2,0,0,1,12,3,0,0,6,7,187,4,4,2,3,4,5,8,16,11,1,1,1,2,10,45
37,3,2,6,11,0,0,2,0,0,1,0,15,0,0,6,7,187,4,3,2,2,3,6,11,17,11,2,1,1,2,10,0
-7,3,2,13,11,0,0,2,0,0,0,13,2,0,0,6,7,187,4,3,2,2,3,5,10,16,10,2,1,1,2,10,45
85,2,2,11,11,0,0,2,0,0,0,1,14,0,0,6,7,187,3,2,1,2,2,5,9,15,11,3,0,1,2,10,30
0,2,2,25,11,0,0,1,0,0,0,0,15,0,0,6,7,187,3,2,1,2,2,4,8,14,10,3,0,0,2,12,15
58,2,2,6,10,0,0,2,0,0,0,6,9,0,0,6,7,187,3,1,0,1,1,4,9,14,10,4,0,0,2,10,0
-35,2,2,21,9,0,0,2,0,0,0,1,14,0,0,6,7,187,3,1,0,1,1,5,9,13,9,3,0,0,2,11,45
2,1,1,6,8,0,0,2,0,0,0,2,13,0,0,6,7,187,1,1,1,1,1,5,8,12,10,5,0,0,2,10,0
49,1,1,2,7,0,0,2,0,0,0,10,5,0,0,6,7,187,1,1,1,1,1,4,9,11,9,4,0,0,2,9,30
-14,1,1,15,6,0,0,2,0,0,0,4,11,0,0,6,7,187,1,1,1,1,1,6,9,10,8,3,0,0,2,11,0
44,1,1,4,5,0,0,2,0,0,0,3,12,0,0,6,7,187,1,1,1,1,1,5,8,9,7,3,0,0,3,9,45
27,1,1,11,5,0,0,1,0,0,0,0,15,0,0,6,7,187,1,1,1,1,1,4,7,8,6,3,0,0,2,10,30
-11,0,0,1,5,0,0,1,0,0,0,0,5,0,0,6,7,187,0,0,0,0,0,5,6,7,7,5,0,0,2,9,15
0,0,0,17,4,0,0,1,0,0,0,0,7,0,0,6,7,187,0,0,0,0,0,5,5,6,6,4,0,0,2,11,15
-7,0,0,9,3,0,0,1,0,0,0,0,10,0,0,6,7,187,0,0,0,0,0,4,5,5,5,4,0,0,2,10,15
6,0,0,2,3,0,0,0,0,0,0,0,28,0,0,6,7,187,0,0,0,0,0,3,4,4,4,4,0,0,2,9,30
-3,0,0,4,2,0,0,0,0,0,0,0,34,0,0,6,7,187,0,0,0,0,0,2,3,3,3,3,0,0,3,9,45
-22,0,0,9,1,0,0,0,0,0,0,0,36,0,0,6,7,187,0,0,0,0,0,1,2,2,2,2,0,0,2,10,15
2,0,0,0,0,0,0,0,0,0,0,0,68,0,1,6,7,187,0,0,0,0,0,1,1,1,1,1,0,0,1,9,0
50,30,2,40,1,0,1,1,0,0,0,8,7,0,0,5,7,186,0,39,2,5,13,1,2,10,4,0,3,1,1,17,0
92,30,4,36,2,0,1,1,0,0,0,19,11,0,0,5,7,186,2,37,3,7,13,1,5,12,3,0,3,1,2,16,0
22,27,4,39,3,0,2,2,0,0,0,1,14,0,0,5,7,186,1,33,3,7,10,5,8,13,7,2,3,1,2,16,45
26,27,4,40,3,0,2,1,0,0,0,14,1,0,0,5,7,186,1,33,4,7,11,4,8,12,6,2,3,1,1,17,0
-16,26,4,37,3,0,2,2,0,0,0,14,1,0,0,5,7,186,1,31,4,6,11,5,9,12,7,2,3,1,1,16,30
-76,26,4,42,3,0,1,2,0,0,0,13,2,1,0,5,7,186,1,31,4,6,11,4,8,12,6,2,2,1,1,17,30
-61,26,5,37,3,0,1,2,0,0,0,2,13,0,0,5,7,186,1,30,4,6,10,4,7,12,6,3,2,0,1,16,30
2,26,5,34,5,0,0,2,0,0,0,9,6,0,0,5,7,186,2,28,3,4,10,6,7,11,6,3,2,0,1,15,45
15,26,5,34,4,0,0,2,0,0,0,8,7,0,0,5,7,186,2,28,3,4,10,5,6,10,5,3,2,0,1,15,45
-17,24,3,32,5,0,0,1,0,0,0,13,2,0,0,5,7,186,1,27,2,3,11,4,5,11,6,2,2,0,2,15,30
-11,23,3,32,6,0,0,0,0,0,0,14,1,0,0,5,7,186,0,26,2,4,11,3,5,11,7,3,2,0,2,15,30
8,23,3,29,6,0,0,0,0,0,0,11,4,0,0,5,7,186,1,25,1,3,11,3,4,10,6,2,2,0,1,15,0
78,23,3,27,5,0,0,0,0,0,0,11,4,0,0,5,7,186,1,25,1,3,11,2,3,9,5,2,2,0,2,14,45
17,21,3,31,5,0,0,0,0,0,0,43,2,0,0,5,7,186,0,24,2,6,13,2,5,9,6,2,2,0,2,15,15
4,21,6,25,5,0,0,0,0,0,0,17,28,0,0,5,7,186,1,23,3,8,15,4,6,10,5,2,2,0,1,14,15
20,20,6,27,5,0,1,0,0,0,0,2,43,0,0,5,7,186,2,21,3,7,15,4,7,11,5,1,2,0,2,14,45
107,19,6,22,5,0,1,0,0,0,0,13,2,0,0,5,7,186,2,20,4,6,14,4,6,10,5,1,2,0,1,13,0
61,19,7,24,4,0,1,0,0,0,0,11,4,0,0,5,7,186,2,20,4,7,16,3,5,9,4,0,2,0,1,13,30
-12,18,8,29,5,0,1,0,0,0,0,7,8,0,0,5,7,186,2,18,4,8,16,3,5,10,5,1,2,0,1,15,0
31,16,7,23,5,0,1,0,0,0,0,1,14,0,0,5,7,186,1,17,3,7,15,3,4,10,6,2,2,0,1,13,15
34,15,7,20,6,0,0,1,0,0,0,1,14,0,0,5,7,186,2,15,4,7,14,2,4,10,6,3,2,0,1,12,45
106,14,7,10,6,0,0,1,0,0,0,3,12,0,0,5,7,186,2,14,4,8,14,2,5,11,6,3,2,0,1,11,15
62,11,7,14,7,0,0,2,0,0,0,13,2,0,0,5,7,186,2,11,4,9,11,2,4,14,8,5,2,0,2,12,0
62,8,6,18,8,0,0,2,0,0,0,13,2,0,0,5,7,186,1,9,3,7,9,3,6,15,10,4,2,1,2,12,30
-29,7,6,16,9,0,0,2,1,0,0,11,4,0,0,5,7,186,2,6,4,6,6,2,7,16,11,6,2,1,2,12,15
5,7,6,20,8,0,0,2,1,0,0,7,8,0,0,5,7,186,2,6,4,6,6,3,7,15,10,5,2,1,1,12,45
17,4,4,16,8,0,2,3,1,0,0,7,8,0,0,5,7,186,2,2,2,2,2,6,11,16,13,5,2,2,2,12,15
-72,4,4,26,7,0,2,3,1,0,0,7,8,0,0,5,7,186,2,2,2,2,2,5,10,16,12,4,2,2,2,14,30
81,3,3,0,7,0,1,3,1,0,0,6,9,0,1,5,7,186,1,2,2,2,2,4,9,15,12,4,1,2,2,9,45
25,1,1,12,7,0,1,3,1,0,0,17,13,0,0,5,7,186,0,1,1,1,1,5,10,14,13,5,1,1,2,11,45
64,1,1,7,7,0,1,3,1,0,0,13,17,0,0,5,7,186,1,0,0,0,0,6,10,13,12,5,1,1,1,11,0
50,1,1,5,7,0,0,3,1,0,0,10,20,0,0,5,7,186,1,0,0,0,0,5,9,12,11,5,1,1,3,10,30
28,1,1,14,7,0,0,2,1,0,0,2,28,0,0,5,7,186,1,0,0,0,0,6,8,11,10,5,1,1,2,12,0
82,1,1,7,7,0,0,1,1,0,0,1,29,0,0,5,7,186,1,0,0,0,0,5,7,10,9,4,0,1,1,11,0
42,0,0,7,6,0,0,1,1,0,0,2,13,0,0,5,7,186,0,0,0,0,0,5,7,9,9,4,0,0,1,11,0
73,0,0,3,6,0,0,1,0,0,0,14,1,0,0,5,7,186,0,0,0,0,0,5,7,8,8,3,0,0,2,10,15
30,0,0,11,5,0,0,1,0,0,0,8,7,0,0,5,7,186,0,0,0,0,0,4,6,7,7,3,0,0,2,11,30
62,0,0,5,4,0,0,1,0,0,0,4,11,0,0,5,7,186,0,0,0,0,0,3,6,6,6,3,0,0,3,10,30
12,0,0,18,3,0,0,1,0,0,0,13,2,0,0,5,7,186,0,0,0,0,0,2,5,5,5,2,0,0,2,12,30
-35,0,0,12,2,0,0,1,0,0,0,0,1,0,0,5,7,186,0,0,0,0,0,3,4,4,4,2,0,0,2,11,45
36,0,0,3,1,0,0,1,0,0,0,0,22,0,0,5,7,186,0,0,0,0,0,3,3,3,3,2,0,0,2,10,15
65,0,0,1,1,0,0,0,0,0,0,0,30,0,0,5,7,186,0,0,0,0,0,2,2,2,2,1,0,0,2,10,0
20,0,0,1,0,0,0,0,0,0,0,0,38,0,0,5,7,186,0,0,0,0,0,1,1,1,1,0,0,0,2,10,0
64,27,1,44,0,0,0,0,0,0,0,28,0,0,0,3,7,184,0,46,1,1,10,2,2,5,1,0,7,0,1,17,0
14,26,1,46,0,0,0,0,0,0,0,3,0,1,0,3,7,184,0,45,0,5,10,1,1,5,1,0,7,0,1,17,30
12,24,2,40,2,0,2,0,0,0,0,0,15,0,0,3,7,184,2,40,4,5,11,3,4,10,3,2,6,3,2,16,30
16,23,1,39,3,0,1,0,0,0,0,1,14,0,0,3,7,184,2,39,3,5,10,2,4,9,3,2,5,2,2,16,15
-13,23,1,42,4,0,0,0,0,0,0,12,3,0,0,3,7,184,2,38,3,5,10,1,4,9,3,3,4,2,2,16,45
-18,22,2,40,6,0,0,0,0,0,0,4,11,0,0,3,7,184,3,35,2,5,8,3,6,10,4,2,4,2,2,16,30
227,22,2,23,5,0,0,0,0,0,0,11,4,0,0,3,7,184,3,35,4,6,9,2,6,10,3,1,4,2,2,12,30
0,22,3,38,5,0,0,0,0,0,0,14,1,0,0,3,7,184,2,34,4,5,8,2,6,9,4,1,3,2,1,16,0
3,21,2,32,6,0,1,0,0,0,0,10,5,0,0,3,7,184,3,31,2,3,6,4,6,10,5,3,3,1,1,15,0
-8,20,1,37,6,0,1,0,0,0,0,13,2,0,0,3,7,184,3,30,2,3,7,4,6,11,5,2,2,2,1,15,45
-6,20,1,35,5,0,1,0,0,0,0,8,7,0,0,3,7,184,2,30,2,3,7,3,5,10,5,2,2,1,1,15,30
-81,20,1,42,4,0,1,0,0,0,0,2,13,0,0,3,7,184,1,30,2,3,7,3,4,10,5,3,2,1,2,16,45
23,19,1,30,5,0,0,0,0,0,0,60,15,0,0,3,7,184,0,29,2,3,8,3,4,11,6,3,2,1,1,14,30
-27,19,1,32,5,0,0,0,0,0,0,53,22,0,0,3,7,184,1,28,1,2,8,2,3,10,5,3,2,1,1,15,0
-10,19,2,34,4,0,0,0,1,0,0,31,44,0,0,3,7,184,1,27,1,4,8,2,5,11,5,2,1,2,2,15,15
-141,18,1,44,3,0,0,0,1,0,0,14,61,0,0,3,7,184,0,27,2,4,11,2,6,11,5,2,1,1,1,17,0
-71,18,2,35,3,0,0,1,1,0,0,1,14,0,0,3,7,184,2,25,2,6,14,5,7,11,4,2,0,1,1,15,30
45,17,2,25,3,0,0,1,0,0,0,13,2,0,0,3,7,184,1,25,2,6,14,4,6,10,4,2,0,0,2,12,45
-49,17,2,31,3,0,0,1,0,0,0,5,10,0,0,3,7,184,2,24,3,5,15,3,7,9,3,1,0,0,2,14,45
67,17,2,29,3,0,0,1,0,0,0,13,2,0,0,3,7,184,2,23,2,5,14,4,6,9,3,1,0,0,1,13,15
-14,17,2,27,2,0,0,1,0,0,0,3,12,0,0,3,7,184,1,23,4,6,15,3,6,8,3,1,0,0,1,13,0
45,17,3,22,3,0,0,0,0,0,1,5,10,0,0,3,7,184,2,21,2,6,14,4,6,11,3,1,0,0,2,12,15
-4,17,3,25,2,0,0,0,0,0,1,3,12,0,0,3,7,184,2,21,2,7,14,3,5,10,2,0,0,0,2,12,45
12,15,5,20,4,0,0,0,0,0,0,9,6,0,0,3,7,184,0,19,3,9,16,4,4,11,5,2,0,0,1,12,0
-25,15,6,23,3,0,0,0,0,0,0,6,9,0,0,3,7,184,0,19,4,10,16,3,3,10,4,2,0,0,2,12,30
-1,15,7,20,3,0,0,0,0,0,0,12,3,0,0,3,7,184,1,18,5,9,15,2,3,9,3,2,0,0,1,12,0
-34,14,8,27,3,0,0,1,0,0,0,9,6,0,0,3,7,184,1,16,6,9,14,1,4,11,4,1,0,0,1,13,0
15,8,3,19,8,0,0,2,0,0,0,0,15,0,0,3,7,184,1,9,3,6,9,5,7,16,10,4,0,0,2,11,45
16,8,5,16,8,0,0,2,0,0,0,2,13,0,0,3,7,184,2,8,3,6,8,5,8,16,9,3,0,0,2,11,15
13,6,4,15,7,0,0,3,0,0,0,9,6,0,0,3,7,184,1,7,4,5,7,5,8,16,10,3,0,0,1,11,0
-10,6,4,17,7,0,0,2,0,0,0,6,9,0,0,3,7,184,1,7,4,6,7,4,8,15,9,2,0,0,1,11,30
35,6,4,11,6,0,0,2,0,0,0,5,10,0,0,3,7,184,1,7,4,6,7,3,7,14,8,1,0,0,2,10,30
44,6,5,9,5,0,1,2,0,0,0,12,3,0,0,3,7,184,2,6,3,6,6,2,7,13,7,1,0,0,2,10,15
-3,5,5,17,4,0,1,2,0,0,1,13,2,0,0,3,7,184,1,5,3,5,5,3,7,12,8,1,0,0,1,11,30
-9,4,4,9,7,0,0,2,0,0,1,6,9,0,0,3,7,184,2,2,2,2,2,5,10,13,9,1,0,0,2,10,15
17,4,4,11,6,0,0,2,0,0,1,2,13,0,0,3,7,184,2,2,2,2,2,4,9,12,8,1,0,0,2,10,30
26,3,3,13,5,0,0,2,0,0,1,12,3,0,0,3,7,184,1,2,2,2,2,4,9,11,8,1,0,0,1,10,45
41,2,2,5,5,0,1,1,0,0,1,8,7,0,0,3,7,184,1,1,1,1,1,4,8,10,8,1,0,0,2,9,45
68,2,2,5,4,0,1,1,0,0,1,0,15,0,0,3,7,184,1,1,1,1,1,5,7,9,7,1,0,0,2,9,45
14,1,1,3,3,0,1,1,0,0,2,0,15,0,0,3,7,184,1,0,0,0,0,6,6,8,7,0,0,0,2,9,30
10,0,0,2,2,0,1,1,0,0,2,11,4,0,0,3,7,184,0,0,0,0,0,5,5,7,7,0,0,0,2,9,15
27,0,0,7,1,0,1,1,0,0,2,3,12,0,0,3,7,184,0,0,0,0,0,4,5,6,6,0,0,0,2,10,0
13,0,0,1,1,0,0,1,0,0,2,0,15,0,0,3,7,184,0,0,0,0,0,3,4,5,5,0,0,0,1,9,0
2,0,0,7,1,0,0,0,0,0,2,0,1,0,0,3,7,184,0,0,0,0,0,2,3,4,4,0,0,0,2,10,0
-50,0,0,13,1,0,0,0,0,0,1,0,14,0,0,3,7,184,0,0,0,0,0,1,3,3,3,0,0,0,1,10,45
2,0,0,3,0,0,0,0,0,0,1,0,53,0,0,3,7,184,0,0,0,0,0,2,2,2,2,0,0,0,2,9,30
15,0,0,0,0,0,0,0,0,0,0,0,68,0,1,3,7,184,0,0,0,0,0,1,1,1,1,0,0,0,1,8,45
33,36,8,50,3,0,0,3,0,0,0,7,8,0,0,2,7,183,2,47,2,8,12,2,3,12,5,4,5,0,2,17,0
13,36,9,53,4,0,0,2,0,0,0,9,6,1,0,2,7,183,2,46,4,7,11,1,4,13,5,3,5,1,1,17,30
42,29,4,48,10,0,0,2,0,0,0,11,4,0,0,2,7,183,2,39,3,4,8,5,8,18,11,3,5,2,1,16,45
28,28,3,42,9,0,0,1,0,0,0,6,9,0,0,2,7,183,1,39,3,4,8,4,9,17,11,3,4,3,2,16,0
-10,28,3,51,9,0,0,1,0,0,0,6,9,0,0,2,7,183,1,39,3,4,8,4,9,17,11,3,4,3,1,17,15
50,27,3,40,8,0,1,1,0,0,0,8,7,0,0,2,7,183,1,38,2,3,7,5,9,16,10,4,4,2,2,15,45
7,27,3,44,8,0,1,1,0,0,0,5,10,0,0,2,7,183,2,37,2,2,6,4,8,16,9,4,4,2,2,16,15
-13,26,2,42,9,0,0,1,0,0,0,14,1,0,0,2,7,183,1,36,1,3,7,7,9,16,10,5,3,2,2,16,0
32,26,2,38,8,0,0,1,0,0,0,10,5,0,0,2,7,183,1,36,1,4,7,6,9,15,9,4,3,1,2,15,30
44,25,2,46,8,0,0,0,0,0,0,8,7,0,0,2,7,183,0,36,1,4,7,5,8,14,9,3,3,1,2,16,30
70,25,2,46,8,0,0,0,0,0,0,10,5,0,0,2,7,183,1,35,1,4,8,6,10,13,8,2,3,2,2,16,30
35,25,2,44,7,0,0,0,0,0,0,9,6,0,0,2,7,183,1,35,1,4,8,5,9,12,7,1,2,2,2,16,15
40,25,3,35,6,0,0,0,0,0,0,3,12,0,0,2,7,183,1,35,2,4,9,4,8,11,6,1,2,1,1,15,0
54,25,3,38,5,0,0,0,0,0,0,2,13,0,0,2,7,183,1,35,2,4,9,3,7,10,5,0,2,1,2,15,30
96,24,2,35,4,0,0,0,0,0,0,3,12,0,0,2,7,183,0,35,4,4,13,4,8,9,5,0,2,1,1,15,0
88,24,2,33,3,0,0,1,0,0,0,3,12,0,0,2,7,183,1,34,3,3,12,3,7,8,4,0,2,1,2,14,45
26,24,3,40,3,0,0,1,0,0,0,12,3,0,0,2,7,183,1,33,2,4,13,4,7,7,4,1,2,1,2,15,45
-7,23,2,33,4,0,0,1,0,0,0,3,12,0,0,2,7,183,2,31,0,3,13,5,6,7,4,1,2,1,2,14,45
27,23,2,32,3,0,0,1,0,0,0,2,13,0,0,2,7,183,1,31,0,3,13,4,5,6,4,0,2,1,2,14,30
-177,23,2,51,3,0,0,0,0,0,0,0,15,0,0,2,7,183,1,31,1,3,13,4,4,5,3,0,1,1,1,17,15
8,22,4,31,2,0,0,0,0,0,0,41,4,0,0,2,7,183,0,31,2,7,15,3,3,7,3,0,1,0,1,14,15
4,22,4,30,1,0,0,0,0,0,0,37,8,0,0,2,7,183,0,31,3,7,16,2,2,7,2,0,1,0,1,14,0
8,22,6,37,0,0,0,0,0,0,0,31,14,0,0,2,7,183,0,30,3,9,17,1,1,7,1,0,1,0,2,15,15
14,15,5,25,6,0,1,3,1,0,1,3,12,0,0,2,7,183,2,18,4,5,12,5,9,12,11,5,1,1,2,12,45
9,15,5,27,6,0,1,3,0,0,1,12,3,0,0,2,7,183,2,18,4,5,14,5,8,11,10,4,1,1,1,13,0
1,14,4,27,5,0,1,3,0,0,1,10,5,0,0,2,7,183,1,18,4,5,14,4,7,10,10,4,1,1,1,13,0
-3,13,4,29,6,0,1,3,0,0,1,11,4,0,0,2,7,183,2,16,3,5,14,5,7,15,10,5,1,1,1,13,15
-12,13,4,25,5,0,1,3,0,0,1,11,4,0,0,2,7,183,1,16,3,5,14,4,6,14,10,6,1,1,2,12,45
33,12,4,22,6,0,0,4,0,0,1,3,12,0,0,2,7,183,2,14,1,5,13,4,5,15,10,6,1,1,2,12,15
41,11,5,17,7,0,0,4,0,0,0,4,11,0,0,2,7,183,2,13,1,7,12,4,4,16,10,6,1,1,2,11,30
58,11,5,23,6,0,0,4,0,0,0,14,1,0,0,2,7,183,2,13,1,7,13,3,4,16,9,5,1,1,2,12,30
-5,10,5,23,6,0,0,3,0,0,0,5,10,0,0,2,7,183,1,13,3,7,13,2,4,17,9,6,0,1,2,12,30
81,10,7,17,6,0,0,3,0,0,0,6,9,0,0,2,7,183,2,12,5,8,12,1,3,17,8,5,0,0,2,11,30
48,6,6,19,9,0,0,4,1,0,0,1,14,0,0,2,7,183,2,6,2,6,6,6,12,19,13,8,0,0,1,11,45
51,6,6,14,9,0,0,3,1,0,0,12,3,0,0,2,7,183,2,6,3,6,6,7,12,18,12,8,0,0,2,11,0
-20,3,3,15,10,0,0,3,1,0,0,5,10,0,0,2,7,183,1,4,3,4,4,9,14,19,14,10,0,0,2,11,15
-262,3,3,48,9,0,0,3,1,0,0,3,12,0,0,2,7,183,0,4,3,4,4,9,13,18,14,10,0,0,1,16,45
20,3,3,19,9,0,0,2,1,0,0,3,12,0,0,2,7,183,0,4,3,4,4,8,12,17,13,9,0,0,1,11,45
83,3,3,6,9,0,0,1,1,0,0,2,13,0,0,2,7,183,0,4,4,4,4,7,11,16,12,8,0,0,2,10,0
5,3,3,12,10,0,0,0,1,0,0,14,1,0,0,2,7,183,1,3,3,3,3,7,11,15,11,7,0,0,1,10,45
-4,3,3,21,9,0,0,0,1,0,0,13,2,0,0,2,7,183,1,3,3,3,3,6,10,14,10,6,0,0,1,12,0
16,3,3,10,8,0,0,0,2,0,0,10,5,0,0,2,7,183,2,2,2,2,2,5,10,13,9,5,0,0,2,10,30
25,2,2,15,8,0,0,0,2,0,0,3,12,0,0,2,7,183,2,1,1,1,1,6,9,12,9,6,0,0,2,11,15
4,2,2,8,7,0,0,0,2,0,0,10,5,0,0,2,7,183,2,1,1,1,1,6,9,11,8,5,0,0,2,10,15
24,1,1,6,7,0,0,0,1,0,0,4,11,0,0,2,7,183,1,1,1,1,1,5,8,10,8,5,0,0,2,10,0
-6,0,0,12,6,0,0,1,1,0,0,0,15,0,0,2,7,183,1,0,0,0,0,5,7,9,8,4,0,0,1,10,45
24,0,0,4,5,0,0,1,1,0,0,7,8,0,0,2,7,183,1,0,0,0,0,5,7,8,7,3,0,0,2,9,45
11,0,0,10,4,0,0,1,1,0,0,5,10,0,0,2,7,183,1,0,0,0,0,4,6,7,6,3,0,0,2,10,30
78,0,0,4,3,0,0,1,1,0,0,13,2,0,0,2,7,183,0,0,0,0,0,4,6,6,6,4,0,0,2,9,45
22,0,0,2,2,0,0,1,1,0,0,1,14,0,0,2,7,183,0,0,0,0,0,3,5,5,5,3,0,0,2,9,30
-10,0,0,2,2,0,0,0,1,0,0,0,2,0,0,2,7,183,0,0,0,0,0,2,4,4,4,2,0,0,2,9,30
-11,0,0,8,1,0,0,0,1,0,0,0,17,0,0,2,7,183,0,0,0,0,0,3,3,3,3,1,0,0,2,10,15
33,0,0,0,1,0,0,0,0,0,0,0,34,0,1,2,7,183,0,0,0,0,0,2,2,2,2,1,0,0,1,9,0
25,0,0,1,0,0,0,0,0,0,0,0,41,0,0,2,7,183,0,0,0,0,0,1,1,1,1,1,0,0,2,9,15
17,27,4,44,0,0,0,2,0,0,0,23,7,1,0,6,6,180,1,42,3,4,8,2,2,8,2,1,5,0,1,17,30
41,25,2,43,1,0,0,2,0,0,0,11,4,0,0,6,6,180,1,40,2,4,9,1,3,7,3,2,5,0,1,17,0
12,23,3,41,2,0,0,3,1,0,0,10,20,0,0,6,6,180,2,36,1,4,7,4,6,10,5,1,5,0,1,16,45
74,23,3,38,2,0,0,2,1,0,0,12,3,0,0,6,6,180,1,36,2,5,8,4,5,9,5,1,5,0,2,16,0
-24,22,2,39,3,0,0,2,0,0,0,3,12,0,0,6,6,180,1,35,2,5,7,4,4,9,5,2,5,0,2,16,30
59,22,2,37,2,0,0,2,0,0,0,2,13,0,0,6,6,180,1,35,2,5,7,3,3,8,4,1,5,0,1,15,45
10,21,2,41,3,0,0,1,0,0,0,13,2,0,0,6,6,180,1,34,3,5,8,2,5,7,4,2,5,2,1,16,45
-7,20,1,39,2,0,0,1,0,0,0,10,5,0,0,6,6,180,0,34,3,5,8,1,4,6,4,2,5,2,2,16,30
-5,19,2,32,4,0,1,1,0,0,0,70,5,0,0,6,6,180,1,30,1,3,9,4,5,8,6,4,5,3,1,15,0
-19,19,2,35,5,0,0,1,0,0,0,66,9,0,0,6,6,180,1,29,0,2,8,3,4,8,6,3,4,3,1,15,30
12,19,2,34,4,0,0,1,0,0,0,62,13,0,0,6,6,180,1,29,1,2,8,2,3,7,5,2,3,2,2,15,15
25,18,3,35,4,0,0,0,0,0,0,43,32,0,0,6,6,180,0,29,2,3,9,2,2,7,5,2,2,1,1,15,30
33,18,4,32,3,0,0,1,0,0,0,23,52,0,0,6,6,180,1,28,2,5,11,1,2,9,4,1,2,0,1,15,0
2,14,3,30,5,0,1,2,0,0,0,11,4,0,0,6,6,180,2,23,3,6,9,4,8,12,7,2,2,0,2,14,45
-6,14,3,30,6,0,1,2,0,0,0,0,15,0,0,6,6,180,3,21,1,5,9,4,8,13,7,2,2,1,2,14,45
50,13,2,29,5,0,1,2,0,0,0,14,1,0,0,6,6,180,2,21,1,5,10,3,7,12,7,3,2,1,2,13,30
-5,13,3,26,5,0,1,1,0,0,0,8,7,0,0,6,6,180,2,21,2,5,10,4,6,11,6,3,2,1,1,13,0
48,12,4,26,6,0,1,0,0,0,0,5,10,0,0,6,6,180,1,20,3,6,12,4,7,14,7,5,2,1,1,13,0
14,12,4,22,6,0,1,0,0,0,0,9,6,0,0,6,6,180,1,19,3,5,13,4,6,14,7,5,2,1,2,12,30
2,12,4,28,5,0,1,0,0,0,0,9,6,0,0,6,6,180,1,19,3,5,13,3,5,13,6,4,2,1,1,13,15
21,11,3,21,6,0,1,0,0,0,0,29,1,0,0,6,6,180,2,17,3,3,13,3,4,13,6,4,2,1,2,12,15
-11,11,3,24,6,0,1,0,0,0,0,16,14,0,0,6,6,180,2,16,2,4,14,3,6,13,6,4,1,2,2,12,45
57,9,2,19,6,0,2,0,0,0,0,3,27,0,0,6,6,180,2,14,0,5,12,2,7,15,7,4,1,1,1,12,0
42,8,1,24,5,0,2,0,0,0,0,7,8,0,0,6,6,180,0,14,2,6,13,3,8,16,8,4,1,1,2,12,45
-18,8,6,22,4,0,2,0,0,0,0,26,4,0,0,6,6,180,0,14,5,10,14,7,9,18,7,3,1,1,2,12,30
8,8,6,17,4,0,2,0,0,0,0,23,7,0,0,6,6,180,1,13,5,11,13,6,8,17,6,3,1,1,2,11,30
-7,8,6,17,5,0,1,0,0,0,0,18,12,0,0,6,6,180,2,12,4,10,12,5,7,16,5,2,0,1,2,11,30
25,7,6,13,7,0,0,0,1,0,0,5,25,0,0,6,6,180,2,9,4,7,9,5,9,15,7,4,0,0,2,11,0
-11,7,6,19,6,0,0,0,1,0,0,3,27,0,0,6,6,180,2,9,5,7,9,4,9,14,6,3,0,0,1,12,0
-28,7,6,15,5,0,0,0,1,0,0,2,28,0,0,6,6,180,2,9,5,7,9,3,8,14,5,2,0,0,2,11,15
-17,7,6,13,4,0,0,0,1,0,0,13,2,0,0,6,6,180,2,9,5,7,9,3,8,13,4,2,0,0,2,11,0
48,5,4,15,4,0,1,0,1,0,0,13,2,0,0,6,6,180,2,7,5,7,7,3,10,13,5,2,0,0,2,11,15
9,4,4,11,6,0,1,0,1,0,0,2,13,0,0,6,6,180,3,4,2,4,4,5,9,13,6,3,0,0,2,10,30
12,2,2,7,8,0,0,0,1,0,0,3,12,0,0,6,6,180,2,2,1,2,2,6,9,12,8,4,0,0,2,10,0
31,1,1,3,7,0,0,0,1,0,0,10,5,0,0,6,6,180,1,2,2,2,2,7,8,11,8,4,0,0,2,9,30
-6,1,1,9,6,0,0,0,1,0,0,6,9,0,0,6,6,180,0,2,2,2,2,6,7,10,8,3,0,0,2,10,15
21,1,1,7,5,0,0,0,1,0,0,3,12,0,0,6,6,180,0,2,2,2,2,5,6,9,7,2,0,0,2,10,0
-6,1,1,5,4,0,0,0,1,0,0,13,2,0,0,6,6,180,0,2,2,2,2,5,6,8,6,2,0,0,2,9,45
66,1,1,11,3,0,0,0,1,0,0,10,5,0,0,6,6,180,0,2,2,2,2,4,5,7,5,2,0,0,2,10,30
46,1,1,3,4,0,0,0,0,0,1,2,13,0,0,6,6,180,2,0,0,0,0,3,5,6,4,2,0,0,2,9,30
-20,1,1,9,3,0,0,0,0,0,1,1,14,0,0,6,6,180,2,0,0,0,0,2,4,5,3,1,0,0,2,10,15
33,0,0,1,2,0,0,0,0,0,1,0,15,0,0,6,6,180,0,0,0,0,0,2,4,4,4,0,0,0,2,9,15
3,0,0,0,1,0,0,0,0,0,1,0,27,0,1,6,6,180,0,0,0,0,0,3,3,3,3,0,0,0,2,9,0
15,0,0,5,0,0,0,0,0,0,1,0,38,0,0,6,6,180,0,0,0,0,0,2,2,2,2,0,0,0,2,9,45
-2,0,0,1,0,0,0,0,0,0,0,0,57,0,0,6,6,180,0,0,0,0,0,1,1,1,1,0,0,0,2,9,15
75,27,3,42,4,0,0,0,0,0,0,16,14,0,0,5,6,179,3,43,2,3,9,3,4,6,2,2,5,2,1,16,15
-22,25,3,47,4,0,0,1,0,0,0,11,4,1,0,5,6,179,2,41,1,3,8,3,4,5,4,2,5,2,1,17,30
23,25,4,45,3,0,0,1,0,0,0,6,9,0,0,5,6,179,2,41,1,5,8,2,4,5,3,1,4,2,1,17,0
15,24,3,44,2,0,0,1,0,0,0,10,5,0,0,5,6,179,1,41,2,5,9,1,3,5,3,1,3,1,2,16,45
9,23,4,45,3,0,0,2,0,0,0,3,12,0,0,5,6,179,3,38,2,4,10,2,2,9,3,1,3,0,1,17,0
16,22,3,43,4,0,0,1,0,0,0,11,4,0,0,5,6,179,3,37,2,4,10,1,1,9,3,1,3,0,1,16,30
25,19,1,35,6,0,0,2,0,0,0,10,5,0,0,5,6,179,2,33,3,6,12,4,8,13,7,3,2,2,3,15,30
16,19,1,40,6,0,0,1,0,0,1,11,4,0,0,5,6,179,3,32,4,6,13,6,8,13,6,3,2,1,1,16,0
57,18,2,33,6,0,1,1,0,0,1,12,3,0,0,5,6,179,3,30,3,5,11,6,9,13,7,3,2,1,2,15,0
7,18,2,35,5,0,1,1,0,0,1,11,4,0,0,5,6,179,3,30,3,6,11,5,8,12,6,3,2,1,3,15,30
-61,18,2,40,4,0,1,1,0,0,1,9,6,0,0,5,6,179,3,30,3,6,11,4,7,11,5,2,1,1,1,16,0
-14,18,2,37,4,0,1,1,0,0,1,3,12,0,0,5,6,179,3,29,3,6,11,4,6,10,5,3,1,0,2,15,45
5,18,3,33,4,0,2,0,0,0,1,43,2,0,0,5,6,179,4,28,2,5,10,3,5,9,4,2,1,0,2,15,0
-83,18,6,37,4,0,1,0,0,0,1,29,16,0,0,5,6,179,2,28,3,6,10,4,5,12,5,2,1,0,2,15,45
-29,18,6,31,5,0,0,0,0,0,1,22,23,0,0,5,6,179,3,27,3,8,9,3,5,12,4,1,1,0,1,14,30
90,18,7,27,6,0,0,0,0,0,0,8,37,0,0,5,6,179,4,26,3,7,10,2,5,12,3,0,1,0,1,13,0
-15,18,7,32,5,0,0,0,0,0,0,8,37,0,0,5,6,179,4,26,3,7,10,1,4,11,2,0,1,0,2,14,45
-16,13,5,30,8,0,0,0,0,0,0,3,12,0,0,5,6,179,3,22,3,4,10,3,5,12,6,3,1,0,1,14,15
0,12,4,28,7,0,0,0,0,0,0,13,2,0,0,5,6,179,2,22,3,4,10,3,7,12,6,3,1,0,1,13,15
4,11,3,25,8,0,0,1,0,0,0,12,3,0,0,5,6,179,4,19,1,2,10,2,8,12,6,3,1,0,1,12,45
51,10,3,25,7,0,0,1,0,0,0,14,1,0,0,5,6,179,2,19,1,5,12,5,8,12,7,3,1,0,1,12,45
-60,9,4,29,7,0,0,1,0,0,0,11,4,0,0,5,6,179,2,18,1,6,12,6,8,11,7,3,1,1,1,13,30
71,8,3,20,6,0,0,1,0,0,0,1,14,0,0,5,6,179,0,18,4,6,14,6,7,11,8,5,1,1,1,12,0
9,8,3,20,5,0,0,1,0,0,0,0,15,0,0,5,6,179,0,18,4,6,14,5,7,11,7,4,1,1,1,12,0
3,8,3,22,4,0,0,1,0,0,0,14,1,0,0,5,6,179,0,18,4,6,14,4,6,10,6,3,1,1,2,12,15
57,8,3,23,3,0,0,1,0,0,0,11,4,0,0,5,6,179,0,18,4,6,14,3,5,9,5,3,1,1,2,12,30
124,8,3,12,3,0,0,1,0,0,0,13,2,0,0,5,6,179,1,17,5,8,13,3,5,9,4,2,1,1,2,11,0
105,7,4,15,3,0,0,2,0,0,0,3,12,0,0,5,6,179,2,15,3,7,13,2,5,11,4,3,1,1,1,11,15
-220,5,2,37,5,0,0,2,0,0,0,3,12,0,0,5,6,179,3,12,3,5,11,3,4,12,5,4,0,1,2,15,45
1,5,3,23,4,0,0,2,0,0,0,0,15,0,0,5,6,179,2,12,5,8,12,3,4,14,5,4,0,0,2,12,30
10,5,3,15,5,0,0,2,0,0,0,8,7,0,0,5,6,179,2,10,3,6,10,2,4,15,6,5,0,0,1,11,15
34,5,4,12,4,0,1,2,0,0,0,11,4,0,0,5,6,179,3,9,3,5,9,1,4,16,5,4,0,0,2,11,0
21,2,2,12,7,0,1,2,0,0,0,3,12,0,0,5,6,179,2,5,3,5,5,6,11,15,9,6,0,0,2,11,0
25,2,2,7,7,0,1,2,0,0,0,0,15,0,0,5,6,179,3,4,2,4,4,6,10,14,8,6,0,0,2,10,15
8,2,2,9,6,0,1,2,0,0,0,7,8,0,0,5,6,179,3,4,3,4,4,5,11,14,7,5,0,0,1,10,30
-36,1,1,18,6,0,1,1,0,0,0,11,4,0,0,5,6,179,1,4,3,4,4,7,12,13,8,7,0,0,2,11,45
-11,1,1,7,6,0,1,1,0,0,0,10,5,0,0,5,6,179,2,3,2,3,3,6,11,12,7,6,0,0,2,10,15
-47,1,1,18,6,0,1,1,0,0,0,5,10,0,0,5,6,179,3,2,2,2,2,6,10,11,6,5,0,0,2,11,45
-13,1,1,9,5,0,1,1,0,0,0,0,15,0,0,5,6,179,2,2,2,2,2,5,9,10,6,5,0,0,1,10,30
31,0,0,4,6,0,1,0,0,0,0,3,12,0,0,5,6,179,1,1,1,1,1,6,8,9,7,5,0,0,2,9,45
-70,0,0,11,5,0,1,0,0,0,0,0,15,0,0,5,6,179,1,1,1,1,1,5,7,8,6,5,0,0,3,10,45
19,0,0,2,4,0,1,0,0,0,0,14,1,0,0,5,6,179,1,1,1,1,1,4,6,7,5,4,0,0,1,9,30
-16,0,0,5,3,0,1,0,0,0,0,8,7,0,0,5,6,179,0,1,1,1,1,5,5,6,5,4,0,0,2,10,0
-46,0,0,5,3,0,1,0,0,0,0,0,3,0,0,5,6,179,1,0,0,0,0,4,4,5,4,3,0,0,2,10,0
-6,0,0,2,2,0,1,0,0,0,0,0,4,0,0,5,6,179,1,0,0,0,0,3,3,4,3,2,0,0,1,9,30
6,0,0,1,2,0,0,0,0,0,0,0,17,0,0,5,6,179,0,0,0,0,0,2,3,3,3,2,0,0,2,9,15
-6,0,0,0,1,0,0,0,0,0,0,0,18,0,1,5,6,179,0,0,0,0,0,1,2,2,2,1,0,0,1,9,0
-35,0,0,17,0,0,0,0,0,0,0,0,65,0,0,5,6,179,0,0,0,0,0,1,1,1,1,1,0,0,2,11,30
21,34,6,45,2,0,3,2,0,0,0,11,4,0,0,4,6,178,2,43,3,6,10,4,7,14,6,0,4,2,2,16,45
-20,33,5,50,2,0,2,2,0,0,0,8,7,1,0,4,6,178,1,43,4,6,10,3,7,13,6,1,4,1,1,17,30
47,32,4,45,3,0,1,2,0,0,0,2,13,0,0,4,6,178,1,42,4,6,9,2,7,14,6,1,4,2,2,16,45
69,30,3,37,5,0,0,2,0,0,0,11,4,0,0,4,6,178,1,40,3,4,8,4,8,14,7,2,4,2,1,15,45
30,29,3,49,6,0,0,2,0,0,0,12,3,0,0,4,6,178,2,38,2,4,9,6,7,13,7,1,4,2,1,17,15
28,28,3,40,5,0,0,2,0,0,0,10,5,0,0,4,6,178,1,38,2,4,9,5,6,12,7,1,3,2,2,16,15
17,28,3,47,4,0,0,2,0,0,0,8,7,0,0,4,6,178,0,38,2,5,9,4,5,11,7,0,3,1,1,17,0
29,28,3,39,3,0,1,2,0,0,0,9,6,0,0,4,6,178,0,37,1,4,9,4,7,11,7,1,3,1,3,16,0
34,28,3,40,3,0,1,2,0,0,0,6,9,0,0,4,6,178,1,36,1,3,9,3,6,10,6,1,2,1,2,16,15
33,27,2,43,3,0,1,1,0,0,0,13,2,0,0,4,6,178,0,36,2,3,11,2,7,9,6,2,2,1,2,16,30
-64,27,2,47,3,0,0,1,0,0,0,12,3,0,0,4,6,178,0,36,3,4,13,4,7,8,5,2,2,1,1,17,0
16,25,0,35,3,0,2,1,0,0,0,6,9,0,0,4,6,178,1,33,0,4,11,6,6,8,6,3,2,1,2,15,30
9,25,0,40,2,0,2,1,0,0,0,5,10,0,0,4,6,178,1,33,1,5,11,5,5,7,5,2,2,1,2,16,15
-21,25,0,43,2,0,2,0,0,0,0,0,15,0,0,4,6,178,1,33,1,5,11,4,4,6,4,2,2,1,2,16,30
2,25,2,34,2,0,1,0,0,0,0,5,10,0,0,4,6,178,0,33,3,7,13,3,4,5,4,2,1,1,2,15,15
41,25,2,31,2,0,0,0,0,0,0,3,12,0,0,4,6,178,0,33,3,7,13,2,3,4,3,1,1,0,1,14,30
27,25,3,37,1,0,0,0,0,0,0,10,5,0,0,4,6,178,0,33,4,8,13,1,2,4,2,0,1,0,1,15,45
-31,25,8,35,4,0,0,1,0,0,0,27,18,0,0,4,6,178,2,28,5,6,13,1,2,7,4,2,1,0,2,15,30
-9,20,5,30,7,0,0,1,1,0,0,3,12,0,0,4,6,178,2,23,3,6,14,1,4,14,8,6,1,0,1,14,15
42,17,6,28,9,0,0,1,1,0,0,1,14,0,0,4,6,178,2,20,4,7,14,3,8,19,10,7,1,0,1,13,15
-36,15,7,33,9,0,0,1,1,0,1,11,4,0,0,4,6,178,1,18,3,9,14,4,10,19,12,8,1,1,1,15,0
45,15,8,18,8,0,0,1,1,0,1,9,6,0,0,4,6,178,1,18,3,9,14,5,10,18,11,8,1,1,2,12,0
20,14,7,29,9,0,0,1,1,0,1,13,2,0,0,4,6,178,2,16,3,7,12,5,10,19,11,8,1,1,1,13,30
31,13,7,26,8,0,0,1,1,0,1,8,7,0,0,4,6,178,1,16,3,7,14,5,10,18,11,8,1,1,1,13,0
75,12,6,20,9,0,0,0,1,0,1,10,5,0,0,4,6,178,1,15,6,7,13,6,11,17,11,7,1,1,2,12,15
41,12,6,22,9,0,0,0,0,0,1,9,6,0,0,4,6,178,1,15,6,7,13,6,11,16,10,6,1,1,2,12,30
32,11,5,24,8,0,0,0,1,0,1,5,10,0,0,4,6,178,1,14,5,7,13,5,11,16,10,5,1,1,2,12,45
15,10,5,24,8,0,0,0,1,0,1,11,4,0,0,4,6,178,1,13,4,8,12,6,11,17,10,4,1,1,2,12,45
47,8,3,14,11,0,0,1,1,0,0,14,1,0,0,4,6,178,3,9,1,5,8,7,11,18,11,5,0,1,2,11,30
-35,8,5,32,10,0,0,1,1,0,0,11,4,0,0,4,6,178,3,9,1,5,8,6,10,17,10,4,0,0,1,14,45
44,7,4,26,9,0,0,1,1,0,0,10,5,0,0,4,6,178,2,9,1,5,8,5,9,16,10,4,0,0,1,13,0
55,7,4,10,8,0,0,1,1,0,0,4,11,0,0,4,6,178,2,9,2,5,9,6,8,15,9,3,0,0,2,11,0
26,7,5,20,7,0,0,1,1,0,0,11,4,0,0,4,6,178,1,9,4,5,9,6,9,14,9,4,0,0,2,12,15
12,6,5,14,6,0,0,1,1,0,0,2,13,0,0,4,6,178,0,8,5,7,9,6,8,14,9,4,0,0,2,11,30
-1,6,5,22,6,0,0,1,1,0,0,1,14,0,0,4,6,178,1,8,4,6,8,5,7,13,8,4,0,0,2,12,30
12,6,5,18,5,0,0,1,1,0,0,9,6,0,0,4,6,178,1,8,4,6,8,4,6,12,7,3,0,0,2,12,0
21,6,5,12,5,0,0,1,1,0,0,7,8,0,0,4,6,178,1,7,3,5,7,3,5,12,7,3,0,0,2,11,15
8,6,5,16,4,0,0,1,1,0,0,1,14,0,0,4,6,178,1,7,3,6,7,4,6,11,6,3,0,0,2,11,45
-7,5,4,10,4,0,0,1,2,0,0,19,11,0,0,4,6,178,2,5,3,4,5,3,8,12,6,3,0,0,2,11,0
25,3,2,12,5,0,0,1,1,0,0,3,27,0,0,4,6,178,1,4,3,4,4,3,7,12,7,3,0,0,2,11,15
41,3,2,8,4,0,0,1,1,0,0,2,28,0,0,4,6,178,1,4,3,4,4,3,6,11,6,2,0,0,2,10,45
25,1,1,8,5,0,0,0,1,0,1,6,9,0,0,4,6,178,0,2,2,2,2,5,7,10,8,1,0,0,2,10,45
-8,1,1,7,4,0,0,1,1,0,1,2,13,0,0,4,6,178,1,1,1,1,1,4,6,9,7,1,0,0,2,10,15
-34,1,1,16,3,0,0,1,1,0,1,12,3,0,0,4,6,178,1,1,1,1,1,3,5,8,6,1,0,0,2,11,45
72,1,1,1,3,0,0,1,0,0,1,8,7,0,0,4,6,178,1,1,1,1,1,2,6,7,5,0,0,0,1,9,15
14,1,1,5,2,0,0,1,0,0,1,6,9,0,0,4,6,178,1,1,1,1,1,1,5,6,4,0,0,0,1,10,0
43,0,0,5,2,0,0,1,0,0,1,3,12,0,0,4,6,178,0,0,0,0,0,4,5,5,5,2,0,0,1,10,0
14,0,0,0,1,0,0,1,0,0,1,0,7,0,1,4,6,178,0,0,0,0,0,3,4,4,4,2,0,0,1,9,0
57,0,0,2,0,0,0,1,0,0,1,0,19,0,0,4,6,178,0,0,0,0,0,3,3,3,3,1,0,0,2,9,30
17,0,0,3,0,0,0,1,0,0,0,0,20,0,0,4,6,178,0,0,0,0,0,2,2,2,2,1,0,0,2,9,45
-13,0,0,3,0,0,0,0,0,0,0,0,42,0,0,4,6,178,0,0,0,0,0,1,1,1,1,1,0,0,2,9,45
1,32,3,50,6,0,0,1,0,0,0,0,15,0,0,3,6,177,5,44,2,5,9,1,3,9,3,1,6,0,1,17,15
10,29,2,45,9,0,0,2,0,0,0,8,7,0,0,3,6,177,4,39,2,4,10,6,8,14,8,2,6,1,2,16,30
40,29,3,46,8,0,0,2,0,0,0,1,14,0,0,3,6,177,4,39,2,4,10,5,7,13,7,2,6,1,2,16,45
-1,28,3,48,9,0,0,2,0,0,0,12,3,0,0,3,6,177,5,37,0,3,9,5,6,12,7,3,6,1,1,17,0
11,28,3,51,8,0,0,2,0,0,0,10,5,1,0,3,6,177,5,37,0,3,9,4,6,11,6,3,6,2,1,17,30
12,28,3,42,8,0,0,1,0,0,0,0,15,0,0,3,6,177,4,37,1,3,9,4,7,10,6,3,6,2,1,16,0
-17,27,2,48,8,0,0,0,0,0,0,10,5,0,0,3,6,177,3,37,1,5,9,3,8,9,6,2,6,3,1,17,0
-24,27,2,46,7,0,0,0,0,0,0,12,3,0,0,3,6,177,2,37,3,6,12,2,8,10,6,3,6,3,2,16,45
44,27,3,39,6,0,0,0,0,0,0,3,12,0,0,3,6,177,2,37,3,6,13,4,7,9,5,3,5,3,1,15,15
19,25,3,42,8,0,0,0,0,0,0,11,4,0,0,3,6,177,3,34,3,6,12,6,6,10,6,3,4,2,1,16,0
57,25,3,35,7,0,0,0,0,0,0,7,8,0,0,3,6,177,3,34,3,6,12,5,5,9,5,2,4,1,2,14,45
-13,25,3,41,6,0,0,0,0,0,0,5,10,0,0,3,6,177,3,34,3,6,12,4,4,8,4,2,4,1,2,15,45
19,25,5,35,5,0,0,0,0,0,0,14,1,0,0,3,6,177,2,34,3,6,12,3,3,7,4,1,4,1,2,14,45
-22,25,5,44,6,0,0,0,0,0,0,12,3,0,0,3,6,177,4,32,2,4,10,2,2,7,3,1,3,1,1,16,15
1,25,5,37,5,0,0,0,0,0,0,8,7,0,0,3,6,177,4,32,3,5,11,1,1,6,2,1,3,0,1,15,0
-14,20,7,37,7,0,1,1,1,0,0,7,23,0,0,3,6,177,3,26,2,5,12,4,5,14,8,1,3,0,1,15,0
-17,19,6,34,6,0,1,1,1,0,0,5,25,0,0,3,6,177,2,26,2,6,12,3,4,14,8,2,3,0,2,14,30
56,17,4,32,6,0,2,1,1,0,0,3,12,0,0,3,6,177,2,24,2,5,13,2,7,13,9,4,3,1,1,13,30
-57,17,5,40,5,0,2,1,1,0,0,13,2,0,0,3,6,177,2,24,2,5,14,2,6,12,8,4,3,1,1,15,30
61,14,4,28,6,0,2,1,1,0,0,13,2,0,0,3,6,177,1,22,3,6,16,5,9,17,10,5,3,3,2,12,45
12,13,4,33,8,0,2,0,1,0,0,1,14,0,0,3,6,177,2,20,3,6,15,6,10,18,10,6,3,3,1,14,0
88,13,5,26,8,0,2,0,1,0,0,9,6,0,0,3,6,177,2,19,3,6,15,6,9,17,10,6,3,3,1,12,30
21,13,5,31,7,0,2,0,1,0,0,8,7,0,0,3,6,177,2,19,3,8,15,6,8,16,9,6,3,3,1,13,15
47,13,5,23,7,0,1,0,1,0,0,7,8,0,0,3,6,177,2,19,3,8,15,5,7,16,8,5,2,3,2,12,15
28,12,5,29,7,0,0,0,1,0,0,11,4,0,0,3,6,177,1,19,3,9,15,5,6,20,8,5,1,2,1,13,0
75,12,7,26,7,0,1,0,0,0,0,6,9,0,0,3,6,177,2,18,4,8,14,5,6,19,7,4,1,1,1,12,30
46,12,7,21,7,0,1,0,0,0,0,1,14,0,0,3,6,177,2,17,3,8,14,4,6,18,7,4,0,1,3,12,0
-13,11,7,23,8,0,0,0,0,0,0,9,6,0,0,3,6,177,2,16,4,10,13,3,8,18,7,3,0,0,2,12,15
62,10,6,21,7,0,0,0,0,0,0,13,2,0,0,3,6,177,1,16,6,10,13,2,8,17,7,3,0,0,3,12,0
109,9,5,17,7,0,0,1,0,0,0,6,9,0,0,3,6,177,2,14,4,8,12,2,8,16,7,4,0,0,2,11,30
24,6,3,23,8,0,0,2,1,0,0,9,6,0,0,3,6,177,2,10,4,6,9,7,14,19,10,5,0,0,2,12,15
-30,5,3,29,7,0,0,2,1,0,0,5,10,0,0,3,6,177,1,10,4,6,9,6,13,18,10,5,0,0,1,13,0
46,5,3,17,7,0,0,2,2,0,0,14,1,0,0,3,6,177,3,8,3,5,8,6,12,17,9,4,0,0,2,11,30
38,5,3,15,7,0,0,2,2,0,0,11,4,0,0,3,6,177,4,7,3,4,7,5,11,16,8,4,0,0,2,11,15
9,4,2,19,6,0,0,3,2,0,0,9,6,0,0,3,6,177,4,6,2,3,6,4,11,15,8,4,0,0,2,11,45
53,4,3,12,5,0,0,3,2,0,0,2,13,0,0,3,6,177,3,6,2,3,6,7,10,16,8,4,0,0,2,10,45
86,4,3,6,4,0,0,3,2,0,0,10,5,0,0,3,6,177,3,6,2,3,6,8,9,16,7,3,0,0,2,10,0
48,4,3,10,3,0,1,3,2,0,0,3,12,0,0,3,6,177,4,5,2,3,5,7,9,15,6,3,0,0,1,10,30
39,3,2,10,3,0,1,3,2,0,0,8,7,0,0,3,6,177,3,4,1,2,4,7,10,14,7,5,0,0,1,10,30
-27,3,2,13,2,0,1,3,2,0,0,5,10,0,0,3,6,177,3,4,1,3,4,6,9,13,6,4,0,0,2,11,0
7,3,2,13,2,0,1,3,1,0,0,4,11,0,0,3,6,177,3,4,1,3,4,5,8,12,5,3,0,0,2,11,0
86,3,2,2,1,0,1,3,1,0,0,2,13,0,0,3,6,177,3,4,1,3,4,4,7,11,4,2,0,0,2,9,30
-16,3,2,19,1,0,1,2,1,0,0,14,1,0,0,3,6,177,3,4,1,3,4,3,6,10,3,2,0,0,2,11,45
-25,3,2,15,1,0,1,1,1,0,0,12,3,0,0,3,6,177,2,4,1,3,4,2,6,9,3,1,0,0,2,11,15
46,2,2,4,2,0,1,0,1,0,0,9,6,0,0,3,6,177,2,3,1,3,3,4,5,8,3,1,0,0,2,9,45
-1,1,1,8,3,0,0,0,1,0,0,3,12,0,0,3,6,177,2,2,1,2,2,4,7,7,3,0,0,0,2,10,15
3,1,1,4,2,0,0,0,1,0,0,2,13,0,0,3,6,177,2,2,1,2,2,3,6,6,2,0,0,0,2,9,45
9,1,1,6,1,0,0,0,1,0,0,1,14,0,0,3,6,177,2,2,2,2,2,2,5,5,1,0,0,0,2,10,0
-3,1,1,2,1,0,0,0,1,0,0,13,2,0,0,3,6,177,1,1,1,1,1,3,4,4,2,1,0,0,2,9,30
2,0,0,0,1,0,0,0,1,0,0,0,8,0,1,3,6,177,0,0,0,0,0,3,3,3,3,1,0,0,1,9,0
-50,0,0,8,1,0,0,0,0,0,0,0,9,0,0,3,6,177,0,0,0,0,0,2,2,2,2,1,0,0,2,10,15
-20,0,0,1,0,0,0,0,0,0,0,0,19,0,0,3,6,177,0,0,0,0,0,1,1,1,1,1,0,0,2,9,15
10,39,5,46,2,0,0,0,0,0,0,2,13,1,0,2,6,176,0,44,4,8,13,1,3,8,3,2,2,0,1,17,30
23,37,5,41,4,0,0,1,0,0,0,25,5,0,0,2,6,176,2,40,5,8,11,3,7,10,4,1,2,1,1,16,30
4,35,4,41,6,0,1,1,0,0,0,8,22,0,0,2,6,176,3,36,2,5,11,3,6,11,6,2,2,1,1,16,30
3,34,3,44,5,0,1,1,0,0,0,2,28,0,0,2,6,176,2,36,4,5,11,3,5,10,6,2,2,1,1,17,0
3,34,4,45,5,0,1,1,0,0,0,10,5,0,0,2,6,176,2,35,3,4,10,4,4,10,6,2,2,1,1,17,15
-25,32,3,43,4,0,1,1,0,0,1,5,10,0,0,2,6,176,0,33,3,5,10,3,5,10,8,3,2,1,1,16,45
-2,32,4,39,4,0,0,3,0,0,1,0,15,0,0,2,6,176,2,32,1,3,9,2,4,9,7,2,1,1,2,16,0
25,32,4,36,3,0,0,3,0,0,1,26,4,0,0,2,6,176,2,32,1,3,10,1,3,8,6,2,1,0,2,15,30
53,30,6,33,4,0,0,3,0,0,0,8,7,0,0,2,6,176,1,31,3,7,13,4,6,9,7,3,1,0,1,14,45
20,30,6,39,4,0,0,2,0,0,0,2,13,0,0,2,6,176,1,31,5,7,13,3,6,8,6,2,1,0,2,16,0
71,28,6,35,5,0,0,2,0,0,0,11,4,0,0,2,6,176,1,29,4,7,14,4,5,8,7,2,1,0,1,15,0
23,28,6,37,5,0,0,2,0,0,0,10,5,0,0,2,6,176,2,28,3,6,13,3,4,7,6,2,1,0,2,15,45
43,26,6,32,7,0,0,2,0,0,0,58,2,0,0,2,6,176,3,25,1,6,10,3,4,6,7,3,1,0,2,14,30
-3,24,6,37,6,0,0,2,0,0,0,42,18,0,0,2,6,176,1,25,3,7,11,2,4,5,8,3,1,0,2,15,45
16,24,6,33,6,0,0,2,0,0,0,37,23,0,0,2,6,176,2,24,3,6,11,2,3,5,7,2,1,0,1,14,45
31,22,6,31,7,0,0,3,0,0,0,7,53,0,0,2,6,176,3,21,3,6,13,2,3,11,8,3,1,1,1,14,15
81,18,4,28,9,0,0,3,0,0,0,0,15,0,0,2,6,176,2,18,2,3,11,2,2,15,11,4,1,1,1,13,0
166,17,5,13,11,0,0,2,0,0,0,4,11,0,0,2,6,176,3,16,1,5,12,1,5,18,11,4,0,1,2,11,15
14,14,7,19,12,0,1,2,0,0,0,11,4,0,0,2,6,176,2,13,3,6,13,7,15,22,14,4,0,0,1,12,0
51,14,9,23,11,0,1,2,0,0,0,0,15,0,0,2,6,176,2,13,5,9,13,9,15,21,13,4,0,0,2,12,30
48,12,7,17,12,0,1,2,0,0,0,5,10,0,0,2,6,176,2,11,4,7,11,9,15,20,14,5,0,0,3,11,45
68,12,7,30,11,0,1,2,0,0,0,4,11,0,0,2,6,176,2,11,4,7,11,8,14,19,13,5,0,0,1,13,15
73,11,6,26,11,0,1,2,0,0,0,1,14,0,0,2,6,176,2,10,3,6,10,9,13,20,13,4,0,0,2,12,45
95,11,6,28,10,0,1,2,0,0,0,14,1,0,0,2,6,176,2,10,3,6,10,8,12,19,12,3,0,0,1,13,0
-11,11,6,26,9,0,1,2,0,0,0,13,2,0,0,2,6,176,2,10,3,6,10,7,11,18,11,3,0,0,2,12,45
17,10,7,23,9,0,1,2,0,0,0,9,6,0,0,2,6,176,2,9,2,6,9,9,10,17,10,4,0,0,2,12,30
76,9,6,22,9,0,1,2,0,0,0,6,9,0,0,2,6,176,2,8,2,5,8,8,10,17,10,4,0,0,3,12,15
90,9,6,15,8,0,1,2,0,0,0,0,15,0,0,2,6,176,2,8,4,6,8,7,9,17,9,4,0,0,2,11,30
59,9,6,23,7,0,1,2,0,0,0,13,2,0,0,2,6,176,2,8,4,6,8,6,9,16,8,4,0,0,2,12,30
8,8,6,19,8,0,0,2,0,0,0,2,13,0,0,2,6,176,2,7,3,6,7,6,10,15,8,3,0,0,1,12,0
81,8,6,17,7,0,0,2,0,0,0,1,14,0,0,2,6,176,2,7,3,6,7,5,10,14,7,3,0,0,3,11,45
38,7,5,11,6,0,0,2,0,0,0,12,3,0,0,2,6,176,1,7,3,7,7,4,9,13,7,3,0,0,2,11,0
76,7,5,19,6,0,0,1,0,0,0,12,3,0,0,2,6,176,1,7,3,7,7,3,8,12,6,2,0,0,1,12,0
17,7,5,13,5,0,0,1,0,0,0,10,5,0,0,2,6,176,1,7,3,7,7,2,7,11,5,2,0,0,2,11,15
40,5,5,9,8,0,0,0,0,0,0,7,8,0,0,2,6,176,2,4,3,4,4,5,6,11,6,3,0,0,2,10,45
23,3,3,11,8,0,0,0,0,0,0,8,7,0,0,2,6,176,1,3,3,3,3,5,8,11,8,3,0,0,2,11,0
41,3,3,7,8,0,0,0,0,0,0,13,2,0,0,2,6,176,2,2,2,2,2,4,8,11,7,3,0,0,2,10,30
10,3,3,15,7,0,0,0,0,0,0,12,3,0,0,2,6,176,2,2,2,2,2,3,7,10,6,3,0,0,2,11,30
36,3,3,6,7,0,0,0,0,0,0,9,6,0,0,2,6,176,2,1,1,1,1,2,6,9,6,3,0,0,2,10,15
-18,2,2,7,6,0,0,0,0,0,0,2,13,0,0,2,6,176,1,1,1,1,1,3,5,8,6,3,0,0,2,10,30
13,0,0,9,5,0,0,1,0,0,0,3,12,0,0,2,6,176,0,0,0,0,0,4,5,7,7,5,0,0,2,10,45
9,0,0,2,5,0,0,0,0,0,0,2,13,0,0,2,6,176,0,0,0,0,0,3,4,6,6,4,0,0,2,9,45
46,0,0,4,4,0,0,0,0,0,0,0,6,0,0,2,6,176,0,0,0,0,0,2,4,5,5,3,0,0,1,10,0
39,0,0,2,3,0,0,0,0,0,0,0,12,0,0,2,6,176,0,0,0,0,0,1,4,4,4,3,0,0,2,9,45
25,0,0,4,2,0,0,0,0,0,0,0,49,0,0,2,6,176,0,0,0,0,0,3,3,3,3,3,0,0,1,10,0
33,0,0,0,1,0,0,0,0,0,0,0,58,0,1,2,6,176,0,0,0,0,0,2,2,2,2,2,0,0,2,9,30
24,0,0,0,0,0,0,0,0,0,0,0,67,0,1,2,6,176,0,0,0,0,0,1,1,1,1,1,0,0,2,9,30
35,39,2,50,2,0,0,1,0,0,0,27,3,0,0,6,6,173,3,49,1,4,12,1,3,7,1,1,5,2,1,17,0
40,37,3,47,3,0,0,1,1,0,0,10,5,0,0,6,6,173,2,46,2,8,15,3,5,10,4,2,4,2,2,16,45
-15,37,6,52,3,0,0,1,1,0,0,29,1,1,0,6,6,173,3,45,4,8,15,2,5,10,3,1,4,1,2,17,30
-1,35,4,50,3,0,0,1,1,0,0,15,15,0,0,6,6,173,1,44,5,9,14,3,4,10,5,2,4,1,1,17,0
-6,34,4,45,5,0,0,2,0,0,0,12,3,0,0,6,6,173,2,41,4,7,12,3,4,10,6,3,4,1,3,16,30
38,34,5,42,6,0,1,1,0,0,0,0,15,0,0,6,6,173,4,39,4,7,11,2,5,9,5,3,3,1,1,15,45
14,32,3,47,6,0,2,1,0,0,0,7,8,0,0,6,6,173,4,37,2,6,10,1,5,8,6,4,3,0,2,16,45
8,30,5,40,8,0,1,1,0,0,0,3,12,0,0,6,6,173,2,35,4,6,10,5,7,12,9,6,3,0,2,15,30
25,30,5,44,8,0,1,1,0,0,0,9,6,0,0,6,6,173,3,34,4,6,11,5,6,12,8,5,3,0,2,16,0
-21,30,5,45,7,0,1,1,0,0,0,8,7,0,0,6,6,173,3,34,4,6,11,4,5,11,7,4,3,0,3,16,30
40,29,4,37,8,0,1,1,0,0,0,0,15,0,0,6,6,173,4,32,2,4,9,3,4,10,7,5,3,0,1,15,0
32,29,5,40,8,0,1,1,0,0,0,6,9,0,0,6,6,173,4,31,2,4,9,3,3,11,7,5,3,0,2,15,30
30,27,4,37,9,0,0,1,0,0,0,10,5,0,0,6,6,173,3,30,2,4,11,2,2,10,8,5,3,0,1,15,0
5,26,5,36,8,0,0,1,1,0,0,10,5,0,0,6,6,173,3,29,1,4,12,1,4,12,8,6,3,2,2,14,45
49,22,7,31,9,0,0,3,0,0,0,4,11,0,0,6,6,173,1,26,3,8,17,6,8,18,12,7,3,3,1,13,15
-30,21,7,42,8,0,0,3,0,0,0,13,2,0,0,6,6,173,0,26,3,8,18,5,9,17,12,8,2,3,1,15,45
32,21,7,33,9,0,0,2,0,0,0,12,3,0,0,6,6,173,1,25,2,8,17,4,9,16,11,7,1,2,1,14,0
-33,21,8,39,8,0,0,2,0,0,0,8,7,0,0,6,6,173,1,25,3,9,17,4,8,15,10,6,0,1,2,15,15
-77,21,8,47,7,0,0,2,0,0,0,4,11,0,0,6,6,173,1,25,5,9,17,4,8,15,9,6,0,0,2,16,45
19,21,9,34,6,0,0,2,0,0,0,0,15,0,0,6,6,173,1,25,5,10,17,3,9,15,8,5,0,0,1,14,15
16,18,9,29,8,0,0,2,0,0,0,8,7,0,0,6,6,173,1,22,6,9,17,5,9,18,10,7,0,0,1,13,0
51,17,8,24,8,0,0,1,0,0,0,7,8,0,0,6,6,173,0,22,6,9,17,5,8,17,10,7,0,0,2,12,30
47,15,9,32,9,0,1,1,1,0,0,3,12,0,0,6,6,173,2,18,4,9,14,7,10,20,11,9,0,0,1,13,30
6,14,9,27,8,0,1,1,1,0,0,13,2,0,0,6,6,173,1,18,5,9,14,6,9,19,11,9,0,0,2,12,45
29,14,9,29,7,0,1,1,1,0,0,12,3,0,0,6,6,173,1,18,5,10,15,5,8,18,10,8,0,0,1,13,0
-34,13,8,35,6,0,2,2,1,0,0,7,8,0,0,6,6,173,2,16,3,8,13,4,7,17,10,9,0,0,1,14,30
159,13,9,24,5,0,2,2,1,0,0,4,11,0,0,6,6,173,2,16,5,8,14,4,7,18,9,8,0,0,2,12,30
29,13,9,24,4,0,2,2,1,0,0,3,12,0,0,6,6,173,2,16,5,8,14,3,6,17,8,7,0,0,2,12,30
38,11,8,20,3,0,2,2,3,0,0,13,2,0,0,6,6,173,2,14,5,7,12,2,9,17,9,8,0,0,2,12,0
54,9,7,27,4,0,3,2,3,0,0,5,10,0,0,6,6,173,3,11,3,6,9,4,10,18,10,9,0,0,2,12,45
0,6,5,22,6,0,3,2,2,0,0,10,5,0,0,6,6,173,2,9,3,4,8,7,11,17,12,8,0,0,3,12,15
15,6,5,18,6,0,2,2,2,0,0,6,9,0,0,6,6,173,2,9,3,5,8,6,10,17,11,7,0,0,2,11,45
101,5,5,8,7,0,1,2,2,0,0,6,9,0,0,6,6,173,2,8,3,6,7,6,10,17,11,6,0,0,2,10,30
39,4,4,18,6,0,1,2,2,0,0,0,15,0,0,6,6,173,1,8,3,6,7,7,12,17,11,5,0,0,2,11,45
18,4,4,14,5,0,1,2,2,0,0,0,15,0,0,6,6,173,1,8,3,6,7,7,11,16,10,4,0,0,2,11,15
26,3,3,20,4,0,1,2,2,0,0,14,1,0,0,6,6,173,0,8,3,6,7,6,10,15,10,5,0,0,2,12,0
4,3,3,16,4,0,1,2,2,0,0,13,2,0,0,6,6,173,1,7,2,5,6,5,9,14,9,4,0,0,2,11,30
42,2,2,12,5,0,1,2,2,0,0,1,14,0,0,6,6,173,1,5,1,3,5,5,9,14,10,6,0,0,2,11,0
24,2,2,22,4,0,1,2,2,0,0,6,9,0,0,6,6,173,1,5,3,3,5,4,9,13,9,5,0,0,3,12,15
46,2,2,12,4,0,1,2,1,0,0,2,13,0,0,6,6,173,1,5,3,3,5,5,8,12,8,4,0,0,2,11,0
-20,2,2,14,4,0,0,2,1,0,0,0,15,0,0,6,6,173,1,5,3,4,5,5,7,12,7,3,0,0,2,11,15
34,1,1,8,4,0,0,2,1,0,0,6,9,0,0,6,6,173,1,4,2,3,4,4,7,11,7,3,0,0,2,10,30
31,0,0,16,4,0,1,1,1,0,1,6,9,0,0,6,6,173,2,2,0,1,2,5,7,11,7,4,0,0,2,11,30
92,0,0,3,3,0,1,1,1,0,1,4,11,0,0,6,6,173,2,2,0,1,2,4,7,10,6,4,0,0,2,9,45
15,0,0,10,2,0,1,1,1,0,1,0,15,0,0,6,6,173,2,2,1,1,2,3,6,9,5,4,0,0,2,10,45
15,0,0,6,2,0,1,1,0,0,1,4,11,0,0,6,6,173,0,2,1,2,2,3,6,8,6,3,0,0,2,10,15
-2,0,0,4,2,0,0,1,0,0,1,11,4,0,0,6,6,173,0,2,1,2,2,3,5,7,5,2,0,0,2,10,0
78,0,0,1,2,0,0,1,0,0,1,24,6,0,0,6,6,173,0,1,1,1,1,4,5,6,5,2,0,0,1,9,30
11,0,0,4,1,0,0,1,0,0,1,17,13,0,0,6,6,173,0,1,1,1,1,3,4,5,4,1,0,0,2,10,0
71,0,0,6,1,0,0,0,0,0,1,5,25,0,0,6,6,173,0,1,1,1,1,2,4,4,3,0,0,0,2,10,15
-5,0,0,1,0,0,0,0,0,0,1,0,5,0,0,6,6,173,0,1,1,1,1,2,3,3,2,0,0,0,1,9,30
-17,0,0,0,0,0,0,0,0,0,1,0,29,0,1,6,6,173,0,0,0,0,0,2,2,2,2,1,0,0,2,9,0
-47,0,0,10,0,0,0,0,0,0,0,0,50,0,0,6,6,173,0,0,0,0,0,1,1,1,1,0,0,0,2,10,45
26,37,7,52,1,0,0,0,0,0,0,19,0,1,0,5,6,172,1,51,3,9,13,1,1,5,1,0,6,0,1,17,30
6,29,4,48,8,0,1,1,0,0,2,11,4,0,0,5,6,172,4,39,1,3,9,4,10,16,9,5,5,4,1,16,45
-18,27,3,50,7,0,1,1,0,0,2,7,8,0,0,5,6,172,2,39,1,4,10,3,10,15,10,5,5,3,1,17,0
27,27,3,51,6,0,1,1,0,0,2,7,8,0,0,5,6,172,2,39,1,4,10,2,9,14,9,5,4,3,1,17,15
47,26,4,44,5,0,1,1,0,0,2,2,13,0,0,5,6,172,0,39,2,5,12,6,9,13,10,5,4,2,2,16,15
26,25,3,40,5,0,1,2,0,0,1,0,15,0,0,5,6,172,0,38,3,7,12,7,9,13,10,4,3,2,1,15,45
59,25,4,46,4,0,1,2,0,0,1,10,5,0,0,5,6,172,0,38,4,7,12,6,8,12,9,3,3,1,2,16,30
42,25,4,44,3,0,1,2,0,0,1,8,7,0,0,5,6,172,0,38,4,7,13,5,7,11,8,3,2,1,2,16,15
75,25,4,40,3,0,0,2,0,0,1,8,7,0,0,5,6,172,0,38,4,7,13,4,6,10,7,2,2,0,1,15,45
-41,25,4,48,3,0,0,1,0,0,1,6,9,0,0,5,6,172,0,38,4,7,14,3,5,10,6,1,2,0,1,16,45
335,25,5,17,4,0,0,2,0,0,0,13,2,0,0,5,6,172,2,36,2,6,13,4,7,10,5,1,2,0,2,11,45
53,25,6,38,3,0,0,2,0,0,0,10,5,0,0,5,6,172,2,36,3,6,13,3,6,9,4,1,2,0,3,15,30
41,22,4,40,4,0,0,2,0,0,0,3,12,0,0,5,6,172,1,34,3,7,11,3,5,10,6,3,2,0,1,15,45
4,22,4,46,3,0,0,2,0,0,0,1,14,0,0,5,6,172,1,34,4,8,11,2,4,9,5,3,2,0,2,16,30
23,21,5,34,4,0,0,3,0,0,0,4,11,0,0,5,6,172,2,31,4,7,10,3,5,11,6,2,2,0,2,15,0
36,20,4,36,5,0,0,2,0,0,0,14,1,0,0,5,6,172,2,30,4,6,9,2,5,11,6,2,2,0,2,15,15
35,20,4,31,4,0,0,2,0,0,0,14,1,0,0,5,6,172,2,30,4,6,10,1,4,10,5,2,2,0,2,14,45
11,18,3,34,6,0,0,3,0,0,0,22,23,0,0,5,6,172,2,26,3,3,11,3,7,15,8,3,2,0,2,15,0
-34,17,2,38,5,0,1,3,0,0,0,7,38,0,0,5,6,172,2,25,2,4,11,3,7,16,8,2,2,0,3,15,30
49,16,1,28,5,0,1,3,0,0,0,0,45,0,0,5,6,172,1,24,1,3,12,3,7,15,9,3,2,0,1,13,30
28,16,2,29,6,0,1,2,0,0,0,20,10,0,0,5,6,172,1,23,0,5,11,4,7,15,9,4,2,0,1,14,15
-65,15,4,30,5,0,1,2,0,0,0,5,25,0,0,5,6,172,0,23,2,6,14,4,7,14,9,4,2,1,3,14,30
-32,15,4,31,4,0,1,2,0,0,0,13,2,0,0,5,6,172,0,23,3,7,14,4,7,13,8,3,2,1,2,14,45
-102,15,4,36,4,0,0,2,0,0,0,13,2,0,0,5,6,172,0,23,3,7,14,3,6,12,7,3,2,1,2,15,15
64,15,4,23,3,0,0,2,0,0,0,1,14,0,0,5,6,172,0,23,5,8,15,3,10,13,6,2,2,1,1,12,30
122,15,5,23,5,0,0,1,0,0,0,4,11,0,0,5,6,172,2,21,5,8,14,4,9,12,5,2,2,1,1,12,30
86,14,5,26,6,0,1,1,0,0,0,6,9,0,0,5,6,172,4,18,3,6,12,6,9,13,5,2,2,1,1,13,0
-48,13,6,31,6,0,1,0,0,0,0,1,14,0,0,5,6,172,2,17,3,7,12,7,8,13,6,2,1,1,2,14,45
43,11,5,26,7,0,1,0,0,0,0,4,11,0,0,5,6,172,2,16,3,7,11,6,7,15,7,2,1,0,1,13,0
4,11,5,21,6,0,1,0,0,0,0,12,3,0,0,5,6,172,2,16,4,7,12,5,6,14,6,2,1,0,2,12,15
43,11,6,17,5,0,1,0,0,0,0,9,6,0,0,5,6,172,2,16,4,7,12,5,6,13,5,2,1,0,2,11,45
-221,11,6,43,5,0,0,0,0,0,0,9,6,0,0,5,6,172,2,16,4,7,12,4,5,12,4,2,1,0,2,16,0
28,11,6,25,5,0,0,0,0,0,0,5,10,0,0,5,6,172,2,15,3,6,12,3,5,13,4,2,1,0,2,12,45
10,11,6,19,4,0,0,0,0,0,0,3,12,0,0,5,6,172,1,15,3,7,12,2,4,12,4,2,1,0,2,12,0
40,9,5,15,6,0,0,0,0,0,0,11,4,0,0,5,6,172,2,12,3,6,12,1,5,12,5,2,1,0,2,11,30
-12,5,3,19,8,0,0,0,0,0,0,11,4,0,0,5,6,172,0,9,3,5,9,4,8,14,9,3,1,1,2,12,0
-23,5,3,21,7,0,0,0,0,0,0,7,8,0,0,5,6,172,0,9,3,5,9,3,7,13,8,3,1,1,2,12,15
37,4,3,12,6,0,1,1,0,0,1,12,3,0,0,5,6,172,2,6,2,6,6,6,9,14,8,2,1,1,1,11,0
27,4,3,9,5,0,1,1,0,0,1,11,4,0,0,5,6,172,2,6,2,6,6,5,8,13,7,1,1,1,1,10,30
0,3,3,15,4,0,1,1,0,0,1,1,14,0,0,5,6,172,0,6,3,6,6,6,9,13,8,3,0,1,2,11,30
11,3,3,7,4,0,0,1,0,0,1,0,15,0,0,5,6,172,0,6,3,6,6,5,8,12,7,3,0,0,2,10,15
56,3,3,7,3,0,0,1,0,0,1,29,1,0,0,5,6,172,0,6,3,6,6,4,7,11,6,2,0,0,2,10,15
18,3,3,12,2,0,1,1,0,0,1,19,11,0,0,5,6,172,1,5,3,5,5,4,6,10,5,2,0,0,1,11,0
-16,2,2,14,3,0,1,1,0,0,1,7,23,0,0,5,6,172,2,3,3,3,3,3,6,10,5,1,0,0,2,11,15
59,2,2,0,3,0,0,1,0,0,1,7,23,0,1,5,6,172,2,3,3,3,3,2,5,9,4,1,0,0,1,9,0
34,1,1,11,3,0,0,1,0,0,1,11,4,0,0,5,6,172,2,2,2,2,2,3,5,8,4,1,0,0,2,10,45
58,1,1,4,5,0,0,1,0,0,0,3,12,0,0,5,6,172,1,0,0,0,0,3,6,7,6,3,0,0,2,9,45
-12,1,1,4,4,0,0,1,0,0,0,2,13,0,0,5,6,172,1,0,0,0,0,2,5,6,5,3,0,0,2,9,45
-5,0,0,9,4,0,0,0,0,0,0,2,13,0,0,5,6,172,0,0,0,0,0,3,4,5,5,4,0,0,1,10,30
-27,0,0,4,3,0,0,0,0,0,0,0,19,0,0,5,6,172,0,0,0,0,0,3,4,4,4,3,0,0,2,9,45
18,0,0,2,2,0,0,0,0,0,0,0,20,0,0,5,6,172,0,0,0,0,0,2,3,3,3,2,0,0,3,9,30
2,0,0,1,1,0,0,0,0,0,0,0,41,0,0,5,6,172,0,0,0,0,0,2,2,2,2,2,0,0,2,9,15
-3,0,0,2,0,0,0,0,0,0,0,0,58,0,0,5,6,172,0,0,0,0,0,1,1,1,1,1,0,0,3,9,30
35,38,3,51,2,0,0,0,0,0,0,9,21,0,0,4,6,171,1,51,2,5,12,2,2,6,2,1,8,0,1,17,0
26,38,3,51,1,0,0,0,0,0,0,14,1,0,0,4,6,171,0,51,4,6,14,1,1,5,2,0,8,0,1,17,0
1,34,4,47,3,0,0,3,0,0,0,12,3,0,0,4,6,171,1,45,3,8,13,2,4,12,6,2,8,1,1,16,30
-31,34,4,53,2,0,0,3,0,0,0,11,4,1,0,4,6,171,1,45,3,8,13,2,3,11,5,2,8,1,1,17,30
17,31,3,45,2,0,0,4,0,0,1,27,3,0,0,4,6,171,1,42,5,7,14,2,6,12,7,2,8,2,3,16,0
28,31,6,42,4,0,0,4,0,0,1,11,19,0,0,4,6,171,3,39,3,6,12,4,8,12,7,2,7,3,2,15,30
-67,30,5,47,5,0,0,4,1,0,0,5,10,0,0,4,6,171,2,37,3,5,13,5,8,13,9,2,6,2,1,16,30
-19,28,5,47,4,0,0,4,1,0,0,0,15,0,0,4,6,171,0,37,3,6,13,5,7,12,10,3,6,1,1,16,30
48,28,5,43,4,0,0,3,1,0,1,11,4,0,0,4,6,171,1,36,3,6,13,5,6,11,9,3,6,1,2,15,45
65,28,5,38,4,0,0,2,1,0,1,10,5,0,0,4,6,171,1,36,3,6,13,4,5,10,8,2,6,1,3,14,45
-104,28,6,50,3,0,1,2,1,0,1,9,6,0,0,4,6,171,2,35,3,7,16,4,6,12,7,2,6,3,2,16,45
36,27,6,39,3,0,1,2,1,0,1,1,14,0,0,4,6,171,2,34,3,7,17,3,5,12,7,3,6,3,1,15,0
80,27,6,35,3,0,1,1,1,0,1,44,1,0,0,4,6,171,2,34,3,7,17,2,4,11,6,3,5,3,1,14,15
108,25,5,29,4,0,1,2,0,0,1,29,16,0,0,4,6,171,2,32,4,7,18,3,6,13,7,5,5,3,2,13,0
10,23,6,39,4,0,2,2,0,0,1,8,37,0,0,4,6,171,2,30,3,8,18,3,5,13,8,5,4,3,1,15,0
52,23,6,33,4,0,1,2,0,0,1,3,42,0,0,4,6,171,1,30,4,9,19,2,6,13,8,4,3,3,2,13,30
58,21,7,31,6,0,2,2,0,0,0,11,4,0,0,4,6,171,2,27,4,11,19,3,7,18,9,5,3,2,2,13,15
20,20,7,37,7,0,2,2,0,0,0,3,12,0,0,4,6,171,2,25,4,11,17,4,7,17,10,6,3,2,1,14,30
-36,20,7,43,6,0,2,2,0,0,0,2,13,0,0,4,6,171,2,25,5,11,17,3,6,16,9,6,2,2,2,15,45
57,17,5,31,8,0,2,2,0,0,0,8,7,0,0,4,6,171,2,22,6,10,17,4,8,18,11,9,2,2,2,13,15
-112,17,6,39,8,0,1,2,0,0,0,4,11,0,0,4,6,171,1,21,8,10,17,4,7,18,11,9,1,2,1,15,0
63,17,7,27,9,0,1,2,0,0,0,14,1,0,0,4,6,171,3,20,6,9,15,4,10,17,10,8,1,1,2,12,45
-38,16,7,35,11,0,0,2,0,0,0,7,8,0,0,4,6,171,3,18,4,7,14,4,11,16,11,9,1,1,1,14,15
1,14,6,33,14,0,1,1,0,0,0,5,10,0,0,4,6,171,4,14,2,6,14,4,11,19,13,10,1,1,2,13,30
25,13,6,25,13,0,1,1,0,0,0,0,15,0,0,4,6,171,3,14,3,6,14,7,11,18,13,9,1,1,2,12,30
23,13,6,20,12,0,1,1,0,0,0,14,1,0,0,4,6,171,3,14,3,6,14,6,10,17,12,8,0,1,2,12,0
-32,13,6,29,11,0,1,1,0,0,0,5,10,0,0,4,6,171,3,14,3,7,14,7,10,16,11,7,0,0,2,13,0
62,10,4,27,13,0,2,0,0,0,0,3,12,0,0,4,6,171,3,11,3,6,11,7,11,16,13,8,0,0,2,12,45
54,10,4,23,12,0,2,0,0,0,0,2,13,0,0,4,6,171,3,11,3,6,11,6,10,15,12,7,0,0,2,12,15
48,10,4,25,11,0,2,0,0,0,0,1,14,0,0,4,6,171,3,11,3,6,11,6,9,14,11,6,0,0,2,12,30
18,10,5,19,10,0,2,0,0,0,0,0,15,0,0,4,6,171,3,11,3,6,11,5,8,13,10,5,0,0,3,11,45
46,10,6,20,9,0,2,0,0,0,0,14,1,0,0,4,6,171,3,11,3,6,11,4,7,13,9,5,0,0,2,12,0
-4,10,6,23,8,0,2,0,0,0,0,13,2,0,0,4,6,171,3,11,3,6,11,3,6,12,8,4,0,0,2,12,15
40,8,5,20,8,0,2,0,1,0,0,14,1,0,0,4,6,171,3,9,3,6,9,3,7,13,9,5,0,0,2,12,0
65,8,7,16,8,0,2,0,1,0,0,2,13,0,0,4,6,171,3,8,3,8,8,4,8,15,9,5,0,0,1,11,15
-204,7,7,45,8,0,2,0,1,0,0,6,9,0,0,4,6,171,3,7,3,7,7,3,7,16,9,5,0,0,3,16,0
49,6,6,12,9,0,1,0,1,0,0,9,6,0,0,4,6,171,2,6,6,6,6,6,6,17,10,4,0,0,2,10,45
37,6,6,14,8,0,1,0,2,0,0,5,10,0,0,4,6,171,3,5,5,5,5,5,6,17,9,3,0,0,2,11,0
65,3,3,12,8,0,1,0,2,0,0,3,12,0,0,4,6,171,1,4,4,4,4,4,7,16,11,5,0,0,2,10,45
57,3,3,16,8,0,1,0,2,0,0,1,14,0,0,4,6,171,2,3,3,3,3,3,6,15,10,5,0,0,1,11,15
111,3,3,2,8,0,0,0,2,0,0,14,1,0,0,4,6,171,2,3,3,3,3,2,6,14,9,5,0,0,2,9,30
-27,3,3,18,7,0,0,0,3,0,0,12,3,0,0,4,6,171,3,2,2,2,2,1,7,13,8,4,0,0,1,11,30
54,0,0,11,7,0,1,0,3,0,0,6,9,0,0,4,6,171,1,0,0,0,0,7,12,12,11,5,0,0,2,10,30
46,0,0,9,7,0,1,0,2,0,0,14,1,0,0,4,6,171,0,0,0,0,0,6,11,11,11,6,0,0,1,10,15
26,0,0,5,6,0,1,0,2,0,0,3,12,0,0,4,6,171,0,0,0,0,0,7,10,10,10,5,0,0,2,9,45
41,0,0,2,5,0,1,0,2,0,0,0,15,0,0,4,6,171,0,0,0,0,0,7,9,9,9,5,0,0,2,9,30
-12,0,0,7,5,0,1,0,1,0,0,14,1,0,0,4,6,171,0,0,0,0,0,6,8,8,8,4,0,0,2,10,0
26,0,0,9,4,0,1,0,1,0,0,12,3,0,0,4,6,171,0,0,0,0,0,5,7,7,7,4,0,0,1,10,15
46,0,0,5,4,0,1,0,0,0,0,9,6,0,0,4,6,171,0,0,0,0,0,5,6,6,6,4,0,0,2,9,45
63,0,0,1,3,0,1,0,0,0,0,0,6,0,0,4,6,171,0,0,0,0,0,5,5,5,5,3,0,0,3,9,15
57,0,0,0,2,0,1,0,0,0,0,0,7,0,1,4,6,171,0,0,0,0,0,4,4,4,4,2,0,0,1,9,0
-14,0,0,14,1,0,1,0,0,0,0,0,12,0,0,4,6,171,0,0,0,0,0,3,3,3,3,1,0,0,2,11,0
59,0,0,2,0,0,1,0,0,0,0,0,21,0,0,4,6,171,0,0,0,0,0,2,2,2,2,1,0,0,2,9,30
-29,0,0,7,0,0,0,0,0,0,0,0,24,0,0,4,6,171,0,0,0,0,0,1,1,1,1,1,0,0,2,10,0
12,29,4,49,3,0,0,1,1,0,1,5,10,1,0,3,6,170,1,43,4,6,13,4,4,9,6,2,9,1,1,17,30
43,29,5,46,3,0,0,1,1,0,1,1,14,0,0,3,6,170,2,42,3,5,12,3,4,11,5,1,9,1,1,17,0
40,29,5,48,3,0,0,0,1,0,1,14,1,0,0,3,6,170,2,42,3,5,12,2,3,10,4,1,8,1,1,17,15
27,27,5,46,4,0,0,1,1,0,0,0,15,0,0,3,6,170,2,40,2,6,10,1,2,10,5,3,8,0,1,17,0
-26,24,5,45,7,0,0,0,1,0,0,1,14,0,0,3,6,170,1,37,5,7,12,3,8,13,8,5,8,1,2,16,45
48,21,2,40,8,0,1,1,1,0,0,4,11,0,0,3,6,170,1,33,3,5,10,5,9,15,11,5,8,1,2,16,0
72,21,2,35,7,0,1,1,1,0,0,3,12,0,0,3,6,170,1,33,3,5,11,4,8,14,10,4,7,1,2,15,30
57,20,1,43,6,0,1,1,1,0,1,9,6,0,0,3,6,170,1,32,2,4,11,5,9,13,10,4,7,0,1,16,30
41,19,1,41,8,0,1,1,0,0,1,13,2,0,0,3,6,170,2,30,0,4,10,6,8,13,10,4,7,0,2,16,15
77,19,2,29,7,0,1,1,0,0,1,5,10,0,0,3,6,170,2,30,2,4,11,5,7,12,9,3,7,0,1,14,45
43,19,2,38,6,0,1,1,0,0,1,2,13,0,0,3,6,170,2,30,2,5,11,5,7,11,8,3,7,1,1,15,45
43,19,2,43,5,0,1,1,0,0,1,2,13,0,0,3,6,170,2,30,2,5,11,4,6,10,7,2,7,1,1,16,30
27,19,4,32,5,0,1,1,0,0,0,3,12,0,0,3,6,170,0,30,4,6,13,4,8,11,8,3,7,3,2,15,0
31,19,4,29,4,0,1,1,0,0,0,14,1,0,0,3,6,170,0,30,4,6,13,3,7,10,7,2,7,3,1,14,45
28,19,6,35,3,0,1,2,1,0,0,2,13,0,0,3,6,170,2,28,3,6,13,3,6,9,6,2,7,3,2,15,30
4,19,6,38,3,0,1,1,1,0,0,13,2,0,0,3,6,170,2,28,3,7,14,2,5,8,5,2,7,3,1,15,45
-25,17,5,33,4,0,1,1,2,0,0,33,12,0,0,3,6,170,2,25,2,6,13,4,5,10,7,5,6,3,3,15,15
24,16,5,33,5,0,0,1,2,0,0,24,21,0,0,3,6,170,2,24,3,6,13,3,5,11,7,5,5,3,3,15,15
-38,15,5,41,4,0,0,1,2,0,0,21,24,0,0,3,6,170,1,24,3,7,13,2,5,10,7,4,4,3,2,16,15
-33,15,5,35,3,0,0,1,2,0,0,20,25,0,0,3,6,170,1,24,3,7,13,1,4,9,6,4,4,2,2,15,30
50,13,6,26,6,0,1,1,1,0,0,13,2,0,0,3,6,170,2,20,3,7,10,3,6,12,8,4,4,2,1,13,30
-5,12,7,28,7,0,1,0,1,0,0,13,2,0,0,3,6,170,2,19,5,8,10,2,7,13,8,4,3,3,3,14,30
35,10,5,22,7,0,0,1,1,0,0,7,8,0,0,3,6,170,1,18,4,7,11,1,6,13,9,4,2,2,1,13,0
53,8,4,25,8,0,1,2,1,0,0,6,9,0,0,3,6,170,2,14,3,3,7,5,6,17,11,5,2,1,1,13,15
82,7,3,19,6,0,1,3,1,0,0,5,10,0,0,3,6,170,2,13,2,2,6,4,6,16,11,4,2,1,1,12,30
28,7,3,19,6,0,1,3,1,0,0,5,10,0,0,3,6,170,2,13,2,2,6,4,6,16,11,4,2,1,1,12,30
107,5,1,15,6,0,1,4,1,0,0,2,13,0,0,3,6,170,2,11,0,2,7,3,7,16,11,4,2,1,1,11,45
59,5,1,22,5,0,1,4,1,0,0,0,15,0,0,3,6,170,2,11,0,2,7,2,6,15,10,4,1,1,1,13,0
8,5,2,21,4,0,1,4,1,0,0,10,5,0,0,3,6,170,2,11,2,4,9,4,12,16,9,4,1,1,3,12,45
-87,4,2,29,3,0,1,4,1,0,0,5,10,0,0,3,6,170,0,11,4,4,11,6,11,16,10,4,1,1,1,14,45
-96,4,2,27,4,0,1,3,1,0,0,3,12,0,0,3,6,170,1,10,3,3,10,6,11,15,9,4,1,1,1,14,15
13,4,2,18,4,0,0,3,1,0,0,1,14,0,0,3,6,170,1,10,3,4,10,6,10,14,8,3,1,1,2,12,15
81,4,2,11,5,0,0,3,0,0,0,6,9,0,0,3,6,170,2,9,2,5,9,8,10,14,7,2,1,1,1,11,0
45,4,3,17,5,0,0,2,0,0,0,14,1,0,0,3,6,170,2,9,2,5,9,7,9,13,6,2,1,1,1,12,0
54,4,3,9,5,0,0,1,0,0,0,11,4,0,0,3,6,170,1,9,2,6,9,6,8,12,6,2,1,1,2,10,45
11,4,4,22,5,0,0,1,1,0,0,5,10,0,0,3,6,170,3,7,0,5,7,5,8,12,5,2,1,1,1,13,0
81,4,4,9,4,0,0,1,1,0,0,1,14,0,0,3,6,170,3,7,1,5,7,5,7,11,4,1,1,1,2,10,45
34,4,4,14,4,0,0,0,1,0,0,13,2,0,0,3,6,170,3,7,1,5,7,4,7,11,3,0,0,1,2,11,30
-3,3,3,11,3,0,0,0,1,0,0,12,3,0,0,3,6,170,2,7,1,5,7,3,6,10,3,0,0,0,1,11,0
-6,3,3,15,2,0,0,0,1,0,0,11,4,0,0,3,6,170,2,7,1,5,7,2,5,9,2,0,0,0,1,11,45
12,2,2,8,1,0,0,0,1,0,0,5,10,0,0,3,6,170,0,7,5,7,7,3,5,10,3,2,0,0,2,10,30
-47,2,2,13,1,0,0,1,1,0,1,9,6,0,0,3,6,170,3,4,2,4,4,3,5,9,2,2,0,0,1,11,15
33,0,0,5,2,0,0,2,0,0,1,8,7,0,0,3,6,170,3,2,2,2,2,3,5,8,3,2,0,0,2,10,0
17,0,0,3,1,0,0,2,0,0,1,14,1,0,0,3,6,170,3,2,2,2,2,2,5,7,2,1,0,0,1,9,45
24,0,0,1,1,0,0,2,0,0,0,8,7,0,0,3,6,170,2,2,2,2,2,2,4,6,2,2,0,0,2,9,30
-48,0,0,6,3,0,0,1,0,0,0,0,4,0,0,3,6,170,0,0,0,0,0,3,5,5,5,3,0,0,1,10,15
-1,0,0,0,2,0,0,1,0,0,0,0,19,0,1,3,6,170,0,0,0,0,0,4,4,4,4,3,0,0,2,9,15
-35,0,0,6,1,0,0,1,0,0,0,0,29,0,0,3,6,170,0,0,0,0,0,3,3,3,3,2,0,0,1,10,15
-27,0,0,3,0,0,0,1,0,0,0,0,37,0,0,3,6,170,0,0,0,0,0,2,2,2,2,1,0,0,1,9,45
-5,0,0,1,0,0,0,0,0,0,0,0,46,0,0,3,6,170,0,0,0,0,0,1,1,1,1,0,0,0,2,9,30
27,30,5,52,4,0,0,1,0,0,0,10,5,1,0,2,6,169,2,47,4,7,13,1,3,11,4,3,8,0,1,17,30
55,27,5,44,6,0,0,3,0,0,0,6,9,0,0,2,6,169,3,42,4,8,11,2,3,12,7,5,8,0,2,16,30
46,25,4,46,5,0,0,3,1,0,0,4,11,0,0,2,6,169,2,41,4,7,11,2,7,13,8,5,8,3,2,16,45
62,25,6,44,5,0,1,4,1,0,0,14,1,0,0,2,6,169,4,38,4,5,8,4,9,14,8,4,8,6,2,16,30
16,22,4,48,6,0,2,3,2,0,1,4,11,0,0,2,6,169,5,34,1,3,6,8,9,14,10,3,8,7,2,17,0
1,22,4,50,5,0,2,3,2,0,1,1,14,0,0,2,6,169,5,34,1,3,7,7,9,13,9,3,7,7,1,17,15
51,22,5,40,4,0,2,3,2,0,1,0,15,0,0,2,6,169,5,34,1,3,7,6,9,12,8,2,7,6,2,16,0
43,21,4,42,4,0,2,2,2,0,1,8,7,0,0,2,6,169,4,34,2,4,7,6,8,11,8,2,6,6,2,16,15
22,21,4,42,4,0,2,2,1,0,1,4,11,0,0,2,6,169,4,34,2,4,7,5,7,10,7,1,5,5,2,16,15
24,20,3,36,4,0,1,2,1,0,1,1,14,0,0,2,6,169,3,34,2,4,7,4,6,9,7,2,4,4,2,15,30
-29,20,3,46,4,0,1,1,1,0,1,10,5,0,0,2,6,169,3,34,3,4,8,3,6,10,6,2,3,3,2,16,45
-11,20,3,50,4,0,1,0,1,0,1,8,7,0,0,2,6,169,3,34,3,4,8,2,5,9,5,2,2,2,1,17,15
12,19,2,38,5,0,1,0,1,0,0,9,6,0,0,2,6,169,2,33,3,3,8,3,5,9,6,3,1,1,2,15,45
-38,18,1,40,5,0,1,1,1,0,0,2,13,0,0,2,6,169,3,31,1,4,9,4,5,9,6,4,1,0,2,16,0
38,17,0,33,4,0,1,1,1,0,0,0,15,0,0,2,6,169,2,31,1,4,9,3,4,8,6,3,1,0,1,15,0
154,17,1,26,5,0,1,1,0,0,0,13,2,0,0,2,6,169,3,30,1,4,10,2,5,8,5,2,1,1,1,13,0
17,17,1,31,5,0,1,0,0,0,0,4,11,0,0,2,6,169,2,30,2,4,12,2,4,8,5,2,1,1,2,14,45
22,17,4,36,4,0,2,0,0,0,0,43,17,0,0,2,6,169,3,29,3,7,13,3,5,9,4,1,1,1,2,15,30
-49,16,5,35,5,0,2,1,0,0,0,15,45,0,0,2,6,169,3,26,4,6,11,4,5,13,6,3,0,1,2,15,15
14,16,6,33,4,0,2,1,0,0,0,15,45,0,0,2,6,169,3,26,4,6,11,3,4,12,5,2,0,0,1,15,0
-37,15,6,30,4,0,1,1,0,0,0,14,1,0,0,2,6,169,1,26,4,8,12,2,4,12,6,4,0,0,2,14,30
0,15,6,31,4,0,1,2,0,0,0,9,6,0,0,2,6,169,3,24,3,7,10,2,3,15,5,3,0,0,2,14,45
30,11,4,28,3,0,1,4,1,0,0,11,4,0,0,2,6,169,1,21,4,6,11,2,8,16,9,6,0,0,1,13,15
-207,10,4,48,2,0,1,6,2,0,0,6,9,0,0,2,6,169,2,18,2,3,9,5,8,15,10,6,0,0,2,17,0
78,7,2,17,3,0,1,5,2,0,0,2,13,0,0,2,6,169,0,17,2,5,10,7,12,14,12,8,0,0,2,11,45
-3,7,2,24,3,0,1,4,3,0,0,1,14,0,0,2,6,169,1,16,1,4,9,6,12,13,11,7,0,0,2,12,45
34,7,3,23,2,0,1,4,3,0,0,9,6,0,0,2,6,169,1,16,1,6,10,5,12,12,10,6,0,0,2,12,30
17,7,3,26,1,0,1,4,3,0,0,8,7,0,0,2,6,169,1,16,1,6,10,4,11,11,9,6,0,0,1,13,0
50,7,3,19,2,0,1,4,2,0,0,1,14,0,0,2,6,169,2,15,1,5,11,3,10,13,8,5,0,0,2,12,0
-57,7,3,29,2,0,1,3,2,0,0,14,1,0,0,2,6,169,1,15,1,5,11,3,9,12,8,4,0,0,1,14,15
30,7,3,19,2,0,0,3,2,0,0,10,5,0,0,2,6,169,1,15,1,5,11,4,8,12,7,3,0,0,2,12,0
30,6,4,21,3,0,0,2,2,0,0,14,1,0,0,2,6,169,1,14,4,6,13,7,7,16,7,4,0,0,1,12,15
-15,5,3,24,3,0,0,1,2,0,0,12,3,0,0,2,6,169,0,14,4,7,13,6,6,17,7,4,0,0,2,12,45
45,5,3,16,3,0,0,1,1,0,0,11,4,0,0,2,6,169,0,14,4,7,13,5,5,16,6,3,0,0,2,11,30
-29,5,3,21,3,0,0,0,0,0,0,10,5,0,0,2,6,169,0,14,4,7,13,4,4,15,5,3,0,0,1,12,15
49,5,3,15,3,0,0,0,0,0,0,10,5,0,0,2,6,169,0,14,4,7,13,4,4,15,5,3,0,0,1,11,15
19,5,3,17,3,0,0,1,0,0,0,2,13,0,0,2,6,169,2,12,2,5,12,2,2,14,3,2,0,0,2,11,45
35,4,2,13,4,0,0,1,0,0,0,9,6,0,0,2,6,169,3,10,1,4,10,1,1,14,3,2,0,0,1,11,0
9,2,2,10,5,0,0,3,0,0,0,7,8,0,0,2,6,169,1,6,5,6,6,7,13,15,8,3,0,0,1,10,30
-28,2,2,12,6,0,0,2,0,0,0,6,9,0,0,2,6,169,2,5,4,5,5,6,12,14,7,2,0,0,2,10,45
-340,1,1,38,7,0,0,1,0,0,0,3,12,0,0,2,6,169,2,4,3,4,4,5,11,13,7,3,0,0,2,15,45
58,1,1,8,6,0,0,1,0,0,0,12,3,0,0,2,6,169,2,4,3,4,4,8,11,12,6,2,0,0,2,10,15
30,1,1,4,5,0,0,1,0,0,0,10,5,0,0,2,6,169,1,4,3,4,4,7,10,11,6,2,0,0,2,9,45
-22,1,1,13,5,0,0,1,0,0,0,1,14,0,0,2,6,169,2,3,3,3,3,7,9,10,5,2,0,0,1,11,0
-2,1,1,2,5,0,1,1,0,0,0,10,5,0,0,2,6,169,2,1,1,1,1,7,8,9,6,4,0,0,2,9,30
28,0,0,10,5,0,1,0,0,0,0,2,13,0,0,2,6,169,0,1,1,1,1,6,8,8,7,5,0,0,1,10,30
-4,0,0,4,4,0,1,0,0,0,0,14,1,0,0,2,6,169,0,1,1,1,1,5,7,7,6,4,0,0,2,9,45
49,0,0,0,3,0,1,0,0,0,0,13,2,0,1,2,6,169,0,1,1,1,1,4,6,6,5,4,0,0,1,9,0
-6,0,0,2,2,0,1,0,0,0,0,12,3,0,0,2,6,169,0,1,1,1,1,4,5,5,4,3,0,0,2,9,30
6,0,0,1,3,0,0,0,0,0,0,4,11,0,0,2,6,169,1,0,0,0,0,3,4,4,3,2,0,0,2,9,15
-32,0,0,6,2,0,0,0,0,0,0,0,3,0,0,2,6,169,0,0,0,0,0,2,3,3,3,2,0,0,2,10,0
-11,0,0,8,1,0,0,0,0,0,0,0,18,0,0,2,6,169,0,0,0,0,0,2,2,2,2,1,0,0,2,10,15
-58,0,0,6,0,0,0,0,0,0,0,0,36,0,0,2,6,169,0,0,0,0,0,1,1,1,1,1,0,0,2,10,0
4,35,3,46,2,0,0,1,0,0,0,17,13,1,0,6,6,166,1,43,1,5,11,3,4,8,3,1,5,1,1,17,30
65,35,3,43,1,0,0,1,0,0,0,15,15,0,0,6,6,166,1,43,1,5,11,2,3,7,2,1,5,0,1,16,45
52,34,3,41,1,0,0,1,0,0,0,12,3,0,0,6,6,166,1,42,3,5,13,1,3,7,2,2,5,0,2,16,30
5,32,4,45,3,0,0,1,0,0,0,22,8,0,0,6,6,166,1,39,3,6,13,3,5,10,4,3,5,0,1,17,0
44,32,5,40,3,0,0,1,0,0,0,11,19,0,0,6,6,166,2,38,3,6,13,2,4,10,3,2,5,0,2,16,0
-2,31,6,41,3,0,0,2,0,0,0,9,6,0,0,6,6,166,2,36,3,7,13,3,4,9,4,2,5,0,2,16,30
67,29,5,35,2,0,1,2,0,0,0,1,14,0,0,6,6,166,1,35,6,7,13,3,3,9,5,3,5,0,2,15,15
-35,29,6,43,1,0,1,3,0,0,0,10,5,0,0,6,6,166,2,34,5,7,13,2,4,8,4,2,5,1,1,16,45
59,26,4,31,2,0,1,3,0,0,1,5,10,0,0,6,6,166,1,31,3,6,12,1,6,10,7,4,5,1,2,14,45
55,24,5,28,3,0,1,5,0,0,0,0,15,0,0,6,6,166,1,28,3,6,13,5,6,12,9,4,4,1,1,14,15
9,23,4,31,2,0,1,5,0,0,0,13,2,0,0,6,6,166,0,28,4,6,13,4,5,12,9,4,4,0,2,14,45
3,23,4,38,1,0,1,5,1,0,0,10,5,0,0,6,6,166,1,27,4,6,13,3,4,11,8,4,4,0,1,15,45
27,23,5,36,1,0,1,4,1,0,0,9,6,0,0,6,6,166,1,27,4,6,13,2,4,10,7,3,4,0,2,15,30
22,23,5,33,1,0,1,4,1,0,0,4,11,0,0,6,6,166,2,26,3,5,12,1,3,11,6,3,4,0,1,15,0
-2,21,6,28,1,0,1,4,3,0,0,16,29,0,0,6,6,166,2,23,2,6,11,3,4,14,8,5,4,0,1,14,15
52,18,6,30,3,0,1,3,3,0,0,9,6,0,0,6,6,166,1,21,3,7,12,3,7,17,10,6,4,1,2,14,30
87,18,6,27,2,0,1,3,3,0,0,2,13,0,0,6,6,166,1,21,4,7,13,2,8,17,9,5,4,1,2,13,30
-22,17,6,36,3,0,1,3,3,0,0,9,6,0,0,6,6,166,2,19,2,6,13,4,7,16,9,5,4,1,2,15,30
-26,15,5,33,3,0,3,2,3,0,0,14,1,0,0,6,6,166,1,17,3,5,14,6,11,17,11,5,3,3,1,15,0
44,15,5,26,3,0,3,2,2,0,0,13,2,0,0,6,6,166,1,17,3,5,14,5,10,17,10,4,3,2,1,13,15
59,15,5,22,3,0,2,2,2,0,0,11,4,0,0,6,6,166,1,17,4,5,14,4,10,16,9,3,3,2,2,12,45
119,13,3,19,3,0,2,1,3,0,1,0,15,0,0,6,6,166,1,15,3,5,12,4,11,15,10,4,3,3,2,12,30
47,12,3,19,3,0,2,1,3,0,1,8,7,0,0,6,6,166,1,14,2,5,12,4,10,16,10,4,3,3,2,12,30
102,12,4,19,3,0,2,1,2,0,1,5,10,0,0,6,6,166,1,14,2,5,12,3,10,15,9,4,3,3,2,12,30
22,11,5,15,4,0,1,2,2,0,1,17,13,0,0,6,6,166,2,12,2,6,10,7,9,15,9,5,2,3,3,12,15
45,10,5,15,3,0,1,2,2,0,1,13,17,0,0,6,6,166,1,12,2,6,11,7,9,15,9,6,1,2,3,12,15
20,10,6,15,3,0,1,2,1,0,1,4,26,0,0,6,6,166,1,12,3,8,11,7,8,15,8,6,1,1,3,12,15
43,10,7,13,3,0,1,2,1,0,0,3,27,0,0,6,6,166,1,12,3,9,11,6,7,15,7,5,1,1,4,11,45
70,10,7,13,3,0,1,1,1,0,0,14,1,0,0,6,6,166,0,12,5,9,11,5,7,14,7,6,1,1,4,11,45
40,10,7,22,2,0,1,1,1,0,0,13,2,0,0,6,6,166,0,12,5,9,11,4,7,13,6,6,1,1,2,12,45
-181,10,8,38,3,0,0,2,1,0,0,2,13,0,0,6,6,166,2,10,4,7,10,3,6,12,5,5,0,1,1,15,45
34,10,8,24,3,0,0,2,0,0,0,2,13,0,0,6,6,166,2,10,4,7,10,2,5,11,4,4,0,0,1,13,0
147,9,7,1,2,0,1,2,0,0,0,6,9,0,0,6,6,166,2,9,4,7,9,2,6,12,4,4,0,0,2,9,45
2,5,4,9,4,0,0,2,1,0,0,1,14,0,0,6,6,166,1,6,3,4,6,3,6,12,7,4,0,0,2,11,15
9,3,2,8,4,0,0,3,1,0,1,1,14,0,0,6,6,166,2,3,1,2,3,4,8,11,8,5,0,0,2,11,0
29,3,2,11,3,0,0,3,1,0,1,29,1,0,0,6,6,166,2,3,1,2,3,3,7,10,7,5,0,0,2,11,30
0,2,2,11,2,0,0,3,1,0,1,14,16,0,0,6,6,166,1,3,1,3,3,4,6,9,7,4,0,0,2,11,30
-29,2,2,15,3,0,0,2,1,0,1,11,19,0,0,6,6,166,2,2,1,2,2,3,5,9,6,3,0,0,3,12,15
5,1,1,9,3,0,0,1,1,0,1,8,7,0,0,6,6,166,1,2,2,2,2,4,6,9,6,2,0,0,2,11,15
35,1,1,3,2,0,0,1,1,0,1,0,15,0,0,6,6,166,1,2,2,2,2,3,6,8,5,2,0,0,1,10,0
17,1,1,6,2,0,0,1,1,0,1,8,7,0,0,6,6,166,2,1,1,1,1,4,5,7,4,2,0,0,1,10,45
51,1,1,3,2,0,0,1,0,0,1,4,11,0,0,6,6,166,2,1,1,1,1,3,4,6,3,1,0,0,1,10,0
33,0,0,5,3,0,0,0,0,0,1,0,5,0,0,6,6,166,1,0,0,0,0,3,4,5,4,1,0,0,2,10,15
27,0,0,1,2,0,0,0,0,0,1,0,6,0,0,6,6,166,1,0,0,0,0,2,3,4,3,1,0,0,2,9,45
13,0,0,0,1,0,0,0,0,0,1,0,23,0,1,6,6,166,0,0,0,0,0,1,3,3,3,1,0,0,2,9,30
-208,0,0,24,0,0,0,0,0,0,1,0,61,0,0,6,6,166,0,0,0,0,0,2,2,2,2,0,0,0,1,13,0
-83,0,0,6,0,0,0,0,0,0,0,0,76,0,0,6,6,166,0,0,0,0,0,1,1,1,1,0,0,0,1,10,45
19,35,5,52,2,0,2,2,0,0,1,11,4,0,0,5,6,165,2,46,4,6,12,4,7,12,6,4,9,4,1,17,15
17,33,5,53,3,0,2,1,0,0,1,6,9,1,0,5,6,165,1,45,4,9,13,6,10,12,7,3,9,3,1,17,30
105,33,5,41,3,0,1,1,0,0,1,5,10,0,0,5,6,165,1,45,4,9,13,5,9,11,6,2,8,3,1,15,30
137,33,6,37,4,0,1,1,0,0,0,2,13,0,0,5,6,165,2,44,4,8,12,4,8,11,5,1,8,2,2,15,0
8,32,6,49,5,0,1,1,0,0,0,20,10,0,0,5,6,165,3,42,4,7,12,4,7,11,5,2,7,2,1,16,45
26,32,6,51,5,0,0,1,0,0,0,19,11,0,0,5,6,165,3,42,4,7,12,3,6,10,4,2,6,1,1,17,0
19,32,6,47,5,0,0,0,0,0,0,17,13,0,0,5,6,165,3,42,4,7,12,2,5,9,3,2,6,0,2,16,30
68,30,6,49,6,0,0,2,0,0,0,6,9,0,0,5,6,165,5,38,3,5,9,4,6,11,4,3,6,2,1,16,45
37,28,4,41,5,0,0,2,0,0,0,14,1,0,0,5,6,165,3,38,3,5,9,4,5,11,5,2,6,2,1,15,30
77,28,4,34,5,0,0,1,0,0,0,14,1,0,0,5,6,165,3,38,3,5,9,3,4,10,4,1,6,2,2,14,30
29,28,4,45,5,0,0,1,0,0,0,9,6,0,0,5,6,165,4,37,2,5,10,2,3,10,3,1,6,2,2,16,0
10,26,4,45,4,0,0,2,0,0,1,0,15,0,0,5,6,165,4,35,2,5,10,2,4,11,4,1,5,2,2,16,0
13,25,3,39,5,0,0,2,0,0,0,8,7,0,0,5,6,165,3,34,3,5,12,2,6,12,5,3,4,2,3,15,15
26,24,4,35,7,0,0,1,0,0,0,4,11,0,0,5,6,165,3,32,3,5,12,4,8,11,6,4,4,2,2,14,45
-83,22,4,47,8,0,0,1,0,0,0,6,9,0,0,5,6,165,2,30,1,4,12,4,8,13,8,5,4,2,2,16,30
-12,22,5,35,7,0,0,2,0,0,0,41,4,0,0,5,6,165,3,29,2,4,12,5,7,12,7,4,4,2,2,14,45
4,22,5,44,7,0,0,1,0,0,0,38,7,0,0,5,6,165,3,29,2,4,12,4,7,11,6,4,3,3,2,15,45
97,22,6,29,6,0,0,1,0,0,0,30,15,0,0,5,6,165,3,29,2,6,13,4,6,12,5,4,3,2,1,13,15
62,21,7,32,5,0,0,1,0,0,0,16,29,0,0,5,6,165,1,29,4,8,15,4,6,13,6,5,3,2,1,13,30
18,21,7,39,4,0,0,1,0,0,0,12,33,0,0,5,6,165,1,29,4,8,15,3,5,12,5,4,2,2,3,15,15
6,20,6,33,3,0,1,2,0,0,0,7,38,0,0,5,6,165,2,27,2,6,15,3,4,12,5,4,2,1,1,14,15
-9,19,7,37,2,0,1,3,0,0,0,12,3,0,0,5,6,165,2,26,3,7,15,2,5,13,5,3,2,1,2,15,0
23,17,6,29,2,0,0,3,0,0,1,10,5,0,0,5,6,165,1,25,4,8,16,2,5,13,6,3,1,1,1,13,15
-91,14,5,41,3,0,1,3,0,0,1,9,6,0,0,5,6,165,1,22,3,7,14,3,7,13,8,4,1,1,1,15,30
6,13,6,27,5,0,1,3,0,0,0,2,13,0,0,5,6,165,2,20,4,8,14,4,9,17,8,4,1,1,3,13,0
79,12,5,23,6,0,1,2,0,0,0,14,1,0,0,5,6,165,2,19,3,7,13,4,9,16,8,4,1,1,2,12,30
43,12,6,25,5,0,1,2,0,0,0,8,7,0,0,5,6,165,1,19,4,9,13,4,8,16,8,4,1,1,2,12,45
69,10,4,17,7,0,0,2,0,0,0,8,7,0,0,5,6,165,1,17,5,9,12,5,8,15,9,5,1,1,2,11,45
26,10,4,23,7,0,0,2,0,0,0,1,14,0,0,5,6,165,2,16,4,8,13,6,7,15,8,5,1,1,2,12,30
10,9,4,29,8,0,0,1,0,0,0,9,6,0,0,5,6,165,2,15,5,7,12,5,7,15,8,5,0,1,1,13,15
67,8,4,15,7,0,0,1,0,0,0,2,13,0,0,5,6,165,1,15,5,8,14,4,8,14,8,4,0,0,2,11,30
20,8,4,19,9,0,0,1,0,0,0,10,5,0,0,5,6,165,3,12,3,5,11,4,8,14,8,4,0,0,2,12,0
72,7,3,19,9,0,0,0,0,0,0,5,10,0,0,5,6,165,2,12,4,5,11,3,8,13,8,3,0,0,2,12,0
39,7,3,15,8,0,0,0,0,0,0,1,14,0,0,5,6,165,2,12,4,6,11,2,8,14,7,3,0,0,2,11,30
39,6,2,11,8,0,0,1,0,0,0,0,15,0,0,5,6,165,2,10,3,5,10,4,8,15,8,4,0,0,2,11,0
-45,6,3,21,8,0,0,2,0,0,0,0,15,0,0,5,6,165,2,8,2,5,8,6,8,15,9,6,0,0,2,12,15
14,5,3,17,7,0,0,2,0,0,0,4,11,0,0,5,6,165,1,8,2,7,8,6,8,16,9,7,0,0,2,11,45
17,4,3,21,6,0,0,2,0,0,0,3,12,0,0,5,6,165,0,8,2,7,8,5,7,15,9,6,0,0,2,12,15
28,4,3,11,5,0,0,2,0,0,1,12,3,0,0,5,6,165,1,7,2,6,7,4,7,14,8,5,0,0,2,11,0
-2,4,3,13,4,0,0,2,0,0,1,8,7,0,0,5,6,165,1,7,2,6,7,3,6,13,7,4,0,0,2,11,15
-78,4,3,27,4,0,0,2,0,0,1,3,12,0,0,5,6,165,2,6,3,5,6,3,6,12,6,3,0,0,3,13,0
-17,4,3,25,3,0,0,2,0,0,1,11,4,0,0,5,6,165,2,6,3,5,6,3,8,11,5,3,0,0,2,12,45
-3,3,3,13,4,0,1,1,0,0,1,4,11,0,0,5,6,165,2,4,3,4,4,4,8,11,6,3,0,0,2,11,15
111,3,3,5,4,0,1,1,0,0,1,14,1,0,0,5,6,165,3,3,2,3,3,6,7,11,5,2,0,0,2,10,0
14,1,1,9,4,0,2,1,0,0,1,13,2,0,0,5,6,165,1,1,1,1,1,5,8,10,8,3,0,0,2,10,45
10,1,1,3,3,0,2,1,0,0,1,4,11,0,0,5,6,165,1,1,1,1,1,5,7,9,7,2,0,0,1,9,45
18,1,1,8,3,0,2,0,0,0,1,3,12,0,0,5,6,165,1,1,1,1,1,4,6,8,6,1,0,0,2,10,30
-29,1,1,6,2,0,2,0,0,0,1,1,14,0,0,5,6,165,1,1,1,1,1,3,5,7,5,1,0,0,1,10,15
3,1,1,3,2,0,1,0,0,0,1,0,15,0,0,5,6,165,1,1,1,1,1,2,4,6,4,1,0,0,1,9,45
35,0,0,2,2,0,1,0,0,0,1,12,3,0,0,5,6,165,1,0,0,0,0,3,4,5,4,2,0,0,2,9,30
-4,0,0,1,2,0,0,0,0,0,1,0,8,0,0,5,6,165,0,0,0,0,0,2,4,4,4,1,0,0,1,9,15
-28,0,0,9,2,0,0,0,0,0,0,0,10,0,0,5,6,165,0,0,0,0,0,2,3,3,3,1,0,0,2,10,45
-22,0,0,6,1,0,0,0,0,0,0,0,39,0,0,5,6,165,0,0,0,0,0,2,2,2,2,1,0,0,1,10,15
24,0,0,0,0,0,0,0,0,0,0,0,56,0,1,5,6,165,0,0,0,0,0,1,1,1,1,1,0,0,1,9,0
199,41,1,36,0,0,0,0,0,0,0,46,0,0,0,4,6,164,0,48,0,3,9,1,1,2,1,1,2,0,3,15,0
52,39,5,45,3,0,1,0,0,0,0,9,6,0,0,4,6,164,2,43,3,5,11,1,3,6,3,1,2,0,1,16,30
12,35,5,47,5,0,1,1,0,0,0,30,15,0,0,4,6,164,2,39,1,5,9,2,4,8,6,3,2,0,1,17,0
-11,35,7,48,5,0,0,1,0,0,0,24,21,1,0,4,6,164,2,39,1,5,9,1,4,7,5,3,2,0,1,17,30
9,31,4,46,7,0,0,1,0,0,0,14,1,0,0,4,6,164,1,36,3,5,10,3,5,12,8,5,2,0,1,16,45
66,31,4,44,6,0,0,2,0,0,0,6,9,0,0,4,6,164,2,35,3,5,9,2,4,11,7,4,2,0,1,15,45
49,29,2,43,6,0,0,2,0,0,0,11,4,0,0,4,6,164,1,34,3,4,9,1,4,13,8,4,2,0,1,15,30
26,27,2,34,7,0,0,2,1,0,0,7,8,0,0,4,6,164,1,31,1,3,9,4,8,14,10,4,2,2,4,14,45
107,27,3,33,6,0,0,2,1,0,0,1,14,0,0,4,6,164,1,31,2,5,10,4,8,13,9,4,2,2,2,14,30
65,27,5,36,6,0,1,1,1,0,0,2,13,0,0,4,6,164,2,30,2,4,12,6,8,14,8,4,2,2,3,15,0
61,27,5,34,5,0,1,1,1,0,0,7,8,0,0,4,6,164,1,30,2,5,14,5,9,13,8,4,2,2,4,14,45
90,26,4,30,4,0,1,1,1,0,0,5,10,0,0,4,6,164,0,30,2,5,15,5,8,12,8,3,2,2,2,14,0
45,26,5,36,4,0,1,1,1,0,0,29,1,0,0,4,6,164,1,29,3,5,15,4,8,12,7,2,2,2,3,15,0
10,26,5,36,4,0,1,0,1,0,0,26,4,0,0,4,6,164,1,29,3,6,15,3,7,12,6,2,1,2,3,15,0
-60,26,6,40,4,0,0,0,1,0,0,24,6,0,0,4,6,164,1,29,3,6,16,2,6,11,5,2,0,1,1,15,15
3,24,6,40,4,0,0,0,1,0,0,5,25,0,0,4,6,164,0,28,3,6,16,4,6,14,6,2,0,0,1,15,15
-25,23,6,40,5,0,0,0,1,0,0,5,10,0,0,4,6,164,1,26,3,7,16,5,7,14,6,1,0,0,1,15,15
80,22,5,24,5,0,0,0,0,0,0,12,3,0,0,4,6,164,0,26,4,9,16,4,6,13,6,2,0,0,2,12,45
28,22,6,31,5,0,0,0,0,0,0,11,4,0,0,4,6,164,1,25,3,9,15,3,5,12,5,2,0,0,1,14,15
51,22,7,26,4,0,0,0,0,0,0,5,10,0,0,4,6,164,1,25,3,10,16,2,4,12,4,2,0,0,1,13,0
6,20,7,29,4,0,0,1,0,0,0,5,10,0,0,4,6,164,1,23,4,10,17,3,5,13,5,3,0,0,1,13,30
25,17,6,23,6,0,1,1,0,0,0,6,9,0,0,4,6,164,2,19,6,8,16,4,9,13,7,4,0,0,2,12,30
87,17,6,19,5,0,1,1,0,0,0,6,9,0,0,4,6,164,2,19,6,8,16,3,8,12,6,3,0,0,2,12,0
2,14,5,28,7,0,1,1,1,0,0,3,12,0,0,4,6,164,1,15,3,7,14,6,9,15,10,6,0,0,1,13,15
-116,14,6,31,8,0,0,1,1,0,0,12,3,0,0,4,6,164,2,14,3,7,13,6,8,15,9,5,0,0,1,14,15
11,12,5,19,7,0,0,2,1,0,0,3,12,0,0,4,6,164,1,13,3,7,12,5,8,14,10,4,0,0,2,12,0
21,12,5,17,6,0,0,2,1,0,0,2,13,0,0,4,6,164,1,13,3,7,12,4,7,13,9,3,0,0,2,11,45
19,12,6,17,5,0,0,2,1,0,0,1,14,0,0,4,6,164,1,13,3,7,12,3,6,12,8,2,0,0,2,11,45
14,12,6,24,4,0,0,2,1,0,0,14,1,0,0,4,6,164,1,13,3,7,12,2,5,11,7,2,0,0,2,12,45
29,11,6,21,5,0,0,1,1,0,1,14,1,0,0,4,6,164,1,11,3,7,11,3,5,11,8,2,0,0,1,12,15
-1,9,7,14,6,0,0,1,1,0,0,21,9,0,0,4,6,164,0,10,6,9,10,3,8,12,9,2,0,0,2,11,30
59,9,7,14,5,0,1,2,1,0,0,18,12,0,0,4,6,164,2,8,4,7,8,2,7,11,8,2,0,0,2,11,30
20,8,6,21,4,0,1,3,1,0,0,9,21,0,0,4,6,164,2,7,4,6,7,2,7,12,8,2,0,0,1,12,15
17,5,5,9,5,0,1,4,1,0,0,14,1,0,0,4,6,164,2,4,3,4,4,6,7,14,10,3,0,0,2,10,30
-44,4,4,26,5,0,1,4,1,0,0,5,10,0,0,4,6,164,2,3,2,3,3,5,7,14,10,3,0,0,1,13,0
14,3,3,11,5,0,0,4,1,0,0,2,13,0,0,4,6,164,0,3,2,3,3,4,6,13,11,5,0,0,1,10,45
3,3,3,14,6,0,0,3,2,0,0,12,3,0,0,4,6,164,2,1,0,1,1,3,5,12,10,4,0,0,2,11,30
35,3,3,13,5,0,0,3,2,0,0,9,6,0,0,4,6,164,2,1,1,1,1,3,4,11,9,4,0,0,3,11,15
94,2,2,7,5,0,0,3,1,0,0,2,13,0,0,4,6,164,1,1,1,1,1,2,4,10,9,5,0,0,2,10,15
92,1,1,3,4,0,0,3,1,0,1,10,5,0,0,4,6,164,1,0,0,0,0,2,7,10,9,5,0,0,2,9,45
39,0,0,5,4,0,0,2,1,0,1,20,10,0,0,4,6,164,0,0,0,0,0,4,8,9,9,5,0,0,2,10,0
25,0,0,11,3,0,0,2,1,0,1,8,22,0,0,4,6,164,0,0,0,0,0,5,7,8,8,4,0,0,1,10,45
18,0,0,5,2,0,0,2,1,0,1,0,3,0,0,4,6,164,0,0,0,0,0,5,6,7,7,3,0,0,2,10,0
39,0,0,1,1,0,0,2,1,0,1,0,5,0,0,4,6,164,0,0,0,0,0,4,6,6,6,2,0,0,2,9,30
38,0,0,7,1,0,0,1,1,0,1,0,13,0,0,4,6,164,0,0,0,0,0,4,5,5,5,1,0,0,2,10,15
41,0,0,3,0,0,0,1,1,0,1,0,14,0,0,4,6,164,0,0,0,0,0,3,4,4,4,1,0,0,2,9,45
-10,0,0,9,0,0,0,0,1,0,1,0,26,0,0,4,6,164,0,0,0,0,0,2,3,3,3,1,0,0,2,10,30
22,0,0,1,0,0,0,0,0,0,1,0,36,0,0,4,6,164,0,0,0,0,0,2,2,2,2,0,0,0,2,9,30
33,0,0,0,0,0,0,0,0,0,0,0,65,0,1,4,6,164,0,0,0,0,0,1,1,1,1,0,0,0,2,9,0
18,33,5,51,2,0,0,1,0,0,0,2,13,1,0,3,6,163,2,50,4,8,13,1,2,8,2,2,5,2,1,17,30
142,28,4,36,7,0,1,2,0,0,0,7,8,0,0,3,6,163,3,42,1,5,8,4,6,12,8,7,4,2,2,15,0
27,28,4,44,7,0,0,2,0,0,0,0,15,0,0,3,6,163,3,42,2,5,9,3,6,13,7,6,4,2,1,16,15
8,27,5,48,6,0,0,3,0,0,0,14,1,0,0,3,6,163,2,41,3,4,9,3,7,13,8,5,4,2,2,17,0
3,27,5,47,5,0,0,3,0,0,0,13,2,0,0,3,6,163,2,41,3,4,9,2,7,12,7,4,4,2,1,16,45
-43,25,3,51,6,0,0,3,0,0,0,2,13,1,0,3,6,163,1,39,2,4,12,4,6,16,9,4,3,2,1,17,30
56,24,2,40,8,0,0,2,0,0,0,8,7,0,0,3,6,163,2,37,1,2,12,5,6,15,9,3,3,1,1,15,30
-47,24,2,46,8,0,0,1,0,0,0,3,12,0,0,3,6,163,2,37,2,3,12,4,8,14,8,2,2,2,1,16,30
18,23,1,38,7,0,0,1,0,0,0,8,7,0,0,3,6,163,1,37,2,4,13,3,7,14,8,1,2,1,2,15,15
10,22,0,43,6,0,0,1,0,0,0,14,1,0,0,3,6,163,0,37,2,5,14,3,7,13,8,1,2,2,2,16,0
-54,22,1,51,5,0,0,1,0,0,0,13,2,1,0,3,6,163,0,37,2,5,14,2,6,12,7,1,2,2,1,17,30
-19,22,5,36,5,0,0,2,0,0,0,0,15,0,0,3,6,163,1,35,3,8,16,5,10,11,7,1,2,2,2,15,0
43,22,5,34,4,0,0,2,0,0,0,7,8,0,0,3,6,163,1,35,4,10,18,5,9,12,6,0,2,2,2,14,45
50,22,5,42,3,0,1,2,0,0,0,5,10,0,0,3,6,163,2,34,3,9,17,4,8,11,5,0,2,2,1,15,45
18,22,5,40,3,0,1,1,0,0,0,3,12,0,0,3,6,163,2,34,5,9,17,3,7,10,4,0,1,2,1,15,30
-124,22,7,44,4,0,1,1,0,0,0,32,13,0,0,3,6,163,2,32,5,9,16,6,7,12,5,1,0,1,1,16,15
-71,20,6,49,4,0,1,1,0,0,0,23,22,0,0,3,6,163,1,31,6,8,16,5,6,12,6,3,0,0,3,17,15
39,19,5,33,4,0,1,2,0,0,0,17,28,0,0,3,6,163,2,29,4,8,14,4,5,11,6,3,0,0,2,14,30
-9,18,4,32,4,0,0,2,0,0,0,13,32,0,0,3,6,163,1,29,5,8,15,3,4,10,6,3,0,0,1,14,15
16,18,4,34,3,0,0,2,0,0,0,8,37,0,0,3,6,163,1,29,6,9,16,3,3,10,5,2,0,0,2,14,45
118,17,3,20,4,0,0,2,0,0,0,4,41,0,0,3,6,163,2,27,4,7,14,2,2,10,5,2,0,0,1,12,0
34,15,4,30,6,0,0,2,0,0,0,12,3,0,0,3,6,163,2,24,3,8,12,1,3,12,7,3,0,0,1,13,15
25,13,6,31,11,0,0,1,0,0,0,10,5,0,0,3,6,163,2,19,4,7,12,5,10,20,11,5,0,0,1,13,30
43,13,7,28,11,0,0,1,1,0,0,7,8,0,0,3,6,163,4,17,2,5,10,5,10,19,10,4,0,0,1,13,0
46,11,5,24,11,0,0,1,1,0,0,11,4,0,0,3,6,163,3,16,3,4,11,5,10,19,11,5,0,0,2,12,30
229,11,5,5,11,0,0,0,1,0,0,5,10,0,0,3,6,163,3,16,3,4,11,5,9,18,10,4,0,0,1,9,45
-106,11,5,38,10,0,0,0,1,0,0,4,11,0,0,3,6,163,3,16,3,4,11,4,8,17,9,4,0,0,2,15,15
14,9,3,23,9,0,0,1,1,0,0,10,5,0,0,3,6,163,2,15,3,5,11,5,8,19,10,5,0,0,2,12,15
62,7,2,20,9,0,0,1,1,0,0,13,2,0,0,3,6,163,1,14,2,5,11,5,8,20,11,6,0,0,1,12,0
21,7,2,20,9,0,0,1,1,0,0,5,10,0,0,3,6,163,2,13,1,5,11,5,9,19,10,6,0,0,1,12,0
-8,7,2,28,8,0,0,2,1,0,0,13,2,0,0,3,6,163,2,12,0,5,10,4,10,18,10,6,0,0,1,13,0
30,7,2,26,7,0,0,2,1,0,0,10,5,0,0,3,6,163,2,12,2,5,11,4,11,17,9,5,0,0,2,12,45
-6,6,1,26,6,0,0,2,1,0,0,8,7,0,0,3,6,163,1,12,3,5,11,4,10,16,9,5,0,0,2,12,45
-1,6,3,24,5,0,0,2,1,0,0,12,3,0,0,3,6,163,0,12,4,7,12,3,10,15,9,4,0,0,2,12,30
47,6,3,16,4,0,0,2,1,0,0,11,4,0,0,3,6,163,0,11,5,7,12,8,12,16,8,4,0,0,2,11,15
77,6,3,14,6,0,0,2,0,0,1,10,5,0,0,3,6,163,3,9,2,5,9,7,11,15,7,3,0,0,1,11,0
32,5,2,17,5,0,0,2,1,0,1,12,3,0,0,3,6,163,2,8,3,5,8,7,12,16,8,2,0,0,1,11,30
48,5,2,14,5,0,0,1,1,0,1,11,4,0,0,3,6,163,2,8,3,5,8,6,11,15,7,1,0,0,1,11,0
70,5,3,8,4,0,0,1,1,0,1,3,12,0,0,3,6,163,2,8,3,6,8,5,10,14,6,1,0,0,2,10,15
2,5,3,19,4,0,0,1,1,0,1,14,1,0,0,3,6,163,3,7,2,5,7,5,9,14,5,1,0,0,3,11,45
-341,5,3,49,3,0,0,1,1,0,1,13,2,0,0,3,6,163,3,7,2,5,7,5,8,13,4,0,0,0,3,17,15
-9,5,3,17,3,0,0,0,1,0,1,13,2,0,0,3,6,163,3,7,2,5,7,5,7,12,3,0,0,0,1,11,30
13,4,2,10,3,0,0,0,1,0,1,3,12,0,0,3,6,163,3,6,2,5,6,5,6,11,3,1,0,0,2,10,30
16,3,3,7,3,0,0,0,1,0,1,14,1,0,0,3,6,163,2,5,3,5,5,5,7,10,4,1,0,0,2,10,0
-47,3,3,12,3,0,0,0,1,0,0,13,2,0,0,3,6,163,1,5,3,5,5,4,6,9,4,1,0,0,2,10,45
-3,3,3,12,2,0,0,0,1,0,0,13,2,0,0,3,6,163,1,5,3,5,5,3,5,8,3,1,0,0,2,10,45
81,3,3,1,2,0,0,0,1,0,0,6,9,0,0,3,6,163,1,4,3,4,4,2,4,7,3,1,0,0,1,9,0
-17,3,3,10,2,0,0,1,0,0,0,0,15,0,0,3,6,163,2,3,3,3,3,1,5,6,2,0,0,0,2,10,30
2,0,0,2,2,0,0,1,1,0,1,9,6,0,0,3,6,163,1,0,0,0,0,4,5,6,5,2,0,0,2,9,15
-18,0,0,5,2,0,0,0,1,0,1,2,13,0,0,3,6,163,0,0,0,0,0,4,4,5,5,3,0,0,1,9,45
-20,0,0,8,1,0,0,0,1,0,1,3,12,0,0,3,6,163,0,0,0,0,0,3,3,4,4,2,0,0,2,10,15
7,0,0,3,0,0,0,0,1,0,1,1,14,0,0,3,6,163,0,0,0,0,0,2,2,3,3,2,0,0,2,9,30
-23,0,0,3,0,0,0,0,0,0,1,0,13,0,0,3,6,163,0,0,0,0,0,1,2,2,2,1,0,0,2,9,30
24,0,0,0,0,0,0,0,0,0,0,0,64,0,1,3,6,163,0,0,0,0,0,1,1,1,1,0,0,0,1,8,45
48,30,0,55,3,0,0,0,1,0,0,1,14,0,0,2,6,162,0,53,2,5,10,3,5,10,5,2,8,2,1,17,30
13,30,0,57,2,0,0,0,1,0,0,0,15,1,0,2,6,162,0,53,5,6,12,3,5,11,4,2,7,1,1,17,45
52,30,0,49,2,0,0,1,0,0,0,11,4,0,0,2,6,162,1,52,4,6,11,2,4,10,3,2,7,0,2,16,45
47,30,0,47,2,0,0,2,0,0,0,6,9,0,0,2,6,162,1,50,3,5,10,3,4,9,4,2,7,1,2,16,30
-27,30,0,49,3,0,0,2,0,0,0,8,7,0,0,2,6,162,1,48,2,4,9,2,6,9,5,3,7,3,2,16,45
2,30,1,51,2,0,0,2,0,0,0,14,1,0,0,2,6,162,0,48,2,5,10,2,5,8,5,3,7,3,2,17,0
-48,30,3,53,2,0,0,2,0,0,1,14,1,0,0,2,6,162,0,46,3,6,12,4,6,9,6,2,6,4,2,17,15
-45,30,3,53,3,0,0,1,0,0,1,2,13,0,0,2,6,162,1,45,4,5,12,5,5,8,5,1,5,3,2,17,15
-79,30,3,55,3,0,0,0,0,0,1,0,15,0,0,2,6,162,1,45,4,5,12,4,4,8,4,1,5,2,1,17,30
-29,30,3,46,2,0,0,0,0,0,1,11,4,0,0,2,6,162,0,45,4,6,12,3,4,8,4,0,4,2,2,16,15
-26,29,3,45,4,0,0,0,0,0,0,13,2,0,0,2,6,162,1,43,3,5,12,2,3,10,4,0,4,1,1,16,0
-31,29,3,47,3,0,0,0,0,0,0,11,4,0,0,2,6,162,1,43,3,5,12,1,3,10,3,0,3,1,2,16,30
6,27,4,39,5,0,0,1,0,0,0,0,15,0,0,2,6,162,1,39,4,6,15,3,4,14,6,3,3,0,1,14,45
-27,26,4,41,5,0,0,1,0,0,0,28,17,0,0,2,6,162,1,38,4,7,14,2,7,14,6,2,3,0,1,15,15
-106,26,4,51,5,0,0,1,0,0,0,21,24,0,0,2,6,162,2,37,4,8,15,1,8,13,5,1,3,0,2,17,0
25,23,4,34,6,0,0,3,0,0,0,2,13,0,0,2,6,162,0,33,4,9,16,7,10,14,10,5,3,0,1,13,15
17,23,4,37,6,0,0,2,0,0,0,12,3,0,0,2,6,162,0,33,5,9,18,6,10,15,9,4,3,0,1,14,15
63,23,4,32,6,0,0,2,0,0,0,7,8,0,0,2,6,162,1,32,5,8,17,6,9,15,8,3,3,0,2,13,0
22,23,4,34,6,0,0,1,0,0,0,7,8,0,0,2,6,162,1,32,5,8,17,5,8,14,7,3,3,0,1,13,15
-35,23,4,40,5,0,0,1,0,0,0,5,10,0,0,2,6,162,1,32,5,8,18,4,7,14,6,2,3,0,1,15,0
89,22,4,36,5,0,0,1,0,0,0,11,4,0,0,2,6,162,1,31,5,8,19,4,7,13,6,2,3,0,1,13,30
-115,22,5,43,6,0,0,1,0,0,0,7,8,0,0,2,6,162,3,29,3,6,18,3,6,12,5,2,3,0,1,15,45
-122,20,5,43,6,0,0,1,0,0,0,9,6,0,0,2,6,162,1,28,4,7,20,4,6,13,7,4,3,0,1,15,45
53,20,6,28,8,0,0,0,0,0,0,13,2,0,0,2,6,162,2,26,2,7,19,4,6,16,7,4,3,0,2,12,30
-133,19,6,42,8,0,0,0,0,0,0,4,11,0,0,2,6,162,1,25,3,8,18,3,5,18,8,5,3,0,2,15,30
40,19,7,24,8,0,0,0,0,0,0,1,14,0,0,2,6,162,2,24,2,7,18,2,4,17,7,4,3,0,2,12,0
-16,19,8,32,7,0,0,0,0,0,0,5,10,0,0,2,6,162,2,24,5,10,19,2,7,19,6,3,3,1,2,13,0
-14,16,9,30,8,0,0,1,0,0,0,13,2,0,0,2,6,162,2,21,6,12,18,4,6,21,8,4,3,1,2,12,45
46,14,8,26,9,0,0,1,0,0,0,2,13,0,0,2,6,162,2,19,5,12,17,5,10,21,9,3,3,1,2,12,15
33,12,8,20,11,0,0,1,0,0,1,14,1,0,0,2,6,162,4,15,5,9,15,4,13,20,10,4,2,1,1,11,30
-4,12,8,28,10,0,0,1,0,0,1,13,2,0,0,2,6,162,2,15,6,9,15,3,12,20,11,4,2,0,2,12,30
3,12,8,30,9,0,0,1,0,0,1,10,5,0,0,2,6,162,2,15,7,10,15,4,12,20,10,4,2,0,2,12,45
20,11,8,24,8,0,0,2,0,0,1,6,9,0,0,2,6,162,2,14,6,9,14,4,12,20,10,5,2,0,2,12,0
-62,7,6,26,11,0,2,2,0,0,1,12,3,0,0,2,6,162,2,8,3,6,8,10,15,23,15,9,2,1,2,12,15
5,7,6,20,10,0,2,2,0,0,1,10,5,0,0,2,6,162,2,8,3,6,8,9,14,23,14,8,2,1,1,11,30
24,7,6,14,10,0,2,2,0,0,0,7,8,0,0,2,6,162,2,8,3,6,8,9,13,22,13,8,2,1,2,10,45
1,7,6,23,9,0,2,2,0,0,0,5,10,0,0,2,6,162,2,8,3,6,8,9,12,21,12,7,2,1,2,11,45
82,7,6,12,8,0,2,2,0,0,0,4,11,0,0,2,6,162,2,8,4,6,8,8,12,20,11,6,2,2,2,10,30
-2,6,5,18,8,0,2,2,0,0,0,1,14,0,0,2,6,162,2,7,4,5,7,8,11,19,11,6,2,2,3,11,15
-38,6,5,20,7,0,2,2,0,0,0,11,4,0,0,2,6,162,2,7,4,5,7,7,10,18,10,6,2,2,1,11,30
-220,6,5,38,6,0,2,2,0,0,0,8,7,0,0,2,6,162,2,7,4,5,7,7,9,17,9,5,2,2,1,14,30
41,6,5,16,6,0,2,1,0,0,0,6,9,0,0,2,6,162,2,7,4,5,7,6,8,16,8,5,2,2,2,11,0
10,4,3,18,6,0,2,1,0,0,0,13,2,0,0,2,6,162,1,5,3,6,6,6,8,15,9,5,2,2,3,11,15
14,4,4,14,6,0,2,1,0,0,0,9,6,0,0,2,6,162,2,5,3,5,5,5,9,15,8,5,2,2,2,10,45
18,3,3,9,6,0,1,1,0,0,0,5,10,0,0,2,6,162,1,5,3,5,5,4,8,14,8,4,1,2,2,10,15
19,2,2,16,6,0,1,1,0,0,0,3,12,0,0,2,6,162,1,4,2,4,4,4,7,13,8,5,1,1,2,11,0
13,2,2,12,5,0,1,2,0,0,0,10,5,0,0,2,6,162,2,3,1,3,3,3,7,12,7,4,1,1,2,10,30
23,1,1,5,5,0,1,1,0,0,0,1,14,0,0,2,6,162,1,3,2,3,3,2,8,11,7,4,1,1,2,9,45
75,1,1,5,4,0,1,1,0,0,1,4,11,0,0,2,6,162,2,2,2,2,2,4,9,10,6,4,0,1,2,9,45
49,1,1,2,6,0,0,1,0,0,1,13,2,0,0,2,6,162,2,0,0,0,0,7,8,9,7,5,0,0,2,9,30
30,1,1,9,5,0,0,1,0,0,1,10,5,0,0,2,6,162,2,0,0,0,0,7,8,8,6,5,0,0,2,10,15
5,0,0,7,4,0,0,1,0,0,1,9,6,0,0,2,6,162,1,0,0,0,0,6,7,7,6,4,0,0,3,10,0
-14,0,0,2,4,0,0,1,0,0,0,0,3,0,0,2,6,162,0,0,0,0,0,5,6,6,6,3,0,0,2,9,30
-10,0,0,1,3,0,0,1,0,0,0,0,6,0,0,2,6,162,0,0,0,0,0,4,5,5,5,2,0,0,3,9,15
10,0,0,0,2,0,0,1,0,0,0,0,7,0,1,2,6,162,0,0,0,0,0,3,4,4,4,2,0,0,1,9,0
20,0,0,2,1,0,0,1,0,0,0,0,15,0,0,2,6,162,0,0,0,0,0,2,3,3,3,2,0,0,2,9,30
18,0,0,7,0,0,0,1,0,0,0,0,19,0,0,2,6,162,0,0,0,0,0,2,2,2,2,1,0,0,3,10,0
-45,0,0,9,0,0,0,0,0,0,0,0,48,0,0,2,6,162,0,0,0,0,0,1,1,1,1,1,0,0,2,10,15
9,31,3,46,2,0,1,0,0,0,0,5,10,1,0,6,6,159,1,43,3,5,11,3,5,7,3,2,5,1,1,17,0
39,30,2,45,2,0,1,1,0,0,0,6,9,0,0,6,6,159,2,41,2,5,10,2,4,7,3,1,5,1,1,16,45
44,30,2,40,2,0,0,1,0,0,0,2,13,0,0,6,6,159,2,41,2,5,10,2,3,6,2,0,5,1,1,16,0
16,29,3,42,2,0,0,2,0,0,0,3,12,0,0,6,6,159,2,39,3,6,9,2,2,6,3,1,4,1,2,16,15
38,29,3,43,1,0,0,2,0,0,0,12,3,0,0,6,6,159,2,39,4,7,11,1,3,5,2,0,4,0,1,16,30
-25,26,3,43,4,0,1,2,1,0,0,2,13,0,0,6,6,159,4,33,2,3,7,3,4,8,5,2,4,0,1,16,30
16,26,3,35,4,0,0,3,1,0,0,12,3,0,0,6,6,159,5,32,1,4,7,2,3,8,4,2,4,0,1,15,0
62,24,1,31,4,0,0,3,0,0,0,0,15,0,0,6,6,159,3,32,1,4,8,2,3,7,5,2,4,0,1,14,15
22,24,2,37,4,0,0,3,0,0,0,9,6,0,0,6,6,159,4,31,3,4,9,1,3,10,4,2,4,0,2,15,30
-15,23,3,38,6,0,0,2,0,0,1,23,22,0,0,6,6,159,5,28,1,3,12,2,5,9,5,2,4,1,2,15,45
9,22,3,33,5,0,0,2,0,0,1,1,44,0,0,6,6,159,3,28,2,5,15,3,5,13,6,2,4,1,1,14,45
-45,22,4,33,5,0,0,2,0,0,1,14,1,0,0,6,6,159,3,27,3,6,16,3,7,15,6,2,4,2,1,14,45
-137,21,5,40,5,0,0,3,0,0,0,3,12,0,0,6,6,159,3,26,3,7,16,3,6,15,6,2,3,2,1,16,0
22,20,4,32,6,0,0,2,0,0,0,14,1,0,0,6,6,159,3,25,2,9,17,3,5,14,6,1,3,1,2,14,30
42,19,7,30,5,0,1,2,0,0,0,7,8,0,0,6,6,159,2,24,4,10,18,4,8,15,7,3,3,1,1,13,30
-118,19,7,36,5,0,1,1,0,0,1,0,15,0,0,6,6,159,3,23,7,10,18,3,8,15,6,3,2,1,1,15,15
41,19,7,28,4,0,1,0,1,0,1,12,3,0,0,6,6,159,2,22,6,9,17,2,7,14,7,2,2,0,1,13,0
31,19,7,24,4,0,1,0,1,0,1,12,3,0,0,6,6,159,2,22,6,9,17,2,7,14,7,2,2,0,2,12,30
-27,13,7,24,11,0,0,0,1,0,2,0,15,0,0,6,6,159,3,14,3,8,12,8,11,19,12,5,2,2,2,12,30
4,13,7,21,10,0,0,0,1,0,2,13,2,0,0,6,6,159,3,14,3,8,12,7,10,18,11,5,2,2,1,12,0
-21,13,8,29,9,0,0,0,1,0,2,10,5,0,0,6,6,159,3,14,4,8,12,7,9,17,10,4,2,2,1,13,15
10,13,8,19,9,0,0,0,1,0,1,9,6,0,0,6,6,159,3,14,4,8,12,6,8,16,9,3,2,2,2,11,45
27,12,7,26,8,0,0,0,1,0,1,7,8,0,0,6,6,159,2,14,4,8,13,5,7,16,9,4,2,2,1,12,45
15,11,6,17,7,0,0,1,1,0,1,10,5,0,0,6,6,159,2,13,6,9,12,5,7,16,9,4,2,2,2,11,30
-197,10,5,38,8,0,0,1,1,0,0,7,8,0,0,6,6,159,2,12,6,8,11,5,7,16,9,5,1,2,2,15,45
-17,10,5,26,7,0,0,1,1,0,0,4,11,0,0,6,6,159,2,12,6,8,11,4,7,15,8,5,1,1,1,12,45
46,9,4,17,8,0,0,2,0,0,0,10,5,0,0,6,6,159,2,10,4,6,10,3,7,14,9,7,1,1,2,11,30
22,7,4,14,8,0,0,3,0,0,1,11,4,0,0,6,6,159,3,7,3,4,7,3,9,14,10,7,1,1,2,11,15
28,7,4,19,7,0,0,3,0,0,1,9,6,0,0,6,6,159,3,7,3,5,7,2,8,13,9,6,0,1,2,11,45
12,5,4,14,7,0,0,3,0,0,1,1,14,0,0,6,6,159,1,6,2,5,6,5,10,16,11,6,0,0,2,11,15
-6,5,4,13,6,0,0,5,0,0,1,9,6,0,0,6,6,159,3,4,2,3,4,7,9,15,10,6,0,0,3,11,0
26,5,4,23,5,0,0,5,0,0,1,6,9,0,0,6,6,159,3,4,2,3,4,6,9,14,9,6,0,0,2,12,15
-44,5,5,21,4,0,0,5,0,0,1,11,4,0,0,6,6,159,3,4,2,4,4,5,8,14,8,5,0,0,1,12,0
31,3,3,11,3,0,0,5,0,0,1,8,7,0,0,6,6,159,1,4,3,4,4,4,7,13,9,5,0,0,1,10,45
32,3,3,9,2,0,0,5,0,0,1,14,1,0,0,6,6,159,1,4,3,4,4,5,7,13,8,4,0,0,2,10,30
47,3,3,6,3,0,0,4,0,0,1,13,2,0,0,6,6,159,1,3,2,3,3,4,6,12,8,5,0,0,1,10,0
10,3,3,6,4,0,0,3,0,0,1,9,6,0,0,6,6,159,2,2,1,2,2,3,5,11,7,5,0,0,1,10,0
35,1,1,14,3,0,0,3,0,0,2,7,8,0,0,6,6,159,1,1,1,1,1,3,8,10,8,6,0,0,2,11,15
99,1,1,4,2,0,0,3,0,0,2,4,11,0,0,6,6,159,1,1,1,1,1,2,7,9,7,6,0,0,2,9,45
46,1,1,8,2,0,0,2,0,0,2,7,8,0,0,6,6,159,1,1,1,1,1,2,6,8,6,5,0,0,2,10,15
45,0,0,0,1,0,0,3,0,0,2,3,12,0,1,6,6,159,0,0,0,0,0,5,6,7,7,6,0,0,1,9,0
-17,0,0,2,1,0,0,2,0,0,2,0,9,0,0,6,6,159,0,0,0,0,0,4,6,6,6,6,0,0,2,9,30
12,0,0,9,1,0,0,1,0,0,2,0,15,0,0,6,6,159,0,0,0,0,0,4,5,5,5,5,0,0,2,10,30
2,0,0,1,1,0,0,1,0,0,1,0,16,0,0,6,6,159,0,0,0,0,0,3,4,4,4,4,0,0,2,9,15
-47,0,0,11,1,0,0,1,0,0,0,0,18,0,0,6,6,159,0,0,0,0,0,2,3,3,3,3,0,0,1,10,45
8,0,0,2,0,0,0,1,0,0,0,0,44,0,0,6,6,159,0,0,0,0,0,2,2,2,2,2,0,0,2,9,30
23,0,0,4,0,0,0,0,0,0,0,0,61,0,0,6,6,159,0,0,0,0,0,1,1,1,1,1,0,0,2,9,45
115,31,4,38,1,0,1,1,0,0,0,16,0,0,0,5,6,158,2,42,2,3,8,2,3,9,2,1,8,0,1,16,15
61,29,2,42,1,0,1,1,0,0,0,0,0,0,0,5,6,158,1,41,2,2,9,1,4,8,3,1,8,1,1,17,0
14,28,1,45,3,0,0,1,0,0,0,14,1,1,0,5,6,158,1,39,0,3,10,3,7,8,4,2,8,3,1,17,30
41,27,1,42,3,0,0,0,0,0,0,14,1,0,0,5,6,158,0,39,2,5,10,2,6,10,4,2,7,3,1,17,0
75,27,1,36,2,0,0,0,0,0,0,9,6,0,0,5,6,158,0,39,2,5,10,3,5,9,3,1,7,2,1,16,0
92,27,2,31,1,0,1,0,0,0,0,14,1,0,0,5,6,158,1,37,3,6,10,4,5,11,3,1,6,3,1,15,15
-26,27,2,40,1,0,1,0,0,0,0,14,1,0,0,5,6,158,1,37,3,6,10,4,5,11,3,1,6,3,2,16,45
-11,27,2,44,0,0,1,0,0,0,0,8,7,0,0,5,6,158,0,37,3,7,10,2,3,9,2,0,5,2,1,17,15
-18,27,2,39,0,0,0,0,0,0,0,6,9,0,0,5,6,158,0,37,4,7,10,1,2,8,1,0,5,1,2,16,30
-5,25,2,34,3,0,0,2,0,0,0,3,12,0,0,5,6,158,1,31,2,4,11,2,5,8,5,2,4,3,2,15,45
-37,24,1,36,3,0,0,2,1,0,0,9,6,0,0,5,6,158,2,29,1,3,12,4,6,9,5,2,3,3,1,16,0
7,23,0,34,3,0,0,1,1,0,0,2,13,0,0,5,6,158,1,29,2,4,14,3,5,8,5,2,2,2,2,15,45
3,23,0,29,2,0,0,1,1,0,0,1,14,0,0,5,6,158,1,29,2,4,14,3,4,7,4,2,2,1,2,15,0
19,23,2,29,1,0,0,1,1,0,0,5,10,0,0,5,6,158,1,29,2,6,15,3,3,7,3,2,2,1,2,15,0
-2,23,4,33,1,0,1,0,1,0,1,2,13,0,0,5,6,158,3,27,2,7,15,2,3,8,2,1,1,1,2,15,30
22,23,4,27,1,0,1,0,0,0,1,0,15,0,0,5,6,158,3,27,2,7,15,1,2,7,1,1,1,0,1,14,30
-165,19,7,40,4,0,3,2,0,0,0,20,10,0,0,5,6,158,3,20,3,8,15,3,6,14,7,4,1,1,2,16,45
-41,17,6,28,4,0,2,3,0,0,0,12,18,0,0,5,6,158,2,19,4,8,14,3,5,15,8,5,0,1,2,14,45
-29,17,7,26,3,0,2,4,0,0,0,10,20,0,0,5,6,158,3,18,3,7,14,2,4,14,7,5,0,0,1,14,15
36,15,6,23,4,0,1,4,0,0,2,14,1,0,0,5,6,158,3,15,3,4,11,3,8,19,9,7,0,0,1,13,0
41,13,5,21,5,0,0,4,0,0,2,2,13,0,0,5,6,158,2,14,3,7,12,3,9,18,10,7,0,0,2,12,45
59,13,7,17,6,0,0,4,0,0,2,9,6,0,0,5,6,158,4,12,1,7,11,3,9,19,9,7,0,0,2,12,15
25,9,5,19,7,0,0,4,0,0,1,8,7,0,0,5,6,158,1,11,3,7,11,6,11,19,12,7,0,0,2,12,30
97,9,6,7,7,0,0,4,0,0,0,14,1,0,0,5,6,158,1,11,4,7,11,6,12,18,11,6,0,0,2,11,0
43,9,7,19,6,0,0,4,0,0,0,8,7,0,0,5,6,158,0,11,6,7,11,6,12,17,11,5,0,0,2,12,30
14,9,7,15,5,0,0,4,0,0,0,2,13,0,0,5,6,158,0,11,6,7,11,5,13,16,10,4,0,0,2,12,0
12,9,7,15,4,0,0,4,0,0,0,14,1,0,0,5,6,158,0,11,6,7,11,5,12,17,9,4,0,0,2,12,0
24,9,7,13,4,0,0,5,0,0,0,11,4,0,0,5,6,158,2,9,4,5,9,5,11,16,8,4,0,0,2,11,45
9,8,6,21,5,0,0,4,0,0,1,3,12,0,0,5,6,158,3,7,3,4,7,6,10,15,8,4,0,0,2,12,45
37,6,5,23,5,0,0,3,0,0,1,13,2,0,0,5,6,158,1,7,3,5,7,6,10,14,9,5,0,0,1,13,0
-24,4,3,25,6,0,1,2,0,0,1,1,14,0,0,5,6,158,1,5,1,4,5,8,11,14,10,6,0,0,1,13,30
19,4,3,9,6,0,1,1,0,0,1,13,2,0,0,5,6,158,1,5,1,4,5,7,10,13,9,5,0,0,2,11,15
67,4,3,17,7,0,1,0,0,0,1,9,6,0,0,5,6,158,2,4,0,4,4,6,9,13,8,5,0,0,2,12,15
36,4,3,13,6,0,1,0,0,0,1,8,7,0,0,5,6,158,2,4,1,4,4,5,8,12,7,4,0,0,2,11,45
65,3,3,11,5,0,1,0,0,0,1,0,15,0,0,5,6,158,1,4,2,4,4,4,7,11,7,4,0,0,2,11,30
13,2,2,9,4,0,1,0,0,0,1,8,7,0,0,5,6,158,0,4,3,4,4,5,6,10,7,5,0,0,2,11,15
64,2,2,2,4,0,0,0,0,0,1,7,8,0,0,5,6,158,0,4,3,4,4,4,5,9,6,4,0,0,1,10,15
-198,2,2,31,3,0,0,0,0,0,1,5,10,0,0,5,6,158,0,4,3,4,4,3,4,8,5,3,0,0,1,15,15
46,2,2,5,2,0,0,1,0,0,2,0,15,0,0,5,6,158,2,2,2,2,2,3,5,8,4,3,0,0,2,10,45
19,1,1,7,2,0,0,1,0,0,2,12,3,0,0,5,6,158,2,1,1,1,1,2,4,7,4,2,0,0,2,11,0
15,1,1,5,2,0,0,1,0,0,1,2,13,0,0,5,6,158,2,1,1,1,1,1,3,6,3,2,0,0,2,10,45
-74,0,0,11,3,0,0,0,0,0,1,1,14,0,0,5,6,158,0,0,0,0,0,3,4,5,5,2,0,0,2,11,30
-18,0,0,4,2,0,0,0,0,0,1,0,15,0,0,5,6,158,0,0,0,0,0,2,3,4,4,1,0,0,2,10,30
18,0,0,0,1,0,0,0,0,0,1,0,28,0,1,5,6,158,0,0,0,0,0,2,3,3,3,1,0,0,1,9,45
39,0,0,2,0,0,0,0,0,0,1,0,36,0,0,5,6,158,0,0,0,0,0,1,2,2,2,1,0,0,1,10,15
29,0,0,1,0,0,0,0,0,0,0,0,68,0,0,5,6,158,0,0,0,0,0,1,1,1,1,0,0,0,2,10,0
71,35,5,49,2,0,0,1,0,0,0,5,0,0,0,4,6,157,2,48,2,5,13,1,2,7,2,0,4,0,1,17,0
40,31,5,47,4,0,0,3,0,0,0,1,14,0,0,4,6,157,3,43,5,7,12,3,5,11,5,3,4,0,2,16,45
35,30,4,51,5,0,1,2,0,0,0,4,11,1,0,4,6,157,3,41,4,6,10,3,5,11,6,3,4,0,1,17,30
46,29,3,44,4,0,1,2,0,0,0,1,14,0,0,4,6,157,2,41,4,6,11,2,5,11,6,4,4,0,1,16,15
16,27,2,49,5,0,1,3,0,0,0,10,5,0,0,4,6,157,3,38,3,5,10,2,6,11,7,5,4,1,1,17,0
32,26,3,42,5,0,1,3,0,0,0,7,8,0,0,4,6,157,2,37,3,6,9,3,7,13,8,6,4,1,2,16,0
23,26,3,46,7,0,1,2,0,0,0,9,6,0,0,4,6,157,4,35,2,4,8,4,6,14,7,5,4,1,2,16,30
28,26,3,40,6,0,1,2,0,0,0,1,14,0,0,4,6,157,3,35,3,4,8,3,7,13,7,4,4,1,2,15,45
28,25,3,39,7,0,1,1,1,0,0,1,14,0,0,4,6,157,4,33,2,5,7,4,7,14,7,4,4,1,2,15,30
-2,25,3,42,7,0,0,1,1,0,0,12,3,0,0,4,6,157,4,33,2,5,9,3,6,13,6,3,3,1,2,16,0
-6,23,1,47,8,0,0,0,1,0,0,1,14,0,0,4,6,157,3,32,2,4,8,4,8,12,7,5,3,1,2,16,45
70,23,1,37,7,0,0,0,1,0,0,14,1,0,0,4,6,157,2,32,2,4,8,4,7,11,7,4,3,1,1,15,15
3,23,2,35,8,0,0,0,0,0,0,4,11,0,0,4,6,157,3,31,3,4,12,4,8,12,6,3,3,1,2,15,0
21,23,2,44,7,0,0,0,0,0,0,2,13,0,0,4,6,157,3,31,3,4,12,4,7,12,5,2,3,1,1,16,15
-12,23,2,40,7,0,0,0,0,0,0,14,1,0,0,4,6,157,4,30,2,3,11,4,6,11,4,2,3,1,2,15,45
5,22,4,37,8,0,0,0,0,0,0,38,7,0,0,4,6,157,2,28,1,4,13,5,7,13,7,3,2,2,1,15,15
-2,22,4,31,7,0,0,0,0,0,0,34,11,0,0,4,6,157,2,28,1,4,13,4,6,13,6,2,2,1,1,14,15
-1,22,5,35,6,0,0,0,0,0,0,32,13,0,0,4,6,157,2,28,1,4,14,3,5,14,5,2,2,1,2,15,0
-14,22,6,32,5,0,0,0,0,0,0,21,24,0,0,4,6,157,2,28,2,5,14,4,4,13,4,2,2,1,2,14,30
18,21,5,33,4,0,0,0,0,0,0,14,31,0,0,4,6,157,1,28,2,6,15,3,4,14,4,3,2,1,2,14,45
70,21,8,27,4,0,0,0,0,0,1,11,4,0,0,4,6,157,3,26,3,10,17,2,5,14,3,2,1,2,2,13,15
-21,20,7,33,3,0,0,0,0,0,1,8,7,0,0,4,6,157,2,26,3,10,17,1,5,14,3,3,1,1,2,14,45
14,16,5,25,4,0,1,1,0,0,1,0,15,0,0,4,6,157,1,22,7,9,15,6,11,17,7,5,1,1,2,13,0
19,16,7,29,4,0,2,2,0,0,1,7,8,0,0,4,6,157,3,19,4,8,13,5,10,17,7,5,0,1,1,13,30
47,15,7,22,4,0,2,2,0,0,0,2,13,0,0,4,6,157,2,19,4,8,13,6,10,16,7,4,0,0,1,12,30
-2,13,5,24,6,0,1,2,0,0,1,10,5,0,0,4,6,157,3,16,2,7,11,6,9,16,8,4,0,0,2,12,45
47,13,5,20,5,0,1,2,0,0,1,5,10,0,0,4,6,157,3,16,2,8,11,5,9,16,7,4,0,0,2,12,15
25,11,3,25,4,0,1,2,0,0,1,3,12,0,0,4,6,157,1,16,3,8,11,5,8,15,8,4,0,0,2,13,0
33,11,5,17,5,0,1,2,0,0,0,7,8,0,0,4,6,157,1,15,4,7,11,6,8,14,8,3,0,0,1,11,45
72,11,5,13,5,0,0,2,0,0,0,4,11,0,0,4,6,157,0,15,4,7,11,5,7,13,8,3,0,0,2,11,15
84,11,5,15,6,0,0,1,0,0,0,2,13,0,0,4,6,157,1,14,3,6,10,4,7,12,7,2,0,0,2,11,30
19,11,5,19,6,0,0,1,0,0,0,5,10,0,0,4,6,157,2,13,5,6,10,4,8,13,6,1,0,0,2,12,0
-84,11,5,29,5,0,0,1,0,0,0,0,15,0,0,4,6,157,2,13,5,6,10,3,7,12,5,1,0,0,1,13,30
-3,9,4,20,5,0,1,1,0,0,0,7,8,0,0,4,6,157,2,11,3,5,8,3,7,12,6,2,0,0,2,12,15
5,8,5,15,7,0,0,1,0,0,0,9,6,0,0,4,6,157,3,9,2,4,7,4,8,11,6,3,0,0,2,11,30
-24,7,5,27,7,0,0,1,0,0,0,10,5,0,0,4,6,157,2,8,1,4,7,5,7,12,7,3,0,0,2,13,15
5,6,4,22,7,0,0,0,0,0,0,3,12,0,0,4,6,157,1,8,2,4,8,4,6,12,7,3,0,0,1,12,30
74,6,4,8,6,0,0,0,0,0,0,14,1,0,0,4,6,157,1,8,2,5,8,3,5,11,6,3,0,0,1,10,30
7,6,5,11,6,0,0,0,0,0,0,6,9,0,0,4,6,157,2,7,2,4,7,4,6,10,5,2,0,0,2,11,0
89,6,5,11,5,0,0,0,0,0,0,13,2,0,0,4,6,157,2,7,3,4,7,3,5,10,4,1,0,0,2,11,0
-23,3,2,17,6,0,0,0,0,0,0,10,5,0,0,4,6,157,1,5,2,3,5,2,5,10,6,3,0,0,1,11,45
70,3,2,8,5,0,0,0,0,0,0,10,5,0,0,4,6,157,1,5,2,3,5,3,4,9,5,3,0,0,1,10,30
1,2,2,13,6,0,0,0,0,0,0,10,5,0,0,4,6,157,2,3,1,3,3,3,6,8,5,3,0,0,2,11,15
63,2,2,2,5,0,0,0,0,0,0,10,5,0,0,4,6,157,2,3,1,3,3,2,5,7,4,2,0,0,2,9,30
27,1,1,5,4,0,0,0,0,0,0,9,6,0,0,4,6,157,0,3,2,3,3,4,5,8,5,1,0,0,1,10,0
40,1,1,5,4,0,0,0,0,0,0,5,10,0,0,4,6,157,1,2,2,2,2,3,5,7,4,1,0,0,1,10,0
28,1,1,3,3,0,0,0,0,0,0,4,11,0,0,4,6,157,1,2,2,2,2,2,4,6,3,0,0,0,2,9,45
-32,0,0,7,2,0,0,0,0,0,1,10,5,0,0,4,6,157,1,1,1,1,1,2,3,5,3,0,0,0,2,10,15
2,0,0,1,2,0,0,0,0,0,1,0,14,0,0,4,6,157,0,0,0,0,0,2,4,4,4,1,0,0,1,9,15
9,0,0,3,1,0,0,0,0,0,1,0,23,0,0,4,6,157,0,0,0,0,0,1,3,3,3,1,0,0,2,9,45
-1,0,0,0,0,0,0,0,0,0,1,0,72,0,1,4,6,157,0,0,0,0,0,2,2,2,2,1,0,0,1,9,0
-100,0,0,10,0,0,0,0,0,0,0,0,74,0,0,4,6,157,0,0,0,0,0,1,1,1,1,1,0,0,2,10,45
59,40,5,51,3,0,0,2,0,0,0,9,0,1,0,3,6,156,3,47,2,6,13,2,3,9,3,2,3,1,1,17,0
26,38,6,51,4,0,0,2,0,0,0,0,15,1,0,3,6,156,3,45,3,8,13,2,5,9,4,3,3,2,1,17,0
27,37,8,49,5,0,1,2,0,0,0,5,10,0,0,3,6,156,3,42,3,7,11,4,6,13,6,4,3,2,2,16,45
27,35,7,45,6,0,1,2,0,0,0,2,13,0,0,3,6,156,3,40,4,6,11,3,6,13,7,5,2,2,1,16,0
-6,34,6,49,5,0,1,2,0,0,0,12,3,0,0,3,6,156,2,40,4,8,11,3,5,12,7,5,2,1,2,16,45
43,34,6,47,6,0,1,1,0,0,0,7,8,0,0,3,6,156,3,39,4,7,11,3,5,11,6,5,1,1,1,16,15
62,31,3,45,7,0,2,1,0,0,0,0,15,0,0,3,6,156,3,36,2,4,10,3,7,13,8,7,1,0,1,16,0
41,29,3,41,7,0,2,1,0,0,0,7,8,0,0,3,6,156,2,35,3,4,10,3,7,12,9,7,1,0,2,15,30
29,29,3,43,7,0,2,1,0,0,0,11,4,0,0,3,6,156,3,34,2,4,11,4,8,11,8,7,1,0,2,15,45
44,28,3,35,9,0,1,1,0,0,0,9,6,0,0,3,6,156,3,32,1,3,12,5,7,11,9,8,1,0,2,14,45
46,28,3,37,8,0,1,1,0,0,0,0,15,0,0,3,6,156,2,32,2,4,13,6,7,10,9,9,1,0,2,15,0
74,28,4,33,7,0,1,1,0,0,0,12,3,0,0,3,6,156,2,32,2,4,13,5,6,9,8,8,1,0,1,14,15
-2,28,5,48,6,0,1,1,0,0,0,8,7,0,0,3,6,156,2,32,2,5,13,4,6,8,7,7,1,0,2,16,30
25,27,5,39,6,0,1,0,0,0,0,11,4,0,0,3,6,156,1,32,3,6,15,3,6,8,7,7,1,0,2,15,15
33,26,5,34,5,0,1,0,0,0,1,5,10,0,0,3,6,156,1,31,3,6,14,3,5,10,7,7,1,0,2,14,30
15,26,6,43,6,0,0,0,0,0,1,2,13,0,0,3,6,156,2,30,2,6,13,2,4,9,6,6,1,0,2,15,45
61,25,9,35,7,0,0,0,0,0,1,21,9,0,0,3,6,156,2,28,3,8,13,3,4,12,7,5,1,0,2,14,45
-2,24,9,32,7,0,0,0,0,0,0,10,20,0,0,3,6,156,1,28,5,9,15,2,3,16,7,5,1,0,1,14,0
-28,23,8,41,8,0,0,0,0,0,0,2,28,0,0,3,6,156,2,26,4,8,13,1,2,16,7,6,1,0,2,15,30
31,18,7,28,11,0,0,0,0,0,1,11,4,0,0,3,6,156,2,21,4,6,13,2,8,17,11,9,1,0,1,13,0
35,15,5,23,13,0,0,1,0,0,1,13,2,0,0,3,6,156,2,17,2,4,14,6,14,19,14,10,1,0,3,12,30
76,15,5,25,12,0,0,1,0,0,1,9,6,0,0,3,6,156,2,17,2,6,14,7,13,19,13,9,1,0,2,12,45
-13,15,5,37,11,0,0,1,0,0,1,9,6,0,0,3,6,156,2,17,2,6,14,6,12,19,12,9,1,0,2,15,0
58,14,4,31,10,0,0,1,0,0,1,6,9,0,0,3,6,156,1,17,2,6,14,5,11,19,12,9,1,0,1,13,30
68,14,6,30,9,0,0,1,0,0,1,1,14,0,0,3,6,156,1,17,3,7,14,5,11,18,11,8,1,0,1,13,15
73,11,4,23,10,0,0,1,0,0,1,14,1,0,0,3,6,156,0,15,2,7,12,9,11,19,13,7,1,0,3,12,30
37,11,4,21,9,0,0,1,0,0,1,11,4,0,0,3,6,156,0,15,2,7,12,8,10,18,12,6,1,0,2,12,15
67,11,4,17,9,0,0,1,0,0,0,10,5,0,0,3,6,156,0,15,4,7,12,7,9,17,11,5,1,0,2,11,45
62,11,5,21,8,0,0,1,0,0,0,2,13,0,0,3,6,156,0,15,5,8,12,7,8,16,10,5,1,0,2,12,15
39,11,5,28,8,0,0,1,0,0,0,1,14,0,0,3,6,156,1,14,4,8,12,6,8,15,9,5,1,1,1,13,0
66,11,6,19,7,0,0,1,0,0,0,1,14,0,0,3,6,156,1,14,4,8,12,5,7,14,8,4,1,1,2,12,0
39,11,6,25,6,0,0,1,0,0,0,0,15,0,0,3,6,156,1,14,4,8,12,4,6,13,7,3,1,1,2,12,45
101,11,6,12,5,0,0,1,0,0,0,0,15,0,0,3,6,156,1,14,4,8,12,3,5,12,6,2,1,1,2,11,0
30,10,5,16,4,0,0,1,1,0,0,4,11,0,0,3,6,156,1,13,4,10,13,3,6,14,6,3,1,1,2,11,30
66,8,6,14,5,0,0,1,1,0,1,4,11,0,0,3,6,156,2,10,2,7,10,2,8,14,7,4,1,1,1,11,15
29,8,6,17,5,0,0,1,1,0,1,8,7,0,0,3,6,156,3,9,5,6,9,4,8,14,6,3,1,1,2,11,45
-158,6,4,39,6,0,0,0,1,0,2,2,13,0,0,3,6,156,2,7,4,4,7,6,8,14,8,6,0,1,2,15,15
1,5,3,19,7,0,0,0,1,0,2,13,2,0,0,3,6,156,3,5,2,4,5,6,7,14,8,5,0,0,2,12,0
51,5,3,10,7,0,0,0,1,0,2,9,6,0,0,3,6,156,4,4,1,3,4,5,8,13,7,5,0,0,2,10,45
-100,3,2,25,7,0,0,0,2,0,1,12,3,0,0,3,6,156,3,3,0,3,3,5,8,13,8,6,0,0,2,12,45
39,3,2,6,6,0,0,0,2,0,1,9,6,0,0,3,6,156,3,3,0,3,3,4,8,12,7,5,0,0,2,10,15
5,3,3,14,5,0,0,0,2,0,1,7,8,0,0,3,6,156,3,3,0,3,3,3,7,11,6,4,0,0,1,11,15
20,2,2,12,5,0,0,0,1,0,1,1,14,0,0,3,6,156,2,3,1,3,3,2,6,10,6,4,0,0,2,11,0
3,2,2,8,4,0,0,0,1,0,1,14,1,0,0,3,6,156,1,3,3,3,3,4,7,9,6,4,0,0,2,10,30
65,2,2,4,5,0,0,0,1,0,1,11,4,0,0,3,6,156,3,1,1,1,1,5,7,9,5,3,0,0,2,10,0
61,2,2,3,4,0,0,0,1,0,1,10,5,0,0,3,6,156,3,1,1,1,1,4,6,8,4,2,0,0,2,9,45
52,2,2,1,3,0,0,0,1,0,1,8,7,0,0,3,6,156,2,1,1,1,1,3,5,7,4,2,0,0,1,9,30
-21,1,1,4,3,0,0,0,1,0,1,10,5,0,0,3,6,156,2,0,0,0,0,3,5,6,4,3,0,0,2,10,0
-23,0,0,8,3,0,0,0,0,0,1,0,1,0,0,3,6,156,1,0,0,0,0,3,4,5,4,4,0,0,2,10,30
19,0,0,6,2,0,0,0,0,0,1,0,9,0,0,3,6,156,0,0,0,0,0,2,3,4,4,3,0,0,2,10,15
7,0,0,1,1,0,0,0,0,0,1,0,29,0,0,3,6,156,0,0,0,0,0,2,2,3,3,2,0,0,1,9,30
7,0,0,0,0,0,0,0,0,0,1,0,40,0,1,3,6,156,0,0,0,0,0,1,2,2,2,1,0,0,2,9,15
-97,0,0,10,0,0,0,0,0,0,0,0,90,0,0,3,6,156,0,0,0,0,0,1,1,1,1,0,0,0,2,10,45
11,32,1,50,2,0,1,0,0,0,0,0,15,1,0,2,6,155,1,47,2,3,10,2,3,8,3,2,8,0,1,17,30
-1,31,3,45,3,0,1,0,0,0,0,5,10,0,0,2,6,155,0,45,1,5,9,2,5,11,5,2,8,1,2,16,45
-6,31,3,47,3,0,0,0,0,0,0,11,4,0,0,2,6,155,0,45,3,6,9,1,5,10,4,1,8,1,1,17,0
3,30,3,49,3,0,0,1,0,0,0,6,9,0,0,2,6,155,1,42,3,5,9,5,5,10,5,2,7,1,1,17,15
-14,30,3,43,3,0,0,1,0,0,0,6,9,0,0,2,6,155,1,42,3,5,9,5,5,10,5,2,7,1,1,16,15
8,28,2,40,3,0,1,1,0,0,0,8,7,0,0,2,6,155,1,40,2,4,9,3,6,9,5,3,7,2,1,15,45
8,28,2,44,2,0,1,1,0,0,0,14,1,0,0,2,6,155,1,40,3,4,11,2,6,10,4,2,7,2,2,16,30
9,28,2,39,3,0,0,1,0,0,0,9,6,0,0,2,6,155,2,39,2,4,10,1,5,9,3,2,7,2,2,15,30
1,26,2,40,3,0,1,1,0,0,0,1,14,0,0,2,6,155,0,37,2,6,12,4,5,12,6,1,6,2,1,15,45
-105,26,2,47,2,0,1,1,0,0,0,13,2,0,0,2,6,155,0,37,2,6,12,3,5,11,5,0,6,1,1,17,0
88,26,2,42,2,0,1,1,0,0,0,8,7,0,0,2,6,155,1,36,1,5,13,2,4,11,4,0,5,1,1,16,0
-2,26,3,37,2,0,0,1,0,0,0,5,10,0,0,2,6,155,0,36,2,5,13,1,3,11,4,0,5,0,1,15,0
2,25,6,38,3,0,0,1,0,0,0,5,10,0,0,2,6,155,1,34,5,7,15,2,6,11,4,0,5,0,1,15,15
-8,24,6,36,5,0,0,1,0,0,0,30,15,0,0,2,6,155,3,31,3,6,20,4,7,13,4,1,5,1,1,14,45
33,23,5,34,5,0,2,0,0,0,0,19,26,0,0,2,6,155,3,29,2,6,18,4,8,13,5,3,5,2,1,14,15
19,23,6,33,4,0,2,0,0,0,0,17,28,0,0,2,6,155,3,29,3,6,18,4,7,12,4,3,5,2,1,14,0
-53,22,6,35,3,0,2,0,0,0,0,4,41,0,0,2,6,155,2,28,4,8,20,4,6,15,4,4,5,2,1,14,30
56,21,6,29,3,0,3,0,0,0,0,12,3,0,0,2,6,155,3,27,3,6,18,3,5,14,4,3,5,2,2,13,0
5,19,5,31,3,0,2,0,0,0,0,4,11,0,0,2,6,155,1,26,4,9,19,4,5,13,5,2,4,2,1,13,15
21,19,6,31,3,0,3,0,0,0,0,11,4,0,0,2,6,155,3,25,3,12,19,3,6,12,4,1,4,1,1,13,15
24,18,7,26,5,0,2,0,0,0,0,9,6,0,0,2,6,155,3,23,4,12,18,3,7,13,5,1,3,2,2,12,45
63,18,7,23,5,0,1,0,0,0,0,6,9,0,0,2,6,155,3,23,4,12,18,2,6,12,4,1,3,1,2,12,15
31,15,8,21,7,0,1,0,0,0,0,10,5,0,0,2,6,155,1,20,9,11,18,5,9,16,8,3,3,1,1,12,0
53,14,7,21,10,0,0,0,0,0,0,2,13,0,0,2,6,155,3,17,6,10,15,4,8,16,8,3,3,1,1,12,0
-6,14,7,24,10,0,0,1,0,0,0,13,2,0,0,2,6,155,5,14,6,9,13,5,7,15,7,3,3,1,3,12,30
20,12,6,26,9,0,1,2,1,0,0,4,11,0,0,2,6,155,5,12,3,7,10,5,7,15,9,3,3,1,2,12,45
-17,12,7,29,9,0,1,2,1,0,0,14,1,0,0,2,6,155,6,11,2,6,9,5,7,16,8,3,2,1,2,13,0
30,9,6,19,8,0,1,3,1,0,0,1,14,0,0,2,6,155,4,10,3,6,8,4,7,17,10,4,2,1,2,11,45
4,9,6,24,8,0,1,3,1,0,0,0,15,0,0,2,6,155,5,9,2,5,7,3,6,16,9,3,2,1,3,12,30
28,9,7,17,7,0,1,3,1,0,0,11,4,0,0,2,6,155,5,9,3,6,7,2,7,15,8,2,2,1,2,11,30
20,8,6,19,6,0,1,3,1,0,0,4,11,0,0,2,6,155,4,9,4,6,8,2,6,15,8,3,2,1,2,11,45
31,6,5,14,9,0,1,3,1,0,0,6,9,0,0,2,6,155,5,5,2,3,5,5,9,16,10,5,2,2,1,11,0
66,5,4,13,8,0,1,3,1,0,0,2,13,0,0,2,6,155,4,5,2,3,5,5,8,15,10,6,2,2,2,10,45
-272,3,2,45,7,0,1,3,1,0,0,4,11,0,0,2,6,155,2,5,3,3,5,6,11,15,11,8,1,2,2,16,45
41,3,2,14,8,0,1,3,1,0,0,14,1,0,0,2,6,155,4,3,1,1,3,5,10,14,10,8,1,1,1,11,0
-50,2,1,26,7,0,1,3,1,0,0,13,2,0,0,2,6,155,3,3,1,1,3,4,9,14,10,7,1,1,2,12,45
21,2,1,16,7,0,0,3,1,0,0,4,11,0,0,2,6,155,3,3,1,2,3,4,9,14,9,7,1,1,2,11,15
68,2,2,10,6,0,0,3,1,0,1,2,3,0,0,2,6,155,4,2,0,1,2,5,8,14,8,6,1,1,1,10,15
64,2,2,9,6,0,0,2,1,0,1,9,1,0,0,2,6,155,4,2,0,1,2,5,7,13,7,5,0,1,2,10,10
5,1,1,6,6,0,0,2,1,0,0,11,4,0,0,2,6,155,3,2,0,2,2,5,7,12,7,4,0,0,1,10,0
63,1,1,4,5,0,0,2,1,0,0,2,13,0,0,2,6,155,2,2,1,2,2,5,7,11,7,5,0,0,3,9,45
58,1,1,6,4,0,0,2,1,0,0,0,15,0,0,2,6,155,2,2,1,2,2,4,6,10,6,4,0,0,1,10,0
59,1,1,2,3,0,0,2,1,0,0,10,5,0,0,2,6,155,2,2,1,2,2,3,5,9,5,3,0,0,2,9,30
24,1,1,10,2,0,0,2,1,0,0,7,8,0,0,2,6,155,2,2,1,2,2,2,5,8,4,3,0,0,1,10,15
-19,1,1,17,2,0,0,1,1,0,0,9,6,0,0,2,6,155,2,2,2,2,2,2,6,7,3,2,0,0,2,11,30
13,0,0,12,2,0,0,1,1,0,0,3,12,0,0,2,6,155,1,1,1,1,1,3,6,6,4,3,0,0,1,10,30
-30,0,0,4,2,0,0,1,1,0,0,0,6,0,0,2,6,155,2,0,0,0,0,4,5,5,3,2,0,0,3,9,45
-11,0,0,6,1,0,0,1,1,0,0,0,21,0,0,2,6,155,0,0,0,0,0,4,4,4,4,4,0,0,1,10,0
1,0,0,1,1,0,0,1,0,0,0,0,31,0,0,2,6,155,0,0,0,0,0,3,3,3,3,3,0,0,2,9,15
-9,0,0,0,0,0,0,1,0,0,0,0,35,0,1,2,6,155,0,0,0,0,0,2,2,2,2,2,0,0,1,9,0
-49,0,0,2,0,0,0,0,0,0,0,0,45,0,0,2,6,155,0,0,0,0,0,1,1,1,1,1,0,0,2,9,30
-4,35,4,46,2,0,1,0,2,0,0,0,30,1,0,6,6,152,2,41,2,4,9,2,4,7,4,2,3,0,1,17,30
35,35,5,45,1,0,1,0,2,0,0,12,3,0,0,6,6,152,2,41,2,4,9,1,3,6,3,1,3,0,1,17,0
20,32,3,43,4,0,0,0,2,0,0,19,11,0,0,6,6,152,2,38,2,4,10,3,4,7,5,3,3,0,1,16,45
53,32,4,40,5,0,0,0,1,0,0,4,26,0,0,6,6,152,2,37,1,4,9,3,4,9,5,3,3,1,1,16,0
53,30,2,40,6,0,0,0,0,0,0,6,9,0,0,6,6,152,1,36,2,4,10,2,4,10,6,4,3,1,1,16,0
28,29,1,43,5,0,0,0,0,0,0,1,14,0,0,6,6,152,0,36,2,6,10,1,3,9,6,3,3,1,1,16,45
2,28,2,38,6,0,0,0,0,0,0,7,8,0,0,6,6,152,0,34,4,6,11,3,6,11,7,4,2,1,2,15,45
53,28,4,36,6,0,0,1,0,0,0,10,5,0,0,6,6,152,2,32,2,5,11,2,7,11,6,4,2,0,2,15,30
-13,28,4,42,5,0,1,1,0,0,1,10,5,0,0,6,6,152,3,30,2,5,11,4,6,10,6,4,2,0,2,16,30
9,26,5,32,6,0,1,1,1,0,0,3,12,0,0,6,6,152,3,28,2,4,11,5,7,12,7,4,2,0,1,14,30
63,26,6,34,5,0,1,1,1,0,0,41,4,0,0,6,6,152,3,28,3,5,13,4,7,11,6,3,2,0,1,15,0
-39,26,6,36,4,0,1,1,1,0,0,41,4,0,0,6,6,152,3,28,3,5,13,3,6,10,5,2,2,0,2,15,30
42,25,5,35,3,0,1,1,1,0,0,34,11,0,0,6,6,152,2,28,3,5,14,2,5,9,5,3,2,0,2,15,15
31,25,6,33,2,0,1,1,1,0,0,32,13,0,0,6,6,152,2,28,4,6,14,1,4,8,4,2,2,0,1,14,45
15,21,5,30,4,0,0,2,1,0,1,4,11,0,0,6,6,152,1,24,4,7,13,4,7,11,8,5,2,0,1,14,15
35,21,5,29,4,0,0,2,0,0,1,3,12,0,0,6,6,152,1,24,4,7,13,3,6,10,7,5,2,0,2,13,30
-24,21,7,30,4,0,0,2,0,0,0,1,14,0,0,6,6,152,1,24,4,8,13,2,5,10,6,4,2,0,1,14,15
-20,19,7,38,4,0,0,3,0,0,0,1,14,0,0,6,6,152,1,22,3,8,12,2,4,12,7,5,2,0,2,15,45
30,18,9,24,6,0,1,2,0,0,0,9,6,0,0,6,6,152,3,19,4,7,12,3,6,13,7,5,2,1,2,12,45
36,16,7,26,6,0,1,1,0,0,0,1,14,0,0,6,6,152,1,19,5,8,13,2,5,12,8,4,2,1,1,13,0
44,16,7,28,6,0,1,1,0,0,0,12,3,0,0,6,6,152,2,17,4,7,13,1,5,14,7,3,2,2,1,13,15
19,12,4,24,9,0,2,0,0,0,0,10,5,0,0,6,6,152,2,14,3,6,11,4,9,16,10,4,1,2,2,12,45
32,12,5,20,11,0,1,0,0,0,0,6,9,0,0,6,6,152,4,12,1,4,10,3,9,17,9,4,1,1,1,12,0
34,11,5,26,10,0,1,0,0,0,0,4,11,0,0,6,6,152,3,12,1,5,11,2,8,17,9,5,1,1,1,13,0
34,9,3,15,10,0,0,1,0,0,0,0,15,0,0,6,6,152,1,11,1,5,10,5,7,17,11,6,0,1,2,11,30
46,9,5,15,9,0,0,1,0,0,0,2,13,0,0,6,6,152,1,11,4,7,11,6,11,18,10,5,0,0,2,11,30
-7,9,5,18,8,0,0,1,0,0,0,0,15,0,0,6,6,152,1,11,4,7,11,5,10,17,9,4,0,0,1,11,45
51,9,5,22,7,0,0,1,0,0,0,14,1,0,0,6,6,152,1,11,4,7,11,4,9,16,8,4,0,0,2,12,30
49,8,5,13,7,0,0,1,0,0,0,1,14,0,0,6,6,152,0,10,4,7,10,3,9,15,9,5,0,0,3,11,15
17,8,5,22,6,0,0,2,0,0,0,29,1,0,0,6,6,152,1,9,4,6,9,3,8,15,8,5,0,0,2,12,30
31,8,5,13,5,0,1,2,0,0,0,25,5,0,0,6,6,152,2,8,4,5,8,5,7,14,7,4,0,0,3,11,15
32,6,5,18,5,0,1,2,0,0,1,14,1,0,0,6,6,152,2,5,3,5,6,6,10,16,8,4,0,0,1,11,45
20,6,5,10,6,0,0,2,0,0,1,14,1,0,0,6,6,152,3,5,2,4,5,5,9,15,7,4,0,0,1,10,30
-28,5,4,15,5,0,0,2,0,0,1,13,2,0,0,6,6,152,2,5,2,4,5,4,8,14,7,3,0,0,2,11,30
22,5,4,21,4,0,0,2,0,0,1,12,3,0,0,6,6,152,2,5,2,4,5,3,7,13,6,2,0,0,2,12,15
81,5,4,10,4,0,0,2,0,0,1,6,9,0,0,6,6,152,3,4,2,4,4,4,7,12,5,2,0,0,1,10,30
99,3,3,6,3,0,0,2,0,0,1,7,8,0,0,6,6,152,1,4,3,4,4,4,7,11,6,3,0,0,2,10,0
13,3,3,8,2,0,1,2,0,0,1,9,6,0,0,6,6,152,2,3,2,3,3,4,7,10,5,3,0,0,2,10,15
10,3,3,12,2,0,1,1,0,0,1,7,8,0,0,6,6,152,2,3,3,3,3,3,6,9,4,3,0,0,2,11,0
38,3,3,8,3,0,1,0,1,0,1,4,11,0,0,6,6,152,3,1,1,1,1,4,6,8,4,2,0,0,2,10,15
26,1,1,4,2,0,1,0,1,0,1,3,12,0,0,6,6,152,1,1,1,1,1,3,7,7,5,4,0,0,2,9,45
13,1,1,2,2,0,1,0,1,0,1,7,8,0,0,6,6,152,1,0,0,0,0,3,6,6,5,3,0,0,2,9,30
-10,1,1,6,2,0,0,0,1,0,1,6,9,0,0,6,6,152,1,0,0,0,0,3,5,5,4,2,0,0,2,10,0
-8,0,0,2,2,0,0,0,1,0,0,0,15,0,0,6,6,152,0,0,0,0,0,4,4,4,4,3,0,0,2,9,30
5,0,0,1,1,0,0,0,1,0,0,0,8,0,0,6,6,152,0,0,0,0,0,3,3,3,3,3,0,0,2,9,15
36,0,0,4,0,0,0,0,1,0,0,0,14,0,0,6,6,152,0,0,0,0,0,2,2,2,2,2,0,0,2,9,45
33,0,0,0,0,0,0,0,0,0,0,0,27,0,1,6,6,152,0,0,0,0,0,1,1,1,1,1,0,0,1,9,0
38,29,4,52,1,0,0,1,0,0,0,1,0,1,0,5,5,151,0,50,2,6,10,1,1,7,3,2,6,1,1,17,30
41,25,2,50,4,0,2,1,0,0,0,6,9,0,0,5,5,151,0,44,3,7,12,4,8,16,8,3,5,5,1,17,0
121,25,3,42,6,0,2,0,0,0,0,6,9,0,0,5,5,151,2,42,2,7,11,5,9,16,7,2,4,5,2,16,0
22,25,3,44,6,0,1,0,0,0,0,5,10,0,0,5,5,151,2,42,2,7,11,4,8,15,6,2,3,4,2,16,15
-10,25,3,48,5,0,1,0,0,0,0,4,11,0,0,5,5,151,2,42,2,7,11,3,7,14,5,2,3,3,2,16,45
23,24,2,44,5,0,0,1,0,0,0,4,11,0,0,5,5,151,2,41,4,7,14,4,8,13,5,1,2,3,2,16,15
-38,24,2,50,4,0,0,1,0,0,0,0,15,0,0,5,5,151,0,41,4,8,14,4,7,12,6,0,1,2,1,17,0
30,24,3,48,5,0,0,2,0,0,0,11,4,0,0,5,5,151,3,38,3,6,13,4,10,12,5,0,1,1,2,16,45
28,23,2,46,4,0,0,2,0,0,0,7,8,0,0,5,5,151,1,38,4,6,13,4,9,11,6,1,1,1,2,16,30
11,23,2,40,4,0,0,2,0,0,0,1,14,0,0,5,5,151,2,37,4,5,14,4,8,10,5,1,0,1,2,15,45
-19,22,1,40,3,0,0,2,0,0,0,13,2,0,0,5,5,151,1,37,4,5,14,4,7,10,5,2,0,0,2,15,45
25,22,3,35,3,0,0,3,0,0,0,8,7,0,0,5,5,151,1,35,3,6,14,6,7,10,6,2,0,0,2,15,0
-20,22,3,39,4,0,0,2,0,0,0,6,9,0,0,5,5,151,2,34,2,5,13,5,6,9,5,2,0,0,2,15,30
-1,22,3,35,4,0,0,2,0,0,0,0,15,0,0,5,5,151,3,33,1,6,12,4,5,10,4,2,0,0,2,15,0
28,21,3,33,3,0,0,2,0,0,0,6,9,0,0,5,5,151,1,33,2,7,13,4,5,9,5,3,0,0,2,14,45
-41,21,4,46,2,0,1,2,0,0,0,0,15,0,0,5,5,151,2,32,2,7,13,3,4,8,4,2,0,0,2,16,30
-15,21,4,42,2,0,1,1,0,0,0,13,2,0,0,5,5,151,1,32,2,7,13,2,3,7,4,2,0,0,2,16,0
27,20,5,31,1,0,1,1,0,0,0,11,4,0,0,5,5,151,0,32,5,9,15,1,3,10,4,2,0,0,1,14,15
-3,19,6,33,3,0,2,1,0,0,1,9,21,0,0,5,5,151,2,27,4,7,12,2,5,14,6,3,0,0,2,14,45
12,15,4,30,5,0,1,2,1,0,1,14,1,0,0,5,5,151,2,23,2,6,11,4,6,17,9,5,0,0,1,14,0
-1,15,5,32,4,0,1,2,1,0,1,8,7,0,0,5,5,151,2,23,3,8,11,3,7,17,8,5,0,0,2,14,30
22,13,4,28,4,0,1,3,1,0,1,6,9,0,0,5,5,151,2,21,3,6,10,3,9,16,9,6,0,0,1,13,15
29,13,4,29,3,0,1,3,1,0,1,6,9,0,0,5,5,151,2,21,3,6,10,2,8,16,8,5,0,0,1,13,30
-89,11,2,37,5,0,0,3,1,0,1,9,6,0,0,5,5,151,1,19,4,5,11,7,11,16,10,6,0,0,1,15,15
-87,11,2,37,7,0,0,3,1,0,0,14,1,0,0,5,5,151,2,17,2,5,10,7,12,17,10,6,0,0,1,15,15
44,11,2,20,7,0,0,3,0,0,0,12,3,0,0,5,5,151,2,17,2,5,11,7,11,16,9,5,0,0,2,12,15
71,11,2,20,6,0,0,3,0,0,0,11,4,0,0,5,5,151,2,17,2,5,11,6,10,15,8,4,0,0,2,12,15
6,9,1,22,6,0,0,3,0,0,1,5,10,0,0,5,5,151,2,15,0,4,10,5,10,15,9,4,0,0,2,12,30
20,9,1,26,5,0,0,3,0,0,1,13,2,0,0,5,5,151,1,15,0,4,10,4,9,15,9,4,0,0,1,13,0
51,9,1,24,5,0,0,2,0,0,1,13,2,0,0,5,5,151,1,15,0,4,11,4,8,14,8,3,0,0,2,12,45
41,9,3,15,4,0,0,2,0,0,1,1,14,0,0,5,5,151,1,15,3,5,12,6,8,15,7,2,0,0,2,11,30
34,9,3,18,4,0,0,1,0,0,1,13,2,0,0,5,5,151,1,15,3,6,12,5,7,14,6,2,0,0,2,12,0
-8,9,4,16,4,0,0,1,0,0,0,13,2,0,0,5,5,151,0,15,4,6,15,5,7,15,6,3,0,0,2,11,45
110,9,4,13,5,0,0,0,0,0,0,12,3,0,0,5,5,151,1,14,3,6,14,4,6,15,5,2,0,0,1,11,15
-1,9,4,24,4,0,0,0,0,0,0,7,8,0,0,5,5,151,1,14,3,6,14,3,7,14,4,2,0,0,2,12,45
-13,9,4,22,3,0,0,0,0,0,0,6,9,0,0,5,5,151,1,14,3,6,14,2,6,13,3,1,0,0,2,12,30
-2,8,3,18,3,0,0,1,0,0,0,9,6,0,0,5,5,151,2,12,3,6,12,2,6,13,3,2,0,0,2,12,0
23,6,3,16,2,0,0,2,0,0,0,6,9,0,0,5,5,151,1,11,3,7,11,4,7,14,4,1,0,0,2,11,45
10,5,4,12,3,0,0,2,0,0,0,20,10,0,0,5,5,151,1,9,4,7,9,4,8,14,5,2,0,0,2,11,0
25,5,5,8,2,0,1,2,0,0,0,8,22,0,0,5,5,151,2,8,4,8,8,5,9,13,4,1,0,0,2,10,15
54,5,5,6,2,0,1,1,0,0,0,7,23,0,0,5,5,151,2,8,4,8,8,4,8,12,3,1,0,0,2,10,0
55,5,5,6,2,0,3,0,0,0,0,11,4,0,0,5,5,151,3,6,3,6,6,4,8,12,3,1,0,0,2,10,0
-5,5,5,10,1,0,4,0,0,0,0,5,10,0,0,5,5,151,3,5,3,5,5,4,8,11,3,1,0,0,1,10,45
19,3,3,4,2,0,3,0,0,0,0,9,6,0,0,5,5,151,2,4,4,4,4,5,7,10,4,0,0,0,2,9,45
-165,2,2,26,3,0,2,0,0,0,0,3,12,0,0,5,5,151,2,3,3,3,3,4,7,9,4,0,0,0,1,13,0
9,1,1,4,3,0,1,0,0,0,0,8,7,0,0,5,5,151,1,3,3,3,3,4,7,8,4,1,0,0,2,9,45
12,1,1,2,2,0,1,0,0,0,1,4,11,0,0,5,5,151,2,2,2,2,2,4,6,7,3,1,0,0,2,9,30
-5,0,0,8,2,0,1,1,0,0,1,13,2,0,0,5,5,151,3,0,0,0,0,3,5,6,3,0,0,0,2,10,15
-82,0,0,10,2,0,1,0,0,0,1,13,2,0,0,5,5,151,1,0,0,0,0,4,5,5,4,1,0,0,1,10,45
28,0,0,0,2,0,1,0,0,0,0,7,8,0,1,5,5,151,1,0,0,0,0,3,4,4,3,1,0,0,1,9,0
-9,0,0,1,2,0,0,0,0,0,0,0,9,0,0,5,5,151,0,0,0,0,0,2,3,3,3,2,0,0,2,9,15
-118,0,0,13,1,0,0,0,0,0,0,0,13,0,0,5,5,151,0,0,0,0,0,1,2,2,2,1,0,0,1,11,15
19,0,0,2,0,0,0,0,0,0,0,0,45,0,0,5,5,151,0,0,0,0,0,1,1,1,1,0,0,0,2,9,30
14,33,3,43,3,0,0,2,0,0,0,5,10,0,0,4,5,150,2,42,3,5,12,1,2,9,4,2,2,0,2,16,45
41,32,7,45,5,0,0,2,0,0,0,12,18,0,0,4,5,150,2,39,3,7,12,2,4,12,6,1,2,0,1,17,0
12,29,6,39,6,0,0,2,0,0,0,3,12,0,0,4,5,150,1,37,5,7,11,3,8,18,8,1,2,0,2,16,0
48,28,6,41,8,0,1,1,0,0,0,3,12,0,0,4,5,150,3,34,2,6,9,3,8,17,8,2,2,0,2,16,30
25,25,3,41,8,0,1,2,0,0,0,8,7,0,0,4,5,150,2,32,2,4,7,4,8,16,10,3,2,1,2,16,30
-14,25,4,43,7,0,1,2,0,0,0,9,6,0,0,4,5,150,2,32,3,5,11,6,10,15,9,2,2,1,2,16,45
29,24,4,39,6,0,1,2,0,0,0,2,13,0,0,4,5,150,1,32,4,5,12,6,12,14,9,2,2,1,2,16,0
16,23,3,35,7,0,1,2,0,0,0,9,6,0,0,4,5,150,2,30,2,4,11,5,12,13,9,3,2,1,1,15,15
46,23,3,33,6,0,1,2,0,0,0,6,9,0,0,4,5,150,1,30,2,4,11,4,11,12,9,3,2,1,2,15,0
18,23,3,37,5,0,1,2,0,0,0,4,11,0,0,4,5,150,1,30,2,4,11,3,11,11,8,2,2,2,1,15,30
-47,23,3,47,5,0,1,1,0,0,0,3,12,1,0,4,5,150,1,30,2,4,11,2,10,11,7,2,2,2,1,17,30
-9,22,2,33,6,0,1,1,0,0,0,2,13,0,0,4,5,150,1,28,1,3,12,7,9,12,8,4,1,2,2,15,0
69,21,3,28,6,0,1,1,0,0,0,2,13,0,0,4,5,150,1,27,1,4,14,8,8,11,8,4,1,1,1,14,15
-70,21,3,38,5,0,1,1,0,0,0,12,3,0,0,4,5,150,1,27,1,5,15,7,7,11,7,4,1,1,2,15,45
47,21,4,31,4,0,1,1,0,0,0,10,5,0,0,4,5,150,1,27,1,5,15,6,6,10,6,3,1,1,2,14,45
43,21,4,35,3,0,1,1,0,0,0,7,8,0,0,4,5,150,1,27,1,6,15,5,5,9,5,3,1,1,1,15,15
46,20,4,27,2,0,1,1,0,0,0,6,9,0,0,4,5,150,0,27,2,6,15,4,4,8,5,4,1,1,2,14,0
36,20,4,30,2,0,1,0,0,0,0,6,9,0,0,4,5,150,0,27,2,6,15,3,3,7,4,3,1,1,2,14,30
16,20,5,31,1,0,1,0,0,0,0,27,3,0,0,4,5,150,0,27,2,8,16,2,2,6,3,3,1,1,2,14,45
3,20,5,28,2,0,0,0,0,0,0,21,9,0,0,4,5,150,1,26,3,7,15,1,1,5,2,2,0,1,1,14,15
37,14,5,26,6,0,0,1,1,0,0,3,12,0,0,4,5,150,2,19,6,9,13,3,5,14,7,6,0,0,1,13,30
4,14,5,23,6,0,0,1,1,0,0,11,4,0,0,4,5,150,2,17,6,8,12,3,6,13,7,6,0,0,1,13,0
58,14,6,20,5,0,1,1,1,0,0,7,8,0,0,4,5,150,3,17,5,7,12,2,5,12,6,5,0,0,2,12,30
3,12,5,25,6,0,2,1,1,0,1,2,13,0,0,4,5,150,3,13,3,6,11,2,9,11,9,5,0,0,1,13,15
11,9,4,23,5,0,2,3,2,0,1,4,11,0,0,4,5,150,3,10,3,4,9,7,10,15,11,5,0,0,1,13,0
52,9,4,19,5,0,2,2,2,0,1,1,14,0,0,4,5,150,3,10,3,4,9,7,9,14,10,5,0,0,1,12,15
50,9,4,17,5,0,2,2,1,0,1,0,15,0,0,4,5,150,3,10,3,4,9,6,8,13,9,4,0,0,1,12,0
-275,8,3,45,5,0,1,2,1,0,1,6,9,0,0,4,5,150,2,10,3,5,9,5,7,12,9,4,0,0,1,17,0
-3,8,3,21,4,0,1,2,1,0,1,5,10,0,0,4,5,150,2,10,3,5,9,4,6,12,8,3,0,0,2,12,45
17,8,3,17,3,0,1,2,1,0,1,3,12,0,0,4,5,150,2,10,3,5,9,3,5,11,7,2,0,0,1,12,0
25,8,4,15,4,0,1,2,1,0,0,12,3,0,0,4,5,150,3,9,2,4,8,3,4,11,6,2,0,0,2,11,45
20,8,5,15,5,0,1,2,1,0,0,4,11,0,0,4,5,150,4,7,1,5,7,3,3,12,6,3,0,0,2,11,45
-9,5,4,21,4,0,1,2,1,0,0,13,2,0,0,4,5,150,1,7,2,5,7,2,6,12,8,4,0,0,2,12,45
84,5,4,11,4,0,0,2,1,0,0,8,7,0,0,4,5,150,1,7,2,6,7,1,6,12,7,4,0,0,2,11,0
-7,1,1,14,9,0,0,2,0,0,0,7,8,0,0,4,5,150,1,2,1,2,2,5,10,13,11,6,0,0,2,11,30
37,1,1,12,9,0,0,1,0,0,0,6,9,0,0,4,5,150,1,2,1,2,2,5,9,12,10,5,0,0,1,11,15
-7,1,1,9,8,0,0,1,0,0,0,5,10,0,0,4,5,150,1,2,1,2,2,4,8,11,9,4,0,0,1,10,45
22,1,1,12,8,0,0,0,0,0,0,2,13,0,0,4,5,150,1,2,1,2,2,3,7,11,8,4,0,0,1,11,15
37,1,1,8,8,0,0,0,0,0,0,8,7,0,0,4,5,150,1,1,1,1,1,3,6,10,8,4,0,0,2,10,30
20,0,0,9,7,0,0,0,0,0,0,6,9,0,0,4,5,150,0,1,1,1,1,5,7,9,8,5,0,0,1,10,45
23,0,0,1,6,0,0,0,0,0,0,0,15,0,0,4,5,150,0,1,1,1,1,4,6,8,7,5,0,0,2,9,30
8,0,0,7,6,0,0,0,0,0,0,23,7,0,0,4,5,150,1,0,0,0,0,4,5,7,6,4,0,0,1,10,15
92,0,0,3,5,0,0,0,0,0,0,21,9,0,0,4,5,150,1,0,0,0,0,3,4,6,5,4,0,0,2,9,45
32,0,0,5,4,0,0,0,0,0,0,8,22,0,0,4,5,150,0,0,0,0,0,3,4,5,5,4,0,0,1,10,0
-14,0,0,1,3,0,0,0,0,0,0,0,7,0,0,4,5,150,0,0,0,0,0,2,4,4,4,4,0,0,2,9,30
-6,0,0,5,2,0,0,0,0,0,0,0,12,0,0,4,5,150,0,0,0,0,0,1,3,3,3,3,0,0,1,10,0
68,0,0,0,1,0,0,0,0,0,0,0,50,0,1,4,5,150,0,0,0,0,0,2,2,2,2,2,0,0,2,9,0
23,0,0,3,0,0,0,0,0,0,0,0,58,0,0,4,5,150,0,0,0,0,0,1,1,1,1,1,0,0,2,9,45
57,32,3,53,1,0,0,2,0,0,0,13,2,1,0,3,5,149,0,50,2,4,13,1,2,7,4,2,4,1,1,17,45
75,30,6,51,5,0,0,1,0,0,0,3,12,0,0,3,5,149,2,46,4,8,13,4,5,11,5,4,4,0,1,17,15
73,28,5,45,6,0,0,1,0,0,1,0,15,0,0,3,5,149,3,43,4,6,10,4,5,11,6,6,4,0,2,16,30
28,26,3,52,6,0,0,0,0,0,1,9,6,0,0,3,5,149,1,43,5,6,12,3,4,11,7,6,4,0,1,17,30
11,26,5,47,5,0,0,1,0,0,1,3,12,0,0,3,5,149,2,42,4,6,11,2,4,10,6,5,4,1,2,16,45
16,25,4,47,5,0,0,2,0,0,1,8,7,0,0,3,5,149,3,40,3,4,11,2,3,10,6,4,4,1,2,16,45
13,24,3,45,4,0,0,4,0,0,1,0,15,0,0,3,5,149,3,38,2,5,10,2,6,12,7,5,4,1,2,16,30
30,22,2,40,4,0,0,5,1,0,0,4,11,0,0,3,5,149,3,36,3,5,11,5,7,14,8,6,3,1,2,16,0
33,21,1,36,4,0,0,4,1,0,0,4,11,0,0,3,5,149,2,36,3,7,12,5,8,13,8,6,3,0,1,15,15
41,21,1,40,4,0,0,4,1,0,0,0,15,0,0,3,5,149,1,35,3,6,12,4,8,12,9,6,3,0,2,16,0
60,21,1,32,4,0,0,3,1,0,0,12,3,0,0,3,5,149,1,35,3,6,12,4,7,11,8,5,3,0,2,14,45
54,21,2,37,4,0,0,4,1,0,0,7,8,0,0,3,5,149,3,33,2,4,10,3,6,11,7,4,3,0,2,15,30
66,21,2,30,4,0,0,4,0,0,0,8,7,0,0,3,5,149,1,33,4,6,12,3,8,11,8,3,3,2,1,14,15
13,21,3,40,4,0,0,4,0,0,0,12,3,0,0,3,5,149,2,32,3,5,12,4,8,11,7,2,3,2,2,16,0
-8,20,4,34,4,0,0,4,1,0,0,38,7,0,0,3,5,149,1,30,3,6,13,6,7,14,9,5,3,2,1,15,0
-119,20,4,49,4,0,0,3,2,0,0,37,8,0,0,3,5,149,2,29,2,5,12,5,6,13,8,5,3,2,1,17,0
19,20,4,34,3,0,0,3,2,0,0,32,13,0,0,3,5,149,2,29,2,5,13,4,5,12,7,4,3,2,1,15,0
-75,19,4,43,4,0,0,2,2,0,0,16,29,0,0,3,5,149,2,28,3,6,13,4,5,13,7,5,2,2,2,16,15
-5,19,4,32,3,0,0,2,2,0,0,15,30,0,0,3,5,149,2,28,3,6,14,3,4,12,6,5,2,1,2,14,45
-15,19,4,43,3,0,0,1,2,0,0,14,31,0,0,3,5,149,2,28,3,6,15,2,3,11,5,5,1,1,2,16,15
-17,18,4,31,3,0,0,1,2,0,0,14,1,0,0,3,5,149,1,27,4,7,15,1,4,13,6,4,1,0,2,14,30
26,15,5,29,6,0,0,2,1,0,0,9,6,0,0,3,5,149,2,23,3,8,16,3,7,16,8,3,1,0,1,13,30
111,14,5,22,8,0,0,1,1,0,0,10,5,0,0,3,5,149,1,21,4,8,15,6,8,17,10,4,1,0,2,12,30
-93,14,6,38,8,0,0,1,1,0,0,14,1,0,0,3,5,149,2,20,4,8,15,5,10,19,9,3,1,0,3,15,45
29,12,5,24,7,0,0,1,1,0,0,6,9,0,0,3,5,149,0,20,5,10,15,6,12,18,10,3,1,0,1,12,45
-123,12,5,38,8,0,0,1,0,0,0,6,9,0,0,3,5,149,1,19,4,9,14,5,11,17,9,3,1,0,3,15,45
17,12,5,27,7,0,0,1,0,0,1,3,12,0,0,3,5,149,2,18,3,8,14,4,10,16,8,3,1,0,1,13,15
39,11,5,24,6,0,0,1,0,0,1,2,13,0,0,3,5,149,1,18,3,8,14,3,9,15,8,4,1,0,1,12,45
52,10,5,14,6,0,0,2,1,0,1,8,7,0,0,3,5,149,2,15,5,8,13,8,9,16,9,6,1,0,2,11,30
42,10,5,18,5,0,0,2,1,0,1,7,8,0,0,3,5,149,2,15,5,8,14,7,8,15,8,6,1,0,2,12,0
-24,9,4,27,6,0,0,2,1,0,1,6,9,0,0,3,5,149,2,13,5,7,12,6,10,16,9,7,1,1,1,13,15
8,9,4,20,5,0,0,2,1,0,1,5,10,0,0,3,5,149,2,13,5,7,12,5,9,15,8,6,1,1,2,12,15
32,9,4,16,5,0,0,2,1,0,0,3,12,0,0,3,5,149,2,13,5,7,12,4,8,14,7,5,1,1,2,11,45
31,8,4,22,8,0,0,1,1,0,0,13,2,0,0,3,5,149,4,10,3,5,9,4,9,14,7,5,1,1,2,12,30
-1,7,3,20,7,0,0,1,1,0,0,11,4,0,0,3,5,149,3,10,3,5,9,3,8,13,7,6,1,1,2,12,15
-19,7,3,26,6,0,0,1,1,0,0,11,4,0,0,3,5,149,3,10,3,5,9,2,7,12,6,5,1,1,2,13,0
45,5,2,12,6,0,0,2,1,0,0,18,12,0,0,3,5,149,1,8,2,5,8,4,7,15,9,7,1,1,2,11,15
62,5,4,10,7,0,0,1,1,0,0,5,25,0,0,3,5,149,1,7,3,6,7,5,8,14,9,7,1,1,2,10,45
-8,5,4,18,7,0,0,1,1,0,0,10,5,0,0,3,5,149,2,6,3,5,6,5,8,15,8,7,1,1,2,12,0
61,5,4,7,6,0,0,1,1,0,0,6,9,0,0,3,5,149,2,6,3,5,6,4,7,14,7,6,0,1,2,10,30
40,5,4,7,5,0,0,1,1,0,0,3,12,0,0,3,5,149,2,6,3,5,6,3,6,14,6,5,0,0,2,10,30
92,4,3,4,5,0,0,1,1,0,0,0,15,0,0,3,5,149,1,5,2,4,5,2,6,13,7,6,0,0,1,9,45
-13,3,2,14,6,0,0,1,1,0,0,26,4,0,0,3,5,149,2,3,2,3,3,4,7,12,7,6,0,0,2,11,30
-364,1,1,49,6,0,0,1,0,0,0,11,19,0,0,3,5,149,0,3,2,3,3,4,8,11,8,8,0,0,1,17,0
-13,1,1,10,7,0,0,1,0,0,0,5,25,0,0,3,5,149,2,1,1,1,1,3,7,10,7,7,0,0,2,10,45
-41,1,1,16,7,0,0,0,0,0,0,4,26,0,0,3,5,149,2,1,1,1,1,2,6,9,6,6,0,0,2,11,45
12,1,1,12,6,0,0,0,0,0,0,0,15,0,0,3,5,149,0,1,1,1,1,5,8,8,7,6,0,0,2,11,15
-1,1,1,4,5,0,0,0,1,0,0,1,14,0,0,3,5,149,1,0,0,0,0,4,7,7,6,5,0,0,1,9,45
0,1,1,7,4,0,0,0,1,0,0,12,3,0,0,3,5,149,1,0,0,0,0,5,6,6,5,5,0,0,2,10,30
10,0,0,0,4,0,0,0,0,0,0,9,6,0,1,3,5,149,0,0,0,0,0,4,5,5,5,5,0,0,1,9,0
58,0,0,1,3,0,0,0,0,0,0,3,12,0,0,3,5,149,0,0,0,0,0,4,4,4,4,4,0,0,2,9,15
28,0,0,2,2,0,0,0,0,0,0,0,15,0,0,3,5,149,0,0,0,0,0,3,3,3,3,3,0,0,2,9,30
-36,0,0,6,1,0,0,0,0,0,0,0,18,0,0,3,5,149,0,0,0,0,0,2,2,2,2,2,0,0,3,10,15
30,0,0,2,0,0,0,0,0,0,0,0,25,0,0,3,5,149,0,0,0,0,0,1,1,1,1,1,0,0,2,9,30
-16,24,0,36,1,0,0,0,0,0,0,52,8,1,0,6,5,145,0,35,0,2,5,1,2,3,2,2,1,0,1,17,0
8,24,3,35,2,0,0,0,0,0,0,28,2,0,0,6,5,145,2,33,1,3,4,1,2,5,1,1,1,0,1,16,30
34,21,1,31,3,0,0,0,1,0,0,13,17,0,0,6,5,145,0,30,0,1,9,2,4,8,5,4,1,0,2,14,45
-15,21,2,32,2,0,0,0,1,0,0,3,27,0,0,6,5,145,0,30,0,4,11,2,3,8,4,3,1,0,1,15,0
-53,21,5,34,1,0,0,0,1,0,0,20,25,0,0,6,5,145,0,30,4,8,12,2,3,9,3,2,1,0,1,15,30
41,21,5,30,1,0,0,0,0,0,0,12,33,0,0,6,5,145,0,30,5,8,14,2,2,8,2,2,1,0,1,14,15
17,18,4,32,5,0,0,0,0,0,0,13,2,0,0,6,5,145,2,25,3,6,14,1,6,8,4,2,1,1,1,15,0
51,16,3,21,4,0,1,2,0,0,0,10,5,0,0,6,5,145,1,22,3,6,15,5,6,13,7,5,0,1,2,12,30
13,16,3,24,4,0,1,1,0,0,0,5,10,0,0,6,5,145,1,22,3,6,16,4,5,12,6,5,0,0,2,12,45
46,16,4,24,3,0,1,1,0,0,0,1,14,0,0,6,5,145,0,22,4,7,16,4,4,11,6,5,0,0,2,12,45
34,16,5,21,4,0,1,1,0,0,0,7,8,0,0,6,5,145,2,20,2,6,15,3,3,10,5,5,0,0,2,12,30
-43,15,5,29,5,0,0,1,0,0,0,1,14,0,0,6,5,145,2,19,2,8,17,2,3,9,5,4,0,0,1,13,30
14,14,5,26,4,0,0,1,0,0,0,4,11,0,0,6,5,145,0,19,4,8,17,1,4,11,6,3,0,0,1,13,0
-26,10,6,26,7,1,1,3,0,0,0,1,14,0,0,6,5,145,3,11,3,9,10,5,7,17,10,4,0,0,1,13,0
73,9,6,13,6,1,1,3,0,0,0,7,8,0,0,6,5,145,1,11,5,9,11,6,8,18,11,4,0,0,2,11,0
34,9,6,14,6,0,1,3,0,0,0,6,9,0,0,6,5,145,1,11,5,9,11,5,7,18,10,4,0,0,2,11,15
-55,9,6,21,7,0,0,3,0,0,0,1,14,0,0,6,5,145,2,10,4,8,10,4,7,17,9,4,0,0,2,12,30
20,9,6,19,6,0,0,3,0,0,0,13,2,0,0,6,5,145,2,10,5,8,10,3,6,16,8,3,0,0,1,12,0
-35,7,6,18,8,0,0,3,0,0,0,13,2,0,0,6,5,145,1,7,5,5,7,2,8,15,11,5,0,0,1,11,45
-7,7,6,20,7,0,0,3,0,0,0,11,4,0,0,6,5,145,1,7,5,5,7,2,7,14,10,5,0,0,3,12,15
-33,4,3,16,8,0,2,4,0,0,0,11,4,0,0,6,5,145,3,2,0,1,2,6,10,15,12,6,0,0,1,11,30
-18,3,2,28,7,0,2,4,0,0,0,9,6,0,0,6,5,145,2,2,0,1,2,5,11,16,12,6,0,0,1,13,15
-34,3,2,16,6,0,2,4,0,0,0,6,9,0,0,6,5,145,2,2,0,2,2,6,11,15,11,5,0,0,1,11,30
44,3,3,6,5,0,2,4,0,0,0,13,2,0,0,6,5,145,2,2,0,2,2,7,10,14,10,5,0,0,1,10,0
56,2,2,9,5,0,2,3,0,0,0,3,12,0,0,6,5,145,1,2,1,2,2,6,9,13,10,6,0,0,2,10,30
3,2,2,11,5,0,2,2,0,0,0,2,13,0,0,6,5,145,1,2,1,2,2,5,8,12,9,5,0,0,1,10,45
22,1,1,6,4,0,2,2,0,0,0,8,7,0,0,6,5,145,0,2,2,2,2,6,7,11,9,5,0,0,1,10,0
17,1,1,14,3,0,2,2,0,0,0,6,9,0,0,6,5,145,0,2,2,2,2,5,6,10,8,5,0,0,2,11,15
42,1,1,9,2,0,2,2,0,0,0,3,12,0,0,6,5,145,0,2,2,2,2,5,6,9,7,5,0,0,2,10,30
36,1,1,11,2,0,2,1,0,0,0,1,14,0,0,6,5,145,0,2,2,2,2,4,5,8,6,4,0,0,1,10,45
19,1,1,8,2,0,2,1,0,0,0,11,4,0,0,6,5,145,1,1,1,1,1,3,5,7,5,4,0,0,2,10,15
55,1,1,2,2,0,1,1,0,0,0,10,5,0,0,6,5,145,1,1,1,1,1,2,4,6,4,4,0,0,2,9,30
15,1,1,2,3,0,0,1,0,0,0,6,9,0,0,6,5,145,1,0,0,0,0,1,5,5,4,4,0,0,2,9,30
-7,0,0,1,2,0,0,1,0,0,0,0,26,0,0,6,5,145,0,0,0,0,0,4,4,4,4,4,0,0,2,9,15
4,0,0,4,2,0,0,0,0,0,0,0,31,0,0,6,5,145,0,0,0,0,0,3,3,3,3,3,0,0,2,9,45
1,0,0,0,1,0,0,0,0,0,0,0,50,0,1,6,5,145,0,0,0,0,0,2,2,2,2,2,0,0,1,9,0
26,0,0,4,0,0,0,0,0,0,0,0,51,0,0,6,5,145,0,0,0,0,0,1,1,1,1,1,0,0,2,9,45
9,33,3,52,0,0,2,0,1,0,1,7,8,0,0,5,5,144,2,49,3,6,12,3,6,11,3,1,10,4,1,17,15
1,33,3,51,0,0,1,0,1,0,1,5,10,0,0,5,5,144,1,49,3,6,12,2,5,10,3,1,9,3,1,17,0
-9,32,4,48,1,0,1,0,1,0,0,21,9,0,0,5,5,144,1,48,5,7,13,2,6,10,3,0,8,3,1,16,45
5,30,3,48,2,0,1,0,1,0,0,3,27,0,0,5,5,144,1,46,4,7,11,3,8,11,4,0,7,3,1,16,45
10,30,3,45,2,0,1,1,1,0,1,14,1,0,0,5,5,144,2,43,3,6,11,5,7,12,5,0,7,2,1,16,0
46,30,3,41,1,0,1,1,1,0,1,7,8,0,0,5,5,144,1,43,3,6,13,6,6,11,5,1,7,2,2,15,30
41,29,2,43,1,0,2,1,0,0,1,11,4,0,0,5,5,144,1,42,4,6,13,5,5,11,5,2,7,2,2,15,45
-18,28,1,45,1,0,3,1,0,0,0,7,8,0,0,5,5,144,1,41,3,5,12,4,5,10,5,2,6,2,1,16,0
-31,28,1,47,1,0,2,1,0,0,0,5,10,0,0,5,5,144,1,41,3,6,12,3,4,9,4,1,6,1,3,16,30
-59,27,0,48,0,0,2,1,0,0,1,8,7,0,0,5,5,144,1,40,3,5,13,2,5,9,4,1,6,2,1,16,45
30,27,0,35,0,0,2,1,0,0,0,7,8,0,0,5,5,144,1,40,3,5,13,1,4,8,3,1,5,2,3,14,45
-25,27,3,37,2,0,2,2,0,0,0,9,6,0,0,5,5,144,0,36,2,7,16,5,6,12,7,5,5,3,1,15,0
-31,27,3,37,1,0,2,3,0,0,0,1,14,0,0,5,5,144,1,35,3,7,15,4,5,12,6,4,5,3,1,15,0
7,27,3,40,1,0,1,3,0,0,0,0,15,0,0,5,5,144,1,35,3,7,16,3,4,11,5,3,4,3,2,15,15
29,27,5,37,2,0,1,2,0,0,0,29,16,0,0,5,5,144,1,34,4,7,17,3,6,14,5,3,4,3,1,15,0
-42,27,5,43,2,0,0,2,0,0,0,27,18,0,0,5,5,144,1,34,5,7,17,2,6,13,4,2,3,3,2,15,45
-175,25,6,53,4,0,2,1,0,0,0,5,40,1,0,5,5,144,2,30,3,8,16,2,5,16,6,2,2,2,1,17,30
-41,22,5,41,5,0,2,1,0,0,1,12,3,0,0,5,5,144,2,27,4,9,18,4,8,19,8,3,2,1,2,15,30
-32,22,7,35,5,0,2,0,0,0,1,5,10,0,0,5,5,144,1,27,5,9,18,3,10,18,8,4,1,1,3,14,45
36,22,7,29,4,0,2,0,0,0,1,3,12,0,0,5,5,144,1,27,5,10,18,4,9,17,7,4,1,0,1,13,0
30,22,7,31,4,0,1,0,0,0,1,13,2,0,0,5,5,144,1,27,6,10,19,3,8,16,6,4,1,0,1,13,15
29,19,6,27,8,0,0,1,0,0,1,5,10,0,0,5,5,144,2,22,4,8,17,7,11,17,9,3,1,0,2,12,45
14,19,6,29,8,0,0,1,0,0,0,3,12,0,0,5,5,144,2,22,5,8,17,6,10,17,8,3,1,0,1,13,0
139,18,7,16,8,0,0,2,0,0,0,8,7,0,0,5,5,144,2,20,4,8,15,5,10,18,9,4,1,1,1,11,15
26,17,9,23,8,0,0,2,0,0,0,13,2,0,0,5,5,144,1,19,3,10,15,6,11,17,10,4,1,1,2,12,15
14,17,9,25,8,0,0,2,0,0,0,9,6,0,0,5,5,144,2,18,2,9,14,5,11,18,9,4,1,1,2,12,30
-24,16,8,32,7,0,0,2,0,0,0,8,7,0,0,5,5,144,1,18,2,9,14,5,10,18,9,4,1,1,1,13,30
-29,16,9,27,7,0,0,1,0,0,0,7,8,0,0,5,5,144,1,18,3,9,14,5,9,17,8,3,1,1,2,12,45
17,15,10,21,6,0,0,1,0,0,1,4,11,0,0,5,5,144,2,16,4,9,13,6,9,18,8,3,1,1,2,12,0
-26,15,10,33,6,0,0,1,0,0,1,4,11,0,0,5,5,144,2,16,4,9,13,6,9,18,8,3,1,1,1,14,15
39,13,9,23,5,0,0,1,0,0,1,9,6,0,0,5,5,144,0,16,7,11,15,6,7,17,8,4,1,1,2,12,15
8,13,9,21,4,0,0,1,0,0,1,8,7,0,0,5,5,144,0,16,7,11,15,5,6,16,7,4,1,1,2,12,0
21,11,8,19,6,0,0,1,0,0,2,9,6,0,0,5,5,144,2,12,4,7,11,5,9,17,8,5,0,1,2,11,45
43,11,8,19,5,0,0,1,0,0,2,7,8,0,0,5,5,144,2,12,5,7,11,4,8,16,7,4,0,0,2,11,45
-1,10,7,25,4,0,0,2,0,0,2,0,15,0,0,5,5,144,2,11,5,7,10,3,7,15,7,4,0,0,2,12,30
-101,8,5,34,4,0,1,2,0,0,2,13,2,0,0,5,5,144,2,9,3,5,8,2,6,15,8,4,0,0,2,14,30
18,6,4,18,5,0,1,2,0,0,1,10,5,0,0,5,5,144,1,8,3,5,8,5,8,16,9,6,0,0,2,11,30
60,4,2,7,7,0,1,2,0,0,1,7,8,0,0,5,5,144,1,5,1,4,5,7,11,15,11,9,0,0,2,10,15
58,4,3,7,7,0,1,1,0,0,1,3,12,0,0,5,5,144,1,5,2,4,5,6,11,15,10,9,0,0,2,10,15
8,4,4,14,7,0,0,1,0,0,1,0,15,0,0,5,5,144,1,5,2,4,5,5,10,14,9,8,0,0,2,11,0
33,4,4,16,6,0,0,1,0,0,1,11,4,0,0,5,5,144,1,5,2,4,5,4,9,14,8,7,0,0,1,11,15
28,3,3,14,5,0,0,1,0,0,2,12,3,0,0,5,5,144,1,4,2,3,4,6,9,13,8,7,0,0,2,11,0
48,3,3,10,4,0,0,1,0,0,2,11,4,0,0,5,5,144,1,4,3,3,4,5,8,12,7,7,0,0,2,10,30
6,3,3,12,4,0,0,0,0,0,2,9,6,0,0,5,5,144,1,4,3,3,4,4,8,11,6,6,0,0,2,10,45
39,2,2,4,3,0,0,0,1,0,2,9,6,0,0,5,5,144,0,3,2,3,3,5,8,10,7,6,0,0,1,9,45
-14,2,2,7,3,0,0,0,1,0,1,5,10,0,0,5,5,144,0,3,2,3,3,4,7,9,6,5,0,0,2,10,15
55,2,2,10,2,0,0,1,1,0,1,2,13,0,0,5,5,144,1,2,1,2,2,3,6,8,5,5,0,0,2,10,30
-5,2,2,12,3,0,0,1,1,0,0,8,7,0,0,5,5,144,2,1,0,1,1,4,5,7,4,4,0,0,2,10,45
61,2,2,4,2,0,0,1,1,0,0,6,9,0,0,5,5,144,2,1,0,1,1,3,4,6,3,3,0,0,1,9,45
59,0,0,6,1,0,0,1,1,0,0,15,15,0,0,5,5,144,0,1,1,1,1,3,5,5,4,3,0,0,3,10,0
26,0,0,2,1,0,0,1,0,0,0,10,5,0,0,5,5,144,0,1,1,1,1,2,4,4,3,2,0,0,2,9,30
17,0,0,1,1,0,0,1,0,0,0,0,4,0,0,5,5,144,1,0,0,0,0,3,3,3,2,1,0,0,2,9,15
5,0,0,2,1,0,0,0,0,0,0,0,26,0,0,5,5,144,0,0,0,0,0,2,2,2,2,1,0,0,2,9,30
-6,0,0,0,0,0,0,0,0,0,0,0,31,0,1,5,5,144,0,0,0,0,0,1,1,1,1,1,0,0,1,9,0
40,43,7,53,5,0,0,1,0,0,1,11,4,0,0,4,5,143,2,48,4,7,14,3,6,7,6,4,6,1,1,17,0
24,41,5,53,5,0,0,1,0,0,1,1,14,0,0,4,5,143,1,47,5,7,14,4,5,9,7,4,6,0,1,17,0
-15,41,6,55,5,0,0,1,0,0,1,11,4,1,0,4,5,143,2,46,4,7,13,3,4,13,6,3,6,0,1,17,30
31,38,5,49,6,0,0,1,0,0,1,7,8,0,0,4,5,143,1,44,4,7,12,3,4,16,8,2,6,1,2,16,30
4,38,5,51,7,0,0,1,0,0,0,4,11,0,0,4,5,143,2,43,3,6,12,2,3,15,7,2,6,1,2,16,45
8,36,5,49,8,0,0,1,0,0,0,13,2,0,0,4,5,143,1,41,4,7,11,2,2,16,9,2,6,1,2,16,30
56,34,5,48,8,0,1,0,1,0,0,6,9,0,0,4,5,143,1,39,5,6,12,1,9,17,10,3,5,3,2,16,15
60,30,2,46,12,0,1,0,1,0,0,8,7,0,0,4,5,143,0,34,2,4,11,11,15,16,15,7,5,2,1,16,0
119,30,2,30,12,0,1,0,1,0,0,5,10,0,0,4,5,143,1,33,1,3,10,11,14,15,14,6,5,2,1,13,0
-37,30,2,46,11,0,1,0,1,0,0,4,11,0,0,4,5,143,1,33,1,3,10,10,13,14,13,5,4,2,1,16,0
65,29,3,44,10,0,1,0,1,0,0,1,14,0,0,4,5,143,0,33,2,3,10,10,12,14,13,5,4,1,2,15,45
65,29,3,42,9,0,1,0,1,0,0,0,15,0,0,4,5,143,0,33,2,4,10,10,11,13,12,5,4,1,2,15,30
76,29,3,34,8,0,1,0,1,0,0,0,15,0,0,4,5,143,0,33,2,4,10,9,10,12,11,5,4,1,1,13,30
25,29,3,40,8,0,1,0,0,0,0,14,1,0,0,4,5,143,0,33,2,5,10,8,9,11,10,4,3,1,2,15,15
-12,29,3,44,8,0,0,0,0,0,0,12,3,0,0,4,5,143,0,33,3,5,10,7,8,10,9,3,3,0,2,15,45
7,29,3,38,7,0,0,0,0,0,0,5,10,0,0,4,5,143,0,33,3,6,12,6,8,10,8,2,3,0,2,15,0
53,29,3,42,6,0,0,0,0,0,0,4,11,0,0,4,5,143,0,33,3,6,12,5,7,9,7,2,3,0,2,15,30
78,29,3,38,5,0,0,0,0,0,0,3,12,0,0,4,5,143,0,33,3,6,12,4,6,8,6,2,3,0,2,15,0
-37,29,5,51,5,0,0,0,0,0,0,52,8,0,0,4,5,143,1,32,2,6,12,4,5,7,5,2,3,0,2,16,45
53,29,5,35,5,0,0,0,0,0,0,48,12,0,0,4,5,143,2,31,1,5,11,3,4,6,4,2,3,0,2,14,30
59,29,5,36,4,0,0,0,0,0,0,46,14,0,0,4,5,143,2,31,1,5,11,2,3,5,3,2,3,0,2,14,45
54,28,7,40,4,0,0,0,0,0,0,26,34,0,0,4,5,143,2,30,4,7,13,2,2,8,3,2,3,0,2,15,15
9,26,7,36,4,0,0,1,0,0,0,7,53,0,0,4,5,143,2,28,3,6,13,1,2,9,4,3,3,1,2,14,45
15,21,7,30,7,0,0,1,1,0,0,2,13,0,0,4,5,143,2,23,3,7,14,2,6,13,8,5,2,2,1,13,0
75,19,6,30,6,0,2,1,1,0,0,6,9,0,0,4,5,143,2,21,3,7,14,4,7,15,9,6,2,2,1,13,0
34,18,8,33,5,0,2,2,1,0,0,0,15,0,0,4,5,143,1,20,4,9,14,4,9,17,10,7,2,2,1,13,15
43,18,8,28,5,0,2,1,1,0,0,13,2,0,0,4,5,143,1,20,5,9,14,4,8,16,9,6,2,2,3,12,45
64,18,9,28,5,0,2,1,1,0,0,10,5,0,0,4,5,143,2,19,4,8,13,4,8,16,8,5,1,2,3,12,45
-1,15,7,26,7,0,1,1,1,0,0,12,3,0,0,4,5,143,1,17,4,8,12,4,7,15,10,6,1,1,2,12,30
49,14,7,21,7,0,1,1,1,0,0,14,1,0,0,4,5,143,1,16,5,8,13,5,8,17,10,6,0,1,2,11,45
62,14,8,22,8,0,1,1,0,0,0,11,4,0,0,4,5,143,2,15,4,7,13,5,9,16,9,5,0,0,2,12,0
74,12,6,24,8,0,2,1,0,0,0,1,14,0,0,4,5,143,2,13,3,6,13,4,10,15,10,5,0,0,2,12,15
36,10,6,26,7,0,3,1,0,0,0,6,9,0,0,4,5,143,1,12,3,6,12,4,10,15,11,4,0,0,2,12,30
44,10,6,22,6,0,3,1,0,0,0,5,10,0,0,4,5,143,1,12,3,6,12,3,9,14,10,3,0,0,2,12,0
24,10,6,24,5,0,3,2,0,0,0,13,2,0,0,4,5,143,2,11,3,5,11,4,8,13,9,2,0,0,2,12,15
64,8,6,15,5,0,4,2,0,0,0,7,8,0,0,4,5,143,2,9,3,6,9,6,9,15,10,3,0,0,2,11,0
39,7,5,19,5,0,4,1,0,0,0,1,14,0,0,4,5,143,1,9,3,6,9,6,8,16,10,4,0,0,1,11,30
93,7,5,11,5,0,4,1,0,0,0,13,2,0,0,4,5,143,2,8,2,5,8,5,9,15,9,3,0,0,2,10,30
20,6,4,17,4,0,4,1,0,0,0,11,4,0,0,4,5,143,1,8,2,5,8,4,8,14,9,3,0,0,2,11,15
27,6,5,15,4,0,4,1,0,0,0,6,9,0,0,4,5,143,2,7,2,6,7,4,7,14,8,3,0,0,2,11,0
8,6,5,19,4,0,3,1,0,0,0,4,11,0,0,4,5,143,2,7,2,6,7,3,6,13,7,3,0,0,1,11,30
34,4,4,17,3,0,3,1,1,0,0,6,9,0,0,4,5,143,1,6,3,6,6,3,6,13,8,5,0,0,2,11,15
52,4,4,11,3,0,2,1,1,0,0,11,4,0,0,4,5,143,1,6,4,6,6,4,5,13,7,5,0,0,2,10,30
47,2,2,9,4,0,2,1,1,0,0,11,4,0,0,4,5,143,1,4,4,4,4,4,7,13,8,6,0,0,2,10,15
28,2,2,13,5,0,2,0,1,0,0,1,14,0,0,4,5,143,1,3,3,3,3,3,8,12,8,7,0,0,2,10,45
57,2,2,5,5,0,1,0,1,0,0,0,15,0,0,4,5,143,1,3,3,3,3,2,7,11,7,6,0,0,2,9,45
-12,1,1,7,8,0,0,0,1,0,0,1,14,0,0,4,5,143,2,0,0,0,0,3,7,10,8,6,0,0,2,10,0
-21,0,0,5,7,0,0,0,1,0,0,8,7,0,0,4,5,143,0,0,0,0,0,6,8,9,9,6,0,0,2,9,45
-74,0,0,13,6,0,0,0,1,0,0,5,10,0,0,4,5,143,0,0,0,0,0,5,7,8,8,5,0,0,2,10,45
70,0,0,2,5,0,0,0,1,0,0,0,4,0,0,4,5,143,0,0,0,0,0,5,7,7,7,4,0,0,2,9,15
21,0,0,7,4,0,0,0,1,0,0,0,12,0,0,4,5,143,0,0,0,0,0,4,6,6,6,3,0,0,2,10,0
69,0,0,0,4,0,0,0,0,0,0,0,13,0,1,4,5,143,0,0,0,0,0,3,5,5,5,2,0,0,1,9,0
25,0,0,0,3,0,0,0,0,0,0,0,22,0,1,4,5,143,0,0,0,0,0,3,4,4,4,1,0,0,1,9,0
36,0,0,9,2,0,0,0,0,0,0,0,33,0,0,4,5,143,0,0,0,0,0,3,3,3,3,1,0,0,2,10,15
26,0,0,3,1,0,0,0,0,0,0,0,49,0,0,4,5,143,0,0,0,0,0,2,2,2,2,0,0,0,2,9,30
8,0,0,3,0,0,0,0,0,0,0,0,60,0,0,4,5,143,0,0,0,0,0,1,1,1,1,0,0,0,2,9,30
1,29,7,49,1,0,2,0,0,0,0,3,12,1,0,3,5,142,2,47,2,8,10,3,4,12,2,1,7,3,2,17,30
18,27,6,47,2,0,2,0,0,0,0,10,5,0,0,3,5,142,2,45,4,7,11,3,6,13,3,1,6,2,2,17,15
17,26,5,45,2,0,1,0,0,0,0,7,8,0,0,3,5,142,1,45,5,7,12,2,6,13,3,1,5,1,2,17,0
10,25,4,45,2,0,1,0,0,0,1,9,6,0,0,3,5,142,2,43,4,5,12,1,7,12,3,2,5,0,2,17,0
64,22,2,35,4,0,0,1,0,0,3,4,11,0,0,3,5,142,2,38,0,4,8,6,8,13,7,3,5,0,2,15,45
-14,22,2,43,4,0,0,1,0,0,2,1,14,0,0,3,5,142,2,38,0,4,8,5,8,12,6,2,5,0,2,16,45
5,21,1,41,3,0,0,1,0,0,2,13,2,0,0,3,5,142,1,38,0,4,8,4,7,11,6,2,5,0,2,16,30
18,21,2,37,3,0,0,1,0,0,1,8,7,0,0,3,5,142,0,38,0,5,9,4,7,10,6,2,5,1,2,16,0
9,21,2,43,2,0,0,1,0,0,1,7,8,0,0,3,5,142,0,38,1,5,9,3,7,10,5,1,5,2,2,16,45
7,21,2,39,1,0,0,1,0,0,1,2,13,0,0,3,5,142,0,38,1,6,9,3,6,10,4,0,5,2,2,16,15
-22,21,2,41,1,0,0,1,0,0,0,25,5,0,0,3,5,142,0,38,5,7,12,4,6,10,3,0,5,2,2,16,30
29,21,2,34,1,0,0,1,0,0,0,19,11,0,0,3,5,142,1,37,5,6,12,4,6,9,2,0,5,2,2,15,30
7,20,1,32,1,0,1,1,0,0,1,1,29,0,0,3,5,142,2,34,3,4,11,4,5,10,3,1,5,2,1,15,0
-20,19,0,39,1,0,1,0,0,0,1,12,3,0,0,3,5,142,0,34,3,4,12,3,4,9,4,1,4,2,2,16,15
-125,19,0,47,2,0,1,0,0,0,0,7,8,0,0,3,5,142,1,33,2,4,11,3,4,8,3,1,3,1,2,17,15
-151,19,0,49,4,0,0,0,0,0,0,7,8,1,0,3,5,142,2,31,1,4,11,2,5,7,3,1,3,0,2,17,30
-14,19,2,30,3,0,0,0,0,0,0,9,6,0,0,3,5,142,0,31,2,6,13,1,4,9,4,2,3,0,2,14,45
27,19,4,29,3,0,0,0,0,0,1,22,23,0,0,3,5,142,1,29,4,7,13,3,5,11,4,2,3,0,2,14,30
-16,19,4,32,2,0,0,0,0,0,1,20,25,0,0,3,5,142,1,29,4,8,14,2,4,10,3,1,3,0,1,15,0
-57,19,4,30,2,0,0,0,1,0,0,13,32,0,0,3,5,142,1,28,4,8,13,2,3,11,3,1,3,0,2,14,45
-80,17,5,35,3,0,1,0,1,0,0,2,13,0,0,3,5,142,2,25,4,7,14,2,6,13,4,3,3,1,2,15,45
-17,17,6,28,3,0,2,0,1,0,0,8,7,0,0,3,5,142,2,23,3,6,12,1,6,12,5,3,3,1,1,14,15
-166,15,7,37,5,0,1,1,1,0,0,7,8,0,0,3,5,142,2,20,3,7,12,5,10,17,7,4,2,2,2,16,0
-14,15,7,27,4,0,1,1,1,0,0,5,10,0,0,3,5,142,2,20,3,7,12,4,9,16,6,3,2,1,1,13,30
2,13,6,24,5,0,0,1,1,0,1,27,3,0,0,3,5,142,2,18,2,6,10,4,8,15,7,3,2,1,1,13,0
4,12,7,21,5,0,0,0,1,0,1,17,13,0,0,3,5,142,1,18,3,7,11,5,8,14,7,3,2,1,1,12,30
16,11,6,26,6,0,0,0,0,0,1,13,17,0,0,3,5,142,1,17,3,6,11,4,7,13,7,4,2,1,1,13,15
20,11,6,19,6,0,0,0,0,0,0,2,28,0,0,3,5,142,1,17,4,7,11,5,7,14,6,3,2,1,2,12,0
41,10,6,23,7,0,0,0,0,0,0,3,12,0,0,3,5,142,2,15,4,6,12,5,9,14,6,4,2,2,2,12,45
4,10,6,21,6,0,0,0,0,0,0,3,12,0,0,3,5,142,2,15,4,6,12,4,9,13,5,3,1,2,1,12,30
62,10,6,19,6,0,0,0,0,0,0,12,3,0,0,3,5,142,3,14,3,6,11,3,8,12,4,3,1,1,2,12,0
-13,9,5,24,5,0,0,0,0,0,0,12,3,0,0,3,5,142,2,13,3,6,11,2,7,11,4,3,1,1,1,13,0
12,5,1,16,6,0,1,0,0,0,0,5,10,0,0,3,5,142,1,11,2,3,10,5,7,13,7,2,1,1,2,11,30
29,5,2,17,6,0,1,0,0,0,0,3,12,0,0,3,5,142,1,10,2,4,9,6,8,14,7,3,1,1,2,11,45
6,5,3,15,5,0,1,0,0,0,0,1,14,0,0,3,5,142,1,10,2,4,9,5,7,13,6,2,1,1,1,11,15
-34,5,3,17,5,0,0,0,0,0,0,11,4,0,0,3,5,142,1,10,2,6,10,4,7,12,5,2,1,1,2,11,45
53,4,3,10,5,0,0,0,0,0,0,6,9,0,0,3,5,142,1,9,1,6,9,3,6,12,5,1,0,1,1,10,30
75,4,3,13,4,0,0,0,0,0,0,3,12,0,0,3,5,142,1,9,2,6,9,2,5,11,4,1,0,0,1,10,45
33,4,4,14,4,0,0,0,0,0,0,9,6,0,0,3,5,142,2,8,2,6,8,2,4,10,3,0,0,0,1,11,0
37,4,4,8,5,0,0,0,0,0,0,10,5,0,0,3,5,142,2,6,4,5,6,3,7,10,4,1,0,0,3,10,15
84,4,4,8,4,0,0,0,0,0,0,8,7,0,0,3,5,142,2,6,4,5,6,3,6,11,3,1,0,0,3,10,15
-11,2,2,10,4,0,0,0,0,0,0,13,2,0,0,3,5,142,1,5,3,5,5,2,6,10,4,3,0,0,1,10,30
37,0,0,2,5,0,0,1,0,0,0,8,7,0,0,3,5,142,1,2,1,2,2,4,6,9,6,3,0,0,2,9,30
10,0,0,4,4,0,0,1,0,0,0,12,3,0,0,3,5,142,1,2,2,2,2,4,5,8,5,2,0,0,2,9,45
44,0,0,0,3,0,0,1,0,0,0,10,5,0,1,3,5,142,1,2,2,2,2,3,4,7,4,1,0,0,1,9,0
-5,0,0,10,3,0,0,1,0,0,0,5,10,0,0,3,5,142,1,1,1,1,1,3,4,6,4,2,0,0,1,10,30
-16,0,0,6,2,0,0,1,0,0,0,7,8,0,0,3,5,142,0,1,1,1,1,2,5,5,4,2,0,0,2,10,0
2,0,0,6,2,0,0,1,0,0,0,0,8,0,0,3,5,142,0,0,0,0,0,1,4,4,4,2,0,0,2,10,0
-33,0,0,4,1,0,0,1,0,0,0,0,39,0,0,3,5,142,0,0,0,0,0,3,3,3,3,1,0,0,2,9,45
-5,0,0,2,1,0,0,0,0,0,0,0,51,0,0,3,5,142,0,0,0,0,0,2,2,2,2,1,0,0,2,9,30
-20,0,0,1,0,0,0,0,0,0,0,0,52,0,0,3,5,142,0,0,0,0,0,1,1,1,1,0,0,0,2,9,15
-7,32,4,47,0,0,0,2,0,0,0,2,28,1,0,2,5,141,0,45,2,6,12,2,4,8,3,2,7,2,1,17,30
53,32,5,45,0,0,1,1,0,0,0,0,15,0,0,2,5,141,1,44,3,7,13,1,4,9,2,1,6,3,1,17,0
13,28,3,45,5,0,1,0,0,0,0,11,19,0,0,2,5,141,2,39,2,5,12,4,6,11,5,3,6,2,1,17,0
52,28,4,39,5,0,0,0,0,0,0,4,26,0,0,2,5,141,2,39,2,6,13,3,5,11,4,2,5,2,2,15,45
-27,27,4,42,5,0,0,0,0,0,0,7,8,0,0,2,5,141,1,38,3,7,13,2,5,10,5,3,4,1,1,16,30
29,27,6,40,4,0,1,0,0,0,0,13,2,0,0,2,5,141,1,37,3,7,13,3,5,9,5,3,4,0,2,16,0
30,25,5,37,4,0,2,0,0,0,0,6,9,0,0,2,5,141,1,35,4,7,13,3,7,10,6,4,4,1,1,15,30
60,25,5,36,3,0,2,1,0,0,0,14,1,0,0,2,5,141,2,34,4,7,12,3,6,9,5,3,4,1,2,15,15
16,24,6,40,3,0,2,1,0,0,0,1,14,0,0,2,5,141,2,33,4,7,11,4,6,10,5,3,4,1,2,16,0
24,22,5,34,4,0,1,2,0,0,0,2,13,0,0,2,5,141,1,31,3,7,9,4,5,12,7,5,4,1,1,15,0
-42,21,6,42,4,0,1,3,0,0,0,6,9,0,0,2,5,141,2,29,3,6,8,4,5,11,7,5,4,1,1,16,30
-1,21,6,34,3,0,1,3,0,0,0,1,14,0,0,2,5,141,2,29,3,7,9,3,4,11,6,4,4,1,1,15,0
189,20,5,20,3,0,0,3,0,0,0,11,4,0,0,2,5,141,0,29,4,7,10,2,4,10,7,5,3,1,2,12,30
-63,20,7,37,3,0,0,3,1,0,0,37,8,0,0,2,5,141,2,27,4,5,11,2,5,11,6,5,3,0,1,15,30
20,17,4,32,5,0,0,3,2,0,0,10,35,0,0,2,5,141,3,23,1,2,9,3,7,14,8,6,3,0,2,14,45
15,15,2,32,6,0,0,2,2,0,0,0,45,0,0,2,5,141,2,22,0,2,10,3,7,13,9,6,3,0,2,14,45
23,13,1,28,5,0,0,2,2,0,0,12,3,0,0,2,5,141,0,22,0,5,11,5,6,14,10,6,3,0,1,13,15
31,13,2,30,5,0,0,1,2,0,0,7,8,0,0,2,5,141,0,22,1,6,11,4,7,13,9,6,3,2,1,14,15
32,13,3,29,4,0,0,1,1,0,0,8,7,0,0,2,5,141,0,22,4,7,13,4,9,14,8,5,3,2,1,13,30
66,13,3,26,4,0,0,1,1,0,0,8,7,0,0,2,5,141,0,22,4,7,13,4,9,14,8,5,3,2,1,13,0
18,13,4,31,3,0,0,1,1,0,0,3,12,0,0,2,5,141,0,22,4,8,14,2,7,13,6,4,3,2,2,14,30
50,13,5,26,2,0,1,1,1,0,0,3,12,0,0,2,5,141,1,21,5,9,14,3,7,13,5,4,3,2,1,13,0
-3,11,4,20,5,0,1,2,1,0,0,11,4,0,0,2,5,141,2,16,2,5,13,6,8,15,8,6,2,2,2,12,30
-15,11,4,24,5,0,0,2,1,0,0,10,5,0,0,2,5,141,2,16,2,5,13,5,7,14,7,6,1,1,2,12,45
65,11,5,18,4,0,0,2,1,0,0,2,13,0,0,2,5,141,2,16,4,6,13,4,6,14,6,5,1,0,4,12,15
69,11,5,20,4,0,0,2,0,0,0,1,14,0,0,2,5,141,2,16,4,7,13,3,5,14,5,5,1,0,2,12,30
117,11,5,20,4,0,0,1,0,0,0,0,15,0,0,2,5,141,2,16,4,7,13,2,5,13,4,4,1,0,2,12,30
31,9,4,24,4,0,0,1,1,0,0,1,14,0,0,2,5,141,2,14,2,6,12,3,6,13,5,4,1,1,2,12,45
4,8,5,18,6,0,0,0,1,0,0,8,7,0,0,2,5,141,2,12,3,7,10,4,7,13,6,4,1,1,4,12,15
8,7,4,15,5,0,0,0,1,0,0,6,9,0,0,2,5,141,1,12,4,7,10,3,6,12,6,4,1,1,1,11,30
12,6,3,17,7,0,0,0,1,0,0,1,14,0,0,2,5,141,3,9,3,6,9,4,9,12,6,4,1,1,2,12,0
59,6,3,11,6,0,0,0,1,0,0,10,5,0,0,2,5,141,2,9,3,7,9,3,8,11,6,4,0,1,1,11,0
49,6,4,11,6,0,0,0,1,0,0,4,11,0,0,2,5,141,3,8,3,6,8,4,8,10,5,3,0,0,1,11,0
-10,5,3,16,6,0,0,0,0,0,0,14,1,0,0,2,5,141,2,8,4,6,8,4,7,9,5,4,0,0,1,11,45
34,4,3,7,7,0,0,0,0,0,0,9,6,0,0,2,5,141,2,6,4,4,6,6,7,10,6,6,0,0,2,10,30
-18,3,2,14,7,0,0,0,0,0,0,4,11,0,0,2,5,141,1,5,3,3,5,5,6,10,7,5,0,0,1,11,15
-24,3,2,11,7,0,0,0,0,0,0,0,15,0,0,2,5,141,1,4,2,3,4,4,5,9,7,4,0,0,1,11,0
37,3,2,9,7,0,0,0,0,0,0,21,9,0,0,2,5,141,2,3,1,3,3,3,5,9,6,3,0,0,3,10,45
2,3,3,9,6,0,0,0,0,0,0,16,14,0,0,2,5,141,1,3,1,3,3,3,4,9,6,3,0,0,3,10,45
-389,3,3,44,6,0,0,0,0,0,0,9,21,0,0,2,5,141,2,2,0,2,2,2,3,8,5,2,0,0,2,16,45
38,1,1,3,5,0,0,0,0,0,0,4,11,0,0,2,5,141,0,2,2,2,2,2,3,8,6,4,0,0,2,9,45
-9,1,1,7,6,0,0,0,0,0,0,12,18,0,0,2,5,141,1,0,0,0,0,1,4,7,6,4,0,0,2,10,30
-32,0,0,3,5,0,0,0,0,0,0,0,24,0,0,2,5,141,0,0,0,0,0,4,6,6,6,4,0,0,2,9,45
4,0,0,0,4,0,0,0,0,0,0,0,35,0,1,2,5,141,0,0,0,0,0,4,5,5,5,4,0,0,2,9,0
23,0,0,5,3,0,0,0,0,0,0,0,37,0,0,2,5,141,0,0,0,0,0,3,4,4,4,4,0,0,2,10,15
-13,0,0,5,2,0,0,0,0,0,0,0,52,0,0,2,5,141,0,0,0,0,0,3,3,3,3,3,0,0,2,10,15
23,0,0,1,1,0,0,0,0,0,0,0,55,0,0,2,5,141,0,0,0,0,0,2,2,2,2,2,0,0,2,9,30
10,0,0,1,0,0,0,0,0,0,0,0,69,0,0,2,5,141,0,0,0,0,0,1,1,1,1,1,0,0,2,9,30
77,30,3,40,1,0,0,1,0,0,1,10,5,0,0,6,5,138,1,43,4,4,11,3,4,8,3,0,3,1,3,16,30
24,28,2,45,3,0,1,0,0,0,1,5,10,0,0,6,5,138,1,40,1,3,10,3,4,9,5,2,3,1,1,17,0
-46,27,1,46,3,0,0,0,0,0,1,0,15,1,0,6,5,138,0,40,1,4,10,2,4,8,5,3,2,1,1,17,30
29,27,1,42,3,0,0,1,0,0,0,5,10,0,0,6,5,138,1,39,0,3,9,2,5,7,4,2,2,0,1,16,45
20,27,3,39,2,0,0,1,0,0,0,9,6,0,0,6,5,138,0,39,3,7,10,2,4,9,4,3,2,0,2,16,15
9,26,4,42,2,0,0,2,0,0,0,2,13,0,0,6,5,138,1,37,4,7,11,3,5,10,4,2,2,0,1,16,45
9,26,4,35,2,0,0,2,0,0,0,6,9,0,0,6,5,138,1,36,5,6,10,2,4,9,4,3,2,0,1,15,30
-19,26,4,40,2,0,0,1,0,0,0,5,10,0,0,6,5,138,1,36,5,6,10,1,3,8,3,3,2,0,3,16,30
23,24,4,31,6,0,0,1,0,0,0,14,1,0,0,6,5,138,3,31,2,3,10,2,6,9,5,3,2,0,2,14,45
31,24,4,37,5,0,0,1,0,0,0,14,1,0,0,6,5,138,3,31,2,3,11,1,5,8,4,3,2,0,1,16,0
-81,21,3,42,7,0,0,0,0,0,0,39,6,0,0,6,5,138,1,29,2,5,12,4,6,10,7,3,2,0,1,16,45
-43,21,3,34,6,0,0,0,0,0,0,36,9,0,0,6,5,138,1,29,2,5,12,3,5,9,6,2,2,0,1,15,15
-1,20,4,32,5,0,0,0,0,0,0,26,19,0,0,6,5,138,0,29,3,6,13,3,5,9,6,1,2,0,1,15,0
9,20,5,30,5,0,0,0,0,0,0,15,30,0,0,6,5,138,1,28,4,7,14,3,4,10,5,0,2,0,1,14,30
18,19,5,32,5,0,0,0,0,0,0,5,40,0,0,6,5,138,1,27,3,8,15,2,3,12,5,0,2,0,1,15,0
26,18,6,29,7,0,0,0,0,0,0,1,14,0,0,6,5,138,2,24,3,7,14,2,4,16,6,2,2,0,1,14,15
-9,16,4,28,6,0,1,0,0,0,0,1,14,0,0,6,5,138,1,23,4,7,14,1,4,16,7,2,2,0,1,13,30
61,13,2,26,7,0,2,1,0,0,0,11,4,0,0,6,5,138,1,19,3,7,14,4,13,19,10,4,2,0,1,13,15
161,12,1,12,7,0,2,2,0,0,0,5,10,0,0,6,5,138,2,17,3,6,12,4,13,19,10,5,2,1,2,11,15
38,12,1,25,6,0,2,2,0,0,0,14,1,0,0,6,5,138,2,17,3,7,13,5,12,18,9,5,2,1,2,13,0
5,12,3,26,6,0,2,2,0,0,0,13,2,0,0,6,5,138,1,16,4,7,13,8,12,19,10,6,2,1,1,13,15
22,12,3,21,7,0,1,2,0,0,1,7,8,0,0,6,5,138,2,14,2,6,11,9,11,18,10,6,2,1,2,12,30
17,12,4,23,6,0,1,2,0,0,1,3,12,0,0,6,5,138,2,14,3,7,12,9,10,17,9,6,2,1,1,12,45
41,12,4,17,6,0,0,2,0,0,1,0,15,0,0,6,5,138,1,14,4,7,12,8,10,16,9,6,2,1,2,12,0
-12,11,4,19,6,0,0,1,0,0,1,7,8,0,0,6,5,138,0,14,4,7,13,7,10,15,9,5,2,2,2,12,15
11,11,5,14,7,0,0,1,0,0,1,5,10,0,0,6,5,138,2,12,3,5,11,6,10,14,8,4,2,2,1,11,30
17,11,5,23,6,0,0,1,0,0,1,2,13,0,0,6,5,138,2,12,3,6,11,6,9,14,7,4,2,2,1,12,45
-37,11,5,21,5,0,0,1,0,0,1,14,1,0,0,6,5,138,1,12,3,6,11,5,8,13,7,5,2,2,2,12,30
-15,11,5,17,4,0,0,1,0,0,1,12,3,0,0,6,5,138,0,12,3,7,11,4,8,13,7,4,2,2,2,12,0
-15,11,5,16,4,0,0,1,0,0,0,11,4,0,0,6,5,138,0,12,3,7,11,3,7,12,6,4,2,2,2,11,45
-181,11,6,36,3,0,0,1,0,0,0,7,8,0,0,6,5,138,0,12,4,7,12,2,6,11,5,3,1,2,2,15,45
-14,10,5,19,4,0,0,2,0,0,0,3,12,0,0,6,5,138,2,9,2,6,9,4,7,10,5,3,1,1,2,12,15
60,8,6,14,4,0,1,2,0,0,0,11,14,0,0,6,5,138,2,7,3,5,7,5,7,11,6,4,1,1,1,11,30
15,8,6,10,4,0,0,2,0,0,0,3,22,0,0,6,5,138,2,7,3,6,7,5,6,11,5,3,0,1,1,10,35
-271,6,5,37,3,0,0,2,0,0,0,0,25,0,0,6,5,138,0,7,3,6,7,4,5,12,6,3,0,0,1,16,0
28,6,5,9,3,0,0,3,0,0,0,13,2,0,0,6,5,138,2,5,2,4,5,4,6,11,5,3,0,0,1,10,30
53,5,4,3,2,0,0,3,0,0,0,6,9,0,0,6,5,138,1,5,3,5,5,3,5,11,5,3,0,0,2,9,45
85,5,5,11,3,0,0,2,0,0,0,12,3,0,0,6,5,138,1,4,3,4,4,2,4,10,5,4,0,0,2,11,0
-55,4,4,12,4,0,0,1,0,0,0,13,2,0,0,6,5,138,1,3,2,3,3,3,3,9,5,3,0,0,2,11,15
68,1,1,5,5,0,0,1,0,0,0,5,10,0,0,6,5,138,0,1,1,1,1,2,7,8,7,3,0,0,2,10,0
19,1,1,2,4,0,0,1,0,0,0,14,1,0,0,6,5,138,0,1,1,1,1,1,6,7,6,2,0,0,2,9,30
12,0,0,3,4,0,0,1,0,0,0,0,2,0,0,6,5,138,0,0,0,0,0,5,6,6,6,2,0,0,2,9,45
11,0,0,7,4,0,0,0,0,0,0,0,8,0,0,6,5,138,0,0,0,0,0,5,5,5,5,2,0,0,1,10,15
1,0,0,5,3,0,0,0,0,0,0,0,19,0,0,6,5,138,0,0,0,0,0,4,4,4,4,1,0,0,2,10,0
37,0,0,0,2,0,0,0,0,0,0,0,23,0,1,6,5,138,0,0,0,0,0,3,3,3,3,1,0,0,1,9,0
21,0,0,7,1,0,0,0,0,0,0,0,24,0,0,6,5,138,0,0,0,0,0,2,2,2,2,1,0,0,1,10,15
2,0,0,1,0,0,0,0,0,0,0,0,35,0,0,6,5,138,0,0,0,0,0,1,1,1,1,1,0,0,1,9,15
93,32,3,44,2,0,0,1,0,0,0,25,5,0,0,5,5,137,1,49,3,5,11,1,1,10,3,2,7,1,3,16,30
38,29,3,47,4,0,1,2,0,0,0,9,6,0,0,5,5,137,2,44,4,6,12,5,9,15,6,3,7,2,2,16,45
24,29,5,52,4,0,1,2,0,0,0,4,11,1,0,5,5,137,2,43,3,6,11,4,9,14,6,3,7,2,1,17,30
11,29,5,44,3,0,1,2,0,0,0,4,11,0,0,5,5,137,2,43,3,6,11,3,8,13,5,3,7,2,3,16,30
31,28,4,50,3,0,2,2,0,0,0,6,9,0,0,5,5,137,3,41,3,5,10,5,8,13,5,3,7,2,1,17,0
-41,27,4,50,4,0,1,2,0,0,0,13,2,0,0,5,5,137,3,40,2,5,10,5,7,12,5,3,6,2,1,17,0
15,26,3,47,4,0,1,1,0,0,0,4,11,0,0,5,5,137,0,40,3,5,11,5,6,12,7,5,6,1,2,16,45
-35,26,3,44,3,0,1,1,0,0,0,2,13,0,0,5,5,137,0,40,3,5,12,4,6,11,6,5,6,1,3,16,30
-16,26,3,47,3,0,1,1,0,0,0,12,3,0,0,5,5,137,1,39,3,4,11,4,7,10,5,4,6,2,2,16,45
-26,26,3,43,3,0,1,1,0,0,0,3,12,0,0,5,5,137,2,38,2,4,10,3,7,10,4,3,5,2,3,16,15
26,25,2,38,3,0,0,1,0,0,0,6,9,0,0,5,5,137,1,38,3,6,11,2,6,10,4,3,5,1,2,15,30
43,24,1,38,4,0,0,0,0,0,0,14,1,0,0,5,5,137,1,37,2,5,12,4,6,9,4,2,5,2,2,15,30
22,23,2,35,4,0,0,1,0,0,0,3,12,0,0,5,5,137,1,35,3,7,15,4,6,11,5,3,5,2,1,15,0
17,23,2,40,3,0,0,1,0,0,0,1,14,0,0,5,5,137,1,35,3,7,15,4,5,10,4,3,4,2,1,15,45
64,23,2,31,2,0,0,1,0,0,0,14,1,0,0,5,5,137,0,35,3,7,15,3,4,9,4,3,4,1,1,14,15
-37,23,2,40,1,0,0,1,0,0,0,12,3,0,0,5,5,137,0,35,4,7,15,2,3,8,3,3,4,1,1,15,45
-31,23,4,37,3,0,0,1,0,0,0,3,12,0,0,5,5,137,2,32,4,6,14,2,4,9,3,3,3,2,2,15,15
-29,23,5,35,5,0,0,0,0,0,0,22,23,0,0,5,5,137,2,30,3,9,15,3,6,12,4,4,3,1,1,15,0
13,21,6,33,5,0,0,0,0,0,1,6,39,0,0,5,5,137,2,28,3,8,15,3,6,13,5,4,3,1,2,14,45
-28,20,5,33,5,0,0,0,0,0,1,1,44,0,0,5,5,137,1,27,2,8,14,3,5,12,6,3,2,1,2,14,45
34,19,7,29,4,0,0,2,0,0,1,8,7,0,0,5,5,137,2,25,5,8,16,4,7,13,6,3,2,1,1,13,15
-146,19,7,42,4,0,0,2,0,0,0,4,11,0,0,5,5,137,2,25,5,8,16,3,6,13,5,3,2,1,1,16,0
-21,18,7,32,4,0,0,2,0,0,0,8,7,0,0,5,5,137,1,24,5,9,17,3,7,13,6,5,2,1,2,14,30
21,17,8,30,7,0,0,2,0,0,0,12,3,0,0,5,5,137,4,20,3,7,15,2,8,14,6,5,2,1,1,13,30
33,15,7,27,7,0,0,2,0,0,0,10,5,0,0,5,5,137,3,19,4,7,16,4,7,16,7,5,2,1,1,13,0
67,12,6,21,7,0,0,3,0,0,0,11,4,0,0,5,5,137,1,17,4,7,14,6,8,15,10,7,2,1,2,12,15
48,12,6,21,7,0,0,2,0,0,0,8,7,0,0,5,5,137,1,17,4,8,14,5,7,14,9,6,1,1,2,12,15
48,12,7,17,7,0,0,2,0,0,0,1,14,0,0,5,5,137,2,16,3,7,13,4,7,13,8,5,1,0,1,11,30
37,11,8,20,6,0,0,3,0,0,0,9,6,0,0,5,5,137,2,15,3,8,12,3,7,14,8,5,1,0,3,12,0
-16,10,7,24,6,0,0,2,0,0,0,1,14,0,0,5,5,137,1,15,4,10,13,3,7,17,8,5,1,0,1,12,30
-4,9,6,27,7,0,0,1,0,0,0,13,2,0,0,5,5,137,1,14,4,9,12,2,7,16,8,6,1,0,1,13,0
10,7,5,24,7,0,0,2,0,0,0,5,10,0,0,5,5,137,1,12,6,9,11,5,9,16,9,7,1,1,1,12,30
3,6,5,26,6,0,1,2,0,0,1,12,3,0,0,5,5,137,2,10,5,7,10,5,8,17,9,7,1,1,2,12,45
36,6,5,19,5,0,1,2,0,0,2,6,9,0,0,5,5,137,3,9,4,6,9,6,7,17,8,6,1,1,1,11,45
41,5,4,17,4,0,1,2,0,0,2,1,14,0,0,5,5,137,1,9,4,6,9,5,6,17,9,6,1,1,1,11,30
44,3,2,15,5,0,2,2,0,0,2,5,10,0,0,5,5,137,2,6,3,3,6,5,10,18,10,5,1,1,2,11,15
-70,3,2,21,5,0,2,2,0,0,2,14,1,0,0,5,5,137,3,5,2,3,5,4,10,17,9,5,1,1,2,12,15
12,3,2,11,5,0,2,2,0,0,1,11,4,0,0,5,5,137,3,5,2,3,5,3,9,16,8,4,1,1,2,10,45
18,3,2,11,5,0,2,2,0,0,0,11,4,0,0,5,5,137,3,5,2,3,5,2,8,15,7,4,0,1,2,10,45
26,2,1,9,5,0,2,3,0,0,0,12,3,0,0,5,5,137,4,3,0,2,3,2,7,14,7,4,0,0,2,10,30
63,1,1,7,4,0,2,3,0,0,0,13,2,0,0,5,5,137,2,3,2,3,3,6,11,13,8,4,0,0,2,10,15
28,1,1,13,3,0,2,3,0,0,0,10,5,0,0,5,5,137,2,3,2,3,3,5,10,12,7,3,0,0,2,11,0
96,1,1,3,3,0,2,2,0,0,0,8,7,0,0,5,5,137,2,3,2,3,3,4,10,11,6,2,0,0,2,9,45
31,1,1,15,3,0,2,1,0,0,0,7,8,0,0,5,5,137,2,3,2,3,3,3,10,10,5,1,0,0,2,11,15
27,1,1,5,3,0,1,1,0,0,0,5,10,0,0,5,5,137,2,3,2,3,3,2,9,9,4,1,0,0,2,10,0
46,1,1,13,2,0,1,1,0,0,0,4,11,0,0,5,5,137,2,3,2,3,3,2,8,8,3,1,0,0,2,11,0
-13,1,1,7,4,0,1,0,0,0,0,20,10,0,0,5,5,137,0,1,1,1,1,7,7,7,6,2,0,0,2,10,15
75,1,1,0,3,0,1,0,0,0,0,19,11,0,1,5,5,137,0,1,1,1,1,6,6,6,5,2,0,0,1,9,0
-5,1,1,2,4,0,0,0,0,0,0,15,15,0,0,5,5,137,1,0,0,0,0,5,5,5,4,2,0,0,2,9,30
-23,1,1,3,3,0,0,0,0,0,0,8,22,0,0,5,5,137,1,0,0,0,0,4,4,4,3,2,0,0,2,9,45
-21,1,1,5,2,0,0,0,0,0,0,4,26,0,0,5,5,137,1,0,0,0,0,3,3,3,2,1,0,0,2,10,0
-43,0,0,9,1,0,0,0,0,0,0,0,6,0,0,5,5,137,0,0,0,0,0,2,2,2,2,1,0,0,2,10,30
2,0,0,0,0,0,0,0,0,0,0,0,8,0,1,5,5,137,0,0,0,0,0,1,1,1,1,0,0,0,1,9,0
33,35,3,45,3,0,0,4,0,0,0,8,7,0,0,4,5,136,1,39,1,3,8,2,3,11,7,3,5,1,1,17,15
52,34,3,42,2,0,0,4,0,0,1,15,15,0,0,4,5,136,1,38,2,4,8,1,4,11,7,2,5,1,1,16,45
-53,32,2,44,4,0,0,4,0,0,0,11,4,0,0,4,5,136,0,36,2,4,11,3,7,12,9,2,5,3,1,17,0
-24,32,3,46,4,0,0,3,0,0,0,3,12,1,0,4,5,136,0,36,2,6,11,2,8,12,8,2,5,3,2,17,30
52,32,3,40,4,0,0,2,0,0,0,12,3,0,0,4,5,136,0,36,2,6,12,1,7,12,7,2,4,3,2,16,30
20,30,4,40,5,0,0,2,0,0,0,10,5,0,0,4,5,136,0,34,4,7,14,6,9,11,8,2,3,2,2,16,30
53,30,4,38,6,0,0,1,0,0,0,8,7,0,0,4,5,136,1,33,3,6,13,5,8,10,7,2,2,1,1,15,45
75,30,6,37,7,0,0,0,0,0,0,13,2,0,0,4,5,136,2,32,2,7,12,6,7,10,6,1,2,0,1,15,30
23,30,6,39,6,0,0,0,0,0,0,12,3,0,0,4,5,136,2,32,2,7,12,5,6,9,5,0,2,0,2,16,0
62,30,6,33,5,0,0,0,0,0,0,11,4,0,0,4,5,136,2,32,2,7,13,5,5,8,4,0,2,0,1,14,45
31,30,6,36,4,0,0,0,0,0,0,10,5,0,0,4,5,136,1,32,3,7,13,4,4,7,4,0,2,0,1,15,15
19,28,7,35,4,0,0,0,1,0,0,3,12,0,0,4,5,136,1,30,3,7,14,3,5,8,5,2,2,0,1,15,0
-5,28,7,33,3,0,0,0,1,0,0,43,2,0,0,4,5,136,1,30,4,7,14,2,4,8,4,2,2,0,1,14,45
35,28,7,32,2,0,0,0,1,0,0,41,4,0,0,4,5,136,1,30,5,8,14,1,3,7,3,2,2,0,2,14,30
23,24,6,31,4,0,2,0,1,0,0,7,38,0,0,4,5,136,2,25,3,8,11,2,3,9,6,3,2,0,1,14,15
57,23,5,27,4,0,1,0,1,0,0,3,42,0,0,4,5,136,1,25,4,8,11,1,3,8,6,3,2,0,1,13,0
47,20,6,27,6,0,2,1,1,0,0,8,7,0,0,4,5,136,2,20,4,5,10,3,7,13,9,5,2,1,1,13,0
36,18,5,30,9,0,2,1,0,0,0,4,11,0,0,4,5,136,3,17,1,3,10,4,6,13,10,7,2,1,1,13,30
-223,18,5,42,9,0,1,2,0,0,0,13,2,0,0,4,5,136,4,16,1,3,9,3,6,14,9,6,1,1,1,16,45
63,16,4,29,8,0,1,2,0,0,0,14,1,0,0,4,5,136,2,16,1,4,11,4,6,14,10,7,1,0,1,13,15
61,16,5,25,8,0,0,2,0,0,0,8,7,0,0,4,5,136,2,16,2,4,12,3,6,13,9,6,1,0,2,12,45
64,15,5,23,7,0,0,3,0,0,0,13,2,0,0,4,5,136,2,15,2,5,12,3,6,13,9,7,1,0,2,12,30
69,15,5,21,6,0,0,3,0,0,0,12,3,0,0,4,5,136,2,15,2,5,13,2,6,12,8,6,1,0,2,12,15
40,13,7,25,5,0,0,4,0,0,0,3,12,0,0,4,5,136,1,14,3,7,14,4,8,14,9,7,1,0,2,12,45
36,12,7,23,6,0,0,4,0,0,0,1,14,0,0,4,5,136,2,12,3,7,12,6,8,16,9,7,1,0,2,12,30
45,11,6,19,5,0,0,4,0,0,0,9,6,0,0,4,5,136,1,12,4,8,12,5,8,16,9,6,1,0,2,12,0
10,11,8,15,4,0,0,4,1,0,0,3,12,0,0,4,5,136,2,11,4,7,11,5,7,16,8,5,1,0,2,11,15
17,10,7,16,3,0,0,4,1,0,1,13,2,0,0,4,5,136,2,10,3,8,10,5,7,15,8,4,1,1,1,11,30
24,10,7,21,3,0,0,3,1,0,1,11,4,0,0,4,5,136,2,10,3,8,10,4,6,14,7,3,1,1,2,12,15
23,9,6,19,4,0,0,2,1,0,1,6,9,0,0,4,5,136,2,9,3,8,9,3,5,13,7,3,1,1,2,12,0
22,6,5,18,5,0,0,2,1,0,1,4,11,0,0,4,5,136,1,7,3,7,7,3,7,13,9,5,1,1,2,11,45
114,6,5,10,4,0,0,2,1,0,1,14,1,0,0,4,5,136,1,7,4,7,7,3,7,12,8,4,1,1,1,10,30
69,5,5,12,5,0,0,1,1,0,2,0,15,0,0,4,5,136,1,5,4,5,5,4,8,13,9,5,1,1,2,10,45
32,3,3,8,6,0,0,1,1,0,2,14,1,0,0,4,5,136,1,3,3,3,3,5,9,14,10,5,0,1,2,10,15
11,3,3,13,7,0,0,0,2,0,2,5,10,0,0,4,5,136,2,1,1,1,1,6,8,13,10,5,0,0,1,11,0
0,2,2,13,6,0,0,0,2,0,2,2,13,0,0,4,5,136,1,1,1,1,1,5,7,12,10,5,0,0,1,11,0
68,2,2,4,6,0,0,0,1,0,2,14,1,0,0,4,5,136,1,1,1,1,1,4,6,11,9,5,0,0,2,9,45
-72,1,1,16,7,0,0,0,1,0,1,2,13,0,0,4,5,136,1,0,0,0,0,5,6,10,9,5,0,0,1,11,30
10,1,1,10,6,0,0,0,1,0,1,10,5,0,0,4,5,136,1,0,0,0,0,4,5,9,8,4,0,0,1,10,30
27,0,0,6,5,0,0,0,1,0,1,7,8,0,0,4,5,136,0,0,0,0,0,3,4,8,8,4,0,0,2,10,0
19,0,0,8,4,0,0,0,1,0,1,11,4,0,0,4,5,136,0,0,0,0,0,2,5,7,7,4,0,0,2,10,15
-8,0,0,6,4,0,0,0,1,0,0,8,7,0,0,4,5,136,0,0,0,0,0,2,5,6,6,3,0,0,2,10,0
18,0,0,2,3,0,0,0,1,0,0,0,22,0,0,4,5,136,0,0,0,0,0,4,5,5,5,2,0,0,2,9,30
18,0,0,4,2,0,0,0,1,0,0,0,39,0,0,4,5,136,0,0,0,0,0,4,4,4,4,2,0,0,2,9,45
36,0,0,2,1,0,0,0,1,0,0,0,40,0,0,4,5,136,0,0,0,0,0,3,3,3,3,2,0,0,2,9,30
23,0,0,0,0,0,0,0,1,0,0,0,49,0,1,4,5,136,0,0,0,0,0,2,2,2,2,2,0,0,1,9,0
21,0,0,1,0,0,0,0,0,0,0,0,57,0,0,4,5,136,0,0,0,0,0,1,1,1,1,1,0,0,2,9,15
32,32,7,41,4,0,1,0,0,0,0,2,13,0,0,3,5,135,1,40,5,7,10,2,5,10,5,3,4,1,2,16,45
30,30,6,43,6,0,1,0,0,0,0,13,17,0,0,3,5,135,2,37,3,5,8,4,5,10,6,2,4,1,1,17,0
61,26,3,43,8,0,1,0,0,0,0,2,13,0,0,3,5,135,1,34,1,4,8,4,6,11,9,2,4,1,1,17,0
-10,26,3,45,7,0,1,0,0,0,0,0,15,1,0,3,5,135,1,34,1,4,8,3,5,10,8,2,3,1,1,17,15
48,26,3,37,6,0,1,0,0,0,0,14,1,0,0,3,5,135,1,34,2,4,8,2,4,9,7,2,3,0,2,16,0
56,25,2,35,7,0,0,0,0,0,0,10,5,0,0,3,5,135,1,33,2,4,8,3,5,10,7,1,3,1,2,15,45
24,24,3,37,7,0,0,0,0,0,0,39,6,0,0,3,5,135,1,32,2,4,9,2,5,9,7,1,3,1,2,16,0
22,24,3,39,6,0,0,0,0,0,0,38,7,0,0,3,5,135,1,32,2,5,9,2,4,8,6,1,3,1,2,16,15
11,23,4,39,6,0,1,0,0,0,0,9,36,0,0,3,5,135,1,30,3,4,11,3,6,8,7,1,3,1,2,16,15
-23,23,4,32,6,0,0,0,0,0,0,5,40,0,0,3,5,135,1,30,3,4,11,2,5,7,6,0,2,1,2,15,30
79,22,3,29,5,0,0,1,0,0,0,21,9,0,0,3,5,135,1,29,2,4,12,3,5,6,6,0,2,0,2,14,15
21,21,4,35,6,0,0,1,0,0,0,4,26,0,0,3,5,135,2,27,2,6,14,3,4,8,6,1,2,0,2,15,45
67,21,4,30,5,0,0,1,0,0,0,1,29,0,0,3,5,135,2,27,2,6,14,3,3,7,5,1,2,0,3,14,45
45,19,3,32,4,0,0,1,1,0,0,25,20,0,0,3,5,135,1,26,2,7,13,2,3,8,6,2,2,0,2,15,30
24,19,4,30,3,0,0,1,2,0,0,19,26,0,0,3,5,135,2,25,4,6,12,1,2,8,5,2,2,0,3,14,45
96,16,6,25,6,0,1,2,2,0,0,1,14,0,0,3,5,135,4,19,3,6,9,1,5,14,8,2,2,1,1,13,0
28,12,3,23,9,0,0,2,2,0,0,14,1,0,0,3,5,135,3,16,3,5,8,4,11,17,11,4,1,1,2,12,45
49,12,3,23,9,0,0,2,1,0,0,11,4,0,0,3,5,135,3,16,3,5,9,4,11,16,10,4,1,0,2,12,45
56,12,3,28,10,0,1,1,2,0,0,4,11,0,0,3,5,135,6,13,0,2,6,3,10,17,9,4,1,0,1,13,30
51,11,2,27,9,0,1,1,2,0,0,7,8,0,0,3,5,135,5,13,1,3,7,7,10,17,9,4,1,0,1,13,15
-138,10,2,32,8,0,1,1,2,0,0,14,1,0,0,3,5,135,4,13,2,3,9,8,9,16,9,4,1,0,2,15,30
5,10,2,22,7,0,1,1,2,0,0,4,11,0,0,3,5,135,3,13,2,4,10,7,8,15,9,5,1,0,2,12,30
56,10,2,25,6,0,1,1,2,0,0,4,11,0,0,3,5,135,3,13,2,4,10,6,7,15,8,5,1,0,1,13,0
48,10,2,18,5,0,1,1,2,0,0,3,12,0,0,3,5,135,3,13,2,4,10,5,6,14,7,4,1,0,2,12,0
-289,10,3,41,6,0,0,1,2,0,0,12,3,0,0,3,5,135,4,12,2,4,10,4,7,13,6,4,1,0,2,16,45
83,10,4,14,5,0,0,1,2,0,0,10,5,0,0,3,5,135,4,12,2,4,10,3,7,12,5,3,1,0,2,11,30
66,10,4,20,5,0,0,1,1,0,0,6,9,0,0,3,5,135,4,12,2,4,11,3,6,12,4,2,1,0,1,12,15
50,9,3,12,6,0,0,1,0,0,0,14,1,0,0,3,5,135,3,11,1,3,10,2,6,12,5,3,1,0,2,11,15
15,9,3,20,6,0,0,1,0,0,0,8,7,0,0,3,5,135,3,10,2,4,10,4,8,13,5,4,1,0,1,12,15
27,8,5,16,7,0,0,1,0,0,0,0,15,0,0,3,5,135,4,8,2,6,8,7,8,13,5,3,1,0,2,11,45
5,7,4,11,6,0,0,1,0,0,0,14,1,0,0,3,5,135,3,8,2,6,8,6,7,12,5,2,1,0,2,11,0
-16,6,3,14,5,0,0,1,0,0,0,11,4,0,0,3,5,135,2,8,2,6,8,5,6,11,5,2,1,0,2,11,30
44,6,5,10,4,0,0,1,0,0,0,3,12,0,0,3,5,135,1,8,3,7,8,4,6,11,5,2,1,0,1,10,45
41,6,6,6,5,0,0,0,0,0,0,9,6,0,0,3,5,135,1,7,3,6,7,3,6,12,5,1,1,1,1,10,0
-26,6,6,18,4,0,0,0,0,0,0,8,7,0,0,3,5,135,1,7,3,6,7,2,5,11,4,1,1,1,2,12,0
-37,6,6,12,3,0,0,0,0,0,0,4,11,0,0,3,5,135,1,7,4,7,7,2,5,10,3,1,1,1,2,11,15
-75,3,3,16,5,0,0,0,0,0,1,4,11,0,0,3,5,135,2,3,3,3,3,4,6,10,5,3,1,1,2,11,45
29,2,2,8,6,0,0,0,0,0,1,7,8,0,0,3,5,135,2,1,1,1,1,4,5,9,6,4,1,1,1,10,15
20,1,1,2,6,0,0,0,0,0,0,2,13,0,0,3,5,135,1,1,1,1,1,3,5,8,6,5,0,1,1,9,30
3,0,0,2,5,0,0,0,0,0,0,8,7,0,0,3,5,135,0,1,1,1,1,2,6,7,6,5,0,0,1,9,30
41,0,0,0,4,0,0,1,0,0,0,8,7,0,1,3,5,135,1,0,0,0,0,2,5,6,5,4,0,0,1,9,0
10,0,0,1,3,0,0,1,0,0,0,0,8,0,0,3,5,135,0,0,0,0,0,4,5,5,5,4,0,0,3,9,15
9,0,0,5,2,0,0,1,0,0,0,0,27,0,0,3,5,135,0,0,0,0,0,3,4,4,4,3,0,0,2,9,45
-25,0,0,2,2,0,0,0,0,0,0,0,32,0,0,3,5,135,0,0,0,0,0,3,3,3,3,2,0,0,1,9,30
-46,0,0,9,1,0,0,0,0,0,0,0,35,0,0,3,5,135,0,0,0,0,0,2,2,2,2,2,0,0,1,10,30
0,0,0,6,0,0,0,0,0,0,0,0,58,0,0,3,5,135,0,0,0,0,0,1,1,1,1,1,0,0,1,10,0
28,33,4,45,2,0,1,1,1,0,0,20,10,0,0,2,5,134,1,42,2,4,12,3,5,8,5,2,6,2,1,17,0
-19,33,5,45,3,0,1,1,1,0,0,10,5,0,0,2,5,134,3,40,2,6,10,4,4,10,4,2,5,2,1,17,0
35,33,5,43,3,0,1,1,0,0,0,9,6,0,0,2,5,134,3,40,2,6,10,3,3,9,3,1,5,1,1,16,15
44,30,3,44,4,0,1,1,0,0,0,1,14,0,0,2,5,134,2,38,2,6,9,2,4,12,5,3,5,1,2,16,45
58,30,3,39,4,0,0,1,0,0,0,11,4,0,0,2,5,134,2,38,4,6,9,1,4,11,4,3,4,2,2,15,45
6,27,2,41,6,0,1,2,0,0,0,0,15,0,0,2,5,134,2,33,3,3,10,3,9,11,8,3,4,2,1,16,0
-122,27,2,47,5,0,1,2,0,0,1,5,10,1,0,2,5,134,2,32,2,2,11,4,9,10,8,2,4,2,1,17,30
-1,27,2,36,5,0,0,2,0,0,1,29,1,0,0,2,5,134,2,32,2,3,11,4,8,12,7,2,3,2,1,15,15
-3,27,2,32,7,0,0,2,0,0,0,14,16,0,0,2,5,134,2,30,0,2,9,6,7,12,8,2,3,1,2,14,45
37,27,4,32,6,0,0,2,0,0,0,7,23,0,0,2,5,134,2,30,0,4,11,6,6,12,7,2,3,1,2,14,45
40,26,3,36,5,0,0,2,0,0,0,2,28,0,0,2,5,134,1,30,1,4,13,5,6,11,7,3,3,1,1,15,15
38,25,3,34,4,0,0,2,0,0,0,6,9,0,0,2,5,134,0,30,1,6,14,4,5,10,7,4,3,1,2,15,0
48,25,3,31,3,0,0,2,0,0,0,5,10,0,0,2,5,134,0,30,1,6,14,3,4,9,6,4,3,1,2,14,15
27,25,3,38,3,0,0,1,0,0,0,5,10,0,0,2,5,134,0,30,1,6,14,2,3,8,5,4,2,1,2,15,30
-20,25,5,34,3,0,0,0,0,0,0,27,3,0,0,2,5,134,0,30,2,7,15,1,2,7,4,3,2,0,2,15,0
-61,23,6,41,5,0,0,1,0,0,0,7,8,0,0,2,5,134,2,26,4,7,17,1,6,11,5,3,2,1,1,16,0
21,19,7,30,6,0,0,4,0,0,0,3,12,0,0,2,5,134,1,21,4,9,17,5,8,15,10,7,1,1,1,14,0
86,19,7,24,5,0,0,4,0,0,0,14,1,0,0,2,5,134,1,21,4,10,17,4,9,14,9,6,1,1,2,12,45
12,19,7,28,4,0,0,4,0,0,0,14,1,0,0,2,5,134,1,21,4,10,17,3,8,13,8,5,1,1,1,13,15
18,19,7,24,4,0,0,3,0,0,0,7,8,0,0,2,5,134,1,21,5,10,18,2,7,12,7,5,1,1,2,12,45
27,17,5,23,4,0,1,3,0,0,0,8,7,0,0,2,5,134,1,19,7,9,18,1,6,15,8,4,1,1,2,12,30
-11,12,6,29,9,0,1,4,0,0,0,6,9,0,0,2,5,134,1,12,3,8,12,5,10,17,14,6,1,1,1,13,30
-9,12,6,26,9,0,1,3,0,0,0,5,10,0,0,2,5,134,1,12,3,8,12,4,9,16,13,5,1,1,1,13,0
72,12,6,21,8,0,1,3,0,0,0,4,11,0,0,2,5,134,1,12,4,8,12,4,8,15,12,4,1,1,1,12,15
-202,12,6,39,8,0,0,3,0,0,0,3,12,0,0,2,5,134,1,12,4,8,12,3,7,14,11,3,0,1,2,15,45
10,12,6,21,8,0,0,3,0,0,0,2,13,0,0,2,5,134,2,11,3,7,11,2,6,13,10,2,0,0,1,12,15
50,9,8,19,9,0,0,3,1,0,0,4,11,0,0,2,5,134,2,8,4,7,8,5,9,15,12,3,0,0,2,12,0
12,9,8,26,8,0,0,3,1,0,0,1,14,0,0,2,5,134,2,8,4,7,8,4,8,14,11,3,0,0,1,13,0
29,9,8,18,8,0,0,2,1,0,0,13,2,0,0,2,5,134,2,8,5,7,8,3,7,13,10,2,0,0,2,11,45
59,7,6,16,10,0,1,1,1,0,0,4,11,0,0,2,5,134,3,5,2,5,5,3,8,12,11,2,0,0,1,11,30
-6,7,6,19,9,0,1,1,1,0,0,3,12,0,0,2,5,134,3,5,2,5,5,2,7,11,10,2,0,0,2,12,0
32,5,5,16,9,0,1,2,1,0,0,6,9,0,0,2,5,134,2,3,2,3,3,6,9,13,12,4,0,0,1,11,30
44,4,4,14,10,0,1,1,1,0,0,1,14,0,0,2,5,134,2,2,2,2,2,5,8,13,12,4,0,0,2,11,15
53,4,4,12,9,0,1,1,1,0,0,1,14,0,0,2,5,134,2,2,2,2,2,4,7,12,11,4,0,0,2,11,0
52,3,3,10,8,0,1,1,1,0,0,13,2,0,0,2,5,134,1,2,2,2,2,4,7,12,11,5,0,0,1,10,30
54,1,1,8,7,0,2,1,1,0,0,10,5,0,0,2,5,134,0,1,1,1,1,5,6,12,12,7,0,0,1,10,15
-19,1,1,14,7,0,1,1,1,0,0,8,7,0,0,2,5,134,0,1,1,1,1,4,5,11,11,7,0,0,2,11,15
57,1,1,12,7,0,1,1,1,0,0,0,15,0,0,2,5,134,1,0,0,0,0,4,5,10,10,6,0,0,2,11,0
38,0,0,11,6,0,1,1,1,0,0,2,13,0,0,2,5,134,0,0,0,0,0,3,6,10,10,5,0,0,2,10,45
106,0,0,0,5,0,1,1,1,0,0,12,3,0,1,2,5,134,0,0,0,0,0,2,5,9,9,5,0,0,1,9,0
68,0,0,6,5,0,1,1,0,0,0,1,14,0,0,2,5,134,0,0,0,0,0,1,5,8,8,5,0,0,2,10,0
51,0,0,6,4,0,1,1,0,0,0,1,14,0,0,2,5,134,0,0,0,0,0,4,6,7,7,5,0,0,2,10,0
65,0,0,8,3,0,1,1,0,0,0,0,3,0,0,2,5,134,0,0,0,0,0,4,5,6,6,4,0,0,1,10,15
65,0,0,2,2,0,1,1,0,0,0,0,9,0,0,2,5,134,0,0,0,0,0,3,5,5,5,3,0,0,2,9,30
44,0,0,4,2,0,1,0,0,0,0,0,24,0,0,2,5,134,0,0,0,0,0,3,4,4,4,3,0,0,2,9,45
53,0,0,2,1,0,1,0,0,0,0,0,30,0,0,2,5,134,0,0,0,0,0,2,3,3,3,2,0,0,2,9,30
3,0,0,4,0,0,1,0,0,0,0,0,45,0,0,2,5,134,0,0,0,0,0,2,2,2,2,1,0,0,2,9,45
68,0,0,1,0,0,0,0,0,0,0,0,66,0,0,2,5,134,0,0,0,0,0,1,1,1,1,1,0,0,2,9,15
6,31,3,47,1,0,1,0,0,0,0,5,25,1,0,6,5,131,0,45,4,4,8,2,5,9,3,2,3,1,1,17,30
8,30,3,45,3,0,1,0,0,0,0,0,15,0,0,6,5,131,1,42,1,4,7,3,5,9,4,3,2,1,1,17,0
-13,28,2,45,4,0,0,0,0,0,0,1,14,0,0,6,5,131,0,41,0,3,6,3,5,8,5,3,2,0,1,17,0
5,28,2,43,3,0,0,0,0,0,0,22,8,0,0,6,5,131,0,41,1,3,10,2,5,8,4,2,2,1,2,16,45
4,28,2,41,2,0,0,0,0,0,0,15,15,0,0,6,5,131,0,41,3,3,11,2,4,7,3,2,2,1,2,16,30
46,27,2,43,2,0,1,1,0,0,0,1,14,0,0,6,5,131,2,38,0,3,10,3,5,7,3,3,2,2,2,16,45
35,26,1,40,1,0,1,1,0,0,0,4,11,0,0,6,5,131,0,38,1,3,11,3,4,6,4,3,2,2,2,16,0
5,26,1,38,1,0,0,1,0,0,0,23,7,0,0,6,5,131,0,38,2,6,13,2,4,7,3,2,1,2,1,15,45
-6,26,3,38,1,0,0,0,0,0,0,11,19,0,0,6,5,131,0,38,3,8,14,2,3,6,2,1,0,1,1,15,45
-2,26,4,36,3,0,0,0,0,0,0,2,13,0,0,6,5,131,2,35,5,6,14,2,3,6,2,1,0,0,1,15,0
8,25,4,37,2,0,0,0,0,0,0,0,15,0,0,6,5,131,0,35,6,8,15,2,4,8,3,0,0,0,2,15,30
7,23,7,33,6,0,0,1,0,0,0,31,14,0,0,6,5,131,4,29,2,6,12,3,4,10,4,1,0,0,1,14,15
2,21,8,35,6,0,1,1,0,0,0,3,42,0,0,6,5,131,3,27,4,7,12,3,4,12,6,3,0,0,1,14,45
60,21,8,28,5,0,1,1,0,0,0,2,43,0,0,6,5,131,3,27,4,7,13,2,4,12,5,3,0,0,1,13,0
-117,17,5,41,6,0,1,2,0,0,0,7,8,0,0,6,5,131,2,24,4,6,13,2,6,14,8,3,0,0,2,16,30
27,14,4,28,8,0,1,2,0,0,0,13,2,0,0,6,5,131,2,21,2,5,12,5,8,17,10,6,0,0,1,13,0
-41,13,3,34,8,0,1,2,0,0,0,3,12,0,0,6,5,131,2,20,2,6,12,5,8,18,10,6,0,0,1,14,30
20,13,3,28,8,0,1,1,0,0,0,1,14,0,0,6,5,131,2,20,3,6,12,4,8,17,9,5,0,0,1,13,0
42,12,4,32,7,0,1,1,0,0,0,4,11,0,0,6,5,131,0,20,4,7,14,5,9,17,10,5,0,0,1,13,30
52,12,4,24,8,0,0,1,0,0,0,0,15,0,0,6,5,131,1,19,3,8,13,4,8,16,9,4,0,0,2,12,30
104,11,3,20,8,0,0,1,0,0,0,4,11,0,0,6,5,131,1,18,3,7,15,4,9,16,9,4,0,0,2,12,0
37,11,4,24,7,0,0,2,0,0,0,0,15,0,0,6,5,131,2,17,3,6,14,4,8,16,8,4,0,0,2,12,30
42,11,4,20,6,0,0,2,0,0,0,9,6,0,0,6,5,131,2,17,4,6,15,4,7,16,7,3,0,0,2,12,0
7,10,3,26,5,0,0,2,0,0,1,10,5,0,0,6,5,131,1,16,5,7,15,5,10,15,8,4,0,0,3,12,45
29,10,4,22,6,0,0,2,0,0,1,2,13,0,0,6,5,131,2,14,3,6,13,5,10,15,8,3,0,0,2,12,15
60,10,5,16,6,0,0,2,0,0,1,10,5,0,0,6,5,131,2,13,2,7,13,4,9,14,8,2,0,0,2,11,30
-12,9,4,18,6,0,0,2,0,0,0,5,10,0,0,6,5,131,1,13,3,7,13,4,9,15,8,2,0,0,2,11,45
-24,8,4,26,6,0,0,2,0,0,1,10,5,0,0,6,5,131,2,11,2,6,11,6,8,15,8,2,0,0,3,12,45
2,8,5,31,5,0,0,2,0,0,1,4,11,0,0,6,5,131,1,11,3,8,11,6,8,14,8,1,0,0,1,13,15
19,7,4,12,4,0,0,2,0,0,1,8,7,0,0,6,5,131,0,11,5,9,11,5,9,14,8,2,0,0,2,11,0
-23,7,4,22,5,0,0,2,0,0,1,1,14,0,0,6,5,131,2,9,3,7,9,5,8,14,7,2,0,0,2,12,15
2,7,4,12,4,0,0,2,0,0,1,13,2,0,0,6,5,131,2,9,3,7,9,4,7,13,6,2,0,0,2,11,0
-10,7,5,14,4,0,0,2,0,0,0,12,3,0,0,6,5,131,2,9,4,7,9,3,6,12,5,1,0,0,2,11,15
-2,7,5,16,4,0,0,2,0,0,0,5,10,0,0,6,5,131,2,8,5,7,8,3,5,13,5,2,0,0,2,11,30
62,5,5,10,5,0,0,2,0,0,0,7,8,0,0,6,5,131,2,6,4,6,6,4,7,12,6,2,0,0,2,10,45
22,4,4,18,5,0,0,2,0,0,0,10,5,0,0,6,5,131,1,5,4,5,5,3,7,12,7,2,0,0,2,11,45
6,3,3,14,4,0,1,2,0,0,1,3,12,0,0,6,5,131,2,3,2,3,3,3,6,12,7,2,0,0,2,11,15
5,3,3,4,3,0,1,2,0,0,1,28,2,0,0,6,5,131,2,3,3,3,3,2,6,11,6,2,0,0,2,10,0
15,2,2,6,4,0,1,2,0,0,1,4,26,0,0,6,5,131,1,1,1,1,1,4,8,10,8,4,0,0,2,10,15
-6,0,0,10,4,0,2,1,0,0,1,9,6,0,0,6,5,131,0,0,0,0,0,4,7,9,9,4,0,0,2,10,45
-36,0,0,8,4,0,1,1,0,0,1,7,8,0,0,6,5,131,0,0,0,0,0,3,6,8,8,3,0,0,2,10,30
-12,0,0,4,4,0,1,1,0,0,0,14,1,0,0,6,5,131,0,0,0,0,0,3,6,7,7,2,0,0,2,10,0
18,0,0,6,3,0,1,1,0,0,0,2,13,0,0,6,5,131,0,0,0,0,0,4,6,6,6,2,0,0,2,10,15
10,0,0,1,3,0,0,1,0,0,0,0,12,0,0,6,5,131,0,0,0,0,0,4,5,5,5,2,0,0,2,9,15
-16,0,0,8,3,0,0,0,0,0,0,0,19,0,0,6,5,131,0,0,0,0,0,3,4,4,4,2,0,0,2,10,30
33,0,0,0,2,0,0,0,0,0,0,0,24,0,1,6,5,131,0,0,0,0,0,2,3,3,3,1,0,0,1,9,0
49,0,0,2,1,0,0,0,0,0,0,0,41,0,0,6,5,131,0,0,0,0,0,2,2,2,2,1,0,0,2,9,30
13,0,0,2,0,0,0,0,0,0,0,0,55,0,0,6,5,131,0,0,0,0,0,1,1,1,1,1,0,0,2,9,30
34,36,7,52,1,0,0,1,0,0,0,20,0,1,0,5,5,130,2,50,3,5,13,1,2,5,1,0,7,0,1,17,30
19,31,6,50,3,0,1,2,0,0,0,3,27,0,0,5,5,130,2,45,2,7,12,1,4,12,5,2,7,1,1,17,0
99,28,7,43,7,0,1,1,0,0,0,0,15,0,0,5,5,130,2,41,4,7,13,3,7,15,8,4,7,3,2,16,0
64,28,7,48,6,0,1,1,0,0,0,12,3,0,0,5,5,130,2,41,5,8,13,2,8,14,7,4,6,3,2,16,45
10,27,6,50,5,0,1,1,0,0,0,9,6,0,0,5,5,130,1,40,5,8,13,2,7,13,7,4,6,2,1,17,0
76,22,2,45,8,0,1,2,0,0,0,9,6,0,0,5,5,130,1,36,3,4,12,6,9,14,11,8,5,4,1,16,15
60,22,2,43,8,0,0,2,0,0,0,8,7,0,0,5,5,130,1,36,3,4,12,5,8,13,10,7,4,3,2,16,0
24,21,2,47,9,0,0,2,0,0,0,3,12,0,0,5,5,130,2,34,1,6,11,7,10,15,10,7,4,2,2,16,30
6,21,2,45,8,0,0,2,0,0,0,2,13,0,0,5,5,130,2,34,1,6,11,6,9,15,9,6,4,2,1,16,15
56,21,2,35,7,0,0,2,0,0,0,0,15,0,0,5,5,130,2,34,1,6,11,5,8,14,8,6,4,2,2,15,0
19,21,2,41,7,0,0,2,0,0,0,13,2,0,0,5,5,130,3,33,0,5,10,4,7,13,7,5,4,2,2,15,45
42,21,2,32,7,0,0,1,0,0,0,8,7,0,0,5,5,130,3,33,1,5,11,3,6,13,6,5,3,2,2,14,45
-19,21,2,48,6,0,0,1,0,0,0,6,9,0,0,5,5,130,3,33,1,5,12,2,5,12,5,4,2,1,2,16,45
14,21,2,39,6,0,0,0,0,0,0,3,12,0,0,5,5,130,3,33,1,6,12,2,4,11,4,3,2,0,2,15,30
25,19,1,41,6,0,0,0,0,0,0,4,11,0,0,5,5,130,2,32,5,8,12,3,7,12,5,3,2,1,2,15,45
35,19,1,39,5,0,0,0,0,0,0,13,2,0,0,5,5,130,2,32,6,9,14,2,6,11,4,3,2,1,2,15,30
24,19,1,37,6,0,0,0,0,0,0,8,7,0,0,5,5,130,4,30,4,7,12,1,5,10,3,2,2,1,2,15,15
-31,19,2,32,7,0,1,0,0,0,2,1,29,0,0,5,5,130,5,25,2,4,11,6,9,14,6,3,2,2,2,14,45
11,19,2,32,7,0,1,0,0,0,2,14,1,0,0,5,5,130,5,24,1,3,10,5,8,13,6,3,2,2,2,14,45
-9,19,3,31,6,0,1,0,0,0,2,7,8,0,0,5,5,130,5,24,2,4,11,5,7,15,5,2,2,2,3,14,30
-81,18,2,37,6,0,0,0,0,0,2,5,10,0,0,5,5,130,4,24,3,4,11,4,6,14,5,1,1,2,2,15,15
52,18,4,23,6,0,1,0,0,0,1,4,11,0,0,5,5,130,4,23,2,5,12,5,6,13,5,1,1,1,2,12,45
50,17,3,28,5,0,1,0,0,0,1,2,13,0,0,5,5,130,3,23,2,5,12,4,5,13,5,2,0,1,2,13,45
17,17,4,24,6,0,0,0,0,0,1,9,6,0,0,5,5,130,4,22,2,6,12,3,6,13,4,2,0,0,1,13,0
-60,17,5,35,6,0,0,0,0,0,1,10,5,0,0,5,5,130,4,21,3,5,13,2,6,13,4,2,0,0,2,15,0
-30,17,5,29,5,0,0,0,0,0,1,6,9,0,0,5,5,130,4,21,3,5,14,2,6,13,3,2,0,0,1,14,15
-9,15,4,27,6,0,1,0,0,0,1,7,8,0,0,5,5,130,3,18,2,7,12,5,8,16,6,4,0,0,1,13,30
26,14,3,20,6,0,1,0,0,0,0,2,13,0,0,5,5,130,2,18,3,7,12,4,8,15,6,4,0,0,1,12,15
-16,13,2,24,5,0,1,0,0,0,0,12,3,0,0,5,5,130,1,17,4,8,12,4,7,15,6,3,0,0,1,13,0
20,13,3,18,7,0,0,0,0,0,0,5,10,0,0,5,5,130,2,16,3,6,12,5,7,15,6,3,0,0,2,12,0
-19,12,4,26,6,0,0,0,0,0,0,7,8,0,0,5,5,130,1,16,5,9,13,4,8,16,6,2,0,0,1,13,15
-106,12,5,29,7,0,0,0,0,0,0,14,1,0,0,5,5,130,3,14,4,7,13,4,8,17,5,1,0,0,1,14,15
-6,11,5,20,6,0,0,0,0,0,0,9,6,0,0,5,5,130,2,14,4,7,13,4,7,16,5,2,0,0,1,12,15
2,11,5,18,5,0,0,0,0,0,0,9,6,0,0,5,5,130,2,14,4,7,13,3,6,15,4,2,0,0,2,12,0
-52,11,6,22,6,0,0,1,0,0,0,4,11,0,0,5,5,130,2,11,4,5,11,5,8,15,6,4,0,0,1,12,30
76,10,5,14,6,0,0,1,0,0,0,12,3,0,0,5,5,130,2,10,3,4,10,4,8,14,6,3,0,0,1,11,15
55,9,5,11,6,0,0,1,0,0,0,14,1,0,0,5,5,130,2,9,3,5,9,5,8,13,6,3,0,0,1,10,45
32,8,5,16,6,0,1,1,0,0,0,8,7,0,0,5,5,130,2,7,1,4,7,5,9,13,7,4,0,0,2,11,45
-19,8,5,16,5,0,1,1,0,0,0,5,10,0,0,5,5,130,2,7,1,5,7,4,9,13,6,4,0,0,2,11,45
-3,6,3,13,4,0,1,1,0,0,0,7,8,0,0,5,5,130,0,7,3,6,7,4,10,12,7,5,0,0,1,11,0
-7,6,4,15,4,0,1,1,0,0,0,1,14,0,0,5,5,130,1,6,2,5,6,4,9,11,6,4,0,0,2,11,30
15,6,4,9,4,0,0,1,0,0,0,13,2,0,0,5,5,130,1,6,2,5,6,3,8,10,5,3,0,0,2,10,30
11,5,5,9,3,0,0,1,0,0,0,14,1,0,0,5,5,130,0,6,5,6,6,6,7,9,5,3,0,0,2,10,30
11,5,5,7,4,0,0,1,0,0,0,5,10,0,0,5,5,130,2,4,3,4,4,6,6,8,4,3,0,0,2,10,15
72,4,4,5,4,0,0,0,0,0,0,11,4,0,0,5,5,130,1,4,3,4,4,5,5,8,4,2,0,0,2,10,0
16,3,3,11,4,0,0,0,0,0,0,8,7,0,0,5,5,130,1,3,3,3,3,4,5,8,4,3,0,0,1,10,45
42,3,3,7,3,0,0,0,0,0,0,7,8,0,0,5,5,130,1,3,3,3,3,3,4,7,3,2,0,0,2,10,15
17,3,3,3,3,0,0,0,0,0,0,3,12,0,0,5,5,130,1,2,2,2,2,2,4,6,3,2,0,0,2,9,45
-11,3,3,5,3,0,0,0,0,0,0,9,6,0,0,5,5,130,2,1,1,1,1,1,3,5,2,2,0,0,2,10,0
11,0,0,3,3,0,0,0,0,0,0,0,6,0,0,5,5,130,0,0,0,0,0,2,4,4,4,4,0,0,2,9,45
3,0,0,1,2,0,0,0,0,0,0,0,9,0,0,5,5,130,0,0,0,0,0,1,3,3,3,3,0,0,1,9,15
2,0,0,2,1,0,0,0,0,0,0,0,61,0,0,5,5,130,0,0,0,0,0,2,2,2,2,2,0,0,2,9,30
26,0,0,0,0,0,0,0,0,0,0,0,66,0,1,5,5,130,0,0,0,0,0,1,1,1,1,1,0,0,1,9,0
-38,21,2,38,1,0,0,1,0,0,0,42,3,1,0,4,5,129,2,36,2,2,5,1,3,6,1,0,0,0,1,17,30
-21,20,1,35,2,0,0,1,0,0,0,7,38,0,0,4,5,129,1,34,0,1,5,3,3,5,3,1,0,0,1,16,45
-30,19,0,36,2,0,0,0,0,0,0,1,14,0,0,4,5,129,0,34,1,3,5,2,4,4,3,2,0,0,1,17,0
47,19,0,33,1,0,0,0,0,0,0,11,4,0,0,4,5,129,0,34,1,3,6,1,3,3,2,1,0,0,1,15,45
66,19,1,30,0,0,1,0,0,0,0,4,26,0,0,4,5,129,0,33,3,4,10,2,2,5,2,1,0,0,1,15,0
-22,19,1,32,0,0,0,0,0,0,0,1,29,0,0,4,5,129,0,33,3,4,10,1,1,4,1,0,0,0,1,15,30
1,18,4,27,4,0,0,0,0,0,0,9,36,0,0,4,5,129,1,28,5,9,14,3,5,10,4,4,0,0,2,14,15
-30,18,5,30,3,0,0,0,0,0,0,11,4,0,0,4,5,129,0,28,6,10,16,3,4,11,4,4,0,0,1,15,0
-10,18,6,28,4,0,0,0,0,0,0,7,8,0,0,4,5,129,2,26,5,9,15,2,3,11,3,3,0,0,2,14,45
-71,15,5,28,5,0,0,0,2,0,0,11,4,0,0,4,5,129,2,22,4,6,14,2,6,13,6,4,0,0,2,14,45
-141,15,5,34,4,0,1,0,2,0,0,7,8,0,0,4,5,129,3,21,4,6,13,1,5,12,5,3,0,0,1,16,0
12,12,4,23,7,0,2,0,2,0,0,11,4,0,0,4,5,129,3,16,2,6,13,5,9,17,9,5,0,0,1,13,0
31,12,5,20,7,0,2,0,1,0,0,9,6,0,0,4,5,129,3,16,2,6,13,4,8,17,8,5,0,0,1,12,30
-16,12,5,26,6,0,2,0,1,0,0,8,7,0,0,4,5,129,3,16,2,6,13,3,7,16,7,4,0,0,1,13,30
59,11,4,17,6,0,2,0,0,0,0,7,8,0,0,4,5,129,2,16,2,6,13,2,6,15,7,5,0,0,1,12,0
-45,10,5,22,7,0,1,0,0,0,0,4,11,0,0,4,5,129,1,15,4,7,12,5,9,17,8,6,0,0,2,12,45
-21,10,6,23,7,0,1,0,0,0,0,6,9,0,0,4,5,129,1,14,4,9,13,4,9,17,8,6,0,0,1,13,0
-328,9,5,37,6,0,1,0,0,0,0,5,10,0,0,4,5,129,0,14,5,9,13,5,8,16,8,5,0,0,1,17,15
10,8,5,20,7,0,1,0,0,0,0,7,8,0,0,4,5,129,0,11,4,8,11,4,9,16,9,5,0,0,1,12,30
15,8,5,19,7,0,1,0,0,0,0,6,9,0,0,4,5,129,1,11,3,7,11,4,8,15,8,4,0,0,2,12,15
-60,7,4,25,7,0,1,1,0,0,0,5,10,0,0,4,5,129,2,9,4,6,9,5,10,16,8,4,0,0,1,13,15
53,7,4,12,7,0,0,1,0,0,0,5,10,0,0,4,5,129,2,9,4,6,9,4,9,15,7,4,0,0,2,11,15
6,5,2,14,7,0,0,1,0,0,0,7,8,0,0,4,5,129,1,8,4,5,8,5,10,16,8,4,0,0,1,11,30
3,5,2,17,6,0,0,1,0,0,0,6,9,0,0,4,5,129,1,8,4,5,8,4,9,15,7,4,0,0,1,12,0
54,4,2,14,6,0,1,1,1,0,0,8,7,0,0,4,5,129,2,5,2,4,5,5,9,14,8,4,0,0,1,11,30
-21,3,2,16,6,0,1,1,1,0,0,12,3,0,0,4,5,129,2,4,1,3,4,5,8,14,8,5,0,0,2,11,45
37,3,2,8,5,0,1,1,1,0,0,9,6,0,0,4,5,129,2,4,1,3,4,6,7,13,7,5,0,0,2,10,45
-32,3,3,12,4,0,1,1,1,0,0,2,13,0,0,4,5,129,2,4,1,4,4,5,7,12,6,4,0,0,2,11,15
1,3,3,7,4,0,0,2,1,0,0,25,5,0,0,4,5,129,2,3,2,3,3,5,6,11,6,5,0,0,2,10,30
9,3,3,10,3,0,0,2,1,0,0,21,9,0,0,4,5,129,2,3,2,3,3,4,7,10,5,4,0,0,2,11,0
7,3,3,8,2,0,0,2,1,0,0,10,20,0,0,4,5,129,2,3,2,3,3,3,8,9,4,3,0,0,2,10,45
33,3,3,5,1,0,0,2,1,0,0,9,21,0,0,4,5,129,2,3,2,3,3,2,7,8,3,2,0,0,1,10,15
3,2,2,10,3,0,0,1,1,0,0,0,30,0,0,4,5,129,3,1,1,1,1,2,6,7,3,1,0,0,2,11,0
8,0,0,2,2,0,0,1,1,0,0,8,7,0,0,4,5,129,1,1,1,1,1,5,6,6,4,2,0,0,1,9,30
-8,0,0,2,3,0,0,1,0,0,0,9,6,0,0,4,5,129,0,0,0,0,0,4,5,5,5,3,0,0,1,9,30
-2,0,0,5,2,0,0,1,0,0,0,8,7,0,0,4,5,129,0,0,0,0,0,3,4,4,4,3,0,0,1,10,15
2,0,0,4,2,0,0,0,0,0,0,5,10,0,0,4,5,129,0,0,0,0,0,2,3,3,3,2,0,0,2,9,45
-1,0,0,1,1,0,0,0,0,0,0,2,13,0,0,4,5,129,0,0,0,0,0,1,2,2,2,2,0,0,2,9,15
23,0,0,0,0,0,0,0,0,0,0,0,29,0,1,4,5,129,0,0,0,0,0,1,1,1,1,1,0,0,1,9,0
18,33,3,47,0,0,0,0,0,0,0,1,0,1,0,3,5,128,0,47,1,5,11,1,2,8,1,0,2,0,1,17,30
7,32,3,45,0,0,0,0,0,0,0,13,2,0,0,3,5,128,0,46,4,9,11,1,4,9,1,0,2,0,1,17,0
-8,30,3,42,2,0,1,0,0,0,1,0,15,0,0,3,5,128,1,41,4,6,10,4,7,12,4,2,2,1,1,16,30
1,30,3,42,1,0,2,0,0,0,1,8,7,0,0,3,5,128,1,40,3,5,11,4,6,12,4,2,2,1,1,16,30
-23,29,3,44,3,0,3,0,0,0,0,14,1,0,0,3,5,128,3,37,1,2,9,5,5,11,4,2,2,1,2,16,45
-47,29,3,45,3,0,2,0,0,0,0,11,4,0,0,3,5,128,3,37,1,2,9,4,5,10,3,2,1,2,1,17,0
4,28,2,39,3,0,1,0,0,0,0,13,2,0,0,3,5,128,1,37,2,4,10,3,5,9,4,1,1,1,1,16,0
47,28,2,39,3,0,1,0,0,0,0,5,10,0,0,3,5,128,2,36,1,3,10,2,5,8,3,1,1,1,1,16,0
-2,27,2,37,3,0,0,0,0,0,0,0,15,0,0,3,5,128,1,36,1,5,10,1,5,7,3,0,1,1,2,15,45
15,26,2,35,3,0,0,0,0,0,0,13,2,0,0,3,5,128,0,35,4,7,12,4,6,7,4,1,0,1,2,15,30
1,26,2,35,2,0,0,0,0,0,0,11,4,0,0,3,5,128,0,35,4,7,12,4,5,6,3,1,0,0,2,15,30
-19,26,5,37,2,0,0,0,0,0,1,6,9,0,0,3,5,128,1,33,4,7,12,4,4,6,3,1,0,0,2,15,45
36,26,5,32,2,0,0,0,0,0,1,5,10,0,0,3,5,128,2,32,3,6,11,3,3,5,2,1,0,0,1,14,30
-90,25,4,41,2,0,0,1,0,0,0,42,3,0,0,3,5,128,2,31,3,5,10,2,2,4,2,1,0,0,2,16,15
-23,25,5,33,3,0,1,0,0,0,0,24,21,0,0,3,5,128,2,29,2,5,10,1,1,4,3,2,0,0,1,14,45
-40,19,4,34,7,0,1,0,1,0,0,7,8,0,0,3,5,128,2,23,2,4,12,2,3,14,8,4,0,0,2,15,0
60,16,4,25,8,0,1,0,1,0,0,12,3,0,0,3,5,128,1,21,2,5,12,2,8,17,10,5,0,0,2,12,45
47,15,5,29,7,0,1,1,1,0,0,10,5,0,0,3,5,128,1,20,2,7,14,4,8,17,10,5,0,0,1,13,15
6,15,6,25,6,0,1,2,1,0,0,4,11,0,0,3,5,128,2,19,3,8,14,6,11,20,9,4,0,0,2,12,45
13,14,5,23,6,0,0,2,1,0,0,4,11,0,0,3,5,128,1,19,3,8,14,5,10,19,9,4,0,0,2,12,30
45,14,6,31,5,0,0,2,2,0,0,28,2,0,0,3,5,128,2,18,4,8,13,4,10,19,8,4,0,0,1,13,45
32,13,5,23,4,0,0,2,2,0,0,23,7,0,0,3,5,128,1,18,5,8,13,5,10,19,8,4,0,0,2,12,30
37,12,5,27,4,0,0,2,2,0,1,13,17,0,0,3,5,128,2,16,4,7,13,6,11,19,8,5,0,0,1,13,0
21,12,5,27,3,0,0,2,2,0,1,12,18,0,0,3,5,128,2,16,5,7,13,5,10,19,7,5,0,0,1,13,0
16,10,4,21,3,0,0,3,3,0,1,12,3,0,0,3,5,128,2,13,3,7,11,6,10,19,9,6,0,0,2,12,15
20,10,4,30,2,0,0,3,3,0,1,9,6,0,0,3,5,128,2,13,3,7,11,6,10,18,8,6,0,0,1,13,30
-46,10,4,21,2,0,0,2,3,0,1,7,8,0,0,3,5,128,2,13,3,7,11,5,10,17,7,6,0,0,2,12,15
69,10,4,19,3,0,0,2,2,0,1,6,9,0,0,3,5,128,2,12,2,6,11,4,9,16,7,7,0,0,2,12,0
41,9,5,14,3,0,0,1,2,0,2,12,3,0,0,3,5,128,2,11,2,5,10,5,9,15,7,7,0,0,2,11,15
21,8,4,17,4,0,0,1,1,0,2,14,1,0,0,3,5,128,1,10,4,5,10,5,10,16,8,8,0,0,2,11,30
49,8,4,8,4,0,0,1,1,0,1,12,3,0,0,3,5,128,1,10,4,5,10,4,10,15,7,7,0,0,2,10,15
-38,7,3,19,3,0,0,1,1,0,1,3,12,0,0,3,5,128,0,10,4,7,10,6,10,14,7,6,0,0,2,12,0
34,7,3,17,3,0,0,0,1,0,1,1,14,0,0,3,5,128,0,10,4,7,10,5,9,13,6,5,0,0,2,11,30
-5,6,4,14,4,0,0,0,2,0,1,1,14,0,0,3,5,128,2,7,2,5,7,5,10,14,6,4,0,0,2,11,15
23,6,4,14,4,0,0,0,3,0,0,10,5,0,0,3,5,128,3,6,1,4,6,6,9,13,5,3,0,0,2,11,15
17,6,4,13,4,0,0,0,2,0,0,9,6,0,0,3,5,128,3,6,1,4,6,5,8,12,4,2,0,0,3,11,0
19,5,4,10,3,0,0,0,2,0,0,3,12,0,0,3,5,128,2,6,3,5,6,5,7,11,4,2,0,0,1,10,30
44,4,3,12,2,0,0,0,2,0,0,12,3,0,0,3,5,128,1,6,3,5,6,5,6,11,4,3,0,0,1,10,45
-23,4,3,10,2,0,0,0,2,0,0,1,14,0,0,3,5,128,1,5,3,5,5,5,6,10,4,2,0,0,1,10,30
19,4,4,8,1,0,0,0,2,0,0,13,2,0,0,3,5,128,1,5,3,5,5,4,6,9,3,2,0,0,2,10,15
-5,4,4,6,2,0,0,0,2,0,0,6,9,0,0,3,5,128,2,3,2,3,3,3,5,8,3,3,0,0,2,10,0
30,4,4,4,2,0,0,0,1,0,0,12,3,0,0,3,5,128,2,3,2,3,3,2,4,7,2,2,0,0,2,9,45
20,4,4,6,2,0,0,0,0,0,0,9,6,0,0,3,5,128,2,3,2,3,3,2,4,6,1,1,0,0,2,10,0
6,1,1,2,3,0,0,0,0,0,0,9,6,0,0,3,5,128,1,1,1,1,1,3,5,5,3,2,0,0,2,9,30
3,1,1,1,3,0,0,0,0,0,0,1,14,0,0,3,5,128,1,0,0,0,0,3,4,4,3,2,0,0,2,9,15
-37,0,0,4,2,0,0,0,0,0,0,0,21,0,0,3,5,128,0,0,0,0,0,3,3,3,3,2,0,0,2,9,45
3,0,0,2,1,0,0,0,0,0,0,0,25,0,0,3,5,128,0,0,0,0,0,2,2,2,2,1,0,0,2,9,30
0,0,0,0,0,0,0,0,0,0,0,0,45,0,1,3,5,128,0,0,0,0,0,1,1,1,1,1,0,0,1,9,0
29,24,3,41,4,0,0,0,1,0,0,12,3,0,0,2,5,127,2,37,3,5,9,1,3,9,4,3,3,0,1,17,0
90,22,5,31,6,0,0,2,0,0,0,1,14,0,0,2,5,127,2,33,2,4,7,2,6,12,7,2,3,1,1,15,30
-4,21,4,39,5,0,0,2,0,0,0,5,10,0,0,2,5,127,1,33,3,5,7,4,7,12,7,2,3,1,1,16,45
45,20,4,39,6,0,0,2,0,0,0,0,15,0,0,2,5,127,1,31,2,4,6,4,8,11,8,2,3,1,1,16,45
-54,20,4,42,5,0,0,2,0,0,0,12,3,1,0,2,5,127,1,31,2,4,6,3,7,10,7,2,3,1,1,17,30
37,20,4,36,4,0,0,2,1,0,0,10,5,0,0,2,5,127,2,30,1,3,5,2,6,9,6,2,2,1,1,16,15
21,19,3,34,4,0,0,2,1,0,0,13,2,0,0,2,5,127,2,29,1,2,4,3,7,9,6,2,2,0,2,16,0
46,17,2,38,3,0,0,3,1,0,0,8,7,0,0,2,5,127,1,28,1,2,6,4,7,9,7,3,2,1,2,16,30
-14,17,2,36,3,0,0,2,1,0,0,7,8,0,0,2,5,127,1,28,1,2,6,3,6,8,6,2,2,1,1,16,15
7,17,2,34,3,0,0,1,1,0,0,6,9,0,0,2,5,127,1,28,1,3,7,4,5,9,5,2,2,1,2,16,0
5,17,2,29,3,0,0,1,0,0,0,3,12,0,0,2,5,127,1,28,2,3,7,3,4,8,4,1,2,1,2,15,15
17,16,2,28,2,0,1,1,0,0,0,4,11,0,0,2,5,127,1,27,1,2,7,3,4,7,4,1,2,1,2,15,0
5,16,2,33,1,0,1,1,0,0,0,1,14,0,0,2,5,127,1,27,1,2,7,2,3,6,3,1,2,1,2,15,45
24,16,3,29,1,0,1,1,0,0,0,40,5,0,0,2,5,127,1,26,1,4,10,1,3,8,3,1,1,1,2,15,15
-23,14,2,27,2,0,0,1,0,0,0,5,40,0,0,2,5,127,0,25,3,5,13,2,4,10,4,2,1,0,1,14,45
16,14,2,26,2,0,1,1,0,0,0,8,7,0,0,2,5,127,2,23,2,4,11,3,5,10,3,2,1,0,1,14,30
28,13,3,19,3,0,1,1,0,0,0,0,15,0,0,2,5,127,2,21,1,6,10,3,5,12,4,1,1,0,2,12,45
-55,13,3,25,3,0,0,1,0,0,0,13,2,0,0,2,5,127,2,21,2,6,10,3,4,11,3,1,1,0,1,14,15
54,12,3,23,2,0,0,2,0,0,0,1,14,0,0,2,5,127,0,20,5,8,13,3,7,10,5,3,1,0,1,13,15
46,12,4,21,2,0,0,2,0,0,0,14,1,0,0,2,5,127,1,19,4,7,12,2,6,9,4,3,1,0,1,13,0
27,12,5,18,1,0,0,3,0,0,0,5,10,0,0,2,5,127,1,18,5,7,12,1,5,11,4,3,1,0,2,12,30
2,10,3,16,4,0,0,3,1,0,0,3,12,0,0,2,5,127,3,13,2,4,10,4,7,12,6,2,1,1,1,12,0
-32,10,3,24,4,0,0,2,1,0,0,3,12,0,0,2,5,127,3,13,2,4,10,3,6,11,5,2,1,1,1,13,30
-31,10,3,19,4,0,0,1,1,0,0,9,6,0,0,2,5,127,3,13,2,4,11,4,5,10,4,1,1,1,2,12,45
-37,9,3,21,3,0,0,2,1,0,0,4,11,0,0,2,5,127,3,12,1,4,10,3,4,10,4,1,1,1,1,13,0
-179,7,2,31,4,0,0,1,1,0,0,1,14,0,0,2,5,127,1,11,2,5,11,3,6,13,6,1,0,1,1,15,30
23,7,2,15,3,0,0,1,1,0,0,14,1,0,0,2,5,127,1,11,2,5,11,2,5,12,5,1,0,0,1,11,45
-63,7,2,17,2,0,0,1,1,0,0,2,13,0,0,2,5,127,0,11,3,7,11,1,4,12,5,2,0,0,1,12,15
0,6,4,13,3,0,0,1,3,0,0,13,2,0,0,2,5,127,2,7,3,6,7,3,7,14,6,3,0,0,1,11,30
-9,6,4,13,3,0,0,0,3,0,0,12,3,0,0,2,5,127,2,7,4,6,7,2,7,14,5,3,0,0,1,11,30
67,6,5,9,3,0,0,0,2,0,0,9,6,0,0,2,5,127,1,7,4,6,7,1,7,13,5,3,0,0,1,10,30
68,3,3,7,4,0,0,1,2,0,1,9,6,0,0,2,5,127,1,3,2,3,3,6,8,12,8,5,0,0,2,10,15
6,3,3,9,4,0,0,1,1,0,1,8,7,0,0,2,5,127,1,3,2,3,3,5,7,11,7,4,0,0,1,10,30
-7,2,2,7,5,0,0,0,1,0,1,8,7,0,0,2,5,127,1,2,2,2,2,6,7,10,7,4,0,0,2,10,15
-31,2,2,12,4,0,0,0,1,0,1,2,13,0,0,2,5,127,1,2,2,2,2,5,8,9,6,4,0,0,2,11,15
17,2,2,6,5,0,0,0,0,0,1,13,2,0,0,2,5,127,2,1,1,1,1,4,8,8,5,3,0,0,2,10,0
3,2,2,4,5,0,0,0,0,0,0,10,5,0,0,2,5,127,1,1,1,1,1,3,7,7,5,2,0,0,1,9,45
13,1,1,4,5,0,0,0,0,0,0,8,7,0,0,2,5,127,1,0,0,0,0,2,6,6,5,1,0,0,1,9,45
-34,0,0,11,4,0,0,0,0,0,0,12,3,0,0,2,5,127,0,0,0,0,0,2,5,5,5,2,0,0,1,11,0
13,0,0,0,3,0,0,0,0,0,0,0,16,0,1,2,5,127,0,0,0,0,0,4,4,4,4,2,0,0,1,9,0
10,0,0,1,2,0,0,0,0,0,0,0,22,0,0,2,5,127,0,0,0,0,0,3,3,3,3,1,0,0,2,9,15
27,0,0,2,1,0,0,0,0,0,0,0,26,0,0,2,5,127,0,0,0,0,0,2,2,2,2,1,0,0,2,9,30
-4,0,0,2,0,0,0,0,0,0,0,0,32,0,0,2,5,127,0,0,0,0,0,1,1,1,1,0,0,0,2,9,30
9,33,2,43,3,0,0,1,0,0,1,4,26,1,0,6,5,124,1,38,2,2,9,2,4,8,5,1,2,0,1,17,30
-32,32,4,42,4,0,0,1,0,0,0,6,24,0,0,6,5,124,0,37,1,6,10,3,6,12,6,3,2,0,1,17,0
22,32,5,39,3,0,0,1,0,0,1,14,1,0,0,6,5,124,1,36,1,5,10,4,6,11,5,2,2,0,2,16,0
112,31,4,35,2,0,0,1,0,0,1,5,10,0,0,6,5,124,0,36,2,7,10,3,5,10,5,2,2,0,1,15,30
36,31,5,40,2,0,0,0,0,0,1,1,14,0,0,6,5,124,0,36,5,7,13,4,5,11,4,2,2,0,1,16,30
68,31,5,35,1,0,0,0,0,0,1,0,15,0,0,6,5,124,0,36,5,7,13,3,4,10,3,1,2,0,1,15,30
18,28,4,40,4,0,0,0,1,0,1,6,24,0,0,6,5,124,2,31,2,4,10,2,7,9,5,2,2,1,1,16,30
8,28,4,38,4,0,0,0,1,0,0,2,28,0,0,6,5,124,2,31,2,5,10,2,6,8,4,2,2,1,1,15,45
10,27,6,33,5,0,0,0,1,0,0,2,13,0,0,6,5,124,2,29,3,6,10,5,7,8,5,1,2,1,3,15,0
1,26,6,33,5,0,0,0,1,0,0,9,6,0,0,6,5,124,2,28,2,6,10,4,6,8,5,1,2,1,3,15,0
35,25,5,32,4,0,0,0,1,0,0,7,8,0,0,6,5,124,1,28,2,6,10,3,5,7,5,1,2,1,2,14,45
-46,25,5,35,3,0,0,0,1,0,0,4,11,0,0,6,5,124,1,28,3,6,11,2,4,7,4,1,1,1,1,15,30
38,25,5,31,2,0,0,0,1,0,0,73,2,0,0,6,5,124,1,28,3,7,12,1,3,6,3,1,1,0,1,14,30
16,21,5,30,6,0,0,0,0,0,0,40,35,0,0,6,5,124,1,24,3,5,10,2,2,9,6,1,1,0,1,14,15
142,21,5,20,6,0,0,0,0,0,0,34,41,0,0,6,5,124,2,23,2,4,10,1,1,8,5,1,1,0,2,12,0
53,16,5,28,7,0,0,0,2,0,0,3,12,0,0,6,5,124,0,19,5,7,13,4,8,15,10,5,1,0,1,13,0
71,16,6,28,6,0,0,0,2,0,0,11,4,0,0,6,5,124,0,19,5,8,14,4,8,16,9,5,1,0,1,13,0
79,16,6,24,5,0,0,1,2,0,0,6,9,0,0,6,5,124,1,18,4,7,14,4,7,15,8,5,1,0,2,12,30
57,15,7,22,6,0,0,1,2,0,0,12,3,0,0,6,5,124,2,16,2,5,12,4,10,17,8,4,1,0,2,12,15
71,13,6,24,7,0,0,1,2,0,0,12,3,0,0,6,5,124,2,14,3,5,10,5,10,16,9,5,1,0,2,12,30
59,12,5,20,6,0,0,1,2,0,0,8,7,0,0,6,5,124,1,14,3,6,12,4,9,15,9,5,1,0,2,12,0
44,11,4,26,5,0,0,1,2,0,0,2,13,0,0,6,5,124,0,14,3,7,12,3,8,15,9,5,1,0,2,12,45
166,11,6,5,6,0,0,1,1,0,0,4,11,0,0,6,5,124,1,13,4,7,13,7,8,14,8,4,1,0,2,10,0
51,10,5,16,6,0,0,2,1,0,0,2,13,0,0,6,5,124,2,11,2,5,11,6,8,13,8,4,1,1,2,11,30
43,8,4,22,5,0,0,2,1,0,0,1,14,0,0,6,5,124,0,11,4,7,11,5,9,13,9,5,1,1,2,12,15
3,8,4,16,4,0,0,2,1,0,0,1,14,0,0,6,5,124,0,11,4,7,11,4,8,12,8,5,1,1,2,11,30
27,8,4,18,3,0,0,2,1,0,0,14,1,0,0,6,5,124,0,11,5,7,11,3,7,11,7,5,1,1,2,11,45
65,8,4,12,3,0,0,2,0,0,0,14,1,0,0,6,5,124,0,11,5,7,11,2,6,10,6,4,1,1,2,11,0
-4,8,4,26,2,0,0,2,0,0,0,12,3,0,0,6,5,124,0,11,5,7,11,1,7,9,5,3,1,1,2,12,45
17,5,3,12,5,0,1,1,1,0,0,10,5,0,0,6,5,124,1,6,2,5,6,6,7,11,8,2,1,1,2,11,0
36,5,4,10,5,0,1,0,1,0,0,2,13,0,0,6,5,124,1,6,2,6,6,5,6,11,7,2,0,1,2,10,45
-22,5,4,14,5,0,0,0,1,0,0,13,2,0,0,6,5,124,1,6,2,6,6,4,5,10,6,1,0,0,2,11,15
72,4,4,1,5,0,0,1,1,0,0,3,12,0,0,6,5,124,2,4,2,4,4,4,5,10,6,2,0,0,2,9,30
4,4,4,18,4,0,0,1,1,0,0,13,2,0,0,6,5,124,2,4,3,4,4,3,4,9,5,2,0,0,2,11,45
39,4,4,14,3,0,0,1,1,0,0,12,3,0,0,6,5,124,1,4,3,4,4,2,3,9,5,2,0,0,2,11,15
32,3,3,9,3,0,1,1,1,0,0,8,7,0,0,6,5,124,2,2,2,2,2,1,3,8,5,3,0,0,2,10,30
-10,1,1,5,4,0,0,1,2,0,0,8,7,0,0,6,5,124,1,0,0,0,0,2,6,8,7,3,0,0,2,10,0
-2,0,0,7,4,0,0,1,1,0,0,0,14,0,0,6,5,124,0,0,0,0,0,4,6,7,7,4,0,0,1,10,15
10,0,0,7,3,0,0,1,1,0,0,0,26,0,0,6,5,124,0,0,0,0,0,4,5,6,6,3,0,0,1,10,15
7,0,0,0,3,0,0,1,0,0,0,0,34,0,1,6,5,124,0,0,0,0,0,4,5,5,5,2,0,0,2,9,15
13,0,0,3,3,0,0,0,0,0,0,0,36,0,0,6,5,124,0,0,0,0,0,3,4,4,4,1,0,0,2,9,45
1,0,0,3,2,0,0,0,0,0,0,0,50,0,0,6,5,124,0,0,0,0,0,2,3,3,3,0,0,0,2,9,45
6,0,0,1,1,0,0,0,0,0,0,0,63,0,0,6,5,124,0,0,0,0,0,1,2,2,2,0,0,0,2,9,30
0,0,0,10,0,0,0,0,0,0,0,0,94,0,0,6,5,124,0,0,0,0,0,1,1,1,1,0,0,0,2,10,45
51,24,3,37,0,0,0,0,0,0,0,3,0,0,0,5,5,123,0,41,4,6,8,1,2,3,1,1,2,0,2,16,45
26,21,2,37,1,0,0,2,0,0,1,11,4,0,0,5,5,123,2,36,2,2,7,2,2,8,3,0,2,1,2,16,45
11,19,0,39,2,0,0,2,0,0,1,18,12,0,0,5,5,123,2,34,0,1,8,1,5,9,4,0,1,1,1,17,0
-83,19,3,39,2,0,0,2,0,0,1,0,15,0,0,5,5,123,1,33,3,6,12,5,6,12,5,1,1,1,1,17,0
0,19,3,35,2,0,0,1,0,0,1,28,2,0,0,5,5,123,1,33,3,6,12,4,5,11,4,0,1,1,2,16,30
50,19,3,34,2,0,0,0,0,0,1,27,3,0,0,5,5,123,1,33,3,6,12,3,5,10,3,0,1,1,2,16,0
81,19,3,28,1,0,0,0,0,0,1,26,4,0,0,5,5,123,1,33,3,6,12,2,4,9,2,0,1,1,2,15,0
-14,17,1,32,3,0,0,0,0,0,1,0,30,0,0,5,5,123,2,30,3,5,12,2,6,9,3,1,0,1,1,15,45
6,16,1,28,4,0,0,0,0,0,0,5,10,0,0,5,5,123,2,29,3,7,12,3,5,9,3,2,0,0,2,15,0
25,16,4,25,3,0,2,0,0,0,0,13,2,0,0,5,5,123,2,27,2,6,16,4,6,9,4,2,0,0,2,14,30
21,16,4,26,2,0,2,0,0,0,0,11,4,0,0,5,5,123,2,27,2,6,16,3,5,9,3,1,0,0,2,14,45
-47,16,4,30,2,0,2,1,0,0,0,39,6,0,0,5,5,123,3,25,3,6,15,3,4,9,3,1,0,0,2,15,30
-71,16,5,32,2,0,1,1,0,0,0,34,11,0,0,5,5,123,3,25,3,7,15,2,4,8,2,1,0,0,1,15,45
-193,14,4,41,4,0,1,1,0,0,0,10,35,1,0,5,5,123,3,22,3,11,14,2,4,11,4,2,0,0,1,17,30
-23,14,5,24,3,0,1,1,0,0,0,2,43,0,0,5,5,123,3,22,4,11,14,2,4,10,3,1,0,0,1,14,15
27,11,4,23,4,0,2,1,0,0,0,6,9,0,0,5,5,123,1,19,8,9,13,3,5,12,7,3,0,0,1,13,30
47,11,4,20,5,0,1,1,0,0,0,0,15,0,0,5,5,123,2,18,7,8,12,2,4,11,6,2,0,0,1,13,0
17,9,3,22,8,0,1,4,0,0,0,6,24,0,0,5,5,123,7,11,1,3,8,3,7,12,7,3,0,0,1,13,15
-189,8,2,35,8,0,0,4,0,0,0,13,2,0,0,5,5,123,6,11,2,3,8,3,6,15,7,2,0,0,2,16,30
29,8,3,20,7,0,0,4,0,0,0,11,4,0,0,5,5,123,6,11,2,4,8,2,5,14,6,1,0,0,1,13,0
53,7,3,16,8,0,0,3,0,0,0,14,1,0,0,5,5,123,5,10,2,4,9,4,7,14,7,3,0,0,2,12,15
22,7,4,16,8,0,0,3,0,0,0,4,11,0,0,5,5,123,6,9,2,4,9,3,7,14,6,3,0,0,2,12,15
-99,7,4,26,7,0,0,3,0,0,0,3,12,0,0,5,5,123,6,9,2,4,9,2,6,13,5,3,0,0,2,14,45
51,6,3,14,6,0,0,3,0,0,0,14,1,0,0,5,5,123,5,9,2,5,9,2,6,13,5,3,0,0,2,12,0
30,5,5,10,7,0,0,3,0,0,0,14,1,0,0,5,5,123,5,7,3,4,7,5,10,13,6,3,0,0,1,11,15
1,5,5,18,7,0,0,2,0,0,0,13,2,0,0,5,5,123,5,7,3,4,7,4,9,13,5,3,0,0,2,12,30
-28,5,5,18,7,0,0,2,0,0,0,7,8,0,0,5,5,123,5,6,3,3,6,3,8,12,5,3,0,0,2,12,30
9,4,4,14,6,0,0,2,0,0,0,13,2,0,0,5,5,123,4,6,3,5,6,6,7,12,5,2,0,0,2,12,0
6,3,3,9,6,0,0,2,0,0,0,1,14,0,0,5,5,123,3,5,2,5,5,6,7,12,6,3,0,0,2,11,0
10,1,1,7,8,0,0,1,0,0,0,4,11,0,0,5,5,123,3,3,1,3,3,5,8,13,7,4,0,0,1,10,45
-273,1,1,30,7,0,0,1,0,0,0,3,12,0,0,5,5,123,3,3,1,3,3,4,7,12,6,3,0,0,2,15,30
12,1,1,10,6,0,0,1,0,0,0,2,13,0,0,5,5,123,3,3,1,3,3,3,6,11,5,2,0,0,1,11,15
-9,1,1,12,5,0,0,1,0,0,0,1,14,0,0,5,5,123,3,3,1,3,3,2,5,10,4,1,0,0,1,11,30
-32,0,0,13,4,0,0,1,0,0,0,2,13,0,0,5,5,123,1,3,3,3,3,2,4,9,5,3,0,0,2,11,45
30,0,0,1,5,0,0,2,0,0,0,8,7,0,0,5,5,123,2,0,0,0,0,3,6,8,6,5,0,0,2,10,0
8,0,0,5,4,0,0,2,0,0,0,1,14,0,0,5,5,123,1,0,0,0,0,2,6,7,6,4,0,0,2,10,30
-18,0,0,3,3,0,0,2,0,0,0,0,8,0,0,5,5,123,1,0,0,0,0,2,6,6,5,4,0,0,2,10,15
24,0,0,3,2,0,0,2,0,0,0,0,32,0,0,5,5,123,0,0,0,0,0,5,5,5,5,4,0,0,2,10,15
-11,0,0,1,1,0,0,2,0,0,0,0,40,0,0,5,5,123,0,0,0,0,0,4,4,4,4,3,0,0,2,10,0
-17,0,0,7,0,0,0,2,0,0,0,0,48,0,0,5,5,123,0,0,0,0,0,3,3,3,3,3,0,0,1,10,45
-25,0,0,5,0,0,0,1,0,0,0,0,59,0,0,5,5,123,0,0,0,0,0,2,2,2,2,2,0,0,2,10,30
-8,0,0,0,0,0,0,0,0,0,0,0,61,0,1,5,5,123,0,0,0,0,0,1,1,1,1,1,0,0,2,9,45
0,26,3,40,3,0,0,1,0,0,0,11,4,0,0,4,5,122,1,38,2,6,11,3,4,13,4,1,4,1,1,17,0
-22,26,4,41,2,0,0,1,0,0,0,8,7,0,0,4,5,122,1,38,2,6,11,2,3,12,3,1,4,0,1,17,15
-20,26,5,42,3,0,0,1,0,0,0,18,12,1,0,4,5,122,2,36,3,7,11,1,5,11,3,1,4,2,1,17,30
31,23,3,31,6,0,0,1,0,0,0,11,4,0,0,4,5,122,2,32,4,5,10,6,10,15,6,3,4,2,2,15,30
-15,22,3,38,5,0,0,1,0,0,0,3,12,0,0,4,5,122,1,32,4,5,10,6,9,14,6,3,4,2,1,16,45
-18,21,2,36,6,0,0,0,0,0,1,9,6,0,0,4,5,122,2,30,2,5,8,6,8,13,6,3,3,2,2,16,30
9,21,2,33,6,0,0,0,0,0,1,3,12,0,0,4,5,122,2,29,1,4,7,6,7,12,6,2,2,1,1,15,45
43,21,2,35,5,0,0,0,0,0,1,1,14,0,0,4,5,122,1,29,2,4,8,5,6,11,6,2,2,0,2,16,0
9,21,2,31,4,0,0,0,0,0,1,13,2,0,0,4,5,122,1,29,2,5,8,4,5,10,5,2,2,0,2,15,30
-83,21,2,38,3,0,1,0,0,0,1,5,10,0,0,4,5,122,2,28,1,5,8,4,4,10,4,1,2,0,1,16,45
-73,20,1,36,3,0,1,0,0,0,0,11,4,0,0,4,5,122,1,28,3,5,10,3,6,9,4,1,2,0,2,16,30
22,20,2,33,2,0,1,0,0,0,0,5,10,0,0,4,5,122,1,28,3,6,10,2,5,8,3,1,2,0,1,15,45
31,20,2,28,2,0,1,0,0,0,0,12,3,0,0,4,5,122,2,27,3,5,10,1,6,7,2,0,2,0,1,15,0
46,19,3,24,4,0,1,0,1,0,0,2,13,0,0,4,5,122,2,23,1,5,10,5,6,8,5,3,2,0,1,14,15
40,19,3,23,4,0,0,0,1,0,0,28,2,0,0,4,5,122,1,23,1,5,10,4,5,8,5,3,2,0,1,14,0
-37,19,3,26,3,0,0,0,1,0,0,27,3,0,0,4,5,122,1,23,1,5,10,3,4,7,4,2,2,0,2,14,45
-2,18,3,25,3,0,0,0,1,0,0,13,17,0,0,4,5,122,1,22,1,5,11,2,3,6,4,2,2,0,2,14,30
-61,18,3,28,2,0,0,0,1,0,0,12,18,0,0,4,5,122,1,22,1,5,11,1,2,6,3,1,2,0,1,15,0
-28,17,6,26,2,0,0,0,1,0,1,23,22,0,0,4,5,122,2,20,3,6,11,1,2,7,3,1,2,0,2,14,45
21,13,6,21,3,0,0,1,2,0,0,13,17,0,0,4,5,122,0,16,4,7,12,3,4,11,7,3,2,0,1,12,45
158,11,5,11,3,0,2,2,2,0,0,3,12,0,0,4,5,122,2,13,2,4,10,3,5,12,8,2,2,0,2,11,0
100,10,4,20,3,0,2,2,1,0,0,14,1,0,0,4,5,122,1,13,2,4,10,2,5,11,8,2,2,0,1,12,15
-29,9,4,22,4,0,2,2,1,0,0,12,3,0,0,4,5,122,2,11,2,2,11,3,7,13,8,2,2,1,1,13,30
60,7,3,13,4,0,1,2,2,0,0,12,3,0,0,4,5,122,1,10,1,5,10,3,7,13,9,3,2,1,2,11,15
45,7,3,19,4,0,1,2,1,0,0,10,5,0,0,4,5,122,1,10,1,5,10,2,6,12,8,3,2,1,1,12,0
45,6,3,17,4,0,1,2,1,0,0,1,14,0,0,4,5,122,1,9,4,6,9,5,7,15,8,3,2,1,1,11,45
78,6,4,6,3,0,1,2,1,0,0,6,9,0,0,4,5,122,1,9,4,8,9,5,8,14,7,3,1,1,2,10,15
60,6,4,15,3,0,1,1,1,0,0,4,11,0,0,4,5,122,1,9,4,8,9,4,7,13,6,2,1,0,2,11,30
3,6,4,17,3,0,0,1,1,0,0,3,12,0,0,4,5,122,1,9,4,8,9,3,6,12,5,2,1,0,1,11,45
45,5,3,15,3,0,0,1,1,0,1,11,4,0,0,4,5,122,2,7,3,7,7,3,6,11,5,2,1,0,2,11,30
-280,4,4,30,3,0,0,2,1,0,1,6,9,0,0,4,5,122,2,5,4,5,5,4,6,12,6,3,1,1,2,15,15
3,3,3,8,4,0,0,2,1,0,0,0,15,0,0,4,5,122,2,4,3,4,4,4,6,11,6,4,1,1,1,10,30
62,2,2,11,5,0,0,2,1,0,0,26,4,0,0,4,5,122,1,2,2,2,2,4,8,11,8,5,1,1,2,11,0
15,2,2,13,4,0,0,2,2,0,0,22,8,0,0,4,5,122,2,1,1,1,1,3,7,10,7,5,1,1,2,11,15
74,2,2,2,4,0,0,2,1,0,0,16,14,0,0,4,5,122,1,1,1,1,1,3,6,9,7,4,1,1,2,9,30
21,2,2,10,3,0,0,2,2,0,0,11,19,0,0,4,5,122,2,0,0,0,0,4,6,8,6,3,0,1,2,10,45
-16,0,0,6,2,0,0,2,2,0,0,3,12,0,0,4,5,122,0,0,0,0,0,4,6,7,7,5,0,0,2,10,15
19,0,0,4,1,0,0,2,2,0,0,12,3,0,0,4,5,122,0,0,0,0,0,3,5,6,6,4,0,0,2,10,0
-17,0,0,8,1,0,0,1,2,0,0,12,3,0,0,4,5,122,0,0,0,0,0,2,4,5,5,3,0,0,1,10,30
28,0,0,2,1,0,0,0,2,0,0,8,7,0,0,4,5,122,0,0,0,0,0,2,3,4,4,2,0,0,2,9,30
-14,0,0,4,0,0,0,0,2,0,0,0,19,0,0,4,5,122,0,0,0,0,0,2,3,3,3,2,0,0,2,10,0
20,0,0,1,0,0,0,0,1,0,0,0,29,0,0,4,5,122,0,0,0,0,0,2,2,2,2,2,0,0,2,9,15
25,0,0,0,0,0,0,0,0,0,0,0,55,0,1,4,5,122,0,0,0,0,0,1,1,1,1,1,0,0,1,9,0
43,13,0,40,0,0,0,2,0,0,0,5,10,0,0,3,5,121,0,40,3,6,10,1,2,9,3,1,5,1,1,17,30
-46,13,3,40,3,0,0,3,1,0,0,22,8,0,0,3,5,121,2,34,2,4,10,3,8,12,6,2,5,3,1,17,30
33,13,4,38,4,0,0,2,1,0,0,16,14,0,0,3,5,121,2,33,2,3,10,4,7,13,6,1,4,3,2,17,15
62,13,5,35,4,0,0,1,1,0,0,12,18,0,0,3,5,121,2,33,3,5,10,3,6,12,5,1,4,2,1,16,30
-26,11,3,38,5,0,0,0,1,0,0,7,8,0,0,3,5,121,1,32,2,5,10,5,6,12,6,1,3,2,2,17,15
-10,11,3,35,6,0,0,0,0,0,0,2,13,0,0,3,5,121,2,31,1,5,9,4,5,12,5,1,3,1,1,16,30
-49,10,2,42,6,0,0,0,0,0,0,6,9,1,0,3,5,121,2,30,3,6,9,3,5,11,5,2,2,2,1,17,45
-19,10,2,37,5,0,0,0,0,0,0,0,15,0,0,3,5,121,2,30,3,6,9,2,5,11,4,2,2,1,2,16,45
25,10,2,31,4,0,0,0,0,0,0,27,3,0,0,3,5,121,2,30,3,6,9,1,5,11,3,2,2,1,2,15,45
7,8,0,33,6,0,0,0,0,0,0,11,4,0,0,3,5,121,2,27,3,5,9,4,7,12,5,3,2,2,2,16,0
-23,8,0,29,7,0,0,0,0,0,0,14,1,0,0,3,5,121,2,25,2,3,9,5,7,11,6,3,1,2,2,15,30
0,8,0,31,7,0,0,0,0,0,0,5,10,0,0,3,5,121,2,24,2,3,9,5,6,10,6,4,1,1,2,15,45
60,8,0,22,6,0,0,0,0,0,0,13,2,0,0,3,5,121,2,24,2,3,9,4,7,10,5,3,1,1,1,14,15
37,8,0,24,6,0,0,0,0,0,0,5,10,0,0,3,5,121,1,23,1,3,10,4,6,9,6,4,1,1,3,14,45
-23,8,0,26,5,0,0,0,0,0,0,3,12,0,0,3,5,121,1,23,1,3,10,3,5,8,5,3,0,1,2,15,0
-35,8,0,29,4,0,0,0,0,0,0,39,6,0,0,3,5,121,1,23,1,4,10,2,5,8,4,2,0,0,2,15,30
-66,8,2,33,4,0,0,0,0,0,0,20,25,0,0,3,5,121,0,22,1,5,9,3,5,8,5,2,0,0,2,16,0
-37,8,4,26,4,0,0,0,0,0,0,3,42,0,0,3,5,121,1,21,2,6,9,4,4,9,4,2,0,0,2,15,0
-3,8,4,23,3,0,0,0,0,0,0,14,1,0,0,3,5,121,0,21,3,6,9,3,4,8,4,3,0,0,2,14,30
-68,8,4,26,3,0,0,0,0,0,0,3,12,0,0,3,5,121,1,20,3,7,9,2,3,8,3,2,0,0,2,15,0
-1,8,4,21,2,0,0,1,0,0,0,8,7,0,0,3,5,121,2,19,4,6,10,1,3,8,2,2,0,0,1,13,30
10,4,1,17,5,0,0,1,0,0,0,3,12,0,0,3,5,121,1,15,2,3,7,3,5,12,6,5,0,0,1,12,45
17,4,2,16,6,0,0,1,0,0,0,28,2,0,0,3,5,121,1,13,0,2,7,3,6,12,7,4,0,0,2,12,30
3,4,2,19,6,0,0,0,0,0,0,20,10,0,0,3,5,121,1,13,0,4,8,3,5,11,6,4,0,0,1,13,0
22,3,2,14,5,0,0,0,0,0,0,14,1,0,0,3,5,121,0,13,2,5,10,3,7,12,6,4,0,0,1,12,15
-54,3,2,24,4,0,0,0,0,0,0,13,2,0,0,3,5,121,0,13,2,5,10,3,6,11,5,3,0,0,3,14,45
-16,3,2,17,5,0,0,0,0,0,0,4,11,0,0,3,5,121,2,11,3,4,11,4,7,10,4,2,0,0,1,12,45
-20,2,1,20,4,0,0,0,0,0,0,13,2,0,0,3,5,121,1,11,3,5,11,4,7,10,4,2,0,0,1,13,15
-1,2,1,14,5,0,0,0,0,0,0,4,11,0,0,3,5,121,2,9,1,4,9,5,6,10,4,2,0,0,1,12,15
18,2,1,9,4,0,0,0,0,0,0,4,11,0,0,3,5,121,2,9,1,5,9,4,5,9,3,2,0,0,1,11,0
18,1,0,13,4,0,0,0,0,0,0,16,14,0,0,3,5,121,0,8,1,5,8,3,6,10,5,4,0,0,2,11,45
-32,1,0,11,3,0,0,0,0,0,0,10,20,0,0,3,5,121,0,8,2,5,8,3,5,9,4,3,0,0,1,11,30
-20,1,0,11,2,0,0,0,0,0,0,9,21,0,0,3,5,121,0,8,2,5,8,2,4,8,3,3,0,0,1,11,30
34,1,0,5,3,0,0,0,0,0,0,0,15,0,0,3,5,121,2,6,3,6,6,3,3,8,2,2,0,0,2,10,15
-22,1,1,7,4,0,0,0,0,0,0,12,3,0,0,3,5,121,1,4,3,4,4,2,5,9,4,2,0,0,1,10,30
-27,1,1,10,3,0,0,1,0,0,0,3,12,0,0,3,5,121,2,3,3,3,3,1,5,8,3,2,0,0,2,11,15
-35,1,1,4,4,0,0,1,0,0,1,14,16,0,0,3,5,121,1,0,0,0,0,4,5,7,6,3,0,0,2,10,0
-3,1,1,2,3,0,0,1,0,0,1,12,18,0,0,3,5,121,1,0,0,0,0,3,4,6,5,3,0,0,1,9,45
-16,0,0,5,2,0,0,1,0,0,1,2,28,0,0,3,5,121,0,0,0,0,0,2,4,5,5,2,0,0,2,10,15
-25,0,0,7,1,0,0,1,0,0,1,0,7,0,0,3,5,121,0,0,0,0,0,2,4,4,4,2,0,0,1,10,30
8,0,0,0,1,0,0,1,0,0,0,0,31,0,1,3,5,121,0,0,0,0,0,3,3,3,3,1,0,0,1,9,0
-9,0,0,2,1,0,0,0,0,0,0,0,51,0,0,3,5,121,0,0,0,0,0,2,2,2,2,1,0,0,1,9,45
-2,0,0,1,0,0,0,0,0,0,0,0,58,0,0,3,5,121,0,0,0,0,0,1,1,1,1,0,0,0,2,9,30
12,26,2,41,4,0,0,0,0,0,1,13,2,1,0,2,4,120,2,37,1,5,7,2,3,8,4,0,3,2,1,17,0
-26,25,3,39,4,0,0,0,0,0,1,21,9,0,0,2,4,120,1,36,4,6,8,1,5,10,5,2,2,1,2,16,45
-11,24,3,39,5,0,0,2,0,0,1,3,12,0,0,2,4,120,2,32,2,2,5,4,6,11,7,2,2,0,2,16,45
2,24,3,41,4,0,0,2,0,0,1,23,7,1,0,2,4,120,1,32,2,2,7,5,6,10,7,2,2,1,1,17,0
32,24,3,37,4,0,0,3,0,0,0,16,14,0,0,2,4,120,2,31,1,2,6,4,7,9,6,2,2,1,1,16,15
-36,22,1,38,4,0,0,3,0,0,0,7,23,0,0,2,4,120,1,30,0,2,7,3,6,8,7,3,2,1,2,16,30
44,22,1,34,3,0,0,3,0,0,0,14,1,0,0,2,4,120,1,30,0,2,8,2,5,7,6,2,2,1,1,15,30
15,22,1,32,3,0,0,2,0,0,0,12,3,0,0,2,4,120,1,30,0,2,8,1,4,6,5,1,2,1,2,15,0
-1,21,1,34,3,0,0,1,0,0,0,11,19,0,0,2,4,120,0,30,2,3,13,3,5,9,5,0,1,1,1,15,30
55,21,1,30,4,0,0,0,0,0,0,4,26,0,0,2,4,120,1,29,1,4,12,2,4,8,4,0,1,0,2,14,45
-4,21,1,36,3,0,0,0,0,0,0,2,28,0,0,2,4,120,1,29,1,4,12,1,3,8,3,0,1,0,1,15,45
12,21,7,32,2,0,0,1,0,0,0,26,34,0,0,2,4,120,1,28,4,11,14,2,2,13,3,1,1,0,2,15,0
7,21,7,30,1,0,0,1,0,0,0,24,36,0,0,2,4,120,1,28,4,11,14,1,1,12,2,1,1,0,2,14,45
7,13,3,25,9,0,0,3,0,0,0,4,11,0,0,2,4,120,3,17,1,4,11,6,12,16,10,5,1,1,1,13,0
-6,13,3,29,8,0,0,3,0,0,0,3,12,0,0,2,4,120,3,17,1,4,11,5,11,15,9,4,1,1,2,14,15
35,13,3,25,8,0,0,2,0,0,0,3,12,0,0,2,4,120,3,17,1,4,12,4,10,14,8,3,1,1,1,13,0
14,12,2,25,7,0,0,2,0,0,0,0,15,0,0,2,4,120,2,17,1,4,12,4,9,13,8,3,0,1,1,13,0
0,12,3,23,7,0,0,1,0,0,0,2,13,0,0,2,4,120,2,17,3,5,12,5,10,17,7,3,0,0,3,12,45
-24,11,2,28,6,0,0,1,0,0,1,11,4,0,0,2,4,120,1,16,2,5,12,6,10,16,8,3,0,0,1,13,15
17,11,3,19,5,0,0,1,0,0,1,1,14,0,0,2,4,120,1,16,3,6,13,6,9,15,7,3,0,0,2,12,15
-2,11,5,19,5,0,0,1,0,0,1,13,2,0,0,2,4,120,1,15,2,6,12,7,8,14,7,4,0,0,2,12,15
67,11,5,16,5,0,0,1,0,0,1,10,5,0,0,2,4,120,2,14,2,6,12,6,7,13,6,3,0,0,1,11,45
27,11,6,16,5,0,0,1,0,0,0,0,15,0,0,2,4,120,1,14,2,7,12,6,7,14,6,3,0,0,1,11,45
30,11,6,21,4,0,0,1,0,0,0,14,1,0,0,2,4,120,1,14,2,7,12,5,6,13,5,3,0,0,2,12,30
29,10,5,23,4,0,0,1,0,0,0,6,9,0,0,2,4,120,1,13,2,7,11,4,5,12,5,4,0,0,3,12,45
64,10,7,14,3,0,0,1,0,0,0,14,1,0,0,2,4,120,1,13,4,8,12,3,4,11,4,3,0,0,2,11,30
-9,10,7,18,2,0,0,1,0,0,0,13,2,0,0,2,4,120,1,13,4,8,13,2,3,10,3,2,0,0,2,12,0
-31,9,7,21,2,0,1,0,0,0,0,2,13,0,0,2,4,120,1,12,4,7,12,2,7,9,3,2,0,0,2,12,30
43,5,4,12,3,0,2,1,0,0,0,2,13,0,0,2,4,120,0,8,3,6,8,6,7,12,7,5,0,0,1,11,0
28,3,3,9,5,0,2,1,0,0,0,13,2,0,0,2,4,120,1,5,2,5,5,5,7,11,8,6,0,0,1,10,30
-41,3,3,14,5,0,1,1,0,0,0,11,4,0,0,2,4,120,1,5,2,5,5,4,6,10,7,5,0,0,2,11,30
11,3,3,13,4,0,1,1,0,0,0,8,7,0,0,2,4,120,1,5,3,5,5,3,5,9,6,4,0,0,2,11,15
7,3,3,11,4,0,1,0,0,0,0,7,8,0,0,2,4,120,1,5,3,5,5,2,4,8,5,4,0,0,1,10,45
53,3,3,7,4,0,0,0,0,0,0,4,11,0,0,2,4,120,1,5,3,5,5,1,3,7,4,3,0,0,2,10,15
17,1,1,5,6,0,0,0,0,0,0,2,13,0,0,2,4,120,2,2,2,2,2,2,6,9,5,3,0,0,2,10,0
89,1,1,1,5,0,0,0,0,0,0,2,13,0,0,2,4,120,2,2,2,2,2,1,5,8,4,3,0,0,2,9,30
3,0,0,9,5,0,0,0,0,0,1,0,7,0,0,2,4,120,0,0,0,0,0,4,7,7,7,6,0,0,1,10,30
-24,0,0,3,5,0,0,0,0,0,0,0,10,0,0,2,4,120,0,0,0,0,0,3,6,6,6,5,0,0,2,9,45
-3,0,0,0,4,0,0,0,0,0,0,0,19,0,1,2,4,120,0,0,0,0,0,2,5,5,5,4,0,0,2,9,15
15,0,0,7,3,0,0,0,0,0,0,0,24,0,0,2,4,120,0,0,0,0,0,1,4,4,4,4,0,0,2,10,15
2,0,0,5,2,0,0,0,0,0,0,0,57,0,0,2,4,120,0,0,0,0,0,3,3,3,3,3,0,0,2,10,0
-4,0,0,3,1,0,0,0,0,0,0,0,58,0,0,2,4,120,0,0,0,0,0,2,2,2,2,2,0,0,2,9,45
4,0,0,1,0,0,0,0,0,0,0,0,65,0,0,2,4,120,0,0,0,0,0,1,1,1,1,1,0,0,2,9,30
34,25,2,41,5,0,0,1,0,0,0,16,14,0,0,6,4,117,0,37,1,3,7,4,6,11,7,3,2,1,1,16,45
46,24,1,43,6,0,0,0,0,0,0,28,2,1,0,6,4,117,0,36,2,3,9,4,5,10,7,4,2,0,1,17,0
31,24,1,39,5,0,0,0,0,0,0,27,3,0,0,6,4,117,0,36,2,3,9,3,4,9,6,3,2,0,2,16,30
-10,24,2,39,4,0,0,0,0,0,0,20,10,0,0,6,4,117,0,36,2,3,9,3,4,8,5,2,2,0,2,16,30
-10,24,2,41,4,0,0,0,0,0,0,11,19,0,0,6,4,117,1,35,2,3,9,2,5,8,4,2,2,0,1,16,45
1,23,2,37,4,0,0,0,0,0,0,23,7,0,0,6,4,117,1,34,1,4,11,1,6,7,4,2,2,0,2,16,0
53,22,2,37,3,0,0,0,0,0,1,6,9,0,0,6,4,117,0,33,3,6,11,5,5,7,5,2,2,0,2,16,0
161,22,2,31,2,0,0,0,0,0,1,2,13,0,0,6,4,117,0,33,3,6,11,4,5,6,4,1,2,0,2,14,45
27,22,3,33,2,0,0,0,0,0,1,13,2,0,0,6,4,117,1,32,3,5,12,3,4,5,3,1,2,0,2,15,0
26,22,4,30,2,0,0,0,0,0,0,6,9,0,0,6,4,117,1,32,3,6,12,2,3,5,2,1,2,0,2,14,30
-11,22,4,35,2,0,0,0,0,0,0,1,14,0,0,6,4,117,1,31,3,6,11,1,2,4,2,2,2,0,2,15,30
10,20,5,29,3,0,0,1,1,0,0,19,26,0,0,6,4,117,2,27,4,5,10,2,2,9,4,2,2,1,1,14,15
-56,17,3,35,6,0,0,1,1,0,0,8,7,0,0,6,4,117,2,23,1,4,10,1,4,11,7,4,1,1,2,15,30
46,15,2,25,8,0,0,2,0,0,0,11,4,0,0,6,4,117,2,20,1,5,13,3,9,13,9,5,1,0,1,13,0
45,15,4,28,8,0,0,2,0,0,0,14,1,0,0,6,4,117,2,19,0,6,14,3,9,14,9,5,1,0,1,13,30
-56,14,4,33,7,0,0,2,0,0,0,12,3,0,0,6,4,117,1,19,0,6,14,2,8,13,9,5,1,0,2,15,0
-72,14,7,31,6,0,0,2,0,0,0,0,15,0,0,6,4,117,0,19,6,10,17,7,8,16,9,5,1,0,2,14,45
24,14,8,21,6,0,0,1,0,0,0,12,3,0,0,6,4,117,0,19,6,12,17,6,8,15,8,4,1,0,2,12,30
-8,14,8,23,5,0,0,1,1,0,0,11,4,0,0,6,4,117,1,18,5,11,16,5,7,14,7,3,1,0,2,12,45
44,14,8,23,5,0,0,1,1,0,0,9,6,0,0,6,4,117,2,17,4,10,15,4,6,13,6,3,1,0,2,12,45
27,14,9,27,5,0,0,0,1,0,0,4,11,0,0,6,4,117,2,17,6,10,15,4,5,12,5,2,1,0,1,13,15
-9,14,9,25,4,0,0,0,1,0,0,2,13,0,0,6,4,117,2,17,6,10,15,3,5,12,4,2,1,0,1,13,0
13,12,8,19,5,0,0,0,1,0,0,5,10,0,0,6,4,117,1,15,6,10,13,2,5,12,6,4,1,0,2,12,15
7,10,6,16,7,0,1,0,1,0,0,4,11,0,0,6,4,117,2,11,4,7,11,2,6,12,8,4,1,0,1,11,30
-34,6,3,18,10,0,0,0,1,0,1,12,3,0,0,6,4,117,2,7,3,5,7,4,8,14,11,4,1,0,2,12,0
-1,5,4,19,9,0,0,0,1,0,1,3,12,0,0,6,4,117,1,7,3,5,7,4,8,14,11,5,1,0,2,12,15
46,4,3,12,9,1,0,0,0,0,2,5,10,0,0,6,4,117,2,5,2,3,5,5,8,16,11,4,1,0,2,11,0
19,4,3,14,8,1,0,0,0,0,2,4,11,0,0,6,4,117,2,5,2,3,5,4,7,16,10,3,1,0,1,11,15
58,4,3,9,7,1,0,1,0,0,2,6,9,0,0,6,4,117,2,4,2,4,4,4,7,16,10,4,1,0,1,10,30
94,3,3,4,6,1,0,1,0,0,2,7,8,0,0,6,4,117,0,4,2,4,4,5,7,15,11,6,1,0,1,9,45
166,3,3,9,6,1,0,1,0,0,2,6,9,0,0,6,4,117,1,3,1,3,3,4,6,14,10,6,1,0,1,10,30
60,3,3,6,5,1,0,1,0,0,2,3,12,0,0,6,4,117,1,3,1,3,3,3,5,13,9,6,1,0,2,10,0
-48,1,1,14,5,1,0,1,0,0,2,3,12,0,0,6,4,117,0,2,2,2,2,3,7,12,10,7,1,1,1,11,15
20,1,1,2,5,1,0,1,0,0,1,13,2,0,0,6,4,117,0,2,2,2,2,3,7,11,9,6,1,1,2,9,30
-44,1,1,21,5,1,1,1,0,0,1,11,4,0,0,6,4,117,2,0,0,0,0,5,10,10,8,5,1,1,2,12,30
63,0,0,1,5,0,1,1,0,0,1,1,14,0,0,6,4,117,0,0,0,0,0,4,9,9,9,5,1,1,2,9,15
-82,0,0,11,5,0,0,1,0,0,1,0,1,0,0,6,4,117,0,0,0,0,0,8,8,8,8,4,0,1,2,10,45
10,0,0,12,4,0,0,1,0,0,1,0,1,0,0,6,4,117,0,0,0,0,0,7,7,7,7,4,0,0,2,11,0
80,0,0,2,3,0,0,1,0,0,1,0,4,0,0,6,4,117,0,0,0,0,0,6,6,6,6,4,0,0,2,9,30
50,0,0,7,2,0,0,1,0,0,1,0,16,0,0,6,4,117,0,0,0,0,0,5,5,5,5,3,0,0,2,10,15
27,0,0,7,2,0,0,1,0,0,0,0,21,0,0,6,4,117,0,0,0,0,0,4,4,4,4,3,0,0,2,10,15
18,0,0,0,1,0,0,1,0,0,0,0,23,0,1,6,4,117,0,0,0,0,0,3,3,3,3,3,0,0,1,9,0
6,0,0,4,0,0,0,1,0,0,0,0,26,0,0,6,4,117,0,0,0,0,0,2,2,2,2,2,0,0,1,9,45
-87,0,0,17,0,0,0,0,0,0,0,0,27,0,0,6,4,117,0,0,0,0,0,1,1,1,1,1,0,0,1,11,45
60,37,3,48,0,0,1,0,0,0,0,4,0,0,0,5,4,116,0,49,3,5,10,1,2,6,2,0,3,1,1,17,0
8,35,3,50,1,0,0,1,0,0,1,10,5,1,0,5,4,116,1,46,2,5,10,3,5,8,3,0,3,0,1,17,30
101,34,4,38,2,0,0,1,0,0,1,28,2,0,0,5,4,116,1,44,2,5,11,4,6,11,4,1,3,2,2,15,15
23,34,4,45,2,0,0,1,0,0,0,28,2,0,0,5,4,116,1,44,2,5,11,3,5,10,3,1,3,2,2,16,45
6,33,3,43,3,0,0,1,0,0,0,13,17,0,0,5,4,116,2,42,2,6,10,2,5,11,3,1,3,3,3,16,30
-19,33,3,48,3,0,0,0,0,0,0,6,24,0,0,5,4,116,1,42,3,6,10,1,4,10,3,1,3,3,1,17,0
55,31,3,40,4,0,0,0,0,0,1,3,27,0,0,5,4,116,2,39,3,4,9,3,6,10,4,2,2,3,1,15,30
-32,31,3,45,3,0,0,0,0,0,1,1,29,0,0,5,4,116,2,39,3,5,9,2,6,9,3,2,1,2,2,16,45
49,30,3,36,5,0,0,0,0,0,0,2,13,0,0,5,4,116,2,37,1,4,8,2,7,8,4,2,0,1,2,15,0
31,28,1,36,5,0,0,0,0,0,0,9,6,0,0,5,4,116,0,36,3,4,11,4,6,9,6,3,0,0,2,15,0
-13,28,1,40,5,0,0,0,0,0,0,14,1,0,0,5,4,116,1,35,3,4,13,5,5,8,5,3,0,0,1,15,30
1,28,1,42,4,0,0,0,0,0,0,8,7,0,0,5,4,116,1,35,3,4,13,4,5,8,4,3,0,0,2,16,0
-69,28,2,43,4,0,0,0,0,0,0,3,12,0,0,5,4,116,2,34,2,4,14,3,4,7,3,2,0,0,3,16,30
17,27,1,34,3,0,0,0,0,0,0,7,8,0,0,5,4,116,1,33,1,4,15,2,3,7,4,2,0,0,2,14,45
32,27,2,33,2,0,0,0,0,0,0,3,12,0,0,5,4,116,1,33,2,4,15,1,2,6,3,2,0,0,2,14,30
-30,27,7,32,4,0,0,0,0,0,0,9,36,0,0,5,4,116,1,31,4,9,16,2,4,12,4,2,0,0,1,14,15
-17,24,7,34,5,0,0,1,0,0,0,0,15,0,0,5,4,116,1,28,6,10,17,2,4,12,6,2,0,0,2,14,45
54,22,6,31,7,0,0,1,0,0,0,2,13,0,0,5,4,116,2,25,5,8,16,3,7,15,7,2,0,0,1,13,30
2,21,7,30,8,0,0,2,0,0,0,14,1,0,0,5,4,116,3,22,4,6,15,2,9,18,8,3,0,0,1,13,15
37,19,5,26,9,0,0,2,0,0,0,2,13,0,0,5,4,116,3,20,3,6,14,5,9,18,9,5,0,0,1,12,30
111,17,6,19,10,0,0,2,0,0,0,8,7,0,0,5,4,116,2,18,3,8,14,7,10,21,11,6,0,0,2,11,45
28,17,6,23,9,0,0,2,0,0,0,6,9,0,0,5,4,116,2,18,4,8,15,6,11,20,10,6,0,0,1,12,15
-170,17,7,45,8,0,0,2,0,0,0,4,11,0,0,5,4,116,2,18,4,8,15,5,10,19,9,5,0,0,2,16,45
19,17,7,28,8,0,0,1,0,0,0,4,11,0,0,5,4,116,2,18,4,8,15,4,9,18,8,4,0,0,1,13,0
12,16,7,23,7,0,0,2,0,0,1,9,6,0,0,5,4,116,3,16,3,8,13,4,10,17,8,5,0,0,1,12,15
22,15,6,27,6,0,0,2,0,0,1,7,8,0,0,5,4,116,2,16,4,8,15,3,10,16,8,4,0,0,2,12,45
-4,14,7,28,5,0,0,2,0,0,1,6,9,0,0,5,4,116,1,16,4,8,15,2,9,15,8,4,0,0,1,13,0
24,14,9,21,5,0,1,2,0,0,1,4,11,0,0,5,4,116,3,14,4,8,14,5,10,17,7,3,0,0,3,12,0
54,12,8,13,7,0,1,2,0,0,1,14,1,0,0,5,4,116,3,11,3,7,11,8,13,20,9,4,0,0,2,11,0
14,11,7,15,7,0,1,2,0,0,1,9,6,0,0,5,4,116,3,10,4,6,10,8,12,19,9,4,0,0,2,11,15
2,11,8,21,6,0,1,2,0,0,1,7,8,0,0,5,4,116,3,10,4,6,10,7,11,18,8,3,0,0,3,12,0
97,11,8,13,5,0,1,2,0,0,1,7,8,0,0,5,4,116,3,10,4,7,10,6,10,17,7,2,0,0,2,11,0
6,10,7,19,5,0,1,1,1,0,1,1,14,0,0,5,4,116,3,9,3,6,9,5,9,16,7,2,0,0,2,11,45
-12,9,6,17,5,0,1,1,1,0,1,14,1,0,0,5,4,116,3,8,2,5,8,4,8,15,7,2,0,0,2,11,30
30,9,7,10,5,0,0,1,1,0,1,9,6,0,0,5,4,116,3,8,2,5,8,3,7,14,6,2,0,0,1,10,30
81,7,5,17,4,0,0,1,1,0,1,5,10,0,0,5,4,116,1,8,3,7,8,5,6,13,7,2,0,0,2,11,30
-185,7,7,38,3,0,1,1,1,0,2,11,4,0,0,5,4,116,2,6,2,5,6,5,7,13,7,3,0,0,2,15,15
-94,5,5,23,3,0,1,0,1,0,2,9,6,0,0,5,4,116,0,6,4,6,6,4,9,13,8,3,0,0,1,12,15
58,5,5,8,3,0,1,0,1,0,1,7,8,0,0,5,4,116,0,6,5,6,6,3,9,12,7,2,0,0,2,10,15
14,5,5,15,3,0,1,0,1,0,1,6,9,0,0,5,4,116,1,5,4,5,5,2,8,11,6,2,0,0,2,11,15
4,5,5,10,3,0,1,0,1,0,0,4,11,0,0,5,4,116,1,5,4,5,5,1,7,10,5,1,0,0,1,10,30
111,1,1,0,5,0,1,1,1,0,0,0,15,0,1,5,4,116,1,1,1,1,1,7,8,10,8,3,0,0,1,9,0
20,0,0,8,5,0,0,1,1,0,0,12,3,0,0,5,4,116,0,1,1,1,1,6,7,9,8,3,0,0,2,10,15
19,0,0,12,5,0,0,1,1,0,0,8,7,0,0,5,4,116,1,0,0,0,0,5,6,8,7,3,0,0,2,10,45
17,0,0,2,5,0,0,0,1,0,0,12,3,0,0,5,4,116,0,0,0,0,0,4,5,7,7,2,0,0,2,9,30
52,0,0,6,5,0,0,0,0,0,0,11,4,0,0,5,4,116,0,0,0,0,0,3,4,6,6,1,0,0,2,10,0
29,0,0,4,4,0,0,0,0,0,0,8,7,0,0,5,4,116,0,0,0,0,0,2,4,5,5,1,0,0,2,9,45
-14,0,0,4,3,0,0,0,0,0,0,4,11,0,0,5,4,116,0,0,0,0,0,1,3,4,4,0,0,0,2,9,45
8,0,0,6,2,0,0,0,0,0,0,0,13,0,0,5,4,116,0,0,0,0,0,2,3,3,3,0,0,0,2,10,0
24,0,0,2,1,0,0,0,0,0,0,0,36,0,0,5,4,116,0,0,0,0,0,2,2,2,2,0,0,0,2,9,30
27,0,0,1,0,0,0,0,0,0,0,0,55,0,0,5,4,116,0,0,0,0,0,1,1,1,1,0,0,0,2,9,15
61,35,5,45,0,0,0,0,0,0,1,6,0,0,0,4,4,115,1,47,4,6,12,2,3,7,1,1,6,1,1,17,0
-2,33,4,48,1,0,0,1,0,0,1,12,3,1,0,4,4,115,1,44,3,5,11,2,5,8,3,2,5,2,1,17,15
17,31,2,44,1,0,0,1,0,0,1,5,10,0,0,4,4,115,0,43,4,6,12,4,4,10,4,3,5,1,3,16,45
62,30,1,37,3,0,0,2,0,0,0,3,12,0,0,4,4,115,2,40,3,5,11,3,4,10,4,3,4,1,2,15,45
42,30,2,41,3,0,1,1,0,0,0,13,2,0,0,4,4,115,2,39,2,4,11,2,4,10,4,3,4,0,2,16,15
28,30,2,39,2,0,1,1,0,0,0,9,6,0,0,4,4,115,2,39,2,4,12,1,4,9,3,2,4,1,1,16,0
5,29,3,42,2,0,1,3,0,0,0,14,1,0,0,4,4,115,1,36,3,6,12,3,6,10,6,4,4,3,1,16,30
-12,28,4,42,1,0,1,4,0,0,0,0,15,0,0,4,4,115,1,35,4,7,12,4,6,11,6,3,4,3,1,16,30
31,28,4,36,1,0,0,4,0,0,0,12,3,0,0,4,4,115,1,35,4,7,13,3,6,12,5,3,3,3,2,15,30
-54,27,5,45,2,0,0,5,1,0,0,3,12,0,0,4,4,115,2,31,2,5,11,4,5,13,7,3,2,2,1,17,0
-16,26,4,39,2,0,0,4,1,0,0,0,15,0,0,4,4,115,1,31,3,5,11,3,4,13,7,3,1,1,1,16,0
-9,26,5,37,1,0,0,4,1,0,0,11,4,0,0,4,4,115,1,31,3,5,11,3,4,12,6,3,1,0,2,15,45
-5,25,6,34,1,0,0,4,1,0,1,8,7,0,0,4,4,115,2,29,2,6,10,2,6,11,6,2,1,0,1,15,0
1,24,5,35,1,0,0,3,2,0,1,44,1,0,0,4,4,115,1,28,2,5,9,2,5,11,7,4,1,0,1,15,15
-29,22,6,33,2,0,0,3,2,0,1,15,30,0,0,4,4,115,1,26,3,6,12,4,9,12,8,5,1,0,1,14,45
32,21,5,31,3,0,1,3,1,0,1,4,41,0,0,4,4,115,2,24,2,4,10,6,8,12,8,4,1,0,1,14,15
26,20,4,32,3,0,1,2,1,0,1,12,3,0,0,4,4,115,1,24,3,4,11,6,7,12,8,3,1,0,1,14,30
-112,19,3,45,3,0,1,1,1,0,1,11,4,0,0,4,4,115,0,24,3,5,11,5,6,11,8,3,1,0,1,17,0
67,19,5,28,4,0,1,1,1,0,0,14,1,0,0,4,4,115,1,23,3,4,11,5,6,13,7,3,1,0,1,13,15
85,19,5,26,5,0,1,0,1,0,0,13,2,0,0,4,4,115,2,22,2,3,10,4,5,14,6,2,1,0,2,13,0
51,18,4,26,5,0,1,0,0,0,0,4,11,0,0,4,4,115,1,22,2,5,10,3,4,13,6,2,1,0,2,13,0
30,17,4,30,5,0,1,0,0,0,0,13,2,0,0,4,4,115,1,21,1,4,12,2,5,14,6,3,1,0,1,13,30
42,16,4,24,5,0,0,1,0,0,0,1,14,0,0,4,4,115,1,20,1,6,11,2,4,13,6,2,1,0,2,12,45
42,14,3,24,5,0,0,1,0,0,0,3,12,0,0,4,4,115,0,19,5,6,14,3,6,14,7,1,1,0,2,12,45
64,13,3,18,6,0,0,1,0,0,0,3,12,0,0,4,4,115,1,17,3,5,13,3,9,15,7,1,1,0,2,12,0
34,13,3,22,5,0,0,1,0,0,0,3,12,0,0,4,4,115,1,17,3,5,13,2,8,15,6,0,1,0,2,12,30
22,12,5,18,5,0,2,1,0,0,0,13,2,0,0,4,4,115,2,14,2,6,11,6,9,14,7,1,1,0,2,12,0
6,12,7,20,5,0,2,1,0,0,0,1,14,0,0,4,4,115,2,13,1,7,11,6,9,14,7,2,1,0,2,12,15
19,11,7,15,4,0,2,1,0,0,0,4,11,0,0,4,4,115,1,13,4,8,12,7,9,15,7,2,1,1,1,11,30
29,11,7,28,3,0,2,1,0,0,0,2,13,0,0,4,4,115,1,13,4,8,12,6,8,14,6,1,1,1,1,13,15
-8,10,6,17,4,0,1,1,0,0,0,1,14,0,0,4,4,115,1,12,4,7,11,5,7,13,6,2,1,1,2,11,45
34,10,7,15,3,0,1,1,0,0,0,13,2,0,0,4,4,115,1,12,4,8,11,4,6,12,5,1,1,1,1,11,30
24,10,7,22,2,0,1,1,0,0,0,13,2,0,0,4,4,115,1,12,4,8,11,3,5,11,4,1,1,1,2,12,30
27,9,7,13,3,0,0,1,0,0,0,0,15,0,0,4,4,115,1,11,5,7,11,3,7,11,4,1,1,1,1,11,0
-18,9,7,20,2,0,0,1,0,0,1,0,15,0,0,4,4,115,2,10,4,6,10,2,6,10,3,1,1,1,2,12,15
6,5,4,11,5,0,0,2,0,0,0,2,13,0,0,4,4,115,2,6,2,4,6,5,6,14,6,4,1,1,1,10,45
2,5,4,14,5,0,0,1,0,0,0,11,4,0,0,4,4,115,2,6,3,4,6,4,6,13,5,3,0,1,2,11,15
18,3,3,11,5,0,0,2,0,0,0,10,5,0,0,4,4,115,2,4,2,4,4,4,6,12,6,2,0,0,1,10,45
10,3,3,7,4,0,0,2,0,0,0,9,6,0,0,4,4,115,2,4,2,4,4,3,5,11,5,2,0,0,2,10,15
38,2,2,7,3,0,0,2,0,0,0,3,12,0,0,4,4,115,1,4,2,4,4,2,5,10,5,3,0,0,2,10,15
29,2,2,3,2,0,1,2,1,0,0,10,5,0,0,4,4,115,2,2,2,2,2,3,9,9,5,3,0,0,2,9,45
4,1,1,9,1,0,1,2,1,0,0,0,15,0,0,4,4,115,1,2,2,2,2,3,8,8,5,3,0,0,2,10,30
8,1,1,9,1,0,1,1,1,0,0,10,5,0,0,4,4,115,0,2,2,2,2,4,7,7,5,3,0,0,2,10,30
-12,0,0,5,2,0,1,0,1,0,1,5,10,0,0,4,4,115,1,0,0,0,0,6,6,6,5,3,0,0,2,10,0
1,0,0,1,1,0,1,0,1,0,1,0,4,0,0,4,4,115,0,0,0,0,0,5,5,5,5,2,0,0,1,9,15
32,0,0,0,1,0,1,0,0,0,1,0,4,0,1,4,4,115,0,0,0,0,0,4,4,4,4,1,0,0,1,9,0
-42,0,0,3,1,0,1,0,0,0,0,0,9,0,0,4,4,115,0,0,0,0,0,3,3,3,3,1,0,0,2,9,45
37,0,0,2,0,0,1,0,0,0,0,0,10,0,0,4,4,115,0,0,0,0,0,2,2,2,2,1,0,0,2,9,30
-33,0,0,5,0,0,0,0,0,0,0,0,19,0,0,4,4,115,0,0,0,0,0,1,1,1,1,0,0,0,2,10,0
0,32,2,43,0,0,0,0,0,0,0,24,21,1,0,3,4,114,0,43,3,5,10,1,1,5,1,1,3,0,1,17,30
16,30,2,40,3,0,1,0,0,0,0,5,25,0,0,3,4,114,1,38,2,5,11,2,4,9,4,2,3,0,1,16,30
-14,30,4,42,4,0,1,0,0,0,0,12,18,0,0,3,4,114,2,36,2,6,11,3,4,10,4,2,3,1,1,16,45
-5,29,3,39,4,0,0,0,0,0,0,9,6,0,0,3,4,114,1,36,5,7,13,2,6,10,4,1,3,2,2,16,0
-6,29,3,40,5,0,0,0,0,0,0,2,13,0,0,3,4,114,3,34,4,6,12,2,5,10,3,0,3,2,1,16,30
42,26,2,38,6,0,1,0,0,0,0,6,9,0,0,3,4,114,2,31,3,6,10,4,7,9,6,2,2,2,1,15,30
47,26,2,30,6,0,1,0,0,0,0,8,7,0,0,3,4,114,2,30,3,5,10,4,6,11,6,3,2,1,1,14,15
6,26,2,32,6,0,0,0,0,0,0,7,8,0,0,3,4,114,2,30,3,5,10,3,5,10,5,3,1,1,2,14,45
13,26,3,35,5,0,0,0,0,0,0,4,11,0,0,3,4,114,2,30,3,5,11,2,4,9,4,2,1,0,1,15,0
57,26,4,31,4,0,0,2,0,0,0,1,14,0,0,3,4,114,3,28,3,6,10,3,5,10,4,2,1,0,3,14,30
-2,24,4,35,3,0,1,3,0,0,0,28,17,0,0,3,4,114,3,26,3,5,12,2,4,10,5,2,1,0,1,15,0
-36,24,4,37,3,0,1,3,0,0,0,25,20,0,0,3,4,114,4,25,2,4,11,1,3,10,4,1,1,0,1,15,15
-60,22,2,32,5,0,0,3,0,0,0,10,5,0,0,3,4,114,3,23,2,4,14,2,7,10,6,0,1,1,2,14,45
78,22,3,23,5,0,0,2,0,0,0,8,7,0,0,3,4,114,3,23,2,4,14,1,6,9,5,0,1,1,2,12,45
32,20,5,25,5,0,0,2,1,0,0,4,11,0,0,3,4,114,3,21,2,7,16,5,7,12,6,1,1,1,2,13,0
46,20,6,27,5,0,0,1,1,0,0,14,1,0,0,3,4,114,3,21,4,9,16,4,6,12,5,1,0,1,1,13,15
-21,20,6,32,4,0,0,1,1,0,0,13,2,0,0,3,4,114,3,21,4,9,16,4,5,13,4,1,0,0,2,14,45
30,20,7,21,4,0,0,2,1,0,0,4,11,0,0,3,4,114,5,19,3,8,15,3,5,12,3,1,0,0,2,12,30
6,20,8,25,3,0,0,2,1,0,0,11,4,0,0,3,4,114,5,19,5,10,16,3,4,11,2,1,0,0,2,13,0
7,18,8,29,3,0,1,2,1,0,0,14,1,0,0,3,4,114,3,17,5,8,14,2,4,11,5,2,0,0,1,13,30
-24,16,7,23,4,0,2,2,1,0,0,12,3,0,0,3,4,114,3,14,4,8,13,2,6,13,7,2,0,0,2,12,45
-21,14,7,21,6,0,1,2,1,0,0,9,6,0,0,3,4,114,3,12,4,8,11,3,8,13,8,3,0,0,2,12,30
0,12,8,19,7,0,1,3,1,0,0,7,8,0,0,3,4,114,3,9,3,6,9,4,7,12,10,5,0,0,2,12,15
34,10,6,15,7,0,1,3,1,0,0,11,4,0,0,3,4,114,2,8,4,5,8,6,7,12,11,7,0,0,1,11,30
36,10,7,14,8,0,0,3,1,0,0,3,12,0,0,3,4,114,3,7,3,5,7,5,8,15,10,7,0,0,2,11,15
-20,9,7,17,8,0,0,2,1,0,0,27,3,0,0,3,4,114,2,7,4,6,7,4,8,15,10,7,0,0,1,11,45
37,8,7,13,9,0,0,2,1,0,0,18,12,0,0,3,4,114,3,5,2,4,5,3,7,16,10,7,0,0,1,11,0
6,7,6,18,9,0,0,1,1,0,0,14,16,0,0,3,4,114,2,5,2,4,5,3,7,15,10,6,0,0,2,12,0
17,7,6,15,8,0,0,1,1,0,0,14,16,0,0,3,4,114,2,5,2,4,5,2,6,14,9,6,0,0,1,11,30
9,4,4,19,10,0,0,0,1,0,0,3,12,0,0,3,4,114,1,3,2,3,3,4,5,15,11,6,0,0,2,12,15
46,4,4,7,9,0,0,0,1,0,0,7,8,0,0,3,4,114,1,3,3,3,3,4,8,14,10,5,0,0,2,10,0
-50,4,4,27,9,0,0,0,0,0,0,7,8,0,0,3,4,114,1,3,3,3,3,3,7,13,9,5,0,0,1,13,15
45,2,2,12,9,0,0,0,0,0,0,14,1,0,0,3,4,114,0,2,2,2,2,2,7,12,10,6,0,0,1,10,30
42,1,1,5,9,0,0,0,0,0,0,14,1,0,0,3,4,114,0,1,1,1,1,1,9,11,10,6,0,0,3,9,45
59,0,0,10,8,0,0,0,0,0,1,13,2,0,0,3,4,114,0,0,0,0,0,8,10,10,10,5,0,0,1,10,15
43,0,0,10,7,0,0,0,0,0,1,10,5,0,0,3,4,114,0,0,0,0,0,7,9,9,9,4,0,0,1,10,15
66,0,0,3,6,0,0,0,0,0,1,10,5,0,0,3,4,114,0,0,0,0,0,6,8,8,8,4,0,0,2,9,30
50,0,0,2,5,0,0,0,0,0,1,8,7,0,0,3,4,114,0,0,0,0,0,6,7,7,7,4,0,0,2,9,15
51,0,0,7,4,0,0,0,0,0,1,4,11,0,0,3,4,114,0,0,0,0,0,5,6,6,6,3,0,0,2,10,0
61,0,0,0,3,0,0,0,0,0,1,0,1,0,1,3,4,114,0,0,0,0,0,5,5,5,5,2,0,0,1,9,0
92,0,0,7,2,0,0,0,0,0,1,0,4,0,0,3,4,114,0,0,0,0,0,4,4,4,4,1,0,0,2,10,0
31,0,0,0,2,0,0,0,0,0,0,0,7,0,1,3,4,114,0,0,0,0,0,3,3,3,3,1,0,0,1,9,0
44,0,0,5,1,0,0,0,0,0,0,0,20,0,0,3,4,114,0,0,0,0,0,2,2,2,2,1,0,0,3,9,45
23,0,0,3,0,0,0,0,0,0,0,0,30,0,0,3,4,114,0,0,0,0,0,1,1,1,1,1,0,0,2,9,30
2,37,4,48,2,0,0,0,0,0,0,14,1,1,0,2,4,113,2,46,1,3,11,1,2,7,1,0,6,1,2,17,45
14,34,3,46,1,0,0,0,2,0,0,0,15,0,0,2,4,113,1,44,3,8,13,2,5,11,3,2,5,2,1,17,15
6,33,3,45,3,0,0,0,1,0,0,5,10,0,0,2,4,113,2,42,4,9,13,4,6,14,3,2,5,3,1,17,0
17,33,4,41,4,0,0,0,0,0,1,25,5,0,0,2,4,113,2,40,5,7,11,3,5,13,4,2,5,3,2,16,30
13,33,4,47,3,0,0,0,0,0,1,24,6,0,0,2,4,113,2,40,5,7,11,2,4,12,3,1,5,3,1,17,30
-11,33,5,43,2,0,0,0,0,0,1,18,12,0,0,2,4,113,2,40,5,8,11,2,4,11,2,1,4,4,1,16,45
17,30,3,39,4,0,1,2,0,0,0,6,9,0,0,2,4,113,3,35,3,4,9,2,6,11,5,5,3,3,2,16,0
124,30,4,29,4,0,0,3,0,0,0,6,9,0,0,2,4,113,4,33,2,5,10,3,9,11,4,4,2,2,1,14,0
4,28,2,36,5,0,0,3,0,0,0,4,11,0,0,2,4,113,2,32,1,3,12,5,8,13,7,6,1,1,2,15,30
-12,28,2,43,4,0,0,3,0,0,0,2,13,0,0,2,4,113,2,32,1,4,12,5,7,12,6,6,1,0,1,16,45
-14,28,3,37,5,0,0,2,0,0,0,3,12,0,0,2,4,113,2,31,2,4,11,6,7,11,6,5,1,0,2,15,45
22,27,2,33,4,0,0,2,0,0,0,2,13,0,0,2,4,113,1,31,2,4,12,5,6,10,6,4,1,0,1,15,0
-13,27,4,41,3,0,0,2,0,0,0,5,10,0,0,2,4,113,1,31,2,5,13,4,5,9,5,3,1,0,2,16,30
2,26,3,33,2,0,0,2,0,0,0,3,12,0,0,2,4,113,0,31,2,6,14,3,5,8,5,3,1,0,1,15,0
41,26,3,35,1,0,0,3,0,0,0,12,3,0,0,2,4,113,1,30,3,5,13,3,4,7,4,3,1,0,1,15,15
-41,26,4,39,1,0,0,2,0,0,0,8,7,0,0,2,4,113,1,30,3,6,13,2,3,6,3,2,1,0,2,16,0
18,25,7,31,2,0,0,2,0,0,1,1,14,0,0,2,4,113,2,27,2,7,13,2,5,6,4,2,1,0,1,14,30
-39,23,8,37,3,0,0,1,0,0,1,20,10,0,0,2,4,113,1,26,5,8,14,4,4,10,5,3,1,0,2,15,45
22,21,7,28,4,0,2,1,0,0,0,0,30,0,0,2,4,113,2,23,4,8,13,3,3,10,6,5,1,0,1,13,30
-27,21,7,32,4,0,2,1,0,0,0,13,2,0,0,2,4,113,3,22,3,7,12,2,2,9,5,4,1,0,2,14,45
2,20,6,30,3,0,2,1,0,0,0,8,7,0,0,2,4,113,2,22,4,7,13,1,2,9,5,3,1,0,1,14,15
41,14,5,25,10,0,1,1,0,0,0,12,3,0,0,2,4,113,2,15,3,5,13,6,7,14,11,6,1,1,1,13,0
110,13,6,15,11,0,1,1,0,0,0,12,3,0,0,2,4,113,2,13,1,6,12,6,10,15,12,6,1,1,1,11,45
40,13,7,27,10,0,1,1,0,0,0,9,6,0,0,2,4,113,2,13,2,7,12,5,9,14,11,5,1,1,1,13,15
48,13,7,18,9,0,1,1,0,0,0,8,7,0,0,2,4,113,2,13,2,7,12,4,8,13,10,4,1,1,2,12,15
41,13,7,22,10,0,0,1,0,0,0,4,11,0,0,2,4,113,3,12,2,7,11,3,8,13,9,4,0,1,2,12,45
35,13,7,22,10,0,0,0,0,0,0,14,1,0,0,2,4,113,3,12,2,7,11,2,7,12,8,4,0,0,2,12,45
36,11,7,17,9,0,0,0,0,0,0,2,13,0,0,2,4,113,1,12,5,8,12,3,8,17,9,5,0,0,2,12,0
37,8,6,20,10,0,0,0,0,0,0,10,20,0,0,2,4,113,0,10,5,8,10,5,8,18,11,6,0,0,3,12,30
-6,8,6,20,10,0,0,0,0,0,0,7,23,0,0,2,4,113,1,9,4,7,9,4,7,18,10,5,0,0,3,12,30
37,7,6,18,11,0,0,0,0,0,0,13,2,0,0,2,4,113,2,7,3,6,7,5,7,18,10,5,0,0,2,12,15
36,7,6,22,10,0,0,0,0,0,0,12,3,0,0,2,4,113,2,7,3,6,7,4,6,17,9,5,0,0,2,12,45
-25,6,5,25,10,0,0,0,1,0,0,6,9,0,0,2,4,113,3,5,2,4,5,3,6,16,9,6,0,0,1,13,0
29,5,5,15,9,0,0,0,1,0,0,6,9,0,0,2,4,113,2,5,3,5,5,3,9,15,9,6,0,0,1,11,45
42,4,4,10,8,0,0,1,1,0,0,3,12,0,0,2,4,113,2,4,2,4,4,2,9,15,9,7,0,0,1,10,45
81,2,2,8,8,0,1,1,1,0,0,10,5,0,0,2,4,113,1,2,2,2,2,6,11,14,11,9,0,0,2,10,30
74,2,2,5,7,0,1,1,1,0,0,3,12,0,0,2,4,113,1,2,2,2,2,7,12,13,10,8,0,0,2,10,0
74,1,1,6,7,0,1,1,1,0,0,8,7,0,0,2,4,113,1,1,1,1,1,8,11,12,10,8,0,0,2,10,15
62,1,1,0,7,0,0,1,1,0,0,13,2,0,1,2,4,113,1,1,1,1,1,8,10,11,9,7,0,0,2,9,15
17,1,1,6,6,0,0,1,1,0,0,11,4,0,0,2,4,113,1,1,1,1,1,7,9,10,8,6,0,0,2,10,15
74,1,1,3,6,0,0,2,0,0,0,10,5,0,0,2,4,113,2,0,0,0,0,6,8,9,7,6,0,0,1,9,45
34,1,1,13,5,0,0,2,0,0,0,10,5,0,0,2,4,113,2,0,0,0,0,5,7,8,6,5,0,0,2,11,15
100,0,0,1,4,0,0,2,0,0,0,3,12,0,0,2,4,113,0,0,0,0,0,6,7,7,7,6,0,0,2,9,30
42,0,0,12,3,0,0,2,0,0,0,3,12,0,0,2,4,113,0,0,0,0,0,5,6,6,6,5,0,0,2,11,0
65,0,0,3,2,0,0,2,0,0,0,2,13,0,0,2,4,113,0,0,0,0,0,4,5,5,5,5,0,0,1,9,45
-55,0,0,10,2,0,0,1,0,0,0,4,11,0,0,2,4,113,0,0,0,0,0,3,4,4,4,4,0,0,1,10,45
11,0,0,8,2,0,0,0,0,0,0,9,6,0,0,2,4,113,0,0,0,0,0,2,3,3,3,3,0,0,2,10,30
-41,0,0,13,1,0,0,0,0,0,0,4,11,0,0,2,4,113,0,0,0,0,0,2,2,2,2,2,0,0,2,11,15
22,0,0,1,0,0,0,0,0,0,0,0,25,0,0,2,4,113,0,0,0,0,0,1,1,1,1,1,0,0,2,9,30
27,38,5,48,1,0,0,1,1,0,1,17,13,1,0,6,4,110,1,45,4,9,12,2,4,10,4,3,6,1,1,17,30
49,38,8,46,1,0,1,1,1,0,0,8,7,0,0,6,4,110,2,44,7,10,12,3,4,10,3,3,6,1,2,17,0
-38,36,6,48,4,0,0,3,1,0,1,4,11,1,0,6,4,110,5,38,4,5,9,3,5,13,5,4,6,1,1,17,30
33,35,5,46,3,0,0,4,1,0,1,26,4,0,0,6,4,110,5,37,3,4,8,2,6,13,5,3,6,2,2,17,0
40,33,4,44,3,0,0,3,1,0,2,14,16,0,0,6,4,110,4,36,2,4,8,3,6,12,6,3,5,2,2,16,45
78,30,2,34,5,0,0,3,1,0,1,6,9,0,0,6,4,110,3,34,1,3,8,4,6,11,8,4,5,2,2,15,0
32,30,2,40,4,0,0,3,1,0,1,4,11,0,0,6,4,110,3,34,1,4,9,4,5,10,7,4,5,2,2,16,0
51,30,3,38,3,0,0,3,2,0,1,4,11,0,0,6,4,110,3,33,1,4,8,4,8,9,7,4,4,3,2,15,45
-61,30,3,44,2,0,0,3,2,0,1,28,2,0,0,6,4,110,3,33,1,4,10,3,8,8,6,4,4,2,2,16,45
12,30,3,42,2,0,0,3,2,0,0,20,10,0,0,6,4,110,3,33,3,4,10,2,7,9,5,4,4,2,2,16,30
22,29,2,40,3,0,0,2,2,0,0,11,19,0,0,6,4,110,3,32,2,4,9,2,6,9,5,4,3,2,2,16,0
-84,28,3,42,4,0,0,2,2,0,0,12,3,0,0,6,4,110,3,30,2,5,10,5,5,10,6,4,3,1,2,16,30
29,28,3,38,4,0,0,1,2,0,0,11,4,0,0,6,4,110,2,30,2,5,10,4,4,9,6,4,2,1,2,15,45
18,28,3,34,4,0,0,1,1,0,0,10,5,0,0,6,4,110,2,30,2,5,10,3,3,8,5,3,2,0,2,15,0
27,27,3,36,4,0,0,1,1,0,0,6,9,0,0,6,4,110,1,29,1,4,9,2,2,8,6,4,2,0,2,15,30
24,27,4,36,3,0,0,1,1,0,0,14,1,0,0,6,4,110,1,29,2,6,10,1,1,8,5,4,2,0,2,15,30
-22,23,5,31,5,0,1,4,0,0,0,10,50,0,0,6,4,110,2,23,2,4,10,3,7,13,9,5,2,1,2,14,30
44,23,5,30,4,0,1,4,0,0,0,9,51,0,0,6,4,110,2,23,2,4,10,2,6,12,8,4,2,1,1,14,15
37,22,4,27,4,0,0,4,0,0,0,13,2,0,0,6,4,110,1,23,3,5,11,2,5,11,8,5,2,1,1,13,0
115,20,5,25,5,0,0,4,0,0,0,2,13,0,0,6,4,110,1,21,3,6,13,4,9,13,9,7,1,1,2,12,45
-4,20,5,32,5,0,0,4,0,0,0,12,3,0,0,6,4,110,2,20,2,6,13,3,8,12,8,6,1,0,2,14,45
-9,20,5,32,4,0,0,4,0,0,0,10,5,0,0,6,4,110,2,20,3,6,13,2,7,11,7,5,1,0,2,14,45
41,20,5,29,4,0,0,3,0,0,0,5,10,0,0,6,4,110,2,20,3,6,13,2,6,11,6,4,1,0,1,13,15
112,18,6,20,4,0,0,4,0,0,1,9,6,0,0,6,4,110,3,17,3,6,12,5,7,11,7,6,1,0,2,12,0
79,17,6,22,3,0,0,4,0,0,1,1,14,0,0,6,4,110,2,17,3,6,13,4,7,12,7,6,1,0,1,12,15
15,15,6,27,4,0,0,3,0,0,1,6,9,0,0,6,4,110,1,16,3,7,14,4,7,13,8,7,1,0,1,13,0
18,15,6,24,3,0,0,3,0,0,1,6,9,0,0,6,4,110,1,16,3,7,14,3,6,12,7,6,1,0,2,12,30
14,15,6,25,3,0,0,2,0,0,1,5,10,0,0,6,4,110,1,16,3,8,14,2,5,11,6,5,1,0,2,12,45
22,14,7,18,5,0,0,3,0,0,0,13,2,0,0,6,4,110,2,13,3,7,13,4,5,13,7,4,1,0,2,11,45
48,12,6,18,4,0,0,4,0,0,1,9,6,0,0,6,4,110,2,11,4,6,11,3,5,13,8,5,1,0,2,11,45
-12,12,6,20,3,0,0,4,0,0,1,8,7,0,0,6,4,110,2,11,4,6,11,3,5,12,7,4,1,0,2,12,0
16,11,6,22,4,0,0,3,0,0,1,14,1,0,0,6,4,110,2,10,4,6,10,2,5,12,7,4,1,0,1,12,15
3,7,4,13,5,0,1,3,0,0,1,9,6,0,0,6,4,110,1,7,2,5,7,2,6,14,10,5,1,1,1,11,0
23,7,6,16,4,0,1,4,0,0,1,7,8,0,0,6,4,110,2,6,4,6,6,5,9,13,9,5,1,1,2,11,30
24,6,6,16,5,0,1,3,0,0,1,8,7,0,0,6,4,110,1,5,3,5,5,4,8,16,10,6,1,1,2,11,30
15,6,6,15,4,0,2,3,0,0,1,3,12,0,0,6,4,110,2,4,3,4,4,4,7,15,9,5,1,1,2,11,15
26,5,5,8,5,0,1,3,0,0,1,12,3,0,0,6,4,110,2,3,3,3,3,5,7,14,9,6,1,1,2,10,15
32,4,4,12,6,0,1,2,0,0,1,7,8,0,0,6,4,110,2,2,2,2,2,5,8,13,9,5,0,1,2,10,45
47,3,3,6,5,0,1,2,0,0,1,6,9,0,0,6,4,110,1,2,2,2,2,4,8,12,9,6,0,0,2,10,0
10,2,2,4,7,0,0,2,0,0,1,2,13,0,0,6,4,110,2,0,0,0,0,4,7,11,9,5,0,0,2,9,45
27,2,2,13,6,0,0,2,0,0,1,1,14,0,0,6,4,110,2,0,0,0,0,3,6,10,8,5,0,0,1,11,0
15,2,2,4,5,0,0,2,0,0,1,12,3,0,0,6,4,110,2,0,0,0,0,2,5,9,7,4,0,0,2,9,45
28,0,0,10,5,0,0,1,0,0,1,3,12,0,0,6,4,110,0,0,0,0,0,4,8,8,8,5,0,0,1,10,30
18,0,0,6,4,0,0,1,0,0,1,0,3,0,0,6,4,110,0,0,0,0,0,3,7,7,7,5,0,0,2,10,0
8,0,0,1,3,0,0,1,0,0,1,0,8,0,0,6,4,110,0,0,0,0,0,2,6,6,6,4,0,0,2,9,15
40,0,0,8,3,0,0,1,0,0,0,0,19,0,0,6,4,110,0,0,0,0,0,5,5,5,5,3,0,0,2,10,15
-13,0,0,10,3,0,0,0,0,0,0,0,41,0,0,6,4,110,0,0,0,0,0,4,4,4,4,3,0,0,1,10,30
9,0,0,2,2,0,0,0,0,0,0,0,45,0,0,6,4,110,0,0,0,0,0,3,3,3,3,2,0,0,2,9,30
11,0,0,0,1,0,0,0,0,0,0,0,46,0,1,6,4,110,0,0,0,0,0,2,2,2,2,1,0,0,1,9,0
3,0,0,2,0,0,0,0,0,0,0,0,47,0,0,6,4,110,0,0,0,0,0,1,1,1,1,0,0,0,2,9,30
31,31,3,43,0,0,0,2,0,0,0,11,19,0,0,5,4,109,0,43,2,5,10,1,3,8,3,2,6,1,1,17,0
4,29,4,39,2,0,1,3,0,0,0,22,8,0,0,5,4,109,2,38,3,5,10,3,5,10,5,3,6,2,2,16,30
91,28,3,36,2,0,1,2,0,0,0,12,18,0,0,5,4,109,1,38,3,5,10,4,6,9,5,3,5,2,2,15,45
14,28,3,43,3,0,1,1,0,0,0,6,24,0,0,5,4,109,2,37,2,5,9,3,6,8,4,3,4,2,1,17,0
-26,28,4,39,4,0,0,2,0,0,0,5,10,0,0,5,4,109,2,35,2,3,9,2,5,7,5,3,4,1,2,16,30
55,28,5,37,3,0,0,2,0,0,0,2,13,0,0,5,4,109,2,35,2,3,9,3,4,6,4,2,4,1,2,16,0
11,25,4,35,3,0,0,3,0,0,0,19,11,0,0,5,4,109,1,33,1,5,9,3,5,7,6,4,4,2,1,15,30
-14,25,4,41,3,0,0,2,0,0,0,19,11,0,0,5,4,109,1,33,1,5,9,2,4,6,5,4,4,2,2,16,45
12,25,4,37,2,0,0,2,0,0,0,10,20,0,0,5,4,109,1,33,2,5,10,1,3,5,4,3,3,2,2,16,0
-96,23,4,45,2,0,0,3,0,0,0,5,10,1,0,5,4,109,1,31,3,6,12,2,2,8,5,4,3,1,1,17,30
31,22,3,33,3,0,0,2,0,0,0,2,13,0,0,5,4,109,1,30,2,5,12,1,1,7,5,4,2,1,1,15,0
81,18,5,21,7,0,0,2,0,0,0,0,45,0,0,5,4,109,0,24,3,7,13,2,6,14,10,6,2,0,2,12,15
39,18,6,32,8,0,0,1,0,0,0,5,10,0,0,5,4,109,1,24,3,7,14,2,6,13,9,6,2,0,2,14,45
93,16,6,26,10,0,0,1,0,0,0,10,5,0,0,5,4,109,2,21,4,7,12,4,10,16,10,6,2,1,1,13,0
81,14,5,29,9,0,0,1,0,0,0,0,15,0,0,5,4,109,0,20,5,8,14,6,9,17,11,7,2,1,1,13,30
-11,14,5,30,10,0,0,1,0,0,0,12,3,0,0,5,4,109,2,19,3,6,13,6,8,17,10,6,2,1,1,14,15
-68,14,5,33,9,0,0,1,0,0,0,7,8,0,0,5,4,109,2,19,4,6,13,5,8,16,9,6,2,1,1,15,0
17,12,4,31,10,0,0,0,1,0,0,6,9,0,0,5,4,109,2,17,4,7,13,6,8,19,10,7,2,1,1,14,30
46,11,3,24,9,0,0,0,1,0,0,3,12,0,0,5,4,109,1,17,4,7,13,5,7,18,10,6,2,1,2,12,45
73,11,3,28,8,0,0,0,1,0,0,1,14,0,0,5,4,109,1,16,4,7,13,4,6,17,9,5,2,1,1,13,15
15,11,3,24,8,0,0,0,1,0,0,0,15,0,0,5,4,109,2,16,3,6,12,3,5,16,8,4,2,1,2,12,45
17,10,3,22,9,0,0,0,1,0,0,1,14,0,0,5,4,109,2,14,2,5,10,4,7,17,9,5,2,1,2,12,30
47,10,5,26,8,0,0,0,1,0,0,12,3,0,0,5,4,109,2,14,3,5,11,3,7,16,8,5,1,1,1,13,0
97,9,5,15,7,0,0,1,1,0,0,11,4,0,0,5,4,109,2,13,3,7,11,2,9,15,8,5,1,1,2,11,30
61,9,6,17,7,0,0,1,1,0,0,3,12,0,0,5,4,109,2,12,2,6,11,3,9,17,8,5,1,1,2,11,45
66,7,4,15,7,0,0,2,1,0,0,7,8,0,0,5,4,109,1,10,4,6,10,7,12,19,10,6,1,1,2,11,30
54,7,5,12,6,0,0,2,1,0,0,6,9,0,0,5,4,109,1,10,4,6,10,7,12,18,9,6,1,1,1,11,0
11,7,5,19,6,0,1,2,0,0,0,1,14,0,0,5,4,109,2,9,3,5,9,8,11,17,8,5,1,1,1,12,0
-279,7,5,41,5,0,1,2,0,0,0,0,15,0,0,5,4,109,2,9,4,6,9,7,10,16,7,4,1,1,2,16,45
-62,5,4,22,6,0,1,2,0,0,0,5,10,0,0,5,4,109,2,7,3,5,7,7,9,15,8,5,1,1,2,12,30
27,4,3,19,5,0,1,2,0,0,0,1,14,0,0,5,4,109,1,7,3,5,7,6,8,14,8,5,0,1,1,12,0
63,4,3,14,4,0,2,2,0,0,0,12,3,0,0,5,4,109,2,6,2,4,6,6,7,13,7,4,0,0,2,11,15
28,4,3,8,4,0,1,2,0,0,0,6,9,0,0,5,4,109,2,6,2,5,6,6,9,12,6,4,0,0,2,10,30
28,3,2,10,4,0,1,1,0,0,0,3,12,0,0,5,4,109,1,6,2,5,6,5,8,11,6,4,0,0,2,10,45
-9,3,2,17,3,0,1,1,0,0,0,2,13,0,0,5,4,109,1,6,2,5,6,4,7,10,5,3,0,0,2,11,45
30,3,2,12,3,0,2,0,0,0,0,12,3,0,0,5,4,109,2,5,2,4,5,3,7,9,4,2,0,0,1,11,0
20,3,3,8,3,0,2,0,0,0,0,14,1,0,0,5,4,109,2,4,2,4,4,2,7,10,4,3,0,0,2,10,30
80,3,3,1,3,0,1,0,0,0,0,6,9,0,0,5,4,109,2,4,3,4,4,4,7,9,3,2,0,0,1,9,15
44,1,1,6,4,0,1,0,0,0,0,11,4,0,0,5,4,109,0,2,2,2,2,5,6,8,6,2,0,0,2,10,15
6,1,1,5,4,0,0,0,0,0,0,11,4,0,0,5,4,109,0,2,2,2,2,4,5,7,5,2,0,0,2,10,0
7,1,1,3,4,0,0,0,0,0,0,7,8,0,0,5,4,109,1,1,1,1,1,4,4,6,4,2,0,0,1,9,45
-2,1,1,3,3,0,0,0,0,0,0,1,14,0,0,5,4,109,1,1,1,1,1,3,3,5,3,2,0,0,1,9,45
-24,0,0,10,3,0,0,0,0,0,0,1,14,0,0,5,4,109,0,0,0,0,0,2,4,4,4,1,0,0,2,10,45
-13,0,0,2,2,0,0,0,0,0,0,9,6,0,0,5,4,109,0,0,0,0,0,1,3,3,3,0,0,0,2,9,30
22,0,0,0,1,0,0,0,0,0,0,0,36,0,1,5,4,109,0,0,0,0,0,2,2,2,2,0,0,0,1,9,0
-22,0,0,6,0,0,0,0,0,0,0,0,39,0,0,5,4,109,0,0,0,0,0,1,1,1,1,0,0,0,2,10,15
-3,25,2,43,3,0,0,0,0,0,0,5,10,1,0,4,4,108,2,41,1,4,10,2,5,7,2,1,5,1,1,17,0
-2,25,2,43,2,0,0,0,0,0,0,4,11,1,0,4,4,108,2,41,1,4,10,1,4,6,1,1,5,0,1,17,0
3,24,5,39,3,0,0,1,0,0,0,4,11,0,0,4,4,108,2,38,3,6,10,4,4,7,3,0,5,0,1,16,0
-20,24,5,41,2,0,0,1,0,0,0,28,2,0,0,4,4,108,1,38,3,7,10,3,4,6,3,0,5,1,2,16,45
-13,23,4,41,2,0,0,1,0,0,0,20,10,0,0,4,4,108,0,37,3,6,9,2,3,5,4,2,5,1,2,16,45
69,23,4,32,2,0,0,2,0,0,0,9,21,0,0,4,4,108,2,35,3,4,9,1,2,6,3,2,5,1,2,14,30
-5,19,2,38,5,0,0,2,0,0,0,14,1,0,0,4,4,108,2,31,0,3,10,3,3,9,6,2,4,1,1,15,45
-46,19,3,40,4,0,0,2,0,0,0,8,7,0,0,4,4,108,1,31,2,5,11,2,4,10,6,1,4,1,2,16,30
33,18,3,33,4,0,0,1,0,0,0,3,12,0,0,4,4,108,0,31,3,5,12,1,3,10,6,1,4,1,2,14,45
0,17,5,37,5,0,1,1,0,0,0,5,10,0,0,4,4,108,2,28,4,8,13,4,7,15,6,1,3,2,1,15,15
5,16,4,35,5,0,1,1,0,0,0,14,1,0,0,4,4,108,2,27,4,7,13,3,6,14,6,0,3,1,1,15,0
-9,15,5,33,6,0,1,1,0,0,0,9,6,0,0,4,4,108,2,25,5,7,12,5,7,17,7,0,3,2,2,14,45
5,15,5,31,6,0,1,0,0,0,0,8,7,0,0,4,4,108,2,25,5,7,12,4,6,16,6,0,3,2,1,14,15
139,14,5,22,7,0,1,0,0,0,0,11,4,0,0,4,4,108,2,23,3,6,12,4,7,15,7,2,3,3,2,12,30
-43,14,5,30,7,0,0,0,0,0,0,11,4,0,0,4,4,108,2,23,3,6,12,3,6,14,6,2,2,3,1,13,45
2,12,5,29,6,0,0,2,1,0,0,11,4,0,0,4,4,108,3,20,2,5,12,3,8,15,7,3,2,2,1,13,30
8,11,4,26,5,0,0,2,1,0,0,12,3,0,0,4,4,108,2,20,3,6,12,4,8,14,7,3,2,2,1,13,0
45,10,3,26,4,0,0,2,1,0,0,3,12,0,0,4,4,108,0,20,5,7,12,4,9,13,8,4,1,2,1,13,0
-25,9,3,24,5,0,0,2,1,0,1,2,13,0,0,4,4,108,2,17,2,5,11,6,10,15,8,5,0,1,2,12,45
21,9,3,22,4,0,0,2,1,0,1,14,1,0,0,4,4,108,2,17,3,6,11,5,9,14,7,4,0,0,2,12,30
-103,8,3,35,4,0,1,2,1,0,1,5,10,0,0,4,4,108,2,15,2,6,11,6,9,13,8,4,0,0,1,15,0
4,8,3,28,3,0,1,2,1,0,1,1,14,0,0,4,4,108,2,15,2,6,11,6,9,12,7,4,0,0,1,13,15
19,8,3,18,3,0,1,2,0,0,1,0,15,0,0,4,4,108,2,15,2,6,11,6,8,11,6,4,0,0,2,12,0
23,7,2,16,3,0,1,1,0,0,1,9,6,0,0,4,4,108,0,15,2,7,11,5,7,11,7,5,0,0,2,11,45
25,7,3,14,4,0,1,1,0,0,0,26,4,0,0,4,4,108,1,14,3,6,13,4,6,13,6,4,0,0,2,11,30
-3,7,3,16,4,0,0,2,0,0,0,24,6,0,0,4,4,108,2,13,2,5,12,3,5,12,5,4,0,0,2,11,45
5,7,3,24,3,0,0,2,0,0,0,18,12,0,0,4,4,108,1,13,4,5,12,4,4,12,5,3,0,0,2,12,45
28,7,4,18,3,0,0,1,0,0,0,15,15,0,0,4,4,108,1,13,4,5,12,3,6,11,4,2,0,0,2,12,0
-19,5,3,20,4,0,0,1,0,0,0,7,8,0,0,4,4,108,0,11,3,7,11,2,5,11,6,3,0,0,2,12,15
-52,5,3,20,5,0,0,1,0,0,0,4,11,0,0,4,4,108,2,9,1,5,9,1,4,11,5,2,0,0,2,12,15
12,4,3,14,5,0,0,1,0,0,0,3,12,0,0,4,4,108,2,8,4,7,8,3,8,14,5,3,0,0,2,11,30
53,3,2,7,4,0,0,0,0,0,0,1,14,0,0,4,4,108,1,8,4,7,8,2,7,13,5,2,0,0,1,10,15
13,3,2,10,4,0,0,0,0,0,0,1,14,0,0,4,4,108,1,8,4,7,8,2,7,13,5,2,0,0,2,10,45
56,1,1,1,6,0,0,0,0,0,1,11,4,0,0,4,4,108,1,4,4,4,4,5,8,12,7,2,0,0,2,9,15
-8,1,1,12,6,0,0,0,0,0,1,7,8,0,0,4,4,108,1,3,3,3,3,4,9,11,7,1,0,0,2,11,0
8,1,1,9,5,0,0,0,0,0,1,1,14,0,0,4,4,108,0,3,3,3,3,3,8,10,7,2,0,0,2,10,30
-51,1,1,12,4,0,0,0,0,0,1,14,1,0,0,4,4,108,0,2,3,3,3,2,7,9,6,1,0,0,2,11,0
-6,1,1,4,6,0,0,0,0,0,0,7,8,0,0,4,4,108,1,1,1,1,1,2,7,8,6,1,0,0,1,9,45
-22,0,0,4,6,0,0,0,0,0,0,0,6,0,0,4,4,108,0,0,0,0,0,6,7,7,7,2,0,0,1,9,45
-12,0,0,2,5,0,0,0,0,0,0,0,8,0,0,4,4,108,0,0,0,0,0,5,6,6,6,2,0,0,2,9,30
-2,0,0,6,4,0,0,0,0,0,0,0,16,0,0,4,4,108,0,0,0,0,0,4,5,5,5,2,0,0,2,10,0
10,0,0,0,3,0,0,0,0,0,0,0,20,0,1,4,4,108,0,0,0,0,0,4,4,4,4,2,0,0,1,9,0
-73,0,0,10,2,0,0,0,0,0,0,0,22,0,0,4,4,108,0,0,0,0,0,3,3,3,3,1,0,0,2,10,45
2,0,0,7,1,0,0,0,0,0,0,0,33,0,0,4,4,108,0,0,0,0,0,2,2,2,2,0,0,0,1,10,15
13,0,0,2,0,0,0,0,0,0,0,0,47,0,0,4,4,108,0,0,0,0,0,1,1,1,1,0,0,0,2,9,30
30,45,6,53,3,0,2,0,1,0,0,25,5,1,0,3,4,107,2,47,2,7,12,1,2,6,5,4,7,0,1,17,30
67,41,7,49,6,0,1,0,1,0,1,12,3,0,0,3,4,107,2,43,4,8,11,2,4,12,8,7,7,2,2,16,45
69,37,6,47,8,0,1,1,1,0,1,13,2,0,0,3,4,107,1,39,4,7,10,3,5,13,12,8,6,2,2,16,30
43,37,6,49,7,0,1,1,1,0,1,10,5,0,0,3,4,107,1,39,4,7,10,2,4,12,11,7,6,1,2,16,45
48,35,5,44,9,0,1,3,1,0,0,1,14,0,0,3,4,107,3,35,2,3,8,3,9,14,12,6,5,3,1,16,0
45,33,3,42,9,0,0,3,1,0,0,6,9,0,0,3,4,107,1,35,3,4,11,3,8,13,13,5,5,2,2,15,45
79,32,3,47,8,0,0,3,1,0,1,6,9,0,0,3,4,107,1,34,2,4,12,5,9,16,13,6,5,3,2,16,30
-26,31,3,51,9,0,0,3,1,0,1,9,6,0,0,3,4,107,2,32,0,3,12,6,8,16,13,5,5,3,1,17,0
52,31,3,44,8,0,0,3,1,0,1,3,12,0,0,3,4,107,2,32,1,5,12,5,7,15,12,4,5,3,1,16,0
6,30,2,46,7,0,0,3,1,0,1,9,6,0,0,3,4,107,1,32,2,5,14,4,7,15,12,3,5,3,2,16,15
16,30,2,39,6,0,0,3,1,0,1,7,8,0,0,3,4,107,1,32,2,5,14,4,6,14,11,2,5,3,1,15,15
55,30,3,36,6,0,0,2,1,0,1,5,10,0,0,3,4,107,1,32,2,5,14,4,6,13,10,1,4,3,2,15,0
0,30,3,42,5,0,0,2,1,0,1,1,14,0,0,3,4,107,1,32,3,5,14,3,6,12,9,1,3,2,2,15,45
46,29,7,32,7,0,0,2,1,0,0,7,8,0,0,3,4,107,1,30,3,8,14,3,9,13,10,1,2,2,2,14,30
16,29,7,51,7,0,0,2,0,0,0,6,9,0,0,3,4,107,1,30,3,8,14,2,8,12,9,1,2,1,1,17,0
114,28,9,30,10,0,0,1,0,0,0,25,20,0,0,3,4,107,2,27,4,9,12,7,9,13,10,1,2,1,2,14,15
120,27,8,36,9,0,0,1,0,0,0,21,24,0,0,3,4,107,1,27,5,9,12,6,8,12,10,1,2,1,2,15,0
112,27,8,34,8,0,0,1,0,0,0,17,28,0,0,3,4,107,1,27,5,9,13,5,7,13,9,0,2,1,3,14,45
11,25,7,30,9,0,0,1,0,0,1,6,39,0,0,3,4,107,2,24,4,7,11,5,6,13,10,2,2,1,2,14,15
110,23,5,32,9,0,0,1,0,0,1,1,44,0,0,3,4,107,1,23,4,6,11,4,5,12,11,2,2,1,2,14,30
-46,23,5,41,8,0,0,1,0,0,1,0,45,0,0,3,4,107,1,23,4,6,11,3,5,11,10,2,2,1,2,15,30
26,23,5,39,8,0,0,0,0,0,1,14,1,0,0,3,4,107,1,23,4,6,11,2,4,10,9,2,1,1,1,15,15
15,21,4,34,8,0,0,1,0,0,1,13,2,0,0,3,4,107,1,21,4,5,12,2,5,10,10,4,1,1,3,14,45
70,19,3,26,9,0,0,2,0,0,1,12,3,0,0,3,4,107,2,18,2,3,10,2,4,11,11,5,1,1,1,13,0
16,18,5,29,8,0,0,3,0,0,1,1,14,0,0,3,4,107,2,17,1,5,12,3,7,13,11,6,1,1,2,13,30
47,17,6,24,8,0,0,3,0,0,1,9,6,0,0,3,4,107,2,16,1,6,11,3,7,13,11,5,1,1,2,12,45
49,17,6,24,8,0,0,3,0,0,0,5,10,0,0,3,4,107,2,16,1,6,11,2,6,12,10,5,0,1,2,12,45
65,16,8,20,8,0,0,3,0,0,0,11,4,0,0,3,4,107,2,15,4,7,12,5,7,15,10,6,0,0,2,12,15
42,15,8,22,8,0,0,2,0,0,0,5,10,0,0,3,4,107,1,15,5,8,12,4,6,15,10,5,0,0,2,12,30
86,15,8,19,7,0,0,2,1,0,0,4,11,0,0,3,4,107,2,14,4,7,11,3,5,14,9,4,0,0,2,12,0
-52,15,8,36,6,0,0,2,1,0,0,0,15,0,0,3,4,107,2,14,4,8,12,2,4,13,8,3,0,0,2,15,0
32,13,7,22,8,0,0,1,1,0,0,13,2,0,0,3,4,107,2,12,4,7,11,2,6,15,9,4,0,0,2,12,30
30,9,6,20,9,0,0,3,1,0,0,0,15,0,0,3,4,107,2,8,3,5,8,5,9,16,12,6,0,0,2,12,15
36,8,5,28,8,0,0,3,1,0,0,12,3,0,0,3,4,107,1,8,3,5,8,4,8,16,12,5,0,0,1,13,15
39,7,5,26,9,0,0,3,1,0,0,0,15,0,0,3,4,107,2,6,1,4,6,4,9,17,12,5,0,0,1,13,0
36,6,4,15,8,0,0,3,1,0,0,5,10,0,0,3,4,107,1,6,3,4,6,5,10,17,12,4,0,0,1,11,15
73,6,4,15,9,0,0,2,1,0,0,1,14,0,0,3,4,107,2,5,2,4,5,4,10,16,11,4,0,0,1,11,15
25,6,5,13,8,0,0,2,1,0,0,12,3,0,0,3,4,107,2,5,2,4,5,4,9,15,10,4,0,0,2,11,0
49,4,4,11,9,0,0,2,0,0,0,12,3,0,0,3,4,107,1,4,2,4,4,6,9,16,11,4,0,0,2,10,45
20,4,4,18,9,0,0,2,0,0,0,9,6,0,0,3,4,107,2,3,1,3,3,5,8,15,10,3,0,0,1,11,45
12,3,3,17,8,0,0,2,0,0,0,0,15,0,0,3,4,107,1,3,2,3,3,6,8,14,10,3,0,0,1,11,30
32,3,3,2,7,0,0,2,0,0,0,11,4,0,0,3,4,107,1,3,3,3,3,5,8,13,9,3,0,0,2,9,30
27,3,3,13,6,0,0,2,0,0,0,8,7,0,0,3,4,107,1,3,3,3,3,5,8,12,8,2,0,0,2,11,0
51,2,2,6,6,0,0,2,0,0,0,14,1,0,0,3,4,107,1,2,2,2,2,4,8,11,8,3,0,0,1,10,0
33,2,2,9,5,0,0,2,0,0,0,6,9,0,0,3,4,107,1,2,2,2,2,3,8,10,7,3,0,0,2,10,30
55,2,2,4,5,0,0,2,0,0,0,2,13,0,0,3,4,107,2,1,1,1,1,3,7,9,6,2,0,0,2,9,45
31,1,1,11,5,0,0,2,0,0,0,11,4,0,0,3,4,107,2,0,0,0,0,3,6,8,6,3,0,0,2,10,45
29,0,0,9,5,0,0,1,0,0,0,2,13,0,0,3,4,107,0,0,0,0,0,5,7,7,7,5,0,0,2,10,30
-52,0,0,6,5,0,0,0,0,0,0,0,2,0,0,3,4,107,0,0,0,0,0,4,6,6,6,5,0,0,1,10,0
9,0,0,8,4,0,0,0,0,0,0,0,7,0,0,3,4,107,0,0,0,0,0,3,5,5,5,4,0,0,2,10,15
15,0,0,1,3,0,0,0,0,0,0,0,8,0,0,3,4,107,0,0,0,0,0,2,4,4,4,3,0,0,2,9,15
24,0,0,0,2,0,0,0,0,0,0,0,21,0,1,3,4,107,0,0,0,0,0,3,3,3,3,2,0,0,1,9,0
29,0,0,4,1,0,0,0,0,0,0,0,39,0,0,3,4,107,0,0,0,0,0,2,2,2,2,1,0,0,2,9,45
20,0,0,2,0,0,0,0,0,0,0,0,40,0,0,3,4,107,0,0,0,0,0,1,1,1,1,1,0,0,2,9,30
25,15,1,31,2,0,2,1,0,0,2,3,12,0,0,2,4,106,1,35,3,6,8,6,8,14,7,3,6,2,2,15,30
-47,15,1,42,1,0,2,1,0,0,2,3,12,1,0,2,4,106,1,35,3,6,8,5,7,13,6,2,6,2,1,17,30
-15,15,1,38,1,0,1,2,0,0,2,9,6,0,0,2,4,106,1,34,4,5,7,4,6,13,6,3,6,2,2,16,30
-10,15,1,40,1,0,1,2,0,0,1,9,6,0,0,2,4,106,1,34,4,5,7,3,5,12,5,3,6,2,1,16,45
8,15,1,35,1,0,1,2,0,0,1,27,3,0,0,2,4,106,1,33,4,4,8,4,6,11,5,2,6,3,1,16,0
18,14,0,37,1,0,1,1,0,0,1,24,6,0,0,2,4,106,0,33,4,4,8,3,5,10,5,2,5,3,2,16,15
-46,14,0,38,4,0,1,1,0,0,0,9,21,0,0,2,4,106,3,30,1,3,6,2,5,9,4,1,5,2,2,16,30
-6,14,1,35,4,0,0,1,0,0,1,14,1,0,0,2,4,106,3,29,0,2,5,1,4,8,4,0,4,2,1,16,0
41,14,1,28,3,0,0,1,0,0,1,13,17,0,0,2,4,106,2,29,2,2,9,3,7,10,4,1,4,1,1,14,45
-12,14,1,33,3,0,0,0,0,0,1,13,17,0,0,2,4,106,2,29,2,3,9,2,6,9,3,1,3,1,2,15,45
-109,14,1,40,3,0,0,0,0,0,0,6,24,0,0,2,4,106,2,29,2,4,12,3,5,9,2,1,3,0,1,16,45
-24,13,1,31,4,0,0,0,0,0,0,28,17,0,0,2,4,106,1,27,1,3,13,4,4,8,4,1,3,0,2,15,30
-33,13,1,28,3,0,0,0,0,0,0,24,21,0,0,2,4,106,1,27,2,3,13,3,3,7,3,1,3,0,1,14,45
-16,13,1,27,2,0,0,0,0,0,0,19,26,0,0,2,4,106,1,27,2,4,13,2,2,6,2,0,3,0,2,14,15
30,13,1,26,1,0,0,0,0,0,0,15,30,0,0,2,4,106,1,27,2,6,13,1,1,5,1,0,3,0,1,13,30
34,12,4,22,3,0,1,2,0,0,0,12,3,0,0,2,4,106,3,21,5,7,14,4,4,12,4,2,2,2,1,12,45
-175,12,4,33,2,0,1,2,0,0,0,5,10,0,0,2,4,106,3,21,7,7,14,3,3,12,3,2,1,1,2,15,45
-120,12,4,30,1,0,1,2,0,0,0,4,11,0,0,2,4,106,3,21,7,7,14,2,2,11,2,2,1,0,2,15,0
-3,11,3,22,4,0,0,3,0,0,0,9,6,0,0,2,4,106,6,17,3,4,11,1,2,10,2,1,1,0,1,12,45
-11,8,4,19,6,0,0,3,0,0,0,0,30,0,0,2,4,106,1,14,4,7,14,5,9,14,9,2,1,1,1,12,15
-75,7,4,24,6,0,0,4,0,0,0,2,13,0,0,2,4,106,1,12,4,6,12,6,9,14,10,3,0,1,1,13,0
-20,7,4,17,5,0,0,4,0,0,1,14,1,0,0,2,4,106,2,11,3,6,11,6,8,13,9,3,0,0,2,12,0
-13,6,3,21,6,0,0,3,0,0,1,3,12,0,0,2,4,106,2,10,3,6,10,6,9,14,9,2,0,0,2,12,30
8,6,3,17,5,0,0,3,0,0,1,1,14,0,0,2,4,106,2,10,3,6,10,5,8,14,8,1,0,0,2,12,0
57,6,3,14,4,0,0,3,0,0,1,11,4,0,0,2,4,106,2,10,4,7,10,4,8,15,7,1,0,0,1,11,15
-82,6,3,25,4,0,0,2,0,0,1,10,5,0,0,2,4,106,2,10,4,7,10,3,7,14,6,1,0,0,1,13,15
123,6,3,9,6,0,0,1,0,0,1,1,14,0,0,2,4,106,2,8,2,5,8,3,6,13,7,2,0,0,2,10,30
26,6,5,16,6,0,0,1,0,0,1,12,3,0,0,2,4,106,2,7,3,5,7,2,5,12,7,2,0,0,2,11,30
-24,3,3,14,6,0,0,1,0,0,1,2,13,0,0,2,4,106,0,6,3,6,6,4,6,12,9,4,0,0,1,11,15
-50,3,3,19,5,0,0,2,1,0,1,10,5,0,0,2,4,106,2,4,3,4,4,3,5,12,8,4,0,0,1,12,15
78,3,3,6,5,0,0,1,1,0,1,7,8,0,0,2,4,106,2,4,4,4,4,3,5,11,7,3,0,0,2,10,0
3,3,3,9,4,0,0,2,1,0,1,11,4,0,0,2,4,106,2,3,3,3,3,3,8,12,7,4,0,0,2,10,30
-17,1,1,7,6,0,1,1,1,0,1,8,7,0,0,2,4,106,2,0,0,0,0,3,7,11,9,4,0,0,2,10,15
20,0,0,11,6,0,1,1,1,0,0,14,1,0,0,2,4,106,0,0,0,0,0,5,6,10,10,3,0,0,1,10,45
48,0,0,2,5,0,1,1,1,0,0,8,7,0,0,2,4,106,0,0,0,0,0,5,7,9,9,3,0,0,2,9,30
-12,0,0,13,4,0,1,1,1,0,0,3,12,0,0,2,4,106,0,0,0,0,0,4,7,8,8,2,0,0,2,11,0
-4,0,0,4,3,0,1,1,1,0,0,2,13,0,0,2,4,106,0,0,0,0,0,3,7,7,7,1,0,0,1,9,45
-3,0,0,11,2,0,1,1,1,0,0,0,1,0,0,2,4,106,0,0,0,0,0,2,6,6,6,1,0,0,1,10,45
-8,0,0,4,1,0,1,1,1,0,0,0,2,0,0,2,4,106,0,0,0,0,0,1,5,5,5,1,0,0,1,9,45
32,0,0,0,1,0,0,1,1,0,0,0,35,0,1,2,4,106,0,0,0,0,0,4,4,4,4,1,0,0,1,9,0
16,0,0,2,1,0,0,0,1,0,0,0,48,0,0,2,4,106,0,0,0,0,0,3,3,3,3,1,0,0,2,9,30
27,0,0,1,1,0,0,0,0,0,0,0,55,0,0,2,4,106,0,0,0,0,0,2,2,2,2,0,0,0,2,9,15
18,0,0,7,0,0,0,0,0,0,0,0,58,0,0,2,4,106,0,0,0,0,0,1,1,1,1,0,0,0,2,10,15
16,31,2,44,1,0,0,0,0,0,0,14,16,1,0,6,4,103,0,43,3,4,10,1,3,7,2,2,6,0,1,17,30
33,29,0,41,2,0,0,0,0,0,1,8,7,0,0,6,4,103,1,40,1,3,10,2,5,8,3,2,6,1,1,16,45
8,29,1,39,1,0,0,0,0,0,1,28,2,0,0,6,4,103,1,40,1,4,10,2,4,9,2,1,6,1,2,16,30
-20,29,3,41,2,0,0,0,0,0,0,8,22,0,0,6,4,103,0,39,2,6,10,3,4,10,3,2,6,2,1,16,45
-49,29,5,43,1,0,0,0,0,0,0,11,4,0,0,6,4,103,0,39,4,8,11,2,3,9,2,2,5,2,1,17,0
12,29,6,39,0,0,1,1,0,0,0,11,4,0,0,6,4,103,2,37,4,7,10,2,3,8,1,1,5,1,2,16,30
-22,27,4,38,3,0,0,2,0,0,0,14,16,0,0,6,4,103,2,33,3,4,9,2,7,8,4,3,4,1,2,16,0
6,23,1,35,5,0,0,2,0,0,0,8,7,0,0,6,4,103,1,30,0,2,9,4,6,10,7,3,4,0,1,15,30
-13,23,3,35,5,0,0,1,0,0,0,9,6,0,0,6,4,103,1,30,1,4,10,5,5,10,6,3,4,0,1,15,30
33,23,3,30,4,0,0,1,0,0,0,5,10,0,0,6,4,103,1,30,1,4,11,4,4,9,5,2,4,0,2,14,30
9,23,4,33,3,0,0,1,0,0,0,3,12,0,0,6,4,103,1,30,1,4,12,3,3,8,4,2,4,0,2,15,0
24,23,4,33,4,0,0,0,0,0,0,2,13,0,0,6,4,103,2,29,2,4,12,2,3,9,3,1,4,1,2,15,0
10,23,4,31,3,0,0,0,0,0,0,2,13,0,0,6,4,103,2,29,2,4,12,1,2,8,2,0,4,1,2,14,45
48,19,6,29,4,0,1,0,0,0,0,10,5,0,0,6,4,103,0,26,5,9,15,4,7,14,6,3,3,2,1,14,15
-30,19,6,31,5,0,1,0,0,0,0,12,3,0,0,6,4,103,2,24,4,8,15,4,6,14,5,3,3,1,2,14,45
29,19,7,27,5,0,0,0,0,0,0,11,4,0,0,6,4,103,2,24,4,9,15,3,5,13,4,2,3,1,1,13,15
33,17,6,24,5,0,0,0,0,0,1,14,1,0,0,6,4,103,2,22,4,8,14,3,5,14,5,3,2,2,1,13,0
31,16,6,28,5,0,0,1,0,0,1,13,2,0,0,6,4,103,3,20,4,8,13,3,5,13,5,2,2,1,1,13,30
80,15,5,20,4,0,2,1,0,0,1,2,13,0,0,6,4,103,3,18,4,6,13,3,8,14,6,3,2,1,1,12,30
7,14,4,24,3,0,2,2,0,0,1,12,3,0,0,6,4,103,3,17,3,6,12,2,8,13,6,3,2,1,1,13,0
11,12,4,20,4,0,2,2,0,0,1,5,10,0,0,6,4,103,3,15,3,7,11,5,8,14,7,4,1,1,1,12,30
12,10,4,18,5,0,1,3,0,0,1,0,15,0,0,6,4,103,2,13,4,6,11,7,9,14,9,4,1,0,3,12,15
54,10,4,18,5,0,1,3,0,0,1,28,2,0,0,6,4,103,3,12,3,6,10,6,8,14,8,4,1,0,3,12,15
-19,10,4,24,4,0,1,3,0,0,1,27,3,0,0,6,4,103,3,12,3,6,10,5,7,13,7,4,1,0,1,13,0
42,10,4,14,4,0,0,3,0,0,1,24,6,0,0,6,4,103,2,12,3,6,10,4,6,12,7,4,1,0,2,11,45
17,10,4,14,4,0,0,3,0,0,0,19,11,0,0,6,4,103,2,12,4,7,11,3,7,13,6,3,1,1,2,11,45
-26,10,4,20,4,0,0,3,0,0,0,14,16,0,0,6,4,103,2,11,3,6,10,4,6,14,6,2,1,1,1,12,30
5,10,4,23,4,0,0,2,0,0,0,6,24,0,0,6,4,103,2,11,4,6,11,3,5,13,5,2,1,1,3,12,45
-19,8,4,16,5,0,2,1,0,0,0,3,12,0,0,6,4,103,2,8,3,4,8,4,6,12,7,5,1,1,2,12,0
-42,7,3,16,4,0,2,1,0,0,0,0,15,0,0,6,4,103,1,8,3,5,8,3,5,13,7,5,1,1,2,12,0
6,6,6,10,5,0,1,1,2,0,0,20,10,0,0,6,4,103,2,5,1,4,5,4,7,12,8,6,1,1,2,11,0
-252,6,6,37,4,0,1,1,2,0,0,19,11,0,0,6,4,103,2,5,1,4,5,3,6,11,7,5,0,1,1,15,45
60,6,6,8,3,0,1,1,2,0,0,5,25,0,0,6,4,103,2,5,3,5,5,3,8,11,6,5,0,0,2,10,45
57,5,5,12,3,0,1,1,2,0,0,8,7,0,0,6,4,103,2,4,2,4,4,4,7,11,6,6,0,0,2,11,15
11,3,3,10,2,0,1,1,2,0,1,10,5,0,0,6,4,103,1,3,3,3,3,6,8,10,7,6,0,0,2,11,0
0,2,2,8,2,0,1,1,2,0,1,14,1,0,0,6,4,103,1,2,2,2,2,5,7,9,7,5,0,0,2,10,45
0,1,1,7,2,0,1,1,1,0,1,9,6,0,0,6,4,103,0,2,2,2,2,4,6,8,7,5,0,0,2,10,15
5,0,0,6,2,0,1,2,0,0,1,4,11,0,0,6,4,103,0,1,1,1,1,3,5,7,7,4,0,0,1,10,0
5,0,0,2,2,0,1,1,0,0,1,3,12,0,0,6,4,103,0,1,1,1,1,2,4,6,6,3,0,0,2,9,30
91,0,0,2,1,0,1,1,0,0,1,0,15,0,0,6,4,103,0,1,1,1,1,3,3,5,5,3,0,0,2,9,30
43,0,0,0,1,0,1,1,0,0,1,2,28,0,1,6,4,103,0,0,0,0,0,2,4,5,5,2,0,0,2,9,0
-29,0,0,12,1,0,0,1,0,0,1,2,28,0,0,6,4,103,0,0,0,0,0,1,3,4,4,1,0,0,2,11,15
-36,0,0,4,0,0,0,1,0,0,1,0,31,0,0,6,4,103,0,0,0,0,0,2,2,3,3,0,0,0,1,9,45
8,0,0,4,0,0,0,0,0,0,1,0,42,0,0,6,4,103,0,0,0,0,0,1,2,2,2,0,0,0,1,9,45
56,0,0,0,0,0,0,0,0,0,0,0,92,0,1,6,4,103,0,0,0,0,0,1,1,1,1,0,0,0,2,9,0
93,27,2,40,0,0,1,2,0,0,0,15,15,0,0,5,4,102,0,43,1,3,8,3,4,7,4,4,6,1,2,16,0
19,27,2,45,0,0,1,1,0,0,0,11,4,0,0,5,4,102,0,43,3,4,9,3,4,6,3,3,6,2,1,17,0
1,27,2,46,0,0,0,1,0,0,0,9,6,1,0,5,4,102,0,43,3,4,9,2,3,6,2,2,6,2,2,17,30
53,26,1,43,1,0,1,1,0,0,0,7,8,0,0,5,4,102,2,40,0,3,9,2,2,6,2,2,5,2,1,16,45
9,25,3,41,1,0,0,1,0,0,0,11,19,0,0,5,4,102,0,40,3,5,11,1,3,6,3,2,4,1,2,16,30
-39,24,3,41,2,0,0,3,0,0,0,3,12,0,0,5,4,102,2,36,1,5,10,2,4,10,4,2,4,0,2,16,30
50,24,3,37,1,0,0,3,0,0,0,13,2,0,0,5,4,102,2,36,2,5,10,1,3,9,3,2,4,0,1,15,30
-17,21,0,43,3,0,0,2,0,0,0,10,5,0,0,5,4,102,1,34,3,5,13,2,4,10,5,5,4,0,1,16,45
4,21,1,37,3,0,0,1,0,0,0,8,7,0,0,5,4,102,1,34,3,6,13,1,3,9,4,4,4,0,1,15,30
-19,21,4,34,6,0,0,1,0,0,0,5,10,0,0,5,4,102,1,30,4,6,13,2,7,11,7,3,4,1,1,15,0
22,21,4,34,7,0,0,0,0,0,0,41,4,0,0,5,4,102,1,29,3,6,12,3,6,12,7,4,4,1,1,15,0
42,20,7,31,8,0,1,0,0,0,0,12,33,0,0,5,4,102,3,26,3,7,13,5,7,15,7,4,4,3,2,14,30
15,20,7,32,7,0,1,0,0,0,0,12,33,0,0,5,4,102,3,26,3,7,13,4,6,14,6,3,4,3,2,14,45
-2,19,6,30,6,0,1,0,0,0,0,4,41,0,0,5,4,102,2,26,4,7,13,3,5,14,6,2,4,3,1,14,15
-24,19,6,36,5,0,1,0,0,0,0,3,42,0,0,5,4,102,2,26,4,7,13,2,4,13,5,1,3,3,2,15,15
-15,18,5,32,5,0,1,0,0,0,0,8,7,0,0,5,4,102,2,25,4,8,14,2,5,16,5,2,3,2,2,14,45
-81,14,4,39,7,0,1,0,0,0,1,1,14,0,0,5,4,102,2,21,3,6,12,2,7,17,8,5,2,2,1,15,45
40,13,4,21,8,0,1,1,0,0,0,12,3,0,0,5,4,102,2,19,2,6,11,4,9,20,9,7,1,1,2,12,30
8,13,5,29,8,0,0,1,1,0,0,14,1,0,0,5,4,102,2,18,3,6,12,5,9,19,9,8,1,0,1,13,30
69,13,5,24,7,0,0,1,1,0,0,8,7,0,0,5,4,102,2,18,3,7,13,7,12,19,8,8,1,0,2,12,45
53,11,4,19,6,0,1,1,1,0,0,2,13,0,0,5,4,102,1,17,3,7,12,6,11,18,9,8,1,0,3,12,15
59,11,4,21,5,0,1,1,1,0,0,11,4,0,0,5,4,102,1,17,4,8,12,5,11,19,8,7,1,0,2,12,30
7,11,5,28,5,0,1,2,1,0,0,3,12,0,0,5,4,102,3,15,2,6,11,5,11,18,7,6,1,0,1,13,15
-7,9,3,26,4,0,1,2,1,0,0,12,3,0,0,5,4,102,1,15,4,6,11,5,11,17,8,7,1,1,1,13,0
33,9,3,19,3,0,1,2,1,0,0,10,5,0,0,5,4,102,1,15,4,7,12,5,11,16,7,6,1,1,3,12,15
-12,9,3,24,3,0,1,1,1,0,0,8,7,0,0,5,4,102,1,15,4,7,12,6,11,15,6,5,1,1,2,12,45
136,8,3,3,5,0,0,1,1,0,0,7,8,0,0,5,4,102,2,13,4,6,12,6,11,14,6,4,1,1,1,9,45
22,8,3,18,5,0,0,1,1,0,0,14,1,0,0,5,4,102,1,12,3,6,12,6,11,13,7,3,1,1,2,12,0
-59,8,3,21,5,0,0,1,1,0,0,12,3,0,0,5,4,102,2,11,2,5,11,6,10,12,6,3,1,1,2,12,30
67,8,3,12,5,0,0,1,0,0,0,10,5,0,0,5,4,102,2,11,3,6,11,6,9,11,5,3,1,1,2,11,15
2,8,3,26,4,0,0,1,0,0,0,10,5,0,0,5,4,102,2,11,3,6,11,5,8,10,4,2,1,1,1,13,0
-21,7,3,16,3,0,0,2,0,0,0,14,1,0,0,5,4,102,1,10,2,5,10,6,7,11,5,1,1,1,1,11,45
-11,6,2,16,3,0,1,1,0,0,0,7,8,0,0,5,4,102,0,9,2,5,9,5,8,10,6,2,1,1,1,11,45
9,6,3,10,3,0,1,0,0,0,0,12,3,0,0,5,4,102,0,9,3,5,9,5,7,9,5,2,0,1,2,11,0
-19,6,3,14,3,0,0,0,0,0,0,11,4,0,0,5,4,102,0,9,3,5,9,4,6,8,4,2,0,0,2,11,30
19,6,3,10,3,0,0,0,0,0,0,10,5,0,0,5,4,102,1,8,3,5,8,3,5,9,3,1,0,0,2,11,0
32,6,3,14,2,0,0,0,0,0,0,5,10,0,0,5,4,102,1,8,3,5,8,2,4,8,2,1,0,0,2,11,30
27,5,5,12,2,0,1,0,0,0,0,14,1,0,0,5,4,102,2,6,2,6,6,3,3,9,2,0,0,0,2,11,15
17,4,4,7,2,0,1,0,0,0,0,13,2,0,0,5,4,102,1,5,3,5,5,2,4,8,3,1,0,0,1,10,30
-2,4,4,7,2,0,0,0,0,0,0,11,4,0,0,5,4,102,1,5,4,5,5,1,3,8,2,1,0,0,1,10,30
2,0,0,6,6,0,0,0,0,0,0,1,14,0,0,5,4,102,1,0,0,0,0,4,6,7,6,3,0,0,2,10,15
1,0,0,5,5,0,0,0,0,0,0,14,1,0,0,5,4,102,1,0,0,0,0,3,5,6,5,3,0,0,1,10,0
41,0,0,0,4,0,0,0,0,0,0,0,4,0,1,5,4,102,0,0,0,0,0,4,5,5,5,3,0,0,1,9,0
-37,0,0,9,3,0,0,0,0,0,0,0,5,0,0,5,4,102,0,0,0,0,0,3,4,4,4,2,0,0,2,10,45
16,0,0,1,2,0,0,0,0,0,0,0,26,0,0,5,4,102,0,0,0,0,0,3,3,3,3,1,0,0,1,9,15
-35,0,0,3,1,0,0,0,0,0,0,0,27,0,0,5,4,102,0,0,0,0,0,2,2,2,2,0,0,0,1,9,45
5,0,0,2,0,0,0,0,0,0,0,0,48,0,0,5,4,102,0,0,0,0,0,1,1,1,1,0,0,0,2,9,30
84,28,2,43,0,0,0,3,0,0,0,10,5,0,0,4,4,101,0,45,2,3,10,2,3,9,4,0,3,2,2,16,45
86,27,2,45,0,0,0,4,0,0,0,2,13,0,0,4,4,101,1,43,1,4,9,2,5,8,4,0,3,2,1,17,0
46,26,3,47,1,0,0,3,0,0,0,41,4,0,0,4,4,101,1,42,1,5,9,3,4,8,4,0,2,2,1,17,15
69,26,6,41,1,0,0,2,0,0,0,24,21,0,0,4,4,101,0,42,3,7,10,3,6,9,4,1,2,2,1,15,45
-12,26,6,43,1,0,0,2,0,0,0,11,34,0,0,4,4,101,1,41,4,7,10,2,5,9,3,1,2,2,2,16,45
4,25,6,48,2,0,0,1,0,0,1,4,41,1,0,4,4,101,2,39,3,5,8,2,4,8,3,1,1,2,1,17,30
9,22,3,45,3,0,1,0,0,0,1,8,7,0,0,4,4,101,0,37,3,5,8,3,4,9,6,4,1,1,1,17,0
22,21,2,38,4,0,1,0,0,0,0,0,15,0,0,4,4,101,0,36,2,4,7,2,5,9,6,5,0,1,1,15,30
12,20,1,38,5,0,0,0,0,0,0,11,4,0,0,4,4,101,0,35,1,3,6,1,4,8,6,5,0,0,1,15,30
-1,19,1,42,5,0,0,0,0,0,0,8,7,0,0,4,4,101,0,34,2,3,8,3,5,10,6,5,0,0,2,16,0
68,19,2,35,6,0,0,0,0,0,0,21,9,0,0,4,4,101,1,32,1,3,9,3,5,10,6,5,0,0,1,15,0
8,19,3,38,5,0,0,0,0,0,0,19,11,0,0,4,4,101,1,32,1,3,9,2,4,9,5,4,0,0,1,15,30
-10,19,4,35,4,0,0,0,0,0,0,1,29,0,0,4,4,101,0,32,1,5,11,3,6,9,5,5,0,0,1,15,0
50,18,4,32,4,0,0,0,0,0,0,33,12,0,0,4,4,101,0,31,2,4,13,2,5,11,5,4,0,0,2,14,15
17,18,5,37,3,0,0,0,0,0,0,17,28,0,0,4,4,101,0,31,3,6,16,4,6,12,4,3,0,0,3,15,15
10,16,6,31,3,0,0,0,0,0,1,2,43,0,0,4,4,101,0,29,2,6,15,3,6,12,5,2,0,0,1,13,30
42,15,5,33,3,0,0,0,0,0,1,10,5,0,0,4,4,101,0,28,2,6,15,2,5,11,5,3,0,0,2,14,45
-21,15,5,33,2,0,0,0,0,0,1,7,8,0,0,4,4,101,0,28,2,7,15,2,4,10,4,2,0,0,2,14,45
55,14,8,30,2,0,1,0,0,0,1,10,5,0,0,4,4,101,1,26,4,10,14,3,6,13,4,2,0,0,1,13,15
9,13,8,29,2,0,0,0,0,0,1,3,12,0,0,4,4,101,0,26,5,11,16,2,7,13,4,2,0,0,1,13,0
175,10,6,10,3,0,1,0,0,0,1,3,12,0,0,4,4,101,0,23,5,9,14,4,7,14,6,1,0,0,2,10,30
5,9,7,27,3,0,2,2,0,0,1,12,3,0,0,4,4,101,2,19,4,7,12,5,8,16,7,1,0,0,1,12,45
49,8,6,27,4,0,2,2,0,0,0,8,7,0,0,4,4,101,2,18,4,6,11,4,9,15,7,1,0,0,1,12,45
12,8,6,25,3,0,2,2,0,0,0,8,7,0,0,4,4,101,2,18,4,6,11,3,8,14,6,1,0,0,2,12,30
-12,6,4,25,4,0,2,3,0,0,0,7,8,0,0,4,4,101,3,15,2,5,9,3,8,14,7,2,0,0,2,12,30
24,5,3,23,4,0,1,3,0,0,0,3,12,0,0,4,4,101,2,15,3,5,9,2,7,13,7,2,0,0,2,12,15
49,4,3,19,3,0,1,4,0,0,0,4,11,0,0,4,4,101,1,14,2,5,10,5,8,12,8,3,0,0,2,11,45
19,2,2,17,3,0,2,4,0,0,0,3,12,0,0,4,4,101,0,12,2,5,10,5,8,13,10,4,0,0,2,11,30
34,2,2,12,3,0,1,4,0,0,0,13,2,0,0,4,4,101,0,12,3,5,11,5,9,13,9,4,0,0,2,10,45
28,2,2,16,3,0,0,4,0,0,0,12,3,0,0,4,4,101,0,12,3,5,11,4,8,12,8,3,0,0,2,11,15
-23,2,2,21,3,0,0,3,0,0,0,10,5,0,0,4,4,101,0,12,3,5,11,3,7,11,7,3,0,0,2,12,0
9,2,2,21,3,0,0,2,0,0,0,9,6,0,0,4,4,101,0,12,4,6,12,4,7,12,6,2,0,0,2,12,0
-4,2,2,17,5,0,0,1,0,0,0,2,13,0,0,4,4,101,2,10,3,4,10,3,6,11,5,2,0,0,2,11,30
5,1,1,23,5,0,0,1,0,0,0,6,9,0,0,4,4,101,2,9,2,5,9,4,5,13,5,3,0,0,2,12,15
56,1,1,14,4,0,0,2,0,0,0,12,3,0,0,4,4,101,2,8,2,4,8,3,4,12,5,2,0,0,1,11,0
19,0,0,14,3,0,0,3,0,0,0,2,13,0,0,4,4,101,2,7,1,5,7,3,5,12,5,2,0,0,1,11,0
77,0,0,12,2,0,0,3,0,0,0,0,15,0,0,4,4,101,2,7,1,5,7,2,4,11,4,2,0,0,2,10,45
10,0,0,10,2,0,0,3,0,0,0,10,5,0,0,4,4,101,2,6,2,6,6,2,6,12,4,2,0,0,2,10,30
-73,0,0,19,4,0,0,2,0,0,0,12,3,0,0,4,4,101,0,4,4,4,4,5,8,11,7,3,0,0,2,11,45
-7,0,0,4,5,0,0,2,0,0,0,3,12,0,0,4,4,101,2,2,2,2,2,4,8,10,6,3,0,0,2,9,45
-25,0,0,6,4,0,0,2,0,0,0,0,15,0,0,4,4,101,2,2,2,2,2,4,7,9,5,3,0,0,2,10,0
21,0,0,6,5,0,0,1,0,0,0,9,6,0,0,4,4,101,1,1,1,1,1,5,7,8,6,4,0,0,2,10,0
-11,0,0,8,4,0,0,1,0,0,0,7,8,0,0,4,4,101,0,1,1,1,1,4,6,7,6,4,0,0,2,10,15
-16,0,0,2,4,0,0,1,0,0,0,0,14,0,0,4,4,101,0,0,0,0,0,4,6,6,6,4,0,0,2,9,30
-3,0,0,4,3,0,0,1,0,0,0,0,19,0,0,4,4,101,0,0,0,0,0,4,5,5,5,3,0,0,2,9,45
-6,0,0,1,2,0,0,1,0,0,0,0,20,0,0,4,4,101,0,0,0,0,0,3,4,4,4,2,0,0,2,9,15
-18,0,0,2,1,0,0,1,0,0,0,0,37,0,0,4,4,101,0,0,0,0,0,3,3,3,3,2,0,0,2,9,30
-40,0,0,8,1,0,0,0,0,0,0,0,48,0,0,4,4,101,0,0,0,0,0,2,2,2,2,2,0,0,2,10,15
-2,0,0,0,0,0,0,0,0,0,0,0,56,0,1,4,4,101,0,0,0,0,0,1,1,1,1,1,0,0,1,9,0
61,34,7,52,6,0,1,1,0,0,0,0,15,0,0,3,4,100,3,46,2,6,8,3,5,13,6,2,3,0,1,17,0
48,33,6,51,5,0,1,1,0,0,0,5,10,0,0,3,4,100,2,46,4,7,10,2,5,13,6,3,3,0,2,16,45
26,33,6,52,5,0,1,0,0,0,0,4,11,0,0,3,4,100,2,46,4,7,10,1,5,12,5,2,3,1,1,17,0
-17,29,2,54,6,0,1,2,0,0,0,2,13,1,0,3,4,100,2,42,4,4,9,4,9,14,8,5,3,2,1,17,15
53,27,0,47,6,0,1,2,0,0,1,2,13,0,0,3,4,100,2,40,2,2,9,5,9,13,9,5,3,2,2,16,15
27,27,1,49,7,0,0,2,0,0,1,5,10,0,0,3,4,100,3,39,1,3,10,6,9,13,8,5,3,2,1,16,30
21,27,1,47,6,0,0,2,0,0,1,4,11,0,0,3,4,100,3,39,1,3,10,6,8,12,7,5,2,2,2,16,15
39,27,1,39,7,0,0,1,0,0,1,11,4,0,0,3,4,100,3,38,0,2,11,6,7,12,7,4,1,1,1,15,15
32,27,1,42,7,0,0,0,0,0,1,4,11,0,0,3,4,100,3,38,0,3,11,5,6,11,6,4,1,0,2,15,30
-13,27,1,43,7,0,0,0,0,0,0,14,1,0,0,3,4,100,2,38,0,3,13,4,6,11,6,3,1,0,2,15,45
10,27,1,45,6,0,0,0,0,0,0,7,8,0,0,3,4,100,2,38,2,5,13,4,6,10,5,3,1,0,2,16,0
15,27,1,45,5,0,0,0,0,0,0,4,11,0,0,3,4,100,2,38,2,5,14,3,5,9,4,2,1,0,2,16,0
74,27,2,39,4,0,0,0,0,0,0,14,1,0,0,3,4,100,2,38,2,5,14,2,5,8,3,1,1,0,1,15,15
48,27,3,37,3,0,0,1,0,0,0,10,5,0,0,3,4,100,3,37,3,8,16,3,5,11,2,1,1,0,3,15,0
-76,26,6,49,3,0,0,2,0,0,0,0,15,0,0,3,4,100,2,35,4,10,16,3,6,12,4,1,1,1,1,16,30
6,26,6,35,2,0,0,2,0,0,0,43,2,0,0,3,4,100,1,34,6,10,16,3,5,11,4,1,1,1,1,14,30
-70,26,7,43,2,0,0,2,0,0,1,32,13,0,0,3,4,100,3,33,6,9,15,2,4,11,3,1,1,1,2,15,45
-31,24,8,37,5,0,0,1,0,0,2,13,32,0,0,3,4,100,3,29,4,7,13,3,6,11,6,4,1,1,3,15,0
29,22,8,33,5,0,0,2,1,0,1,12,3,0,0,3,4,100,3,27,4,7,14,2,7,17,7,5,1,1,1,13,30
-62,21,7,39,6,0,0,1,1,0,1,4,11,0,0,3,4,100,3,26,3,7,13,2,7,17,7,6,0,1,1,15,15
-48,17,5,36,8,0,0,1,1,0,1,9,6,0,0,3,4,100,2,23,3,5,14,5,8,19,10,8,0,0,2,14,45
61,16,4,28,8,0,0,1,1,0,0,3,12,0,0,3,4,100,1,23,4,6,15,5,7,18,10,8,0,0,2,12,45
64,16,4,26,7,0,0,1,2,0,0,14,1,0,0,3,4,100,2,22,3,6,14,4,6,17,9,7,0,0,2,12,30
50,16,4,28,7,0,0,1,2,0,0,11,4,0,0,3,4,100,3,21,2,5,13,3,5,17,8,6,0,0,2,12,45
0,15,6,30,6,0,0,1,2,0,0,3,12,0,0,3,4,100,2,21,3,7,14,3,9,17,8,6,0,0,1,13,0
-31,14,6,34,6,0,0,1,2,0,0,6,9,0,0,3,4,100,2,20,3,7,13,3,11,17,8,6,0,0,1,14,15
50,12,5,26,7,0,0,1,1,0,0,10,5,0,0,3,4,100,1,19,3,8,14,2,11,18,9,6,0,0,2,12,30
3,12,7,32,7,0,0,0,1,0,1,14,1,0,0,3,4,100,2,18,5,9,15,8,12,17,8,5,0,0,1,13,15
65,11,7,20,8,0,0,0,2,0,1,9,6,0,0,3,4,100,2,15,4,7,12,9,12,18,10,6,0,0,2,11,45
-1,11,7,22,8,0,0,0,2,0,0,5,10,0,0,3,4,100,2,15,4,7,14,9,12,18,9,5,0,0,2,12,0
84,11,7,20,7,0,0,0,2,0,0,5,10,0,0,3,4,100,2,15,5,7,14,8,11,17,8,5,0,0,2,11,45
20,10,6,24,7,0,0,0,2,0,0,4,11,0,0,3,4,100,2,14,4,7,13,7,10,16,8,6,0,0,2,12,15
34,9,5,13,7,0,0,0,1,0,0,3,12,0,0,3,4,100,1,14,4,7,13,6,9,15,8,6,0,0,3,11,0
44,9,5,24,6,0,0,0,1,0,0,2,13,0,0,3,4,100,1,14,4,7,13,6,8,14,7,5,0,0,2,12,15
12,9,5,22,5,0,0,0,1,0,0,0,15,0,0,3,4,100,1,14,4,7,13,5,7,13,6,4,0,0,2,12,0
45,9,6,18,5,0,0,0,1,0,0,12,3,0,0,3,4,100,2,13,4,6,12,4,7,13,5,4,0,0,2,11,30
25,7,4,15,5,0,0,1,1,0,0,12,3,0,0,3,4,100,2,11,3,6,11,4,7,13,6,4,0,0,2,11,15
5,7,4,18,4,0,0,1,1,0,0,9,6,0,0,3,4,100,2,11,3,6,11,3,7,12,5,3,0,0,2,11,30
73,5,2,15,3,0,0,2,1,0,0,3,12,0,0,3,4,100,1,10,3,6,10,3,6,12,6,2,0,0,2,11,15
97,4,3,4,2,0,1,3,1,0,0,12,3,0,0,3,4,100,1,8,3,5,8,4,7,13,7,2,0,0,2,9,45
-68,4,3,30,1,0,1,3,1,0,0,9,6,0,0,3,4,100,1,8,4,5,8,4,6,12,6,2,0,0,1,13,0
6,3,2,13,0,0,1,4,1,0,0,12,3,0,0,3,4,100,0,7,4,6,7,4,7,13,7,3,0,0,3,11,0
61,3,3,8,1,0,1,4,0,0,0,3,12,0,0,3,4,100,1,6,3,6,6,4,7,12,6,3,0,0,2,10,15
46,3,3,6,1,0,0,4,0,0,1,12,3,0,0,3,4,100,1,5,2,5,5,3,6,11,6,2,0,0,2,10,0
38,3,3,10,2,0,0,4,0,0,1,13,2,0,0,3,4,100,2,3,2,3,3,4,6,11,6,2,0,0,1,10,30
-10,3,3,12,2,0,0,3,0,0,1,9,6,0,0,3,4,100,2,3,3,3,3,3,5,10,5,2,0,0,2,10,45
-8,1,1,8,3,0,0,3,1,0,0,7,8,0,0,3,4,100,2,1,1,1,1,3,6,9,6,1,0,0,2,10,15
-20,1,1,15,3,0,0,2,1,0,0,14,1,0,0,3,4,100,2,1,1,1,1,3,7,8,5,1,0,0,2,11,15
27,0,0,6,4,0,0,1,1,0,0,8,7,0,0,3,4,100,2,0,0,0,0,2,6,7,5,1,0,0,2,10,0
25,0,0,0,3,0,0,1,1,0,0,6,9,0,1,3,4,100,1,0,0,0,0,3,6,6,5,1,0,0,1,9,0
7,0,0,4,3,0,0,0,1,0,0,0,8,0,0,3,4,100,0,0,0,0,0,4,5,5,5,1,0,0,2,9,45
-18,0,0,10,2,0,0,0,1,0,0,0,13,0,0,3,4,100,0,0,0,0,0,3,4,4,4,1,0,0,1,10,30
-12,0,0,2,2,0,0,0,0,0,0,0,25,0,0,3,4,100,0,0,0,0,0,3,3,3,3,1,0,0,2,9,30
15,0,0,2,1,0,0,0,0,0,0,0,31,0,0,3,4,100,0,0,0,0,0,2,2,2,2,0,0,0,2,9,30
-11,0,0,1,0,0,0,0,0,0,0,0,50,0,0,3,4,100,0,0,0,0,0,1,1,1,1,0,0,0,2,9,15
-33,33,2,47,1,0,0,0,1,0,0,5,10,1,0,2,4,99,1,45,1,4,9,2,4,7,2,1,4,1,1,17,30
69,33,2,44,0,0,0,0,1,0,0,13,2,0,0,2,4,99,1,45,2,5,9,2,3,6,1,0,4,1,1,16,45
36,31,2,39,1,0,0,0,1,0,0,29,16,0,0,2,4,99,1,43,3,7,9,2,4,8,2,2,3,1,2,15,45
5,31,2,42,1,0,0,1,0,0,0,20,25,0,0,2,4,99,2,42,4,6,8,1,3,7,1,1,3,0,2,16,30
6,30,3,38,4,0,0,2,0,0,0,4,11,0,0,2,4,99,2,37,1,3,9,3,5,9,5,1,3,1,3,15,30
-27,29,2,42,4,0,0,2,0,0,0,14,1,0,0,2,4,99,2,36,0,2,9,2,5,8,5,2,3,1,2,16,30
-66,28,1,44,4,0,0,1,0,0,0,14,1,0,0,2,4,99,1,36,1,2,11,3,4,8,5,2,3,1,1,16,45
-20,28,2,39,3,0,0,1,0,0,0,24,6,0,0,2,4,99,1,36,2,4,14,3,6,10,4,1,3,2,2,15,45
-66,28,3,46,4,0,0,0,0,0,0,16,14,0,0,2,4,99,2,35,1,5,14,2,5,10,3,1,2,2,1,17,0
14,27,2,32,4,0,0,0,0,0,0,0,30,0,0,2,4,99,1,34,1,7,15,3,4,11,4,2,2,1,2,14,15
34,27,4,33,3,0,0,0,0,0,0,27,18,0,0,2,4,99,1,34,4,9,17,3,5,10,3,1,2,1,2,14,45
15,27,5,33,3,0,0,0,0,0,0,21,24,0,0,2,4,99,2,33,5,10,16,2,5,10,2,0,2,1,2,14,45
-60,26,4,37,3,0,0,0,0,0,0,10,35,0,0,2,4,99,2,32,7,10,17,1,5,9,2,0,1,1,1,15,15
-90,24,8,35,6,0,2,1,0,0,0,3,12,0,0,2,4,99,4,25,3,6,16,4,7,13,6,2,1,1,1,15,0
11,24,8,31,5,0,2,1,0,0,0,14,1,0,0,2,4,99,4,25,4,7,16,5,6,14,5,2,1,1,1,13,30
32,22,6,28,5,0,2,1,1,0,0,7,8,0,0,2,4,99,4,23,3,6,15,4,6,15,6,3,1,1,1,13,0
-101,22,8,35,5,0,1,1,1,0,0,12,3,0,0,2,4,99,4,23,4,7,16,4,5,14,5,3,1,1,1,15,0
-154,21,8,39,6,0,0,1,1,0,0,3,12,0,0,2,4,99,3,22,3,7,15,3,5,14,6,5,0,1,2,15,45
14,21,9,28,7,0,0,0,1,0,0,14,1,0,0,2,4,99,4,21,3,6,14,2,5,14,5,4,0,0,1,13,0
28,19,8,25,7,0,0,1,1,0,0,1,14,0,0,2,4,99,4,19,2,8,15,2,5,15,6,4,0,0,1,12,30
26,16,7,25,8,0,0,1,1,0,0,7,8,0,0,2,4,99,2,17,4,8,15,4,9,19,9,6,0,0,1,12,30
21,13,6,23,9,0,0,2,0,0,0,3,12,0,0,2,4,99,1,15,6,8,15,5,10,19,11,7,0,0,2,12,15
37,12,5,19,8,0,0,2,0,0,0,2,13,0,0,2,4,99,0,15,6,8,15,5,9,18,11,6,0,0,2,11,45
-35,12,5,30,7,0,0,2,0,0,0,12,3,0,0,2,4,99,0,15,6,10,15,5,9,18,10,6,0,0,1,13,15
15,11,6,21,9,0,0,3,0,0,0,9,6,0,0,2,4,99,2,11,4,8,11,6,10,18,11,6,0,0,2,12,0
-44,11,6,27,9,0,0,3,0,0,0,5,10,0,0,2,4,99,2,10,3,7,10,6,10,17,11,6,0,0,2,12,45
10,10,5,23,9,0,0,3,0,0,0,2,13,0,0,2,4,99,2,9,2,6,9,5,10,16,11,6,0,0,2,12,15
53,10,5,15,8,0,0,3,0,0,0,14,1,0,0,2,4,99,2,9,2,6,9,5,9,16,10,5,0,0,2,11,15
7,9,5,21,8,0,0,2,0,0,0,9,6,0,0,2,4,99,1,9,4,7,9,5,11,16,10,5,0,0,2,12,0
61,9,5,12,8,0,0,2,0,0,0,7,8,0,0,2,4,99,2,8,4,6,8,4,10,15,9,4,0,0,2,10,45
9,7,5,15,8,0,0,2,0,0,0,6,9,0,0,2,4,99,1,7,4,7,7,4,10,15,10,6,0,0,2,11,15
47,7,5,6,7,0,0,2,0,0,0,0,15,0,0,2,4,99,1,7,4,7,7,5,9,15,9,6,0,0,2,10,0
45,7,6,13,7,0,0,2,1,0,0,10,5,0,0,2,4,99,2,5,3,5,5,7,10,15,9,5,0,0,2,11,0
-5,6,5,10,7,0,0,2,1,0,0,4,11,0,0,2,4,99,2,4,2,4,4,6,9,14,9,6,0,0,1,10,30
21,5,5,6,7,0,0,2,1,0,0,6,9,0,0,2,4,99,2,3,3,3,3,6,8,13,9,7,0,0,2,10,0
4,5,5,17,7,0,0,1,1,0,0,4,11,0,0,2,4,99,2,3,3,3,3,5,7,12,8,6,0,0,2,11,30
-21,5,5,17,7,0,0,0,1,0,0,14,1,0,0,2,4,99,2,3,3,3,3,5,7,11,7,5,0,0,2,11,30
32,5,5,13,6,0,0,0,1,0,0,13,2,0,0,2,4,99,2,3,3,3,3,4,6,10,6,5,0,0,2,11,0
42,4,4,8,5,0,0,0,1,0,0,12,3,0,0,2,4,99,1,3,3,3,3,3,6,9,6,5,0,0,2,10,15
-28,2,2,19,6,0,0,1,1,0,0,9,6,0,0,2,4,99,2,0,0,0,0,3,6,9,7,4,0,0,2,11,45
50,1,1,8,5,0,0,1,1,0,0,14,1,0,0,2,4,99,1,0,0,0,0,3,6,8,7,3,0,0,2,10,15
16,1,1,10,4,0,0,1,1,0,0,10,5,0,0,2,4,99,1,0,0,0,0,3,6,7,6,2,0,0,1,10,30
25,0,0,1,3,0,0,1,1,0,0,2,13,0,0,2,4,99,0,0,0,0,0,4,5,6,6,2,0,0,2,9,15
27,0,0,4,2,0,0,1,1,0,0,0,2,0,0,2,4,99,0,0,0,0,0,4,4,5,5,2,0,0,2,9,45
13,0,0,4,1,0,0,1,1,0,0,0,16,0,0,2,4,99,0,0,0,0,0,3,3,4,4,1,0,0,2,9,45
16,0,0,2,0,0,0,1,1,0,0,0,28,0,0,2,4,99,0,0,0,0,0,2,3,3,3,1,0,0,2,9,30
0,0,0,2,0,0,0,0,1,0,0,0,32,0,0,2,4,99,0,0,0,0,0,1,2,2,2,1,0,0,2,9,30
18,0,0,0,0,0,0,0,0,0,0,0,76,0,1,2,4,99,0,0,0,0,0,1,1,1,1,1,0,0,1,9,0
10,28,3,48,3,0,1,2,0,0,0,6,9,1,0,6,4,96,2,42,2,3,9,2,4,8,5,4,4,1,1,17,30
-14,27,2,47,3,0,0,2,0,0,0,9,6,0,0,6,4,96,0,42,3,5,10,1,4,8,6,6,4,1,1,17,0
63,27,5,46,6,0,0,1,0,0,0,3,27,0,0,6,4,96,2,39,3,5,9,3,5,12,6,6,3,2,1,16,45
58,26,4,42,6,0,0,0,0,0,0,10,5,0,0,6,4,96,1,39,4,6,11,4,4,12,6,6,3,1,2,16,0
-10,25,5,44,6,0,0,1,0,0,0,14,1,0,0,6,4,96,2,37,2,5,11,3,5,12,6,5,3,1,1,16,30
41,24,4,44,5,0,0,2,0,0,0,1,14,0,0,6,4,96,1,36,2,4,10,2,6,12,7,5,3,1,1,16,30
92,24,4,42,4,0,0,2,1,0,0,1,14,0,0,6,4,96,2,35,1,3,9,1,5,11,6,4,2,1,2,16,0
30,21,3,34,5,0,1,1,1,0,0,7,8,0,0,6,4,96,0,33,2,6,8,5,9,16,9,4,2,1,2,15,0
-19,21,4,36,5,0,0,1,1,0,0,2,13,0,0,6,4,96,0,33,2,6,9,4,8,15,8,4,2,1,2,15,15
3,20,4,38,6,0,0,0,1,0,0,5,10,0,0,6,4,96,0,32,1,6,9,5,7,14,8,4,2,1,2,15,30
71,20,4,32,5,0,0,0,1,0,0,2,13,0,0,6,4,96,0,32,2,6,10,4,7,13,7,3,2,1,2,14,45
72,20,4,38,4,0,0,0,2,0,0,14,1,0,0,6,4,96,1,31,3,5,9,3,6,12,6,2,2,1,2,15,30
-7,20,4,40,3,0,0,0,2,0,0,57,3,0,0,6,4,96,0,31,5,6,11,4,7,12,6,2,1,1,2,15,45
25,20,4,34,3,0,0,0,1,0,0,51,9,0,0,6,4,96,0,31,5,6,13,3,7,12,5,2,1,0,2,15,0
29,19,3,30,3,0,1,0,1,0,1,43,17,0,0,6,4,96,2,28,2,3,10,3,8,12,5,2,1,0,1,14,15
9,18,2,32,2,0,1,0,1,0,1,38,22,0,0,6,4,96,1,28,2,3,10,2,7,11,5,2,1,0,2,14,45
-12,16,1,31,3,0,1,0,0,0,2,19,41,0,0,6,4,96,1,26,1,3,9,5,7,11,6,3,1,0,2,14,30
9,16,1,40,2,0,1,0,0,0,2,4,56,0,0,6,4,96,0,26,2,6,11,6,6,11,6,2,1,0,2,15,45
-106,16,1,36,2,0,1,0,0,0,1,2,58,0,0,6,4,96,0,26,2,6,11,5,5,11,5,2,1,0,2,15,15
46,16,2,29,2,0,1,0,0,0,1,10,5,0,0,6,4,96,1,25,1,6,11,4,5,10,4,2,1,0,1,13,15
57,16,3,27,2,0,1,0,0,0,0,5,10,0,0,6,4,96,1,25,2,7,12,3,5,9,3,2,1,0,1,13,0
48,16,3,27,2,0,0,0,0,0,0,3,12,0,0,6,4,96,1,25,3,7,13,2,5,8,2,1,1,0,1,13,0
62,16,4,25,1,0,0,0,0,0,0,7,8,0,0,6,4,96,1,25,4,7,14,1,4,7,1,1,1,0,2,12,45
-6,15,5,25,4,0,0,1,0,0,0,1,14,0,0,6,4,96,2,20,2,5,12,3,6,12,4,1,1,0,2,12,45
-1,14,4,23,4,0,0,2,0,0,0,9,6,0,0,6,4,96,2,18,0,4,10,3,5,12,5,1,1,0,2,12,30
-6,13,5,23,3,0,0,2,0,0,0,4,11,0,0,6,4,96,1,18,1,6,12,2,4,12,5,1,1,0,2,12,30
8,12,4,20,2,0,0,2,0,0,0,0,15,0,0,6,4,96,0,18,4,8,14,3,4,12,5,2,1,0,2,12,0
24,10,4,21,2,0,1,3,0,0,0,19,11,0,0,6,4,96,1,15,5,6,12,3,6,12,6,3,1,0,2,12,15
-1,10,4,21,2,0,1,2,0,0,0,18,12,0,0,6,4,96,1,15,5,6,13,2,6,11,5,3,1,0,2,12,15
37,8,4,14,4,0,0,2,2,0,0,7,8,0,0,6,4,96,2,11,2,5,11,4,8,15,7,6,1,1,1,10,45
-28,7,6,16,3,0,0,3,2,0,0,0,15,0,0,6,4,96,1,10,4,7,10,7,8,17,8,7,1,1,2,11,30
41,7,6,16,2,0,1,3,2,0,0,13,2,0,0,6,4,96,2,9,3,6,9,6,7,16,7,6,1,1,2,11,30
13,7,6,18,2,0,1,2,2,0,0,11,4,0,0,6,4,96,1,9,3,6,9,5,7,15,7,5,1,1,1,11,45
5,6,5,15,1,0,1,2,2,0,0,3,12,0,0,6,4,96,0,9,4,7,9,5,6,14,7,5,1,1,2,11,0
64,6,5,9,1,0,1,2,2,0,0,1,14,0,0,6,4,96,1,8,4,6,8,4,5,13,6,4,0,1,2,10,15
9,6,6,9,1,0,0,2,2,0,0,11,4,0,0,6,4,96,1,8,4,7,8,3,5,12,5,3,0,0,2,10,15
37,6,6,12,1,0,0,2,1,0,0,9,6,0,0,6,4,96,1,8,4,8,8,2,4,11,4,2,0,0,1,10,30
-59,4,4,18,0,0,1,2,2,0,1,4,11,0,0,6,4,96,2,5,3,5,5,2,7,12,5,3,0,0,1,11,45
9,1,1,5,1,0,2,2,2,0,0,13,2,0,0,6,4,96,0,3,3,3,3,5,9,11,8,4,0,0,2,9,45
-43,1,1,9,1,0,2,2,2,0,0,1,14,0,0,6,4,96,1,1,2,2,2,5,8,10,7,3,0,0,2,10,15
-3,0,0,12,2,0,3,1,2,0,0,0,15,0,0,6,4,96,1,0,0,0,0,7,7,9,8,3,0,0,1,10,30
5,0,0,2,2,0,3,1,1,0,0,0,1,0,0,6,4,96,1,0,0,0,0,6,6,8,7,3,0,0,2,9,30
3,0,0,5,2,0,2,1,1,0,0,0,2,0,0,6,4,96,1,0,0,0,0,5,6,7,6,2,0,0,2,9,45
4,0,0,2,2,0,1,1,1,0,0,0,2,0,0,6,4,96,1,0,0,0,0,4,5,6,5,1,0,0,2,9,30
6,0,0,7,2,0,1,0,1,0,0,0,17,0,0,6,4,96,0,0,0,0,0,3,5,5,5,2,0,0,3,10,0
-19,0,0,2,2,0,0,0,1,0,0,0,22,0,0,6,4,96,0,0,0,0,0,2,4,4,4,1,0,0,2,9,30
87,0,0,1,2,0,0,0,0,0,0,0,27,0,0,6,4,96,0,0,0,0,0,1,3,3,3,1,0,0,3,9,15
13,0,0,0,1,0,0,0,0,0,0,0,61,0,1,6,4,96,0,0,0,0,0,2,2,2,2,1,0,0,1,9,0
-66,0,0,7,0,0,0,0,0,0,0,0,71,0,0,6,4,96,0,0,0,0,0,1,1,1,1,1,0,0,3,10,0
115,33,2,38,0,0,0,0,0,0,0,43,0,0,0,5,4,95,0,43,1,3,5,1,2,4,1,1,4,0,2,16,30
19,31,1,42,0,0,0,1,0,0,0,8,7,0,0,5,4,95,0,41,1,2,9,2,3,3,2,1,4,0,1,17,15
6,30,0,43,1,0,0,0,0,0,0,19,11,1,0,5,4,95,0,40,1,2,8,1,2,3,2,1,4,0,1,17,30
19,30,4,40,0,0,0,1,0,0,0,40,5,0,0,5,4,95,1,39,1,6,10,1,1,7,1,1,4,0,1,16,45
-21,25,3,40,7,0,0,0,0,0,0,9,6,0,0,5,4,95,1,32,2,7,14,3,6,12,7,4,4,1,1,16,45
33,25,4,32,6,0,0,0,0,0,0,10,5,0,0,5,4,95,0,32,3,8,15,5,6,12,7,3,4,1,2,15,0
-5,25,6,34,6,0,1,0,0,0,0,9,6,0,0,5,4,95,1,30,5,7,14,4,5,12,7,3,3,1,1,15,15
65,25,6,29,5,0,2,0,0,0,0,6,9,0,0,5,4,95,2,29,4,7,14,3,5,11,6,3,3,0,2,14,30
25,25,6,32,4,0,2,0,0,0,0,5,10,0,0,5,4,95,2,29,4,7,15,2,5,10,5,2,3,1,2,15,0
31,25,7,36,3,0,2,0,0,0,0,14,1,0,0,5,4,95,2,29,4,8,15,1,4,10,4,1,3,1,1,15,30
0,21,8,28,7,0,2,0,0,0,0,26,19,0,0,5,4,95,2,24,3,7,13,3,7,13,8,2,3,1,1,14,15
51,19,7,30,7,0,2,0,0,0,0,8,37,0,0,5,4,95,1,23,5,8,14,5,7,14,9,2,3,2,2,14,45
-29,19,8,34,8,0,1,0,0,0,0,6,39,0,0,5,4,95,2,22,4,7,13,4,6,13,8,2,2,2,1,15,15
-85,18,8,38,8,0,1,0,0,0,0,10,5,0,0,5,4,95,2,21,4,7,13,4,6,13,8,2,2,1,2,16,30
56,16,7,27,10,0,0,1,0,0,0,12,3,0,0,5,4,95,3,18,2,5,11,4,8,13,9,3,2,1,1,13,30
72,15,6,26,9,0,0,1,0,0,0,9,6,0,0,5,4,95,2,18,2,5,13,3,7,13,9,4,2,1,1,13,15
59,15,6,20,8,0,0,1,0,0,0,3,12,0,0,5,4,95,2,18,4,6,13,3,7,13,8,4,2,1,2,12,30
-92,12,4,37,8,0,0,2,0,0,0,2,13,0,0,5,4,95,1,16,3,5,13,2,7,14,10,6,1,1,2,15,45
68,10,4,22,9,0,0,2,0,0,0,3,12,0,0,5,4,95,1,14,2,6,12,5,7,15,11,7,1,0,2,12,45
74,9,5,20,9,0,0,2,0,0,0,0,15,0,0,5,4,95,1,13,3,6,11,6,7,15,11,7,1,0,2,12,30
55,9,5,18,8,0,0,2,0,0,0,13,2,0,0,5,4,95,1,13,4,6,11,5,7,15,10,6,1,0,2,12,15
59,9,5,24,7,0,0,2,0,0,0,13,2,0,0,5,4,95,1,13,4,6,11,4,6,14,9,5,1,0,1,13,0
82,9,5,16,6,0,0,2,0,0,0,8,7,0,0,5,4,95,1,13,4,8,11,3,6,14,8,4,1,0,2,12,0
76,8,5,14,8,0,0,1,0,0,0,3,12,0,0,5,4,95,1,11,4,8,10,3,7,17,9,4,1,0,2,11,45
38,8,6,22,7,0,0,2,0,0,0,1,14,0,0,5,4,95,2,10,3,7,9,2,7,16,8,3,1,0,2,12,45
58,5,4,16,8,0,0,2,0,0,0,12,3,0,0,5,4,95,1,8,3,6,8,4,8,16,10,2,1,0,2,12,0
30,4,4,10,7,0,1,2,0,0,0,14,1,0,0,5,4,95,1,7,4,5,7,5,8,15,10,2,1,0,2,11,15
38,4,4,10,7,0,1,2,0,0,0,10,5,0,0,5,4,95,1,6,4,4,6,4,9,16,10,3,1,0,2,11,15
27,4,4,8,7,0,1,2,0,0,0,5,10,0,0,5,4,95,2,5,3,3,5,5,10,15,9,3,1,1,2,11,0
47,3,3,4,8,0,0,2,0,0,0,4,11,0,0,5,4,95,1,4,2,3,4,5,11,15,10,5,1,1,2,10,30
78,3,3,12,7,0,0,2,0,0,1,3,12,0,0,5,4,95,2,3,1,2,3,4,10,14,9,4,1,1,2,11,30
140,1,1,2,7,0,1,1,0,0,1,9,6,0,0,5,4,95,1,2,0,1,2,5,9,13,10,4,1,1,2,10,15
93,1,1,6,6,0,1,1,0,0,1,5,10,0,0,5,4,95,1,2,0,2,2,6,8,12,9,4,1,1,2,10,45
45,1,1,2,5,0,1,1,0,0,1,11,4,0,0,5,4,95,1,2,1,2,2,6,8,11,8,4,1,1,2,10,15
66,0,0,12,4,0,1,1,0,0,1,13,2,0,0,5,4,95,0,2,1,2,2,6,8,10,8,4,1,1,2,11,30
-85,0,0,18,3,0,1,1,0,0,1,10,5,0,0,5,4,95,0,2,1,2,2,5,8,9,7,3,1,1,2,12,15
-34,0,0,14,2,0,1,1,0,0,1,8,7,0,0,5,4,95,0,2,1,2,2,4,7,8,6,2,0,1,2,11,45
37,0,0,8,2,0,1,0,0,0,1,6,9,0,0,5,4,95,0,2,1,2,2,3,6,7,5,1,0,0,2,11,0
10,0,0,4,3,0,1,0,0,0,0,2,13,0,0,5,4,95,1,1,1,1,1,2,5,6,4,1,0,0,2,10,30
35,0,0,0,3,0,0,0,0,0,0,10,5,0,1,5,4,95,1,1,1,1,1,2,5,5,3,1,0,0,1,9,45
-307,0,0,30,2,0,1,0,0,0,0,0,15,0,0,5,4,95,1,0,0,0,0,4,4,4,3,1,0,0,2,14,45
2,0,0,6,1,0,1,0,0,0,0,0,31,0,0,5,4,95,0,0,0,0,0,3,3,3,3,0,0,0,2,10,45
-62,0,0,24,0,0,1,0,0,0,0,0,32,0,0,5,4,95,0,0,0,0,0,2,2,2,2,0,0,0,1,13,0
-31,0,0,1,0,0,0,0,0,0,0,0,45,0,0,5,4,95,0,0,0,0,0,1,1,1,1,0,0,0,2,10,0
85,27,2,41,0,0,0,0,0,0,1,17,0,0,0,4,4,94,0,46,3,4,10,2,2,7,2,0,9,1,2,16,45
30,27,2,47,2,0,0,0,0,0,0,14,1,1,0,4,4,94,2,44,1,4,10,1,4,6,1,0,9,1,1,17,30
24,25,1,41,2,0,2,0,0,0,0,9,6,0,0,4,4,94,1,41,2,5,11,4,5,10,4,2,9,2,2,16,45
-31,25,1,45,3,0,1,0,0,0,0,6,9,0,0,4,4,94,2,40,2,6,10,3,4,9,3,1,8,2,1,17,15
11,25,1,45,2,0,1,0,0,0,0,2,13,0,0,4,4,94,1,40,2,6,10,2,3,8,3,1,8,1,1,17,15
-26,25,1,43,2,0,0,0,0,0,0,24,6,0,0,4,4,94,1,40,3,6,11,1,3,8,2,0,7,2,2,17,0
-23,24,2,39,3,0,0,2,0,0,0,4,11,0,0,4,4,94,2,36,2,5,9,2,5,9,4,2,7,1,2,16,30
-9,24,3,43,2,0,0,4,0,0,0,14,1,0,0,4,4,94,2,34,2,4,9,2,5,10,5,3,6,1,2,17,0
66,24,3,34,1,0,0,4,0,0,0,4,11,0,0,4,4,94,0,34,3,5,10,3,6,11,6,5,6,1,2,15,15
-28,22,1,39,2,0,0,4,0,0,0,11,4,0,0,4,4,94,0,32,2,4,10,3,6,12,7,5,6,1,2,16,30
-8,22,1,35,2,0,0,3,0,0,0,8,7,0,0,4,4,94,0,32,3,4,10,3,5,11,6,4,6,1,1,15,30
-15,22,1,38,2,0,0,3,0,0,0,13,2,0,0,4,4,94,1,30,2,4,10,4,4,11,5,3,6,1,2,16,0
-8,21,2,35,4,0,0,2,0,0,0,9,6,0,0,4,4,94,1,29,1,5,11,3,5,12,6,3,6,1,1,15,30
-4,21,3,37,4,0,0,1,0,0,0,7,8,0,0,4,4,94,1,29,1,5,12,2,5,11,5,2,5,1,1,15,45
47,21,3,28,3,0,0,1,0,0,0,3,12,0,0,4,4,94,1,29,2,5,12,1,5,10,4,1,5,0,1,14,15
12,20,4,30,5,0,1,1,0,0,0,1,44,0,0,4,4,94,2,25,2,5,11,5,8,13,6,2,5,1,2,14,45
-46,20,4,32,4,0,1,1,0,0,0,0,45,0,0,4,4,94,2,25,2,5,12,5,7,12,5,1,5,1,1,15,0
-24,19,4,32,5,0,1,0,0,0,0,9,6,0,0,4,4,94,2,24,2,6,12,4,7,11,5,2,5,1,1,15,0
28,18,3,24,5,0,0,0,0,0,0,5,10,0,0,4,4,94,1,24,2,7,12,4,6,11,5,2,5,1,1,13,0
9,18,5,26,5,0,0,0,0,0,0,6,9,0,0,4,4,94,1,23,3,7,13,4,6,11,5,2,5,1,1,13,15
-53,18,5,30,4,0,0,0,0,0,0,0,15,0,0,4,4,94,1,23,3,7,15,3,5,11,4,2,5,1,2,14,45
3,18,5,29,4,0,0,0,0,0,0,8,7,0,0,4,4,94,2,22,4,6,16,3,4,11,3,1,5,1,2,14,30
-13,17,5,27,4,0,0,1,0,0,0,8,7,0,0,4,4,94,3,20,4,5,15,3,4,13,3,2,4,1,1,13,30
37,15,4,24,3,0,0,2,0,0,0,11,4,0,0,4,4,94,1,19,3,7,15,2,5,13,5,3,4,1,1,13,0
4,14,4,21,4,0,0,2,0,0,0,3,12,0,0,4,4,94,2,17,1,5,13,1,5,12,5,4,4,1,1,12,30
13,12,6,21,3,0,0,3,0,0,0,2,13,0,0,4,4,94,0,16,4,10,14,4,7,13,7,7,4,3,1,12,30
31,12,8,17,4,0,0,2,0,0,0,5,10,0,0,4,4,94,1,15,6,11,14,5,9,13,6,6,4,3,2,11,45
-13,12,8,23,5,0,0,1,0,0,0,3,12,0,0,4,4,94,2,14,5,10,13,4,8,13,5,5,3,3,2,12,45
19,10,6,18,5,0,0,2,0,0,0,5,10,0,0,4,4,94,2,12,6,8,12,4,8,12,6,4,3,3,1,12,0
29,9,6,18,5,0,0,2,1,0,0,8,7,0,0,4,4,94,2,10,5,7,10,6,8,13,7,3,3,3,1,12,0
-11,9,6,16,4,0,0,2,1,0,0,6,9,0,0,4,4,94,1,10,6,7,10,5,7,12,7,2,2,3,1,11,30
51,7,5,13,5,0,0,3,1,0,1,8,7,0,0,4,4,94,3,6,2,4,6,5,6,13,8,3,1,2,2,11,0
-7,6,4,14,5,0,0,3,1,0,1,0,15,0,0,4,4,94,3,5,2,3,5,5,7,14,8,3,1,1,1,11,15
-25,6,5,20,4,0,0,3,1,0,1,12,3,0,0,4,4,94,3,5,2,4,5,4,6,13,7,3,1,1,2,12,15
56,6,5,9,3,0,0,3,1,0,1,11,4,0,0,4,4,94,3,5,2,4,5,3,5,12,6,2,1,1,2,10,30
4,4,3,11,4,0,0,3,1,0,0,1,14,0,0,4,4,94,2,4,2,3,4,2,5,13,7,3,0,1,1,10,45
16,4,4,14,4,0,0,3,1,0,0,1,14,0,0,4,4,94,3,3,1,3,3,3,4,12,6,2,0,0,1,11,15
45,2,2,9,4,0,0,3,1,0,0,7,8,0,0,4,4,94,2,2,2,2,2,3,7,11,7,2,0,0,2,10,30
55,2,2,3,3,0,0,3,1,0,0,1,14,0,0,4,4,94,2,2,2,2,2,2,7,10,6,2,0,0,2,9,45
41,1,1,7,3,0,0,3,1,0,0,5,10,0,0,4,4,94,2,1,1,1,1,4,9,9,6,2,0,0,2,10,15
27,0,0,0,2,0,0,4,1,0,0,9,21,0,1,4,4,94,0,0,0,0,0,7,8,8,8,4,0,0,2,9,0
13,0,0,5,1,0,0,4,1,0,0,9,21,0,0,4,4,94,0,0,0,0,0,6,7,7,7,4,0,0,2,10,0
77,0,0,3,1,0,0,4,0,0,0,6,24,0,0,4,4,94,0,0,0,0,0,5,6,6,6,4,0,0,2,9,45
25,0,0,7,1,0,0,3,0,0,0,3,27,0,0,4,4,94,0,0,0,0,0,5,5,5,5,3,0,0,2,10,15
14,0,0,1,1,0,0,2,0,0,0,0,10,0,0,4,4,94,0,0,0,0,0,4,4,4,4,3,0,0,2,9,30
30,0,0,1,0,0,0,2,0,0,0,0,15,0,0,4,4,94,0,0,0,0,0,3,3,3,3,2,0,0,2,9,30
-47,0,0,5,0,0,0,1,0,0,0,0,20,0,0,4,4,94,0,0,0,0,0,2,2,2,2,2,0,0,2,10,0
-76,0,0,11,0,0,0,0,0,0,0,0,25,0,0,4,4,94,0,0,0,0,0,1,1,1,1,1,0,0,1,10,45
44,27,4,44,4,0,2,2,0,0,0,5,10,0,0,3,4,93,1,40,3,6,11,7,8,12,8,3,7,3,2,16,45
26,27,4,42,5,0,1,2,0,0,0,4,11,0,0,3,4,93,2,39,2,5,10,6,7,11,7,3,7,3,2,16,30
40,27,4,42,5,0,1,1,0,0,0,2,13,0,0,3,4,93,2,39,2,5,11,5,6,10,6,3,7,3,2,16,30
-26,27,4,48,4,0,1,1,0,0,0,1,14,1,0,3,4,93,2,39,2,5,11,4,5,9,5,2,7,3,1,17,30
-11,27,4,46,3,0,1,1,0,0,0,9,6,0,0,3,4,93,1,39,3,6,12,4,4,8,5,1,7,3,1,17,0
-12,24,2,46,4,0,0,2,0,0,0,11,4,0,0,3,4,93,0,37,1,5,12,3,3,8,7,2,6,3,1,17,0
5,24,3,41,3,0,0,2,0,0,0,6,9,0,0,3,4,93,0,37,3,5,12,2,3,7,6,2,5,3,2,16,15
14,24,3,39,2,0,0,2,0,0,0,1,14,0,0,3,4,93,0,37,3,6,12,1,2,7,5,2,4,2,1,16,0
98,21,1,30,5,0,0,2,0,0,1,8,7,0,0,3,4,93,1,32,3,7,10,4,5,14,8,3,3,2,2,15,0
6,21,3,33,5,0,0,3,0,0,0,9,6,0,0,3,4,93,2,31,4,6,9,3,6,14,7,3,3,2,2,15,15
53,21,3,37,4,0,0,3,0,0,0,4,11,0,0,3,4,93,1,31,5,7,10,2,6,13,7,2,3,2,2,15,45
2,21,4,37,5,0,0,3,0,0,0,11,4,0,0,3,4,93,2,29,4,5,10,2,6,14,7,2,2,2,2,15,45
23,20,3,28,7,0,0,4,0,0,0,41,4,0,0,3,4,93,3,25,1,2,10,5,8,15,9,3,2,1,3,14,45
41,19,2,35,7,0,0,3,0,0,0,33,12,0,0,3,4,93,2,25,1,3,11,4,9,15,9,4,1,1,2,15,30
-44,19,3,39,6,0,0,3,0,0,0,28,17,0,0,3,4,93,2,25,1,3,12,4,9,14,8,4,1,0,1,16,0
-19,18,3,44,5,0,0,3,0,0,0,22,23,0,0,3,4,93,1,25,1,4,13,3,8,13,8,3,1,0,2,16,45
-56,18,3,35,5,0,0,3,0,0,0,15,30,0,0,3,4,93,2,24,0,5,13,4,7,13,7,3,1,0,2,15,30
-23,17,3,33,5,0,0,2,0,0,0,14,1,0,0,3,4,93,1,24,2,7,15,6,9,13,7,3,1,0,2,15,15
34,17,4,25,4,0,0,2,0,0,0,5,10,0,0,3,4,93,1,24,3,8,16,5,9,12,6,3,1,0,1,13,30
-2,17,4,28,3,0,0,2,0,0,0,5,10,0,0,3,4,93,1,24,3,8,16,4,8,11,5,2,1,0,3,14,45
9,17,5,26,2,0,1,2,0,0,0,10,5,0,0,3,4,93,2,23,4,8,15,5,7,11,4,1,1,0,1,14,15
-37,17,5,30,1,0,1,3,0,0,0,9,6,0,0,3,4,93,3,22,3,8,14,4,6,10,3,0,1,0,2,15,0
41,16,5,23,0,0,1,3,0,0,0,1,14,0,0,3,4,93,2,22,4,9,14,3,6,9,3,1,1,0,1,13,0
43,15,6,24,1,0,3,2,0,0,0,29,1,0,0,3,4,93,2,19,4,8,12,4,6,10,5,3,1,0,1,13,15
62,15,7,18,1,0,2,2,0,0,0,28,2,0,0,3,4,93,2,19,4,8,12,3,5,10,4,3,1,0,2,12,0
-101,14,6,27,3,0,1,2,0,0,0,14,16,0,0,3,4,93,2,17,4,8,10,3,5,13,5,4,1,1,2,14,30
-128,14,6,30,3,0,1,1,0,0,0,12,18,0,0,3,4,93,2,17,4,9,10,2,4,13,4,3,1,1,2,15,0
-8,12,7,22,5,0,1,1,0,0,0,6,9,0,0,3,4,93,2,14,5,6,8,3,4,13,6,4,1,1,1,12,45
69,10,6,16,6,0,1,1,0,0,0,5,10,0,0,3,4,93,2,12,4,4,9,2,5,13,7,3,1,1,2,11,45
44,8,4,14,6,0,0,1,0,0,1,10,5,0,0,3,4,93,1,10,3,4,10,2,6,13,8,5,0,1,2,11,30
23,6,3,18,6,0,0,2,1,0,1,4,11,0,0,3,4,93,2,8,1,1,8,3,9,14,9,5,0,0,2,12,0
20,4,1,20,5,0,0,2,1,0,1,11,4,0,0,3,4,93,0,8,1,4,8,8,10,13,10,5,0,0,1,12,15
-4,4,1,20,4,0,0,2,1,0,1,8,7,0,0,3,4,93,0,8,1,4,8,7,9,13,9,4,0,0,1,12,15
25,4,2,11,5,0,0,2,0,0,1,13,2,0,0,3,4,93,1,7,0,5,7,7,9,13,8,4,0,0,1,11,0
20,4,2,10,5,0,0,2,0,0,0,12,3,0,0,3,4,93,1,7,0,5,7,6,8,12,7,4,0,0,2,10,45
17,4,2,16,4,0,0,2,0,0,0,9,6,0,0,3,4,93,1,7,1,6,7,5,7,11,6,4,0,0,2,11,45
15,4,3,14,3,0,0,2,0,0,0,7,8,0,0,3,4,93,1,7,1,6,7,4,6,10,5,4,0,0,2,11,30
43,3,2,11,3,0,0,1,0,0,0,0,15,0,0,3,4,93,0,7,3,6,7,4,6,10,5,4,0,0,1,11,0
40,3,2,13,2,0,0,1,0,0,0,12,3,0,0,3,4,93,0,7,3,6,7,3,5,9,4,3,0,0,2,11,15
45,3,3,8,2,0,0,0,0,0,0,14,1,0,0,3,4,93,0,7,5,7,7,3,5,9,3,3,0,0,1,10,30
72,3,3,6,2,0,0,0,0,0,0,5,10,0,0,3,4,93,0,6,5,6,6,3,4,9,3,2,0,0,2,10,15
50,2,2,4,4,0,0,1,0,0,0,14,1,0,0,3,4,93,1,2,2,2,2,3,5,8,5,2,0,0,1,9,45
-25,1,1,8,4,0,0,1,0,0,0,6,9,0,0,3,4,93,1,1,1,1,1,2,4,7,5,2,0,0,1,10,30
-14,1,1,5,4,0,0,1,0,0,0,9,6,0,0,3,4,93,2,0,0,0,0,2,4,6,4,2,0,0,2,10,0
-4,0,0,1,3,0,0,1,0,0,0,0,5,0,0,3,4,93,0,0,0,0,0,3,5,5,5,2,0,0,2,9,15
24,0,0,0,2,0,0,1,0,0,0,0,12,0,1,3,4,93,0,0,0,0,0,3,4,4,4,2,0,0,1,9,0
-23,0,0,6,1,0,0,1,0,0,0,0,28,0,0,3,4,93,0,0,0,0,0,3,3,3,3,2,0,0,2,10,15
19,0,0,2,1,0,0,0,0,0,0,0,39,0,0,3,4,93,0,0,0,0,0,2,2,2,2,2,0,0,1,9,30
7,0,0,2,0,0,0,0,0,0,0,0,52,0,0,3,4,93,0,0,0,0,0,1,1,1,1,1,0,0,1,9,30
-7,34,3,46,0,0,1,0,0,0,0,12,18,1,0,2,4,92,0,45,2,5,13,2,2,5,2,1,5,1,1,17,30
29,34,5,45,1,0,0,0,0,0,0,9,6,0,0,2,4,92,1,44,3,7,13,1,1,6,1,1,4,1,1,17,0
11,28,3,41,5,0,1,1,0,0,0,11,4,0,0,2,4,92,1,37,5,7,12,3,6,12,7,3,4,1,2,16,30
22,28,3,40,4,0,1,1,0,0,0,9,6,0,0,2,4,92,1,37,5,7,12,2,5,11,6,2,4,1,2,16,0
55,28,3,36,5,0,0,3,0,0,0,7,8,0,0,2,4,92,3,34,3,5,11,3,5,12,6,2,3,2,2,15,15
-27,27,2,41,7,0,0,3,0,0,0,12,3,0,0,2,4,92,3,31,1,3,10,4,8,12,8,4,3,1,2,16,30
2,27,3,43,6,0,0,3,0,0,0,10,5,0,0,2,4,92,3,31,1,3,10,3,7,11,7,3,3,1,1,16,45
63,27,4,34,5,0,0,3,0,0,0,6,9,0,0,2,4,92,3,31,2,4,11,2,6,10,6,3,3,1,1,15,0
0,25,4,39,5,0,0,3,0,0,0,17,13,0,0,2,4,92,2,30,2,5,12,4,7,11,7,4,2,2,1,15,45
94,25,6,29,5,0,0,3,0,0,0,2,28,0,0,2,4,92,3,29,2,6,13,5,7,10,6,3,2,2,1,13,15
49,25,6,31,4,0,0,3,0,0,0,0,30,0,0,2,4,92,3,29,2,6,13,4,6,9,5,2,2,2,2,14,15
-66,25,6,43,3,0,0,3,0,0,0,44,1,0,0,2,4,92,2,29,2,6,13,3,5,8,5,2,2,2,1,16,45
-10,25,7,37,4,0,0,2,0,0,0,28,17,0,0,2,4,92,2,28,4,7,15,4,5,8,5,2,2,2,1,15,30
-49,23,6,34,4,0,0,2,0,0,0,18,27,0,0,2,4,92,1,27,4,7,15,3,4,8,6,3,1,2,1,15,0
-30,22,6,32,5,0,0,2,0,0,0,9,36,0,0,2,4,92,2,25,3,5,13,3,5,8,6,3,1,1,2,14,45
-17,21,5,37,5,0,1,1,0,0,0,0,45,0,0,2,4,92,2,24,3,6,13,2,4,7,6,3,0,1,1,15,30
0,19,4,32,4,0,1,2,0,0,0,12,3,0,0,2,4,92,1,23,3,7,15,2,3,10,7,4,0,0,2,14,45
26,17,5,30,5,0,1,3,0,0,0,2,13,0,0,2,4,92,2,20,4,8,15,2,4,13,8,5,0,0,1,13,30
30,16,5,27,5,0,0,3,0,0,0,12,3,0,0,2,4,92,0,20,4,8,16,1,3,14,9,5,0,0,1,13,0
75,14,8,23,7,0,1,4,1,0,0,4,11,0,0,2,4,92,2,14,3,7,13,3,8,15,12,6,0,0,2,12,30
42,13,7,19,7,0,1,4,1,0,0,10,5,0,0,2,4,92,2,13,3,8,12,3,9,15,12,6,0,0,2,12,0
34,11,6,23,8,0,1,3,1,0,0,11,4,0,0,2,4,92,1,12,4,8,12,5,11,16,13,7,0,0,2,12,30
-28,11,7,27,8,0,1,3,1,0,0,0,15,0,0,2,4,92,2,11,6,7,11,5,11,15,12,7,0,0,1,13,0
59,9,6,12,9,0,0,3,1,0,0,3,12,0,0,2,4,92,1,10,5,8,10,7,11,16,13,8,0,0,2,11,0
114,8,5,19,8,0,0,4,1,0,0,1,14,0,0,2,4,92,1,9,4,7,9,6,10,15,13,8,0,0,2,12,0
112,8,6,17,8,0,0,3,1,0,0,0,15,0,0,2,4,92,1,9,4,7,9,6,9,15,12,7,0,0,2,11,45
53,7,5,15,10,0,0,3,0,0,0,7,8,0,0,2,4,92,2,7,3,6,7,6,8,15,12,7,0,0,2,11,30
33,6,5,25,10,0,1,3,0,0,0,0,15,0,0,2,4,92,3,5,1,4,5,6,8,14,12,7,0,0,2,12,45
39,6,5,21,10,0,1,2,0,0,0,13,2,0,0,2,4,92,3,5,2,4,5,6,7,13,11,6,0,0,2,12,15
-3,5,4,25,9,0,1,2,0,0,0,6,9,0,0,2,4,92,2,5,2,4,5,5,6,13,11,6,0,0,2,12,45
26,5,4,17,9,0,1,1,0,0,0,0,15,0,0,2,4,92,2,5,3,5,5,4,7,13,10,6,0,0,2,11,45
-4,5,4,21,8,0,1,1,0,0,0,13,2,0,0,2,4,92,2,5,3,5,5,3,6,12,9,6,0,0,2,12,15
24,5,4,15,7,0,1,1,1,0,0,5,10,0,0,2,4,92,3,4,3,4,4,2,5,13,8,5,0,0,2,11,30
22,4,4,10,7,0,1,0,1,0,0,0,15,0,0,2,4,92,2,4,3,4,4,2,4,12,8,5,0,0,1,10,45
31,2,2,13,9,0,1,0,1,0,0,3,12,0,0,2,4,92,2,1,1,1,1,3,7,13,10,6,0,0,2,11,15
14,1,1,13,8,0,1,0,1,0,0,5,10,0,0,2,4,92,1,1,1,1,1,4,7,12,10,7,0,0,2,11,15
39,1,1,6,8,0,0,0,1,0,0,4,11,0,0,2,4,92,1,1,1,1,1,3,7,11,9,6,0,0,2,10,15
41,0,0,2,9,0,0,0,0,0,0,14,1,0,0,2,4,92,0,0,0,0,0,4,8,10,10,6,0,0,2,9,45
35,0,0,8,8,0,0,0,0,0,0,10,5,0,0,2,4,92,0,0,0,0,0,4,7,9,9,5,0,0,2,10,30
33,0,0,10,7,0,0,0,0,0,0,0,15,0,0,2,4,92,0,0,0,0,0,4,7,8,8,4,0,0,1,10,45
-49,0,0,8,6,0,0,0,0,0,0,0,4,0,0,2,4,92,0,0,0,0,0,4,7,7,7,4,0,0,2,10,30
-11,0,0,6,5,0,0,0,0,0,0,0,20,0,0,2,4,92,0,0,0,0,0,4,6,6,6,4,0,0,2,10,15
15,0,0,0,4,0,0,0,0,0,0,0,25,0,1,2,4,92,0,0,0,0,0,4,5,5,5,4,0,0,1,9,15
77,0,0,4,3,0,0,0,0,0,0,0,32,0,0,2,4,92,0,0,0,0,0,3,4,4,4,3,0,0,2,10,0
34,0,0,4,2,0,0,0,0,0,0,0,38,0,0,2,4,92,0,0,0,0,0,3,3,3,3,3,0,0,2,10,0
30,0,0,1,1,0,0,0,0,0,0,0,52,0,0,2,4,92,0,0,0,0,0,2,2,2,2,2,0,0,2,9,30
31,0,0,2,0,0,0,0,0,0,0,0,64,0,0,2,4,92,0,0,0,0,0,1,1,1,1,1,0,0,2,9,45
26,25,1,38,1,0,0,0,0,0,1,34,11,0,0,6,3,89,0,39,0,5,10,3,3,6,3,0,2,0,1,16,45
-5,25,1,38,1,0,0,0,0,0,0,32,13,0,0,6,3,89,0,39,0,5,10,2,2,5,2,0,2,0,1,16,45
35,25,3,41,0,0,0,0,0,0,0,9,36,1,0,6,3,89,0,39,4,8,12,1,3,5,1,0,2,0,1,17,0
-60,23,2,38,3,0,0,1,0,0,1,22,8,0,0,6,3,89,2,33,2,4,8,2,4,7,4,1,2,0,1,16,45
-15,23,3,37,3,0,0,1,0,0,0,21,9,0,0,6,3,89,2,33,2,4,8,1,3,7,3,0,2,0,3,16,0
8,22,5,34,5,0,0,1,0,0,0,0,15,0,0,6,3,89,3,30,1,3,8,2,4,8,4,0,2,1,1,15,30
28,21,5,31,5,0,0,1,0,0,0,11,4,0,0,6,3,89,2,29,2,4,9,3,3,7,5,2,2,1,1,14,45
-15,18,2,34,6,0,0,1,0,0,0,38,7,0,0,6,3,89,1,27,1,2,9,2,4,8,7,4,1,1,1,15,30
6,18,2,29,5,0,0,1,0,0,0,33,12,0,0,6,3,89,1,27,1,3,10,1,4,8,6,4,1,0,1,14,15
39,16,3,28,6,0,0,1,0,0,0,9,6,0,0,6,3,89,1,25,2,5,12,4,4,11,7,4,1,0,1,13,30
9,16,3,30,6,0,0,0,0,0,0,7,8,0,0,6,3,89,1,25,3,5,13,3,3,10,6,4,1,0,2,14,30
36,16,4,26,6,0,0,0,0,0,0,5,10,0,0,6,3,89,1,24,3,7,15,2,5,9,6,4,1,1,1,13,0
24,16,5,33,5,0,1,0,0,0,0,0,15,0,0,6,3,89,2,23,3,6,14,1,5,9,5,4,1,1,2,15,0
92,13,6,24,7,0,2,1,0,0,0,3,12,0,0,6,3,89,3,18,2,6,14,5,7,11,8,4,1,1,1,12,45
-171,12,5,36,7,0,1,1,0,0,0,1,14,0,0,6,3,89,2,18,3,7,14,4,6,12,8,4,0,1,1,15,45
86,12,6,22,6,0,1,1,0,0,0,6,9,0,0,6,3,89,2,18,4,9,15,4,5,12,7,4,0,0,2,12,30
-9,12,7,27,5,0,1,1,0,0,1,2,13,0,0,6,3,89,3,17,4,8,15,3,5,12,6,3,0,0,1,13,15
32,11,6,18,6,0,0,1,0,0,1,10,5,0,0,6,3,89,2,16,3,9,14,3,4,12,7,4,0,0,2,12,0
26,10,6,18,5,0,1,1,0,0,2,10,5,0,0,6,3,89,2,14,3,8,13,2,5,15,8,4,0,0,2,12,0
-1,9,7,31,5,0,1,1,0,0,2,12,3,0,0,6,3,89,2,13,6,9,12,2,5,15,8,5,0,0,1,14,45
-27,6,4,20,7,0,1,2,0,0,2,4,11,0,0,6,3,89,3,9,4,7,9,4,7,18,10,5,0,0,2,12,15
-44,5,4,16,9,0,1,2,0,0,1,7,8,0,0,6,3,89,3,7,3,5,7,3,8,18,11,6,0,0,2,11,45
38,4,3,12,9,0,0,2,0,0,1,1,14,0,0,6,3,89,2,7,3,5,7,4,7,18,11,7,0,0,2,11,0
12,3,3,13,10,0,0,3,0,0,0,4,11,0,0,6,3,89,2,5,3,4,5,4,11,18,12,7,0,0,1,11,15
34,2,2,7,10,0,0,3,0,0,0,2,13,0,0,6,3,89,1,4,2,4,4,5,12,17,13,7,0,0,2,10,15
10,2,2,24,9,0,0,3,0,0,0,2,13,0,0,6,3,89,1,4,2,4,4,4,11,16,12,6,0,0,1,12,45
2,2,2,20,9,0,0,2,0,0,0,0,15,0,0,6,3,89,1,4,2,4,4,4,11,15,11,6,0,0,2,12,15
6,2,2,13,9,0,0,3,0,0,0,3,12,0,0,6,3,89,2,2,1,2,2,7,11,15,11,6,0,0,1,11,15
-28,1,1,22,8,0,0,3,0,0,0,13,2,0,0,6,3,89,1,2,1,2,2,6,10,14,11,7,0,0,2,12,30
-24,1,1,9,8,0,0,2,0,0,0,1,14,0,0,6,3,89,1,2,2,2,2,8,11,13,10,6,0,0,1,10,30
24,1,1,15,8,0,0,2,0,0,0,11,4,0,0,6,3,89,1,1,1,1,1,8,10,12,10,5,0,0,2,11,30
17,1,1,16,7,0,0,2,0,0,0,11,4,0,0,6,3,89,1,1,1,1,1,7,9,11,9,5,0,0,2,11,45
63,1,1,5,6,0,0,2,0,0,0,10,5,0,0,6,3,89,1,1,1,1,1,6,8,10,8,4,0,0,2,10,0
-8,1,1,9,5,0,0,2,0,0,0,7,8,0,0,6,3,89,1,1,1,1,1,5,8,9,7,3,0,0,1,10,30
85,0,0,3,5,0,0,1,0,0,0,9,6,0,0,6,3,89,0,1,1,1,1,4,7,8,7,3,0,0,2,9,45
15,0,0,3,4,0,0,1,0,0,0,8,7,0,0,6,3,89,0,1,1,1,1,4,6,7,6,3,0,0,2,9,45
-4,0,0,11,4,0,0,1,0,0,0,2,13,0,0,6,3,89,1,0,0,0,0,4,5,6,5,2,0,0,1,10,45
64,0,0,1,3,0,0,1,0,0,0,0,1,0,0,6,3,89,1,0,0,0,0,3,4,5,4,2,0,0,2,9,30
-18,0,0,1,2,0,0,1,0,0,0,0,21,0,0,6,3,89,0,0,0,0,0,3,4,4,4,1,0,0,2,9,30
34,0,0,5,2,0,0,0,0,0,0,0,25,0,0,6,3,89,0,0,0,0,0,2,3,3,3,1,0,0,2,10,0
21,0,0,0,1,0,0,0,0,0,0,0,38,0,1,6,3,89,0,0,0,0,0,2,2,2,2,0,0,0,2,9,15
-32,0,0,7,0,0,0,0,0,0,0,0,61,0,0,6,3,89,0,0,0,0,0,1,1,1,1,0,0,0,2,10,15
-10,41,5,56,2,0,1,3,0,0,1,5,10,1,0,5,3,88,2,49,3,6,12,4,7,9,6,2,7,3,1,17,30
28,40,4,53,4,0,1,2,0,0,1,8,7,0,0,5,3,88,2,47,3,5,11,4,6,11,7,3,6,3,1,17,15
-8,40,4,53,4,0,1,2,0,0,0,7,8,0,0,5,3,88,2,47,3,5,11,3,5,10,6,2,5,2,1,17,15
79,39,4,49,3,0,1,3,0,0,0,6,9,0,0,5,3,88,2,46,3,5,10,4,4,11,6,2,5,1,2,16,45
51,38,3,49,3,0,1,3,0,0,0,0,15,0,0,5,3,88,2,45,3,5,10,3,3,10,6,3,5,1,2,16,45
12,36,2,47,3,0,1,3,0,0,0,10,20,0,0,5,3,88,0,44,3,7,12,2,3,12,8,4,5,1,2,16,30
-16,36,2,53,3,0,0,3,0,0,0,9,21,0,0,5,3,88,0,44,3,7,12,1,2,11,7,3,4,1,1,17,15
11,34,4,51,8,0,0,4,0,0,0,14,1,0,0,5,3,88,3,37,1,5,14,6,9,17,10,5,4,1,3,17,0
49,34,4,43,7,0,0,4,0,0,0,6,9,0,0,5,3,88,2,37,1,5,15,6,9,16,10,5,4,1,2,15,45
26,33,4,47,7,0,0,3,0,0,0,14,1,0,0,5,3,88,1,37,2,7,16,6,8,15,10,5,4,1,2,16,30
-31,33,5,45,7,0,0,3,0,0,0,12,3,0,0,5,3,88,2,36,1,6,15,6,8,15,9,4,3,1,2,16,0
41,33,5,43,7,0,0,2,0,0,0,11,4,0,0,5,3,88,2,36,2,6,15,5,7,14,8,3,3,0,2,15,45
-11,32,5,45,6,0,0,2,0,0,0,0,15,0,0,5,3,88,1,36,4,7,16,4,8,13,8,3,3,1,2,16,0
-17,32,6,41,5,0,0,2,0,0,0,13,2,0,0,5,3,88,1,36,4,9,16,3,7,12,7,3,3,1,2,15,30
5,32,7,37,6,0,0,1,0,0,0,0,15,0,0,5,3,88,1,35,5,9,17,3,8,12,7,3,3,1,2,14,45
48,32,8,36,5,0,0,1,0,0,0,13,2,0,0,5,3,88,1,35,5,9,17,2,8,11,6,2,3,2,1,14,30
80,30,9,38,6,0,1,0,0,0,1,41,4,0,0,5,3,88,2,32,5,9,16,4,8,12,7,3,3,2,1,15,0
45,29,9,35,7,0,1,0,0,0,1,27,18,0,0,5,3,88,2,30,5,9,16,6,8,12,8,5,3,2,1,14,15
-49,28,8,51,6,0,1,0,0,0,1,23,22,0,0,5,3,88,1,30,6,9,16,5,7,11,8,4,2,2,3,17,0
-50,27,8,41,6,0,1,0,0,0,1,17,28,0,0,5,3,88,1,29,5,8,17,5,6,10,8,4,2,1,2,15,30
49,26,7,38,7,0,1,0,0,0,1,7,38,0,0,5,3,88,2,27,5,8,15,4,5,11,8,5,2,1,1,15,0
74,25,7,28,7,0,1,0,0,0,1,0,45,0,0,5,3,88,2,26,4,8,16,3,5,10,8,4,2,1,1,12,30
47,25,7,33,7,0,0,0,0,0,1,29,1,0,0,5,3,88,2,26,5,8,16,2,4,10,7,3,1,1,1,13,30
27,23,5,33,7,0,0,1,0,0,1,23,7,0,0,5,3,88,2,24,3,6,14,2,3,9,8,3,1,0,1,13,30
63,20,6,31,8,0,0,2,0,0,1,13,2,0,0,5,3,88,2,21,3,7,14,2,5,11,10,4,1,1,2,13,0
69,18,8,26,9,0,0,2,0,0,1,2,13,0,0,5,3,88,1,19,5,9,13,4,6,15,12,4,1,1,2,12,15
58,18,9,28,9,0,0,3,0,0,1,6,9,0,0,5,3,88,3,17,3,7,12,3,6,16,11,4,1,1,1,12,30
-73,16,7,40,10,0,0,3,0,0,0,1,14,0,0,5,3,88,2,16,4,7,11,2,5,16,12,3,0,1,2,15,15
92,14,7,24,10,0,0,3,0,0,0,3,12,0,0,5,3,88,1,14,4,7,12,3,6,17,13,2,0,0,2,12,0
48,12,6,31,12,0,0,3,0,0,0,0,15,0,0,5,3,88,2,12,3,6,11,3,8,18,14,3,0,0,2,13,0
71,11,5,24,11,0,0,3,0,0,0,8,7,0,0,5,3,88,1,12,4,6,11,4,9,20,14,4,0,0,2,12,0
125,10,4,26,11,0,1,3,0,0,0,0,15,0,0,5,3,88,2,10,3,4,9,3,9,19,14,5,0,0,2,12,15
108,9,5,18,11,0,1,2,0,1,0,0,15,0,0,5,3,88,2,9,3,4,9,5,11,20,14,5,0,0,2,11,15
91,9,5,22,11,0,1,1,0,1,0,12,3,0,0,5,3,88,2,9,3,4,9,5,10,19,13,5,0,0,2,11,45
93,7,4,14,12,0,1,1,0,1,0,14,1,0,0,5,3,88,2,7,1,4,7,6,12,18,14,6,0,0,2,10,45
141,7,4,8,11,0,1,1,0,1,0,12,3,0,0,5,3,88,2,7,2,5,7,5,11,17,13,6,0,0,2,10,0
112,7,4,10,10,0,1,1,0,1,0,11,4,0,0,5,3,88,2,7,2,5,7,4,10,16,12,6,0,0,2,10,15
48,6,5,22,10,0,1,1,0,1,0,13,2,0,0,5,3,88,2,6,1,5,6,6,11,16,12,7,0,0,2,11,45
-2,6,5,30,9,0,1,1,0,1,0,11,4,0,0,5,3,88,2,6,1,5,6,5,11,15,11,6,0,0,2,12,45
97,6,5,18,8,0,1,1,0,1,0,4,11,0,0,5,3,88,2,6,3,5,6,6,11,14,10,6,0,0,2,11,15
157,4,3,0,8,0,1,1,0,1,0,10,5,0,1,5,3,88,1,5,3,4,5,6,10,14,11,6,0,0,1,9,0
110,4,3,10,8,0,1,0,0,1,0,8,7,0,0,5,3,88,1,5,3,4,5,6,11,13,10,5,0,0,2,10,15
23,4,3,16,8,0,0,0,0,1,0,3,12,0,0,5,3,88,1,5,4,4,5,5,10,13,9,5,0,0,2,11,0
22,3,3,20,7,0,0,0,0,1,0,11,4,0,0,5,3,88,0,5,4,5,5,6,9,12,9,6,0,0,2,11,30
72,3,3,8,6,0,1,0,0,1,0,7,8,0,0,5,3,88,1,4,3,4,4,6,8,11,8,6,0,0,2,10,0
20,3,3,20,6,0,1,0,0,1,0,14,1,0,0,5,3,88,2,3,2,3,3,5,7,10,7,5,0,0,2,11,30
-32,3,3,12,6,0,0,0,0,1,1,8,7,0,0,5,3,88,2,2,1,2,2,6,7,9,7,5,0,0,2,10,30
3,1,1,14,6,0,0,0,0,1,1,13,2,0,0,5,3,88,1,1,1,1,1,5,6,9,8,4,0,0,2,10,45
4,1,1,16,6,0,0,0,0,0,1,12,3,0,0,5,3,88,1,1,1,1,1,4,5,8,7,3,0,0,2,11,0
71,1,1,12,5,0,0,0,0,0,1,8,7,0,0,5,3,88,1,1,1,1,1,3,4,8,6,2,0,0,2,10,30
42,1,1,3,4,0,0,0,0,0,1,10,5,0,0,5,3,88,0,1,1,1,1,3,4,7,6,2,0,0,3,9,30
43,1,1,5,3,0,0,0,0,0,1,9,6,0,0,5,3,88,0,1,1,1,1,2,3,6,5,1,0,0,2,9,45
35,0,0,2,2,0,0,0,0,0,2,0,5,0,0,5,3,88,0,0,0,0,0,2,3,5,5,2,0,0,2,9,15
7,0,0,5,2,0,0,0,0,0,1,0,30,0,0,5,3,88,0,0,0,0,0,2,4,4,4,2,0,0,2,9,45
-13,0,0,5,1,0,0,0,0,0,1,0,40,0,0,5,3,88,0,0,0,0,0,1,3,3,3,2,0,0,2,9,45
59,0,0,3,0,0,0,0,0,0,1,0,74,0,0,5,3,88,0,0,0,0,0,2,2,2,2,1,0,0,3,9,30
12,0,0,0,0,0,0,0,0,0,0,0,78,0,1,5,3,88,0,0,0,0,0,1,1,1,1,1,0,0,1,9,0
29,21,3,47,0,0,0,0,0,0,0,1,0,1,0,4,3,87,0,47,2,4,6,1,1,6,1,1,3,0,2,17,30
-17,18,1,43,2,0,0,0,0,0,2,35,10,0,0,4,3,87,1,41,1,3,8,4,5,7,4,1,3,2,2,16,45
12,17,1,45,2,0,0,0,1,0,1,16,29,0,0,4,3,87,0,41,0,2,9,4,4,8,5,2,3,2,1,17,0
-18,17,1,41,1,0,0,0,1,0,1,14,31,0,0,4,3,87,0,41,1,2,9,3,4,7,4,2,2,2,2,16,30
9,17,1,41,0,0,0,0,1,0,1,10,35,0,0,4,3,87,0,41,1,3,9,2,3,6,3,2,2,1,2,16,30
19,17,2,40,0,0,0,0,0,0,1,11,4,0,0,4,3,87,0,41,2,5,10,1,2,6,2,2,1,1,2,15,45
14,16,1,43,2,0,0,0,0,0,0,0,15,0,0,4,3,87,1,39,4,7,14,1,4,9,2,1,1,1,2,16,45
-131,15,1,45,4,0,0,1,0,0,0,13,2,0,0,4,3,87,2,35,3,6,14,3,6,12,4,0,0,1,1,17,0
-43,15,4,36,4,0,0,2,0,0,0,39,6,0,0,4,3,87,2,33,2,6,14,4,7,13,5,1,0,0,2,15,15
10,15,4,35,3,0,0,2,0,0,0,35,10,0,0,4,3,87,1,33,2,6,14,4,6,13,5,1,0,0,2,15,0
30,15,5,30,3,0,1,2,0,0,0,16,29,0,0,4,3,87,2,31,3,8,13,4,7,13,5,2,0,0,1,14,15
-19,14,4,33,2,0,1,2,0,0,0,11,34,0,0,4,3,87,1,31,4,9,14,4,6,15,5,2,0,0,1,14,45
-33,14,4,33,2,0,1,1,0,0,0,9,36,0,0,4,3,87,1,31,4,9,14,3,5,14,4,2,0,0,1,14,45
-84,12,3,38,5,0,1,0,0,0,0,6,9,0,0,4,3,87,1,28,4,7,12,4,6,14,6,4,0,0,1,15,30
15,12,4,29,5,0,0,0,0,0,1,12,3,0,0,4,3,87,1,27,5,8,13,3,7,13,6,4,0,0,2,13,30
57,11,3,23,5,0,0,0,0,0,2,27,3,0,0,4,3,87,1,25,4,6,13,4,7,15,7,5,0,0,2,12,30
-83,11,3,36,5,0,0,0,0,0,2,22,8,0,0,4,3,87,2,24,3,5,12,3,7,14,6,4,0,0,2,15,15
-77,10,4,32,5,0,0,1,1,0,2,3,27,0,0,4,3,87,2,21,2,5,12,5,9,14,8,5,0,0,2,14,30
40,10,4,23,5,0,0,1,1,0,1,2,28,0,0,4,3,87,2,21,2,5,12,4,8,14,7,5,0,0,2,12,30
7,8,2,28,4,0,0,2,1,0,1,1,14,0,0,4,3,87,1,20,2,5,13,4,8,15,8,6,0,0,1,13,15
-9,8,2,26,4,0,0,2,1,0,1,13,2,0,0,4,3,87,2,19,2,5,13,6,7,14,7,5,0,0,1,13,0
-1,8,2,26,3,0,0,2,1,0,1,8,7,0,0,4,3,87,2,19,2,5,13,5,6,13,6,5,0,0,1,13,0
22,8,3,20,3,0,0,1,1,0,1,8,7,0,0,4,3,87,1,19,3,7,14,5,8,15,6,5,0,0,1,12,0
77,7,3,16,2,0,0,1,2,0,1,1,14,0,0,4,3,87,1,18,3,7,15,4,7,15,6,5,0,0,2,11,30
19,7,3,20,2,0,0,1,1,0,2,0,15,0,0,4,3,87,2,17,2,7,14,3,6,16,5,4,0,0,1,12,0
-34,7,3,23,2,0,0,1,1,0,1,14,1,0,0,4,3,87,2,17,3,7,15,2,5,15,4,3,0,0,2,12,30
-3,6,4,18,3,0,0,1,1,0,0,1,14,0,0,4,3,87,1,16,4,7,16,3,6,15,5,3,0,0,2,11,45
-117,5,3,38,5,0,0,1,1,0,1,4,11,0,0,4,3,87,2,12,3,6,12,4,9,18,7,4,0,0,1,15,30
5,5,3,16,5,0,0,1,0,0,1,4,11,0,0,4,3,87,2,12,3,7,12,3,8,17,6,3,0,0,2,11,30
-5,5,3,14,4,0,0,1,0,0,1,0,15,0,0,4,3,87,2,12,3,7,12,3,7,16,5,3,0,0,2,11,15
50,3,2,6,5,0,0,2,0,0,0,7,8,0,0,4,3,87,1,10,4,10,10,5,11,16,7,5,0,0,3,10,15
7,3,2,18,5,0,0,1,0,0,1,3,12,0,0,4,3,87,2,9,4,9,9,5,10,15,6,4,0,0,2,11,45
-56,2,2,22,5,0,0,1,0,0,1,9,6,0,0,4,3,87,1,8,3,8,8,5,10,15,7,5,0,0,3,12,15
-100,2,2,30,4,0,0,1,0,0,1,6,9,0,0,4,3,87,1,8,3,8,8,4,10,14,6,4,0,0,1,14,15
-21,2,2,14,5,0,0,1,0,0,1,7,8,0,0,4,3,87,1,6,6,6,6,7,11,14,7,4,0,0,2,11,15
-49,2,2,12,4,0,0,1,0,0,1,5,10,0,0,4,3,87,1,6,6,6,6,6,10,13,6,3,0,0,2,11,0
13,1,1,3,4,0,0,1,0,0,1,10,5,0,0,4,3,87,0,5,5,5,5,6,10,12,7,4,0,0,2,9,45
-1,1,1,4,3,0,1,1,0,0,1,3,12,0,0,4,3,87,1,4,4,4,4,7,9,11,6,3,0,0,2,10,0
19,1,1,8,2,0,1,2,0,0,1,1,14,0,0,4,3,87,2,3,3,3,3,7,8,10,5,3,0,0,1,10,30
-29,1,1,12,2,0,1,1,0,0,1,0,15,0,0,4,3,87,2,3,3,3,3,6,7,9,4,2,0,0,2,11,0
-31,1,1,11,2,0,2,1,0,0,1,7,8,0,0,4,3,87,2,0,1,1,1,5,6,8,5,3,0,0,2,10,45
13,0,0,8,1,0,2,2,0,0,1,26,4,0,0,4,3,87,2,0,0,0,0,5,6,7,5,3,0,0,1,10,30
-31,0,0,6,1,0,1,2,0,0,1,22,8,0,0,4,3,87,1,0,0,0,0,4,5,6,5,4,0,0,3,10,15
2,0,0,8,1,0,1,2,0,0,0,19,11,0,0,4,3,87,1,0,0,0,0,3,5,5,4,3,0,0,1,10,30
-22,0,0,4,0,0,1,2,0,0,0,17,13,0,0,4,3,87,0,0,0,0,0,2,4,4,4,4,0,0,2,10,0
28,0,0,0,0,0,0,2,0,0,0,0,4,0,1,4,3,87,0,0,0,0,0,2,3,3,3,3,0,0,2,9,0
-12,0,0,1,0,0,0,1,0,0,0,0,27,0,0,4,3,87,0,0,0,0,0,2,2,2,2,2,0,0,1,9,30
-6,0,0,1,0,0,0,0,0,0,0,0,40,0,0,4,3,87,0,0,0,0,0,1,1,1,1,1,0,0,1,9,30
20,25,2,46,2,0,1,3,0,0,0,2,13,1,0,3,3,86,2,40,1,4,9,4,6,10,5,3,5,0,1,17,30
-13,25,3,45,2,0,2,2,0,0,0,3,12,0,0,3,3,86,2,39,2,4,10,3,6,10,5,4,5,0,1,17,0
-5,25,3,43,2,0,1,2,0,0,0,13,2,0,0,3,3,86,2,39,2,4,11,2,5,11,4,3,5,0,1,16,30
82,23,2,31,2,0,0,2,0,0,0,4,11,0,0,3,3,86,0,39,3,5,11,2,4,10,5,4,5,0,1,14,30
6,23,2,44,3,0,0,2,0,0,0,10,5,0,0,3,3,86,2,37,2,5,11,3,6,10,4,3,5,1,1,16,45
38,23,2,39,3,0,0,2,0,0,0,3,12,0,0,3,3,86,2,36,2,5,10,2,5,10,4,2,5,1,1,15,45
-40,23,2,41,2,0,0,2,0,0,0,9,6,0,0,3,3,86,1,36,3,6,12,1,4,10,4,3,5,1,1,16,0
-13,21,2,38,4,0,1,1,0,0,0,3,12,0,0,3,3,86,0,33,4,6,14,4,7,15,7,3,5,2,2,15,30
-38,21,3,35,5,0,0,1,0,0,0,12,3,0,0,3,3,86,1,32,4,6,15,5,6,15,6,2,4,2,1,15,15
-27,21,3,35,4,0,0,1,0,0,0,11,4,0,0,3,3,86,1,32,4,6,15,4,5,14,5,2,4,1,1,15,15
42,20,4,35,6,0,0,0,0,0,0,34,11,0,0,3,3,86,1,30,3,7,16,4,7,14,6,4,3,1,1,15,15
36,20,4,30,6,0,0,0,0,0,0,32,13,0,0,3,3,86,2,29,2,6,15,3,6,13,5,3,3,0,1,14,15
-5,20,5,42,5,0,0,0,1,0,0,29,16,0,0,3,3,86,3,28,1,6,15,2,5,12,4,3,3,0,1,16,15
4,19,6,33,4,0,0,1,1,0,0,10,35,0,0,3,3,86,2,27,3,7,17,3,6,12,5,3,3,0,3,15,0
-39,17,6,33,3,0,0,1,1,0,1,18,12,0,0,3,3,86,0,26,5,9,16,4,9,17,7,4,3,3,3,15,0
-46,17,6,32,2,0,0,1,1,0,1,18,12,0,0,3,3,86,0,26,6,9,16,3,8,17,6,3,3,3,2,14,45
22,17,8,29,1,0,1,2,1,0,1,6,24,0,0,3,3,86,2,24,4,10,14,5,8,18,5,2,3,3,1,13,30
32,15,7,26,3,0,1,2,0,0,1,9,6,0,0,3,3,86,2,22,5,10,12,6,7,18,6,4,3,3,1,13,0
65,13,7,26,3,0,1,3,0,0,1,14,1,0,0,3,3,86,2,20,4,9,11,5,7,17,7,4,3,3,1,13,0
21,13,7,24,3,0,0,3,0,0,1,10,5,0,0,3,3,86,2,20,4,10,12,5,6,17,6,3,3,3,3,12,45
32,13,7,21,3,0,0,2,0,0,1,7,8,0,0,3,3,86,2,20,5,10,13,4,5,16,5,2,2,3,2,12,30
34,12,7,24,4,0,0,2,0,0,0,4,11,0,0,3,3,86,2,19,5,9,12,3,7,15,5,1,1,2,3,12,45
-129,12,7,39,4,0,0,1,0,0,0,1,14,0,0,3,3,86,1,19,5,9,12,2,7,14,5,1,0,1,1,15,45
37,9,4,19,5,0,1,1,0,0,0,13,2,0,0,3,3,86,1,16,6,6,11,2,11,16,7,3,0,0,3,12,15
-29,6,1,26,6,0,3,1,0,0,0,18,12,0,0,3,3,86,0,12,2,2,10,8,11,15,11,6,0,0,1,13,0
-1,6,1,17,7,0,2,1,0,0,1,7,23,0,0,3,3,86,2,10,0,3,9,9,11,14,10,6,0,0,2,12,0
-20,5,1,21,6,0,2,1,0,0,1,5,25,0,0,3,3,86,1,10,0,3,9,8,10,13,10,6,0,0,2,12,30
33,5,1,13,6,0,1,1,0,0,1,4,26,0,0,3,3,86,1,10,0,3,9,7,9,12,9,5,0,0,2,11,15
28,5,1,17,5,0,1,1,0,0,1,2,28,0,0,3,3,86,1,10,0,3,9,7,8,11,8,4,0,0,2,12,0
35,5,1,19,4,0,1,1,0,0,1,0,30,0,0,3,3,86,1,10,0,3,9,6,7,10,7,3,0,0,3,12,15
76,5,1,11,4,0,0,1,0,0,1,6,9,0,0,3,3,86,0,10,0,5,10,5,6,11,7,2,0,0,2,11,0
50,5,1,9,4,0,0,1,0,0,0,3,12,0,0,3,3,86,0,10,0,5,10,4,6,10,6,2,0,0,2,10,45
33,5,1,15,3,0,0,1,0,0,0,1,14,0,0,3,3,86,0,10,0,5,10,3,6,9,5,2,0,0,2,11,30
35,5,1,13,2,0,0,1,0,0,0,13,2,0,0,3,3,86,0,10,1,5,10,3,5,8,4,1,0,0,2,11,15
6,5,2,21,2,0,0,0,0,0,0,2,13,0,0,3,3,86,0,10,3,7,10,2,5,8,3,1,0,0,2,12,30
73,5,3,11,2,0,0,0,0,0,0,13,2,0,0,3,3,86,1,9,4,8,9,3,4,12,2,1,0,0,2,11,0
-5,4,4,15,3,0,0,2,0,0,0,3,12,0,0,3,3,86,3,5,3,5,5,3,5,11,3,1,0,0,2,11,30
6,4,4,7,2,0,0,2,0,0,0,2,13,0,0,3,3,86,3,5,4,5,5,2,4,10,2,1,0,0,2,10,30
-2,4,4,7,2,0,0,1,0,0,0,13,2,0,0,3,3,86,3,5,4,5,5,1,3,9,1,1,0,0,2,10,30
53,0,0,0,4,0,0,2,0,0,0,13,2,0,1,3,3,86,0,1,1,1,1,3,8,8,7,5,0,0,2,9,15
3,0,0,1,3,0,0,2,0,0,0,10,5,0,0,3,3,86,0,1,1,1,1,4,7,7,6,4,0,0,2,9,30
-13,0,0,5,3,0,0,2,0,0,0,0,7,0,0,3,3,86,0,0,0,0,0,6,6,6,6,5,0,0,1,10,0
-37,0,0,3,2,0,0,2,0,0,0,0,18,0,0,3,3,86,0,0,0,0,0,5,5,5,5,5,0,0,1,9,45
3,0,0,1,2,0,0,1,0,0,0,0,20,0,0,3,3,86,0,0,0,0,0,4,4,4,4,4,0,0,2,9,30
-7,0,0,6,2,0,0,0,0,0,0,0,25,0,0,3,3,86,0,0,0,0,0,3,3,3,3,3,0,0,2,10,15
9,0,0,3,1,0,0,0,0,0,0,0,26,0,0,3,3,86,0,0,0,0,0,2,2,2,2,2,0,0,1,9,45
-36,0,0,9,0,0,0,0,0,0,0,0,30,0,0,3,3,86,0,0,0,0,0,1,1,1,1,1,0,0,2,10,45
-38,33,3,52,3,0,0,2,0,0,1,2,13,0,0,2,3,85,3,47,4,7,11,3,6,10,4,1,7,2,1,17,30
-10,32,5,51,6,0,0,2,0,0,1,9,6,0,0,2,3,85,2,43,3,5,9,4,7,11,8,4,6,2,1,17,15
18,32,5,46,5,0,0,2,0,0,1,3,12,0,0,2,3,85,2,43,3,5,9,4,7,11,7,4,6,1,2,16,30
29,30,3,45,5,0,0,3,0,0,1,10,5,0,0,2,3,85,2,41,2,3,9,4,6,12,8,4,6,1,2,16,15
-4,30,3,46,4,0,0,3,0,0,1,6,9,0,0,2,3,85,2,41,2,3,11,3,5,13,7,4,6,1,2,16,30
-16,30,4,48,5,0,0,2,0,0,1,7,8,0,0,2,3,85,2,40,2,3,10,3,5,12,7,4,5,2,1,16,45
-99,30,5,53,5,0,0,2,0,0,0,1,14,1,0,2,3,85,2,40,2,4,11,3,4,12,6,3,5,1,1,18,0
29,28,4,43,5,0,0,2,1,0,0,3,12,0,0,2,3,85,2,38,0,3,10,2,5,11,7,4,5,1,1,15,45
32,27,3,42,4,0,0,2,1,0,0,6,9,0,0,2,3,85,1,38,1,4,11,2,4,11,7,4,5,1,1,15,30
-31,26,3,50,5,0,0,1,1,0,0,0,15,0,0,2,3,85,1,37,2,7,12,3,8,10,7,4,4,2,1,17,0
46,24,2,40,4,0,0,2,1,0,0,12,3,0,0,2,3,85,0,36,4,7,14,5,8,11,8,3,4,2,1,15,15
44,24,3,34,5,0,0,2,0,0,0,5,10,0,0,2,3,85,1,35,5,7,13,6,7,11,7,2,4,2,2,14,30
1,24,5,36,4,0,1,2,0,0,0,49,11,0,0,2,3,85,0,34,5,7,14,6,7,11,8,2,4,2,2,14,45
28,24,5,38,4,0,1,1,0,0,0,48,12,0,0,2,3,85,0,34,5,8,14,5,6,10,7,2,4,2,2,15,0
-18,23,4,44,3,0,1,3,0,0,0,42,18,0,0,2,3,85,1,32,3,6,14,4,5,9,7,1,3,2,1,16,0
13,23,5,33,3,0,1,2,0,0,0,40,20,0,0,2,3,85,1,32,3,6,14,3,4,9,6,1,3,1,2,14,15
21,23,5,38,3,0,1,2,0,0,0,38,22,0,0,2,3,85,1,31,3,5,14,2,3,8,6,2,3,1,2,15,0
-25,23,6,34,4,0,0,2,0,0,0,20,40,0,0,2,3,85,2,30,3,6,15,2,3,12,5,2,2,1,2,14,30
97,21,7,29,4,0,0,3,0,0,0,1,59,0,0,2,3,85,2,28,3,7,17,1,5,15,6,3,2,1,1,13,0
30,17,7,27,6,0,0,3,1,0,0,10,5,0,0,2,3,85,1,24,4,7,14,4,10,17,10,4,2,1,3,12,45
18,16,7,32,7,0,0,3,1,0,0,14,1,0,0,2,3,85,2,22,3,9,13,3,10,17,10,4,2,1,1,13,15
-14,15,6,29,6,0,0,3,1,0,0,6,9,0,0,2,3,85,1,22,5,11,13,3,10,18,10,4,2,1,1,13,0
-81,14,6,40,6,0,0,3,1,0,0,1,14,0,0,2,3,85,1,21,4,10,12,4,10,18,10,5,1,1,1,15,15
3,12,5,24,7,0,0,4,1,0,0,12,3,0,0,2,3,85,2,18,7,7,12,7,11,18,11,6,1,0,1,12,15
-41,11,5,36,6,0,1,4,1,0,0,4,11,0,0,2,3,85,2,17,6,7,11,7,12,17,11,5,1,0,2,14,45
10,11,5,29,5,0,1,4,1,0,0,4,11,0,0,2,3,85,2,17,6,7,11,6,11,16,10,4,1,0,1,13,0
88,11,5,15,5,0,1,4,0,0,0,1,14,0,0,2,3,85,2,17,6,7,12,7,10,15,9,4,1,0,1,11,15
118,10,5,21,5,0,1,3,0,0,0,12,3,0,0,2,3,85,1,17,6,7,12,6,9,14,9,4,1,0,2,12,0
3,10,5,21,4,0,1,3,0,0,0,11,4,0,0,2,3,85,1,17,6,7,12,5,8,13,8,4,1,0,2,12,0
53,10,5,26,6,0,1,4,0,0,0,1,14,0,0,2,3,85,4,13,2,4,11,5,8,14,8,3,1,0,2,12,30
11,9,5,27,8,0,1,3,0,0,0,11,4,0,0,2,3,85,4,11,0,2,9,4,9,15,9,4,1,1,3,12,45
37,8,5,19,7,0,1,3,0,0,0,2,13,0,0,2,3,85,3,11,1,2,10,5,9,16,9,4,1,1,3,11,45
93,8,5,13,6,0,1,3,0,0,0,1,14,0,0,2,3,85,3,11,1,2,10,4,8,15,8,3,1,1,3,11,0
-16,7,4,19,6,0,1,2,0,0,0,3,12,0,0,2,3,85,2,11,1,4,11,4,7,16,8,3,1,1,3,11,45
-38,7,5,24,6,0,0,2,0,0,0,11,4,0,0,2,3,85,2,11,2,5,11,5,7,15,7,3,1,1,1,12,15
24,7,5,18,5,0,0,2,0,0,0,10,5,0,0,2,3,85,2,11,2,5,11,4,6,14,6,3,1,1,2,11,30
6,5,3,21,6,0,0,1,0,0,0,5,10,0,0,2,3,85,1,10,3,8,10,4,7,15,7,4,1,1,2,12,0
29,4,3,15,6,0,0,1,0,0,0,13,2,0,0,2,3,85,1,9,3,7,9,4,7,16,7,3,0,1,1,11,15
14,4,3,10,5,0,0,1,0,0,0,12,3,0,0,2,3,85,1,9,3,7,9,3,6,15,6,2,0,0,1,10,30
45,3,3,12,4,0,0,1,0,0,0,3,12,0,0,2,3,85,0,9,4,8,9,2,8,14,6,2,0,0,2,10,45
19,3,3,6,6,0,0,0,0,0,0,2,13,0,0,2,3,85,2,7,5,7,7,3,9,14,5,1,0,0,2,10,0
-74,2,2,15,7,0,0,0,0,0,0,9,6,0,0,2,3,85,0,5,5,5,5,6,10,13,8,3,0,0,1,11,15
37,2,2,8,7,0,0,1,1,0,0,7,8,0,0,2,3,85,3,2,2,2,2,5,9,12,7,2,0,0,2,10,15
19,1,1,13,6,0,0,1,1,0,0,13,2,0,0,2,3,85,2,2,2,2,2,6,9,11,7,2,0,0,3,11,0
-2,1,1,4,5,0,0,1,1,0,0,12,3,0,0,2,3,85,2,2,2,2,2,5,9,10,6,2,0,0,2,9,45
51,1,1,8,4,0,0,1,1,0,0,9,6,0,0,2,3,85,2,2,2,2,2,4,8,9,5,1,0,0,2,10,15
3,0,0,2,5,0,0,0,1,0,0,7,8,0,0,2,3,85,2,1,1,1,1,3,7,8,5,2,0,0,2,9,30
-9,0,0,2,5,0,0,0,1,0,0,4,11,0,0,2,3,85,0,0,0,0,0,4,6,7,7,4,0,0,2,9,30
1,0,0,10,4,0,0,0,1,0,0,3,12,0,0,2,3,85,0,0,0,0,0,3,6,6,6,3,0,0,1,10,30
22,0,0,0,4,0,0,0,0,0,0,0,9,0,1,2,3,85,0,0,0,0,0,4,5,5,5,3,0,0,1,9,0
-417,0,0,48,3,0,0,0,0,0,0,0,20,0,0,2,3,85,0,0,0,0,0,3,4,4,4,2,0,0,1,16,45
-3,0,0,1,2,0,0,0,0,0,0,0,31,0,0,2,3,85,0,0,0,0,0,3,3,3,3,2,0,0,2,9,15
-38,0,0,4,1,0,0,0,0,0,0,0,32,0,0,2,3,85,0,0,0,0,0,2,2,2,2,1,0,0,2,9,45
1,0,0,6,0,0,0,0,0,0,0,0,56,0,0,2,3,85,0,0,0,0,0,1,1,1,1,1,0,0,2,10,0
4,36,5,51,2,0,0,0,0,0,0,22,8,1,0,6,3,82,1,50,5,7,11,2,5,10,2,1,1,0,1,17,30
-15,36,5,51,3,0,0,0,0,0,0,6,24,1,0,6,3,82,2,48,5,6,11,1,6,10,2,1,1,0,1,17,30
18,32,3,48,5,0,1,1,0,0,0,2,13,0,0,6,3,82,2,43,2,4,9,5,8,12,6,1,1,0,1,16,45
20,32,3,46,5,0,0,1,0,0,0,1,14,0,0,6,3,82,2,43,2,4,9,4,7,11,5,1,1,0,2,16,30
-4,31,3,50,5,0,0,0,0,0,0,23,7,0,0,6,3,82,0,43,2,4,10,3,6,10,6,2,1,0,2,17,0
50,31,3,48,4,0,0,0,0,0,0,16,14,0,0,6,3,82,0,43,2,5,10,2,6,11,5,2,1,0,1,16,45
39,31,3,44,3,0,0,0,0,0,0,11,19,0,0,6,3,82,0,43,4,5,11,2,5,10,4,2,1,0,2,16,0
27,30,4,41,3,0,1,0,0,0,0,0,15,0,0,6,3,82,1,41,3,6,13,4,5,10,4,2,1,0,1,15,30
76,30,4,43,3,0,1,1,0,0,0,10,5,0,0,6,3,82,2,39,1,4,11,3,5,9,4,2,1,0,2,15,45
-1,29,3,46,2,0,1,1,0,0,0,3,12,0,0,6,3,82,1,39,2,5,12,2,5,8,4,2,1,0,2,16,30
59,28,2,41,1,0,1,1,0,0,0,7,8,0,0,6,3,82,0,39,4,6,14,2,5,8,4,1,1,0,1,15,30
-16,26,1,44,4,0,0,2,0,0,0,14,1,0,0,6,3,82,2,35,2,4,11,3,6,10,5,3,1,0,2,16,0
26,26,3,36,3,0,0,2,0,0,0,12,3,0,0,6,3,82,2,35,3,7,14,4,5,10,4,2,1,0,2,14,45
35,26,3,38,3,0,0,2,0,0,0,5,10,0,0,6,3,82,1,34,3,7,15,3,4,9,5,2,1,0,1,15,0
32,26,5,34,2,0,0,3,0,0,0,7,8,0,0,6,3,82,2,33,2,8,14,3,4,9,4,2,1,0,2,14,30
26,26,5,38,2,0,0,2,0,0,0,7,8,0,0,6,3,82,2,33,2,8,14,2,3,8,3,1,1,0,1,15,0
-21,25,6,34,3,0,0,2,0,0,0,29,16,0,0,6,3,82,2,31,5,7,14,2,5,10,4,1,1,0,2,14,30
-5,21,5,36,5,0,2,2,0,0,0,14,1,0,0,6,3,82,2,26,2,7,11,4,5,13,8,2,1,0,2,14,45
-36,20,6,33,6,0,1,2,0,0,0,8,7,0,0,6,3,82,2,25,5,6,13,4,8,16,8,3,1,0,2,14,15
75,19,5,23,5,0,1,2,0,0,0,6,9,0,0,6,3,82,1,25,6,7,13,3,7,15,8,3,1,0,1,12,15
46,19,5,28,5,0,1,1,0,0,0,4,11,0,0,6,3,82,1,25,6,7,13,2,6,15,7,3,1,0,2,13,0
65,18,6,30,5,0,2,2,0,0,1,12,3,0,0,6,3,82,3,21,2,5,13,4,7,16,8,2,1,0,1,13,15
22,15,4,32,6,0,2,2,0,0,1,12,3,0,0,6,3,82,2,19,2,5,11,4,9,17,10,3,1,0,1,13,30
8,15,6,26,6,0,1,2,0,0,1,6,9,0,0,6,3,82,2,19,2,7,14,3,8,17,9,3,1,0,2,12,45
-15,15,6,30,6,0,0,2,0,0,1,5,10,0,0,6,3,82,2,19,2,7,14,2,8,16,8,3,1,0,1,13,15
-34,14,6,26,6,0,0,1,0,0,1,11,4,0,0,6,3,82,0,19,3,7,14,3,9,15,9,5,1,0,2,12,45
67,13,7,21,6,0,0,2,0,0,1,3,12,0,0,6,3,82,1,17,5,6,16,6,9,14,9,5,1,1,2,12,0
89,12,6,21,5,0,0,3,0,0,1,14,1,0,0,6,3,82,1,16,4,8,15,6,9,14,9,5,1,1,2,12,0
11,12,6,28,4,0,0,3,0,0,1,10,5,0,0,6,3,82,1,16,4,8,15,6,9,14,8,5,1,1,2,13,0
11,11,6,25,5,0,0,3,0,0,0,14,1,0,0,6,3,82,1,15,4,7,14,6,10,14,8,5,1,1,2,12,30
42,11,6,17,5,0,0,3,0,0,0,13,2,0,0,6,3,82,2,14,3,6,13,5,9,13,7,5,1,1,2,11,30
17,9,4,23,5,0,1,3,0,0,0,5,10,0,0,6,3,82,2,12,1,7,11,4,9,12,8,5,1,1,1,12,15
57,8,5,17,4,0,1,3,0,0,0,14,1,0,0,6,3,82,1,12,4,7,12,4,8,12,8,5,1,1,2,11,30
0,8,5,15,4,0,0,3,0,0,0,11,4,0,0,6,3,82,1,12,4,7,12,4,7,12,7,5,1,1,2,11,15
-36,7,4,40,4,0,0,2,0,0,0,5,10,0,0,6,3,82,0,12,4,8,12,4,6,11,7,5,0,1,2,15,15
5,6,5,19,5,0,0,2,0,0,1,1,14,0,0,6,3,82,2,9,4,8,9,5,5,12,7,4,0,0,2,11,45
0,6,5,19,5,0,0,1,0,0,2,12,3,0,0,6,3,82,3,8,3,7,8,4,5,11,6,3,0,0,2,11,45
23,6,5,13,4,0,0,1,0,0,2,6,9,0,0,6,3,82,2,8,4,7,8,3,5,10,6,3,0,0,2,11,0
23,5,5,13,3,0,0,1,0,0,2,3,12,0,0,6,3,82,1,8,4,7,8,2,5,10,6,4,0,0,2,11,0
5,5,5,9,5,0,0,1,0,0,1,7,8,0,0,6,3,82,3,6,4,5,6,1,4,9,5,3,0,0,2,10,30
90,1,1,6,8,0,0,1,0,0,2,14,1,0,0,6,3,82,2,1,1,1,1,4,7,12,10,6,0,0,1,10,0
-37,1,1,15,7,0,0,1,0,0,2,12,3,0,0,6,3,82,2,1,1,1,1,3,6,11,9,5,0,0,2,11,15
4,0,0,11,6,0,0,1,0,0,2,5,10,0,0,6,3,82,1,1,1,1,1,3,6,11,9,6,0,0,2,10,45
77,0,0,0,5,0,0,1,0,0,2,2,13,0,1,6,3,82,0,1,1,1,1,3,6,10,9,6,0,0,1,9,0
-26,0,0,6,5,0,0,1,0,0,2,12,3,0,0,6,3,82,0,0,0,0,0,3,5,9,9,6,0,0,1,10,0
5,0,0,5,4,0,0,1,0,0,2,4,11,0,0,6,3,82,0,0,0,0,0,3,5,8,8,6,0,0,2,9,45
-2,0,0,2,3,0,0,1,0,0,2,0,13,0,0,6,3,82,0,0,0,0,0,3,6,7,7,6,0,0,2,9,15
-57,0,0,11,3,0,0,1,0,0,1,0,25,0,0,6,3,82,0,0,0,0,0,2,6,6,6,5,0,0,2,10,45
0,0,0,8,2,0,0,1,0,0,1,0,38,0,0,6,3,82,0,0,0,0,0,4,5,5,5,4,0,0,2,10,15
5,0,0,3,2,0,0,0,0,0,1,0,55,0,0,6,3,82,0,0,0,0,0,4,4,4,4,4,0,0,1,9,30
-27,0,0,9,1,0,0,0,0,0,1,0,56,0,0,6,3,82,0,0,0,0,0,3,3,3,3,3,0,0,2,10,30
96,0,0,3,0,0,0,0,0,0,1,0,67,0,0,6,3,82,0,0,0,0,0,2,2,2,2,2,0,0,1,9,30
52,0,0,0,0,0,0,0,0,0,0,0,84,0,1,6,3,82,0,0,0,0,0,1,1,1,1,1,0,0,1,9,0
36,28,5,45,2,0,0,1,0,0,0,17,13,0,0,5,3,81,2,44,3,6,10,2,3,9,2,0,3,1,1,17,0
16,26,3,45,2,0,0,2,0,0,0,1,29,0,0,5,3,81,2,42,2,6,10,1,5,9,3,2,3,1,1,17,0
-4,23,0,47,3,0,0,2,0,0,2,25,5,1,0,5,3,81,3,38,2,4,9,5,6,11,5,2,3,1,2,17,30
61,23,0,36,3,0,0,2,0,0,1,15,15,0,0,5,3,81,2,38,2,5,9,5,7,12,5,2,2,1,2,15,45
-27,23,0,42,4,0,0,2,0,0,0,10,20,0,0,5,3,81,3,37,2,4,8,4,6,11,4,1,2,0,2,16,45
33,23,0,38,4,0,0,1,0,0,0,8,22,0,0,5,3,81,3,37,2,4,8,3,5,10,3,1,2,0,2,16,0
39,23,0,40,3,0,0,2,0,0,0,12,3,0,0,5,3,81,4,36,2,4,9,2,4,10,2,1,2,0,3,16,30
-50,23,0,42,3,0,0,1,0,0,0,3,12,0,0,5,3,81,3,36,2,4,9,2,3,9,2,1,2,0,2,16,45
0,23,1,42,3,0,0,2,0,0,0,24,6,0,0,5,3,81,3,34,2,5,10,2,5,9,3,2,2,0,2,16,45
-51,23,1,40,3,0,0,2,0,0,0,15,15,0,0,5,3,81,3,33,1,4,10,1,6,8,3,2,2,0,3,16,30
-10,22,1,36,4,0,0,2,0,0,0,4,11,0,0,5,3,81,2,31,3,5,13,6,7,9,5,3,2,0,2,15,45
-40,22,1,38,4,0,0,2,0,0,0,1,14,0,0,5,3,81,3,30,2,4,12,5,6,8,4,2,2,0,2,16,0
-17,22,1,35,4,0,0,1,0,0,0,0,15,0,0,5,3,81,3,30,2,4,12,4,5,7,3,2,2,0,2,15,30
-5,22,2,34,4,0,0,1,0,0,0,6,9,0,0,5,3,81,2,29,2,5,12,3,4,7,4,2,2,0,1,15,0
-17,22,2,32,4,0,0,0,0,0,0,4,11,0,0,5,3,81,2,29,2,5,12,2,3,6,3,2,2,0,1,14,45
-7,22,3,31,3,0,0,0,0,0,0,23,7,0,0,5,3,81,1,29,3,7,15,2,4,6,3,1,2,0,2,14,30
-28,21,5,32,5,0,0,0,0,0,0,12,3,0,0,5,3,81,3,26,4,6,15,1,3,10,3,2,2,0,1,14,45
53,19,7,25,6,0,0,1,0,0,1,11,4,0,0,5,3,81,3,22,2,7,14,2,4,15,6,3,2,0,1,13,0
28,19,7,30,5,0,0,1,0,0,1,11,4,0,0,5,3,81,3,22,2,7,14,1,3,14,5,2,2,0,1,14,15
3,13,6,27,7,0,0,2,0,0,2,8,7,0,0,5,3,81,2,17,5,8,13,5,9,19,10,5,2,1,1,13,15
53,12,6,18,8,0,0,2,0,0,2,0,15,0,0,5,3,81,2,15,4,7,11,5,12,18,11,6,2,1,3,12,15
44,11,6,23,8,0,0,2,0,0,2,7,8,0,0,5,3,81,1,14,3,7,10,6,11,17,12,6,2,1,2,12,45
13,11,6,20,7,0,0,3,0,0,3,2,13,0,0,5,3,81,3,12,3,5,9,5,12,18,11,6,2,2,2,12,30
-1,10,5,28,6,0,0,3,0,0,3,11,4,0,0,5,3,81,2,12,3,6,10,4,12,17,11,5,2,2,1,13,30
14,9,4,18,7,0,0,3,0,0,2,3,12,0,0,5,3,81,2,11,3,6,10,6,12,16,11,4,2,2,3,12,15
-29,9,4,29,7,0,0,3,0,0,1,12,3,0,0,5,3,81,2,11,3,6,10,7,12,15,10,3,1,2,1,13,45
27,9,4,20,7,0,0,2,0,0,1,12,3,0,0,5,3,81,2,11,3,6,10,6,11,14,9,3,1,1,2,12,30
6,7,4,14,8,0,0,3,0,0,0,11,4,0,0,5,3,81,2,9,3,5,9,8,10,14,10,3,1,1,2,11,45
11,6,3,20,7,0,0,3,0,0,0,4,11,0,0,5,3,81,1,9,4,5,9,8,10,14,10,4,1,1,2,12,30
18,6,3,16,6,0,0,3,0,0,0,4,11,0,0,5,3,81,1,9,4,5,9,7,9,13,9,4,1,1,2,12,0
11,6,3,16,5,0,0,4,0,0,0,3,12,0,0,5,3,81,2,8,3,4,8,6,8,12,8,4,1,1,2,12,0
-27,6,3,23,4,0,0,4,0,0,0,3,12,0,0,5,3,81,2,8,3,4,8,5,7,11,7,4,1,1,2,12,45
80,5,3,11,4,0,0,4,0,0,0,4,11,0,0,5,3,81,1,7,2,4,7,5,8,10,8,3,0,1,2,11,15
-52,5,3,25,3,0,0,4,0,0,0,3,12,0,0,5,3,81,1,7,2,4,7,4,7,9,7,3,0,0,1,13,0
7,5,3,12,2,0,0,4,0,0,0,1,14,0,0,5,3,81,1,7,2,4,7,3,6,9,6,2,0,0,2,11,30
31,5,4,12,2,0,0,5,0,0,0,20,10,0,0,5,3,81,2,5,1,4,5,3,5,8,6,3,0,0,2,11,30
99,5,4,5,2,0,0,4,0,0,0,15,15,0,0,5,3,81,2,5,1,4,5,2,4,9,5,3,0,0,1,10,0
-37,3,3,14,3,0,0,3,0,0,0,10,5,0,0,5,3,81,1,4,2,4,4,3,5,10,6,3,0,0,2,11,45
22,2,2,9,3,0,0,3,0,0,0,6,9,0,0,5,3,81,1,3,3,3,3,2,4,10,6,4,0,0,1,11,0
54,2,2,7,3,0,0,2,0,0,0,4,11,0,0,5,3,81,1,3,3,3,3,1,3,9,5,3,0,0,1,10,15
-2,1,1,9,6,0,0,1,0,0,0,4,11,0,0,5,3,81,2,0,0,0,0,2,7,8,6,5,0,0,1,11,0
5,0,0,8,6,0,0,0,0,0,0,10,5,0,0,5,3,81,0,0,0,0,0,2,6,7,7,5,0,0,2,10,30
45,0,0,1,5,0,0,0,0,0,0,1,14,0,0,5,3,81,0,0,0,0,0,5,6,6,6,4,0,0,2,9,15
-3,0,0,4,4,0,0,0,0,0,0,0,12,0,0,5,3,81,0,0,0,0,0,4,5,5,5,3,0,0,2,9,45
58,0,0,2,3,0,0,0,0,0,0,0,14,0,0,5,3,81,0,0,0,0,0,3,4,4,4,2,0,0,1,9,30
27,0,0,0,2,0,0,0,0,0,0,0,19,0,1,5,3,81,0,0,0,0,0,3,3,3,3,2,0,0,1,9,0
-29,0,0,5,1,0,0,0,0,0,0,0,22,0,0,5,3,81,0,0,0,0,0,2,2,2,2,1,0,0,1,10,0
43,0,0,2,0,0,0,0,0,0,0,0,45,0,0,5,3,81,0,0,0,0,0,1,1,1,1,1,0,0,1,9,30
-16,21,4,39,3,0,0,1,0,0,0,13,17,1,0,4,3,80,1,35,2,5,7,4,5,8,4,2,3,1,1,16,45
27,19,2,34,4,0,0,1,0,0,0,13,2,0,0,4,3,80,1,33,1,3,6,3,5,8,5,3,3,1,2,15,0
48,19,2,34,3,0,0,1,0,0,0,7,8,0,0,4,3,80,1,33,2,4,7,2,5,7,4,3,3,1,2,15,0
46,18,1,30,2,0,0,1,0,0,0,1,14,0,0,4,3,80,0,33,3,4,7,2,4,7,4,2,3,1,2,14,30
25,17,1,36,3,0,0,2,0,0,0,2,13,0,0,4,3,80,2,30,1,2,6,3,4,8,4,2,2,1,1,15,15
21,17,1,32,2,0,0,2,0,0,0,12,3,0,0,4,3,80,2,30,1,2,7,2,3,7,3,2,2,0,2,14,45
17,17,1,36,2,0,0,1,0,0,0,56,4,0,0,4,3,80,2,30,2,4,9,1,3,8,2,2,2,0,1,15,15
-22,16,1,29,2,0,0,1,0,0,1,22,38,0,0,4,3,80,1,28,2,4,14,2,5,8,4,1,2,1,2,14,15
4,16,3,30,2,0,0,1,0,0,1,5,55,0,0,4,3,80,1,27,1,6,14,3,4,10,4,1,2,1,2,14,30
-68,16,4,32,2,0,1,1,0,0,0,7,8,0,0,4,3,80,2,26,2,6,15,3,6,9,3,0,1,2,2,14,45
52,16,4,26,2,0,1,0,0,0,0,14,1,0,0,4,3,80,2,26,3,7,16,2,5,9,2,0,1,1,1,13,0
-97,15,6,38,1,0,1,0,0,0,1,8,7,0,0,4,3,80,2,25,5,11,18,3,4,11,2,0,1,1,1,15,45
6,13,5,24,4,0,1,0,0,0,1,0,15,0,0,4,3,80,2,21,6,9,17,3,6,16,5,1,1,1,2,12,45
17,13,5,21,4,0,1,0,0,0,0,14,1,0,0,4,3,80,2,21,6,9,18,2,5,15,4,1,1,1,1,12,15
-41,12,5,26,4,0,0,0,1,0,0,7,8,0,0,4,3,80,2,20,6,9,17,1,4,14,4,1,0,1,1,13,0
37,9,5,13,7,0,0,2,1,0,0,3,12,0,0,4,3,80,4,14,4,7,13,3,8,20,7,4,0,0,2,11,15
0,9,5,17,7,0,0,1,1,0,0,0,15,0,0,4,3,80,4,14,4,7,14,3,8,20,6,4,0,0,2,11,45
-56,9,5,28,7,0,0,1,1,0,0,5,10,0,0,4,3,80,4,13,4,9,13,4,11,19,6,4,0,0,1,13,15
11,6,4,21,8,0,1,1,1,0,0,1,14,0,0,4,3,80,2,10,3,7,10,6,11,18,10,6,0,0,1,12,15
24,6,4,15,8,0,1,1,0,0,0,14,1,0,0,4,3,80,2,10,3,7,10,7,10,17,9,6,0,0,2,11,30
-70,6,4,23,8,0,1,1,0,0,0,9,6,0,0,4,3,80,2,9,4,6,9,6,10,17,9,6,0,0,2,12,30
5,5,4,11,8,0,0,1,0,0,0,4,11,0,0,4,3,80,1,9,5,7,9,7,11,16,9,6,0,0,2,11,0
-27,5,4,15,9,0,0,1,0,0,0,6,9,0,0,4,3,80,2,7,4,6,7,6,13,15,9,6,0,0,2,11,30
-2,4,3,19,8,0,0,1,0,0,0,2,13,0,0,4,3,80,0,7,4,7,7,6,12,15,10,7,0,0,2,12,0
10,4,3,19,7,0,0,1,0,0,0,14,1,0,0,4,3,80,0,7,4,7,7,5,12,14,9,6,0,0,2,12,0
-20,4,3,17,7,0,0,0,0,0,0,14,1,0,0,4,3,80,0,7,4,7,7,4,11,13,8,5,0,0,2,11,45
10,4,4,11,7,0,0,0,0,0,1,8,7,0,0,4,3,80,2,5,2,5,5,4,10,12,7,4,0,0,2,11,0
22,4,4,9,6,0,0,1,0,0,1,6,9,0,0,4,3,80,3,4,2,4,4,4,9,11,6,4,0,0,1,10,30
-31,2,2,13,5,0,0,2,0,0,1,3,12,0,0,4,3,80,2,3,3,3,3,7,8,12,7,4,0,0,2,11,15
64,2,2,6,4,0,0,2,0,0,1,12,3,0,0,4,3,80,2,3,3,3,3,7,7,11,6,3,0,0,1,10,15
-19,2,2,6,5,0,0,2,0,0,0,6,9,0,0,4,3,80,1,2,2,2,2,6,7,10,7,3,0,0,1,10,15
35,1,1,4,4,0,0,2,0,0,0,5,10,0,0,4,3,80,0,2,2,2,2,5,6,9,7,3,0,0,3,10,0
1,1,1,6,4,0,0,1,0,0,0,0,15,0,0,4,3,80,0,2,2,2,2,4,5,8,6,2,0,0,1,10,15
-110,1,1,24,4,0,0,1,0,0,0,12,3,0,0,4,3,80,1,1,1,1,1,3,4,7,5,2,0,0,2,12,45
-12,1,1,10,3,0,0,1,0,0,0,6,9,0,0,4,3,80,0,1,1,1,1,2,3,6,5,2,0,0,2,10,45
-4,1,1,3,3,0,0,1,0,0,0,1,14,0,0,4,3,80,1,0,0,0,0,1,3,5,4,2,0,0,2,9,45
42,0,0,1,2,0,0,1,0,0,0,0,4,0,0,4,3,80,0,0,0,0,0,2,4,4,4,2,0,0,1,9,30
-9,0,0,4,2,0,0,0,0,0,0,0,26,0,0,4,3,80,0,0,0,0,0,3,3,3,3,1,0,0,3,10,0
21,0,0,1,1,0,0,0,0,0,0,0,54,0,0,4,3,80,0,0,0,0,0,2,2,2,2,1,0,0,1,9,30
27,0,0,0,0,0,0,0,0,0,0,0,55,0,1,4,3,80,0,0,0,0,0,1,1,1,1,1,0,0,2,9,0
44,24,1,46,1,0,1,1,0,0,0,1,14,1,0,3,3,79,1,43,1,3,9,3,3,8,3,1,6,1,1,17,30
17,23,1,45,0,0,1,1,0,0,0,4,11,0,0,3,3,79,0,43,1,4,9,2,3,7,3,0,5,2,1,17,15
116,23,1,36,0,0,0,2,0,0,0,0,15,0,0,3,3,79,1,42,0,3,9,1,2,7,2,0,5,1,2,15,30
12,23,3,43,2,0,0,1,0,0,1,11,4,0,0,3,3,79,2,39,3,5,9,2,5,7,3,2,4,2,1,17,0
20,21,1,37,2,0,0,3,0,0,0,6,9,0,0,3,3,79,2,37,2,5,7,4,5,9,4,2,3,1,1,15,45
-15,20,2,39,3,0,0,2,0,0,0,14,1,0,0,3,3,79,0,36,4,4,8,4,4,9,6,3,3,0,2,16,0
-28,20,2,42,2,0,0,2,0,0,0,12,3,0,0,3,3,79,0,36,4,5,9,3,3,8,5,3,3,0,2,16,45
-4,20,2,40,2,0,0,2,0,0,0,7,8,0,0,3,3,79,1,35,3,4,8,2,3,7,4,2,3,0,1,16,15
-89,20,2,43,3,0,0,2,0,0,0,1,14,0,0,3,3,79,1,33,1,3,8,1,3,7,5,2,3,0,1,17,0
51,18,2,31,5,0,0,1,0,0,0,52,8,0,0,3,3,79,1,31,1,4,12,4,5,9,6,2,3,1,3,15,0
41,18,3,31,5,0,0,1,0,0,0,32,28,0,0,3,3,79,1,30,2,5,13,4,5,11,6,3,3,2,3,15,0
-56,18,3,40,4,0,0,1,0,0,0,27,33,0,0,3,3,79,0,30,3,5,14,3,4,10,6,3,3,2,1,16,15
-6,18,3,33,3,0,0,1,0,0,0,26,34,0,0,3,3,79,0,30,3,5,14,2,3,9,5,2,2,2,1,15,15
2,18,5,29,4,0,0,1,0,0,0,9,51,0,0,3,3,79,2,28,3,6,14,2,4,15,4,2,2,1,2,14,45
-32,16,6,28,6,0,0,1,0,0,0,10,5,0,0,3,3,79,2,25,3,8,14,3,6,15,6,4,1,2,2,14,30
95,14,4,26,7,0,0,0,0,0,0,6,9,0,0,3,3,79,1,24,5,8,17,3,8,18,7,5,1,1,1,13,15
25,14,5,24,6,0,0,1,0,0,0,3,12,0,0,3,3,79,2,23,4,7,16,2,8,18,6,5,1,1,1,13,0
-69,12,3,33,6,0,1,1,0,0,0,2,13,0,0,3,3,79,1,21,4,7,17,4,11,18,8,5,0,1,1,15,15
-1,10,3,27,8,0,1,1,0,0,1,14,1,0,0,3,3,79,2,17,1,6,14,8,11,21,10,6,0,0,1,13,30
26,10,3,21,7,0,1,1,0,0,1,14,1,0,0,3,3,79,2,17,1,6,14,7,10,20,9,5,0,0,1,12,30
31,10,4,15,7,0,1,1,0,0,0,8,7,0,0,3,3,79,2,17,3,7,14,8,9,19,8,5,0,0,2,11,45
20,10,6,19,7,0,1,1,0,0,0,9,6,0,0,3,3,79,2,16,3,9,13,8,10,20,8,6,0,0,2,12,15
97,10,6,17,6,0,1,1,0,0,0,8,7,0,0,3,3,79,2,16,3,9,13,7,9,19,7,5,0,0,2,12,0
11,9,6,19,6,0,0,1,0,0,0,3,12,0,0,3,3,79,0,16,3,9,13,6,11,18,8,4,0,0,2,12,15
-127,9,6,29,5,0,0,1,0,0,0,2,13,0,0,3,3,79,0,16,4,9,13,5,10,17,7,3,0,0,2,14,45
-189,9,6,33,4,0,0,1,0,0,0,0,15,0,0,3,3,79,0,16,5,9,14,4,9,16,6,3,0,0,1,15,15
42,9,6,17,5,0,1,0,0,0,0,11,4,0,0,3,3,79,2,14,3,8,13,3,8,15,5,2,0,0,2,12,0
4,9,6,24,4,0,1,0,0,0,0,10,5,0,0,3,3,79,2,14,3,8,13,2,7,14,4,2,0,0,1,13,0
-10,8,5,21,3,0,1,0,0,0,0,0,15,0,0,3,3,79,1,14,6,10,14,2,7,14,4,1,0,0,1,12,30
2,6,4,14,4,0,1,2,0,0,1,5,10,0,0,3,3,79,3,9,5,6,9,6,10,14,6,2,0,0,2,11,30
-54,5,3,23,4,0,1,2,0,0,1,0,15,0,0,3,3,79,3,8,4,5,8,5,9,13,6,2,0,0,2,12,45
10,4,2,11,4,0,1,2,0,0,1,8,7,0,0,3,3,79,2,7,4,4,7,5,10,13,7,3,0,0,1,11,0
-264,4,2,37,4,0,0,2,0,0,1,7,8,0,0,3,3,79,2,7,4,4,7,4,9,14,6,3,0,0,1,15,45
4,3,1,15,3,0,0,2,0,0,1,4,11,0,0,3,3,79,1,7,4,4,7,4,8,13,6,2,0,0,2,11,45
-3,3,2,11,2,0,0,3,0,0,1,8,7,0,0,3,3,79,2,6,3,5,6,5,7,12,5,2,0,0,1,11,0
5,3,2,13,5,0,0,3,0,0,0,10,5,0,0,3,3,79,4,3,0,3,3,6,7,11,5,3,0,0,1,11,15
34,3,2,5,4,0,0,3,0,0,0,6,9,0,0,3,3,79,4,3,0,3,3,5,7,10,4,2,0,0,2,10,15
-7,3,3,9,4,0,0,2,0,0,0,3,12,0,0,3,3,79,4,3,0,3,3,4,6,9,3,2,0,0,2,10,45
16,3,3,9,3,0,0,2,0,0,0,2,13,0,0,3,3,79,4,3,0,3,3,3,5,8,2,1,0,0,2,10,45
73,2,2,3,3,0,0,1,0,0,0,12,3,0,0,3,3,79,2,3,3,3,3,3,5,8,3,1,0,0,1,9,45
-4,2,2,5,2,0,0,1,0,0,0,11,4,0,0,3,3,79,2,3,3,3,3,2,4,7,2,0,0,0,2,10,15
11,1,1,4,2,0,1,1,0,0,0,6,9,0,0,3,3,79,1,1,1,1,1,2,5,6,4,2,0,0,2,10,0
-44,1,1,7,3,0,1,0,0,0,0,7,8,0,0,3,3,79,1,0,0,0,0,4,4,5,4,2,0,0,2,10,30
-43,0,0,7,2,0,1,0,0,0,0,0,16,0,0,3,3,79,0,0,0,0,0,3,4,4,4,3,0,0,2,10,30
10,0,0,1,1,0,1,0,0,0,0,0,23,0,0,3,3,79,0,0,0,0,0,2,3,3,3,2,0,0,1,9,30
-2,0,0,1,1,0,0,0,0,0,0,0,23,0,0,3,3,79,0,0,0,0,0,1,2,2,2,1,0,0,1,9,30
6,0,0,0,0,0,0,0,0,0,0,0,64,0,1,3,3,79,0,0,0,0,0,1,1,1,1,1,0,0,2,9,15
5,25,2,50,0,0,0,1,0,0,0,12,3,1,0,2,3,78,0,49,3,5,12,1,1,8,2,1,7,0,1,17,30
39,23,2,39,3,0,0,2,0,0,0,14,1,0,0,2,3,78,0,44,4,7,14,4,8,12,6,3,6,4,2,16,0
-13,23,2,48,2,0,0,2,0,0,0,13,2,0,0,2,3,78,0,44,4,7,14,3,7,11,5,3,5,3,1,17,15
72,22,2,41,4,0,0,1,0,0,0,11,4,0,0,2,3,78,1,42,5,7,14,5,7,10,5,3,4,3,2,16,15
-24,21,1,48,5,0,0,1,0,0,0,5,10,0,0,2,3,78,2,40,3,7,12,5,6,11,5,2,4,2,1,17,15
35,21,2,35,4,0,1,1,0,0,0,10,5,0,0,2,3,78,1,39,3,6,12,4,6,11,6,3,4,3,2,15,30
55,21,2,37,4,0,1,2,0,0,0,3,12,0,0,2,3,78,3,37,1,4,11,3,5,11,5,2,4,3,2,15,45
-64,21,2,45,4,0,0,2,0,0,0,14,1,0,0,2,3,78,2,37,2,4,11,3,4,10,5,2,3,3,1,16,45
-47,21,2,43,3,0,0,2,0,0,0,6,9,0,0,2,3,78,1,37,3,6,12,2,4,11,5,2,3,2,2,16,30
-110,20,3,47,3,0,0,2,0,0,0,14,1,0,0,2,3,78,0,35,3,7,12,2,4,12,6,2,2,2,2,17,0
-14,19,2,37,5,0,0,1,0,0,1,14,1,0,0,2,3,78,1,33,3,6,11,3,6,12,7,3,1,1,2,15,45
-2,19,3,45,4,0,0,1,2,0,1,55,5,0,0,2,3,78,2,31,3,6,11,3,7,12,7,3,1,1,1,16,45
-5,19,3,33,3,0,0,1,2,0,1,48,12,0,0,2,3,78,2,31,3,6,12,4,8,13,6,2,1,1,1,15,0
16,17,2,30,4,0,0,2,2,0,1,26,34,0,0,2,3,78,2,28,3,4,13,5,9,14,8,3,1,1,2,14,30
40,17,2,34,3,0,0,2,2,0,1,25,35,0,0,2,3,78,2,28,3,5,13,4,8,13,7,2,1,1,2,15,15
-65,17,3,43,2,0,0,2,2,0,1,18,42,0,0,2,3,78,2,28,3,5,13,4,7,13,6,2,1,1,2,16,30
16,16,3,31,4,0,0,1,2,0,1,4,56,0,0,2,3,78,2,26,2,6,12,4,7,13,7,3,1,1,1,14,45
-103,16,3,41,5,0,0,1,2,0,0,12,3,0,0,2,3,78,2,25,1,5,12,5,6,15,7,3,0,1,2,16,15
30,16,3,28,5,0,0,1,1,0,0,8,7,0,0,2,3,78,2,25,2,6,13,4,6,14,6,3,0,0,1,13,30
-29,16,3,31,5,0,0,1,0,0,0,3,12,0,0,2,3,78,2,25,2,6,14,3,6,14,5,2,0,0,1,14,45
-103,15,4,35,5,0,0,0,1,0,0,1,14,0,0,2,3,78,2,24,4,8,15,3,7,14,5,3,0,0,2,15,30
-149,15,4,39,4,0,0,0,1,0,0,14,1,0,0,2,3,78,1,24,4,8,16,2,6,13,5,2,0,0,2,16,0
30,14,6,28,4,0,0,2,1,0,0,10,5,0,0,2,3,78,3,21,4,7,14,4,7,15,5,3,0,0,1,13,30
-25,13,6,25,6,0,0,1,1,0,0,8,7,0,0,2,3,78,3,19,4,7,13,4,9,16,6,5,0,0,1,13,0
20,13,7,27,5,0,0,1,1,0,0,7,8,0,0,2,3,78,3,19,4,7,13,3,8,16,5,4,0,0,2,13,15
37,13,8,19,5,0,0,1,0,0,0,1,14,0,0,2,3,78,3,19,4,9,14,4,8,15,4,3,0,0,2,12,15
27,11,7,23,6,0,0,2,0,0,0,2,13,0,0,2,3,78,3,16,3,7,14,5,8,16,6,2,0,0,2,12,45
1,9,6,19,5,0,0,2,0,0,1,4,11,0,0,2,3,78,2,15,4,7,13,6,9,17,7,3,0,0,2,12,15
8,8,5,18,4,0,0,2,0,0,1,2,13,0,0,2,3,78,1,15,5,8,13,5,8,17,7,4,0,0,2,12,0
-63,8,5,23,5,0,0,2,0,0,1,3,12,0,0,2,3,78,2,13,4,6,13,5,9,16,7,5,0,0,2,12,45
-1,8,5,25,4,0,0,2,0,0,1,2,13,0,0,2,3,78,2,13,4,6,13,4,8,15,6,4,0,0,1,13,0
11,8,5,16,4,0,0,2,0,0,0,0,15,0,0,2,3,78,2,13,5,6,13,3,8,14,5,4,0,0,1,11,45
8,5,2,21,5,0,0,2,0,0,0,5,10,0,0,2,3,78,1,11,3,6,11,4,8,14,7,4,0,0,2,12,30
23,5,2,11,5,0,0,3,0,0,0,6,9,0,0,2,3,78,2,9,2,6,9,4,9,14,7,3,0,0,2,11,0
59,4,2,11,6,0,0,2,0,0,0,10,5,0,0,2,3,78,2,8,1,6,8,5,8,13,7,4,0,0,2,11,0
-18,4,3,21,5,0,0,2,0,0,0,5,10,0,0,2,3,78,2,8,3,6,8,5,9,12,6,3,0,0,2,12,30
13,3,2,13,5,0,0,2,0,0,0,12,3,0,0,2,3,78,2,7,3,6,7,4,9,12,6,3,0,0,1,11,15
-19,3,2,15,4,0,0,2,0,0,0,5,10,0,0,2,3,78,2,7,4,7,7,5,8,11,5,2,0,0,2,11,30
4,3,2,16,3,0,0,2,0,0,0,1,14,0,0,2,3,78,0,7,5,7,7,4,7,12,6,4,0,0,1,11,45
-13,3,3,10,3,0,0,2,0,0,0,8,7,0,0,2,3,78,1,6,4,6,6,4,7,11,5,3,0,0,2,10,45
51,3,3,7,4,0,0,2,0,0,0,11,4,0,0,2,3,78,2,4,3,4,4,5,7,11,5,3,0,0,1,10,30
-9,3,3,7,3,0,0,2,0,0,0,8,7,0,0,2,3,78,2,4,3,4,4,4,6,10,4,3,0,0,1,10,30
-40,2,2,13,4,0,0,2,0,0,0,9,6,0,0,2,3,78,2,2,2,2,2,4,5,9,5,4,0,0,1,11,15
62,1,1,5,4,0,0,1,0,0,0,6,9,0,0,2,3,78,1,2,2,2,2,3,4,8,5,4,0,0,1,10,0
-23,1,1,7,3,0,0,1,0,0,0,3,12,0,0,2,3,78,1,2,2,2,2,3,3,7,4,3,0,0,1,10,30
35,0,0,6,4,0,0,1,0,0,0,25,5,0,0,2,3,78,1,0,0,0,0,2,5,6,5,3,0,0,3,10,15
21,0,0,3,3,0,0,1,0,0,0,20,10,0,0,2,3,78,0,0,0,0,0,1,4,5,5,3,0,0,1,9,45
22,0,0,1,3,0,0,0,0,0,0,0,15,0,0,2,3,78,0,0,0,0,0,3,4,4,4,2,0,0,2,9,30
30,0,0,0,2,0,0,0,0,0,0,0,26,0,1,2,3,78,0,0,0,0,0,3,3,3,3,1,0,0,2,9,0
-5,0,0,3,1,0,0,0,0,0,0,0,27,0,0,2,3,78,0,0,0,0,0,2,2,2,2,1,0,0,1,9,45
-5,0,0,1,0,0,0,0,0,0,0,0,46,0,0,2,3,78,0,0,0,0,0,1,1,1,1,0,0,0,2,9,30
19,36,4,47,3,0,0,1,0,0,0,9,6,1,0,6,3,75,1,43,3,5,9,2,6,9,4,2,8,1,1,17,30
67,35,3,43,3,0,1,1,0,0,0,1,14,0,0,6,3,75,1,41,3,4,8,3,6,11,5,3,8,2,2,17,0
-7,35,3,45,2,0,1,2,0,0,0,8,7,0,0,6,3,75,1,40,2,5,8,4,6,10,5,3,8,2,1,17,15
-2,32,1,43,4,0,0,2,0,0,0,6,9,0,0,6,3,75,0,38,0,4,7,3,5,9,7,3,7,2,2,17,0
32,32,3,45,4,0,0,1,0,0,0,12,3,0,0,6,3,75,0,38,1,4,7,3,5,9,6,3,7,2,1,17,15
10,32,3,40,3,0,0,1,0,0,0,10,5,0,0,6,3,75,0,38,3,4,7,2,4,8,5,2,7,2,1,16,30
62,32,3,39,2,0,0,1,0,0,0,5,10,0,0,6,3,75,0,38,4,5,8,2,6,9,4,2,6,3,2,16,15
106,32,4,37,2,0,1,2,0,0,0,10,5,0,0,6,3,75,2,35,1,3,5,2,5,8,4,1,6,2,1,15,45
5,29,3,42,3,0,1,1,0,0,0,29,1,0,0,6,3,75,0,34,1,3,7,4,5,9,6,1,5,2,2,16,45
-4,29,3,38,3,0,0,1,0,0,0,24,6,0,0,6,3,75,0,34,2,4,7,3,4,8,5,1,4,1,1,16,0
34,29,3,34,2,0,0,1,0,0,0,18,12,0,0,6,3,75,0,34,3,4,8,2,5,8,4,1,4,1,2,15,0
6,29,4,40,1,0,0,1,0,0,0,11,19,0,0,6,3,75,0,34,3,4,9,1,4,8,3,1,4,1,1,16,30
13,26,2,35,2,0,1,1,0,0,0,18,12,0,0,6,3,75,0,31,1,4,9,3,4,7,5,2,4,1,1,15,30
4,26,3,32,2,0,1,1,0,0,0,6,24,0,0,6,3,75,1,30,0,3,11,2,4,6,4,2,4,1,1,14,45
5,26,3,35,2,0,1,0,0,0,0,6,24,0,0,6,3,75,1,30,0,3,11,1,3,5,3,2,3,1,1,15,30
12,25,4,32,1,0,1,0,0,0,0,18,27,0,0,6,3,75,0,30,4,6,14,3,4,5,3,2,3,1,1,14,45
1,24,5,31,3,0,0,1,0,0,0,0,45,0,0,6,3,75,2,27,3,6,13,3,3,5,3,2,3,1,2,14,15
82,22,3,29,3,0,0,1,0,0,0,5,10,0,0,6,3,75,1,26,2,7,14,2,2,5,4,2,3,1,1,13,15
5,22,5,30,4,0,0,0,0,0,0,11,4,0,0,6,3,75,2,25,2,8,15,1,1,6,3,1,2,1,1,13,30
35,17,7,24,7,0,0,2,2,0,0,6,9,0,0,6,3,75,3,17,2,9,15,2,7,18,9,2,2,0,1,12,30
18,14,7,21,7,0,0,2,2,0,0,14,1,0,0,6,3,75,0,16,6,11,16,4,12,18,12,3,2,0,1,12,0
36,12,7,17,8,0,0,4,2,0,0,10,5,0,0,6,3,75,2,12,5,9,12,7,14,20,13,5,2,1,2,11,30
44,12,8,21,9,0,0,4,1,0,0,4,11,0,0,6,3,75,3,11,5,8,11,10,13,20,12,4,2,1,1,12,0
-15,11,7,23,9,0,0,3,1,0,1,2,13,0,0,6,3,75,2,10,5,7,10,9,13,19,13,4,2,2,2,12,15
-2,11,7,26,8,0,0,3,1,0,1,11,4,0,0,6,3,75,2,10,5,8,10,9,12,18,12,4,2,2,2,12,45
45,11,7,17,9,0,1,3,0,0,1,9,6,0,0,6,3,75,4,8,3,6,8,9,11,17,11,4,2,2,2,11,30
21,10,7,27,8,0,1,3,0,0,1,4,11,0,0,6,3,75,3,8,3,6,8,8,11,16,11,4,2,2,1,13,0
96,10,7,14,8,0,1,2,0,0,1,4,11,0,0,6,3,75,3,8,3,6,8,8,10,15,10,3,2,2,2,11,0
21,8,6,27,8,0,1,3,0,0,1,7,8,0,0,6,3,75,3,6,3,5,6,7,9,14,11,3,2,2,1,13,0
-2,8,6,24,7,0,1,3,0,0,1,7,8,0,0,6,3,75,3,6,3,5,6,6,8,13,10,3,2,2,1,12,30
-26,8,7,19,7,0,1,2,0,0,1,6,9,0,0,6,3,75,3,6,3,5,6,5,8,12,9,3,2,2,2,11,45
12,8,7,15,6,0,1,2,0,0,1,5,10,0,0,6,3,75,3,6,3,5,6,4,7,11,8,3,2,2,2,11,15
15,7,6,19,6,0,1,2,0,0,1,13,2,0,0,6,3,75,3,5,3,5,5,4,6,11,8,3,2,2,2,11,45
24,7,6,12,5,0,1,2,0,0,1,10,5,0,0,6,3,75,3,5,3,5,5,3,5,10,7,3,1,2,1,10,45
83,7,7,10,4,0,1,2,0,0,1,4,11,0,0,6,3,75,3,5,3,5,5,3,4,10,6,3,1,1,2,10,30
19,4,4,10,5,0,1,2,0,0,1,3,12,0,0,6,3,75,2,3,3,3,3,3,7,12,8,5,0,1,2,10,30
10,3,3,15,6,0,1,1,0,0,1,6,9,0,0,6,3,75,2,2,2,2,2,2,6,11,8,5,0,0,2,11,15
64,2,2,8,5,0,1,2,0,0,1,7,8,0,0,6,3,75,2,1,1,1,1,5,5,11,8,4,0,0,2,10,15
61,0,0,6,5,0,0,2,1,0,1,3,12,0,0,6,3,75,0,0,0,0,0,4,6,10,10,5,0,0,2,10,0
12,0,0,4,4,0,0,2,1,0,1,2,13,0,0,6,3,75,0,0,0,0,0,3,5,9,9,5,0,0,2,9,45
6,0,0,4,4,0,0,1,1,0,1,12,3,0,0,6,3,75,0,0,0,0,0,2,5,8,8,5,0,0,2,9,45
89,0,0,2,3,0,0,1,1,0,1,7,8,0,0,6,3,75,0,0,0,0,0,1,6,7,7,4,0,0,2,9,30
25,0,0,6,2,0,0,1,1,0,1,0,13,0,0,6,3,75,0,0,0,0,0,5,6,6,6,4,0,0,2,10,0
38,0,0,2,1,0,0,1,1,0,1,0,26,0,0,6,3,75,0,0,0,0,0,4,5,5,5,3,0,0,2,9,30
81,0,0,0,0,0,0,1,1,0,1,0,29,0,1,6,3,75,0,0,0,0,0,3,4,4,4,2,0,0,1,9,0
23,0,0,1,0,0,0,1,0,0,1,0,34,0,0,6,3,75,0,0,0,0,0,3,3,3,3,2,0,0,2,9,15
-59,0,0,12,0,0,0,1,0,0,0,0,35,0,0,6,3,75,0,0,0,0,0,2,2,2,2,1,0,0,1,10,45
13,0,0,8,0,0,0,0,0,0,0,0,60,0,0,6,3,75,0,0,0,0,0,1,1,1,1,1,0,0,2,10,15
53,39,3,51,0,0,0,0,0,0,0,32,0,1,0,5,3,74,0,51,2,3,8,1,2,3,1,0,4,0,1,17,30
0,36,4,50,1,0,0,1,0,0,0,3,12,0,0,5,3,74,0,48,3,5,11,1,2,4,3,0,4,0,1,17,15
11,33,3,47,5,0,0,1,0,0,0,7,23,0,0,5,3,74,2,43,2,6,12,3,3,11,5,1,4,0,1,16,30
31,31,2,49,5,0,0,1,0,0,0,5,10,0,0,5,3,74,1,42,2,6,13,2,4,12,6,3,4,1,1,17,0
62,31,4,47,4,0,0,1,0,0,1,8,7,0,0,5,3,74,2,41,4,6,14,1,5,11,5,3,4,1,1,16,30
-14,29,3,44,5,0,1,2,0,0,1,14,1,0,0,5,3,74,1,37,4,7,15,4,8,14,9,5,3,1,2,15,45
23,29,4,45,5,0,1,2,0,0,1,6,9,0,0,5,3,74,2,36,4,7,16,4,9,13,8,5,3,0,2,16,0
55,28,3,42,4,0,1,2,0,0,1,14,1,0,0,5,3,74,1,36,5,8,16,5,8,12,8,6,3,0,1,15,30
63,28,3,38,3,0,1,3,0,0,1,12,3,0,0,5,3,74,2,35,4,7,15,4,7,11,7,5,3,0,2,15,0
14,27,4,36,5,0,0,3,0,0,1,13,2,0,0,5,3,74,2,33,3,7,13,4,6,13,8,5,3,0,2,14,45
-10,27,5,40,5,0,0,3,0,0,1,6,9,0,0,5,3,74,2,32,3,6,14,5,7,12,8,5,3,0,2,15,15
-27,27,6,45,5,0,0,2,0,0,1,2,13,0,0,5,3,74,2,32,4,7,14,4,7,12,7,4,3,0,2,16,0
20,27,6,42,5,0,0,2,0,0,1,41,4,0,0,5,3,74,2,31,3,7,14,3,6,11,7,3,3,0,1,15,30
10,26,7,34,6,0,0,2,0,0,0,26,19,0,0,5,3,74,2,30,4,8,14,2,6,13,7,2,3,0,2,14,30
14,25,7,38,6,0,0,1,0,0,0,24,21,0,0,5,3,74,1,30,4,10,15,2,5,13,7,3,3,0,2,15,0
75,23,8,32,6,0,0,3,1,0,0,10,5,0,0,5,3,74,2,26,5,7,14,4,7,15,9,4,3,2,1,13,30
-1,23,8,33,5,0,0,3,1,0,0,8,7,0,0,5,3,74,2,26,6,7,14,3,6,14,8,3,3,2,2,14,15
51,22,7,31,4,0,0,3,1,0,0,5,10,0,0,5,3,74,1,26,6,8,15,2,5,13,8,4,3,2,1,13,15
-15,19,5,36,5,0,1,2,1,0,0,7,8,0,0,5,3,74,0,24,4,7,15,2,6,13,10,5,3,3,2,14,45
84,17,7,23,8,0,1,3,0,0,0,7,8,0,0,5,3,74,2,20,3,7,15,5,11,16,11,5,3,3,2,12,15
-8,17,7,34,7,0,1,3,0,0,0,3,12,0,0,5,3,74,2,20,3,7,15,4,10,15,10,5,2,3,2,14,30
22,16,6,27,7,0,0,3,0,0,0,13,2,0,0,5,3,74,1,20,4,7,15,4,9,16,10,6,1,2,2,12,45
54,15,6,29,7,0,0,4,0,0,0,4,11,0,0,5,3,74,2,18,3,7,15,7,8,19,10,6,1,1,1,13,0
-82,14,6,40,7,0,0,4,0,0,0,10,5,0,0,5,3,74,2,17,4,8,14,6,8,18,10,6,0,1,2,15,15
69,13,6,21,6,0,0,4,0,0,0,0,15,0,0,5,3,74,1,17,4,9,15,6,8,17,10,6,0,0,2,12,0
39,12,5,29,6,0,0,4,0,0,0,12,3,0,0,5,3,74,1,16,4,9,14,5,7,16,10,7,0,0,1,13,0
40,12,5,23,5,0,0,4,0,0,0,11,4,0,0,5,3,74,1,16,4,9,14,4,6,15,9,7,0,0,2,12,15
53,12,5,21,4,0,0,5,0,0,0,9,6,0,0,5,3,74,2,15,3,8,13,3,6,14,8,7,0,0,2,12,0
32,12,5,27,4,0,0,4,0,0,0,6,9,0,0,5,3,74,2,15,4,8,13,2,5,14,7,6,0,0,2,12,45
52,10,5,25,4,0,1,4,0,0,0,10,5,0,0,5,3,74,2,13,4,8,11,2,5,13,8,7,0,0,2,12,30
18,8,5,13,6,0,1,5,0,0,0,0,15,0,0,5,3,74,2,9,3,6,8,4,11,16,11,7,0,0,2,11,0
44,8,5,15,5,0,1,5,0,0,0,5,10,0,0,5,3,74,2,9,4,7,9,4,10,16,10,7,0,0,2,11,15
60,7,5,11,7,0,1,4,0,0,0,10,5,0,0,5,3,74,2,7,2,5,7,6,9,15,11,7,0,0,2,10,45
91,6,5,6,6,0,1,4,0,0,0,5,10,0,0,5,3,74,1,7,4,5,7,7,9,15,11,6,0,0,3,10,15
-28,5,4,19,8,0,1,3,0,0,0,7,8,0,0,5,3,74,2,5,2,3,5,7,9,16,11,5,0,0,2,11,45
18,5,4,19,8,0,1,2,0,0,0,1,14,0,0,5,3,74,2,5,3,3,5,6,8,16,10,5,0,0,2,11,45
115,5,4,8,8,0,1,1,0,0,0,0,15,0,0,5,3,74,2,5,3,3,5,5,7,15,9,4,0,0,2,10,30
2,5,4,25,7,0,1,1,0,0,0,13,2,0,0,5,3,74,2,5,3,3,5,4,6,14,8,4,0,0,2,12,30
46,3,2,17,7,0,1,1,0,0,0,8,7,0,0,5,3,74,1,4,2,3,4,4,6,13,9,3,0,0,2,11,30
19,3,2,8,6,0,1,1,0,0,0,7,8,0,0,5,3,74,1,4,2,3,4,3,5,12,8,2,0,0,2,10,30
-1,3,2,17,7,0,1,0,0,0,0,4,11,0,0,5,3,74,2,3,1,2,3,2,5,11,7,2,0,0,2,11,30
54,2,2,8,8,0,0,0,0,0,0,8,7,0,0,5,3,74,1,2,1,2,2,3,7,11,8,3,0,0,2,10,30
-6,1,1,6,7,0,0,0,0,0,0,8,7,0,0,5,3,74,0,2,2,2,2,4,8,10,8,3,0,0,3,10,15
3,1,1,13,7,0,0,0,0,0,0,10,5,0,0,5,3,74,1,1,1,1,1,5,8,9,7,2,0,0,2,11,0
6,1,1,11,6,0,0,0,0,0,0,5,10,0,0,5,3,74,1,1,1,1,1,4,7,8,6,2,0,0,2,10,45
27,0,0,4,5,0,0,0,0,0,0,1,14,0,0,5,3,74,0,1,1,1,1,3,6,7,6,2,0,0,2,10,0
41,0,0,3,5,0,0,0,0,0,0,7,8,0,0,5,3,74,1,0,0,0,0,4,6,6,5,2,0,0,2,9,45
0,0,0,4,4,0,0,0,0,0,0,0,5,0,0,5,3,74,0,0,0,0,0,4,5,5,5,2,0,0,2,10,0
4,0,0,1,3,0,0,0,0,0,0,0,19,0,0,5,3,74,0,0,0,0,0,4,4,4,4,1,0,0,1,9,15
-3,0,0,0,2,0,0,0,0,0,0,0,20,0,1,5,3,74,0,0,0,0,0,3,3,3,3,1,0,0,1,9,0
-14,0,0,15,1,0,0,0,0,0,0,0,25,0,0,5,3,74,0,0,0,0,0,2,2,2,2,1,0,0,2,11,15
23,0,0,2,0,0,0,0,0,0,0,0,49,0,0,5,3,74,0,0,0,0,0,1,1,1,1,0,0,0,1,9,30
25,18,0,38,1,0,0,2,0,0,0,14,1,1,0,4,3,73,0,35,0,1,6,1,3,8,4,0,8,1,1,17,15
38,18,1,34,0,0,0,2,0,0,0,26,4,0,0,4,3,73,0,35,1,4,8,2,3,7,3,0,8,1,2,16,45
7,18,3,36,0,0,0,2,0,0,0,5,25,0,0,4,3,73,0,34,3,4,8,2,5,7,3,0,8,2,1,17,0
14,18,3,36,0,0,0,1,0,0,0,11,4,0,0,4,3,73,0,34,3,5,8,1,5,7,2,0,7,2,1,17,0
47,16,3,28,2,0,0,1,0,0,1,9,6,0,0,4,3,73,1,30,3,4,8,4,5,9,4,3,6,1,1,15,0
-33,16,3,34,2,0,0,0,0,0,1,8,7,0,0,4,3,73,1,30,3,4,8,3,4,8,3,2,6,0,2,16,45
-35,16,3,32,2,0,0,0,0,0,0,8,7,0,0,4,3,73,1,30,3,4,8,2,3,7,2,2,6,0,1,16,0
7,15,2,28,1,0,0,0,1,0,0,2,13,0,0,4,3,73,1,29,2,3,8,1,3,6,2,2,6,0,1,15,0
-117,14,1,33,1,0,1,1,1,0,0,9,6,0,0,4,3,73,2,26,0,3,7,2,3,9,3,2,6,0,2,16,30
3,13,3,25,1,0,1,0,1,0,0,33,12,0,0,4,3,73,1,26,2,4,10,2,4,8,3,2,6,1,1,14,15
27,13,4,27,0,0,1,0,1,0,0,21,24,0,0,4,3,73,1,26,3,6,11,2,4,9,2,2,6,2,2,14,45
-47,13,5,26,1,0,2,0,1,0,0,23,7,0,0,4,3,73,2,23,3,4,13,2,6,12,3,2,6,4,1,14,30
-101,11,4,30,2,0,1,0,1,0,0,12,18,0,0,4,3,73,1,22,3,6,13,3,5,11,4,2,5,4,1,15,15
18,9,3,22,3,0,1,0,1,0,0,7,8,0,0,4,3,73,1,20,2,5,13,4,6,12,5,2,4,4,1,13,0
74,9,3,24,3,0,1,1,0,0,0,4,11,0,0,4,3,73,2,19,2,4,12,3,5,11,4,2,4,3,1,13,30
63,8,2,17,3,0,0,1,0,0,0,11,4,0,0,4,3,73,1,19,3,6,13,2,4,11,4,2,3,3,2,12,15
12,8,4,19,2,0,0,1,0,0,0,13,2,0,0,4,3,73,0,19,3,8,14,2,4,11,4,2,2,2,1,12,30
-25,6,3,22,3,0,1,0,0,0,1,0,15,0,0,4,3,73,0,16,5,9,12,3,8,13,6,3,2,2,1,13,0
17,6,4,15,3,0,0,0,0,0,1,26,4,0,0,4,3,73,0,16,5,9,12,4,7,12,5,2,1,2,2,12,0
38,5,3,17,6,0,0,0,0,0,1,4,26,0,0,4,3,73,2,12,5,6,10,6,8,11,6,2,1,1,2,12,15
35,4,3,19,5,0,0,1,0,0,0,12,3,0,0,4,3,73,2,11,4,6,10,5,7,10,6,2,0,1,1,12,30
30,4,3,12,5,0,0,1,0,0,0,12,3,0,0,4,3,73,2,11,4,6,10,5,7,10,6,2,0,1,2,11,30
-12,4,3,15,4,0,0,1,0,0,0,10,5,0,0,4,3,73,2,11,4,6,10,3,5,8,4,2,0,0,2,12,0
94,4,3,4,3,0,2,1,0,0,0,11,4,0,0,4,3,73,2,9,3,5,8,3,6,10,5,3,0,0,1,10,0
-273,4,3,31,4,0,1,1,0,0,0,9,6,0,0,4,3,73,3,8,2,4,8,2,5,9,4,2,0,0,1,15,45
0,2,1,8,4,0,1,1,0,0,0,15,15,0,0,4,3,73,1,7,3,4,7,4,5,12,6,2,0,0,2,11,0
-17,2,1,12,5,0,0,1,0,0,0,8,22,0,0,4,3,73,2,6,2,3,6,3,4,11,5,2,0,0,2,11,30
-44,1,0,21,6,0,0,1,0,0,0,5,10,0,0,4,3,73,1,4,1,3,4,3,4,11,7,4,0,0,2,12,45
-52,1,0,10,5,0,0,1,0,0,0,1,14,0,0,4,3,73,1,4,1,3,4,2,4,10,6,3,0,0,3,11,15
-3,1,1,8,5,0,0,0,0,0,0,6,9,0,0,4,3,73,0,4,2,4,4,1,5,10,6,3,0,0,2,11,0
29,1,1,7,6,0,0,0,1,0,0,5,10,0,0,4,3,73,2,1,1,1,1,6,8,9,6,3,0,0,2,10,30
-12,1,1,4,5,0,0,0,1,0,0,2,13,0,0,4,3,73,2,1,1,1,1,6,7,8,5,3,0,0,1,10,0
15,0,0,10,4,0,0,0,1,0,0,0,15,0,0,4,3,73,1,1,1,1,1,5,6,7,5,3,0,0,3,11,15
-55,0,0,12,4,0,0,0,1,0,0,8,7,0,0,4,3,73,1,0,0,0,0,4,5,6,5,3,0,0,2,11,30
62,0,0,2,3,0,0,0,1,0,0,1,14,0,0,4,3,73,0,0,0,0,0,3,5,5,5,3,0,0,1,9,30
-7,0,0,6,2,0,0,0,1,0,0,0,4,0,0,4,3,73,0,0,0,0,0,3,4,4,4,2,0,0,1,10,15
-40,0,0,3,1,0,0,0,1,0,0,0,11,0,0,4,3,73,0,0,0,0,0,2,3,3,3,2,0,0,2,9,45
-2,0,0,1,0,0,0,0,1,0,0,0,33,0,0,4,3,73,0,0,0,0,0,2,2,2,2,1,0,0,1,9,15
16,0,0,0,0,0,0,0,0,0,0,0,53,0,1,4,3,73,0,0,0,0,0,1,1,1,1,1,0,0,1,9,0
-7,5,1,9,1,0,1,1,0,0,0,13,17,0,0,3,3,72,2,10,1,1,6,5,5,6,2,1,1,1,1,13,0
-22,5,1,12,1,0,1,0,0,0,0,11,19,0,0,3,3,72,2,10,1,1,6,4,4,5,1,0,1,0,1,14,15
-34,4,0,9,1,0,1,0,0,0,0,8,7,0,0,3,3,72,0,9,0,2,7,3,3,5,3,3,1,0,1,13,0
-27,4,0,8,0,0,1,0,0,0,0,7,8,0,0,3,3,72,0,9,0,2,7,2,2,4,2,2,1,0,3,12,45
25,4,0,6,0,0,0,0,0,0,0,4,11,0,0,3,3,72,0,9,0,2,7,1,1,4,1,1,1,0,1,12,0
-110,4,4,9,1,0,0,1,1,0,0,17,73,0,0,3,3,72,2,5,2,3,5,1,3,7,2,1,0,1,1,13,0
31,2,2,3,0,0,0,3,1,0,0,11,19,0,0,3,3,72,1,3,1,2,3,2,4,7,4,3,0,0,1,10,0
-224,1,1,13,1,0,0,3,0,0,0,7,23,1,0,3,3,72,1,2,1,2,2,1,3,6,4,3,0,0,1,14,30
0,0,0,5,2,0,0,2,0,0,0,3,27,0,0,3,3,72,1,1,1,1,1,2,5,6,4,3,0,0,1,10,30
-86,0,0,7,2,0,0,1,0,0,0,10,5,0,0,3,3,72,0,1,1,1,1,1,4,5,4,2,0,0,1,12,15
37,0,0,1,3,0,0,0,0,0,0,0,21,0,0,3,3,72,0,0,0,0,0,3,4,4,4,2,0,0,2,9,30
25,0,0,1,2,0,0,0,0,0,0,0,25,0,0,3,3,72,0,0,0,0,0,2,3,3,3,2,0,0,2,9,30
-31,0,0,3,1,0,0,0,0,0,0,0,36,0,0,3,3,72,0,0,0,0,0,1,2,2,2,1,0,0,1,10,0
-13,0,0,0,0,0,0,0,0,0,0,0,71,0,1,3,3,72,0,0,0,0,0,1,1,1,1,1,0,0,2,9,15
23,34,2,51,0,0,0,0,0,0,0,4,26,0,0,2,3,71,0,52,1,5,11,1,2,6,1,0,11,0,1,18,0
28,32,4,47,0,0,2,1,0,0,0,13,2,0,0,2,3,71,2,48,3,7,14,1,4,7,2,2,11,3,2,17,0
18,29,3,46,1,0,3,2,0,0,0,12,3,0,0,2,3,71,0,44,4,8,13,5,6,12,7,4,10,5,1,16,45
-78,29,4,52,3,0,3,2,0,0,0,5,10,1,0,2,3,71,3,41,3,5,10,4,5,11,6,4,9,4,1,18,30
-17,29,4,48,3,0,2,2,0,0,0,2,13,0,0,2,3,71,3,41,4,7,10,3,4,10,5,3,8,3,1,17,15
4,28,4,48,3,0,1,2,0,0,0,10,5,0,0,2,3,71,2,41,4,7,10,3,3,9,5,3,8,2,1,17,15
23,28,4,42,3,0,0,2,0,0,0,4,11,0,0,2,3,71,2,41,4,8,12,2,3,9,4,2,7,2,1,16,15
0,27,4,42,4,0,1,3,0,0,0,11,4,0,0,2,3,71,3,37,3,6,10,1,4,11,6,2,6,1,1,16,15
42,24,2,38,6,0,1,4,0,0,0,4,11,0,0,2,3,71,3,33,2,4,11,6,7,12,9,3,6,0,2,15,45
22,24,2,36,5,0,1,4,0,0,0,0,15,0,0,2,3,71,3,33,2,4,12,5,8,12,8,3,6,0,2,15,30
39,24,3,30,5,0,1,4,0,0,0,5,10,0,0,2,3,71,2,32,1,4,12,4,8,14,9,3,6,1,2,14,45
-14,23,2,40,6,0,0,4,0,0,0,10,5,0,0,2,3,71,2,31,0,4,12,3,7,14,9,3,6,1,3,16,0
-34,23,3,45,6,0,0,3,0,0,0,7,8,0,0,2,3,71,2,31,0,4,14,3,7,13,8,2,6,2,1,16,30
-61,23,3,50,6,0,0,2,0,0,0,5,10,0,0,2,3,71,2,31,2,5,14,2,6,12,7,2,6,2,1,17,30
18,22,5,28,5,0,0,2,0,0,0,70,5,0,0,2,3,71,0,31,4,8,17,5,6,13,8,1,6,2,1,14,15
16,22,6,29,4,0,1,3,0,0,0,64,11,0,0,2,3,71,2,29,3,7,16,4,5,12,7,1,6,2,2,14,30
25,22,6,30,3,0,1,3,0,0,0,61,14,0,0,2,3,71,2,29,4,8,16,3,5,12,6,1,6,2,2,14,45
-20,21,5,34,2,0,1,3,0,0,0,56,19,0,0,2,3,71,1,29,5,8,16,2,7,11,6,1,5,5,2,15,15
39,21,8,32,4,0,1,2,0,0,0,40,35,0,0,2,3,71,2,27,4,8,17,2,7,11,6,2,4,4,2,15,0
-156,18,7,40,5,0,1,3,0,0,0,20,55,0,0,2,3,71,1,24,4,8,16,5,7,15,9,4,4,3,3,16,0
30,16,7,26,7,0,1,3,0,0,0,2,73,0,0,2,3,71,2,21,4,8,16,6,8,17,10,4,4,3,1,13,0
-33,16,7,32,7,0,1,2,0,0,0,0,75,0,0,2,3,71,2,21,4,8,16,5,7,16,9,3,3,3,2,15,0
-96,16,7,36,7,0,0,2,0,0,0,14,1,0,0,2,3,71,2,21,5,8,16,4,6,15,8,3,2,2,2,15,30
-47,16,8,42,6,0,0,2,0,0,0,13,2,0,0,2,3,71,2,21,5,8,16,3,5,14,7,2,1,1,1,16,15
39,14,6,20,7,0,0,2,0,0,0,12,3,0,0,2,3,71,2,19,4,9,14,3,5,14,8,1,1,0,2,12,15
-50,12,6,38,7,0,0,3,0,0,0,2,13,0,0,2,3,71,2,17,4,8,12,3,7,16,9,3,1,0,2,15,45
38,11,7,26,7,0,0,3,0,0,0,1,14,0,0,2,3,71,1,16,5,9,11,2,10,16,10,4,1,0,1,13,0
66,10,7,20,8,0,0,4,0,0,0,3,12,0,0,2,3,71,2,13,4,7,9,5,10,16,11,6,1,0,2,12,15
52,8,6,13,10,0,0,3,0,0,0,1,14,0,0,2,3,71,2,11,4,6,8,8,10,17,12,7,1,0,2,11,15
32,8,7,24,10,0,0,3,0,0,0,10,5,0,0,2,3,71,2,10,4,5,7,8,10,17,12,6,1,1,2,12,45
24,8,7,24,9,0,0,3,0,0,0,10,5,0,0,2,3,71,2,10,4,5,8,7,9,16,11,5,1,1,2,12,45
-17,7,6,22,8,0,0,3,0,0,0,8,7,0,0,2,3,71,1,10,4,5,8,6,8,15,11,5,1,1,2,12,30
164,5,4,13,9,0,0,2,0,0,1,14,1,0,0,2,3,71,1,8,3,3,6,5,9,15,12,6,1,1,2,11,15
54,5,4,17,8,0,0,2,0,0,1,7,8,0,0,2,3,71,1,8,3,3,7,4,9,16,11,6,1,1,1,11,45
35,5,4,17,9,0,0,1,0,0,1,3,12,0,0,2,3,71,2,7,2,2,6,4,8,15,10,5,1,1,1,11,45
41,5,4,19,8,0,0,1,0,0,1,3,12,0,0,2,3,71,2,7,2,2,6,3,7,14,9,4,1,1,2,12,0
80,4,3,15,9,0,0,0,0,0,1,11,4,0,0,2,3,71,2,6,1,1,6,2,6,13,9,3,1,1,2,11,30
80,2,1,6,9,0,0,1,0,0,0,6,9,0,0,2,3,71,1,5,0,1,5,5,7,13,10,4,1,1,2,10,15
63,1,0,11,8,0,0,1,0,0,0,11,4,0,0,2,3,71,0,5,0,2,5,4,8,13,10,4,0,1,2,11,0
-3,1,0,22,7,0,0,1,0,0,0,7,8,0,0,2,3,71,0,5,0,3,5,3,7,13,9,3,0,0,2,12,30
28,1,0,15,6,0,0,1,0,0,0,4,11,0,0,2,3,71,0,5,1,3,5,3,6,12,8,3,0,0,2,11,30
46,1,0,8,5,0,0,1,0,0,0,10,5,0,0,2,3,71,0,5,1,4,5,2,8,11,7,3,0,0,1,10,30
70,1,0,4,4,0,0,1,0,0,0,7,8,0,0,2,3,71,0,5,3,5,5,4,8,11,6,3,0,0,2,10,0
60,1,1,8,4,0,0,1,0,0,0,7,8,0,0,2,3,71,0,4,3,4,4,6,7,10,6,3,0,0,1,10,30
-212,1,1,34,3,0,0,1,0,0,0,6,9,0,0,2,3,71,0,4,3,4,4,5,6,9,5,2,0,0,2,15,15
54,1,1,10,3,0,0,1,0,0,0,0,15,0,0,2,3,71,1,3,2,3,3,4,5,8,4,2,0,0,2,10,45
-66,1,1,11,3,0,0,1,0,0,0,2,13,0,0,2,3,71,1,2,2,2,2,4,6,7,4,2,0,0,2,11,0
74,1,1,3,2,0,0,1,1,0,0,11,4,0,0,2,3,71,1,1,1,1,1,3,5,6,4,3,0,0,2,9,45
29,1,1,6,2,0,0,0,1,0,0,11,4,0,0,2,3,71,1,1,1,1,1,2,4,5,3,2,0,0,2,10,15
-24,1,1,4,2,0,0,0,1,0,0,9,6,0,0,2,3,71,1,0,0,0,0,3,4,4,3,1,0,0,2,10,0
4,0,0,0,1,0,0,0,1,0,0,0,16,0,1,2,3,71,0,0,0,0,0,2,3,3,3,1,0,0,1,9,0
-3,0,0,1,1,0,0,0,0,0,0,0,19,0,0,2,3,71,0,0,0,0,0,2,2,2,2,1,0,0,1,9,15
-2,0,0,2,0,0,0,0,0,0,0,0,49,0,0,2,3,71,0,0,0,0,0,1,1,1,1,1,0,0,1,9,30
14,35,2,48,0,0,0,0,0,0,0,9,0,1,0,6,3,68,0,48,1,3,10,2,2,5,1,0,3,1,1,17,45
5,34,3,47,0,0,0,0,0,0,0,4,11,0,0,6,3,68,0,47,1,6,10,1,2,6,1,0,3,0,1,17,30
7,31,3,43,2,0,1,2,0,0,0,5,10,0,0,6,3,68,2,41,2,4,8,3,5,9,4,1,3,0,2,16,45
47,31,3,40,1,0,1,2,0,0,0,28,2,0,0,6,3,68,1,41,3,4,9,2,4,10,4,1,3,0,1,16,0
-17,31,3,45,1,0,0,2,0,0,0,23,7,0,0,6,3,68,1,41,3,5,10,1,3,10,3,1,3,0,1,17,0
24,29,2,39,2,0,0,3,0,0,0,5,10,0,0,6,3,68,2,38,2,5,9,3,5,10,4,2,3,1,2,15,45
-31,28,1,45,2,0,0,3,0,0,0,12,3,0,0,6,3,68,2,37,1,4,9,3,4,9,4,2,3,1,1,17,0
-29,28,2,40,2,0,0,3,0,0,0,6,9,0,0,6,3,68,1,36,3,5,8,3,7,8,5,3,2,1,1,16,0
29,28,3,42,2,0,0,2,0,0,0,14,1,0,0,6,3,68,1,36,3,5,9,2,6,7,4,2,2,0,2,16,30
79,27,2,32,4,0,0,2,0,0,0,8,7,0,0,6,3,68,2,33,2,4,8,5,6,8,5,4,2,0,2,14,30
-92,27,3,43,3,0,0,2,0,0,0,8,7,0,0,6,3,68,2,33,3,5,9,4,5,9,4,4,2,0,2,16,45
-1,27,4,38,3,0,0,1,0,0,0,1,14,0,0,6,3,68,1,33,4,5,10,3,4,8,4,4,2,0,1,15,30
56,27,4,35,2,0,0,1,0,0,0,13,2,0,0,6,3,68,1,32,4,5,11,2,3,7,3,3,2,0,1,15,0
16,27,4,33,1,0,0,2,0,0,0,12,3,0,0,6,3,68,2,32,3,4,10,1,2,6,2,2,2,0,2,14,45
-28,25,2,35,4,0,0,1,0,0,0,23,22,0,0,6,3,68,2,29,1,4,12,1,3,7,4,2,2,0,1,15,0
57,23,5,30,5,0,0,1,0,0,0,8,7,0,0,6,3,68,1,27,3,8,17,4,4,12,6,4,2,0,1,13,30
32,23,5,27,4,0,0,2,0,0,0,1,14,0,0,6,3,68,2,26,3,8,16,3,3,11,5,3,2,0,1,13,0
-44,21,5,31,4,0,0,2,0,0,0,1,14,0,0,6,3,68,1,25,5,9,18,2,5,13,6,3,2,1,1,14,15
104,21,7,23,3,0,0,3,0,0,0,8,7,0,0,6,3,68,2,24,5,10,18,1,4,13,5,2,2,1,2,12,30
5,18,7,23,8,0,0,3,0,0,0,0,30,0,0,6,3,68,2,18,6,8,16,5,9,18,10,5,2,2,2,12,30
-38,17,7,33,8,0,0,3,0,0,0,13,2,0,0,6,3,68,2,17,5,8,15,4,8,17,10,6,1,2,2,14,45
20,17,9,21,7,0,0,3,0,0,0,6,9,0,0,6,3,68,2,17,6,9,15,4,8,18,9,6,1,1,2,12,0
55,14,7,17,7,0,0,4,0,0,1,7,8,0,0,6,3,68,2,14,4,8,13,5,9,17,11,7,1,1,2,11,30
4,13,7,25,8,0,0,3,0,0,1,4,11,0,0,6,3,68,2,13,3,7,12,4,8,16,11,7,0,1,2,12,45
-23,11,5,27,8,0,1,3,0,0,1,10,5,0,0,6,3,68,2,11,2,5,11,4,11,19,12,7,0,0,1,13,0
26,11,7,14,9,0,1,3,0,0,0,14,1,0,0,6,3,68,3,10,3,6,10,5,11,18,11,7,0,0,2,11,15
36,11,8,13,8,0,1,3,0,0,0,10,5,0,0,6,3,68,3,10,4,6,10,5,10,18,10,6,0,0,3,11,0
37,11,9,29,7,0,1,3,0,0,0,1,14,0,0,6,3,68,3,10,4,8,10,5,10,19,9,5,0,0,1,13,15
-170,9,7,37,7,0,1,4,0,0,0,7,8,0,0,6,3,68,3,8,2,6,8,8,10,18,10,6,0,0,1,15,15
50,8,6,21,7,0,1,3,0,0,0,5,10,0,0,6,3,68,2,8,3,6,8,7,10,17,10,6,0,0,2,12,0
-38,7,6,25,7,0,1,3,0,0,0,13,2,0,0,6,3,68,2,7,3,6,7,6,9,16,10,7,0,0,2,12,45
15,6,5,19,6,0,1,3,0,0,1,4,11,0,0,6,3,68,2,6,4,5,6,6,8,16,10,6,0,0,2,11,45
22,6,5,7,6,0,1,3,0,0,0,14,1,0,0,6,3,68,2,6,4,5,6,5,10,15,9,5,0,0,1,10,15
15,6,5,17,6,0,1,2,0,0,0,12,3,0,0,6,3,68,2,6,4,6,6,4,10,14,8,5,0,0,2,11,30
40,6,5,11,6,0,0,2,0,0,0,10,5,0,0,6,3,68,2,6,4,6,6,4,9,13,7,4,0,0,1,10,45
5,6,5,19,5,0,0,2,0,0,0,9,6,0,0,6,3,68,2,6,4,6,6,3,8,12,6,4,0,0,2,11,45
45,3,3,7,5,0,0,3,0,0,0,10,5,0,0,6,3,68,1,4,3,4,4,3,8,12,8,5,0,0,1,10,15
14,2,2,6,7,0,0,2,0,0,0,11,4,0,0,6,3,68,2,2,2,2,2,6,9,12,8,4,0,0,3,10,0
12,2,2,14,7,0,0,1,0,0,0,6,9,0,0,6,3,68,2,2,2,2,2,5,8,11,7,4,0,0,2,11,15
4,1,1,7,6,0,0,2,0,0,0,3,12,0,0,6,3,68,2,1,1,1,1,7,8,10,7,4,0,0,1,10,15
36,1,1,2,5,0,0,2,0,0,0,3,12,0,0,6,3,68,2,1,1,1,1,6,7,9,6,3,0,0,1,9,30
25,1,1,10,4,0,0,2,0,0,0,2,13,0,0,6,3,68,2,1,1,1,1,5,6,8,5,3,0,0,2,10,30
1,1,1,11,4,0,0,1,0,0,0,13,2,0,0,6,3,68,1,1,1,1,1,4,5,7,5,2,0,0,1,10,45
81,0,0,2,4,0,0,1,0,0,0,13,2,0,0,6,3,68,1,0,0,0,0,3,5,6,5,1,0,0,1,9,30
-16,0,0,5,4,0,0,0,0,0,0,8,7,0,0,6,3,68,1,0,0,0,0,2,4,5,4,1,0,0,1,9,45
47,0,0,2,3,0,0,0,0,0,0,5,10,0,0,6,3,68,1,0,0,0,0,2,3,4,3,1,0,0,1,9,30
14,0,0,0,2,0,0,0,0,0,0,0,24,0,1,6,3,68,0,0,0,0,0,2,3,3,3,2,0,0,1,9,0
-139,0,0,14,1,0,0,0,0,0,0,0,46,0,0,6,3,68,0,0,0,0,0,2,2,2,2,2,0,0,2,11,15
32,0,0,1,0,0,0,0,0,0,0,0,56,0,0,6,3,68,0,0,0,0,0,1,1,1,1,1,0,0,3,9,15
10,30,4,40,6,0,0,2,0,0,2,2,28,0,0,5,3,67,2,36,4,5,7,7,10,17,9,3,8,4,2,16,30
16,29,3,43,6,0,1,2,0,0,1,9,6,0,0,5,3,67,2,35,3,4,8,6,10,16,9,3,7,3,1,16,45
23,29,3,40,6,0,1,2,0,0,1,6,9,0,0,5,3,67,3,34,2,3,7,6,9,15,8,3,7,2,2,16,30
32,27,1,38,5,0,1,2,0,0,1,14,1,0,0,5,3,67,1,34,3,4,9,6,9,14,9,2,7,2,3,16,0
-43,27,1,46,4,0,1,2,0,0,1,9,6,1,0,5,3,67,1,34,3,4,9,5,8,13,8,2,7,2,1,17,30
18,27,1,43,3,0,1,3,0,0,1,5,10,0,0,5,3,67,2,33,2,3,8,5,8,12,7,2,7,2,1,16,45
49,27,1,33,2,0,1,3,0,0,1,4,11,0,0,5,3,67,2,33,2,3,8,4,7,11,6,2,6,2,2,15,30
16,27,1,36,3,0,1,3,0,0,0,21,9,0,0,5,3,67,2,32,1,2,9,4,7,10,6,2,6,2,2,15,45
-43,27,1,45,3,0,1,2,0,0,0,20,10,0,0,5,3,67,2,32,1,2,9,3,6,9,5,2,5,2,1,17,0
4,26,0,38,3,0,1,2,0,0,0,6,24,0,0,5,3,67,1,31,1,2,9,4,8,8,6,2,5,1,3,16,0
-13,26,1,33,2,0,1,2,0,0,0,13,2,0,0,5,3,67,0,31,1,3,10,3,7,7,6,2,5,1,2,15,30
62,26,2,30,2,0,0,2,0,0,0,4,11,0,0,5,3,67,0,30,1,4,11,3,6,7,5,2,5,1,1,14,45
17,26,3,33,1,0,1,2,0,0,0,22,8,0,0,5,3,67,1,30,1,5,13,4,5,7,4,2,5,1,2,15,30
26,26,5,30,1,0,1,1,0,0,0,7,23,0,0,5,3,67,0,30,3,7,15,4,4,7,4,2,4,1,1,14,45
-21,26,6,36,0,0,1,1,0,0,0,2,28,0,0,5,3,67,0,30,3,7,15,3,3,7,3,1,4,0,2,15,45
-33,26,6,32,1,0,0,1,0,0,0,42,3,0,0,5,3,67,1,29,4,7,15,2,2,6,2,1,4,0,3,15,0
-85,26,6,40,1,0,0,0,0,0,0,37,8,0,0,5,3,67,1,29,4,7,16,1,1,5,1,1,4,0,2,16,30
25,19,7,27,5,0,1,2,0,0,0,13,2,0,0,5,3,67,1,21,6,9,14,3,5,16,8,3,3,2,1,13,30
60,17,8,22,7,0,1,2,0,0,0,9,6,0,0,5,3,67,2,18,5,8,12,3,7,16,9,3,2,1,1,12,30
20,15,6,24,8,0,1,2,0,0,1,13,2,0,0,5,3,67,3,15,3,6,10,3,8,15,10,5,2,0,1,13,0
32,14,6,27,7,0,1,2,0,0,1,3,12,0,0,5,3,67,2,15,4,6,10,4,11,16,10,4,2,1,1,13,30
15,13,6,23,8,0,1,2,0,0,1,6,9,0,0,5,3,67,2,13,4,5,10,4,11,16,11,4,2,1,2,12,45
31,11,4,26,8,0,1,2,0,0,1,9,6,0,0,5,3,67,1,12,3,5,10,7,11,18,12,3,2,1,2,13,15
50,11,4,18,8,0,1,2,0,0,1,5,10,0,0,5,3,67,2,11,2,4,10,7,10,18,11,3,2,1,2,12,0
-72,11,5,29,7,0,1,2,0,0,1,2,13,0,0,5,3,67,2,11,2,4,10,7,10,17,10,3,2,2,2,14,15
27,9,3,24,7,0,1,3,0,0,1,0,15,0,0,5,3,67,2,9,2,4,9,7,9,16,11,4,2,2,1,13,0
23,9,3,18,7,0,1,3,0,0,0,14,1,0,0,5,3,67,2,9,2,4,9,6,8,15,10,4,2,2,2,12,0
12,8,2,13,7,0,1,2,0,0,0,12,3,0,0,5,3,67,1,9,2,4,9,6,8,14,10,4,2,2,2,11,15
81,8,2,15,7,0,1,1,0,0,0,11,4,0,0,5,3,67,1,9,2,4,9,5,7,13,9,4,1,2,1,11,30
-5,8,2,20,6,0,1,1,0,0,0,9,6,0,0,5,3,67,1,9,2,4,9,4,6,12,8,4,1,1,1,12,15
15,8,3,17,6,0,0,1,0,0,0,5,10,0,0,5,3,67,1,9,2,4,9,3,6,12,7,4,1,1,2,11,45
17,7,2,20,6,0,0,1,0,0,0,7,8,0,0,5,3,67,1,8,2,5,8,3,6,12,7,4,1,1,1,12,15
94,7,4,11,5,0,0,2,0,0,0,13,2,0,0,5,3,67,2,7,2,5,7,2,8,11,6,3,1,1,2,11,0
104,6,3,8,5,0,0,1,0,0,0,2,13,0,0,5,3,67,1,7,2,6,7,3,8,10,6,2,0,1,1,10,30
28,6,5,15,4,0,1,2,0,0,0,12,3,0,0,5,3,67,2,5,3,5,5,6,7,10,6,2,0,0,1,11,30
30,5,4,13,3,0,1,2,0,0,0,5,10,0,0,5,3,67,1,5,4,5,5,6,7,10,6,3,0,0,2,11,15
100,5,5,5,3,0,1,2,0,0,0,0,15,0,0,5,3,67,1,4,3,4,4,5,6,9,6,3,0,0,2,10,0
44,5,5,8,2,0,2,2,0,0,0,6,9,0,0,5,3,67,2,3,3,3,3,4,6,9,5,2,0,0,1,10,30
35,4,4,6,1,0,2,2,0,0,0,1,14,0,0,5,3,67,1,3,3,3,3,3,5,8,5,3,0,0,2,10,15
7,4,4,6,1,0,1,2,0,0,0,0,15,0,0,5,3,67,1,3,3,3,3,2,4,7,4,3,0,0,2,10,15
-10,3,3,10,2,0,1,1,0,0,0,7,8,0,0,5,3,67,1,2,2,2,2,2,3,6,4,2,0,0,2,10,45
15,1,1,4,3,0,0,1,0,0,1,23,7,0,0,5,3,67,1,0,0,0,0,2,4,6,5,4,0,0,1,9,45
-41,0,0,11,3,0,0,0,0,0,1,8,22,0,0,5,3,67,0,0,0,0,0,1,4,5,5,5,0,0,2,11,0
20,0,0,0,3,0,0,0,0,0,0,0,23,0,1,5,3,67,0,0,0,0,0,3,4,4,4,4,0,0,2,9,0
34,0,0,2,2,0,0,0,0,0,0,0,35,0,0,5,3,67,0,0,0,0,0,2,3,3,3,3,0,0,1,9,30
16,0,0,2,1,0,0,0,0,0,0,0,47,0,0,5,3,67,0,0,0,0,0,2,2,2,2,2,0,0,1,9,30
40,0,0,0,0,0,0,0,0,0,0,0,72,0,1,5,3,67,0,0,0,0,0,1,1,1,1,1,0,0,2,9,0
28,20,3,40,0,0,0,1,0,0,0,24,0,1,0,4,3,66,1,40,1,2,4,1,2,4,1,1,3,0,2,17,0
0,17,0,40,0,0,0,1,1,0,0,14,16,1,0,4,3,66,0,38,2,2,6,3,3,6,3,2,3,1,2,17,0
28,17,0,38,0,0,0,2,0,0,0,11,4,0,0,4,3,66,1,37,1,1,5,2,4,7,2,1,2,2,1,16,15
76,17,0,37,0,0,0,2,0,0,0,6,9,0,0,4,3,66,2,36,0,1,4,1,3,6,1,1,2,1,1,16,0
-3,17,1,36,0,0,0,1,0,0,0,4,26,0,0,4,3,66,0,36,3,4,9,2,5,6,2,1,2,1,1,15,45
-48,17,1,39,0,0,0,0,0,0,0,0,30,0,0,4,3,66,0,36,3,4,10,1,4,5,1,1,1,1,2,16,45
-28,16,1,34,2,0,1,0,0,0,0,22,8,0,0,4,3,66,1,32,0,4,8,3,4,5,3,1,1,0,1,15,15
-24,16,2,33,2,0,0,0,0,0,0,11,19,0,0,4,3,66,0,32,3,5,10,2,3,4,3,1,1,0,2,15,0
14,16,2,31,1,0,0,0,0,0,0,10,20,0,0,4,3,66,0,32,3,5,10,1,2,3,2,0,1,0,1,14,45
-30,16,3,34,3,0,0,0,1,0,0,11,34,0,0,4,3,66,3,28,2,4,11,2,2,6,2,1,1,0,1,15,15
-84,14,4,31,3,0,0,1,1,0,0,12,3,0,0,4,3,66,2,26,2,5,13,1,3,10,4,4,1,0,1,14,45
19,11,4,28,6,0,0,2,1,0,0,6,9,0,0,4,3,66,3,21,2,7,14,2,8,18,7,5,1,0,1,13,15
-27,10,4,30,5,0,0,2,1,0,0,0,15,0,0,4,3,66,2,21,3,8,15,2,7,17,7,4,1,0,2,14,15
-18,8,3,26,5,0,0,1,2,0,1,6,9,0,0,4,3,66,0,19,5,7,16,6,11,19,10,5,1,1,1,13,0
70,8,3,23,5,0,1,1,1,0,1,0,15,0,0,4,3,66,1,18,5,7,16,5,13,19,9,5,1,1,1,12,30
6,7,2,17,5,0,2,1,1,0,0,7,8,0,0,4,3,66,0,17,4,7,15,6,12,18,10,5,1,1,2,11,45
11,7,4,15,7,0,1,1,2,0,0,10,5,0,0,4,3,66,2,14,2,6,13,7,12,17,10,4,1,1,2,11,30
-21,7,4,19,7,0,0,1,2,0,0,9,6,0,0,4,3,66,2,14,2,6,13,6,11,16,9,4,1,1,2,12,0
14,7,4,21,6,0,0,1,2,0,0,7,8,0,0,4,3,66,1,14,2,7,13,6,11,15,9,3,1,1,2,12,15
1,6,3,26,6,0,1,0,2,0,0,13,2,0,0,4,3,66,1,13,2,7,12,8,10,15,9,4,1,1,1,13,0
19,6,3,19,5,0,1,0,2,0,0,11,4,0,0,4,3,66,1,13,2,8,12,7,9,15,8,3,1,1,2,12,0
33,5,3,15,6,0,1,0,1,0,0,2,13,0,0,4,3,66,1,12,3,8,12,6,8,18,8,3,1,1,2,11,30
-61,5,3,23,5,0,1,0,1,0,0,11,4,0,0,4,3,66,0,12,4,9,12,6,9,17,8,2,0,1,1,12,30
-34,5,3,25,4,0,1,0,1,0,0,8,7,0,0,4,3,66,0,12,4,9,12,6,9,16,7,2,0,0,2,12,45
36,5,4,8,5,0,0,0,1,0,0,4,11,0,0,4,3,66,1,11,4,8,11,5,8,15,6,2,0,0,2,10,30
21,5,4,12,4,0,0,0,1,0,0,4,11,0,0,4,3,66,1,11,4,8,11,4,7,14,5,2,0,0,1,11,0
-2,5,4,12,3,0,0,0,1,0,0,1,14,0,0,4,3,66,1,11,5,9,11,3,6,13,4,1,0,0,1,11,0
-93,3,2,29,3,0,0,1,1,0,0,13,2,0,0,4,3,66,0,9,6,8,9,3,6,15,6,1,0,0,1,13,30
49,3,2,17,2,0,0,2,1,0,0,8,7,0,0,4,3,66,1,8,5,7,8,4,5,14,5,1,0,0,2,11,45
16,2,2,7,4,0,0,4,1,0,0,13,2,0,0,4,3,66,2,3,2,3,3,4,10,13,8,2,0,0,2,10,15
-56,2,2,14,4,0,0,3,1,0,0,12,3,0,0,4,3,66,2,3,2,3,3,3,9,12,7,2,0,0,2,11,15
-32,2,2,10,3,0,0,3,1,0,0,9,6,0,0,4,3,66,2,3,2,3,3,2,8,11,6,2,0,0,2,10,45
-27,1,1,8,3,0,0,3,1,0,0,0,15,0,0,4,3,66,1,2,1,2,2,2,7,10,7,3,0,0,2,10,30
-53,1,1,21,4,0,0,3,0,0,0,18,12,0,0,4,3,66,0,1,1,1,1,6,9,9,8,4,0,0,2,12,15
-2,1,1,10,3,0,0,3,0,0,0,12,18,0,0,4,3,66,0,1,1,1,1,6,8,8,7,4,0,0,2,10,45
19,1,1,1,3,0,0,3,0,0,0,10,20,0,0,4,3,66,1,0,0,0,0,5,7,7,6,4,0,0,2,9,30
44,1,1,3,3,0,0,2,0,0,0,6,24,0,0,4,3,66,1,0,0,0,0,4,6,6,5,3,0,0,2,9,45
10,1,1,5,3,0,0,1,0,0,0,4,26,0,0,4,3,66,1,0,0,0,0,4,5,5,4,3,0,0,1,10,0
-15,1,1,5,3,0,0,0,0,0,0,3,27,0,0,4,3,66,1,0,0,0,0,3,4,4,3,3,0,0,1,10,0
-12,0,0,3,2,0,0,0,0,0,0,0,16,0,0,4,3,66,0,0,0,0,0,3,3,3,3,2,0,0,2,9,45
0,0,0,0,1,0,0,0,0,0,0,0,24,0,1,4,3,66,0,0,0,0,0,2,2,2,2,1,0,0,2,9,0
-8,0,0,1,0,0,0,0,0,0,0,0,29,0,0,4,3,66,0,0,0,0,0,1,1,1,1,1,0,0,2,9,30
27,37,4,53,0,0,0,0,0,0,0,20,10,1,0,3,3,65,0,53,3,7,13,1,2,5,1,0,0,1,1,18,0
17,34,6,50,3,0,0,2,0,0,0,3,12,0,0,3,3,65,2,47,2,6,13,1,4,7,4,3,0,0,1,17,15
-3,33,7,52,4,0,0,2,0,0,0,2,28,0,0,3,3,65,2,45,4,7,12,3,3,11,5,3,0,0,1,17,30
62,31,6,44,4,0,0,2,0,0,0,11,4,0,0,3,3,65,1,44,4,7,11,2,3,10,6,3,0,0,1,16,0
15,29,6,48,4,0,0,3,1,0,0,0,15,0,0,3,3,65,2,41,2,6,8,1,2,11,7,3,0,0,2,17,0
37,25,4,47,6,0,1,3,1,0,0,13,2,0,0,3,3,65,2,37,3,4,9,6,8,14,10,4,0,0,2,16,30
59,22,1,36,7,0,1,5,0,0,0,7,8,0,0,3,3,65,1,34,1,1,8,7,9,15,13,5,0,0,2,15,0
47,22,1,42,6,0,1,5,0,0,0,5,10,0,0,3,3,65,1,34,1,2,8,6,8,14,12,5,0,0,2,15,45
9,22,1,46,5,0,1,5,0,0,0,3,12,0,0,3,3,65,1,34,1,3,9,5,8,13,11,4,0,0,1,16,15
86,22,2,36,4,0,1,5,0,0,0,0,15,0,0,3,3,65,1,34,1,3,9,4,8,13,10,3,0,0,2,15,0
32,22,2,36,3,0,1,5,0,0,0,14,1,0,0,3,3,65,1,34,1,3,9,3,7,12,9,3,0,0,2,15,0
-9,22,2,48,3,0,1,4,0,0,0,4,11,0,0,3,3,65,1,34,1,3,10,4,7,12,8,2,0,0,2,17,0
38,21,1,34,3,0,0,4,0,0,0,9,6,0,0,3,3,65,0,34,1,4,12,3,6,13,8,2,0,0,3,14,45
61,21,3,39,3,0,0,4,0,0,0,10,5,0,0,3,3,65,1,33,2,5,12,5,6,13,7,1,0,0,1,15,15
25,21,3,42,3,0,0,3,0,0,0,5,10,0,0,3,3,65,1,33,2,5,13,4,6,12,6,1,0,0,2,15,45
35,21,4,39,3,0,0,3,0,0,0,34,11,0,0,3,3,65,1,32,2,7,14,3,6,11,6,1,0,0,1,15,15
54,21,4,33,3,0,0,3,0,0,0,32,13,0,0,3,3,65,2,31,3,6,13,3,5,10,5,1,0,0,2,14,30
27,20,3,34,2,0,0,3,0,0,0,27,18,0,0,3,3,65,1,31,3,6,15,2,5,9,5,1,0,0,3,14,45
25,18,3,32,3,0,0,3,0,0,0,3,42,0,0,3,3,65,1,29,4,7,16,3,7,11,6,2,0,0,1,14,15
-19,18,4,41,4,0,0,2,0,0,0,10,5,0,0,3,3,65,2,28,3,7,15,4,7,12,5,2,0,0,2,15,30
6,17,5,31,5,0,0,2,0,0,0,10,5,0,0,3,3,65,2,26,4,8,15,5,6,12,6,3,0,0,1,13,30
94,17,5,21,5,0,0,1,0,0,1,0,15,0,0,3,3,65,2,25,3,7,15,4,5,12,6,3,0,0,2,12,0
-184,17,7,50,4,0,0,1,0,0,1,10,5,0,0,3,3,65,1,25,4,9,16,4,4,11,6,4,0,0,1,17,15
19,17,7,28,3,0,0,2,0,0,1,0,15,0,0,3,3,65,2,24,5,9,16,3,4,13,5,4,0,0,1,13,0
-10,16,7,30,3,0,0,2,0,0,1,12,3,0,0,3,3,65,2,23,5,9,16,2,4,14,5,4,0,0,1,13,15
-168,14,6,44,2,0,0,4,0,0,1,13,2,0,0,3,3,65,2,21,4,8,14,1,5,15,6,4,0,0,1,16,0
76,10,5,26,4,0,0,6,0,0,1,6,9,0,0,3,3,65,2,16,3,7,13,6,7,16,10,7,0,0,2,12,45
-2,9,5,28,4,0,1,6,0,0,0,0,15,0,0,3,3,65,1,15,4,7,12,5,10,17,11,7,0,0,1,13,0
30,9,6,23,3,0,2,6,0,0,0,5,10,0,0,3,3,65,2,14,3,7,12,4,10,17,10,6,0,0,1,12,15
41,8,5,21,4,0,2,5,0,0,0,0,15,0,0,3,3,65,2,13,3,6,11,4,11,17,10,5,0,0,2,12,0
-55,8,5,26,4,0,2,4,0,0,0,10,5,0,0,3,3,65,2,13,4,6,11,3,10,18,9,4,0,0,2,12,45
69,7,4,7,4,0,1,4,0,0,0,7,8,0,0,3,3,65,1,13,4,6,11,2,9,18,9,5,0,0,2,10,15
16,6,3,23,3,0,1,6,0,0,0,4,11,0,0,3,3,65,1,11,4,6,10,7,10,18,10,5,0,0,1,12,15
45,5,4,17,4,0,1,6,0,0,0,6,9,0,0,3,3,65,2,9,2,6,9,7,9,17,10,6,0,0,2,11,30
31,5,4,19,3,0,1,6,0,0,0,6,9,0,0,3,3,65,2,9,2,6,9,6,8,16,9,5,0,0,2,11,45
-6,5,4,25,3,0,1,5,0,0,0,4,11,0,0,3,3,65,2,9,3,6,9,5,7,15,8,4,0,0,2,12,30
58,4,3,13,3,0,1,5,0,0,0,0,15,0,0,3,3,65,2,8,2,5,8,4,8,14,8,4,0,0,2,11,0
20,3,2,13,3,0,1,5,0,0,0,13,2,0,0,3,3,65,2,7,2,4,7,4,7,13,8,4,0,0,2,11,0
0,3,2,19,3,0,1,4,0,0,0,5,10,0,0,3,3,65,2,7,2,5,7,4,7,12,7,4,0,0,2,11,45
19,3,2,15,3,0,0,4,0,0,0,2,13,0,0,3,3,65,2,7,2,5,7,3,7,11,6,3,0,0,2,11,15
45,3,3,15,4,0,0,3,0,0,0,14,1,0,0,3,3,65,1,6,3,5,6,4,10,11,7,5,0,0,2,11,15
19,3,3,9,3,0,1,3,0,0,0,11,4,0,0,3,3,65,2,5,3,4,5,3,9,11,6,4,0,0,2,10,30
28,1,1,7,5,0,1,2,0,0,0,4,11,0,0,3,3,65,1,3,1,3,3,7,8,12,8,5,0,0,2,10,15
-26,1,1,17,5,0,1,1,0,0,0,3,12,0,0,3,3,65,1,3,1,3,3,6,7,11,7,5,0,0,2,11,30
-11,1,1,5,4,0,1,1,1,0,0,6,9,0,0,3,3,65,1,2,1,2,2,6,6,10,7,5,0,0,2,10,0
17,1,1,11,4,0,1,0,1,0,0,3,12,0,0,3,3,65,1,2,1,2,2,5,5,9,6,5,0,0,2,10,45
30,1,1,2,3,0,1,0,1,0,0,0,15,0,0,3,3,65,1,2,2,2,2,4,4,8,5,4,0,0,2,9,30
-23,1,1,11,2,0,1,0,1,0,0,12,3,0,0,3,3,65,1,2,2,2,2,3,3,7,4,4,0,0,2,10,45
-15,1,1,5,1,0,1,0,1,0,0,9,6,0,0,3,3,65,1,2,2,2,2,2,2,6,3,3,0,0,2,10,0
15,0,0,3,1,0,0,0,1,0,0,2,13,0,0,3,3,65,0,2,2,2,2,1,2,5,3,3,0,0,2,9,45
4,0,0,1,2,0,0,1,0,0,0,0,37,0,0,3,3,65,0,0,0,0,0,4,4,4,4,4,0,0,1,9,15
-43,0,0,3,2,0,0,0,0,0,0,0,47,0,0,3,3,65,0,0,0,0,0,3,3,3,3,3,0,0,2,9,45
-8,0,0,0,1,0,0,0,0,0,0,0,57,0,1,3,3,65,0,0,0,0,0,2,2,2,2,2,0,0,1,9,0
-1,0,0,9,0,0,0,0,0,0,0,0,63,0,0,3,3,65,0,0,0,0,0,1,1,1,1,1,0,0,2,10,30
28,34,3,51,3,0,0,3,0,0,0,8,7,0,0,2,3,64,0,46,1,4,11,4,8,11,7,4,6,3,1,17,15
-1,34,3,50,3,0,0,2,0,0,0,11,4,0,0,2,3,64,0,46,2,6,11,5,7,11,6,4,6,2,1,17,0
30,34,3,47,3,0,0,2,0,0,0,9,6,0,0,2,3,64,1,45,1,5,11,5,6,10,5,3,6,2,2,16,30
-20,34,4,52,3,0,0,1,0,0,0,2,13,1,0,2,3,64,1,45,3,6,11,4,5,9,4,2,5,2,1,17,30
15,33,4,45,2,0,0,1,0,0,0,4,11,0,0,2,3,64,0,45,3,6,12,4,6,9,4,2,5,1,1,16,0
57,33,4,46,2,0,0,1,0,0,0,1,14,0,0,2,3,64,1,44,3,6,11,3,5,10,3,1,5,1,1,16,15
53,33,4,48,1,0,0,1,0,0,0,10,5,0,0,2,3,64,1,44,4,8,11,2,5,9,2,1,5,2,1,16,45
0,32,5,48,3,0,0,0,0,0,0,13,2,0,0,2,3,64,2,42,3,6,11,3,4,9,2,1,4,2,1,16,45
34,30,4,37,5,0,0,0,0,0,0,1,14,0,0,2,3,64,1,39,3,5,10,3,4,11,5,2,4,1,2,14,45
23,30,4,41,4,0,0,0,0,0,0,0,15,0,0,2,3,64,1,39,3,5,10,2,3,10,4,1,4,1,2,15,30
-16,29,3,43,4,0,0,0,1,0,0,0,15,0,0,2,3,64,2,37,2,4,10,1,5,9,4,1,3,2,1,15,45
23,27,4,40,4,0,1,0,1,0,0,14,16,0,0,2,3,64,2,35,2,6,13,4,7,10,5,2,3,1,2,15,15
-21,26,5,43,4,0,1,1,1,0,0,8,7,0,0,2,3,64,2,33,2,6,14,5,7,11,6,4,3,1,1,15,45
37,26,5,35,3,0,1,1,1,0,0,3,12,0,0,2,3,64,2,33,2,6,15,4,6,11,5,3,3,1,1,14,15
50,26,6,34,3,0,0,1,1,0,0,2,13,0,0,2,3,64,2,33,2,6,15,3,5,10,4,3,2,1,2,14,0
-62,25,6,41,2,0,1,1,1,0,0,19,11,0,0,2,3,64,1,32,3,7,16,4,4,12,5,4,2,0,2,15,30
6,25,8,38,2,0,1,1,1,0,0,11,19,0,0,2,3,64,2,31,4,7,16,3,4,11,4,3,2,0,1,15,0
-65,24,8,38,2,0,1,1,0,0,0,2,28,0,0,2,3,64,1,31,4,9,17,2,4,13,4,4,2,0,1,15,0
4,23,7,35,3,0,1,0,1,0,0,11,4,0,0,2,3,64,2,29,2,7,15,1,3,12,4,3,2,0,1,14,15
18,19,9,29,5,0,1,1,1,0,0,2,13,0,0,2,3,64,2,25,5,9,16,2,8,15,7,4,2,0,1,13,0
31,17,8,29,6,0,0,2,1,0,0,4,11,0,0,2,3,64,2,23,5,8,15,4,7,18,8,5,2,0,1,13,0
22,14,6,33,8,0,0,2,1,0,1,0,15,0,0,2,3,64,3,19,4,7,13,6,9,19,10,6,2,1,1,13,30
17,13,5,32,7,0,0,2,1,0,1,13,2,0,0,2,3,64,1,19,4,7,14,5,10,18,11,6,2,1,1,13,15
31,13,5,27,7,0,0,2,0,0,1,7,8,0,0,2,3,64,1,19,4,7,15,4,9,19,10,5,2,1,3,12,45
33,11,4,21,8,0,0,2,0,0,1,9,6,0,0,2,3,64,1,17,3,7,13,6,10,19,11,6,2,1,1,12,0
41,11,5,21,7,0,0,2,0,0,1,7,8,0,0,2,3,64,1,17,3,8,13,5,9,18,10,5,2,1,1,12,0
14,10,4,25,7,0,0,2,0,0,1,6,9,0,0,2,3,64,1,16,3,7,12,4,8,17,10,5,2,1,2,12,30
19,9,5,19,8,0,0,2,0,0,0,4,11,0,0,2,3,64,1,15,3,7,13,5,11,21,10,5,2,1,3,11,45
11,9,5,27,8,0,0,1,0,0,0,3,12,0,0,2,3,64,1,15,3,7,13,4,10,21,9,4,1,1,3,12,45
-2,9,5,24,8,0,0,1,0,0,0,2,13,0,0,2,3,64,2,14,2,7,12,3,9,20,8,4,1,0,2,12,15
33,8,4,25,8,0,0,2,0,0,0,0,15,0,0,2,3,64,2,12,3,6,11,4,10,19,9,5,1,0,2,12,30
53,8,4,17,7,0,0,2,0,0,0,15,15,0,0,2,3,64,2,12,3,6,11,3,9,18,8,4,1,0,2,11,30
23,8,5,21,7,0,0,1,0,0,0,2,13,0,0,2,3,64,2,12,5,8,12,6,11,17,7,4,1,0,1,12,0
54,7,4,13,7,0,0,1,0,0,0,12,3,0,0,2,3,64,1,11,4,7,11,5,10,16,8,5,1,0,2,11,0
11,5,3,15,9,0,0,1,0,0,0,11,4,0,0,2,3,64,2,8,3,6,8,6,12,15,9,6,1,0,2,11,15
30,5,3,19,8,0,0,1,0,0,0,6,9,0,0,2,3,64,2,8,4,6,8,7,13,15,8,5,1,1,3,11,45
10,4,2,17,7,0,0,1,0,0,0,6,9,0,0,2,3,64,1,8,4,6,8,6,12,14,8,4,1,1,2,11,30
15,4,2,11,6,0,0,1,0,0,0,5,10,0,0,2,3,64,1,8,4,6,8,6,11,13,7,3,1,1,2,10,45
23,4,2,9,6,0,0,1,0,0,0,9,6,0,0,2,3,64,0,7,3,5,7,5,11,13,8,5,1,1,2,10,30
36,4,2,15,6,0,0,1,0,0,0,6,9,0,0,2,3,64,1,6,2,4,6,4,10,13,7,5,1,1,2,11,15
30,3,2,7,6,0,0,1,0,0,0,10,5,0,0,2,3,64,1,5,3,5,5,6,9,13,7,4,1,1,2,10,15
36,3,2,6,5,0,0,1,0,0,0,10,5,0,0,2,3,64,1,5,3,5,5,5,8,12,6,3,1,1,2,10,0
-94,3,2,29,4,0,0,2,0,0,0,5,10,0,0,2,3,64,2,4,2,4,4,6,7,11,5,3,1,1,1,13,0
-1,2,2,13,4,0,0,1,0,0,0,2,13,0,0,2,3,64,0,4,3,4,4,6,6,10,6,3,1,1,2,11,0
-15,2,2,7,5,0,0,0,0,0,0,0,15,0,0,2,3,64,1,3,2,3,3,5,5,9,5,2,1,1,2,10,15
-15,2,2,11,4,0,1,0,0,0,0,11,4,0,0,2,3,64,2,2,1,2,2,4,4,8,4,2,1,1,2,10,45
7,2,2,4,3,0,1,0,0,0,0,9,6,0,0,2,3,64,2,2,2,2,2,3,4,7,3,1,1,1,1,9,45
-3,2,2,9,2,0,1,0,0,0,0,7,8,0,0,2,3,64,2,2,2,2,2,2,3,6,2,1,0,1,2,10,30
44,2,2,2,1,0,1,0,0,0,0,4,11,0,0,2,3,64,2,2,2,2,2,1,3,5,1,0,0,0,2,9,30
1,0,0,1,3,0,0,0,0,0,0,0,21,0,0,2,3,64,0,0,0,0,0,4,4,4,4,3,0,0,2,9,15
3,0,0,0,2,0,0,0,0,0,0,0,26,0,1,2,3,64,0,0,0,0,0,3,3,3,3,3,0,0,1,9,0
-19,0,0,2,1,0,0,0,0,0,0,0,36,0,0,2,3,64,0,0,0,0,0,2,2,2,2,2,0,0,2,9,30
-17,0,0,4,0,0,0,0,0,0,0,0,44,0,0,2,3,64,0,0,0,0,0,1,1,1,1,1,0,0,1,9,45
136,23,2,27,2,0,0,2,2,0,0,13,2,0,0,6,3,61,1,40,4,6,12,2,4,10,6,4,9,0,2,14,45
62,22,3,43,3,0,0,1,2,0,2,5,10,0,0,6,3,61,2,37,2,4,10,3,6,13,7,4,9,2,1,17,0
-3,22,4,41,3,0,0,2,2,0,1,21,9,0,0,6,3,61,1,36,2,6,10,2,5,13,8,4,9,2,3,16,45
7,22,4,39,2,0,0,2,2,0,1,16,14,0,0,6,3,61,1,36,2,6,10,2,4,13,7,3,9,2,2,16,30
44,19,1,43,2,0,1,3,1,0,1,3,12,0,0,6,3,61,0,34,4,7,9,3,8,14,9,4,8,3,1,17,0
75,19,2,37,2,0,1,3,0,0,2,8,7,0,0,6,3,61,1,33,4,6,8,4,9,14,8,3,7,2,2,16,0
-67,19,2,46,1,0,1,3,0,0,2,5,10,1,0,6,3,61,1,33,4,6,9,3,8,13,7,3,7,1,1,17,30
40,18,1,31,4,0,1,3,0,0,2,12,3,0,0,6,3,61,2,29,2,4,6,7,10,14,9,5,7,4,2,15,15
66,18,1,39,4,0,1,2,0,0,2,10,5,0,0,6,3,61,2,29,2,4,6,6,9,13,8,5,7,4,2,16,30
-1,18,1,29,4,0,1,2,0,0,2,14,1,0,0,6,3,61,1,28,1,3,5,5,9,12,9,6,7,4,2,15,0
33,18,1,29,5,0,1,2,0,0,1,7,8,0,0,6,3,61,1,27,1,2,5,5,8,12,9,5,6,4,2,15,0
-93,18,1,43,5,0,0,2,0,0,1,4,11,0,0,6,3,61,1,27,1,2,6,4,7,11,8,4,6,3,1,17,0
76,18,1,37,4,0,0,2,0,0,1,2,13,0,0,6,3,61,1,27,1,2,6,4,6,11,7,3,6,3,2,16,0
-17,17,1,41,4,0,0,2,0,0,0,29,1,0,0,6,3,61,0,27,2,2,8,4,5,10,7,2,6,3,3,16,45
20,17,1,33,4,0,0,1,1,0,0,12,18,0,0,6,3,61,1,26,1,2,9,4,7,9,6,1,5,4,2,15,30
-22,17,1,33,3,0,0,1,1,0,0,2,28,0,0,6,3,61,1,26,1,2,9,3,6,9,5,1,4,3,2,15,30
52,17,1,31,3,0,0,1,1,0,0,59,1,0,0,6,3,61,1,25,0,2,9,2,5,8,5,1,3,2,2,15,15
-27,17,1,35,2,0,0,1,1,0,0,55,5,0,0,6,3,61,1,25,0,2,9,1,4,7,4,0,3,1,2,15,45
-46,16,0,35,1,0,0,1,1,0,0,24,36,0,0,6,3,61,0,25,2,6,16,3,5,10,4,0,3,2,2,15,45
91,16,2,24,0,0,0,2,1,0,0,17,43,0,0,6,3,61,0,24,1,5,15,2,4,10,4,0,3,2,1,13,15
-1,16,2,26,0,0,0,2,0,0,0,16,44,0,0,6,3,61,0,24,1,6,15,1,3,9,3,0,2,2,2,14,15
-9,16,5,24,1,0,0,2,0,0,0,9,6,0,0,6,3,61,1,22,5,9,18,2,5,13,3,0,1,2,1,13,15
45,16,5,22,2,0,0,1,0,0,0,3,12,0,0,6,3,61,2,21,4,9,17,2,5,13,2,0,1,1,2,13,0
7,14,5,19,4,0,0,2,0,0,0,5,10,0,0,6,3,61,3,17,5,8,17,3,8,15,4,3,1,1,1,12,30
-11,12,5,19,3,0,2,3,0,0,0,5,10,0,0,6,3,61,2,14,5,8,14,5,9,14,7,5,1,1,1,12,30
-73,12,6,27,3,0,2,2,0,0,0,14,1,0,0,6,3,61,1,14,5,8,14,6,9,14,7,4,0,1,2,14,45
38,11,6,15,2,0,2,4,0,0,0,4,11,0,0,6,3,61,2,12,3,8,12,5,9,13,7,5,0,0,2,12,0
-14,9,5,22,1,0,2,5,1,0,1,11,4,0,0,6,3,61,3,9,2,6,9,4,8,14,8,5,0,0,2,13,0
-31,9,6,21,0,0,2,5,1,0,1,8,7,0,0,6,3,61,3,9,3,7,9,4,8,13,7,4,0,0,2,12,45
-14,9,6,17,0,0,1,5,1,0,1,0,15,0,0,6,3,61,3,9,3,7,9,5,7,12,6,4,0,0,2,12,15
11,9,6,15,0,0,0,5,1,0,1,0,15,0,0,6,3,61,3,9,3,7,9,4,6,11,5,4,0,0,2,12,0
15,8,7,11,0,0,1,4,2,0,1,11,4,0,0,6,3,61,2,7,4,7,7,4,7,11,7,5,0,0,2,11,30
-23,7,7,13,1,0,1,4,2,0,0,6,9,0,0,6,3,61,2,6,4,6,6,4,6,11,7,5,0,0,2,11,45
2,7,7,13,1,0,1,3,2,0,0,1,14,0,0,6,3,61,2,6,4,6,6,3,6,10,6,5,0,0,2,11,45
0,5,5,17,2,0,1,3,2,0,0,36,9,0,0,6,3,61,2,4,4,4,4,3,5,12,7,7,0,0,2,12,15
9,3,3,7,3,0,0,3,2,0,0,25,20,0,0,6,3,61,1,3,3,3,3,3,6,12,8,7,0,0,2,11,0
16,3,3,7,4,0,0,3,1,0,0,15,30,0,0,6,3,61,2,2,2,2,2,3,5,11,7,6,0,0,2,11,0
43,2,2,9,6,0,0,2,1,0,0,6,39,0,0,6,3,61,2,0,0,0,0,2,5,10,8,7,0,0,2,11,15
59,0,0,3,6,0,0,2,0,0,0,1,14,0,0,6,3,61,0,0,0,0,0,3,5,9,9,8,0,0,2,10,0
-2,0,0,11,6,0,0,1,0,0,0,0,15,0,0,6,3,61,0,0,0,0,0,3,7,8,8,7,0,0,2,11,30
40,0,0,5,5,0,0,1,0,0,0,14,1,0,0,6,3,61,0,0,0,0,0,2,7,7,7,6,0,0,2,10,15
73,0,0,0,5,0,0,0,0,0,0,0,2,0,1,6,3,61,0,0,0,0,0,2,6,6,6,5,0,0,1,9,30
40,0,0,3,4,0,0,0,0,0,0,0,21,0,0,6,3,61,0,0,0,0,0,5,5,5,5,4,0,0,2,10,0
13,0,0,5,3,0,0,0,0,0,0,0,35,0,0,6,3,61,0,0,0,0,0,4,4,4,4,4,0,0,2,10,15
26,0,0,2,2,0,0,0,0,0,0,0,35,0,0,6,3,61,0,0,0,0,0,3,3,3,3,3,0,0,2,9,45
-46,0,0,9,1,0,0,0,0,0,0,0,37,0,0,6,3,61,0,0,0,0,0,2,2,2,2,2,0,0,2,11,15
42,0,0,0,0,0,0,0,0,0,0,0,46,0,1,6,3,61,0,0,0,0,0,1,1,1,1,1,0,0,1,9,30
58,18,1,40,2,0,0,0,1,0,0,2,13,1,0,5,3,60,0,37,3,6,10,4,4,9,4,2,9,1,2,17,30
38,18,2,38,2,0,0,0,0,0,0,13,2,0,0,5,3,60,0,37,3,6,10,3,3,8,3,2,8,1,1,17,15
79,18,2,35,4,0,0,0,0,0,0,0,15,0,0,5,3,60,3,34,1,4,8,2,4,9,2,1,8,1,2,16,45
-2,18,3,36,3,0,0,0,0,0,0,3,12,0,0,5,3,60,2,34,3,4,10,1,4,8,2,1,8,1,2,17,0
83,16,4,32,3,0,0,1,0,0,1,11,19,0,0,5,3,60,1,31,2,4,10,3,6,11,5,1,7,2,1,16,0
-6,16,4,34,2,0,0,1,0,0,1,5,25,0,0,5,3,60,1,30,2,5,10,2,5,10,4,1,7,1,1,16,30
-28,15,4,38,2,0,0,1,0,0,1,4,11,0,0,5,3,60,1,30,3,6,10,3,5,13,4,1,7,2,1,17,15
46,13,3,24,2,0,1,1,0,0,1,6,9,0,0,5,3,60,1,28,4,6,11,4,8,14,5,2,7,2,2,15,0
164,13,3,18,2,0,1,0,0,0,1,6,9,0,0,5,3,60,1,28,4,6,11,3,7,13,4,2,6,2,1,13,30
100,13,3,24,2,0,1,0,0,0,1,13,2,0,0,5,3,60,1,27,4,6,11,2,6,12,4,2,6,1,2,15,0
-105,11,1,36,2,0,1,0,0,0,1,1,14,0,0,5,3,60,0,26,4,6,11,2,6,11,5,2,5,2,2,17,0
14,10,1,26,4,0,1,0,0,0,1,9,6,0,0,5,3,60,1,23,2,5,11,4,10,11,6,3,5,4,2,15,15
12,10,2,30,5,0,1,0,0,0,0,12,3,0,0,5,3,60,1,22,2,5,11,5,9,11,6,2,5,4,2,15,45
26,10,2,22,4,0,1,0,0,0,0,9,6,0,0,5,3,60,1,22,2,5,11,5,8,11,5,2,5,4,2,14,45
16,10,2,21,3,0,1,0,0,0,0,8,7,0,0,5,3,60,1,22,2,5,11,4,7,11,4,2,5,4,2,14,30
-79,10,4,28,3,0,1,0,0,0,0,32,13,0,0,5,3,60,0,21,3,6,14,6,6,10,5,2,4,4,2,15,30
46,10,4,20,3,0,1,0,0,0,0,30,15,0,0,5,3,60,1,20,2,5,13,5,5,9,4,1,3,3,1,14,15
-47,10,4,26,2,0,1,0,0,0,0,26,19,0,0,5,3,60,1,20,3,6,14,4,5,8,3,1,3,2,2,15,15
-79,10,4,28,2,0,0,0,0,0,0,21,24,0,0,5,3,60,0,20,3,6,14,3,4,7,3,2,2,2,2,15,30
-1,10,4,22,1,0,0,0,0,0,0,19,26,0,0,5,3,60,0,20,4,7,14,2,3,6,2,2,2,1,2,14,45
-111,10,4,30,1,0,0,0,0,0,0,9,36,0,0,5,3,60,1,18,3,7,15,1,2,7,1,1,1,1,2,15,45
9,6,3,18,3,0,1,1,0,0,0,13,2,0,0,5,3,60,2,14,3,7,11,2,4,11,4,0,1,1,1,13,30
81,6,4,6,4,0,1,1,0,0,0,5,10,0,0,5,3,60,3,12,4,8,10,3,5,12,4,1,1,1,2,11,45
-195,6,4,32,4,0,1,1,0,0,0,10,5,0,0,5,3,60,3,11,5,7,11,2,5,13,4,2,0,1,1,16,0
17,5,3,17,3,0,1,1,0,0,0,8,7,0,0,5,3,60,2,11,5,7,11,1,4,12,4,1,0,0,2,13,15
66,2,2,8,7,0,2,0,0,0,0,1,14,0,0,5,3,60,3,6,2,3,6,3,8,12,7,1,0,0,2,12,0
26,2,2,6,8,0,1,0,0,0,0,10,5,0,0,5,3,60,2,5,1,3,5,6,7,13,8,2,0,0,2,11,45
28,2,2,5,8,0,1,0,0,0,0,4,11,0,0,5,3,60,2,4,1,2,4,5,7,13,8,2,0,0,2,11,30
-13,1,1,14,7,0,1,0,0,0,0,15,15,0,0,5,3,60,1,4,1,4,4,5,8,12,8,3,0,0,1,12,45
-25,1,1,12,6,0,1,0,0,0,0,14,16,0,0,5,3,60,1,4,1,4,4,4,7,11,7,2,0,0,2,12,30
-54,1,1,12,5,0,1,0,0,0,0,13,17,0,0,5,3,60,1,4,1,4,4,3,6,10,6,2,0,0,2,12,30
2,1,1,10,4,0,1,0,0,0,0,11,19,0,0,5,3,60,1,4,2,4,4,2,6,9,5,2,0,0,2,12,15
-32,0,0,10,4,0,1,0,0,0,0,2,13,0,0,5,3,60,1,3,3,3,3,4,5,9,5,3,0,0,2,12,15
21,0,0,4,3,0,1,0,0,0,1,8,7,0,0,5,3,60,2,2,2,2,2,4,6,8,4,3,0,0,1,11,0
-75,0,0,16,2,0,1,0,0,0,1,3,12,0,0,5,3,60,1,2,2,2,2,3,6,7,4,2,0,0,1,13,0
-128,0,0,14,2,0,0,2,0,0,1,25,5,0,0,5,3,60,2,0,0,0,0,2,5,6,4,1,0,0,1,12,45
-4,0,0,1,2,0,0,2,0,0,0,12,18,0,0,5,3,60,1,0,0,0,0,3,4,5,4,1,0,0,1,10,30
25,0,0,8,1,0,0,2,0,0,0,0,14,0,0,5,3,60,0,0,0,0,0,3,4,4,4,2,0,0,2,12,0
6,0,0,3,0,0,0,2,0,0,0,0,15,0,0,5,3,60,0,0,0,0,0,2,3,3,3,2,0,0,1,10,45
-11,0,0,0,0,0,0,1,0,0,0,0,24,0,1,5,3,60,0,0,0,0,0,1,2,2,2,1,0,0,2,10,0
-18,0,0,1,0,0,0,0,0,0,0,0,54,0,0,5,3,60,0,0,0,0,0,1,1,1,1,0,0,0,1,10,30
5,24,1,43,3,0,0,0,0,0,0,5,10,0,0,4,2,59,0,42,4,6,10,4,7,8,4,1,5,3,1,17,15
5,24,1,44,3,0,0,0,0,0,0,0,15,0,0,4,2,59,1,41,3,5,10,4,6,7,3,1,5,2,1,17,30
8,23,1,39,3,0,0,0,0,0,1,12,3,0,0,4,2,59,2,39,2,4,11,5,6,7,3,1,5,2,2,16,45
36,23,1,37,3,0,0,0,0,0,1,6,9,0,0,4,2,59,2,38,2,3,10,4,5,7,3,0,5,2,2,16,30
13,23,1,45,2,0,0,0,0,0,1,1,14,1,0,4,2,59,2,38,2,3,10,3,4,6,2,0,5,2,1,18,0
-31,23,1,41,3,0,0,0,0,0,0,21,9,0,0,4,2,59,1,37,1,4,10,2,3,7,3,1,4,2,1,17,0
-18,23,1,39,2,0,0,0,0,0,0,17,13,0,0,4,2,59,1,37,1,4,11,1,2,6,2,1,3,1,2,16,45
-20,23,3,41,2,0,0,0,0,0,0,0,15,0,0,4,2,59,1,36,3,7,12,1,2,9,2,0,3,0,1,17,0
-13,22,4,35,2,0,0,4,0,0,0,13,2,0,0,4,2,59,2,31,3,5,11,2,5,10,5,0,3,0,1,15,45
13,20,3,33,4,0,0,4,0,0,0,12,3,0,0,4,2,59,2,28,2,4,10,3,7,11,7,1,3,1,1,15,30
-11,19,3,33,4,0,0,3,0,0,0,11,4,0,0,4,2,59,1,28,2,5,12,3,7,13,7,2,3,1,1,15,30
-12,19,3,31,3,0,0,3,0,0,0,11,4,0,0,4,2,59,1,28,2,5,12,2,6,12,6,2,3,1,1,15,0
-24,18,3,37,2,0,1,3,0,0,1,39,6,0,0,4,2,59,2,26,3,5,11,4,6,12,6,2,3,1,2,16,30
-112,18,3,36,2,0,0,3,0,0,1,25,20,0,0,4,2,59,0,26,3,6,12,4,6,13,7,3,3,1,2,16,0
-42,18,4,29,3,0,0,3,0,0,0,24,21,0,0,4,2,59,1,25,3,5,11,3,5,12,6,3,2,1,1,14,45
-11,18,4,32,3,0,0,2,0,0,0,22,23,0,0,4,2,59,1,25,3,6,11,2,4,11,5,2,2,0,2,15,15
24,16,4,28,5,0,0,1,0,0,0,0,45,0,0,4,2,59,0,23,3,6,13,2,5,13,7,2,2,0,2,14,30
37,16,4,27,6,0,0,1,0,0,0,2,13,0,0,4,2,59,2,21,3,5,12,3,6,14,6,1,2,0,1,14,15
82,15,5,22,6,0,0,1,0,0,0,11,4,0,0,4,2,59,1,20,4,6,13,5,8,14,7,1,2,2,2,13,0
78,14,4,24,5,0,0,1,2,0,0,7,8,0,0,4,2,59,2,18,2,4,11,4,8,14,7,2,2,2,1,13,15
15,13,4,26,4,0,0,1,2,0,0,2,13,0,0,4,2,59,1,18,4,6,14,4,9,15,7,2,2,2,1,13,30
57,12,3,17,3,0,1,1,2,0,0,13,2,0,0,4,2,59,1,17,3,7,13,5,9,14,7,3,2,2,2,12,15
9,12,3,21,2,0,1,1,2,0,0,12,3,0,0,4,2,59,1,17,3,7,13,4,8,14,6,3,2,2,2,12,45
-68,12,5,29,3,0,1,1,2,0,0,9,6,0,0,4,2,59,2,15,2,6,11,6,9,13,6,2,1,2,1,14,45
5,10,3,19,4,0,1,1,1,0,0,2,13,0,0,4,2,59,1,14,2,7,10,5,8,12,7,4,1,1,1,12,30
33,10,3,22,3,0,1,1,1,0,0,14,1,0,0,4,2,59,1,14,4,7,10,5,7,12,6,3,0,1,2,13,0
-8,10,3,19,2,0,1,1,1,0,0,7,8,0,0,4,2,59,1,14,4,7,12,5,7,11,5,3,0,0,1,12,30
31,9,4,15,3,0,1,1,0,0,0,28,2,0,0,4,2,59,1,13,4,8,11,5,8,12,5,4,0,0,2,12,0
95,9,4,8,2,0,1,1,0,0,0,24,6,0,0,4,2,59,0,13,4,8,11,4,7,11,5,3,0,0,1,10,30
23,9,6,14,4,0,0,1,1,0,0,15,15,0,0,4,2,59,3,10,3,6,9,3,6,12,4,2,0,0,2,11,45
-19,9,6,15,3,0,0,1,1,0,0,10,20,0,0,4,2,59,3,10,3,6,9,2,6,11,3,1,0,0,2,12,0
-5,9,7,24,4,0,0,0,1,0,0,1,29,0,0,4,2,59,3,9,4,5,9,2,5,10,3,1,0,0,1,13,15
36,7,5,12,4,0,0,0,1,0,1,8,7,0,0,4,2,59,3,7,3,4,7,4,5,11,4,1,0,0,1,11,15
11,5,4,11,5,0,0,0,1,0,1,14,1,0,0,4,2,59,3,5,1,3,5,3,6,11,5,1,0,0,2,11,0
6,5,4,10,5,0,0,0,1,0,0,13,2,0,0,4,2,59,3,5,1,3,5,2,5,10,4,1,0,0,1,10,45
21,3,2,8,4,0,0,1,1,0,0,12,3,0,0,4,2,59,2,4,0,3,4,2,6,10,5,1,0,0,1,10,30
-54,2,2,17,3,0,0,1,1,0,0,0,15,0,0,4,2,59,1,4,3,4,4,5,7,10,5,1,0,0,2,12,15
22,2,2,7,4,0,0,1,1,0,0,6,9,0,0,4,2,59,2,2,2,2,2,4,6,9,5,2,0,0,2,10,15
-77,2,2,12,3,0,0,1,1,0,0,5,10,0,0,4,2,59,2,2,2,2,2,3,5,8,4,2,0,0,1,11,15
31,1,1,5,2,0,0,1,1,0,0,5,10,0,0,4,2,59,1,2,2,2,2,3,6,7,4,1,0,0,1,10,0
5,1,1,4,1,0,0,1,1,0,0,2,13,0,0,4,2,59,1,2,2,2,2,3,5,6,3,1,0,0,2,9,45
100,0,0,2,3,0,0,1,0,0,0,10,5,0,0,4,2,59,0,0,0,0,0,4,4,5,5,3,0,0,1,9,30
-5,0,0,1,2,0,0,1,0,0,0,4,11,0,0,4,2,59,0,0,0,0,0,3,4,4,4,3,0,0,2,9,15
26,0,0,0,1,0,0,1,0,0,0,0,13,0,1,4,2,59,0,0,0,0,0,2,3,3,3,2,0,0,1,9,0
21,0,0,5,1,0,0,0,0,0,0,0,19,0,0,4,2,59,0,0,0,0,0,1,2,2,2,1,0,0,1,10,0
-3,0,0,2,0,0,0,0,0,0,0,0,54,0,0,4,2,59,0,0,0,0,0,1,1,1,1,0,0,0,1,9,30
73,36,6,40,3,0,1,1,0,0,0,6,9,0,0,3,2,58,1,43,3,8,13,2,6,10,5,1,7,3,2,16,15
10,33,5,43,5,0,1,1,0,0,0,0,15,0,0,3,2,58,1,40,3,8,10,5,7,12,7,4,6,4,1,16,45
-11,33,5,48,5,0,1,0,0,0,0,3,12,1,0,3,2,58,0,40,6,8,11,4,7,11,7,3,6,3,1,17,30
-9,32,4,46,5,0,1,1,0,0,0,9,6,0,0,3,2,58,1,38,5,6,10,3,7,11,7,2,5,3,1,17,15
84,32,4,41,4,0,1,2,0,0,0,4,11,0,0,3,2,58,2,37,4,6,9,2,6,10,6,2,5,2,2,16,30
3,32,4,46,3,0,1,2,0,0,0,3,12,0,0,3,2,58,2,37,4,6,9,1,5,9,5,2,5,2,1,17,15
41,28,3,36,5,0,1,3,0,0,0,2,13,0,0,3,2,58,1,33,2,3,7,4,6,12,9,5,4,2,2,15,45
3,28,3,38,5,0,0,4,0,0,0,1,14,0,0,3,2,58,2,32,1,2,7,3,6,11,8,5,3,2,1,16,0
18,28,3,43,4,0,0,4,0,0,0,14,1,0,0,3,2,58,2,32,1,3,7,2,5,10,7,5,3,1,1,16,45
82,28,3,34,3,0,0,4,0,0,0,12,3,0,0,3,2,58,1,32,2,4,9,2,5,10,7,5,3,2,2,15,30
-30,27,4,41,3,0,0,5,0,0,0,3,12,0,0,3,2,58,2,30,1,3,10,3,7,12,7,4,3,2,2,16,30
8,25,2,38,3,0,0,4,0,0,0,3,12,0,0,3,2,58,0,30,2,3,11,3,7,13,8,3,3,2,1,16,0
30,25,2,36,3,0,0,3,0,0,0,1,14,0,0,3,2,58,0,30,2,5,11,3,6,12,7,2,2,2,2,15,45
-2,25,4,34,4,0,1,2,0,0,0,14,1,0,0,3,2,58,2,28,1,5,12,5,5,13,6,2,1,1,2,15,30
-26,24,4,45,3,0,1,2,0,0,0,1,14,0,0,3,2,58,0,28,3,6,13,4,5,12,7,2,1,1,2,17,0
-16,24,6,30,3,0,1,2,0,0,0,35,10,0,0,3,2,58,1,27,2,7,14,3,7,11,6,2,1,1,1,14,45
4,23,5,28,3,0,0,2,0,0,0,33,12,0,0,3,2,58,0,27,2,7,14,2,6,10,6,2,1,1,1,14,15
33,23,5,30,3,0,0,1,0,0,0,32,13,0,0,3,2,58,0,27,3,7,14,1,5,9,5,1,1,1,1,14,45
23,21,7,29,6,0,0,0,1,0,0,14,1,0,0,3,2,58,2,23,3,7,12,5,8,11,6,2,0,1,2,14,30
34,20,7,27,6,0,0,0,1,0,0,13,2,0,0,3,2,58,2,22,3,7,12,5,7,13,6,2,0,0,1,13,30
36,20,7,33,5,0,0,0,1,0,0,12,3,0,0,3,2,58,2,22,4,7,12,4,6,12,5,2,0,0,2,15,15
1,20,8,32,4,0,0,0,1,0,0,11,4,0,0,3,2,58,2,22,4,7,13,3,5,11,4,1,0,0,1,15,0
21,18,6,26,3,0,0,1,2,0,0,14,1,0,0,3,2,58,2,20,4,7,12,4,4,11,5,2,0,0,1,13,15
40,17,7,25,3,0,0,1,2,0,0,9,6,0,0,3,2,58,2,19,3,8,11,3,3,10,5,2,0,0,1,13,0
36,14,6,23,3,0,0,2,2,0,1,1,14,0,0,3,2,58,2,16,3,5,10,2,4,12,7,4,0,0,1,12,45
69,14,6,17,3,0,0,2,1,0,1,0,15,0,0,3,2,58,2,16,3,5,10,1,3,11,6,4,0,0,2,12,0
14,10,4,21,5,0,0,4,1,0,1,9,6,0,0,3,2,58,2,11,1,3,8,5,7,15,10,6,0,0,2,12,30
14,8,2,23,5,0,0,3,1,0,1,2,13,0,0,3,2,58,0,11,3,5,11,6,9,15,11,6,0,0,1,12,45
35,8,3,17,5,0,0,3,0,0,1,14,1,0,0,3,2,58,0,11,3,6,11,5,8,14,10,6,0,0,2,12,0
-3,8,3,19,6,0,0,3,0,0,0,12,3,0,0,3,2,58,1,10,2,5,10,4,7,13,9,5,0,0,2,12,15
26,8,3,16,5,0,0,3,0,0,0,11,4,0,0,3,2,58,1,10,2,5,10,3,6,12,8,5,0,0,2,11,45
4,8,4,21,4,0,0,3,0,0,0,5,10,0,0,3,2,58,1,10,2,5,10,2,7,11,7,4,0,0,2,12,30
72,7,3,13,5,0,0,2,0,0,0,10,5,0,0,3,2,58,1,9,3,5,9,2,9,12,7,4,0,0,2,11,15
54,6,4,19,5,0,0,2,0,0,0,4,11,0,0,3,2,58,0,8,3,5,8,5,9,14,8,5,0,0,2,12,15
59,6,5,11,7,0,0,1,0,0,0,6,9,0,0,3,2,58,2,6,3,6,6,7,8,14,7,5,0,0,1,11,0
4,6,5,14,6,0,0,1,0,0,0,6,9,0,0,3,2,58,2,6,3,6,6,6,7,13,6,4,0,0,1,11,30
-1,5,5,11,5,0,0,1,1,0,0,9,6,0,0,3,2,58,1,5,2,5,5,5,6,13,7,3,0,0,1,11,0
28,5,5,14,5,0,0,0,1,0,0,8,7,0,0,3,2,58,1,5,2,5,5,5,5,12,6,2,0,0,1,11,30
70,4,4,7,5,0,0,0,1,0,0,1,14,0,0,3,2,58,1,4,2,4,4,4,5,11,6,3,0,0,2,10,30
30,4,4,9,4,0,0,0,1,0,0,13,2,0,0,3,2,58,1,4,2,4,4,3,4,10,5,3,0,0,2,10,45
28,4,4,7,3,0,0,0,1,0,0,12,3,0,0,3,2,58,1,4,3,4,4,2,4,9,4,2,0,0,2,10,30
20,3,3,5,3,0,0,1,0,0,0,9,6,0,0,3,2,58,1,3,3,3,3,1,6,8,4,2,0,0,1,10,0
-1,0,0,1,4,0,0,1,1,0,0,20,10,0,0,3,2,58,0,0,0,0,0,5,7,7,7,4,0,0,2,9,30
17,0,0,6,3,0,0,1,1,0,0,13,17,0,0,3,2,58,0,0,0,0,0,4,6,6,6,3,0,0,2,10,15
-10,0,0,9,2,0,0,1,1,0,0,10,20,0,0,3,2,58,0,0,0,0,0,4,5,5,5,3,0,0,2,10,45
10,0,0,3,1,0,0,1,1,0,0,6,24,0,0,3,2,58,0,0,0,0,0,3,4,4,4,3,0,0,1,9,45
27,0,0,0,1,0,0,1,0,0,0,0,6,0,1,3,2,58,0,0,0,0,0,3,3,3,3,2,0,0,2,9,0
7,0,0,3,1,0,0,0,0,0,0,0,17,0,0,3,2,58,0,0,0,0,0,2,2,2,2,1,0,0,1,9,45
12,0,0,1,0,0,0,0,0,0,0,0,27,0,0,3,2,58,0,0,0,0,0,1,1,1,1,1,0,0,2,9,30
54,30,2,45,4,0,0,0,0,0,0,0,15,0,0,2,2,57,1,43,2,6,11,2,7,11,4,2,5,0,1,17,0
-35,30,3,47,5,0,0,0,0,0,0,4,11,1,0,2,2,57,1,41,3,5,11,5,8,11,5,4,5,1,1,17,30
37,30,4,43,4,0,0,0,0,0,0,14,1,0,0,2,2,57,0,41,4,6,13,5,7,11,5,4,5,1,2,16,45
9,29,3,39,4,0,0,0,0,0,0,8,7,0,0,2,2,57,0,40,3,5,12,5,7,11,5,5,5,1,2,16,0
32,29,3,40,3,0,0,0,0,0,0,6,9,0,0,2,2,57,0,40,3,5,12,4,6,10,4,4,5,1,1,16,15
-13,29,4,42,2,0,1,0,0,0,0,13,2,0,0,2,2,57,1,39,3,5,12,3,6,10,3,3,5,1,2,16,30
-33,28,4,45,1,0,1,0,1,0,0,3,12,0,0,2,2,57,1,38,2,6,12,3,5,10,3,2,5,1,1,17,0
21,28,4,36,1,0,0,1,1,0,0,9,6,0,0,2,2,57,1,37,2,5,11,3,5,10,3,2,4,1,1,15,30
-2,27,4,43,1,0,0,1,1,0,0,5,10,0,0,2,2,57,1,36,4,6,12,3,4,9,3,3,4,0,2,16,45
-31,26,3,40,2,0,0,1,0,0,0,10,5,0,0,2,2,57,1,35,3,7,11,3,4,9,3,3,4,0,1,16,15
9,25,2,34,2,0,0,0,0,0,0,1,14,0,0,2,2,57,0,35,4,7,13,2,5,8,3,2,4,0,2,15,15
5,24,3,32,4,0,0,0,0,0,0,14,1,0,0,2,2,57,2,32,4,6,10,2,5,7,3,1,4,0,2,15,0
18,23,3,32,4,0,1,1,0,0,0,2,13,0,0,2,2,57,2,29,3,5,12,4,6,9,5,3,4,0,2,15,0
24,23,3,30,3,0,1,2,0,0,0,38,7,0,0,2,2,57,2,28,2,4,13,4,5,10,5,2,4,0,1,14,30
19,23,4,29,2,0,1,2,0,0,0,34,11,0,0,2,2,57,2,28,2,5,13,3,4,11,4,2,4,0,1,14,15
-16,22,4,31,2,0,1,3,0,0,0,18,27,0,0,2,2,57,2,26,2,4,12,2,3,11,5,3,4,0,2,14,45
-60,21,4,34,2,0,1,2,0,0,0,13,32,0,0,2,2,57,1,26,2,5,12,2,2,10,5,2,4,0,2,15,15
-66,20,6,36,2,0,2,2,0,0,0,3,12,0,0,2,2,57,2,24,2,7,14,1,4,12,5,3,4,1,1,15,30
7,16,4,25,7,0,2,2,0,0,1,12,3,0,0,2,2,57,3,17,2,6,12,7,11,16,10,5,4,3,1,13,0
1,14,2,23,6,0,2,2,0,0,1,4,11,0,0,2,2,57,1,17,3,7,13,7,10,17,11,5,3,3,2,12,45
75,14,2,20,6,0,2,1,0,0,1,4,11,0,0,2,2,57,1,17,3,7,13,6,9,16,10,4,3,2,2,12,30
-16,14,3,28,5,0,2,1,0,0,1,14,1,0,0,2,2,57,1,17,3,7,13,5,8,15,9,4,3,2,1,13,30
33,14,4,25,4,0,2,2,0,0,1,11,4,0,0,2,2,57,2,16,2,6,13,5,7,14,8,4,3,2,1,13,0
37,14,4,27,5,0,2,1,0,0,1,5,10,0,0,2,2,57,3,15,3,6,12,5,6,15,7,3,2,2,1,13,15
-7,14,5,23,5,0,2,1,0,0,0,5,10,0,0,2,2,57,3,15,3,6,12,4,5,14,6,2,2,1,2,12,45
30,13,4,16,4,0,2,1,0,0,0,11,4,0,0,2,2,57,2,15,4,7,12,4,4,13,6,2,2,1,2,12,0
31,12,4,20,4,0,2,1,0,0,0,12,3,0,0,2,2,57,1,14,4,8,13,3,4,12,7,3,1,2,2,12,30
6,12,6,18,5,0,2,1,0,0,0,6,9,0,0,2,2,57,3,12,3,6,11,2,5,11,6,3,1,1,3,12,15
23,12,7,16,5,0,1,2,0,0,0,28,2,0,0,2,2,57,3,11,3,6,10,1,6,11,6,3,1,1,2,12,0
-105,8,5,38,9,0,0,2,0,0,0,4,11,0,0,2,2,57,2,7,3,5,7,7,9,14,10,7,0,1,1,15,45
35,7,5,8,9,0,0,2,0,0,0,10,5,0,0,2,2,57,1,6,3,5,6,6,8,13,11,9,0,0,2,10,30
13,6,4,14,9,0,0,1,0,0,0,7,8,0,0,2,2,57,0,6,3,5,6,6,7,12,11,8,0,0,2,11,45
27,6,5,10,9,0,0,0,0,0,0,5,10,0,0,2,2,57,0,6,3,5,6,6,6,11,10,7,0,0,1,10,45
55,6,5,12,9,0,0,0,0,0,0,1,14,0,0,2,2,57,1,5,2,4,5,5,6,10,9,6,0,0,1,11,0
-3,5,4,14,8,0,0,0,0,0,0,9,6,0,0,2,2,57,0,5,2,5,5,4,6,11,9,6,0,0,2,11,45
31,5,4,10,8,0,0,0,0,0,0,5,10,0,0,2,2,57,1,4,2,4,4,3,5,12,8,6,0,0,1,10,45
-53,5,5,18,8,0,0,0,0,0,0,7,8,0,0,2,2,57,2,3,2,3,3,2,6,12,7,5,0,0,3,12,15
-56,4,4,20,7,0,0,0,0,0,0,5,10,0,0,2,2,57,1,3,2,3,3,1,5,11,7,5,0,0,2,12,30
24,1,1,8,8,0,0,0,0,0,0,3,12,0,0,2,2,57,0,1,1,1,1,4,5,10,9,7,0,0,2,10,30
-42,1,1,13,7,0,0,0,0,0,0,12,3,0,0,2,2,57,0,1,1,1,1,4,5,9,8,6,0,0,2,11,30
55,1,1,4,7,0,0,0,0,0,0,4,11,0,0,2,2,57,1,0,0,0,0,3,7,8,7,5,0,0,1,9,45
14,0,0,7,6,0,0,0,0,0,0,7,8,0,0,2,2,57,0,0,0,0,0,2,7,7,7,5,0,0,2,10,15
37,0,0,6,5,0,0,0,0,0,0,0,15,0,0,2,2,57,0,0,0,0,0,1,6,6,6,4,0,0,1,10,0
28,0,0,2,4,0,0,0,0,0,0,0,32,0,0,2,2,57,0,0,0,0,0,5,5,5,5,4,0,0,2,9,30
21,0,0,4,3,0,0,0,0,0,0,0,35,0,0,2,2,57,0,0,0,0,0,4,4,4,4,3,0,0,1,9,45
19,0,0,0,2,0,0,0,0,0,0,0,38,0,1,2,2,57,0,0,0,0,0,3,3,3,3,2,0,0,1,9,0
13,0,0,2,1,0,0,0,0,0,0,0,39,0,0,2,2,57,0,0,0,0,0,2,2,2,2,1,0,0,2,9,30
21,0,0,1,0,0,0,0,0,0,0,0,46,0,0,2,2,57,0,0,0,0,0,1,1,1,1,0,0,0,2,9,15
10,35,2,41,0,0,0,1,0,0,0,10,5,1,0,6,2,54,0,40,0,4,9,2,2,7,2,0,3,2,1,17,30
65,35,3,40,0,0,0,0,0,0,0,3,12,0,0,6,2,54,0,40,1,5,9,1,1,7,1,0,2,1,1,17,15
5,32,5,37,1,0,1,2,0,0,0,18,12,0,0,6,2,54,2,35,2,4,9,2,7,9,3,1,2,1,1,16,30
2,29,3,37,1,0,1,1,0,0,1,1,29,0,0,6,2,54,0,34,3,5,11,2,7,11,5,3,2,1,1,16,30
25,29,4,34,0,0,2,1,0,0,1,14,1,0,0,6,2,54,0,33,3,4,11,6,7,11,5,4,2,1,1,15,45
3,28,3,36,0,0,2,2,0,0,1,14,1,0,0,6,2,54,1,31,2,3,11,5,6,11,5,3,2,1,2,16,0
18,28,3,34,0,0,2,2,0,0,0,10,5,0,0,6,2,54,1,31,2,4,11,4,5,10,4,2,2,1,1,15,45
70,28,4,32,0,0,2,1,0,0,0,6,9,0,0,6,2,54,1,31,2,5,11,4,4,9,3,1,2,1,1,15,15
4,27,3,33,0,0,1,1,0,0,0,3,12,0,0,6,2,54,0,31,2,5,12,3,3,8,3,2,1,1,2,15,30
-61,27,3,39,0,0,0,1,0,0,0,2,13,0,0,6,2,54,0,31,2,5,12,2,2,7,2,2,1,0,1,16,45
42,26,5,28,0,0,0,1,1,0,0,10,5,0,0,6,2,54,1,29,2,6,10,1,4,8,2,2,1,0,2,14,30
3,24,7,29,3,0,0,1,0,0,0,1,14,0,0,6,2,54,2,26,4,7,10,4,5,11,3,2,1,0,1,14,45
21,23,7,31,4,0,0,1,0,0,0,40,5,0,0,6,2,54,2,24,3,5,8,3,4,10,4,1,1,0,1,15,0
-32,23,7,29,3,0,0,1,0,0,0,32,13,0,0,6,2,54,2,24,4,5,10,2,3,9,3,0,1,0,1,14,45
8,20,4,27,3,0,0,1,0,0,0,20,25,0,0,6,2,54,0,23,3,7,9,2,4,10,5,1,1,1,1,14,15
43,18,4,26,4,0,1,1,0,0,0,1,44,0,0,6,2,54,1,20,1,4,10,1,7,9,6,2,1,1,1,13,30
57,16,3,23,4,0,1,1,0,0,0,8,2,0,0,6,2,54,0,19,3,5,13,6,7,9,7,3,1,1,1,13,0
71,16,3,22,3,0,1,1,0,0,0,6,4,0,0,6,2,54,0,19,3,5,14,5,6,8,6,3,0,1,2,12,50
32,16,5,25,4,0,1,2,0,0,0,3,2,0,0,6,2,54,3,16,0,2,11,4,6,9,5,2,0,0,1,13,15
54,16,5,23,3,0,1,2,0,0,0,0,5,0,0,6,2,54,3,16,0,4,11,3,5,9,4,1,0,0,1,13,0
67,14,5,19,2,0,1,2,0,0,0,4,11,0,0,6,2,54,1,16,2,6,11,2,4,9,5,1,0,0,1,12,30
39,14,5,21,2,0,0,2,0,0,0,3,12,0,0,6,2,54,1,16,2,6,12,1,3,8,4,1,0,0,1,12,45
72,13,7,16,4,0,0,1,0,0,0,2,13,0,0,6,2,54,2,14,4,8,11,2,2,9,4,2,0,0,1,12,0
24,13,8,18,3,0,0,1,0,0,0,11,4,0,0,6,2,54,2,14,5,9,11,1,2,9,3,1,0,0,2,12,15
34,5,3,11,6,0,1,4,0,0,0,1,14,0,0,6,2,54,1,6,2,3,6,5,7,14,11,6,0,0,2,11,15
6,5,3,19,5,0,1,5,0,0,0,26,4,0,0,6,2,54,2,5,2,2,5,5,7,13,10,6,0,0,1,12,30
12,5,3,13,4,0,1,5,0,0,0,23,7,0,0,6,2,54,2,5,2,2,5,4,6,12,9,6,0,0,1,11,30
14,4,2,16,4,0,1,4,0,0,0,16,14,0,0,6,2,54,0,5,2,2,5,4,8,13,10,8,0,0,1,12,0
16,4,2,11,4,0,1,3,0,0,0,11,19,0,0,6,2,54,0,5,2,4,5,3,8,13,9,7,0,0,2,11,15
85,4,3,8,4,0,1,3,0,0,0,14,1,0,0,6,2,54,1,4,1,4,4,2,8,12,8,6,0,0,2,10,30
-2,3,2,13,5,0,1,2,0,0,0,4,11,0,0,6,2,54,1,3,0,3,3,4,7,12,8,6,0,0,1,11,30
40,2,2,9,5,0,1,1,0,0,0,14,1,0,0,6,2,54,0,3,3,3,3,6,7,11,8,5,0,0,2,11,0
47,2,2,6,4,0,1,1,0,0,0,7,8,0,0,6,2,54,0,3,3,3,3,5,6,10,7,4,0,0,1,10,15
97,2,2,2,3,0,1,1,0,0,0,4,11,0,0,6,2,54,0,3,3,3,3,4,7,9,6,3,0,0,1,9,30
15,2,2,9,2,0,1,1,0,0,0,2,13,0,0,6,2,54,0,3,3,3,3,3,6,8,5,2,0,0,2,11,0
24,2,2,4,1,0,1,1,0,0,0,0,15,0,0,6,2,54,0,3,3,3,3,2,5,7,4,2,0,0,1,9,45
25,2,2,5,0,0,3,2,0,0,0,3,12,0,0,6,2,54,3,0,0,0,0,2,5,6,3,2,0,0,2,10,0
31,1,1,6,0,0,3,1,0,0,0,12,3,0,0,6,2,54,1,0,0,0,0,4,5,5,4,2,0,0,1,10,15
7,0,0,0,0,0,2,1,0,0,0,0,10,0,1,6,2,54,0,0,0,0,0,4,4,4,4,1,0,0,1,9,0
-57,0,0,15,0,0,1,1,0,0,0,0,10,0,0,6,2,54,0,0,0,0,0,3,3,3,3,1,0,0,2,11,45
14,0,0,1,0,0,0,1,0,0,0,0,16,0,0,6,2,54,0,0,0,0,0,2,2,2,2,0,0,0,2,9,15
-13,0,0,2,0,0,0,0,0,0,0,0,38,0,0,6,2,54,0,0,0,0,0,1,1,1,1,0,0,0,1,9,30
-22,34,1,49,2,0,0,0,0,0,0,17,13,1,0,5,2,53,0,47,2,7,11,2,3,11,3,1,4,3,1,17,45
34,33,1,46,1,0,0,2,0,0,0,2,28,0,0,5,2,53,1,45,3,6,11,1,3,11,3,2,3,3,1,17,0
24,33,6,44,3,0,0,2,0,0,0,26,4,0,0,5,2,53,2,42,4,6,11,2,7,11,4,2,2,2,2,16,45
-25,32,5,46,4,0,0,2,0,0,0,10,20,0,0,5,2,53,1,40,3,6,10,3,8,12,6,2,1,1,1,17,0
-5,30,4,42,6,0,0,1,0,0,0,3,12,0,0,5,2,53,1,38,2,5,10,7,8,11,7,2,1,0,2,16,30
-42,29,4,48,7,0,0,0,0,0,0,10,5,0,0,5,2,53,1,37,3,4,10,6,8,10,7,2,1,0,1,17,30
55,28,3,42,7,0,0,0,0,0,0,5,10,0,0,5,2,53,1,36,2,4,9,6,7,10,7,1,1,0,2,16,30
10,28,3,41,6,0,0,0,0,0,0,3,12,0,0,5,2,53,1,36,2,4,10,5,6,9,6,1,1,0,2,16,0
-20,28,3,44,5,0,0,0,0,0,0,1,14,0,0,5,2,53,1,36,3,4,10,4,5,8,5,1,1,0,2,16,45
24,27,3,36,4,0,0,0,0,0,0,6,9,0,0,5,2,53,0,36,3,5,11,3,4,7,5,1,1,0,1,15,15
5,27,3,39,3,0,0,0,0,0,0,6,9,0,0,5,2,53,0,36,3,5,11,2,3,7,4,1,1,0,1,15,45
16,27,4,39,4,0,0,0,0,0,0,7,8,0,0,5,2,53,2,34,2,5,10,2,4,6,3,1,1,0,1,15,45
15,25,5,38,4,0,0,0,0,0,0,13,2,0,0,5,2,53,0,33,3,5,12,2,3,9,5,3,1,0,2,15,30
14,23,6,36,5,0,1,0,0,0,0,44,1,0,0,5,2,53,1,30,2,5,11,2,4,11,6,3,1,0,1,15,15
18,23,6,34,4,0,1,0,0,0,0,42,3,0,0,5,2,53,1,30,2,5,11,1,3,10,5,3,1,0,1,14,45
-4,20,6,35,5,0,1,1,0,0,0,7,38,0,0,5,2,53,1,27,3,6,14,2,6,13,7,4,1,0,2,15,0
81,18,5,28,5,0,1,1,0,0,1,6,9,0,0,5,2,53,1,25,2,6,13,5,8,14,8,4,1,0,1,13,0
4,16,6,32,3,0,1,1,0,0,2,0,15,0,0,5,2,53,0,24,4,8,14,5,9,14,9,4,1,0,1,14,15
13,16,6,33,3,0,1,1,0,0,2,0,15,0,0,5,2,53,0,24,4,8,14,5,9,14,9,4,1,0,1,14,30
30,16,6,31,3,0,0,1,0,0,2,14,1,0,0,5,2,53,0,24,4,9,14,3,7,12,7,3,1,0,1,13,30
26,16,7,28,3,0,0,1,0,0,2,9,6,0,0,5,2,53,1,23,3,8,14,3,7,12,6,3,1,1,1,13,0
29,14,6,26,3,0,1,2,0,0,1,6,9,0,0,5,2,53,1,21,3,8,13,4,7,15,7,5,1,1,2,12,45
61,13,5,19,4,0,1,2,0,0,0,12,3,0,0,5,2,53,1,20,5,7,13,4,7,14,7,5,1,1,2,12,0
88,13,5,24,4,0,1,2,0,0,0,6,9,0,0,5,2,53,2,19,4,7,13,4,7,13,6,4,1,1,2,12,30
22,11,5,24,3,0,2,2,0,0,0,6,9,0,0,5,2,53,1,18,5,7,13,4,7,13,7,3,1,1,2,12,30
91,10,5,22,2,0,4,2,0,0,0,0,15,0,0,5,2,53,2,16,3,6,12,4,6,14,7,3,1,1,2,12,15
35,9,4,19,3,0,3,2,0,0,0,11,4,0,0,5,2,53,2,15,2,6,11,3,6,13,7,2,0,1,2,12,0
17,9,4,30,3,0,3,2,0,0,0,13,2,0,0,5,2,53,2,14,2,6,11,4,9,13,7,3,0,0,1,13,15
61,8,4,12,4,0,2,2,0,0,0,5,10,0,0,5,2,53,2,13,2,5,11,3,8,12,7,3,0,0,2,11,0
1,8,5,26,5,0,2,1,0,0,0,9,6,0,0,5,2,53,2,12,3,6,11,4,7,13,7,2,0,0,2,12,45
-13,7,5,19,4,0,2,1,0,0,0,0,15,0,0,5,2,53,1,12,4,7,11,6,7,12,7,2,0,0,2,12,0
0,5,3,22,4,0,3,1,0,0,0,14,1,0,0,5,2,53,1,10,3,6,9,5,8,14,8,1,0,0,2,12,15
29,5,3,16,5,0,2,1,0,0,0,9,6,0,0,5,2,53,1,9,3,5,8,4,7,13,8,2,0,0,1,11,30
23,5,3,18,4,0,2,1,0,0,0,6,9,0,0,5,2,53,1,9,3,5,9,3,7,13,7,2,0,0,3,11,45
26,5,3,14,4,0,1,1,0,0,0,5,10,0,0,5,2,53,1,9,4,5,9,2,6,12,6,2,0,0,2,11,15
-3,5,3,16,3,0,1,1,0,0,0,4,11,0,0,5,2,53,1,9,4,5,9,1,5,11,5,2,0,0,1,11,30
-18,2,2,14,6,0,1,1,0,0,0,3,12,0,0,5,2,53,1,5,1,4,5,4,6,13,8,5,0,0,2,11,15
20,2,2,12,6,0,2,0,0,0,0,1,14,0,0,5,2,53,1,4,2,3,4,3,8,12,8,4,0,0,2,11,0
0,2,2,8,5,0,2,0,0,0,0,1,14,0,0,5,2,53,1,4,2,3,4,2,7,11,7,3,0,0,2,10,30
37,2,2,8,4,0,2,0,0,0,0,8,7,0,0,5,2,53,1,4,3,3,4,3,7,11,6,3,0,0,2,10,30
49,0,0,2,4,0,2,1,0,0,0,13,2,0,0,5,2,53,0,2,1,2,2,5,7,10,8,3,0,0,2,9,30
-22,0,0,10,3,0,2,1,0,0,0,12,3,0,0,5,2,53,0,2,1,2,2,4,7,9,7,2,0,0,2,10,45
-8,0,0,7,4,0,1,1,0,0,0,11,4,0,0,5,2,53,0,1,1,1,1,5,7,8,7,1,0,0,2,10,15
3,0,0,4,4,0,0,1,0,0,0,8,7,0,0,5,2,53,0,1,1,1,1,4,6,7,6,1,0,0,1,9,45
16,0,0,10,3,0,0,1,0,0,0,7,8,0,0,5,2,53,0,1,1,1,1,3,5,6,5,1,0,0,2,10,45
-39,0,0,6,2,0,0,1,0,0,0,0,7,0,0,5,2,53,0,1,1,1,1,3,5,5,4,1,0,0,1,10,0
13,0,0,1,2,0,0,1,0,0,0,0,11,0,0,5,2,53,1,0,0,0,0,3,4,4,3,1,0,0,2,9,15
69,0,0,2,1,0,0,1,0,0,0,0,33,0,0,5,2,53,0,0,0,0,0,2,3,3,3,2,0,0,2,9,30
-20,0,0,0,0,0,0,1,0,0,0,0,38,0,1,5,2,53,0,0,0,0,0,2,2,2,2,1,0,0,1,9,0
-9,0,0,4,0,0,0,0,0,0,0,0,63,0,0,5,2,53,0,0,0,0,0,1,1,1,1,0,0,0,1,9,45
4,27,7,48,0,0,2,1,0,0,0,5,10,1,0,4,2,52,0,46,5,10,15,3,3,9,4,0,7,0,1,17,30
17,26,8,48,2,0,1,1,0,0,0,4,11,1,0,4,2,52,1,44,5,10,13,2,2,11,4,1,7,0,1,17,30
51,25,8,42,3,0,0,1,0,0,0,14,1,0,0,4,2,52,1,43,4,9,12,1,1,12,4,1,7,0,1,16,30
10,17,2,45,9,0,1,1,0,0,1,8,7,0,0,4,2,52,0,34,3,4,5,6,12,15,13,4,7,4,1,17,0
16,17,3,44,8,0,1,1,0,0,1,14,1,0,0,4,2,52,0,34,3,4,6,6,12,15,12,3,7,4,2,16,45
79,17,3,33,8,0,0,1,0,0,1,12,3,0,0,4,2,52,0,34,3,4,6,6,11,14,11,3,7,4,1,15,0
-19,17,3,45,7,0,0,1,0,0,1,12,3,0,0,4,2,52,0,34,3,4,6,5,10,13,10,3,7,4,1,17,0
22,17,3,40,6,0,0,1,0,0,1,10,5,0,0,4,2,52,0,34,3,4,6,4,10,12,9,2,6,4,2,16,0
26,17,3,42,5,0,0,1,0,0,1,14,1,0,0,4,2,52,0,34,3,4,6,6,10,11,8,2,6,3,1,16,30
120,16,2,36,7,0,1,0,0,0,1,5,10,0,0,4,2,52,2,31,1,1,5,6,9,11,8,3,5,3,2,15,30
44,16,2,38,6,0,1,0,0,0,1,13,2,0,0,4,2,52,2,31,1,1,7,6,8,10,7,3,5,2,2,15,45
32,16,2,40,5,0,1,0,0,0,1,9,6,0,0,4,2,52,2,31,1,1,7,6,7,9,6,2,4,2,2,16,0
64,15,1,38,5,0,1,0,0,0,0,2,13,0,0,4,2,52,1,31,1,2,7,6,6,8,6,2,4,1,2,15,45
-79,15,1,47,4,0,1,0,0,0,0,14,1,0,0,4,2,52,1,31,1,2,7,5,5,7,5,2,3,1,2,17,15
36,15,2,31,4,0,0,0,1,0,0,11,4,0,0,4,2,52,2,30,0,1,6,4,4,7,4,2,3,0,2,14,45
22,14,1,31,3,0,0,0,1,0,0,3,12,0,0,4,2,52,0,30,0,1,7,3,4,6,5,3,3,0,2,14,45
48,14,1,35,2,0,0,0,1,0,0,12,3,0,0,4,2,52,0,30,0,2,8,2,3,5,4,3,3,0,2,15,15
42,14,1,36,1,0,0,0,1,0,0,6,9,0,0,4,2,52,0,30,1,2,8,1,2,4,3,2,3,0,2,15,30
35,13,4,29,2,0,0,0,0,0,0,18,27,0,0,4,2,52,0,29,3,6,10,2,3,6,3,2,3,0,1,14,15
28,13,5,28,2,0,0,0,0,0,0,13,2,0,0,4,2,52,0,28,4,7,14,1,2,9,3,1,3,0,1,13,30
-5,10,4,33,4,0,0,1,0,0,0,12,3,0,0,4,2,52,1,24,3,4,12,2,3,10,5,1,3,1,1,15,0
-50,8,3,30,5,0,0,2,0,0,0,13,2,0,0,4,2,52,2,21,1,7,12,2,7,14,6,2,3,2,2,14,30
48,7,2,22,4,0,0,2,0,0,0,4,11,0,0,4,2,52,1,21,2,8,13,2,8,13,6,2,2,2,1,12,30
19,6,1,25,5,0,0,1,0,0,0,9,6,0,0,4,2,52,0,20,7,8,16,7,7,15,7,4,1,1,1,12,45
-50,6,1,26,6,0,0,0,0,0,0,0,15,0,0,4,2,52,1,19,6,8,16,6,7,14,6,4,1,0,1,13,0
8,6,1,27,5,0,0,0,0,0,0,14,1,0,0,4,2,52,1,19,6,8,16,5,7,13,5,3,1,0,1,13,15
-49,5,0,22,6,0,0,0,0,0,0,6,9,0,0,4,2,52,1,17,5,7,14,4,7,13,6,3,1,0,1,12,30
25,5,0,20,7,0,0,1,0,0,0,14,1,0,0,4,2,52,4,14,2,5,11,3,8,12,5,3,1,1,3,12,15
24,5,0,22,6,0,0,1,0,0,0,12,3,0,0,4,2,52,4,14,2,5,11,2,7,11,4,2,1,1,1,12,30
17,5,0,17,5,0,0,2,0,0,0,11,4,0,0,4,2,52,5,13,1,5,10,1,6,10,3,1,1,1,1,11,45
-34,5,2,19,4,0,1,3,0,0,0,6,9,0,0,4,2,52,3,11,3,7,11,5,8,14,6,3,1,1,2,12,0
5,5,3,20,3,0,1,3,0,0,0,14,1,0,0,4,2,52,2,11,5,8,11,5,7,13,6,4,1,1,3,12,15
-13,5,4,11,3,0,1,3,0,0,0,8,7,0,0,4,2,52,2,10,4,7,10,4,7,14,6,5,1,1,2,11,0
-4,5,4,10,4,0,0,3,0,0,0,1,14,0,0,4,2,52,2,9,5,6,9,4,6,15,6,4,0,1,2,10,45
27,5,4,13,3,0,0,3,0,0,0,29,1,0,0,4,2,52,2,9,5,6,9,4,5,14,5,3,0,0,2,11,15
-34,4,3,17,5,0,0,3,0,0,0,15,15,0,0,4,2,52,2,6,3,4,6,3,5,14,7,5,0,0,1,11,45
47,4,3,2,4,0,0,3,0,0,0,8,22,0,0,4,2,52,2,6,3,5,6,3,4,14,6,4,0,0,2,9,30
-28,3,2,15,6,0,0,2,0,0,0,0,30,0,0,4,2,52,3,4,1,4,4,2,6,13,6,5,0,0,2,11,30
-34,2,2,15,7,0,0,1,0,0,0,10,5,0,0,4,2,52,2,3,1,3,3,2,7,12,7,5,0,0,2,11,30
-40,1,1,13,6,0,0,1,0,0,0,7,8,0,0,4,2,52,0,3,3,3,3,5,10,11,8,6,0,0,2,11,15
-10,1,1,8,7,0,0,1,0,0,0,7,8,0,0,4,2,52,1,1,1,1,1,6,10,10,8,6,0,0,1,10,30
-36,1,1,6,6,0,0,1,0,0,0,7,8,0,0,4,2,52,1,1,1,1,1,5,9,9,7,5,0,0,2,10,0
23,1,1,1,6,0,0,1,0,0,0,3,12,0,0,4,2,52,2,0,0,0,0,5,8,8,6,4,0,0,2,9,15
-14,0,0,8,5,0,0,1,0,0,0,0,4,0,0,4,2,52,0,0,0,0,0,6,7,7,7,4,0,0,1,10,30
-69,0,0,11,4,0,0,1,0,0,0,0,18,0,0,4,2,52,0,0,0,0,0,5,6,6,6,3,0,0,2,11,0
22,0,0,4,4,0,0,0,0,0,0,0,22,0,0,4,2,52,0,0,0,0,0,5,5,5,5,3,0,0,2,9,45
-59,0,0,6,3,0,0,0,0,0,0,0,24,0,0,4,2,52,0,0,0,0,0,4,4,4,4,2,0,0,2,10,0
-21,0,0,2,2,0,0,0,0,0,0,0,27,0,0,4,2,52,0,0,0,0,0,3,3,3,3,1,0,0,2,9,30
0,0,0,0,1,0,0,0,0,0,0,0,33,0,1,4,2,52,0,0,0,0,0,2,2,2,2,1,0,0,1,9,0
5,0,0,4,0,0,0,0,0,0,0,0,51,0,0,4,2,52,0,0,0,0,0,1,1,1,1,1,0,0,2,9,45
74,35,4,42,1,0,1,1,0,0,0,3,27,0,0,3,2,51,1,42,5,7,12,3,3,8,3,2,6,1,1,17,0
-14,35,5,45,1,0,0,1,0,0,0,14,1,1,0,3,2,51,1,42,5,7,12,2,2,9,2,1,6,0,1,17,30
5,34,4,42,0,0,0,2,0,0,1,1,14,0,0,3,2,51,2,40,4,6,10,1,1,8,2,0,6,0,1,17,0
45,30,5,38,4,0,1,3,0,0,1,9,6,0,0,3,2,51,3,33,2,4,8,4,7,11,7,3,5,1,1,16,0
19,29,4,40,5,0,1,2,0,0,1,1,14,0,0,3,2,51,3,32,2,4,9,5,8,10,7,2,5,2,1,16,30
39,29,4,38,4,0,1,2,0,0,1,12,3,0,0,3,2,51,3,32,2,4,10,5,7,10,6,2,5,2,1,16,0
56,29,4,35,3,0,1,2,0,0,1,11,4,0,0,3,2,51,3,32,2,4,10,4,6,9,5,2,5,2,1,15,30
18,27,4,37,4,0,1,2,0,0,1,3,12,0,0,3,2,51,3,30,2,5,9,4,5,9,6,4,5,2,2,15,45
36,27,4,33,4,0,0,2,0,0,1,2,13,0,0,3,2,51,3,30,2,5,9,4,4,8,5,3,5,2,1,15,0
-53,27,4,41,4,0,0,1,0,0,1,14,1,0,0,3,2,51,3,30,2,5,9,3,3,7,4,3,5,2,3,16,45
-38,25,3,42,5,0,0,0,0,0,1,8,7,0,0,3,2,51,2,29,2,4,10,2,4,7,5,4,4,2,1,17,0
43,25,4,30,5,0,0,0,0,0,1,2,13,0,0,3,2,51,2,28,3,4,10,1,3,7,5,3,3,1,2,14,30
9,23,4,34,6,0,0,1,0,0,1,27,18,0,0,3,2,51,2,25,3,4,12,3,4,10,7,3,3,1,2,15,15
9,22,5,31,5,0,0,1,0,0,1,9,36,0,0,3,2,51,1,25,3,6,14,3,4,10,7,3,3,1,1,14,45
27,21,5,29,5,0,0,1,0,0,2,13,2,0,0,3,2,51,2,23,2,5,13,2,5,11,7,3,3,1,1,14,15
-55,20,6,35,5,0,0,1,1,0,1,5,10,0,0,3,2,51,2,22,2,6,13,2,5,12,7,2,2,1,1,15,30
77,18,7,25,6,0,0,1,1,0,1,11,4,0,0,3,2,51,2,20,2,7,14,4,6,16,8,2,2,0,1,13,0
-24,16,8,31,5,0,0,2,1,0,1,7,8,0,0,3,2,51,1,19,5,8,14,3,6,16,9,2,2,0,1,14,45
26,16,9,24,6,0,0,2,1,0,0,14,1,0,0,3,2,51,2,18,5,8,14,4,6,16,8,2,2,0,2,12,45
35,15,8,28,5,0,0,2,1,0,0,12,3,0,0,3,2,51,1,18,5,8,14,3,6,15,8,2,2,1,1,13,30
37,12,6,27,7,0,0,2,1,0,1,4,11,0,0,3,2,51,2,14,3,7,11,3,10,16,10,4,2,2,1,13,15
37,12,6,25,6,0,0,2,1,0,1,3,12,0,0,3,2,51,2,14,4,7,11,2,9,15,9,3,2,2,1,13,0
70,8,5,8,7,0,0,3,1,0,1,9,6,0,0,3,2,51,1,11,4,6,9,8,11,18,12,3,2,2,1,10,30
26,7,4,18,7,0,0,3,1,0,1,0,15,0,0,3,2,51,1,10,3,6,8,9,11,17,12,4,2,2,2,12,0
54,7,5,22,6,0,0,3,1,0,1,13,2,0,0,3,2,51,1,10,4,6,8,8,10,16,11,4,1,2,1,12,30
42,7,5,20,6,0,0,3,0,0,1,11,4,0,0,3,2,51,1,10,4,6,8,7,9,15,10,4,1,1,2,12,15
25,7,5,16,6,0,0,2,0,0,1,11,4,0,0,3,2,51,1,10,4,6,8,6,8,14,9,4,0,1,2,11,45
43,6,5,14,7,0,0,3,0,0,0,1,14,0,0,3,2,51,2,8,3,4,7,6,7,14,9,4,0,0,2,11,30
16,6,5,16,6,0,0,3,0,0,0,1,14,0,0,3,2,51,2,8,3,4,7,5,6,13,8,3,0,0,2,11,45
23,6,5,20,6,0,0,3,0,0,0,10,5,0,0,3,2,51,3,7,2,4,6,4,5,12,7,3,0,0,2,12,15
20,6,5,14,5,0,0,3,0,0,0,3,12,0,0,3,2,51,2,7,3,4,7,4,6,12,7,3,0,0,2,11,30
27,6,5,18,5,0,0,2,0,0,0,2,13,0,0,3,2,51,2,7,3,4,7,3,5,11,6,3,0,0,2,12,0
15,4,4,22,5,0,1,2,0,0,0,1,14,0,0,3,2,51,2,5,1,3,5,2,6,11,7,4,0,0,1,12,30
21,3,3,10,4,0,1,2,0,0,0,6,9,0,0,3,2,51,1,5,2,3,5,3,7,11,7,4,0,0,2,11,0
83,1,1,1,5,0,1,2,0,0,0,8,7,0,0,3,2,51,1,3,1,2,3,6,7,12,8,5,0,0,2,9,30
31,1,1,12,4,0,1,2,0,0,0,7,8,0,0,3,2,51,1,3,1,2,3,5,6,11,7,4,0,0,2,11,15
40,1,1,5,4,0,0,2,0,0,0,0,15,0,0,3,2,51,1,3,1,3,3,4,6,10,6,4,0,0,1,10,0
37,1,1,10,4,0,0,1,0,0,0,14,1,0,0,3,2,51,1,3,1,3,3,3,6,9,5,3,0,0,2,11,0
-6,0,0,12,5,0,0,0,0,0,0,1,14,0,0,3,2,51,1,2,1,2,2,3,5,8,5,2,0,0,2,11,15
15,0,0,9,4,0,0,0,0,0,0,10,5,0,0,3,2,51,1,2,1,2,2,2,5,7,4,2,0,0,2,10,45
14,0,0,7,4,0,0,0,0,0,0,5,10,0,0,3,2,51,1,1,1,1,1,3,5,6,4,3,0,0,1,10,15
-34,0,0,3,4,0,0,0,0,0,0,0,12,0,0,3,2,51,1,0,0,0,0,3,5,5,4,3,0,0,2,9,45
24,0,0,5,3,0,0,0,0,0,0,0,15,0,0,3,2,51,1,0,0,0,0,3,4,4,3,2,0,0,1,10,0
10,0,0,3,2,0,0,0,0,0,0,0,31,0,0,3,2,51,0,0,0,0,0,3,3,3,3,2,0,0,2,9,45
-16,0,0,0,1,0,0,0,0,0,0,0,44,0,1,3,2,51,0,0,0,0,0,2,2,2,2,2,0,0,2,9,15
-1,0,0,1,0,0,0,0,0,0,0,0,58,0,0,3,2,51,0,0,0,0,0,1,1,1,1,1,0,0,2,9,30
27,28,1,48,1,0,1,2,0,0,0,12,3,0,0,6,2,47,1,45,1,3,9,3,6,7,4,1,6,2,1,17,15
-14,27,0,49,1,0,1,1,0,0,0,24,6,1,0,6,2,47,0,45,1,5,13,4,5,10,4,1,6,1,1,17,30
26,27,0,43,0,0,1,1,0,0,0,21,9,0,0,6,2,47,0,45,1,5,13,4,4,10,3,1,5,1,2,16,30
31,27,2,42,1,0,1,0,0,0,0,2,28,0,0,6,2,47,0,44,3,8,14,3,4,10,3,0,5,0,3,16,0
-15,27,2,43,0,0,1,0,0,0,0,14,1,0,0,6,2,47,0,44,4,8,14,2,3,9,2,0,5,0,2,16,30
10,27,2,46,0,0,0,0,0,0,0,7,8,0,0,6,2,47,0,44,4,8,16,1,2,9,1,0,5,0,1,16,45
-55,26,4,43,3,0,1,1,0,0,0,10,5,0,0,6,2,47,1,38,2,7,16,1,6,11,5,2,5,3,2,16,30
-8,25,7,40,5,0,1,1,0,0,0,8,7,0,0,6,2,47,2,35,4,9,16,5,8,10,6,1,4,3,1,15,30
-27,25,7,39,5,0,1,1,0,0,0,3,12,0,0,6,2,47,2,34,4,9,16,4,7,10,6,2,4,2,1,15,15
-84,24,8,46,4,0,1,2,0,0,0,12,3,0,0,6,2,47,1,33,4,9,15,4,7,11,7,3,3,2,1,16,45
10,24,8,38,3,0,2,2,0,0,0,10,5,0,0,6,2,47,2,32,4,8,15,3,6,12,6,3,3,1,1,15,0
-11,24,8,41,3,0,2,1,0,0,0,7,8,0,0,6,2,47,2,32,4,8,16,3,5,11,5,3,2,1,1,15,45
-7,21,7,36,4,0,1,2,0,0,0,2,13,0,0,6,2,47,1,30,5,9,16,3,5,11,7,5,2,0,1,14,45
-2,20,7,35,4,0,1,3,0,0,0,23,7,0,0,6,2,47,2,28,4,8,14,3,4,10,7,4,2,0,2,14,30
54,18,5,34,3,0,1,4,0,0,0,12,18,0,0,6,2,47,1,27,5,8,14,2,3,10,8,4,2,0,1,14,15
30,17,5,33,2,0,1,5,0,0,1,2,28,0,0,6,2,47,2,25,4,7,12,2,4,12,8,5,2,0,1,14,0
51,15,7,31,3,0,2,5,0,0,1,11,4,0,0,6,2,47,2,22,3,8,11,1,7,13,10,7,2,0,1,13,15
82,13,7,25,5,0,3,5,0,0,1,6,9,0,0,6,2,47,4,18,4,5,11,6,9,17,11,7,2,1,1,12,30
43,13,7,29,5,0,3,4,0,0,1,2,13,0,0,6,2,47,4,18,4,5,11,5,9,16,10,7,2,1,1,13,0
56,12,6,29,4,0,3,4,0,0,1,0,15,0,0,6,2,47,3,18,4,5,11,4,8,15,10,8,2,1,1,13,0
62,10,4,25,4,0,3,5,0,0,0,10,5,0,0,6,2,47,2,17,3,5,10,3,7,14,11,8,2,1,1,12,30
124,10,4,23,4,0,2,5,0,0,0,10,5,0,0,6,2,47,2,17,3,5,10,2,6,13,10,7,2,1,3,12,15
51,9,3,32,5,0,2,5,0,0,0,2,13,0,0,6,2,47,3,15,1,3,10,1,6,14,10,7,2,1,1,13,30
-85,7,3,36,6,0,1,5,0,0,0,0,15,0,0,6,2,47,2,14,2,6,12,5,9,18,11,7,1,2,1,14,45
26,7,3,21,6,0,1,5,0,0,0,12,3,0,0,6,2,47,3,13,1,6,11,5,9,17,10,6,1,1,2,12,0
53,7,3,16,6,0,1,4,0,0,0,10,5,0,0,6,2,47,3,13,2,6,11,4,8,16,9,6,1,1,2,11,30
33,6,3,28,6,0,1,3,0,0,0,3,12,0,0,6,2,47,1,13,3,6,12,5,8,16,10,6,1,1,2,12,45
47,6,4,19,6,0,0,4,0,0,0,8,7,0,0,6,2,47,2,12,4,5,12,4,7,15,9,5,1,1,2,11,45
128,6,5,12,5,0,0,4,0,0,0,14,1,0,0,6,2,47,2,12,4,7,12,4,8,18,8,4,1,1,1,11,0
58,5,4,25,5,0,1,3,0,0,0,9,6,0,0,6,2,47,2,11,4,7,11,4,8,17,8,4,1,1,1,12,30
39,5,4,23,6,0,1,2,0,0,0,3,12,0,0,6,2,47,3,10,3,6,10,4,7,16,7,3,1,1,3,12,15
56,4,3,16,6,0,1,3,0,0,0,4,11,0,0,6,2,47,2,8,2,5,8,5,8,17,9,4,0,1,2,11,30
52,4,3,12,5,0,1,3,0,0,0,12,3,0,0,6,2,47,1,8,4,6,8,5,9,17,9,5,0,0,1,11,0
18,3,2,10,5,0,0,4,0,0,0,7,8,0,0,6,2,47,1,7,3,5,7,4,9,16,9,4,0,0,3,10,45
60,2,2,15,6,0,0,3,0,0,0,6,9,0,0,6,2,47,1,6,3,6,6,4,8,15,9,3,0,0,3,11,15
-33,2,2,16,5,0,0,3,0,0,0,4,11,0,0,6,2,47,1,6,3,6,6,4,8,14,8,3,0,0,2,11,30
39,1,1,7,7,0,0,2,0,0,0,12,3,0,0,6,2,47,1,4,2,4,4,5,10,14,9,3,0,0,2,10,30
-20,1,1,21,7,0,0,2,0,0,0,24,6,0,0,6,2,47,1,3,3,3,3,5,11,13,9,3,0,0,2,12,0
3,1,1,5,6,0,0,2,0,0,0,21,9,0,0,6,2,47,0,3,3,3,3,4,10,12,9,2,0,0,3,10,15
38,1,1,3,5,0,0,3,0,0,0,18,12,0,0,6,2,47,1,2,2,2,2,5,9,11,8,2,0,0,2,10,0
51,1,1,10,4,0,0,3,0,0,0,17,13,0,0,6,2,47,1,2,2,2,2,5,9,10,7,2,0,0,3,10,45
-62,1,1,19,4,0,0,2,0,0,0,9,21,0,0,6,2,47,1,2,2,2,2,5,8,9,6,2,0,0,2,11,45
-17,0,0,7,3,0,1,3,0,0,0,4,11,0,0,6,2,47,1,0,0,0,0,6,7,8,7,2,0,0,2,10,30
-20,0,0,5,2,0,1,3,0,0,0,3,12,0,0,6,2,47,1,0,0,0,0,5,6,7,6,1,0,0,3,10,15
-3,0,0,12,1,0,1,3,0,0,0,3,12,0,0,6,2,47,1,0,0,0,0,4,5,6,5,1,0,0,1,11,0
-8,0,0,3,0,0,1,3,0,0,0,1,14,0,0,6,2,47,1,0,0,0,0,4,4,5,4,1,0,0,2,10,0
56,0,0,1,0,0,1,2,0,0,0,0,13,0,0,6,2,47,0,0,0,0,0,3,4,4,4,1,0,0,2,9,30
-63,0,0,7,0,0,1,1,0,0,0,0,15,0,0,6,2,47,0,0,0,0,0,2,3,3,3,1,0,0,2,10,30
-12,0,0,0,0,0,0,1,0,0,0,0,28,0,1,6,2,47,0,0,0,0,0,1,2,2,2,1,0,0,2,9,15
6,0,0,1,0,0,0,0,0,0,0,0,60,0,0,6,2,47,0,0,0,0,0,1,1,1,1,1,0,0,2,9,30
26,31,4,42,2,0,0,1,1,0,0,15,15,0,0,5,2,46,3,41,2,4,10,3,3,8,2,2,6,2,1,16,45
2,31,4,45,2,0,0,0,1,0,0,14,16,1,0,5,2,46,3,41,2,4,10,2,2,7,1,1,5,1,1,17,30
2,28,5,42,1,0,0,2,1,0,0,3,12,0,0,5,2,46,2,39,2,5,10,1,3,9,3,3,5,1,1,16,45
10,25,3,36,3,0,2,2,1,0,0,14,1,0,0,5,2,46,3,34,1,3,7,3,7,11,6,2,4,3,1,15,45
18,25,3,40,3,0,2,2,0,0,0,11,4,0,0,5,2,46,3,34,1,4,7,2,6,11,5,2,4,2,2,16,30
13,23,1,40,2,0,2,2,0,0,0,2,13,0,0,5,2,46,1,34,3,5,8,3,6,11,6,2,4,2,2,16,30
29,23,2,38,3,0,2,1,0,0,0,7,8,0,0,5,2,46,1,32,4,5,9,5,7,11,6,1,3,3,1,16,0
-88,23,2,44,4,0,1,1,0,0,0,5,10,0,0,5,2,46,2,32,3,4,8,4,6,10,5,1,3,2,1,17,15
10,22,1,34,4,0,0,2,0,0,0,13,2,0,0,5,2,46,2,31,3,3,8,3,5,9,5,2,2,2,2,15,30
39,22,1,33,3,0,0,2,0,0,0,6,9,0,0,5,2,46,2,31,3,4,9,4,5,9,4,2,2,1,2,15,15
8,22,1,34,3,0,0,2,0,0,0,10,5,0,0,5,2,46,2,30,2,3,10,3,5,10,4,3,2,1,2,15,30
19,21,2,30,3,0,0,3,0,0,0,11,4,0,0,5,2,46,3,28,0,3,9,2,6,9,4,3,2,2,2,14,45
-67,21,2,39,3,0,0,2,0,0,0,9,6,0,0,5,2,46,2,28,1,3,9,1,5,8,4,2,1,2,2,16,15
-81,21,4,36,3,0,0,2,0,0,0,23,22,0,0,5,2,46,2,27,3,5,13,4,5,10,4,2,1,1,1,15,45
2,21,5,29,2,0,0,2,0,0,0,12,33,0,0,5,2,46,2,27,3,7,13,3,6,9,3,2,1,1,1,14,30
-6,20,5,28,3,0,0,1,0,0,0,2,43,0,0,5,2,46,2,26,2,6,14,2,5,10,3,2,0,1,1,14,15
-17,19,4,31,3,0,0,0,0,0,0,12,3,0,0,5,2,46,1,26,3,7,14,1,4,10,3,2,0,0,1,15,0
1,17,6,27,3,0,1,0,1,0,0,12,3,0,0,5,2,46,1,23,4,9,13,3,6,13,5,3,0,0,1,13,30
39,16,6,24,5,0,1,0,1,0,0,13,2,0,0,5,2,46,2,20,2,6,12,4,5,14,6,5,0,0,1,13,0
-21,16,6,26,5,0,0,0,1,0,0,12,3,0,0,5,2,46,2,20,2,6,12,3,4,13,5,4,0,0,1,13,15
45,15,6,21,5,0,0,0,1,0,0,8,7,0,0,5,2,46,2,19,5,7,14,3,6,13,5,4,0,0,1,12,30
27,15,6,23,5,0,0,0,0,0,0,6,9,0,0,5,2,46,2,19,5,8,14,2,6,13,4,4,0,0,2,12,45
-121,11,4,31,6,0,1,1,0,0,0,0,15,0,0,5,2,46,1,15,3,5,13,4,7,15,8,8,0,0,1,15,0
15,10,4,21,5,0,1,2,0,0,0,12,3,0,0,5,2,46,0,14,4,6,13,4,9,14,9,8,0,0,1,12,30
25,10,4,20,6,0,1,2,0,0,0,3,12,0,0,5,2,46,2,12,2,5,11,4,9,14,8,7,0,0,2,12,15
24,10,4,16,5,0,1,2,0,0,0,1,14,0,0,5,2,46,2,12,2,5,11,3,8,13,7,6,0,0,2,11,45
-58,9,4,24,5,0,1,1,0,0,0,7,8,0,0,5,2,46,1,12,2,7,12,6,7,12,7,5,0,0,1,13,0
45,8,4,14,5,0,1,2,0,0,0,11,4,0,0,5,2,46,2,10,3,5,10,6,9,11,7,4,0,0,2,11,30
36,7,4,14,4,0,1,2,0,0,0,1,14,0,0,5,2,46,1,10,3,8,10,5,9,10,7,4,0,0,2,11,30
15,7,4,18,3,0,1,2,0,0,0,14,1,0,0,5,2,46,1,10,4,8,10,4,8,9,6,3,0,0,1,12,0
-3,7,4,16,3,0,1,1,0,0,0,9,6,0,0,5,2,46,1,10,5,8,10,3,7,9,5,2,0,0,2,11,45
29,7,4,13,3,0,0,1,0,0,0,8,7,0,0,5,2,46,1,10,5,8,10,2,6,8,4,1,0,0,2,11,15
19,6,4,11,2,0,0,3,0,0,0,12,3,0,0,5,2,46,1,8,3,7,8,4,5,8,5,1,0,0,1,11,0
54,5,4,8,3,0,0,4,0,0,0,7,8,0,0,5,2,46,2,5,3,5,5,4,5,11,6,3,0,0,2,10,30
6,4,3,11,3,0,0,3,0,0,0,2,13,0,0,5,2,46,1,5,3,5,5,3,4,10,6,4,0,0,1,11,0
-2,4,4,9,3,0,0,2,0,0,0,0,15,0,0,5,2,46,1,5,4,5,5,2,3,9,5,3,0,0,2,10,45
-87,3,3,18,3,0,0,3,0,0,0,8,7,0,0,5,2,46,2,3,2,3,3,1,2,8,5,4,0,0,1,12,0
8,2,2,9,3,0,0,4,0,0,0,6,9,0,0,5,2,46,2,1,1,1,1,1,4,9,6,5,0,0,2,10,45
-40,0,0,6,4,0,0,3,0,0,0,0,3,0,0,5,2,46,0,0,0,0,0,4,7,8,8,7,0,0,1,10,0
14,0,0,7,4,0,0,2,0,0,0,0,9,0,0,5,2,46,0,0,0,0,0,5,7,7,7,6,0,0,1,10,15
17,0,0,1,3,0,0,2,0,0,0,0,21,0,0,5,2,46,0,0,0,0,0,4,6,6,6,5,0,0,2,9,15
47,0,0,2,3,0,0,1,0,0,0,0,26,0,0,5,2,46,0,0,0,0,0,4,5,5,5,5,0,0,2,9,30
-8,0,0,4,3,0,0,0,0,0,0,0,35,0,0,5,2,46,0,0,0,0,0,3,4,4,4,4,0,0,1,9,45
17,0,0,0,2,0,0,0,0,0,0,0,38,0,1,5,2,46,0,0,0,0,0,3,3,3,3,3,0,0,1,9,0
16,0,0,2,1,0,0,0,0,0,0,0,55,0,0,5,2,46,0,0,0,0,0,2,2,2,2,2,0,0,2,9,30
23,0,0,4,0,0,0,0,0,0,0,0,66,0,0,5,2,46,0,0,0,0,0,1,1,1,1,1,0,0,1,9,45
-68,24,3,41,2,0,0,0,0,0,1,42,18,1,0,4,2,45,1,38,1,4,9,3,4,6,3,0,0,0,1,17,30
12,24,4,39,2,0,0,0,0,0,1,35,25,0,0,4,2,45,2,37,2,4,8,2,3,5,2,0,0,0,1,16,30
10,24,4,40,2,0,0,0,0,0,0,27,33,0,0,4,2,45,2,37,3,7,8,2,3,5,1,0,0,0,1,17,0
38,22,3,36,2,0,0,1,0,0,0,1,59,0,0,4,2,45,2,35,5,6,7,1,3,7,2,2,0,0,1,15,15
14,20,1,36,4,0,1,2,0,0,0,0,15,0,0,4,2,45,4,30,1,1,3,2,3,8,4,2,0,0,1,15,15
52,19,0,34,3,0,1,3,0,0,0,2,13,0,0,4,2,45,3,29,0,0,6,2,5,8,5,3,0,0,2,15,0
-12,19,1,38,3,0,1,2,0,0,0,34,26,0,0,4,2,45,2,29,0,2,9,3,5,10,5,3,0,0,1,15,30
112,19,3,29,2,0,1,2,0,0,0,21,39,0,0,4,2,45,2,29,1,4,12,3,6,9,4,3,0,0,1,13,15
-6,19,5,32,2,0,1,1,0,0,0,5,55,0,0,4,2,45,2,29,2,6,13,3,5,8,3,3,0,0,2,14,45
2,19,6,32,1,0,1,1,0,0,0,3,57,0,0,4,2,45,2,29,2,6,13,2,4,7,2,2,0,0,2,14,45
-24,19,6,31,2,0,1,0,0,0,0,2,13,0,0,4,2,45,2,28,4,7,15,3,5,7,2,2,0,0,2,14,30
-12,18,5,30,2,0,1,0,0,0,0,0,15,0,0,4,2,45,1,27,4,8,15,2,5,10,3,3,0,0,1,13,30
16,16,4,28,4,0,0,0,0,0,0,7,8,0,0,4,2,45,1,25,4,8,14,1,4,9,4,4,0,0,1,13,0
-114,13,3,34,6,0,1,0,0,0,0,4,11,0,0,4,2,45,2,21,4,8,16,3,4,12,6,3,0,0,2,15,0
45,13,3,21,6,0,0,0,0,0,0,3,12,0,0,4,2,45,1,21,4,8,16,2,3,11,6,2,0,0,2,12,0
22,13,4,25,5,0,0,0,0,0,0,1,14,0,0,4,2,45,1,21,4,8,16,1,2,10,5,2,0,0,1,12,30
88,10,5,18,8,0,2,1,0,0,0,9,6,0,0,4,2,45,3,14,3,8,13,5,7,16,9,3,0,0,1,11,30
38,9,5,16,9,0,1,1,0,0,0,13,2,0,0,4,2,45,2,13,4,9,13,5,9,17,10,4,0,0,2,11,15
50,9,6,20,8,0,1,1,0,0,0,9,6,0,0,4,2,45,2,13,4,9,13,5,8,17,9,3,0,0,2,11,45
34,9,6,21,8,0,1,1,0,0,0,4,11,0,0,4,2,45,3,12,4,9,12,4,8,17,8,3,0,0,2,12,0
-1,9,6,23,7,0,1,1,0,0,0,1,14,0,0,4,2,45,2,12,4,9,12,3,7,16,8,4,0,0,2,12,15
53,8,5,12,8,0,1,0,0,0,0,7,8,0,0,4,2,45,1,11,6,8,11,4,7,16,9,6,0,0,2,10,45
-27,7,6,27,8,0,1,0,0,0,1,11,4,0,0,4,2,45,2,9,5,7,9,4,9,18,9,5,0,0,1,12,45
16,5,4,14,9,0,1,0,1,0,1,9,6,0,0,4,2,45,1,6,3,5,6,5,9,17,12,6,0,0,2,11,0
41,5,4,12,9,0,1,0,1,0,1,8,7,0,0,4,2,45,2,5,2,5,5,4,8,17,11,5,0,0,2,10,45
-60,4,4,23,9,0,1,0,1,0,1,0,15,0,0,4,2,45,2,4,2,4,4,6,9,16,11,5,0,0,2,12,15
-27,3,3,18,9,0,0,0,1,0,1,7,8,0,0,4,2,45,1,4,2,4,4,5,9,15,11,5,0,0,1,11,30
-4,3,3,11,9,0,0,0,1,0,1,1,14,0,0,4,2,45,2,3,1,3,3,4,9,14,10,4,0,0,2,10,30
20,3,3,6,8,0,0,0,1,0,1,6,9,0,0,4,2,45,2,3,3,3,3,5,10,14,9,4,0,0,2,10,0
-25,3,3,14,7,0,0,1,1,0,1,3,12,0,0,4,2,45,3,2,2,2,2,5,9,13,8,4,0,0,2,11,0
46,2,2,6,6,0,0,1,1,0,1,1,14,0,0,4,2,45,2,2,2,2,2,4,8,12,8,4,0,0,2,10,0
-23,1,1,16,5,0,1,1,1,0,1,13,2,0,0,4,2,45,1,1,1,1,1,5,9,11,9,6,0,0,2,11,15
15,1,1,9,5,0,1,1,1,0,1,8,7,0,0,4,2,45,2,0,0,0,0,5,9,10,8,5,0,0,1,10,15
-39,0,0,25,4,0,1,1,1,0,1,4,11,0,0,4,2,45,1,0,0,0,0,5,8,9,8,5,0,0,1,12,30
44,0,0,9,3,0,1,1,1,0,1,11,4,0,0,4,2,45,0,0,0,0,0,6,7,8,8,6,0,0,1,10,15
39,0,0,2,3,0,1,1,0,0,1,6,9,0,0,4,2,45,0,0,0,0,0,5,6,7,7,5,0,0,2,9,30
20,0,0,0,3,0,0,1,0,0,1,0,6,0,1,4,2,45,0,0,0,0,0,4,6,6,6,4,0,0,1,9,0
54,0,0,4,3,0,0,1,0,0,0,0,8,0,0,4,2,45,0,0,0,0,0,4,5,5,5,4,0,0,3,9,45
-26,0,0,6,3,0,0,0,0,0,0,0,15,0,0,4,2,45,0,0,0,0,0,3,4,4,4,4,0,0,2,10,0
-1,0,0,1,2,0,0,0,0,0,0,0,15,0,0,4,2,45,0,0,0,0,0,2,3,3,3,3,0,0,2,9,15
13,0,0,2,1,0,0,0,0,0,0,0,37,0,0,4,2,45,0,0,0,0,0,2,2,2,2,2,0,0,2,9,30
2,0,0,4,0,0,0,0,0,0,0,0,65,0,0,4,2,45,0,0,0,0,0,1,1,1,1,1,0,0,3,9,45
45,29,1,47,0,0,0,2,0,0,0,11,4,0,0,3,2,44,0,47,3,6,14,2,5,9,3,2,10,3,1,17,0
-12,29,3,49,1,0,0,1,0,0,0,0,15,1,0,3,2,44,0,46,5,8,13,4,4,11,3,2,9,3,1,17,30
-2,28,3,45,3,0,1,1,0,0,0,13,17,0,0,3,2,44,2,42,3,6,10,3,4,13,4,1,8,2,2,16,45
-9,28,4,43,3,0,0,1,0,0,0,6,24,0,0,3,2,44,1,42,4,8,11,2,4,14,4,1,8,1,2,16,30
19,28,4,45,3,0,0,0,0,0,0,5,25,0,0,3,2,44,1,42,4,8,11,1,3,13,3,1,7,1,2,16,45
74,25,2,35,6,0,1,0,0,0,0,2,13,0,0,3,2,44,1,37,4,4,11,4,10,13,7,4,7,3,2,15,0
-21,24,1,43,6,0,2,0,0,0,0,8,7,0,0,3,2,44,1,35,2,4,11,3,10,12,8,6,7,3,2,16,30
25,24,1,36,6,0,1,1,0,0,0,5,10,0,0,3,2,44,2,34,1,3,11,2,10,12,7,5,7,4,2,15,15
-9,24,1,38,6,0,1,1,0,0,0,14,1,0,0,3,2,44,2,33,0,3,10,4,9,11,7,5,7,4,2,15,30
-57,23,2,42,6,0,0,1,0,0,0,5,10,0,0,3,2,44,0,33,2,5,12,8,8,12,8,4,6,4,2,16,0
54,23,2,31,5,0,0,1,0,0,0,2,13,0,0,3,2,44,0,33,3,5,13,7,7,11,7,3,6,3,1,14,15
-64,23,3,47,4,0,0,1,0,0,0,1,14,0,0,3,2,44,0,33,3,5,13,6,6,10,6,2,6,3,1,17,0
-49,23,3,40,4,0,0,0,0,0,0,14,1,0,0,3,2,44,0,33,3,5,13,5,6,9,5,1,5,3,1,15,45
9,23,3,40,3,0,0,0,0,0,0,13,2,0,0,3,2,44,0,33,3,5,14,4,5,8,4,1,5,2,1,15,45
-21,23,3,38,2,0,0,0,0,0,0,12,3,0,0,3,2,44,0,33,3,5,14,3,4,7,3,1,4,2,2,15,30
14,23,4,36,2,0,0,0,0,0,0,42,3,0,0,3,2,44,1,32,4,7,15,2,3,6,2,0,4,1,2,15,15
2,23,6,34,1,0,1,0,0,0,0,37,8,0,0,3,2,44,1,31,3,7,14,1,2,5,2,0,3,1,1,14,45
-22,20,7,33,2,0,1,0,1,0,0,0,45,0,0,3,2,44,1,28,5,8,13,2,4,14,4,1,3,0,1,14,30
42,17,5,29,3,0,1,2,1,0,0,7,8,0,0,3,2,44,1,24,3,7,13,3,3,15,7,3,3,0,1,13,15
18,15,5,30,3,0,1,3,2,0,0,14,1,0,0,3,2,44,2,21,3,6,13,2,8,16,8,3,3,1,2,13,30
46,15,5,26,3,0,1,3,1,0,0,12,3,0,0,3,2,44,2,21,4,6,13,1,7,15,7,3,3,1,2,12,45
53,12,5,21,6,0,1,2,1,0,1,7,8,0,0,3,2,44,2,17,2,6,12,8,12,17,10,4,3,2,2,12,0
60,12,5,21,6,0,0,2,1,0,1,6,9,0,0,3,2,44,2,17,2,6,12,7,11,16,9,4,3,2,2,12,0
10,12,5,27,6,0,0,2,1,0,1,4,11,0,0,3,2,44,2,16,1,5,11,6,10,16,9,4,3,2,1,13,0
-51,12,5,31,5,0,0,2,1,0,1,2,13,0,0,3,2,44,2,16,1,6,11,7,9,16,8,3,3,2,1,14,15
-11,12,5,25,4,0,0,2,1,0,1,2,13,0,0,3,2,44,2,16,1,6,11,6,8,15,7,2,3,2,1,12,30
16,12,6,27,4,0,0,1,1,0,1,10,5,0,0,3,2,44,2,16,3,6,12,5,8,14,6,1,2,2,1,13,0
20,10,5,23,4,0,0,2,0,0,1,9,6,0,0,3,2,44,1,15,3,7,12,6,8,15,7,1,2,1,1,12,15
-9,10,5,23,4,0,0,2,0,0,0,7,8,0,0,3,2,44,1,15,4,7,12,5,9,15,6,1,2,2,1,12,15
84,9,4,19,4,0,0,1,0,0,0,4,11,0,0,3,2,44,0,15,5,8,13,4,8,15,6,1,1,2,2,11,45
50,9,4,19,3,0,0,1,0,0,0,4,11,0,0,3,2,44,0,15,5,8,13,3,7,14,5,1,1,1,2,11,45
23,8,5,13,4,0,0,2,0,0,0,14,1,0,0,3,2,44,2,12,4,6,11,4,7,14,5,2,1,1,2,11,0
40,8,5,15,3,0,0,2,0,0,0,10,5,0,0,3,2,44,1,12,4,6,11,3,6,13,5,2,1,1,2,11,15
-2,6,3,15,4,0,0,2,0,0,0,12,3,0,0,3,2,44,1,10,3,6,10,4,7,14,6,3,1,1,2,11,15
47,5,2,17,4,0,0,2,1,0,0,0,15,0,0,3,2,44,2,8,2,4,8,4,8,13,6,3,1,1,2,11,30
6,5,3,17,4,0,0,1,1,0,0,8,7,0,0,3,2,44,1,8,2,5,8,3,8,12,6,3,1,1,2,11,30
64,5,4,11,3,0,0,1,1,0,0,7,8,0,0,3,2,44,1,8,3,5,8,2,7,11,5,3,0,1,2,10,45
42,3,2,7,3,0,1,1,1,0,0,2,13,0,0,3,2,44,1,6,2,5,6,4,7,12,6,4,0,0,2,10,15
9,3,2,13,4,0,1,0,1,0,0,5,10,0,0,3,2,44,1,5,2,5,5,6,8,11,6,5,0,0,2,11,0
-18,3,2,9,4,0,0,0,1,0,0,3,12,0,0,3,2,44,1,5,4,5,5,5,7,10,5,4,0,0,2,10,30
23,3,3,9,4,0,0,0,1,0,0,3,12,0,0,3,2,44,1,4,3,4,4,4,7,10,5,3,0,0,2,10,30
-5,3,3,11,3,0,0,0,1,0,0,1,14,0,0,3,2,44,1,4,3,4,4,3,6,9,4,2,0,0,2,10,45
9,2,2,7,4,0,0,0,0,0,0,9,6,0,0,3,2,44,1,3,2,3,3,3,5,8,4,1,0,0,2,10,15
23,1,1,5,3,0,0,0,0,0,0,5,10,0,0,3,2,44,0,3,3,3,3,3,4,7,4,0,0,0,2,10,0
-8,1,1,2,4,0,0,0,0,0,0,0,15,0,0,3,2,44,0,1,1,1,1,3,5,6,5,1,0,0,1,9,30
23,1,1,1,4,0,0,0,0,0,0,6,9,0,0,3,2,44,1,0,0,0,0,2,4,5,4,0,0,0,2,9,15
-2,0,0,5,3,0,0,0,0,0,0,0,2,0,0,3,2,44,0,0,0,0,0,2,3,4,4,1,0,0,2,10,0
13,0,0,2,2,0,0,0,0,0,0,0,25,0,0,3,2,44,0,0,0,0,0,2,3,3,3,1,0,0,1,9,30
-21,0,0,4,1,0,0,0,0,0,0,0,40,0,0,3,2,44,0,0,0,0,0,2,2,2,2,1,0,0,2,9,45
1,0,0,0,0,0,0,0,0,0,0,0,65,0,1,3,2,44,0,0,0,0,0,1,1,1,1,1,0,0,1,9,0
14,27,1,43,2,0,0,1,0,0,0,0,15,0,0,2,2,43,1,42,1,5,12,2,4,9,3,1,2,0,1,16,45
69,27,3,41,1,0,0,1,0,0,0,20,10,0,0,2,2,43,0,42,3,6,12,2,3,8,3,2,2,0,2,16,15
-1,27,3,45,0,0,0,1,0,0,1,12,3,1,0,2,2,43,1,41,4,7,12,2,3,9,2,1,2,0,1,17,0
-7,26,3,43,3,0,0,1,0,0,1,1,14,0,0,2,2,43,2,37,3,6,10,2,6,12,4,2,2,0,1,16,45
-4,24,2,41,3,0,0,2,0,0,1,10,5,0,0,2,2,43,2,35,4,5,11,3,6,13,5,2,2,0,2,16,15
24,24,2,35,4,0,0,2,0,0,1,9,6,0,0,2,2,43,2,33,3,4,10,4,8,12,6,3,2,0,2,15,30
-35,23,1,39,4,0,1,2,0,0,0,12,3,0,0,2,2,43,2,32,2,5,10,4,8,11,6,3,2,0,2,16,0
40,23,1,33,4,0,1,2,0,0,0,6,9,0,0,2,2,43,2,31,2,4,13,3,8,10,6,4,2,1,1,15,0
-7,23,1,39,3,0,1,2,0,0,0,2,13,0,0,2,2,43,2,31,2,4,14,3,7,9,5,4,2,1,2,16,0
-43,23,2,35,3,0,0,2,1,0,0,2,13,0,0,2,2,43,1,30,3,6,14,5,7,9,6,4,2,1,2,15,30
15,22,3,30,2,0,0,3,1,0,0,6,9,0,0,2,2,43,1,29,2,5,14,5,7,9,6,3,2,1,1,14,45
-36,22,4,34,1,0,0,3,1,0,0,42,3,0,0,2,2,43,0,29,3,6,14,4,6,9,6,4,2,1,2,15,15
54,22,4,30,1,0,0,2,1,0,0,40,5,0,0,2,2,43,0,29,3,6,14,3,5,9,5,4,2,1,1,14,45
-28,22,4,30,2,0,0,1,1,0,0,37,8,0,0,2,2,43,1,28,3,5,14,2,4,8,4,3,2,1,1,14,45
-24,22,6,37,3,0,0,0,1,0,0,22,23,0,0,2,2,43,1,27,3,8,15,3,3,8,4,2,1,1,2,15,45
14,21,6,28,5,0,0,0,0,0,0,7,38,0,0,2,2,43,2,25,3,9,13,2,3,8,4,2,1,0,1,14,15
-49,20,6,37,5,0,0,0,0,0,0,12,3,0,0,2,2,43,2,24,2,9,12,1,2,9,4,2,1,0,2,15,45
22,15,6,23,8,0,2,1,1,0,0,11,4,0,0,2,2,43,5,16,1,4,8,3,6,15,8,4,1,1,1,12,45
27,14,6,21,8,0,2,1,1,0,0,12,3,0,0,2,2,43,5,15,3,3,8,3,7,16,8,4,0,1,2,12,30
7,13,5,26,7,0,2,1,1,0,0,4,11,0,0,2,2,43,4,15,3,4,8,3,7,15,8,5,0,0,1,13,15
-37,12,4,29,6,0,2,1,1,0,0,26,4,0,0,2,2,43,3,15,3,4,11,3,8,14,8,5,0,0,3,14,30
17,11,6,27,7,0,2,1,2,0,0,11,19,0,0,2,2,43,4,12,0,3,9,4,9,15,9,6,0,0,1,13,30
47,10,5,23,6,0,2,1,2,0,0,0,30,0,0,2,2,43,3,12,1,4,10,6,10,14,9,6,0,0,1,12,45
19,8,3,19,6,0,1,1,2,0,0,5,10,0,0,2,2,43,1,12,3,4,10,6,10,14,10,6,0,0,2,12,15
15,8,3,25,5,0,1,1,2,0,0,0,15,0,0,2,2,43,1,12,3,5,11,6,9,13,9,5,0,0,1,13,0
26,8,5,19,4,0,1,1,2,0,0,10,5,0,0,2,2,43,1,12,3,5,11,5,9,13,8,4,0,0,2,12,15
26,8,5,16,4,0,1,1,2,0,0,3,12,0,0,2,2,43,2,11,3,4,10,5,8,12,7,4,0,0,2,11,30
27,8,5,17,3,0,1,1,2,0,0,0,15,0,0,2,2,43,2,11,3,5,10,4,7,12,6,3,0,0,2,11,45
72,8,5,14,3,0,1,0,2,0,0,10,5,0,0,2,2,43,2,11,3,7,10,4,6,11,5,2,0,0,1,11,15
28,5,3,14,5,0,1,0,1,0,0,2,13,0,0,2,2,43,1,9,2,5,9,4,6,11,7,2,0,0,1,11,15
-25,5,3,21,4,0,1,0,1,0,0,10,5,0,0,2,2,43,1,9,2,6,9,4,6,10,6,2,0,0,2,12,30
40,5,4,9,3,0,2,0,1,0,0,0,15,0,0,2,2,43,2,8,2,6,8,3,5,10,5,1,0,0,2,10,30
25,5,4,17,2,0,2,0,1,0,0,5,10,0,0,2,2,43,2,8,4,6,8,2,5,10,4,1,0,0,2,11,45
32,4,3,9,1,0,2,1,1,0,0,12,3,0,0,2,2,43,2,7,3,6,7,3,4,11,4,2,0,0,2,10,30
40,2,1,13,3,0,3,1,0,0,0,3,12,0,0,2,2,43,1,4,2,4,4,3,6,12,7,3,0,0,2,11,0
-27,2,2,11,3,0,2,1,0,0,0,0,15,0,0,2,2,43,1,4,3,4,4,2,5,11,6,3,0,0,1,10,45
-42,1,1,11,4,0,1,2,0,0,0,8,7,0,0,2,2,43,1,2,2,2,2,4,5,10,7,3,0,0,1,10,45
63,1,1,6,3,0,1,2,1,0,0,10,5,0,0,2,2,43,2,1,1,1,1,3,8,9,6,3,0,0,1,10,0
28,1,1,6,3,0,0,2,1,0,0,0,15,0,0,2,2,43,1,1,1,1,1,3,8,8,6,4,0,0,1,10,0
7,1,1,4,3,0,0,2,1,0,0,9,6,0,0,2,2,43,1,0,0,0,0,2,7,7,6,4,0,0,2,9,45
-1,0,0,1,3,0,0,2,0,0,0,0,10,0,0,2,2,43,0,0,0,0,0,5,6,6,6,4,0,0,2,9,15
55,0,0,2,3,0,0,1,0,0,0,0,22,0,0,2,2,43,0,0,0,0,0,5,5,5,5,3,0,0,2,9,30
-30,0,0,8,2,0,0,1,0,0,0,0,27,0,0,2,2,43,0,0,0,0,0,4,4,4,4,2,0,0,2,10,15
1,0,0,0,1,0,0,1,0,0,0,0,28,0,1,2,2,43,0,0,0,0,0,3,3,3,3,2,0,0,1,9,0
19,0,0,4,0,0,0,1,0,0,0,0,34,0,0,2,2,43,0,0,0,0,0,2,2,2,2,1,0,0,2,9,45
-8,0,0,2,0,0,0,0,0,0,0,0,41,0,0,2,2,43,0,0,0,0,0,1,1,1,1,1,0,0,2,9,30
51,29,6,46,3,0,1,2,1,0,0,8,7,0,0,6,2,40,1,41,4,8,10,3,5,12,7,4,5,1,1,17,0
1,27,6,47,6,0,1,2,0,0,0,20,10,0,0,6,2,40,2,38,4,6,7,4,6,13,8,4,5,1,1,17,15
30,27,7,43,5,0,1,3,0,0,0,13,17,0,0,6,2,40,3,37,4,5,6,3,6,12,7,3,5,1,1,16,30
57,25,5,45,6,0,2,2,0,0,0,5,25,0,0,6,2,40,3,35,2,4,6,2,6,12,8,3,4,1,1,16,45
10,25,5,48,6,0,2,1,0,0,0,1,29,1,0,6,2,40,3,35,2,4,6,1,6,12,7,2,4,1,1,17,30
50,21,1,41,9,0,1,1,0,0,0,7,8,0,0,6,2,40,2,32,1,1,7,5,9,14,10,2,4,2,2,16,0
40,21,1,43,8,0,1,1,0,0,0,5,10,0,0,6,2,40,2,32,1,1,7,4,8,13,9,1,4,2,1,16,30
36,21,1,39,7,0,1,1,0,0,0,4,11,0,0,6,2,40,2,32,1,1,8,3,7,12,8,1,4,2,2,15,45
43,20,0,35,7,0,0,1,0,0,0,9,6,0,0,6,2,40,0,32,1,2,9,4,7,11,9,1,4,3,2,15,15
4,20,0,37,7,0,0,1,0,0,0,3,12,0,0,6,2,40,1,31,0,2,9,4,6,11,8,1,3,3,2,15,30
25,20,0,33,6,0,0,1,0,0,0,4,11,0,0,6,2,40,1,31,0,3,12,4,7,10,7,0,3,2,2,15,0
2,20,1,35,5,0,0,1,0,0,0,2,13,0,0,6,2,40,1,31,0,5,12,3,6,9,6,0,3,2,2,15,15
40,20,2,37,4,0,0,1,0,0,0,7,8,0,0,6,2,40,1,31,1,5,14,3,6,9,5,0,2,2,2,15,30
-46,20,3,41,4,0,0,0,0,0,0,13,2,0,0,6,2,40,1,31,2,6,14,3,5,8,4,0,2,1,2,16,0
69,20,4,32,3,0,0,0,0,0,0,42,3,0,0,6,2,40,1,31,5,8,18,4,5,7,3,0,1,1,2,14,45
49,20,6,39,3,0,1,0,0,0,0,31,14,0,0,6,2,40,3,29,3,8,17,3,5,6,2,0,1,0,2,15,45
71,20,6,33,3,0,1,0,0,0,0,24,21,0,0,6,2,40,3,28,3,8,17,3,4,7,2,1,1,0,2,15,0
-18,19,7,30,5,0,0,0,0,0,0,14,31,0,0,6,2,40,3,26,3,7,16,2,4,7,3,2,1,1,1,14,15
-40,17,8,31,4,0,0,1,0,0,0,12,3,0,0,6,2,40,2,25,5,8,16,2,3,8,4,3,1,1,1,14,30
7,14,7,28,5,0,0,2,0,0,0,4,11,0,0,6,2,40,1,22,5,9,14,2,2,9,7,4,1,1,1,13,30
33,12,6,27,7,0,0,2,0,0,0,1,14,0,0,6,2,40,1,19,4,8,13,1,4,10,9,5,0,1,2,13,15
-1,7,4,25,8,0,1,4,0,0,2,0,15,0,0,6,2,40,3,12,2,5,9,5,9,18,13,9,0,0,1,13,0
55,6,3,20,7,0,1,4,0,0,2,12,3,0,0,6,2,40,2,12,3,5,9,4,8,17,13,9,0,0,2,12,15
46,6,4,24,7,0,1,4,0,0,2,4,11,0,0,6,2,40,3,11,2,5,8,3,7,17,12,8,0,0,2,12,45
20,6,4,15,8,0,1,4,0,0,1,10,5,0,0,6,2,40,3,10,2,4,7,4,7,16,12,7,0,0,3,11,45
28,6,4,17,8,0,1,4,0,0,0,8,7,0,0,6,2,40,3,10,2,4,7,3,6,15,11,7,0,0,2,12,0
-23,5,4,15,8,0,0,4,1,0,0,4,11,0,0,6,2,40,2,9,3,5,8,4,10,14,12,8,0,0,3,11,45
43,3,2,17,7,0,1,4,1,0,0,12,3,0,0,6,2,40,1,8,2,4,7,4,11,16,13,7,0,0,2,12,0
-11,3,2,17,6,0,1,4,1,0,0,3,12,0,0,6,2,40,1,8,3,4,8,3,11,15,12,6,0,0,2,12,0
20,3,2,25,6,0,1,3,1,0,0,3,12,0,0,6,2,40,1,8,3,4,8,2,10,14,11,6,0,0,1,13,0
22,2,1,22,6,0,1,3,1,0,1,0,15,0,0,6,2,40,2,6,2,3,6,7,10,15,11,6,0,0,1,12,30
79,2,1,14,6,0,1,3,1,0,1,2,13,0,0,6,2,40,2,5,2,3,5,8,9,16,11,7,0,0,2,11,30
-11,2,1,28,5,0,1,3,1,0,1,0,15,0,0,6,2,40,2,5,2,3,5,7,8,15,10,6,0,0,1,13,30
2,2,1,12,4,0,1,3,1,0,1,14,1,0,0,6,2,40,2,5,2,3,5,6,7,14,9,5,0,0,1,11,15
6,2,2,22,4,0,1,2,1,0,1,10,5,0,0,6,2,40,2,5,2,3,5,5,6,13,8,5,0,0,1,12,30
58,2,2,12,4,0,1,1,1,0,1,5,10,0,0,6,2,40,2,5,2,4,5,5,5,12,7,4,0,0,1,11,15
13,1,1,10,5,0,1,1,0,0,1,1,14,0,0,6,2,40,2,4,1,3,4,4,5,11,7,4,0,0,2,11,0
24,1,1,7,5,0,1,1,0,0,0,13,2,0,0,6,2,40,2,4,1,3,4,3,5,11,6,4,0,0,1,10,30
51,1,1,20,5,0,1,0,0,0,0,9,6,0,0,6,2,40,2,4,1,3,4,2,5,11,5,4,0,0,2,12,15
59,1,1,10,5,0,1,0,0,0,0,6,9,0,0,6,2,40,2,3,2,3,3,1,5,10,5,4,0,0,2,11,0
-42,0,0,7,7,0,0,0,0,0,0,2,13,0,0,6,2,40,1,1,1,1,1,5,7,9,7,5,0,0,1,10,30
90,0,0,4,6,0,0,0,0,0,0,14,1,0,0,6,2,40,1,1,1,1,1,4,7,8,6,4,0,0,1,10,0
49,0,0,2,5,0,0,0,0,0,0,13,2,0,0,6,2,40,1,1,1,1,1,3,6,7,5,3,0,0,1,9,30
-10,0,0,6,5,0,0,0,0,0,0,0,2,0,0,6,2,40,0,0,0,0,0,4,6,6,6,4,0,0,2,10,15
28,0,0,0,4,0,0,0,0,0,0,0,13,0,1,6,2,40,0,0,0,0,0,3,5,5,5,4,0,0,1,9,0
-15,0,0,1,3,0,0,0,0,0,0,0,20,0,0,6,2,40,0,0,0,0,0,4,4,4,4,4,0,0,1,9,15
-36,0,0,3,2,0,0,0,0,0,0,0,28,0,0,6,2,40,0,0,0,0,0,3,3,3,3,3,0,0,2,9,45
-15,0,0,4,1,0,0,0,0,0,0,0,46,0,0,6,2,40,0,0,0,0,0,2,2,2,2,2,0,0,1,10,0
-3,0,0,9,0,0,0,0,0,0,0,0,49,0,0,6,2,40,0,0,0,0,0,1,1,1,1,1,0,0,2,10,45
2,29,2,53,1,0,0,1,0,0,0,1,14,1,0,5,2,39,1,51,2,4,11,2,3,7,2,0,5,1,1,17,45
38,29,2,49,1,0,0,1,0,0,0,14,1,0,0,5,2,39,1,50,1,5,12,1,4,6,2,0,5,1,1,17,0
10,27,4,47,1,0,0,2,0,0,1,4,11,0,0,5,2,39,2,47,2,6,12,3,5,13,3,1,5,1,2,16,45
-16,27,5,52,1,0,0,2,0,0,1,21,9,0,0,5,2,39,1,46,2,7,12,3,4,12,4,2,5,1,1,17,30
-32,27,5,49,2,0,0,2,0,0,0,18,12,0,0,5,2,39,2,45,1,7,11,2,3,11,3,2,4,1,1,17,0
-21,26,4,46,1,0,0,2,0,0,0,13,2,0,0,5,2,39,0,45,5,8,12,2,6,13,4,2,4,1,2,16,30
25,25,4,47,3,0,0,1,0,0,0,14,1,0,0,5,2,39,1,43,5,7,12,1,7,12,4,2,4,1,2,16,45
-46,22,2,51,5,0,1,1,1,0,0,13,2,0,0,5,2,39,2,38,2,4,11,6,9,14,7,4,3,2,1,17,15
28,22,2,39,4,0,1,1,1,0,0,10,5,0,0,5,2,39,2,38,3,5,12,5,8,13,6,3,3,1,2,15,15
2,22,2,43,3,0,1,1,1,0,0,7,8,0,0,5,2,39,2,38,3,5,12,4,8,12,5,2,3,2,2,15,45
24,22,2,37,2,0,1,1,1,0,0,1,14,0,0,5,2,39,1,38,4,5,13,5,7,12,5,1,3,2,2,15,0
12,21,2,44,3,0,1,1,1,0,0,3,12,0,0,5,2,39,1,36,2,5,11,4,7,12,6,1,3,2,1,16,0
-8,21,2,39,3,0,0,1,1,0,0,1,14,0,0,5,2,39,1,36,2,5,12,3,6,11,5,1,3,2,2,15,15
4,21,3,35,2,0,1,1,1,0,0,7,8,0,0,5,2,39,2,35,2,5,13,4,5,10,4,1,3,2,2,14,45
-34,21,3,44,1,0,1,1,1,0,0,4,11,0,0,5,2,39,2,35,2,5,13,3,4,9,3,0,2,2,1,16,0
-30,20,3,41,2,0,1,1,0,0,0,14,1,0,0,5,2,39,0,34,3,7,13,3,6,10,5,1,2,1,1,15,30
82,20,4,32,3,0,1,0,0,0,0,9,6,0,0,5,2,39,1,33,3,7,13,2,5,9,4,1,1,1,1,14,15
-38,19,3,37,3,0,0,0,0,0,0,0,15,0,0,5,2,39,0,33,3,8,14,1,5,10,4,1,1,0,2,15,0
-12,18,5,31,5,0,0,0,0,0,0,14,1,0,0,5,2,39,0,30,5,8,15,4,5,12,6,3,1,0,2,14,0
-40,18,5,32,6,0,1,0,0,0,0,7,8,0,0,5,2,39,3,27,2,6,13,3,4,12,5,2,1,0,1,14,15
-31,17,4,35,5,0,1,0,0,0,0,14,1,0,0,5,2,39,2,27,4,6,13,3,5,12,5,2,1,1,2,14,45
109,16,3,25,5,0,1,0,0,0,0,2,13,0,0,5,2,39,2,26,4,6,12,2,5,14,5,2,1,1,2,12,45
32,15,5,25,5,0,1,0,0,0,0,4,11,0,0,5,2,39,1,25,4,7,15,1,5,16,6,2,1,1,2,12,45
-93,13,6,34,5,0,2,1,1,0,0,4,11,0,0,5,2,39,2,21,3,7,13,4,9,19,8,3,0,1,2,14,30
8,13,6,30,4,0,2,1,1,0,0,2,13,0,0,5,2,39,2,21,3,7,13,3,8,18,7,3,0,0,1,13,30
118,13,7,12,5,0,1,1,1,0,0,5,10,0,0,5,2,39,2,20,4,6,14,4,9,17,7,3,0,0,3,10,45
12,12,6,27,4,0,1,2,1,0,0,1,14,0,0,5,2,39,2,19,4,5,13,4,10,16,7,3,0,0,1,13,0
14,10,5,23,5,0,2,2,1,0,0,7,8,0,0,5,2,39,2,16,2,6,13,7,11,17,9,2,0,0,2,12,30
61,10,6,27,4,0,2,2,1,0,0,6,9,0,0,5,2,39,2,16,2,7,13,6,10,16,8,1,0,0,1,13,0
15,10,6,19,3,0,2,2,1,0,0,5,10,0,0,5,2,39,2,16,2,7,13,5,10,15,7,1,0,0,1,11,45
26,8,4,23,2,0,2,2,1,0,2,9,6,0,0,5,2,39,2,14,2,6,12,7,11,16,8,3,0,0,2,12,30
-2,7,4,21,2,0,2,2,0,0,2,6,9,0,0,5,2,39,1,14,3,6,12,7,10,15,8,4,0,0,2,12,15
20,7,5,18,1,0,2,2,0,0,2,13,2,0,0,5,2,39,1,14,4,6,13,6,10,14,7,4,0,0,1,11,30
-46,7,5,29,1,0,1,2,0,0,2,11,4,0,0,5,2,39,1,14,4,8,13,5,9,13,6,4,0,0,1,13,15
23,6,4,14,1,0,1,2,0,0,1,2,13,0,0,5,2,39,0,14,5,8,14,5,8,13,6,4,0,0,1,11,0
18,6,4,17,1,0,0,2,0,0,1,1,14,0,0,5,2,39,0,14,5,8,14,4,7,12,5,3,0,0,1,11,15
1,6,4,20,2,0,0,1,0,0,1,14,1,0,0,5,2,39,1,13,4,7,13,4,6,11,4,2,0,0,2,12,0
10,6,5,14,2,0,0,2,0,0,0,8,7,0,0,5,2,39,1,12,4,6,12,4,6,10,4,2,0,0,1,11,0
-275,4,3,41,3,0,1,2,0,0,0,5,10,0,0,5,2,39,2,9,3,6,9,4,6,12,5,2,0,0,1,15,30
-26,4,4,21,3,0,1,1,0,0,0,14,1,0,0,5,2,39,2,9,3,7,9,3,6,11,4,2,0,0,2,12,15
11,4,4,10,4,0,0,1,0,0,0,10,5,0,0,5,2,39,2,8,2,6,8,3,6,12,4,3,0,0,2,10,30
47,3,3,12,3,0,0,1,0,0,0,4,11,0,0,5,2,39,1,8,3,6,8,3,5,11,4,2,0,0,3,10,45
-33,2,2,14,2,0,0,2,0,0,1,11,4,0,0,5,2,39,1,6,4,6,6,4,5,12,5,3,0,0,1,11,0
13,1,1,6,2,0,0,2,0,0,1,5,10,0,0,5,2,39,1,5,3,5,5,3,5,11,5,2,0,0,2,10,0
6,1,1,10,4,0,0,1,1,0,1,3,12,0,0,5,2,39,3,2,2,2,2,3,6,10,5,2,0,0,2,10,30
-17,0,0,8,4,0,0,1,1,0,0,12,3,0,0,5,2,39,2,2,2,2,2,2,5,9,5,3,0,0,2,10,15
17,0,0,1,4,0,0,1,1,0,1,7,8,0,0,5,2,39,2,0,0,0,0,3,8,8,6,3,0,0,2,9,15
8,0,0,8,3,0,0,1,1,0,1,0,8,0,0,5,2,39,0,0,0,0,0,5,7,7,7,2,0,0,2,10,15
-28,0,0,2,3,0,0,1,1,0,0,0,13,0,0,5,2,39,0,0,0,0,0,4,6,6,6,2,0,0,2,9,30
-2,0,0,0,2,0,0,1,1,0,0,0,24,0,1,5,2,39,0,0,0,0,0,5,5,5,5,2,0,0,1,9,0
-24,0,0,4,1,0,0,1,1,0,0,0,33,0,0,5,2,39,0,0,0,0,0,4,4,4,4,2,0,0,2,9,45
10,0,0,4,1,0,0,0,1,0,0,0,34,0,0,5,2,39,0,0,0,0,0,3,3,3,3,1,0,0,2,9,45
-19,0,0,2,1,0,0,0,0,0,0,0,44,0,0,5,2,39,0,0,0,0,0,2,2,2,2,1,0,0,2,9,30
-17,0,0,6,0,0,0,0,0,0,0,0,45,0,0,5,2,39,0,0,0,0,0,1,1,1,1,1,0,0,2,10,0
30,31,5,47,0,0,0,1,0,0,0,0,0,1,0,4,2,38,0,46,2,6,14,2,2,7,2,2,3,1,1,17,30
49,29,4,45,2,0,0,0,0,0,0,3,12,0,0,4,2,38,0,44,4,8,14,1,3,9,3,2,3,0,1,17,0
32,26,5,44,3,0,2,0,0,0,2,22,8,0,0,4,2,38,2,38,4,6,9,2,6,13,6,1,3,0,1,16,45
-24,26,5,46,3,0,2,0,0,0,1,22,8,0,0,4,2,38,2,38,4,6,9,1,5,12,5,1,3,0,1,17,15
32,24,6,40,5,0,1,0,1,0,2,4,11,0,0,4,2,38,2,34,2,5,7,5,7,15,8,2,3,0,2,16,0
39,24,6,40,4,0,1,0,1,0,2,4,11,0,0,4,2,38,2,34,3,5,7,4,6,14,7,2,3,0,2,16,0
-12,24,6,42,4,0,0,0,1,0,2,1,14,0,0,4,2,38,2,34,3,5,7,3,5,13,6,2,3,0,1,16,30
1,21,4,38,4,0,0,2,0,0,2,8,7,0,0,4,2,38,1,32,3,3,7,4,8,13,8,3,3,0,2,15,45
35,21,4,37,4,0,0,2,0,0,1,5,10,0,0,4,2,38,1,32,3,3,7,3,7,12,7,2,3,0,2,15,30
60,20,3,33,3,0,0,2,0,0,2,0,15,0,0,4,2,38,1,31,2,2,7,2,7,11,7,3,3,0,2,15,0
77,19,2,35,3,0,0,3,0,0,1,2,13,0,0,4,2,38,1,30,1,3,7,4,6,10,7,2,3,0,1,15,15
1,18,3,38,2,0,1,3,0,0,1,10,5,0,0,4,2,38,1,29,0,4,8,5,9,9,7,2,3,1,2,15,45
-16,17,2,42,1,0,1,3,0,0,1,3,12,0,0,4,2,38,0,29,1,4,8,4,8,8,7,3,3,1,1,16,30
10,17,2,33,1,0,1,3,0,0,0,2,13,0,0,4,2,38,0,29,2,4,9,3,7,7,6,3,3,1,2,15,0
7,17,2,30,1,0,0,3,0,0,0,12,3,0,0,4,2,38,0,29,2,4,9,3,6,7,5,3,3,1,2,14,30
140,17,3,31,0,0,0,3,0,0,0,3,12,0,0,4,2,38,0,29,2,4,11,4,5,8,4,2,3,1,2,14,45
72,17,4,29,1,0,1,2,0,0,0,29,16,0,0,4,2,38,2,27,2,4,9,4,4,7,3,1,3,1,1,14,15
4,17,4,35,1,0,1,1,0,0,0,26,19,0,0,4,2,38,2,27,2,5,9,3,3,6,2,1,3,1,1,15,15
15,17,4,31,1,0,1,0,0,0,0,22,23,0,0,4,2,38,2,27,2,5,11,2,2,6,1,0,2,1,2,14,45
19,15,2,28,2,0,1,0,0,0,0,12,33,0,0,4,2,38,2,25,1,3,11,1,1,6,2,0,2,0,1,13,30
66,13,3,23,4,0,2,1,0,0,0,0,15,0,0,4,2,38,2,20,2,8,14,3,6,15,6,3,2,1,2,12,45
53,12,2,21,4,0,1,1,0,0,0,11,4,0,0,4,2,38,1,20,2,8,15,2,6,15,6,3,2,1,2,12,30
-3,11,1,23,5,0,0,1,0,0,0,7,8,0,0,4,2,38,1,19,3,8,15,2,5,14,6,3,1,1,2,12,45
-17,10,1,25,5,0,0,1,0,0,1,7,8,0,0,4,2,38,1,16,6,10,15,4,7,18,7,4,1,0,1,13,0
-1,10,2,27,6,0,0,1,0,0,1,2,13,0,0,4,2,38,3,15,4,8,13,3,8,19,6,3,1,1,1,13,15
-6,10,2,15,7,0,0,1,0,0,1,6,9,0,0,4,2,38,2,13,3,7,12,4,10,18,8,2,1,1,2,11,45
-28,10,4,19,7,0,0,1,0,0,1,12,3,0,0,4,2,38,2,12,3,7,12,3,9,17,8,2,1,1,2,12,15
11,10,5,19,6,0,1,1,0,0,1,12,3,0,0,4,2,38,2,11,5,7,11,5,11,17,8,3,1,1,2,12,15
8,10,5,25,5,0,1,1,0,0,1,11,4,0,0,4,2,38,2,11,5,7,11,4,10,16,7,3,1,1,1,13,0
-37,9,6,17,6,0,1,3,0,0,0,11,4,0,0,4,2,38,1,8,3,6,8,7,12,16,10,4,1,1,2,12,0
86,9,7,10,6,0,1,3,0,0,0,6,9,0,0,4,2,38,2,7,3,5,7,6,11,15,9,3,1,1,1,11,0
-28,9,7,21,6,0,1,2,0,0,0,6,9,0,0,4,2,38,2,7,3,5,7,5,10,14,8,3,0,1,2,12,30
7,8,6,17,6,0,1,2,0,0,0,11,4,0,0,4,2,38,2,6,2,5,6,6,11,13,8,3,0,0,2,12,0
-1,8,6,13,5,0,1,2,0,0,0,10,5,0,0,4,2,38,2,6,3,5,6,5,10,12,7,3,0,0,2,11,30
-8,8,6,15,4,0,1,2,0,0,0,9,6,0,0,4,2,38,2,6,3,5,6,4,9,11,6,3,0,0,2,11,45
-7,6,5,12,5,0,0,2,0,0,0,11,4,0,0,4,2,38,1,5,2,5,5,6,8,11,7,5,0,0,2,11,15
1,5,5,7,5,0,0,2,0,0,0,2,13,0,0,4,2,38,1,4,2,4,4,7,7,10,7,5,0,0,1,10,30
-2,5,5,10,4,0,0,2,0,0,0,28,2,0,0,4,2,38,1,4,3,4,4,6,7,9,6,4,0,0,1,11,0
3,4,4,9,4,0,0,2,0,0,0,20,10,0,0,4,2,38,1,3,2,3,3,5,7,10,6,5,0,0,2,10,45
10,3,3,5,3,0,0,2,0,0,0,16,14,0,0,4,2,38,0,3,2,3,3,4,6,9,6,5,0,0,2,10,15
30,3,3,7,3,0,0,1,0,0,0,15,15,0,0,4,2,38,0,3,2,3,3,3,5,8,5,5,0,0,1,10,30
18,2,2,5,4,0,0,0,0,0,0,5,25,0,0,4,2,38,0,2,2,2,2,2,4,7,5,4,0,0,2,10,15
-19,2,2,13,3,0,0,0,0,0,0,3,27,0,0,4,2,38,0,2,2,2,2,1,3,6,4,3,0,0,2,11,30
37,0,0,1,4,0,0,0,0,0,0,13,2,0,0,4,2,38,0,0,0,0,0,2,3,5,5,4,0,0,2,9,15
36,0,0,2,3,0,0,0,0,0,0,7,8,0,0,4,2,38,0,0,0,0,0,1,3,4,4,4,0,0,1,9,30
6,0,0,2,2,0,0,0,0,0,0,0,29,0,0,4,2,38,0,0,0,0,0,3,3,3,3,3,0,0,1,9,30
21,0,0,0,1,0,0,0,0,0,0,0,47,0,1,4,2,38,0,0,0,0,0,2,2,2,2,2,0,0,1,9,0
17,0,0,4,0,0,0,0,0,0,0,0,54,0,0,4,2,38,0,0,0,0,0,1,1,1,1,1,0,0,2,9,45
32,27,4,36,5,0,0,1,0,0,1,7,8,0,0,3,2,37,2,35,3,4,9,3,7,13,6,3,6,2,1,16,15
-30,26,3,41,5,0,0,1,0,0,1,4,11,0,0,3,2,37,1,34,3,4,8,5,8,13,7,2,6,3,1,17,15
-27,25,2,40,7,0,0,1,0,0,0,11,4,0,0,3,2,37,2,32,1,3,6,5,8,12,7,2,6,4,1,17,0
35,25,3,38,7,0,0,0,0,0,0,2,13,0,0,3,2,37,2,32,2,3,6,5,9,12,6,2,5,4,1,16,30
-37,25,3,42,6,0,0,0,0,0,0,1,14,1,0,3,2,37,2,32,2,3,6,4,8,11,5,1,5,3,1,17,30
36,23,1,33,5,0,1,0,0,0,0,6,9,0,0,3,2,37,1,31,1,3,7,4,7,10,6,1,4,3,1,15,45
-17,23,2,39,4,0,1,0,0,0,0,2,13,0,0,3,2,37,1,31,2,3,7,3,6,9,5,1,4,2,1,16,45
15,23,2,31,4,0,1,0,0,0,0,6,9,0,0,3,2,37,1,30,1,4,7,4,6,8,5,1,4,3,2,15,30
-30,23,3,35,4,0,0,0,0,0,0,29,1,0,0,3,2,37,1,30,1,4,8,4,6,7,4,1,3,3,2,16,0
-2,23,4,36,4,0,0,0,0,0,0,12,18,0,0,3,2,37,1,29,1,3,9,4,5,6,4,1,2,2,1,16,15
-2,23,4,30,3,0,0,0,0,0,0,9,21,0,0,3,2,37,1,29,3,3,9,3,4,6,3,1,2,1,2,15,15
17,23,4,33,2,0,0,0,0,0,0,5,25,0,0,3,2,37,1,29,3,3,9,2,4,5,2,1,2,1,1,15,45
94,21,3,23,2,0,0,0,0,0,0,12,18,0,0,3,2,37,0,28,2,4,11,2,3,7,3,2,1,1,1,13,0
15,20,2,31,3,0,0,0,0,0,0,44,1,0,0,3,2,37,1,26,1,4,11,2,2,10,3,1,1,0,2,15,30
5,19,4,28,2,0,0,0,0,0,0,22,23,0,0,3,2,37,0,26,3,6,13,1,2,9,3,2,1,0,1,14,45
-48,15,5,27,5,0,1,1,0,0,0,9,6,0,0,3,2,37,1,20,3,7,13,6,8,14,7,5,1,1,2,14,15
75,14,5,23,5,0,1,1,0,0,0,14,1,0,0,3,2,37,1,19,4,8,13,7,7,14,7,5,1,1,1,13,0
42,14,5,26,4,0,1,1,0,0,0,11,4,0,0,3,2,37,1,19,4,8,13,6,6,13,6,5,1,1,1,13,30
13,14,6,25,6,0,1,0,0,0,0,14,1,0,0,3,2,37,2,17,3,8,12,5,5,14,6,5,1,1,1,13,15
35,14,6,18,5,0,1,0,0,0,0,11,4,0,0,3,2,37,2,17,4,8,12,4,4,15,5,4,1,1,3,12,30
7,14,6,20,5,0,0,0,0,0,0,10,5,0,0,3,2,37,2,17,4,8,12,3,4,14,4,4,0,1,2,12,45
29,13,5,18,4,0,0,0,0,0,0,8,7,0,0,3,2,37,1,17,4,8,12,2,4,14,4,4,0,0,3,12,30
27,12,4,20,4,0,0,1,0,0,0,3,12,0,0,3,2,37,2,15,3,7,10,1,5,14,4,3,0,0,2,12,45
23,8,3,15,6,0,1,2,1,0,0,11,4,0,0,3,2,37,1,9,2,4,9,6,11,15,10,5,0,0,1,12,0
40,8,3,14,5,0,1,2,1,0,0,10,5,0,0,3,2,37,1,9,2,4,9,5,10,14,9,5,0,0,2,11,45
-28,8,3,17,4,0,1,2,1,0,0,7,8,0,0,3,2,37,1,9,2,4,9,4,10,13,8,4,0,0,2,12,15
-129,8,3,28,3,0,1,2,2,0,0,4,11,0,0,3,2,37,1,8,2,3,8,4,10,13,8,3,0,0,1,14,45
-3,8,4,12,2,0,1,2,2,0,0,0,15,0,0,3,2,37,1,8,2,3,8,3,9,12,7,2,0,0,1,11,30
-67,7,4,20,3,0,1,2,1,0,0,12,3,0,0,3,2,37,1,7,2,5,7,5,8,12,7,2,0,0,2,12,45
-11,6,3,12,3,0,0,2,1,0,0,7,8,0,0,3,2,37,0,7,2,5,7,6,7,11,7,3,0,0,1,11,30
6,5,4,15,4,0,0,2,1,0,0,2,13,0,0,3,2,37,1,5,2,5,5,6,6,13,7,3,0,0,1,12,0
69,5,4,10,4,0,0,1,1,0,0,0,15,0,0,3,2,37,1,5,2,5,5,5,5,12,6,3,0,0,1,11,0
67,5,4,9,4,0,0,0,1,0,0,12,3,0,0,3,2,37,1,5,3,5,5,4,6,11,5,2,0,0,1,10,45
33,5,4,8,4,0,0,0,0,0,0,11,4,0,0,3,2,37,1,5,3,5,5,3,5,10,4,2,0,0,1,10,30
24,5,4,11,3,0,0,0,0,0,0,9,6,0,0,3,2,37,1,5,3,5,5,2,4,9,3,1,0,0,2,11,15
29,5,5,7,2,0,0,0,0,0,0,6,9,0,0,3,2,37,1,5,3,5,5,1,4,8,2,1,0,0,1,10,15
55,1,1,5,5,0,0,1,0,0,0,29,1,0,0,3,2,37,1,0,0,0,0,3,7,7,6,4,0,0,1,10,0
21,1,1,1,4,0,0,1,0,0,0,28,2,0,0,3,2,37,1,0,0,0,0,2,6,6,5,3,0,0,2,9,30
14,0,0,3,3,0,0,1,0,0,0,21,9,0,0,3,2,37,0,0,0,0,0,2,5,5,5,3,0,0,2,9,45
16,0,0,5,2,0,0,1,0,0,0,0,3,0,0,3,2,37,0,0,0,0,0,4,4,4,4,3,0,0,1,10,0
7,0,0,1,1,0,0,1,0,0,0,0,22,0,0,3,2,37,0,0,0,0,0,3,3,3,3,2,0,0,2,9,30
-9,0,0,3,1,0,0,0,0,0,0,0,22,0,0,3,2,37,0,0,0,0,0,2,2,2,2,1,0,0,2,9,45
22,0,0,0,0,0,0,0,0,0,0,0,28,0,1,3,2,37,0,0,0,0,0,1,1,1,1,0,0,0,2,9,0
24,37,5,49,2,0,0,0,0,0,0,3,0,1,0,2,2,36,1,47,4,5,10,2,3,6,2,2,5,1,1,17,30
60,36,5,47,1,0,0,1,1,0,0,24,6,0,0,2,2,36,2,45,3,4,9,1,2,6,2,1,5,1,1,17,0
62,32,3,44,1,0,0,2,2,0,0,6,9,0,0,2,2,36,1,42,2,5,12,2,4,9,5,2,4,2,2,16,30
33,31,2,45,2,0,1,2,1,0,0,1,14,0,0,2,2,36,2,40,2,4,11,2,5,9,5,3,4,2,2,16,45
20,30,4,45,2,0,1,2,1,0,0,8,7,0,0,2,2,36,2,39,3,6,11,3,5,9,5,2,3,2,2,16,45
14,29,4,43,3,0,1,2,0,0,0,1,14,0,0,2,2,36,2,38,2,6,11,3,4,11,5,2,3,1,1,16,15
58,29,6,41,4,0,1,2,0,0,0,12,3,0,0,2,2,36,3,36,2,6,10,3,5,10,5,1,2,1,1,16,0
11,29,6,47,4,0,1,1,0,0,0,2,13,0,0,2,2,36,3,36,4,7,11,2,5,10,4,1,2,0,1,17,0
52,29,7,36,3,0,1,1,0,0,0,0,15,0,0,2,2,36,3,36,4,7,11,1,4,9,3,1,2,0,2,15,15
13,23,2,34,4,0,1,4,0,0,1,7,8,0,0,2,2,36,2,30,2,4,10,3,7,11,9,3,2,0,1,15,0
7,23,2,32,4,0,1,4,0,0,0,6,9,0,0,2,2,36,2,30,2,4,10,3,6,10,8,3,2,0,2,14,45
7,23,2,39,5,0,0,4,0,0,0,4,11,0,0,2,2,36,2,29,2,4,11,3,6,11,8,4,2,0,2,15,45
43,22,2,30,5,0,0,4,0,0,0,36,9,0,0,2,2,36,2,28,2,4,11,4,6,11,8,4,2,0,1,14,15
27,22,3,32,5,0,0,4,0,0,0,22,23,0,0,2,2,36,3,27,2,4,11,4,6,10,7,3,2,0,2,14,45
9,21,2,31,4,0,0,4,0,0,0,18,27,0,0,2,2,36,2,27,2,4,11,3,5,12,7,4,2,0,2,14,30
-1,21,4,39,4,0,0,3,0,0,0,16,29,0,0,2,2,36,2,27,2,4,12,2,4,11,6,3,2,0,2,15,45
-23,21,6,37,4,0,0,4,0,0,0,10,5,0,0,2,2,36,3,25,2,7,12,2,5,13,6,3,2,0,2,15,30
61,20,8,28,3,0,0,4,0,0,0,8,7,0,0,2,2,36,1,25,5,8,12,3,6,15,7,3,2,0,1,13,15
17,19,7,27,5,0,0,3,0,0,0,8,7,0,0,2,2,36,2,23,5,7,11,3,5,18,7,2,2,0,1,13,0
119,17,6,25,7,0,1,2,0,0,0,9,6,0,0,2,2,36,3,20,3,6,10,4,9,17,8,2,2,0,1,12,45
-35,15,4,34,7,0,1,2,0,0,0,12,3,0,0,2,2,36,2,19,3,6,11,3,9,16,9,2,2,1,1,15,0
-116,15,4,37,7,0,1,2,0,0,0,8,7,0,0,2,2,36,3,18,2,5,11,2,8,15,8,1,2,1,2,15,30
22,13,3,29,7,0,1,2,0,0,0,10,5,0,0,2,2,36,2,17,3,4,11,5,10,15,9,3,2,2,1,13,30
-155,12,3,41,7,0,1,2,0,0,0,6,9,0,0,2,2,36,2,16,3,5,14,6,13,16,9,2,2,2,1,16,0
28,12,3,20,6,0,1,2,0,0,0,4,11,0,0,2,2,36,1,16,3,6,14,5,12,15,9,3,2,2,1,12,0
15,12,3,25,5,0,1,2,0,0,0,3,12,0,0,2,2,36,1,16,3,6,14,4,11,14,8,3,2,2,1,12,45
10,12,3,20,4,0,1,3,0,0,0,14,1,0,0,2,2,36,2,15,2,5,13,5,10,13,7,3,2,2,1,12,0
2,11,3,23,4,0,1,3,0,0,0,9,6,0,0,2,2,36,2,14,1,4,12,5,9,13,7,4,2,2,2,12,30
28,11,4,17,4,0,1,3,0,0,0,13,2,0,0,2,2,36,2,13,1,5,13,7,8,14,7,5,1,2,2,11,45
-41,11,4,23,4,0,0,3,0,0,0,3,12,0,0,2,2,36,1,13,3,6,13,7,8,14,7,5,1,1,2,12,30
61,10,3,17,3,0,0,3,0,0,0,3,12,0,0,2,2,36,0,13,3,6,13,6,7,13,7,5,0,1,2,11,45
-12,10,4,17,3,0,0,2,0,0,0,29,1,0,0,2,2,36,0,13,3,7,13,5,6,12,6,5,0,0,2,11,45
66,10,5,13,3,0,0,1,0,0,0,23,7,0,0,2,2,36,0,13,3,7,13,4,5,13,5,4,0,0,2,11,15
33,10,6,22,2,0,0,1,0,0,0,20,10,0,0,2,2,36,0,13,3,8,13,3,4,12,4,3,0,0,2,12,15
12,10,6,15,2,0,0,1,0,0,0,16,14,0,0,2,2,36,1,12,4,8,12,2,4,13,3,3,0,0,3,11,30
3,10,7,13,1,0,0,1,0,0,0,9,21,0,0,2,2,36,1,12,5,9,12,1,4,14,2,2,0,0,2,11,15
10,7,6,9,4,0,1,1,0,0,0,4,11,0,0,2,2,36,2,7,5,7,7,3,7,14,5,2,0,0,2,10,30
-6,4,4,9,5,0,1,1,0,0,1,1,14,0,0,2,2,36,1,4,4,4,4,5,10,13,8,3,0,0,2,10,30
6,4,4,11,5,0,1,0,0,0,1,14,1,0,0,2,2,36,1,4,4,4,4,4,9,12,7,3,0,0,2,10,45
-7,2,2,15,6,0,1,0,0,0,1,12,3,0,0,2,2,36,1,2,2,2,2,5,11,11,8,4,0,0,3,11,30
9,2,2,4,7,0,0,0,0,0,1,4,11,0,0,2,2,36,1,1,1,1,1,6,10,10,8,3,0,0,2,9,45
37,2,2,2,7,0,0,0,0,0,1,2,13,0,0,2,2,36,2,0,0,0,0,5,9,9,7,2,0,0,2,9,30
67,2,2,2,6,0,0,0,0,0,1,11,4,0,0,2,2,36,2,0,0,0,0,6,8,8,6,2,0,0,2,9,30
-67,0,0,11,5,0,0,0,0,0,1,14,1,0,0,2,2,36,0,0,0,0,0,7,7,7,7,2,0,0,2,10,45
9,0,0,6,4,0,0,0,0,0,1,8,7,0,0,2,2,36,0,0,0,0,0,6,6,6,6,2,0,0,1,10,0
16,0,0,6,3,0,0,0,0,0,1,5,10,0,0,2,2,36,0,0,0,0,0,5,5,5,5,2,0,0,1,10,0
-12,0,0,8,3,0,0,0,0,0,0,2,13,0,0,2,2,36,0,0,0,0,0,4,4,4,4,1,0,0,2,10,15
25,0,0,0,2,0,0,0,0,0,0,0,3,0,1,2,2,36,0,0,0,0,0,3,3,3,3,1,0,0,1,9,0
2,0,0,1,1,0,0,0,0,0,0,0,5,0,0,2,2,36,0,0,0,0,0,2,2,2,2,1,0,0,2,9,15
1,0,0,4,0,0,0,0,0,0,0,0,7,0,0,2,2,36,0,0,0,0,0,1,1,1,1,0,0,0,2,9,45
36,31,6,46,4,0,0,1,0,0,0,12,3,1,0,6,2,33,2,41,3,7,12,2,2,7,4,1,5,1,1,17,30
83,29,6,39,5,0,0,0,0,0,0,2,13,0,0,6,2,33,1,40,5,9,12,1,3,8,5,3,4,1,2,16,30
-8,24,3,43,7,0,1,2,0,0,1,5,10,0,0,6,2,33,2,33,3,4,7,3,6,16,10,6,4,0,1,17,0
35,23,2,45,7,0,1,2,1,0,1,5,10,0,0,6,2,33,3,31,2,3,6,3,6,15,10,6,4,0,1,17,15
52,23,3,41,7,0,1,2,1,0,1,10,5,0,0,6,2,33,3,30,1,3,7,3,7,15,10,7,4,0,2,16,45
19,22,3,39,7,0,0,2,1,0,1,44,1,0,0,6,2,33,2,30,1,3,7,4,8,16,10,7,4,1,2,16,30
37,22,3,41,7,0,0,2,1,0,1,34,11,0,0,6,2,33,3,29,1,2,8,3,8,16,9,6,4,2,2,16,45
44,21,2,37,6,0,0,2,1,0,1,25,20,0,0,6,2,33,1,29,2,2,8,4,11,15,10,6,4,3,2,16,15
81,21,2,33,5,0,0,2,1,0,1,16,29,0,0,6,2,33,1,29,2,3,9,4,10,14,9,5,4,3,2,15,45
8,20,2,37,6,0,1,2,1,0,0,11,4,0,0,6,2,33,2,27,0,4,8,9,10,14,9,4,4,3,2,16,15
30,20,2,31,5,0,1,2,1,0,0,11,4,0,0,6,2,33,2,27,0,4,8,8,9,13,8,4,4,3,2,15,0
-1,20,2,35,5,0,1,1,1,0,0,5,10,0,0,6,2,33,2,27,1,4,8,7,9,13,7,4,3,3,2,16,0
15,19,2,29,5,0,0,1,1,0,0,0,15,0,0,6,2,33,1,27,1,4,8,6,9,12,7,3,3,2,2,14,45
75,19,2,28,4,0,0,1,1,0,0,8,2,0,0,6,2,33,1,27,1,4,9,5,8,11,6,3,2,2,2,14,35
-27,19,2,35,4,0,0,1,0,0,0,4,1,0,0,6,2,33,1,27,2,6,10,4,8,10,5,2,1,2,2,16,0
176,19,2,23,3,0,0,1,0,0,0,3,2,0,0,6,2,33,1,27,2,6,10,3,7,9,4,1,1,1,1,13,15
93,19,2,31,2,0,0,1,0,0,0,1,4,0,0,6,2,33,1,27,3,6,11,2,6,10,3,1,1,1,2,15,0
4,19,2,29,1,0,0,1,0,0,0,14,1,0,0,6,2,33,1,27,3,6,11,1,5,9,2,1,1,1,2,14,45
-156,18,3,43,3,0,0,1,0,0,0,28,17,0,0,6,2,33,1,24,3,5,12,4,5,9,4,1,1,1,1,17,0
45,18,4,33,4,0,0,0,0,0,0,20,25,0,0,6,2,33,2,23,3,4,12,3,5,9,3,1,1,1,2,15,45
77,17,3,19,3,0,0,0,0,0,0,16,29,0,0,6,2,33,0,23,3,4,13,2,4,8,4,2,1,1,1,12,30
47,17,3,23,3,0,0,0,0,0,0,7,38,0,0,6,2,33,1,22,3,4,12,1,3,7,3,1,0,1,1,13,15
-8,15,6,25,2,0,0,1,1,0,1,1,14,0,0,6,2,33,1,19,3,7,13,4,5,12,5,3,0,0,1,13,30
-31,14,6,27,1,0,0,1,1,0,1,6,9,0,0,6,2,33,0,19,4,7,14,3,5,12,5,2,0,0,1,14,30
-26,13,6,26,3,0,0,1,1,0,1,1,14,0,0,6,2,33,2,16,4,6,12,3,4,11,5,3,0,0,1,14,15
25,13,6,22,3,0,0,1,1,0,0,1,14,0,0,6,2,33,2,16,4,6,12,2,3,10,4,2,0,0,2,13,0
37,12,5,17,5,0,0,1,0,0,0,3,12,0,0,6,2,33,2,14,4,5,11,2,7,9,5,3,0,0,2,12,15
13,9,4,15,4,0,1,1,1,0,0,13,2,0,0,6,2,33,1,12,2,6,9,2,7,12,7,4,0,0,2,12,0
64,7,6,10,5,0,1,1,1,0,0,13,2,0,0,6,2,33,0,10,4,6,9,6,7,13,9,4,0,0,1,11,0
33,7,6,12,5,0,0,1,1,0,0,11,4,0,0,6,2,33,0,10,5,6,9,5,6,13,8,3,0,0,1,11,30
35,7,6,15,4,0,0,1,2,0,0,4,11,0,0,6,2,33,1,9,5,6,8,5,5,12,7,3,0,0,2,12,0
80,7,6,14,4,0,0,0,2,0,0,3,12,0,0,6,2,33,1,9,5,6,8,4,4,11,6,2,0,0,2,11,45
-3,7,6,19,3,0,0,0,2,0,0,3,12,0,0,6,2,33,1,9,5,6,8,3,3,10,5,1,0,0,1,12,30
40,7,6,11,3,0,0,1,1,0,0,0,15,0,0,6,2,33,2,8,4,5,7,2,3,9,4,1,0,0,2,11,15
-66,4,4,21,3,0,0,3,1,0,0,23,7,0,0,6,2,33,2,5,2,2,5,1,6,11,6,2,0,0,1,12,45
4,1,1,12,3,0,0,3,2,0,0,1,14,0,0,6,2,33,1,3,0,2,3,5,7,12,8,2,0,0,1,11,30
37,1,1,6,3,0,0,2,2,0,0,12,3,0,0,6,2,33,1,3,1,2,3,4,6,11,7,2,0,0,2,10,15
2,1,1,8,3,0,0,1,2,0,0,9,6,0,0,6,2,33,1,3,1,2,3,4,6,10,6,2,0,0,1,10,30
74,0,0,4,3,0,0,1,1,0,0,0,15,0,0,6,2,33,0,3,2,3,3,3,7,9,6,3,0,0,2,10,0
8,0,0,17,2,0,0,1,1,0,0,10,5,0,0,6,2,33,0,3,2,3,3,3,6,8,5,3,0,0,2,12,15
26,0,0,6,2,0,0,2,0,0,0,10,5,0,0,6,2,33,1,2,1,2,2,3,6,7,4,2,0,0,2,10,15
94,0,0,1,2,0,0,1,0,0,1,28,2,0,0,6,2,33,1,1,1,1,1,4,5,6,4,3,0,0,2,9,30
-60,0,0,8,2,0,0,1,0,0,0,10,20,0,0,6,2,33,1,1,1,1,1,4,5,5,3,2,0,0,1,10,30
72,0,0,2,2,0,0,1,0,0,0,5,25,0,0,6,2,33,2,0,0,0,0,3,4,4,2,1,0,0,2,9,45
7,0,0,4,1,0,0,1,0,0,0,1,29,0,0,6,2,33,2,0,0,0,0,2,3,3,1,1,0,0,2,10,0
-47,0,0,2,1,0,0,0,0,0,0,0,14,0,0,6,2,33,1,0,0,0,0,2,2,2,1,1,0,0,2,9,45
-19,0,0,0,0,0,0,0,0,0,0,0,39,0,1,6,2,33,0,0,0,0,0,1,1,1,1,1,0,0,1,9,0
72,33,4,46,3,0,0,1,0,0,0,15,30,0,0,5,2,32,2,45,2,3,10,3,6,9,3,0,10,3,2,16,45
1,32,5,48,3,0,0,1,0,0,0,28,2,1,0,5,2,32,2,44,2,5,12,3,5,10,3,1,9,3,1,17,30
-10,32,5,48,2,0,0,1,0,0,0,27,3,1,0,5,2,32,2,44,2,5,12,2,4,9,2,1,9,2,1,17,30
57,31,6,38,1,0,0,1,0,0,1,8,22,0,0,5,2,32,2,43,3,5,13,3,4,12,2,2,8,2,2,15,45
13,29,5,42,1,0,0,1,0,0,1,6,9,0,0,5,2,32,1,42,3,7,13,3,5,13,3,1,8,2,2,16,0
6,29,5,44,0,0,0,1,0,0,1,4,11,0,0,5,2,32,1,42,4,7,13,2,4,12,2,1,7,2,2,16,15
10,27,5,46,1,0,1,1,0,0,1,11,4,0,0,5,2,32,2,39,3,8,12,3,5,12,3,1,7,1,2,16,45
10,25,4,38,2,0,1,1,0,0,0,6,9,0,0,5,2,32,1,38,5,8,13,3,8,11,4,0,6,3,2,15,45
6,24,3,37,4,0,0,1,0,0,0,3,12,0,0,5,2,32,2,36,3,6,11,3,8,10,4,0,6,2,4,15,30
51,24,3,32,3,0,2,1,0,0,0,8,7,0,0,5,2,32,2,34,4,7,12,6,9,10,5,1,6,2,2,15,0
-52,23,3,42,3,0,2,1,0,0,0,4,11,0,0,5,2,32,1,33,3,6,11,5,8,11,6,2,6,2,2,16,0
-23,22,2,35,3,0,1,2,0,0,1,7,8,0,0,5,2,32,2,31,2,6,11,6,7,12,6,2,6,2,1,15,15
20,21,2,32,3,0,1,1,0,0,1,14,1,0,0,5,2,32,1,31,3,6,14,6,6,12,6,3,5,2,2,15,0
53,21,2,28,2,0,1,1,1,0,1,10,5,0,0,5,2,32,2,30,3,5,13,5,5,11,5,3,5,1,3,14,30
7,21,2,29,2,0,0,1,1,0,1,9,6,0,0,5,2,32,2,30,3,5,14,4,4,10,4,3,4,1,3,14,45
30,21,3,27,1,0,0,1,1,0,1,4,11,0,0,5,2,32,1,30,3,5,14,3,3,9,4,3,4,0,1,14,15
29,21,3,26,1,0,0,1,1,0,0,0,15,0,0,5,2,32,1,30,3,6,14,2,2,9,3,3,4,0,1,14,0
-16,21,3,35,0,0,0,2,1,0,0,3,12,0,0,5,2,32,2,29,4,5,16,1,2,9,2,2,4,0,1,15,15
-85,18,5,38,3,0,1,2,1,0,0,4,11,0,0,5,2,32,1,24,4,11,17,5,8,18,7,6,4,3,2,15,45
-85,17,6,29,4,0,0,3,1,0,0,6,9,0,0,5,2,32,0,22,6,10,16,5,8,21,9,7,4,3,3,14,45
-173,17,6,38,4,0,0,2,1,0,0,4,11,0,0,5,2,32,0,22,6,10,16,4,7,20,8,6,3,3,2,15,45
-112,17,6,29,3,0,0,2,1,0,0,4,11,0,0,5,2,32,0,22,6,10,16,3,6,19,7,6,2,2,3,14,45
49,17,6,23,3,0,0,1,1,0,0,3,12,0,0,5,2,32,0,22,6,10,16,2,5,18,6,5,2,1,1,13,0
37,15,7,23,6,0,0,1,1,0,0,3,12,0,0,5,2,32,2,18,5,10,14,3,4,18,7,6,2,1,1,13,0
6,14,8,25,5,0,1,1,1,0,1,0,15,0,0,5,2,32,2,16,6,9,14,3,11,17,8,7,2,2,1,13,15
-132,14,8,44,5,0,1,1,1,0,1,12,3,0,0,5,2,32,2,15,5,8,13,2,10,16,8,7,1,2,2,16,15
-20,11,6,21,7,0,1,1,1,0,1,8,7,0,0,5,2,32,2,12,4,6,12,4,14,19,10,8,1,1,2,12,45
20,8,5,18,8,0,3,1,1,0,1,2,13,0,0,5,2,32,3,8,2,4,8,9,14,19,12,9,1,1,2,12,15
1,8,5,16,7,0,3,1,1,0,1,14,1,0,0,5,2,32,3,8,2,4,8,10,13,18,11,9,1,1,1,12,0
36,7,5,16,6,0,3,1,1,0,1,12,3,0,0,5,2,32,2,8,2,4,8,9,12,17,11,9,1,1,1,12,0
-59,7,6,32,7,0,3,1,0,0,1,6,9,0,0,5,2,32,3,7,1,4,7,10,11,18,10,8,1,1,2,15,0
-30,7,6,21,7,0,3,1,0,0,0,6,9,0,0,5,2,32,3,7,1,4,7,9,10,17,9,7,1,1,2,12,45
72,7,6,7,7,0,2,1,0,0,0,4,11,0,0,5,2,32,2,7,1,4,7,8,9,16,9,7,0,1,2,10,45
31,6,5,19,6,0,2,1,0,0,0,1,14,0,0,5,2,32,1,7,1,4,7,7,8,15,9,7,0,0,2,12,30
21,6,5,11,6,0,1,1,0,0,0,1,14,0,0,5,2,32,1,7,1,4,7,6,7,14,8,6,0,0,1,11,15
22,6,5,11,5,0,1,1,0,0,0,12,3,0,0,5,2,32,1,7,2,5,7,5,6,13,7,5,0,0,1,11,15
14,5,4,11,6,0,0,1,0,0,0,2,13,0,0,5,2,32,1,6,2,5,6,5,8,12,7,5,0,0,1,11,15
25,5,4,15,6,0,0,0,0,0,0,0,15,0,0,5,2,32,1,6,2,5,6,4,7,11,6,4,0,0,2,11,45
46,5,4,14,5,0,0,0,0,0,0,12,3,0,0,5,2,32,1,6,2,5,6,3,6,10,5,4,0,0,1,11,30
47,5,4,9,4,0,0,0,0,0,0,9,6,0,0,5,2,32,1,6,3,6,6,2,6,9,4,3,0,0,3,11,0
18,3,3,9,5,0,0,0,0,0,0,6,9,0,0,5,2,32,1,4,2,4,4,1,6,10,5,3,0,0,3,11,0
37,1,1,5,6,0,0,0,0,0,0,6,9,0,0,5,2,32,0,2,2,2,2,5,7,9,7,2,0,0,2,10,30
5,1,1,7,5,0,0,0,0,0,0,5,10,0,0,5,2,32,0,2,2,2,2,4,6,8,6,1,0,0,2,10,45
29,1,1,1,4,0,0,0,0,0,0,3,12,0,0,5,2,32,0,2,2,2,2,3,5,7,5,1,0,0,2,10,0
23,1,1,1,5,0,0,0,0,0,0,10,5,0,0,5,2,32,1,0,0,0,0,2,4,6,5,2,0,0,2,10,0
-71,0,0,19,4,0,0,0,0,0,0,2,13,0,0,5,2,32,0,0,0,0,0,3,4,5,5,2,0,0,2,12,30
4,0,0,0,3,0,0,0,0,0,0,0,21,0,1,5,2,32,0,0,0,0,0,2,4,4,4,1,0,0,2,9,45
-32,0,0,5,2,0,0,0,0,0,0,0,24,0,0,5,2,32,0,0,0,0,0,1,3,3,3,1,0,0,2,10,30
23,0,0,3,1,0,0,0,0,0,0,0,58,0,0,5,2,32,0,0,0,0,0,2,2,2,2,0,0,0,2,10,15
-7,0,0,3,0,0,0,0,0,0,0,0,65,0,0,5,2,32,0,0,0,0,0,1,1,1,1,0,0,0,2,10,15
0,29,3,45,1,0,0,0,0,0,0,32,13,1,0,4,1,31,1,44,1,3,7,1,3,5,1,0,4,0,1,17,30
339,27,1,18,0,0,1,0,0,0,0,28,2,0,0,4,1,31,0,43,2,4,9,2,2,5,2,2,4,0,1,11,15
0,26,1,44,1,0,0,0,0,0,0,17,13,0,0,4,1,31,0,42,2,4,8,1,3,5,2,1,4,0,1,16,45
35,25,1,40,1,0,1,1,0,0,1,5,25,0,0,4,1,31,1,38,2,4,9,2,3,7,4,1,4,0,2,16,0
-12,25,1,40,1,0,1,1,0,0,0,5,25,0,0,4,1,31,1,38,2,4,9,1,2,6,3,1,4,0,2,16,0
20,24,1,38,4,0,0,1,0,0,0,8,7,0,0,4,1,31,1,35,1,3,12,2,4,8,5,2,4,0,1,15,15
-2,24,2,42,5,0,0,0,0,0,0,4,11,0,0,4,1,31,2,34,2,5,14,3,4,8,4,1,4,0,1,16,15
-11,23,4,35,4,0,0,0,0,0,0,2,13,0,0,4,1,31,0,34,2,7,16,3,6,8,5,2,4,2,2,14,45
57,23,4,34,3,0,0,1,0,0,0,40,5,0,0,4,1,31,1,33,3,8,15,2,5,8,4,1,4,2,1,14,30
-4,23,7,36,3,0,0,1,0,0,0,22,23,0,0,4,1,31,1,32,4,9,16,4,4,10,4,0,4,2,1,15,0
61,22,9,32,5,0,0,1,1,0,0,14,1,0,0,4,1,31,2,28,4,9,14,3,4,13,6,0,4,2,1,13,30
-1,22,10,36,4,0,0,1,1,0,0,12,3,0,0,4,1,31,2,28,5,10,15,2,3,13,5,0,3,2,1,15,0
-29,22,10,33,3,0,0,1,1,0,0,8,7,0,0,4,1,31,2,28,5,10,15,1,3,12,4,0,2,1,1,14,15
-93,15,6,39,8,0,0,0,1,0,0,6,9,0,0,4,1,31,0,23,5,7,13,2,6,13,10,3,2,0,2,15,30
32,12,5,28,9,0,1,1,1,0,1,12,3,0,0,4,1,31,2,18,2,5,11,5,10,15,12,4,2,1,1,12,45
34,10,5,26,8,0,1,1,1,0,1,12,3,0,0,4,1,31,0,18,3,7,12,6,10,16,13,5,2,1,2,12,30
-157,10,5,42,8,0,1,1,1,0,1,6,9,0,0,4,1,31,1,17,3,6,12,7,10,15,12,4,2,1,1,16,15
17,10,5,30,8,0,1,1,0,0,1,6,9,0,0,4,1,31,1,17,3,6,12,6,9,14,11,4,2,1,1,13,0
29,9,5,22,9,0,0,1,0,0,1,12,3,0,0,4,1,31,1,16,3,5,12,6,8,15,11,4,2,1,2,12,0
25,9,5,24,8,0,0,1,0,0,0,4,11,0,0,4,1,31,1,15,3,7,12,5,7,14,10,3,1,1,2,12,15
22,9,5,24,8,0,0,1,0,0,0,4,11,0,0,4,1,31,1,15,3,7,12,5,7,14,10,3,1,1,2,12,15
23,8,4,31,7,0,0,2,1,0,0,9,6,0,0,4,1,31,2,14,3,6,10,5,7,14,9,4,1,0,1,13,15
68,8,4,20,6,0,0,2,1,0,0,7,8,0,0,4,1,31,2,14,3,6,10,4,6,14,8,4,1,0,2,11,45
14,7,4,22,5,0,0,2,1,0,0,14,1,0,0,4,1,31,1,14,3,7,11,3,6,15,8,4,1,0,2,12,0
112,6,5,19,5,0,0,2,1,0,0,2,13,0,0,4,1,31,1,13,4,7,10,3,7,15,8,3,1,0,2,11,30
33,5,4,26,6,0,0,2,1,0,0,9,6,0,0,4,1,31,2,11,3,5,10,3,6,14,8,2,1,0,2,12,30
7,4,3,28,6,0,0,3,1,0,0,2,13,0,0,4,1,31,2,9,3,5,9,5,8,17,9,2,1,0,1,12,45
77,4,3,15,6,0,0,2,1,0,0,1,14,0,0,4,1,31,2,9,3,5,9,4,8,16,8,2,1,0,1,11,0
44,3,2,13,7,0,1,2,0,0,0,0,15,0,0,4,1,31,2,7,3,4,7,5,10,15,9,3,1,0,3,10,45
17,1,0,15,6,0,1,2,0,0,0,11,4,0,0,4,1,31,0,7,3,4,7,4,9,15,10,4,1,0,1,11,0
-15,1,1,15,6,0,1,2,0,0,0,4,11,0,0,4,1,31,1,6,2,3,6,3,9,16,9,4,1,0,1,11,0
-15,1,1,11,6,0,1,2,1,0,0,2,13,0,0,4,1,31,2,4,0,4,4,7,10,15,9,3,1,1,2,10,30
43,1,1,5,6,0,0,2,1,0,0,0,15,0,0,4,1,31,2,4,1,4,4,6,10,14,8,3,1,1,2,9,45
101,1,1,5,6,0,0,1,1,0,0,3,12,0,0,4,1,31,1,4,1,4,4,6,10,13,8,4,1,1,2,9,45
89,1,1,11,5,0,0,1,1,0,0,2,13,0,0,4,1,31,1,4,1,4,4,5,9,12,7,4,1,1,2,10,30
13,1,1,13,4,0,0,1,1,0,0,7,8,0,0,4,1,31,0,4,3,4,4,4,8,11,7,4,1,1,3,10,45
59,1,1,3,3,0,0,1,1,0,0,4,11,0,0,4,1,31,0,4,3,4,4,3,7,10,6,4,1,1,2,9,30
104,1,1,7,2,0,0,1,1,0,0,4,11,0,0,4,1,31,0,4,3,4,4,2,6,9,5,3,1,1,2,10,0
-51,1,1,20,1,0,0,1,1,0,1,11,4,0,0,4,1,31,1,3,3,3,3,4,6,8,4,2,1,1,2,11,45
22,0,0,9,1,0,1,1,1,0,1,4,11,0,0,4,1,31,1,1,1,1,1,4,7,7,5,2,1,1,2,10,15
23,0,0,0,1,0,1,1,1,0,0,4,11,0,1,4,1,31,0,1,1,1,1,3,6,6,5,3,0,1,1,9,0
-2,0,0,2,1,0,1,1,1,0,0,1,14,0,0,4,1,31,1,0,0,0,0,2,5,5,4,2,0,0,2,9,15
-34,0,0,9,1,0,1,1,0,0,0,0,6,0,0,4,1,31,1,0,0,0,0,3,4,4,3,2,0,0,2,10,15
-7,0,0,0,1,0,0,1,0,0,0,0,32,0,1,4,1,31,0,0,0,0,0,3,3,3,3,2,0,0,1,9,0
-4,0,0,7,0,0,0,1,0,0,0,0,36,0,0,4,1,31,0,0,0,0,0,2,2,2,2,2,0,0,2,10,0
-26,0,0,3,0,0,0,0,0,0,0,0,40,0,0,4,1,31,0,0,0,0,0,1,1,1,1,1,0,0,2,9,30
-1,31,5,48,5,0,0,0,1,0,0,1,14,1,0,3,1,30,1,42,4,6,11,1,4,14,6,2,5,0,2,17,30
5,27,4,47,8,0,0,1,1,0,0,5,10,0,0,3,1,30,1,37,2,5,7,5,9,15,10,4,5,4,1,17,15
232,27,4,30,8,0,0,1,0,0,0,0,15,0,0,3,1,30,1,37,2,5,7,4,8,14,9,3,5,4,1,14,30
38,27,4,41,8,0,0,1,0,0,0,12,3,0,0,3,1,30,2,36,1,5,7,4,8,13,8,3,5,4,2,16,15
20,26,3,46,7,0,0,1,0,0,0,0,15,0,0,3,1,30,0,36,3,5,9,5,10,12,9,3,4,5,1,17,0
16,26,3,45,7,0,0,1,0,0,0,12,3,0,0,3,1,30,1,35,2,4,8,4,9,11,8,2,3,4,1,16,45
-22,25,2,43,6,0,0,1,0,0,0,13,2,0,0,3,1,30,0,35,4,4,10,5,9,13,8,2,3,3,1,16,30
32,25,2,39,6,0,0,0,0,0,0,12,3,0,0,3,1,30,0,35,4,4,10,4,8,13,7,1,2,3,2,16,0
68,25,2,38,6,0,0,0,0,0,0,10,5,0,0,3,1,30,1,34,3,3,10,4,7,12,6,1,1,2,2,15,45
28,23,0,41,6,0,1,0,0,0,0,8,7,0,0,3,1,30,1,32,1,2,11,6,7,11,7,0,1,1,2,16,15
39,23,0,36,5,0,1,1,0,0,0,14,1,0,0,3,1,30,1,31,0,2,10,5,6,11,7,1,1,1,1,15,30
66,23,0,39,4,0,1,1,0,0,0,10,5,0,0,3,1,30,1,31,0,2,10,4,5,10,6,1,1,1,2,16,0
12,23,0,34,4,0,0,1,0,0,0,7,8,0,0,3,1,30,1,31,0,3,10,3,4,9,5,1,0,1,2,15,15
-15,23,0,36,3,0,0,1,0,0,0,4,11,0,0,3,1,30,0,31,0,3,11,2,3,8,5,1,0,0,1,15,30
-2,23,1,43,2,0,0,1,0,0,0,11,4,0,0,3,1,30,0,31,1,4,11,2,2,8,4,0,0,0,1,16,30
50,23,5,32,2,0,0,1,0,0,0,0,15,0,0,3,1,30,1,30,3,8,12,1,5,8,3,0,0,0,2,15,0
34,22,8,32,4,0,0,1,0,0,0,24,21,0,0,3,1,30,1,27,6,8,12,4,6,11,5,3,0,0,2,15,0
177,21,7,13,4,0,0,1,0,0,0,19,26,0,0,3,1,30,1,26,5,7,12,3,5,10,5,3,0,0,1,11,0
-14,20,6,29,3,0,0,1,0,0,0,18,27,0,0,3,1,30,0,26,5,7,12,2,4,10,5,3,0,0,1,14,15
-10,20,7,34,4,0,0,0,0,0,0,13,32,0,0,3,1,30,1,25,4,7,11,2,4,11,4,2,0,0,2,15,15
-28,17,4,31,6,0,1,0,0,0,0,0,15,0,0,3,1,30,2,21,2,3,9,2,6,12,6,3,0,0,2,14,45
19,15,3,28,5,0,1,0,1,0,0,0,15,0,0,3,1,30,1,20,2,4,11,2,6,13,7,3,0,0,1,13,30
37,13,3,27,5,0,2,0,1,0,0,13,2,0,0,3,1,30,1,18,0,4,10,4,8,12,8,3,0,0,1,13,15
29,13,4,21,5,0,1,0,1,0,0,5,10,0,0,3,1,30,1,18,4,6,12,4,9,13,7,3,0,0,1,12,15
37,13,4,26,4,0,1,0,1,0,0,4,11,0,0,3,1,30,1,18,4,6,12,4,8,12,6,3,0,0,1,13,0
50,13,4,24,3,0,1,0,1,0,0,1,14,0,0,3,1,30,0,18,4,6,12,3,7,11,6,4,0,0,1,12,45
59,12,5,20,4,0,1,0,0,0,0,5,10,0,0,3,1,30,0,17,5,7,12,5,8,13,6,4,0,0,2,12,0
36,11,6,16,3,0,1,1,2,0,0,4,11,0,0,3,1,30,2,14,2,6,9,5,7,12,6,4,0,0,2,11,30
208,10,5,4,3,0,0,1,2,0,0,14,1,0,0,3,1,30,1,14,3,6,11,4,6,11,6,5,0,0,1,9,45
72,10,5,21,2,0,0,1,2,0,0,14,1,0,0,3,1,30,1,14,3,6,11,3,5,10,5,5,0,0,1,12,15
15,10,5,18,2,0,0,0,2,0,0,10,5,0,0,3,1,30,1,14,3,6,12,4,5,9,4,4,0,0,1,11,45
20,9,6,24,2,0,0,0,3,0,0,7,8,0,0,3,1,30,2,12,4,6,11,3,5,10,4,4,0,0,1,12,45
17,9,6,16,3,0,0,0,2,0,0,13,2,0,0,3,1,30,3,11,3,6,11,2,6,11,3,3,0,0,2,11,30
-11,9,6,23,2,0,0,0,2,0,0,11,4,0,0,3,1,30,3,11,3,6,11,1,5,10,2,2,0,0,2,12,30
11,5,3,13,3,0,0,0,3,0,0,10,5,0,0,3,1,30,1,8,3,6,8,4,5,12,6,4,0,0,1,11,0
56,5,4,7,4,0,0,1,2,0,0,2,13,0,0,3,1,30,3,6,1,4,6,4,6,13,5,3,0,0,2,10,15
-3,3,3,9,2,0,0,1,2,0,0,0,15,0,0,3,1,30,0,6,3,6,6,3,6,13,7,4,0,0,2,10,30
33,3,3,9,2,0,0,1,2,0,0,0,15,0,0,3,1,30,0,6,3,6,6,3,6,13,7,4,0,0,2,10,30
27,3,3,6,2,0,0,2,1,0,0,7,8,0,0,3,1,30,1,5,3,5,5,1,5,11,5,3,0,0,2,10,0
4,2,2,11,4,0,0,2,1,0,0,5,10,0,0,3,1,30,2,2,2,2,2,4,9,10,6,4,0,0,2,10,45
22,2,2,15,4,0,0,2,0,0,0,5,10,0,0,3,1,30,2,2,2,2,2,3,8,9,5,4,0,0,2,11,15
-66,1,1,11,4,0,0,2,0,0,0,7,8,0,0,3,1,30,1,1,1,1,1,3,7,8,6,3,0,0,2,10,45
15,0,0,7,5,0,0,1,0,0,0,13,2,0,0,3,1,30,1,0,0,0,0,4,7,7,6,3,0,0,2,10,15
31,0,0,2,5,0,0,0,0,0,0,0,2,0,0,3,1,30,0,0,0,0,0,5,6,6,6,4,0,0,2,9,30
-45,0,0,18,4,0,0,0,0,0,0,0,9,0,0,3,1,30,0,0,0,0,0,4,5,5,5,3,0,0,1,11,45
-6,0,0,1,3,0,0,0,0,0,0,0,10,0,0,3,1,30,0,0,0,0,0,3,4,4,4,2,0,0,2,9,15
-16,0,0,4,2,0,0,0,0,0,0,0,21,0,0,3,1,30,0,0,0,0,0,3,3,3,3,1,0,0,1,9,45
3,0,0,2,1,0,0,0,0,0,0,0,23,0,0,3,1,30,0,0,0,0,0,2,2,2,2,1,0,0,2,9,30
16,0,0,0,0,0,0,0,0,0,0,0,45,0,1,3,1,30,0,0,0,0,0,1,1,1,1,1,0,0,1,9,0
3,25,5,52,2,0,0,2,0,0,0,13,2,1,0,2,1,29,1,48,7,10,16,1,3,12,4,2,7,0,1,17,15
42,20,3,48,4,0,3,5,0,0,0,14,1,0,0,2,1,29,4,39,2,5,11,3,8,16,9,6,7,1,2,16,45
-12,20,3,48,4,0,2,5,0,0,0,13,2,0,0,2,1,29,4,39,2,5,11,2,7,15,8,5,7,1,2,16,45
43,20,3,39,4,0,1,6,0,0,1,7,8,0,0,2,1,29,3,37,3,5,10,4,10,18,10,6,7,3,3,15,45
60,19,3,39,4,0,0,7,0,0,1,3,12,0,0,2,1,29,1,36,2,7,11,7,11,18,12,5,7,3,3,15,45
-6,19,3,41,4,0,0,6,0,0,1,0,15,0,0,2,1,29,1,36,4,7,11,6,11,18,11,4,7,3,2,16,0
47,18,2,46,3,0,0,6,0,0,1,12,3,0,0,2,1,29,0,36,4,7,11,6,10,18,11,3,7,3,2,16,30
49,18,2,44,4,0,0,6,0,0,1,2,13,0,0,2,1,29,2,34,3,6,12,7,10,20,10,3,6,3,2,16,15
91,17,1,30,3,0,0,6,0,0,1,0,15,0,0,2,1,29,1,34,3,6,12,6,9,19,10,3,6,2,2,14,45
18,17,1,41,3,0,0,5,0,0,1,5,10,0,0,2,1,29,0,34,4,7,13,6,9,18,10,3,5,2,2,16,0
63,17,1,35,3,0,0,4,0,0,1,4,11,0,0,2,1,29,0,34,4,7,13,5,8,17,9,3,4,1,2,15,30
18,17,1,35,4,0,1,4,0,0,0,0,15,0,0,2,1,29,2,32,3,5,11,5,7,17,8,3,4,0,2,15,30
-5,17,1,41,4,0,1,3,0,0,0,11,4,0,0,2,1,29,1,32,3,5,11,4,7,16,8,4,4,0,2,16,0
-132,17,1,50,4,0,0,4,0,0,0,2,13,0,0,2,1,29,1,31,3,5,10,4,8,16,8,4,4,0,1,17,0
-47,17,1,46,3,0,0,4,0,0,0,0,15,0,0,2,1,29,1,31,3,5,11,3,7,15,7,4,4,0,2,16,30
-31,16,1,35,4,0,0,4,0,0,0,3,12,0,0,2,1,29,2,29,2,4,10,3,8,17,7,5,4,0,2,15,30
-6,16,1,33,5,0,0,3,0,0,0,8,7,0,0,2,1,29,2,28,1,4,11,4,10,16,7,5,4,0,4,15,15
10,16,4,29,5,0,0,2,1,0,0,9,6,0,0,2,1,29,2,27,1,5,11,5,10,15,7,4,4,0,1,14,30
29,16,4,31,5,0,0,1,1,0,0,28,2,0,0,2,1,29,1,27,2,6,12,6,10,16,7,4,4,0,2,15,0
-59,16,4,50,5,0,0,0,1,0,0,25,5,0,0,2,1,29,1,27,3,6,12,7,9,15,6,4,4,0,1,17,0
-41,16,4,44,4,0,0,0,1,0,0,22,8,0,0,2,1,29,1,27,3,6,12,6,9,14,5,3,4,0,2,16,15
61,16,4,28,4,0,0,0,1,0,0,14,16,0,0,2,1,29,2,26,4,6,12,6,8,13,4,3,4,0,1,14,15
-50,15,4,33,4,0,0,0,1,0,0,3,27,0,0,2,1,29,2,25,4,6,11,5,10,13,4,2,4,1,4,15,15
-39,15,4,31,3,0,0,0,1,0,0,13,2,0,0,2,1,29,1,25,4,7,12,5,9,13,4,1,4,1,2,15,0
12,15,5,26,3,0,0,0,1,0,0,11,4,0,0,2,1,29,2,24,3,7,11,4,8,12,3,1,4,1,1,13,30
-2,15,5,27,3,0,0,0,0,0,0,10,5,0,0,2,1,29,2,24,3,7,11,3,7,11,2,1,4,1,1,14,0
-120,14,4,35,3,0,0,0,0,0,0,4,11,0,0,2,1,29,2,23,2,6,10,3,6,10,2,0,4,1,2,15,30
65,12,2,17,3,0,0,1,0,0,0,0,15,0,0,2,1,29,1,21,2,5,11,5,6,11,4,3,4,2,2,12,15
-5,12,3,25,2,0,0,1,0,0,0,8,7,0,0,2,1,29,0,21,4,6,12,4,6,10,4,3,4,3,1,13,15
45,12,4,19,2,0,0,1,0,0,0,10,5,0,0,2,1,29,1,20,4,6,13,3,5,10,3,2,3,3,2,12,30
19,12,4,23,2,0,0,1,0,0,0,8,7,0,0,2,1,29,2,19,3,5,12,2,4,9,2,1,3,2,1,13,0
-6,12,4,23,1,0,0,1,0,0,0,6,9,0,0,2,1,29,2,19,3,5,12,1,3,8,1,0,3,2,1,13,0
-33,10,3,21,3,0,0,1,0,0,0,18,12,0,0,2,1,29,1,16,2,6,12,3,6,10,4,0,2,3,2,12,45
13,10,4,17,3,0,0,1,0,0,0,14,16,0,0,2,1,29,2,15,2,5,11,2,5,10,3,0,1,2,2,12,15
-25,8,3,21,3,0,0,1,0,0,0,5,10,0,0,2,1,29,1,14,4,7,11,4,5,9,4,2,1,1,2,12,45
28,8,4,14,3,0,0,1,0,0,0,13,2,0,0,2,1,29,1,13,3,6,10,3,4,9,4,2,1,1,2,11,30
3,7,3,19,3,0,0,0,0,0,0,2,13,0,0,2,1,29,0,13,5,8,11,3,4,8,4,1,0,1,2,12,30
-10,7,4,15,5,0,0,0,0,0,0,6,9,0,0,2,1,29,2,10,3,5,9,2,4,10,4,1,0,0,2,11,45
-6,5,3,13,5,0,0,0,0,0,0,21,9,0,0,2,1,29,1,9,4,5,9,2,5,10,5,1,0,0,1,11,15
1,4,3,15,6,0,0,0,1,0,0,8,7,0,0,2,1,29,2,6,2,3,6,4,5,12,6,2,0,0,2,11,45
-16,4,3,12,6,0,0,0,1,0,0,2,13,0,0,2,1,29,3,5,1,3,5,3,4,11,5,1,0,0,1,11,0
33,3,3,10,6,0,0,0,1,0,0,4,11,0,0,2,1,29,3,4,1,4,4,3,6,11,5,1,0,0,1,10,30
97,3,3,2,5,0,0,0,1,0,0,14,1,0,0,2,1,29,3,4,1,4,4,2,6,11,4,1,0,0,2,9,15
47,1,1,10,4,0,0,1,1,0,0,5,10,0,0,2,1,29,1,3,2,3,3,4,6,10,6,4,0,0,1,10,30
10,1,1,8,3,0,0,2,1,0,0,1,14,0,0,2,1,29,2,2,2,2,2,4,7,9,5,4,0,0,1,10,0
18,1,1,9,2,0,0,2,1,0,0,14,1,0,0,2,1,29,2,2,2,2,2,3,7,8,4,3,0,0,2,10,15
-1,1,1,6,2,0,0,2,0,0,0,13,2,0,0,2,1,29,2,2,2,2,2,2,6,7,3,3,0,0,1,9,45
44,0,0,0,1,0,0,3,0,0,1,0,15,0,1,2,1,29,2,0,0,0,0,2,6,6,4,3,0,0,2,9,0
-21,0,0,2,1,0,0,3,0,0,0,0,21,0,0,2,1,29,0,0,0,0,0,4,5,5,5,2,0,0,2,9,15
-23,0,0,4,1,0,0,2,0,0,0,0,30,0,0,2,1,29,0,0,0,0,0,4,4,4,4,2,0,0,2,9,30
12,0,0,6,0,0,0,2,0,0,0,0,36,0,0,2,1,29,0,0,0,0,0,3,3,3,3,2,0,0,1,9,45
5,0,0,0,0,0,0,1,0,0,0,0,44,0,1,2,1,29,0,0,0,0,0,2,2,2,2,1,0,0,2,9,0
-36,0,0,4,0,0,0,0,0,0,0,0,60,0,0,2,1,29,0,0,0,0,0,1,1,1,1,0,0,0,2,9,30
-2,41,7,52,2,0,1,2,0,0,0,6,24,1,0,6,1,26,2,48,4,7,13,2,4,9,4,2,6,2,2,17,30
20,39,8,51,3,0,1,2,0,0,0,11,4,0,0,6,1,26,2,46,4,7,12,3,4,8,5,2,6,2,2,17,0
19,37,8,50,4,0,0,2,1,0,0,3,12,0,0,6,1,26,2,44,3,6,11,2,5,7,6,4,6,2,1,16,45
55,35,6,48,5,0,0,1,1,0,0,8,7,0,0,6,1,26,1,43,3,6,12,1,5,7,7,4,5,2,1,16,30
54,32,6,43,5,0,0,3,1,0,1,1,14,0,0,6,1,26,2,39,3,5,9,4,5,12,9,7,4,1,2,15,45
29,30,4,39,6,0,0,3,1,0,0,7,8,0,0,6,1,26,1,38,3,4,9,4,4,13,10,7,4,0,2,15,15
28,30,4,45,6,0,0,3,0,0,0,6,9,0,0,6,1,26,1,38,3,5,9,3,3,12,9,6,4,0,1,16,0
14,29,4,52,5,0,0,3,0,0,0,0,15,1,0,6,1,26,0,38,4,5,10,2,3,13,9,6,4,1,2,17,30
38,28,4,47,6,0,0,3,0,0,0,14,1,0,0,6,1,26,1,36,2,6,8,1,4,15,9,5,4,2,2,16,15
23,26,5,45,7,0,0,4,0,0,0,3,12,0,0,6,1,26,2,33,3,5,9,6,11,18,10,5,3,2,1,16,0
27,24,3,43,7,0,0,5,0,0,0,4,11,0,0,6,1,26,2,31,1,3,10,6,13,17,11,6,2,1,2,15,45
9,24,3,48,8,0,0,4,0,0,0,0,15,0,0,6,1,26,3,30,1,2,9,5,12,16,10,5,2,0,1,16,30
40,24,3,37,8,0,0,3,0,0,0,44,1,0,0,6,1,26,3,30,1,2,9,5,11,15,9,4,2,0,2,15,0
22,23,2,41,7,0,0,3,0,0,0,40,5,0,0,6,1,26,2,30,1,2,9,4,11,14,9,4,2,0,2,15,30
49,23,2,34,6,0,0,3,0,0,0,38,7,0,0,6,1,26,2,30,1,2,9,3,10,13,8,3,2,0,2,14,45
35,22,2,41,6,0,0,2,0,0,0,21,24,0,0,6,1,26,0,30,2,5,11,6,10,12,9,3,2,0,2,15,30
16,22,3,37,5,0,0,3,0,0,0,15,30,0,0,6,1,26,1,29,1,4,11,7,10,12,8,2,2,0,2,15,0
-13,22,3,32,4,0,0,3,0,0,0,8,37,0,0,6,1,26,1,29,1,5,12,7,10,11,7,2,2,0,1,14,15
12,22,3,34,3,0,0,3,0,0,0,4,41,0,0,6,1,26,2,28,1,4,12,6,9,10,6,2,2,0,2,14,45
25,22,3,34,2,0,0,3,0,0,0,4,41,0,0,6,1,26,2,28,1,4,12,5,8,9,5,1,2,0,2,14,45
1,21,3,33,2,0,0,2,0,0,0,0,45,0,0,6,1,26,1,28,1,5,12,4,7,8,5,1,2,0,3,14,30
54,21,4,31,1,0,0,2,0,0,0,5,10,0,0,6,1,26,0,28,3,7,13,4,6,7,5,0,2,0,1,13,30
206,21,4,13,1,0,0,1,0,0,0,4,11,0,0,6,1,26,0,28,3,7,13,4,5,6,4,0,2,0,3,10,45
49,21,4,27,1,0,0,0,0,0,0,12,3,0,0,6,1,26,0,28,3,7,15,3,4,5,3,0,2,0,1,12,45
41,20,4,30,0,0,0,0,0,0,1,9,6,0,0,6,1,26,0,27,5,8,17,3,3,9,3,0,2,0,1,13,15
-112,20,4,39,0,0,0,2,0,0,1,5,10,0,0,6,1,26,2,25,4,6,15,2,3,8,2,0,2,0,2,15,15
0,19,5,29,1,0,0,2,0,0,0,23,7,0,0,6,1,26,1,24,3,7,17,1,2,7,3,1,2,0,1,13,0
22,16,8,23,4,0,0,3,0,0,0,6,9,0,0,6,1,26,2,19,4,9,17,1,6,14,6,4,2,1,2,12,0
92,12,7,18,8,0,0,4,0,0,0,11,4,0,0,6,1,26,2,13,5,8,13,5,12,20,11,7,2,2,2,11,15
-7,12,7,27,9,0,0,3,0,0,0,10,5,0,0,6,1,26,3,12,5,7,12,4,11,19,10,7,2,2,1,12,45
63,11,7,15,9,0,0,2,0,0,0,2,13,0,0,6,1,26,2,12,6,9,12,3,10,20,10,7,2,2,2,11,0
10,9,5,20,8,0,0,3,0,0,0,14,1,0,0,6,1,26,1,11,5,8,11,2,9,20,11,8,2,2,1,11,30
-11,9,5,23,7,0,0,3,0,0,0,13,2,0,0,6,1,26,1,11,5,8,11,3,8,19,10,8,1,2,2,12,0
-3,7,5,25,9,0,0,4,0,0,1,14,1,0,0,6,1,26,3,6,3,5,6,7,11,20,12,8,1,1,2,12,15
-7,7,5,13,9,0,0,4,0,0,0,13,2,0,0,6,1,26,3,6,3,5,6,6,10,19,11,7,1,1,3,10,45
18,7,5,25,8,0,0,4,0,0,0,11,4,0,0,6,1,26,3,6,3,5,6,5,10,18,10,6,1,1,2,12,15
19,6,4,20,7,0,0,4,0,0,0,5,10,0,0,6,1,26,2,6,4,5,6,6,11,18,10,5,1,1,1,11,30
53,6,5,8,7,0,0,3,0,0,0,1,14,0,0,6,1,26,2,6,4,5,6,7,10,17,9,4,0,1,2,10,15
21,5,4,11,7,0,0,3,0,0,0,11,4,0,0,6,1,26,1,5,3,5,5,6,10,16,10,5,0,0,2,10,30
-34,5,4,22,7,0,0,2,0,0,0,11,4,0,0,6,1,26,1,5,3,5,5,5,9,15,9,5,0,0,2,11,45
20,4,4,15,7,0,0,3,0,0,0,7,8,0,0,6,1,26,2,3,2,3,3,5,12,14,9,4,0,0,2,11,0
60,4,4,6,7,0,0,3,0,0,0,6,9,0,0,6,1,26,3,2,1,2,2,5,11,13,8,4,0,0,3,10,0
0,4,4,15,6,0,0,3,0,0,0,4,11,0,0,6,1,26,3,2,1,2,2,5,11,12,7,3,0,0,2,11,0
20,4,4,18,5,0,0,3,0,0,0,3,12,0,0,6,1,26,3,2,1,2,2,4,10,11,6,3,0,0,2,11,15
17,2,2,2,5,0,0,3,0,0,0,12,3,0,0,6,1,26,1,1,1,1,1,8,9,10,8,4,0,0,2,9,30
18,2,2,4,4,0,0,3,0,0,0,6,9,0,0,6,1,26,1,1,1,1,1,7,8,9,7,3,0,0,2,9,45
-16,2,2,11,3,0,0,3,0,0,0,5,10,0,0,6,1,26,1,1,1,1,1,7,8,8,6,3,0,0,2,10,30
53,1,1,4,3,0,0,2,0,0,0,1,14,0,0,6,1,26,0,1,1,1,1,6,7,7,6,2,0,0,2,9,45
-31,1,1,8,4,0,0,1,0,0,0,8,7,0,0,6,1,26,1,0,0,0,0,5,6,6,5,2,0,0,2,10,15
3,1,1,1,3,0,0,1,0,0,0,4,11,0,0,6,1,26,1,0,0,0,0,4,5,5,4,1,0,0,2,9,15
10,0,0,8,2,0,0,1,0,0,0,0,15,0,0,6,1,26,0,0,0,0,0,3,4,4,4,1,0,0,2,10,15
14,0,0,6,2,0,0,0,0,0,0,0,3,0,0,6,1,26,0,0,0,0,0,2,3,3,3,1,0,0,3,10,0
0,0,0,0,1,0,0,0,0,0,0,0,9,0,1,6,1,26,0,0,0,0,0,1,2,2,2,0,0,0,1,9,0
1,0,0,2,0,0,0,0,0,0,0,0,40,0,0,6,1,26,0,0,0,0,0,1,1,1,1,0,0,0,2,9,30
7,32,4,52,4,0,0,2,0,0,0,10,5,1,0,5,1,25,2,46,1,6,10,3,6,12,5,3,8,1,1,17,30
10,31,4,51,4,0,0,2,0,0,0,12,3,0,0,5,1,25,2,45,2,7,9,2,7,14,5,3,8,1,1,17,15
12,31,4,48,3,0,0,2,0,0,0,12,3,0,0,5,1,25,2,45,2,7,9,1,6,13,4,3,8,1,1,17,0
22,29,5,46,4,0,1,2,0,0,0,9,6,0,0,5,1,25,1,41,4,6,11,5,9,14,7,4,8,3,3,16,45
31,29,5,46,5,0,1,1,0,0,0,7,8,0,0,5,1,25,2,41,3,5,10,4,8,13,6,3,7,3,3,16,45
52,29,6,48,4,0,1,1,0,0,0,13,2,0,0,5,1,25,2,41,4,5,10,4,7,13,5,2,7,2,1,17,0
12,28,5,43,5,0,1,1,0,0,0,4,11,0,0,5,1,25,2,39,3,3,10,4,6,13,6,1,7,2,1,16,15
13,27,4,41,5,0,1,1,0,0,0,13,2,0,0,5,1,25,2,38,2,2,10,3,8,12,6,1,7,2,2,16,0
-17,27,4,48,5,0,1,0,0,0,0,4,11,0,0,5,1,25,2,38,2,2,10,4,7,11,5,1,6,2,1,17,0
30,25,2,38,5,0,1,0,0,0,0,13,2,0,0,5,1,25,1,37,1,1,9,3,7,10,6,1,5,1,1,15,30
35,25,2,41,5,0,1,0,0,0,0,13,2,0,0,5,1,25,2,36,0,3,10,5,7,9,5,1,5,0,2,16,0
19,25,2,38,4,0,1,0,0,0,0,11,4,0,0,5,1,25,2,36,0,4,10,4,6,9,4,1,5,0,1,15,30
-5,23,0,45,3,0,1,0,0,0,0,0,15,0,0,5,1,25,0,36,3,7,13,5,7,10,5,1,5,0,2,16,30
9,23,0,36,2,0,1,0,0,0,0,0,15,0,0,5,1,25,0,36,3,7,13,4,6,9,4,1,5,0,2,15,15
15,23,0,34,1,0,1,0,0,0,0,14,1,0,0,5,1,25,0,36,3,7,14,3,5,8,3,0,5,0,2,15,0
29,23,1,36,1,0,0,0,0,0,0,4,11,0,0,5,1,25,0,36,5,8,14,2,4,8,2,0,5,0,2,15,15
-2,23,2,43,2,0,0,0,0,0,0,23,7,0,0,5,1,25,2,34,4,7,13,3,3,9,1,0,5,0,1,16,15
-26,23,4,34,2,0,0,2,0,0,0,0,30,0,0,5,1,25,2,31,3,7,13,2,4,9,3,2,5,1,2,15,0
-80,23,5,40,2,0,0,1,0,0,0,40,5,0,0,5,1,25,2,31,3,7,13,1,3,8,2,2,5,1,2,15,45
-35,19,4,31,5,0,0,2,0,0,0,11,4,0,0,5,1,25,0,26,4,6,15,3,7,14,8,2,4,4,2,14,45
-14,19,4,30,6,0,0,2,0,0,0,8,7,0,0,5,1,25,2,24,2,5,13,2,6,14,7,2,4,3,3,14,15
-19,18,5,31,5,0,0,2,0,0,0,7,8,0,0,5,1,25,1,24,4,7,15,4,5,16,7,3,4,3,2,14,45
27,17,5,24,6,0,0,2,0,0,0,5,10,0,0,5,1,25,2,22,3,7,16,4,7,18,7,3,3,4,1,13,0
-36,16,6,31,7,0,0,1,0,0,0,10,5,0,0,5,1,25,2,21,3,7,15,3,9,17,7,3,2,3,2,14,45
24,16,6,28,6,0,0,1,0,0,0,10,5,0,0,5,1,25,2,21,3,7,15,2,8,16,6,3,1,2,1,13,30
24,15,5,27,6,0,0,1,0,0,0,2,13,0,0,5,1,25,1,20,4,8,14,1,8,15,7,4,1,1,2,13,15
15,12,4,22,8,0,1,1,0,0,1,1,14,0,0,5,1,25,2,15,3,7,14,7,13,18,10,7,0,1,3,12,45
-23,12,4,24,8,0,1,0,0,0,1,10,5,0,0,5,1,25,2,15,4,7,14,6,12,17,9,6,0,0,1,13,0
35,12,6,17,7,0,1,0,0,0,1,6,9,0,0,5,1,25,2,15,4,9,14,6,12,16,8,5,0,0,1,12,0
3,12,6,17,7,0,1,0,0,0,0,3,12,0,0,5,1,25,2,15,4,9,14,5,11,15,7,5,0,0,1,12,0
45,11,5,22,7,0,1,0,0,0,0,14,1,0,0,5,1,25,2,14,4,8,14,6,10,14,7,5,0,0,3,12,45
-87,10,4,28,6,0,1,0,0,0,0,11,4,0,0,5,1,25,1,14,5,8,14,6,9,14,7,5,0,0,1,13,30
11,10,4,24,6,0,2,0,0,0,0,6,9,0,0,5,1,25,2,12,3,6,12,5,8,16,7,5,0,0,1,13,0
31,9,4,13,6,0,1,1,0,0,0,9,6,0,0,5,1,25,2,11,4,7,11,6,8,16,7,5,0,0,2,11,15
16,9,6,20,6,0,1,1,0,0,0,2,13,0,0,5,1,25,2,10,4,7,10,6,7,15,7,5,0,0,2,12,30
106,9,6,8,5,0,1,1,0,0,0,0,15,0,0,5,1,25,2,10,4,7,10,5,6,14,6,5,0,0,1,10,30
4,9,6,19,5,0,1,1,0,0,0,12,3,0,0,5,1,25,2,9,3,6,9,4,7,13,6,4,0,0,2,12,15
30,9,7,11,5,0,0,1,0,0,0,4,11,0,0,5,1,25,2,9,3,7,9,3,6,12,5,3,0,0,1,11,0
-53,8,6,20,5,0,0,1,0,0,0,2,13,0,0,5,1,25,2,8,2,7,8,2,6,11,5,3,0,0,2,12,30
13,6,5,14,4,0,0,3,0,0,0,7,8,0,0,5,1,25,2,6,2,5,6,2,5,10,6,2,0,0,1,11,30
-32,5,5,16,4,0,0,3,0,0,0,13,2,0,0,5,1,25,1,5,4,5,5,4,9,13,7,3,0,0,2,11,45
-9,3,3,14,3,0,2,3,0,0,0,0,15,0,0,5,1,25,1,3,3,3,3,3,8,12,8,5,0,0,1,11,30
68,3,3,3,2,0,2,3,0,0,0,13,2,0,0,5,1,25,1,3,3,3,3,3,7,11,7,5,0,0,2,9,45
7,2,2,7,3,0,1,3,0,0,0,3,12,0,0,5,1,25,1,2,2,2,2,5,6,10,7,6,0,0,2,10,15
78,1,1,3,3,0,2,3,0,0,0,13,2,0,0,5,1,25,1,0,0,0,0,5,7,9,8,6,0,0,2,9,45
37,0,0,1,3,0,1,3,0,0,0,11,4,0,0,5,1,25,0,0,0,0,0,4,7,8,8,5,0,0,2,9,30
55,0,0,5,2,0,1,3,0,0,0,8,7,0,0,5,1,25,0,0,0,0,0,3,6,7,7,4,0,0,1,10,0
-69,0,0,11,2,0,0,3,0,0,0,6,9,0,0,5,1,25,0,0,0,0,0,2,5,6,6,4,0,0,1,11,0
-12,0,0,10,2,0,0,2,0,0,0,0,15,0,0,5,1,25,0,0,0,0,0,1,5,5,5,3,0,0,2,10,45
2,0,0,8,2,0,0,1,0,0,0,0,24,0,0,5,1,25,0,0,0,0,0,4,4,4,4,2,0,0,1,10,30
17,0,0,5,2,0,0,0,0,0,0,0,31,0,0,5,1,25,0,0,0,0,0,3,3,3,3,1,0,0,1,10,0
11,0,0,1,1,0,0,0,0,0,0,0,33,0,0,5,1,25,0,0,0,0,0,2,2,2,2,0,0,0,2,9,30
39,0,0,0,0,0,0,0,0,0,0,0,42,0,1,5,1,25,0,0,0,0,0,1,1,1,1,0,0,0,2,9,15
43,32,8,46,4,0,2,2,0,0,0,1,14,1,0,4,1,24,0,38,5,8,11,4,6,12,9,3,6,2,1,17,30
52,32,8,41,3,0,2,3,0,0,0,14,1,0,0,4,1,24,1,37,4,8,10,3,5,11,8,3,6,2,1,16,30
23,32,8,45,3,0,2,2,0,0,0,12,3,0,0,4,1,24,1,37,4,8,10,2,4,11,7,3,6,2,1,17,15
25,30,7,39,5,0,1,3,0,0,0,7,8,0,0,4,1,24,2,34,4,7,9,2,7,11,8,5,6,3,2,16,15
26,27,6,37,7,0,1,3,0,0,0,0,15,0,0,4,1,24,2,31,3,4,9,4,8,14,10,8,5,3,2,16,0
2,25,4,37,8,0,1,2,0,0,0,1,14,0,0,4,1,24,1,30,3,3,10,6,7,14,11,8,4,2,2,16,0
26,24,3,41,8,0,1,2,0,0,0,10,5,0,0,4,1,24,1,29,2,2,9,5,7,14,11,8,4,1,1,16,30
18,23,2,43,7,0,1,2,0,0,0,6,9,0,0,4,1,24,0,29,2,2,10,5,6,13,11,8,4,1,1,16,45
14,23,3,34,8,0,1,2,0,0,0,9,6,0,0,4,1,24,2,27,0,2,10,4,6,12,10,7,3,1,1,15,30
6,23,3,39,7,0,1,2,0,0,0,8,7,0,0,4,1,24,2,27,0,2,10,3,5,11,9,6,3,0,2,16,15
7,23,3,30,6,0,1,2,0,0,0,3,12,0,0,4,1,24,2,27,0,3,10,2,7,11,8,6,3,0,2,15,0
19,23,4,34,6,0,1,1,0,0,0,7,8,0,0,4,1,24,2,27,0,4,10,2,6,11,7,5,3,0,1,15,30
14,21,6,36,5,0,1,1,0,0,0,58,2,0,0,4,1,24,0,27,3,7,10,5,8,12,8,4,3,2,2,15,45
3,21,7,32,5,0,1,0,0,0,0,51,9,0,0,4,1,24,0,27,4,8,12,4,7,12,7,3,3,2,2,15,15
29,20,8,30,4,0,2,0,0,0,1,37,23,0,0,4,1,24,1,24,4,8,11,5,7,12,7,3,3,2,2,15,0
16,20,8,32,4,0,2,0,0,0,1,36,24,0,0,4,1,24,2,24,3,7,11,4,6,11,6,3,3,2,2,15,15
31,20,8,29,3,0,2,0,0,0,1,35,25,0,0,4,1,24,2,24,4,7,12,3,5,10,5,2,3,2,2,14,45
25,18,7,44,3,0,1,1,0,0,1,18,42,0,0,4,1,24,1,23,4,6,13,3,6,13,6,1,2,3,1,17,0
57,17,6,24,4,0,1,1,0,0,0,14,46,0,0,4,1,24,1,22,4,5,12,2,5,13,6,1,2,2,1,13,0
3,15,4,28,4,0,1,2,0,0,0,14,1,0,0,4,1,24,1,20,3,3,10,3,5,13,7,1,1,2,1,14,30
19,12,1,27,4,0,1,3,1,0,0,8,7,0,0,4,1,24,1,17,0,2,10,3,6,16,9,1,1,1,1,14,15
47,12,1,21,4,0,1,2,1,0,0,14,1,0,0,4,1,24,1,17,0,5,10,3,6,15,8,1,1,1,2,12,45
50,11,1,21,4,0,0,2,1,0,0,7,8,0,0,4,1,24,0,17,2,6,10,3,6,15,8,2,0,1,2,12,45
53,11,3,19,3,0,0,2,1,0,0,5,10,0,0,4,1,24,0,17,5,7,12,3,9,15,7,2,0,0,3,12,30
28,11,3,26,2,0,1,2,1,0,0,8,7,0,0,4,1,24,1,16,5,8,12,4,8,14,6,2,0,0,1,13,15
25,11,4,17,3,0,1,2,0,0,0,1,14,0,0,4,1,24,1,15,5,8,11,6,8,14,6,3,0,0,2,12,15
-38,11,6,21,5,0,1,2,0,0,0,0,15,0,0,4,1,24,2,12,2,5,10,6,10,14,7,4,0,0,2,12,45
60,10,5,15,4,0,2,2,0,0,0,9,6,0,0,4,1,24,2,11,3,4,9,5,10,14,7,3,0,0,2,12,0
14,9,4,24,4,0,2,2,0,0,0,4,11,0,0,4,1,24,2,10,2,4,9,5,9,14,7,3,0,0,1,13,0
39,9,4,19,4,0,2,1,0,0,0,3,12,0,0,4,1,24,2,10,2,4,9,4,8,13,6,2,0,0,3,12,30
70,9,4,13,4,0,2,0,0,0,0,3,12,0,0,4,1,24,2,10,3,5,9,3,7,12,5,2,0,0,2,11,45
13,9,5,12,4,0,1,0,0,0,0,8,7,0,0,4,1,24,2,10,3,5,9,5,7,11,4,2,0,0,2,11,30
20,7,4,11,6,0,0,0,0,0,0,21,9,0,0,4,1,24,1,8,1,4,8,5,6,10,6,4,0,0,1,11,15
36,7,4,9,6,0,0,0,0,0,0,15,15,0,0,4,1,24,2,7,2,3,7,4,7,10,5,4,0,0,1,10,45
-2,7,5,15,5,0,0,0,0,0,0,10,20,0,0,4,1,24,2,7,2,3,7,4,6,10,4,3,0,0,2,12,0
-29,7,5,17,4,0,0,0,0,0,0,9,21,0,0,4,1,24,2,7,2,3,7,3,5,9,3,2,0,0,2,12,15
23,5,3,9,3,0,0,0,0,0,0,10,5,0,0,4,1,24,0,7,3,5,7,2,5,10,4,3,0,0,1,10,45
21,5,5,8,3,0,0,0,1,0,0,14,1,0,0,4,1,24,2,5,1,4,5,3,5,9,3,2,0,0,2,10,30
-30,3,3,13,3,0,0,0,1,0,0,3,12,0,0,4,1,24,1,4,3,4,4,4,4,9,4,2,0,0,2,11,45
26,3,3,6,2,0,0,0,1,0,0,0,15,0,0,4,1,24,1,4,3,4,4,3,4,8,3,2,0,0,1,10,0
36,2,2,4,3,0,0,1,0,0,0,13,2,0,0,4,1,24,2,2,1,2,2,2,6,7,3,3,0,0,1,9,45
33,1,1,7,2,0,0,1,0,0,0,8,7,0,0,4,1,24,0,2,1,2,2,1,5,6,4,3,0,0,1,10,15
0,0,0,2,2,0,1,1,0,0,0,2,13,0,0,4,1,24,1,0,0,0,0,4,5,5,4,3,0,0,2,9,30
-5,0,0,4,1,0,1,1,0,0,0,0,2,0,0,4,1,24,1,0,0,0,0,3,4,4,3,2,0,0,1,9,45
41,0,0,1,0,0,1,1,0,0,0,0,8,0,0,4,1,24,0,0,0,0,0,2,3,3,3,1,0,0,2,9,15
-2,0,0,0,0,0,0,1,0,0,0,0,15,0,1,4,1,24,0,0,0,0,0,2,2,2,2,0,0,0,1,9,0
8,0,0,2,0,0,0,0,0,0,0,0,42,0,0,4,1,24,0,0,0,0,0,1,1,1,1,0,0,0,2,9,30
17,29,2,49,3,0,0,3,0,0,0,4,1,0,0,3,1,23,1,48,3,6,13,5,8,12,6,3,5,3,2,16,50
22,29,2,52,2,0,0,3,0,0,0,0,5,0,0,3,1,23,1,48,3,6,13,4,7,12,5,2,5,2,1,17,15
15,29,2,54,2,0,0,3,0,0,0,10,5,1,0,3,1,23,2,47,2,5,13,4,7,12,4,1,5,2,1,17,30
38,29,2,48,2,0,0,2,0,0,0,6,9,0,0,3,1,23,2,47,3,6,14,3,6,11,3,1,4,2,1,16,45
-3,28,2,46,3,0,0,2,0,0,0,11,4,0,0,3,1,23,2,45,2,5,13,4,5,12,4,2,4,1,1,16,30
4,27,3,46,2,0,0,2,0,0,0,10,5,0,0,3,1,23,1,45,3,8,14,4,5,12,4,2,4,1,1,16,30
-5,27,3,50,3,0,1,1,0,0,0,3,12,0,0,3,1,23,3,43,3,7,12,3,5,12,3,1,4,1,2,17,0
-21,27,4,52,2,0,1,1,0,0,0,12,3,0,0,3,1,23,1,43,3,7,13,2,4,12,4,1,3,1,1,17,15
21,27,5,44,1,0,1,2,0,0,0,14,1,0,0,3,1,23,2,42,4,7,13,1,6,13,3,1,3,0,1,16,0
-17,25,6,45,3,0,2,3,0,0,0,11,4,0,0,3,1,23,3,37,3,6,11,5,8,16,6,4,3,1,2,16,15
-7,24,5,41,3,0,1,4,0,0,0,7,8,0,0,3,1,23,3,36,2,5,10,4,8,15,6,4,3,1,1,15,45
12,23,4,38,2,0,1,4,0,0,0,11,4,0,0,3,1,23,2,36,4,7,12,5,8,15,6,3,3,1,1,15,15
16,22,3,36,3,0,0,4,0,0,0,1,14,0,0,3,1,23,1,35,4,6,12,4,9,15,7,4,3,1,2,15,0
-8,22,3,41,3,0,0,3,0,0,0,14,1,0,0,3,1,23,1,35,4,6,12,3,8,14,6,3,3,1,1,15,45
-62,21,4,50,4,0,0,2,0,0,1,6,9,0,0,3,1,23,2,33,2,4,11,4,8,13,6,3,2,1,2,17,0
25,21,4,32,4,0,0,1,0,0,1,4,11,0,0,3,1,23,2,33,2,4,12,3,7,12,5,3,2,0,2,14,30
9,19,4,32,4,0,0,2,0,0,1,44,1,0,0,3,1,23,1,31,2,4,13,5,8,11,7,4,2,1,2,14,30
12,19,4,34,3,0,0,2,0,0,1,40,5,0,0,3,1,23,1,31,2,5,13,4,8,11,6,4,2,1,2,14,45
11,19,5,36,2,0,0,2,0,0,1,32,13,0,0,3,1,23,1,31,2,5,14,4,8,12,5,4,2,1,2,15,0
-22,19,5,34,3,0,0,2,0,0,1,26,19,0,0,3,1,23,3,29,1,5,13,3,7,12,4,3,2,1,2,14,45
48,19,5,30,2,0,0,2,0,0,1,24,21,0,0,3,1,23,2,29,1,5,13,3,6,11,4,2,2,1,1,13,30
-38,17,4,40,2,0,0,1,0,0,1,6,39,0,0,3,1,23,0,29,3,7,17,4,6,12,5,2,2,1,3,15,30
21,17,6,27,3,0,0,1,0,0,0,10,5,0,0,3,1,23,1,28,4,7,16,4,5,12,4,1,1,1,1,13,15
-110,16,5,41,4,0,0,0,0,0,0,4,11,0,0,3,1,23,1,27,4,7,17,4,4,11,4,2,1,0,1,15,45
17,15,5,31,4,0,0,0,0,0,0,13,2,0,0,3,1,23,1,26,3,8,16,3,4,12,4,3,1,1,2,14,15
23,14,4,27,3,0,0,0,0,0,0,2,13,0,0,3,1,23,0,26,5,9,16,2,5,13,4,2,1,1,1,13,15
15,14,4,26,2,0,1,1,0,0,0,7,8,0,0,3,1,23,2,24,3,8,14,1,5,12,3,2,1,1,3,13,0
-25,10,4,27,5,0,1,2,0,0,1,13,2,0,0,3,1,23,2,18,4,8,13,4,9,18,8,6,0,1,1,13,15
11,10,4,23,4,0,1,2,0,0,1,8,7,0,0,3,1,23,2,18,5,8,14,5,9,19,7,5,0,0,1,12,30
34,10,4,23,3,0,1,2,0,0,1,6,9,0,0,3,1,23,2,18,6,8,14,4,8,18,6,4,0,0,1,12,30
32,10,4,16,4,0,1,3,0,0,0,12,3,0,0,3,1,23,2,16,4,6,13,4,8,18,7,6,0,0,2,11,45
11,9,3,20,4,0,1,4,0,0,0,11,4,0,0,3,1,23,1,14,4,4,12,5,8,17,9,7,0,0,2,12,15
21,9,3,20,4,0,1,3,0,0,0,11,4,0,0,3,1,23,1,14,4,5,12,5,7,16,8,7,0,0,2,12,15
-9,8,3,18,4,0,1,4,0,0,0,2,13,0,0,3,1,23,2,12,2,4,10,4,7,16,8,7,0,0,3,12,0
-14,7,2,20,6,0,0,4,0,0,0,1,14,0,0,3,1,23,2,10,0,5,9,4,11,16,9,6,0,0,2,12,15
-16,7,3,18,5,0,0,4,0,0,0,14,1,0,0,3,1,23,2,10,0,5,9,4,10,15,8,5,0,0,3,12,0
154,6,2,9,4,0,0,4,0,0,0,11,4,0,0,3,1,23,1,10,0,5,9,3,10,14,8,6,0,0,2,10,45
-20,6,2,25,3,0,0,4,0,0,0,2,13,0,0,3,1,23,0,10,2,6,10,3,11,15,8,6,0,0,1,12,45
37,6,4,11,3,0,0,3,0,0,0,0,15,0,0,3,1,23,0,10,5,8,10,7,10,15,7,5,0,0,2,11,0
22,6,4,15,5,0,0,2,0,0,0,4,11,0,0,3,1,23,2,8,4,6,8,9,10,15,6,4,0,0,2,11,30
29,5,3,9,4,0,1,2,0,0,0,11,4,0,0,3,1,23,1,7,4,5,7,8,10,14,7,3,0,0,2,10,45
-17,5,3,16,3,0,1,2,0,0,0,7,8,0,0,3,1,23,1,7,5,6,7,7,9,13,6,2,0,0,2,11,45
-8,5,3,13,2,0,2,2,0,0,0,6,9,0,0,3,1,23,2,6,4,5,6,6,8,12,5,2,0,0,1,11,15
-31,5,4,11,1,0,2,2,0,0,0,3,12,0,0,3,1,23,1,6,4,5,6,5,7,11,5,2,0,0,2,11,0
-191,5,4,38,2,0,2,1,0,0,0,2,13,0,0,3,1,23,2,5,3,4,5,4,6,10,4,2,0,0,1,15,15
2,4,3,7,1,0,2,1,0,0,0,12,3,0,0,3,1,23,1,5,3,4,5,3,5,9,4,2,0,0,2,10,30
-10,4,3,7,1,0,1,1,0,0,0,8,7,0,0,3,1,23,1,5,3,5,5,3,4,8,3,2,0,0,2,10,30
8,4,4,13,1,0,1,1,0,0,0,4,11,0,0,3,1,23,2,4,2,4,4,2,4,7,2,1,0,0,1,11,15
15,2,2,4,3,0,0,1,0,0,0,9,6,0,0,3,1,23,0,2,1,2,2,2,6,7,5,3,0,0,2,10,0
4,2,2,3,2,0,0,1,0,0,0,0,15,0,0,3,1,23,0,2,2,2,2,3,5,6,4,2,0,0,1,9,45
-14,0,0,5,3,0,0,1,0,0,0,5,10,0,0,3,1,23,0,0,0,0,0,4,4,5,5,2,0,0,2,10,15
-19,0,0,5,3,0,0,0,0,0,0,4,11,0,0,3,1,23,0,0,0,0,0,3,3,4,4,2,0,0,2,10,15
16,0,0,2,2,0,0,0,0,0,0,0,13,0,0,3,1,23,0,0,0,0,0,2,3,3,3,1,0,0,1,9,30
5,0,0,0,1,0,0,0,0,0,0,0,17,0,1,3,1,23,0,0,0,0,0,1,2,2,2,0,0,0,1,9,0
4,0,0,1,0,0,0,0,0,0,0,0,59,0,0,3,1,23,0,0,0,0,0,1,1,1,1,0,0,0,1,9,15
22,44,8,53,4,0,0,0,0,0,0,5,10,0,0,2,1,22,1,51,6,10,17,2,5,10,4,1,2,0,1,17,15
20,43,8,54,4,0,0,1,0,0,0,14,1,0,0,2,1,22,1,49,6,9,16,1,6,10,5,2,2,0,1,17,30
-1,38,7,52,5,0,3,3,0,0,0,8,7,0,0,2,1,22,3,42,4,6,10,5,7,11,9,6,2,0,1,17,0
39,36,5,51,4,0,3,3,1,0,0,14,1,0,0,2,1,22,2,41,3,6,11,4,7,11,10,6,2,0,1,16,45
16,36,6,48,3,0,3,3,1,0,0,7,8,0,0,2,1,22,2,41,3,7,11,4,6,13,9,6,2,0,1,16,15
118,36,6,48,2,0,3,3,1,0,0,5,10,0,0,2,1,22,2,41,4,7,11,3,5,13,8,5,2,0,1,16,15
13,36,6,50,2,0,2,3,1,0,0,3,12,0,0,2,1,22,2,41,4,7,11,2,4,13,7,4,2,0,1,16,30
19,33,5,46,4,0,1,3,2,0,0,8,7,0,0,2,1,22,2,38,4,5,11,3,5,13,9,5,2,0,2,16,0
57,32,4,44,5,0,0,3,2,0,0,14,1,0,0,2,1,22,2,37,4,5,11,3,4,12,9,5,2,0,2,15,45
82,31,4,41,7,0,0,2,2,0,0,0,15,0,0,2,1,22,3,35,2,5,10,3,5,13,9,6,2,1,2,15,30
63,29,3,46,7,0,1,2,2,0,0,1,14,0,0,2,1,22,3,33,1,3,10,2,9,13,10,7,2,1,2,16,0
17,28,3,39,6,0,1,2,2,0,0,11,4,0,0,2,1,22,1,33,1,4,10,2,8,13,11,9,2,1,3,15,15
29,28,5,41,7,0,1,1,2,0,0,12,3,0,0,2,1,22,1,32,2,6,12,7,9,14,11,8,1,1,2,15,30
40,27,5,35,7,0,1,2,1,0,0,2,13,0,0,2,1,22,1,31,3,6,12,7,9,13,11,7,1,0,2,14,45
60,27,6,41,7,0,1,2,1,0,0,43,2,0,0,2,1,22,2,30,3,5,11,6,8,12,10,6,1,0,2,15,30
32,27,6,34,6,0,1,2,1,0,0,42,3,0,0,2,1,22,2,30,3,5,11,5,7,11,9,5,1,0,2,14,30
34,27,6,39,5,0,1,2,1,0,0,38,7,0,0,2,1,22,2,30,3,5,11,4,6,10,8,4,1,0,3,15,15
-181,27,6,55,5,0,0,2,1,0,0,36,9,1,0,2,1,22,2,30,3,5,11,3,5,9,7,4,1,0,1,18,0
27,27,7,35,4,0,0,2,1,0,0,33,12,0,0,2,1,22,2,30,3,6,12,2,5,9,6,3,1,0,2,14,45
47,25,6,37,4,0,0,2,0,0,1,25,20,0,0,2,1,22,1,29,3,6,11,3,5,8,7,3,1,0,2,15,0
80,23,7,37,5,0,1,2,0,0,1,13,2,0,0,2,1,22,2,26,3,6,12,3,6,10,8,2,1,0,2,15,0
52,22,7,32,4,0,1,2,0,0,1,10,5,0,0,2,1,22,1,26,3,6,13,3,5,9,8,3,1,0,1,13,30
-67,21,7,44,3,0,1,3,0,0,1,6,9,0,0,2,1,22,1,25,4,6,14,3,4,12,8,4,1,0,2,15,45
44,19,5,33,4,0,1,3,0,0,1,11,4,0,0,2,1,22,1,23,3,5,14,3,4,15,9,6,1,0,1,14,15
75,19,6,28,4,0,1,2,0,0,1,7,8,0,0,2,1,22,1,23,3,6,14,2,4,14,8,5,1,0,1,12,45
61,18,7,28,5,0,1,2,0,0,1,5,10,0,0,2,1,22,2,21,3,6,13,1,5,14,8,4,1,0,1,12,45
37,14,7,30,6,0,2,2,0,0,1,4,11,0,0,2,1,22,1,18,4,7,14,4,9,18,11,5,1,0,1,13,0
42,14,7,25,5,0,2,2,0,0,1,8,7,0,0,2,1,22,1,18,5,9,14,3,11,17,10,5,1,1,1,12,15
71,13,8,25,6,0,2,2,0,0,1,0,15,0,0,2,1,22,2,16,4,8,14,4,11,17,10,4,1,1,1,12,15
44,12,8,21,5,0,2,2,0,0,1,10,5,0,0,2,1,22,1,16,4,8,14,5,10,16,10,4,1,1,2,11,45
35,10,6,23,7,0,2,2,0,0,1,8,7,0,0,2,1,22,2,13,4,7,12,8,11,18,11,4,1,1,2,12,0
44,8,5,27,8,0,1,2,0,0,1,1,14,0,0,2,1,22,1,12,4,6,11,8,11,18,12,5,1,1,2,12,30
148,8,5,9,8,0,1,2,0,0,0,13,2,0,0,2,1,22,1,12,4,7,11,7,11,17,11,4,1,1,2,10,15
47,8,5,31,7,0,1,2,0,0,0,10,5,0,0,2,1,22,1,12,4,7,11,6,10,16,10,4,1,1,1,13,15
13,7,4,17,7,0,1,2,0,0,0,5,10,0,0,2,1,22,1,11,3,7,10,5,9,15,10,4,1,1,2,11,15
65,7,4,23,8,0,1,1,0,0,0,13,2,0,0,2,1,22,1,10,3,6,9,5,9,15,10,5,0,1,2,12,0
37,7,4,17,8,0,0,1,0,0,0,13,2,0,0,2,1,22,1,10,3,6,9,4,8,14,9,4,0,0,2,11,15
56,7,5,19,8,0,0,1,0,0,0,12,3,0,0,2,1,22,2,9,3,5,8,4,7,13,8,4,0,0,2,11,30
21,5,4,13,8,0,0,1,0,0,0,2,13,0,0,2,1,22,1,8,2,5,8,3,6,13,9,5,0,0,1,10,45
43,4,3,16,8,0,0,0,0,0,0,3,12,0,0,2,1,22,0,8,4,6,8,5,8,12,9,6,0,0,2,11,0
37,4,3,19,8,0,0,0,0,0,0,13,2,0,0,2,1,22,1,7,3,6,7,4,8,11,8,5,0,0,2,11,30
81,3,3,9,8,0,0,0,0,0,0,1,14,0,0,2,1,22,1,6,4,5,6,3,8,12,8,5,0,0,2,10,15
49,3,3,11,8,0,0,0,0,0,0,13,2,0,0,2,1,22,2,5,3,4,5,3,7,12,7,5,0,0,3,10,30
6,3,3,13,8,0,0,0,0,0,0,4,11,0,0,2,1,22,3,4,2,3,4,3,7,13,6,4,0,0,1,10,45
18,1,1,6,9,0,0,0,0,0,0,1,14,0,0,2,1,22,2,2,1,2,2,5,7,12,8,4,0,0,2,10,0
48,1,1,11,8,0,0,0,0,0,0,5,10,0,0,2,1,22,2,2,1,2,2,4,6,11,7,4,0,0,3,10,30
17,1,1,2,7,0,0,0,0,0,0,3,12,0,0,2,1,22,2,2,1,2,2,4,5,10,6,3,0,0,2,9,30
-5,1,1,6,6,0,0,0,0,0,0,1,14,0,0,2,1,22,2,2,1,2,2,3,4,9,5,3,0,0,2,10,0
73,1,1,2,6,0,0,0,0,0,0,4,11,0,0,2,1,22,3,1,1,1,1,3,5,8,4,2,0,0,2,9,30
42,0,0,1,5,0,0,0,0,0,0,4,11,0,0,2,1,22,1,1,1,1,1,2,7,7,5,2,0,0,2,9,15
-34,0,0,4,4,0,0,0,0,0,0,0,4,0,0,2,1,22,1,1,1,1,1,1,6,6,4,2,0,0,3,9,45
-43,0,0,21,4,0,0,0,0,0,0,0,39,0,0,2,1,22,0,0,0,0,0,5,5,5,5,3,0,0,2,11,45
47,0,0,6,3,0,0,0,0,0,0,0,40,0,0,2,1,22,0,0,0,0,0,4,4,4,4,2,0,0,2,10,0
-109,0,0,13,2,0,0,0,0,0,0,0,45,0,0,2,1,22,0,0,0,0,0,3,3,3,3,2,0,0,1,10,45
17,0,0,0,1,0,0,0,0,0,0,0,49,0,1,2,1,22,0,0,0,0,0,2,2,2,2,1,0,0,1,9,0
-59,0,0,4,0,0,0,0,0,0,0,0,50,0,0,2,1,22,0,0,0,0,0,1,1,1,1,1,0,0,3,9,45
10,34,4,50,5,0,0,0,0,0,0,13,2,0,0,6,1,19,2,46,2,5,14,3,5,10,4,2,2,0,1,17,15
41,32,2,48,4,0,1,0,0,0,0,2,13,0,0,6,1,19,1,45,2,5,13,2,5,10,5,3,2,1,1,17,0
15,31,3,45,4,0,0,1,0,0,0,6,9,0,0,6,1,19,1,44,2,7,12,1,4,10,5,3,2,1,1,16,30
42,31,5,43,4,0,0,1,0,0,1,5,10,0,0,6,1,19,1,42,5,9,11,3,6,10,6,4,2,1,2,16,15
-12,30,4,51,4,0,0,1,0,0,1,1,14,1,0,6,1,19,1,41,4,8,11,3,5,9,6,4,2,1,1,17,30
69,30,4,40,4,0,0,1,0,0,1,7,8,0,0,6,1,19,2,40,4,8,11,2,5,10,5,3,1,1,1,15,45
10,27,2,48,4,0,0,1,0,0,3,3,12,0,0,6,1,19,1,37,4,5,11,3,6,10,8,4,1,0,1,17,0
-11,26,1,45,5,0,0,0,0,0,3,6,9,0,0,6,1,19,1,36,4,4,10,3,6,11,8,4,1,1,1,16,30
-2,26,1,43,5,0,2,0,0,0,2,2,13,0,0,6,1,19,3,34,2,2,9,3,5,10,7,4,1,1,2,16,15
8,26,1,38,5,0,3,0,0,0,1,0,15,0,0,6,1,19,2,33,1,3,10,4,4,9,8,5,1,1,2,15,30
-4,25,2,36,5,0,3,0,0,0,1,3,12,0,0,6,1,19,1,32,0,3,10,3,5,8,9,7,1,1,2,15,15
49,25,2,33,5,0,3,0,0,0,0,29,1,0,0,6,1,19,1,32,0,5,10,2,5,7,8,6,1,1,2,14,45
-53,25,4,40,5,0,2,0,0,0,0,15,15,0,0,6,1,19,1,32,2,6,13,1,4,8,7,6,0,1,1,15,45
34,25,8,32,7,0,1,0,0,0,0,29,16,0,0,6,1,19,3,30,4,7,15,4,5,9,6,5,0,0,1,14,15
14,25,8,38,7,0,1,0,0,0,0,28,17,0,0,6,1,19,4,29,3,6,14,3,4,8,5,4,0,0,2,15,30
49,23,8,36,7,0,2,0,0,0,0,15,30,0,0,6,1,19,4,27,2,5,14,3,3,8,6,5,0,0,2,15,15
24,21,8,34,7,0,2,0,0,0,0,0,45,0,0,6,1,19,3,26,3,7,15,2,4,9,7,4,0,0,2,15,0
-18,21,8,42,6,0,2,0,0,0,0,10,5,0,0,6,1,19,3,26,3,9,16,1,3,10,6,3,0,0,2,16,0
66,15,6,24,11,0,2,0,0,0,0,12,3,0,0,6,1,19,2,20,3,7,14,3,6,15,12,3,0,0,2,12,30
-93,13,6,47,11,0,2,0,0,0,0,1,14,0,0,6,1,19,0,19,4,8,14,3,6,17,14,4,0,0,2,16,45
52,13,7,24,12,0,2,0,0,0,0,1,14,0,0,6,1,19,2,17,4,7,14,3,8,18,13,3,0,0,2,12,30
24,13,7,31,11,0,2,0,0,0,0,12,3,0,0,6,1,19,2,17,4,7,14,3,7,18,12,3,0,0,1,13,30
39,9,6,30,12,0,3,1,0,0,0,2,13,0,0,6,1,19,2,13,3,6,11,6,11,21,15,5,0,0,1,13,15
0,9,6,28,11,0,3,1,0,0,0,12,3,0,0,6,1,19,2,13,3,7,11,5,10,20,14,5,0,0,1,13,0
35,7,4,28,11,0,3,1,0,0,1,2,13,0,0,6,1,19,2,11,2,6,9,7,12,20,15,6,0,0,1,13,0
-135,6,3,34,12,0,2,1,0,0,1,13,2,0,0,6,1,19,2,10,2,5,8,6,11,19,15,7,0,0,2,15,0
76,6,3,20,11,0,2,1,0,0,1,12,3,0,0,6,1,19,2,10,2,5,8,5,10,18,14,6,0,0,2,12,0
8,6,3,26,10,0,2,1,0,0,1,5,10,0,0,6,1,19,2,10,2,6,10,4,11,18,13,6,0,0,2,12,45
39,6,4,14,10,0,2,1,0,0,1,8,7,0,0,6,1,19,2,9,3,6,9,7,12,18,13,7,0,0,2,11,15
53,6,4,22,9,0,2,1,0,0,1,5,10,0,0,6,1,19,2,9,3,6,9,6,11,17,12,6,0,0,2,12,15
45,6,4,20,8,0,2,1,0,0,1,5,10,0,0,6,1,19,2,9,3,6,9,5,10,16,11,6,0,0,2,12,0
51,3,2,18,8,0,2,1,0,0,1,4,11,0,0,6,1,19,0,8,5,6,8,7,12,18,13,9,0,0,2,11,45
25,3,2,16,7,0,2,1,0,0,1,3,12,0,0,6,1,19,0,8,5,6,8,6,11,18,12,9,0,0,2,11,30
19,3,3,18,8,0,2,1,0,0,1,11,4,0,0,6,1,19,2,6,3,4,6,6,10,18,11,9,0,0,2,11,45
78,3,3,6,8,0,2,0,0,0,1,9,6,0,0,6,1,19,2,6,3,4,6,6,9,17,10,8,0,0,2,10,15
37,3,3,12,8,0,1,0,0,0,1,5,10,0,0,6,1,19,2,6,3,4,6,5,8,17,9,8,0,0,2,11,0
17,3,3,22,8,0,1,0,0,0,1,10,5,0,0,6,1,19,1,5,3,3,5,6,8,16,10,8,0,0,2,12,15
59,3,3,8,8,0,1,1,0,0,0,5,10,0,0,6,1,19,2,4,2,4,4,6,8,15,9,8,0,0,2,10,30
-4,2,2,8,8,0,1,1,0,0,0,13,2,0,0,6,1,19,2,3,1,3,3,5,8,14,9,8,0,0,2,10,30
110,2,2,6,7,0,1,1,0,0,0,9,6,0,0,6,1,19,1,3,1,3,3,4,7,13,9,9,0,0,2,10,15
5,2,2,10,7,0,1,1,0,0,0,4,11,0,0,6,1,19,2,2,0,2,2,3,7,12,8,8,0,0,2,10,45
-14,1,1,16,6,0,1,1,0,0,0,12,3,0,0,6,1,19,1,2,0,2,2,3,7,11,8,7,0,0,2,11,30
-8,1,1,26,6,0,0,1,0,0,0,6,9,0,0,6,1,19,1,2,2,2,2,2,7,10,7,6,0,0,2,12,45
17,0,0,3,5,0,0,1,0,0,0,3,12,0,0,6,1,19,0,2,2,2,2,5,9,9,7,6,0,0,2,9,45
63,0,0,4,6,0,0,1,0,0,0,6,9,0,0,6,1,19,2,0,0,0,0,5,8,8,6,6,0,0,2,10,0
-35,0,0,10,6,0,0,0,0,0,0,14,1,0,0,6,1,19,2,0,0,0,0,6,7,7,5,5,0,0,2,10,45
50,0,0,2,5,0,0,0,0,0,0,5,10,0,0,6,1,19,1,0,0,0,0,6,6,6,5,5,0,0,1,9,30
48,0,0,0,4,0,0,0,0,0,0,3,12,0,1,6,1,19,1,0,0,0,0,5,5,5,4,4,0,0,1,9,0
-41,0,0,14,3,0,0,0,0,0,0,0,7,0,0,6,1,19,0,0,0,0,0,4,4,4,4,3,0,0,2,11,15
-109,0,0,12,2,0,0,0,0,0,0,0,11,0,0,6,1,19,0,0,0,0,0,3,3,3,3,2,0,0,2,11,0
55,0,0,4,1,0,0,0,0,0,0,0,12,0,0,6,1,19,0,0,0,0,0,2,2,2,2,1,0,0,2,10,0
-12,0,0,1,0,0,0,0,0,0,0,0,23,0,0,6,1,19,0,0,0,0,0,1,1,1,1,0,0,0,1,9,15
5,28,4,41,4,0,0,1,0,0,0,7,8,1,0,5,1,18,1,36,2,5,9,3,6,10,5,2,2,0,1,17,30
39,27,3,40,3,0,0,1,0,0,0,11,4,0,0,5,1,18,0,36,3,6,9,2,5,10,5,1,2,0,1,17,15
45,27,4,39,2,0,1,1,0,0,0,1,14,0,0,5,1,18,1,35,3,6,8,2,4,9,4,0,2,0,1,17,0
60,25,4,36,3,0,1,1,0,0,0,4,11,0,0,5,1,18,0,33,4,6,7,3,6,11,6,3,2,1,1,16,30
-12,25,4,38,3,0,1,1,0,0,0,12,3,0,0,5,1,18,1,32,3,5,6,2,5,11,5,3,2,1,1,16,45
9,25,4,36,3,0,0,1,0,0,0,11,4,0,0,5,1,18,1,32,3,5,6,1,4,11,4,2,2,1,1,16,30
93,23,2,30,3,0,0,2,0,0,1,7,8,0,0,5,1,18,1,29,2,3,6,4,7,10,6,2,2,2,1,15,30
36,23,2,32,2,0,1,2,0,0,1,2,13,0,0,5,1,18,2,28,1,2,5,4,6,9,5,2,2,2,2,16,0
79,22,1,32,2,0,1,1,0,0,1,12,3,0,0,5,1,18,1,28,1,2,5,3,5,8,5,1,1,2,2,16,0
-12,21,0,34,2,0,2,1,0,0,0,23,7,0,0,5,1,18,1,27,1,1,5,4,7,7,5,2,1,1,2,16,15
5,21,0,28,2,0,1,1,0,0,0,21,9,0,0,5,1,18,1,27,1,1,5,3,6,6,4,2,1,1,1,15,15
55,21,1,28,1,0,1,1,0,0,0,26,4,0,0,5,1,18,0,27,1,3,7,4,5,6,4,2,1,1,1,15,15
9,21,1,31,1,0,2,0,0,0,0,24,6,0,0,5,1,18,1,26,0,2,7,4,4,5,3,1,0,1,2,15,45
-77,21,2,34,1,0,1,0,0,0,0,7,23,0,0,5,1,18,0,26,1,3,8,3,3,5,3,2,0,0,2,16,15
-18,21,3,27,1,0,0,0,0,0,0,43,2,0,0,5,1,18,0,26,2,3,9,2,2,5,2,1,0,0,2,14,45
72,21,3,26,0,0,0,0,0,0,0,41,4,0,0,5,1,18,0,26,2,4,9,1,1,4,1,0,0,0,1,14,15
12,17,5,25,1,0,0,2,0,0,0,4,11,0,0,5,1,18,0,22,3,6,12,2,4,11,4,1,0,0,1,13,30
18,15,4,23,3,0,0,2,0,0,0,4,26,0,0,5,1,18,1,19,3,6,13,3,5,11,5,2,0,0,1,13,0
46,13,4,18,3,0,0,2,0,0,0,1,14,0,0,5,1,18,0,18,3,7,15,3,6,11,6,4,0,0,2,12,0
20,12,4,24,5,0,0,1,0,0,0,8,7,0,0,5,1,18,1,16,2,5,13,3,7,11,6,3,0,0,1,13,15
112,12,4,14,5,0,0,0,0,0,0,4,11,0,0,5,1,18,1,16,3,6,13,2,7,11,5,3,0,0,2,11,15
27,11,5,18,5,0,1,0,0,0,0,27,3,0,0,5,1,18,1,14,3,7,12,5,7,14,6,2,0,0,2,12,0
10,11,7,16,5,0,1,0,0,0,0,19,11,0,0,5,1,18,2,13,3,7,12,5,6,13,5,1,0,0,2,11,45
-39,9,6,22,4,0,1,2,0,0,0,4,26,0,0,5,1,18,2,11,3,6,10,5,5,14,6,2,0,0,1,12,30
3,9,6,20,3,0,1,2,0,0,0,14,1,0,0,5,1,18,2,11,3,8,10,4,5,13,5,2,0,0,1,12,15
70,9,6,12,2,0,1,2,0,0,0,14,1,0,0,5,1,18,2,11,3,8,10,3,4,12,4,1,0,0,2,11,0
23,8,6,20,1,0,1,2,0,0,0,7,8,0,0,5,1,18,0,11,5,8,11,2,4,12,5,1,0,0,1,12,15
32,8,7,12,3,0,0,2,0,0,0,14,1,0,0,5,1,18,2,9,3,7,9,1,4,11,4,1,0,0,2,11,0
113,3,3,0,7,0,1,2,0,0,0,1,14,0,1,5,1,18,2,3,1,2,3,6,9,14,9,4,0,0,1,9,0
5,3,3,10,6,0,1,2,0,0,0,13,2,0,0,5,1,18,2,3,1,3,3,5,8,13,8,3,0,0,1,10,30
66,2,2,8,5,0,1,2,0,0,0,5,10,0,0,5,1,18,1,3,2,3,3,5,8,12,8,3,0,0,1,10,15
-7,1,1,14,6,0,1,1,0,0,0,11,4,0,0,5,1,18,1,2,1,2,2,4,7,11,8,3,0,0,2,11,15
68,1,1,6,6,0,1,0,0,0,0,8,7,0,0,5,1,18,1,2,1,2,2,4,6,10,7,3,0,0,2,10,0
-80,1,1,16,6,0,0,0,0,0,0,7,8,0,0,5,1,18,1,2,1,2,2,3,6,9,6,3,0,0,2,11,45
6,0,0,8,5,0,0,0,0,0,0,13,2,0,0,5,1,18,0,2,2,2,2,3,6,8,6,3,0,0,1,10,15
84,0,0,1,5,0,0,0,0,0,0,10,5,0,0,5,1,18,1,1,1,1,1,3,7,7,5,3,0,0,2,9,15
27,0,0,4,4,0,0,0,0,0,0,5,10,0,0,5,1,18,0,1,1,1,1,3,6,6,5,3,0,0,2,9,45
19,0,0,4,3,0,0,0,0,0,1,10,5,0,0,5,1,18,1,0,0,0,0,3,5,5,4,2,0,0,2,9,45
-27,0,0,2,3,0,0,0,0,0,0,0,8,0,0,5,1,18,0,0,0,0,0,4,4,4,4,1,0,0,2,9,30
50,0,0,6,2,0,0,0,0,0,0,0,11,0,0,5,1,18,0,0,0,0,0,3,3,3,3,1,0,0,2,10,0
22,0,0,2,1,0,0,0,0,0,0,0,24,0,0,5,1,18,0,0,0,0,0,2,2,2,2,1,0,0,2,9,30
-81,0,0,11,0,0,0,0,0,0,0,0,34,0,0,5,1,18,0,0,0,0,0,1,1,1,1,0,0,0,2,10,45
-22,31,5,51,4,0,0,2,1,0,0,13,2,1,0,4,1,17,2,44,6,10,14,4,8,11,6,2,6,2,1,18,0
99,30,6,44,8,0,1,2,1,0,0,9,6,0,0,4,1,17,5,38,2,5,11,5,9,11,8,2,6,1,3,16,45
79,30,6,44,8,0,1,2,0,0,0,6,9,0,0,4,1,17,5,38,3,6,11,5,8,10,7,2,6,1,3,16,45
-13,28,4,46,8,0,0,2,0,0,0,14,1,0,0,4,1,17,3,38,4,7,12,5,8,10,8,4,6,1,1,17,0
36,28,5,42,8,0,0,3,0,0,0,10,5,0,0,4,1,17,5,36,2,5,10,5,7,9,7,4,6,1,2,16,30
38,26,4,41,7,0,0,3,0,0,0,9,6,0,0,4,1,17,2,36,3,6,11,5,6,11,9,5,6,1,2,16,15
1,26,4,50,6,0,0,4,0,0,0,7,8,0,0,4,1,17,3,35,3,5,10,4,5,10,8,5,6,1,1,17,30
-15,26,5,46,7,0,0,3,0,0,0,3,12,0,0,4,1,17,4,34,2,4,9,4,4,9,7,4,5,1,1,17,0
-40,26,5,46,6,0,0,3,0,0,0,12,3,0,0,4,1,17,4,34,3,4,10,3,3,8,6,4,5,0,1,17,0
61,25,4,42,6,0,0,2,0,0,0,2,13,0,0,4,1,17,3,34,4,6,11,2,2,9,6,4,5,0,2,16,30
18,24,4,36,7,0,0,2,0,0,0,5,10,0,0,4,1,17,4,32,2,5,10,1,2,9,6,4,5,0,1,15,30
79,20,2,34,9,0,0,2,0,0,1,12,3,0,0,4,1,17,1,27,3,5,9,5,7,14,12,7,5,2,2,15,15
-9,20,2,33,9,0,0,2,0,0,2,4,11,0,0,4,1,17,3,26,1,4,8,4,7,14,11,6,5,2,2,15,0
0,20,3,31,8,0,0,2,0,0,2,9,6,0,0,4,1,17,2,26,2,4,12,3,7,13,11,7,5,2,1,14,45
28,20,4,34,8,0,0,1,0,0,2,1,14,0,0,4,1,17,2,26,3,5,13,4,7,13,10,7,4,2,2,15,15
30,20,4,39,8,0,0,1,0,0,2,44,1,0,0,4,1,17,3,25,2,4,12,3,6,12,9,7,4,1,1,16,0
67,19,5,28,7,0,0,2,0,0,2,21,24,0,0,4,1,17,2,24,3,5,12,4,9,14,10,7,4,2,2,14,15
34,19,5,38,6,0,0,2,0,0,2,21,24,0,0,4,1,17,2,24,3,5,12,3,8,13,9,6,3,2,2,15,45
-2,18,6,31,8,0,0,2,0,0,1,9,36,0,0,4,1,17,3,22,2,3,11,5,8,14,9,6,3,1,1,14,45
-102,18,6,49,7,0,0,2,0,0,1,0,45,0,0,4,1,17,3,22,3,7,13,6,7,13,8,6,3,1,1,17,15
-2,16,5,29,7,0,0,2,0,0,1,5,10,0,0,4,1,17,2,21,2,7,13,5,6,13,9,6,3,1,2,14,30
11,16,6,39,7,0,0,1,0,0,1,12,3,0,0,4,1,17,2,20,2,8,14,4,6,12,8,5,2,1,1,16,0
56,15,5,29,7,0,0,1,0,0,1,10,5,0,0,4,1,17,2,20,1,7,13,3,6,12,8,5,2,0,2,14,30
110,14,4,26,6,0,0,1,0,0,2,1,14,0,0,4,1,17,2,19,2,7,12,3,5,12,8,5,2,0,1,13,15
21,14,4,27,5,0,0,1,0,0,2,1,14,0,0,4,1,17,2,19,3,7,12,2,4,11,7,4,2,0,1,13,30
20,12,4,24,4,0,0,1,0,0,2,9,6,0,0,4,1,17,0,19,7,8,12,3,7,14,8,5,2,0,1,13,0
43,10,3,24,7,0,2,0,0,0,2,4,11,0,0,4,1,17,3,14,3,6,9,5,7,14,9,6,2,0,1,13,0
24,10,3,17,6,0,3,0,0,0,2,12,3,0,0,4,1,17,4,13,2,6,9,4,6,13,8,5,2,0,2,12,15
20,10,5,20,7,0,3,0,0,0,1,14,1,0,0,4,1,17,4,12,3,5,10,4,7,13,8,4,2,0,2,12,30
27,10,5,22,6,0,3,0,0,0,1,12,3,0,0,4,1,17,4,12,3,5,10,4,7,12,7,4,2,0,2,12,45
38,9,4,20,6,0,3,0,0,0,1,5,10,0,0,4,1,17,4,11,3,4,10,3,6,12,7,4,2,0,2,12,30
30,8,4,16,6,0,2,0,0,0,1,10,5,0,0,4,1,17,3,11,4,4,10,3,8,12,7,4,2,2,3,12,0
-10,7,3,17,7,0,1,0,0,0,2,13,2,0,0,4,1,17,3,9,2,4,9,4,8,12,8,5,2,2,2,12,15
-82,7,4,36,8,0,1,1,0,0,1,26,4,0,0,4,1,17,3,7,0,3,7,6,7,14,9,6,2,2,1,15,30
-4,7,4,14,7,0,1,1,0,0,1,24,6,0,0,4,1,17,3,7,0,4,7,5,6,13,8,5,2,2,1,11,30
-11,5,3,15,7,0,0,1,0,0,1,14,16,0,0,4,1,17,1,7,2,5,7,5,6,13,9,5,2,2,1,11,45
94,5,4,10,6,0,0,1,0,0,1,4,26,0,0,4,1,17,1,7,2,6,7,4,6,14,8,4,1,2,2,10,45
-57,5,4,17,6,0,0,1,0,0,0,1,29,0,0,4,1,17,1,7,3,6,7,3,5,13,7,4,0,1,2,12,15
41,4,3,22,5,0,0,1,0,0,0,13,2,0,0,4,1,17,0,7,3,6,7,2,5,12,7,5,0,0,2,12,45
69,4,3,10,4,0,1,1,0,0,1,1,14,0,0,4,1,17,2,5,3,5,5,1,4,12,6,4,0,0,2,10,45
18,2,2,12,5,0,1,1,0,0,2,0,15,0,0,4,1,17,2,2,2,2,2,4,8,12,8,6,0,0,1,11,15
-54,1,1,12,5,0,1,1,1,0,1,7,8,0,0,4,1,17,1,1,1,1,1,4,8,11,9,7,0,0,1,11,15
90,1,1,7,4,0,1,1,1,0,1,0,15,0,0,4,1,17,1,1,1,1,1,4,8,10,8,7,0,0,1,10,15
45,1,1,7,5,0,1,0,1,0,1,1,14,0,0,4,1,17,2,0,0,0,0,5,8,9,7,6,0,0,1,10,15
35,0,0,9,4,0,1,0,1,0,1,10,5,0,0,4,1,17,1,0,0,0,0,4,7,8,7,6,0,0,2,10,30
-1,0,0,5,3,0,1,0,1,0,1,3,12,0,0,4,1,17,1,0,0,0,0,5,6,7,6,5,0,0,2,10,0
7,0,0,5,3,0,1,0,1,0,0,12,3,0,0,4,1,17,0,0,0,0,0,4,6,6,6,5,0,0,2,10,0
74,0,0,2,2,0,1,0,1,0,0,6,9,0,0,4,1,17,0,0,0,0,0,4,5,5,5,4,0,0,1,9,30
-27,0,0,4,1,0,1,0,1,0,0,0,6,0,0,4,1,17,0,0,0,0,0,3,4,4,4,3,0,0,2,9,45
47,0,0,2,1,0,0,0,1,0,0,0,10,0,0,4,1,17,0,0,0,0,0,2,3,3,3,2,0,0,1,9,30
38,0,0,1,0,0,0,0,1,0,0,0,19,0,0,4,1,17,0,0,0,0,0,2,2,2,2,1,0,0,2,9,15
29,0,0,0,0,0,0,0,0,0,0,0,45,0,1,4,1,17,0,0,0,0,0,1,1,1,1,0,0,0,1,9,0
19,40,5,50,2,0,1,0,0,0,0,0,15,1,0,3,1,16,1,47,4,9,16,1,5,8,3,2,6,2,1,17,30
26,37,5,48,3,0,2,1,0,0,0,14,1,0,0,3,1,16,2,43,5,9,13,4,6,13,5,2,6,2,1,17,15
14,37,6,48,3,0,1,1,0,0,0,10,5,0,0,3,1,16,2,43,5,9,13,3,5,12,4,1,5,2,1,17,15
27,36,6,44,3,0,0,1,0,0,0,1,14,0,0,3,1,16,1,43,7,11,13,2,4,11,4,2,4,1,1,16,30
3,35,6,46,3,0,0,1,0,0,0,11,4,0,0,3,1,16,1,42,6,10,12,1,3,10,4,1,4,0,1,16,45
6,33,5,41,6,0,1,2,0,0,0,26,4,0,0,3,1,16,4,36,4,5,9,2,4,13,6,2,4,0,2,16,0
5,32,4,47,6,0,1,2,0,0,0,18,12,0,0,3,1,16,4,35,4,5,11,1,4,12,6,3,4,0,2,17,0
17,29,2,42,8,0,1,2,1,0,0,2,13,0,0,3,1,16,4,31,1,1,9,5,9,13,9,4,4,1,2,16,15
14,28,2,42,7,0,1,2,1,0,0,4,11,0,0,3,1,16,2,31,1,2,10,6,9,13,10,4,4,1,2,16,15
69,28,5,33,7,0,1,1,1,0,1,3,12,0,0,3,1,16,3,30,0,6,11,7,9,13,9,4,4,1,2,14,45
74,28,5,36,6,0,1,1,1,0,1,3,12,0,0,3,1,16,3,30,0,6,11,6,8,12,8,3,4,1,2,15,0
-6,28,5,40,6,0,1,1,0,0,1,2,13,0,0,3,1,16,3,30,0,6,11,5,7,11,7,2,4,1,1,15,30
59,28,5,32,5,0,1,1,0,0,1,1,14,0,0,3,1,16,3,30,0,6,12,4,6,10,6,2,4,1,3,14,30
-31,28,5,44,4,0,1,1,0,0,1,1,14,0,0,3,1,16,3,30,0,6,12,3,5,9,5,2,4,1,1,16,30
38,27,6,36,3,0,1,1,0,0,1,56,4,0,0,3,1,16,1,30,3,7,14,4,5,9,6,2,3,1,2,15,0
-8,27,7,33,3,0,1,1,0,0,0,54,6,0,0,3,1,16,1,30,3,7,14,3,4,8,5,1,3,0,2,14,45
-4,26,7,38,4,0,1,0,0,0,0,41,19,0,0,3,1,16,1,29,5,8,14,2,4,9,5,1,3,1,1,15,15
26,26,8,38,3,0,1,0,0,0,0,33,27,0,0,3,1,16,1,29,6,8,15,2,4,8,4,0,3,1,1,15,15
19,22,7,33,5,0,1,1,1,0,1,6,54,0,0,3,1,16,3,23,2,6,12,3,4,12,7,1,3,2,2,14,45
94,20,8,27,5,0,1,1,1,0,1,4,11,0,0,3,1,16,2,22,3,7,13,3,6,16,8,2,2,2,1,13,0
41,19,8,31,5,0,0,1,2,0,1,9,6,0,0,3,1,16,2,21,4,7,12,2,5,17,8,3,2,1,1,13,30
51,18,8,27,6,0,0,1,2,0,0,14,1,0,0,3,1,16,2,20,4,7,13,1,4,18,8,3,1,1,1,13,0
209,13,5,8,6,0,1,2,3,0,0,11,4,0,0,3,1,16,1,16,3,7,12,4,11,19,12,5,1,1,1,10,30
57,13,5,25,5,0,1,2,3,0,0,7,8,0,0,3,1,16,1,16,4,7,13,4,12,19,11,5,1,1,3,12,45
31,12,4,20,5,0,1,2,3,0,0,5,10,0,0,3,1,16,1,15,3,6,12,3,11,18,11,5,1,1,2,12,15
35,10,3,20,6,0,1,2,3,0,0,12,3,0,0,3,1,16,1,13,4,6,12,8,14,17,12,4,1,1,2,12,15
51,10,3,27,6,0,1,1,3,0,0,10,5,0,0,3,1,16,1,13,4,6,12,8,13,16,11,4,1,1,1,13,0
13,9,3,19,7,0,0,1,4,0,0,2,13,0,0,3,1,16,2,11,2,5,10,8,13,16,11,3,1,1,3,12,0
29,9,3,23,7,0,0,1,3,0,0,0,15,0,0,3,1,16,2,11,2,5,10,7,12,15,10,3,1,1,2,12,30
46,9,3,25,6,0,0,1,3,0,0,13,2,0,0,3,1,16,2,11,2,5,11,7,11,15,9,3,1,1,3,12,45
65,8,3,10,5,0,0,1,3,0,0,5,10,0,0,3,1,16,0,11,2,6,11,8,10,15,10,4,1,1,2,10,45
96,8,4,16,6,0,0,1,3,0,0,13,2,0,0,3,1,16,2,9,2,5,9,8,9,14,9,4,1,1,1,11,30
1,8,4,30,6,0,0,1,2,0,0,12,3,0,0,3,1,16,2,9,2,5,9,7,8,13,8,4,0,1,1,13,15
50,8,5,18,5,0,0,1,2,0,0,11,4,0,0,3,1,16,2,9,2,6,9,6,8,12,7,3,0,0,1,11,45
56,8,5,23,4,0,0,1,2,0,0,8,7,0,0,3,1,16,2,9,2,6,9,6,8,11,6,2,0,0,2,12,30
72,8,5,13,4,0,0,0,2,0,0,0,15,0,0,3,1,16,1,9,3,7,9,5,7,12,6,3,0,0,2,11,15
65,7,4,13,4,0,0,0,1,0,0,11,4,0,0,3,1,16,0,9,4,7,9,4,6,11,6,3,0,0,2,11,15
50,7,5,13,3,0,0,0,1,0,0,6,9,0,0,3,1,16,0,9,4,7,9,3,5,11,5,3,0,0,2,11,15
36,7,5,11,3,0,0,0,0,0,0,5,10,0,0,3,1,16,0,9,4,7,9,2,4,10,4,3,0,0,3,11,0
-7,6,4,16,4,0,0,0,0,0,0,8,7,0,0,3,1,16,1,7,4,6,7,3,3,9,4,2,0,0,1,11,30
74,4,4,4,5,0,0,0,1,0,0,11,4,0,0,3,1,16,2,4,3,4,4,2,5,9,5,1,0,0,2,10,0
-39,3,3,20,4,0,0,1,1,0,0,10,5,0,0,3,1,16,2,3,2,3,3,1,4,9,5,2,0,0,2,12,15
5,1,1,8,3,0,0,3,1,0,0,3,12,0,0,3,1,16,0,1,1,1,1,4,7,9,8,4,0,0,1,10,30
41,1,1,2,2,0,0,4,1,0,0,13,2,0,0,3,1,16,1,0,0,0,0,4,6,8,7,4,0,0,2,9,45
35,1,1,4,2,0,0,4,0,0,0,12,3,0,0,3,1,16,1,0,0,0,0,3,5,7,6,3,0,0,2,10,0
24,0,0,2,2,0,0,3,0,0,0,0,9,0,0,3,1,16,0,0,0,0,0,3,6,6,6,3,0,0,2,9,45
39,0,0,6,1,0,0,3,0,0,0,0,12,0,0,3,1,16,0,0,0,0,0,3,5,5,5,2,0,0,2,10,15
-69,0,0,11,0,0,0,3,0,0,0,0,22,0,0,3,1,16,0,0,0,0,0,2,4,4,4,2,0,0,3,11,0
-8,0,0,6,0,0,0,2,0,0,0,0,41,0,0,3,1,16,0,0,0,0,0,3,3,3,3,1,0,0,2,10,15
19,0,0,0,0,0,0,1,0,0,0,0,65,0,1,3,1,16,0,0,0,0,0,2,2,2,2,1,0,0,2,9,30
5,0,0,0,0,0,0,0,0,0,0,0,68,0,1,3,1,16,0,0,0,0,0,1,1,1,1,0,0,0,2,9,30
18,34,8,54,5,0,0,2,1,0,0,1,14,0,0,6,1,12,3,47,4,7,14,1,3,14,6,4,9,1,1,17,15
58,28,3,52,7,0,1,2,2,0,0,12,3,0,0,6,1,12,2,42,3,5,11,3,9,17,11,6,9,2,1,17,0
45,26,2,49,6,0,1,4,2,0,0,9,6,0,0,6,1,12,2,40,1,6,11,4,9,17,12,6,9,3,2,16,45
27,26,2,44,5,0,1,4,2,0,0,1,14,0,0,6,1,12,1,40,3,7,12,5,11,16,12,6,9,4,3,16,15
16,26,2,46,5,0,1,4,2,0,0,8,7,0,0,6,1,12,2,39,3,6,11,6,11,16,11,6,8,4,3,16,30
46,26,2,52,4,0,1,4,2,0,0,1,14,0,0,6,1,12,2,39,5,6,11,5,12,16,10,5,7,4,1,17,0
-8,26,3,46,5,0,2,3,2,0,0,2,13,0,0,6,1,12,3,37,4,6,10,7,12,15,10,4,7,4,3,16,30
61,25,2,37,5,0,2,2,2,0,0,2,13,0,0,6,1,12,2,37,4,6,10,6,11,14,10,4,7,4,2,15,30
89,25,2,42,5,0,2,1,2,0,0,0,15,0,0,6,1,12,2,37,4,6,10,6,10,13,9,3,7,4,2,16,0
-15,25,3,44,5,0,1,1,2,0,0,13,2,0,0,6,1,12,2,37,4,6,10,5,9,13,8,3,7,4,3,16,15
17,24,2,37,7,0,0,2,2,0,0,12,3,0,0,6,1,12,3,34,3,5,10,8,9,13,9,4,6,5,2,15,30
120,24,2,35,6,0,0,2,2,0,0,7,8,0,0,6,1,12,2,34,3,5,10,7,8,12,9,4,6,4,3,15,15
13,24,2,46,7,0,0,2,1,0,0,5,10,0,0,6,1,12,3,33,2,4,9,6,7,12,8,4,6,4,3,16,30
78,24,2,40,7,0,0,2,0,0,0,1,14,0,0,6,1,12,3,33,2,4,10,5,6,11,7,3,5,4,2,15,45
44,24,2,55,6,0,0,2,0,0,0,11,4,1,0,6,1,12,3,33,2,5,11,4,6,10,6,2,5,4,2,17,30
34,24,2,33,5,0,0,2,0,0,0,5,10,0,0,6,1,12,2,33,3,5,12,4,5,9,6,2,5,4,2,15,0
14,24,2,49,4,0,0,2,0,0,0,3,12,0,0,6,1,12,2,33,4,5,12,3,5,8,5,2,4,4,2,16,45
65,23,1,40,4,0,0,1,0,0,0,14,1,0,0,6,1,12,1,33,4,5,12,2,4,8,5,2,3,3,2,15,45
-63,22,2,49,5,0,0,2,0,0,0,7,8,0,0,6,1,12,2,30,2,3,11,2,5,7,6,2,2,2,2,16,45
-36,22,5,42,4,0,0,4,0,0,0,41,4,0,0,6,1,12,3,28,1,6,12,3,5,11,6,2,1,1,2,16,0
-8,22,6,35,4,0,0,3,0,0,0,34,11,0,0,6,1,12,2,28,2,7,12,3,4,12,6,2,1,0,3,15,15
14,21,8,31,4,0,0,3,0,0,0,14,31,0,0,6,1,12,2,27,4,8,14,3,4,12,6,3,1,0,2,14,45
-26,20,7,31,4,0,0,2,0,0,0,10,35,0,0,6,1,12,1,27,5,8,14,2,3,11,6,4,1,0,2,14,45
29,18,7,29,7,0,0,1,0,0,0,6,9,0,0,6,1,12,2,24,5,6,14,2,7,14,7,4,1,0,1,14,15
16,14,4,28,7,0,0,2,0,0,1,0,15,0,0,6,1,12,1,21,3,5,12,2,8,14,10,7,1,0,1,13,30
27,12,3,26,8,0,0,2,0,0,1,4,11,0,0,6,1,12,0,19,3,7,12,7,10,18,12,7,1,0,1,13,0
32,12,4,21,9,0,0,2,0,0,0,13,2,0,0,6,1,12,1,18,2,6,11,6,10,17,11,6,1,0,2,12,30
18,11,3,24,8,0,0,2,0,0,0,9,6,0,0,6,1,12,0,18,3,7,12,5,10,18,11,7,1,0,1,12,45
-53,11,3,33,8,0,0,1,0,0,0,8,7,0,0,6,1,12,0,18,4,7,12,5,9,17,10,6,1,0,2,15,0
-52,11,3,37,7,0,0,1,0,0,0,7,8,0,0,6,1,12,0,18,4,7,13,4,8,16,9,5,1,0,2,15,30
42,11,5,19,6,0,1,2,0,0,0,6,9,0,0,6,1,12,2,16,3,6,12,4,8,17,8,5,1,1,3,12,15
90,11,5,16,5,0,1,2,0,0,0,6,9,0,0,6,1,12,2,16,4,6,12,3,7,16,7,4,1,1,1,11,45
6,9,3,21,6,0,1,2,0,0,0,8,7,0,0,6,1,12,2,14,3,5,11,5,7,15,8,5,1,1,2,12,30
71,9,3,21,5,0,2,2,0,0,0,8,7,0,0,6,1,12,2,13,3,6,11,5,10,15,8,5,1,1,2,12,30
99,9,3,14,6,0,2,1,0,0,0,4,11,0,0,6,1,12,2,12,2,5,10,4,9,15,8,4,1,1,2,11,30
84,8,2,18,5,0,2,1,0,0,0,1,14,0,0,6,1,12,0,12,3,5,10,3,8,15,9,4,1,1,2,12,0
-26,8,4,19,4,0,2,1,0,0,0,9,6,0,0,6,1,12,0,12,3,6,11,3,8,14,8,4,1,1,3,12,15
-173,8,5,30,6,0,1,1,0,0,0,13,2,0,0,6,1,12,2,10,2,5,10,4,10,13,7,4,0,1,2,14,30
18,6,5,13,5,0,1,1,0,0,1,11,4,0,0,6,1,12,1,9,3,6,9,6,9,13,8,6,0,0,2,11,15
-35,6,5,27,5,0,1,1,0,0,1,2,13,0,0,6,1,12,1,8,3,5,8,7,9,13,8,5,0,0,1,13,15
40,6,5,16,4,0,1,1,0,0,1,28,2,0,0,6,1,12,1,8,3,5,8,7,8,13,7,5,0,0,1,11,45
75,6,5,10,4,0,0,1,0,0,1,27,3,0,0,6,1,12,1,8,4,5,8,6,7,12,6,4,0,0,2,10,45
27,6,5,14,4,0,0,0,0,0,1,24,6,0,0,6,1,12,1,8,4,5,8,5,6,12,5,3,0,0,2,11,30
9,4,4,11,3,0,1,1,0,0,1,11,19,0,0,6,1,12,1,6,3,4,6,4,7,11,6,4,0,0,1,11,0
-71,4,4,24,2,0,1,1,0,0,1,9,21,0,0,6,1,12,1,6,3,5,6,3,6,11,5,3,0,0,1,12,45
-9,4,4,11,2,0,1,2,0,0,0,6,24,0,0,6,1,12,2,5,2,4,5,2,5,10,4,3,0,0,1,11,0
14,3,3,8,2,0,1,1,0,0,0,1,29,0,0,6,1,12,1,5,2,4,5,2,4,9,4,4,0,0,1,10,15
3,1,1,8,2,0,1,1,1,0,0,4,11,0,0,6,1,12,1,3,2,3,3,3,5,9,5,4,0,0,1,10,15
27,1,1,4,3,0,0,1,1,0,0,7,8,0,0,6,1,12,1,2,2,2,2,2,6,8,5,4,0,0,2,9,45
71,1,1,6,2,0,0,1,1,0,0,2,13,0,0,6,1,12,1,2,2,2,2,2,5,7,4,4,0,0,2,10,0
-15,0,0,2,3,0,0,1,1,0,0,6,9,0,0,6,1,12,0,0,0,0,0,4,5,6,6,4,0,0,2,9,30
-4,0,0,4,3,0,0,1,0,0,0,0,7,0,0,6,1,12,0,0,0,0,0,4,5,5,5,4,0,0,2,9,45
-7,0,0,1,2,0,0,1,0,0,0,0,15,0,0,6,1,12,0,0,0,0,0,3,4,4,4,3,0,0,2,9,15
31,0,0,6,1,0,0,1,0,0,0,0,18,0,0,6,1,12,0,0,0,0,0,2,3,3,3,2,0,0,2,10,0
34,0,0,2,1,0,0,0,0,0,0,0,35,0,0,6,1,12,0,0,0,0,0,2,2,2,2,1,0,0,2,9,30
29,0,0,0,0,0,0,0,0,0,0,0,55,0,1,6,1,12,0,0,0,0,0,1,1,1,1,0,0,0,1,9,0
51,44,4,50,1,0,1,0,0,0,0,10,35,0,0,5,1,11,2,51,2,8,15,1,1,6,1,0,5,0,1,17,0
7,38,6,52,4,0,4,2,0,0,0,13,2,0,0,5,1,11,3,42,4,7,13,3,7,12,8,3,5,0,1,17,15
64,38,7,43,4,0,3,2,0,0,0,6,9,0,0,5,1,11,3,42,4,7,14,3,6,12,7,3,5,0,2,16,0
27,36,5,43,6,0,3,2,0,0,0,10,5,0,0,5,1,11,4,39,3,6,11,3,7,12,8,3,5,0,2,16,0
-16,34,4,50,6,0,3,2,0,0,0,9,6,0,0,5,1,11,3,38,3,7,14,4,7,15,9,4,5,0,1,17,0
1,34,4,45,5,0,3,2,0,0,0,6,9,0,0,5,1,11,3,38,3,7,14,3,6,15,8,3,5,0,1,16,15
49,34,5,36,6,0,3,2,0,0,0,6,9,0,0,5,1,11,3,36,4,7,13,4,7,14,9,4,5,1,2,15,0
1,32,3,45,7,0,2,2,0,0,0,1,14,0,0,5,1,11,2,35,3,6,12,3,6,14,10,5,5,1,1,16,15
14,31,3,42,6,0,2,2,0,0,0,5,10,0,0,5,1,11,1,35,4,7,14,3,6,14,10,4,5,1,2,15,45
-70,31,4,48,6,0,2,2,0,0,0,11,4,0,0,5,1,11,1,34,4,6,14,4,6,16,10,5,5,1,2,16,45
13,30,4,47,7,0,2,2,0,0,0,14,1,0,0,5,1,11,2,32,3,7,13,3,9,16,10,5,5,1,2,16,30
43,30,6,38,8,0,2,1,0,0,0,3,12,0,0,5,1,11,2,31,3,8,12,3,9,15,10,4,5,1,2,15,15
-92,30,6,53,8,0,2,0,0,0,0,14,1,1,0,5,1,11,2,31,3,8,13,3,8,14,9,4,4,1,1,18,0
14,29,7,40,8,0,2,1,0,0,1,42,3,0,0,5,1,11,3,28,4,7,14,6,8,15,10,6,4,0,1,15,30
5,28,6,38,8,0,1,1,0,0,1,31,14,0,0,5,1,11,2,28,5,7,15,6,8,15,10,6,4,1,2,15,15
-2,27,7,32,8,0,1,1,0,0,1,23,22,0,0,5,1,11,2,27,4,7,15,5,10,15,10,7,4,1,2,14,30
29,26,6,31,7,0,1,1,0,0,1,22,23,0,0,5,1,11,1,27,4,7,16,4,9,14,10,7,4,1,2,14,15
33,26,6,34,6,0,2,1,0,0,1,19,26,0,0,5,1,11,2,26,3,6,15,4,8,14,9,7,4,1,2,14,45
-31,26,7,40,5,0,2,1,0,0,1,14,31,0,0,5,1,11,2,25,5,7,15,3,8,15,8,6,4,1,1,15,30
7,24,5,36,5,0,3,1,0,0,1,7,38,0,0,5,1,11,2,24,3,5,15,3,7,14,9,5,4,1,2,15,0
-71,23,6,48,5,0,2,2,0,0,1,20,10,0,0,5,1,11,1,23,3,7,16,5,7,15,10,7,4,1,2,16,45
-61,22,7,32,7,0,1,2,0,0,1,9,21,0,0,5,1,11,2,21,2,7,14,5,7,16,10,6,3,1,2,14,30
72,22,8,27,7,0,1,2,0,0,0,0,30,0,0,5,1,11,2,21,3,8,14,4,7,16,9,5,3,1,1,13,0
-6,21,7,34,6,0,1,2,0,0,0,14,1,0,0,5,1,11,1,21,3,9,14,3,6,15,9,4,3,1,2,14,45
88,21,7,27,5,0,1,2,0,0,0,12,3,0,0,5,1,11,1,21,4,9,15,2,5,14,8,4,3,1,1,13,0
8,20,7,30,5,0,1,2,0,0,0,2,13,0,0,5,1,11,1,20,4,9,14,3,7,13,8,4,3,2,1,13,30
68,17,8,24,7,0,1,2,0,0,1,5,10,0,0,5,1,11,2,16,5,9,12,4,9,14,10,7,3,2,3,12,45
37,16,7,24,7,0,1,1,0,0,1,3,12,0,0,5,1,11,1,16,5,9,12,4,8,13,10,6,3,2,3,12,45
19,15,7,27,8,0,0,1,1,0,1,21,9,0,0,5,1,11,2,14,5,7,10,5,9,14,10,5,2,3,1,13,0
72,14,7,23,9,0,0,1,1,0,1,11,19,0,0,5,1,11,3,12,5,6,9,6,9,16,10,5,2,2,3,12,30
29,13,6,21,9,0,0,1,1,0,1,5,25,0,0,5,1,11,3,11,4,5,9,5,8,15,10,5,2,2,1,12,15
72,13,6,24,9,0,0,0,1,0,1,3,27,0,0,5,1,11,3,11,4,5,9,4,7,14,9,4,1,2,3,12,45
90,13,7,17,8,0,0,0,1,0,1,14,1,0,0,5,1,11,3,11,4,5,9,5,6,13,8,3,1,1,2,11,30
39,11,5,21,8,0,1,0,1,0,1,3,12,0,0,5,1,11,2,9,2,4,9,4,5,13,10,4,1,1,1,12,15
65,9,3,15,8,0,1,0,1,0,0,12,3,0,0,5,1,11,0,9,3,5,9,4,4,12,11,4,1,1,2,11,15
-9,9,4,19,9,0,0,1,1,0,0,1,14,0,0,5,1,11,2,7,1,3,7,3,6,14,10,4,0,1,2,11,45
52,9,4,17,8,0,0,1,1,0,0,0,15,0,0,5,1,11,2,7,1,3,7,2,5,13,9,4,0,0,2,11,30
61,7,3,13,8,0,0,1,0,0,0,2,13,0,0,5,1,11,0,7,2,3,7,1,6,13,10,4,0,0,2,11,0
46,6,6,11,8,0,1,2,0,0,0,12,3,0,0,5,1,11,2,4,1,4,4,6,8,15,10,4,0,0,2,10,45
43,5,5,19,7,0,1,2,0,0,0,8,7,0,0,5,1,11,1,4,1,4,4,6,7,15,10,4,0,0,2,11,45
11,5,5,9,7,0,0,2,0,0,0,2,13,0,0,5,1,11,1,4,2,4,4,5,8,14,9,3,0,0,1,10,15
43,4,4,13,6,0,0,2,0,0,0,9,6,0,0,5,1,11,0,4,4,4,4,5,9,13,9,2,0,0,2,11,0
70,4,4,7,6,0,0,1,0,0,0,5,10,0,0,5,1,11,0,4,4,4,4,4,8,12,8,1,0,0,1,10,0
95,4,4,3,6,0,0,1,0,0,0,13,2,0,0,5,1,11,1,3,3,3,3,3,8,11,7,1,0,0,1,9,30
56,4,4,15,5,0,0,1,0,0,0,12,3,0,0,5,1,11,1,3,3,3,3,2,7,10,6,0,0,0,2,11,15
85,2,2,10,6,0,1,1,0,0,0,10,5,0,0,5,1,11,2,0,0,0,0,5,7,9,7,1,0,0,2,10,30
46,0,0,11,5,0,1,1,0,0,0,3,12,0,0,5,1,11,0,0,0,0,0,5,8,8,8,1,0,0,2,10,45
15,0,0,3,4,0,1,1,0,0,0,2,13,0,0,5,1,11,0,0,0,0,0,4,7,7,7,1,0,0,1,9,30
100,0,0,7,3,0,1,1,0,0,0,2,13,0,0,5,1,11,0,0,0,0,0,3,6,6,6,0,0,0,1,10,0
32,0,0,1,2,0,1,1,0,0,0,14,1,0,0,5,1,11,0,0,0,0,0,2,5,5,5,0,0,0,3,9,15
76,0,0,3,2,0,1,0,0,0,0,0,15,0,0,5,1,11,0,0,0,0,0,3,4,4,4,0,0,0,1,9,30
12,0,0,1,2,0,0,0,0,0,0,0,20,0,0,5,1,11,0,0,0,0,0,3,3,3,3,0,0,0,3,9,15
28,0,0,6,1,0,0,0,0,0,0,0,26,0,0,5,1,11,0,0,0,0,0,2,2,2,2,0,0,0,2,9,45
33,0,0,0,0,0,0,0,0,0,0,0,34,0,1,5,1,11,0,0,0,0,0,1,1,1,1,0,0,0,2,9,0
29,35,4,53,7,0,1,4,1,0,0,6,9,0,0,4,1,10,2,44,3,6,11,5,11,18,12,4,7,3,1,17,30
-93,34,4,57,7,0,0,4,1,0,0,14,1,1,0,4,1,10,0,44,4,7,12,6,11,17,13,4,6,3,1,18,30
177,34,4,42,6,0,0,4,1,0,0,12,3,0,0,4,1,10,0,44,4,7,12,6,10,16,12,4,6,2,2,15,45
9,34,6,56,8,0,0,3,1,0,0,0,15,0,0,4,1,10,2,42,2,6,10,7,10,16,11,4,5,2,1,18,15
30,34,6,52,9,0,0,2,1,0,0,6,9,0,0,4,1,10,2,41,3,6,10,7,9,15,11,4,5,1,2,17,15
25,33,5,50,8,0,0,2,1,0,0,6,9,0,0,4,1,10,1,41,3,6,10,6,8,14,11,4,5,1,1,17,0
42,33,5,53,7,0,0,2,1,0,0,1,14,0,0,4,1,10,1,41,3,7,11,6,8,13,10,3,5,2,1,17,30
-2,33,6,49,6,0,1,2,1,0,0,13,2,0,0,4,1,10,2,40,3,6,11,5,8,12,9,2,5,2,2,16,45
9,31,4,50,6,0,1,1,1,0,0,7,8,0,0,4,1,10,0,40,3,6,11,5,8,12,10,3,5,2,1,17,0
36,31,4,46,6,0,1,1,0,0,0,2,13,0,0,4,1,10,0,40,4,7,11,4,7,11,9,3,5,2,1,16,15
-22,31,4,55,6,0,2,0,0,0,0,10,5,0,0,4,1,10,1,39,3,6,10,3,6,11,8,3,4,2,1,18,0
98,31,5,40,5,0,3,0,0,0,0,3,12,0,0,4,1,10,2,38,4,5,10,2,7,11,7,3,4,1,2,15,30
30,29,3,44,4,0,4,0,0,0,0,7,8,0,0,4,1,10,1,37,3,5,10,4,7,11,8,3,4,1,2,16,0
1,28,3,40,7,0,3,0,0,0,0,2,13,0,0,4,1,10,3,34,2,4,11,5,6,12,8,2,3,1,2,15,30
38,27,2,38,7,0,2,0,0,0,0,14,1,0,0,4,1,10,2,34,2,4,12,4,5,11,8,2,3,0,2,15,15
-1,27,2,48,6,0,2,0,0,0,0,8,7,0,0,4,1,10,1,34,2,5,12,3,4,10,8,2,3,0,1,16,30
26,26,1,35,7,0,1,0,0,0,0,22,8,0,0,4,1,10,1,33,2,4,14,3,5,10,8,2,3,0,2,15,0
-1,26,1,46,6,0,1,0,0,0,0,21,9,0,0,4,1,10,1,33,2,4,14,2,4,10,7,2,3,0,1,16,15
-18,26,2,38,6,0,1,0,0,0,0,7,23,0,0,4,1,10,2,32,3,5,14,2,5,11,6,2,3,0,2,15,15
6,25,6,44,8,0,1,0,0,0,0,22,23,0,0,4,1,10,2,29,2,7,13,4,6,12,8,4,3,1,2,16,0
8,25,8,42,7,0,1,0,0,0,0,12,33,0,0,4,1,10,2,29,3,9,14,5,6,14,7,3,3,1,2,15,45
-9,25,8,32,6,0,1,0,0,0,0,6,39,0,0,4,1,10,1,29,5,10,15,4,6,13,7,3,3,1,2,14,15
69,25,8,31,5,0,2,0,0,0,0,2,43,0,0,4,1,10,2,28,5,9,15,3,6,13,6,2,3,1,1,13,30
34,23,8,33,6,0,2,0,0,0,0,0,15,0,0,4,1,10,2,26,5,8,16,3,6,13,7,3,2,1,3,14,45
1,23,8,35,5,0,2,0,0,0,0,13,2,0,0,4,1,10,2,26,6,8,16,2,5,13,6,3,2,0,2,15,0
-34,19,7,33,7,0,2,1,1,0,0,4,11,0,0,4,1,10,3,21,3,5,16,4,7,15,9,4,2,1,3,14,45
-80,17,5,35,7,0,2,2,1,0,0,7,8,0,0,4,1,10,3,19,2,5,14,3,8,15,10,4,2,1,2,15,0
28,17,5,26,7,0,1,2,1,0,0,5,10,0,0,4,1,10,3,19,2,5,14,2,7,14,9,3,2,1,2,12,45
64,17,7,30,6,0,1,2,1,0,0,10,5,0,0,4,1,10,3,19,3,7,15,3,8,16,8,2,2,1,1,13,15
14,15,6,25,5,0,1,3,1,0,1,4,11,0,0,4,1,10,3,17,3,9,15,5,9,17,9,2,2,1,2,12,30
9,13,6,23,5,0,1,3,1,0,1,0,15,0,0,4,1,10,2,16,4,9,14,5,8,18,10,2,1,1,1,12,15
31,12,7,28,4,0,1,3,1,0,1,5,10,0,0,4,1,10,1,16,6,10,15,5,9,17,10,3,1,0,1,13,0
96,12,7,19,4,0,0,3,1,0,1,2,13,0,0,4,1,10,1,16,6,11,15,4,8,17,9,2,1,0,2,11,45
54,12,7,21,3,0,0,3,1,0,1,1,14,0,0,4,1,10,1,15,6,11,15,3,8,16,8,2,1,0,2,12,0
10,11,7,28,4,0,0,3,1,0,1,2,13,0,0,4,1,10,1,13,6,9,14,4,7,16,9,3,1,0,1,13,0
18,10,6,19,6,0,0,3,1,0,0,12,3,0,0,4,1,10,2,12,5,8,12,4,8,15,9,3,1,0,2,11,45
103,10,8,12,6,0,0,3,1,0,1,0,15,0,0,4,1,10,3,10,5,7,10,5,10,15,9,4,1,1,2,11,0
87,9,7,17,6,0,1,2,1,0,1,9,6,0,0,4,1,10,2,9,4,7,9,4,9,15,10,4,1,1,2,11,30
19,7,6,15,6,0,1,2,1,0,2,0,15,0,0,4,1,10,2,7,3,5,7,4,10,15,11,4,1,1,2,11,15
-3,6,5,17,5,0,1,2,1,0,2,8,7,0,0,4,1,10,1,7,4,6,7,5,9,15,11,3,1,1,2,11,30
18,5,4,21,7,0,1,1,1,0,2,1,14,0,0,4,1,10,2,5,2,4,5,5,9,16,11,2,1,1,2,12,0
107,4,4,4,6,0,1,1,1,0,2,0,15,0,0,4,1,10,1,5,3,5,5,7,9,16,11,2,1,1,1,9,45
17,4,4,10,7,0,0,1,1,0,2,14,1,0,0,4,1,10,2,4,2,4,4,6,8,15,10,2,1,1,3,10,45
16,4,4,10,6,0,0,1,1,0,2,12,3,0,0,4,1,10,2,4,2,4,4,5,7,14,9,2,1,1,3,10,45
49,2,2,15,7,0,0,0,1,0,2,1,14,0,0,4,1,10,1,3,2,3,3,5,6,14,10,2,1,1,2,11,15
22,2,2,8,7,0,0,0,1,0,1,0,15,0,0,4,1,10,1,3,2,3,3,4,6,13,9,2,0,1,2,10,30
25,2,2,8,8,0,0,0,1,0,0,4,11,0,0,4,1,10,1,2,2,2,2,3,7,12,9,3,0,0,2,10,30
52,2,2,12,7,0,0,0,1,0,0,2,13,0,0,4,1,10,1,2,2,2,2,3,6,11,8,3,0,0,2,11,0
-59,1,1,26,8,0,0,0,0,0,0,3,12,0,0,4,1,10,1,1,1,1,1,2,8,10,8,3,0,0,2,12,45
-65,0,0,23,7,0,1,0,0,0,0,2,13,0,0,4,1,10,1,0,0,0,0,4,8,9,8,4,0,0,1,12,15
59,0,0,6,6,0,1,0,0,0,0,1,14,0,0,4,1,10,0,0,0,0,0,6,8,8,8,4,0,0,2,10,15
61,0,0,0,5,0,1,0,0,0,0,14,1,0,1,4,1,10,0,0,0,0,0,5,7,7,7,3,0,0,2,9,0
-8,0,0,3,5,0,0,0,0,0,0,7,8,0,0,4,1,10,0,0,0,0,0,5,6,6,6,2,0,0,1,9,30
11,0,0,6,4,0,0,0,0,0,0,0,2,0,0,4,1,10,0,0,0,0,0,4,5,5,5,2,0,0,2,10,15
84,0,0,1,3,0,0,0,0,0,0,0,9,0,0,4,1,10,0,0,0,0,0,4,4,4,4,2,0,0,1,9,15
17,0,0,5,2,0,0,0,0,0,0,0,11,0,0,4,1,10,0,0,0,0,0,3,3,3,3,2,0,0,2,10,0
-52,0,0,12,1,0,0,0,0,0,0,0,19,0,0,4,1,10,0,0,0,0,0,2,2,2,2,2,0,0,2,11,0
20,0,0,1,0,0,0,0,0,0,0,0,35,0,0,4,1,10,0,0,0,0,0,1,1,1,1,1,0,0,1,9,15
3,34,6,48,3,0,0,1,0,0,0,26,4,1,0,3,1,9,2,44,2,7,13,1,2,9,3,1,2,0,1,17,15
55,29,5,46,7,0,0,1,0,0,0,9,6,0,0,3,1,9,1,39,3,5,11,2,6,13,8,2,2,0,1,16,45
104,27,6,43,8,0,1,1,0,0,0,10,5,0,0,3,1,9,2,36,2,6,10,5,8,15,9,3,2,1,1,16,15
32,27,6,41,7,0,1,1,0,0,0,8,7,0,0,3,1,9,2,36,2,6,10,4,7,14,8,2,2,1,2,16,0
30,26,6,45,6,0,1,1,0,0,0,14,1,0,0,3,1,9,1,36,4,6,10,5,6,13,8,2,2,1,2,16,30
26,26,6,41,6,0,1,1,0,0,0,3,12,0,0,3,1,9,2,35,4,7,10,5,7,12,7,2,2,2,2,16,0
47,25,6,37,5,0,1,1,0,0,0,0,15,0,0,3,1,9,1,34,4,7,10,4,7,11,7,2,2,2,2,15,30
-4,24,5,46,4,0,1,2,0,0,0,7,8,0,0,3,1,9,0,34,4,7,9,3,8,11,8,1,2,2,1,16,45
43,24,5,43,6,0,1,1,0,0,0,2,13,0,0,3,1,9,2,32,2,5,7,2,7,12,7,0,2,2,1,16,15
-7,23,4,37,7,0,1,0,0,0,0,6,9,0,0,3,1,9,2,31,3,5,7,3,8,13,7,1,1,2,2,15,30
148,20,2,23,9,0,1,0,0,0,0,10,20,0,0,3,1,9,2,28,2,2,6,7,7,13,9,1,0,1,2,12,45
32,20,2,33,9,0,0,0,0,0,0,9,21,0,0,3,1,9,2,28,2,3,7,6,6,12,8,0,0,0,2,15,0
26,19,1,33,8,0,0,0,0,0,0,0,30,0,0,3,1,9,0,28,2,3,9,5,5,11,9,2,0,0,2,15,0
12,19,1,39,7,0,0,0,0,0,0,12,3,0,0,3,1,9,0,28,2,3,9,4,4,10,8,2,0,0,2,15,45
30,19,1,35,7,0,0,0,0,0,0,7,8,0,0,3,1,9,1,27,1,2,8,3,4,9,7,2,0,0,2,15,15
-42,19,1,35,6,0,0,0,0,0,0,1,14,0,0,3,1,9,1,27,1,2,9,2,5,9,6,2,0,0,2,15,15
40,19,2,39,5,0,0,0,0,0,0,42,3,0,0,3,1,9,1,27,1,3,10,1,5,9,5,1,0,0,2,15,45
124,18,4,25,6,0,0,0,0,0,0,9,6,0,0,3,1,9,1,25,2,6,15,6,6,11,6,3,0,0,1,13,0
17,18,4,29,5,0,0,0,0,0,0,5,10,0,0,3,1,9,1,25,2,6,15,5,6,10,5,3,0,0,2,14,15
35,18,4,31,4,0,0,0,0,0,0,4,11,0,0,3,1,9,1,25,2,6,16,4,5,9,4,2,0,0,2,14,30
15,18,5,31,3,0,0,0,0,0,0,1,14,0,0,3,1,9,1,25,2,7,16,3,4,8,3,2,0,0,2,14,30
-9,17,4,29,3,0,0,0,0,0,0,9,6,0,0,3,1,9,1,24,3,7,15,2,5,8,3,2,0,0,2,14,15
33,17,4,28,2,0,0,0,0,0,0,11,4,0,0,3,1,9,0,24,5,8,16,1,4,8,3,1,0,0,2,13,30
15,14,5,25,5,0,0,1,0,0,0,7,8,0,0,3,1,9,1,19,3,9,15,4,5,16,6,1,0,0,1,13,0
-15,13,5,27,6,0,0,1,0,0,0,14,1,0,0,3,1,9,2,17,3,8,13,4,4,15,6,1,0,0,1,13,15
23,13,5,20,5,0,0,1,0,0,0,12,3,0,0,3,1,9,2,17,3,8,13,3,3,14,5,1,0,0,1,12,15
64,13,6,15,5,0,0,1,0,0,0,7,8,0,0,3,1,9,1,16,6,9,13,2,5,13,6,2,0,0,1,11,30
-6,12,5,22,4,0,0,1,0,0,0,5,10,0,0,3,1,9,0,16,6,9,13,1,4,12,6,2,0,0,2,12,30
-19,8,5,18,7,0,1,1,2,0,0,10,5,0,0,3,1,9,2,9,3,5,9,8,11,13,10,5,0,0,2,12,0
103,7,5,11,8,0,1,0,2,0,0,11,4,0,0,3,1,9,1,8,3,4,8,10,10,16,11,5,0,0,2,11,0
31,7,5,11,8,0,1,0,2,0,0,9,6,0,0,3,1,9,2,7,3,3,7,9,9,15,10,5,0,0,2,11,0
36,6,4,10,8,0,0,0,2,0,0,5,10,0,0,3,1,9,1,7,3,4,7,8,8,14,10,5,0,0,2,10,45
3,6,4,20,7,0,0,0,2,0,0,4,11,0,0,3,1,9,1,7,3,4,7,7,7,13,9,5,0,0,1,12,15
6,6,4,17,6,0,0,0,2,0,0,3,12,0,0,3,1,9,1,7,3,4,7,6,6,13,8,5,0,0,2,11,45
-36,6,4,23,5,0,0,0,2,0,0,2,13,0,0,3,1,9,1,7,3,4,7,5,5,12,7,4,0,0,2,12,45
16,6,4,13,6,0,0,0,1,0,0,12,3,0,0,3,1,9,2,6,2,3,6,4,4,12,6,4,0,0,2,11,15
-23,4,3,15,7,0,0,0,0,0,0,1,14,0,0,3,1,9,1,5,1,2,5,3,4,12,7,5,0,0,1,11,30
28,4,3,13,6,0,0,0,0,0,0,13,2,0,0,3,1,9,1,5,1,2,5,2,3,11,6,5,0,0,2,11,15
-6,4,3,18,5,0,0,0,0,0,0,12,3,0,0,3,1,9,1,5,1,2,5,1,2,10,5,4,0,0,2,12,0
20,1,1,8,6,0,0,0,0,0,0,3,12,0,0,3,1,9,0,3,3,3,3,3,9,10,7,5,0,0,1,10,30
35,0,0,8,6,0,1,1,0,0,0,10,5,0,0,3,1,9,1,0,0,0,0,7,9,9,8,4,0,0,1,10,30
47,0,0,4,5,0,1,1,0,0,0,4,11,0,0,3,1,9,1,0,0,0,0,7,8,8,7,4,0,0,2,9,45
21,0,0,6,4,0,1,1,0,0,0,2,13,0,0,3,1,9,1,0,0,0,0,6,7,7,6,3,0,0,2,10,15
-57,0,0,6,4,0,1,0,0,0,0,0,1,0,0,3,1,9,1,0,0,0,0,5,6,6,5,2,0,0,2,10,15
3,0,0,1,3,0,1,0,0,0,0,0,2,0,0,3,1,9,1,0,0,0,0,4,5,5,4,2,0,0,2,9,15
35,0,0,2,2,0,1,0,0,0,0,0,11,0,0,3,1,9,0,0,0,0,0,3,4,4,4,2,0,0,2,9,30
29,0,0,4,1,0,1,0,0,0,0,0,15,0,0,3,1,9,0,0,0,0,0,3,3,3,3,2,0,0,2,9,45
-8,0,0,0,1,0,0,0,0,0,0,0,22,0,1,3,1,9,0,0,0,0,0,2,2,2,2,1,0,0,1,9,0
10,0,0,2,0,0,0,0,0,0,0,0,42,0,0,3,1,9,0,0,0,0,0,1,1,1,1,1,0,0,2,9,30
24,45,6,55,0,0,0,0,0,0,0,15,0,1,0,2,1,8,0,55,4,9,15,1,3,8,1,0,3,0,1,17,30
11,43,6,54,2,0,1,0,0,0,0,10,5,0,0,2,1,8,2,51,6,8,15,2,5,13,2,1,3,1,1,17,15
20,39,3,50,5,0,1,0,0,0,0,3,12,0,0,2,1,8,2,47,3,7,13,3,6,12,5,3,3,2,2,16,45
35,38,5,50,7,0,0,0,0,0,1,3,12,0,0,2,1,8,4,44,1,7,12,3,8,12,5,3,3,2,2,16,45
39,38,6,47,6,0,0,0,0,0,1,14,1,0,0,2,1,8,3,44,2,7,13,2,7,11,5,4,2,2,2,16,30
40,37,5,44,6,0,0,0,0,0,1,0,15,0,0,2,1,8,3,43,3,7,13,3,9,11,5,3,2,1,1,16,0
22,36,5,47,7,0,0,0,0,0,1,8,7,0,0,2,1,8,2,41,5,7,12,7,8,11,7,5,2,1,2,16,30
64,36,5,42,7,0,0,0,0,0,1,3,12,0,0,2,1,8,3,40,4,6,12,6,7,10,6,4,1,1,2,15,45
-28,35,4,52,6,0,0,1,0,0,1,14,1,0,0,2,1,8,3,39,3,6,12,6,7,9,6,5,1,0,1,17,0
8,35,4,44,5,0,0,1,0,0,1,12,3,0,0,2,1,8,3,39,3,6,13,5,6,9,5,4,1,0,1,16,0
-12,33,3,46,5,0,0,1,0,0,1,8,7,0,0,2,1,8,2,38,2,6,12,4,5,9,6,4,1,0,3,16,15
-27,32,3,47,6,0,0,1,0,0,0,13,2,0,0,2,1,8,1,37,3,6,13,3,5,9,7,4,1,0,2,16,30
46,32,3,41,6,0,0,1,0,0,0,10,5,0,0,2,1,8,2,36,2,5,12,2,4,8,6,3,1,0,2,15,30
24,32,4,39,6,0,0,0,0,0,0,2,13,0,0,2,1,8,2,36,3,5,13,1,3,7,5,3,1,0,1,15,15
-11,31,4,42,5,0,1,1,1,0,0,0,15,0,0,2,1,8,2,33,3,6,14,2,3,13,7,5,1,0,2,15,45
30,29,5,37,6,0,1,1,1,0,0,14,1,0,0,2,1,8,2,31,2,6,15,1,5,12,8,5,1,0,2,15,0
6,27,6,34,6,0,1,2,1,0,0,24,6,0,0,2,1,8,1,29,5,8,17,4,11,13,10,6,1,1,2,14,30
46,27,7,37,6,0,1,3,1,0,0,14,16,0,0,2,1,8,3,27,5,8,16,3,10,13,9,5,1,1,2,15,0
73,25,5,26,6,0,1,3,1,0,0,9,21,0,0,2,1,8,2,26,4,7,16,4,9,14,10,5,1,1,2,12,45
101,25,7,31,5,0,1,3,1,0,0,6,24,0,0,2,1,8,2,26,4,7,16,4,8,15,9,4,1,1,1,14,0
23,23,10,33,6,0,2,4,1,0,0,11,19,0,0,2,1,8,3,22,3,9,15,7,9,18,11,5,1,1,1,14,15
-5,23,10,39,5,0,2,4,1,0,0,9,21,0,0,2,1,8,3,22,3,10,15,6,8,18,10,5,1,1,1,15,15
17,23,10,35,4,0,2,4,1,0,0,8,22,0,0,2,1,8,3,22,3,10,15,5,7,17,9,4,1,1,2,14,45
48,21,8,30,4,0,2,4,0,0,0,6,24,0,0,2,1,8,1,22,3,10,15,4,6,17,10,5,1,1,2,13,30
-24,21,9,35,3,0,2,4,0,0,0,1,29,0,0,2,1,8,1,22,6,10,16,3,5,16,9,5,1,1,2,14,45
-37,21,9,31,3,0,1,4,0,0,0,1,29,0,0,2,1,8,1,22,6,10,16,2,4,15,8,5,0,1,1,14,0
30,21,9,28,4,0,1,3,0,0,0,10,5,0,0,2,1,8,2,21,5,9,15,1,3,14,7,5,0,0,1,13,0
7,15,7,24,9,0,1,3,0,0,0,6,9,0,0,2,1,8,2,15,4,6,13,2,10,14,12,8,0,0,2,12,30
54,13,6,26,10,0,1,3,0,0,0,12,3,0,0,2,1,8,2,13,3,5,12,2,10,15,13,7,0,0,2,12,45
-132,11,5,52,11,0,0,3,1,0,0,20,10,0,0,2,1,8,2,11,3,6,11,8,11,15,14,6,0,0,1,17,0
43,10,6,28,12,0,0,2,1,0,0,12,18,0,0,2,1,8,2,10,2,6,10,8,10,16,14,6,0,0,1,13,0
66,10,6,20,11,0,0,2,1,0,0,11,19,0,0,2,1,8,2,10,3,6,10,7,9,15,13,6,0,0,2,12,0
16,10,6,20,10,0,0,2,1,0,0,9,21,0,0,2,1,8,2,10,3,6,10,7,9,14,12,5,0,0,2,12,0
3,10,6,24,9,0,0,2,1,0,0,7,23,0,0,2,1,8,2,10,3,7,10,6,8,13,11,5,0,0,2,12,30
126,8,5,10,9,0,0,2,1,0,0,0,30,0,0,2,1,8,1,9,3,7,9,6,7,14,12,7,0,0,2,10,30
46,8,5,18,8,0,0,2,1,0,0,14,1,0,0,2,1,8,1,9,3,7,9,5,6,13,11,7,0,0,2,11,30
69,8,5,22,7,0,0,2,1,0,0,13,2,0,0,2,1,8,1,9,3,7,9,4,5,12,10,7,0,0,2,12,15
86,7,5,14,6,0,1,2,1,0,0,0,15,0,0,2,1,8,1,8,4,7,8,3,6,15,10,6,0,0,2,11,0
38,7,6,22,6,0,1,2,1,0,0,10,5,0,0,2,1,8,2,7,3,6,7,3,6,14,9,5,0,0,2,12,15
111,7,6,16,6,0,1,1,1,0,0,7,8,0,0,2,1,8,2,7,4,6,7,2,5,14,8,4,0,0,2,11,15
53,4,4,18,8,0,1,1,1,0,0,11,4,0,0,2,1,8,1,4,3,4,4,3,6,14,11,5,0,0,2,11,30
82,2,2,8,10,0,1,1,0,0,0,5,10,0,0,2,1,8,1,2,2,2,2,3,10,13,12,4,0,0,2,10,15
48,2,2,5,9,0,1,1,0,0,0,4,11,0,0,2,1,8,1,2,2,2,2,2,10,12,11,3,0,0,2,10,0
-10,1,1,16,10,0,0,1,0,0,0,11,4,0,0,2,1,8,1,1,1,1,1,3,9,11,11,4,0,0,2,11,15
-42,0,0,12,9,0,0,2,0,0,0,0,15,0,0,2,1,8,0,0,0,0,0,8,9,12,12,5,0,0,2,10,45
63,0,0,14,8,0,0,2,0,0,0,0,15,0,0,2,1,8,0,0,0,0,0,7,8,11,11,5,0,0,2,11,0
69,0,0,12,7,0,0,2,0,0,0,5,10,0,0,2,1,8,0,0,0,0,0,7,8,10,10,5,0,0,2,10,45
49,0,0,3,6,0,0,2,0,0,0,2,13,0,0,2,1,8,0,0,0,0,0,6,7,9,9,5,0,0,3,9,45
78,0,0,8,5,0,0,2,0,0,0,12,3,0,0,2,1,8,0,0,0,0,0,5,6,8,8,5,0,0,2,10,15
110,0,0,5,4,0,0,2,0,0,0,6,9,0,0,2,1,8,0,0,0,0,0,4,5,7,7,4,0,0,2,10,0
76,0,0,5,3,0,0,2,0,0,0,6,9,0,0,2,1,8,0,0,0,0,0,3,4,6,6,4,0,0,2,10,0
20,0,0,10,3,0,0,1,0,0,0,4,11,0,0,2,1,8,0,0,0,0,0,2,3,5,5,4,0,0,2,10,30
97,0,0,0,2,0,0,1,0,0,0,0,7,0,1,2,1,8,0,0,0,0,0,2,2,4,4,3,0,0,2,9,15
27,0,0,3,1,0,0,1,0,0,0,0,30,0,0,2,1,8,0,0,0,0,0,1,3,3,3,2,0,0,3,9,45
53,0,0,1,0,0,0,1,0,0,0,0,70,0,0,2,1,8,0,0,0,0,0,2,2,2,2,1,0,0,2,9,30
19,0,0,1,0,0,0,0,0,0,0,0,78,0,0,2,1,8,0,0,0,0,0,1,1,1,1,1,0,0,2,9,30
60,27,3,36,3,0,0,1,1,0,0,5,10,0,0,6,1,5,2,32,0,2,9,1,3,8,4,3,13,2,1,17,15
17,25,3,37,2,0,0,1,2,0,0,8,7,1,0,6,1,5,1,31,2,6,12,4,6,11,5,5,12,2,1,17,30
31,24,4,33,2,0,0,1,2,0,0,12,3,0,0,6,1,5,0,30,2,6,11,3,6,10,6,5,11,1,1,17,0
27,24,6,33,1,0,0,2,2,0,0,1,14,0,0,6,1,5,1,29,1,6,10,3,5,11,5,4,11,0,1,17,0
-31,24,6,33,1,0,0,1,2,0,0,0,15,0,0,6,1,5,1,29,2,6,10,2,4,10,4,3,11,0,1,17,0
26,23,6,30,2,0,0,1,1,0,0,2,28,0,0,6,1,5,1,28,5,9,12,3,6,11,4,3,11,1,1,16,30
13,22,5,29,2,0,0,2,0,0,0,12,3,0,0,6,1,5,1,26,5,8,11,3,5,10,4,2,11,1,2,16,15
38,21,5,30,2,0,1,3,0,0,0,2,13,0,0,6,1,5,2,24,3,5,9,3,5,10,5,3,11,2,1,16,30
4,18,2,27,3,0,1,2,0,0,0,0,15,0,0,6,1,5,0,23,4,4,10,3,6,11,7,3,11,3,1,15,30
27,18,2,23,4,0,1,2,0,0,0,4,11,0,0,6,1,5,1,21,2,3,9,3,6,10,7,3,10,3,2,15,0
28,18,2,25,3,0,1,2,0,0,0,0,15,0,0,6,1,5,1,21,2,3,9,2,5,9,6,3,10,2,1,15,15
-95,17,2,32,5,0,0,2,0,0,0,12,3,0,0,6,1,5,2,19,0,3,8,4,5,8,6,4,9,3,3,16,45
50,16,4,25,5,0,0,1,0,0,0,51,9,0,0,6,1,5,0,19,2,5,10,4,7,8,7,4,8,3,1,15,15
9,16,4,20,4,0,0,1,0,0,0,46,14,0,0,6,1,5,0,19,3,6,11,3,6,7,6,4,8,2,2,14,30
8,16,4,21,3,0,0,1,0,0,0,44,16,0,0,6,1,5,0,19,3,6,11,2,5,7,5,3,8,2,2,14,45
-6,16,5,21,2,0,0,2,0,0,0,30,30,0,0,6,1,5,1,18,3,6,10,2,4,6,4,2,7,2,2,14,45
108,14,5,19,3,0,1,2,0,0,0,2,58,0,0,6,1,5,2,15,3,4,8,3,3,8,5,4,6,1,1,13,30
18,13,4,23,2,0,1,2,0,0,0,15,60,0,0,6,1,5,1,15,3,4,8,2,2,7,5,3,6,0,2,15,0
-6,13,4,28,3,0,1,1,0,0,0,14,1,0,0,6,1,5,2,14,2,4,7,1,1,6,4,3,6,0,1,15,45
52,7,3,14,6,0,1,2,0,0,0,7,8,0,0,6,1,5,1,9,1,2,7,3,5,11,9,6,5,3,2,12,30
64,7,3,15,6,0,2,1,0,0,0,0,15,0,0,6,1,5,2,8,1,1,7,2,5,11,8,5,4,2,1,12,45
58,5,1,12,6,0,1,1,0,0,0,29,1,0,0,6,1,5,0,8,1,3,8,3,6,12,9,5,3,2,1,12,15
14,5,1,15,6,0,1,1,0,0,0,11,19,0,0,6,1,5,1,7,0,4,7,3,8,11,8,5,3,3,1,12,45
19,4,1,18,5,0,1,1,0,0,0,2,28,0,0,6,1,5,0,7,2,4,7,3,7,11,8,4,3,3,1,13,15
31,4,1,17,4,0,1,1,0,0,0,6,9,0,0,6,1,5,0,7,2,5,7,5,6,11,7,3,3,3,1,13,0
52,4,2,9,4,0,1,1,0,0,0,7,8,0,0,6,1,5,1,6,3,5,6,5,7,10,6,3,2,3,1,11,30
10,4,2,12,4,0,2,0,0,0,0,2,13,0,0,6,1,5,2,5,2,5,5,4,7,9,5,2,2,2,1,12,15
53,4,2,8,4,0,1,0,0,0,0,14,1,0,0,6,1,5,2,5,2,5,5,3,6,9,4,2,2,2,2,11,15
46,4,3,11,3,0,1,0,0,0,0,12,3,0,0,6,1,5,2,5,3,5,5,2,5,8,3,1,1,2,2,12,0
-6,4,4,6,3,0,1,1,0,0,0,0,15,0,0,6,1,5,2,3,1,3,3,2,4,7,4,1,0,1,1,11,0
101,3,3,3,3,0,1,1,0,0,0,34,11,0,0,6,1,5,1,2,2,2,2,3,5,7,5,1,0,0,1,10,30
-4,2,2,6,3,0,1,1,0,0,0,27,18,0,0,6,1,5,1,1,1,1,1,2,4,6,5,2,0,0,1,11,0
8,2,2,9,2,0,1,1,0,0,0,20,25,0,0,6,1,5,1,1,1,1,1,1,3,6,4,1,0,0,1,11,30
9,0,0,2,2,0,1,1,0,0,0,5,10,0,0,6,1,5,0,0,0,0,0,2,3,5,5,3,0,0,2,9,45
7,0,0,3,2,0,1,0,0,0,0,0,4,0,0,6,1,5,0,0,0,0,0,2,3,4,4,2,0,0,1,10,30
-17,0,0,5,2,0,0,0,0,0,0,0,28,0,0,6,1,5,0,0,0,0,0,1,3,3,3,2,0,0,2,10,45
28,0,0,0,1,0,0,0,0,0,0,0,59,0,1,6,1,5,0,0,0,0,0,2,2,2,2,2,0,0,1,9,30
43,0,0,0,0,0,0,0,0,0,0,0,79,0,1,6,1,5,0,0,0,0,0,1,1,1,1,1,0,0,1,9,30
-68,6,0,15,0,0,0,0,0,0,0,106,14,1,0,5,1,4,0,15,1,1,3,1,2,2,1,1,1,0,2,16,45
-100,6,0,13,0,0,0,0,0,0,0,65,55,0,0,5,1,4,0,14,0,1,3,1,1,2,1,1,1,0,1,16,15
-21,6,0,11,1,0,0,1,0,0,0,26,4,0,0,5,1,4,1,11,0,2,8,2,3,5,2,1,1,1,1,13,15
-178,6,0,13,0,0,0,1,0,0,0,20,10,0,0,5,1,4,1,11,0,3,9,1,2,4,1,1,1,1,1,16,15
-25,6,3,10,0,0,0,0,0,0,0,2,28,0,0,5,1,4,0,11,4,7,11,1,3,7,1,1,0,1,1,12,30
-234,4,4,12,2,0,0,0,1,0,0,27,3,0,0,5,1,4,1,7,4,6,7,2,4,8,3,2,0,0,2,15,15
3,4,4,6,2,0,1,0,1,0,1,17,13,0,0,5,1,4,2,4,2,4,4,1,3,9,4,3,0,0,1,11,15
28,0,0,4,5,0,1,0,0,0,1,7,8,0,0,5,1,4,1,1,1,1,1,4,6,9,7,6,0,0,1,10,30
-26,0,0,6,4,0,1,0,0,0,1,3,12,0,0,5,1,4,1,1,1,1,1,3,5,8,6,6,0,0,1,11,15
-35,0,0,8,4,0,1,0,0,0,1,0,15,0,0,5,1,4,0,0,0,0,0,4,6,7,7,6,0,0,1,11,30
36,0,0,0,3,0,1,0,0,0,1,0,2,0,1,5,1,4,0,0,0,0,0,3,5,6,6,5,0,0,1,9,45
26,0,0,2,3,0,0,0,0,0,1,0,20,0,0,5,1,4,0,0,0,0,0,2,5,5,5,4,0,0,1,10,15
15,0,0,2,3,0,0,0,0,0,0,0,29,0,0,5,1,4,0,0,0,0,0,3,4,4,4,3,0,0,1,10,15
-59,0,0,5,2,0,0,0,0,0,0,0,57,0,0,5,1,4,0,0,0,0,0,3,3,3,3,2,0,0,2,11,0
9,0,0,1,1,0,0,0,0,0,0,0,58,0,0,5,1,4,0,0,0,0,0,2,2,2,2,1,0,0,2,10,0
-133,0,0,9,0,0,0,0,0,0,0,0,73,0,0,5,1,4,0,0,0,0,0,1,1,1,1,0,0,0,1,12,0
-7,34,4,50,2,0,0,0,0,0,0,14,1,0,0,4,1,3,2,49,5,9,13,2,6,9,1,1,6,3,1,17,0
-2,33,4,49,2,0,1,0,0,0,0,8,7,0,0,4,1,3,0,47,6,10,13,3,6,13,4,1,6,4,1,16,45
-63,32,5,51,3,0,3,0,1,0,0,8,7,1,0,4,1,3,2,42,2,5,10,4,5,12,6,2,6,4,1,17,30
-4,32,5,48,3,0,3,0,1,0,0,13,2,0,0,4,1,3,3,41,4,5,10,4,4,12,5,1,5,4,1,16,30
36,31,4,44,2,0,3,0,1,0,0,8,7,0,0,4,1,3,2,41,4,5,11,3,3,11,5,1,4,3,2,16,0
-5,31,4,46,2,0,2,0,1,0,0,7,8,0,0,4,1,3,2,41,4,5,11,2,2,10,4,1,3,2,1,16,15
56,30,3,38,3,0,1,0,1,0,0,6,9,0,0,4,1,3,1,39,3,5,12,1,4,10,5,2,2,1,2,15,15
-1,27,2,46,4,0,1,0,3,0,0,3,12,0,0,4,1,3,1,36,3,6,15,7,8,11,8,5,2,1,1,16,15
3,27,2,42,4,0,1,0,2,0,0,1,14,0,0,4,1,3,0,36,3,6,15,6,7,10,8,5,2,1,2,15,45
19,27,3,38,3,0,1,0,2,0,0,13,2,0,0,4,1,3,0,36,3,6,15,5,6,10,7,4,2,1,2,15,15
-7,27,4,42,4,0,0,0,2,0,0,5,10,0,0,4,1,3,1,35,4,7,15,4,6,11,6,3,1,1,2,15,45
-51,27,5,44,4,0,0,0,1,0,0,2,13,0,0,4,1,3,1,35,4,7,16,3,5,10,5,2,1,0,2,16,0
49,27,5,34,5,0,0,0,0,0,0,13,2,0,0,4,1,3,2,34,3,8,15,3,4,10,4,1,1,0,2,14,30
23,27,5,40,4,0,0,0,0,0,0,11,4,0,0,4,1,3,2,34,3,8,15,2,3,9,3,0,1,0,2,15,30
18,26,6,37,4,0,0,1,0,0,1,32,13,0,0,4,1,3,2,31,3,8,15,2,3,11,5,1,1,1,2,15,0
-43,24,5,40,4,0,0,3,0,0,1,8,37,0,0,4,1,3,3,28,4,8,16,2,5,16,6,3,1,1,2,15,30
46,20,6,28,8,0,0,3,0,0,0,10,5,0,0,4,1,3,2,24,4,7,15,3,7,17,10,6,0,1,1,13,0
-26,20,7,35,8,0,0,3,1,0,0,14,1,0,0,4,1,3,4,22,3,7,16,5,8,18,9,5,0,0,1,14,45
6,20,9,32,7,0,1,3,1,0,0,14,1,0,0,4,1,3,4,21,4,8,15,4,10,20,9,5,0,0,1,13,30
-1,19,9,33,7,0,1,3,1,0,0,10,5,0,0,4,1,3,4,20,3,8,14,4,11,20,9,5,0,0,1,14,15
28,18,9,24,6,0,1,3,1,0,0,7,8,0,0,4,1,3,3,20,3,8,14,4,11,19,9,5,0,0,1,12,15
86,17,8,26,7,0,1,2,1,0,0,0,15,0,0,4,1,3,3,19,3,8,13,4,10,18,9,6,0,0,3,12,45
33,14,6,28,8,0,1,1,2,0,0,11,4,0,0,4,1,3,2,17,5,8,13,8,11,19,11,7,0,0,1,13,0
-83,14,6,35,7,0,1,1,2,0,0,10,5,0,0,4,1,3,2,17,5,8,13,7,10,18,10,6,0,0,1,14,45
34,14,6,26,7,0,1,0,2,0,0,7,8,0,0,4,1,3,2,17,5,10,15,7,10,17,9,6,0,0,3,12,45
87,13,7,20,8,0,1,0,2,0,0,14,1,0,0,4,1,3,3,15,4,9,13,6,10,19,9,5,0,0,2,11,45
7,11,5,25,9,0,0,0,2,0,1,3,12,0,0,4,1,3,3,13,4,7,12,6,11,18,10,5,0,0,2,12,30
41,11,5,31,8,0,0,0,2,0,1,2,13,0,0,4,1,3,3,13,4,7,12,5,10,17,9,5,0,0,1,13,15
23,11,6,22,7,0,0,0,2,0,1,14,1,0,0,4,1,3,3,13,4,7,12,5,10,16,8,4,0,0,1,12,0
-4,10,5,28,6,0,0,0,2,0,1,12,3,0,0,4,1,3,2,13,4,7,12,4,9,15,8,4,0,0,1,13,0
31,10,6,22,6,0,0,0,2,0,1,9,6,0,0,4,1,3,3,12,5,6,12,3,9,14,7,4,0,0,1,12,0
58,8,4,18,8,0,0,0,2,0,1,7,8,0,0,4,1,3,3,9,3,4,9,5,9,16,9,5,0,0,2,11,30
65,8,5,14,7,0,0,0,2,0,1,0,15,0,0,4,1,3,3,9,3,4,9,6,9,16,8,5,0,0,2,11,0
-7,8,5,20,7,0,1,0,2,0,1,8,7,0,0,4,1,3,4,7,1,5,7,6,8,15,8,6,0,0,2,11,45
161,7,4,2,7,0,1,0,2,0,1,1,14,0,0,4,1,3,4,6,0,4,6,5,9,14,8,6,0,0,2,9,30
43,6,3,16,6,0,1,0,2,0,1,8,7,0,0,4,1,3,3,6,1,4,6,5,9,13,8,5,0,0,2,11,15
58,6,3,12,5,0,1,0,2,0,1,4,11,0,0,4,1,3,3,6,1,5,6,4,8,12,7,5,0,0,2,10,45
4,6,3,14,5,0,0,0,2,0,1,1,14,0,0,4,1,3,3,6,1,5,6,4,7,11,6,4,0,0,2,11,0
8,5,3,18,4,0,0,0,2,0,1,12,3,0,0,4,1,3,2,6,2,5,6,3,6,10,6,5,0,0,2,11,30
44,4,4,12,4,0,0,0,2,0,1,11,4,0,0,4,1,3,2,5,3,5,5,5,8,11,6,4,0,0,2,10,45
78,4,4,10,3,0,0,0,2,0,1,3,12,0,0,4,1,3,2,5,4,5,5,4,7,10,5,3,0,0,2,10,30
-3,3,3,16,4,0,0,1,2,0,1,6,9,0,0,4,1,3,3,2,2,2,2,5,7,10,6,3,0,0,2,11,15
44,3,3,8,4,0,0,1,1,0,1,2,13,0,0,4,1,3,3,2,2,2,2,4,6,10,5,2,0,0,2,10,15
60,3,3,4,4,0,0,1,0,0,1,14,1,0,0,4,1,3,3,2,2,2,2,4,5,9,4,2,0,0,2,9,45
56,2,2,4,5,0,0,1,0,0,1,8,7,0,0,4,1,3,2,0,0,0,0,4,5,8,6,2,0,0,2,9,45
-14,1,1,10,4,0,0,1,0,0,1,7,8,0,0,4,1,3,1,0,0,0,0,3,4,7,6,2,0,0,2,10,30
3,0,0,8,4,0,0,1,0,0,0,1,14,0,0,4,1,3,0,0,0,0,0,2,4,6,6,2,0,0,2,10,15
-6,0,0,6,3,0,0,1,0,0,0,1,14,0,0,4,1,3,0,0,0,0,0,1,3,5,5,1,0,0,2,10,0
-16,0,0,6,3,0,0,0,0,0,0,0,20,0,0,4,1,3,0,0,0,0,0,3,4,4,4,1,0,0,2,10,0
18,0,0,1,2,0,0,0,0,0,0,0,25,0,0,4,1,3,0,0,0,0,0,2,3,3,3,1,0,0,2,9,15
37,0,0,0,1,0,0,0,0,0,0,0,46,0,1,4,1,3,0,0,0,0,0,2,2,2,2,1,0,0,1,9,0
13,0,0,2,0,0,0,0,0,0,0,0,56,0,0,4,1,3,0,0,0,0,0,1,1,1,1,1,0,0,2,9,30
45,21,2,35,4,0,1,1,0,0,0,10,5,0,0,3,1,2,2,32,3,5,8,2,3,10,5,3,7,1,1,16,45
55,21,2,30,5,0,0,2,0,0,0,12,3,0,0,3,1,2,2,30,2,5,7,1,5,10,6,2,6,1,2,16,0
-59,20,3,38,5,0,0,3,0,0,0,5,10,1,0,3,1,2,2,28,3,3,8,4,7,11,7,1,6,2,1,17,30
-28,19,2,37,6,0,0,3,0,0,0,6,9,0,0,3,1,2,2,26,1,2,6,4,7,13,8,1,6,3,1,17,0
51,19,2,33,4,0,0,3,0,0,0,4,11,0,0,3,1,2,2,26,1,2,6,3,6,12,7,1,6,3,2,16,30
54,19,2,31,4,0,0,3,0,0,0,4,11,0,0,3,1,2,2,26,1,2,6,3,6,12,7,1,6,3,2,16,15
55,17,2,25,4,0,0,3,0,0,0,10,5,0,0,3,1,2,0,25,1,4,8,4,7,10,8,1,6,4,2,15,15
13,17,3,26,4,0,0,2,0,0,0,13,2,0,0,3,1,2,0,25,2,5,9,4,6,10,7,1,5,4,2,15,30
-25,17,3,35,4,0,0,1,0,0,0,10,5,0,0,3,1,2,0,25,3,5,9,4,5,10,6,1,4,3,1,16,45
17,17,3,33,3,0,0,1,0,0,0,3,12,0,0,3,1,2,0,25,4,5,10,3,5,9,5,1,3,2,2,16,30
31,16,2,23,3,0,0,1,0,0,1,18,12,0,0,3,1,2,1,23,3,3,8,3,6,10,5,1,3,1,1,14,45
-11,16,2,28,4,0,0,0,0,0,1,12,18,0,0,3,1,2,2,22,2,4,7,2,5,9,4,1,2,1,1,15,45
-5,15,1,28,4,0,0,0,0,0,1,2,28,0,0,3,1,2,2,21,1,4,8,2,4,8,4,1,2,0,1,15,45
12,14,2,24,4,0,0,0,0,0,1,19,26,0,0,3,1,2,0,20,3,5,11,3,5,8,6,2,2,0,1,15,0
-85,14,2,26,4,0,0,0,0,0,0,10,35,0,0,3,1,2,0,20,3,5,13,2,5,9,5,2,2,0,2,15,30
-142,14,2,31,3,0,0,0,0,0,0,8,37,0,0,3,1,2,0,20,3,5,13,1,5,9,4,2,2,0,2,16,15
82,13,3,19,5,0,0,0,0,0,0,8,7,0,0,3,1,2,1,17,2,5,13,4,4,10,5,1,2,0,1,13,0
58,13,4,14,4,0,1,0,0,0,0,12,3,0,0,3,1,2,2,16,1,6,12,3,4,9,4,0,2,0,1,12,15
-11,12,4,21,3,0,1,1,0,0,0,10,5,0,0,3,1,2,2,15,3,8,12,2,5,9,4,0,2,0,1,13,30
19,12,5,22,2,0,1,1,0,0,0,8,7,0,0,3,1,2,2,15,3,8,12,1,5,8,3,0,2,1,1,14,15
48,9,4,20,3,0,3,1,1,0,0,12,3,0,0,3,1,2,2,10,3,6,10,5,6,10,7,3,2,1,1,13,15
23,8,4,16,4,0,2,1,1,0,0,1,14,0,0,3,1,2,2,9,3,6,9,5,5,10,7,3,2,1,2,12,30
29,8,4,12,3,0,2,1,1,0,0,13,2,0,0,3,1,2,2,9,4,6,9,4,5,9,6,3,2,2,1,11,45
-32,8,4,17,4,0,1,1,1,0,1,10,5,0,0,3,1,2,3,7,2,4,7,3,4,9,6,3,1,2,1,12,45
11,7,3,14,3,0,1,1,1,0,1,3,12,0,0,3,1,2,2,7,3,4,7,2,3,9,6,3,1,1,1,12,15
-18,6,3,13,3,0,0,1,1,0,1,10,5,0,0,3,1,2,1,7,3,5,7,1,2,9,6,3,1,1,2,12,0
-13,4,4,17,6,0,0,1,1,0,1,16,14,0,0,3,1,2,2,3,1,3,3,3,5,9,8,3,0,1,1,12,45
14,3,3,7,7,0,0,1,1,0,0,5,10,0,0,3,1,2,1,2,2,2,2,3,7,11,9,2,0,0,2,11,0
10,3,3,10,6,0,0,1,1,0,0,5,10,0,0,3,1,2,1,2,2,2,2,2,6,10,8,2,0,0,1,11,30
40,2,2,8,5,0,1,2,1,0,0,4,11,0,0,3,1,2,2,0,0,0,0,4,5,10,8,2,0,0,2,11,15
2,0,0,10,4,0,1,2,1,0,0,2,13,0,0,3,1,2,0,0,0,0,0,4,5,9,9,2,0,0,1,11,30
44,0,0,3,3,0,1,2,1,0,0,12,3,0,0,3,1,2,0,0,0,0,0,3,4,8,8,2,0,0,1,9,45
-2,0,0,8,2,0,1,2,1,0,0,6,9,0,0,3,1,2,0,0,0,0,0,2,5,7,7,2,0,0,2,11,15
104,0,0,5,2,0,1,2,0,0,0,27,3,0,0,3,1,2,0,0,0,0,0,1,5,6,6,2,0,0,1,10,15
54,0,0,4,2,0,1,1,0,0,0,0,5,0,0,3,1,2,0,0,0,0,0,4,5,5,5,1,0,0,1,10,0
41,0,0,1,1,0,1,1,0,0,0,0,20,0,0,3,1,2,0,0,0,0,0,3,4,4,4,0,0,0,1,9,30
-6,0,0,6,0,0,1,1,0,0,0,0,24,0,0,3,1,2,0,0,0,0,0,2,3,3,3,0,0,0,1,10,30
55,0,0,0,0,0,0,1,0,0,0,0,30,0,1,3,1,2,0,0,0,0,0,2,2,2,2,0,0,0,2,9,0
25,0,0,1,0,0,0,0,0,0,0,0,55,0,0,3,1,2,0,0,0,0,0,1,1,1,1,0,0,0,1,9,30
-14,28,2,42,3,0,0,1,0,0,0,13,2,1,0,6,12,363,2,38,2,4,6,2,4,7,3,2,3,0,1,17,30
-6,28,2,39,4,0,0,0,0,0,0,3,12,0,0,6,12,363,2,37,3,3,7,3,5,8,3,3,3,0,1,16,45
-21,27,1,38,4,0,0,0,1,0,0,28,17,0,0,6,12,363,1,35,1,2,7,4,4,9,5,3,3,0,1,16,30
-21,27,1,41,3,0,0,0,1,0,0,25,20,0,0,6,12,363,1,35,1,2,7,3,3,8,4,3,3,0,1,17,15
-16,26,1,36,2,0,1,0,1,0,0,9,36,0,0,6,12,363,1,34,0,3,7,2,3,8,4,2,3,0,1,16,15
-6,26,1,40,1,0,1,0,1,0,0,8,37,0,0,6,12,363,1,34,0,3,7,1,2,7,3,1,3,0,1,17,0
2,25,2,36,0,0,3,0,1,0,0,13,2,0,0,6,12,363,1,32,2,4,11,4,6,8,4,1,3,1,1,16,15
49,25,3,32,1,0,3,0,0,0,1,4,11,0,0,6,12,363,3,30,0,4,9,4,5,8,3,1,3,1,1,15,0
15,24,4,30,1,0,2,0,0,0,1,56,4,0,0,6,12,363,2,30,2,5,10,3,5,7,3,2,3,1,1,14,30
-1,24,4,35,1,0,1,0,0,0,1,48,12,0,0,6,12,363,0,30,2,6,10,3,4,6,4,3,2,1,2,15,30
-55,24,5,34,1,0,1,0,0,0,0,41,19,0,0,6,12,363,0,30,2,7,11,2,3,6,3,2,2,0,1,15,15
-38,24,7,32,2,0,0,0,1,0,0,21,39,0,0,6,12,363,2,28,4,7,12,2,3,7,2,2,2,0,1,15,0
59,20,4,29,3,0,0,0,1,0,0,13,2,0,0,6,12,363,0,26,3,6,12,1,3,9,5,1,2,0,1,13,30
15,17,5,27,4,0,2,1,1,0,0,6,9,0,0,6,12,363,2,21,1,5,10,2,5,10,7,2,2,1,1,13,0
59,16,6,25,4,0,2,1,0,0,0,12,3,0,0,6,12,363,1,21,2,5,12,1,6,9,7,2,2,1,1,12,45
13,14,4,23,6,0,1,1,0,0,0,11,4,0,0,6,12,363,1,19,3,7,13,5,6,15,8,3,2,1,2,12,30
87,13,4,21,5,0,1,1,0,0,0,6,9,0,0,6,12,363,0,19,4,8,14,5,7,15,8,2,1,1,2,12,15
14,13,4,28,5,0,1,1,0,0,0,4,11,0,0,6,12,363,1,18,3,7,13,4,6,15,7,2,1,0,1,13,15
45,11,3,25,5,0,2,1,0,0,0,2,13,0,0,6,12,363,1,16,4,7,13,3,5,15,8,3,1,0,1,12,45
99,10,2,16,5,0,1,1,0,0,0,14,1,0,0,6,12,363,0,16,4,7,13,2,4,15,8,3,1,0,2,11,30
61,10,3,20,6,0,1,0,0,0,0,9,6,0,0,6,12,363,1,15,4,6,13,3,3,14,7,2,1,0,2,12,0
7,10,4,21,7,0,2,0,0,0,0,11,4,0,0,6,12,363,2,12,3,6,12,2,9,15,8,4,1,1,2,12,15
33,9,3,14,8,0,1,0,0,0,0,9,6,0,0,6,12,363,2,11,2,5,11,1,8,14,8,3,1,1,2,11,15
10,7,4,12,7,0,1,1,1,0,0,8,7,0,0,6,12,363,1,9,3,7,9,8,12,15,10,5,1,1,2,11,0
-204,7,4,31,6,0,1,1,1,0,0,7,8,0,0,6,12,363,1,9,3,7,9,7,11,14,9,5,0,1,2,14,45
29,7,5,14,5,0,1,1,1,0,0,4,11,0,0,6,12,363,1,9,4,8,9,7,11,14,8,4,0,0,2,11,15
67,6,4,12,4,0,2,2,1,0,0,11,4,0,0,6,12,363,2,7,2,7,7,6,10,13,8,5,0,0,2,11,0
29,6,4,18,3,0,2,2,1,0,0,11,4,0,0,6,12,363,1,6,2,7,7,5,9,12,8,5,0,0,1,11,45
12,6,4,18,3,0,2,2,1,0,0,11,4,0,0,6,12,363,2,6,1,6,6,4,8,11,7,5,0,0,1,11,45
-23,6,5,16,3,0,1,2,1,0,0,4,11,0,0,6,12,363,2,6,3,6,6,4,7,12,6,4,0,0,2,11,30
-66,5,5,23,2,0,1,2,1,0,0,8,7,0,0,6,12,363,1,6,4,6,6,4,6,12,6,5,0,0,2,12,30
-4,4,4,8,2,0,0,3,1,0,0,6,9,0,0,6,12,363,1,5,3,5,5,4,6,11,6,5,0,0,2,10,30
15,3,3,7,3,0,0,3,1,0,0,7,8,0,0,6,12,363,2,3,3,3,3,4,5,11,6,6,0,0,2,10,15
38,3,3,2,3,0,0,2,1,0,0,1,14,0,0,6,12,363,2,3,3,3,3,3,5,10,5,5,0,0,1,9,30
11,3,3,10,2,0,0,2,1,0,1,8,7,0,0,6,12,363,2,2,2,2,2,2,4,9,5,5,0,0,2,10,45
9,3,3,8,2,0,0,1,1,0,2,4,11,0,0,6,12,363,2,1,1,1,1,2,3,8,5,5,0,0,2,10,30
21,0,0,0,2,0,0,1,1,0,2,7,8,0,1,6,12,363,0,0,0,0,0,2,6,7,7,6,0,0,1,9,0
8,0,0,4,2,0,0,0,1,0,2,0,14,0,0,6,12,363,0,0,0,0,0,5,6,6,6,5,0,0,2,9,45
2,0,0,1,2,0,0,0,1,0,1,0,26,0,0,6,12,363,0,0,0,0,0,4,5,5,5,4,0,0,2,9,15
7,0,0,5,1,0,0,0,1,0,1,0,36,0,0,6,12,363,0,0,0,0,0,4,4,4,4,4,0,0,1,10,0
4,0,0,2,1,0,0,0,0,0,1,0,37,0,0,6,12,363,0,0,0,0,0,3,3,3,3,3,0,0,1,9,30
-70,0,0,10,1,0,0,0,0,0,0,0,42,0,0,6,12,363,0,0,0,0,0,2,2,2,2,2,0,0,2,10,45
-18,0,0,5,0,0,0,0,0,0,0,0,60,0,0,6,12,363,0,0,0,0,0,1,1,1,1,1,0,0,1,10,0
9,29,2,43,1,0,0,0,0,0,0,3,0,1,0,5,12,362,1,42,2,3,7,1,2,5,1,1,1,0,1,17,15
-2,27,1,42,2,0,0,0,0,0,0,9,6,0,0,5,12,362,0,40,2,4,9,2,4,6,3,1,1,0,1,17,0
21,27,3,39,2,0,0,0,0,0,0,1,14,0,0,5,12,362,0,39,3,4,10,3,3,7,3,0,1,0,1,16,30
-16,27,3,41,2,0,0,0,0,0,0,35,10,0,0,5,12,362,1,38,3,5,10,2,2,7,2,0,1,0,1,16,45
30,27,3,37,3,0,0,0,0,0,0,29,16,0,0,5,12,362,2,36,1,3,8,1,2,7,2,0,1,0,2,16,15
72,24,3,30,4,0,0,0,0,0,1,14,1,0,0,5,12,362,2,33,3,5,13,3,6,9,4,0,1,1,1,14,30
4,24,3,34,5,0,0,0,0,0,0,4,11,0,0,5,12,362,2,32,3,6,13,3,5,9,4,0,1,1,1,15,15
-15,23,4,37,5,0,0,1,0,0,0,1,14,0,0,5,12,362,2,30,2,5,13,4,4,8,5,2,1,1,2,16,15
16,23,5,32,5,0,0,1,0,0,0,19,11,0,0,5,12,362,3,29,3,6,13,3,4,10,4,2,1,1,2,15,0
-4,21,4,32,5,0,0,1,0,0,0,6,24,0,0,5,12,362,2,28,2,7,12,2,4,9,5,3,1,1,2,15,0
67,21,5,26,4,0,0,1,0,0,0,4,26,0,0,5,12,362,2,28,2,8,12,1,3,8,4,3,0,1,1,13,0
40,19,4,29,6,0,0,2,0,0,0,0,30,0,0,5,12,362,2,24,4,7,10,3,4,13,7,6,0,0,1,14,0
-31,18,6,34,6,0,0,2,0,0,0,14,16,0,0,5,12,362,2,23,5,7,10,3,6,14,7,6,0,0,1,15,15
-42,16,5,31,7,0,0,3,0,0,0,1,29,0,0,5,12,362,3,20,3,4,9,2,5,13,8,5,0,0,2,14,45
92,16,5,24,6,0,0,3,0,0,0,14,1,0,0,5,12,362,3,20,3,4,10,1,5,13,7,5,0,0,2,12,45
-89,13,3,36,9,0,0,2,0,0,0,12,3,0,0,5,12,362,2,17,1,4,9,4,9,15,10,7,0,0,2,15,30
66,12,2,22,9,0,0,2,0,0,0,7,8,0,0,5,12,362,2,16,0,3,9,4,8,14,10,7,0,0,2,12,30
7,12,2,28,9,0,0,1,0,0,0,5,10,0,0,5,12,362,2,16,0,3,9,3,7,13,9,6,0,0,1,13,30
20,11,3,26,8,0,0,1,0,0,0,0,15,0,0,5,12,362,1,16,1,5,11,6,8,13,9,5,0,0,1,13,0
35,11,3,22,7,0,0,1,0,0,0,9,6,0,0,5,12,362,1,16,3,6,12,5,9,13,8,4,0,0,2,12,30
22,11,5,24,6,0,0,1,0,0,0,11,4,0,0,5,12,362,0,16,3,7,13,6,8,12,8,4,0,0,2,12,45
-215,11,5,39,5,0,0,1,0,0,0,10,5,0,0,5,12,362,0,16,3,8,14,5,7,11,7,4,0,0,1,16,30
40,11,5,18,5,0,0,1,0,0,0,5,10,0,0,5,12,362,1,15,3,7,14,4,7,10,6,3,0,0,2,12,0
29,11,5,18,4,0,0,1,0,0,0,4,11,0,0,5,12,362,1,15,3,7,14,3,7,9,5,2,0,0,2,12,0
-23,10,7,20,5,0,0,0,1,0,0,4,11,0,0,5,12,362,2,13,3,6,13,4,6,10,5,1,0,0,2,12,15
53,10,7,15,4,0,0,0,1,0,0,1,14,0,0,5,12,362,2,13,3,8,13,3,5,9,4,1,0,0,1,11,30
13,8,6,20,5,0,0,0,1,0,0,14,1,0,0,5,12,362,1,10,3,6,11,4,5,10,6,2,0,0,2,12,15
17,8,7,14,5,0,0,0,1,0,0,12,3,0,0,5,12,362,2,10,2,5,10,3,5,9,5,2,0,0,2,11,15
-18,6,6,15,4,0,0,2,1,0,0,6,9,0,0,5,12,362,2,8,3,7,8,3,4,12,6,3,0,0,1,11,30
23,6,6,17,3,0,0,2,1,0,0,4,11,0,0,5,12,362,2,8,3,7,8,2,3,11,5,3,0,0,2,11,45
15,3,3,13,5,0,0,3,0,0,0,12,3,0,0,5,12,362,2,5,2,5,5,2,4,14,7,4,0,0,1,11,0
33,1,1,9,4,0,0,3,0,0,0,13,2,0,0,5,12,362,0,5,4,5,5,1,5,13,8,4,0,0,2,10,30
1,0,0,11,6,0,0,3,0,0,1,11,4,0,0,5,12,362,1,1,1,1,1,4,9,12,10,5,0,0,1,10,45
17,0,0,4,5,0,0,3,0,0,1,7,8,0,0,5,12,362,0,1,1,1,1,4,9,11,10,6,0,0,2,9,45
50,0,0,5,4,0,0,3,0,0,2,5,10,0,0,5,12,362,0,0,0,0,0,6,10,10,10,6,0,0,2,10,0
-63,0,0,11,3,0,0,3,0,0,2,5,10,0,0,5,12,362,0,0,0,0,0,5,9,9,9,5,0,0,1,10,45
1,0,0,9,3,0,0,2,0,0,2,0,5,0,0,5,12,362,0,0,0,0,0,5,8,8,8,4,0,0,2,10,30
19,0,0,5,2,0,0,2,0,0,2,0,9,0,0,5,12,362,0,0,0,0,0,6,7,7,7,4,0,0,2,10,0
-6,0,0,2,2,0,0,2,0,0,1,0,21,0,0,5,12,362,0,0,0,0,0,6,6,6,6,4,0,0,1,9,30
28,0,0,2,2,0,0,1,0,0,1,0,23,0,0,5,12,362,0,0,0,0,0,5,5,5,5,3,0,0,1,9,30
-1,0,0,1,2,0,0,1,0,0,0,0,27,0,0,5,12,362,0,0,0,0,0,4,4,4,4,3,0,0,2,9,15
5,0,0,7,2,0,0,0,0,0,0,0,36,0,0,5,12,362,0,0,0,0,0,3,3,3,3,2,0,0,2,10,15
37,0,0,0,1,0,0,0,0,0,0,0,38,0,1,5,12,362,0,0,0,0,0,2,2,2,2,1,0,0,1,9,0
-45,0,0,7,0,0,0,0,0,0,0,0,45,0,0,5,12,362,0,0,0,0,0,1,1,1,1,0,0,0,2,10,15
19,37,9,48,2,0,0,2,0,0,0,13,2,0,0,4,12,361,2,45,4,8,12,1,2,7,3,2,6,0,1,17,15
38,29,3,47,5,0,1,4,0,0,0,7,8,0,0,4,12,361,1,38,2,4,9,2,6,14,10,4,6,1,1,17,0
28,27,4,45,7,0,1,3,0,0,0,9,6,0,0,4,12,361,0,36,2,4,11,5,9,16,12,5,6,4,1,16,45
19,27,4,49,8,0,1,2,0,0,0,6,9,1,0,4,12,361,1,35,1,3,11,4,8,15,11,4,6,4,1,17,30
16,27,4,42,7,0,1,2,0,0,0,13,2,0,0,4,12,361,1,35,2,4,12,3,8,14,10,3,6,4,1,16,15
8,27,4,42,6,0,1,2,0,0,0,13,2,0,0,4,12,361,1,35,2,4,12,2,7,13,9,3,6,4,1,16,15
27,26,4,45,6,0,1,2,0,0,0,12,3,0,0,4,12,361,1,34,2,4,12,5,9,15,9,3,5,5,1,16,45
96,25,4,33,6,0,1,2,0,0,1,11,4,0,0,4,12,361,2,32,1,5,10,6,8,14,9,4,4,4,2,15,0
30,24,3,39,6,0,0,2,0,0,1,4,11,0,0,4,12,361,1,32,2,6,10,7,7,14,9,4,3,3,1,15,45
274,24,3,17,5,0,0,2,0,0,1,3,12,0,0,4,12,361,1,32,2,6,10,6,6,13,8,3,3,2,1,11,30
62,24,4,41,5,0,0,1,0,0,1,2,13,0,0,4,12,361,1,32,2,6,10,5,5,12,7,3,2,2,2,16,0
57,23,4,39,5,0,0,1,0,0,1,0,15,0,0,4,12,361,1,31,4,7,11,4,7,12,7,4,2,2,1,15,45
-36,23,5,44,4,0,0,1,0,0,1,13,2,0,0,4,12,361,1,31,4,8,13,3,6,12,6,4,2,2,2,16,30
87,23,5,38,4,0,0,0,0,0,1,9,6,0,0,4,12,361,1,31,4,9,13,2,5,11,5,3,1,2,2,15,30
0,23,5,36,4,0,0,0,0,0,1,6,9,0,0,4,12,361,2,30,3,8,13,1,5,12,4,3,1,1,1,15,15
4,20,4,33,6,0,2,0,0,0,1,31,14,0,0,4,12,361,2,25,3,3,10,5,7,11,8,6,1,1,2,15,0
5,20,4,29,6,0,1,0,0,0,1,25,20,0,0,4,12,361,1,25,3,4,10,5,7,10,8,5,1,1,1,14,15
-18,20,4,29,6,0,1,0,0,0,0,25,20,0,0,4,12,361,1,25,3,5,10,4,6,9,7,4,0,1,1,14,15
13,18,4,32,7,0,1,0,0,0,1,8,37,0,0,4,12,361,2,22,0,4,10,3,6,9,8,6,0,0,3,14,45
-5,17,3,31,6,0,1,0,0,0,1,4,41,0,0,4,12,361,1,22,0,5,10,3,7,8,8,5,0,0,1,14,30
18,17,4,36,5,0,1,0,0,0,1,14,1,0,0,4,12,361,1,22,0,5,10,2,6,7,7,4,0,0,1,15,15
-49,16,4,33,4,0,1,0,0,0,1,7,8,0,0,4,12,361,0,22,4,7,11,3,5,9,7,5,0,0,2,15,0
14,16,5,28,4,0,1,1,0,0,0,11,4,0,0,4,12,361,1,21,5,6,12,4,4,10,6,5,0,0,2,13,30
93,14,3,23,3,0,2,2,0,0,0,14,1,0,0,4,12,361,1,19,4,6,10,3,4,11,7,5,0,0,2,12,30
89,14,4,26,3,0,2,2,1,0,0,6,9,0,0,4,12,361,2,17,2,5,10,2,3,10,7,5,0,0,1,13,0
33,14,4,27,3,0,1,2,1,0,0,6,9,0,0,4,12,361,2,17,2,5,10,1,2,9,6,4,0,0,1,13,15
89,11,5,20,3,0,1,3,1,0,0,6,9,0,0,4,12,361,1,15,4,6,12,1,6,14,8,3,0,0,1,12,0
13,8,5,17,4,0,1,5,1,0,0,12,3,0,0,4,12,361,1,11,4,7,11,7,9,18,11,3,0,0,1,11,30
95,8,5,20,3,0,1,5,1,0,0,11,4,0,0,4,12,361,1,11,4,7,11,6,8,18,10,3,0,0,1,12,0
81,8,6,13,2,0,1,5,1,0,0,8,7,0,0,4,12,361,1,11,4,7,11,5,7,17,9,3,0,0,2,11,0
37,7,5,22,2,0,1,4,2,0,0,1,14,0,0,4,12,361,1,10,5,7,10,4,6,17,9,3,0,0,1,12,15
-54,7,6,24,3,0,1,3,2,0,0,11,4,0,0,4,12,361,2,9,5,6,9,3,5,16,8,3,0,0,1,12,45
90,6,5,15,3,0,0,3,2,0,0,3,12,0,0,4,12,361,1,9,5,6,9,2,9,16,8,3,0,0,2,11,15
91,6,5,13,3,0,0,3,1,0,0,1,14,0,0,4,12,361,1,9,5,6,9,1,8,16,7,2,0,0,2,11,0
43,3,2,12,7,0,0,2,1,0,1,14,1,0,0,4,12,361,2,4,1,4,4,7,11,16,10,6,0,0,2,10,45
22,3,2,10,7,0,0,2,0,0,1,14,1,0,0,4,12,361,2,4,1,4,4,6,10,15,9,5,0,0,1,10,30
12,1,1,19,7,0,0,2,0,0,1,11,4,0,0,4,12,361,0,3,1,3,3,7,11,14,11,7,0,0,2,11,45
29,1,1,8,6,0,0,2,0,0,1,8,7,0,0,4,12,361,0,3,1,3,3,6,10,13,10,7,0,0,2,10,15
-10,1,1,10,5,0,0,2,0,0,1,8,7,0,0,4,12,361,0,3,1,3,3,5,10,12,9,6,0,0,1,10,30
-8,1,1,24,5,0,0,1,0,0,1,8,7,0,0,4,12,361,0,3,1,3,3,4,9,11,8,5,0,0,1,12,45
19,1,1,15,4,0,0,1,0,0,1,6,9,0,0,4,12,361,0,3,3,3,3,3,8,10,7,4,0,0,2,11,15
-17,1,1,8,3,0,0,1,0,0,1,11,4,0,0,4,12,361,0,3,3,3,3,5,8,9,6,4,0,0,2,10,15
67,1,1,6,3,0,0,0,0,0,1,7,8,0,0,4,12,361,0,3,3,3,3,4,8,8,5,3,0,0,2,10,0
35,1,1,6,4,0,1,0,0,0,1,5,10,0,0,4,12,361,2,0,0,0,0,5,7,7,5,3,0,0,2,10,0
-2,1,1,2,4,0,0,0,0,0,1,14,1,0,0,4,12,361,1,0,0,0,0,5,6,6,5,3,0,0,2,9,30
25,1,1,4,3,0,0,0,0,0,1,11,4,0,0,4,12,361,1,0,0,0,0,4,5,5,4,3,0,0,2,9,45
56,0,0,2,2,0,0,0,0,0,1,4,11,0,0,4,12,361,0,0,0,0,0,4,4,4,4,2,0,0,2,9,30
15,0,0,4,2,0,0,0,0,0,0,0,7,0,0,4,12,361,0,0,0,0,0,3,3,3,3,1,0,0,2,9,45
-1,0,0,1,1,0,0,0,0,0,0,0,12,0,0,4,12,361,0,0,0,0,0,2,2,2,2,1,0,0,2,9,15
11,0,0,0,0,0,0,0,0,0,0,0,23,0,1,4,12,361,0,0,0,0,0,1,1,1,1,0,0,0,1,9,0
21,28,6,46,2,0,0,1,1,0,1,4,11,1,0,3,12,360,2,41,5,7,12,2,6,12,4,1,8,3,1,17,30
73,25,5,43,4,0,1,2,0,0,1,6,9,0,0,3,12,360,3,37,3,5,10,4,7,14,6,3,7,3,1,17,0
-16,24,5,43,4,0,1,2,0,0,1,14,1,0,0,3,12,360,2,36,3,4,9,4,6,14,7,2,7,2,1,17,0
73,23,4,40,3,0,2,2,0,0,1,1,14,0,0,3,12,360,2,35,3,4,8,4,7,14,7,2,6,3,2,16,45
15,22,3,45,3,0,2,2,0,0,1,10,5,0,0,3,12,360,1,34,2,4,7,4,7,13,8,4,6,2,1,17,15
92,22,3,32,3,0,2,2,0,0,0,5,10,0,0,3,12,360,1,34,2,5,8,3,7,12,7,4,5,2,1,15,45
40,22,4,38,4,0,2,1,0,0,0,8,7,0,0,3,12,360,2,33,2,4,7,2,6,13,6,3,5,1,3,16,30
25,21,3,36,4,0,2,1,0,0,0,12,3,0,0,3,12,360,2,32,2,3,9,4,6,13,6,3,5,1,2,16,15
22,19,1,32,3,0,2,2,0,0,0,6,9,0,0,3,12,360,1,31,2,4,10,5,9,12,7,4,5,1,1,15,45
27,19,1,35,2,0,2,2,0,0,0,2,13,0,0,3,12,360,0,31,2,4,10,4,8,11,7,3,4,1,2,16,0
13,19,1,40,2,0,2,1,0,0,0,14,1,0,0,3,12,360,0,31,2,4,10,3,7,10,6,2,4,0,2,16,45
34,19,1,36,2,0,2,1,0,0,0,9,6,0,0,3,12,360,1,30,2,3,9,3,6,10,5,2,4,0,2,16,15
-4,18,0,38,3,0,1,1,0,0,0,6,9,0,0,3,12,360,0,29,2,4,8,5,8,9,6,2,4,1,3,16,30
25,18,0,31,3,0,1,1,0,0,0,9,6,0,0,3,12,360,1,28,1,5,8,4,7,8,5,1,4,1,3,15,30
10,18,1,27,2,0,1,1,1,0,0,7,8,0,0,3,12,360,2,27,1,4,8,3,6,8,4,1,4,1,2,15,0
32,18,1,29,2,0,0,1,1,0,0,4,11,0,0,3,12,360,2,27,1,5,8,3,5,7,3,1,4,1,1,15,15
-23,18,2,32,1,0,0,1,1,0,0,27,3,0,0,3,12,360,1,27,1,5,8,3,4,7,3,1,4,1,1,15,45
-14,18,4,27,1,0,0,1,1,0,0,4,26,0,0,3,12,360,1,26,4,5,11,3,4,8,3,1,4,1,2,15,0
-70,18,4,40,1,0,0,0,1,0,0,1,29,0,0,3,12,360,1,26,4,5,12,2,3,8,2,0,3,1,2,16,45
-49,18,4,29,1,0,0,0,0,0,0,37,8,0,0,3,12,360,1,26,5,5,13,1,2,7,1,0,3,0,1,15,15
23,15,4,24,3,0,0,1,1,0,0,14,1,0,0,3,12,360,1,21,0,5,11,1,4,9,5,2,3,1,1,13,30
27,14,7,23,2,0,1,1,2,0,0,9,6,0,0,3,12,360,2,19,3,8,11,4,5,14,5,2,3,2,1,13,15
-40,14,8,26,1,0,1,1,2,0,0,4,11,0,0,3,12,360,2,19,4,9,11,4,4,13,4,2,3,2,2,14,45
1,11,6,20,4,0,0,1,2,0,0,0,15,0,0,3,12,360,2,16,5,6,10,3,5,15,6,3,2,3,1,12,45
-14,11,6,25,4,0,0,0,2,0,0,11,4,0,0,3,12,360,2,16,5,6,10,2,6,14,5,2,2,2,1,14,15
59,9,5,20,4,0,0,0,2,0,0,4,11,0,0,3,12,360,1,15,5,6,11,1,6,14,6,2,1,2,1,12,45
-4,6,2,12,6,0,0,1,2,0,1,10,5,0,0,3,12,360,1,10,1,3,9,6,12,14,10,3,0,1,2,11,45
22,5,1,22,6,0,0,1,1,0,1,1,14,0,0,3,12,360,0,10,2,4,9,5,11,13,10,4,0,0,1,13,0
23,5,1,14,5,0,0,1,1,0,1,14,1,0,0,3,12,360,0,10,2,4,9,6,10,12,9,3,0,0,2,12,0
7,5,1,18,5,0,0,1,0,0,1,13,2,0,0,3,12,360,0,10,2,4,9,5,9,12,8,3,0,0,2,12,30
-4,5,1,16,4,0,1,1,0,0,1,7,8,0,0,3,12,360,1,9,1,5,9,5,9,12,7,2,0,0,2,12,15
8,4,0,16,3,0,1,1,0,0,1,13,2,0,0,3,12,360,0,9,1,5,9,7,8,12,7,3,0,0,2,12,15
5,4,0,9,4,0,0,1,0,0,1,0,15,0,0,3,12,360,1,8,2,5,8,6,8,11,6,3,0,0,1,11,15
1,4,0,18,3,0,0,1,0,0,1,0,15,0,0,3,12,360,1,8,2,5,8,5,7,10,5,2,0,0,2,12,30
5,4,0,12,2,0,0,1,0,0,1,28,2,0,0,3,12,360,1,8,2,5,8,4,6,9,4,2,0,0,2,11,45
10,4,1,14,1,0,0,1,0,0,1,17,13,0,0,3,12,360,0,8,4,6,8,4,5,10,4,1,0,0,2,12,0
62,4,1,7,1,0,0,0,0,0,1,16,14,0,0,3,12,360,0,8,4,6,8,3,4,10,3,1,0,0,2,11,0
18,4,2,9,1,0,0,0,0,0,0,13,17,0,0,3,12,360,0,8,4,6,8,2,3,9,2,1,0,0,1,11,15
-42,4,4,11,2,0,1,0,0,0,0,7,8,0,0,3,12,360,1,5,3,5,5,2,4,8,3,2,0,0,2,11,30
-27,4,4,7,3,0,0,1,0,0,0,18,12,0,0,3,12,360,2,3,2,3,3,1,4,8,3,2,0,0,2,11,0
-6,1,1,5,3,0,0,1,0,0,1,29,1,0,0,3,12,360,1,1,1,1,1,3,6,7,5,3,0,0,1,10,15
24,0,0,0,3,0,0,1,0,0,1,24,6,0,1,3,12,360,0,0,0,0,0,3,5,6,6,5,0,0,2,9,0
-8,0,0,6,2,0,0,1,0,0,1,15,15,0,0,3,12,360,0,0,0,0,0,4,4,5,5,4,0,0,2,10,30
15,0,0,1,1,0,0,1,0,0,1,0,3,0,0,3,12,360,0,0,0,0,0,3,4,4,4,3,0,0,2,9,30
-21,0,0,3,1,0,0,1,0,0,0,0,10,0,0,3,12,360,0,0,0,0,0,2,3,3,3,3,0,0,1,9,45
10,0,0,3,1,0,0,0,0,0,0,0,13,0,0,3,12,360,0,0,0,0,0,1,2,2,2,2,0,0,1,9,45
13,0,0,1,0,0,0,0,0,0,0,0,51,0,0,3,12,360,0,0,0,0,0,1,1,1,1,1,0,0,2,9,30
20,29,5,41,0,0,0,4,0,0,1,14,1,0,0,6,12,356,1,38,2,5,9,2,3,8,5,3,5,2,1,17,0
59,29,5,41,0,0,0,4,0,0,0,12,3,0,0,6,12,356,1,38,2,5,10,1,3,8,4,2,4,1,1,17,0
0,26,4,43,1,0,1,3,0,0,0,9,6,1,0,6,12,356,0,36,3,6,10,2,3,11,6,4,4,1,1,17,30
16,24,2,36,2,0,1,4,0,0,0,13,2,0,0,6,12,356,1,33,3,4,8,1,5,12,7,4,4,2,1,16,0
28,22,2,40,3,0,1,4,1,0,0,9,6,0,0,6,12,356,0,30,2,4,7,5,9,15,10,4,3,2,2,16,45
90,22,2,31,2,0,1,4,1,0,0,4,11,0,0,6,12,356,0,30,2,4,7,4,9,14,9,3,3,1,2,15,15
25,22,2,35,1,0,1,4,1,0,0,14,1,0,0,6,12,356,0,30,2,4,7,4,8,13,8,2,2,1,1,15,45
31,22,2,38,1,0,1,3,1,0,0,12,3,0,0,6,12,356,0,30,2,4,7,3,7,12,7,2,2,0,1,16,30
21,22,2,38,3,0,1,2,1,0,0,12,3,0,0,6,12,356,2,28,2,3,5,4,7,11,6,1,2,0,1,16,30
-50,20,0,37,2,0,1,2,1,0,0,0,15,0,0,6,12,356,0,28,2,3,7,5,9,10,7,1,2,0,2,16,15
67,20,0,33,3,0,0,2,1,0,0,5,10,0,0,6,12,356,0,27,2,3,7,4,8,9,7,2,2,0,1,15,30
8,20,0,28,2,0,0,2,1,0,1,12,3,0,0,6,12,356,1,26,1,2,6,4,7,8,6,2,2,0,1,14,45
81,20,0,26,2,0,0,1,1,0,1,12,3,0,0,6,12,356,1,26,1,2,6,3,6,7,5,1,2,0,1,14,15
67,20,0,28,2,0,0,0,1,0,1,6,9,0,0,6,12,356,0,26,1,3,7,3,6,6,5,1,2,0,1,14,45
-3,20,2,33,3,0,0,0,0,0,1,31,14,0,0,6,12,356,1,25,1,2,9,4,5,7,4,1,2,0,1,15,30
-36,20,2,30,3,0,0,0,0,0,0,22,23,0,0,6,12,356,1,25,2,4,10,4,4,6,3,1,2,0,2,15,0
-37,20,2,31,2,0,0,0,0,0,0,16,29,0,0,6,12,356,0,25,2,4,11,3,3,5,3,1,2,0,2,15,15
75,20,2,25,1,0,0,0,0,0,0,16,29,0,0,6,12,356,0,25,2,4,11,2,2,4,2,0,2,0,1,13,30
-39,20,2,27,1,0,0,1,0,0,0,10,5,0,0,6,12,356,2,23,1,3,11,1,1,5,1,0,2,0,2,14,30
4,15,6,24,6,0,0,1,0,0,0,3,12,0,0,6,12,356,0,17,5,8,14,3,4,13,8,6,1,2,1,13,15
-5,15,6,21,5,0,0,1,0,0,0,2,13,0,0,6,12,356,0,17,5,8,14,2,3,12,7,6,1,1,1,12,30
10,12,6,23,8,0,0,1,0,0,1,4,26,0,0,6,12,356,2,12,3,5,12,2,7,15,9,7,1,1,1,13,0
-8,12,7,22,7,0,0,1,0,0,1,14,1,0,0,6,12,356,2,12,3,7,12,2,6,14,8,6,0,1,1,12,45
24,9,6,17,6,0,2,2,0,0,1,0,15,0,0,6,12,356,2,9,3,6,9,5,9,17,10,6,0,0,1,11,30
26,7,5,15,6,0,2,2,0,0,1,6,9,0,0,6,12,356,1,8,3,6,8,4,11,17,11,7,0,0,2,11,15
40,7,5,12,5,0,2,2,0,0,1,3,12,0,0,6,12,356,1,8,3,7,8,5,10,16,10,6,0,0,2,10,45
50,7,6,15,5,0,2,2,0,0,1,9,6,0,0,6,12,356,2,7,2,7,7,6,10,17,9,6,0,0,2,11,15
51,7,6,17,5,0,2,1,0,0,1,8,7,0,0,6,12,356,2,7,3,7,7,5,9,16,8,6,0,0,1,11,30
40,5,5,10,7,0,1,1,0,0,1,6,9,0,0,6,12,356,2,5,4,5,5,7,9,16,9,7,0,0,1,10,30
9,5,5,19,6,0,1,1,0,0,1,5,10,0,0,6,12,356,2,5,4,5,5,6,8,15,8,6,0,0,1,12,0
27,4,4,13,6,0,1,1,0,0,0,1,14,0,0,6,12,356,1,5,4,5,5,6,8,14,8,5,0,0,2,11,0
-1,4,4,20,5,0,1,1,0,0,0,0,15,0,0,6,12,356,1,5,4,5,5,5,7,13,7,5,0,0,1,12,15
44,2,2,8,6,0,2,1,0,0,0,10,5,0,0,6,12,356,1,2,2,2,2,4,9,12,9,7,0,0,2,10,15
36,2,2,8,6,0,1,1,0,0,0,9,6,0,0,6,12,356,1,2,2,2,2,3,8,11,8,6,0,0,2,10,15
37,2,2,13,5,0,1,1,0,0,0,9,6,0,0,6,12,356,1,2,2,2,2,2,7,10,7,6,0,0,2,11,0
12,2,2,4,5,0,1,1,0,0,0,2,13,0,0,6,12,356,2,1,1,1,1,3,6,9,6,5,0,0,2,9,45
33,0,0,4,4,0,1,1,0,0,1,7,8,0,0,6,12,356,0,0,0,0,0,5,8,8,8,5,0,0,2,9,45
2,0,0,10,3,0,1,1,0,0,1,4,11,0,0,6,12,356,0,0,0,0,0,4,7,7,7,5,0,0,1,10,30
36,0,0,6,2,0,1,1,0,0,1,14,1,0,0,6,12,356,0,0,0,0,0,3,6,6,6,4,0,0,2,10,0
-2,0,0,6,1,0,1,1,0,0,1,1,14,0,0,6,12,356,0,0,0,0,0,4,5,5,5,3,0,0,2,10,0
71,0,0,0,0,0,1,1,0,0,1,0,1,0,1,6,12,356,0,0,0,0,0,3,4,4,4,2,0,0,1,9,0
19,0,0,1,0,0,1,1,0,0,0,0,16,0,0,6,12,356,0,0,0,0,0,3,3,3,3,1,0,0,2,9,15
15,0,0,2,0,0,0,1,0,0,0,0,17,0,0,6,12,356,0,0,0,0,0,2,2,2,2,1,0,0,2,9,30
-3,0,0,2,0,0,0,0,0,0,0,0,34,0,0,6,12,356,0,0,0,0,0,1,1,1,1,1,0,0,2,9,30
30,34,4,51,1,0,0,0,0,0,0,5,0,1,0,5,12,355,1,50,1,4,9,1,3,7,1,0,5,2,1,17,30
18,32,4,50,1,0,0,0,0,0,0,3,12,0,0,5,12,355,0,49,4,7,13,2,5,9,2,1,5,1,1,17,15
51,32,4,46,1,0,0,0,0,0,0,5,10,0,0,5,12,355,1,48,3,6,13,3,5,8,1,0,4,1,1,16,20
19,30,3,47,2,0,0,1,0,0,0,2,13,0,0,5,12,355,2,45,3,5,12,3,5,7,2,1,4,0,1,16,30
21,29,2,44,1,0,0,1,0,0,0,5,5,0,0,5,12,355,1,45,3,6,13,2,4,6,2,1,4,0,1,16,15
12,28,2,44,2,0,0,1,0,0,0,19,11,0,0,5,12,355,0,43,2,6,13,2,5,9,4,1,4,0,1,16,15
-55,28,5,49,2,0,0,1,0,0,0,7,23,0,0,5,12,355,1,42,3,6,14,2,4,10,3,1,4,0,1,17,0
34,27,5,40,1,0,0,3,0,0,0,2,13,0,0,5,12,355,1,40,4,7,13,3,3,11,4,1,4,0,2,15,30
20,26,4,40,1,1,0,3,0,0,0,0,15,0,0,5,12,355,2,38,4,6,12,2,4,12,4,2,4,0,2,15,30
-30,26,4,48,1,1,0,2,0,0,0,7,8,0,0,5,12,355,2,38,5,8,12,1,4,11,3,2,4,0,1,16,45
33,22,4,34,6,0,0,2,1,0,0,0,15,0,0,5,12,355,0,32,4,6,10,8,10,16,10,7,4,3,2,14,30
-9,22,4,39,6,0,0,1,1,0,0,0,15,0,0,5,12,355,0,32,4,6,10,7,9,15,9,6,4,3,2,15,15
24,22,4,37,6,0,0,1,1,0,0,26,4,0,0,5,12,355,1,31,3,5,9,6,8,14,8,6,4,3,1,15,0
38,22,5,33,6,0,0,1,1,0,0,21,9,0,0,5,12,355,2,30,3,4,8,5,7,13,7,5,4,3,1,14,15
-6,21,4,42,7,0,0,0,1,0,0,17,13,0,0,5,12,355,2,29,2,3,8,4,7,12,7,5,3,3,2,15,45
-14,20,3,37,7,0,0,0,1,0,0,11,19,0,0,5,12,355,1,28,1,2,7,3,6,11,8,6,3,2,1,15,0
-81,20,3,42,6,0,0,0,1,0,0,5,25,0,0,5,12,355,1,28,2,2,9,4,6,11,7,5,2,3,2,15,45
-7,20,3,35,6,0,0,0,0,0,0,2,28,0,0,5,12,355,1,28,2,2,9,3,5,11,6,5,2,2,2,14,45
129,18,2,27,6,0,0,0,1,0,0,21,9,0,0,5,12,355,1,26,0,2,13,4,8,12,7,5,1,2,2,12,45
66,18,2,31,5,0,0,0,1,0,0,21,9,0,0,5,12,355,1,26,0,2,13,3,7,11,6,4,1,1,1,13,30
-46,17,2,35,4,0,0,0,1,0,0,5,25,0,0,5,12,355,0,26,1,4,15,3,6,12,6,4,1,1,2,14,45
18,17,2,32,3,0,0,0,1,0,0,8,7,0,0,5,12,355,0,26,2,7,16,5,5,11,5,3,0,1,1,13,45
86,17,4,25,3,0,0,0,1,0,0,12,3,0,0,5,12,355,1,25,3,8,16,4,6,11,4,2,0,0,2,12,30
8,17,6,29,3,0,0,0,0,0,0,3,12,0,0,5,12,355,0,25,4,9,16,3,5,10,4,2,0,0,1,13,0
35,17,6,29,2,0,0,1,0,0,0,2,13,0,0,5,12,355,1,24,3,9,15,2,4,9,3,1,0,0,1,13,0
68,17,6,25,1,0,0,1,0,0,0,1,14,0,0,5,12,355,1,24,3,9,15,1,3,8,2,1,0,0,2,12,30
-3,15,8,23,5,0,0,1,0,0,0,6,9,0,0,5,12,355,2,19,6,9,15,4,6,13,5,3,0,0,2,12,15
12,15,8,21,4,0,0,1,0,0,0,3,12,0,0,5,12,355,2,19,6,9,15,3,5,13,4,2,0,0,2,12,0
-10,9,5,27,5,0,1,2,0,0,0,11,4,0,0,5,12,355,0,15,4,7,14,4,6,15,9,5,0,0,2,12,45
8,9,5,23,5,0,1,1,0,0,0,10,5,0,0,5,12,355,0,15,4,7,14,3,5,14,8,5,0,0,2,12,15
10,8,5,18,6,0,2,2,0,0,0,9,6,0,0,5,12,355,2,11,2,4,11,3,5,16,9,6,0,0,1,11,30
-4,8,5,21,5,0,2,2,0,0,0,5,10,0,0,5,12,355,2,11,2,4,11,2,5,15,8,5,0,0,2,12,0
18,6,4,16,6,0,1,3,0,0,0,0,15,0,0,5,12,355,2,9,1,5,9,3,8,17,9,5,0,0,2,11,15
13,4,4,14,7,0,0,3,0,0,0,12,3,0,0,5,12,355,1,8,3,7,8,6,10,17,10,7,0,0,2,11,0
-15,4,4,18,7,0,0,2,0,0,0,4,11,0,0,5,12,355,1,8,4,8,8,6,10,16,9,6,0,0,1,11,30
61,3,3,12,7,0,0,2,0,0,0,7,8,0,0,5,12,355,1,7,5,7,7,5,11,17,9,5,0,0,2,10,45
28,3,3,14,7,0,0,2,0,0,0,1,14,0,0,5,12,355,1,6,4,6,6,6,12,16,9,5,0,0,2,11,0
1,3,3,20,6,0,0,2,0,0,0,0,15,0,0,5,12,355,1,6,4,6,6,5,11,15,8,4,0,0,2,11,45
13,3,3,16,7,0,0,1,0,0,0,14,1,0,0,5,12,355,2,5,3,5,5,4,10,14,7,4,0,0,2,11,15
17,2,2,10,7,0,0,1,0,0,0,6,9,0,0,5,12,355,1,4,4,4,4,5,10,13,8,4,0,0,2,10,30
9,1,1,12,7,0,1,1,0,0,0,7,8,0,0,5,12,355,2,2,2,2,2,6,9,12,8,4,0,0,2,10,45
-22,0,0,8,6,0,1,1,0,0,0,1,14,0,0,5,12,355,0,2,2,2,2,7,9,11,9,6,0,0,2,10,15
29,0,0,1,6,0,1,1,0,0,0,13,2,0,0,5,12,355,1,1,1,1,1,6,8,10,8,6,0,0,2,9,15
19,0,0,6,5,0,1,1,0,0,0,8,7,0,0,5,12,355,1,1,1,1,1,6,7,9,7,5,0,0,2,10,0
13,0,0,10,5,0,1,1,0,0,0,1,14,0,0,5,12,355,1,0,0,0,0,5,6,8,7,5,0,0,2,10,30
-9,0,0,4,5,0,0,1,0,0,0,14,1,0,0,5,12,355,0,0,0,0,0,4,5,7,7,4,0,0,2,9,45
33,0,0,6,5,0,0,0,0,0,0,4,11,0,0,5,12,355,0,0,0,0,0,3,6,6,6,3,0,0,2,10,0
-13,0,0,8,4,0,0,0,0,0,0,2,13,0,0,5,12,355,0,0,0,0,0,3,5,5,5,2,0,0,2,10,15
-15,0,0,2,3,0,0,0,0,0,0,0,7,0,0,5,12,355,0,0,0,0,0,2,4,4,4,1,0,0,2,9,30
8,0,0,4,2,0,0,0,0,0,0,0,27,0,0,5,12,355,0,0,0,0,0,3,3,3,3,1,0,0,2,9,45
34,0,0,0,1,0,0,0,0,0,0,0,52,0,1,5,12,355,0,0,0,0,0,2,2,2,2,1,0,0,1,9,0
-10,0,0,2,0,0,0,0,0,0,0,0,52,0,0,5,12,355,0,0,0,0,0,1,1,1,1,0,0,0,2,9,30
25,42,5,54,5,0,0,0,0,0,0,22,8,0,0,4,12,354,2,51,4,8,15,3,4,9,4,3,7,1,1,17,30
41,40,4,52,6,0,0,1,0,0,0,2,28,0,0,4,12,354,3,48,3,8,15,3,5,9,5,3,7,1,1,17,0
22,39,5,50,5,0,0,2,0,0,0,11,4,0,0,4,12,354,3,47,3,8,15,2,5,8,5,3,7,1,1,16,30
71,39,5,48,5,0,0,2,0,0,0,12,3,0,0,4,12,354,3,46,4,7,16,2,5,8,5,3,7,1,2,16,15
36,37,5,46,5,0,0,3,1,0,1,6,9,0,0,4,12,354,3,42,3,6,14,4,5,11,8,5,6,1,2,16,0
13,36,5,48,7,0,0,2,1,0,1,9,6,0,0,4,12,354,3,40,2,6,14,3,5,12,9,7,6,0,2,16,15
-114,35,7,56,6,0,0,2,1,0,1,13,2,1,0,4,12,354,2,40,3,8,14,3,4,14,9,8,6,0,1,18,15
-75,34,7,53,6,0,0,3,1,0,0,8,7,0,0,4,12,354,2,39,3,7,13,2,3,14,9,8,6,0,1,17,15
35,33,6,43,5,0,0,3,1,0,1,9,6,0,0,4,12,354,2,38,4,8,15,2,5,13,9,7,6,0,2,15,30
12,31,7,46,6,0,0,2,1,0,2,1,14,0,0,4,12,354,1,36,6,8,17,1,7,15,11,8,6,0,2,16,0
19,27,5,37,10,0,1,3,1,0,1,16,14,0,0,4,12,354,2,30,2,6,13,6,11,18,15,9,6,3,2,14,45
26,27,5,37,10,0,1,2,1,0,1,11,19,0,0,4,12,354,2,30,3,7,14,6,10,19,14,8,6,3,2,14,45
14,27,5,41,9,0,1,2,1,0,1,11,19,0,0,4,12,354,2,30,3,7,14,5,9,18,13,8,6,3,1,15,15
125,25,5,39,8,0,1,3,1,0,1,14,1,0,0,4,12,354,1,29,3,7,15,7,9,18,14,8,6,3,2,15,0
43,25,5,39,7,0,1,3,1,0,1,14,1,0,0,4,12,354,1,29,3,7,15,6,8,17,13,7,6,3,2,15,0
-19,25,6,50,7,0,1,3,1,0,1,5,10,0,0,4,12,354,2,28,3,8,15,6,8,16,12,6,6,3,1,16,30
-59,24,5,44,7,0,1,3,1,0,0,13,2,0,0,4,12,354,1,28,5,9,15,5,8,17,12,6,5,3,2,15,45
5,23,6,35,8,0,2,2,1,0,0,3,12,0,0,4,12,354,2,26,4,8,15,5,8,16,12,6,4,2,2,14,30
37,23,6,34,7,0,2,2,1,0,0,2,13,0,0,4,12,354,2,26,4,8,15,4,7,15,11,5,4,1,2,14,0
57,22,6,31,7,0,1,2,1,0,0,0,15,0,0,4,12,354,1,26,4,8,17,3,7,15,11,6,4,1,1,13,30
-135,22,6,55,7,0,1,1,1,0,0,9,6,0,0,4,12,354,0,26,5,8,18,3,7,14,11,7,3,1,1,18,0
12,21,6,41,8,0,1,2,2,0,0,5,10,0,0,4,12,354,3,22,3,6,15,4,10,15,11,6,3,2,1,15,15
-18,20,7,33,8,0,1,2,2,0,0,12,3,0,0,4,12,354,3,21,3,7,15,5,9,16,11,6,3,2,1,13,45
17,19,7,35,9,0,1,2,2,0,0,4,11,0,0,4,12,354,3,19,2,6,13,4,8,15,12,6,3,2,2,14,30
68,17,7,28,8,0,1,2,2,0,0,5,10,0,0,4,12,354,1,19,3,7,14,7,9,18,13,7,3,2,1,13,0
18,16,6,26,8,0,1,2,2,0,0,1,14,0,0,4,12,354,1,18,2,9,15,6,9,19,13,6,3,2,2,12,45
38,16,6,31,7,0,1,2,2,0,0,12,3,0,0,4,12,354,1,18,4,9,15,5,8,19,12,5,3,2,1,13,30
-38,16,8,44,8,0,1,2,1,0,0,3,12,0,0,4,12,354,2,17,4,9,15,4,7,19,11,5,2,2,2,15,45
46,16,8,26,8,0,0,2,1,0,0,1,14,0,0,4,12,354,2,17,4,9,15,3,6,18,10,4,1,1,2,12,45
73,15,7,30,7,0,0,2,1,0,0,0,15,0,0,4,12,354,1,17,4,9,15,2,5,17,10,3,1,0,2,13,15
70,15,8,24,8,0,0,1,1,0,0,7,8,0,0,4,12,354,2,16,4,9,14,3,6,18,9,3,1,0,2,12,30
27,12,8,22,8,0,0,2,2,0,0,13,2,0,0,4,12,354,2,13,5,8,12,3,9,19,11,3,1,1,2,12,15
-4,12,8,28,8,0,0,1,2,0,0,13,2,0,0,4,12,354,2,13,5,8,12,2,8,18,10,2,1,1,1,13,0
86,10,6,16,10,0,0,1,2,0,0,2,13,0,0,4,12,354,2,10,3,7,10,3,11,18,12,4,1,1,2,11,30
107,7,5,20,11,0,0,1,2,0,0,10,5,0,0,4,12,354,1,8,3,6,8,8,13,20,14,3,1,1,2,12,0
41,7,5,24,11,0,0,1,1,0,0,9,6,0,0,4,12,354,1,8,3,6,8,7,12,19,13,3,1,1,2,12,30
45,6,5,16,11,0,1,1,1,0,0,14,1,0,0,4,12,354,2,6,3,5,6,8,14,19,13,3,1,1,2,11,30
-24,6,5,20,10,0,1,1,1,0,0,13,2,0,0,4,12,354,2,6,3,5,6,8,13,18,12,3,1,1,2,12,0
42,5,4,11,9,0,1,1,1,0,0,2,13,0,0,4,12,354,1,6,4,5,6,8,12,18,12,3,1,1,2,10,45
15,4,3,18,8,0,1,1,1,0,0,0,15,0,0,4,12,354,0,6,4,5,6,7,11,17,12,3,0,1,2,11,45
54,4,3,18,7,0,2,1,1,0,0,12,3,0,0,4,12,354,1,5,3,5,5,7,10,16,11,2,0,0,2,11,45
70,4,4,9,7,0,2,1,0,0,0,11,4,0,0,4,12,354,0,5,3,5,5,6,10,15,11,3,0,0,1,10,30
-19,4,4,12,8,0,1,1,0,0,0,5,10,0,0,4,12,354,1,4,2,4,4,6,9,14,10,2,0,0,2,11,0
44,4,4,14,8,0,1,1,0,0,0,2,13,0,0,4,12,354,2,3,2,3,3,7,8,13,9,1,0,0,2,11,15
27,4,4,14,7,0,1,1,0,0,0,13,2,0,0,4,12,354,2,3,2,3,3,6,7,12,8,1,0,0,2,11,15
17,4,4,22,6,0,1,1,0,0,0,10,5,0,0,4,12,354,2,3,2,3,3,5,6,11,7,1,0,0,2,12,15
112,3,3,5,6,0,1,1,0,0,0,14,1,0,0,4,12,354,2,2,1,2,2,4,8,10,7,1,0,0,2,10,0
27,2,2,12,5,0,1,1,0,0,0,9,6,0,0,4,12,354,1,2,2,2,2,4,7,10,7,1,0,0,2,11,0
51,1,1,5,5,0,0,1,0,0,0,4,11,0,0,4,12,354,0,2,2,2,2,3,7,9,7,1,0,0,2,10,0
32,1,1,9,4,0,0,1,0,0,0,3,12,0,0,4,12,354,0,2,2,2,2,2,6,8,6,0,0,0,1,10,30
31,0,0,7,4,0,1,1,0,0,0,11,4,0,0,4,12,354,1,0,0,0,0,4,6,7,6,1,0,0,2,10,15
54,0,0,1,3,0,1,1,0,0,0,24,6,0,0,4,12,354,0,0,0,0,0,5,5,6,6,2,0,0,2,9,30
-12,0,0,3,2,0,1,1,0,0,0,19,11,0,0,4,12,354,0,0,0,0,0,4,4,5,5,2,0,0,2,9,45
59,0,0,7,1,0,1,1,0,0,0,19,11,0,0,4,12,354,0,0,0,0,0,3,3,4,4,1,0,0,2,10,15
41,0,0,0,1,0,0,1,0,0,0,4,26,0,1,4,12,354,0,0,0,0,0,2,3,3,3,1,0,0,2,9,0
21,0,0,3,0,0,0,1,0,0,0,0,4,0,0,4,12,354,0,0,0,0,0,1,2,2,2,0,0,0,2,9,45
42,0,0,1,0,0,0,0,0,0,0,0,50,0,0,4,12,354,0,0,0,0,0,1,1,1,1,0,0,0,2,9,30
22,34,4,49,3,0,1,2,0,0,0,4,11,0,0,3,12,353,2,45,4,7,14,4,6,12,5,1,5,2,1,17,15
59,34,4,43,3,0,1,2,0,0,0,10,5,0,0,3,12,353,1,44,4,7,13,3,7,12,6,1,4,2,2,16,30
-21,34,4,51,3,0,1,1,0,0,0,6,9,1,0,3,12,353,1,44,4,7,13,3,6,11,5,0,3,1,1,18,15
45,31,3,41,5,0,1,1,0,0,0,5,10,0,0,3,12,353,1,41,3,6,10,3,6,13,7,1,3,0,2,16,15
62,31,4,47,5,0,1,1,0,0,0,9,6,0,0,3,12,353,2,40,3,6,11,4,6,13,6,1,3,0,2,17,0
7,31,4,41,4,0,1,1,0,0,0,3,12,0,0,3,12,353,1,40,3,7,11,4,5,12,6,1,3,0,2,16,15
-2,30,3,45,3,0,2,2,0,0,0,3,12,0,0,3,12,353,2,38,3,7,12,3,6,11,6,2,3,0,2,16,45
-26,30,3,43,3,0,1,2,0,0,0,12,3,0,0,3,12,353,2,38,4,7,12,2,6,10,5,2,3,0,2,16,30
35,30,3,40,2,0,2,2,0,0,0,4,11,0,0,3,12,353,2,37,4,6,11,2,5,9,5,3,3,0,2,16,0
-94,28,2,49,4,0,2,1,0,0,1,12,3,0,0,3,12,353,2,34,3,4,9,4,8,10,7,3,3,0,1,17,15
18,27,2,36,6,0,1,1,0,0,1,1,14,0,0,3,12,353,2,32,1,3,8,3,7,9,8,2,3,0,1,15,15
39,27,4,39,5,0,1,1,1,0,1,5,10,0,0,3,12,353,3,31,0,4,9,5,6,9,7,2,3,0,1,15,45
26,27,4,34,5,0,0,1,1,0,1,1,14,0,0,3,12,353,2,31,1,5,10,5,5,8,7,3,3,0,2,15,0
-20,27,4,38,5,0,0,1,1,0,0,0,15,0,0,3,12,353,2,31,2,5,12,4,5,8,6,3,3,1,1,15,30
-85,27,4,45,4,0,0,1,1,0,0,11,4,0,0,3,12,353,2,31,3,5,12,3,4,8,5,3,3,1,2,16,45
75,27,5,32,4,0,0,0,1,0,0,9,6,0,0,3,12,353,2,31,3,5,12,2,3,7,4,2,3,1,2,14,45
42,26,4,31,4,0,0,0,1,0,0,2,13,0,0,3,12,353,2,30,4,5,12,1,3,8,4,2,3,1,2,14,30
-51,23,5,32,6,0,1,0,1,0,0,2,43,0,0,3,12,353,1,26,2,6,14,2,3,13,8,4,2,1,2,14,45
60,22,5,26,6,0,1,0,1,0,0,4,11,0,0,3,12,353,1,25,3,7,13,2,6,12,8,4,2,0,1,13,0
-10,21,6,34,6,0,1,0,1,0,0,0,15,0,0,3,12,353,1,24,5,8,14,2,7,16,8,4,2,1,2,15,0
22,18,7,29,9,0,2,0,1,0,0,1,14,0,0,3,12,353,2,19,3,7,13,6,10,18,11,5,2,1,1,13,30
9,18,7,24,9,0,1,0,1,0,0,13,2,0,0,3,12,353,2,19,4,7,13,5,9,17,10,5,2,1,2,12,45
6,18,8,30,9,0,1,0,1,0,0,8,7,0,0,3,12,353,2,18,4,6,13,4,8,17,10,4,2,1,1,14,15
-4,18,8,24,8,0,1,0,1,0,0,7,8,0,0,3,12,353,2,18,4,6,13,3,7,16,9,3,2,1,2,12,45
-12,16,6,47,7,0,1,1,2,0,0,5,10,0,0,3,12,353,2,16,4,6,12,6,10,17,10,4,2,2,2,17,0
52,16,7,28,7,0,1,1,1,0,0,4,11,0,0,3,12,353,2,16,4,6,12,5,10,16,9,4,1,2,1,13,15
25,13,4,26,7,0,2,2,1,0,0,4,11,0,0,3,12,353,2,13,1,5,11,4,9,16,11,4,1,1,1,13,0
46,13,4,21,6,0,2,2,1,0,0,1,14,0,0,3,12,353,2,13,2,5,11,4,8,15,10,4,1,1,1,12,15
38,12,4,21,5,0,2,2,1,0,0,11,4,0,0,3,12,353,1,13,2,5,11,6,8,14,10,3,1,1,1,12,15
-6,11,3,23,4,0,2,2,2,0,0,7,8,0,0,3,12,353,1,12,1,4,12,5,8,13,10,4,1,1,2,12,30
46,10,4,16,3,0,2,2,2,0,0,2,13,0,0,3,12,353,0,12,4,8,12,5,9,17,10,4,1,1,1,11,30
27,10,4,14,3,0,1,2,3,0,0,0,15,0,0,3,12,353,1,11,3,7,11,5,9,17,9,3,0,1,2,11,15
24,10,4,16,3,0,0,2,3,0,0,0,15,0,0,3,12,353,1,11,3,7,11,4,8,16,8,3,0,0,1,11,30
-91,10,5,36,2,0,0,2,3,0,0,14,1,0,0,3,12,353,1,11,3,7,11,3,7,15,7,3,0,0,1,15,15
34,10,6,19,2,0,0,2,3,0,0,5,10,0,0,3,12,353,2,10,3,6,10,4,7,15,6,3,0,0,2,12,0
22,9,5,19,3,0,0,2,3,0,0,1,14,0,0,3,12,353,2,8,4,6,8,4,7,15,7,5,0,0,2,12,0
5,8,6,12,3,0,0,2,2,0,0,10,5,0,0,3,12,353,1,8,4,8,8,5,6,15,7,4,0,0,2,11,0
42,8,7,11,3,0,0,2,1,0,0,6,9,0,0,3,12,353,1,8,4,8,8,4,5,14,6,3,0,0,2,10,45
17,6,6,18,4,0,0,2,1,0,1,8,7,0,0,3,12,353,2,5,3,5,5,4,6,13,7,3,0,0,2,11,45
68,6,6,10,5,0,0,1,1,0,1,0,15,0,0,3,12,353,3,4,2,4,4,3,9,12,6,3,0,0,1,10,30
36,4,4,14,5,0,0,1,0,0,1,10,5,0,0,3,12,353,1,4,3,4,4,2,8,11,7,4,0,0,2,11,15
9,4,4,8,6,0,0,1,0,0,0,11,4,0,0,3,12,353,1,3,3,3,3,3,9,11,7,4,0,0,1,10,15
42,0,0,4,8,0,0,1,0,0,0,4,11,0,0,3,12,353,0,0,0,0,0,7,9,10,10,6,0,0,2,9,45
-18,0,0,8,7,0,0,1,0,0,0,13,2,0,0,3,12,353,0,0,0,0,0,7,8,9,9,6,0,0,1,10,15
-7,0,0,12,6,0,0,1,0,0,0,6,9,0,0,3,12,353,0,0,0,0,0,6,7,8,8,5,0,0,2,11,0
21,0,0,1,5,0,0,1,0,0,0,5,10,0,0,3,12,353,0,0,0,0,0,5,6,7,7,4,0,0,2,9,15
26,0,0,4,4,0,0,1,0,0,0,3,12,0,0,3,12,353,0,0,0,0,0,4,5,6,6,3,0,0,2,9,45
5,0,0,2,3,0,0,1,0,0,0,2,13,0,0,3,12,353,0,0,0,0,0,3,4,5,5,2,0,0,2,9,30
13,0,0,2,2,0,0,1,0,0,0,10,5,0,0,3,12,353,0,0,0,0,0,3,3,4,4,1,0,0,2,9,30
14,0,0,6,2,0,0,0,0,0,0,4,11,0,0,3,12,353,0,0,0,0,0,2,3,3,3,1,0,0,2,10,0
43,0,0,6,1,0,0,0,0,0,0,0,17,0,0,3,12,353,0,0,0,0,0,1,2,2,2,0,0,0,2,10,0
43,0,0,0,0,0,0,0,0,0,0,0,52,0,1,3,12,353,0,0,0,0,0,1,1,1,1,0,0,0,1,9,0
34,29,3,43,3,0,0,1,0,0,1,14,1,0,0,2,12,352,0,39,4,6,11,3,5,9,6,3,5,1,1,17,0
35,29,4,40,4,0,1,1,0,0,0,8,7,0,0,2,12,352,2,38,2,5,10,3,4,10,5,3,5,1,1,16,30
-25,29,4,45,4,0,1,1,0,0,0,7,8,1,0,2,12,352,3,37,1,4,9,2,4,9,4,2,5,1,1,17,15
23,27,3,43,3,0,1,2,0,0,0,14,1,0,0,2,12,352,2,36,2,6,9,2,6,12,5,3,4,1,1,17,0
35,26,3,35,4,0,0,2,0,0,0,20,10,0,0,2,12,352,1,35,4,6,10,4,5,13,6,4,4,0,1,15,45
5,25,2,40,5,0,0,2,0,0,0,7,23,0,0,2,12,352,1,33,3,5,10,4,6,12,7,5,4,1,1,16,30
-31,24,3,38,6,0,0,2,0,0,0,11,4,0,0,2,12,352,2,31,2,3,9,3,7,12,7,5,4,1,2,16,15
21,24,3,38,5,0,0,2,0,0,0,5,10,0,0,2,12,352,2,31,2,3,9,2,8,11,6,4,4,2,2,16,15
24,24,3,31,5,0,0,2,0,0,0,29,1,0,0,2,12,352,3,30,1,3,8,1,7,10,5,4,4,2,2,15,0
19,23,4,30,5,0,0,2,0,0,1,12,3,0,0,2,12,352,2,28,1,4,12,6,8,11,7,5,3,2,2,14,30
0,23,4,37,4,0,0,2,0,0,1,10,5,0,0,2,12,352,2,28,1,5,12,6,7,10,6,5,3,1,2,16,0
116,21,3,27,3,0,0,2,0,0,1,1,14,0,0,2,12,352,0,28,2,6,13,6,7,10,7,5,3,2,2,14,0
4,21,3,28,3,0,0,2,0,0,0,0,15,0,0,2,12,352,0,28,2,6,13,5,6,9,6,4,3,2,1,14,15
16,21,4,31,3,0,0,1,0,0,0,7,8,0,0,2,12,352,0,28,3,6,13,4,5,11,5,4,3,2,2,15,0
-22,21,4,33,2,0,0,1,0,0,0,6,9,0,0,2,12,352,0,28,3,6,13,3,4,11,4,3,2,2,2,15,15
-17,21,4,33,2,0,0,0,0,0,1,11,4,0,0,2,12,352,0,27,4,7,13,2,3,10,4,3,2,1,2,15,15
-71,21,5,42,2,0,0,0,0,0,1,3,12,0,0,2,12,352,1,26,3,7,13,2,4,11,3,3,2,1,2,16,45
-108,19,6,35,5,0,0,0,0,0,0,7,8,0,0,2,12,352,1,23,3,7,14,2,4,10,5,3,1,1,1,15,45
-48,17,7,28,5,0,0,2,0,0,0,11,4,0,0,2,12,352,2,20,4,6,14,2,7,13,6,3,1,0,1,14,15
65,17,7,24,4,0,0,2,0,0,0,7,8,0,0,2,12,352,2,20,4,7,15,2,8,12,5,3,1,0,1,13,15
7,13,4,25,4,0,0,4,0,0,1,9,6,0,0,2,12,352,2,16,2,7,13,6,7,14,8,2,1,0,1,13,30
2,12,5,20,5,0,0,3,0,0,1,12,3,0,0,2,12,352,2,15,3,8,12,6,7,13,8,2,1,0,2,12,45
52,12,5,12,5,0,0,2,0,0,1,12,3,0,0,2,12,352,2,15,3,8,12,5,6,12,7,2,1,0,3,11,30
20,11,4,19,5,0,0,1,0,0,1,10,5,0,0,2,12,352,1,15,4,8,13,4,6,12,7,2,1,0,2,12,30
48,11,5,20,4,0,0,1,0,0,1,6,9,0,0,2,12,352,1,15,4,9,13,3,5,11,6,2,1,0,2,12,45
9,10,5,22,4,0,0,1,0,0,1,10,5,0,0,2,12,352,1,14,5,9,12,2,6,12,6,1,1,0,1,13,0
16,10,5,22,4,0,0,1,0,0,1,9,6,0,0,2,12,352,2,13,4,8,11,1,5,11,5,0,1,0,1,13,0
46,8,6,11,6,0,1,2,0,0,1,1,14,0,0,2,12,352,2,8,4,5,8,4,7,14,9,1,1,0,2,11,15
19,7,5,18,7,0,1,1,0,0,1,10,5,0,0,2,12,352,2,7,4,5,7,3,7,13,9,1,1,0,1,12,15
-1,6,5,14,7,0,1,1,0,0,1,0,15,0,0,2,12,352,2,6,3,4,6,4,8,12,9,2,1,0,1,11,45
122,6,5,2,7,0,0,1,0,0,1,0,15,0,0,2,12,352,2,6,3,4,6,4,7,11,8,2,1,0,1,9,30
9,4,3,9,9,0,0,1,0,0,1,10,20,0,0,2,12,352,2,3,1,1,3,4,7,15,10,4,1,0,1,11,0
30,3,2,17,8,0,0,1,0,0,1,2,28,0,0,2,12,352,1,3,1,2,3,4,7,14,10,4,1,1,1,12,0
26,3,2,14,8,0,0,1,0,0,0,0,30,0,0,2,12,352,1,3,1,2,3,4,7,13,9,4,1,1,1,11,45
-122,2,2,26,7,0,0,1,0,0,0,11,4,0,0,2,12,352,0,3,1,3,3,4,7,12,9,5,1,1,1,13,45
28,2,2,6,7,0,0,1,0,0,0,6,9,0,0,2,12,352,1,2,0,2,2,4,6,11,8,5,1,1,1,10,15
-14,1,1,14,6,0,0,1,0,0,0,2,13,0,0,2,12,352,0,2,1,2,2,4,5,10,8,6,1,1,1,11,45
-6,1,1,9,5,0,0,1,0,0,0,0,15,0,0,2,12,352,0,2,2,2,2,4,7,9,7,5,1,1,1,11,0
75,1,1,4,5,0,0,0,0,0,0,8,7,0,0,2,12,352,0,2,2,2,2,3,8,8,6,4,0,1,2,10,0
44,1,1,6,5,0,0,0,0,0,0,2,13,0,0,2,12,352,1,1,1,1,1,2,7,7,5,4,0,0,1,10,15
48,1,1,8,4,0,0,0,0,0,0,12,3,0,0,2,12,352,1,1,1,1,1,1,6,6,4,3,0,0,2,10,30
36,0,0,4,4,0,0,0,0,0,0,0,8,0,0,2,12,352,0,0,0,0,0,5,5,5,5,3,0,0,2,10,0
-149,0,0,12,3,0,0,0,0,0,0,0,12,0,0,2,12,352,0,0,0,0,0,4,4,4,4,2,0,0,3,11,30
22,0,0,0,2,0,0,0,0,0,0,0,15,0,1,2,12,352,0,0,0,0,0,3,3,3,3,2,0,0,1,9,0
39,0,0,3,1,0,0,0,0,0,0,0,16,0,0,2,12,352,0,0,0,0,0,2,2,2,2,2,0,0,2,9,45
48,0,0,1,0,0,0,0,0,0,0,0,18,0,0,2,12,352,0,0,0,0,0,1,1,1,1,1,0,0,1,9,15
13,26,5,39,2,0,0,0,0,1,0,25,5,0,0,6,12,349,1,40,5,7,11,2,5,7,3,2,1,0,1,15,45
7,25,5,41,4,0,0,1,0,0,0,7,23,0,0,6,12,349,2,37,4,5,9,3,4,9,4,2,1,0,2,16,0
-29,22,2,42,5,0,0,0,0,0,0,2,13,1,0,6,12,349,1,35,2,4,8,3,3,10,6,3,1,0,1,16,15
2,22,2,37,5,0,0,0,0,0,0,2,13,0,0,6,12,349,1,35,2,4,8,3,3,10,6,3,1,0,2,15,15
5,21,1,36,5,0,0,1,0,0,0,5,10,0,0,6,12,349,2,33,1,3,8,1,3,8,5,3,1,0,2,15,0
12,20,4,37,5,0,0,2,0,0,0,29,16,0,0,6,12,349,1,31,3,4,12,5,7,13,7,3,1,1,2,15,15
7,20,4,33,4,0,0,2,0,0,0,28,17,0,0,6,12,349,1,31,3,5,12,4,6,12,6,3,1,1,2,14,30
34,19,5,34,3,0,0,4,0,0,0,8,37,0,0,6,12,349,2,29,2,4,14,4,6,12,6,4,1,1,1,14,45
-41,18,4,42,2,0,0,4,0,0,0,5,40,1,0,6,12,349,1,29,2,4,15,4,5,11,6,4,1,1,1,16,15
14,18,4,34,2,0,0,4,0,0,0,2,43,0,0,6,12,349,2,28,1,4,14,3,4,10,5,3,1,1,1,14,45
-9,17,4,32,2,0,0,4,0,0,0,17,13,0,0,6,12,349,2,27,2,5,14,2,4,11,5,2,1,1,1,14,15
-67,17,5,39,2,0,0,3,0,0,0,7,23,0,0,6,12,349,1,27,2,8,15,2,5,12,5,2,0,1,1,15,45
22,15,5,28,3,0,0,3,0,0,0,10,5,0,0,6,12,349,1,25,5,10,16,3,7,13,6,4,0,0,2,13,0
8,13,4,30,5,0,1,2,0,0,0,3,12,0,0,6,12,349,1,22,5,9,17,6,8,15,8,6,0,0,1,13,30
18,13,5,24,5,0,1,3,0,0,0,0,15,0,0,6,12,349,3,20,4,7,16,5,7,15,7,6,0,0,2,12,30
43,12,4,28,4,0,1,3,0,0,1,10,5,0,0,6,12,349,3,19,4,7,16,4,7,15,7,5,0,0,2,13,0
-17,12,4,30,4,0,1,2,0,0,1,5,10,0,0,6,12,349,2,19,5,8,16,3,7,14,7,4,0,0,1,13,30
25,12,4,22,3,0,1,2,0,0,1,1,14,0,0,6,12,349,2,19,5,8,16,2,7,13,6,3,0,0,2,12,15
37,11,3,24,4,0,1,1,0,0,1,8,7,0,0,6,12,349,1,18,5,8,15,2,6,14,7,2,0,0,2,12,30
-3,9,3,19,7,0,2,1,0,0,0,10,5,0,0,6,12,349,1,14,4,7,12,5,9,19,10,2,0,0,2,12,0
21,9,3,15,6,0,2,2,0,0,0,3,12,0,0,6,12,349,2,13,3,8,12,4,8,18,9,2,0,0,2,11,30
11,8,4,19,5,0,2,2,0,0,0,13,2,0,0,6,12,349,1,13,4,9,12,3,8,17,9,2,0,0,2,12,0
21,8,4,19,4,0,2,2,0,0,1,7,8,0,0,6,12,349,1,12,4,9,12,3,8,16,9,3,0,0,2,12,0
-37,8,4,17,4,0,2,3,0,0,0,2,13,0,0,6,12,349,2,11,4,8,11,2,7,16,8,3,0,0,3,11,45
-24,8,6,26,6,0,1,3,0,0,0,11,19,0,0,6,12,349,1,9,6,6,9,6,13,17,10,4,0,0,2,12,45
1,7,6,12,8,0,0,3,0,0,0,1,29,0,0,6,12,349,2,7,4,5,7,5,12,16,10,4,0,0,2,11,15
-42,7,6,15,7,0,0,3,0,0,0,1,29,0,0,6,12,349,2,7,4,5,7,4,11,15,9,4,0,0,2,11,30
27,6,5,10,6,0,0,3,0,0,0,13,2,0,0,6,12,349,1,7,4,5,7,4,11,14,9,3,0,0,3,11,0
54,5,4,10,7,0,1,3,0,0,0,1,14,0,0,6,12,349,2,4,1,3,4,7,10,13,10,3,0,0,3,11,0
-15,4,3,12,8,0,1,2,0,0,0,12,3,0,0,6,12,349,2,3,0,2,3,8,9,13,10,4,0,0,2,11,15
-4,3,3,17,7,0,1,2,0,0,0,0,15,0,0,6,12,349,1,3,1,3,3,8,9,13,10,4,0,0,3,11,45
-37,3,3,26,6,0,1,2,0,0,0,8,7,0,0,6,12,349,1,3,1,3,3,7,9,12,9,4,0,0,2,12,45
2,3,3,6,6,0,0,2,0,0,0,7,8,0,0,6,12,349,1,3,1,3,3,6,8,11,8,4,0,0,2,10,15
16,3,3,5,5,0,0,2,0,0,0,4,11,0,0,6,12,349,1,3,2,3,3,5,8,11,7,4,0,0,2,10,0
-6,3,3,8,4,0,0,2,0,0,0,3,12,0,0,6,12,349,1,3,2,3,3,4,7,10,6,3,0,0,2,10,30
-37,2,2,22,3,0,0,2,0,0,0,14,1,0,0,6,12,349,0,3,2,3,3,3,6,9,6,3,0,0,2,12,15
-30,2,2,12,3,0,0,1,0,0,0,13,2,0,0,6,12,349,0,3,2,3,3,2,5,8,5,2,0,0,2,11,15
5,1,1,8,3,0,0,1,0,0,0,1,14,0,0,6,12,349,0,2,2,2,2,2,4,7,5,3,0,0,2,10,30
2,0,0,2,2,0,1,1,0,0,1,5,10,0,0,6,12,349,1,0,0,0,0,3,4,6,5,2,0,0,1,9,30
17,0,0,4,1,0,1,1,0,0,1,0,1,0,0,6,12,349,0,0,0,0,0,2,4,5,5,2,0,0,1,9,45
14,0,0,6,0,0,1,1,0,0,1,0,8,0,0,6,12,349,0,0,0,0,0,1,3,4,4,1,0,0,2,10,15
7,0,0,0,0,0,0,1,0,0,1,0,44,0,1,6,12,349,0,0,0,0,0,3,3,3,3,1,0,0,1,9,0
15,0,0,2,0,0,0,0,0,0,1,0,56,0,0,6,12,349,0,0,0,0,0,2,2,2,2,1,0,0,1,9,30
-15,0,0,1,0,0,0,0,0,0,0,0,69,0,0,6,12,349,0,0,0,0,0,1,1,1,1,1,0,0,2,9,15
15,41,6,54,2,0,1,2,0,0,0,6,9,1,0,5,12,348,1,49,2,10,17,3,5,9,5,4,7,1,1,17,30
52,40,5,49,2,0,1,1,0,0,0,0,15,0,0,5,12,348,0,49,5,11,18,2,5,8,5,4,7,1,3,17,0
58,39,8,51,2,0,1,1,0,0,0,0,15,0,0,5,12,348,0,48,7,11,17,2,4,8,5,4,7,1,1,17,15
-36,37,10,51,4,0,1,3,0,0,0,3,12,0,0,5,12,348,2,43,6,11,15,3,6,13,7,5,7,2,1,17,15
14,36,10,51,5,0,1,3,0,0,0,14,1,0,0,5,12,348,3,41,4,9,13,2,5,12,7,4,6,2,1,17,15
18,35,9,47,7,0,1,3,0,0,0,1,14,0,0,5,12,348,4,38,3,7,11,1,4,11,8,4,6,1,2,16,45
48,28,5,46,9,0,1,4,0,0,0,14,1,0,0,5,12,348,1,34,3,6,11,3,7,15,14,6,6,1,2,16,30
58,28,5,49,9,0,0,4,0,0,0,10,5,0,0,5,12,348,1,34,3,6,11,2,7,14,13,5,5,1,3,17,0
24,28,5,44,8,0,0,4,0,0,0,10,5,0,0,5,12,348,1,34,3,6,11,1,7,13,12,4,5,0,1,16,15
29,24,3,40,9,0,0,5,0,0,0,4,11,0,0,5,12,348,0,31,3,5,11,6,9,14,15,6,5,1,2,15,45
32,24,3,42,9,0,0,4,0,0,0,0,15,0,0,5,12,348,0,31,3,6,11,6,9,14,14,5,5,1,2,16,0
34,24,4,38,10,0,0,4,0,0,0,8,7,0,0,5,12,348,2,29,2,5,9,5,9,13,13,5,5,1,2,15,30
40,23,4,40,9,0,1,4,0,0,0,1,14,0,0,5,12,348,2,28,1,5,10,4,9,12,13,4,5,1,2,15,45
25,23,4,44,9,0,1,3,0,0,0,25,5,0,0,5,12,348,2,28,1,5,10,4,8,11,12,4,5,1,1,16,15
41,23,4,38,8,0,1,3,0,0,0,25,5,0,0,5,12,348,2,28,1,5,10,3,7,10,11,3,5,1,2,15,30
52,23,5,34,7,0,1,3,0,0,0,19,11,0,0,5,12,348,2,28,3,5,10,4,6,9,10,3,5,1,2,15,0
-24,21,4,47,7,0,1,3,0,0,0,0,30,0,0,5,12,348,0,27,4,6,11,5,7,10,12,5,4,2,2,16,45
19,21,4,32,7,0,1,3,0,0,0,20,10,0,0,5,12,348,1,26,3,6,11,4,6,10,11,5,4,1,2,14,45
56,21,4,34,8,0,1,2,0,0,0,19,11,0,0,5,12,348,2,25,2,5,10,3,5,9,10,5,4,1,2,15,0
49,21,4,32,7,0,1,2,0,0,0,10,20,0,0,5,12,348,2,25,3,5,10,2,5,9,9,5,4,1,2,14,45
49,20,5,36,7,0,1,2,0,0,0,4,26,0,0,5,12,348,2,23,2,5,12,2,4,8,9,4,4,1,2,15,15
33,18,4,36,8,0,1,2,0,0,0,8,7,0,0,5,12,348,2,22,2,4,12,3,4,14,10,4,3,1,2,15,15
79,17,3,29,7,0,1,2,0,0,0,4,11,0,0,5,12,348,1,22,3,4,13,2,4,13,10,3,3,0,1,13,30
110,17,5,27,7,0,2,2,0,0,0,1,14,0,0,5,12,348,2,20,2,5,13,1,4,15,10,3,3,0,1,13,15
54,14,4,25,7,0,2,3,0,0,0,11,4,0,0,5,12,348,0,18,3,8,14,4,10,21,13,5,3,1,2,13,0
-7,14,5,27,7,0,1,3,0,0,0,5,10,0,0,5,12,348,0,18,6,9,14,3,10,21,12,5,3,1,1,13,15
-93,13,5,31,8,0,1,3,1,0,0,10,5,0,0,5,12,348,2,15,3,7,11,3,10,20,12,6,3,1,2,14,15
76,12,6,25,7,0,1,3,1,0,0,12,3,0,0,5,12,348,0,15,4,8,12,7,12,19,13,7,3,1,2,13,0
64,12,7,23,8,0,1,3,1,0,1,2,13,0,0,5,12,348,2,12,3,6,10,7,13,18,13,7,3,1,2,12,45
202,11,6,11,8,0,0,3,1,0,1,9,6,0,0,5,12,348,1,12,4,7,10,7,15,18,13,7,2,3,2,11,0
-88,10,5,42,7,0,0,3,1,0,1,5,10,0,0,5,12,348,0,12,4,7,11,6,14,19,13,7,2,2,2,16,0
51,10,6,22,7,0,0,2,1,0,1,3,12,0,0,5,12,348,0,12,4,7,11,6,13,18,12,6,2,2,2,12,30
106,10,6,30,8,0,0,1,1,0,1,14,1,0,0,5,12,348,1,11,4,6,10,7,13,17,11,6,2,2,1,13,45
50,10,6,23,7,0,0,1,1,0,1,13,2,0,0,5,12,348,1,11,4,6,10,6,12,16,10,5,2,2,2,12,45
58,10,6,15,8,0,0,0,1,0,1,10,5,0,0,5,12,348,2,10,3,6,9,5,11,15,9,5,2,2,1,11,30
-1,8,6,18,8,0,1,0,1,0,1,13,2,0,0,5,12,348,2,8,2,4,8,9,11,15,10,6,2,2,2,12,0
53,7,5,18,7,0,1,0,1,0,1,5,10,0,0,5,12,348,1,8,3,5,8,8,10,14,10,5,2,2,2,12,0
10,7,5,13,6,0,1,0,1,0,1,2,13,0,0,5,12,348,1,8,3,5,8,7,9,14,9,5,2,2,2,11,15
40,6,5,15,5,0,1,1,1,0,1,1,14,0,0,5,12,348,1,7,2,4,7,6,8,13,9,6,2,2,1,11,30
35,5,4,11,5,0,1,1,1,0,0,10,5,0,0,5,12,348,0,7,3,4,7,6,7,12,9,6,2,2,2,11,0
127,5,4,9,5,0,1,1,1,0,0,3,12,0,0,5,12,348,1,6,2,4,6,6,6,12,8,6,2,2,2,10,45
32,5,4,9,5,0,0,1,1,0,0,2,13,0,0,5,12,348,1,6,2,4,6,5,5,11,7,5,1,2,2,10,45
-25,5,4,20,4,0,0,1,1,0,0,0,15,0,0,5,12,348,1,6,2,4,6,4,4,10,6,4,1,1,1,12,15
19,5,4,17,4,0,0,1,0,0,0,13,2,0,0,5,12,348,1,6,2,4,6,3,3,9,5,3,0,1,2,11,45
24,4,3,13,4,0,0,1,0,0,0,0,15,0,0,5,12,348,1,5,2,4,5,2,5,8,5,3,0,0,2,11,15
31,3,2,7,4,0,0,1,0,0,0,5,10,0,0,5,12,348,1,4,1,4,4,1,4,8,5,3,0,0,2,10,30
35,1,1,7,3,0,1,2,0,0,0,11,4,0,0,5,12,348,1,2,2,2,2,4,6,9,6,2,0,0,2,10,30
32,1,1,2,3,0,1,1,0,0,0,8,7,0,0,5,12,348,0,2,2,2,2,3,5,8,6,3,0,0,1,9,30
35,1,1,5,2,0,1,1,0,0,0,7,8,0,0,5,12,348,0,2,2,2,2,2,4,7,5,3,0,0,1,10,0
-35,0,0,6,3,0,0,2,0,0,0,13,2,0,0,5,12,348,0,0,0,0,0,3,5,6,6,4,0,0,2,10,15
84,0,0,0,2,0,0,2,0,0,0,4,11,0,1,5,12,348,0,0,0,0,0,2,5,5,5,3,0,0,1,9,0
-162,0,0,20,2,0,0,1,0,0,0,0,8,0,0,5,12,348,0,0,0,0,0,2,4,4,4,3,0,0,1,12,15
0,0,0,1,1,0,0,1,0,0,0,0,31,0,0,5,12,348,0,0,0,0,0,3,3,3,3,2,0,0,2,9,15
47,0,0,2,0,0,0,1,0,0,0,0,40,0,0,5,12,348,0,0,0,0,0,2,2,2,2,1,0,0,1,9,30
70,0,0,4,0,0,0,0,0,0,0,0,51,0,0,5,12,348,0,0,0,0,0,1,1,1,1,1,0,0,1,9,45
-4,36,2,52,3,0,1,1,0,0,0,3,12,0,0,4,12,347,0,49,3,7,14,3,8,12,6,2,8,3,1,17,15
20,36,3,53,3,0,2,1,0,0,0,10,5,0,0,4,12,347,2,47,2,5,13,2,7,13,5,1,8,3,1,17,30
31,35,3,48,2,0,2,1,1,0,0,0,15,0,0,4,12,347,2,46,2,5,12,5,6,13,5,1,8,3,2,16,45
-24,35,3,50,3,0,1,1,1,0,0,9,6,0,0,4,12,347,1,45,3,7,15,5,7,15,6,3,7,5,1,17,0
-9,35,3,48,3,0,1,1,0,0,0,7,8,0,0,4,12,347,1,45,3,7,15,4,8,14,5,2,7,5,2,16,45
-35,35,3,54,2,0,1,1,0,0,0,6,9,1,0,4,12,347,1,44,3,7,15,3,7,13,4,1,6,5,1,18,0
22,35,3,46,1,0,1,2,0,0,0,0,15,0,0,4,12,347,1,44,3,6,14,2,6,12,4,0,6,4,2,16,30
64,35,3,43,1,0,0,2,0,0,0,13,2,0,0,4,12,347,1,44,3,6,14,1,5,11,3,0,5,4,2,16,15
46,32,4,38,2,0,1,3,0,0,1,2,13,0,0,4,12,347,1,39,4,7,13,4,10,13,7,2,4,4,1,15,15
6,32,4,50,2,0,1,2,0,0,1,1,14,0,0,4,12,347,1,39,4,7,14,3,9,12,6,2,3,3,1,17,0
-33,32,5,43,1,0,1,3,0,0,1,9,6,0,0,4,12,347,2,38,4,8,13,4,8,11,5,2,3,2,2,16,15
-10,32,5,41,1,0,0,3,0,0,1,8,7,0,0,4,12,347,2,38,4,8,14,4,7,10,4,1,2,2,1,15,45
-55,29,5,43,4,0,0,2,0,0,1,12,3,0,0,4,12,347,1,35,3,6,14,6,7,11,7,2,2,1,2,16,15
-9,29,5,46,4,0,0,2,0,0,1,10,5,0,0,4,12,347,2,34,3,6,13,5,6,10,6,1,2,1,2,16,30
17,29,5,40,4,0,0,2,0,0,0,8,7,0,0,4,12,347,1,34,4,7,13,4,5,9,6,1,2,1,1,15,30
9,29,6,42,4,0,0,1,0,0,0,14,1,0,0,4,12,347,1,34,4,8,15,3,5,9,5,1,1,1,3,16,0
21,29,6,34,3,0,1,1,0,0,0,13,2,0,0,4,12,347,2,33,3,7,14,2,4,9,4,0,1,0,2,14,45
30,29,6,33,3,0,1,1,0,0,0,9,6,0,0,4,12,347,3,32,2,6,13,1,3,9,3,0,1,0,2,14,30
20,24,4,34,6,0,1,0,0,0,0,29,16,0,0,4,12,347,0,29,4,7,15,3,4,12,8,4,1,1,2,14,45
-22,23,5,38,7,0,2,0,0,0,0,16,29,0,0,4,12,347,1,26,2,6,15,2,5,12,9,5,1,1,1,15,15
-33,23,7,36,6,0,2,0,0,0,0,6,39,0,0,4,12,347,1,26,3,7,15,2,6,11,8,5,1,1,2,15,0
86,20,5,28,7,0,1,0,1,0,0,0,15,0,0,4,12,347,0,24,4,8,16,3,7,13,10,6,0,1,1,13,0
29,20,8,31,8,0,1,0,1,0,0,13,2,0,0,4,12,347,2,22,5,9,17,5,8,16,9,5,0,0,1,13,30
58,18,8,30,8,0,1,1,1,0,0,1,14,0,0,4,12,347,1,20,4,9,16,5,8,18,11,6,0,0,1,13,15
-3,18,8,28,8,0,1,1,1,0,0,14,1,0,0,4,12,347,2,19,4,8,15,4,7,17,10,5,0,0,1,13,0
21,17,8,32,7,0,1,1,1,0,0,9,6,0,0,4,12,347,1,19,4,8,15,4,6,18,10,5,0,0,1,14,15
63,16,7,26,8,0,0,1,1,0,0,3,12,0,0,4,12,347,1,18,4,7,14,4,7,18,10,6,0,0,2,12,45
88,15,7,26,8,0,0,2,1,0,0,8,7,0,0,4,12,347,2,16,3,7,13,3,7,18,10,6,0,0,2,12,45
47,14,8,24,8,0,0,2,1,0,0,13,2,0,0,4,12,347,2,15,4,8,13,3,7,18,10,6,0,0,2,12,30
79,12,6,22,7,0,0,2,1,0,0,7,8,0,0,4,12,347,0,15,4,9,13,2,7,17,11,7,0,0,2,12,15
10,11,6,20,7,0,0,2,1,0,1,8,7,0,0,4,12,347,1,13,4,8,11,4,9,17,11,7,0,0,2,12,0
12,9,4,18,9,0,0,2,1,0,0,6,9,0,0,4,12,347,1,11,5,7,10,5,13,20,12,9,0,0,2,11,45
-72,9,4,36,8,0,0,2,1,0,0,6,9,0,0,4,12,347,1,11,5,7,10,4,12,19,11,8,0,0,2,15,0
64,8,4,22,8,0,0,2,0,0,0,1,14,0,0,4,12,347,0,11,5,7,10,4,11,18,11,8,0,0,2,12,15
187,6,3,2,7,0,3,3,0,0,0,13,2,0,0,4,12,347,2,7,3,5,7,7,11,19,12,7,0,0,2,9,30
10,6,4,24,6,0,3,3,1,0,0,9,6,0,0,4,12,347,3,6,2,4,6,8,11,18,11,6,0,0,2,12,30
25,6,4,18,6,0,3,2,1,0,0,4,11,0,0,4,12,347,3,6,2,4,6,8,10,18,10,6,0,0,2,11,45
60,5,3,16,6,0,3,2,1,0,0,13,2,0,0,4,12,347,3,5,1,3,5,7,10,18,10,6,0,0,2,11,30
37,5,3,14,5,0,3,2,1,0,0,11,4,0,0,4,12,347,3,5,2,3,5,7,9,17,9,5,0,0,2,11,15
49,5,3,20,5,0,3,2,1,0,0,2,13,0,0,4,12,347,3,4,2,2,4,6,8,16,9,4,0,0,2,12,0
87,5,3,8,4,0,3,2,1,0,0,1,14,0,0,4,12,347,3,4,2,2,4,5,7,15,8,4,0,0,1,10,15
83,5,3,16,4,0,3,1,1,0,0,11,4,0,0,4,12,347,3,4,2,3,4,5,7,14,7,3,0,0,2,11,30
14,5,3,11,4,0,2,1,1,0,0,11,4,0,0,4,12,347,3,4,2,3,4,4,6,13,6,2,0,0,2,10,45
75,5,3,12,3,0,2,1,1,0,0,8,7,0,0,4,12,347,3,4,2,3,4,3,7,12,5,1,0,0,2,11,0
50,3,2,10,3,0,1,1,1,0,0,12,3,0,0,4,12,347,1,4,2,3,4,3,7,11,6,0,0,0,1,10,30
-22,3,3,14,4,0,1,1,1,0,0,13,2,0,0,4,12,347,2,2,1,2,2,3,8,10,6,0,0,0,2,11,15
-38,2,2,12,4,0,1,0,1,0,0,0,15,0,0,4,12,347,0,2,1,2,2,5,9,9,7,2,0,0,2,11,0
43,2,2,4,4,0,1,0,0,0,0,1,14,0,0,4,12,347,0,2,2,2,2,6,8,8,6,2,0,0,2,9,45
31,2,2,6,4,0,1,0,0,0,0,10,5,0,0,4,12,347,1,1,1,1,1,5,7,7,5,2,0,0,2,10,0
75,2,2,6,4,0,0,0,0,0,0,9,6,0,0,4,12,347,1,1,1,1,1,4,6,6,4,2,0,0,2,10,0
108,2,2,4,3,0,0,0,0,0,0,7,8,0,0,4,12,347,1,1,1,1,1,3,5,5,3,2,0,0,2,9,45
-3,1,1,8,2,0,0,0,0,0,0,11,4,0,0,4,12,347,0,1,1,1,1,4,4,4,3,3,0,0,1,10,15
39,1,1,2,2,0,0,0,0,0,0,10,5,0,0,4,12,347,1,0,0,0,0,3,3,3,2,2,0,0,2,9,30
16,0,0,1,1,0,0,0,0,0,0,5,10,0,0,4,12,347,0,0,0,0,0,2,2,2,2,1,0,0,2,9,15
21,0,0,0,0,0,0,0,0,0,0,3,12,0,1,4,12,347,0,0,0,0,0,1,1,1,1,0,0,0,1,9,0
7,33,3,48,2,0,1,1,1,0,0,12,3,0,0,3,12,346,2,44,2,5,11,4,4,11,4,3,8,2,1,17,15
5,33,3,47,2,0,0,1,1,0,0,10,5,0,0,3,12,346,2,44,3,5,11,3,3,10,3,2,7,2,1,17,0
58,32,2,44,2,0,0,0,1,0,0,6,9,0,0,3,12,346,1,44,3,6,11,2,3,10,3,2,6,2,1,16,45
-11,31,1,49,1,0,0,0,1,0,0,6,9,1,0,3,12,346,0,44,3,6,11,1,2,10,3,1,6,1,1,17,30
-49,30,1,44,5,0,0,0,1,0,0,9,6,0,0,3,12,346,1,39,2,6,12,5,7,11,6,2,5,1,1,16,45
6,30,1,43,6,0,0,0,0,0,0,1,14,0,0,3,12,346,1,38,3,5,12,5,8,11,6,2,5,0,3,16,30
-4,29,0,39,5,0,0,0,0,0,0,14,1,0,0,3,12,346,0,38,3,5,12,4,7,10,6,3,5,0,2,16,0
-11,29,0,38,5,0,0,0,0,0,0,3,12,0,0,3,12,346,1,37,2,5,12,3,6,10,5,2,5,0,2,15,45
52,29,0,37,4,0,0,0,0,0,0,12,3,0,0,3,12,346,1,37,4,6,13,3,5,9,4,1,5,0,1,15,30
23,29,1,41,3,0,0,0,0,0,0,7,8,0,0,3,12,346,0,37,4,6,14,3,4,8,4,1,5,0,1,16,15
-11,29,2,41,3,0,1,1,0,0,1,14,1,0,0,3,12,346,2,33,2,6,13,3,5,10,5,2,5,1,1,16,15
30,29,3,34,2,0,1,1,0,0,1,8,7,0,0,3,12,346,2,33,2,6,14,2,4,10,4,2,5,1,1,15,0
-97,29,3,44,1,0,1,1,0,0,1,6,9,0,0,3,12,346,2,33,2,7,14,1,3,9,3,1,5,1,1,16,45
-93,28,6,39,1,0,1,2,0,0,1,51,9,0,0,3,12,346,1,31,5,8,15,2,4,10,5,2,4,1,2,16,0
-21,27,7,36,2,0,2,1,1,0,1,39,21,0,0,3,12,346,1,28,3,7,14,3,4,9,7,2,4,0,1,15,15
-13,25,7,32,4,0,2,1,1,0,0,18,42,0,0,3,12,346,1,26,4,7,14,2,6,9,8,4,4,2,1,14,30
-15,25,7,31,4,0,2,1,1,0,0,12,48,0,0,3,12,346,2,25,3,6,15,1,6,9,7,3,4,2,1,14,15
19,20,6,30,7,0,2,1,1,0,0,9,6,0,0,3,12,346,1,21,3,7,14,5,6,14,11,6,4,3,1,13,15
-43,20,6,33,7,0,1,1,1,0,0,5,10,0,0,3,12,346,1,21,3,7,14,4,5,14,10,5,3,3,2,14,45
97,20,7,26,7,0,1,0,1,0,0,1,14,0,0,3,12,346,1,21,4,7,14,4,4,13,9,5,2,2,2,12,35
-15,19,7,34,7,0,1,0,2,0,0,5,5,0,0,3,12,346,2,19,3,7,13,3,3,12,9,6,2,1,1,15,0
44,18,8,29,7,0,1,0,1,0,0,13,2,0,0,3,12,346,1,19,4,8,14,2,4,13,9,6,2,1,1,13,0
69,16,7,27,8,0,0,1,1,0,0,2,13,0,0,3,12,346,1,17,3,8,14,1,4,14,10,6,1,1,1,12,45
36,12,6,27,9,0,0,3,1,0,1,7,23,0,0,3,12,346,2,12,3,6,11,4,9,19,13,7,1,0,1,12,45
39,10,5,24,9,0,0,3,1,0,1,13,2,0,0,3,12,346,1,11,3,6,10,7,10,19,14,8,1,0,1,12,30
37,9,5,24,8,0,0,4,1,0,1,7,8,0,0,3,12,346,1,10,3,6,10,6,11,20,14,8,1,0,1,12,30
56,9,5,16,8,0,0,4,1,0,1,10,5,0,0,3,12,346,2,9,3,6,9,6,11,19,13,7,1,0,2,11,15
29,9,6,22,7,0,0,4,1,0,1,7,8,0,0,3,12,346,2,9,3,6,9,5,10,18,12,7,1,0,2,12,15
50,9,7,16,7,0,0,4,1,0,0,5,10,0,0,3,12,346,2,9,3,7,9,4,9,17,11,6,1,0,2,11,15
64,9,7,19,6,0,0,4,1,0,0,4,11,0,0,3,12,346,2,9,3,8,9,4,8,17,10,5,1,0,1,11,30
41,8,6,22,5,0,0,4,1,0,1,14,1,0,0,3,12,346,2,8,3,7,8,3,7,16,10,5,1,0,2,12,15
55,7,5,21,5,0,0,4,1,0,1,6,9,0,0,3,12,346,2,7,4,6,7,5,7,15,10,5,1,0,2,12,0
55,5,4,19,6,0,0,4,0,0,1,4,11,0,0,3,12,346,0,6,5,5,6,5,10,16,12,6,1,1,1,11,30
79,5,4,14,7,0,0,3,0,0,1,14,1,0,0,3,12,346,1,5,4,4,5,4,10,16,11,5,1,1,3,11,0
43,5,4,14,6,0,0,3,0,0,1,11,4,0,0,3,12,346,1,5,4,4,5,3,10,16,10,5,1,1,3,11,0
81,4,3,8,6,0,0,3,0,0,1,8,7,0,0,3,12,346,1,4,3,4,4,3,10,15,10,6,1,1,2,10,15
43,4,3,12,7,0,0,2,0,0,1,0,15,0,0,3,12,346,2,3,2,3,3,3,9,14,9,5,1,1,2,10,45
54,2,2,5,9,0,0,2,0,0,0,10,5,0,0,3,12,346,2,1,0,1,1,8,9,13,10,7,1,1,2,10,0
29,2,2,8,8,0,0,2,0,0,0,4,11,0,0,3,12,346,2,1,1,1,1,7,10,12,9,6,1,1,2,10,15
18,2,2,12,8,0,0,1,0,0,0,13,2,0,0,3,12,346,2,1,1,1,1,6,9,11,8,6,0,1,2,10,45
34,1,1,5,7,0,0,1,0,0,0,10,5,0,0,3,12,346,1,1,1,1,1,5,8,10,8,6,0,0,2,10,0
80,1,1,10,7,0,0,0,0,0,0,8,7,0,0,3,12,346,1,1,1,1,1,4,7,9,7,5,0,0,2,10,30
26,1,1,5,6,0,0,0,0,0,0,1,14,0,0,3,12,346,1,1,1,1,1,4,7,8,6,5,0,0,2,10,0
54,1,1,10,5,0,0,0,0,0,0,12,3,0,0,3,12,346,0,1,1,1,1,3,7,7,6,5,0,0,2,10,30
-38,1,1,16,4,0,0,0,0,0,0,10,5,0,0,3,12,346,0,1,1,1,1,2,6,6,5,5,0,0,2,11,15
52,0,0,1,3,0,1,0,0,0,0,4,11,0,0,3,12,346,0,0,0,0,0,3,5,5,5,4,0,0,2,9,15
20,0,0,4,2,0,1,0,0,0,0,0,9,0,0,3,12,346,0,0,0,0,0,4,4,4,4,3,0,0,3,9,45
10,0,0,0,2,0,0,0,0,0,0,0,10,0,1,3,12,346,0,0,0,0,0,3,3,3,3,2,0,0,1,9,0
-1,0,0,2,1,0,0,0,0,0,0,0,28,0,0,3,12,346,0,0,0,0,0,2,2,2,2,2,0,0,1,9,30
10,0,0,2,0,0,0,0,0,0,0,0,32,0,0,3,12,346,0,0,0,0,0,1,1,1,1,1,0,0,1,9,30
41,25,2,42,2,0,1,2,1,0,0,14,1,0,0,2,12,345,0,38,3,4,6,2,4,10,7,5,2,1,1,17,0
17,23,1,40,3,0,0,3,1,0,1,4,11,0,0,2,12,345,0,35,1,1,6,3,6,10,9,5,1,1,2,16,45
32,23,1,40,3,0,0,3,0,0,1,4,11,0,0,2,12,345,0,35,1,2,7,3,6,12,8,4,1,0,2,16,45
15,23,1,44,3,0,1,2,0,0,1,5,10,1,0,2,12,345,1,34,0,1,7,4,7,11,7,4,1,0,1,17,15
96,23,1,35,2,0,1,2,0,0,1,25,5,0,0,2,12,345,1,34,1,2,7,4,7,10,6,3,1,0,2,16,0
43,22,1,38,1,0,1,2,0,0,1,10,20,0,0,2,12,345,0,34,1,4,9,4,6,10,6,3,1,0,2,16,30
25,22,1,33,1,0,0,2,0,0,1,6,24,0,0,2,12,345,0,34,1,4,9,4,5,9,5,2,1,0,1,15,30
95,22,1,33,1,0,1,1,0,0,1,26,4,0,0,2,12,345,1,33,1,5,8,4,5,8,4,1,1,0,1,15,30
9,22,1,38,0,0,1,1,0,0,1,13,17,0,0,2,12,345,1,33,3,5,10,3,6,7,3,0,1,0,2,16,30
-23,22,2,42,0,0,1,1,0,0,0,9,21,0,0,2,12,345,1,33,3,5,10,2,5,7,2,0,1,0,1,17,0
31,22,3,36,0,0,2,0,0,0,0,12,3,0,0,2,12,345,1,32,4,5,11,2,4,9,2,0,1,0,2,16,15
-68,21,4,36,3,0,2,0,0,0,0,28,2,0,0,2,12,345,3,28,1,3,10,3,4,8,3,1,1,0,2,16,15
-1,21,4,31,3,0,1,0,0,0,0,25,5,0,0,2,12,345,3,28,1,3,10,2,3,7,2,1,1,0,1,14,45
13,21,4,30,2,0,1,0,0,0,0,24,6,0,0,2,12,345,3,28,1,3,10,1,2,6,1,0,1,0,1,14,30
-42,18,6,32,3,0,2,0,0,0,0,10,20,0,0,2,12,345,2,25,2,6,13,2,5,8,4,3,1,0,2,15,0
10,14,5,29,4,0,1,1,0,0,0,11,4,0,0,2,12,345,0,23,4,7,12,4,4,9,7,3,1,0,1,14,0
30,14,5,25,4,0,1,1,0,0,0,5,10,0,0,2,12,345,1,22,3,7,12,3,4,9,6,2,1,0,1,13,0
29,14,5,28,3,0,1,1,0,0,0,4,11,0,0,2,12,345,1,22,3,7,12,2,3,8,5,2,1,0,1,13,30
36,14,5,27,2,0,1,1,0,0,0,4,11,0,0,2,12,345,1,22,3,7,12,1,2,8,4,1,1,0,1,13,15
45,9,2,21,5,0,0,5,0,0,0,5,10,0,0,2,12,345,2,15,3,5,11,3,6,14,9,4,1,1,2,12,15
85,7,1,11,5,0,0,5,1,0,0,2,13,0,0,2,12,345,2,13,2,5,10,4,9,16,10,5,1,1,2,11,0
38,7,1,23,4,0,0,5,1,0,0,0,15,0,0,2,12,345,2,13,2,5,10,3,8,15,9,5,1,1,2,12,45
117,7,2,13,5,0,0,4,1,0,0,4,11,0,0,2,12,345,2,12,2,6,10,3,8,15,9,5,0,1,2,11,15
15,7,3,25,4,0,0,4,1,0,0,1,14,0,0,2,12,345,1,12,2,6,10,3,8,14,9,5,0,0,1,13,0
-31,7,5,23,6,0,0,3,1,0,0,9,6,0,0,2,12,345,2,10,3,6,9,6,9,13,9,5,0,0,2,12,45
-4,7,5,15,5,0,0,3,1,0,0,4,11,0,0,2,12,345,2,10,4,6,10,5,8,12,8,4,0,0,2,11,30
-29,6,4,19,6,0,0,3,0,0,0,11,4,0,0,2,12,345,1,9,4,6,9,5,9,13,9,5,0,0,2,12,0
41,6,4,13,7,0,0,2,0,0,0,6,9,0,0,2,12,345,2,8,4,5,8,5,8,12,8,4,0,0,2,11,15
37,6,4,19,6,0,0,2,0,0,0,4,11,0,0,2,12,345,2,8,4,5,8,5,7,12,7,4,0,0,2,12,0
29,5,4,21,7,0,0,1,0,0,0,11,4,0,0,2,12,345,2,7,3,5,7,4,8,12,7,3,0,0,2,12,15
-2,5,4,17,7,0,0,1,0,0,0,4,11,0,0,2,12,345,2,6,3,4,6,3,7,12,7,2,0,0,2,11,45
-3,3,3,11,7,0,0,2,0,0,0,7,8,0,0,2,12,345,2,4,1,3,4,4,6,11,8,3,0,0,2,11,0
28,3,3,15,7,0,0,1,0,0,0,5,10,0,0,2,12,345,2,4,1,3,4,3,5,10,7,3,0,0,2,11,30
44,2,2,4,7,0,0,1,0,0,0,14,1,0,0,2,12,345,2,3,1,3,3,4,6,11,7,3,0,0,2,9,45
36,2,2,17,6,0,0,1,0,0,0,14,1,0,0,2,12,345,2,3,1,3,3,3,5,10,6,3,0,0,2,11,45
32,1,1,6,5,0,0,1,0,0,0,3,12,0,0,2,12,345,1,3,2,3,3,2,5,9,6,4,0,0,1,10,0
44,1,1,6,5,0,0,1,0,0,0,14,1,0,0,2,12,345,2,2,1,2,2,1,5,9,5,3,0,0,1,10,0
19,0,0,2,7,0,0,0,0,0,0,2,13,0,0,2,12,345,1,0,0,0,0,5,7,8,7,4,0,0,2,9,30
30,0,0,9,6,0,0,0,0,0,0,0,1,0,0,2,12,345,1,0,0,0,0,4,6,7,6,3,0,0,1,10,30
-10,0,0,4,5,0,0,0,0,0,0,0,10,0,0,2,12,345,0,0,0,0,0,3,5,6,6,2,0,0,2,9,45
2,0,0,8,4,0,0,0,0,0,0,0,15,0,0,2,12,345,0,0,0,0,0,4,5,5,5,2,0,0,1,10,15
-9,0,0,10,3,0,0,0,0,0,0,0,25,0,0,2,12,345,0,0,0,0,0,3,4,4,4,1,0,0,2,10,45
-8,0,0,1,2,0,0,0,0,0,0,0,41,0,0,2,12,345,0,0,0,0,0,2,3,3,3,1,0,0,2,9,15
-8,0,0,0,1,0,0,0,0,0,0,0,45,0,1,2,12,345,0,0,0,0,0,1,2,2,2,1,0,0,1,9,0
1,0,0,2,0,0,0,0,0,0,0,0,75,0,0,2,12,345,0,0,0,0,0,1,1,1,1,1,0,0,2,9,30
19,34,6,47,3,0,0,0,0,0,0,14,1,1,0,6,12,342,1,44,5,7,13,2,5,9,3,2,6,1,1,17,30
38,29,2,36,6,0,1,0,0,0,0,0,15,0,0,6,12,342,1,39,2,5,10,4,4,9,7,4,6,1,3,16,0
21,29,4,45,5,0,1,0,0,0,0,6,9,0,0,6,12,342,0,39,3,6,10,3,4,8,7,4,6,1,1,17,0
17,29,4,40,5,0,0,0,0,0,0,4,11,0,0,6,12,342,0,39,3,7,11,2,3,7,6,3,5,1,2,16,30
50,29,4,37,5,0,0,0,0,0,0,11,4,0,0,6,12,342,1,38,3,6,11,1,2,8,5,3,5,0,3,16,15
11,27,4,43,5,0,0,2,0,0,1,14,1,0,0,6,12,342,2,34,3,5,11,4,5,13,7,5,5,0,2,16,45
4,25,3,40,4,0,1,3,0,0,1,9,6,0,0,6,12,342,1,32,3,5,11,4,6,12,9,4,5,1,2,16,30
32,25,4,37,4,0,1,3,0,0,1,5,10,0,0,6,12,342,2,31,2,4,10,3,5,13,8,4,5,1,3,16,15
-39,25,4,40,4,0,1,3,0,0,0,2,13,0,0,6,12,342,2,31,2,4,10,2,5,12,7,4,5,1,2,16,30
-20,24,3,43,4,0,1,3,0,0,0,2,13,0,0,6,12,342,1,30,3,6,11,2,7,12,8,4,5,1,2,16,45
-74,22,3,35,5,0,1,3,0,0,0,19,11,0,0,6,12,342,0,28,4,7,12,6,8,11,10,4,4,3,1,15,45
13,22,5,32,5,0,2,2,0,0,0,11,19,0,0,6,12,342,1,27,3,6,13,5,7,12,9,4,4,2,1,15,15
43,21,4,30,5,0,2,1,0,0,0,5,25,0,0,6,12,342,0,27,3,6,13,5,8,11,9,4,4,2,1,14,45
43,21,4,31,5,0,2,1,0,0,0,27,3,0,0,6,12,342,1,26,4,6,13,5,7,11,8,4,4,2,2,15,0
35,21,4,34,4,0,2,2,0,0,0,27,3,0,0,6,12,342,2,25,3,5,12,4,6,10,7,3,4,2,1,15,30
19,21,5,27,3,0,2,2,0,0,0,24,6,0,0,6,12,342,1,25,3,5,12,3,5,10,7,2,4,2,1,14,0
62,21,6,27,4,0,1,2,0,0,0,9,21,0,0,6,12,342,2,24,3,6,14,2,5,9,6,2,3,2,1,14,0
-107,20,6,45,4,0,1,1,0,0,0,0,30,0,0,6,12,342,1,24,4,8,14,3,4,11,6,2,2,1,1,17,0
8,17,5,29,6,0,1,1,0,0,0,8,7,0,0,6,12,342,1,21,3,7,13,3,5,13,8,3,2,0,1,14,30
81,17,5,22,6,0,0,1,0,0,0,7,8,0,0,6,12,342,1,21,3,7,13,2,4,13,7,2,2,0,1,12,45
-78,16,6,37,6,0,0,2,0,0,0,7,8,0,0,6,12,342,1,19,3,6,12,1,5,15,8,3,2,0,3,16,15
4,12,4,25,8,0,0,2,1,0,0,2,13,0,0,6,12,342,1,15,4,6,12,4,9,15,11,4,2,0,1,13,15
-81,12,4,32,8,0,0,2,1,0,0,13,2,0,0,6,12,342,2,14,3,5,11,3,8,16,10,3,2,0,1,15,15
30,10,4,24,8,0,0,2,1,0,0,0,15,0,0,6,12,342,1,13,3,6,10,5,11,16,11,4,2,1,1,13,0
33,10,4,18,8,0,0,1,1,0,0,10,5,0,0,6,12,342,0,13,4,6,11,5,11,15,11,4,2,2,2,12,15
164,10,6,4,10,0,0,2,0,0,0,8,7,0,0,6,12,342,2,10,2,5,10,5,10,16,11,4,2,2,2,9,45
-2,10,6,17,9,0,0,2,0,0,0,3,12,0,0,6,12,342,2,10,2,6,10,8,10,15,10,3,2,2,2,12,0
31,10,6,22,8,0,0,2,0,0,0,2,13,0,0,6,12,342,2,10,3,6,10,7,9,14,9,3,2,2,1,12,45
-34,8,4,26,8,0,0,2,0,0,0,12,3,0,0,6,12,342,1,9,2,6,9,7,8,14,10,4,2,2,2,13,30
44,8,5,20,8,0,0,1,0,0,0,3,12,0,0,6,12,342,1,9,2,6,9,6,7,14,9,4,2,2,2,12,30
33,7,4,15,8,0,0,1,0,0,0,8,7,0,0,6,12,342,1,8,3,5,8,6,8,14,9,5,1,2,1,11,45
93,6,3,10,7,0,0,1,0,0,0,7,8,0,0,6,12,342,0,8,3,5,8,5,7,13,9,5,1,1,2,11,0
33,6,3,13,6,0,0,1,0,0,0,6,9,0,0,6,12,342,0,8,3,5,8,4,6,12,8,4,1,1,2,11,30
41,6,3,18,5,0,0,1,0,0,0,3,12,0,0,6,12,342,0,8,3,5,8,3,5,11,7,4,1,1,2,12,15
-50,6,3,20,4,0,0,2,0,0,0,44,1,0,0,6,12,342,1,7,3,4,7,2,5,10,6,3,0,1,2,12,30
13,4,2,11,6,0,0,1,0,0,0,23,22,0,0,6,12,342,1,5,2,5,5,3,6,11,7,4,0,0,2,11,15
76,3,3,8,7,0,0,1,0,0,0,1,44,0,0,6,12,342,1,3,2,3,3,4,8,10,8,5,0,0,1,10,15
53,3,3,8,6,0,0,1,0,0,0,0,45,0,0,6,12,342,1,3,2,3,3,3,7,9,7,4,0,0,1,10,15
-52,3,3,13,5,0,0,1,0,0,0,0,15,0,0,6,12,342,0,3,3,3,3,3,6,10,7,5,0,0,2,11,30
46,3,3,11,6,0,0,1,0,0,0,3,12,0,0,6,12,342,2,1,1,1,1,3,6,9,6,4,0,0,2,11,15
72,2,2,2,5,0,0,1,0,0,0,12,3,0,0,6,12,342,1,1,1,1,1,4,5,8,6,3,0,0,2,9,30
-97,0,0,15,4,0,1,1,0,0,0,12,3,0,0,6,12,342,0,0,0,0,0,3,5,7,7,3,0,0,1,11,45
23,0,0,1,4,0,0,1,0,0,0,3,12,0,0,6,12,342,0,0,0,0,0,3,4,6,6,2,0,0,2,9,15
69,0,0,6,3,0,0,1,0,0,0,1,14,0,0,6,12,342,0,0,0,0,0,2,3,5,5,2,0,0,2,10,0
45,0,0,6,3,0,0,0,0,0,0,0,11,0,0,6,12,342,0,0,0,0,0,2,4,4,4,1,0,0,2,10,0
32,0,0,0,2,0,0,0,0,0,0,0,19,0,1,6,12,342,0,0,0,0,0,2,3,3,3,1,0,0,1,9,0
33,0,0,4,1,0,0,0,0,0,0,0,46,0,0,6,12,342,0,0,0,0,0,2,2,2,2,0,0,0,2,9,45
17,0,0,2,0,0,0,0,0,0,0,0,59,0,0,6,12,342,0,0,0,0,0,1,1,1,1,0,0,0,2,9,30
53,39,4,46,1,0,0,0,0,0,0,28,0,1,0,5,12,341,0,46,3,6,11,1,2,7,2,1,3,1,1,17,0
36,35,4,46,4,0,0,0,1,0,0,7,8,1,0,5,12,341,0,41,3,6,11,2,6,11,6,3,2,1,1,17,0
32,35,5,42,4,0,0,0,1,0,0,11,4,0,0,5,12,341,1,40,3,5,12,4,5,11,5,2,2,0,2,16,30
-5,33,4,44,3,0,0,2,1,0,0,18,12,0,0,5,12,341,1,38,3,6,14,4,4,11,6,2,2,0,2,16,45
10,33,4,42,2,0,0,2,1,0,0,16,14,0,0,5,12,341,1,38,3,6,14,3,3,12,5,2,2,0,2,16,30
48,33,4,40,3,0,0,2,0,0,0,13,17,0,0,5,12,341,2,37,2,5,13,2,3,11,4,2,2,0,2,16,15
5,32,4,44,2,0,0,2,0,0,0,3,27,0,0,5,12,341,1,37,3,7,13,1,5,11,4,2,2,0,2,16,45
14,29,5,36,7,0,0,1,0,0,0,1,14,0,0,5,12,341,2,32,4,8,14,5,9,14,7,3,2,1,2,15,30
28,29,5,32,6,0,0,1,0,0,0,12,3,0,0,5,12,341,1,32,4,8,14,4,8,13,7,3,2,1,2,15,0
52,28,4,36,5,0,0,1,0,0,0,12,3,0,0,5,12,341,0,32,4,8,14,4,7,12,7,2,2,1,2,15,30
5,28,4,34,4,0,0,1,0,0,0,9,6,0,0,5,12,341,0,32,5,8,15,3,6,11,6,1,2,1,2,15,15
22,27,5,38,4,0,0,2,0,0,0,25,5,0,0,5,12,341,1,30,4,8,14,3,6,13,6,1,2,1,2,15,45
9,26,6,38,4,0,1,2,0,0,0,12,18,0,0,5,12,341,1,28,4,7,13,4,7,12,7,2,1,1,2,15,45
-12,25,5,31,6,0,0,2,0,0,0,1,29,0,0,5,12,341,2,26,2,6,13,4,6,11,7,2,1,0,2,14,45
-1,24,6,34,6,0,0,2,0,0,1,3,12,0,0,5,12,341,2,24,2,6,13,4,7,11,8,2,1,0,2,15,15
9,24,6,29,5,0,0,2,0,0,1,2,13,0,0,5,12,341,2,24,2,6,13,3,6,10,7,2,1,0,1,14,15
53,23,7,24,4,0,0,2,0,0,1,20,10,0,0,5,12,341,1,24,4,7,15,3,8,9,7,2,1,0,1,13,0
-1,22,7,32,5,0,0,2,0,0,1,6,24,0,0,5,12,341,2,22,4,7,15,4,7,12,7,3,1,0,2,15,0
42,21,6,29,4,0,0,2,0,0,1,1,29,0,0,5,12,341,1,22,4,7,16,3,6,11,7,2,1,0,1,14,15
41,19,7,28,6,0,0,1,0,0,1,11,4,0,0,5,12,341,1,20,4,8,16,5,6,12,8,3,1,0,2,14,0
0,18,6,27,5,0,0,1,0,0,1,9,6,0,0,5,12,341,0,20,5,8,16,4,5,11,8,3,1,0,1,13,30
65,17,8,22,6,0,0,3,0,0,0,8,7,0,0,5,12,341,2,17,3,7,14,3,4,13,8,2,1,0,2,12,45
-124,17,8,40,5,0,0,3,0,0,0,7,8,0,0,5,12,341,2,17,3,7,14,2,3,12,7,1,1,0,2,16,15
74,16,7,26,5,0,0,2,0,0,0,6,9,0,0,5,12,341,1,17,3,8,14,1,2,11,7,1,1,0,1,13,15
69,12,8,24,9,0,0,2,0,0,0,13,2,0,0,5,12,341,2,12,4,7,12,4,7,17,10,3,1,0,1,13,0
9,9,5,18,10,0,1,2,0,0,0,5,10,0,0,5,12,341,2,9,4,6,9,5,9,17,12,2,1,0,2,12,15
47,8,5,22,9,0,1,2,0,0,0,2,13,0,0,5,12,341,1,9,4,7,9,4,9,18,12,3,1,0,2,12,45
0,8,5,18,8,0,1,2,0,0,0,1,14,0,0,5,12,341,1,9,4,7,9,3,9,17,11,3,1,0,2,12,15
71,7,5,17,9,0,1,2,0,0,0,9,6,0,0,5,12,341,2,7,3,6,7,3,11,16,11,3,1,1,2,12,0
148,5,4,7,8,0,1,3,0,0,0,10,5,0,0,5,12,341,1,6,3,5,6,4,12,19,12,4,1,1,2,10,45
26,4,3,20,8,0,2,2,0,0,0,0,15,0,0,5,12,341,1,5,3,5,5,7,11,18,12,5,1,1,2,12,30
94,4,4,5,7,0,3,2,0,0,0,6,9,0,0,5,12,341,1,4,3,4,4,9,11,17,12,6,1,1,2,10,30
-31,4,4,15,8,0,2,2,0,0,0,12,3,0,0,5,12,341,1,3,2,3,3,9,10,16,12,7,1,1,1,11,45
96,4,4,11,7,0,2,2,0,0,0,10,5,0,0,5,12,341,1,3,2,3,3,8,9,15,11,6,1,1,2,11,15
0,4,4,20,6,0,2,2,0,0,1,3,12,0,0,5,12,341,2,2,2,2,2,7,9,14,10,6,1,1,2,12,30
19,3,3,13,6,0,1,2,0,0,1,2,13,0,0,5,12,341,1,2,2,2,2,6,9,13,10,5,1,1,2,11,30
-41,2,2,15,6,0,0,2,0,0,1,0,15,0,0,5,12,341,0,2,2,2,2,5,8,12,10,5,0,1,1,11,45
20,2,2,11,5,0,0,2,0,0,1,0,15,0,0,5,12,341,0,2,2,2,2,4,7,11,9,4,0,0,2,11,15
100,2,2,9,6,0,0,1,0,0,1,10,5,0,0,5,12,341,1,1,1,1,1,3,6,10,8,4,0,0,2,11,0
0,2,2,7,6,0,0,1,0,0,0,7,8,0,0,5,12,341,1,1,1,1,1,3,7,9,7,3,0,0,2,10,45
64,2,2,9,5,0,0,1,0,0,0,1,14,0,0,5,12,341,1,1,1,1,1,2,7,8,6,2,0,0,2,11,0
26,0,0,13,5,0,0,1,0,0,0,8,7,0,0,5,12,341,0,0,0,0,0,5,7,7,7,3,0,0,2,11,30
48,0,0,1,4,0,0,1,0,0,0,4,11,0,0,5,12,341,0,0,0,0,0,6,6,6,6,3,0,0,2,10,0
85,0,0,3,3,0,0,1,0,0,0,3,12,0,0,5,12,341,0,0,0,0,0,5,5,5,5,3,0,0,2,10,15
41,0,0,0,2,0,0,1,0,0,0,0,7,0,1,5,12,341,0,0,0,0,0,4,4,4,4,3,0,0,2,9,45
70,0,0,3,2,0,0,0,0,0,0,0,7,0,0,5,12,341,0,0,0,0,0,3,3,3,3,2,0,0,2,10,15
53,0,0,5,1,0,0,0,0,0,0,0,9,0,0,5,12,341,0,0,0,0,0,2,2,2,2,1,0,0,2,10,30
9,0,0,1,0,0,0,0,0,0,0,0,18,0,0,5,12,341,0,0,0,0,0,1,1,1,1,0,0,0,2,10,0
64,40,4,49,5,0,0,1,0,0,1,10,5,0,0,4,12,340,2,49,4,6,13,4,6,13,6,3,6,1,2,16,45
39,38,4,52,6,0,0,1,0,0,1,3,12,0,0,4,12,340,1,47,2,6,14,4,7,13,8,5,6,2,1,17,0
-25,38,6,54,7,0,0,1,1,0,0,12,3,0,0,4,12,340,2,45,2,6,12,3,8,14,8,4,6,2,1,17,15
27,38,6,55,6,0,0,1,1,0,0,11,4,0,0,4,12,340,2,45,2,6,12,2,7,14,7,3,6,2,1,17,30
53,38,7,47,5,0,0,1,1,0,0,3,12,0,0,4,12,340,2,45,3,7,13,3,6,15,6,3,6,2,3,16,30
17,36,5,49,5,0,0,1,1,0,1,11,19,0,0,4,12,340,2,43,4,7,14,5,8,15,7,2,6,3,2,16,45
19,36,6,52,5,0,0,0,1,0,1,10,20,0,0,4,12,340,2,43,4,7,14,4,7,14,6,2,5,3,1,17,0
17,34,4,40,7,0,0,0,1,0,0,7,8,0,0,4,12,340,2,41,4,7,13,4,6,14,7,2,4,2,2,15,30
-16,32,3,49,7,0,0,1,1,0,0,13,2,0,0,4,12,340,2,39,3,6,13,4,7,13,8,2,4,1,2,16,45
16,32,3,47,6,0,0,1,1,0,0,13,2,0,0,4,12,340,2,39,3,6,13,3,6,12,7,2,4,1,3,16,30
20,31,3,45,6,0,0,1,1,0,0,11,4,0,0,4,12,340,1,38,4,7,13,3,9,13,8,3,4,1,2,16,15
91,31,4,34,6,0,1,2,0,0,0,14,1,0,0,4,12,340,1,36,3,7,13,4,9,14,9,3,3,1,2,14,30
-16,31,4,40,6,0,1,1,0,0,0,12,3,0,0,4,12,340,1,36,3,7,13,4,8,13,8,3,3,0,2,15,30
-67,30,5,45,7,0,1,1,0,0,0,6,9,0,0,4,12,340,1,34,4,6,13,7,8,13,9,3,3,0,2,16,15
19,29,4,43,6,0,1,2,0,0,0,2,13,0,0,4,12,340,1,33,3,5,14,6,7,12,9,4,3,0,2,15,45
35,29,5,35,5,0,1,2,0,0,0,12,3,0,0,4,12,340,1,33,4,7,14,5,6,12,8,4,3,0,1,14,45
20,29,5,40,4,0,1,2,0,0,0,11,4,0,0,4,12,340,1,33,4,7,14,4,5,12,7,3,3,0,2,15,30
15,29,5,38,3,0,1,2,0,0,0,11,4,0,0,4,12,340,1,33,4,7,14,3,4,12,6,3,3,0,3,15,15
-45,29,5,43,3,0,0,2,0,0,0,8,7,0,0,4,12,340,0,33,4,7,14,2,3,11,6,2,3,0,2,15,45
-20,28,6,37,3,0,1,2,0,0,0,40,5,0,0,4,12,340,1,31,3,6,14,2,4,11,6,2,3,1,2,15,0
17,26,6,38,2,0,2,3,0,0,0,17,28,0,0,4,12,340,1,29,3,7,15,1,6,10,7,1,3,2,3,15,15
33,22,5,32,3,0,1,3,1,0,1,0,15,0,0,4,12,340,0,26,4,8,16,5,9,16,10,3,3,2,1,13,30
115,22,5,27,3,0,1,2,1,0,1,14,1,0,0,4,12,340,0,25,4,9,16,4,8,15,9,3,2,2,1,13,0
57,22,5,31,4,0,0,2,1,0,1,1,14,0,0,4,12,340,1,25,6,9,16,3,7,16,8,3,1,1,1,13,15
90,22,6,20,5,0,0,2,1,0,1,14,1,0,0,4,12,340,3,23,4,7,14,3,6,15,7,3,1,0,2,12,0
21,21,5,33,4,0,0,2,1,0,1,10,5,0,0,4,12,340,2,23,4,8,15,4,5,14,7,3,1,0,1,14,15
-21,18,5,35,6,0,0,2,2,0,1,14,1,0,0,4,12,340,2,19,3,8,14,4,7,16,10,5,1,1,1,14,45
20,18,5,27,6,0,0,2,2,0,0,11,4,0,0,4,12,340,2,19,4,8,15,3,7,17,9,5,1,1,1,13,0
23,18,6,22,6,0,0,1,2,0,0,11,4,0,0,4,12,340,2,19,4,8,15,2,6,16,8,5,1,1,2,12,15
47,17,6,27,6,0,0,1,2,0,0,2,13,0,0,4,12,340,1,18,4,8,15,1,7,15,9,6,1,1,1,13,0
41,13,7,27,10,0,0,0,3,0,0,3,12,0,0,4,12,340,1,13,4,8,13,8,12,18,13,10,1,1,1,13,0
-327,13,8,56,10,0,0,0,3,0,0,1,14,1,0,4,12,340,2,12,3,7,12,8,11,17,12,9,0,1,1,18,0
-7,13,8,22,10,0,0,0,3,0,0,0,15,0,0,4,12,340,3,11,2,6,11,7,10,16,11,8,0,0,2,12,15
77,13,8,20,10,0,0,0,2,0,0,13,2,0,0,4,12,340,3,11,2,6,11,6,10,16,10,7,0,0,2,12,0
-7,11,6,24,9,0,0,0,2,0,0,11,4,0,0,4,12,340,1,11,3,7,11,5,10,15,11,8,0,0,1,12,30
14,11,7,26,9,0,0,0,2,0,0,3,12,0,0,4,12,340,2,10,2,6,10,4,9,17,10,8,0,0,4,12,45
52,11,7,16,9,0,0,0,1,0,0,1,14,0,0,4,12,340,2,10,2,7,10,4,8,16,9,8,0,0,2,11,30
30,9,6,16,9,0,0,0,1,0,0,6,9,0,0,4,12,340,1,9,3,7,9,5,9,15,10,7,0,0,2,11,30
29,9,6,14,8,0,0,0,1,0,0,2,13,0,0,4,12,340,1,9,4,7,9,4,8,14,9,6,0,0,2,11,15
57,8,6,18,8,0,0,0,1,0,0,2,13,0,0,4,12,340,1,8,5,7,8,5,9,14,9,6,0,0,2,11,45
42,7,5,12,8,0,0,1,1,0,0,10,5,0,0,4,12,340,2,6,4,5,6,6,8,13,9,6,0,0,2,11,0
20,7,5,24,7,0,0,1,1,0,0,9,6,0,0,4,12,340,2,6,4,5,6,5,7,13,8,5,0,0,1,12,30
11,5,4,12,7,0,0,1,1,0,0,14,1,0,0,4,12,340,1,5,3,5,5,4,7,13,9,5,0,0,2,11,0
56,5,4,8,6,0,0,1,1,0,0,13,2,0,0,4,12,340,1,5,3,5,5,3,6,12,8,5,0,0,1,10,15
4,4,4,10,9,0,0,0,1,0,0,12,3,0,0,4,12,340,3,2,1,2,2,4,8,12,8,5,0,0,1,10,30
11,3,3,14,8,0,0,0,1,0,0,10,5,0,0,4,12,340,2,2,1,2,2,3,7,11,8,4,0,0,2,11,15
52,2,2,11,7,0,0,0,1,0,0,4,11,0,0,4,12,340,1,1,2,2,2,5,7,11,8,3,0,0,2,10,45
22,2,2,6,7,0,0,0,1,0,0,3,12,0,0,4,12,340,1,1,1,1,1,5,6,10,8,4,0,0,2,10,0
60,1,1,4,7,0,0,0,1,0,0,14,1,0,0,4,12,340,1,0,0,0,0,4,7,9,8,4,0,0,2,9,45
101,1,1,1,7,0,0,0,0,0,0,10,5,0,0,4,12,340,1,0,0,0,0,3,7,8,7,3,0,0,2,9,15
5,0,0,2,6,0,0,0,0,0,0,4,11,0,0,4,12,340,0,0,0,0,0,3,6,7,7,3,0,0,2,9,30
71,0,0,8,5,0,0,0,0,0,0,3,12,0,0,4,12,340,0,0,0,0,0,2,5,6,6,3,0,0,1,10,15
32,0,0,6,4,0,0,0,0,0,0,0,5,0,0,4,12,340,0,0,0,0,0,4,5,5,5,2,0,0,2,10,0
26,0,0,4,3,0,0,0,0,0,0,0,21,0,0,4,12,340,0,0,0,0,0,3,4,4,4,2,0,0,2,9,45
27,0,0,2,2,0,0,0,0,0,0,0,30,0,0,4,12,340,0,0,0,0,0,3,3,3,3,2,0,0,2,9,30
-116,0,0,18,1,0,0,0,0,0,0,0,34,0,0,4,12,340,0,0,0,0,0,2,2,2,2,2,0,0,2,11,45
25,0,0,0,0,0,0,0,0,0,0,0,57,0,1,4,12,340,0,0,0,0,0,1,1,1,1,1,0,0,1,9,0
16,37,4,50,4,0,0,0,0,0,1,14,31,1,0,3,12,339,1,45,2,5,10,2,4,8,5,1,3,1,1,18,0
40,35,4,49,6,0,0,0,0,0,0,4,11,0,0,3,12,339,1,43,2,5,9,3,4,10,6,2,3,0,1,17,15
168,35,4,34,5,0,0,0,0,0,0,12,3,0,0,3,12,339,1,43,3,6,10,2,3,9,5,2,3,0,2,15,15
37,34,4,47,5,0,0,0,0,0,0,12,3,0,0,3,12,339,1,42,3,5,10,2,3,13,5,2,3,0,1,17,0
57,32,3,45,6,0,0,0,0,0,0,9,6,0,0,3,12,339,1,40,3,5,10,2,4,12,6,4,3,0,2,16,45
61,31,4,41,6,0,1,1,0,0,0,10,5,0,0,3,12,339,2,37,2,4,10,3,6,14,7,4,3,0,1,16,15
26,29,2,45,6,0,1,1,0,0,0,8,7,0,0,3,12,339,1,36,2,5,12,4,10,14,8,4,3,1,2,16,45
26,29,3,39,5,0,1,1,0,0,0,2,13,0,0,3,12,339,1,36,2,5,13,4,9,13,7,3,3,1,3,16,0
63,28,4,36,4,0,1,1,0,0,1,0,15,0,0,3,12,339,0,35,3,6,15,7,9,12,8,3,3,1,1,15,30
-58,28,4,41,5,0,1,1,0,0,0,9,6,0,0,3,12,339,1,34,2,6,14,7,9,12,7,2,3,1,1,16,15
30,27,3,41,4,0,1,1,0,0,0,5,10,0,0,3,12,339,0,34,3,6,14,6,8,11,7,2,3,1,1,16,15
13,27,4,36,4,0,0,2,0,0,0,38,7,0,0,3,12,339,1,33,3,7,14,5,8,10,6,2,3,1,1,15,30
23,27,5,34,3,0,0,2,0,0,0,37,8,0,0,3,12,339,1,33,3,8,14,4,7,9,5,2,3,1,2,15,15
8,27,5,39,3,0,0,1,0,0,0,33,12,0,0,3,12,339,1,33,4,8,14,3,6,11,4,1,2,1,3,16,0
7,27,5,32,2,0,1,1,0,0,0,31,14,0,0,3,12,339,2,32,3,7,14,3,5,10,3,1,2,0,2,15,0
20,27,6,32,1,0,1,1,0,0,0,27,18,0,0,3,12,339,2,32,3,8,14,3,4,9,2,1,2,0,2,15,0
-139,24,7,47,4,0,0,1,0,0,0,2,43,0,0,3,12,339,1,29,4,9,12,3,4,11,5,1,2,0,1,17,0
-20,24,7,44,3,0,0,1,0,0,0,14,1,0,0,3,12,339,1,29,5,9,12,2,3,10,4,0,2,0,2,16,30
33,23,7,30,2,0,0,2,1,0,0,28,2,0,0,3,12,339,2,27,5,8,12,2,3,12,4,1,2,0,1,14,0
82,20,6,26,3,0,1,2,1,0,0,8,22,0,0,3,12,339,1,24,4,6,11,2,5,14,7,3,2,0,1,13,0
11,17,5,31,3,0,3,1,2,0,1,11,4,0,0,3,12,339,2,20,2,3,11,4,8,14,9,4,2,0,2,14,15
30,15,3,28,3,0,3,1,2,0,1,5,10,0,0,3,12,339,1,19,2,4,12,5,11,15,10,6,2,2,1,13,15
48,15,3,21,3,0,2,1,2,0,1,4,11,0,0,3,12,339,1,19,2,4,12,5,10,15,9,6,2,2,3,12,30
34,15,3,29,2,0,2,1,2,0,1,3,12,0,0,3,12,339,1,19,2,4,13,4,9,14,8,6,2,2,1,13,30
113,14,3,16,3,0,2,1,1,0,1,8,7,0,0,3,12,339,1,18,2,5,13,5,9,15,8,5,2,2,3,12,0
22,14,5,21,3,0,2,1,1,0,1,9,6,0,0,3,12,339,2,17,2,7,12,6,8,18,7,5,2,2,3,12,30
15,14,7,23,3,0,1,1,1,0,1,5,10,0,0,3,12,339,2,17,2,7,13,6,8,17,6,4,2,2,2,12,45
70,13,7,18,3,0,1,1,1,0,0,13,2,0,0,3,12,339,1,17,4,8,13,6,7,16,6,4,2,2,2,12,15
48,12,6,23,4,0,0,1,1,0,0,10,5,0,0,3,12,339,1,16,3,7,12,5,6,15,6,5,1,2,2,12,45
29,12,7,18,3,0,1,1,1,0,0,14,1,0,0,3,12,339,2,15,4,7,11,4,6,14,5,4,1,1,2,12,15
-111,12,7,38,3,0,1,0,1,0,0,9,6,0,0,3,12,339,2,15,5,7,13,3,6,13,4,4,0,1,2,15,45
42,12,8,26,2,0,1,0,1,0,0,7,8,0,0,3,12,339,1,15,5,8,13,2,5,12,4,3,0,0,1,13,0
3,11,8,18,2,0,1,0,1,0,0,0,15,0,0,3,12,339,1,14,4,8,12,2,6,11,4,2,0,0,2,12,15
11,7,5,16,4,0,2,0,1,0,0,6,9,0,0,3,12,339,1,10,3,5,9,3,10,15,7,4,0,0,3,12,0
4,6,4,14,4,0,2,0,1,0,0,5,10,0,0,3,12,339,1,9,4,5,9,7,9,15,7,4,0,0,1,11,30
8,5,4,12,3,0,2,0,1,0,1,12,3,0,0,3,12,339,1,8,3,4,8,8,8,14,7,3,0,0,1,11,15
36,4,3,10,3,0,2,0,0,0,2,5,10,0,0,3,12,339,1,7,3,5,7,7,7,13,7,4,0,0,2,11,0
3,3,2,12,2,0,3,0,0,0,2,1,14,0,0,3,12,339,1,6,2,4,6,6,6,12,7,3,0,0,1,11,15
67,3,2,6,3,0,2,0,0,0,2,14,1,0,0,3,12,339,2,5,1,3,5,5,5,11,6,2,0,0,2,10,15
-52,3,3,23,2,0,2,0,0,0,2,6,9,0,0,3,12,339,2,5,1,4,5,4,5,10,5,1,0,0,2,12,45
1,3,3,15,2,0,1,0,0,0,2,6,9,0,0,3,12,339,2,5,1,4,5,3,5,9,4,1,0,0,2,11,45
1,3,3,10,1,0,1,0,0,0,2,5,10,0,0,3,12,339,2,5,1,4,5,2,4,8,3,1,0,0,2,11,0
7,3,3,9,1,0,1,0,0,0,1,2,13,0,0,3,12,339,2,5,1,4,5,1,4,7,2,1,0,0,2,10,45
49,1,1,4,4,0,1,0,0,0,0,10,5,0,0,3,12,339,1,2,2,2,2,5,6,8,5,2,0,0,1,10,0
16,0,0,2,5,0,0,0,0,0,0,6,9,0,0,3,12,339,1,1,1,1,1,4,5,7,5,3,0,0,2,9,45
21,0,0,4,4,0,0,0,0,0,0,3,12,0,0,3,12,339,1,1,1,1,1,4,4,6,4,2,0,0,1,10,0
-23,0,0,7,3,0,0,0,0,0,0,11,4,0,0,3,12,339,0,1,1,1,1,3,4,5,4,2,0,0,1,10,30
-44,0,0,7,2,0,0,0,0,0,0,10,5,0,0,3,12,339,0,1,1,1,1,2,3,4,3,2,0,0,1,10,30
-15,0,0,2,2,0,0,0,0,0,0,0,9,0,0,3,12,339,1,0,0,0,0,1,2,3,2,1,0,0,2,9,45
-11,0,0,0,1,0,0,0,0,0,0,0,47,0,1,3,12,339,0,0,0,0,0,1,2,2,2,2,0,0,1,9,15
10,0,0,1,0,0,0,0,0,0,0,0,92,0,0,3,12,339,0,0,0,0,0,1,1,1,1,1,0,0,2,9,30
22,31,5,45,2,0,0,0,1,0,0,4,11,0,0,2,12,338,1,44,2,6,12,3,4,10,3,1,2,0,1,17,15
24,30,5,46,2,0,0,0,1,0,0,1,14,0,0,2,12,338,1,43,4,7,12,3,4,12,3,1,2,0,1,17,30
27,29,4,39,1,0,0,0,1,0,0,12,3,0,0,2,12,338,0,43,4,7,12,2,3,11,3,0,2,0,2,16,30
34,29,6,43,2,0,0,0,0,0,0,2,13,0,0,2,12,338,1,42,4,7,11,1,3,10,2,0,2,0,1,17,0
25,26,4,41,5,0,0,0,0,0,0,10,5,0,0,2,12,338,1,38,4,6,10,2,7,11,5,1,2,0,2,16,45
36,25,3,36,5,0,1,0,0,0,0,8,7,0,0,2,12,338,1,36,4,5,9,3,8,11,6,2,2,0,1,16,0
-20,23,1,43,5,0,1,1,0,0,0,8,7,0,0,2,12,338,1,34,2,4,9,5,8,12,7,2,2,0,1,17,0
0,22,1,39,6,0,1,1,0,0,0,0,15,0,0,2,12,338,1,32,1,3,10,6,8,11,8,2,2,0,2,16,30
3,22,2,32,5,0,1,1,0,0,0,4,11,0,0,2,12,338,1,32,1,3,10,5,7,10,7,2,2,0,2,15,30
-1,22,2,36,5,0,0,1,0,0,0,4,11,0,0,2,12,338,1,32,1,3,11,4,6,9,6,2,2,0,1,16,0
39,22,2,32,4,0,0,1,0,0,0,0,15,0,0,2,12,338,1,32,1,4,11,4,5,8,5,2,2,0,2,15,30
32,22,2,30,4,0,0,1,0,0,0,35,10,0,0,2,12,338,2,31,1,4,12,3,4,9,4,1,2,0,2,15,15
-10,22,2,34,4,0,0,0,0,0,0,31,14,0,0,2,12,338,2,31,1,4,12,2,3,8,3,1,2,0,2,15,45
6,22,4,38,3,0,0,0,0,0,0,15,30,0,0,2,12,338,1,31,3,6,14,2,4,7,3,0,2,0,2,16,15
34,21,4,30,4,0,0,0,0,0,0,1,44,0,0,2,12,338,1,29,2,6,13,1,4,9,4,2,2,0,2,15,15
-61,20,7,34,5,0,0,0,0,0,0,29,1,0,0,2,12,338,1,27,5,8,15,3,5,13,5,3,2,0,2,15,45
22,20,8,27,4,0,0,0,0,0,0,22,8,0,0,2,12,338,1,27,5,9,16,2,4,13,4,2,2,0,1,14,0
-184,18,6,47,5,0,0,0,0,0,0,12,18,1,0,2,12,338,1,25,4,8,14,2,3,12,5,2,2,0,1,18,0
20,14,4,28,6,0,0,1,0,0,1,14,16,0,0,2,12,338,0,21,4,6,12,2,6,16,9,5,2,1,1,14,15
18,14,5,26,5,0,0,3,0,0,1,5,25,0,0,2,12,338,2,19,2,6,12,2,7,16,8,4,2,2,1,13,30
-23,12,5,29,6,0,0,3,0,0,1,10,5,0,0,2,12,338,2,17,2,6,12,5,9,18,9,6,2,2,2,14,30
47,11,4,25,5,0,0,3,0,0,1,4,11,0,0,2,12,338,0,17,4,7,12,5,9,18,10,6,2,2,1,13,0
35,11,4,20,5,0,0,2,0,0,1,4,11,0,0,2,12,338,0,17,4,7,12,4,8,17,9,6,1,2,2,12,30
84,11,5,16,4,0,0,3,0,0,1,12,3,0,0,2,12,338,1,16,5,7,11,5,7,16,8,5,1,1,2,12,0
-191,10,4,41,5,0,0,2,0,0,1,12,3,0,0,2,12,338,1,15,4,6,11,5,10,16,8,5,1,1,2,16,45
106,9,4,11,7,0,0,2,0,0,0,7,8,0,0,2,12,338,2,13,3,6,9,5,9,15,8,5,0,1,2,11,30
30,9,5,23,6,0,0,2,0,0,0,2,13,0,0,2,12,338,2,13,3,6,9,4,9,14,7,4,0,0,1,12,45
97,8,4,16,6,0,0,2,0,0,0,1,14,0,0,2,12,338,2,12,2,5,8,3,8,13,7,3,0,0,2,12,0
-9,7,3,23,6,0,0,2,0,0,0,7,8,0,0,2,12,338,1,11,2,4,8,5,8,14,8,3,0,0,1,12,45
-32,7,3,20,5,0,0,2,0,0,0,9,6,0,0,2,12,338,0,11,4,6,10,5,9,13,8,4,0,0,2,12,30
39,6,3,11,5,0,0,2,1,0,0,11,4,0,0,2,12,338,1,9,2,4,8,6,9,14,8,4,0,0,2,11,30
39,6,3,9,4,0,0,2,1,0,0,10,5,0,0,2,12,338,1,9,2,4,8,5,8,13,7,3,0,0,3,11,15
-4,6,3,14,3,0,0,2,1,0,0,8,7,0,0,2,12,338,1,9,2,4,9,4,7,12,6,3,0,0,2,11,45
24,6,3,20,3,0,0,1,1,0,0,5,10,0,0,2,12,338,1,9,2,4,9,3,6,11,5,2,0,0,2,12,30
3,5,2,11,4,0,0,1,1,0,0,5,10,0,0,2,12,338,2,7,2,3,7,5,6,11,5,2,0,0,2,11,30
12,4,1,18,4,0,0,0,1,0,0,12,3,0,0,2,12,338,1,7,2,3,7,4,5,11,5,2,0,0,3,12,15
22,4,1,18,3,0,0,0,1,0,0,2,13,0,0,2,12,338,0,7,2,4,7,3,6,10,5,3,0,0,3,12,15
-18,4,2,9,4,0,0,0,1,0,0,11,4,0,0,2,12,338,2,5,1,3,5,3,5,9,4,2,0,0,3,11,15
17,4,2,14,3,0,0,0,1,0,0,9,6,0,0,2,12,338,2,5,1,4,5,2,4,9,3,1,0,0,2,11,45
20,3,2,7,3,0,0,0,1,0,0,0,15,0,0,2,12,338,1,4,2,4,4,3,5,9,4,1,0,0,1,10,45
37,3,3,3,3,0,0,0,1,0,0,25,5,0,0,2,12,338,1,3,2,3,3,4,6,8,4,2,0,0,1,10,0
10,3,3,8,3,0,0,0,0,0,0,25,5,0,0,2,12,338,1,3,2,3,3,3,5,7,3,2,0,0,2,11,0
-8,2,2,3,4,0,0,0,0,0,0,1,29,0,0,2,12,338,1,1,1,1,1,3,6,6,4,1,0,0,1,10,0
15,1,1,2,3,0,0,0,0,0,0,11,4,0,0,2,12,338,0,1,1,1,1,3,5,5,4,2,0,0,2,9,30
-1,0,0,6,3,0,0,0,0,0,0,12,3,0,0,2,12,338,0,0,0,0,0,2,4,4,4,2,0,0,1,10,30
-19,0,0,5,2,0,0,0,0,0,0,0,15,0,0,2,12,338,0,0,0,0,0,3,3,3,3,2,0,0,1,10,15
12,0,0,1,1,0,0,0,0,0,0,0,19,0,0,2,12,338,0,0,0,0,0,2,2,2,2,1,0,0,1,9,15
14,0,0,0,0,0,0,0,0,0,0,0,21,0,1,2,12,338,0,0,0,0,0,1,1,1,1,0,0,0,1,9,0
0,25,4,43,5,0,1,0,2,0,0,13,2,0,0,6,12,335,2,36,1,3,5,2,4,12,7,3,0,0,1,17,15
37,24,4,39,4,0,1,0,2,0,0,0,15,0,0,6,12,335,1,36,2,5,5,2,6,12,7,3,0,0,1,16,30
54,24,5,39,5,0,1,0,1,0,0,4,11,0,0,6,12,335,2,35,4,4,8,4,8,11,6,2,0,0,1,16,30
32,21,2,37,5,0,1,0,1,0,0,15,15,0,0,6,12,335,0,34,3,3,9,6,9,11,8,3,0,0,2,16,15
19,21,2,42,5,0,1,0,1,0,0,10,20,0,0,6,12,335,1,33,2,2,8,6,8,10,7,3,0,0,1,17,0
3,21,2,44,5,0,0,0,1,0,0,8,22,1,0,6,12,335,1,33,2,2,8,5,8,9,6,3,0,0,1,17,30
3,20,1,36,5,0,1,0,0,0,1,1,29,0,0,6,12,335,2,31,0,0,7,4,7,8,6,3,0,0,2,16,0
19,20,1,41,4,0,1,0,0,0,1,14,1,0,0,6,12,335,2,31,0,0,7,3,6,7,5,2,0,0,1,16,45
27,19,0,37,3,0,1,0,0,0,1,9,6,0,0,6,12,335,0,31,0,1,7,2,5,6,6,2,0,0,2,16,15
-5,19,0,34,3,0,1,0,0,0,0,14,1,0,0,6,12,335,0,31,0,2,7,3,4,5,5,2,0,0,1,15,30
29,19,1,32,3,0,0,0,0,0,0,7,8,0,0,6,12,335,0,31,1,5,10,3,4,4,4,2,0,0,1,15,0
20,19,2,33,2,0,0,0,0,0,0,3,12,0,0,6,12,335,0,31,2,5,10,2,3,3,3,2,0,0,2,15,15
23,19,3,34,1,0,0,0,0,0,0,9,6,0,0,6,12,335,0,31,3,6,11,1,2,3,2,1,0,0,1,15,30
-13,19,4,30,2,0,0,2,0,0,0,31,14,0,0,6,12,335,3,27,3,4,10,1,1,6,2,1,0,0,1,14,30
100,14,5,29,6,0,0,3,0,0,0,2,13,0,0,6,12,335,2,21,2,6,14,3,6,14,8,5,0,0,1,14,15
57,12,5,22,6,0,0,3,0,0,0,11,4,0,0,6,12,335,1,20,5,8,15,4,9,17,9,6,0,0,2,12,45
6,12,5,22,6,0,0,3,0,0,0,3,12,0,0,6,12,335,2,19,4,7,14,4,9,16,8,5,0,0,2,12,45
13,11,5,21,6,0,0,3,0,0,0,12,3,0,0,6,12,335,2,18,4,7,14,4,8,16,8,6,0,0,3,12,30
22,9,3,20,5,0,1,3,0,0,0,4,11,0,0,6,12,335,1,17,3,7,13,5,8,15,9,7,0,0,1,12,15
50,9,3,25,6,0,1,3,0,0,0,11,4,0,0,6,12,335,3,15,3,6,11,5,9,16,8,6,0,0,1,13,0
-103,8,3,28,5,0,1,3,0,0,0,0,15,0,0,6,12,335,0,15,4,8,13,5,8,16,10,7,0,0,1,13,30
55,8,4,25,6,0,1,2,0,0,0,11,4,0,0,6,12,335,1,14,4,7,13,5,7,15,9,7,0,0,1,13,0
77,8,5,18,5,0,1,2,0,0,0,5,10,0,0,6,12,335,1,14,4,9,13,4,8,15,8,6,0,0,1,12,0
-18,7,4,27,4,0,1,3,0,0,0,12,3,0,0,6,12,335,1,13,3,8,12,4,9,17,8,7,0,0,1,13,15
-89,7,4,31,5,0,1,2,0,0,0,9,6,0,0,6,12,335,2,12,4,7,11,4,8,16,7,6,0,0,1,14,45
52,6,4,13,6,0,0,2,0,0,1,11,4,0,0,6,12,335,2,10,3,6,9,3,8,16,8,7,0,0,1,11,15
15,6,4,13,5,0,0,2,0,0,1,0,15,0,0,6,12,335,1,10,5,6,10,6,8,15,8,7,0,0,1,11,15
-15,6,4,18,6,0,0,1,0,0,1,12,3,0,0,6,12,335,2,9,4,5,9,5,8,14,7,6,0,0,1,12,0
-22,3,2,16,7,0,1,0,0,0,1,10,5,0,0,6,12,335,0,7,3,6,7,5,8,15,10,7,0,0,2,11,45
91,3,2,11,7,0,1,1,0,0,1,5,10,0,0,6,12,335,2,5,1,4,5,4,8,14,9,7,0,0,1,10,45
24,3,3,16,6,0,1,1,0,0,1,3,12,0,0,6,12,335,2,5,1,4,5,3,7,13,8,6,0,0,2,11,45
16,3,3,15,5,0,1,1,0,0,1,3,12,0,0,6,12,335,2,5,1,4,5,2,6,12,7,5,0,0,2,11,30
-5,2,2,12,5,0,1,1,0,0,0,2,13,0,0,6,12,335,0,5,2,4,5,4,8,13,8,5,0,0,2,11,0
-98,2,2,22,4,0,1,2,0,0,0,1,14,0,0,6,12,335,1,4,3,4,4,5,8,12,7,4,0,0,2,12,45
12,2,2,9,4,0,0,2,0,0,0,12,3,0,0,6,12,335,0,4,3,4,4,5,7,11,7,3,0,0,1,10,30
62,2,2,7,3,0,0,3,0,0,0,4,11,0,0,6,12,335,1,3,2,3,3,5,6,10,6,2,0,0,2,10,15
67,1,1,3,4,0,0,3,0,0,0,7,8,0,0,6,12,335,1,1,0,1,1,5,7,9,7,2,0,0,2,9,45
26,0,0,7,3,0,0,3,0,0,0,1,14,0,0,6,12,335,0,1,1,1,1,4,6,8,7,3,0,0,2,10,15
-10,0,0,9,3,0,0,2,0,0,0,27,3,0,0,6,12,335,0,1,1,1,1,3,5,7,6,3,0,0,1,10,30
-15,0,0,5,2,0,0,2,0,0,0,27,3,0,0,6,12,335,0,1,1,1,1,2,4,6,5,3,0,0,2,10,0
4,0,0,1,1,0,0,2,0,0,0,15,15,0,0,6,12,335,0,1,1,1,1,2,5,5,4,3,0,0,2,9,30
-1,0,0,0,1,0,0,2,0,0,0,0,14,0,1,6,12,335,0,0,0,0,0,4,4,4,4,2,0,0,2,9,0
34,0,0,3,0,0,0,2,0,0,0,0,18,0,0,6,12,335,0,0,0,0,0,3,3,3,3,2,0,0,2,9,45
16,0,0,1,0,0,0,1,0,0,0,0,33,0,0,6,12,335,0,0,0,0,0,2,2,2,2,1,0,0,2,9,30
-2,0,0,5,0,0,0,0,0,0,0,0,39,0,0,6,12,335,0,0,0,0,0,1,1,1,1,0,0,0,2,10,0
49,29,1,42,2,0,1,0,0,0,0,10,20,0,0,5,11,334,0,42,4,5,10,3,6,9,4,1,6,3,1,17,0
-26,29,3,44,3,0,3,0,0,0,0,19,11,0,0,5,11,334,3,38,1,2,8,3,5,9,4,1,5,2,1,17,30
-34,29,3,45,3,0,2,0,0,0,0,10,20,1,0,5,11,334,3,38,1,4,9,4,4,8,3,1,4,1,1,18,0
41,28,3,40,2,0,2,0,0,0,0,7,8,0,0,5,11,334,1,38,2,5,10,3,3,7,4,1,4,0,2,16,30
13,28,3,42,1,0,2,1,0,0,0,0,15,0,0,5,11,334,2,37,1,4,9,2,5,9,3,0,4,1,1,17,0
34,28,3,38,1,0,1,1,0,0,0,12,3,0,0,5,11,334,1,37,3,5,9,1,4,8,3,0,4,1,1,16,0
-3,25,3,39,4,0,0,2,0,0,0,5,10,0,0,5,11,334,2,33,3,5,10,4,4,12,5,1,4,1,2,16,15
36,25,3,35,4,0,0,1,0,0,0,3,12,0,0,5,11,334,2,33,3,5,10,3,4,11,4,1,4,1,1,15,30
7,25,3,37,3,0,0,1,0,0,0,1,14,0,0,5,11,334,2,33,3,5,10,2,4,10,3,1,3,1,1,15,45
-2,24,2,40,2,0,0,3,0,0,0,13,2,0,0,5,11,334,1,31,3,3,10,1,5,9,5,1,3,1,2,16,30
-1,22,2,32,5,0,0,2,0,0,0,3,12,0,0,5,11,334,1,28,1,5,11,5,8,13,7,1,3,1,2,15,15
12,22,2,30,4,0,0,2,0,0,0,2,13,0,0,5,11,334,1,28,2,5,11,4,7,13,6,1,3,1,3,15,0
3,22,4,35,3,0,0,2,0,0,0,0,15,0,0,5,11,334,1,28,2,5,11,3,6,12,5,1,3,1,1,15,30
18,22,4,27,2,0,0,2,0,0,0,36,9,0,0,5,11,334,0,28,2,6,13,3,5,11,5,1,2,1,1,14,15
-16,22,5,32,2,0,0,1,0,0,0,28,17,0,0,5,11,334,0,28,4,7,14,3,4,10,4,1,2,0,2,15,15
-16,21,5,30,2,0,1,1,0,0,0,8,37,0,0,5,11,334,1,26,4,7,15,3,6,10,4,2,2,1,3,15,0
10,20,5,29,2,0,1,0,0,0,0,4,41,0,0,5,11,334,0,26,5,7,15,2,5,9,4,3,2,1,2,14,45
-15,20,5,28,3,0,1,0,0,0,0,10,5,0,0,5,11,334,1,24,3,6,14,2,5,9,4,4,2,2,1,14,30
-3,17,6,26,4,0,2,0,0,0,0,27,3,0,0,5,11,334,1,21,3,7,14,4,6,14,6,4,2,2,1,13,30
36,17,6,22,4,0,2,0,0,0,0,23,7,0,0,5,11,334,2,20,2,7,14,3,5,14,5,3,2,2,1,13,0
39,16,6,22,4,0,1,0,0,0,0,17,13,0,0,5,11,334,1,20,3,9,15,4,5,15,5,2,1,2,1,13,0
61,15,6,19,4,0,1,0,0,0,0,14,1,0,0,5,11,334,1,19,4,9,16,3,5,16,5,2,0,1,2,12,15
1,15,6,25,4,0,1,0,0,0,0,8,7,0,0,5,11,334,1,18,5,8,15,2,4,15,5,3,0,0,1,13,15
34,15,6,20,5,0,0,0,0,0,0,2,13,0,0,5,11,334,2,17,5,9,14,2,6,14,4,3,0,0,3,12,30
16,10,4,17,8,0,1,0,0,0,0,3,12,0,0,5,11,334,1,12,4,7,10,5,11,16,9,3,0,0,1,12,0
18,9,5,20,8,0,1,1,0,0,0,2,13,0,0,5,11,334,1,10,3,7,8,6,11,15,10,2,0,0,3,12,30
21,9,6,13,7,0,1,1,0,0,0,6,9,0,0,5,11,334,0,10,4,7,9,9,11,15,10,2,0,0,2,11,30
19,9,6,15,7,0,1,2,0,0,0,5,10,0,0,5,11,334,2,8,2,5,7,8,10,14,9,2,0,0,2,11,45
30,9,6,15,6,0,1,2,0,0,0,4,11,0,0,5,11,334,2,8,2,5,7,7,9,13,8,2,0,0,2,11,45
-7,9,6,17,5,0,1,2,0,0,0,13,2,0,0,5,11,334,2,8,3,6,7,6,9,13,7,2,0,0,1,12,0
-166,8,6,32,5,0,1,2,0,0,0,5,10,0,0,5,11,334,2,7,3,5,7,6,8,14,7,2,0,0,2,15,15
44,7,5,11,5,0,0,2,0,0,0,0,15,0,0,5,11,334,1,7,4,5,7,6,8,13,7,2,0,0,2,11,15
-8,7,5,13,4,0,0,2,1,0,0,9,6,0,0,5,11,334,2,6,3,4,6,5,8,12,6,2,0,0,2,11,30
64,7,5,7,4,0,0,1,1,0,0,8,7,0,0,5,11,334,2,6,3,4,6,4,7,11,5,2,0,0,2,10,30
26,7,5,8,4,0,0,0,1,0,0,7,8,0,0,5,11,334,2,6,3,4,6,3,6,10,4,2,0,0,1,10,45
97,5,3,10,4,0,0,0,1,0,0,8,7,0,0,5,11,334,1,5,3,3,5,3,5,10,5,3,0,0,2,11,0
-81,4,2,22,5,0,0,0,1,0,0,0,15,0,0,5,11,334,2,3,1,1,3,3,4,9,5,2,0,0,1,13,0
47,3,2,5,5,0,0,0,1,0,0,0,15,0,0,5,11,334,1,2,0,1,2,3,4,9,6,4,0,0,1,10,15
55,2,1,2,5,0,0,0,0,0,0,4,11,0,0,5,11,334,0,2,0,2,2,2,6,8,6,3,0,0,1,9,45
36,2,2,4,4,0,0,0,0,0,0,14,1,0,0,5,11,334,0,2,0,2,2,2,5,7,5,2,0,0,2,10,0
5,2,2,8,3,0,0,0,0,0,0,14,16,0,0,5,11,334,0,2,2,2,2,4,5,6,4,2,0,0,1,10,45
24,1,1,2,2,0,0,0,0,0,1,14,1,0,0,5,11,334,0,1,1,1,1,4,5,5,4,3,0,0,1,9,45
4,1,1,1,2,0,0,0,0,0,0,12,3,0,0,5,11,334,0,1,1,1,1,3,4,4,3,3,0,0,2,9,15
11,1,1,5,1,0,0,0,0,0,0,10,5,0,0,5,11,334,0,1,1,1,1,2,3,3,2,2,0,0,1,10,15
1,0,0,0,1,0,0,0,0,0,0,0,8,0,1,5,11,334,0,0,0,0,0,1,2,2,2,2,0,0,1,9,0
-56,0,0,11,0,0,0,0,0,0,0,0,39,0,0,5,11,334,0,0,0,0,0,1,1,1,1,1,0,0,2,11,15
23,35,4,52,2,0,0,0,0,0,0,1,29,0,0,4,11,333,1,53,1,6,12,2,4,8,2,0,7,1,2,17,30
25,34,5,51,1,0,1,0,0,0,0,5,10,0,0,4,11,333,0,52,4,7,13,3,5,9,3,2,7,1,1,17,15
-39,34,6,53,1,0,0,2,0,0,0,7,8,0,0,4,11,333,2,50,3,7,13,3,4,9,2,2,6,1,1,18,0
20,33,5,46,1,0,0,1,0,0,0,5,10,0,0,4,11,333,1,50,4,7,13,2,3,8,2,2,6,0,1,16,30
19,30,3,46,3,0,0,1,0,0,0,8,7,0,0,4,11,333,1,47,4,7,13,2,5,10,4,1,6,1,1,16,30
23,29,4,44,4,0,0,1,0,0,0,8,7,0,0,4,11,333,2,45,4,5,13,3,5,12,4,1,6,1,2,16,15
25,28,3,48,4,0,1,1,0,0,0,3,12,0,0,4,11,333,0,43,3,6,14,3,5,11,7,1,6,1,2,16,45
11,28,3,44,4,0,1,1,0,0,0,13,2,0,0,4,11,333,1,42,2,6,14,3,4,10,6,0,6,1,2,16,15
-128,27,2,55,5,0,1,1,0,0,0,13,2,1,0,4,11,333,2,40,3,5,14,2,6,12,6,0,5,2,1,18,15
24,26,1,39,4,0,1,1,0,0,0,2,13,0,0,4,11,333,1,40,3,8,16,2,6,12,6,0,5,2,2,15,30
68,25,1,37,7,0,1,0,0,0,0,11,4,0,0,4,11,333,2,37,3,7,15,4,7,13,7,1,5,3,1,15,15
-11,25,3,42,7,0,0,1,0,0,0,13,2,0,0,4,11,333,1,36,4,8,16,5,6,12,8,1,4,3,2,16,0
-33,25,3,37,8,0,0,0,0,0,0,8,7,0,0,4,11,333,1,35,3,7,15,5,6,11,8,1,4,2,1,15,15
36,25,5,35,7,0,0,0,0,0,0,13,2,0,0,4,11,333,1,35,5,8,16,4,7,10,7,1,4,3,2,15,0
-79,25,6,40,7,0,1,0,0,0,0,4,11,0,0,4,11,333,1,33,3,9,17,3,6,10,8,2,3,3,2,15,45
-43,25,6,40,6,0,1,1,0,0,0,1,14,0,0,4,11,333,2,32,4,8,16,2,7,11,7,2,3,3,2,15,45
-114,25,6,53,5,0,1,1,0,0,0,39,6,0,0,4,11,333,1,32,4,8,16,1,6,10,7,2,2,3,1,18,0
54,22,5,31,7,0,1,2,0,0,0,9,36,0,0,4,11,333,2,28,4,8,15,5,6,14,9,3,2,2,2,14,15
52,21,6,32,7,0,1,2,0,0,0,2,43,0,0,4,11,333,2,27,5,7,15,5,5,15,9,3,2,2,1,14,30
-169,20,5,49,7,0,0,2,0,0,0,15,45,0,0,4,11,333,1,27,5,8,15,4,4,14,9,3,1,2,1,17,0
-2,19,5,34,9,0,0,2,0,0,0,2,13,0,0,4,11,333,2,24,4,8,12,3,5,17,10,4,0,1,2,14,45
-13,19,5,35,8,0,0,2,0,0,0,1,14,0,0,4,11,333,2,24,4,8,12,2,5,16,9,4,0,0,2,15,0
-11,19,6,32,7,0,0,2,0,0,0,8,7,0,0,4,11,333,1,24,4,8,13,1,4,16,9,4,0,0,1,14,30
36,15,6,29,9,0,1,1,2,0,0,8,7,0,0,4,11,333,1,18,4,7,11,7,11,17,13,6,0,0,1,13,15
68,14,5,24,11,0,1,1,2,0,0,3,12,0,0,4,11,333,3,16,2,4,9,6,12,16,13,5,0,0,1,12,30
-19,14,5,30,10,0,1,1,2,0,0,2,13,0,0,4,11,333,3,16,2,4,9,5,12,15,12,4,0,0,1,13,30
62,12,5,27,10,0,1,0,2,0,0,3,12,0,0,4,11,333,1,16,4,6,12,6,12,16,13,6,0,0,1,13,0
-215,12,5,49,9,0,1,0,2,0,0,3,12,0,0,4,11,333,1,16,4,6,12,5,11,15,12,6,0,0,1,17,0
49,12,5,27,8,0,1,1,2,0,0,14,1,0,0,4,11,333,2,15,3,6,12,5,10,15,11,5,0,0,1,13,0
20,12,5,24,7,0,1,1,2,0,0,11,4,0,0,4,11,333,2,15,3,6,12,4,9,16,10,5,0,0,1,12,30
58,11,6,20,7,0,1,2,1,0,0,14,1,0,0,4,11,333,2,14,2,5,12,7,9,17,10,5,0,0,2,12,0
36,9,4,19,8,0,1,2,1,0,0,4,11,0,0,4,11,333,2,12,2,3,10,7,8,17,11,5,0,0,2,11,45
35,9,4,26,7,0,1,2,1,0,0,2,13,0,0,4,11,333,2,12,2,3,10,6,7,16,10,5,0,0,2,12,45
35,9,4,20,7,0,0,2,1,0,0,10,5,0,0,4,11,333,2,12,3,4,10,5,7,18,9,5,0,0,2,12,0
23,9,4,22,6,0,0,2,1,0,0,8,7,0,0,4,11,333,2,12,3,4,10,5,6,17,8,4,0,0,2,12,15
41,9,4,17,5,0,0,2,1,0,0,5,10,0,0,4,11,333,2,12,3,5,11,4,5,16,7,3,0,0,1,11,30
76,9,4,22,4,0,0,2,1,0,0,3,12,0,0,4,11,333,2,12,3,5,11,3,4,15,6,2,0,0,2,12,15
63,8,5,14,5,0,0,2,0,0,0,9,6,0,0,4,11,333,1,11,2,6,10,2,4,14,7,4,0,0,1,11,0
-176,7,5,42,5,0,0,2,1,0,0,9,6,0,0,4,11,333,2,9,1,6,9,2,8,14,7,3,0,0,2,16,0
27,5,5,16,5,0,0,1,1,0,0,1,14,0,0,4,11,333,0,9,5,7,9,3,9,13,8,4,0,0,2,11,15
52,3,3,14,5,0,1,2,1,0,1,13,2,0,0,4,11,333,2,5,3,4,5,7,11,12,9,4,0,0,1,11,0
6,3,3,13,4,0,1,2,1,0,1,8,7,0,0,4,11,333,2,5,3,4,5,7,10,12,8,4,0,0,2,10,45
44,2,2,7,5,0,1,2,0,0,1,0,15,0,0,4,11,333,2,4,2,4,4,6,9,13,8,5,0,0,2,10,0
-16,2,2,17,4,0,2,2,0,0,1,13,2,0,0,4,11,333,2,3,1,3,3,6,9,12,8,4,0,0,1,11,30
71,2,2,11,4,0,2,1,0,0,1,12,3,0,0,4,11,333,2,3,1,3,3,5,8,11,7,3,0,0,1,10,30
33,2,2,5,4,0,2,0,0,0,1,10,5,0,0,4,11,333,2,3,1,3,3,6,7,10,6,3,0,0,2,9,45
57,1,1,9,3,0,2,0,0,0,1,3,12,0,0,4,11,333,1,3,2,3,3,5,6,10,6,2,0,0,2,10,15
46,0,0,2,3,0,2,1,0,0,0,10,5,0,0,4,11,333,1,2,1,2,2,4,5,9,6,1,0,0,2,9,30
15,0,0,2,3,0,1,1,0,0,0,14,1,0,0,4,11,333,1,2,2,2,2,4,4,8,5,1,0,0,2,9,30
-31,0,0,11,3,0,0,1,0,0,0,11,4,0,0,4,11,333,1,2,2,2,2,3,3,7,4,1,0,0,1,10,30
48,0,0,9,2,0,0,1,0,0,0,11,4,0,0,4,11,333,1,2,2,2,2,2,2,6,3,1,0,0,2,10,15
5,0,0,7,2,0,1,1,0,0,0,0,1,0,0,4,11,333,2,0,0,0,0,1,4,5,3,2,0,0,2,10,0
-17,0,0,1,2,0,0,1,0,0,0,0,50,0,0,4,11,333,0,0,0,0,0,4,4,4,4,1,0,0,3,9,15
-6,0,0,0,1,0,0,1,0,0,0,0,52,0,1,4,11,333,0,0,0,0,0,3,3,3,3,1,0,0,1,9,0
4,0,0,5,0,0,0,1,0,0,0,0,54,0,0,4,11,333,0,0,0,0,0,2,2,2,2,1,0,0,2,9,45
-7,0,0,2,0,0,0,0,0,0,0,0,70,0,0,4,11,333,0,0,0,0,0,1,1,1,1,1,0,0,2,9,30
9,30,6,49,4,0,0,0,0,0,0,0,15,1,0,3,11,332,2,45,3,6,14,1,5,10,3,1,10,1,1,17,30
-2,26,5,46,5,0,0,1,0,0,0,13,2,0,0,3,11,332,0,42,4,8,12,4,4,16,7,4,10,1,1,17,0
12,26,5,48,4,0,0,1,0,0,1,10,5,0,0,3,11,332,1,41,3,7,11,3,3,15,6,3,10,1,1,17,15
40,26,5,44,3,0,0,1,1,0,1,8,7,0,0,3,11,332,2,40,3,7,10,2,2,14,5,2,9,1,2,16,45
3,25,6,42,3,0,0,1,1,0,0,5,10,0,0,3,11,332,1,40,5,9,11,1,2,14,5,2,9,0,2,16,30
61,19,2,36,8,0,1,2,1,0,0,12,3,0,0,3,11,332,1,32,2,3,9,8,13,15,12,7,9,2,3,15,45
32,18,1,41,8,0,1,2,1,0,0,4,11,0,0,3,11,332,1,31,1,2,8,10,12,16,12,6,9,2,2,16,15
27,18,1,34,7,0,1,2,0,0,0,2,13,0,0,3,11,332,1,31,1,2,8,9,11,16,11,5,9,2,2,15,30
16,18,1,38,7,0,1,2,0,0,0,2,13,0,0,3,11,332,1,31,1,2,8,9,11,16,11,5,9,2,1,16,0
69,18,1,38,6,0,1,2,0,0,0,2,13,0,0,3,11,332,1,31,1,2,8,7,9,14,9,3,8,2,1,16,0
17,18,1,36,5,0,1,2,0,0,0,14,1,0,0,3,11,332,1,31,1,3,9,7,8,13,8,3,8,1,3,15,45
19,17,1,32,4,0,1,2,0,0,0,11,4,0,0,3,11,332,0,31,1,4,9,6,7,12,8,2,8,1,2,15,15
9,17,1,46,3,0,2,2,0,0,0,9,6,0,0,3,11,332,1,30,0,3,8,5,6,11,7,1,8,1,1,17,0
17,17,1,34,2,0,2,2,0,0,0,9,6,0,0,3,11,332,0,30,1,4,11,5,6,11,7,2,8,2,2,15,30
19,17,1,32,1,0,2,2,0,0,0,6,9,0,0,3,11,332,0,30,1,5,11,4,5,10,6,2,8,2,2,15,15
20,17,1,30,1,0,1,2,0,0,0,6,9,0,0,3,11,332,0,30,1,5,11,3,4,9,5,2,7,2,2,15,0
-6,17,1,30,1,0,0,2,0,0,0,14,1,0,0,3,11,332,0,30,2,5,11,2,3,8,4,2,7,1,2,15,0
-25,17,3,42,0,0,0,2,0,0,0,13,2,0,0,3,11,332,0,30,4,5,13,2,3,9,3,1,7,2,2,16,30
-55,16,5,44,0,0,1,2,0,0,1,19,11,0,0,3,11,332,1,27,2,6,12,1,5,11,4,3,6,4,2,16,45
26,14,4,25,1,0,1,3,0,0,0,2,13,0,0,3,11,332,0,25,4,8,13,4,7,14,6,3,5,4,1,13,45
-41,14,6,28,3,0,1,2,0,0,0,9,6,0,0,3,11,332,2,23,4,7,13,4,7,13,5,2,5,3,2,14,45
-120,13,5,38,3,0,0,2,0,0,0,6,9,0,0,3,11,332,1,23,4,8,13,3,6,13,5,2,4,3,1,16,0
26,13,5,28,3,0,0,1,0,0,0,3,12,0,0,3,11,332,1,23,4,8,13,2,5,12,4,2,3,2,2,14,45
22,11,3,22,6,0,0,1,0,0,0,11,4,0,0,3,11,332,2,19,3,4,12,4,8,13,6,4,2,2,1,13,0
-93,10,2,27,5,0,0,2,1,0,0,6,9,0,0,3,11,332,2,17,2,5,11,5,9,12,7,3,2,1,2,14,30
20,10,2,23,5,0,0,1,1,0,0,5,10,0,0,3,11,332,2,17,2,5,11,4,8,11,6,3,2,1,1,13,15
22,9,2,20,4,0,0,1,1,0,0,13,2,0,0,3,11,332,1,17,2,6,13,4,7,11,6,4,2,1,1,12,45
16,8,3,18,4,0,0,2,1,0,0,2,13,0,0,3,11,332,2,15,3,5,11,5,7,10,6,3,1,1,2,12,30
3,8,3,24,3,0,0,2,1,0,0,0,15,0,0,3,11,332,2,15,3,6,11,4,6,9,5,3,1,0,1,13,30
27,8,3,14,3,0,0,2,0,0,0,0,15,0,0,3,11,332,0,15,4,8,12,4,7,12,6,3,1,1,2,12,0
-2,8,3,16,2,0,0,2,0,0,0,12,3,0,0,3,11,332,0,15,4,8,12,3,6,11,5,3,1,1,2,12,15
-87,8,3,26,3,0,0,3,0,0,0,4,11,0,0,3,11,332,3,12,2,5,9,3,5,11,4,3,1,1,1,14,15
44,8,4,18,2,0,0,3,0,0,0,10,5,0,0,3,11,332,2,12,3,6,10,3,4,11,4,3,1,1,2,12,30
-37,6,3,20,4,0,0,2,0,0,0,8,7,0,0,3,11,332,2,10,3,6,8,3,4,11,5,2,1,1,1,12,45
13,5,3,16,5,0,0,1,0,0,0,12,3,0,0,3,11,332,2,9,3,5,8,2,5,11,5,2,1,1,2,12,15
-12,5,3,14,5,0,0,1,0,0,0,9,6,0,0,3,11,332,2,8,2,5,7,1,5,11,5,1,0,1,2,12,0
-7,3,2,11,7,0,0,1,1,0,0,3,12,0,0,3,11,332,2,4,1,2,4,5,7,11,8,3,0,0,1,11,15
-18,2,1,12,6,0,0,1,1,0,0,14,1,0,0,3,11,332,1,4,2,3,4,6,8,12,8,2,0,0,1,11,30
60,2,1,7,5,0,0,1,1,0,0,13,2,0,0,3,11,332,1,4,2,3,4,5,7,11,7,2,0,0,1,10,30
50,2,2,7,4,0,1,1,1,0,0,9,6,0,0,3,11,332,2,3,1,2,3,4,7,11,6,2,0,0,1,10,30
27,2,2,10,4,0,1,0,1,0,0,6,9,0,0,3,11,332,2,3,1,3,3,3,6,10,5,1,0,0,1,11,0
-9,2,2,5,4,0,0,0,1,0,0,7,8,0,0,3,11,332,1,3,1,3,3,4,5,9,5,2,0,0,2,10,15
21,1,1,5,4,0,0,0,1,0,0,0,15,0,0,3,11,332,1,2,1,2,2,3,5,8,5,2,0,0,2,10,15
-46,1,1,13,3,0,0,0,1,0,0,0,15,0,0,3,11,332,0,2,2,2,2,3,4,7,5,2,0,0,2,11,45
33,1,1,3,2,0,0,0,1,0,0,8,7,0,0,3,11,332,0,2,2,2,2,2,4,6,4,2,0,0,1,9,45
3,0,0,9,2,0,0,0,1,0,0,9,6,0,0,3,11,332,0,1,1,1,1,2,5,5,4,2,0,0,1,10,45
12,0,0,0,2,0,0,0,1,0,0,0,13,0,1,3,11,332,0,0,0,0,0,3,4,4,4,2,0,0,1,9,0
-24,0,0,1,1,0,0,0,1,0,0,0,32,0,0,3,11,332,0,0,0,0,0,3,3,3,3,2,0,0,1,9,15
18,0,0,2,1,0,0,0,0,0,0,0,42,0,0,3,11,332,0,0,0,0,0,2,2,2,2,1,0,0,1,9,30
-28,0,0,4,0,0,0,0,0,0,0,0,50,0,0,3,11,332,0,0,0,0,0,1,1,1,1,0,0,0,2,10,0
31,37,4,46,2,0,0,1,1,0,0,11,4,0,0,2,11,331,1,43,3,6,11,1,1,7,4,1,7,0,1,17,15
20,32,4,45,5,0,2,2,1,0,1,13,2,0,0,2,11,331,2,35,2,4,10,3,7,13,10,2,7,3,1,17,0
49,31,4,39,5,0,2,3,1,0,1,9,6,0,0,2,11,331,2,33,1,3,10,6,10,13,11,3,6,4,2,15,45
21,30,3,44,4,0,2,3,1,0,1,3,12,0,0,2,11,331,1,33,1,6,10,5,9,14,11,3,5,3,1,16,45
-17,30,5,43,4,0,2,3,1,0,0,7,8,0,0,2,11,331,1,33,3,6,12,6,10,14,10,2,5,3,1,16,30
39,30,5,41,4,0,2,2,1,0,0,6,9,0,0,2,11,331,1,33,3,6,12,5,9,13,9,1,5,3,1,16,15
-72,30,5,47,4,0,1,2,1,0,0,5,10,1,0,2,11,331,1,33,3,7,12,4,8,12,8,1,4,3,1,17,30
163,29,5,35,5,0,1,2,0,0,0,25,5,0,0,2,11,331,1,32,2,6,11,5,7,12,8,1,4,2,2,15,0
17,28,5,38,5,0,1,2,0,0,0,12,18,0,0,2,11,331,1,31,4,6,11,5,6,11,8,1,4,2,2,15,30
53,28,6,36,6,0,0,2,0,0,0,8,22,0,0,2,11,331,2,30,3,5,11,5,5,10,7,1,4,2,1,15,15
86,27,6,30,6,0,0,1,0,0,0,11,4,0,0,2,11,331,1,30,4,6,11,4,5,11,7,2,3,2,1,14,0
51,27,6,33,5,0,0,1,0,0,0,11,4,0,0,2,11,331,1,30,4,6,11,3,4,10,6,1,3,1,1,14,30
5,26,5,33,6,0,0,2,0,0,0,12,3,0,0,2,11,331,2,27,2,4,10,2,6,11,7,1,2,1,1,14,30
50,25,5,36,5,0,0,2,0,0,0,9,6,0,0,2,11,331,1,27,2,5,10,1,5,10,7,0,2,0,1,15,15
39,22,5,32,4,0,1,3,0,0,0,18,27,0,0,2,11,331,0,25,4,6,12,5,7,11,9,0,2,1,2,14,15
-12,21,5,39,5,0,1,3,0,0,0,7,38,0,0,2,11,331,1,23,3,4,12,4,7,11,9,1,2,1,2,15,45
-111,21,5,41,4,0,1,3,0,0,0,6,39,0,0,2,11,331,1,23,3,4,13,3,6,10,8,1,2,1,1,16,15
62,21,5,30,4,0,1,2,0,0,0,2,43,0,0,2,11,331,1,23,3,5,13,2,5,12,7,1,2,1,1,14,0
62,20,5,27,6,0,0,2,0,0,0,4,11,0,0,2,11,331,2,21,2,4,12,1,6,13,7,2,1,1,1,13,0
67,17,4,26,6,0,1,2,0,0,0,4,11,0,0,2,11,331,1,19,2,6,12,5,6,16,9,4,1,1,2,12,45
32,17,4,24,5,0,1,2,0,0,0,4,11,0,0,2,11,331,1,19,2,6,12,4,5,15,8,4,1,1,1,12,30
26,17,6,27,4,0,1,2,0,0,0,11,4,0,0,2,11,331,1,19,4,8,13,3,4,14,7,3,1,1,1,13,0
57,16,7,29,4,0,1,2,0,0,0,14,1,0,0,2,11,331,1,18,3,9,14,2,8,13,7,2,1,1,2,13,15
120,16,7,22,5,0,1,1,0,0,0,9,6,0,0,2,11,331,2,17,4,8,13,2,8,12,6,2,1,1,2,12,15
84,13,6,22,8,0,1,1,0,0,0,9,6,0,0,2,11,331,2,13,4,6,12,7,10,14,9,5,0,1,2,12,15
17,9,4,24,9,0,1,1,0,0,0,8,7,0,0,2,11,331,0,11,3,5,11,8,10,18,12,7,0,0,1,12,30
-6,9,4,20,9,0,1,1,0,0,0,6,9,0,0,2,11,331,1,10,2,4,10,7,9,17,11,7,0,0,2,12,0
55,9,4,20,8,0,1,1,0,0,0,5,10,0,0,2,11,331,1,10,2,5,10,6,8,16,10,6,0,0,2,12,0
37,9,4,17,7,0,1,1,0,0,0,3,12,0,0,2,11,331,1,10,2,5,10,5,7,15,9,5,0,0,1,11,30
146,9,4,12,6,0,1,1,0,0,0,2,13,0,0,2,11,331,1,10,2,6,10,4,6,14,8,5,0,0,2,10,45
38,9,4,19,7,0,0,1,0,0,0,11,4,0,0,2,11,331,2,9,1,5,9,3,5,13,7,4,0,0,2,11,45
34,8,4,17,6,0,0,1,1,0,0,14,1,0,0,2,11,331,1,8,2,6,8,4,5,13,8,6,0,0,1,11,30
58,8,4,13,5,0,0,1,1,0,0,11,4,0,0,2,11,331,1,8,2,6,8,3,4,12,7,5,0,0,2,11,0
63,7,5,10,4,0,0,1,1,0,0,10,5,0,0,2,11,331,0,8,4,7,8,2,5,13,7,4,0,0,1,10,30
26,7,6,10,4,0,0,2,0,0,0,5,10,0,0,2,11,331,1,7,3,6,7,1,4,12,6,4,0,0,1,10,30
68,4,4,8,6,0,0,2,1,0,0,2,13,0,0,2,11,331,1,3,3,3,3,5,9,13,9,5,0,0,2,10,15
14,2,2,15,7,0,0,1,1,0,0,4,11,0,0,2,11,331,0,2,2,2,2,7,9,12,10,6,0,0,2,11,15
24,2,2,6,6,0,0,2,1,0,0,0,15,0,0,2,11,331,1,1,1,1,1,6,9,11,9,5,0,0,2,10,0
-15,1,1,15,5,0,0,2,1,0,0,3,12,0,0,2,11,331,0,1,1,1,1,6,8,10,9,6,0,0,2,11,15
-10,1,1,8,4,0,0,2,1,0,0,2,13,0,0,2,11,331,0,1,1,1,1,5,7,9,8,5,0,0,2,10,15
68,1,1,6,4,0,0,2,1,0,0,0,15,0,0,2,11,331,1,0,0,0,0,4,6,8,7,5,0,0,2,10,0
24,1,1,13,3,0,0,2,1,0,0,14,1,0,0,2,11,331,1,0,0,0,0,3,5,7,6,4,0,0,2,11,0
18,1,1,4,3,0,0,2,0,0,0,11,4,0,0,2,11,331,1,0,0,0,0,2,4,6,5,4,0,0,2,9,45
34,0,0,1,2,0,0,2,0,0,0,9,6,0,0,2,11,331,0,0,0,0,0,3,4,5,5,4,0,0,2,9,15
62,0,0,2,2,0,0,1,0,0,0,0,5,0,0,2,11,331,0,0,0,0,0,2,4,4,4,3,0,0,2,9,30
6,0,0,4,1,0,0,1,0,0,0,0,13,0,0,2,11,331,0,0,0,0,0,2,3,3,3,3,0,0,2,9,45
19,0,0,0,0,0,0,1,0,0,0,0,37,0,1,2,11,331,0,0,0,0,0,2,2,2,2,2,0,0,1,9,0
7,0,0,2,0,0,0,0,0,0,0,0,53,0,0,2,11,331,0,0,0,0,0,1,1,1,1,1,0,0,2,9,30
61,28,4,35,0,0,1,3,0,0,0,3,12,0,0,6,11,328,2,34,2,3,9,1,3,7,3,2,1,0,1,16,45
-3,26,3,38,1,0,1,3,0,0,0,12,3,1,0,6,11,328,1,32,2,5,8,4,6,8,5,3,1,0,1,17,30
5,26,4,36,1,0,1,3,0,0,0,13,2,0,0,6,11,328,2,31,2,4,8,5,5,7,4,2,1,0,1,17,0
26,24,4,34,0,0,1,3,0,0,0,1,14,0,0,6,11,328,0,31,4,6,8,4,4,6,5,4,1,0,1,16,30
77,24,4,32,1,0,1,2,0,0,0,13,2,0,0,6,11,328,1,30,3,5,7,3,3,5,4,4,1,0,1,16,15
-1,24,4,37,1,0,1,1,0,0,1,6,9,0,0,6,11,328,2,29,2,4,6,2,2,5,3,3,1,0,1,17,15
7,24,4,32,1,0,0,1,0,0,1,5,10,0,0,6,11,328,2,29,2,4,6,1,2,4,2,2,1,0,1,16,15
-11,20,1,31,4,0,0,2,0,0,0,6,9,0,0,6,11,328,1,25,1,2,6,2,3,8,6,3,1,0,2,16,0
71,20,1,28,4,0,0,1,0,0,0,28,2,0,0,6,11,328,1,25,2,2,8,1,3,8,5,2,1,1,1,15,15
35,19,2,30,4,0,1,1,0,0,0,39,6,0,0,6,11,328,0,23,1,4,9,3,6,7,7,1,1,1,1,15,30
-36,19,4,26,4,0,0,1,0,0,0,30,15,0,0,6,11,328,0,23,1,6,10,3,6,7,6,1,0,1,2,15,0
-30,19,4,28,3,0,0,1,0,0,0,28,17,0,0,6,11,328,0,23,1,6,11,2,5,6,5,1,0,0,1,15,15
126,19,6,23,3,0,0,1,0,0,0,6,39,0,0,6,11,328,1,22,3,6,12,3,4,6,4,1,0,0,1,13,30
18,18,6,24,2,0,0,1,0,0,0,12,3,0,0,6,11,328,0,22,5,6,13,3,3,5,4,1,0,0,1,14,15
57,18,6,25,2,0,0,2,0,0,0,4,11,0,0,6,11,328,2,20,3,6,13,2,2,5,3,1,0,0,2,14,30
17,15,5,26,4,0,0,2,0,0,0,2,13,0,0,6,11,328,2,17,1,4,11,1,2,5,5,1,0,0,2,15,0
15,10,6,22,4,0,0,5,0,0,0,5,10,0,0,6,11,328,1,13,3,6,11,2,3,12,9,3,0,0,1,13,15
37,9,6,19,5,0,0,5,0,0,0,9,6,0,0,6,11,328,2,11,2,5,10,1,4,12,9,4,0,0,1,12,30
37,6,4,19,7,0,1,5,0,0,0,4,11,0,0,6,11,328,2,7,1,4,7,3,9,16,12,5,0,0,1,12,30
63,4,3,14,7,0,1,4,0,0,0,3,12,0,0,6,11,328,0,7,3,5,7,5,9,16,13,4,0,0,1,11,30
17,4,4,21,7,0,1,4,0,0,0,28,2,0,0,6,11,328,1,6,3,5,6,4,9,15,12,3,0,0,1,13,0
32,3,3,10,7,0,1,4,1,0,0,18,12,0,0,6,11,328,2,4,1,3,4,6,9,15,12,4,0,0,2,11,0
49,3,3,17,6,0,1,4,1,0,0,8,22,0,0,6,11,328,2,4,2,3,4,6,11,15,11,4,0,0,1,12,0
34,2,2,12,5,0,1,4,1,0,0,4,26,0,0,6,11,328,1,4,2,3,4,5,10,14,11,5,0,0,2,11,15
33,2,2,18,5,0,2,3,1,0,0,6,9,0,0,6,11,328,1,3,2,3,3,6,10,15,11,5,0,0,2,12,15
48,2,2,14,5,0,2,2,1,0,0,5,10,0,0,6,11,328,1,3,2,3,3,5,9,14,10,5,0,0,1,11,30
-24,2,2,16,4,0,2,2,1,0,0,5,10,0,0,6,11,328,1,3,2,3,3,4,8,13,9,4,0,0,1,11,45
39,2,2,8,5,0,1,2,1,0,0,10,5,0,0,6,11,328,2,2,1,2,2,5,7,12,8,4,0,0,2,10,30
61,1,1,10,6,0,1,1,1,0,0,2,13,0,0,6,11,328,2,1,0,1,1,5,7,11,8,5,0,0,2,11,0
62,0,0,12,5,0,1,1,1,0,0,7,8,0,0,6,11,328,0,1,1,1,1,5,6,10,9,4,0,0,2,11,15
113,0,0,4,4,0,1,1,1,0,0,2,13,0,0,6,11,328,0,1,1,1,1,4,6,9,8,4,0,0,2,10,0
58,0,0,6,3,0,1,1,1,0,0,1,14,0,0,6,11,328,0,1,1,1,1,3,5,8,7,4,0,0,2,10,15
-6,0,0,8,3,0,0,1,1,0,0,9,6,0,0,6,11,328,0,1,1,1,1,2,5,7,6,4,0,0,2,10,30
41,0,0,6,3,0,0,0,1,0,1,9,6,0,0,6,11,328,1,0,0,0,0,2,6,6,5,3,0,0,2,10,15
23,0,0,2,2,0,0,0,1,0,1,0,9,0,0,6,11,328,0,0,0,0,0,3,5,5,5,2,0,0,2,9,45
65,0,0,1,1,0,0,0,1,0,1,0,25,0,0,6,11,328,0,0,0,0,0,4,4,4,4,1,0,0,2,9,30
-8,0,0,4,0,0,0,0,1,0,1,0,30,0,0,6,11,328,0,0,0,0,0,3,3,3,3,0,0,0,2,10,0
-22,0,0,2,0,0,0,0,1,0,0,0,43,0,0,6,11,328,0,0,0,0,0,2,2,2,2,0,0,0,2,9,45
46,0,0,0,0,0,0,0,0,0,0,0,45,0,1,6,11,328,0,0,0,0,0,1,1,1,1,0,0,0,1,9,15
75,31,2,41,0,0,0,0,0,0,0,49,56,0,0,4,11,326,0,46,2,3,9,1,1,6,1,0,6,1,2,16,0
68,27,4,35,1,0,0,1,0,0,2,3,12,0,0,4,11,326,0,41,3,8,11,3,5,9,5,2,6,0,2,15,15
-27,27,4,44,1,0,0,1,0,0,1,14,1,0,0,4,11,326,0,41,3,8,12,3,4,9,4,2,6,0,1,16,15
8,27,4,39,2,0,0,1,0,0,0,8,7,0,0,4,11,326,1,40,3,7,11,2,4,8,3,2,6,0,3,15,45
20,25,2,41,3,0,0,1,0,0,0,1,14,0,0,4,11,326,1,38,5,6,12,2,4,10,4,2,6,0,2,16,0
26,25,2,37,2,0,0,2,0,0,0,4,11,0,0,4,11,326,1,37,4,6,13,2,4,10,4,1,6,0,2,15,30
30,23,1,33,4,0,1,2,0,0,0,9,6,0,0,4,11,326,1,33,1,4,12,2,5,9,7,3,6,0,2,15,0
8,23,3,35,4,0,1,1,0,0,0,8,7,0,0,4,11,326,0,33,2,5,13,3,6,11,7,4,6,1,2,15,15
-68,23,3,44,3,0,1,2,0,0,1,35,10,0,0,4,11,326,1,31,3,7,13,3,6,12,7,4,6,1,1,16,15
-2,23,3,28,3,0,1,2,0,0,0,27,18,0,0,4,11,326,1,31,3,7,14,4,6,12,6,4,6,2,1,14,15
8,23,4,30,3,0,1,3,0,0,0,15,30,0,0,4,11,326,2,29,3,7,14,4,5,13,6,3,6,2,2,14,45
-47,22,4,39,4,0,1,2,0,0,0,4,41,0,0,4,11,326,2,28,4,7,13,4,4,14,6,4,5,2,3,15,45
-28,22,4,33,3,0,1,2,0,0,0,3,42,0,0,4,11,326,2,28,4,7,14,3,3,13,5,3,5,1,2,15,0
81,20,4,27,2,0,2,3,0,0,0,1,14,0,0,4,11,326,1,26,3,6,13,2,6,13,7,3,5,2,1,13,30
-4,20,4,30,4,0,1,3,0,0,0,4,11,0,0,4,11,326,2,24,3,6,12,1,7,13,7,2,4,3,2,14,45
-74,18,6,29,5,0,2,3,0,0,0,2,13,0,0,4,11,326,1,21,3,7,13,6,10,17,10,2,4,2,3,14,30
26,17,5,22,4,0,2,3,0,0,0,10,5,0,0,4,11,326,0,21,5,8,13,5,10,17,10,2,4,3,1,12,30
-317,17,5,46,5,0,1,3,0,0,0,9,6,1,0,4,11,326,1,20,4,7,12,4,9,16,9,2,3,3,1,18,0
25,16,4,26,4,0,1,3,0,0,0,5,10,0,0,4,11,326,0,20,5,7,12,3,8,16,9,2,3,2,1,13,15
-134,16,5,41,5,0,1,2,0,0,0,12,3,0,0,4,11,326,1,19,4,7,13,4,7,17,8,1,2,2,2,16,0
26,16,5,20,5,0,1,2,0,0,0,5,10,0,0,4,11,326,2,18,3,6,13,5,7,16,7,1,2,1,2,12,15
54,14,6,22,6,0,1,2,1,0,0,5,10,0,0,4,11,326,2,15,2,5,11,5,8,16,9,2,2,1,1,12,30
11,14,6,20,6,0,0,2,1,0,0,4,11,0,0,4,11,326,2,15,2,5,11,4,7,15,8,2,2,1,2,12,15
42,13,6,24,5,0,0,2,1,0,0,11,4,0,0,4,11,326,1,15,3,7,12,3,7,15,8,3,2,1,1,12,45
21,13,6,19,4,0,0,2,1,0,0,8,7,0,0,4,11,326,1,15,3,7,12,3,6,15,7,2,2,1,2,12,0
-133,12,6,37,4,0,0,1,2,0,0,0,15,0,0,4,11,326,1,14,3,6,12,4,8,14,7,3,1,1,2,15,30
4,11,5,17,4,0,0,2,2,0,0,9,6,0,0,4,11,326,2,12,4,6,12,4,10,15,7,4,1,1,1,11,45
-10,10,4,25,3,0,0,2,2,0,0,3,12,0,0,4,11,326,1,12,4,7,12,4,9,15,7,3,1,1,1,13,0
34,10,4,15,2,0,0,2,2,0,0,1,14,0,0,4,11,326,1,12,4,7,12,4,8,14,6,3,1,1,2,11,30
5,7,3,15,3,0,0,4,1,0,0,0,15,0,0,4,11,326,1,9,3,6,9,6,8,16,8,4,1,1,2,11,30
54,7,3,6,4,0,0,3,1,0,0,6,9,0,0,4,11,326,2,8,3,5,8,6,9,16,7,3,1,1,2,10,0
17,6,3,17,3,0,0,3,1,0,0,2,13,0,0,4,11,326,1,8,3,6,8,5,8,15,7,3,1,1,1,11,45
4,6,4,10,3,0,0,2,1,0,0,0,15,0,0,4,11,326,1,8,3,6,8,4,7,14,6,2,1,1,1,10,30
-173,6,4,30,3,0,0,1,1,0,0,7,8,0,0,4,11,326,0,8,4,8,8,4,8,13,6,3,0,1,2,14,45
19,6,4,12,3,0,0,1,1,0,0,3,12,0,0,4,11,326,1,7,3,7,7,3,7,12,5,3,0,0,1,10,45
3,6,6,14,4,0,0,1,0,0,0,13,2,0,0,4,11,326,2,6,3,6,6,3,6,11,4,3,0,0,2,11,15
47,6,6,6,5,0,0,1,0,0,0,9,6,0,0,4,11,326,2,4,3,4,4,5,9,11,5,4,0,0,2,10,0
-7,4,4,8,5,0,0,1,0,0,0,13,2,0,0,4,11,326,1,3,3,3,3,4,9,10,6,5,0,0,2,10,15
38,4,4,8,4,0,0,1,0,0,0,8,7,0,0,4,11,326,1,3,3,3,3,3,8,9,5,4,0,0,2,10,15
-28,2,2,10,3,0,0,2,0,0,0,13,2,0,0,4,11,326,0,2,2,2,2,3,7,8,6,6,0,0,1,10,30
-31,2,2,13,2,0,0,2,0,0,0,13,2,0,0,4,11,326,0,2,2,2,2,2,6,7,5,5,0,0,1,11,0
7,0,0,4,2,0,0,2,0,0,1,7,8,0,0,4,11,326,0,0,0,0,0,5,6,6,6,4,0,0,2,9,45
16,0,0,0,1,0,0,2,0,0,1,0,3,0,1,4,11,326,0,0,0,0,0,4,5,5,5,3,0,0,1,9,0
1,0,0,1,1,0,0,2,0,0,0,0,3,0,0,4,11,326,0,0,0,0,0,3,4,4,4,3,0,0,2,9,15
2,0,0,2,1,0,0,1,0,0,0,0,5,0,0,4,11,326,0,0,0,0,0,2,3,3,3,3,0,0,2,9,30
2,0,0,4,1,0,0,0,0,0,0,0,16,0,0,4,11,326,0,0,0,0,0,1,2,2,2,2,0,0,2,9,45
0,0,0,2,0,0,0,0,0,0,0,0,51,0,0,4,11,326,0,0,0,0,0,1,1,1,1,1,0,0,2,9,30
27,34,6,41,3,0,0,0,0,0,1,13,2,0,0,3,11,325,1,40,4,8,14,3,5,12,4,2,7,2,1,16,45
-16,32,6,43,4,0,0,0,1,0,0,27,3,0,0,3,11,325,1,38,4,8,12,2,6,14,5,1,7,2,1,17,0
-17,32,6,44,4,0,0,0,1,0,0,21,9,1,0,3,11,325,1,37,3,8,13,2,5,14,5,2,6,2,1,17,30
10,29,4,38,6,0,0,0,1,0,0,9,6,0,0,3,11,325,1,34,5,7,11,4,6,15,7,4,5,1,1,16,0
10,29,5,41,6,0,0,0,1,0,0,4,11,0,0,3,11,325,2,33,4,6,10,4,5,14,6,3,5,0,1,16,45
38,28,4,38,5,0,1,0,1,0,0,11,4,0,0,3,11,325,2,32,3,6,9,4,8,13,6,2,5,1,1,16,0
-8,26,3,40,6,0,1,0,0,0,0,6,9,0,0,3,11,325,1,31,2,5,8,3,7,12,7,3,5,1,2,16,30
38,26,4,34,6,0,1,1,0,0,0,5,10,0,0,3,11,325,2,29,2,5,8,2,9,12,7,3,5,2,2,15,30
26,25,3,32,6,0,0,1,0,0,0,1,14,0,0,3,11,325,0,29,3,5,8,4,8,12,8,2,5,2,2,15,15
3,24,3,36,4,0,0,1,1,0,1,3,12,0,0,3,11,325,1,27,3,4,7,7,9,12,8,3,4,3,2,15,45
22,24,3,32,4,0,0,1,1,0,1,3,12,0,0,3,11,325,1,27,3,4,7,7,9,12,8,3,4,3,2,15,15
19,24,3,30,4,0,0,1,1,0,1,1,14,0,0,3,11,325,2,26,2,3,7,5,7,10,6,2,4,2,2,15,0
74,24,4,29,3,0,0,1,1,0,1,12,3,0,0,3,11,325,2,26,2,3,8,4,6,9,5,2,4,2,2,14,45
-15,23,3,36,2,0,0,1,1,0,1,4,11,0,0,3,11,325,1,26,3,3,9,4,5,9,5,2,3,2,2,15,45
89,23,3,30,1,0,0,1,1,0,1,3,12,0,0,3,11,325,1,26,3,3,9,3,4,8,4,1,3,1,2,15,0
113,22,3,20,2,0,0,1,1,0,1,7,8,0,0,3,11,325,2,24,1,3,8,3,4,8,4,2,3,1,1,12,30
22,22,3,28,2,0,0,1,1,0,0,40,5,0,0,3,11,325,2,24,1,4,11,2,4,7,3,1,3,2,1,14,30
-11,21,2,34,3,0,0,0,1,0,0,28,17,0,0,3,11,325,1,23,1,3,11,1,3,6,4,0,2,2,2,15,30
34,19,2,26,2,0,0,0,1,0,1,9,6,0,0,3,11,325,0,22,2,5,13,2,5,10,5,2,2,1,1,13,30
42,19,4,23,1,0,1,0,1,0,1,1,14,0,0,3,11,325,1,21,2,7,12,2,4,9,4,2,1,1,1,13,0
-1,18,7,25,2,0,0,0,1,0,1,7,8,0,0,3,11,325,0,20,4,8,13,3,4,10,5,2,1,0,1,13,15
24,18,10,23,4,0,0,0,1,0,0,7,8,0,0,3,11,325,2,18,5,8,12,2,4,9,4,1,1,1,1,13,0
-11,17,9,27,4,0,0,0,1,0,0,1,14,0,0,3,11,325,2,17,4,8,12,1,4,9,4,0,1,1,1,14,15
24,11,4,20,5,0,0,2,1,0,1,12,3,0,0,3,11,325,1,12,3,4,10,4,6,12,9,2,1,1,1,12,30
50,11,5,16,5,0,0,2,1,0,1,3,12,0,0,3,11,325,2,11,2,4,9,4,6,13,8,2,0,1,2,11,45
111,8,3,22,6,0,0,2,0,0,1,4,11,0,0,3,11,325,0,9,2,5,9,4,6,12,10,2,0,0,2,12,45
16,8,3,16,6,0,0,2,1,0,0,14,1,0,0,3,11,325,1,9,1,4,8,3,5,11,9,2,0,0,2,11,45
44,8,3,14,5,0,0,2,1,0,0,11,4,0,0,3,11,325,1,9,1,4,9,3,4,10,8,1,0,0,2,11,30
22,7,3,18,5,0,0,2,1,0,0,12,3,0,0,3,11,325,1,8,1,4,8,2,4,11,8,2,0,0,2,12,0
24,7,3,13,4,0,0,2,1,0,0,12,3,0,0,3,11,325,1,8,3,6,8,2,6,10,7,1,0,0,2,11,15
24,5,3,18,6,0,0,2,1,0,0,4,11,0,0,3,11,325,2,5,3,4,5,4,7,12,8,1,0,0,2,12,0
74,5,4,5,7,0,0,2,0,0,0,5,10,0,0,3,11,325,1,4,2,4,4,6,7,14,9,3,0,0,2,10,0
104,4,4,7,8,0,0,1,0,0,0,10,5,0,0,3,11,325,1,3,1,3,3,5,7,13,9,2,0,0,2,10,15
67,4,4,12,9,0,0,0,0,0,0,5,10,0,0,3,11,325,2,2,1,2,2,4,6,12,8,2,0,0,1,11,0
26,4,4,9,8,0,0,0,0,0,0,1,14,0,0,3,11,325,2,2,1,2,2,3,5,11,7,2,0,0,1,10,30
17,4,4,5,7,0,0,0,0,0,0,8,7,0,0,3,11,325,2,2,2,2,2,2,5,10,6,2,0,0,2,10,0
17,4,4,14,6,0,0,0,0,0,0,7,8,0,0,3,11,325,2,2,2,2,2,1,5,9,5,2,0,0,2,11,30
21,1,1,7,7,0,0,0,0,0,0,6,9,0,0,3,11,325,1,0,0,0,0,4,8,8,7,4,0,0,2,10,15
113,0,0,3,6,0,0,0,0,0,0,2,13,0,0,3,11,325,0,0,0,0,0,3,7,7,7,5,0,0,2,9,45
-4,0,0,9,5,0,0,0,0,0,0,0,4,0,0,3,11,325,0,0,0,0,0,4,6,6,6,5,0,0,1,10,30
18,0,0,0,4,0,0,0,0,0,0,0,8,0,1,3,11,325,0,0,0,0,0,5,5,5,5,4,0,0,1,9,0
16,0,0,1,3,0,0,0,0,0,0,0,22,0,0,3,11,325,0,0,0,0,0,4,4,4,4,3,0,0,1,9,15
22,0,0,2,2,0,0,0,0,0,0,0,31,0,0,3,11,325,0,0,0,0,0,3,3,3,3,2,0,0,2,9,30
5,0,0,3,1,0,0,0,0,0,0,0,34,0,0,3,11,325,0,0,0,0,0,2,2,2,2,1,0,0,2,9,45
-24,0,0,11,0,0,0,0,0,0,0,0,37,0,0,3,11,325,0,0,0,0,0,1,1,1,1,1,0,0,1,10,45
76,39,4,51,0,0,0,1,0,0,1,37,8,0,0,2,11,324,0,51,3,5,11,1,2,8,3,1,5,0,1,17,0
42,37,4,52,2,0,0,2,0,0,0,4,41,0,0,2,11,324,1,48,2,5,12,1,3,11,4,3,5,1,1,17,15
58,34,5,46,4,0,0,2,0,0,1,4,11,0,0,2,11,324,2,44,3,6,14,3,9,15,6,3,4,2,2,16,30
72,33,5,45,4,0,0,2,0,0,1,7,8,0,0,2,11,324,2,43,3,6,15,5,9,14,6,3,4,1,3,16,15
67,31,5,49,5,0,0,1,1,0,1,8,7,0,0,2,11,324,1,41,3,7,14,7,11,14,8,3,4,2,1,16,45
10,31,5,46,4,0,0,1,1,0,1,1,14,0,0,2,11,324,1,41,3,7,14,6,10,14,7,3,4,2,2,16,30
117,30,5,36,4,0,0,1,1,0,1,11,4,0,0,2,11,324,1,40,2,6,13,6,10,15,7,3,4,2,1,15,0
52,30,5,42,4,0,0,0,1,0,1,8,7,0,0,2,11,324,1,40,3,8,13,5,9,14,6,2,4,2,1,16,0
15,29,5,42,4,0,0,0,1,0,1,1,14,0,0,2,11,324,1,39,4,7,13,5,8,13,6,3,3,2,1,16,0
-22,29,5,46,3,0,0,0,1,0,1,12,3,0,0,2,11,324,1,39,4,8,13,5,7,13,5,3,3,1,2,16,30
30,29,6,40,3,0,0,0,1,0,1,8,7,0,0,2,11,324,2,38,4,7,13,5,6,12,4,3,3,1,3,15,45
44,29,7,40,2,0,0,0,1,0,1,0,15,0,0,2,11,324,1,38,4,9,14,5,6,13,4,2,3,1,3,15,45
27,27,7,39,3,0,0,0,1,0,1,2,13,0,0,2,11,324,1,36,4,9,13,4,5,12,5,2,3,1,2,15,30
-147,27,8,53,3,0,0,1,1,0,0,14,1,1,0,2,11,324,2,35,3,8,12,3,4,11,4,2,2,1,1,18,0
37,27,8,38,3,0,0,1,0,0,0,11,4,0,0,2,11,324,2,35,4,8,14,2,3,10,3,2,2,0,1,15,15
26,26,7,36,2,0,0,2,0,0,0,0,15,0,0,2,11,324,1,34,5,7,13,2,4,9,4,2,2,0,1,15,0
40,23,5,34,4,0,1,2,0,0,0,4,26,0,0,2,11,324,2,30,3,5,12,2,8,11,6,2,2,1,2,14,30
94,19,4,29,4,0,2,3,0,0,0,9,6,0,0,2,11,324,1,27,2,6,13,5,7,12,9,4,2,1,2,13,45
41,19,5,30,3,0,2,3,0,0,0,2,13,0,0,2,11,324,1,27,3,6,13,6,6,13,8,3,2,1,2,14,0
23,19,5,30,2,0,2,3,0,0,0,15,15,0,0,2,11,324,1,27,3,6,13,5,5,12,7,3,2,1,2,14,0
0,19,5,32,2,0,1,3,0,0,0,13,2,0,0,2,11,324,1,27,3,7,14,4,4,11,6,2,2,1,2,14,15
3,19,5,34,3,0,0,3,0,0,0,13,2,0,0,2,11,324,1,26,4,7,15,3,5,13,6,1,2,1,2,14,30
32,18,5,32,3,0,0,3,0,0,0,6,9,0,0,2,11,324,1,25,4,7,14,2,5,13,6,2,2,2,2,14,15
-102,18,5,49,3,0,0,2,0,0,0,5,10,0,0,2,11,324,1,25,4,7,14,1,4,12,5,2,1,2,1,16,45
82,14,5,25,7,0,0,2,1,0,0,12,3,0,0,2,11,324,3,19,2,6,11,3,7,17,8,3,1,1,1,13,0
102,14,6,27,7,0,0,1,1,0,0,9,6,0,0,2,11,324,3,19,3,7,11,2,6,16,7,3,1,1,1,13,15
-123,14,7,42,6,0,0,1,1,0,0,11,4,0,0,2,11,324,3,19,5,8,13,3,8,15,6,3,0,1,1,16,0
42,10,4,21,7,0,1,1,1,0,0,7,8,0,0,2,11,324,2,16,4,7,12,4,10,17,9,6,0,0,2,12,30
9,10,6,28,7,0,1,1,1,0,0,13,2,0,0,2,11,324,2,15,4,6,11,6,10,17,9,6,0,0,1,13,30
-28,10,6,23,7,0,0,1,2,0,0,6,9,0,0,2,11,324,3,14,3,6,11,6,11,17,8,5,0,0,2,12,45
40,10,6,23,6,0,0,1,2,0,0,4,11,0,0,2,11,324,3,14,3,6,11,5,10,16,7,4,0,0,2,12,45
12,8,5,19,7,0,0,1,2,0,0,3,12,0,0,2,11,324,2,12,3,5,9,6,10,17,9,5,0,0,2,12,15
20,8,5,25,6,0,0,1,2,0,0,2,13,0,0,2,11,324,2,12,3,5,10,5,9,16,8,4,0,0,1,13,0
-20,8,5,19,5,0,0,1,2,0,0,2,13,0,0,2,11,324,2,12,3,5,10,4,8,15,7,3,0,0,2,12,15
40,7,4,17,5,0,0,1,2,0,0,10,5,0,0,2,11,324,2,11,2,5,9,5,7,14,7,3,0,0,2,12,0
34,6,3,21,5,0,0,0,2,0,0,2,13,0,0,2,11,324,1,11,3,7,9,6,8,14,7,3,0,0,2,12,30
39,6,3,16,5,0,0,0,2,0,0,0,15,0,0,2,11,324,2,10,2,6,8,5,7,13,6,3,0,0,2,11,45
35,5,3,17,6,0,0,0,1,0,0,2,13,0,0,2,11,324,1,9,2,5,8,4,8,12,7,4,0,0,2,12,0
17,4,2,11,5,0,0,0,1,0,0,11,4,0,0,2,11,324,0,9,3,5,9,3,8,11,7,4,0,0,2,11,0
60,4,2,11,6,0,0,0,0,0,0,6,9,0,0,2,11,324,1,8,3,5,8,4,7,10,6,3,0,0,2,11,0
23,4,3,13,5,0,0,0,0,0,0,3,12,0,0,2,11,324,1,8,4,5,8,3,6,9,5,3,0,0,1,11,15
84,3,2,8,4,0,2,0,0,0,0,10,5,0,0,2,11,324,1,6,2,4,6,5,7,11,6,4,0,0,2,10,30
29,3,2,13,3,0,2,0,0,0,0,7,8,0,0,2,11,324,0,6,3,4,6,4,7,11,6,5,0,0,1,11,15
-6,3,2,9,5,0,1,0,0,0,0,0,15,0,0,2,11,324,2,4,1,2,4,3,6,11,5,4,0,0,2,10,45
-6,2,1,15,4,0,1,0,0,0,0,6,9,0,0,2,11,324,1,4,1,2,4,3,5,10,5,3,0,0,1,11,30
91,2,1,3,3,0,1,0,0,0,0,12,3,0,0,2,11,324,1,4,2,4,4,3,4,9,4,2,0,0,2,9,45
-5,1,1,9,4,0,0,0,0,0,0,6,9,0,0,2,11,324,1,3,1,3,3,3,5,8,4,2,0,0,2,10,45
12,1,1,7,3,0,0,0,0,0,0,4,11,0,0,2,11,324,1,3,2,3,3,2,4,7,3,1,0,0,1,10,15
101,1,1,1,3,0,0,0,0,0,0,9,6,0,0,2,11,324,1,2,2,2,2,1,4,6,3,1,0,0,1,9,15
34,0,0,2,4,0,0,0,0,0,0,2,13,0,0,2,11,324,0,0,0,0,0,5,5,5,5,3,0,0,2,9,30
-51,0,0,5,3,0,0,0,0,0,0,0,2,0,0,2,11,324,0,0,0,0,0,4,4,4,4,3,0,0,1,10,0
-12,0,0,5,2,0,0,0,0,0,0,0,15,0,0,2,11,324,0,0,0,0,0,3,3,3,3,2,0,0,1,10,0
-13,0,0,3,1,0,0,0,0,0,0,0,22,0,0,2,11,324,0,0,0,0,0,2,2,2,2,2,0,0,2,9,45
3,0,0,0,0,0,0,0,0,0,0,0,26,0,1,2,11,324,0,0,0,0,0,1,1,1,1,1,0,0,1,9,0
9,29,4,43,6,0,0,3,0,0,1,7,23,0,0,6,11,321,2,39,2,4,11,2,7,12,9,4,6,2,2,17,0
17,26,3,42,6,0,0,4,0,0,1,11,4,0,0,6,11,321,1,37,2,5,11,6,7,14,11,5,6,3,2,16,30
8,26,4,47,5,0,0,4,0,0,1,14,1,0,0,6,11,321,1,37,4,7,12,6,7,16,10,5,5,3,1,17,30
4,26,4,45,4,0,0,4,0,0,1,12,3,0,0,6,11,321,1,37,4,7,12,5,8,15,9,4,4,2,2,17,15
16,26,4,45,4,0,0,3,0,0,1,11,4,0,0,6,11,321,1,37,4,7,12,4,8,14,8,3,4,1,2,17,15
-37,26,4,47,4,0,0,3,0,0,1,9,6,0,0,6,11,321,2,36,3,6,11,3,7,13,7,3,4,1,1,17,30
26,26,6,40,4,0,0,3,0,0,0,3,12,0,0,6,11,321,1,36,3,6,12,2,6,13,7,3,4,1,1,16,15
-66,24,6,49,6,0,0,2,0,0,0,4,11,1,0,6,11,321,1,34,2,6,11,1,5,13,8,3,3,1,1,18,0
58,22,4,34,6,0,0,3,0,0,0,2,13,0,0,6,11,321,0,31,4,6,10,4,8,13,10,4,3,1,2,15,15
22,22,5,34,6,0,0,3,0,0,1,13,2,0,0,6,11,321,2,30,2,5,8,3,9,12,9,3,3,1,2,15,15
58,22,5,40,5,0,0,3,0,0,1,12,3,0,0,6,11,321,2,30,2,5,8,2,8,11,8,3,3,1,1,16,15
31,22,6,39,4,0,0,3,0,0,1,11,4,0,0,6,11,321,2,30,2,5,8,1,7,10,7,3,3,1,2,16,0
50,18,4,36,4,0,1,3,0,0,1,9,6,0,0,6,11,321,0,28,3,5,9,6,8,12,10,6,3,1,1,15,30
20,18,4,28,4,0,1,3,0,0,1,44,1,0,0,6,11,321,1,27,3,5,10,7,7,11,9,6,3,1,1,14,15
-21,18,4,36,4,0,1,3,0,0,1,42,3,0,0,6,11,321,2,26,2,4,9,6,6,11,8,5,3,1,1,15,30
-70,18,4,43,4,0,1,2,0,0,1,39,6,0,0,6,11,321,2,26,3,4,9,5,5,11,7,4,2,1,2,17,0
41,18,4,32,3,0,1,2,0,0,1,32,13,0,0,6,11,321,1,26,3,4,10,4,5,13,7,3,2,1,2,15,0
6,17,3,31,4,0,1,2,0,0,0,29,16,0,0,6,11,321,1,25,2,3,10,3,4,12,7,3,2,1,2,14,45
33,16,2,28,3,0,1,2,0,0,0,23,22,0,0,6,11,321,0,25,2,4,10,2,3,11,7,2,2,1,1,14,15
20,16,3,32,3,0,1,2,0,0,0,15,30,0,0,6,11,321,1,24,2,5,11,1,2,10,6,2,2,1,2,15,0
-97,14,3,38,3,0,1,3,0,0,0,8,7,0,0,6,11,321,0,22,3,5,13,2,6,11,8,3,1,2,1,15,45
-16,13,5,27,6,0,0,3,0,0,0,11,4,0,0,6,11,321,2,19,2,6,13,5,8,13,8,3,1,1,2,13,30
42,13,5,25,5,0,0,3,0,0,0,6,9,0,0,6,11,321,2,19,3,6,14,6,7,12,7,3,0,1,1,13,15
4,11,4,30,5,0,0,2,0,0,0,10,5,0,0,6,11,321,0,19,4,7,15,6,6,12,8,4,0,0,1,14,30
125,11,6,24,7,0,0,1,0,0,0,13,2,0,0,6,11,321,2,17,4,7,14,5,5,12,7,3,0,0,2,13,0
41,11,6,22,7,0,0,0,0,0,0,11,4,0,0,6,11,321,2,17,4,8,14,4,5,12,6,3,0,0,1,12,45
58,11,6,22,6,0,0,0,0,0,0,8,7,0,0,6,11,321,2,17,4,8,14,3,5,11,5,2,0,0,1,12,45
46,11,6,25,6,0,0,0,0,0,0,7,8,0,0,6,11,321,3,16,3,7,13,2,4,10,4,1,0,0,1,13,15
17,11,6,21,5,0,0,0,0,0,0,4,11,0,0,6,11,321,2,16,3,7,13,1,3,9,4,2,0,0,2,12,30
24,5,5,15,7,0,0,2,1,0,0,13,2,0,0,6,11,321,1,10,4,7,9,5,7,17,10,5,0,0,2,11,30
32,5,5,19,7,0,0,2,1,0,0,9,6,0,0,6,11,321,2,9,3,6,9,4,7,16,9,4,0,0,1,12,0
-9,5,5,20,6,0,0,2,1,0,0,3,12,0,0,6,11,321,2,9,5,6,9,3,6,15,8,3,0,0,1,12,15
36,3,3,14,7,0,0,2,1,0,0,6,9,0,0,6,11,321,2,7,3,4,7,3,5,16,9,2,0,0,2,11,15
-14,1,1,17,8,0,0,1,1,0,0,13,2,0,0,6,11,321,1,6,3,3,6,3,7,16,10,1,0,0,1,11,45
62,0,0,15,9,0,0,1,1,0,0,12,3,0,0,6,11,321,1,4,1,1,4,3,8,16,11,3,0,0,2,11,30
45,0,0,6,8,0,0,1,1,0,0,5,10,0,0,6,11,321,1,4,1,3,4,2,11,15,10,3,0,0,2,10,15
-1,0,0,8,7,0,0,2,1,0,0,12,3,0,0,6,11,321,1,3,0,2,3,4,10,14,10,3,0,0,1,10,30
50,0,0,5,6,0,0,2,1,0,0,4,11,0,0,6,11,321,0,3,2,3,3,9,11,13,10,2,0,0,2,10,0
61,0,0,6,5,0,0,2,1,0,0,3,12,0,0,6,11,321,0,3,2,3,3,8,10,12,9,2,0,0,2,10,15
61,0,0,3,4,0,0,2,1,0,0,14,1,0,0,6,11,321,0,3,2,3,3,7,10,11,8,2,0,0,1,9,45
77,0,0,3,4,0,0,2,0,0,0,3,12,0,0,6,11,321,0,3,3,3,3,6,9,10,7,2,0,0,1,9,45
16,0,0,17,3,0,0,2,0,0,0,1,14,0,0,6,11,321,0,3,3,3,3,5,9,9,6,2,0,0,1,11,45
31,0,0,11,3,0,0,1,0,0,0,11,4,0,0,6,11,321,0,3,3,3,3,6,8,8,5,2,0,0,1,11,0
10,0,0,8,2,0,0,1,0,0,0,9,6,0,0,6,11,321,0,3,3,3,3,5,7,7,4,1,0,0,1,10,30
17,0,0,11,1,0,0,1,0,0,0,9,6,0,0,6,11,321,0,3,3,3,3,4,6,6,3,0,0,0,1,11,0
-42,0,0,11,1,0,0,1,0,0,0,6,9,0,0,6,11,321,1,2,2,2,2,3,5,5,2,0,0,0,1,11,0
-43,0,0,10,1,0,1,0,0,0,1,1,14,0,0,6,11,321,1,0,0,0,0,4,4,4,3,2,0,0,3,10,45
-5,0,0,1,0,0,1,0,0,0,1,0,1,0,0,6,11,321,1,0,0,0,0,3,3,3,2,2,0,0,1,9,15
-16,0,0,2,0,0,1,0,0,0,0,0,16,0,0,6,11,321,0,0,0,0,0,2,2,2,2,2,0,0,2,9,30
-2,0,0,0,0,0,0,0,0,0,0,0,28,0,1,6,11,321,0,0,0,0,0,1,1,1,1,1,0,0,1,9,0
31,34,6,46,2,0,2,1,0,0,0,10,5,0,0,5,11,320,1,44,3,7,13,2,3,11,5,3,5,0,1,17,15
35,32,7,47,3,0,1,2,0,0,1,1,14,0,0,5,11,320,2,41,3,7,11,2,5,12,6,5,5,2,1,17,30
25,30,6,43,4,0,1,3,0,0,0,12,3,0,0,5,11,320,2,39,2,6,10,2,7,13,7,4,5,2,1,16,45
100,28,6,40,5,0,1,3,0,0,0,9,6,0,0,5,11,320,2,37,3,6,8,4,8,12,8,4,5,2,2,16,15
-17,26,5,48,7,0,0,3,0,0,0,8,7,0,0,5,11,320,2,35,2,5,8,6,8,14,9,5,4,3,1,17,45
36,25,4,38,7,0,0,3,0,0,0,1,14,0,0,5,11,320,2,34,3,4,8,5,8,15,9,4,3,2,1,16,0
1,25,4,41,6,0,0,3,0,0,0,11,4,0,0,5,11,320,2,34,3,4,9,5,7,15,8,4,3,1,2,16,30
6,24,3,45,5,0,0,3,0,0,1,6,9,0,0,5,11,320,2,33,2,3,8,4,6,14,8,4,3,1,1,17,0
75,24,3,41,5,0,0,2,0,0,1,14,1,0,0,5,11,320,2,33,2,3,9,4,7,13,7,3,3,1,2,16,30
74,23,2,36,4,0,0,2,0,0,1,10,5,0,0,5,11,320,1,33,3,4,9,3,6,12,7,3,3,1,2,15,45
12,23,2,43,4,0,0,3,0,0,1,14,1,0,0,5,11,320,2,31,1,2,9,3,5,11,7,3,3,1,1,16,45
-171,21,1,49,4,0,0,3,0,0,0,4,11,1,0,5,11,320,0,31,1,2,10,2,4,11,8,5,2,1,1,18,30
22,21,1,36,4,0,0,3,0,0,0,2,13,0,0,5,11,320,0,30,1,4,11,3,8,10,8,5,2,0,2,15,45
-9,21,3,34,3,0,0,3,0,0,0,18,12,0,0,5,11,320,0,30,2,5,11,3,8,12,7,5,2,1,1,15,15
53,21,3,32,2,0,0,3,0,0,0,17,13,0,0,5,11,320,0,30,2,6,11,3,7,11,6,5,2,1,1,15,0
18,20,4,38,2,0,0,3,0,0,1,3,12,0,0,5,11,320,1,28,3,7,11,6,7,10,6,4,2,1,1,16,0
40,20,4,32,1,0,0,3,0,0,1,3,12,0,0,5,11,320,1,28,3,8,11,5,6,9,5,3,2,1,1,15,0
44,20,4,35,2,0,0,2,0,0,1,1,14,0,0,5,11,320,2,27,3,7,10,4,5,8,4,3,2,1,2,15,30
52,20,5,30,3,0,0,1,0,0,1,19,11,0,0,5,11,320,2,26,2,7,9,3,4,7,4,2,2,1,2,14,30
-3,20,5,28,3,0,0,1,0,0,0,18,12,0,0,5,11,320,2,26,3,7,9,2,3,6,3,1,2,1,2,14,15
55,19,4,30,3,0,0,0,0,0,0,15,15,0,0,5,11,320,0,26,3,7,10,1,2,5,4,1,1,1,2,14,30
30,16,5,26,5,0,0,1,1,0,0,11,4,0,0,5,11,320,2,21,2,3,7,2,4,10,6,2,1,1,1,13,30
4,15,5,27,6,0,0,1,1,0,0,29,1,0,0,5,11,320,3,19,1,3,8,3,3,12,6,3,0,1,2,13,45
-15,15,5,28,5,0,0,1,1,0,0,24,6,0,0,5,11,320,3,19,1,3,8,2,2,11,5,3,0,0,2,14,15
73,14,4,25,4,0,0,1,1,0,0,19,11,0,0,5,11,320,2,19,2,3,8,1,1,11,5,3,0,0,1,13,15
23,10,4,22,6,0,1,1,1,0,0,10,5,0,0,5,11,320,1,15,3,6,12,7,10,14,9,6,0,0,2,12,30
67,10,4,16,5,0,1,1,1,0,0,6,9,0,0,5,11,320,1,15,3,6,12,7,10,13,8,6,0,0,1,11,30
26,10,5,23,5,0,1,0,1,0,0,2,13,0,0,5,11,320,1,15,4,7,12,6,10,13,7,5,0,0,1,13,0
28,10,5,18,5,0,1,0,0,0,0,0,15,0,0,5,11,320,1,15,4,7,12,6,9,12,6,4,0,0,2,12,0
27,10,5,23,4,0,1,0,0,0,0,0,15,0,0,5,11,320,1,15,4,7,12,5,8,11,5,3,0,0,1,13,0
-22,10,5,20,4,0,0,0,0,0,0,14,1,0,0,5,11,320,1,15,4,7,12,4,7,10,4,2,0,0,1,12,15
55,9,5,20,4,0,0,0,0,0,1,14,1,0,0,5,11,320,2,13,4,6,11,4,6,10,4,2,0,0,1,12,15
41,7,3,18,4,0,0,0,0,0,1,7,8,0,0,5,11,320,1,12,3,6,10,4,5,10,5,3,0,0,2,12,0
24,7,5,17,4,0,0,0,0,0,1,2,13,0,0,5,11,320,2,11,3,5,9,4,5,10,4,2,0,0,2,11,45
13,6,5,14,3,0,0,0,0,0,1,7,8,0,0,5,11,320,1,11,3,7,10,3,5,9,4,3,0,0,1,11,0
40,6,6,12,4,0,0,0,0,0,1,24,6,0,0,5,11,320,2,9,3,6,9,2,4,9,4,2,0,0,1,10,45
52,5,5,11,5,0,0,0,0,0,0,18,12,0,0,5,11,320,2,8,2,5,8,2,4,8,4,2,0,0,2,10,15
62,3,3,8,6,0,0,0,0,0,0,4,11,0,0,5,11,320,1,6,3,4,6,3,5,13,6,1,0,0,1,10,0
-31,2,2,15,6,0,0,0,0,0,0,13,2,0,0,5,11,320,1,5,2,3,5,2,5,12,6,0,0,0,1,11,15
33,0,0,5,7,0,0,0,0,0,0,6,9,0,0,5,11,320,1,3,1,3,3,3,5,11,7,2,0,0,3,9,45
6,0,0,8,6,0,0,0,0,0,0,11,4,0,0,5,11,320,0,3,1,3,3,3,7,10,7,3,0,0,1,10,0
8,0,0,5,5,0,0,1,0,0,0,11,4,0,0,5,11,320,0,2,2,2,2,3,9,9,7,4,0,0,3,9,45
65,0,0,2,4,0,0,1,0,0,0,3,12,0,0,5,11,320,0,2,2,2,2,2,8,8,6,3,0,0,3,9,30
-9,0,0,5,3,0,0,1,0,0,1,0,10,0,0,5,11,320,1,1,1,1,1,5,7,7,5,3,0,0,3,9,45
42,0,0,0,2,0,0,1,0,0,2,0,29,0,1,5,11,320,0,0,0,0,0,6,6,6,6,2,0,0,1,9,0
-41,0,0,2,2,0,0,1,0,0,1,0,30,0,0,5,11,320,0,0,0,0,0,5,5,5,5,1,0,0,3,9,30
4,0,0,8,1,0,0,1,0,0,1,0,32,0,0,5,11,320,0,0,0,0,0,4,4,4,4,1,0,0,1,10,0
-16,0,0,2,1,0,0,0,0,0,1,0,40,0,0,5,11,320,0,0,0,0,0,3,3,3,3,1,0,0,3,9,30
-35,0,0,1,1,0,0,0,0,0,0,0,45,0,0,5,11,320,0,0,0,0,0,2,2,2,2,0,0,0,3,9,15
-34,0,0,12,0,0,0,0,0,0,0,0,47,0,0,5,11,320,0,0,0,0,0,1,1,1,1,0,0,0,1,10,45
22,36,5,41,3,0,0,0,0,0,0,4,11,1,0,4,11,319,1,38,3,5,9,1,1,5,3,1,1,0,1,17,30
54,31,3,38,7,0,0,0,0,0,1,13,2,0,0,4,11,319,1,32,1,3,8,3,4,10,8,2,1,0,1,16,30
-14,31,3,40,7,0,0,0,0,0,0,11,4,0,0,4,11,319,1,32,2,3,8,2,3,9,7,2,1,0,1,17,15
42,30,4,35,7,0,0,0,0,0,0,28,2,0,0,4,11,319,1,31,1,3,8,2,5,8,7,2,1,1,2,16,0
75,29,5,36,7,0,0,0,0,0,0,0,30,0,0,4,11,319,1,30,2,5,11,4,5,10,7,2,1,1,2,16,15
83,27,4,30,6,0,0,0,0,0,1,4,11,0,0,4,11,319,0,29,3,5,14,4,6,11,8,1,0,1,2,15,0
57,27,5,36,5,0,0,0,0,0,1,3,12,0,0,4,11,319,0,29,3,6,14,3,5,10,7,1,0,0,2,16,15
61,27,5,34,5,0,0,0,0,0,1,2,13,0,0,4,11,319,1,28,3,5,13,2,4,9,6,1,0,0,1,15,30
25,25,6,29,6,0,0,0,0,0,0,12,3,0,0,4,11,319,0,27,3,6,13,3,4,8,7,1,0,0,2,14,45
46,23,6,32,8,0,0,0,0,0,0,17,13,0,0,4,11,319,1,24,3,6,12,2,5,8,8,2,0,0,1,15,15
20,23,7,38,7,0,0,0,0,0,0,16,14,0,0,4,11,319,1,24,3,6,12,1,4,7,7,1,0,0,1,16,30
45,20,6,27,9,0,0,0,0,0,0,15,15,0,0,4,11,319,1,21,3,6,12,3,5,10,9,2,0,0,1,14,0
29,19,6,28,9,0,0,0,0,0,0,10,20,0,0,4,11,319,1,20,5,6,11,4,4,9,9,3,0,0,1,14,30
21,18,6,30,9,0,0,0,0,0,0,1,29,0,0,4,11,319,1,19,4,5,11,3,3,9,9,3,0,0,2,15,0
30,16,5,32,10,0,0,0,0,0,0,29,1,0,0,4,11,319,1,17,3,6,10,2,3,11,10,4,0,0,1,15,15
55,16,5,26,10,0,0,1,0,0,0,28,2,0,0,4,11,319,3,15,1,4,8,1,2,11,9,4,0,0,1,13,30
227,12,4,10,12,0,0,1,0,0,0,6,9,0,0,4,11,319,2,12,2,4,7,5,8,12,12,5,0,0,2,10,45
67,11,5,21,12,0,0,1,0,0,0,6,9,0,0,4,11,319,2,11,2,4,7,5,9,13,12,5,0,0,2,12,30
49,11,5,25,11,0,0,1,0,0,0,3,12,0,0,4,11,319,2,11,3,4,7,4,8,12,11,5,0,0,1,13,15
102,10,4,19,10,0,0,1,0,0,0,0,15,0,0,4,11,319,1,10,3,4,7,4,7,11,11,5,0,0,2,12,15
85,10,5,18,10,0,0,1,0,0,0,11,4,0,0,4,11,319,2,10,2,3,7,4,7,10,10,5,0,0,2,12,0
68,9,4,23,10,0,0,1,0,0,0,10,5,0,0,4,11,319,2,9,2,3,7,5,7,11,10,5,0,0,1,12,45
75,8,4,21,9,0,0,2,0,0,0,1,14,0,0,4,11,319,2,8,1,3,7,4,6,11,10,5,0,0,2,12,30
57,8,4,17,8,0,0,2,0,0,0,12,3,0,0,4,11,319,2,8,1,3,8,3,5,10,9,4,0,0,1,11,45
22,7,4,23,9,0,0,1,0,0,0,0,15,0,0,4,11,319,2,7,1,2,7,4,4,10,9,4,0,0,1,12,45
61,7,4,19,8,0,0,1,0,0,0,13,2,0,0,4,11,319,2,7,1,2,7,3,3,11,8,4,0,0,2,12,15
93,6,4,14,7,0,0,1,0,0,0,11,4,0,0,4,11,319,1,7,2,4,7,2,4,11,8,5,0,0,1,11,15
92,5,4,12,7,0,0,1,0,0,0,1,14,0,0,4,11,319,1,6,1,3,6,1,4,13,8,5,0,0,2,11,0
76,3,3,10,8,0,0,1,0,0,0,8,22,0,0,4,11,319,1,4,2,4,4,4,8,13,9,6,0,0,2,10,45
76,3,3,12,7,0,0,1,0,0,0,6,24,0,0,4,11,319,1,4,2,4,4,4,7,13,8,5,0,0,2,11,0
32,2,2,5,7,0,0,1,0,0,0,5,10,0,0,4,11,319,1,3,3,3,3,4,10,12,8,4,0,0,2,9,45
18,1,1,16,7,0,0,1,0,0,0,14,1,0,0,4,11,319,1,2,2,2,2,5,9,11,8,4,0,0,1,11,30
23,1,1,14,6,0,0,1,0,0,0,8,7,0,0,4,11,319,1,2,2,2,2,4,8,10,7,3,0,0,1,11,15
50,0,0,8,7,0,0,0,0,0,1,6,9,0,0,4,11,319,1,0,0,0,0,7,7,9,8,3,0,0,2,10,30
-10,0,0,2,7,0,0,0,0,0,0,0,15,0,0,4,11,319,0,0,0,0,0,6,7,8,8,3,0,0,1,9,30
97,0,0,2,6,0,0,0,0,0,0,0,15,0,0,4,11,319,0,0,0,0,0,5,6,7,7,3,0,0,1,9,30
56,0,0,6,5,0,0,0,0,0,0,5,10,0,0,4,11,319,0,0,0,0,0,4,6,6,6,2,0,0,2,10,0
37,0,0,0,4,0,0,0,0,0,0,0,5,0,1,4,11,319,0,0,0,0,0,3,5,5,5,1,0,0,1,9,0
50,0,0,1,3,0,0,0,0,0,0,0,5,0,0,4,11,319,0,0,0,0,0,2,4,4,4,1,0,0,3,9,15
-31,0,0,6,2,0,0,0,0,0,0,0,7,0,0,4,11,319,0,0,0,0,0,1,3,3,3,1,0,0,2,10,0
7,0,0,8,1,0,0,0,0,0,0,0,40,0,0,4,11,319,0,0,0,0,0,2,2,2,2,1,0,0,2,10,30
19,0,0,2,0,0,0,0,0,0,0,0,54,0,0,4,11,319,0,0,0,0,0,1,1,1,1,0,0,0,1,9,30
64,34,4,38,4,0,0,2,0,0,1,6,24,0,0,3,11,318,0,35,2,5,10,2,3,9,8,2,2,0,1,16,30
40,34,6,42,5,0,0,1,0,0,1,12,3,1,0,3,11,318,1,34,2,5,9,2,4,8,7,2,2,1,1,17,30
23,31,5,38,6,0,0,1,0,0,1,14,1,0,0,3,11,318,0,32,2,5,9,3,5,9,9,3,2,2,1,16,30
8,30,5,41,6,0,1,1,0,0,1,5,10,0,0,3,11,318,1,30,3,5,9,3,6,8,9,3,1,2,1,17,15
36,30,5,40,6,0,1,1,0,0,0,4,11,0,0,3,11,318,1,30,3,5,9,2,5,8,8,3,1,1,1,16,45
117,28,4,35,7,0,1,1,0,0,0,0,15,0,0,3,11,318,1,28,3,4,8,4,5,8,9,3,0,1,1,15,45
107,27,4,32,7,0,1,1,0,0,0,1,14,0,0,3,11,318,1,27,2,4,8,3,5,8,9,3,0,0,1,15,15
97,26,3,37,6,0,1,1,0,0,0,24,6,0,0,3,11,318,0,27,2,4,9,2,4,7,9,3,0,0,2,16,15
34,25,2,34,7,0,0,2,0,0,0,17,13,0,0,3,11,318,1,25,1,2,8,2,3,6,9,4,0,0,1,15,30
26,24,4,36,7,0,0,2,0,0,0,3,12,0,0,3,11,318,1,24,1,4,9,2,4,8,9,4,0,0,1,16,0
105,24,5,29,6,0,0,2,0,0,0,10,5,0,0,3,11,318,1,24,2,4,9,1,4,7,8,4,0,0,1,14,30
58,21,5,31,8,0,1,1,0,0,0,20,25,0,0,3,11,318,1,21,2,5,9,3,5,10,10,3,0,0,2,14,45
104,21,6,26,7,0,1,1,0,0,0,9,36,0,0,3,11,318,1,21,3,5,9,2,5,10,9,3,0,0,2,13,30
72,19,5,29,7,0,1,1,0,0,0,27,3,0,0,3,11,318,0,20,3,5,9,1,4,11,10,3,0,0,1,14,30
84,16,4,32,8,0,1,2,0,0,0,11,4,0,0,3,11,318,0,17,2,4,9,3,7,13,12,3,0,0,1,15,15
49,16,4,27,8,0,1,1,0,0,0,8,7,0,0,3,11,318,0,17,2,4,10,2,6,12,11,3,0,0,2,14,15
73,15,4,27,7,0,2,1,0,0,0,12,3,0,0,3,11,318,0,16,3,4,10,2,6,12,11,2,0,0,2,14,15
96,13,4,24,7,0,2,2,0,0,0,13,2,0,0,3,11,318,0,14,2,6,11,4,9,16,12,2,0,0,1,13,0
76,13,4,22,7,0,2,2,0,0,0,7,8,0,0,3,11,318,1,13,1,5,10,4,8,15,11,2,0,0,2,12,45
80,13,4,18,6,0,2,2,0,0,0,2,13,0,0,3,11,318,1,13,2,5,10,4,8,14,10,2,0,0,2,12,15
84,12,3,24,5,0,2,2,0,0,0,26,4,0,0,3,11,318,0,13,3,5,11,4,7,13,10,2,0,0,1,13,0
58,12,5,20,4,0,2,3,0,0,0,12,18,0,0,3,11,318,1,12,4,6,11,5,7,14,9,2,0,0,2,12,30
59,11,6,18,3,0,2,3,0,0,0,4,26,0,0,3,11,318,0,12,4,7,11,5,7,13,9,3,0,0,2,12,15
68,11,6,22,4,0,1,3,0,0,0,1,29,0,0,3,11,318,1,11,3,6,10,4,6,12,8,3,0,0,2,12,45
89,10,6,14,5,0,0,3,0,0,0,9,6,0,0,3,11,318,1,10,3,5,9,3,7,13,8,4,0,0,1,11,15
57,9,5,17,4,0,0,3,0,0,1,2,13,0,0,3,11,318,1,9,2,5,8,3,7,13,8,4,0,0,2,12,0
34,9,6,20,4,0,0,2,1,0,1,6,9,0,0,3,11,318,2,8,3,5,8,2,7,13,7,4,0,0,2,12,30
27,7,6,13,4,0,0,2,1,0,1,6,9,0,0,3,11,318,1,7,3,5,7,4,7,14,8,4,0,0,2,11,0
105,5,4,10,6,0,0,1,1,0,1,6,9,0,0,3,11,318,1,5,2,4,5,5,7,14,9,3,0,0,1,10,30
10,4,3,12,6,0,0,1,1,0,0,13,2,0,0,3,11,318,0,5,3,4,5,4,6,14,9,2,0,0,1,10,45
72,4,3,10,6,0,0,0,1,0,0,9,6,0,0,3,11,318,0,5,3,4,5,4,7,13,8,2,0,0,1,10,30
77,4,3,14,6,0,0,0,1,0,0,3,12,0,0,3,11,318,1,4,2,3,4,4,6,12,7,1,0,0,1,11,15
31,4,3,16,5,0,0,0,1,0,0,0,15,0,0,3,11,318,1,4,2,4,4,3,6,11,6,1,0,0,1,11,30
43,2,2,2,5,0,0,1,1,0,0,10,5,0,0,3,11,318,1,2,1,2,2,4,8,10,7,2,0,0,2,9,30
40,1,1,8,5,0,0,1,0,0,0,4,11,0,0,3,11,318,0,2,1,2,2,3,7,9,7,3,0,0,2,10,15
82,1,1,6,5,0,0,1,0,0,0,12,3,0,0,3,11,318,0,1,1,1,1,5,8,8,7,2,0,0,2,10,0
23,1,1,8,4,0,0,1,0,0,0,12,3,0,0,3,11,318,0,1,1,1,1,4,7,7,6,2,0,0,2,10,15
83,1,1,1,3,0,0,1,0,0,0,2,13,0,0,3,11,318,0,1,1,1,1,4,6,6,5,2,0,0,2,9,15
-13,1,1,4,3,0,0,1,0,0,0,14,1,0,0,3,11,318,1,0,0,0,0,3,5,5,4,2,0,0,2,9,45
31,0,0,6,2,0,0,1,0,0,0,2,13,0,0,3,11,318,0,0,0,0,0,3,4,4,4,2,0,0,2,10,0
33,0,0,2,2,0,0,0,0,0,0,0,4,0,0,3,11,318,0,0,0,0,0,3,3,3,3,2,0,0,2,9,30
6,0,0,4,1,0,0,0,0,0,0,0,24,0,0,3,11,318,0,0,0,0,0,2,2,2,2,1,0,0,2,9,45
8,0,0,0,0,0,0,0,0,0,0,0,30,0,1,3,11,318,0,0,0,0,0,1,1,1,1,0,0,0,1,9,0
71,25,2,35,5,0,1,0,0,0,1,6,9,0,0,2,11,317,1,30,1,2,8,2,2,7,7,4,2,0,1,17,0
12,25,2,36,5,0,1,0,0,0,0,6,9,0,0,2,11,317,0,30,1,2,8,1,1,7,7,5,2,0,1,17,15
66,23,4,34,7,0,1,0,0,0,0,16,29,0,0,2,11,317,1,27,3,5,7,3,6,10,8,6,2,0,1,16,45
106,23,4,32,6,0,1,0,0,0,0,15,30,0,0,2,11,317,1,27,3,5,7,2,5,9,7,5,2,0,1,16,30
49,21,3,32,9,0,0,0,0,0,0,3,12,0,0,2,11,317,2,24,2,3,6,4,7,9,8,7,2,1,1,16,30
92,21,3,30,9,0,0,0,0,0,0,11,4,0,0,2,11,317,3,23,1,2,5,3,6,8,7,6,2,1,1,16,0
52,21,4,28,8,0,0,0,0,0,0,8,7,0,0,2,11,317,3,23,1,2,6,3,6,7,6,6,2,1,1,15,0
59,20,3,31,8,0,0,0,0,0,0,1,14,0,0,2,11,317,3,22,0,1,6,3,5,7,6,5,2,1,2,16,15
-82,19,4,37,7,0,0,0,0,0,0,10,20,1,0,2,11,317,2,22,1,3,8,4,5,7,6,5,1,1,1,18,0
25,19,4,27,6,0,0,0,0,0,0,6,24,0,0,2,11,317,2,22,1,3,8,3,4,6,5,4,1,0,1,14,45
57,18,4,29,5,0,0,0,0,0,1,36,9,0,0,2,11,317,2,21,1,2,9,2,3,6,5,3,1,0,1,15,15
72,17,4,24,4,0,0,0,0,0,1,25,20,0,0,2,11,317,1,21,2,4,10,2,2,6,5,3,1,0,1,14,15
37,15,5,24,4,0,0,0,0,0,1,14,1,0,0,2,11,317,0,20,2,5,12,1,2,6,6,3,1,1,1,14,15
22,13,7,24,5,0,0,1,0,0,1,6,9,0,0,2,11,317,1,17,4,7,12,2,4,12,7,4,0,1,1,14,15
45,10,5,21,7,0,0,1,0,0,0,14,1,0,0,2,11,317,0,15,4,7,11,3,4,15,9,4,0,0,1,13,0
44,9,5,23,9,0,0,1,0,0,0,10,5,0,0,2,11,317,1,12,3,5,9,3,6,14,10,5,0,0,3,13,30
52,8,4,16,8,0,0,1,0,0,0,3,12,0,0,2,11,317,0,12,3,6,9,2,8,14,10,6,0,0,2,12,15
48,6,4,14,10,0,0,0,0,0,0,2,13,0,0,2,11,317,0,10,3,5,8,2,9,14,11,6,0,0,2,12,0
50,5,4,13,10,0,0,0,0,0,1,7,8,0,0,2,11,317,0,8,3,4,7,7,11,15,12,7,0,0,2,11,45
42,5,4,14,10,0,0,0,0,0,1,2,13,0,0,2,11,317,1,7,2,4,6,7,10,14,11,7,0,0,2,12,0
57,5,4,20,9,0,0,0,0,0,1,13,2,0,0,2,11,317,1,7,3,4,6,7,9,13,10,6,0,0,1,12,45
73,4,3,11,8,0,0,0,0,0,1,8,7,0,0,2,11,317,0,7,3,4,6,7,8,13,10,7,0,0,1,11,15
40,4,3,22,7,0,0,0,0,0,1,7,8,0,0,2,11,317,0,7,3,4,6,6,7,12,9,6,0,0,1,13,15
58,4,3,9,6,0,0,0,0,0,1,7,8,0,0,2,11,317,0,7,3,4,6,5,6,11,8,5,0,0,1,11,0
-16,4,3,18,6,0,0,0,0,0,1,13,2,0,0,2,11,317,1,6,2,3,6,5,6,10,7,4,0,0,1,12,30
41,2,1,16,6,0,0,0,0,0,1,4,11,0,0,2,11,317,0,5,2,3,5,4,6,9,8,3,0,0,2,12,15
54,2,1,9,5,0,0,0,0,0,1,1,14,0,0,2,11,317,0,5,2,3,5,3,5,8,7,3,0,0,1,11,0
36,1,0,12,4,0,0,1,0,0,1,10,5,0,0,2,11,317,0,4,1,2,4,2,4,8,7,4,0,0,1,11,30
-67,1,1,18,4,0,0,1,0,0,0,14,1,0,0,2,11,317,0,4,1,3,4,2,3,7,6,3,0,0,1,12,30
42,1,1,5,4,0,0,1,0,0,0,19,11,0,0,2,11,317,0,3,2,3,3,2,5,8,6,2,0,0,1,10,15
-14,1,1,7,3,0,0,1,0,0,0,13,17,0,0,2,11,317,0,3,2,3,3,1,4,8,5,2,0,0,1,10,30
58,0,0,5,4,0,0,1,0,0,0,11,4,0,0,2,11,317,1,1,1,1,1,3,4,7,5,3,0,0,1,10,15
151,0,0,0,3,0,0,1,0,0,0,11,4,0,1,2,11,317,1,1,1,1,1,2,3,6,4,2,0,0,1,9,0
97,0,0,1,2,0,0,1,0,0,0,11,4,0,0,2,11,317,0,1,1,1,1,2,3,5,4,3,0,0,2,9,15
-112,0,0,8,2,0,0,1,0,0,0,0,19,0,0,2,11,317,0,0,0,0,0,2,4,4,4,4,0,0,2,10,45
73,0,0,2,2,0,0,0,0,0,0,0,36,0,0,2,11,317,0,0,0,0,0,3,3,3,3,3,0,0,1,9,30
-19,0,0,4,1,0,0,0,0,0,0,0,53,0,0,2,11,317,0,0,0,0,0,2,2,2,2,2,0,0,2,9,45
6,0,0,2,0,0,0,0,0,0,0,0,59,0,0,2,11,317,0,0,0,0,0,1,1,1,1,1,0,0,1,9,30
46,28,0,42,4,0,0,0,0,0,0,13,17,0,0,6,11,314,1,39,1,2,6,1,2,6,4,2,1,0,1,17,15
60,28,2,38,3,0,0,1,0,0,0,43,2,0,0,6,11,314,0,38,1,3,7,3,5,10,5,2,1,0,1,16,15
42,28,4,41,2,0,0,2,0,0,0,25,20,0,0,6,11,314,1,37,1,4,8,4,4,10,4,2,1,0,1,16,45
-8,28,4,40,2,0,0,1,0,0,0,14,31,0,0,6,11,314,1,37,2,5,9,3,4,9,3,2,1,0,1,16,30
95,28,4,38,1,0,0,1,0,0,0,12,33,0,0,6,11,314,1,37,2,5,9,2,3,8,2,2,1,0,1,16,15
-69,27,3,43,0,0,0,1,0,0,0,14,1,1,0,6,11,314,0,37,4,5,10,1,4,7,2,1,1,0,1,18,0
6,24,2,35,2,0,0,1,0,0,1,4,11,0,0,6,11,314,0,33,2,5,10,5,6,7,5,4,1,1,1,15,15
8,24,3,37,2,0,1,0,0,0,1,6,9,0,0,6,11,314,0,32,2,5,11,4,5,7,5,3,1,1,2,15,30
-5,24,3,35,2,0,1,0,0,0,0,6,9,0,0,6,11,314,0,32,2,5,11,3,4,6,4,3,1,1,1,15,15
1,23,2,34,2,0,1,0,0,0,0,9,6,0,0,6,11,314,0,31,2,4,12,3,3,6,4,3,1,1,2,15,0
32,23,2,32,1,0,1,0,0,0,0,8,7,0,0,6,11,314,0,31,2,4,12,2,2,5,3,2,1,1,1,14,30
-3,23,4,33,3,0,0,0,0,0,0,26,19,0,0,6,11,314,1,29,2,5,14,1,2,5,3,1,0,1,1,14,45
58,19,5,30,5,0,1,1,0,0,0,1,14,0,0,6,11,314,2,24,4,8,14,3,4,9,6,3,0,0,1,13,30
52,17,6,25,6,0,1,1,0,0,1,7,8,0,0,6,11,314,3,21,4,7,15,3,6,9,7,3,0,0,1,12,30
-14,16,6,31,5,0,1,1,0,0,1,3,12,0,0,6,11,314,2,21,5,8,15,2,5,9,7,4,0,0,1,14,15
53,15,7,28,5,0,1,1,1,0,1,4,11,0,0,6,11,314,2,19,4,7,14,3,4,13,8,6,0,0,1,13,0
26,11,5,29,8,0,1,1,1,0,1,6,9,0,0,6,11,314,1,15,3,6,11,3,6,14,12,7,0,0,1,13,15
59,11,5,20,7,0,1,1,1,0,1,5,10,0,0,6,11,314,1,15,3,6,11,2,5,13,11,6,0,0,1,11,45
35,11,6,22,7,0,1,1,1,0,0,3,12,0,0,6,11,314,1,15,3,7,11,1,4,13,10,6,0,0,2,12,0
35,7,4,27,8,0,1,3,1,0,0,9,6,0,0,6,11,314,1,11,4,7,10,3,10,17,13,7,0,0,1,12,45
107,7,4,11,7,0,2,3,1,0,0,6,9,0,0,6,11,314,2,10,4,6,9,2,9,17,12,7,0,0,3,10,45
31,6,4,23,7,0,2,3,1,0,0,7,8,0,0,6,11,314,2,9,4,5,9,6,9,17,12,6,0,0,2,12,15
37,4,3,6,9,0,2,3,1,0,0,3,12,0,0,6,11,314,2,6,2,4,6,8,10,18,14,7,0,0,2,10,0
44,4,4,16,8,0,2,3,1,0,0,2,13,0,0,6,11,314,2,6,2,4,6,7,9,17,13,6,0,0,2,11,15
12,4,4,20,7,0,2,3,1,0,0,1,14,0,0,6,11,314,2,6,2,4,6,6,8,16,12,6,0,0,1,11,45
44,4,4,18,7,0,2,3,0,0,0,15,15,0,0,6,11,314,2,6,2,4,6,5,7,15,11,5,0,0,2,11,30
-11,3,3,25,7,0,2,3,0,0,0,11,4,0,0,6,11,314,1,5,1,3,5,4,7,14,12,7,0,0,1,12,30
3,3,3,13,7,0,1,3,0,0,0,7,8,0,0,6,11,314,1,5,1,3,5,3,7,13,11,6,0,0,2,11,0
11,3,3,16,7,0,1,3,0,0,0,12,3,0,0,6,11,314,2,4,2,3,4,4,8,14,10,6,0,0,2,11,15
31,3,3,18,6,0,1,3,0,0,0,5,10,0,0,6,11,314,1,4,2,3,4,3,8,13,10,6,0,0,2,11,30
11,2,2,13,5,0,1,3,0,0,0,5,10,0,0,6,11,314,0,4,3,4,4,5,9,14,10,6,0,0,2,11,0
-24,2,2,10,6,0,1,3,0,0,0,12,3,0,0,6,11,314,2,2,1,2,2,5,8,13,9,6,0,0,2,10,30
95,0,0,4,6,0,1,2,0,0,0,12,3,0,0,6,11,314,0,2,2,2,2,6,8,12,10,7,0,0,2,9,45
79,0,0,8,6,0,0,2,0,0,0,10,5,0,0,6,11,314,0,2,2,2,2,5,7,11,9,6,0,0,1,10,15
24,0,0,1,5,0,0,2,0,0,0,5,10,0,0,6,11,314,0,2,2,2,2,4,7,10,8,6,0,0,2,9,15
-12,0,0,13,5,0,0,2,0,0,0,0,15,0,0,6,11,314,1,1,1,1,1,4,7,9,7,5,0,0,2,11,0
-9,0,0,23,4,0,0,2,0,0,0,6,9,0,0,6,11,314,0,1,1,1,1,4,6,8,7,4,0,0,2,12,15
49,0,0,6,4,0,0,1,0,0,0,4,11,0,0,6,11,314,0,1,1,1,1,3,6,7,6,3,0,0,2,10,0
3,0,0,2,4,0,0,1,0,0,0,0,10,0,0,6,11,314,0,0,0,0,0,3,6,6,6,3,0,0,2,9,30
-60,0,0,8,4,0,0,0,0,0,0,0,21,0,0,6,11,314,0,0,0,0,0,3,5,5,5,2,0,0,1,10,15
34,0,0,2,3,0,0,0,0,0,0,0,40,0,0,6,11,314,0,0,0,0,0,4,4,4,4,2,0,0,2,9,30
-18,0,0,11,2,0,0,0,0,0,0,0,41,0,0,6,11,314,0,0,0,0,0,3,3,3,3,2,0,0,3,10,45
42,0,0,4,1,0,0,0,0,0,0,0,56,0,0,6,11,314,0,0,0,0,0,2,2,2,2,1,0,0,2,9,45
-3,0,0,0,0,0,0,0,0,0,0,0,64,0,1,6,11,314,0,0,0,0,0,1,1,1,1,0,0,0,1,9,0
28,29,2,49,6,0,0,2,0,0,0,6,9,1,0,5,11,313,0,41,3,6,12,4,7,11,9,5,3,0,1,17,30
44,29,3,46,5,0,0,2,0,0,0,1,14,0,0,5,11,313,0,41,4,7,13,4,6,11,8,4,3,0,1,17,0
6,28,2,48,5,0,0,3,0,0,0,2,13,0,0,5,11,313,1,39,3,5,11,4,7,10,8,4,3,0,1,17,15
21,28,2,43,5,0,0,2,0,0,0,1,14,0,0,5,11,313,1,39,3,5,11,4,6,9,7,3,3,0,1,16,30
14,28,3,41,6,0,0,1,0,0,0,6,9,0,0,5,11,313,2,38,3,5,11,3,6,9,6,3,3,0,2,16,15
82,27,4,39,7,0,0,1,0,0,0,20,10,0,0,5,11,313,2,36,2,5,10,3,5,8,7,3,3,0,2,16,0
111,27,4,35,6,0,0,1,0,0,0,16,14,0,0,5,11,313,2,36,2,6,10,3,5,7,6,3,3,0,2,15,15
1,26,5,46,6,0,0,2,0,0,0,12,3,0,0,5,11,313,2,34,2,6,9,3,5,7,7,3,3,0,1,17,0
19,26,5,43,5,0,0,2,0,0,0,5,10,0,0,5,11,313,2,34,3,6,10,2,4,9,6,3,3,0,1,16,30
41,25,4,41,5,0,0,2,0,0,0,26,4,0,0,5,11,313,2,33,3,5,10,2,3,8,6,3,3,0,2,16,15
-9,23,4,39,4,0,2,2,0,0,0,4,26,0,0,5,11,313,1,31,3,5,10,2,3,9,8,3,3,0,2,16,0
-23,21,3,35,6,0,1,3,0,0,0,16,14,0,0,5,11,313,2,28,1,3,9,2,3,9,9,5,3,0,2,15,15
25,21,3,32,6,0,1,2,0,0,0,41,4,0,0,5,11,313,1,28,2,5,11,2,5,11,9,6,3,1,1,14,15
27,19,4,37,5,0,2,2,0,0,1,11,34,0,0,5,11,313,1,26,3,6,12,4,7,14,10,6,3,2,2,15,30
50,18,5,34,5,0,2,2,0,0,2,12,3,0,0,5,11,313,2,24,2,6,13,5,8,14,10,5,3,2,2,14,45
-75,18,5,45,5,0,2,1,0,0,2,10,5,0,0,5,11,313,2,24,2,6,13,4,7,13,9,4,2,2,2,16,45
-76,18,5,37,4,0,2,1,0,0,2,8,7,0,0,5,11,313,2,24,2,6,13,3,6,14,8,4,2,1,2,15,30
119,18,6,29,3,0,2,2,0,0,2,8,7,0,0,5,11,313,3,23,3,6,12,3,6,16,7,3,2,2,1,13,15
96,16,5,29,3,0,1,3,0,0,2,0,15,0,0,5,11,313,2,22,3,6,11,3,5,17,8,2,1,2,1,13,15
20,15,6,32,4,0,1,3,0,0,2,0,15,0,0,5,11,313,3,20,2,6,11,4,7,16,8,3,1,1,1,14,15
96,13,5,31,4,0,1,3,0,0,2,1,14,0,0,5,11,313,2,19,3,7,10,3,8,17,9,2,1,1,2,13,30
66,13,5,26,4,0,1,3,0,0,1,14,1,0,0,5,11,313,2,19,3,7,10,2,7,16,8,2,1,1,2,13,0
55,13,5,26,4,0,0,3,1,0,1,7,8,0,0,5,11,313,3,18,3,7,10,1,9,17,7,1,0,1,2,13,0
-1,9,2,21,6,0,0,4,1,0,1,5,10,0,0,5,11,313,2,14,3,4,8,8,12,18,11,5,0,0,1,12,15
83,9,2,21,6,0,0,4,1,0,0,4,11,0,0,5,11,313,2,14,3,4,8,7,11,17,10,4,0,0,1,12,15
36,9,2,19,5,0,0,4,1,0,0,1,14,0,0,5,11,313,2,14,3,4,9,6,10,16,9,4,0,0,3,12,0
50,9,2,21,4,0,0,4,1,0,0,13,2,0,0,5,11,313,2,14,3,5,9,6,9,16,8,4,0,0,1,12,15
1,8,3,26,4,0,1,3,1,0,1,3,12,0,0,5,11,313,2,12,1,3,9,7,10,16,9,5,0,0,2,13,0
69,8,3,15,4,0,1,3,1,0,1,10,5,0,0,5,11,313,2,11,0,3,8,7,9,15,9,6,0,0,2,11,30
-16,8,3,17,4,0,1,3,1,0,0,9,6,0,0,5,11,313,2,11,0,3,8,6,9,14,8,6,0,0,2,11,45
23,8,3,15,3,0,1,3,1,0,0,8,7,0,0,5,11,313,2,11,0,3,8,5,9,13,7,5,0,0,2,11,30
18,7,3,24,3,0,1,2,1,0,0,0,15,0,0,5,11,313,1,11,2,4,10,4,8,13,7,5,0,0,1,12,30
69,7,3,12,3,0,1,2,0,0,0,11,4,0,0,5,11,313,0,11,2,4,10,4,7,13,7,4,0,0,1,11,0
4,7,3,19,3,0,1,1,0,0,0,8,7,0,0,5,11,313,0,11,2,4,10,3,7,12,6,3,0,0,3,12,0
68,7,4,10,3,0,1,0,0,0,0,1,14,0,0,5,11,313,0,11,2,4,11,3,6,11,5,2,0,0,2,10,45
-3,7,4,14,4,0,1,0,0,0,0,26,4,0,0,5,11,313,2,9,2,4,9,4,7,12,4,2,0,0,2,11,15
22,7,5,12,3,0,1,0,0,0,0,22,8,0,0,5,11,313,2,9,2,6,9,4,6,11,3,2,0,0,1,11,0
34,5,5,6,4,0,0,0,0,0,0,9,21,0,0,5,11,313,1,8,1,5,8,3,6,12,4,2,0,0,2,10,0
55,5,5,10,3,0,0,0,0,0,0,9,21,0,0,5,11,313,1,8,2,5,8,2,5,11,3,1,0,0,2,10,45
-69,4,4,25,3,0,0,0,0,0,0,9,6,0,0,5,11,313,1,7,3,6,7,3,6,10,3,1,0,0,3,12,45
34,3,3,6,3,0,0,0,0,0,0,22,8,0,0,5,11,313,1,6,3,6,6,3,6,10,3,1,0,0,2,10,0
2,3,3,8,2,0,1,0,0,0,0,14,16,0,0,5,11,313,1,5,4,5,5,3,5,9,3,2,0,0,2,10,15
-26,2,2,8,1,0,2,1,0,0,0,4,26,0,0,5,11,313,2,3,3,3,3,3,6,8,3,2,0,0,2,10,15
11,0,0,4,3,0,1,1,0,0,0,0,15,0,0,5,11,313,1,1,1,1,1,3,6,7,5,2,0,0,2,9,30
29,0,0,0,3,0,0,1,0,0,0,12,3,0,1,5,11,313,1,1,1,1,1,3,5,6,4,1,0,0,2,9,0
-148,0,0,17,3,0,0,1,0,0,0,0,8,0,0,5,11,313,0,0,0,0,0,4,5,5,5,2,0,0,2,11,45
13,0,0,2,3,0,0,0,0,0,0,0,17,0,0,5,11,313,0,0,0,0,0,3,4,4,4,2,0,0,2,9,15
37,0,0,4,2,0,0,0,0,0,0,0,24,0,0,5,11,313,0,0,0,0,0,2,3,3,3,1,0,0,2,9,30
-22,0,0,2,1,0,0,0,0,0,0,0,30,0,0,5,11,313,0,0,0,0,0,1,2,2,2,1,0,0,2,9,15
-4,0,0,0,0,0,0,0,0,0,0,0,60,0,1,5,11,313,0,0,0,0,0,1,1,1,1,1,0,0,2,9,0
87,34,4,45,3,0,0,0,0,0,0,6,0,1,0,4,11,312,1,42,2,5,11,1,2,7,3,0,3,0,2,17,0
8,30,5,42,5,0,2,0,0,0,0,7,8,0,0,4,11,312,2,37,2,6,11,2,6,10,6,0,3,1,1,16,30
56,27,3,40,6,0,2,0,0,0,0,23,7,0,0,4,11,312,0,35,4,5,12,5,6,11,9,1,3,1,2,16,15
8,27,4,37,6,0,1,0,0,0,0,21,9,0,0,4,11,312,0,35,4,6,13,4,5,10,8,1,3,1,2,15,45
17,27,4,38,6,0,0,0,0,0,0,17,13,0,0,4,11,312,0,35,4,6,13,3,5,9,7,1,2,1,2,16,0
71,27,4,42,5,0,0,0,1,0,0,16,14,0,0,4,11,312,1,34,3,5,12,2,5,8,6,1,2,1,1,16,30
49,27,4,40,5,0,0,0,1,0,0,10,20,0,0,4,11,312,2,33,2,4,11,1,4,8,5,1,2,1,2,16,15
-62,24,4,44,5,0,0,1,1,0,0,15,15,0,0,4,11,312,0,31,3,6,13,3,6,12,8,2,2,1,1,16,45
46,23,4,35,4,0,1,2,1,0,0,4,26,0,0,4,11,312,1,29,3,7,11,4,5,11,8,3,2,1,1,15,15
37,23,4,29,4,0,1,1,1,0,0,1,29,0,0,4,11,312,1,29,3,7,12,4,4,10,7,2,1,1,2,14,0
48,22,5,32,3,0,1,1,1,0,1,0,15,0,0,4,11,312,1,28,3,7,11,3,6,9,7,2,1,1,1,14,30
70,21,5,32,3,0,1,2,1,0,1,5,10,0,0,4,11,312,2,26,4,6,10,2,6,8,7,2,1,1,1,14,30
27,21,5,38,2,0,1,2,1,0,1,2,13,0,0,4,11,312,2,26,4,6,10,1,5,7,6,2,1,1,2,16,0
-2,19,7,35,5,0,2,2,0,0,1,3,2,0,0,4,11,312,3,22,3,5,10,5,6,8,8,4,1,1,1,15,15
37,17,6,30,4,0,2,2,0,0,1,3,7,0,0,4,11,312,1,22,4,5,12,5,5,10,9,4,1,1,2,14,15
55,17,6,27,4,0,1,2,0,0,1,2,8,0,0,4,11,312,1,22,4,5,12,4,4,9,8,4,0,1,1,13,25
56,17,6,30,5,0,1,1,0,0,1,12,3,0,0,4,11,312,2,21,3,4,11,3,3,9,7,3,0,0,2,14,15
14,16,5,28,6,0,0,1,0,0,1,1,14,0,0,4,11,312,2,20,3,4,12,2,2,8,7,3,0,0,1,13,30
71,14,3,23,8,0,0,1,0,0,0,4,11,0,0,4,11,312,2,18,1,3,11,1,3,12,8,4,0,0,1,13,0
1,11,6,23,8,0,1,1,0,0,0,11,4,0,0,4,11,312,1,16,4,8,12,3,9,19,10,6,0,0,1,13,0
72,11,6,22,7,0,1,1,0,0,0,9,6,0,0,4,11,312,1,16,4,8,13,3,8,18,9,6,0,0,3,12,45
4,9,5,26,9,0,1,1,1,0,0,12,3,0,0,4,11,312,1,12,4,6,11,7,12,19,12,7,0,0,1,13,15
28,9,5,17,9,0,0,1,1,0,0,9,6,0,0,4,11,312,1,12,4,6,11,6,12,18,11,7,0,0,2,12,0
-64,9,5,34,9,0,0,0,1,0,0,8,7,0,0,4,11,312,1,12,5,6,11,5,11,17,10,6,0,0,2,15,0
51,8,4,21,10,0,0,0,1,0,0,13,2,0,0,4,11,312,2,10,4,5,9,6,13,17,10,5,0,0,1,12,30
22,6,3,13,11,0,0,0,1,0,0,1,14,0,0,4,11,312,2,8,2,4,8,7,13,18,11,4,0,0,1,11,15
51,5,2,19,10,0,0,0,1,0,0,0,15,0,0,4,11,312,1,8,2,4,8,6,12,17,11,4,0,0,1,12,15
53,5,2,16,9,0,0,0,1,0,0,13,2,0,0,4,11,312,1,8,2,4,8,5,11,16,10,4,0,0,2,11,45
65,5,2,13,9,0,0,0,1,0,0,7,8,0,0,4,11,312,1,7,1,4,7,7,10,15,10,5,0,0,1,11,15
50,5,2,17,8,0,0,0,1,0,0,7,8,0,0,4,11,312,1,7,1,4,7,6,9,14,9,4,0,0,2,12,0
-38,4,3,19,9,0,0,0,0,0,0,5,10,0,0,4,11,312,1,6,2,5,6,7,9,14,9,3,0,0,1,12,15
-122,4,3,23,8,0,0,0,0,0,0,2,13,0,0,4,11,312,1,6,2,5,6,6,8,13,8,2,0,0,1,13,0
59,4,4,10,7,0,0,0,0,0,0,27,3,0,0,4,11,312,1,6,2,5,6,6,8,12,7,1,0,0,1,10,45
21,4,4,12,6,0,0,0,0,0,0,26,4,0,0,4,11,312,1,6,2,5,6,5,7,11,6,1,0,0,2,11,0
22,4,4,10,5,0,0,0,0,0,0,22,8,0,0,4,11,312,1,6,3,5,6,4,6,10,5,1,0,0,1,10,45
-2,4,4,15,4,0,0,0,0,0,0,20,10,0,0,4,11,312,1,6,3,5,6,3,5,9,4,1,0,0,1,11,30
21,4,4,8,3,0,0,0,0,0,0,19,11,0,0,4,11,312,1,6,3,5,6,2,4,8,3,0,0,0,2,10,30
60,3,3,6,3,0,0,0,0,0,1,1,29,0,0,4,11,312,2,4,3,4,4,2,6,9,3,0,0,0,2,10,0
-4,1,1,6,5,0,0,0,0,0,1,12,3,0,0,4,11,312,2,1,0,1,1,3,5,8,5,1,0,0,2,10,0
36,0,0,8,4,0,0,0,0,0,1,12,3,0,0,4,11,312,0,1,1,1,1,4,5,7,6,1,0,0,2,10,30
20,0,0,2,3,0,0,0,0,0,1,14,1,0,0,4,11,312,0,1,1,1,1,3,5,6,5,1,0,0,2,9,30
4,0,0,4,3,0,0,0,0,0,0,8,7,0,0,4,11,312,0,1,1,1,1,2,5,5,4,1,0,0,2,9,45
-18,0,0,4,2,0,0,0,0,0,0,7,8,0,0,4,11,312,0,1,1,1,1,1,4,4,3,1,0,0,2,9,45
12,0,0,1,2,0,0,0,0,0,0,0,24,0,0,4,11,312,0,0,0,0,0,3,3,3,3,1,0,0,2,9,15
-6,0,0,0,1,0,0,0,0,0,0,0,43,0,1,4,11,312,0,0,0,0,0,2,2,2,2,0,0,0,1,9,0
39,0,0,2,0,0,0,0,0,0,0,0,47,0,0,4,11,312,0,0,0,0,0,1,1,1,1,0,0,0,2,9,30
44,39,5,45,7,0,0,0,0,0,0,6,9,0,0,3,11,311,1,40,2,4,11,4,6,10,7,5,5,1,1,17,0
-10,38,4,47,7,0,0,0,0,0,0,7,8,1,0,3,11,311,1,39,2,5,10,5,7,10,7,4,5,1,1,17,30
14,37,5,44,6,0,0,0,0,0,0,2,13,0,0,3,11,311,0,39,2,5,12,4,6,10,7,4,5,1,2,16,45
68,37,5,45,5,0,0,0,0,0,0,2,13,0,0,3,11,311,0,39,2,6,12,3,5,9,6,3,5,1,1,17,0
52,37,5,43,5,0,0,0,0,0,0,5,10,0,0,3,11,311,1,38,2,6,11,2,4,9,5,3,5,1,1,16,30
82,36,6,41,5,0,0,0,0,0,0,9,6,0,0,3,11,311,1,37,3,6,11,2,5,10,5,3,4,2,1,16,15
61,34,6,38,4,0,0,0,0,0,1,2,13,0,0,3,11,311,0,36,4,7,12,2,5,11,6,2,4,1,2,16,0
21,34,6,41,4,0,1,0,0,0,1,8,7,0,0,3,11,311,2,34,3,5,12,3,4,10,5,1,4,1,1,16,15
22,30,4,35,5,0,2,0,0,0,0,1,14,0,0,3,11,311,0,32,3,5,12,3,6,11,8,4,3,2,1,15,30
50,30,4,38,4,0,3,0,0,0,0,13,2,0,0,3,11,311,1,31,2,4,11,2,5,10,7,4,3,1,2,16,0
1,28,4,33,6,0,2,0,0,0,0,4,11,0,0,3,11,311,1,29,2,5,11,4,7,11,8,5,3,1,2,15,15
4,27,6,35,6,0,2,0,1,0,0,2,13,0,0,3,11,311,2,27,1,5,11,5,8,10,8,4,2,1,1,15,30
48,27,6,31,6,0,1,0,1,0,0,27,3,0,0,3,11,311,2,27,2,5,12,4,7,9,7,3,2,0,1,14,45
31,26,6,30,5,0,1,0,1,0,0,19,11,0,0,3,11,311,1,27,3,7,12,4,6,9,7,3,2,0,1,14,30
12,26,6,38,4,0,1,0,1,0,0,12,18,0,0,3,11,311,1,27,3,7,12,3,5,8,6,2,2,0,2,16,0
12,26,7,37,4,0,1,0,1,0,0,6,24,0,0,3,11,311,2,26,4,6,12,2,4,7,5,2,2,0,3,15,45
4,24,6,33,3,0,1,2,1,0,0,36,9,0,0,3,11,311,2,24,4,6,11,3,5,7,6,3,2,0,2,15,15
2,22,6,32,3,0,0,3,2,0,0,19,26,0,0,3,11,311,2,22,2,6,11,2,4,7,7,2,2,0,2,15,0
57,21,5,26,2,0,0,3,2,0,0,18,27,0,0,3,11,311,1,22,2,6,11,1,3,6,7,3,2,0,2,13,0
36,18,7,29,3,0,0,4,3,0,0,13,2,0,0,3,11,311,2,18,3,5,10,2,3,11,9,6,2,0,1,14,0
65,18,7,27,3,0,0,4,2,0,0,11,4,0,0,3,11,311,2,18,3,5,10,1,2,11,8,6,2,0,1,13,15
78,15,6,21,6,0,0,4,1,0,0,6,9,0,0,3,11,311,2,15,2,4,11,2,5,16,10,7,2,0,2,12,15
16,11,4,24,6,0,2,3,1,0,0,8,7,0,0,3,11,311,0,13,2,5,10,4,9,16,13,6,2,1,1,12,45
69,11,6,19,6,0,2,3,0,0,0,3,12,0,0,3,11,311,0,13,3,7,12,5,10,15,12,5,2,2,1,12,0
14,10,8,18,7,0,1,3,1,0,0,2,13,0,0,3,11,311,1,11,2,7,10,6,12,17,12,5,2,2,2,11,45
4,10,8,19,7,0,0,3,1,0,0,1,14,0,0,3,11,311,1,11,2,7,10,5,12,16,11,5,2,2,1,12,0
27,9,7,27,8,0,0,2,1,0,0,4,11,0,0,3,11,311,1,10,4,6,9,7,11,16,11,6,1,2,1,13,15
12,9,7,22,7,0,0,2,1,0,0,4,11,0,0,3,11,311,1,10,4,6,9,6,10,15,10,6,1,1,2,12,30
57,8,6,22,7,0,0,1,2,0,0,11,4,0,0,3,11,311,1,9,5,6,8,6,9,14,10,5,1,1,2,12,30
44,8,6,12,6,0,0,1,2,0,0,10,5,0,0,3,11,311,1,9,5,6,8,5,8,13,9,4,1,1,2,11,0
11,8,7,14,7,0,0,1,1,0,0,12,3,0,0,3,11,311,2,8,4,5,8,7,7,13,8,3,1,1,2,11,15
42,6,5,16,7,0,0,1,1,0,0,7,8,0,0,3,11,311,1,6,3,4,7,6,7,12,9,3,1,1,1,11,30
31,5,4,9,7,0,0,1,1,0,0,6,9,0,0,3,11,311,1,6,2,4,6,5,6,11,8,3,0,1,1,10,20
132,5,5,16,7,0,0,0,1,0,0,2,13,0,0,3,11,311,1,6,2,5,6,4,5,10,8,3,0,0,1,11,30
107,2,2,11,8,0,0,0,1,0,0,4,11,0,0,3,11,311,0,4,1,3,4,3,7,12,10,4,0,0,2,10,45
72,2,2,24,7,0,0,0,1,0,0,4,11,0,0,3,11,311,0,4,1,3,4,2,6,11,9,4,0,0,1,12,45
76,2,2,12,6,0,0,0,1,0,0,2,13,0,0,3,11,311,0,4,1,3,4,1,5,11,8,3,0,0,2,11,0
60,1,1,3,6,0,0,0,1,0,0,10,5,0,0,3,11,311,0,3,2,3,3,4,6,11,8,4,0,0,2,9,45
94,0,0,14,6,0,0,0,2,0,0,0,15,0,0,3,11,311,0,1,0,1,1,4,5,10,9,5,0,0,2,11,15
54,0,0,5,6,0,0,0,1,0,0,12,3,0,0,3,11,311,0,1,0,1,1,3,4,9,8,4,0,0,2,10,0
17,0,0,10,5,0,0,0,1,0,0,5,10,0,0,3,11,311,0,1,1,1,1,3,6,8,7,3,0,0,1,10,30
35,0,0,5,4,0,0,0,1,0,0,6,9,0,0,3,11,311,0,1,1,1,1,2,7,7,6,3,0,0,2,10,0
-26,0,0,7,3,0,0,0,1,0,0,7,8,0,0,3,11,311,0,1,1,1,1,4,6,6,5,2,0,0,1,10,15
32,0,0,2,3,0,0,0,1,0,0,0,18,0,0,3,11,311,0,0,0,0,0,5,5,5,5,1,0,0,2,9,30
-11,0,0,1,2,0,0,0,1,0,0,0,18,0,0,3,11,311,0,0,0,0,0,4,4,4,4,0,0,0,1,9,15
49,0,0,0,2,0,0,0,0,0,0,0,20,0,1,3,11,311,0,0,0,0,0,3,3,3,3,0,0,0,1,9,0
57,0,0,7,1,0,0,0,0,0,0,0,27,0,0,3,11,311,0,0,0,0,0,2,2,2,2,0,0,0,1,10,15
68,0,0,3,0,0,0,0,0,0,0,0,32,0,0,3,11,311,0,0,0,0,0,1,1,1,1,0,0,0,2,9,45
9,31,3,45,0,0,0,1,0,0,0,17,13,1,0,2,11,310,1,44,1,4,9,1,2,5,1,0,5,0,1,17,30
7,28,3,44,2,0,0,2,0,0,0,19,11,0,0,2,11,310,2,40,2,5,14,1,4,7,3,3,5,1,1,17,0
60,26,4,39,2,0,0,2,1,0,0,6,9,0,0,2,11,310,1,38,4,8,15,4,6,12,5,4,4,1,2,16,0
5,25,4,39,3,0,0,1,1,0,0,0,15,0,0,2,11,310,1,37,4,9,15,4,5,12,5,4,4,0,2,16,0
3,25,4,42,2,0,0,1,1,0,0,12,3,0,0,2,11,310,1,37,4,9,15,3,4,11,4,3,4,0,1,16,30
-40,25,4,42,3,0,0,1,1,0,0,13,2,0,0,2,11,310,2,35,5,9,14,2,3,10,4,2,4,0,1,16,30
22,25,4,34,4,0,0,1,0,0,1,4,11,0,0,2,11,310,3,33,4,7,12,2,3,11,4,1,4,0,1,15,15
-20,23,4,37,5,0,0,2,0,0,1,12,18,0,0,2,11,310,3,30,4,7,11,1,5,12,6,2,4,0,3,15,45
22,21,5,32,6,0,1,3,0,0,1,20,10,0,0,2,11,310,3,26,4,5,12,6,9,13,9,5,4,2,1,14,30
-33,21,5,36,6,0,1,3,0,0,0,18,12,0,0,2,11,310,3,26,4,5,12,5,8,13,8,4,4,2,2,15,30
33,19,3,33,7,0,1,3,0,0,1,5,25,0,0,2,11,310,3,23,1,4,11,5,8,14,10,6,4,2,2,15,0
-4,19,3,30,6,0,1,3,0,0,1,14,1,0,0,2,11,310,3,23,2,4,11,4,7,13,9,5,4,2,1,14,15
-2,19,4,34,6,0,1,2,0,0,1,9,6,0,0,2,11,310,2,23,2,4,11,4,7,13,9,6,4,2,1,15,15
-140,19,4,39,6,0,1,2,0,0,0,6,9,0,0,2,11,310,2,23,2,5,11,4,6,12,8,6,3,2,2,16,0
300,18,4,0,7,0,0,2,0,0,0,1,14,0,1,2,11,310,2,22,2,5,12,3,6,11,8,5,3,1,1,9,0
68,17,5,28,8,0,0,1,0,0,0,12,3,0,0,2,11,310,2,21,2,6,13,4,5,13,8,4,2,1,1,13,30
-15,17,5,30,7,0,0,1,0,0,0,8,7,0,0,2,11,310,2,21,3,7,14,3,5,12,7,3,2,0,1,14,15
-80,16,6,37,8,0,0,0,0,0,0,6,9,0,0,2,11,310,1,20,4,7,13,3,6,14,8,4,2,0,3,15,45
107,15,5,24,8,0,0,0,0,0,0,12,3,0,0,2,11,310,1,19,4,7,12,2,7,13,8,3,2,1,2,12,45
114,14,6,25,7,0,1,1,0,0,0,3,12,0,0,2,11,310,2,17,3,6,11,3,6,12,8,2,2,1,1,13,0
111,12,7,18,8,0,1,1,1,0,0,11,4,0,0,2,11,310,2,14,2,6,11,5,8,15,10,4,2,1,2,12,0
36,12,7,18,7,0,1,1,1,0,0,5,10,0,0,2,11,310,2,14,3,7,11,4,8,16,9,4,2,1,2,12,0
13,12,7,22,6,0,1,1,1,0,0,0,15,0,0,2,11,310,2,14,4,7,12,3,9,15,8,4,2,1,1,12,30
-54,10,5,29,7,0,1,1,1,0,0,21,9,0,0,2,11,310,2,12,3,5,10,4,8,16,9,6,1,1,2,13,45
20,10,5,25,6,0,1,1,1,0,0,13,17,0,0,2,11,310,2,12,4,5,10,4,7,16,8,5,1,0,1,13,0
64,7,3,22,7,0,2,1,1,0,0,14,1,0,0,2,11,310,2,9,2,3,7,6,6,15,10,7,1,0,1,12,30
57,7,3,14,6,0,2,1,1,0,0,9,6,0,0,2,11,310,2,9,2,5,8,5,6,14,9,7,1,0,2,11,15
51,6,2,20,5,0,2,2,1,0,0,2,13,0,0,2,11,310,2,8,1,5,7,4,7,14,9,8,1,0,2,12,15
-48,5,1,27,6,0,2,1,1,0,0,7,8,0,0,2,11,310,2,7,1,4,6,3,8,13,9,7,1,1,1,13,15
0,5,2,16,5,0,2,1,1,0,0,3,12,0,0,2,11,310,2,7,1,4,6,2,8,13,8,6,1,1,2,11,30
3,5,2,20,5,0,1,1,1,0,0,1,14,0,0,2,11,310,2,7,1,5,6,1,7,12,7,6,1,1,2,12,15
59,4,3,12,7,0,1,1,0,0,0,10,5,0,0,2,11,310,1,5,3,4,5,7,9,15,9,6,1,1,2,11,0
23,4,3,14,6,0,1,2,0,0,0,9,6,0,0,2,11,310,2,4,2,3,4,7,8,14,8,5,1,1,2,11,15
28,4,4,16,5,0,1,2,0,0,0,7,8,0,0,2,11,310,2,4,2,3,4,6,7,13,7,4,1,1,2,11,30
29,4,4,10,5,0,0,3,0,0,0,14,1,0,0,2,11,310,2,3,1,2,3,6,7,12,7,3,0,1,2,10,45
64,4,4,7,4,0,0,3,0,0,0,8,7,0,0,2,11,310,2,3,1,2,3,5,6,11,6,3,0,0,1,10,15
-17,3,3,10,3,0,0,3,0,0,0,6,9,0,0,2,11,310,1,3,1,2,3,4,5,10,6,2,0,0,2,10,45
-10,2,2,9,3,0,0,3,0,0,0,11,4,0,0,2,11,310,1,2,1,1,2,3,5,9,6,2,0,0,2,10,30
83,2,2,7,2,0,0,3,0,0,0,9,6,0,0,2,11,310,1,2,1,1,2,2,5,8,5,2,0,0,1,10,15
37,1,1,5,2,0,0,2,0,0,0,0,15,0,0,2,11,310,0,2,1,2,2,2,6,7,5,1,0,0,2,10,0
-11,0,0,12,2,0,0,2,0,0,0,4,11,0,0,2,11,310,0,1,1,1,1,5,6,6,5,2,0,0,2,11,0
6,0,0,5,2,0,0,1,0,0,0,4,11,0,0,2,11,310,0,1,1,1,1,4,5,5,4,1,0,0,2,10,0
8,0,0,1,1,0,0,1,0,0,0,0,4,0,0,2,11,310,0,1,1,1,1,4,4,4,3,1,0,0,1,9,15
15,0,0,3,1,0,0,0,0,0,0,0,8,0,0,2,11,310,0,1,1,1,1,3,3,3,2,0,0,0,2,9,45
1,0,0,3,0,0,0,1,0,0,0,0,11,0,0,2,11,310,1,0,0,0,0,2,2,2,1,0,0,0,2,9,45
-42,0,0,2,0,0,0,0,0,0,0,0,29,0,0,2,11,310,0,0,0,0,0,1,1,1,1,0,0,0,2,9,30
35,39,4,52,2,0,0,4,1,0,0,7,8,1,0,6,11,307,1,45,2,4,13,1,5,12,7,1,7,0,1,17,30
57,38,3,51,2,0,1,4,1,0,0,5,10,0,0,6,11,307,1,43,3,6,12,4,7,15,8,2,7,2,1,17,15
45,38,3,47,2,0,1,4,1,0,0,2,13,0,0,6,11,307,2,42,2,5,11,3,6,14,7,2,7,2,1,16,45
95,36,4,43,2,0,2,3,1,0,0,1,14,0,0,6,11,307,1,41,2,7,11,4,6,13,8,3,7,2,1,16,15
-2,36,6,47,2,0,1,3,1,0,0,10,5,0,0,6,11,307,1,41,2,8,12,3,5,13,7,3,7,2,1,16,45
10,35,5,42,2,0,0,4,1,0,0,1,14,0,0,6,11,307,1,40,3,8,12,3,7,12,7,3,7,3,3,16,0
54,35,7,50,2,0,1,3,1,0,0,2,13,0,0,6,11,307,1,39,4,8,12,2,8,12,7,4,6,3,1,17,0
29,35,7,47,2,0,1,2,1,0,0,10,5,0,0,6,11,307,0,39,7,8,13,2,8,11,7,5,5,2,1,16,45
62,32,5,40,5,0,1,2,1,0,0,1,14,0,0,6,11,307,1,34,4,5,11,6,8,10,9,6,5,2,1,15,30
14,30,4,38,5,0,1,4,1,0,0,9,6,0,0,6,11,307,2,32,1,3,9,6,8,9,10,6,5,2,1,15,15
67,30,4,41,5,0,1,4,0,0,0,8,7,0,0,6,11,307,2,32,1,3,9,5,7,8,9,5,4,2,1,15,45
60,30,4,43,4,0,1,4,0,0,0,7,8,0,0,6,11,307,2,32,1,3,9,5,6,7,8,4,4,1,1,16,15
2,29,4,38,3,0,1,4,0,0,0,10,5,0,0,6,11,307,1,32,2,4,10,4,6,7,8,5,4,1,1,15,15
-30,29,4,43,3,0,0,4,0,0,0,5,10,0,0,6,11,307,1,32,2,5,10,3,5,7,7,4,4,1,1,16,15
75,28,4,33,3,0,0,4,0,0,0,14,1,0,0,6,11,307,1,31,1,4,10,3,4,8,7,3,4,1,1,14,0
29,28,5,36,2,0,0,4,0,0,0,8,7,0,0,6,11,307,1,31,2,5,11,2,3,8,6,3,3,1,2,15,0
31,27,6,35,3,0,0,3,0,0,0,14,16,0,0,6,11,307,1,30,3,6,12,2,2,9,6,3,3,0,2,14,45
80,26,6,36,3,0,1,3,0,0,0,1,29,0,0,6,11,307,2,28,3,6,13,1,1,9,6,4,3,0,2,15,0
73,20,7,30,5,0,1,4,1,0,1,13,2,0,0,6,11,307,2,22,3,7,14,5,9,13,11,5,3,0,1,13,0
19,19,8,34,4,0,1,4,1,0,1,7,8,0,0,6,11,307,1,22,3,8,15,5,8,13,11,5,3,0,1,14,30
133,19,8,24,3,0,1,4,1,0,1,5,10,0,0,6,11,307,1,22,4,9,15,4,7,13,10,5,3,0,2,12,15
43,18,7,31,3,0,0,4,1,0,1,1,14,0,0,6,11,307,0,22,4,10,15,4,6,12,10,6,3,0,1,13,15
-41,18,7,46,4,0,0,4,1,0,1,10,5,0,0,6,11,307,2,20,4,8,14,4,6,12,9,6,3,0,3,16,30
55,16,7,28,5,0,0,3,1,0,1,7,8,0,0,6,11,307,0,19,5,9,15,4,7,14,11,7,3,1,1,12,45
79,16,8,26,6,0,0,3,1,0,0,2,13,0,0,6,11,307,1,18,6,8,14,3,6,13,10,7,3,1,2,12,30
89,15,7,32,6,0,0,2,1,0,0,14,1,0,0,6,11,307,0,18,6,9,14,2,5,13,10,6,3,1,1,13,30
62,14,7,24,7,0,0,3,1,0,0,1,14,0,0,6,11,307,2,15,4,6,13,3,5,15,10,6,3,2,2,12,15
84,11,5,21,7,0,1,3,2,0,0,12,3,0,0,6,11,307,2,12,3,6,12,3,6,18,12,6,3,2,2,11,45
10,10,5,28,7,0,1,3,2,0,0,1,14,0,0,6,11,307,2,11,2,5,11,3,7,18,12,6,3,2,1,12,45
108,9,4,14,6,0,1,3,2,0,0,14,1,0,0,6,11,307,1,11,3,5,11,2,7,17,12,6,2,3,2,11,0
41,8,4,19,6,0,1,3,3,0,0,12,3,0,0,6,11,307,2,9,3,5,9,3,9,17,12,6,1,2,1,11,30
61,7,4,19,6,0,1,3,3,0,0,10,5,0,0,6,11,307,1,8,3,6,8,6,10,18,13,6,1,1,1,11,30
70,6,3,12,6,0,0,4,3,0,0,5,10,0,0,6,11,307,1,7,3,5,7,5,10,19,13,5,1,1,3,10,45
90,6,5,22,6,0,0,4,3,0,0,10,5,0,0,6,11,307,2,6,2,6,6,6,13,18,12,5,1,1,2,12,0
15,5,4,17,6,0,0,3,3,0,0,6,9,0,0,6,11,307,1,6,2,6,6,6,12,17,12,5,1,1,2,11,15
105,5,5,9,5,0,0,3,3,0,0,1,14,0,0,6,11,307,1,6,4,6,6,5,11,17,11,4,0,1,2,10,30
59,5,5,14,5,0,0,3,2,0,0,13,2,0,0,6,11,307,1,6,4,6,6,5,11,16,10,4,0,0,2,11,0
-5,4,4,26,5,0,1,3,2,0,0,14,1,0,0,6,11,307,2,4,4,4,4,8,10,16,10,3,0,0,2,12,30
78,4,4,5,5,0,1,3,1,0,0,13,2,0,0,6,11,307,1,4,4,4,4,7,9,15,10,4,0,0,2,10,0
-12,4,4,17,5,0,1,3,0,0,0,10,5,0,0,6,11,307,0,4,4,4,4,7,8,14,10,3,0,0,2,11,15
81,3,3,2,5,0,2,3,0,0,0,1,14,0,0,6,11,307,1,2,2,2,2,6,8,13,10,3,0,0,2,9,30
24,3,3,7,4,0,2,3,0,0,0,9,6,0,0,6,11,307,1,2,2,2,2,6,8,12,9,3,0,0,3,10,15
23,3,3,22,3,0,2,3,1,0,0,2,13,0,0,6,11,307,2,1,1,1,1,5,9,11,8,3,0,0,2,12,0
66,3,3,9,2,0,2,3,1,0,0,2,13,0,0,6,11,307,2,1,1,1,1,4,8,10,7,2,0,0,2,10,30
16,2,2,12,2,0,2,2,1,0,0,0,15,0,0,6,11,307,1,0,1,1,1,3,7,9,7,3,0,0,3,10,45
56,1,1,14,2,0,2,2,1,0,0,10,5,0,0,6,11,307,1,0,0,0,0,2,6,8,7,4,0,0,2,11,0
20,0,0,3,2,0,1,2,1,0,0,14,1,0,0,6,11,307,0,0,0,0,0,3,6,7,7,4,0,0,2,9,45
-1,0,0,7,2,0,0,2,1,0,0,6,9,0,0,6,11,307,0,0,0,0,0,4,6,6,6,3,0,0,3,10,15
19,0,0,1,2,0,0,2,0,0,0,0,15,0,0,6,11,307,0,0,0,0,0,4,5,5,5,2,0,0,1,9,15
27,0,0,5,1,0,0,2,0,0,0,0,7,0,0,6,11,307,0,0,0,0,0,4,4,4,4,2,0,0,2,10,0
44,0,0,0,0,0,0,2,0,0,0,0,9,0,1,6,11,307,0,0,0,0,0,3,3,3,3,2,0,0,1,9,0
-20,0,0,9,0,0,0,1,0,0,0,0,28,0,0,6,11,307,0,0,0,0,0,2,2,2,2,1,0,0,2,10,30
1,0,0,3,0,0,0,0,0,0,0,0,35,0,0,6,11,307,0,0,0,0,0,1,1,1,1,1,0,0,2,9,45
28,36,6,46,2,0,0,2,0,0,1,14,1,0,0,5,11,306,0,43,3,8,14,1,1,9,6,3,1,0,1,17,0
38,30,4,43,9,0,0,3,0,0,0,14,1,0,0,5,11,306,1,35,3,6,13,5,8,17,12,5,1,0,2,16,30
29,30,4,41,8,0,0,4,0,0,0,10,5,0,0,5,11,306,2,34,3,6,12,4,9,16,11,5,1,0,1,16,15
15,30,5,48,7,0,0,4,0,0,0,8,7,1,0,5,11,306,2,34,3,6,12,3,8,16,10,5,1,0,1,17,30
20,29,5,44,7,0,0,3,0,0,0,13,2,0,0,5,11,306,1,34,3,8,12,3,10,15,10,4,1,0,2,16,45
2,28,5,39,7,0,0,3,0,0,0,4,11,0,0,5,11,306,1,33,4,8,12,4,10,15,10,4,1,0,2,16,0
13,27,4,46,7,0,0,4,0,0,0,0,15,0,0,5,11,306,1,31,4,7,12,7,10,17,11,3,1,0,1,17,0
3,27,5,41,6,0,0,4,0,0,0,13,2,0,0,5,11,306,1,31,5,7,12,7,9,16,10,2,1,0,1,16,15
124,26,4,28,5,0,0,5,0,0,0,11,4,0,0,5,11,306,1,30,5,6,11,6,8,15,10,3,1,0,1,14,15
112,26,4,33,6,0,0,4,1,0,0,13,2,0,0,5,11,306,2,28,3,6,11,6,9,15,10,4,1,0,2,15,15
29,26,4,31,5,0,0,4,1,0,0,11,4,0,0,5,11,306,2,28,3,6,11,5,8,15,9,4,1,0,2,15,0
35,25,3,39,4,0,1,4,1,0,0,1,14,0,0,5,11,306,2,27,3,5,12,4,8,16,9,5,1,0,2,16,0
-16,25,3,44,3,0,1,4,1,0,0,0,15,0,0,5,11,306,2,27,3,5,12,4,7,15,8,4,1,0,2,16,45
50,24,2,31,4,0,1,3,1,0,0,14,1,0,0,5,11,306,2,26,2,4,11,3,6,14,8,4,1,0,2,15,0
13,23,2,35,5,0,1,2,1,0,0,7,8,0,0,5,11,306,2,25,1,4,12,2,5,13,8,5,1,0,2,15,30
-13,23,5,37,5,0,1,2,1,0,0,1,14,0,0,5,11,306,2,24,2,5,13,4,8,12,8,4,1,0,2,15,45
32,22,4,35,4,0,1,2,1,0,0,6,9,0,0,5,11,306,1,24,3,7,14,3,7,12,8,5,1,0,2,15,30
-8,22,4,33,4,0,1,1,1,0,0,3,12,0,0,5,11,306,1,24,3,7,15,3,7,11,7,5,1,0,2,15,15
39,22,6,27,3,0,1,1,2,0,1,24,6,0,0,5,11,306,2,22,3,6,14,4,7,11,7,5,1,1,1,14,0
-23,21,6,30,2,0,1,2,2,0,1,6,24,0,0,5,11,306,2,21,4,8,15,4,8,16,7,5,1,1,2,14,45
83,20,6,26,4,0,1,2,1,0,1,14,1,0,0,5,11,306,3,19,2,7,14,4,7,16,7,5,1,1,1,13,30
42,19,6,29,4,0,1,1,1,0,1,12,3,0,0,5,11,306,2,19,2,7,14,3,6,15,7,4,1,1,1,14,30
19,19,7,25,4,0,1,0,1,0,1,4,11,0,0,5,11,306,2,19,4,8,15,4,5,14,6,3,1,1,1,13,15
89,18,9,21,4,0,1,1,1,0,1,3,12,0,0,5,11,306,3,17,4,8,13,4,5,16,6,4,1,1,2,12,45
-105,17,9,37,4,0,1,1,1,0,0,11,4,0,0,5,11,306,2,17,5,9,13,3,5,16,6,3,0,1,2,15,45
28,16,9,23,4,0,1,1,1,0,0,5,10,0,0,5,11,306,2,16,5,8,13,2,5,15,6,2,0,0,1,13,0
100,16,9,14,5,0,1,1,0,0,0,3,12,0,0,5,11,306,3,15,4,8,12,1,5,14,5,2,0,0,1,12,0
29,9,4,19,8,0,2,1,0,0,0,9,6,0,0,5,11,306,0,10,4,6,10,6,11,15,12,5,0,0,2,12,30
42,8,4,14,7,0,2,1,0,0,0,14,1,0,0,5,11,306,0,9,4,5,9,8,12,15,12,6,0,0,1,12,0
60,7,3,8,8,0,2,1,0,0,0,6,9,0,0,5,11,306,0,8,4,5,8,7,11,15,12,7,0,0,1,11,0
51,7,3,8,7,0,2,1,0,0,0,5,10,0,0,5,11,306,0,8,4,5,8,6,10,14,11,6,0,0,1,11,0
134,7,4,19,6,0,2,2,0,0,0,14,1,0,0,5,11,306,1,7,3,5,7,5,9,13,10,5,0,0,2,12,30
33,7,4,14,6,0,1,2,0,0,0,11,4,0,0,5,11,306,1,7,3,5,7,5,8,13,9,5,0,0,1,12,0
31,6,3,21,5,0,2,2,0,0,0,8,7,0,0,5,11,306,1,6,2,4,6,5,7,12,9,6,0,0,2,12,45
9,6,3,14,4,0,2,2,0,0,0,7,8,0,0,5,11,306,1,6,2,4,6,4,6,11,8,5,0,0,1,12,0
42,6,3,12,3,0,2,2,0,0,0,5,10,0,0,5,11,306,1,6,2,4,6,3,5,10,7,4,0,0,4,11,45
40,5,4,18,5,0,2,1,0,0,0,13,2,0,0,5,11,306,2,4,2,4,4,4,6,11,7,4,0,0,2,12,15
-19,5,5,23,4,0,2,1,0,0,0,10,5,0,0,5,11,306,2,4,2,4,4,3,5,10,6,4,0,0,1,13,0
56,5,5,11,3,0,2,1,0,0,0,4,11,0,0,5,11,306,2,4,2,4,4,2,5,9,5,3,0,0,2,11,30
28,4,4,12,3,0,1,1,0,0,0,1,14,0,0,5,11,306,0,4,2,4,4,1,4,8,6,4,0,0,4,11,45
56,2,2,6,6,0,1,0,0,0,0,0,15,0,0,5,11,306,1,1,1,1,1,3,5,9,7,5,0,0,2,10,45
-13,2,2,10,6,0,0,0,0,0,0,10,5,0,0,5,11,306,1,1,1,1,1,2,4,8,6,4,0,0,1,11,15
83,0,0,1,6,0,0,0,0,0,0,4,11,0,0,5,11,306,0,0,0,0,0,3,5,7,7,4,0,0,2,10,0
46,0,0,1,5,0,0,0,0,0,0,6,9,0,0,5,11,306,0,0,0,0,0,3,4,6,6,3,0,0,2,10,0
88,0,0,6,4,0,0,0,0,0,0,0,2,0,0,5,11,306,0,0,0,0,0,3,4,5,5,2,0,0,2,10,45
25,0,0,0,3,0,0,0,0,0,0,0,20,0,1,5,11,306,0,0,0,0,0,2,4,4,4,2,0,0,2,9,45
33,0,0,5,2,0,0,0,0,0,0,0,26,0,0,5,11,306,0,0,0,0,0,1,3,3,3,1,0,0,2,10,30
16,0,0,3,1,0,0,0,0,0,0,0,57,0,0,5,11,306,0,0,0,0,0,2,2,2,2,0,0,0,1,10,15
2,0,0,3,0,0,0,0,0,0,0,0,63,0,0,5,11,306,0,0,0,0,0,1,1,1,1,0,0,0,1,10,15
149,34,4,42,4,0,1,0,0,0,0,2,13,0,0,4,11,305,1,44,2,4,9,1,3,11,5,3,4,0,2,16,15
25,32,3,46,4,0,1,0,1,0,0,2,13,0,0,4,11,305,1,42,2,3,8,2,4,13,6,3,4,1,2,17,0
-44,31,2,47,5,0,1,0,1,0,0,0,15,0,0,4,11,305,1,40,1,4,8,2,6,13,7,5,4,1,1,17,15
22,29,2,47,6,0,0,0,1,0,0,2,13,0,0,4,11,305,0,39,3,4,10,5,9,12,8,5,3,1,1,17,15
43,29,2,49,5,0,0,0,1,0,0,11,4,1,0,4,11,305,0,39,3,4,11,5,9,12,7,4,3,0,1,17,30
36,29,2,45,4,0,1,0,1,0,0,14,1,0,0,4,11,305,1,38,3,4,10,7,9,11,6,3,3,0,1,16,45
55,29,2,41,4,0,1,0,0,0,0,11,4,0,0,4,11,305,0,37,3,4,11,6,8,10,6,4,3,0,1,16,0
39,29,2,43,3,0,2,0,0,0,0,10,5,0,0,4,11,305,1,37,2,3,10,5,7,9,5,3,3,0,1,16,30
8,29,3,43,3,0,2,0,0,0,0,14,1,0,0,4,11,305,2,36,1,4,11,5,7,8,4,3,3,0,1,16,30
-1,28,3,40,3,0,1,0,0,0,0,9,6,0,0,4,11,305,1,36,1,5,11,5,6,7,4,2,3,0,1,15,45
58,28,3,37,2,0,1,1,0,0,0,3,12,0,0,4,11,305,1,35,1,4,10,4,5,6,4,1,3,0,1,15,30
32,28,3,37,1,0,1,1,0,0,0,2,13,0,0,4,11,305,1,35,1,4,10,3,4,5,3,1,3,0,1,15,30
-8,27,3,37,0,0,1,1,0,0,0,1,14,0,0,4,11,305,0,35,3,6,12,3,3,5,3,1,3,0,1,15,30
42,27,3,33,0,0,0,1,0,0,0,10,5,0,0,4,11,305,0,35,4,7,12,2,3,4,2,1,3,1,1,14,45
-31,26,4,35,2,0,0,1,0,0,0,6,9,0,0,4,11,305,1,32,3,7,12,1,2,4,3,1,3,1,3,15,15
6,24,5,31,3,0,0,2,0,0,0,13,17,0,0,4,11,305,1,29,4,6,13,1,2,8,5,3,2,2,1,14,30
39,20,5,31,4,0,0,3,1,0,0,2,28,0,0,4,11,305,0,25,3,6,13,1,3,12,9,7,1,1,1,14,30
9,18,5,29,5,0,0,4,2,0,1,8,7,0,0,4,11,305,2,20,3,5,15,3,8,19,11,7,1,0,2,14,15
-1,16,4,25,5,0,0,4,2,0,0,14,1,0,0,4,11,305,0,20,4,6,16,4,7,20,12,7,1,0,1,12,45
17,15,5,28,5,0,1,5,2,0,0,12,3,0,0,4,11,305,2,17,2,5,15,5,10,19,12,7,1,0,2,13,45
26,15,5,27,5,0,1,4,2,0,0,4,11,0,0,4,11,305,1,17,3,8,16,5,11,19,12,7,1,1,1,13,15
87,15,6,21,5,0,1,4,2,0,0,0,15,0,0,4,11,305,2,16,2,7,15,4,11,18,11,6,1,1,1,12,0
53,15,6,25,4,0,1,4,2,0,0,13,2,0,0,4,11,305,2,16,2,7,15,3,11,17,10,6,1,1,1,12,45
-18,13,5,29,4,0,1,3,2,0,0,8,7,0,0,4,11,305,0,16,3,9,15,2,12,16,11,6,1,1,2,14,15
32,13,7,21,3,0,2,3,2,0,0,11,4,0,0,4,11,305,1,15,3,10,14,5,11,18,10,5,1,1,1,12,0
84,11,8,17,3,0,3,4,2,0,0,4,11,0,0,4,11,305,2,12,5,10,11,10,13,20,11,5,1,1,2,11,30
36,11,8,19,3,0,3,3,2,0,0,4,11,0,0,4,11,305,2,12,5,10,11,9,12,19,10,5,1,1,2,11,45
43,11,8,23,2,0,3,3,2,0,0,3,12,0,0,4,11,305,2,12,5,10,11,8,11,18,9,4,1,1,1,12,15
49,11,8,24,2,0,3,2,2,0,0,0,15,0,0,4,11,305,2,12,6,10,11,7,10,18,8,4,1,1,2,12,30
62,10,8,17,4,0,3,2,2,0,0,5,10,0,0,4,11,305,2,9,4,8,8,8,9,17,10,5,0,1,2,11,30
-38,10,8,34,3,0,3,2,2,0,0,5,10,0,0,4,11,305,2,9,4,8,8,7,9,16,9,4,0,0,2,15,0
-185,10,8,35,3,0,2,2,2,0,0,3,12,0,0,4,11,305,2,9,5,8,8,7,8,16,8,4,0,0,3,15,15
-30,9,7,19,3,0,1,2,2,0,0,14,1,0,0,4,11,305,1,9,5,8,9,6,7,15,8,4,0,0,2,11,45
34,8,7,13,3,0,0,2,3,0,0,9,6,0,0,4,11,305,1,8,5,7,8,5,6,15,8,4,0,0,2,11,0
39,8,7,15,4,0,0,2,2,0,0,9,6,0,0,4,11,305,2,7,4,6,7,4,5,14,7,4,0,0,2,11,15
-6,5,5,15,4,0,1,2,2,0,0,8,7,0,0,4,11,305,1,5,4,4,5,3,7,14,9,4,0,0,2,11,15
1,5,5,13,3,0,1,2,2,0,0,7,8,0,0,4,11,305,1,5,4,4,5,2,6,13,8,4,0,0,2,11,0
19,5,5,9,3,0,1,2,2,0,0,4,11,0,0,4,11,305,2,4,3,3,4,2,5,13,7,3,0,0,2,10,30
42,2,2,9,5,0,1,3,1,0,0,5,10,0,0,4,11,305,2,1,0,0,1,4,8,12,9,4,0,0,2,10,30
38,1,1,11,5,0,1,2,1,0,0,6,9,0,0,4,11,305,1,1,0,1,1,6,9,11,9,4,0,0,2,10,45
72,0,0,11,4,0,1,2,1,0,0,1,14,0,0,4,11,305,0,1,0,1,1,6,8,10,9,4,0,0,2,10,45
43,0,0,7,4,0,1,1,1,0,0,13,2,0,0,4,11,305,0,1,0,1,1,5,7,9,8,4,0,0,2,10,15
50,0,0,5,3,0,1,1,1,0,0,3,12,0,0,4,11,305,0,1,0,1,1,4,8,8,7,3,0,0,2,10,0
22,0,0,5,3,0,1,1,0,0,0,0,15,0,0,4,11,305,0,1,0,1,1,4,7,7,6,3,0,0,2,10,0
48,0,0,3,3,0,0,1,0,0,0,29,1,0,0,4,11,305,0,1,1,1,1,3,6,6,5,2,0,0,2,9,45
28,0,0,3,2,0,0,1,0,0,0,18,12,0,0,4,11,305,0,1,1,1,1,3,5,5,4,1,0,0,2,9,45
27,0,0,1,1,0,0,1,0,0,0,3,27,0,0,4,11,305,0,1,1,1,1,4,4,4,3,1,0,0,2,9,30
23,0,0,7,0,0,0,1,0,0,1,0,1,0,0,4,11,305,0,0,0,0,0,3,3,3,3,0,0,0,2,10,15
17,0,0,1,0,0,0,0,0,0,1,0,17,0,0,4,11,305,0,0,0,0,0,2,2,2,2,0,0,0,2,9,30
-1,0,0,0,0,0,0,0,0,0,0,0,24,0,1,4,11,305,0,0,0,0,0,1,1,1,1,0,0,0,2,9,0
37,45,1,53,2,0,1,1,0,0,1,7,23,1,0,3,10,304,0,48,2,4,12,2,4,7,6,1,4,2,1,18,0
57,45,4,49,2,0,1,1,0,0,1,4,11,0,0,3,10,304,1,47,3,5,12,2,5,9,5,1,3,1,1,17,0
61,44,6,51,2,0,2,2,0,0,1,5,10,0,0,3,10,304,3,44,2,7,11,4,4,13,5,1,3,0,1,17,15
9,44,7,52,2,0,2,1,0,0,1,1,14,0,0,3,10,304,3,44,2,7,11,3,4,12,4,1,3,0,1,17,30
52,41,6,49,2,0,2,2,0,0,0,11,4,0,0,3,10,304,0,43,4,8,12,2,6,12,7,2,3,1,1,17,0
105,41,6,45,1,0,2,2,0,0,0,10,5,0,0,3,10,304,0,43,4,8,12,1,5,11,6,2,3,1,2,16,30
17,37,4,41,4,0,3,3,0,0,0,4,11,0,0,3,10,304,1,37,2,4,9,4,9,14,10,7,3,3,2,16,0
46,35,3,45,5,0,2,3,0,0,0,6,9,0,0,3,10,304,0,36,2,5,10,4,9,13,11,6,3,3,2,16,30
29,35,3,41,5,0,1,3,0,0,0,4,11,0,0,3,10,304,0,36,2,5,10,4,8,12,10,5,2,3,2,16,0
-13,35,3,47,4,0,1,3,0,0,0,0,15,0,0,3,10,304,0,36,2,5,10,5,7,11,9,5,2,2,2,16,45
68,35,4,35,5,0,1,3,0,0,0,7,8,0,0,3,10,304,2,34,3,5,12,6,6,11,8,4,1,2,2,15,0
17,35,4,43,5,0,1,2,0,0,0,6,9,0,0,3,10,304,2,34,3,5,12,5,5,10,7,3,0,1,2,16,15
22,35,4,37,4,0,1,2,0,0,0,3,12,0,0,3,10,304,2,34,3,5,12,4,5,10,6,3,0,0,1,15,15
14,35,4,39,4,0,0,2,0,0,0,2,13,0,0,3,10,304,2,34,3,5,12,3,4,9,5,3,0,0,1,15,30
59,34,4,35,4,0,0,2,0,0,0,22,8,0,0,3,10,304,2,33,3,5,12,2,5,8,5,4,0,0,2,15,0
43,33,3,40,5,0,0,1,0,0,0,15,15,0,0,3,10,304,2,32,2,4,12,1,5,7,5,4,0,0,2,15,45
-20,31,7,43,5,0,0,2,1,0,0,5,10,0,0,3,10,304,2,29,3,7,15,4,5,9,7,5,0,0,2,16,15
35,30,6,37,5,0,0,2,1,0,0,28,2,0,0,3,10,304,2,28,2,6,14,3,5,9,7,5,0,0,1,15,15
21,30,7,34,5,0,0,1,1,0,0,23,7,0,0,3,10,304,2,28,2,7,14,3,4,8,6,4,0,0,2,14,30
-122,30,7,47,4,0,0,1,1,0,0,20,10,0,0,3,10,304,2,28,3,7,15,2,3,7,5,3,0,0,2,16,45
59,27,8,32,3,0,1,2,1,0,0,9,6,0,0,3,10,304,1,26,5,9,16,2,4,15,7,5,0,0,1,14,0
24,24,8,33,3,0,1,2,3,0,1,4,11,0,0,3,10,304,2,22,3,8,14,2,5,14,9,4,0,0,1,14,15
45,20,6,29,3,0,3,2,3,0,1,6,9,0,0,3,10,304,1,19,5,7,13,3,11,17,12,5,0,0,1,13,0
64,19,7,25,5,0,2,2,3,0,1,13,2,0,0,3,10,304,2,17,3,6,13,3,12,16,12,5,0,0,2,12,30
31,16,5,31,5,0,3,2,3,0,1,13,2,0,0,3,10,304,1,15,3,6,13,5,11,16,14,7,0,0,1,13,30
122,16,7,23,6,0,3,1,3,0,1,5,10,0,0,3,10,304,2,14,2,6,12,8,10,17,13,6,0,0,2,12,15
24,14,6,27,6,0,3,1,3,0,1,5,10,0,0,3,10,304,1,13,3,6,12,9,11,21,14,6,0,0,1,12,45
44,14,7,19,6,0,2,1,4,0,1,2,13,0,0,3,10,304,2,12,2,6,11,8,11,20,13,6,0,0,2,11,45
83,14,7,17,6,0,2,1,3,0,1,0,15,0,0,3,10,304,2,12,2,6,11,7,10,20,12,5,0,0,2,11,30
25,14,7,30,5,0,2,1,3,0,1,10,5,0,0,3,10,304,2,12,4,6,12,6,9,19,11,4,0,0,1,13,15
33,14,8,23,5,0,2,1,2,0,1,10,5,0,0,3,10,304,2,12,4,6,12,5,8,18,10,3,0,0,2,12,15
39,14,8,21,4,0,2,1,2,0,0,8,7,0,0,3,10,304,2,12,4,6,12,4,7,17,9,3,0,0,2,12,0
30,14,8,27,4,0,2,1,2,0,0,8,7,0,0,3,10,304,2,12,4,6,12,4,7,17,9,3,0,0,1,12,45
34,13,7,19,3,0,2,1,2,0,0,3,12,0,0,3,10,304,1,12,4,7,12,3,6,18,8,4,0,0,2,11,45
47,12,6,21,3,0,1,1,2,0,0,1,14,0,0,3,10,304,0,12,4,7,12,2,5,17,8,3,0,0,2,12,0
43,9,6,25,5,0,1,1,3,0,0,4,11,0,0,3,10,304,1,8,3,6,8,4,7,16,10,3,0,0,2,12,30
84,9,6,13,5,0,1,1,3,0,0,11,4,0,0,3,10,304,2,7,3,6,7,3,8,15,9,3,0,0,2,11,0
52,7,5,13,5,0,1,1,2,0,0,2,13,0,0,3,10,304,0,7,4,6,7,3,10,14,10,3,0,0,2,11,0
27,6,6,17,5,0,1,1,2,0,0,7,8,0,0,3,10,304,0,6,4,6,6,3,10,13,10,3,0,0,2,11,30
8,5,5,15,6,0,1,1,2,0,0,8,7,0,0,3,10,304,1,4,3,4,4,8,12,13,10,3,0,0,2,11,15
61,3,3,15,8,0,0,1,2,0,0,10,5,0,0,3,10,304,1,2,2,2,2,8,11,12,11,3,0,0,2,11,15
63,3,3,10,8,0,0,1,1,0,0,7,8,0,0,3,10,304,1,2,2,2,2,7,10,12,10,2,0,0,2,10,30
43,3,3,4,7,0,0,1,1,0,0,3,12,0,0,3,10,304,1,2,2,2,2,9,9,11,9,1,0,0,2,9,45
77,3,3,8,7,0,0,1,1,0,0,2,13,0,0,3,10,304,2,1,1,1,1,8,8,10,8,1,0,0,1,10,15
72,3,3,6,7,0,0,1,0,0,0,11,4,0,0,3,10,304,2,1,1,1,1,7,7,10,7,1,0,0,2,10,0
63,3,3,4,6,0,0,1,0,0,0,10,5,0,0,3,10,304,2,1,1,1,1,6,6,9,6,1,0,0,2,9,45
25,3,3,8,5,0,0,1,0,0,0,9,6,0,0,3,10,304,2,1,1,1,1,5,5,8,5,1,0,0,1,10,15
17,1,1,6,4,0,0,1,0,0,0,0,15,0,0,3,10,304,0,1,1,1,1,4,4,7,6,2,0,0,2,10,0
24,0,0,11,5,0,0,0,0,0,0,5,10,0,0,3,10,304,0,0,0,0,0,3,3,6,6,3,0,0,2,10,45
7,0,0,11,4,0,0,0,0,0,0,4,11,0,0,3,10,304,0,0,0,0,0,2,2,5,5,3,0,0,2,10,45
50,0,0,2,3,0,0,0,0,0,0,4,11,0,0,3,10,304,0,0,0,0,0,1,1,4,4,3,0,0,2,9,30
22,0,0,2,2,0,0,0,0,0,0,0,29,0,0,3,10,304,0,0,0,0,0,2,3,3,3,3,0,0,2,9,30
46,0,0,0,1,0,0,0,0,0,0,0,52,0,1,3,10,304,0,0,0,0,0,2,2,2,2,2,0,0,1,9,0
24,0,0,1,0,0,0,0,0,0,0,0,61,0,0,3,10,304,0,0,0,0,0,1,1,1,1,1,0,0,2,9,15
41,39,7,47,2,0,0,2,0,0,0,16,14,1,0,2,10,303,1,43,3,6,12,1,1,7,4,1,0,1,1,18,0
46,32,5,43,5,0,0,3,1,0,1,4,11,0,0,2,10,303,1,36,3,6,12,3,6,15,10,3,0,0,2,16,45
73,31,6,46,4,0,0,3,1,0,1,8,7,0,0,2,10,303,0,36,3,7,12,5,7,14,10,4,0,0,1,17,30
106,30,5,41,4,0,0,3,1,0,2,1,14,0,0,2,10,303,1,34,3,7,11,4,7,13,10,5,0,0,1,16,30
34,30,6,44,5,0,0,2,1,0,2,14,1,0,0,2,10,303,1,33,4,7,10,4,9,13,10,4,0,0,1,17,0
63,30,6,44,5,0,0,1,1,0,2,12,3,0,0,2,10,303,1,33,4,7,11,4,9,12,9,4,0,0,1,17,0
-10,30,7,39,4,0,0,1,1,0,2,11,4,0,0,2,10,303,1,33,4,8,11,3,8,11,8,4,0,0,2,16,15
24,27,5,37,7,0,0,1,1,0,1,3,12,0,0,2,10,303,1,30,4,6,11,6,9,11,10,6,0,0,2,16,0
62,25,3,37,8,0,0,0,1,0,1,13,2,0,0,2,10,303,0,29,3,5,10,5,8,10,11,6,0,0,2,16,0
96,25,4,33,8,0,0,0,2,0,1,4,11,0,0,2,10,303,2,27,2,4,9,6,7,9,10,5,0,0,1,15,15
81,24,3,35,8,0,0,0,1,0,1,13,2,0,0,2,10,303,1,27,2,4,10,6,6,8,10,5,0,0,1,15,30
38,24,3,36,8,0,0,0,1,0,0,7,8,0,0,2,10,303,1,27,3,4,10,5,5,7,9,5,0,0,2,15,45
69,24,3,39,7,0,0,0,2,0,0,3,12,0,0,2,10,303,2,26,2,3,9,4,4,6,8,4,0,0,2,16,15
30,24,5,41,6,0,0,0,2,0,0,12,3,0,0,2,10,303,2,26,2,4,9,3,4,6,7,4,0,0,1,16,30
53,23,5,32,6,0,0,0,2,0,0,5,10,0,0,2,10,303,2,25,2,3,9,2,3,6,7,4,0,0,2,15,0
29,23,6,33,5,0,0,0,2,0,0,1,14,0,0,2,10,303,2,25,2,5,9,1,2,5,6,3,0,0,1,15,15
51,21,7,31,5,0,0,1,2,0,0,1,14,0,0,2,10,303,2,23,4,6,10,2,3,9,7,4,0,0,1,14,45
74,17,4,29,5,0,2,1,2,0,0,15,15,0,0,2,10,303,1,20,3,4,9,1,3,10,10,4,0,0,1,14,15
69,14,3,27,7,0,2,1,2,0,0,2,13,0,0,2,10,303,1,17,2,4,9,4,7,16,12,4,0,0,1,13,30
42,13,3,29,6,0,2,2,2,0,0,9,6,0,0,2,10,303,1,16,1,4,9,4,6,15,12,3,0,0,1,14,15
78,13,4,20,6,0,1,2,2,0,0,14,1,0,0,2,10,303,1,16,2,5,10,4,8,14,11,3,0,0,2,12,30
138,13,4,26,5,0,1,2,3,0,0,9,6,0,0,2,10,303,2,15,2,4,9,4,7,13,10,3,0,0,1,13,15
70,13,6,22,5,0,0,2,3,0,0,13,2,0,0,2,10,303,2,15,3,6,11,3,7,12,9,3,0,0,2,12,45
59,11,4,24,6,0,0,2,2,0,0,3,12,0,0,2,10,303,1,14,3,5,10,3,10,11,10,5,0,0,1,13,0
75,11,5,28,6,0,0,3,1,0,0,10,5,0,0,2,10,303,2,13,2,5,9,4,9,12,9,5,0,0,2,14,0
141,10,6,16,6,0,0,3,1,0,0,8,7,0,0,2,10,303,2,12,3,5,9,6,9,16,9,5,0,0,2,12,0
47,9,6,18,6,0,0,3,1,0,0,2,13,0,0,2,10,303,2,11,2,5,10,7,8,16,9,5,0,0,2,12,15
72,9,6,22,6,0,0,2,1,0,0,14,1,0,0,2,10,303,2,11,2,5,10,6,7,15,8,5,0,0,2,12,45
47,9,6,20,5,0,0,2,1,0,0,4,11,0,0,2,10,303,2,11,3,6,10,6,6,14,7,4,0,0,2,12,30
28,7,4,24,5,0,0,2,1,0,1,12,3,0,0,2,10,303,2,9,2,5,8,5,5,13,8,5,0,0,1,13,0
40,7,4,18,4,0,0,2,1,0,1,10,5,0,0,2,10,303,2,9,2,5,8,4,4,12,7,4,0,0,2,12,15
40,7,4,14,4,0,0,2,0,0,1,8,7,0,0,2,10,303,2,9,2,5,8,3,3,11,6,4,0,0,2,11,45
24,7,4,16,4,0,0,1,0,0,1,6,9,0,0,2,10,303,1,9,2,5,9,2,2,10,6,4,0,0,2,12,0
-22,6,3,14,5,0,0,1,0,0,0,39,6,0,0,2,10,303,1,8,2,4,8,1,3,10,6,3,0,0,2,11,45
81,3,3,9,7,0,1,0,1,0,0,13,2,0,0,2,10,303,2,4,3,4,4,8,9,11,8,4,0,0,1,10,30
3,3,3,12,6,0,1,0,1,0,0,10,5,0,0,2,10,303,1,4,3,4,4,7,8,10,8,4,0,0,2,11,30
44,3,3,11,6,0,1,0,1,0,0,5,10,0,0,2,10,303,2,3,2,3,3,6,7,12,7,4,0,0,2,11,15
44,3,3,7,5,0,1,0,1,0,0,5,10,0,0,2,10,303,2,3,2,3,3,5,6,11,6,3,0,0,2,10,15
-79,2,2,12,4,0,1,0,1,0,0,3,12,0,0,2,10,303,1,3,2,3,3,4,6,10,6,4,0,0,2,11,30
39,2,2,7,3,0,1,0,1,0,0,11,4,0,0,2,10,303,1,3,2,3,3,3,6,9,5,4,0,0,2,10,15
47,2,2,5,3,0,0,0,1,0,0,8,7,0,0,2,10,303,1,3,2,3,3,2,5,8,4,3,0,0,2,10,0
91,1,1,5,3,0,0,0,1,0,0,5,10,0,0,2,10,303,1,2,2,2,2,1,4,7,4,3,0,0,2,10,0
41,0,0,9,3,0,0,1,1,0,0,4,11,0,0,2,10,303,1,0,0,0,0,3,3,6,5,4,0,0,1,10,30
49,0,0,1,3,0,0,1,0,0,0,3,12,0,0,2,10,303,1,0,0,0,0,2,5,5,4,4,0,0,1,9,15
6,0,0,3,2,0,0,1,0,0,0,2,13,0,0,2,10,303,1,0,0,0,0,1,4,4,3,3,0,0,2,9,45
-6,0,0,0,1,0,0,1,0,0,0,0,52,0,1,2,10,303,0,0,0,0,0,3,3,3,3,2,0,0,1,9,0
-7,0,0,2,1,0,0,0,0,0,0,0,53,0,0,2,10,303,0,0,0,0,0,2,2,2,2,2,0,0,2,9,30
4,0,0,3,0,0,0,0,0,0,0,0,53,0,0,2,10,303,0,0,0,0,0,1,1,1,1,1,0,0,2,9,45
29,33,1,42,0,0,0,0,0,0,0,93,12,1,0,6,10,300,0,42,0,3,7,1,1,2,1,0,4,0,1,17,30
72,29,3,34,2,0,1,1,0,0,1,5,10,0,0,6,10,300,1,36,3,5,10,3,7,11,5,3,4,1,2,14,45
14,28,3,37,2,0,2,1,0,0,1,10,5,0,0,6,10,300,0,34,3,6,11,6,8,13,7,5,4,1,3,15,15
-33,28,3,38,2,0,1,1,0,0,1,7,8,0,0,6,10,300,0,34,3,7,13,5,7,13,6,4,4,1,1,15,30
-43,28,3,41,2,0,1,1,0,0,1,5,10,0,0,6,10,300,1,33,2,6,12,4,6,12,5,3,4,1,1,17,15
5,28,3,35,2,0,0,1,0,0,1,4,11,0,0,6,10,300,1,33,2,6,12,3,5,11,4,2,3,1,1,15,0
-11,28,3,38,1,0,0,1,0,0,1,14,1,0,0,6,10,300,1,33,4,6,13,2,5,10,3,2,3,0,1,15,30
37,28,4,38,1,0,0,1,0,0,0,9,6,0,0,6,10,300,1,33,4,6,14,1,5,9,2,1,3,0,1,15,30
28,26,4,35,3,0,1,0,0,0,1,3,12,0,0,6,10,300,2,29,3,6,14,4,5,10,4,2,3,0,1,15,0
-3,26,4,33,2,0,1,0,0,0,1,0,15,0,0,6,10,300,2,29,3,6,15,3,5,9,3,1,3,1,1,14,30
7,25,6,31,4,0,1,0,0,0,0,15,15,0,0,6,10,300,2,27,3,7,14,2,6,9,4,3,3,2,1,14,15
37,25,8,30,3,0,1,0,0,0,0,10,20,0,0,6,10,300,2,27,3,8,14,1,5,8,3,2,3,2,2,14,0
-16,22,9,31,5,0,1,1,0,0,0,5,10,0,0,6,10,300,2,23,5,8,14,4,6,9,6,4,3,2,1,14,15
54,22,9,26,4,0,1,1,0,0,0,2,13,0,0,6,10,300,2,23,5,8,14,3,5,8,5,3,2,2,1,12,45
57,21,8,27,4,0,0,1,0,0,0,13,2,0,0,6,10,300,1,23,5,9,15,2,4,8,5,3,1,1,1,13,0
-8,20,8,29,4,0,0,2,0,0,0,8,7,0,0,6,10,300,2,21,4,7,13,1,3,9,5,2,1,0,1,13,30
34,14,5,22,6,0,0,3,1,0,0,8,7,0,0,6,10,300,1,16,4,6,12,3,5,13,10,4,1,1,2,12,15
18,14,5,28,5,0,0,4,1,0,0,6,9,0,0,6,10,300,2,15,3,6,11,2,4,13,9,4,1,1,1,13,15
44,12,4,20,5,0,0,4,2,0,0,3,12,0,0,6,10,300,2,13,1,5,12,2,6,14,10,6,1,1,2,12,0
24,10,5,24,4,0,1,4,2,0,0,4,11,0,0,6,10,300,1,12,3,6,12,2,7,15,11,6,1,1,1,12,30
132,9,5,13,5,0,1,3,2,0,1,9,6,0,0,6,10,300,2,10,2,6,10,5,9,18,11,6,0,1,2,11,0
44,9,5,17,5,0,1,3,2,0,1,2,13,0,0,6,10,300,2,9,3,6,9,5,9,18,11,5,0,0,1,11,30
44,8,5,19,5,0,1,3,2,0,1,13,2,0,0,6,10,300,2,8,2,5,8,4,10,17,11,6,0,0,2,11,45
50,8,6,15,5,0,1,3,1,0,1,12,3,0,0,6,10,300,2,8,2,5,8,3,9,16,10,5,0,0,2,11,15
29,7,7,24,4,0,1,3,1,0,1,10,5,0,0,6,10,300,1,8,4,8,8,5,10,18,10,4,0,0,1,12,30
25,5,5,20,6,0,1,2,1,0,1,5,10,0,0,6,10,300,1,6,2,6,6,5,9,17,11,5,0,0,2,12,0
70,4,4,9,6,0,1,2,0,0,1,12,3,0,0,6,10,300,0,6,3,6,6,6,8,17,11,6,0,0,2,10,30
16,4,4,11,5,0,1,2,0,0,1,8,7,0,0,6,10,300,0,6,4,6,6,5,8,16,10,6,0,0,2,10,45
-23,4,4,17,5,0,1,2,0,0,0,7,8,0,0,6,10,300,0,6,4,6,6,4,7,15,9,5,0,0,1,11,30
28,4,4,22,5,0,1,3,0,0,0,6,9,0,0,6,10,300,1,4,4,4,4,5,10,14,9,6,0,0,2,12,15
26,4,4,7,6,0,1,2,0,0,0,1,14,0,0,6,10,300,2,3,3,3,3,4,9,13,8,5,0,0,2,10,15
12,4,4,13,6,0,0,2,0,0,0,0,15,0,0,6,10,300,2,3,3,3,3,3,8,12,7,5,0,0,2,11,0
24,2,2,7,6,0,0,3,0,0,0,3,12,0,0,6,10,300,2,1,1,1,1,4,8,11,8,7,0,0,2,10,15
27,2,2,15,5,0,0,3,0,0,0,2,13,0,0,6,10,300,2,1,1,1,1,3,8,10,7,6,0,0,2,11,15
15,0,0,4,4,0,0,3,0,0,1,11,4,0,0,6,10,300,0,0,0,0,0,5,9,9,9,8,0,0,2,9,45
27,0,0,2,3,0,0,3,0,0,1,3,12,0,0,6,10,300,0,0,0,0,0,5,8,8,8,7,0,0,1,9,30
70,0,0,11,3,0,0,2,0,0,1,1,14,0,0,6,10,300,0,0,0,0,0,5,7,7,7,6,0,0,2,10,45
57,0,0,2,2,0,0,2,0,0,1,12,3,0,0,6,10,300,0,0,0,0,0,5,6,6,6,5,0,0,1,9,30
39,0,0,5,1,0,0,2,0,0,1,8,7,0,0,6,10,300,0,0,0,0,0,4,5,5,5,4,0,0,2,10,0
-24,0,0,9,1,0,0,1,0,0,1,0,7,0,0,6,10,300,0,0,0,0,0,4,4,4,4,3,0,0,2,10,30
44,0,0,0,0,0,0,1,0,0,1,0,13,0,1,6,10,300,0,0,0,0,0,3,3,3,3,2,0,0,1,9,0
26,0,0,1,0,0,0,1,0,0,0,0,15,0,0,6,10,300,0,0,0,0,0,2,2,2,2,1,0,0,2,9,15
-20,0,0,5,0,0,0,0,0,0,0,0,28,0,0,6,10,300,0,0,0,0,0,1,1,1,1,1,0,0,2,10,0
-12,29,3,51,2,0,3,0,1,0,1,12,3,1,0,5,10,299,0,44,3,7,12,4,8,13,8,4,6,2,1,17,30
90,29,3,48,4,0,3,0,0,0,1,2,13,0,0,5,10,299,2,42,3,6,11,5,8,12,7,3,6,2,1,17,0
79,28,2,40,4,0,2,0,0,0,1,14,1,0,0,5,10,299,1,42,3,6,11,5,7,11,7,3,5,2,2,16,15
32,28,3,50,4,0,2,0,0,0,1,7,8,0,0,5,10,299,1,41,3,5,10,5,6,10,7,4,4,1,1,17,15
48,27,2,44,5,0,1,0,0,0,1,6,9,0,0,5,10,299,1,40,4,6,11,4,7,11,7,4,4,0,2,16,30
60,27,2,44,5,0,1,0,0,0,1,3,12,0,0,5,10,299,2,39,3,5,10,4,6,11,6,3,4,0,2,16,30
0,27,2,46,4,0,1,0,0,0,1,14,1,0,0,5,10,299,1,39,3,6,10,3,5,10,6,4,4,0,2,16,45
51,27,2,40,4,0,0,0,0,0,1,13,2,0,0,5,10,299,1,39,3,6,10,2,4,9,5,3,4,0,2,16,15
-22,26,3,48,5,0,0,1,0,0,1,5,10,0,0,5,10,299,2,36,2,5,9,3,5,8,6,3,4,0,1,17,0
23,25,3,39,4,0,0,3,0,0,1,0,15,0,0,5,10,299,2,34,2,4,9,3,4,10,7,4,4,0,4,16,0
-29,25,3,46,3,0,0,3,0,0,1,9,6,0,0,5,10,299,2,34,3,4,9,3,4,11,6,4,4,0,2,16,45
44,25,4,40,4,0,0,3,0,0,0,9,6,0,0,5,10,299,2,33,2,5,9,2,5,11,6,3,4,1,2,16,15
-18,24,3,40,4,0,0,3,0,0,0,0,15,0,0,5,10,299,2,32,2,4,9,1,4,11,6,3,4,1,2,16,15
41,22,2,33,4,0,0,3,1,0,0,0,15,0,0,5,10,299,1,30,3,5,12,3,7,12,8,4,4,2,2,15,0
40,22,3,36,4,0,0,3,1,0,0,7,8,0,0,5,10,299,1,29,2,4,13,2,7,13,8,4,4,3,1,15,30
-5,21,3,38,4,0,0,2,1,0,0,5,10,0,0,5,10,299,0,29,2,4,13,1,7,12,8,4,3,3,1,15,45
-7,21,4,36,6,0,0,1,1,0,0,19,26,0,0,5,10,299,2,27,2,6,15,6,8,16,7,3,2,3,1,15,30
74,20,4,29,8,0,0,1,0,0,0,4,41,0,0,5,10,299,2,25,1,6,14,6,8,16,8,4,2,2,1,13,30
-42,20,4,34,7,0,0,1,0,0,0,2,43,0,0,5,10,299,2,25,2,7,14,5,7,16,7,3,2,2,2,15,15
18,20,5,32,7,0,0,0,0,0,0,0,45,0,0,5,10,299,2,25,2,7,14,4,6,15,6,3,2,2,1,14,45
80,20,5,25,6,0,0,0,0,0,0,14,1,0,0,5,10,299,2,25,2,7,14,3,5,14,5,3,1,2,2,13,0
29,18,4,31,5,0,0,0,0,0,0,5,10,0,0,5,10,299,0,25,4,9,16,3,6,18,6,3,1,1,1,14,30
-52,18,6,34,5,0,0,0,0,0,0,5,10,0,0,5,10,299,1,24,5,9,16,2,6,18,5,3,0,1,2,15,15
31,17,7,27,6,0,0,0,0,0,0,9,6,0,0,5,10,299,1,22,5,10,15,2,8,18,6,2,0,0,1,13,15
68,16,7,19,8,0,0,0,0,0,0,5,10,0,0,5,10,299,1,19,4,8,14,4,9,20,8,4,0,0,2,12,15
-17,14,6,27,8,0,0,0,0,0,1,9,6,0,0,5,10,299,1,17,5,7,12,6,12,21,9,4,0,0,1,13,15
-27,14,6,30,7,0,0,1,0,0,1,8,7,0,0,5,10,299,2,16,4,6,11,5,11,20,8,4,0,0,1,14,15
51,13,6,21,6,0,0,1,0,0,1,3,12,0,0,5,10,299,1,16,4,7,11,5,12,20,8,3,0,0,2,12,30
4,10,5,23,7,0,1,1,0,0,1,1,14,0,0,5,10,299,1,12,2,5,10,6,12,19,10,4,0,0,2,12,45
3,10,5,19,7,0,1,1,0,0,1,0,15,0,0,5,10,299,2,12,1,5,9,5,11,18,9,3,0,0,2,12,15
-19,10,5,25,6,0,1,1,0,0,1,10,5,0,0,5,10,299,1,12,1,5,10,6,11,17,9,4,0,0,2,13,0
-3,9,4,23,5,0,1,1,0,0,1,5,10,0,0,5,10,299,0,12,3,5,11,8,12,16,9,4,0,0,2,12,45
0,9,4,21,5,0,1,1,0,0,1,12,3,0,0,5,10,299,1,11,3,6,10,8,11,15,8,4,0,0,2,12,30
22,9,6,16,4,0,1,1,0,0,1,3,12,0,0,5,10,299,1,11,3,6,10,7,11,14,7,3,0,0,2,11,45
57,9,6,14,3,0,1,1,0,0,1,12,3,0,0,5,10,299,1,11,4,6,11,7,10,13,6,2,0,0,1,11,30
67,8,5,9,3,0,0,1,0,0,1,11,4,0,0,5,10,299,0,11,4,6,11,6,11,12,6,2,0,0,1,10,45
-1,8,5,17,3,0,0,1,0,0,1,10,5,0,0,5,10,299,1,10,3,5,10,5,10,12,5,1,0,0,2,12,0
87,7,4,14,2,0,0,1,0,0,1,7,8,0,0,5,10,299,0,10,3,5,10,6,9,11,5,1,0,0,1,11,30
4,7,4,17,1,0,0,1,0,0,1,7,8,0,0,5,10,299,0,10,3,5,10,5,8,10,4,1,0,0,2,12,0
80,6,3,9,1,0,0,0,0,0,2,2,13,0,0,5,10,299,0,9,3,4,9,4,8,10,4,2,0,0,1,10,45
12,5,3,12,3,0,0,0,0,0,1,13,2,0,0,5,10,299,1,7,2,4,7,4,7,9,4,3,0,0,2,11,15
48,5,3,7,2,0,0,0,0,0,0,8,7,0,0,5,10,299,0,7,2,5,7,5,6,10,4,4,0,0,2,10,30
38,5,3,7,2,0,0,0,0,0,0,8,7,0,0,5,10,299,0,7,2,5,7,5,6,10,4,4,0,0,2,10,30
22,5,4,11,1,0,2,0,0,0,0,8,7,0,0,5,10,299,2,5,1,4,5,4,4,8,2,2,0,0,2,11,0
-18,3,3,12,0,0,2,0,0,0,0,12,3,0,0,5,10,299,0,5,2,5,5,3,3,7,3,2,0,0,2,11,15
23,3,3,5,0,0,1,0,0,0,0,11,4,0,0,5,10,299,0,5,2,5,5,2,2,6,2,1,0,0,2,10,15
23,3,3,5,0,0,0,0,0,0,0,6,9,0,0,5,10,299,0,5,3,5,5,1,2,6,1,0,0,0,2,10,15
4,0,0,3,3,0,1,0,0,0,0,10,5,0,0,5,10,299,1,0,0,0,0,3,4,5,4,2,0,0,2,10,0
34,0,0,1,2,0,1,0,0,0,0,3,12,0,0,5,10,299,0,0,0,0,0,3,4,4,4,1,0,0,1,9,15
-8,0,0,3,2,0,0,0,0,0,0,0,4,0,0,5,10,299,0,0,0,0,0,2,3,3,3,0,0,0,2,10,0
-10,0,0,2,1,0,0,0,0,0,0,0,6,0,0,5,10,299,0,0,0,0,0,1,2,2,2,0,0,0,2,9,30
34,0,0,0,0,0,0,0,0,0,0,0,39,0,1,5,10,299,0,0,0,0,0,1,1,1,1,0,0,0,1,9,0
61,30,4,49,1,0,0,1,0,0,1,8,22,1,0,4,10,298,1,46,3,6,11,2,4,8,3,2,5,1,1,17,30
37,28,2,47,0,0,0,1,0,0,2,3,27,0,0,4,10,298,0,45,3,5,11,2,3,7,4,3,5,1,1,17,0
24,26,2,44,1,0,0,1,1,0,1,4,11,0,0,4,10,298,0,42,3,5,11,2,5,10,5,3,5,1,2,16,45
19,26,2,44,1,0,1,1,1,0,0,1,14,0,0,4,10,298,1,42,2,4,10,1,4,9,4,2,4,1,2,16,45
35,24,2,39,3,0,1,1,1,0,0,13,2,0,0,4,10,298,0,39,1,5,13,3,5,11,7,3,4,1,2,16,0
-20,24,2,44,3,0,0,1,1,0,0,1,14,0,0,4,10,298,0,39,3,6,13,3,7,11,6,3,4,1,2,16,45
0,24,2,39,3,0,0,1,1,0,0,5,10,0,0,4,10,298,1,38,4,5,14,2,6,12,5,2,4,1,2,16,0
35,24,2,43,4,0,0,0,1,0,0,8,7,0,0,4,10,298,1,37,3,6,14,2,5,14,5,1,4,1,3,16,30
-52,22,2,47,5,0,0,0,2,0,0,3,12,0,0,4,10,298,1,34,2,7,12,4,6,14,7,2,3,2,1,17,0
-5,22,2,35,4,0,0,0,2,0,0,7,8,0,0,4,10,298,1,34,4,8,12,3,7,13,6,2,3,1,1,15,15
-3,22,2,36,3,0,0,0,2,0,0,7,8,0,0,4,10,298,1,34,4,8,12,2,6,12,5,2,3,1,2,15,30
17,22,2,37,2,0,0,0,3,0,0,3,12,0,0,4,10,298,1,33,4,7,12,3,5,11,5,2,3,1,2,15,45
67,22,6,37,4,0,0,1,2,0,0,7,8,0,0,4,10,298,2,30,4,7,11,4,9,13,6,4,2,2,2,15,45
26,21,5,32,4,0,0,1,2,0,0,4,11,0,0,4,10,298,2,29,3,7,11,3,8,12,6,3,2,1,1,14,45
-85,20,5,41,5,0,0,1,2,0,0,29,1,0,0,4,10,298,1,26,3,5,9,4,8,12,8,4,2,1,1,16,15
-4,20,5,30,5,0,0,1,2,0,0,23,7,0,0,4,10,298,2,26,3,4,9,6,7,13,7,4,2,1,1,14,15
-22,20,6,34,5,0,0,1,1,0,0,14,16,0,0,4,10,298,2,26,4,6,12,5,7,12,6,4,2,1,1,15,0
20,18,5,32,6,0,0,1,0,0,1,6,24,0,0,4,10,298,2,24,2,4,10,4,6,12,7,4,2,1,1,14,45
45,17,4,28,5,0,0,1,0,0,1,14,1,0,0,4,10,298,1,24,2,5,10,4,6,11,7,4,2,1,1,13,30
-111,17,5,41,5,0,0,0,0,0,1,12,3,0,0,4,10,298,1,24,2,5,10,3,5,12,6,3,1,1,1,16,15
-26,17,5,31,4,0,0,0,0,0,1,10,5,0,0,4,10,298,1,24,2,5,10,2,4,11,5,2,1,0,2,14,30
21,16,5,29,3,0,0,2,0,0,1,3,12,0,0,4,10,298,2,22,2,4,10,2,5,12,5,2,1,0,1,14,0
24,15,5,26,4,0,0,2,0,0,0,2,13,0,0,4,10,298,2,21,3,5,13,3,6,11,5,3,1,0,1,13,0
26,13,5,27,4,0,0,2,0,0,0,1,14,0,0,4,10,298,1,20,2,6,13,3,6,11,6,4,1,0,1,13,15
63,12,4,22,3,0,0,2,0,0,1,9,6,0,0,4,10,298,1,19,2,5,14,4,7,11,6,4,1,0,2,12,30
16,11,5,22,4,0,0,1,0,0,1,19,11,0,0,4,10,298,0,18,4,6,14,4,8,13,7,4,1,1,2,12,30
13,11,5,20,3,0,0,1,0,0,1,13,17,0,0,4,10,298,0,18,4,8,14,4,7,13,6,4,1,1,2,12,15
99,11,5,12,3,0,0,1,0,0,0,13,17,0,0,4,10,298,0,18,4,8,14,3,6,12,5,3,1,1,2,10,45
58,9,5,24,5,0,1,1,0,0,0,11,4,0,0,4,10,298,1,14,2,6,12,4,6,14,7,5,1,1,1,12,45
52,8,5,18,4,0,1,1,0,0,0,13,2,0,0,4,10,298,0,14,4,8,12,4,5,15,7,5,1,1,2,11,45
33,8,5,15,3,0,1,1,0,0,0,12,3,0,0,4,10,298,0,14,4,8,12,3,5,14,6,4,1,1,1,11,15
16,8,5,24,3,0,1,0,0,0,0,5,10,0,0,4,10,298,0,14,5,9,13,2,4,13,5,3,0,1,1,12,45
-6,7,5,20,4,0,1,0,0,0,0,8,7,0,0,4,10,298,1,12,4,8,12,2,5,13,5,2,0,0,2,12,15
30,4,4,15,8,0,0,0,0,0,0,14,1,0,0,4,10,298,1,8,4,6,8,3,9,12,8,5,0,0,1,11,15
5,3,3,17,9,0,0,0,0,0,0,13,2,0,0,4,10,298,1,6,2,4,6,5,10,13,9,5,0,0,2,11,30
38,3,3,10,8,0,0,1,0,0,0,1,14,0,0,4,10,298,2,5,3,4,5,7,9,13,8,5,0,0,1,10,30
-3,2,2,18,8,0,0,1,0,0,0,9,6,0,0,4,10,298,2,4,2,4,4,6,9,13,8,6,0,0,2,11,45
21,2,2,10,7,0,0,1,0,0,0,4,11,0,0,4,10,298,2,4,2,4,4,6,8,12,7,6,0,0,1,10,30
-2,2,2,13,6,0,0,1,0,0,0,3,12,0,0,4,10,298,1,4,2,4,4,5,7,11,7,5,0,0,2,11,0
80,1,1,4,7,0,0,1,0,0,0,4,11,0,0,4,10,298,1,2,1,2,2,5,6,11,8,5,0,0,2,9,45
31,1,1,6,6,0,0,1,0,0,0,3,12,0,0,4,10,298,1,2,1,2,2,4,5,10,7,4,0,0,2,10,0
78,1,1,2,5,0,0,1,0,0,0,3,12,0,0,4,10,298,1,2,1,2,2,3,4,9,6,4,0,0,2,9,30
-26,0,0,13,4,0,0,1,0,0,0,7,8,0,0,4,10,298,0,2,2,2,2,3,3,8,6,3,0,0,2,11,0
-20,0,0,8,3,0,0,1,0,0,0,14,1,0,0,4,10,298,0,2,2,2,2,2,4,7,5,2,0,0,2,10,15
15,0,0,6,3,0,0,1,0,0,0,11,4,0,0,4,10,298,1,1,1,1,1,1,4,6,4,1,0,0,2,10,0
-7,0,0,1,3,0,0,1,0,0,0,0,23,0,0,4,10,298,0,0,0,0,0,4,5,5,5,1,0,0,2,9,15
-11,0,0,8,3,0,0,0,0,0,0,0,26,0,0,4,10,298,0,0,0,0,0,3,4,4,4,1,0,0,2,10,15
-4,0,0,0,2,0,0,0,0,0,0,0,39,0,1,4,10,298,0,0,0,0,0,3,3,3,3,1,0,0,1,9,0
15,0,0,4,1,0,0,0,0,0,0,0,50,0,0,4,10,298,0,0,0,0,0,2,2,2,2,0,0,0,2,9,45
17,0,0,2,0,0,0,0,0,0,0,0,58,0,0,4,10,298,0,0,0,0,0,1,1,1,1,0,0,0,2,9,30
7,42,7,52,0,0,0,2,0,0,0,8,22,1,0,3,10,297,1,50,3,7,13,1,2,10,2,0,5,1,1,18,0
11,35,3,48,4,0,1,2,0,0,1,13,2,0,0,3,10,297,1,43,3,5,13,4,7,17,8,3,5,2,1,17,0
11,35,3,46,4,0,0,2,0,0,1,8,7,0,0,3,10,297,1,43,4,6,13,3,8,16,7,3,4,2,2,16,45
13,34,6,45,5,0,1,2,0,0,0,3,12,0,0,3,10,297,2,41,3,8,12,4,8,17,7,2,4,1,2,16,30
13,33,5,51,5,0,1,1,0,0,0,1,14,0,0,3,10,297,1,41,3,8,12,3,7,16,7,3,3,1,1,17,30
-3,33,6,43,5,0,1,2,0,0,1,10,5,0,0,3,10,297,2,38,3,7,11,6,10,15,8,4,3,0,1,16,15
21,32,5,50,5,0,1,1,0,0,1,9,6,0,0,3,10,297,1,38,4,7,11,5,9,14,8,5,3,0,1,17,15
-54,32,5,48,5,0,0,1,0,0,1,13,2,0,0,3,10,297,0,38,5,8,12,4,11,13,8,5,3,1,1,17,0
33,32,5,39,4,0,0,1,0,0,1,12,3,0,0,3,10,297,0,38,5,8,12,3,10,12,7,4,3,1,2,15,45
68,32,5,43,3,0,1,1,0,0,1,10,5,0,0,3,10,297,1,37,5,7,12,3,9,11,6,3,3,1,1,16,15
10,32,5,46,3,0,1,1,0,0,1,7,8,0,0,3,10,297,2,36,4,6,11,2,8,11,5,3,3,1,2,16,45
-13,28,2,36,5,0,2,1,0,0,1,11,4,0,0,3,10,297,1,32,2,3,9,7,9,12,9,4,3,2,2,15,30
33,28,3,32,6,0,1,1,0,0,1,14,1,0,0,3,10,297,2,31,2,4,10,7,8,11,8,4,3,2,2,15,0
25,27,2,36,6,0,1,1,0,0,0,13,2,0,0,3,10,297,1,31,2,4,10,6,7,11,8,4,3,2,2,15,30
46,27,2,41,5,0,1,1,0,0,0,12,3,0,0,3,10,297,1,31,2,4,10,5,6,10,7,3,3,2,2,16,0
-8,27,2,41,6,0,1,0,0,0,0,6,9,0,0,3,10,297,2,30,1,3,9,5,5,10,6,2,2,2,2,16,0
21,27,2,34,6,0,0,0,0,0,0,4,11,0,0,3,10,297,2,30,1,4,9,4,4,9,5,2,2,1,3,15,15
15,27,2,34,5,0,0,0,0,0,0,0,15,0,0,3,10,297,2,30,1,4,10,3,3,8,4,1,2,1,3,15,15
37,27,4,39,4,0,0,0,0,0,0,4,11,0,0,3,10,297,0,30,3,5,12,2,3,8,5,2,1,1,2,15,45
13,27,4,31,4,0,0,0,0,0,0,54,6,0,0,3,10,297,1,29,2,4,11,1,2,7,4,2,1,0,2,14,45
53,23,5,29,5,0,0,1,1,0,0,7,53,0,0,3,10,297,1,25,3,6,13,3,6,9,7,4,1,0,1,14,30
34,23,6,28,4,0,0,1,1,0,0,6,9,0,0,3,10,297,0,25,4,8,15,4,6,12,7,5,1,0,2,13,30
-23,23,6,32,4,0,0,1,1,0,0,4,11,0,0,3,10,297,1,24,3,7,14,3,5,12,6,4,1,0,2,15,0
29,20,6,27,7,0,0,1,0,0,0,13,2,0,0,3,10,297,1,21,3,7,12,3,5,16,8,7,1,1,1,13,15
-53,20,6,36,6,0,0,1,0,0,0,7,8,0,0,3,10,297,1,21,4,7,12,2,5,15,7,6,1,1,2,15,30
-69,18,5,29,7,0,0,1,0,0,0,9,6,0,0,3,10,297,1,19,4,6,12,3,4,17,8,5,1,1,1,14,30
37,17,7,26,8,0,0,0,1,0,0,6,9,0,0,3,10,297,2,17,3,7,13,3,7,18,8,5,1,1,1,13,0
26,17,7,24,7,0,0,0,1,0,0,3,12,0,0,3,10,297,2,17,4,7,13,2,7,17,7,4,0,1,1,12,45
16,14,7,22,7,0,1,1,1,0,0,27,3,0,0,3,10,297,2,14,3,5,10,3,11,19,9,4,0,0,2,12,30
25,12,6,21,8,0,1,1,1,0,0,3,27,0,0,3,10,297,2,12,3,6,11,8,14,19,10,4,0,0,2,12,15
114,11,5,4,7,0,1,1,1,0,0,1,29,0,0,3,10,297,1,12,3,6,11,8,13,19,10,4,0,0,2,9,45
239,10,6,8,6,0,2,1,1,0,0,10,5,0,0,3,10,297,1,11,2,7,10,8,13,18,10,4,0,0,2,10,15
37,10,6,22,5,0,2,1,1,0,0,8,7,0,0,3,10,297,1,11,2,7,10,7,12,17,9,4,0,0,2,12,30
17,10,6,19,5,0,3,1,0,0,0,6,9,0,0,3,10,297,2,10,1,6,9,6,11,16,8,3,0,0,1,12,0
14,8,4,24,4,0,3,1,0,0,0,13,2,0,0,3,10,297,0,10,3,6,9,8,11,15,9,2,0,0,1,12,45
42,8,4,17,4,0,3,1,0,0,0,6,9,0,0,3,10,297,1,9,2,5,8,7,10,14,8,1,0,0,2,11,30
1,8,4,17,3,0,3,1,0,0,0,4,11,0,0,3,10,297,1,9,3,5,8,6,9,13,7,1,0,0,2,11,30
30,7,4,19,2,0,3,1,0,0,0,1,14,0,0,3,10,297,0,9,3,5,8,6,9,12,7,1,0,0,1,12,0
35,7,4,15,2,0,2,1,0,0,0,14,1,0,0,3,10,297,0,9,3,5,8,5,9,11,6,0,0,0,2,11,15
57,7,4,10,1,0,2,2,0,0,0,4,11,0,0,3,10,297,1,8,4,6,8,5,9,11,5,0,0,0,2,10,30
43,7,4,10,2,0,1,2,0,0,0,14,1,0,0,3,10,297,2,7,3,5,7,5,8,11,4,0,0,0,2,10,30
46,7,4,15,2,0,1,1,0,0,0,13,2,0,0,3,10,297,2,7,3,5,7,4,7,10,3,0,0,0,2,11,15
3,6,5,14,2,0,1,1,0,0,0,3,12,0,0,3,10,297,2,6,2,5,6,3,6,11,3,1,0,0,2,11,0
29,4,3,12,4,0,0,1,0,0,0,10,5,0,0,3,10,297,1,4,0,3,4,4,6,10,5,2,0,0,1,10,45
26,4,3,8,4,0,0,0,0,0,0,3,12,0,0,3,10,297,1,4,2,3,4,4,5,9,4,2,0,0,2,10,15
25,3,3,6,3,0,0,0,0,0,0,1,14,0,0,3,10,297,0,4,3,3,4,3,4,8,4,2,0,0,2,10,0
30,3,3,6,2,0,0,0,0,0,0,0,15,0,0,3,10,297,0,4,3,3,4,3,3,7,3,1,0,0,2,10,0
19,3,3,4,2,0,1,0,0,0,0,4,11,0,0,3,10,297,2,2,1,2,2,2,3,6,2,1,0,0,2,9,45
-13,1,1,12,2,0,1,0,0,0,0,1,14,0,0,3,10,297,1,1,0,1,1,1,5,5,3,2,0,0,1,10,45
24,0,0,1,3,0,0,0,0,0,0,0,8,0,0,3,10,297,1,0,0,0,0,4,4,4,3,3,0,0,2,9,15
-45,0,0,2,2,0,0,0,0,0,0,0,15,0,0,3,10,297,0,0,0,0,0,3,3,3,3,3,0,0,2,9,30
17,0,0,0,1,0,0,0,0,0,0,0,21,0,1,3,10,297,0,0,0,0,0,2,2,2,2,2,0,0,1,9,0
12,0,0,2,0,0,0,0,0,0,0,0,26,0,0,3,10,297,0,0,0,0,0,1,1,1,1,1,0,0,2,9,30
9,31,4,39,0,0,0,0,0,0,0,9,6,1,0,2,10,296,0,39,3,7,10,1,2,6,1,1,2,1,1,17,45
1,28,3,37,3,0,0,1,0,0,0,10,20,0,0,2,10,296,1,34,3,5,7,1,4,8,4,0,2,0,1,17,15
31,25,2,34,4,0,1,1,0,0,0,0,15,0,0,2,10,296,1,31,2,4,9,4,6,8,6,1,2,0,1,16,30
-26,25,2,38,3,0,1,1,0,0,0,26,4,0,0,2,10,296,1,31,2,4,9,3,5,9,5,1,2,0,1,17,30
21,25,2,32,3,0,0,1,0,0,0,20,10,0,0,2,10,296,0,31,3,4,10,3,4,9,5,1,2,0,2,16,15
6,25,2,36,2,0,2,1,0,0,0,7,23,0,0,2,10,296,2,29,2,3,8,3,4,10,4,1,2,0,1,16,45
81,24,1,31,1,0,2,2,0,0,0,7,8,0,0,2,10,296,2,28,1,2,8,2,4,9,4,1,2,0,2,15,45
-20,24,3,34,1,0,2,1,0,0,0,0,15,0,0,2,10,296,2,28,1,6,8,2,3,8,3,1,2,0,1,16,30
25,23,4,29,1,0,1,2,0,0,0,1,14,0,0,2,10,296,1,27,5,6,11,2,7,9,4,3,2,0,1,15,15
8,23,4,32,1,0,1,2,0,0,0,4,11,0,0,2,10,296,2,26,4,5,12,1,6,8,3,3,2,0,2,16,15
26,21,6,27,3,0,1,2,1,0,0,13,17,0,0,2,10,296,2,22,2,5,11,5,6,11,6,5,2,0,1,15,0
-18,21,6,30,3,0,1,1,1,0,0,12,18,0,0,2,10,296,2,22,2,5,11,4,5,10,5,4,2,0,1,15,30
-30,19,4,27,3,0,1,1,1,0,0,5,25,0,0,2,10,296,1,21,1,5,10,3,5,9,6,5,2,0,1,15,0
-13,19,4,26,3,0,1,0,1,0,0,4,26,0,0,2,10,296,1,21,1,5,10,2,4,9,5,5,2,0,2,14,45
2,19,4,25,2,0,1,0,1,0,0,2,28,0,0,2,10,296,1,21,1,5,10,1,3,8,4,4,2,0,1,14,30
6,16,5,24,3,0,1,1,1,0,0,6,9,0,0,2,10,296,1,18,4,6,8,2,4,10,6,5,2,0,1,14,0
30,15,4,20,5,0,1,1,0,0,0,7,8,0,0,2,10,296,2,16,3,5,6,1,5,9,6,4,2,0,1,13,0
172,11,3,12,7,0,1,1,0,0,0,1,14,0,0,2,10,296,1,13,2,3,7,5,6,14,9,6,2,1,1,11,15
64,11,3,23,6,0,1,1,1,0,0,7,8,0,0,2,10,296,2,12,2,2,7,4,7,13,8,5,2,1,1,13,30
44,11,3,19,6,0,0,1,1,0,0,4,11,0,0,2,10,296,1,12,2,2,7,3,6,12,8,5,2,1,2,12,45
37,11,3,16,6,0,0,1,1,0,0,14,1,0,0,2,10,296,2,11,1,1,6,3,5,11,7,4,2,1,2,12,15
58,11,3,17,6,0,0,0,1,0,0,5,10,0,0,2,10,296,2,11,1,2,7,2,4,10,6,4,2,1,1,12,30
15,8,2,20,6,0,0,0,1,0,0,15,15,0,0,2,10,296,0,10,0,4,8,3,8,11,8,4,1,1,1,13,0
4,8,4,14,6,0,0,0,0,0,0,12,3,0,0,2,10,296,0,10,2,4,9,4,8,10,7,4,1,0,1,12,0
68,8,4,13,5,0,0,0,0,0,0,11,4,0,0,2,10,296,0,10,2,4,9,3,7,9,6,3,1,0,2,11,30
61,7,4,14,5,0,0,0,0,0,0,1,14,0,0,2,10,296,0,9,3,5,9,6,6,12,6,3,1,0,1,12,0
23,7,4,17,4,0,0,1,0,0,0,13,2,0,0,2,10,296,1,8,2,4,8,5,5,12,5,3,1,0,1,12,30
46,7,6,10,4,0,0,1,0,0,0,5,10,0,0,2,10,296,2,7,2,5,7,4,6,11,4,2,1,1,1,11,0
-54,7,6,22,3,0,0,1,0,0,0,5,10,0,0,2,10,296,2,7,2,5,7,3,5,10,3,2,1,1,1,13,15
64,7,6,8,2,0,0,1,0,0,0,4,11,0,0,2,10,296,2,7,2,5,7,2,4,9,2,1,1,1,2,10,45
2,4,3,10,2,0,0,1,0,0,0,7,8,0,0,2,10,296,0,6,2,4,6,1,3,9,4,3,1,1,1,11,0
44,3,3,4,2,0,0,2,0,0,0,13,2,0,0,2,10,296,1,4,3,4,4,2,7,9,4,3,1,1,1,10,0
0,2,2,8,2,0,0,1,0,0,1,8,7,0,0,2,10,296,1,3,2,3,3,1,6,8,4,3,0,1,2,10,45
31,0,0,6,2,0,0,2,0,0,1,0,15,0,0,2,10,296,0,1,1,1,1,6,7,7,6,3,0,0,1,10,15
6,0,0,3,2,0,0,2,0,0,0,0,2,0,0,2,10,296,0,1,1,1,1,5,6,6,5,2,0,0,2,9,45
15,0,0,4,3,0,0,1,0,0,0,0,10,0,0,2,10,296,1,0,0,0,0,4,5,5,4,1,0,0,1,10,0
7,0,0,1,2,0,0,1,0,0,0,0,14,0,0,2,10,296,1,0,0,0,0,3,4,4,3,0,0,0,1,9,30
-63,0,0,7,2,0,0,0,0,0,0,0,15,0,0,2,10,296,0,0,0,0,0,2,3,3,3,1,0,0,2,10,30
27,0,0,1,1,0,0,0,0,0,0,0,28,0,0,2,10,296,0,0,0,0,0,2,2,2,2,1,0,0,1,9,30
-15,0,0,0,0,0,0,0,0,0,0,0,50,0,1,2,10,296,0,0,0,0,0,1,1,1,1,1,0,0,2,9,15
11,43,4,49,0,0,0,1,0,0,0,2,0,1,0,6,10,293,0,48,1,5,9,1,1,6,2,0,1,0,1,17,30
4,38,5,45,3,0,1,2,1,0,0,11,4,0,0,6,10,293,2,41,2,4,12,4,7,11,6,2,1,0,1,16,15
44,37,5,48,4,0,1,1,1,0,0,13,2,0,0,6,10,293,1,40,1,5,11,4,7,10,7,3,1,0,1,17,0
3,37,5,46,3,0,1,1,1,0,0,12,3,0,0,6,10,293,1,40,2,5,11,3,7,9,6,3,1,0,1,16,30
-43,37,6,47,2,0,1,2,1,0,0,1,14,0,0,6,10,293,2,39,2,5,12,4,6,8,5,3,1,0,1,16,45
63,36,6,41,1,0,1,2,1,0,0,7,8,0,0,6,10,293,1,39,2,6,14,3,6,8,5,3,1,0,1,15,30
24,35,7,43,1,0,0,2,1,0,1,8,7,0,0,6,10,293,1,38,4,7,15,4,6,8,5,4,1,0,1,15,45
96,34,6,40,2,0,0,1,1,0,1,2,13,0,0,6,10,293,1,37,3,7,14,3,5,7,5,5,1,0,2,15,15
61,33,6,44,1,0,0,1,1,0,1,5,10,0,0,6,10,293,0,37,5,8,14,3,4,7,5,4,1,0,1,16,0
14,32,5,41,2,0,0,1,1,0,1,13,2,0,0,6,10,293,1,35,4,6,13,2,3,6,5,3,1,0,1,15,30
42,30,7,37,3,0,0,2,1,0,0,8,7,0,0,6,10,293,1,33,4,8,13,2,2,7,6,3,1,0,2,14,45
1,28,5,38,3,0,1,2,1,0,0,26,4,0,0,6,10,293,1,31,2,7,13,1,3,9,7,3,1,0,1,15,0
74,23,4,35,3,0,3,4,1,0,1,7,23,0,0,6,10,293,1,25,2,5,12,3,5,12,12,4,1,0,1,14,0
22,23,5,38,3,0,3,3,1,0,1,0,30,0,0,6,10,293,1,25,3,7,12,2,7,12,11,4,1,0,1,15,0
57,23,7,33,3,0,3,4,1,0,1,10,5,0,0,6,10,293,2,23,3,6,14,3,7,14,11,4,1,0,1,13,30
84,21,7,32,3,0,3,3,1,0,2,9,6,0,0,6,10,293,1,22,4,7,14,5,8,17,12,6,1,1,2,13,15
56,21,7,28,4,0,2,3,1,0,2,4,11,0,0,6,10,293,2,21,3,7,14,4,7,17,11,5,1,1,2,12,45
41,19,6,30,4,0,2,3,1,0,2,7,8,0,0,6,10,293,1,20,4,7,16,4,7,17,12,6,1,1,1,13,0
-12,18,6,36,4,0,2,3,1,0,2,4,11,0,0,6,10,293,1,19,3,6,15,5,7,16,12,5,1,1,1,14,30
124,18,7,25,3,0,2,3,1,0,2,1,14,0,0,6,10,293,1,18,3,6,16,4,6,15,11,5,1,1,2,12,30
54,16,7,30,3,0,2,4,1,0,2,11,4,0,0,6,10,293,1,17,3,8,16,4,7,16,12,6,1,1,1,13,0
139,15,6,25,3,0,3,4,0,0,2,7,8,0,0,6,10,293,1,16,3,7,15,3,8,16,12,6,1,1,2,12,30
-5,15,6,33,3,0,2,4,0,0,2,4,11,0,0,6,10,293,1,16,3,7,15,3,8,15,11,6,0,1,1,13,30
17,13,7,25,5,0,2,4,0,0,1,0,15,0,0,6,10,293,1,14,4,8,14,3,10,16,12,7,0,0,2,12,30
28,13,8,23,5,0,2,4,0,0,1,7,8,0,0,6,10,293,2,13,4,9,13,5,10,15,11,6,0,0,3,12,15
36,10,8,20,6,0,1,4,0,0,2,1,14,0,0,6,10,293,0,11,5,10,11,8,11,16,14,9,0,0,2,12,0
109,10,8,20,7,0,1,4,0,0,1,14,1,0,0,6,10,293,1,10,4,9,10,8,10,16,13,9,0,0,2,12,0
99,9,7,14,8,0,1,3,0,0,1,11,4,0,0,6,10,293,1,9,3,8,9,7,9,15,13,9,0,0,2,11,15
23,9,7,18,8,0,1,2,0,0,1,7,8,0,0,6,10,293,1,9,5,8,9,6,9,15,12,8,0,0,3,11,45
31,9,7,14,7,0,1,2,0,0,1,4,11,0,0,6,10,293,1,9,5,8,9,5,8,15,11,8,0,0,2,11,15
132,9,9,20,6,0,1,2,0,0,1,2,13,0,0,6,10,293,1,9,6,9,9,4,7,15,10,7,0,0,2,12,0
48,8,8,23,6,0,1,1,0,0,1,13,2,0,0,6,10,293,0,9,6,9,9,4,7,14,10,7,0,0,3,12,15
24,8,8,13,7,0,1,1,0,0,1,4,11,0,0,6,10,293,2,7,5,7,7,4,7,15,9,6,0,0,2,11,0
10,5,5,18,7,0,0,2,0,0,1,14,1,0,0,6,10,293,0,6,5,6,6,3,6,15,11,7,0,0,3,11,45
47,4,4,16,7,0,0,2,1,0,2,14,1,0,0,6,10,293,1,3,3,3,3,4,7,14,12,6,0,0,2,11,30
49,4,4,16,6,0,0,2,1,0,2,12,3,0,0,6,10,293,1,3,3,3,3,4,6,13,11,5,0,0,2,11,30
-81,2,2,28,8,0,0,2,1,0,1,11,4,0,0,6,10,293,1,1,1,1,1,3,6,13,12,6,0,0,2,12,45
44,0,0,6,9,0,0,1,1,0,1,0,15,0,0,6,10,293,0,0,0,0,0,4,8,13,13,7,0,0,1,10,0
32,0,0,8,8,0,0,1,1,0,1,12,3,0,0,6,10,293,0,0,0,0,0,3,8,12,12,6,0,0,2,10,15
46,0,0,6,7,0,0,1,1,0,1,6,9,0,0,6,10,293,0,0,0,0,0,5,9,11,11,5,0,0,1,10,0
34,0,0,2,6,0,0,1,1,0,1,5,10,0,0,6,10,293,0,0,0,0,0,4,8,10,10,5,0,0,2,9,30
111,0,0,4,5,0,0,1,1,0,1,14,1,0,0,6,10,293,0,0,0,0,0,7,8,9,9,5,0,0,2,9,45
47,0,0,11,4,0,0,1,1,0,1,9,6,0,0,6,10,293,0,0,0,0,0,6,7,8,8,4,0,0,1,10,45
41,0,0,9,3,0,0,1,1,0,1,7,8,0,0,6,10,293,0,0,0,0,0,5,6,7,7,3,0,0,2,10,30
63,0,0,0,2,0,0,1,1,0,1,4,11,0,1,6,10,293,0,0,0,0,0,4,6,6,6,3,0,0,1,9,0
62,0,0,1,2,0,0,1,0,0,1,0,2,0,0,6,10,293,0,0,0,0,0,3,5,5,5,2,0,0,2,9,15
29,0,0,9,1,0,0,1,0,0,1,0,3,0,0,6,10,293,0,0,0,0,0,2,4,4,4,1,0,0,2,10,30
45,0,0,4,1,0,0,0,0,0,1,0,13,0,0,6,10,293,0,0,0,0,0,2,3,3,3,1,0,0,2,9,45
-9,0,0,11,1,0,0,0,0,0,0,0,34,0,0,6,10,293,0,0,0,0,0,2,2,2,2,1,0,0,1,10,45
48,0,0,2,0,0,0,0,0,0,0,0,54,0,0,6,10,293,0,0,0,0,0,1,1,1,1,1,0,0,2,9,30
28,35,5,46,3,0,1,1,0,0,0,3,12,0,0,5,10,292,2,42,2,5,10,2,5,12,4,2,2,0,1,17,15
64,33,4,43,2,0,1,1,0,0,0,2,13,0,0,5,10,292,0,42,3,8,12,3,5,11,5,3,2,0,1,16,30
14,33,5,43,4,0,0,1,0,0,0,0,15,0,0,5,10,292,2,40,4,8,11,3,7,12,4,2,2,1,1,16,30
24,31,4,41,4,0,0,1,0,0,0,6,9,0,0,5,10,292,1,39,5,7,12,3,6,11,5,3,2,1,1,16,0
-37,30,3,47,5,0,0,0,0,0,0,13,2,1,0,5,10,292,1,38,4,6,11,2,6,11,5,2,2,1,1,17,30
27,29,3,38,5,0,2,0,0,0,0,7,8,0,0,5,10,292,1,35,3,5,10,4,7,11,7,1,2,1,1,15,30
30,28,3,34,6,0,1,1,0,0,0,6,9,0,0,5,10,292,2,33,1,3,11,6,8,11,7,2,2,1,2,15,0
12,28,3,42,6,0,1,1,0,0,0,5,10,0,0,5,10,292,3,32,0,3,10,5,7,10,6,2,2,1,2,16,15
-7,28,4,38,6,0,0,1,0,0,0,1,14,0,0,5,10,292,2,32,2,3,10,4,6,9,6,3,1,1,1,15,30
45,27,4,34,5,0,0,1,0,0,0,2,13,0,0,5,10,292,1,32,2,5,12,3,5,8,6,3,1,0,2,15,0
-11,27,4,36,4,0,0,1,0,0,0,12,3,0,0,5,10,292,1,32,2,5,12,3,5,8,5,3,1,0,2,15,15
14,27,4,40,3,0,0,1,0,0,0,12,3,0,0,5,10,292,1,32,2,5,12,2,4,7,4,2,1,0,1,15,45
-74,25,7,45,4,0,0,1,0,0,0,14,1,0,0,5,10,292,1,30,3,6,12,2,4,9,5,2,1,0,1,16,45
2,25,7,36,3,0,0,1,0,0,0,11,4,0,0,5,10,292,1,30,3,7,12,2,3,9,4,2,1,0,2,15,15
6,23,7,33,6,0,0,0,0,0,0,13,17,0,0,5,10,292,2,27,4,7,13,2,4,12,5,3,1,0,2,14,45
42,21,5,28,5,0,0,1,0,0,0,3,27,0,0,5,10,292,1,25,4,7,12,2,4,12,6,3,1,0,1,13,15
24,17,3,31,7,0,1,1,0,0,0,7,8,0,0,5,10,292,1,22,2,4,10,3,8,12,9,5,1,1,1,14,15
16,16,5,30,7,0,1,2,0,0,0,14,1,0,0,5,10,292,2,20,2,5,10,3,9,14,9,4,1,1,1,14,0
14,16,5,27,6,0,1,2,0,0,0,12,3,0,0,5,10,292,1,20,2,6,10,4,8,13,9,5,1,1,1,13,0
75,14,5,19,7,0,1,2,0,0,0,5,10,0,0,5,10,292,1,18,3,4,12,6,9,14,10,7,1,1,3,12,0
72,14,5,21,7,0,1,1,0,0,0,14,1,0,0,5,10,292,1,18,3,5,12,6,8,14,9,6,0,1,1,12,15
77,14,5,25,6,0,1,1,0,0,0,14,1,0,0,5,10,292,1,18,4,5,12,5,7,13,8,5,0,0,1,12,45
-106,14,5,32,5,0,1,1,0,0,0,8,7,0,0,5,10,292,1,18,4,6,13,4,6,13,7,4,0,0,1,14,30
69,14,6,24,4,0,1,1,0,0,0,8,7,0,0,5,10,292,1,18,4,6,13,3,5,12,6,3,0,0,2,12,30
12,13,5,29,4,0,1,1,0,0,0,29,1,0,0,5,10,292,1,17,3,5,13,3,6,12,6,3,0,0,1,13,30
44,11,3,21,5,0,0,1,0,0,1,20,10,0,0,5,10,292,1,15,1,4,13,3,6,12,7,4,0,0,1,12,15
24,11,5,25,5,0,0,1,0,0,1,7,23,0,0,5,10,292,2,14,2,5,13,2,5,13,6,4,0,0,1,12,45
57,9,4,17,4,0,0,1,0,0,1,7,8,0,0,5,10,292,0,14,3,8,14,4,6,17,7,4,0,0,2,11,30
29,8,5,19,6,0,0,0,0,0,1,3,12,0,0,5,10,292,1,12,5,7,12,4,8,17,7,3,0,0,3,12,0
29,8,6,17,5,0,0,0,0,0,1,14,1,0,0,5,10,292,1,12,5,8,12,4,7,16,6,2,0,0,2,11,30
36,8,6,15,6,0,0,0,0,0,0,8,7,0,0,5,10,292,1,11,5,8,11,3,7,16,6,3,0,0,2,11,15
33,6,5,13,6,0,3,0,0,0,0,5,10,0,0,5,10,292,3,7,2,6,7,5,8,15,7,3,0,0,2,11,0
57,5,5,13,5,0,3,0,0,0,0,1,14,0,0,5,10,292,2,7,2,7,7,4,7,15,7,2,0,0,2,11,0
18,4,4,15,5,0,3,0,0,0,0,14,1,0,0,5,10,292,1,6,4,6,6,5,11,15,8,3,0,0,2,11,15
-77,4,4,21,5,0,3,0,0,0,0,9,6,0,0,5,10,292,2,5,4,5,5,5,10,14,7,3,0,0,1,12,15
23,3,3,8,4,0,3,0,0,0,0,5,10,0,0,5,10,292,1,5,4,5,5,4,9,13,7,2,0,0,2,10,15
-2,2,2,10,5,0,2,0,0,0,0,12,3,0,0,5,10,292,1,4,4,4,4,4,9,12,7,3,0,0,1,10,30
23,2,2,12,4,0,4,0,0,0,0,4,11,0,0,5,10,292,2,2,2,2,2,7,9,11,7,2,0,0,2,10,45
44,2,2,6,3,0,4,0,0,0,0,12,3,0,0,5,10,292,1,2,2,2,2,6,8,10,7,2,0,0,2,10,0
-35,0,0,10,3,0,4,0,0,0,1,0,15,0,0,5,10,292,1,0,0,0,0,6,8,9,8,4,0,0,1,10,30
63,0,0,2,3,0,3,0,0,0,1,12,3,0,0,5,10,292,0,0,0,0,0,5,8,8,8,4,0,0,2,9,30
-31,0,0,8,3,0,2,0,0,0,1,12,3,0,0,5,10,292,0,0,0,0,0,4,7,7,7,4,0,0,2,10,15
34,0,0,4,2,0,2,0,0,0,1,11,4,0,0,5,10,292,0,0,0,0,0,4,6,6,6,4,0,0,2,9,45
34,0,0,0,2,0,2,0,0,0,0,8,7,0,1,5,10,292,0,0,0,0,0,3,5,5,5,3,0,0,1,9,0
24,0,0,4,2,0,1,0,0,0,0,4,11,0,0,5,10,292,0,0,0,0,0,3,4,4,4,2,0,0,2,9,45
-32,0,0,6,1,0,1,0,0,0,0,0,3,0,0,5,10,292,0,0,0,0,0,3,3,3,3,2,0,0,2,10,0
32,0,0,2,0,0,1,0,0,0,0,0,25,0,0,5,10,292,0,0,0,0,0,2,2,2,2,2,0,0,2,9,30
23,0,0,1,0,0,0,0,0,0,0,0,31,0,0,5,10,292,0,0,0,0,0,1,1,1,1,1,0,0,2,9,15
25,42,5,46,1,0,1,0,1,0,0,27,3,1,0,4,10,291,2,43,2,5,12,1,1,6,2,0,2,0,1,17,30
28,33,6,44,9,0,1,0,2,0,0,6,9,0,0,4,10,291,2,33,2,5,9,5,9,14,11,3,1,1,1,16,45
44,33,6,45,8,0,1,0,2,0,0,5,10,0,0,4,10,291,2,33,2,5,10,6,8,13,10,3,1,0,1,17,0
45,32,7,39,9,0,0,0,2,0,0,10,5,0,0,4,10,291,2,32,2,5,10,5,8,13,10,3,1,0,2,16,0
31,30,5,41,8,0,0,1,2,0,0,1,14,0,0,4,10,291,1,31,2,4,11,5,9,13,11,4,1,0,1,16,15
94,30,5,37,7,0,0,1,2,0,0,0,15,0,0,4,10,291,1,31,2,4,11,4,8,12,10,4,1,0,2,15,45
9,30,5,39,7,0,0,1,1,0,0,5,10,0,0,4,10,291,1,31,3,5,12,4,7,11,9,4,1,0,2,16,0
8,30,5,43,6,0,0,1,1,0,0,5,10,0,0,4,10,291,1,31,3,5,12,3,6,10,8,3,1,0,1,16,30
41,29,4,33,6,0,0,1,1,0,0,7,8,0,0,4,10,291,1,30,3,5,12,4,5,9,8,2,1,0,2,15,15
66,29,5,33,6,0,0,1,1,0,0,11,4,0,0,4,10,291,2,29,2,5,13,4,6,9,7,1,1,0,2,15,15
61,27,4,31,6,0,0,1,1,0,0,1,14,0,0,4,10,291,1,28,2,5,12,3,6,8,8,2,1,0,2,15,0
9,25,4,35,5,0,0,1,2,0,0,24,6,0,0,4,10,291,0,27,2,5,11,2,5,7,9,3,1,0,2,15,30
60,25,5,30,4,0,0,1,2,0,0,17,13,0,0,4,10,291,0,27,3,7,12,3,5,6,8,3,1,0,2,14,45
9,25,6,31,5,0,0,1,2,0,0,7,8,0,0,4,10,291,2,25,3,7,14,4,4,10,7,3,1,0,2,15,0
-12,24,5,41,5,0,0,1,1,0,0,5,10,0,0,4,10,291,1,25,4,7,14,3,3,9,7,4,1,0,1,16,15
41,23,6,29,6,0,0,1,1,0,0,19,11,0,0,4,10,291,2,23,4,7,14,2,3,9,7,4,1,0,1,14,15
4,21,6,35,6,0,0,1,1,0,0,8,22,0,0,4,10,291,1,22,3,6,14,1,2,10,8,4,1,0,2,15,30
44,18,7,25,8,0,0,1,2,0,0,0,15,0,0,4,10,291,1,18,3,8,14,2,7,16,11,5,1,1,1,13,0
74,15,8,27,11,0,0,1,1,0,0,2,13,0,0,4,10,291,1,15,4,8,13,5,9,20,13,7,1,1,1,13,30
45,15,8,28,10,0,0,1,1,0,0,14,1,0,0,4,10,291,1,15,5,8,13,5,8,19,12,6,1,1,1,14,0
127,15,8,23,9,0,0,1,1,0,0,14,1,0,0,4,10,291,1,15,5,8,13,4,7,18,11,6,1,1,1,12,45
35,15,8,21,8,0,0,1,1,0,0,12,3,0,0,4,10,291,1,15,6,8,13,3,6,17,10,5,1,1,2,12,30
37,14,7,26,8,0,0,0,2,0,0,8,7,0,0,4,10,291,1,14,5,8,12,2,6,16,10,6,0,1,1,13,15
57,12,8,17,8,0,0,1,3,0,0,2,13,0,0,4,10,291,2,11,4,7,10,4,10,16,11,8,0,0,2,12,0
75,8,5,21,9,0,0,1,3,0,1,1,14,0,0,4,10,291,1,8,3,5,8,7,13,18,14,9,0,0,2,12,30
111,7,5,19,8,0,0,1,3,0,1,11,4,0,0,4,10,291,0,8,3,5,8,8,13,18,14,10,0,0,2,12,15
48,7,5,23,7,0,0,2,3,0,1,4,11,0,0,4,10,291,1,7,3,5,7,7,12,18,13,9,0,0,1,12,45
-159,7,6,37,6,0,0,2,4,0,1,10,5,0,0,4,10,291,2,6,2,4,6,8,11,17,12,9,0,0,2,15,45
55,6,5,14,5,0,0,2,4,0,1,7,8,0,0,4,10,291,1,6,2,4,6,8,10,17,12,8,0,0,1,11,30
26,6,5,19,4,0,0,2,4,0,1,7,8,0,0,4,10,291,1,6,2,4,6,7,9,16,11,7,0,0,2,12,15
59,6,5,16,3,0,0,2,4,0,1,6,9,0,0,4,10,291,1,6,2,5,6,7,8,15,10,7,0,0,2,11,45
60,6,5,12,3,0,0,2,4,0,1,0,15,0,0,4,10,291,2,5,2,4,5,6,7,14,9,6,0,0,2,11,15
87,6,5,17,2,0,0,2,4,0,1,0,15,0,0,4,10,291,2,5,2,4,5,6,6,13,8,5,0,0,2,12,0
27,4,4,14,3,0,0,2,3,0,1,13,2,0,0,4,10,291,1,4,2,3,4,5,6,13,9,5,0,0,1,11,30
42,4,4,10,3,0,0,2,3,0,0,12,3,0,0,4,10,291,1,4,2,3,4,4,5,12,8,4,0,0,2,11,0
74,3,3,10,3,0,0,2,2,0,0,9,6,0,0,4,10,291,0,4,2,4,4,3,6,11,8,4,0,0,2,11,0
70,3,3,9,2,0,0,2,2,0,0,7,8,0,0,4,10,291,0,4,2,4,4,2,5,10,7,3,0,0,2,10,45
128,3,3,3,2,0,0,2,2,0,0,0,15,0,0,4,10,291,1,3,2,3,3,1,5,9,6,3,0,0,2,9,45
15,0,0,7,3,0,0,2,2,0,0,12,3,0,0,4,10,291,0,1,1,1,1,5,7,9,8,5,0,0,1,10,15
115,0,0,0,3,0,0,2,1,0,0,11,4,0,1,4,10,291,0,1,1,1,1,5,7,8,7,4,0,0,2,9,0
46,0,0,12,3,0,0,1,1,0,0,10,5,0,0,4,10,291,0,1,1,1,1,4,6,7,6,3,0,0,2,11,15
63,0,0,5,2,0,0,2,1,0,0,4,11,0,0,4,10,291,1,0,0,0,0,4,5,6,5,2,0,0,1,10,0
38,0,0,8,2,0,0,2,0,0,0,12,3,0,0,4,10,291,1,0,0,0,0,3,4,5,4,2,0,0,1,10,30
113,0,0,1,2,0,0,1,0,0,0,9,6,0,0,4,10,291,1,0,0,0,0,2,3,4,3,1,0,0,2,9,30
57,0,0,3,1,0,0,1,0,0,0,24,6,0,0,4,10,291,1,0,0,0,0,2,2,3,2,1,0,0,2,9,45
14,0,0,5,0,0,0,1,0,0,0,3,27,0,0,4,10,291,0,0,0,0,0,1,2,2,2,1,0,0,1,10,0
-6,0,0,1,0,0,0,0,0,0,0,0,43,0,0,4,10,291,0,0,0,0,0,1,1,1,1,0,0,0,2,9,30
10,43,4,59,2,0,0,2,0,0,0,6,24,1,0,3,10,290,1,55,2,3,11,1,2,10,4,0,7,1,1,18,0
50,39,3,56,2,0,1,3,0,0,0,11,4,0,0,3,10,290,0,52,3,7,17,4,8,14,7,1,7,3,2,17,15
8,39,3,53,3,0,1,2,0,0,0,4,11,0,0,3,10,290,1,51,2,7,16,3,9,14,6,1,7,3,1,16,45
0,39,3,57,4,0,1,1,0,0,0,8,7,0,0,3,10,290,1,50,4,7,17,3,9,14,6,0,6,3,1,17,30
-2,39,3,51,3,0,1,1,0,0,0,5,10,0,0,3,10,290,1,50,4,7,17,3,9,13,5,0,6,2,2,16,30
8,39,6,53,4,0,1,1,0,0,0,13,2,0,0,3,10,290,2,48,4,9,18,6,8,15,5,1,5,2,1,16,45
48,38,6,57,4,0,1,2,0,0,0,7,8,0,0,3,10,290,2,46,3,8,17,6,9,15,6,2,5,2,1,17,30
90,37,5,51,3,0,1,2,0,0,0,3,12,0,0,3,10,290,1,46,3,9,17,6,8,14,6,2,5,2,2,16,30
49,37,5,49,4,0,0,2,0,0,0,2,13,0,0,3,10,290,2,45,2,8,16,5,7,13,5,2,4,2,2,16,15
-5,36,5,48,3,0,0,2,0,0,1,6,9,0,0,3,10,290,1,44,5,9,17,4,6,13,6,2,4,1,2,16,0
-49,36,5,55,2,0,0,2,0,0,1,5,10,0,0,3,10,290,1,44,5,9,17,3,5,12,5,1,4,1,1,17,0
36,36,8,42,2,0,0,2,0,0,1,9,6,0,0,3,10,290,1,43,4,10,18,3,5,12,5,1,4,2,2,15,15
9,36,8,46,2,0,0,1,0,0,1,6,9,0,0,3,10,290,1,43,5,10,18,3,5,11,4,1,4,2,1,15,45
-38,32,6,49,5,0,0,1,0,0,1,9,6,0,0,3,10,290,0,39,6,10,17,3,7,12,8,4,4,2,2,16,15
-15,32,6,46,5,0,0,1,0,0,0,8,7,0,0,3,10,290,0,39,6,10,18,3,6,11,7,4,3,2,1,15,45
15,31,8,44,6,0,2,0,0,0,1,4,11,0,0,3,10,290,2,35,4,8,16,4,8,12,8,4,2,1,2,15,30
17,28,7,35,6,0,2,2,0,0,0,8,7,0,0,3,10,290,1,33,4,8,16,4,7,12,10,6,2,0,2,14,15
15,27,7,41,5,0,2,2,1,0,0,12,3,0,0,3,10,290,0,32,4,9,15,5,8,12,11,7,2,1,2,15,0
32,27,8,35,5,0,2,2,1,0,0,6,9,0,0,3,10,290,1,31,4,8,16,4,7,13,10,6,2,1,2,14,15
26,27,8,38,4,0,2,2,1,0,0,2,13,0,0,3,10,290,1,31,4,8,16,4,6,12,9,5,2,1,1,14,30
44,26,8,35,4,0,2,2,2,0,0,38,7,0,0,3,10,290,2,29,4,8,14,3,5,11,9,5,2,1,2,14,15
22,24,7,40,4,0,2,2,2,0,0,30,15,0,0,3,10,290,1,28,4,8,15,3,5,10,10,5,2,1,1,14,45
-31,24,8,42,4,0,1,2,3,0,0,20,25,0,0,3,10,290,2,27,4,8,15,3,5,11,9,4,2,1,2,15,15
26,20,7,34,4,0,1,3,4,0,0,1,44,0,0,3,10,290,1,24,4,7,13,3,6,17,12,5,2,1,3,14,0
-17,20,7,44,3,0,1,3,4,0,0,13,2,0,0,3,10,290,1,24,4,7,13,2,5,16,11,4,1,1,2,15,30
90,17,6,31,4,0,1,3,4,0,1,5,10,0,0,3,10,290,1,21,4,7,12,3,6,20,13,6,1,0,1,13,0
58,16,6,33,6,0,1,3,3,0,1,8,7,0,0,3,10,290,2,19,4,7,12,4,6,21,13,5,1,0,1,13,15
-11,14,6,38,6,0,1,2,4,0,1,13,2,0,0,3,10,290,1,18,3,7,12,4,7,20,14,5,1,0,1,14,30
74,13,5,29,7,0,0,2,4,0,1,4,11,0,0,3,10,290,1,17,4,6,12,3,10,20,14,6,1,1,2,12,45
37,13,5,24,8,0,0,3,4,0,0,8,7,0,0,3,10,290,2,15,3,5,10,3,12,20,14,7,1,1,2,12,15
28,13,5,24,7,0,0,3,4,0,0,6,9,0,0,3,10,290,2,15,3,5,10,3,12,19,13,7,1,1,2,12,15
129,10,4,16,9,0,0,3,3,0,0,9,6,0,0,3,10,290,1,13,3,6,9,10,16,20,15,9,1,1,2,11,15
91,9,4,24,10,0,0,3,2,0,0,7,8,0,0,3,10,290,1,12,2,5,9,9,15,19,15,9,1,1,2,12,15
94,9,4,22,10,0,0,3,2,0,0,1,14,0,0,3,10,290,2,11,1,4,8,10,14,20,14,8,1,1,3,12,0
6,8,4,31,10,0,0,2,2,0,0,13,2,0,0,3,10,290,1,11,1,5,9,11,13,19,14,9,1,1,1,13,0
69,8,4,20,9,0,0,2,2,0,0,11,4,0,0,3,10,290,1,11,2,5,9,10,12,18,13,8,0,1,2,11,45
35,8,5,29,9,0,0,2,1,0,0,11,4,0,0,3,10,290,1,11,2,5,9,9,12,17,12,7,0,0,2,12,45
-18,8,5,27,8,0,0,2,1,0,0,8,7,0,0,3,10,290,0,11,2,6,9,8,11,16,12,7,0,0,2,12,30
60,8,5,18,7,0,0,2,1,0,0,3,12,0,0,3,10,290,0,11,2,6,10,8,10,15,11,6,0,0,2,11,30
81,8,5,27,6,0,0,2,1,0,0,2,13,0,0,3,10,290,0,11,2,6,10,7,9,14,10,6,0,0,2,12,30
140,8,5,7,6,0,0,2,1,0,0,11,4,0,0,3,10,290,1,10,3,5,10,6,9,14,9,6,0,0,2,10,0
94,8,5,14,5,0,0,2,1,0,0,6,9,0,0,3,10,290,1,10,3,5,10,6,8,13,8,5,0,0,2,11,0
0,8,5,22,5,0,0,1,1,0,0,5,10,0,0,3,10,290,1,10,3,5,10,5,7,12,7,4,0,0,3,12,0
67,8,5,10,4,0,0,1,1,0,0,1,14,0,0,3,10,290,1,10,3,6,10,4,6,11,6,3,0,0,2,10,30
26,8,5,18,3,0,0,1,1,0,0,13,2,0,0,3,10,290,1,10,4,6,10,3,5,10,5,3,0,0,2,11,30
59,6,4,12,3,0,0,1,1,0,0,3,12,0,0,3,10,290,0,9,4,5,9,3,6,10,6,4,0,0,2,10,45
28,6,4,10,4,0,1,1,0,0,0,10,5,0,0,3,10,290,2,7,2,3,7,3,5,10,5,3,0,0,2,10,30
-20,3,1,20,4,0,1,1,0,0,0,11,4,0,0,3,10,290,0,6,2,4,6,2,6,10,7,4,0,0,2,11,45
144,3,2,14,5,0,1,0,0,0,0,2,13,0,0,3,10,290,1,5,1,4,5,3,5,10,6,4,0,0,2,11,0
11,3,3,8,5,0,1,0,0,0,0,11,4,0,0,3,10,290,1,4,2,4,4,4,5,11,6,4,0,0,2,10,15
61,3,3,2,5,0,0,0,0,0,0,4,11,0,0,3,10,290,1,4,3,4,4,3,4,10,5,3,0,0,2,9,30
54,2,2,5,5,0,0,0,0,0,0,6,9,0,0,3,10,290,1,3,3,3,3,3,5,9,5,3,0,0,1,9,45
14,2,2,16,4,0,0,0,0,0,0,4,11,0,0,3,10,290,1,3,3,3,3,2,4,8,4,2,0,0,2,11,15
38,1,1,8,4,0,0,1,0,0,0,1,14,0,0,3,10,290,1,1,1,1,1,2,5,7,5,3,0,0,2,10,15
-39,0,0,12,4,0,0,1,0,0,0,0,11,0,0,3,10,290,0,0,0,0,0,4,6,6,6,4,0,0,2,10,45
8,0,0,0,3,0,0,1,0,0,0,0,15,0,1,3,10,290,0,0,0,0,0,4,5,5,5,3,0,0,1,9,0
9,0,0,1,2,0,0,1,0,0,0,0,30,0,0,3,10,290,0,0,0,0,0,4,4,4,4,2,0,0,3,9,15
19,0,0,2,1,0,0,1,0,0,0,0,34,0,0,3,10,290,0,0,0,0,0,3,3,3,3,1,0,0,2,9,30
-17,0,0,5,0,0,0,1,0,0,0,0,44,0,0,3,10,290,0,0,0,0,0,2,2,2,2,1,0,0,1,9,45
-17,0,0,2,0,0,0,0,0,0,0,0,52,0,0,3,10,290,0,0,0,0,0,1,1,1,1,0,0,0,2,9,30
35,32,3,49,1,0,0,3,0,0,0,14,1,0,0,2,10,289,0,47,2,4,9,1,5,9,5,3,4,0,2,17,30
40,31,3,48,0,0,2,4,0,0,0,11,4,0,0,2,10,289,2,44,1,4,9,4,7,10,5,3,4,0,2,17,15
8,31,5,49,0,0,1,4,0,0,0,5,10,0,0,2,10,289,2,44,2,4,9,4,6,9,4,2,4,0,2,17,30
55,31,5,51,0,0,1,3,0,0,0,13,2,1,0,2,10,289,2,44,2,4,10,4,5,9,3,2,4,0,1,17,45
138,31,5,39,0,0,1,2,0,0,0,11,4,0,0,2,10,289,2,44,2,5,10,3,4,8,2,2,4,0,2,15,45
-6,29,4,47,1,0,0,2,0,0,0,7,8,0,0,2,10,289,0,43,3,5,10,3,4,8,4,1,4,1,1,17,0
61,29,4,45,1,0,0,2,0,0,0,3,12,0,0,2,10,289,1,42,2,5,9,2,3,8,3,1,4,1,1,16,45
17,28,4,43,1,0,0,2,0,0,0,0,15,0,0,2,10,289,1,41,2,5,9,2,4,8,3,1,4,1,2,16,30
9,26,4,45,2,0,0,2,0,0,0,3,27,0,0,2,10,289,1,39,3,5,10,2,4,11,4,2,3,2,1,16,45
36,24,2,38,3,0,0,2,0,0,0,0,15,0,0,2,10,289,1,37,2,4,11,3,5,12,5,3,3,1,2,15,30
-16,24,2,39,3,0,0,2,0,0,0,2,13,0,0,2,10,289,1,36,2,4,11,2,5,12,5,3,3,1,2,15,45
4,23,1,41,3,0,0,2,0,0,0,1,14,0,0,2,10,289,0,35,2,5,12,3,6,11,6,4,2,1,2,16,15
56,22,0,36,3,0,0,2,0,0,0,1,14,0,0,2,10,289,0,34,2,5,14,3,7,12,6,3,2,0,1,15,15
-73,22,0,41,4,0,0,1,0,0,0,4,11,0,0,2,10,289,1,33,3,6,13,4,6,11,5,2,2,0,2,16,15
42,22,2,32,3,0,0,1,0,0,0,8,7,0,0,2,10,289,1,33,3,7,16,5,7,12,4,2,2,0,1,14,30
43,22,4,35,4,0,0,0,0,0,0,14,1,0,0,2,10,289,0,32,3,7,16,4,7,12,5,2,2,0,2,15,0
55,22,5,29,5,0,0,0,0,0,0,4,11,0,0,2,10,289,2,30,3,7,14,3,6,12,4,1,2,0,2,14,0
18,22,6,36,4,0,0,0,0,0,0,0,15,0,0,2,10,289,1,30,4,7,15,4,5,12,4,1,2,0,1,15,15
-16,22,6,32,3,0,0,0,0,0,0,25,5,0,0,2,10,289,1,30,4,9,16,3,5,11,3,1,2,0,1,14,30
-11,21,7,30,6,0,0,0,0,0,0,2,28,0,0,2,10,289,2,26,3,6,14,3,5,11,5,2,2,0,2,14,15
-129,21,7,43,5,0,0,0,0,0,0,2,28,0,0,2,10,289,2,26,3,7,14,2,4,10,4,2,2,0,2,16,30
-29,18,6,30,4,0,0,0,0,0,1,2,13,0,0,2,10,289,0,25,4,9,16,2,6,12,6,2,2,1,2,14,15
-54,16,6,34,6,0,0,1,0,0,1,10,5,0,0,2,10,289,2,21,4,7,13,3,7,13,7,2,2,1,1,14,45
0,15,6,28,6,0,0,1,0,0,1,1,14,0,0,2,10,289,2,20,4,6,13,4,7,12,7,3,2,1,1,13,30
7,14,6,27,6,0,0,1,0,0,1,1,14,0,0,2,10,289,1,19,3,7,13,4,6,14,8,4,1,1,1,13,15
64,13,7,22,6,0,0,1,1,0,1,10,5,0,0,2,10,289,2,17,3,7,11,4,7,17,8,5,1,0,2,12,30
52,13,7,20,5,0,0,1,1,0,1,5,10,0,0,2,10,289,2,17,3,8,12,3,7,16,7,5,1,1,2,12,15
20,12,6,26,5,0,1,1,1,0,0,12,3,0,0,2,10,289,2,16,4,7,11,3,6,15,7,5,1,1,1,13,0
47,11,5,20,4,0,1,1,1,0,0,1,14,0,0,2,10,289,1,16,5,8,11,2,7,14,7,6,1,1,2,12,15
20,9,4,18,5,0,1,1,1,0,0,4,11,0,0,2,10,289,1,14,5,7,10,4,6,14,8,7,1,1,2,12,0
9,7,4,22,8,0,1,1,1,0,0,0,15,0,0,2,10,289,2,10,2,4,9,5,9,15,10,7,1,1,2,12,30
2,7,4,24,7,0,1,1,1,0,0,11,4,0,0,2,10,289,2,10,2,4,9,4,10,14,9,6,1,1,1,12,45
-13,6,3,24,7,0,1,1,1,0,0,8,7,0,0,2,10,289,2,9,1,4,8,3,10,14,9,5,0,1,1,12,45
87,6,3,10,6,0,1,1,1,0,0,7,8,0,0,2,10,289,2,9,2,4,8,4,9,16,8,4,0,0,2,11,0
60,6,4,7,5,0,1,1,1,0,0,6,9,0,0,2,10,289,2,9,3,4,8,3,8,15,7,3,0,0,1,10,30
37,4,3,14,7,0,1,1,0,0,0,11,4,0,0,2,10,289,0,7,2,4,7,7,9,15,10,7,0,0,2,11,30
75,4,3,9,7,0,0,1,0,0,0,10,5,0,0,2,10,289,0,7,2,5,7,6,9,14,9,6,0,0,2,10,45
10,4,3,12,7,0,0,1,0,0,0,3,12,0,0,2,10,289,1,6,1,5,6,5,8,13,8,6,0,0,2,11,15
0,3,2,10,6,0,0,1,0,0,0,1,14,0,0,2,10,289,0,6,1,5,6,4,7,12,8,6,0,0,2,11,0
5,3,3,16,5,0,0,1,0,0,0,12,3,0,0,2,10,289,0,6,2,5,6,3,6,11,7,5,0,0,2,11,45
-29,3,3,18,4,0,0,1,0,0,0,12,3,0,0,2,10,289,0,6,2,5,6,2,5,10,6,4,0,0,2,12,0
13,3,3,14,3,0,0,1,0,0,0,10,5,0,0,2,10,289,0,6,2,5,6,1,4,9,5,4,0,0,2,11,30
-59,2,2,16,3,0,0,2,0,0,0,5,25,0,0,2,10,289,1,4,3,4,4,5,8,10,5,4,0,0,2,11,45
-13,1,1,12,4,0,0,1,0,0,0,13,2,0,0,2,10,289,1,3,2,3,3,6,7,9,5,4,0,0,2,11,15
19,1,1,7,3,0,0,1,0,0,0,11,4,0,0,2,10,289,1,3,2,3,3,5,6,8,4,3,0,0,1,10,30
17,0,0,5,4,0,0,1,0,0,0,24,6,0,0,2,10,289,0,1,1,1,1,4,5,7,6,3,0,0,2,10,15
-40,0,0,5,3,0,0,1,0,0,0,22,8,0,0,2,10,289,0,1,1,1,1,3,4,6,5,3,0,0,2,10,15
-12,0,0,3,2,0,0,1,0,0,0,17,13,0,0,2,10,289,0,1,1,1,1,3,4,5,4,3,0,0,2,9,45
36,0,0,1,2,0,0,0,0,0,0,16,14,0,0,2,10,289,0,1,1,1,1,2,3,4,3,3,0,0,2,9,30
0,0,0,1,2,0,0,0,0,0,0,0,9,0,0,2,10,289,1,0,0,0,0,1,3,3,2,2,0,0,2,9,30
2,0,0,3,1,0,0,0,0,0,0,0,40,0,0,2,10,289,0,0,0,0,0,2,2,2,2,2,0,0,2,9,45
-12,0,0,0,0,0,0,0,0,0,0,0,45,0,1,2,10,289,0,0,0,0,0,1,1,1,1,1,0,0,2,9,0
44,46,10,54,4,0,0,1,1,0,0,0,15,1,0,6,10,286,2,48,5,10,15,2,3,8,5,2,4,0,1,17,30
61,42,8,50,6,0,0,1,1,0,0,7,8,0,0,6,10,286,1,45,6,9,14,1,4,9,8,4,4,1,1,17,0
51,36,5,47,7,0,3,1,2,0,1,0,15,0,0,6,10,286,2,38,2,5,10,4,5,13,13,7,4,1,1,16,30
11,36,5,53,6,0,3,1,2,0,1,9,6,0,0,6,10,286,2,38,2,6,10,3,6,13,12,6,4,2,1,17,15
42,36,5,50,6,0,3,0,2,0,1,5,10,0,0,6,10,286,2,38,3,7,11,3,5,12,11,5,3,2,1,17,0
257,34,4,19,6,0,3,2,2,0,0,2,13,0,0,6,10,286,2,36,3,5,10,2,6,13,12,6,3,1,2,11,45
35,33,4,47,6,0,3,2,2,0,0,6,9,0,0,6,10,286,1,35,4,5,9,3,8,14,13,5,3,1,1,16,30
65,31,4,41,7,0,2,2,2,0,1,0,15,0,0,6,10,286,0,33,2,5,10,6,8,13,15,4,3,1,1,15,30
26,31,4,44,8,0,1,2,2,0,1,11,4,0,0,6,10,286,1,32,2,4,9,5,8,12,14,3,2,1,1,16,0
42,30,4,46,8,0,1,2,2,0,1,0,15,0,0,6,10,286,1,31,1,4,9,6,8,13,14,3,2,1,2,16,15
86,30,5,37,8,0,0,2,2,0,1,4,11,0,0,6,10,286,1,31,3,5,10,5,8,12,13,3,2,1,2,15,0
57,30,5,43,7,0,0,2,2,0,1,0,15,0,0,6,10,286,1,31,3,5,11,4,8,12,12,3,2,1,2,15,45
-5,30,5,41,7,0,0,2,2,0,0,0,15,0,0,6,10,286,1,31,3,5,11,3,7,11,11,3,2,1,1,15,30
50,29,4,44,7,0,0,2,2,0,0,24,6,0,0,6,10,286,1,30,2,4,11,3,6,12,11,4,2,1,1,16,0
79,29,4,35,7,0,0,2,1,0,0,19,11,0,0,6,10,286,1,30,3,4,12,2,6,11,10,3,2,1,2,14,45
16,27,4,39,8,0,0,2,1,0,0,13,2,0,0,6,10,286,1,28,2,5,13,4,5,11,11,4,2,1,2,15,15
-80,26,4,50,9,0,0,1,1,0,0,0,15,0,0,6,10,286,1,27,3,5,14,4,6,12,11,5,1,1,1,17,0
77,25,3,37,9,0,0,1,1,0,0,22,8,0,0,6,10,286,1,26,2,5,15,3,5,13,11,6,1,0,2,15,0
28,25,5,49,9,0,0,1,0,0,0,16,14,0,0,6,10,286,1,26,3,6,15,2,5,13,10,6,1,1,3,16,45
7,25,6,39,8,0,0,1,0,0,0,7,23,0,0,6,10,286,1,26,4,7,16,2,6,13,9,6,1,1,2,15,15
100,22,7,33,8,0,1,2,1,0,0,9,6,0,0,6,10,286,1,22,3,8,15,5,7,18,12,9,1,1,1,14,0
48,22,7,34,7,0,1,2,1,0,0,6,9,0,0,6,10,286,1,22,3,8,15,4,6,17,11,9,1,1,2,14,15
-95,20,8,35,8,0,0,2,1,0,0,2,13,0,0,6,10,286,0,21,5,10,17,4,9,18,12,8,0,1,2,14,45
360,19,7,13,9,0,0,2,1,0,0,11,4,0,0,6,10,286,1,19,5,8,15,3,9,17,12,7,0,0,2,11,0
119,19,7,28,8,0,0,2,1,0,0,11,4,0,0,6,10,286,1,19,5,8,15,2,8,16,11,6,0,0,1,12,45
48,17,7,32,9,0,0,2,1,0,0,10,5,0,0,6,10,286,1,17,5,8,14,4,10,17,12,6,0,0,1,13,30
94,15,7,26,10,0,1,2,1,0,0,9,6,0,0,6,10,286,2,14,3,7,11,6,12,18,13,8,0,0,2,12,30
56,14,6,30,10,0,1,2,1,0,0,1,14,0,0,6,10,286,2,13,3,7,11,7,11,18,13,8,0,0,1,13,0
78,13,6,24,10,0,1,2,1,0,0,13,2,0,0,6,10,286,2,12,3,6,10,7,10,17,13,8,0,0,2,12,15
19,12,6,26,10,0,1,2,0,0,0,10,5,0,0,6,10,286,1,12,3,6,10,7,11,16,13,8,0,0,2,12,30
74,12,6,11,9,0,1,2,0,0,1,5,10,0,0,6,10,286,2,11,2,7,9,6,10,15,12,8,0,0,2,10,45
47,12,7,22,8,0,1,2,0,0,1,12,3,0,0,6,10,286,2,11,4,7,10,7,9,15,11,7,0,0,2,12,0
59,11,6,19,7,0,1,3,0,0,1,5,10,0,0,6,10,286,2,10,4,6,9,6,9,15,11,7,0,0,2,11,45
69,11,6,31,6,0,1,3,0,0,1,4,11,0,0,6,10,286,2,10,4,6,9,5,8,14,10,7,0,0,1,13,15
15,10,6,24,6,0,1,3,0,0,1,15,15,0,0,6,10,286,2,9,3,6,8,4,7,14,10,7,0,0,2,12,15
55,10,6,17,5,0,1,3,0,0,1,10,5,0,0,6,10,286,2,9,3,6,8,5,7,13,9,7,0,0,3,11,30
49,8,5,17,6,0,0,3,0,0,1,1,14,0,0,6,10,286,1,8,4,5,8,4,8,13,10,7,0,0,3,11,30
26,8,5,28,6,0,0,2,0,0,1,13,2,0,0,6,10,286,1,8,4,5,8,3,7,13,9,6,0,0,1,12,45
96,6,3,19,7,0,1,1,0,0,1,11,4,0,0,6,10,286,0,6,3,4,6,4,7,12,11,5,0,0,2,11,45
49,6,3,15,6,0,1,1,0,0,1,10,5,0,0,6,10,286,0,6,3,4,6,3,6,11,10,4,0,0,2,11,15
49,5,3,11,6,0,1,3,0,0,0,10,5,0,0,6,10,286,1,4,1,3,4,4,6,11,10,3,0,0,2,10,45
25,4,2,22,6,0,1,3,0,0,0,13,2,0,0,6,10,286,1,3,1,2,3,4,7,13,10,2,0,0,2,12,0
-9,4,2,15,5,0,1,3,0,0,0,9,6,0,0,6,10,286,1,3,1,2,3,3,6,12,9,1,0,0,2,11,15
47,4,2,9,4,0,1,3,0,0,0,8,7,0,0,6,10,286,1,3,1,2,3,2,5,11,8,1,0,0,2,10,30
117,3,2,5,3,0,1,3,0,0,0,7,8,0,0,6,10,286,0,3,2,3,3,3,6,10,8,2,0,0,2,10,0
17,3,3,13,4,0,1,2,0,0,0,2,13,0,0,6,10,286,1,2,1,2,2,3,5,9,7,2,0,0,2,11,0
43,2,2,7,4,0,1,2,0,0,0,8,7,0,0,6,10,286,1,1,1,1,1,4,5,9,7,2,0,0,2,10,15
29,2,2,9,3,0,1,2,0,0,0,1,14,0,0,6,10,286,1,1,1,1,1,3,5,8,6,2,0,0,2,10,30
29,1,1,7,4,0,1,1,0,0,0,1,14,0,0,6,10,286,1,0,0,0,0,2,6,7,6,2,0,0,2,10,15
18,1,1,5,4,0,1,0,0,0,0,0,15,0,0,6,10,286,1,0,0,0,0,1,5,6,5,2,0,0,2,10,0
2,0,0,1,4,0,0,0,0,0,0,0,16,0,0,6,10,286,0,0,0,0,0,4,5,5,5,2,0,0,2,9,15
130,0,0,2,3,0,0,0,0,0,0,0,28,0,0,6,10,286,0,0,0,0,0,3,4,4,4,2,0,0,1,9,30
4,0,0,0,2,0,0,0,0,0,0,0,29,0,1,6,10,286,0,0,0,0,0,2,3,3,3,2,0,0,1,9,0
63,0,0,2,1,0,0,0,0,0,0,0,30,0,0,6,10,286,0,0,0,0,0,1,2,2,2,1,0,0,1,9,30
2,0,0,4,0,0,0,0,0,0,0,0,75,0,0,6,10,286,0,0,0,0,0,1,1,1,1,1,0,0,2,9,45
7,26,3,45,2,0,0,1,0,0,0,11,4,1,0,5,10,285,1,42,2,5,11,1,3,5,3,0,5,0,1,17,30
66,24,3,38,3,0,0,2,0,0,0,5,10,0,0,5,10,285,0,39,4,8,12,4,4,11,6,2,5,1,1,16,30
62,24,3,41,3,0,0,2,0,0,0,4,11,0,0,5,10,285,1,38,3,7,12,3,3,11,5,2,5,1,2,16,45
-3,23,3,44,4,0,0,1,0,0,0,9,6,0,0,5,10,285,1,37,4,6,11,2,2,10,5,3,5,1,1,17,15
24,23,3,42,3,0,0,2,0,0,0,1,14,0,0,5,10,285,2,36,3,6,11,1,2,11,4,2,4,1,1,17,0
-11,20,1,42,5,0,1,2,0,0,1,7,8,0,0,5,10,285,0,31,2,6,10,4,8,14,10,6,4,1,1,17,0
13,20,1,36,4,0,2,2,0,0,1,11,4,0,0,5,10,285,1,30,3,6,11,6,10,14,9,6,4,1,3,16,15
43,20,1,31,3,0,2,2,0,0,1,9,6,0,0,5,10,285,1,30,3,6,11,5,9,13,8,5,4,1,1,15,30
-41,20,3,38,3,0,2,2,0,0,1,10,5,0,0,5,10,285,1,29,3,6,11,5,9,14,8,4,4,1,1,16,30
40,20,3,35,4,0,2,1,0,0,1,6,9,0,0,5,10,285,1,28,3,5,11,5,9,14,8,3,4,1,2,16,0
48,20,3,26,4,0,1,1,0,0,1,14,1,0,0,5,10,285,1,28,4,6,12,5,8,13,7,3,4,1,1,14,45
-2,20,3,31,5,0,1,1,0,0,0,12,3,0,0,5,10,285,2,27,3,5,11,5,7,12,6,2,3,1,1,15,30
-30,20,4,38,5,0,1,1,0,0,0,4,11,0,0,5,10,285,2,26,2,4,11,4,6,11,6,1,3,0,1,16,30
-9,19,3,29,6,0,0,1,0,0,0,22,8,0,0,5,10,285,2,25,2,4,11,5,6,11,6,1,3,0,3,15,15
-6,19,3,28,5,0,0,1,0,0,0,18,12,0,0,5,10,285,1,25,2,5,11,4,5,10,6,1,3,0,2,15,0
34,19,4,29,5,0,0,1,0,0,0,12,18,0,0,5,10,285,2,24,2,5,12,3,5,9,5,1,3,0,3,15,15
-64,18,5,34,4,0,1,1,0,0,0,0,30,0,0,5,10,285,1,23,2,4,11,3,5,9,6,2,3,0,1,15,45
28,17,4,24,3,0,1,1,0,0,0,38,7,0,0,5,10,285,0,23,2,5,12,2,5,9,6,3,3,0,1,14,0
-5,16,5,36,3,0,1,1,0,0,0,18,27,0,0,5,10,285,0,22,3,7,13,3,5,10,6,2,3,0,3,16,15
61,15,6,22,4,0,1,2,0,0,0,12,3,0,0,5,10,285,2,19,3,7,12,4,5,12,6,3,3,0,1,13,0
-11,15,6,25,3,0,1,2,0,0,0,7,8,0,0,5,10,285,2,19,4,7,13,3,4,11,5,3,3,0,2,14,30
-84,13,4,31,2,0,1,2,0,0,0,0,15,0,0,5,10,285,0,19,4,7,14,2,4,10,6,5,3,1,1,15,30
41,13,5,23,3,0,1,2,0,0,0,8,7,0,0,5,10,285,2,17,3,6,12,2,4,11,5,4,3,1,1,13,15
21,10,3,19,4,0,1,2,0,0,0,14,1,0,0,5,10,285,0,15,3,6,12,2,5,15,8,4,3,2,2,12,30
-135,9,5,26,5,0,2,2,0,0,0,0,15,0,0,5,10,285,1,12,3,7,11,4,7,14,9,5,2,2,1,14,45
82,8,4,17,6,0,2,1,0,0,0,10,5,0,0,5,10,285,1,11,2,6,10,5,8,13,9,5,2,2,1,12,15
18,7,4,20,7,0,2,0,0,0,0,11,4,0,0,5,10,285,1,10,3,6,10,5,9,15,9,6,1,2,1,12,45
75,7,4,10,6,0,3,0,0,0,0,6,9,0,0,5,10,285,2,9,3,5,9,4,9,14,8,5,1,1,1,11,15
77,7,4,12,5,0,3,0,0,0,0,12,3,0,0,5,10,285,1,9,4,6,9,5,10,13,8,6,1,1,2,11,30
45,7,4,17,5,0,2,0,0,0,0,11,4,0,0,5,10,285,1,9,4,6,9,4,9,12,7,5,1,1,1,12,15
76,7,4,15,4,0,2,0,0,0,0,10,5,0,0,5,10,285,1,9,4,6,9,3,8,11,6,4,1,1,2,12,0
18,4,3,15,5,0,3,1,0,0,0,29,1,0,0,5,10,285,2,5,2,4,5,7,7,12,8,5,1,1,2,12,0
-38,4,3,20,5,0,2,1,0,0,0,28,2,0,0,5,10,285,2,5,2,4,5,6,6,11,7,5,0,1,1,12,45
-9,3,3,8,5,0,1,1,0,0,0,15,15,0,0,5,10,285,0,5,3,5,5,5,7,12,8,5,0,0,2,11,0
18,3,3,8,5,0,0,1,0,0,0,14,16,0,0,5,10,285,0,5,3,5,5,4,6,11,7,5,0,0,2,11,0
12,3,3,13,5,0,0,1,0,0,0,6,24,0,0,5,10,285,1,4,3,4,4,3,6,10,6,4,0,0,2,11,45
32,3,3,10,4,0,0,1,0,0,0,4,26,0,0,5,10,285,1,4,3,4,4,2,5,9,5,4,0,0,1,11,15
-10,3,3,13,3,0,0,1,1,0,0,0,30,0,0,5,10,285,2,3,2,3,3,1,4,8,4,3,0,0,2,11,45
9,1,1,3,4,0,0,1,1,0,0,8,7,0,0,5,10,285,0,1,1,1,1,4,6,8,7,3,0,0,2,10,0
52,0,0,5,5,0,0,0,1,0,0,5,10,0,0,5,10,285,0,0,0,0,0,3,6,7,7,4,0,0,1,10,15
66,0,0,3,4,0,0,0,1,0,0,12,3,0,0,5,10,285,0,0,0,0,0,2,5,6,6,4,0,0,2,10,0
54,0,0,0,4,0,0,0,0,0,0,0,6,0,1,5,10,285,0,0,0,0,0,3,4,5,5,3,0,0,1,9,30
-6,0,0,7,3,0,0,0,0,0,0,0,27,0,0,5,10,285,0,0,0,0,0,3,4,4,4,2,0,0,2,10,30
77,0,0,0,2,0,0,0,0,0,0,0,35,0,1,5,10,285,0,0,0,0,0,2,3,3,3,2,0,0,1,9,30
-14,0,0,5,1,0,0,0,0,0,0,0,38,0,0,5,10,285,0,0,0,0,0,1,2,2,2,1,0,0,1,10,15
5,0,0,2,0,0,0,0,0,0,0,0,70,0,0,5,10,285,0,0,0,0,0,1,1,1,1,1,0,0,2,9,45
51,37,3,51,1,0,0,2,0,0,0,12,0,1,0,4,10,284,0,49,4,6,11,1,4,7,4,2,4,1,2,17,30
60,34,5,46,4,0,0,1,0,0,1,13,2,0,0,4,10,284,1,45,3,6,9,3,5,12,6,2,3,1,2,16,45
44,34,5,48,3,0,0,2,0,0,1,7,8,0,0,4,10,284,2,44,3,5,10,2,4,12,5,2,3,0,1,17,0
6,34,5,51,3,0,0,2,0,0,0,1,14,1,0,4,10,284,2,44,3,5,11,2,4,12,4,1,3,0,2,17,30
23,30,3,48,3,0,1,2,1,0,0,4,11,0,0,4,10,284,1,41,2,5,9,3,7,11,7,3,3,1,1,17,0
19,29,2,42,3,0,0,2,1,0,1,6,9,0,0,4,10,284,0,40,3,4,9,2,7,11,8,5,3,1,2,16,15
-21,29,3,44,3,0,0,3,1,0,0,5,10,0,0,4,10,284,1,39,3,5,8,5,8,10,7,4,3,2,2,16,30
49,27,2,50,5,0,0,2,1,0,0,11,4,0,0,4,10,284,0,37,2,4,10,6,8,12,9,5,3,2,2,17,15
-5,27,2,38,4,0,0,2,1,0,0,11,4,0,0,4,10,284,0,37,2,4,10,5,7,11,8,4,2,2,1,15,45
15,27,2,46,4,0,0,2,1,0,0,9,6,0,0,4,10,284,1,36,2,3,9,4,6,10,7,3,2,1,2,16,45
17,27,2,41,4,0,0,2,0,0,0,7,8,0,0,4,10,284,1,36,2,3,9,4,5,9,6,3,2,1,2,16,0
9,27,2,42,3,0,0,2,0,0,0,1,14,0,0,4,10,284,1,36,3,4,9,4,4,8,5,2,2,1,2,16,15
6,27,3,44,3,0,0,1,0,0,0,5,10,0,0,4,10,284,0,36,3,5,12,3,4,8,5,2,1,1,2,16,30
64,27,4,36,4,0,0,1,0,0,0,22,8,0,0,4,10,284,2,34,1,3,11,2,3,7,4,1,1,0,1,15,15
0,26,3,38,4,0,0,0,0,0,1,17,13,0,0,4,10,284,2,33,1,3,10,1,4,6,4,1,1,0,1,15,45
19,24,4,32,5,0,0,0,0,0,0,42,3,0,0,4,10,284,0,32,3,6,14,4,4,8,6,1,1,0,1,14,15
26,23,7,35,5,0,0,0,0,0,0,19,26,0,0,4,10,284,0,31,4,8,16,3,4,11,6,1,1,0,1,15,0
-21,23,7,37,4,0,0,0,0,0,1,18,27,0,0,4,10,284,1,30,3,7,15,2,3,10,5,1,1,0,3,15,30
-13,22,6,34,4,0,0,0,0,0,1,12,33,0,0,4,10,284,1,29,3,6,14,1,2,12,5,2,1,0,1,14,30
35,19,8,32,4,0,0,1,1,0,1,10,5,0,0,4,10,284,1,26,4,9,15,2,4,14,7,4,1,0,1,14,15
44,15,4,31,5,0,1,2,1,0,1,11,4,0,0,4,10,284,1,22,4,7,14,3,10,15,10,7,1,1,2,13,30
16,14,5,28,6,0,1,2,0,0,1,14,1,0,0,4,10,284,1,21,5,7,14,3,10,16,10,6,1,1,1,13,0
14,13,5,30,7,0,1,3,0,0,1,13,2,0,0,4,10,284,2,18,3,7,12,8,11,17,11,6,1,1,1,13,15
56,11,4,28,7,0,1,3,0,0,2,3,12,0,0,4,10,284,2,16,2,5,11,8,11,18,12,7,1,1,1,13,0
89,11,5,21,7,0,1,3,0,0,1,12,3,0,0,4,10,284,1,16,2,6,13,7,10,20,12,8,0,1,2,12,15
25,11,5,26,7,0,1,2,1,0,1,9,6,0,0,4,10,284,2,15,3,7,12,6,9,19,11,7,0,0,2,12,45
41,11,6,21,7,0,0,2,1,0,1,7,8,0,0,4,10,284,2,15,3,7,12,5,8,18,10,6,0,0,2,12,15
32,11,6,19,6,0,0,2,1,0,1,2,13,0,0,4,10,284,2,15,3,7,14,6,8,17,9,5,0,0,3,12,0
-47,11,6,26,6,0,0,2,1,0,0,1,14,0,0,4,10,284,2,15,4,7,14,5,7,16,8,5,0,0,2,12,45
41,11,6,19,5,0,0,2,1,0,0,14,1,0,0,4,10,284,2,15,4,7,14,4,6,15,7,4,0,0,3,12,0
20,10,5,24,6,0,0,1,1,0,0,4,11,0,0,4,10,284,2,14,3,6,13,4,5,16,7,4,0,0,2,12,30
37,9,6,18,6,0,0,2,1,0,0,4,11,0,0,4,10,284,2,12,4,6,12,3,8,18,8,6,0,0,2,11,45
39,9,6,24,5,0,0,2,1,0,0,3,12,0,0,4,10,284,2,12,4,6,12,3,7,17,7,6,0,0,2,12,30
9,7,4,16,5,0,0,2,1,0,0,7,8,0,0,4,10,284,1,11,3,5,11,2,8,16,8,7,0,0,1,11,30
-2,5,4,13,5,0,0,3,2,0,0,4,11,0,0,4,10,284,1,8,2,7,8,5,10,17,10,8,0,0,1,11,0
55,4,4,15,4,0,0,3,2,0,0,2,13,0,0,4,10,284,0,8,3,8,8,6,12,17,10,8,0,0,2,11,15
40,4,4,16,4,0,0,2,2,0,0,1,14,0,0,4,10,284,0,8,4,8,8,6,11,16,9,7,0,0,1,11,30
-204,3,3,38,4,0,0,2,2,0,0,11,4,0,0,4,10,284,0,7,4,7,7,7,11,15,9,8,0,0,1,15,45
72,3,3,5,4,0,0,2,2,0,0,6,9,0,0,4,10,284,1,6,3,6,6,6,11,14,8,7,0,0,2,10,0
8,3,3,11,4,0,0,1,2,0,0,12,3,0,0,4,10,284,1,6,5,6,6,5,10,13,7,6,0,0,2,10,45
-47,3,3,21,3,0,0,1,2,0,0,8,7,0,0,4,10,284,1,6,5,6,6,6,9,12,6,6,0,0,2,12,15
17,3,3,13,5,0,0,0,2,0,0,2,13,0,0,4,10,284,2,4,4,4,4,6,9,12,6,6,0,0,1,11,0
14,3,3,11,4,0,0,0,2,0,0,1,14,0,0,4,10,284,2,4,4,4,4,5,8,11,5,5,0,0,2,10,45
61,3,3,9,4,0,0,0,1,0,0,14,1,0,0,4,10,284,2,4,4,4,4,4,7,10,4,4,0,0,2,10,30
12,0,0,7,6,0,0,0,1,0,0,10,5,0,0,4,10,284,1,1,1,1,1,5,8,9,7,3,0,0,2,10,15
-2,0,0,5,5,0,0,0,1,0,0,9,6,0,0,4,10,284,1,1,1,1,1,4,7,8,6,2,0,0,2,10,0
4,0,0,9,6,0,0,0,0,0,0,3,12,0,0,4,10,284,1,0,0,0,0,4,6,7,6,2,0,0,2,10,30
31,0,0,0,5,0,0,0,0,0,0,13,2,0,1,4,10,284,1,0,0,0,0,4,5,6,5,1,0,0,2,9,15
6,0,0,3,4,0,0,0,0,0,0,11,4,0,0,4,10,284,0,0,0,0,0,3,4,5,5,2,0,0,2,9,45
26,0,0,1,3,0,0,0,0,0,0,0,11,0,0,4,10,284,0,0,0,0,0,3,3,4,4,2,0,0,2,9,30
-9,0,0,7,2,0,0,0,0,0,0,0,17,0,0,4,10,284,0,0,0,0,0,2,3,3,3,2,0,0,2,10,15
-4,0,0,1,1,0,0,0,0,0,0,0,34,0,0,4,10,284,0,0,0,0,0,1,2,2,2,1,0,0,2,9,30
-10,0,0,3,0,0,0,0,0,0,0,0,71,0,0,4,10,284,0,0,0,0,0,1,1,1,1,0,0,0,2,9,45
68,43,5,52,7,0,0,2,0,0,0,12,3,1,0,3,10,283,1,43,4,7,14,1,3,13,9,6,1,0,1,17,15
55,39,8,51,9,0,1,2,0,0,1,3,12,0,0,3,10,283,1,38,5,9,14,5,11,17,13,9,1,0,1,17,0
21,38,7,45,10,0,1,2,0,0,1,14,1,0,0,3,10,283,2,36,4,7,12,5,11,16,13,8,1,0,2,16,15
70,37,6,43,9,0,1,2,0,0,1,6,9,0,0,3,10,283,1,36,5,7,13,5,10,16,13,7,1,0,2,16,0
108,36,5,49,10,0,1,1,0,0,1,4,11,0,0,3,10,283,1,35,4,6,12,5,10,15,13,7,1,0,1,16,45
80,36,6,47,9,0,1,1,0,0,1,11,4,0,0,3,10,283,1,35,6,6,12,7,9,15,12,6,1,0,2,16,30
102,34,5,41,10,0,2,1,0,0,1,1,14,0,0,3,10,283,2,32,3,3,10,7,9,14,13,7,1,0,2,15,45
65,34,5,43,9,0,2,1,0,0,1,8,7,0,0,3,10,283,2,32,3,5,10,6,10,14,12,6,1,0,2,16,0
21,33,5,45,10,0,2,1,0,0,0,5,10,0,0,3,10,283,2,31,2,4,9,6,9,13,12,7,1,0,2,16,15
-19,32,5,49,9,0,2,1,0,0,0,1,14,0,0,3,10,283,1,31,2,5,10,5,8,12,12,7,1,0,1,16,45
58,32,5,47,8,0,2,1,0,0,0,1,14,0,0,3,10,283,1,31,2,5,10,4,7,11,11,6,1,0,2,16,30
89,32,5,40,10,0,2,0,0,0,0,12,3,0,0,3,10,283,3,29,0,3,9,3,6,11,10,6,1,0,2,15,30
62,31,6,41,9,0,2,0,0,0,0,1,14,0,0,3,10,283,2,29,0,5,10,3,6,11,10,5,1,0,2,15,45
35,31,7,38,8,0,2,0,0,0,0,5,10,0,0,3,10,283,2,29,2,6,12,4,6,12,9,4,1,0,1,15,15
67,30,7,35,7,0,2,0,0,0,0,8,7,0,0,3,10,283,1,29,5,6,13,4,6,11,9,4,1,0,2,14,45
64,29,6,33,6,0,2,0,0,0,0,0,15,0,0,3,10,283,0,29,5,7,13,3,5,10,9,4,1,0,1,14,30
97,29,6,29,6,0,1,0,0,0,0,14,1,0,0,3,10,283,0,29,5,7,13,2,4,9,8,3,1,0,1,13,45
66,27,6,36,9,0,0,0,1,0,0,10,5,0,0,3,10,283,2,24,2,6,12,3,6,10,9,3,1,0,2,15,0
3,24,4,38,10,0,0,0,1,0,0,11,4,0,0,3,10,283,1,23,1,5,11,3,7,12,11,3,1,0,1,15,15
61,24,6,36,9,0,0,0,1,0,0,14,1,0,0,3,10,283,1,23,3,7,13,2,6,12,10,3,1,0,2,15,0
32,22,5,30,8,0,1,0,1,0,0,11,4,0,0,3,10,283,0,22,4,7,15,5,5,12,11,4,1,0,2,14,0
68,22,7,33,8,0,2,0,1,0,0,13,2,0,0,3,10,283,2,20,4,7,13,4,6,12,10,4,1,0,1,14,30
66,22,7,27,7,0,2,0,1,0,0,11,4,0,0,3,10,283,2,20,4,7,14,3,5,11,9,3,1,0,1,13,15
26,20,7,31,7,0,2,0,1,0,0,14,1,0,0,3,10,283,1,19,3,7,13,2,7,13,10,5,1,1,2,14,15
51,20,8,31,7,0,2,0,1,0,0,12,3,0,0,3,10,283,2,18,3,6,12,1,6,13,9,5,1,1,2,14,15
94,15,7,25,9,0,2,2,0,0,0,2,13,0,0,3,10,283,1,14,3,7,13,5,7,14,13,8,1,1,1,12,45
36,15,7,28,9,0,2,2,0,0,0,0,15,0,0,3,10,283,2,13,3,6,12,5,6,13,12,7,1,1,1,13,30
58,15,7,23,9,0,1,2,0,0,0,8,7,0,0,3,10,283,2,13,3,7,12,4,6,12,11,7,0,1,1,12,30
43,14,7,26,8,0,1,2,0,0,0,5,10,0,0,3,10,283,1,13,4,7,12,3,6,12,11,6,0,0,1,13,0
112,14,7,21,8,0,1,2,0,0,0,1,14,0,0,3,10,283,2,12,4,6,11,3,7,11,10,6,0,0,2,12,15
66,12,6,19,8,0,0,3,0,0,1,1,14,0,0,3,10,283,2,10,3,6,9,2,7,12,11,8,0,0,2,12,0
70,9,4,19,7,0,1,4,0,0,1,3,12,0,0,3,10,283,1,8,2,5,7,4,7,13,13,9,0,0,2,12,0
102,8,5,21,6,0,1,5,0,0,1,13,2,0,0,3,10,283,1,7,4,6,7,5,7,15,13,9,0,0,2,12,15
25,7,4,23,6,0,1,5,0,0,1,6,9,0,0,3,10,283,1,6,3,5,6,5,6,14,13,9,0,0,1,12,30
58,7,4,12,5,0,1,5,0,0,1,5,10,0,0,3,10,283,1,6,3,5,6,4,6,13,12,8,0,0,2,11,0
8,7,4,16,5,0,1,5,0,0,0,2,13,0,0,3,10,283,1,6,3,5,6,3,5,12,11,7,0,0,1,11,30
20,7,4,14,5,0,0,5,0,0,0,13,2,0,0,3,10,283,1,6,4,5,6,2,4,13,10,6,0,0,2,11,15
66,5,3,18,6,0,0,5,0,0,1,12,3,0,0,3,10,283,2,3,2,2,3,2,7,13,11,7,0,0,2,11,45
130,3,2,9,5,0,0,6,1,0,1,2,13,0,0,3,10,283,2,1,0,1,1,3,9,15,12,6,0,0,1,10,30
52,3,3,14,4,0,0,6,1,0,1,5,10,0,0,3,10,283,2,1,0,1,1,5,8,14,11,6,0,0,2,11,15
60,3,3,12,3,0,0,6,1,0,1,9,6,0,0,3,10,283,2,1,1,1,1,4,9,13,10,6,0,0,2,11,0
54,2,2,16,3,0,0,5,1,0,1,1,14,0,0,3,10,283,1,1,1,1,1,6,9,12,10,5,0,0,1,11,30
66,2,2,4,2,0,0,5,1,0,1,13,2,0,0,3,10,283,1,1,1,1,1,5,8,11,9,4,0,0,2,9,45
19,2,2,6,1,0,0,5,1,0,1,13,2,0,0,3,10,283,1,1,1,1,1,4,7,10,8,3,0,0,1,10,0
98,1,1,11,2,0,0,4,1,0,1,8,7,0,0,3,10,283,1,0,0,0,0,5,8,9,8,3,0,0,2,10,45
62,1,1,9,2,0,0,3,1,0,1,6,9,0,0,3,10,283,1,0,0,0,0,5,7,8,7,3,0,0,1,10,30
119,1,1,4,2,0,0,2,1,0,1,4,11,0,0,3,10,283,1,0,0,0,0,4,6,7,6,2,0,0,2,9,45
18,0,0,8,2,0,0,2,1,0,0,2,13,0,0,3,10,283,0,0,0,0,0,4,6,6,6,1,0,0,2,10,15
75,0,0,2,1,0,0,2,1,0,0,0,15,0,0,3,10,283,0,0,0,0,0,3,5,5,5,1,0,0,2,9,30
67,0,0,6,1,0,0,1,1,0,0,0,8,0,0,3,10,283,0,0,0,0,0,3,4,4,4,1,0,0,1,10,0
16,0,0,0,0,0,0,1,1,0,0,0,20,0,1,3,10,283,0,0,0,0,0,3,3,3,3,0,0,0,1,9,0
17,0,0,2,0,0,0,0,1,0,0,0,31,0,0,3,10,283,0,0,0,0,0,2,2,2,2,0,0,0,2,9,30
23,0,0,1,0,0,0,0,0,0,0,0,42,0,0,3,10,283,0,0,0,0,0,1,1,1,1,0,0,0,2,9,15
78,37,6,45,2,0,1,4,1,0,1,7,8,0,0,6,10,279,2,37,3,5,9,2,6,9,8,4,5,1,1,17,15
85,33,3,41,5,0,1,4,1,0,0,9,6,0,0,6,10,279,1,34,2,3,7,5,6,12,11,4,4,1,2,16,45
55,31,2,41,5,0,1,4,1,0,0,0,15,0,0,6,10,279,0,33,1,4,7,5,6,12,12,5,4,0,2,16,45
187,31,2,31,5,0,1,3,1,0,0,14,1,0,0,6,10,279,0,33,1,4,7,4,5,11,11,4,4,0,2,14,45
0,31,2,46,4,0,1,3,1,0,0,10,5,1,0,6,10,279,0,33,1,4,8,3,4,10,10,3,4,0,1,17,30
70,31,3,43,4,0,0,4,1,0,0,12,3,0,0,6,10,279,1,32,1,4,7,2,4,9,9,3,4,1,1,17,0
52,31,5,40,4,0,0,4,0,0,0,3,12,0,0,6,10,279,1,32,2,4,7,2,3,9,8,3,4,1,2,16,30
19,30,4,38,4,0,0,4,0,0,0,7,8,0,0,6,10,279,1,31,3,4,8,2,6,10,8,2,4,1,1,16,15
38,28,4,43,6,0,0,3,1,0,0,13,2,0,0,6,10,279,2,28,0,3,7,5,6,10,9,4,3,2,1,17,0
40,26,3,32,5,0,0,3,1,0,0,3,12,0,0,6,10,279,0,28,1,3,9,4,6,9,10,4,3,1,1,15,0
96,26,3,35,5,0,0,2,1,0,0,14,1,0,0,6,10,279,0,28,2,3,9,4,5,8,9,4,3,1,1,15,30
35,26,3,37,4,0,0,2,1,0,0,8,7,0,0,6,10,279,0,28,3,4,9,3,4,7,8,4,3,1,2,16,0
35,26,3,38,3,0,0,2,1,0,0,4,11,0,0,6,10,279,0,28,3,5,9,2,3,7,7,3,3,1,1,16,15
79,25,5,36,3,0,0,2,2,0,0,0,15,0,0,6,10,279,1,26,1,5,9,2,4,9,7,4,2,1,1,15,45
65,23,4,30,3,0,0,2,2,0,0,8,7,0,0,6,10,279,0,25,2,6,11,3,4,10,8,5,2,0,1,14,30
55,22,4,29,2,0,1,3,2,0,0,16,14,0,0,6,10,279,1,23,2,4,11,2,4,10,8,5,2,0,1,14,15
88,22,4,34,1,0,1,3,2,0,0,15,15,0,0,6,10,279,1,23,2,4,11,2,3,9,7,5,2,0,1,15,15
21,20,6,32,0,0,1,3,4,0,0,0,15,0,0,6,10,279,1,21,2,7,14,2,6,10,8,5,2,0,1,15,0
89,18,6,25,0,0,1,4,3,0,1,5,10,0,0,6,10,279,1,19,4,6,13,5,7,14,9,6,2,0,1,13,0
98,18,7,27,0,0,1,5,2,0,1,11,4,0,0,6,10,279,2,18,4,7,13,4,6,13,8,5,2,0,1,13,30
63,16,5,23,0,0,1,4,2,0,1,7,8,0,0,6,10,279,0,18,4,7,13,4,5,12,9,6,2,0,1,12,45
31,16,6,28,1,0,1,3,2,0,1,2,13,0,0,6,10,279,1,17,3,7,13,4,5,11,8,5,2,0,1,14,0
52,15,6,23,1,0,1,4,2,0,1,9,6,0,0,6,10,279,2,15,2,6,13,3,5,10,8,5,2,0,1,12,45
80,14,7,20,1,0,1,4,1,0,2,8,7,0,0,6,10,279,2,14,3,7,13,2,6,11,8,6,2,1,1,12,15
39,14,8,22,1,0,1,4,0,0,2,3,12,0,0,6,10,279,2,14,4,8,13,2,6,10,7,6,2,1,2,12,30
40,10,7,18,4,0,2,4,0,0,1,5,10,0,0,6,10,279,2,10,3,5,10,4,7,12,10,8,2,1,2,12,0
33,9,6,17,4,0,1,5,0,0,1,14,1,0,0,6,10,279,2,9,3,5,9,4,6,11,10,8,2,1,2,11,45
53,7,6,18,4,0,1,6,0,0,1,14,1,0,0,6,10,279,2,7,2,6,7,5,6,10,11,8,2,1,2,12,0
55,7,6,26,4,0,1,5,0,0,1,11,4,0,0,6,10,279,2,7,2,6,7,4,5,9,10,7,1,1,1,13,15
45,6,5,12,3,0,1,5,0,0,1,5,10,0,0,6,10,279,1,7,2,6,7,3,5,8,10,8,1,0,2,11,0
44,5,4,14,3,0,1,6,0,0,0,11,4,0,0,6,10,279,1,6,2,5,6,2,4,11,10,7,1,0,1,11,15
13,5,4,20,2,0,1,6,0,0,0,9,6,0,0,6,10,279,1,6,4,5,6,1,3,10,9,6,1,0,1,12,15
84,1,1,14,3,0,1,6,1,0,1,7,8,0,0,6,10,279,1,2,1,2,2,2,5,15,12,8,1,1,1,11,15
36,1,1,12,3,0,0,6,1,0,2,0,5,0,0,6,10,279,1,1,0,1,1,2,4,14,12,8,1,1,2,11,0
40,1,1,2,3,0,0,6,1,0,1,15,15,0,0,6,10,279,1,1,1,1,1,3,9,13,11,7,0,1,2,9,45
49,1,1,8,3,0,0,5,1,0,1,10,5,0,0,6,10,279,1,1,1,1,1,2,10,12,10,6,0,0,2,10,30
66,1,1,6,2,0,0,5,1,0,2,5,10,0,0,6,10,279,1,0,0,0,0,1,9,11,10,7,0,0,2,10,15
38,0,0,5,2,0,0,4,1,0,2,0,11,0,0,6,10,279,0,0,0,0,0,8,10,10,10,7,0,0,2,10,10
56,0,0,1,1,0,0,4,1,0,2,0,12,0,0,6,10,279,0,0,0,0,0,7,9,9,9,6,0,0,1,9,30
60,0,0,3,1,0,0,3,1,0,2,0,14,0,0,6,10,279,0,0,0,0,0,6,8,8,8,6,0,0,1,10,0
59,0,0,8,0,0,0,3,1,0,2,0,15,0,0,6,10,279,0,0,0,0,0,5,7,7,7,6,0,0,2,10,30
9,0,0,0,0,0,0,3,1,0,1,0,22,0,1,6,10,279,0,0,0,0,0,6,6,6,6,5,0,0,1,9,15
38,0,0,3,0,0,0,3,0,0,1,0,24,0,0,6,10,279,0,0,0,0,0,5,5,5,5,4,0,0,1,10,0
27,0,0,16,0,0,0,2,0,0,1,0,32,0,0,6,10,279,0,0,0,0,0,4,4,4,4,3,0,0,1,11,30
-30,0,0,10,0,0,0,2,0,0,0,0,33,0,0,6,10,279,0,0,0,0,0,3,3,3,3,3,0,0,2,10,45
-67,0,0,10,0,0,0,1,0,0,0,0,45,0,0,6,10,279,0,0,0,0,0,2,2,2,2,2,0,0,2,10,45
50,0,0,6,0,0,0,0,0,0,0,0,49,0,0,6,10,279,0,0,0,0,0,1,1,1,1,1,0,0,2,10,15
19,29,7,45,5,0,0,1,0,0,0,0,15,1,0,5,10,278,1,39,5,9,12,3,7,14,6,4,5,1,1,17,30
-5,29,7,44,4,0,0,1,0,0,0,14,1,0,0,5,10,278,1,39,6,9,12,2,7,13,5,4,5,1,1,17,15
63,26,4,39,4,0,1,1,0,0,2,6,9,0,0,5,10,278,2,35,5,5,11,5,9,13,7,6,5,1,2,16,30
12,25,4,34,5,0,0,2,0,0,2,13,2,0,0,5,10,278,2,33,3,5,10,6,10,13,8,6,4,2,2,16,0
-2,25,4,43,5,0,0,1,0,0,2,11,4,0,0,5,10,278,1,33,3,5,11,5,10,12,8,7,4,1,1,17,0
22,23,3,34,5,0,0,1,0,0,2,10,5,0,0,5,10,278,0,32,2,4,12,6,9,12,9,7,4,1,2,16,0
13,23,3,37,4,0,0,2,0,0,2,8,7,0,0,5,10,278,1,31,1,3,12,5,8,11,8,6,4,1,2,16,15
22,22,2,41,4,0,0,2,0,0,2,0,15,0,0,5,10,278,0,30,2,3,11,6,7,10,9,6,4,1,1,16,45
11,22,2,41,3,0,0,2,0,0,2,14,1,0,0,5,10,278,0,30,2,3,11,5,6,9,8,5,4,1,1,16,45
-30,22,3,39,3,0,0,2,0,0,1,7,8,0,0,5,10,278,0,30,2,4,11,5,5,9,7,4,4,1,2,16,30
-19,22,4,37,2,0,0,2,0,0,1,13,2,0,0,5,10,278,0,30,2,6,11,4,5,9,6,3,4,1,2,16,15
15,22,4,30,3,0,0,3,0,0,0,2,13,0,0,5,10,278,2,28,1,4,9,3,4,9,5,2,4,1,2,15,30
3,22,4,32,3,0,0,2,0,0,0,1,14,0,0,5,10,278,2,28,1,4,9,2,3,8,4,1,3,1,3,15,45
62,21,4,27,2,0,0,2,0,0,0,11,4,0,0,5,10,278,1,28,2,6,9,1,3,8,4,1,3,1,1,15,0
16,19,5,29,4,0,0,2,0,0,0,20,10,0,0,5,10,278,1,25,3,6,9,3,5,10,6,3,3,1,2,15,15
-24,18,4,34,3,0,0,3,0,0,0,0,30,0,0,5,10,278,1,24,5,5,13,2,5,10,6,3,2,1,2,16,0
17,17,3,24,3,0,1,3,0,0,0,21,9,0,0,5,10,278,2,22,3,3,12,3,6,10,6,4,2,0,1,14,0
30,15,3,25,3,0,1,4,0,0,1,10,5,0,0,5,10,278,2,19,0,2,13,4,7,15,8,5,2,0,1,14,30
-116,14,2,30,3,0,1,4,0,0,0,6,9,0,0,5,10,278,1,19,0,3,13,4,6,14,8,5,2,0,2,15,30
-36,14,2,27,2,0,1,4,0,0,0,4,11,0,0,5,10,278,1,19,2,8,14,4,6,15,7,4,2,0,1,15,0
1,14,2,26,2,0,1,3,0,0,0,0,15,0,0,5,10,278,1,19,2,8,16,4,5,16,6,4,2,0,2,14,45
28,14,3,21,1,0,1,3,0,0,0,6,9,0,0,5,10,278,0,19,3,9,16,3,5,15,6,3,2,0,1,13,15
57,14,4,18,2,0,0,3,0,0,0,9,6,0,0,5,10,278,1,18,5,9,16,2,9,15,5,3,2,2,1,12,45
29,12,4,23,3,0,0,2,0,0,0,3,12,0,0,5,10,278,0,17,6,10,15,2,8,14,6,4,2,2,1,13,30
84,12,7,13,7,0,1,2,0,0,0,7,8,0,0,5,10,278,3,11,2,6,11,7,9,17,8,5,2,2,1,12,0
-17,11,7,16,6,0,1,2,0,0,0,9,6,0,0,5,10,278,1,11,5,8,11,7,11,18,9,5,2,2,2,12,30
-10,10,7,16,7,0,0,2,0,0,0,4,11,0,0,5,10,278,1,10,5,7,10,6,10,17,9,4,1,2,2,12,30
100,10,7,18,7,0,0,1,0,0,0,2,13,0,0,5,10,278,1,10,5,7,10,5,9,17,8,4,1,1,1,12,45
-50,10,7,20,6,0,0,1,0,0,0,1,14,0,0,5,10,278,1,10,5,7,10,4,8,16,7,3,1,1,2,13,0
-18,10,7,21,7,0,0,0,0,0,0,11,4,0,0,5,10,278,2,9,4,7,9,3,7,15,6,2,0,1,1,13,15
49,10,7,12,6,0,0,0,0,0,0,11,4,0,0,5,10,278,2,9,4,7,9,2,6,14,5,2,0,0,2,11,45
-3,8,6,13,7,0,0,0,0,0,0,1,14,0,0,5,10,278,2,7,4,5,7,5,6,14,6,1,0,0,1,12,0
20,5,5,9,8,0,0,0,0,0,0,9,6,0,0,5,10,278,1,5,3,5,5,5,9,14,8,3,0,0,2,11,15
29,5,5,7,7,0,0,0,0,0,0,7,8,0,0,5,10,278,1,5,3,5,5,4,8,13,7,3,0,0,1,11,0
21,5,5,15,6,0,0,0,0,0,0,4,11,0,0,5,10,278,1,5,3,5,5,3,7,12,6,3,0,0,2,12,15
19,4,4,10,5,0,0,0,0,0,0,2,13,0,0,5,10,278,0,5,3,5,5,2,6,11,6,3,0,0,1,11,30
28,2,2,10,5,0,2,0,0,0,0,9,6,0,0,5,10,278,0,2,2,2,2,5,8,10,8,5,0,0,1,11,30
-294,2,2,32,6,0,1,0,0,0,0,5,10,0,0,5,10,278,1,1,1,1,1,6,8,9,7,5,0,0,3,15,45
24,1,1,3,6,0,0,0,0,0,0,4,11,0,0,5,10,278,0,1,1,1,1,5,7,8,7,5,0,0,1,10,15
59,0,0,3,5,0,0,1,0,0,0,10,5,0,0,5,10,278,0,0,0,0,0,5,7,7,7,5,0,0,1,10,15
51,0,0,5,4,0,0,1,0,0,0,10,5,0,0,5,10,278,0,0,0,0,0,4,6,6,6,4,0,0,1,10,30
63,0,0,1,3,0,0,1,0,0,0,14,1,0,0,5,10,278,0,0,0,0,0,4,5,5,5,3,0,0,2,10,0
36,0,0,7,2,0,0,1,0,0,0,11,4,0,0,5,10,278,0,0,0,0,0,3,4,4,4,2,0,0,1,11,0
34,0,0,0,1,0,0,1,0,0,0,3,12,0,1,5,10,278,0,0,0,0,0,2,3,3,3,2,0,0,2,9,45
6,0,0,6,0,0,0,1,0,0,0,0,9,0,0,5,10,278,0,0,0,0,0,2,2,2,2,1,0,0,2,10,45
18,0,0,1,0,0,0,0,0,0,0,0,34,0,0,5,10,278,0,0,0,0,0,1,1,1,1,1,0,0,2,10,0
13,36,3,49,0,0,0,0,0,0,0,11,0,1,0,4,10,277,0,49,2,4,10,1,1,4,1,0,6,1,1,17,30
32,33,5,47,2,0,0,1,0,0,0,4,11,0,0,4,10,277,1,45,5,6,12,3,3,8,3,1,6,0,1,16,45
20,33,5,48,2,0,0,2,0,0,0,9,6,0,0,4,10,277,2,43,3,6,11,2,4,8,3,2,6,2,1,17,0
87,32,5,38,2,0,0,2,0,0,0,0,15,0,0,4,10,277,2,42,3,6,11,1,3,7,3,3,6,2,3,15,30
26,28,4,40,2,0,1,2,1,0,0,1,14,0,0,4,10,277,1,39,4,6,14,3,5,10,6,5,5,2,2,15,45
24,28,4,43,2,0,1,1,2,0,0,10,5,0,0,4,10,277,1,38,4,6,13,3,5,10,6,5,4,1,1,16,0
-46,27,3,45,3,0,1,2,1,0,0,12,3,0,0,4,10,277,2,36,2,5,12,3,4,11,6,5,4,0,1,16,15
-1,26,5,46,4,0,1,2,1,0,0,13,2,0,0,4,10,277,2,34,1,6,12,3,5,13,7,4,4,1,1,16,30
23,25,4,38,4,0,0,2,1,0,0,3,12,0,0,4,10,277,1,34,2,7,14,2,4,14,7,4,4,1,3,15,30
1,24,3,35,3,0,0,3,1,0,0,14,1,0,0,4,10,277,1,33,5,8,14,3,5,13,7,4,4,1,1,15,0
55,24,5,35,3,0,0,4,1,0,0,41,4,0,0,4,10,277,2,31,6,7,14,3,7,13,7,4,4,2,1,15,0
38,22,4,33,4,0,0,4,1,0,0,35,10,0,0,4,10,277,2,29,4,7,12,2,6,12,8,4,3,2,2,14,45
26,21,5,31,4,0,0,5,2,0,0,16,29,0,0,4,10,277,1,26,2,6,12,5,10,13,11,5,3,3,2,14,30
67,21,6,25,5,0,0,4,2,0,0,1,44,0,0,4,10,277,2,25,3,6,13,4,9,13,10,4,3,3,1,13,0
14,21,6,43,4,0,0,4,2,0,0,13,2,0,0,4,10,277,2,25,3,6,14,6,8,12,9,3,3,3,1,16,0
-33,20,6,40,4,0,1,4,1,0,0,10,5,0,0,4,10,277,2,24,2,5,13,5,7,11,9,4,3,3,2,15,45
13,20,6,31,4,0,1,3,1,0,0,9,6,0,0,4,10,277,2,24,3,5,13,4,6,10,8,4,2,3,2,14,30
-20,18,6,29,5,0,2,2,1,0,0,1,14,0,0,4,10,277,2,22,3,7,14,5,6,13,9,4,1,2,2,14,15
39,18,6,28,4,0,2,2,1,0,0,0,15,0,0,4,10,277,2,22,3,7,14,4,5,13,8,3,1,1,2,13,30
-105,17,5,40,3,0,2,2,1,0,0,14,1,0,0,4,10,277,1,22,3,7,14,3,4,12,8,4,1,1,2,15,45
-49,16,5,37,4,0,2,1,1,0,0,8,7,0,0,4,10,277,1,21,2,6,14,3,4,15,8,4,0,1,2,15,15
-57,16,5,33,4,0,2,1,1,0,0,7,8,0,0,4,10,277,2,20,1,5,13,2,3,14,7,4,0,0,2,14,45
43,14,5,20,5,0,1,1,1,0,0,9,6,0,0,4,10,277,1,19,4,8,14,2,4,14,8,5,0,0,1,12,15
37,12,6,23,7,0,2,2,0,0,0,11,4,0,0,4,10,277,1,15,4,7,12,3,10,17,11,5,0,0,2,12,45
47,11,5,27,8,0,2,1,0,0,0,3,12,0,0,4,10,277,1,14,3,7,12,3,11,16,11,5,0,0,1,13,15
135,10,6,10,7,0,4,1,0,0,0,5,10,0,0,4,10,277,1,12,3,7,10,4,10,17,12,6,0,0,2,10,45
41,9,6,22,8,0,3,1,0,0,0,4,11,0,0,4,10,277,1,11,4,7,9,9,11,20,12,6,0,0,2,12,30
9,8,5,16,8,0,2,1,0,0,0,2,13,0,0,4,10,277,0,11,5,7,10,8,10,19,12,6,0,0,1,11,30
-63,8,5,25,8,0,2,1,0,0,0,13,2,0,0,4,10,277,0,10,4,7,9,7,11,18,12,6,0,0,1,13,0
87,8,6,12,9,0,2,1,0,0,0,1,14,0,0,4,10,277,2,8,3,5,8,6,11,17,11,6,0,0,2,11,0
-33,8,6,20,8,0,2,1,0,0,0,0,15,0,0,4,10,277,2,8,3,5,8,5,10,16,10,5,0,0,1,12,15
-122,7,6,29,7,0,2,1,0,0,0,13,2,0,0,4,10,277,1,8,3,5,8,5,9,15,10,6,0,0,2,14,15
42,7,6,23,6,0,2,1,0,0,0,12,3,0,0,4,10,277,1,8,3,5,8,4,8,14,9,5,0,0,2,12,45
37,6,5,18,6,0,2,1,0,0,0,10,5,0,0,4,10,277,1,7,2,4,7,3,7,13,9,4,0,0,1,11,45
46,6,5,19,5,0,2,1,0,0,0,10,5,0,0,4,10,277,1,7,2,4,7,2,6,12,8,4,0,0,2,12,0
-1,3,2,14,6,0,1,1,0,0,1,14,1,0,0,4,10,277,0,5,2,3,5,5,9,13,10,5,0,0,2,11,15
14,3,2,8,6,0,1,1,0,0,0,9,6,0,0,4,10,277,0,5,2,3,5,4,10,13,9,4,0,0,2,10,30
11,3,3,10,5,0,2,1,0,0,0,1,14,0,0,4,10,277,1,4,2,3,4,4,9,12,8,4,0,0,2,10,45
33,3,3,16,6,0,2,0,0,0,0,14,1,0,0,4,10,277,2,3,1,2,3,4,8,11,7,4,0,0,1,11,30
18,3,3,12,5,0,2,0,0,0,0,9,6,0,0,4,10,277,2,3,1,2,3,3,7,10,6,4,0,0,2,11,0
10,1,1,14,5,0,2,0,0,0,0,2,13,0,0,4,10,277,1,2,1,2,2,6,7,10,7,5,0,0,2,11,15
99,1,1,7,4,0,2,0,0,0,0,14,1,0,0,4,10,277,1,2,1,2,2,5,7,9,6,4,0,0,2,10,15
59,1,1,4,3,0,2,0,0,0,0,3,12,0,0,4,10,277,1,2,2,2,2,4,6,8,5,4,0,0,1,9,45
31,1,1,6,2,0,2,0,0,0,0,1,14,0,0,4,10,277,1,2,2,2,2,3,5,7,4,3,0,0,1,10,0
88,1,1,2,1,0,2,0,0,0,0,13,2,0,0,4,10,277,1,2,2,2,2,2,4,6,3,3,0,0,2,9,30
21,1,1,4,1,0,1,0,0,0,0,11,4,0,0,4,10,277,1,2,2,2,2,1,4,5,2,2,0,0,1,9,45
28,0,0,2,1,0,1,0,0,0,1,0,11,0,0,4,10,277,0,0,0,0,0,3,4,4,4,3,0,0,2,9,30
22,0,0,0,1,0,0,0,0,0,1,0,15,0,1,4,10,277,0,0,0,0,0,2,3,3,3,2,0,0,1,9,0
-15,0,0,1,0,0,0,0,0,0,1,0,33,0,0,4,10,277,0,0,0,0,0,2,2,2,2,1,0,0,2,9,15
-73,0,0,8,0,0,0,0,0,0,0,0,58,0,0,4,10,277,0,0,0,0,0,1,1,1,1,1,0,0,2,10,30
19,39,5,53,2,0,1,1,0,0,0,7,23,0,0,3,10,276,2,51,3,6,10,2,6,9,3,1,7,2,1,17,30
17,37,4,52,3,0,3,0,0,0,0,10,5,0,0,3,10,276,2,48,3,5,10,5,7,11,5,1,7,2,1,17,15
-49,35,3,55,3,0,2,0,0,0,1,14,1,1,0,3,10,276,1,47,3,5,10,6,6,11,6,2,6,2,1,18,15
59,34,3,45,4,0,2,0,0,0,1,4,11,0,0,3,10,276,2,45,2,4,9,5,6,11,6,2,6,1,1,16,30
9,34,3,49,4,0,1,0,0,0,1,1,14,0,0,3,10,276,2,45,2,4,9,4,5,10,5,2,6,1,1,17,0
63,34,3,49,4,0,0,0,0,0,1,14,1,0,0,3,10,276,2,45,2,4,10,3,4,9,4,1,5,1,1,17,0
95,34,4,43,3,0,0,0,0,0,1,5,10,0,0,3,10,276,2,45,2,4,10,2,3,9,3,1,5,0,3,16,15
22,34,4,45,3,0,0,0,0,0,0,3,12,0,0,3,10,276,2,45,2,5,10,1,2,8,2,0,5,0,1,16,30
-15,32,5,48,3,0,1,2,0,0,0,23,7,0,0,3,10,276,2,41,2,5,11,2,6,9,5,1,5,1,3,16,45
30,30,3,45,4,0,1,2,0,0,0,2,28,0,0,3,10,276,2,39,2,5,12,4,7,12,6,2,5,2,1,16,30
11,29,4,39,4,0,1,1,0,0,0,1,14,0,0,3,10,276,1,39,3,7,13,4,6,12,6,3,4,2,2,15,30
10,28,3,41,3,0,1,1,0,0,0,12,3,0,0,3,10,276,0,39,4,8,15,3,5,12,6,2,4,1,2,16,0
37,28,4,37,4,0,2,0,0,0,0,5,10,0,0,3,10,276,2,37,2,7,13,3,4,11,5,1,4,1,2,15,15
18,27,3,43,4,0,2,0,0,0,0,9,6,0,0,3,10,276,1,36,3,6,14,3,4,11,6,2,4,1,3,16,15
-64,27,3,49,5,0,1,0,0,0,0,8,7,0,0,3,10,276,1,35,5,7,14,2,5,12,6,3,3,2,1,17,0
13,27,3,35,5,0,1,0,0,0,0,2,13,0,0,3,10,276,1,34,4,7,14,2,6,11,6,3,3,1,2,15,0
14,24,3,30,6,0,1,2,0,0,0,4,11,0,0,3,10,276,1,30,3,6,14,4,7,12,9,5,3,1,2,14,15
-8,24,5,32,5,0,1,2,0,0,0,20,10,0,0,3,10,276,0,30,4,8,15,4,8,12,9,5,3,1,1,14,30
-175,24,5,54,5,0,0,2,0,0,0,19,11,0,0,3,10,276,0,30,4,8,15,3,7,12,8,5,2,1,1,18,0
-26,24,6,35,5,0,0,3,0,0,0,7,23,0,0,3,10,276,1,27,4,7,16,4,7,11,8,5,2,0,2,15,0
46,24,6,32,5,0,0,3,0,0,0,3,27,0,0,3,10,276,1,27,3,7,15,3,6,10,8,6,2,0,1,14,30
-29,22,6,37,5,0,0,3,0,0,0,2,13,0,0,3,10,276,0,26,4,8,16,5,6,12,9,6,2,0,2,15,15
64,22,6,27,5,0,0,2,0,0,0,1,14,0,0,3,10,276,0,26,5,8,16,4,5,12,8,5,2,0,1,13,15
37,20,6,28,5,0,1,1,0,0,1,14,1,0,0,3,10,276,0,24,5,8,15,3,6,17,9,6,2,0,1,13,30
-89,20,6,39,6,0,1,1,0,0,1,9,6,0,0,3,10,276,2,22,3,7,14,3,5,17,8,5,2,0,2,15,30
39,19,5,30,5,0,1,1,0,0,1,3,12,0,0,3,10,276,1,22,4,7,14,2,5,17,8,6,2,0,2,14,15
-22,18,7,29,6,0,1,2,0,0,1,12,3,0,0,3,10,276,2,19,3,7,12,3,5,18,9,7,2,1,2,14,0
5,16,5,26,6,0,3,2,0,0,0,13,2,0,0,3,10,276,2,17,3,7,12,3,7,18,10,6,2,1,1,13,0
47,14,5,24,5,0,3,3,0,0,0,3,12,0,0,3,10,276,1,16,4,7,13,2,10,17,11,7,2,2,1,12,45
35,14,5,24,5,0,3,3,0,0,0,4,11,0,0,3,10,276,2,15,5,7,12,4,13,18,10,6,2,2,1,12,45
42,11,4,15,8,0,2,3,0,0,0,3,12,0,0,3,10,276,2,12,3,5,11,9,14,19,12,6,1,2,1,11,30
45,11,5,21,8,0,1,3,0,0,0,12,3,0,0,3,10,276,1,12,4,5,11,10,13,18,12,5,1,1,2,12,15
19,11,5,18,8,0,0,3,0,0,0,12,3,0,0,3,10,276,0,12,4,5,11,9,12,18,12,4,1,1,2,11,45
24,11,5,22,8,0,0,4,0,0,0,1,14,0,0,3,10,276,2,10,2,5,10,9,12,18,11,3,1,1,2,12,30
-117,10,5,34,7,0,0,4,0,0,0,12,3,0,0,3,10,276,1,10,3,5,10,9,11,17,11,3,1,1,2,14,45
42,10,5,19,7,0,0,3,0,0,0,10,5,0,0,3,10,276,1,10,3,5,10,8,10,16,10,3,1,1,1,12,0
124,9,4,8,6,0,0,4,0,0,0,5,10,0,0,3,10,276,1,9,2,5,9,8,9,15,10,2,1,1,1,10,15
-145,9,4,41,6,0,0,3,0,0,0,4,11,0,0,3,10,276,1,9,2,5,9,7,8,14,9,2,0,1,2,16,0
25,9,4,14,5,0,0,3,0,0,0,3,12,0,0,3,10,276,1,9,2,6,9,6,7,13,8,1,0,0,3,11,15
13,9,4,12,4,0,0,3,0,0,0,2,13,0,0,3,10,276,1,9,2,6,9,5,6,12,7,1,0,0,1,11,0
-60,9,4,22,3,0,0,3,0,0,0,13,2,0,0,3,10,276,1,9,2,6,9,4,5,12,6,0,0,0,2,12,30
26,9,5,19,2,0,0,4,0,0,0,6,9,0,0,3,10,276,2,8,2,5,8,4,5,11,5,0,0,0,1,12,0
10,8,4,15,2,0,0,3,0,0,0,0,15,0,0,3,10,276,1,8,3,6,8,3,7,10,5,1,0,0,1,11,30
62,7,4,11,1,0,0,4,0,0,0,9,6,0,0,3,10,276,1,7,2,5,7,2,6,10,5,2,0,0,2,10,45
-3,6,5,15,0,0,0,5,0,0,0,7,8,0,0,3,10,276,1,6,3,5,6,2,7,11,5,3,0,0,1,11,30
48,5,5,6,1,0,0,5,0,0,1,10,5,0,0,3,10,276,2,3,2,3,3,5,7,11,6,3,0,0,2,10,0
8,4,4,12,1,0,0,4,0,0,1,6,9,0,0,3,10,276,1,3,2,3,3,5,6,10,6,2,0,0,1,11,0
41,4,4,6,2,0,0,3,0,0,1,3,12,0,0,3,10,276,2,2,2,2,2,4,5,9,5,2,0,0,2,10,0
-4,4,4,8,2,0,0,3,0,0,0,2,13,0,0,3,10,276,2,2,2,2,2,3,4,8,4,1,0,0,1,10,15
1,1,1,10,3,0,0,2,0,0,0,12,3,0,0,3,10,276,0,1,1,1,1,3,6,7,6,2,0,0,1,10,30
30,1,1,4,3,0,0,1,0,0,0,9,6,0,0,3,10,276,0,1,1,1,1,2,5,6,5,1,0,0,2,9,45
38,0,0,0,3,0,0,1,0,0,0,0,1,0,1,3,10,276,0,0,0,0,0,4,5,5,5,2,0,0,1,9,0
8,0,0,4,3,0,0,0,0,0,0,0,20,0,0,3,10,276,0,0,0,0,0,4,4,4,4,2,0,0,2,9,45
12,0,0,2,2,0,0,0,0,0,0,0,22,0,0,3,10,276,0,0,0,0,0,3,3,3,3,2,0,0,2,9,30
2,0,0,1,1,0,0,0,0,0,0,0,29,0,0,3,10,276,0,0,0,0,0,2,2,2,2,1,0,0,2,9,15
2,0,0,2,0,0,0,0,0,0,0,0,48,0,0,3,10,276,0,0,0,0,0,1,1,1,1,0,0,0,2,9,30
>>>>>>> 1b4e93ee8e8347f5bd5755ee1a8ec13012d2dd42
